Time,Price,Volume,Turnover,AccVolume,AccTurnover,Open,High,Low,PreClose
92517000,3456.6065,53616000,653230100,53616000,653230100,3456.6065,3456.6065,3456.6065,3449.3773
93001000,3456.9699,8870000,104477200,62486000,757707300,3456.6065,3456.9699,3456.6065,3449.3773
93006000,3458.6373,37133600,433019100,99619600,1190726400,3456.6065,3458.6373,3456.6065,3449.3773
93010000,3460.0279,16774700,230589900,116394300,1421316300,3456.6065,3460.0279,3456.6065,3449.3773
93016000,3460.9371,6067200,87529600,122461500,1508845900,3456.6065,3460.9371,3456.6065,3449.3773
93021000,3461.7297,4002000,48203600,126463500,1557049500,3456.6065,3461.7297,3456.6065,3449.3773
93025000,3462.2627,6295400,83898100,132758900,1640947600,3456.6065,3462.2627,3456.6065,3449.3773
93031000,3463.4417,6708100,87139300,139467000,1728086900,3456.6065,3463.4417,3456.6065,3449.3773
93036000,3463.7909,5691400,66172800,145158400,1794259700,3456.6065,3463.8583,3456.6065,3449.3773
93040000,3463.3917,7141700,91518000,152300100,1885777700,3456.6065,3463.8583,3456.6065,3449.3773
93046000,3463.7104,6384400,95672700,158684500,1981450400,3456.6065,3463.8583,3456.6065,3449.3773
93051000,3463.7165,4602800,61998800,163287300,2043449200,3456.6065,3463.8583,3456.6065,3449.3773
93055000,3463.7056,6128600,86102200,169415900,2129551400,3456.6065,3464.101,3456.6065,3449.3773
93101000,3462.7568,6730900,80743200,176146800,2210294600,3456.6065,3464.101,3456.6065,3449.3773
93106000,3462.692,3690000,51251800,179836800,2261546400,3456.6065,3464.101,3456.6065,3449.3773
93110000,3462.1756,9215700,102038800,189052500,2363585200,3456.6065,3464.101,3456.6065,3449.3773
93116000,3461.6349,6053600,84014500,195106100,2447599700,3456.6065,3464.101,3456.6065,3449.3773
93121000,3461.2936,4291900,48486900,199398000,2496086600,3456.6065,3464.101,3456.6065,3449.3773
93126000,3460.8135,9098400,109226500,208496400,2605313100,3456.6065,3464.101,3456.6065,3449.3773
93131000,3459.9174,7240200,82428200,215736600,2687741300,3456.6065,3464.101,3456.6065,3449.3773
93136000,3459.4243,5011800,60163000,220748400,2747904300,3456.6065,3464.101,3456.6065,3449.3773
93140000,3458.7888,6074000,82944300,226822400,2830848600,3456.6065,3464.101,3456.6065,3449.3773
93146000,3457.521,8336900,98127000,235159300,2928975600,3456.6065,3464.101,3456.6065,3449.3773
93151000,3457.4451,5249900,74741600,240409200,3003717200,3456.6065,3464.101,3456.6065,3449.3773
93155000,3456.2066,7511500,95231500,247920700,3098948700,3456.6065,3464.101,3456.2066,3449.3773
93201000,3456.3293,8280000,103717500,256200700,3202666200,3456.6065,3464.101,3456.0003,3449.3773
93206000,3455.8989,4533600,50808300,260734300,3253474500,3456.6065,3464.101,3455.7304,3449.3773
93210000,3455.665,8225600,92855100,268959900,3346329600,3456.6065,3464.101,3455.5217,3449.3773
93216000,3455.008,6906100,88922800,275866000,3435252400,3456.6065,3464.101,3454.8346,3449.3773
93221000,3455.3301,3529100,50099600,279395100,3485352000,3456.6065,3464.101,3454.8346,3449.3773
93225000,3455.048,4800200,73490000,284195300,3558842000,3456.6065,3464.101,3454.8346,3449.3773
93231000,3455.5319,5407600,86969000,289602900,3645811000,3456.6065,3464.101,3454.8346,3449.3773
93236000,3455.5855,3656300,51593900,293259200,3697404900,3456.6065,3464.101,3454.8346,3449.3773
93241000,3456.6154,7542000,93753100,300801200,3791158000,3456.6065,3464.101,3454.8346,3449.3773
93246000,3456.3793,5648400,85211400,306449600,3876369400,3456.6065,3464.101,3454.8346,3449.3773
93251000,3456.4974,2658700,48578300,309108300,3924947700,3456.6065,3464.101,3454.8346,3449.3773
93255000,3456.474,5401200,73583500,314509500,3998531200,3456.6065,3464.101,3454.8346,3449.3773
93301000,3456.6114,4711800,68834800,319221300,4067366000,3456.6065,3464.101,3454.8346,3449.3773
93306000,3456.4855,3208300,38541000,322429600,4105907000,3456.6065,3464.101,3454.8346,3449.3773
93312000,3456.4673,4587200,79752600,327016800,4185659600,3456.6065,3464.101,3454.8346,3449.3773
93316000,3456.7493,4872400,76982500,331889200,4262642100,3456.6065,3464.101,3454.8346,3449.3773
93322000,3456.9828,6109800,82837800,337999000,4345479900,3456.6065,3464.101,3454.8346,3449.3773
93327000,3456.4521,2357700,35727200,340356700,4381207100,3456.6065,3464.101,3454.8346,3449.3773
93332000,3456.4792,5277200,73252400,345633900,4454459500,3456.6065,3464.101,3454.8346,3449.3773
93337000,3456.6099,6856200,77082000,352490100,4531541500,3456.6065,3464.101,3454.8346,3449.3773
93342000,3456.5938,2450100,36482300,354940200,4568023800,3456.6065,3464.101,3454.8346,3449.3773
93347000,3457.7287,3883600,61533800,358823800,4629557600,3456.6065,3464.101,3454.8346,3449.3773
93352000,3457.4633,4501900,61469800,363325700,4691027400,3456.6065,3464.101,3454.8346,3449.3773
93357000,3457.6327,3300000,50891200,366625700,4741918600,3456.6065,3464.101,3454.8346,3449.3773
93401000,3457.7629,5447300,84182900,372073000,4826101500,3456.6065,3464.101,3454.8346,3449.3773
93407000,3457.7452,8199400,93434500,380272400,4919536000,3456.6065,3464.101,3454.8346,3449.3773
93412000,3457.239,4185700,57824000,384458100,4977360000,3456.6065,3464.101,3454.8346,3449.3773
93416000,3457.1459,4061100,67684400,388519200,5045044400,3456.6065,3464.101,3454.8346,3449.3773
93422000,3457.552,4780300,67963800,393299500,5113008200,3456.6065,3464.101,3454.8346,3449.3773
93427000,3457.5404,3686800,51167500,396986300,5164175700,3456.6065,3464.101,3454.8346,3449.3773
93432000,3457.5187,4786300,65566700,401772600,5229742400,3456.6065,3464.101,3454.8346,3449.3773
93437000,3457.5573,5120500,70812000,406893100,5300554400,3456.6065,3464.101,3454.8346,3449.3773
93442000,3457.321,2098000,32140800,408991100,5332695200,3456.6065,3464.101,3454.8346,3449.3773
93446000,3457.1696,4240400,72717000,413231500,5405412200,3456.6065,3464.101,3454.8346,3449.3773
93452000,3457.3392,4942500,74541000,418174000,5479953200,3456.6065,3464.101,3454.8346,3449.3773
93457000,3457.1916,2903300,36461600,421077300,5516414800,3456.6065,3464.101,3454.8346,3449.3773
93501000,3457.0677,3836100,65878100,424913400,5582292900,3456.6065,3464.101,3454.8346,3449.3773
93507000,3456.8102,5186800,83498700,430100200,5665791600,3456.6065,3464.101,3454.8346,3449.3773
93512000,3456.8757,3141900,38087300,433242100,5703878900,3456.6065,3464.101,3454.8346,3449.3773
93516000,3456.8126,4498200,71708900,437740300,5775587800,3456.6065,3464.101,3454.8346,3449.3773
93522000,3456.6471,3803400,64027600,441543700,5839615400,3456.6065,3464.101,3454.8346,3449.3773
93527000,3456.6334,2643600,40085400,444187300,5879700800,3456.6065,3464.101,3454.8346,3449.3773
93531000,3456.4361,4379200,70470600,448566500,5950171400,3456.6065,3464.101,3454.8346,3449.3773
93537000,3456.0414,4127100,58178100,452693600,6008349500,3456.6065,3464.101,3454.8346,3449.3773
93542000,3455.8957,2179100,35110900,454872700,6043460400,3456.6065,3464.101,3454.8346,3449.3773
93546000,3456.3078,4111000,63256500,458983700,6106716900,3456.6065,3464.101,3454.8346,3449.3773
93552000,3456.055,3600500,57344300,462584200,6164061200,3456.6065,3464.101,3454.8346,3449.3773
93557000,3456.286,1850000,31886700,464434200,6195947900,3456.6065,3464.101,3454.8346,3449.3773
93601000,3457.083,5576200,85258000,470010400,6281205900,3456.6065,3464.101,3454.8346,3449.3773
93607000,3456.9617,5215700,72333100,475226100,6353539000,3456.6065,3464.101,3454.8346,3449.3773
93612000,3458.4658,3552000,56029500,478778100,6409568500,3456.6065,3464.101,3454.8346,3449.3773
93616000,3460.0098,10360100,139972400,489138200,6549540900,3456.6065,3464.101,3454.8346,3449.3773
93622000,3461.9043,9530700,147928100,498668900,6697469000,3456.6065,3464.101,3454.8346,3449.3773
93627000,3462.3517,3990500,58920800,502659400,6756389800,3456.6065,3464.101,3454.8346,3449.3773
93631000,3464.0035,8418900,121132400,511078300,6877522200,3456.6065,3464.101,3454.8346,3449.3773
93637000,3464.82,6197200,110529100,517275500,6988051300,3456.6065,3464.82,3454.8346,3449.3773
93642000,3466.1152,3762000,56411000,521037500,7044462300,3456.6065,3466.2088,3454.8346,3449.3773
93646000,3466.8523,5261800,82908200,526299300,7127370500,3456.6065,3466.8523,3454.8346,3449.3773
93652000,3467.6979,7737500,89640400,534036800,7217010900,3456.6065,3467.6979,3454.8346,3449.3773
93657000,3468.1197,3533400,46661600,537570200,7263672500,3456.6065,3468.1197,3454.8346,3449.3773
93701000,3468.4715,6201400,88168300,543771600,7351840800,3456.6065,3468.4715,3454.8346,3449.3773
93707000,3469.3896,8269300,106252800,552040900,7458093600,3456.6065,3469.419,3454.8346,3449.3773
93712000,3469.4836,5217100,54804900,557258000,7512898500,3456.6065,3469.5184,3454.8346,3449.3773
93716000,3469.9061,5268800,76796300,562526800,7589694800,3456.6065,3469.9061,3454.8346,3449.3773
93723000,3470.1492,5983900,86052600,568510700,7675747400,3456.6065,3470.3725,3454.8346,3449.3773
93728000,3470.8999,5976600,85109600,574487300,7760857000,3456.6065,3470.8999,3454.8346,3449.3773
93733000,3471.1307,3366800,52132500,577854100,7812989500,3456.6065,3471.1307,3454.8346,3449.3773
93737000,3470.9254,6712200,90070200,584566300,7903059700,3456.6065,3471.1307,3454.8346,3449.3773
93743000,3471.238,7506800,89934600,592073100,7992994300,3456.6065,3471.306,3454.8346,3449.3773
93748000,3471.5772,4234900,40151300,596308000,8033145600,3456.6065,3471.6041,3454.8346,3449.3773
93752000,3471.5735,6704600,81308400,603012600,8114454000,3456.6065,3471.6041,3454.8346,3449.3773
93758000,3472.1917,7595200,86459300,610607800,8200913300,3456.6065,3472.1917,3454.8346,3449.3773
93803000,3472.1674,3231600,42768000,613839400,8243681300,3456.6065,3472.3174,3454.8346,3449.3773
93808000,3473.0276,6921200,92438300,620760600,8336119600,3456.6065,3473.0276,3454.8346,3449.3773
93813000,3473.8498,9343200,109703700,630103800,8445823300,3456.6065,3473.8498,3454.8346,3449.3773
93818000,3473.7393,5525400,60820300,635629200,8506643600,3456.6065,3473.8979,3454.8346,3449.3773
93822000,3474.3548,7684600,99349700,643313800,8605993300,3456.6065,3474.3548,3454.8346,3449.3773
93828000,3474.5718,7561900,90614800,650875700,8696608100,3456.6065,3474.5718,3454.8346,3449.3773
93833000,3474.3763,3721000,46924100,654596700,8743532200,3456.6065,3474.7148,3454.8346,3449.3773
93838000,3474.9855,8766500,100014700,663363200,8843546900,3456.6065,3474.9855,3454.8346,3449.3773
93843000,3475.0803,8103200,89932500,671466400,8933479400,3456.6065,3475.0803,3454.8346,3449.3773
93848000,3475.4464,3945300,60360700,675411700,8993840100,3456.6065,3475.4464,3454.8346,3449.3773
93852000,3475.4375,5895100,75440400,681306800,9069280500,3456.6065,3475.4464,3454.8346,3449.3773
93858000,3475.077,6341200,79033500,687648000,9148314000,3456.6065,3475.4464,3454.8346,3449.3773
93903000,3475.6457,3121000,46482100,690769000,9194796100,3456.6065,3475.6457,3454.8346,3449.3773
93907000,3475.6655,8304000,95820100,699073000,9290616200,3456.6065,3475.6655,3454.8346,3449.3773
93913000,3475.7301,6790100,87824400,705863100,9378440600,3456.6065,3475.7301,3454.8346,3449.3773
93918000,3475.439,5229800,55627600,711092900,9434068200,3456.6065,3475.7404,3454.8346,3449.3773
93922000,3475.1453,7574400,89234700,718667300,9523302900,3456.6065,3475.7404,3454.8346,3449.3773
93928000,3475.7002,6522700,91621300,725190000,9614924200,3456.6065,3475.7404,3454.8346,3449.3773
93933000,3475.1971,3333800,48828300,728523800,9663752500,3456.6065,3475.7404,3454.8346,3449.3773
93938000,3475.0259,6460200,93280700,734984000,9757033200,3456.6065,3475.7404,3454.8346,3449.3773
93943000,3474.4813,7670200,104316300,742654200,9861349500,3456.6065,3475.7404,3454.8346,3449.3773
93948000,3474.0615,4792800,54836000,747447000,9916185500,3456.6065,3475.7404,3454.8346,3449.3773
93953000,3474.131,7947400,91258800,755394400,10007444300,3456.6065,3475.7404,3454.8346,3449.3773
93958000,3473.8102,6376300,91432000,761770700,10098876300,3456.6065,3475.7404,3454.8346,3449.3773
94003000,3473.5844,3705600,44321900,765476300,10143198200,3456.6065,3475.7404,3454.8346,3449.3773
94008000,3473.5817,4565100,67641700,770041400,10210839900,3456.6065,3475.7404,3454.8346,3449.3773
94013000,3473.0739,6171600,84525200,776213000,10295365100,3456.6065,3475.7404,3454.8346,3449.3773
94018000,3472.8659,3270900,45351700,779483900,10340716800,3456.6065,3475.7404,3454.8346,3449.3773
94023000,3472.7926,5609800,71472000,785093700,10412188800,3456.6065,3475.7404,3454.8346,3449.3773
94028000,3472.7648,4580900,65147900,789674600,10477336700,3456.6065,3475.7404,3454.8346,3449.3773
94033000,3472.913,2383200,32190600,792057800,10509527300,3456.6065,3475.7404,3454.8346,3449.3773
94038000,3473.0043,4371600,63288800,796429400,10572816100,3456.6065,3475.7404,3454.8346,3449.3773
94043000,3472.7067,4697600,63086200,801127000,10635902300,3456.6065,3475.7404,3454.8346,3449.3773
94048000,3472.6078,2631700,34407500,803758700,10670309800,3456.6065,3475.7404,3454.8346,3449.3773
94053000,3472.7645,5861500,70209000,809620200,10740518800,3456.6065,3475.7404,3454.8346,3449.3773
94058000,3473.0345,4901500,72761900,814521700,10813280700,3456.6065,3475.7404,3454.8346,3449.3773
94103000,3473.6651,3294500,41984900,817816200,10855265600,3456.6065,3475.7404,3454.8346,3449.3773
94108000,3475.3547,9068100,113327400,826884300,10968593000,3456.6065,3475.7404,3454.8346,3449.3773
94113000,3476.0008,9383200,119677600,836267500,11088270600,3456.6065,3476.0744,3454.8346,3449.3773
94118000,3476.5427,4711800,61595200,840979300,11149865800,3456.6065,3476.6347,3454.8346,3449.3773
94123000,3476.5948,5567100,81518500,846546400,11231384300,3456.6065,3476.6347,3454.8346,3449.3773
94128000,3477.4459,4545900,77251300,851092300,11308635600,3456.6065,3477.4459,3454.8346,3449.3773
94134000,3477.1246,5094000,83418600,856186300,11392054200,3456.6065,3477.4779,3454.8346,3449.3773
94139000,3477.647,3375000,52253600,859561300,11444307800,3456.6065,3477.7083,3454.8346,3449.3773
94144000,3477.7571,6952900,101057000,866514200,11545364800,3456.6065,3477.7892,3454.8346,3449.3773
94149000,3478.1981,8160100,92998500,874674300,11638363300,3456.6065,3478.1981,3454.8346,3449.3773
94154000,3478.3222,3437300,43086100,878111600,11681449400,3456.6065,3478.3222,3454.8346,3449.3773
94159000,3478.1535,4701000,67438000,882812600,11748887400,3456.6065,3478.3222,3454.8346,3449.3773
94204000,3478.4402,5569500,79923300,888382100,11828810700,3456.6065,3478.4402,3454.8346,3449.3773
94209000,3479.0105,2817200,40709800,891199300,11869520500,3456.6065,3479.0105,3454.8346,3449.3773
94213000,3478.5075,5656800,87189100,896856100,11956709600,3456.6065,3479.0105,3454.8346,3449.3773
94219000,3478.4779,7101600,90682100,903957700,12047391700,3456.6065,3479.1698,3454.8346,3449.3773
94224000,3479.2193,3529900,52251800,907487600,12099643500,3456.6065,3479.2635,3454.8346,3449.3773
94229000,3478.7555,7279200,91679800,914766800,12191323300,3456.6065,3479.2635,3454.8346,3449.3773
94234000,3478.123,5395600,85982200,920162400,12277305500,3456.6065,3479.2635,3454.8346,3449.3773
94239000,3477.2359,6313600,76271800,926476000,12353577300,3456.6065,3479.2635,3454.8346,3449.3773
94243000,3476.6139,6537700,104227900,933013700,12457805200,3456.6065,3479.2635,3454.8346,3449.3773
94249000,3476.4425,5543900,89130400,938557600,12546935600,3456.6065,3479.2635,3454.8346,3449.3773
94254000,3476.0777,3151600,43037700,941709200,12589973300,3456.6065,3479.2635,3454.8346,3449.3773
94258000,3475.5566,5012100,80623000,946721300,12670596300,3456.6065,3479.2635,3454.8346,3449.3773
94304000,3475.1069,5496200,84722600,952217500,12755318900,3456.6065,3479.2635,3454.8346,3449.3773
94309000,3475.4853,4693900,56235800,956911400,12811554700,3456.6065,3479.2635,3454.8346,3449.3773
94313000,3474.9715,5045400,84758200,961956800,12896312900,3456.6065,3479.2635,3454.8346,3449.3773
94319000,3474.7949,5645300,75392200,967602100,12971705100,3456.6065,3479.2635,3454.8346,3449.3773
94324000,3474.4923,2982300,38435900,970584400,13010141000,3456.6065,3479.2635,3454.8346,3449.3773
94328000,3474.7902,6914000,75910300,977498400,13086051300,3456.6065,3479.2635,3454.8346,3449.3773
94334000,3474.6636,5747900,76528000,983246300,13162579300,3456.6065,3479.2635,3454.8346,3449.3773
94339000,3474.6776,3206300,51187900,986452600,13213767200,3456.6065,3479.2635,3454.8346,3449.3773
94343000,3474.5748,4142700,63178500,990595300,13276945700,3456.6065,3479.2635,3454.8346,3449.3773
94349000,3474.6063,3903800,63980000,994499100,13340925700,3456.6065,3479.2635,3454.8346,3449.3773
94354000,3474.3723,3062400,42039700,997561500,13382965400,3456.6065,3479.2635,3454.8346,3449.3773
94358000,3474.4832,4030500,62504500,1001592000,13445469900,3456.6065,3479.2635,3454.8346,3449.3773
94404000,3474.0439,4551500,53937000,1006143500,13499406900,3456.6065,3479.2635,3454.8346,3449.3773
94409000,3473.9097,3272400,41582700,1009415900,13540989600,3456.6065,3479.2635,3454.8346,3449.3773
94414000,3474.1186,6831400,73282100,1016247300,13614271700,3456.6065,3479.2635,3454.8346,3449.3773
94419000,3474.0618,4211200,57196200,1020458500,13671467900,3456.6065,3479.2635,3454.8346,3449.3773
94424000,3473.7992,2870900,29481600,1023329400,13700949500,3456.6065,3479.2635,3454.8346,3449.3773
94428000,3473.4395,5201200,60906300,1028530600,13761855800,3456.6065,3479.2635,3454.8346,3449.3773
94434000,3473.0734,4365400,64015900,1032896000,13825871700,3456.6065,3479.2635,3454.8346,3449.3773
94439000,3473.4522,2772000,34413200,1035668000,13860284900,3456.6065,3479.2635,3454.8346,3449.3773
94443000,3473.2141,5178500,65076700,1040846500,13925361600,3456.6065,3479.2635,3454.8346,3449.3773
94449000,3473.1678,5597200,62082900,1046443700,13987444500,3456.6065,3479.2635,3454.8346,3449.3773
94454000,3472.9499,3090000,32165900,1049533700,14019610400,3456.6065,3479.2635,3454.8346,3449.3773
94459000,3472.8918,4628300,60085900,1054162000,14079696300,3456.6065,3479.2635,3454.8346,3449.3773
94504000,3472.065,5934500,73568200,1060096500,14153264500,3456.6065,3479.2635,3454.8346,3449.3773
94509000,3472.2708,2690300,38552000,1062786800,14191816500,3456.6065,3479.2635,3454.8346,3449.3773
94513000,3471.8366,4554000,73593300,1067340800,14265409800,3456.6065,3479.2635,3454.8346,3449.3773
94519000,3470.9116,4308200,65219500,1071649000,14330629300,3456.6065,3479.2635,3454.8346,3449.3773
94524000,3470.7064,2739700,36799300,1074388700,14367428600,3456.6065,3479.2635,3454.8346,3449.3773
94529000,3470.5567,4569700,73113400,1078958400,14440542000,3456.6065,3479.2635,3454.8346,3449.3773
94534000,3470.417,5026700,75958300,1083985100,14516500300,3456.6065,3479.2635,3454.8346,3449.3773
94539000,3470.2245,3936400,42679400,1087921500,14559179700,3456.6065,3479.2635,3454.8346,3449.3773
94545000,3469.8427,6678600,84242400,1094600100,14643422100,3456.6065,3479.2635,3454.8346,3449.3773
94549000,3469.615,4167600,63176800,1098767700,14706598900,3456.6065,3479.2635,3454.8346,3449.3773
94555000,3469.6622,5035300,74144300,1103803000,14780743200,3456.6065,3479.2635,3454.8346,3449.3773
94600000,3469.4047,3390200,35075200,1107193200,14815818400,3456.6065,3479.2635,3454.8346,3449.3773
94604000,3469.2685,5516400,74941500,1112709600,14890759900,3456.6065,3479.2635,3454.8346,3449.3773
94610000,3469.2125,4334400,59225800,1117044000,14949985700,3456.6065,3479.2635,3454.8346,3449.3773
94615000,3469.4664,2490700,33621500,1119534700,14983607200,3456.6065,3479.2635,3454.8346,3449.3773
94619000,3469.3587,4264900,58440000,1123799600,15042047200,3456.6065,3479.2635,3454.8346,3449.3773
94625000,3469.2522,4955400,62638900,1128755000,15104686100,3456.6065,3479.2635,3454.8346,3449.3773
94630000,3469.3055,2657600,30176500,1131412600,15134862600,3456.6065,3479.2635,3454.8346,3449.3773
94634000,3469.4317,4428500,59019200,1135841100,15193881800,3456.6065,3479.2635,3454.8346,3449.3773
94640000,3469.9657,4531500,62295800,1140372600,15256177600,3456.6065,3479.2635,3454.8346,3449.3773
94645000,3469.3982,3222200,47411500,1143594800,15303589100,3456.6065,3479.2635,3454.8346,3449.3773
94649000,3469.6872,3634700,56809700,1147229500,15360398800,3456.6065,3479.2635,3454.8346,3449.3773
94655000,3469.599,3453300,52838000,1150682800,15413236800,3456.6065,3479.2635,3454.8346,3449.3773
94700000,3469.2273,3410400,41896500,1154093200,15455133300,3456.6065,3479.2635,3454.8346,3449.3773
94704000,3468.8773,3802800,53885300,1157896000,15509018600,3456.6065,3479.2635,3454.8346,3449.3773
94710000,3469.136,3872000,53007800,1161768000,15562026400,3456.6065,3479.2635,3454.8346,3449.3773
94715000,3468.9089,2433700,38197500,1164201700,15600223900,3456.6065,3479.2635,3454.8346,3449.3773
94719000,3468.7031,4222400,62427900,1168424100,15662651800,3456.6065,3479.2635,3454.8346,3449.3773
94725000,3468.1155,4162500,63096000,1172586600,15725747800,3456.6065,3479.2635,3454.8346,3449.3773
94730000,3468.3168,2592300,34733700,1175178900,15760481500,3456.6065,3479.2635,3454.8346,3449.3773
94735000,3467.8688,3800800,72599000,1178979700,15833080500,3456.6065,3479.2635,3454.8346,3449.3773
94740000,3467.8303,3424000,56191500,1182403700,15889272000,3456.6065,3479.2635,3454.8346,3449.3773
94745000,3467.7866,3107300,34162000,1185511000,15923434000,3456.6065,3479.2635,3454.8346,3449.3773
94750000,3467.7171,3592100,65633200,1189103100,15989067200,3456.6065,3479.2635,3454.8346,3449.3773
94755000,3467.4265,4384100,56801800,1193487200,16045869000,3456.6065,3479.2635,3454.8346,3449.3773
94800000,3467.2491,2873200,40022100,1196360400,16085891100,3456.6065,3479.2635,3454.8346,3449.3773
94804000,3467.0236,4851200,63241500,1201211600,16149132600,3456.6065,3479.2635,3454.8346,3449.3773
94810000,3466.682,3801600,66442500,1205013200,16215575100,3456.6065,3479.2635,3454.8346,3449.3773
94815000,3466.7075,3128100,48874300,1208141300,16264449400,3456.6065,3479.2635,3454.8346,3449.3773
94820000,3467.3871,4814100,72119800,1212955400,16336569200,3456.6065,3479.2635,3454.8346,3449.3773
94825000,3466.7916,4431400,60182600,1217386800,16396751800,3456.6065,3479.2635,3454.8346,3449.3773
94830000,3466.5879,2252100,35048600,1219638900,16431800400,3456.6065,3479.2635,3454.8346,3449.3773
94835000,3466.5599,3811800,58622800,1223450700,16490423200,3456.6065,3479.2635,3454.8346,3449.3773
94840000,3466.6874,3277900,52662400,1226728600,16543085600,3456.6065,3479.2635,3454.8346,3449.3773
94845000,3466.4002,2254400,31862900,1228983000,16574948500,3456.6065,3479.2635,3454.8346,3449.3773
94850000,3466.4364,4898100,56243800,1233881100,16631192300,3456.6065,3479.2635,3454.8346,3449.3773
94855000,3466.9264,3772900,54093900,1237654000,16685286200,3456.6065,3479.2635,3454.8346,3449.3773
94900000,3466.8834,2152200,26499000,1239806200,16711785200,3456.6065,3479.2635,3454.8346,3449.3773
94904000,3466.8208,3724000,53677600,1243530200,16765462800,3456.6065,3479.2635,3454.8346,3449.3773
94910000,3466.8015,4152300,55222600,1247682500,16820685400,3456.6065,3479.2635,3454.8346,3449.3773
94915000,3466.4877,2877200,35127200,1250559700,16855812600,3456.6065,3479.2635,3454.8346,3449.3773
94919000,3467.1323,3935400,57256500,1254495100,16913069100,3456.6065,3479.2635,3454.8346,3449.3773
94925000,3466.7602,6047600,68683900,1260542700,16981753000,3456.6065,3479.2635,3454.8346,3449.3773
94930000,3466.5263,3244100,55167800,1263786800,17036920800,3456.6065,3479.2635,3454.8346,3449.3773
94936000,3466.1021,4753700,63792400,1268540500,17100713200,3456.6065,3479.2635,3454.8346,3449.3773
94940000,3466.2354,3561400,57269700,1272101900,17157982900,3456.6065,3479.2635,3454.8346,3449.3773
94946000,3466.1782,4392300,68463600,1276494200,17226446500,3456.6065,3479.2635,3454.8346,3449.3773
94950000,3465.1843,2074600,33348600,1278568800,17259795100,3456.6065,3479.2635,3454.8346,3449.3773
94956000,3465.2004,4439200,70894200,1283008000,17330689300,3456.6065,3479.2635,3454.8346,3449.3773
95001000,3465.2788,3832500,56426600,1286840500,17387115900,3456.6065,3479.2635,3454.8346,3449.3773
95006000,3465.1726,2065000,34521900,1288905500,17421637800,3456.6065,3479.2635,3454.8346,3449.3773
95010000,3465.2917,2979200,47130800,1291884700,17468768600,3456.6065,3479.2635,3454.8346,3449.3773
95016000,3464.7536,4543500,61646900,1296428200,17530415500,3456.6065,3479.2635,3454.8346,3449.3773
95021000,3464.9149,2334400,30421600,1298762600,17560837100,3456.6065,3479.2635,3454.8346,3449.3773
95025000,3464.9734,3478900,47749600,1302241500,17608586700,3456.6065,3479.2635,3454.8346,3449.3773
95031000,3465.1317,3714400,46054500,1305955900,17654641200,3456.6065,3479.2635,3454.8346,3449.3773
95036000,3465.1687,2643700,36464000,1308599600,17691105200,3456.6065,3479.2635,3454.8346,3449.3773
95040000,3465.0117,3621700,46340300,1312221300,17737445500,3456.6065,3479.2635,3454.8346,3449.3773
95046000,3464.9806,3477600,53688900,1315698900,17791134400,3456.6065,3479.2635,3454.8346,3449.3773
95051000,3465.1221,2202900,34446500,1317901800,17825580900,3456.6065,3479.2635,3454.8346,3449.3773
95055000,3464.9766,3507200,53584300,1321409000,17879165200,3456.6065,3479.2635,3454.8346,3449.3773
95101000,3464.995,3737700,50168200,1325146700,17929333400,3456.6065,3479.2635,3454.8346,3449.3773
95106000,3465.3735,2703100,36462500,1327849800,17965795900,3456.6065,3479.2635,3454.8346,3449.3773
95110000,3465.3928,4077700,53175500,1331927500,18018971400,3456.6065,3479.2635,3454.8346,3449.3773
95116000,3465.5532,3368000,48760700,1335295500,18067732100,3456.6065,3479.2635,3454.8346,3449.3773
95121000,3465.7963,1841500,30429800,1337137000,18098161900,3456.6065,3479.2635,3454.8346,3449.3773
95125000,3465.5085,3336300,50064400,1340473300,18148226300,3456.6065,3479.2635,3454.8346,3449.3773
95131000,3465.5753,3210400,52492900,1343683700,18200719200,3456.6065,3479.2635,3454.8346,3449.3773
95136000,3465.9957,1940500,28876900,1345624200,18229596100,3456.6065,3479.2635,3454.8346,3449.3773
95140000,3465.6191,2986800,48588700,1348611000,18278184800,3456.6065,3479.2635,3454.8346,3449.3773
95146000,3466.1778,3226800,53852200,1351837800,18332037000,3456.6065,3479.2635,3454.8346,3449.3773
95151000,3466.0281,2250500,29795200,1354088300,18361832200,3456.6065,3479.2635,3454.8346,3449.3773
95155000,3466.7956,3395900,49592300,1357484200,18411424500,3456.6065,3479.2635,3454.8346,3449.3773
95201000,3466.4726,2997900,45372100,1360482100,18456796600,3456.6065,3479.2635,3454.8346,3449.3773
95206000,3466.4604,2952200,37176600,1363434300,18493973200,3456.6065,3479.2635,3454.8346,3449.3773
95210000,3466.4761,3823800,51711100,1367258100,18545684300,3456.6065,3479.2635,3454.8346,3449.3773
95216000,3466.6365,2730700,47510800,1369988800,18593195100,3456.6065,3479.2635,3454.8346,3449.3773
95221000,3466.1063,1906700,32403900,1371895500,18625599000,3456.6065,3479.2635,3454.8346,3449.3773
95226000,3466.4323,2946800,45848800,1374842300,18671447800,3456.6065,3479.2635,3454.8346,3449.3773
95231000,3465.7222,3164400,49829700,1378006700,18721277500,3456.6065,3479.2635,3454.8346,3449.3773
95236000,3465.8694,1832500,29235300,1379839200,18750512800,3456.6065,3479.2635,3454.8346,3449.3773
95240000,3465.4612,3434900,51921900,1383274100,18802434700,3456.6065,3479.2635,3454.8346,3449.3773
95246000,3464.9998,4369300,68395000,1387643400,18870829700,3456.6065,3479.2635,3454.8346,3449.3773
95251000,3464.576,2294100,34430100,1389937500,18905259800,3456.6065,3479.2635,3454.8346,3449.3773
95256000,3463.8731,5997800,67037900,1395935300,18972297700,3456.6065,3479.2635,3454.8346,3449.3773
95301000,3462.9057,5174400,76614500,1401109700,19048912200,3456.6065,3479.2635,3454.8346,3449.3773
95306000,3462.8862,5487200,53617600,1406596900,19102529800,3456.6065,3479.2635,3454.8346,3449.3773
95310000,3462.0774,7107600,87615400,1413704500,19190145200,3456.6065,3479.2635,3454.8346,3449.3773
95316000,3461.8567,4536600,66528500,1418241100,19256673700,3456.6065,3479.2635,3454.8346,3449.3773
95321000,3461.5271,2593000,33292100,1420834100,19289965800,3456.6065,3479.2635,3454.8346,3449.3773
95326000,3460.7172,4092600,65529700,1424926700,19355495500,3456.6065,3479.2635,3454.8346,3449.3773
95331000,3460.4103,3959100,54308400,1428885800,19409803900,3456.6065,3479.2635,3454.8346,3449.3773
95336000,3460.1068,3154400,35903700,1432040200,19445707600,3456.6065,3479.2635,3454.8346,3449.3773
95340000,3459.9071,5005800,76246800,1437046000,19521954400,3456.6065,3479.2635,3454.8346,3449.3773
95346000,3459.5504,3883200,57686600,1440929200,19579641000,3456.6065,3479.2635,3454.8346,3449.3773
95351000,3459.1206,3609000,46316600,1444538200,19625957600,3456.6065,3479.2635,3454.8346,3449.3773
95355000,3458.511,5211200,69105900,1449749400,19695063500,3456.6065,3479.2635,3454.8346,3449.3773
95401000,3458.2305,4767100,70276500,1454516500,19765340000,3456.6065,3479.2635,3454.8346,3449.3773
95407000,3457.3811,4223200,69175400,1458739700,19834515400,3456.6065,3479.2635,3454.8346,3449.3773
95412000,3457.534,2655100,35163300,1461394800,19869678700,3456.6065,3479.2635,3454.8346,3449.3773
95416000,3457.0391,4697000,62796000,1466091800,19932474700,3456.6065,3479.2635,3454.8346,3449.3773
95422000,3457.3205,4171600,63131300,1470263400,19995606000,3456.6065,3479.2635,3454.8346,3449.3773
95427000,3456.7709,2738600,30888100,1473002000,20026494100,3456.6065,3479.2635,3454.8346,3449.3773
95431000,3456.806,2728100,47248000,1475730100,20073742100,3456.6065,3479.2635,3454.8346,3449.3773
95437000,3456.9923,3213000,49244000,1478943100,20122986100,3456.6065,3479.2635,3454.8346,3449.3773
95442000,3456.8721,3553500,36837100,1482496600,20159823200,3456.6065,3479.2635,3454.8346,3449.3773
95446000,3456.8449,4035500,53722000,1486532100,20213545200,3456.6065,3479.2635,3454.8346,3449.3773
95452000,3456.9588,3475200,51810300,1490007300,20265355500,3456.6065,3479.2635,3454.8346,3449.3773
95457000,3457.0059,2329200,35090800,1492336500,20300446300,3456.6065,3479.2635,3454.8346,3449.3773
95501000,3456.6156,3250000,51486700,1495586500,20351933000,3456.6065,3479.2635,3454.8346,3449.3773
95507000,3456.7984,3492700,56127200,1499079200,20408060200,3456.6065,3479.2635,3454.8346,3449.3773
95512000,3457.0643,2661600,37760500,1501740800,20445820700,3456.6065,3479.2635,3454.8346,3449.3773
95516000,3456.9458,3785900,55100500,1505526700,20500921200,3456.6065,3479.2635,3454.8346,3449.3773
95522000,3456.9975,3561400,58323700,1509088100,20559244900,3456.6065,3479.2635,3454.8346,3449.3773
95527000,3456.8859,2164700,27965000,1511252800,20587209900,3456.6065,3479.2635,3454.8346,3449.3773
95531000,3457.3051,3693100,53847700,1514945900,20641057600,3456.6065,3479.2635,3454.8346,3449.3773
95537000,3456.6823,3255400,43873500,1518201300,20684931100,3456.6065,3479.2635,3454.8346,3449.3773
95542000,3457.2485,1315300,23712700,1519516600,20708643800,3456.6065,3479.2635,3454.8346,3449.3773
95546000,3457.2265,3133800,41478700,1522650400,20750122500,3456.6065,3479.2635,3454.8346,3449.3773
95552000,3457.2599,3425200,47783700,1526075600,20797906200,3456.6065,3479.2635,3454.8346,3449.3773
95557000,3457.3454,2125900,29555800,1528201500,20827462000,3456.6065,3479.2635,3454.8346,3449.3773
95602000,3457.9211,2820600,47458100,1531022100,20874920100,3456.6065,3479.2635,3454.8346,3449.3773
95607000,3458.6405,3605100,61293200,1534627200,20936213300,3456.6065,3479.2635,3454.8346,3449.3773
95612000,3459.026,2279100,29204400,1536906300,20965417700,3456.6065,3479.2635,3454.8346,3449.3773
95616000,3459.2197,2535000,42360200,1539441300,21007777900,3456.6065,3479.2635,3454.8346,3449.3773
95622000,3459.3898,2787300,48800900,1542228600,21056578800,3456.6065,3479.2635,3454.8346,3449.3773
95627000,3459.9298,1476200,20028900,1543704800,21076607700,3456.6065,3479.2635,3454.8346,3449.3773
95631000,3459.7777,2499400,38722500,1546204200,21115330200,3456.6065,3479.2635,3454.8346,3449.3773
95637000,3459.8574,2862600,43473800,1549066800,21158804000,3456.6065,3479.2635,3454.8346,3449.3773
95642000,3459.2912,2126700,22351200,1551193500,21181155200,3456.6065,3479.2635,3454.8346,3449.3773
95646000,3459.5949,2713400,36536800,1553906900,21217692000,3456.6065,3479.2635,3454.8346,3449.3773
95652000,3458.9992,3150500,38648700,1557057400,21256340700,3456.6065,3479.2635,3454.8346,3449.3773
95657000,3458.9916,1617500,22723700,1558674900,21279064400,3456.6065,3479.2635,3454.8346,3449.3773
95702000,3459.6165,2178100,35726300,1560853000,21314790700,3456.6065,3479.2635,3454.8346,3449.3773
95707000,3459.4317,4216600,46874200,1565069600,21361664900,3456.6065,3479.2635,3454.8346,3449.3773
95712000,3459.7438,1527800,21695900,1566597400,21383360800,3456.6065,3479.2635,3454.8346,3449.3773
95717000,3459.2317,3321000,44466300,1569918400,21427827100,3456.6065,3479.2635,3454.8346,3449.3773
95722000,3458.9608,3566800,58071100,1573485200,21485898200,3456.6065,3479.2635,3454.8346,3449.3773
95727000,3458.4031,1819500,27533700,1575304700,21513431900,3456.6065,3479.2635,3454.8346,3449.3773
95732000,3458.1678,5771300,64067100,1581076000,21577499000,3456.6065,3479.2635,3454.8346,3449.3773
95737000,3457.2547,3356800,48816900,1584432800,21626315900,3456.6065,3479.2635,3454.8346,3449.3773
95742000,3457.5956,2463200,27928500,1586896000,21654244400,3456.6065,3479.2635,3454.8346,3449.3773
95747000,3457.2894,3295700,39248300,1590191700,21693492700,3456.6065,3479.2635,3454.8346,3449.3773
95752000,3456.9595,2653400,37980900,1592845100,21731473600,3456.6065,3479.2635,3454.8346,3449.3773
95758000,3456.7463,3084200,41083900,1595929300,21772557500,3456.6065,3479.2635,3454.8346,3449.3773
95802000,3456.8661,1555900,24160500,1597485200,21796718000,3456.6065,3479.2635,3454.8346,3449.3773
95807000,3456.5972,2588600,39973800,1600073800,21836691800,3456.6065,3479.2635,3454.8346,3449.3773
95813000,3456.7859,2747600,38630500,1602821400,21875322300,3456.6065,3479.2635,3454.8346,3449.3773
95816000,3456.967,1327300,18581900,1604148700,21893904200,3456.6065,3479.2635,3454.8346,3449.3773
95823000,3456.8384,2846900,40203100,1606995600,21934107300,3456.6065,3479.2635,3454.8346,3449.3773
95828000,3456.7361,2653600,34796800,1609649200,21968904100,3456.6065,3479.2635,3454.8346,3449.3773
95833000,3456.9416,1565100,24021900,1611214300,21992926000,3456.6065,3479.2635,3454.8346,3449.3773
95838000,3456.9781,2510500,36550500,1613724800,22029476500,3456.6065,3479.2635,3454.8346,3449.3773
95843000,3456.6886,3365100,39236600,1617089900,22068713100,3456.6065,3479.2635,3454.8346,3449.3773
95848000,3456.3114,1328300,22604500,1618418200,22091317600,3456.6065,3479.2635,3454.8346,3449.3773
95853000,3455.4639,2849700,45747300,1621267900,22137064900,3456.6065,3479.2635,3454.8346,3449.3773
95858000,3456.0293,2755800,39651000,1624023700,22176715900,3456.6065,3479.2635,3454.8346,3449.3773
95903000,3455.808,1931900,20353100,1625955600,22197069000,3456.6065,3479.2635,3454.8346,3449.3773
95908000,3455.8418,1593100,28568200,1627548700,22225637200,3456.6065,3479.2635,3454.8346,3449.3773
95913000,3455.7692,2698400,41649700,1630247100,22267286900,3456.6065,3479.2635,3454.8346,3449.3773
95918000,3455.7991,1944800,21712500,1632191900,22288999400,3456.6065,3479.2635,3454.8346,3449.3773
95923000,3456.0791,2457700,30870600,1634649600,22319870000,3456.6065,3479.2635,3454.8346,3449.3773
95928000,3455.8629,2300700,36492200,1636950300,22356362200,3456.6065,3479.2635,3454.8346,3449.3773
95933000,3455.8466,1290100,20902600,1638240400,22377264800,3456.6065,3479.2635,3454.8346,3449.3773
95938000,3455.5443,2076300,35120100,1640316700,22412384900,3456.6065,3479.2635,3454.8346,3449.3773
95943000,3456.2362,2989100,39726300,1643305800,22452111200,3456.6065,3479.2635,3454.8346,3449.3773
95948000,3455.4011,1524700,22768000,1644830500,22474879200,3456.6065,3479.2635,3454.8346,3449.3773
95953000,3455.3704,2655000,36716200,1647485500,22511595400,3456.6065,3479.2635,3454.8346,3449.3773
95958000,3455.3758,2335700,32959300,1649821200,22544554700,3456.6065,3479.2635,3454.8346,3449.3773
100003000,3455.6083,1735000,20138100,1651556200,22564692800,3456.6065,3479.2635,3454.8346,3449.3773
100008000,3455.6522,2127800,36200200,1653684000,22600893000,3456.6065,3479.2635,3454.8346,3449.3773
100013000,3455.4318,2689400,43355900,1656373400,22644248900,3456.6065,3479.2635,3454.8346,3449.3773
100018000,3454.9924,2257900,28574900,1658631300,22672823800,3456.6065,3479.2635,3454.8346,3449.3773
100023000,3454.5438,3977600,45784400,1662608900,22718608200,3456.6065,3479.2635,3454.5438,3449.3773
100028000,3454.5155,3327200,42361400,1665936100,22760969600,3456.6065,3479.2635,3454.4582,3449.3773
100033000,3454.2145,1756900,24727000,1667693000,22785696600,3456.6065,3479.2635,3454.2145,3449.3773
100038000,3454.0396,3144900,46560500,1670837900,22832257100,3456.6065,3479.2635,3453.9246,3449.3773
100043000,3453.7253,2891400,43050500,1673729300,22875307600,3456.6065,3479.2635,3453.7253,3449.3773
100048000,3453.4856,1180100,16932800,1674909400,22892240400,3456.6065,3479.2635,3453.4516,3449.3773
100053000,3452.8397,3756800,52991600,1678666200,22945232000,3456.6065,3479.2635,3452.8284,3449.3773
100058000,3452.4841,2193900,34541800,1680860100,22979773800,3456.6065,3479.2635,3452.4841,3449.3773
100103000,3453.0384,1249400,19106300,1682109500,22998880100,3456.6065,3479.2635,3452.4841,3449.3773
100108000,3452.9076,2607400,40240700,1684716900,23039120800,3456.6065,3479.2635,3452.4841,3449.3773
100113000,3452.9106,4210400,46733900,1688927300,23085854700,3456.6065,3479.2635,3452.4841,3449.3773
100118000,3452.9748,1745800,20394900,1690673100,23106249600,3456.6065,3479.2635,3452.4841,3449.3773
100123000,3452.8057,2842500,40491300,1693515600,23146740900,3456.6065,3479.2635,3452.4841,3449.3773
100128000,3452.8543,2892000,38006900,1696407600,23184747800,3456.6065,3479.2635,3452.4841,3449.3773
100133000,3453.3809,1706400,22528100,1698114000,23207275900,3456.6065,3479.2635,3452.4841,3449.3773
100138000,3453.1751,3441600,57352700,1701555600,23264628600,3456.6065,3479.2635,3452.4841,3449.3773
100143000,3453.9561,3317600,49189100,1704873200,23313817700,3456.6065,3479.2635,3452.4841,3449.3773
100148000,3454.3869,1933200,29510600,1706806400,23343328300,3456.6065,3479.2635,3452.4841,3449.3773
100153000,3454.268,4247700,56479100,1711054100,23399807400,3456.6065,3479.2635,3452.4841,3449.3773
100158000,3455.2427,4128500,61087400,1715182600,23460894800,3456.6065,3479.2635,3452.4841,3449.3773
100203000,3455.917,2406700,37047300,1717589300,23497942100,3456.6065,3479.2635,3452.4841,3449.3773
100208000,3456.8264,5833300,74859100,1723422600,23572801200,3456.6065,3479.2635,3452.4841,3449.3773
100213000,3457.5007,4002600,55586200,1727425200,23628387400,3456.6065,3479.2635,3452.4841,3449.3773
100219000,3457.7957,3325700,51603600,1730750900,23679991000,3456.6065,3479.2635,3452.4841,3449.3773
100223000,3457.4695,1996100,33708300,1732747000,23713699300,3456.6065,3479.2635,3452.4841,3449.3773
100229000,3458.5075,3237800,45724400,1735984800,23759423700,3456.6065,3479.2635,3452.4841,3449.3773
100234000,3458.5346,4174600,59705200,1740159400,23819128900,3456.6065,3479.2635,3452.4841,3449.3773
100239000,3458.4549,2480900,33427100,1742640300,23852556000,3456.6065,3479.2635,3452.4841,3449.3773
100244000,3458.9774,3326200,69952200,1745966500,23922508200,3456.6065,3479.2635,3452.4841,3449.3773
100249000,3458.7111,2977000,42089600,1748943500,23964597800,3456.6065,3479.2635,3452.4841,3449.3773
100254000,3458.4635,1899400,23681700,1750842900,23988279500,3456.6065,3479.2635,3452.4841,3449.3773
100259000,3458.5565,2892000,45339600,1753734900,24033619100,3456.6065,3479.2635,3452.4841,3449.3773
100304000,3458.8882,2870000,39339000,1756604900,24072958100,3456.6065,3479.2635,3452.4841,3449.3773
100309000,3458.5301,1823900,23649300,1758428800,24096607400,3456.6065,3479.2635,3452.4841,3449.3773
100314000,3459.2132,2329400,36300600,1760758200,24132908000,3456.6065,3479.2635,3452.4841,3449.3773
100319000,3459.2891,2491400,34751900,1763249600,24167659900,3456.6065,3479.2635,3452.4841,3449.3773
100324000,3459.2217,1131500,18227300,1764381100,24185887200,3456.6065,3479.2635,3452.4841,3449.3773
100329000,3459.2978,1996500,32949300,1766377600,24218836500,3456.6065,3479.2635,3452.4841,3449.3773
100334000,3459.7436,2347100,39095100,1768724700,24257931600,3456.6065,3479.2635,3452.4841,3449.3773
100339000,3459.5255,4748900,32652400,1773473600,24290584000,3456.6065,3479.2635,3452.4841,3449.3773
100343000,3459.3737,2713300,38655500,1776186900,24329239500,3456.6065,3479.2635,3452.4841,3449.3773
100349000,3459.8693,2576400,39770100,1778763300,24369009600,3456.6065,3479.2635,3452.4841,3449.3773
100354000,3459.3819,1677300,26896200,1780440600,24395905800,3456.6065,3479.2635,3452.4841,3449.3773
100359000,3460.0417,2091200,32141200,1782531800,24428047000,3456.6065,3479.2635,3452.4841,3449.3773
100404000,3460.0211,2299000,34874100,1784830800,24462921100,3456.6065,3479.2635,3452.4841,3449.3773
100409000,3460.4389,1190000,24331400,1786020800,24487252500,3456.6065,3479.2635,3452.4841,3449.3773
100414000,3459.8932,3042900,33415100,1789063700,24520667600,3456.6065,3479.2635,3452.4841,3449.3773
100419000,3460.0672,2026700,34195900,1791090400,24554863500,3456.6065,3479.2635,3452.4841,3449.3773
100424000,3459.8579,1255600,20065200,1792346000,24574928700,3456.6065,3479.2635,3452.4841,3449.3773
100429000,3459.9808,2743000,46145100,1795089000,24621073800,3456.6065,3479.2635,3452.4841,3449.3773
100434000,3459.257,2255300,31981900,1797344300,24653055700,3456.6065,3479.2635,3452.4841,3449.3773
100439000,3459.1795,1850600,26006200,1799194900,24679061900,3456.6065,3479.2635,3452.4841,3449.3773
100444000,3458.5775,4230900,46987400,1803425800,24726049300,3456.6065,3479.2635,3452.4841,3449.3773
100449000,3457.9685,3138600,46985600,1806564400,24773034900,3456.6065,3479.2635,3452.4841,3449.3773
100454000,3457.525,1955700,27460000,1808520100,24800494900,3456.6065,3479.2635,3452.4841,3449.3773
100459000,3456.7977,2996300,45845200,1811516400,24846340100,3456.6065,3479.2635,3452.4841,3449.3773
100504000,3456.7704,2641200,39244800,1814157600,24885584900,3456.6065,3479.2635,3452.4841,3449.3773
100509000,3456.4794,2268600,27924000,1816426200,24913508900,3456.6065,3479.2635,3452.4841,3449.3773
100514000,3456.9607,2469200,32501800,1818895400,24946010700,3456.6065,3479.2635,3452.4841,3449.3773
100519000,3456.8124,2306300,37068800,1821201700,24983079500,3456.6065,3479.2635,3452.4841,3449.3773
100524000,3456.9393,1255400,18322300,1822457100,25001401800,3456.6065,3479.2635,3452.4841,3449.3773
100529000,3456.8434,1950300,29925300,1824407400,25031327100,3456.6065,3479.2635,3452.4841,3449.3773
100534000,3456.7884,1496200,27375200,1825903600,25058702300,3456.6065,3479.2635,3452.4841,3449.3773
100539000,3456.6191,946800,12214700,1826850400,25070917000,3456.6065,3479.2635,3452.4841,3449.3773
100544000,3456.6239,3177300,35341100,1830027700,25106258100,3456.6065,3479.2635,3452.4841,3449.3773
100549000,3456.8842,1805100,25055900,1831832800,25131314000,3456.6065,3479.2635,3452.4841,3449.3773
100554000,3456.494,1107200,13949400,1832940000,25145263400,3456.6065,3479.2635,3452.4841,3449.3773
100559000,3456.5401,1964900,28926400,1834904900,25174189800,3456.6065,3479.2635,3452.4841,3449.3773
100604000,3456.5143,1839300,26433400,1836744200,25200623200,3456.6065,3479.2635,3452.4841,3449.3773
100609000,3456.7023,1098700,18004000,1837842900,25218627200,3456.6065,3479.2635,3452.4841,3449.3773
100615000,3456.6131,2409600,31098700,1840252500,25249725900,3456.6065,3479.2635,3452.4841,3449.3773
100620000,3456.8989,2284900,34336600,1842537400,25284062500,3456.6065,3479.2635,3452.4841,3449.3773
100624000,3456.7536,1081100,16032500,1843618500,25300095000,3456.6065,3479.2635,3452.4841,3449.3773
100630000,3456.811,2136700,32402500,1845755200,25332497500,3456.6065,3479.2635,3452.4841,3449.3773
100634000,3457.0347,2180700,35876500,1847935900,25368374000,3456.6065,3479.2635,3452.4841,3449.3773
100640000,3456.8325,2274000,33737800,1850209900,25402111800,3456.6065,3479.2635,3452.4841,3449.3773
100645000,3456.604,1248900,17019500,1851458800,25419131300,3456.6065,3479.2635,3452.4841,3449.3773
100650000,3456.6729,2594000,42740900,1854052800,25461872200,3456.6065,3479.2635,3452.4841,3449.3773
100655000,3456.6656,2329600,32384000,1856382400,25494256200,3456.6065,3479.2635,3452.4841,3449.3773
100700000,3456.4819,1079700,15156500,1857462100,25509412700,3456.6065,3479.2635,3452.4841,3449.3773
100705000,3456.9669,1723400,24332400,1859185500,25533745100,3456.6065,3479.2635,3452.4841,3449.3773
100710000,3456.7157,2601800,29127700,1861787300,25562872800,3456.6065,3479.2635,3452.4841,3449.3773
100715000,3456.5441,1131300,15770400,1862918600,25578643200,3456.6065,3479.2635,3452.4841,3449.3773
100720000,3456.597,1648100,21159700,1864566700,25599802900,3456.6065,3479.2635,3452.4841,3449.3773
100725000,3456.9945,2633800,31425800,1867200500,25631228700,3456.6065,3479.2635,3452.4841,3449.3773
100730000,3456.6866,1342500,15859900,1868543000,25647088600,3456.6065,3479.2635,3452.4841,3449.3773
100735000,3456.783,2372100,29256200,1870915100,25676344800,3456.6065,3479.2635,3452.4841,3449.3773
100740000,3456.9375,2415000,27901400,1873330100,25704246200,3456.6065,3479.2635,3452.4841,3449.3773
100745000,3456.7776,918700,13049900,1874248800,25717296100,3456.6065,3479.2635,3452.4841,3449.3773
100750000,3456.4772,1787900,24316200,1876036700,25741612300,3456.6065,3479.2635,3452.4841,3449.3773
100755000,3456.2473,2480600,32712900,1878517300,25774325200,3456.6065,3479.2635,3452.4841,3449.3773
100800000,3456.2821,1932600,20731400,1880449900,25795056600,3456.6065,3479.2635,3452.4841,3449.3773
100805000,3456.5893,1965900,26935800,1882415800,25821992400,3456.6065,3479.2635,3452.4841,3449.3773
100810000,3456.7968,2438100,27838100,1884853900,25849830500,3456.6065,3479.2635,3452.4841,3449.3773
100815000,3456.6823,881200,13214300,1885735100,25863044800,3456.6065,3479.2635,3452.4841,3449.3773
100820000,3456.2732,1488500,24214000,1887223600,25887258800,3456.6065,3479.2635,3452.4841,3449.3773
100825000,3456.5206,1870300,28109200,1889093900,25915368000,3456.6065,3479.2635,3452.4841,3449.3773
100830000,3456.4545,941700,13978400,1890035600,25929346400,3456.6065,3479.2635,3452.4841,3449.3773
100835000,3456.5849,2853500,35785500,1892889100,25965131900,3456.6065,3479.2635,3452.4841,3449.3773
100840000,3456.379,2501200,42218800,1895390300,26007350700,3456.6065,3479.2635,3452.4841,3449.3773
100845000,3456.8627,1248500,22797700,1896638800,26030148400,3456.6065,3479.2635,3452.4841,3449.3773
100850000,3456.4701,2666400,34053000,1899305200,26064201400,3456.6065,3479.2635,3452.4841,3449.3773
100855000,3456.3188,2422100,37850300,1901727300,26102051700,3456.6065,3479.2635,3452.4841,3449.3773
100900000,3456.7561,1480300,17321100,1903207600,26119372800,3456.6065,3479.2635,3452.4841,3449.3773
100905000,3456.6389,1927300,31347800,1905134900,26150720600,3456.6065,3479.2635,3452.4841,3449.3773
100910000,3456.7372,2299000,38763500,1907433900,26189484100,3456.6065,3479.2635,3452.4841,3449.3773
100915000,3456.7326,1065100,19298300,1908499000,26208782400,3456.6065,3479.2635,3452.4841,3449.3773
100920000,3456.8759,1937400,32659400,1910436400,26241441800,3456.6065,3479.2635,3452.4841,3449.3773
100925000,3456.829,3500000,52941400,1913936400,26294383200,3456.6065,3479.2635,3452.4841,3449.3773
100930000,3457.0104,1377900,22368800,1915314300,26316752000,3456.6065,3479.2635,3452.4841,3449.3773
100935000,3456.8817,2242000,40795400,1917556300,26357547400,3456.6065,3479.2635,3452.4841,3449.3773
100940000,3456.8177,2241200,34468300,1919797500,26392015700,3456.6065,3479.2635,3452.4841,3449.3773
100945000,3456.9533,1242500,20970200,1921040000,26412985900,3456.6065,3479.2635,3452.4841,3449.3773
100950000,3456.6687,2002200,33040300,1923042200,26446026200,3456.6065,3479.2635,3452.4841,3449.3773
100955000,3456.8846,2906400,38461900,1925948600,26484488100,3456.6065,3479.2635,3452.4841,3449.3773
101000000,3456.7283,1613000,23078400,1927561600,26507566500,3456.6065,3479.2635,3452.4841,3449.3773
101005000,3457.6195,2522000,29770200,1930083600,26537336700,3456.6065,3479.2635,3452.4841,3449.3773
101010000,3457.6951,2361100,41221500,1932444700,26578558200,3456.6065,3479.2635,3452.4841,3449.3773
101015000,3457.835,2278400,24987300,1934723100,26603545500,3456.6065,3479.2635,3452.4841,3449.3773
101020000,3458.1445,1835300,31800900,1936558400,26635346400,3456.6065,3479.2635,3452.4841,3449.3773
101026000,3457.7629,2338700,36807700,1938897100,26672154100,3456.6065,3479.2635,3452.4841,3449.3773
101030000,3458.158,1149900,21625300,1940047000,26693779400,3456.6065,3479.2635,3452.4841,3449.3773
101036000,3458.3573,2677200,40827200,1942724200,26734606600,3456.6065,3479.2635,3452.4841,3449.3773
101041000,3458.8011,2088900,33577100,1944813100,26768183700,3456.6065,3479.2635,3452.4841,3449.3773
101046000,3458.7727,4287900,43096900,1949101000,26811280600,3456.6065,3479.2635,3452.4841,3449.3773
101051000,3458.3851,3044900,27479500,1952145900,26838760100,3456.6065,3479.2635,3452.4841,3449.3773
101056000,3458.7104,3595800,43095800,1955741700,26881855900,3456.6065,3479.2635,3452.4841,3449.3773
101101000,3458.552,3191500,36927300,1958933200,26918783200,3456.6065,3479.2635,3452.4841,3449.3773
101106000,3458.7703,1309700,16102700,1960242900,26934885900,3456.6065,3479.2635,3452.4841,3449.3773
101111000,3459.2403,2041500,30190800,1962284400,26965076700,3456.6065,3479.2635,3452.4841,3449.3773
101116000,3458.782,2978300,44181100,1965262700,27009257800,3456.6065,3479.2635,3452.4841,3449.3773
101121000,3458.8152,1319400,22223400,1966582100,27031481200,3456.6065,3479.2635,3452.4841,3449.3773
101126000,3459.1338,2393900,38020700,1968976000,27069501900,3456.6065,3479.2635,3452.4841,3449.3773
101131000,3459.0701,2489700,41701700,1971465700,27111203600,3456.6065,3479.2635,3452.4841,3449.3773
101136000,3459.2955,2358800,26285900,1973824500,27137489500,3456.6065,3479.2635,3452.4841,3449.3773
101141000,3459.3115,3026500,43475300,1976851000,27180964800,3456.6065,3479.2635,3452.4841,3449.3773
101146000,3459.1831,3782100,47198000,1980633100,27228162800,3456.6065,3479.2635,3452.4841,3449.3773
101151000,3459.3033,2251300,21425600,1982884400,27249588400,3456.6065,3479.2635,3452.4841,3449.3773
101156000,3458.7829,2929900,34208600,1985814300,27283797000,3456.6065,3479.2635,3452.4841,3449.3773
101201000,3458.9504,2731200,47857200,1988545500,27331654200,3456.6065,3479.2635,3452.4841,3449.3773
101206000,3459.2471,1501300,20858100,1990046800,27352512300,3456.6065,3479.2635,3452.4841,3449.3773
101211000,3459.111,2686700,37413800,1992733500,27389926100,3456.6065,3479.2635,3452.4841,3449.3773
101216000,3459.1237,2045500,29991400,1994779000,27419917500,3456.6065,3479.2635,3452.4841,3449.3773
101221000,3459.2728,1678400,22375900,1996457400,27442293400,3456.6065,3479.2635,3452.4841,3449.3773
101226000,3458.7655,2583000,31627300,1999040400,27473920700,3456.6065,3479.2635,3452.4841,3449.3773
101231000,3458.8241,2598500,38863300,2001638900,27512784000,3456.6065,3479.2635,3452.4841,3449.3773
101236000,3458.699,1110800,20821600,2002749700,27533605600,3456.6065,3479.2635,3452.4841,3449.3773
101240000,3459.1829,1861300,31880200,2004611000,27565485800,3456.6065,3479.2635,3452.4841,3449.3773
101246000,3459.0981,2331700,37081800,2006942700,27602567600,3456.6065,3479.2635,3452.4841,3449.3773
101251000,3459.0434,1063000,14594100,2008005700,27617161700,3456.6065,3479.2635,3452.4841,3449.3773
101256000,3458.6293,3085200,34073100,2011090900,27651234800,3456.6065,3479.2635,3452.4841,3449.3773
101301000,3458.8093,2083500,28429500,2013174400,27679664300,3456.6065,3479.2635,3452.4841,3449.3773
101306000,3458.5795,1939500,26655600,2015113900,27706319900,3456.6065,3479.2635,3452.4841,3449.3773
101311000,3458.875,2045300,35695600,2017159200,27742015500,3456.6065,3479.2635,3452.4841,3449.3773
101316000,3459.2685,1419000,28253700,2018578200,27770269200,3456.6065,3479.2635,3452.4841,3449.3773
101321000,3458.699,1013800,17016900,2019592000,27787286100,3456.6065,3479.2635,3452.4841,3449.3773
101326000,3458.9738,2274900,35423100,2021866900,27822709200,3456.6065,3479.2635,3452.4841,3449.3773
101331000,3459.2074,1752300,27430000,2023619200,27850139200,3456.6065,3479.2635,3452.4841,3449.3773
101336000,3459.3262,881800,15507300,2024501000,27865646500,3456.6065,3479.2635,3452.4841,3449.3773
101341000,3459.4287,2041800,28170700,2026542800,27893817200,3456.6065,3479.2635,3452.4841,3449.3773
101346000,3460.0382,1491500,24725800,2028034300,27918543000,3456.6065,3479.2635,3452.4841,3449.3773
101351000,3460.1719,1005200,16134700,2029039500,27934677700,3456.6065,3479.2635,3452.4841,3449.3773
101356000,3459.3017,2107500,27525900,2031147000,27962203600,3456.6065,3479.2635,3452.4841,3449.3773
101401000,3459.3896,1661100,24530700,2032808100,27986734300,3456.6065,3479.2635,3452.4841,3449.3773
101406000,3459.5706,1552600,17689700,2034360700,28004424000,3456.6065,3479.2635,3452.4841,3449.3773
101411000,3459.4273,1766900,25646000,2036127600,28030070000,3456.6065,3479.2635,3452.4841,3449.3773
101416000,3459.7857,1683400,29755800,2037811000,28059825800,3456.6065,3479.2635,3452.4841,3449.3773
101421000,3459.1633,1462200,20919300,2039273200,28080745100,3456.6065,3479.2635,3452.4841,3449.3773
101426000,3459.2776,2155700,34368300,2041428900,28115113400,3456.6065,3479.2635,3452.4841,3449.3773
101431000,3459.2614,2520900,29960900,2043949800,28145074300,3456.6065,3479.2635,3452.4841,3449.3773
101436000,3458.3269,1673900,20535400,2045623700,28165609700,3456.6065,3479.2635,3452.4841,3449.3773
101441000,3458.1746,2225700,30041700,2047849400,28195651400,3456.6065,3479.2635,3452.4841,3449.3773
101447000,3458.303,2199700,38708100,2050049100,28234359500,3456.6065,3479.2635,3452.4841,3449.3773
101452000,3458.1296,2166500,33745300,2052215600,28268104800,3456.6065,3479.2635,3452.4841,3449.3773
101457000,3457.9792,2341400,23839800,2054557000,28291944600,3456.6065,3479.2635,3452.4841,3449.3773
101502000,3458.289,2763400,29675600,2057320400,28321620200,3456.6065,3479.2635,3452.4841,3449.3773
101507000,3458.0852,2938500,33501900,2060258900,28355122100,3456.6065,3479.2635,3452.4841,3449.3773
101512000,3458.4974,2343600,22532300,2062602500,28377654400,3456.6065,3479.2635,3452.4841,3449.3773
101517000,3458.507,3602400,34506400,2066204900,28412160800,3456.6065,3479.2635,3452.4841,3449.3773
101522000,3458.1906,3167500,34964300,2069372400,28447125100,3456.6065,3479.2635,3452.4841,3449.3773
101527000,3458.2928,1180700,14736500,2070553100,28461861600,3456.6065,3479.2635,3452.4841,3449.3773
101532000,3458.3192,1862900,33276600,2072416000,28495138200,3456.6065,3479.2635,3452.4841,3449.3773
101537000,3458.5501,2720800,37989500,2075136800,28533127700,3456.6065,3479.2635,3452.4841,3449.3773
101542000,3458.6248,1420200,20700100,2076557000,28553827800,3456.6065,3479.2635,3452.4841,3449.3773
101547000,3458.5786,2168700,40119700,2078725700,28593947500,3456.6065,3479.2635,3452.4841,3449.3773
101552000,3458.4815,1777300,28574700,2080503000,28622522200,3456.6065,3479.2635,3452.4841,3449.3773
101557000,3458.1358,1596300,17186900,2082099300,28639709100,3456.6065,3479.2635,3452.4841,3449.3773
101602000,3458.3303,2255800,30564600,2084355100,28670273700,3456.6065,3479.2635,3452.4841,3449.3773
101607000,3458.5912,1833100,25535400,2086188200,28695809100,3456.6065,3479.2635,3452.4841,3449.3773
101612000,3457.871,1332200,15412600,2087520400,28711221700,3456.6065,3479.2635,3452.4841,3449.3773
101617000,3458.3642,2559900,32395800,2090080300,28743617500,3456.6065,3479.2635,3452.4841,3449.3773
101622000,3458.2989,2180700,28939300,2092261000,28772556800,3456.6065,3479.2635,3452.4841,3449.3773
101627000,3458.0849,1344100,15966400,2093605100,28788523200,3456.6065,3479.2635,3452.4841,3449.3773
101632000,3458.2196,1647600,24447300,2095252700,28812970500,3456.6065,3479.2635,3452.4841,3449.3773
101637000,3458.5015,2457700,25001600,2097710400,28837972100,3456.6065,3479.2635,3452.4841,3449.3773
101642000,3458.4621,1080300,15269700,2098790700,28853241800,3456.6065,3479.2635,3452.4841,3449.3773
101647000,3458.3398,2024900,23720100,2100815600,28876961900,3456.6065,3479.2635,3452.4841,3449.3773
101652000,3458.4299,3088900,33916500,2103904500,28910878400,3456.6065,3479.2635,3452.4841,3449.3773
101657000,3457.9392,1852900,18829300,2105757400,28929707700,3456.6065,3479.2635,3452.4841,3449.3773
101702000,3458.0769,1587600,23409900,2107345000,28953117600,3456.6065,3479.2635,3452.4841,3449.3773
101707000,3458.261,1995300,27894800,2109340300,28981012400,3456.6065,3479.2635,3452.4841,3449.3773
101712000,3458.3238,744100,13402500,2110084400,28994414900,3456.6065,3479.2635,3452.4841,3449.3773
101717000,3458.0566,2219700,36319200,2112304100,29030734100,3456.6065,3479.2635,3452.4841,3449.3773
101722000,3457.8401,2320700,34404900,2114624800,29065139000,3456.6065,3479.2635,3452.4841,3449.3773
101727000,3457.9192,1618700,22956500,2116243500,29088095500,3456.6065,3479.2635,3452.4841,3449.3773
101732000,3457.7245,2118300,32180100,2118361800,29120275600,3456.6065,3479.2635,3452.4841,3449.3773
101737000,3458.0192,2510100,33411600,2120871900,29153687200,3456.6065,3479.2635,3452.4841,3449.3773
101742000,3458.2061,864600,13344800,2121736500,29167032000,3456.6065,3479.2635,3452.4841,3449.3773
101747000,3457.8394,2069300,28185400,2123805800,29195217400,3456.6065,3479.2635,3452.4841,3449.3773
101752000,3457.8597,1501400,22490900,2125307200,29217708300,3456.6065,3479.2635,3452.4841,3449.3773
101757000,3457.3583,1956700,20466700,2127263900,29238175000,3456.6065,3479.2635,3452.4841,3449.3773
101802000,3457.394,1331300,28328500,2128595200,29266503500,3456.6065,3479.2635,3452.4841,3449.3773
101807000,3457.923,3762100,40101200,2132357300,29306604700,3456.6065,3479.2635,3452.4841,3449.3773
101812000,3458.0136,1047200,14231400,2133404500,29320836100,3456.6065,3479.2635,3452.4841,3449.3773
101817000,3457.9409,3418400,35210600,2136822900,29356046700,3456.6065,3479.2635,3452.4841,3449.3773
101822000,3457.8014,1683600,26916700,2138506500,29382963400,3456.6065,3479.2635,3452.4841,3449.3773
101827000,3457.793,1135900,15399100,2139642400,29398362500,3456.6065,3479.2635,3452.4841,3449.3773
101832000,3457.9725,1914900,28724700,2141557300,29427087200,3456.6065,3479.2635,3452.4841,3449.3773
101837000,3458.1817,2298800,29220100,2143856100,29456307300,3456.6065,3479.2635,3452.4841,3449.3773
101843000,3458.0072,1899700,28686200,2145755800,29484993500,3456.6065,3479.2635,3452.4841,3449.3773
101848000,3458.0217,1146400,16197100,2146902200,29501190600,3456.6065,3479.2635,3452.4841,3449.3773
101852000,3458.0835,2016700,28372200,2148918900,29529562800,3456.6065,3479.2635,3452.4841,3449.3773
101858000,3457.6619,2028800,32198000,2150947700,29561760800,3456.6065,3479.2635,3452.4841,3449.3773
101903000,3457.9546,1377100,18519300,2152324800,29580280100,3456.6065,3479.2635,3452.4841,3449.3773
101908000,3458.2127,1853600,29459600,2154178400,29609739700,3456.6065,3479.2635,3452.4841,3449.3773
101913000,3458.0796,1458700,22703800,2155637100,29632443500,3456.6065,3479.2635,3452.4841,3449.3773
101918000,3458.3625,1190800,14702600,2156827900,29647146100,3456.6065,3479.2635,3452.4841,3449.3773
101923000,3458.663,1881300,25953800,2158709200,29673099900,3456.6065,3479.2635,3452.4841,3449.3773
101928000,3458.4931,2287300,29332800,2160996500,29702432700,3456.6065,3479.2635,3452.4841,3449.3773
101933000,3458.0421,1796400,18354300,2162792900,29720787000,3456.6065,3479.2635,3452.4841,3449.3773
101938000,3458.6771,1730000,26020100,2164522900,29746807100,3456.6065,3479.2635,3452.4841,3449.3773
101943000,3458.8245,1619800,26996400,2166142700,29773803500,3456.6065,3479.2635,3452.4841,3449.3773
101948000,3458.6176,1553200,21033500,2167695900,29794837000,3456.6065,3479.2635,3452.4841,3449.3773
101953000,3458.7228,1570600,22490100,2169266500,29817327100,3456.6065,3479.2635,3452.4841,3449.3773
101958000,3458.4925,1861400,26997700,2171127900,29844324800,3456.6065,3479.2635,3452.4841,3449.3773
102003000,3459.0975,1922900,19062600,2173050800,29863387400,3456.6065,3479.2635,3452.4841,3449.3773
102008000,3459.4834,1824500,27021100,2174875300,29890408500,3456.6065,3479.2635,3452.4841,3449.3773
102013000,3459.5663,2028600,30557300,2176903900,29920965800,3456.6065,3479.2635,3452.4841,3449.3773
102018000,3459.7275,1088400,19752800,2177992300,29940718600,3456.6065,3479.2635,3452.4841,3449.3773
102023000,3459.3932,2763800,35858900,2180756100,29976577500,3456.6065,3479.2635,3452.4841,3449.3773
102028000,3459.546,2187600,40137700,2182943700,30016715200,3456.6065,3479.2635,3452.4841,3449.3773
102033000,3460.1305,1744600,23642800,2184688300,30040358000,3456.6065,3479.2635,3452.4841,3449.3773
102038000,3459.7384,1661100,28125000,2186349400,30068483000,3456.6065,3479.2635,3452.4841,3449.3773
102043000,3459.7949,2472100,43762400,2188821500,30112245400,3456.6065,3479.2635,3452.4841,3449.3773
102048000,3459.832,2202100,22854300,2191023600,30135099700,3456.6065,3479.2635,3452.4841,3449.3773
102053000,3459.7942,2202400,29851900,2193226000,30164951600,3456.6065,3479.2635,3452.4841,3449.3773
102058000,3459.8749,4134500,48059500,2197360500,30213011100,3456.6065,3479.2635,3452.4841,3449.3773
102103000,3460.1054,1917300,28999800,2199277800,30242010900,3456.6065,3479.2635,3452.4841,3449.3773
102108000,3461.1737,4439900,54083700,2203717700,30296094600,3456.6065,3479.2635,3452.4841,3449.3773
102113000,3461.3717,2392800,43586800,2206110500,30339681400,3456.6065,3479.2635,3452.4841,3449.3773
102118000,3461.7196,2592100,36205000,2208702600,30375886400,3456.6065,3479.2635,3452.4841,3449.3773
102123000,3461.9731,2965700,53418500,2211668300,30429304900,3456.6065,3479.2635,3452.4841,3449.3773
102128000,3462.213,2835900,44275900,2214504200,30473580800,3456.6065,3479.2635,3452.4841,3449.3773
102133000,3462.4336,1532800,20347000,2216037000,30493927800,3456.6065,3479.2635,3452.4841,3449.3773
102138000,3462.8777,3007500,43034400,2219044500,30536962200,3456.6065,3479.2635,3452.4841,3449.3773
102143000,3463.2361,3209300,40543400,2222253800,30577505600,3456.6065,3479.2635,3452.4841,3449.3773
102148000,3463.3702,1395800,18326700,2223649600,30595832300,3456.6065,3479.2635,3452.4841,3449.3773
102153000,3463.2811,2421700,41631700,2226071300,30637464000,3456.6065,3479.2635,3452.4841,3449.3773
102158000,3463.3325,2186700,34494800,2228258000,30671958800,3456.6065,3479.2635,3452.4841,3449.3773
102203000,3463.668,4526900,37286000,2232784900,30709244800,3456.6065,3479.2635,3452.4841,3449.3773
102208000,3464.1082,2722900,41176900,2235507800,30750421700,3456.6065,3479.2635,3452.4841,3449.3773
102213000,3464.3964,3434700,37601500,2238942500,30788023200,3456.6065,3479.2635,3452.4841,3449.3773
102218000,3464.3632,1784200,20348400,2240726700,30808371600,3456.6065,3479.2635,3452.4841,3449.3773
102223000,3464.6261,2107100,32944300,2242833800,30841315900,3456.6065,3479.2635,3452.4841,3449.3773
102228000,3464.5129,2109500,37204700,2244943300,30878520600,3456.6065,3479.2635,3452.4841,3449.3773
102233000,3464.7529,1254500,18645800,2246197800,30897166400,3456.6065,3479.2635,3452.4841,3449.3773
102239000,3464.8779,2567900,35350000,2248765700,30932516400,3456.6065,3479.2635,3452.4841,3449.3773
102243000,3464.8735,2688300,33091700,2251454000,30965608100,3456.6065,3479.2635,3452.4841,3449.3773
102248000,3464.7653,1844500,22216400,2253298500,30987824500,3456.6065,3479.2635,3452.4841,3449.3773
102254000,3464.9478,3233000,37006600,2256531500,31024831100,3456.6065,3479.2635,3452.4841,3449.3773
102258000,3464.6836,3160200,31748900,2259691700,31056580000,3456.6065,3479.2635,3452.4841,3449.3773
102304000,3465.3409,2963300,33679000,2262655000,31090259000,3456.6065,3479.2635,3452.4841,3449.3773
102309000,3465.7002,1374600,19574100,2264029600,31109833100,3456.6065,3479.2635,3452.4841,3449.3773
102314000,3465.6542,2609300,37265100,2266638900,31147098200,3456.6065,3479.2635,3452.4841,3449.3773
102319000,3465.8468,2449200,34757200,2269088100,31181855400,3456.6065,3479.2635,3452.4841,3449.3773
102324000,3465.6054,1408700,18478500,2270496800,31200333900,3456.6065,3479.2635,3452.4841,3449.3773
102329000,3465.4344,2406500,38560800,2272903300,31238894700,3456.6065,3479.2635,3452.4841,3449.3773
102334000,3465.5692,2180600,32759100,2275083900,31271653800,3456.6065,3479.2635,3452.4841,3449.3773
102339000,3465.5366,1593100,25127300,2276677000,31296781100,3456.6065,3479.2635,3452.4841,3449.3773
102344000,3465.4105,3829300,34239200,2280506300,31331020300,3456.6065,3479.2635,3452.4841,3449.3773
102349000,3465.6095,2445600,34202100,2282951900,31365222400,3456.6065,3479.2635,3452.4841,3449.3773
102354000,3465.469,1375200,21299000,2284327100,31386521400,3456.6065,3479.2635,3452.4841,3449.3773
102359000,3464.4557,1888600,28194700,2286215700,31414716100,3456.6065,3479.2635,3452.4841,3449.3773
102404000,3464.8541,2418200,37649900,2288633900,31452366000,3456.6065,3479.2635,3452.4841,3449.3773
102409000,3464.8154,2029200,18844300,2290663100,31471210300,3456.6065,3479.2635,3452.4841,3449.3773
102414000,3465.1083,2402900,37141200,2293066000,31508351500,3456.6065,3479.2635,3452.4841,3449.3773
102419000,3465.2337,1989500,30361000,2295055500,31538712500,3456.6065,3479.2635,3452.4841,3449.3773
102424000,3465.1264,1191200,19327800,2296246700,31558040300,3456.6065,3479.2635,3452.4841,3449.3773
102429000,3465.0131,1779000,30486900,2298025700,31588527200,3456.6065,3479.2635,3452.4841,3449.3773
102434000,3465.3452,1695400,31132700,2299721100,31619659900,3456.6065,3479.2635,3452.4841,3449.3773
102439000,3465.2084,1216200,19535000,2300937300,31639194900,3456.6065,3479.2635,3452.4841,3449.3773
102444000,3465.5558,1787400,25860100,2302724700,31665055000,3456.6065,3479.2635,3452.4841,3449.3773
102449000,3465.7949,2363500,26702600,2305088200,31691757600,3456.6065,3479.2635,3452.4841,3449.3773
102454000,3465.472,1242200,14692700,2306330400,31706450300,3456.6065,3479.2635,3452.4841,3449.3773
102459000,3465.2652,1988000,27074300,2308318400,31733524600,3456.6065,3479.2635,3452.4841,3449.3773
102504000,3465.5238,2949500,37713400,2311267900,31771238000,3456.6065,3479.2635,3452.4841,3449.3773
102509000,3465.488,816700,11127100,2312084600,31782365100,3456.6065,3479.2635,3452.4841,3449.3773
102514000,3465.4757,1538900,25237000,2313623500,31807602100,3456.6065,3479.2635,3452.4841,3449.3773
102519000,3465.8559,1760900,27280900,2315384400,31834883000,3456.6065,3479.2635,3452.4841,3449.3773
102524000,3465.7032,1591200,19045500,2316975600,31853928500,3456.6065,3479.2635,3452.4841,3449.3773
102529000,3465.6171,1765700,22943000,2318741300,31876871500,3456.6065,3479.2635,3452.4841,3449.3773
102534000,3465.8029,1919300,29347500,2320660600,31906219000,3456.6065,3479.2635,3452.4841,3449.3773
102539000,3465.8707,1518500,18012800,2322179100,31924231800,3456.6065,3479.2635,3452.4841,3449.3773
102544000,3466.3285,1672000,26811400,2323851100,31951043200,3456.6065,3479.2635,3452.4841,3449.3773
102549000,3466.4933,2173300,31819400,2326024400,31982862600,3456.6065,3479.2635,3452.4841,3449.3773
102554000,3466.1395,1373600,18520500,2327398000,32001383100,3456.6065,3479.2635,3452.4841,3449.3773
102559000,3466.1283,2417800,33455900,2329815800,32034839000,3456.6065,3479.2635,3452.4841,3449.3773
102604000,3466.1612,2006000,30721900,2331821800,32065560900,3456.6065,3479.2635,3452.4841,3449.3773
102609000,3466.3221,931800,13207400,2332753600,32078768300,3456.6065,3479.2635,3452.4841,3449.3773
102614000,3466.4252,1994700,31288900,2334748300,32110057200,3456.6065,3479.2635,3452.4841,3449.3773
102619000,3466.4143,1915700,25466700,2336664000,32135523900,3456.6065,3479.2635,3452.4841,3449.3773
102624000,3466.2533,1104500,15872200,2337768500,32151396100,3456.6065,3479.2635,3452.4841,3449.3773
102629000,3466.223,1681100,23180600,2339449600,32174576700,3456.6065,3479.2635,3452.4841,3449.3773
102634000,3466.2776,2360400,27482600,2341810000,32202059300,3456.6065,3479.2635,3452.4841,3449.3773
102639000,3466.3515,1606600,19156100,2343416600,32221215400,3456.6065,3479.2635,3452.4841,3449.3773
102644000,3466.3262,2047500,30543200,2345464100,32251758600,3456.6065,3479.2635,3452.4841,3449.3773
102650000,3466.4065,2938000,37678600,2348402100,32289437200,3456.6065,3479.2635,3452.4841,3449.3773
102654000,3466.3174,1272500,21882800,2349674600,32311320000,3456.6065,3479.2635,3452.4841,3449.3773
102700000,3466.4931,1724400,28392900,2351399000,32339712900,3456.6065,3479.2635,3452.4841,3449.3773
102705000,3466.5748,1993000,32617500,2353392000,32372330400,3456.6065,3479.2635,3452.4841,3449.3773
102709000,3466.6765,716100,11261500,2354108100,32383591900,3456.6065,3479.2635,3452.4841,3449.3773
102715000,3466.8644,2102000,35964500,2356210100,32419556400,3456.6065,3479.2635,3452.4841,3449.3773
102720000,3466.8135,2419700,33343500,2358629800,32452899900,3456.6065,3479.2635,3452.4841,3449.3773
102725000,3466.6196,2294700,30109600,2360924500,32483009500,3456.6065,3479.2635,3452.4841,3449.3773
102730000,3466.5665,2281900,22720300,2363206400,32505729800,3456.6065,3479.2635,3452.4841,3449.3773
102735000,3467.3082,11400200,75000100,2374606600,32580729900,3456.6065,3479.2635,3452.4841,3449.3773
102740000,3467.1152,20694300,116320100,2395300900,32697050000,3456.6065,3479.2635,3452.4841,3449.3773
102745000,3466.8882,2623700,20875600,2397924600,32717925600,3456.6065,3479.2635,3452.4841,3449.3773
102750000,3466.9549,2522300,26720700,2400446900,32744646300,3456.6065,3479.2635,3452.4841,3449.3773
102755000,3466.8102,2002400,32487500,2402449300,32777133800,3456.6065,3479.2635,3452.4841,3449.3773
102800000,3466.9386,1027900,15182000,2403477200,32792315800,3456.6065,3479.2635,3452.4841,3449.3773
102805000,3466.9304,1696300,23314000,2405173500,32815629800,3456.6065,3479.2635,3452.4841,3449.3773
102810000,3467.1596,3686400,33700900,2408859900,32849330700,3456.6065,3479.2635,3452.4841,3449.3773
102815000,3467.3937,1196000,24571600,2410055900,32873902300,3456.6065,3479.2635,3452.4841,3449.3773
102820000,3467.4149,1779400,30408900,2411835300,32904311200,3456.6065,3479.2635,3452.4841,3449.3773
102825000,3467.6316,2938300,33479400,2414773600,32937790600,3456.6065,3479.2635,3452.4841,3449.3773
102830000,3467.8246,1247700,15823300,2416021300,32953613900,3456.6065,3479.2635,3452.4841,3449.3773
102835000,3467.8548,2309500,33246800,2418330800,32986860700,3456.6065,3479.2635,3452.4841,3449.3773
102840000,3468.2086,2652800,37456600,2420983600,33024317300,3456.6065,3479.2635,3452.4841,3449.3773
102845000,3468.0946,1322400,19024700,2422306000,33043342000,3456.6065,3479.2635,3452.4841,3449.3773
102850000,3468.5584,2635600,43973800,2424941600,33087315800,3456.6065,3479.2635,3452.4841,3449.3773
102855000,3468.3813,2929800,39900900,2427871400,33127216700,3456.6065,3479.2635,3452.4841,3449.3773
102900000,3468.2748,1651000,30826200,2429522400,33158042900,3456.6065,3479.2635,3452.4841,3449.3773
102905000,3468.6119,2996100,41398600,2432518500,33199441500,3456.6065,3479.2635,3452.4841,3449.3773
102910000,3469.0015,3334000,34156500,2435852500,33233598000,3456.6065,3479.2635,3452.4841,3449.3773
102915000,3468.8426,1649400,22208900,2437501900,33255806900,3456.6065,3479.2635,3452.4841,3449.3773
102920000,3469.1429,2054100,40548300,2439556000,33296355200,3456.6065,3479.2635,3452.4841,3449.3773
102925000,3468.9949,2209900,39406500,2441765900,33335761700,3456.6065,3479.2635,3452.4841,3449.3773
102930000,3469.231,2490300,29971200,2444256200,33365732900,3456.6065,3479.2635,3452.4841,3449.3773
102935000,3469.4748,1757700,28350600,2446013900,33394083500,3456.6065,3479.2635,3452.4841,3449.3773
102940000,3469.6335,2528300,29772600,2448542200,33423856100,3456.6065,3479.2635,3452.4841,3449.3773
102945000,3469.228,1882000,21332200,2450424200,33445188300,3456.6065,3479.2635,3452.4841,3449.3773
102950000,3469.3363,2251900,32010300,2452676100,33477198600,3456.6065,3479.2635,3452.4841,3449.3773
102955000,3469.557,1663000,26455900,2454339100,33503654500,3456.6065,3479.2635,3452.4841,3449.3773
103000000,3469.0579,1278500,20703600,2455617600,33524358100,3456.6065,3479.2635,3452.4841,3449.3773
103005000,3469.6701,2423600,33228600,2458041200,33557586700,3456.6065,3479.2635,3452.4841,3449.3773
103010000,3469.9409,1857500,30139500,2459898700,33587726200,3456.6065,3479.2635,3452.4841,3449.3773
103015000,3469.8617,1275400,20895400,2461174100,33608621600,3456.6065,3479.2635,3452.4841,3449.3773
103020000,3470.0883,1600100,26674000,2462774200,33635295600,3456.6065,3479.2635,3452.4841,3449.3773
103025000,3470.3442,1972600,36345300,2464746800,33671640900,3456.6065,3479.2635,3452.4841,3449.3773
103030000,3469.9259,1125600,18368500,2465872400,33690009400,3456.6065,3479.2635,3452.4841,3449.3773
103035000,3470.0201,1679300,26009400,2467551700,33716018800,3456.6065,3479.2635,3452.4841,3449.3773
103040000,3469.8797,2059000,31358000,2469610700,33747376800,3456.6065,3479.2635,3452.4841,3449.3773
103045000,3470.1925,1694000,19811500,2471304700,33767188300,3456.6065,3479.2635,3452.4841,3449.3773
103050000,3469.9027,2164900,35187100,2473469600,33802375400,3456.6065,3479.2635,3452.4841,3449.3773
103055000,3469.6027,4273900,48169400,2477743500,33850544800,3456.6065,3479.2635,3452.4841,3449.3773
103101000,3469.3837,2546900,39558700,2480290400,33890103500,3456.6065,3479.2635,3452.4841,3449.3773
103106000,3469.6198,1287500,24116900,2481577900,33914220400,3456.6065,3479.2635,3452.4841,3449.3773
103110000,3469.1033,1992000,34532900,2483569900,33948753300,3456.6065,3479.2635,3452.4841,3449.3773
103116000,3469.2121,2081500,33793300,2485651400,33982546600,3456.6065,3479.2635,3452.4841,3449.3773
103120000,3469.4117,958900,18328700,2486610300,34000875300,3456.6065,3479.2635,3452.4841,3449.3773
103126000,3468.9915,2512800,35827700,2489123100,34036703000,3456.6065,3479.2635,3452.4841,3449.3773
103131000,3469.1311,3732900,37535800,2492856000,34074238800,3456.6065,3479.2635,3452.4841,3449.3773
103136000,3468.6887,2182900,21119900,2495038900,34095358700,3456.6065,3479.2635,3452.4841,3449.3773
103141000,3467.9353,4321400,45957100,2499360300,34141315800,3456.6065,3479.2635,3452.4841,3449.3773
103146000,3467.7434,2040000,28387600,2501400300,34169703400,3456.6065,3479.2635,3452.4841,3449.3773
103151000,3467.1756,1528300,20839400,2502928600,34190542800,3456.6065,3479.2635,3452.4841,3449.3773
103156000,3466.6328,3835200,42694300,2506763800,34233237100,3456.6065,3479.2635,3452.4841,3449.3773
103201000,3466.5786,2866700,45475300,2509630500,34278712400,3456.6065,3479.2635,3452.4841,3449.3773
103206000,3466.3979,2543200,27344000,2512173700,34306056400,3456.6065,3479.2635,3452.4841,3449.3773
103211000,3466.5847,2571300,32287400,2514745000,34338343800,3456.6065,3479.2635,3452.4841,3449.3773
103216000,3466.4996,2445800,33920400,2517190800,34372264200,3456.6065,3479.2635,3452.4841,3449.3773
103221000,3467.0676,1389000,15271800,2518579800,34387536000,3456.6065,3479.2635,3452.4841,3449.3773
103226000,3466.6838,1318800,21479000,2519898600,34409015000,3456.6065,3479.2635,3452.4841,3449.3773
103231000,3466.4551,2688700,30339700,2522587300,34439354700,3456.6065,3479.2635,3452.4841,3449.3773
103236000,3466.3988,2133100,18936400,2524720400,34458291100,3456.6065,3479.2635,3452.4841,3449.3773
103241000,3466.1567,3166800,32999100,2527887200,34491290200,3456.6065,3479.2635,3452.4841,3449.3773
103246000,3466.1195,3109800,35917700,2530997000,34527207900,3456.6065,3479.2635,3452.4841,3449.3773
103251000,3466.6378,1453400,22555000,2532450400,34549762900,3456.6065,3479.2635,3452.4841,3449.3773
103256000,3466.3731,2226400,31552200,2534676800,34581315100,3456.6065,3479.2635,3452.4841,3449.3773
103301000,3466.0369,2050000,24937800,2536726800,34606252900,3456.6065,3479.2635,3452.4841,3449.3773
103306000,3465.9494,953900,13083000,2537680700,34619335900,3456.6065,3479.2635,3452.4841,3449.3773
103311000,3465.6973,1730500,25319100,2539411200,34644655000,3456.6065,3479.2635,3452.4841,3449.3773
103316000,3465.9809,2042600,24083200,2541453800,34668738200,3456.6065,3479.2635,3452.4841,3449.3773
103321000,3466.0821,1305900,19292200,2542759700,34688030400,3456.6065,3479.2635,3452.4841,3449.3773
103326000,3465.8541,1950700,26179200,2544710400,34714209600,3456.6065,3479.2635,3452.4841,3449.3773
103331000,3465.6883,2084700,27460400,2546795100,34741670000,3456.6065,3479.2635,3452.4841,3449.3773
103336000,3465.4913,1114900,18028700,2547910000,34759698700,3456.6065,3479.2635,3452.4841,3449.3773
103341000,3465.3682,1961800,27641900,2549871800,34787340600,3456.6065,3479.2635,3452.4841,3449.3773
103346000,3465.8751,2118800,28383200,2551990600,34815723800,3456.6065,3479.2635,3452.4841,3449.3773
103351000,3466.0466,1917200,15654600,2553907800,34831378400,3456.6065,3479.2635,3452.4841,3449.3773
103356000,3465.3556,1731000,19652000,2555638800,34851030400,3456.6065,3479.2635,3452.4841,3449.3773
103401000,3464.7682,1557400,23239500,2557196200,34874269900,3456.6065,3479.2635,3452.4841,3449.3773
103406000,3464.9607,1320400,14965700,2558516600,34889235600,3456.6065,3479.2635,3452.4841,3449.3773
103411000,3464.7778,2014700,27129200,2560531300,34916364800,3456.6065,3479.2635,3452.4841,3449.3773
103416000,3465.109,1529600,22239800,2562060900,34938604600,3456.6065,3479.2635,3452.4841,3449.3773
103421000,3464.8292,1488300,19740900,2563549200,34958345500,3456.6065,3479.2635,3452.4841,3449.3773
103426000,3464.9602,1897500,26649300,2565446700,34984994800,3456.6065,3479.2635,3452.4841,3449.3773
103431000,3464.9834,1989300,25168700,2567436000,35010163500,3456.6065,3479.2635,3452.4841,3449.3773
103436000,3464.9211,1993100,17373700,2569429100,35027537200,3456.6065,3479.2635,3452.4841,3449.3773
103441000,3465.0261,2363300,28559300,2571792400,35056096500,3456.6065,3479.2635,3452.4841,3449.3773
103446000,3465.3282,1299200,21052400,2573091600,35077148900,3456.6065,3479.2635,3452.4841,3449.3773
103451000,3465.0281,1220500,12595400,2574312100,35089744300,3456.6065,3479.2635,3452.4841,3449.3773
103456000,3464.1653,1346700,21087300,2575658800,35110831600,3456.6065,3479.2635,3452.4841,3449.3773
103501000,3464.221,1435900,21090700,2577094700,35131922300,3456.6065,3479.2635,3452.4841,3449.3773
103506000,3464.1888,1425100,18017000,2578519800,35149939300,3456.6065,3479.2635,3452.4841,3449.3773
103512000,3464.4419,1597500,24775000,2580117300,35174714300,3456.6065,3479.2635,3452.4841,3449.3773
103517000,3464.3011,1573000,21721600,2581690300,35196435900,3456.6065,3479.2635,3452.4841,3449.3773
103521000,3464.6061,1239700,14090100,2582930000,35210526000,3456.6065,3479.2635,3452.4841,3449.3773
103527000,3464.1571,1982900,25335600,2584912900,35235861600,3456.6065,3479.2635,3452.4841,3449.3773
103532000,3464.0796,1651400,21368700,2586564300,35257230300,3456.6065,3479.2635,3452.4841,3449.3773
103537000,3464.1443,1539000,21984700,2588103300,35279215000,3456.6065,3479.2635,3452.4841,3449.3773
103542000,3464.4342,985600,15429200,2589088900,35294644200,3456.6065,3479.2635,3452.4841,3449.3773
103547000,3464.7667,1535300,23720400,2590624200,35318364600,3456.6065,3479.2635,3452.4841,3449.3773
103552000,3464.3528,1432400,24622800,2592056600,35342987400,3456.6065,3479.2635,3452.4841,3449.3773
103557000,3464.1699,1331600,16340000,2593388200,35359327400,3456.6065,3479.2635,3452.4841,3449.3773
103602000,3464.1745,1951500,24572100,2595339700,35383899500,3456.6065,3479.2635,3452.4841,3449.3773
103607000,3464.244,1053200,17195000,2596392900,35401094500,3456.6065,3479.2635,3452.4841,3449.3773
103612000,3464.0139,1234300,14373000,2597627200,35415467500,3456.6065,3479.2635,3452.4841,3449.3773
103617000,3464.2084,1484100,20370300,2599111300,35435837800,3456.6065,3479.2635,3452.4841,3449.3773
103622000,3464.0615,2420200,27360900,2601531500,35463198700,3456.6065,3479.2635,3452.4841,3449.3773
103627000,3463.7493,1570900,16251100,2603102400,35479449800,3456.6065,3479.2635,3452.4841,3449.3773
103632000,3464.1243,2018000,22700100,2605120400,35502149900,3456.6065,3479.2635,3452.4841,3449.3773
103637000,3463.9317,2436300,30055700,2607556700,35532205600,3456.6065,3479.2635,3452.4841,3449.3773
103642000,3463.6556,1135400,16303600,2608692100,35548509200,3456.6065,3479.2635,3452.4841,3449.3773
103647000,3463.6729,1363000,20477200,2610055100,35568986400,3456.6065,3479.2635,3452.4841,3449.3773
103652000,3464.1987,1578000,22206900,2611633100,35591193300,3456.6065,3479.2635,3452.4841,3449.3773
103657000,3463.5302,1167000,16146800,2612800100,35607340100,3456.6065,3479.2635,3452.4841,3449.3773
103702000,3462.5617,4304100,41733400,2617104200,35649073500,3456.6065,3479.2635,3452.4841,3449.3773
103707000,3462.9438,4087600,44830800,2621191800,35693904300,3456.6065,3479.2635,3452.4841,3449.3773
103712000,3462.7529,1221600,19151200,2622413400,35713055500,3456.6065,3479.2635,3452.4841,3449.3773
103717000,3462.5896,2991600,34422200,2625405000,35747477700,3456.6065,3479.2635,3452.4841,3449.3773
103722000,3462.5571,2341200,32266100,2627746200,35779743800,3456.6065,3479.2635,3452.4841,3449.3773
103727000,3462.0873,1394900,18713800,2629141100,35798457600,3456.6065,3479.2635,3452.4841,3449.3773
103732000,3461.8112,2479800,29414800,2631620900,35827872400,3456.6065,3479.2635,3452.4841,3449.3773
103737000,3462.5494,2462300,32982200,2634083200,35860854600,3456.6065,3479.2635,3452.4841,3449.3773
103742000,3462.6125,957100,13269000,2635040300,35874123600,3456.6065,3479.2635,3452.4841,3449.3773
103747000,3461.7551,2850600,43966500,2637890900,35918090100,3456.6065,3479.2635,3452.4841,3449.3773
103752000,3461.9516,2054500,29951900,2639945400,35948042000,3456.6065,3479.2635,3452.4841,3449.3773
103757000,3461.7533,1212000,16578400,2641157400,35964620400,3456.6065,3479.2635,3452.4841,3449.3773
103802000,3461.4554,2349600,32612700,2643507000,35997233100,3456.6065,3479.2635,3452.4841,3449.3773
103807000,3461.3815,2244100,25609000,2645751100,36022842100,3456.6065,3479.2635,3452.4841,3449.3773
103812000,3461.2675,1361500,20262500,2647112600,36043104600,3456.6065,3479.2635,3452.4841,3449.3773
103817000,3461.5951,2050300,25487700,2649162900,36068592300,3456.6065,3479.2635,3452.4841,3449.3773
103822000,3461.5193,1364600,20255900,2650527500,36088848200,3456.6065,3479.2635,3452.4841,3449.3773
103827000,3461.8149,1538200,19925800,2652065700,36108774000,3456.6065,3479.2635,3452.4841,3449.3773
103832000,3461.8809,2589900,31573600,2654655600,36140347600,3456.6065,3479.2635,3452.4841,3449.3773
103837000,3461.2417,2739400,29957400,2657395000,36170305000,3456.6065,3479.2635,3452.4841,3449.3773
103842000,3461.2911,1280300,19802100,2658675300,36190107100,3456.6065,3479.2635,3452.4841,3449.3773
103847000,3461.2761,2160900,22814500,2660836200,36212921600,3456.6065,3479.2635,3452.4841,3449.3773
103852000,3461.1142,1814400,28135000,2662650600,36241056600,3456.6065,3479.2635,3452.4841,3449.3773
103857000,3461.1362,1037400,13795500,2663688000,36254852100,3456.6065,3479.2635,3452.4841,3449.3773
103902000,3461.0074,1606300,23658900,2665294300,36278511000,3456.6065,3479.2635,3452.4841,3449.3773
103907000,3460.9326,2478700,30680300,2667773000,36309191300,3456.6065,3479.2635,3452.4841,3449.3773
103912000,3461.0885,786000,11652600,2668559000,36320843900,3456.6065,3479.2635,3452.4841,3449.3773
103917000,3461.1867,2391700,27475800,2670950700,36348319700,3456.6065,3479.2635,3452.4841,3449.3773
103922000,3461.6253,2274500,27649800,2673225200,36375969500,3456.6065,3479.2635,3452.4841,3449.3773
103928000,3461.6284,1576800,27604900,2674802000,36403574400,3456.6065,3479.2635,3452.4841,3449.3773
103933000,3462.0501,631600,8238900,2675433600,36411813300,3456.6065,3479.2635,3452.4841,3449.3773
103938000,3461.8161,1769400,23287200,2677203000,36435100500,3456.6065,3479.2635,3452.4841,3449.3773
103943000,3461.9566,1930100,27896200,2679133100,36462996700,3456.6065,3479.2635,3452.4841,3449.3773
103948000,3461.9089,1121600,16174500,2680254700,36479171200,3456.6065,3479.2635,3452.4841,3449.3773
103953000,3462.1812,2002300,26102300,2682257000,36505273500,3456.6065,3479.2635,3452.4841,3449.3773
103958000,3461.7269,1311600,18770000,2683568600,36524043500,3456.6065,3479.2635,3452.4841,3449.3773
104003000,3461.5756,959000,15044300,2684527600,36539087800,3456.6065,3479.2635,3452.4841,3449.3773
104008000,3461.9298,1198800,16827500,2685726400,36555915300,3456.6065,3479.2635,3452.4841,3449.3773
104013000,3462.4732,1338900,23828900,2687065300,36579744200,3456.6065,3479.2635,3452.4841,3449.3773
104018000,3462.2095,1473000,18024200,2688538300,36597768400,3456.6065,3479.2635,3452.4841,3449.3773
104023000,3462.1583,1570800,22212000,2690109100,36619980400,3456.6065,3479.2635,3452.4841,3449.3773
104028000,3461.7263,1998600,27169200,2692107700,36647149600,3456.6065,3479.2635,3452.4841,3449.3773
104033000,3461.5079,821200,11118300,2692928900,36658267900,3456.6065,3479.2635,3452.4841,3449.3773
104038000,3461.3051,1619300,22881200,2694548200,36681149100,3456.6065,3479.2635,3452.4841,3449.3773
104043000,3461.8507,1724100,20541500,2696272300,36701690600,3456.6065,3479.2635,3452.4841,3449.3773
104048000,3461.5983,1098100,14840100,2697370400,36716530700,3456.6065,3479.2635,3452.4841,3449.3773
104053000,3461.7771,1833500,21232800,2699203900,36737763500,3456.6065,3479.2635,3452.4841,3449.3773
104058000,3461.8085,1628300,22570600,2700832200,36760334100,3456.6065,3479.2635,3452.4841,3449.3773
104103000,3461.8772,957200,12769600,2701789400,36773103700,3456.6065,3479.2635,3452.4841,3449.3773
104108000,3461.8885,1935600,38032000,2703725000,36811135700,3456.6065,3479.2635,3452.4841,3449.3773
104113000,3462.1036,1519700,23447200,2705244700,36834582900,3456.6065,3479.2635,3452.4841,3449.3773
104118000,3461.914,1273500,14975600,2706518200,36849558500,3456.6065,3479.2635,3452.4841,3449.3773
104123000,3461.7442,1285600,20412900,2707803800,36869971400,3456.6065,3479.2635,3452.4841,3449.3773
104128000,3462.0369,1450300,18464900,2709254100,36888436300,3456.6065,3479.2635,3452.4841,3449.3773
104133000,3461.9097,991300,13928000,2710245400,36902364300,3456.6065,3479.2635,3452.4841,3449.3773
104138000,3461.8576,1387800,20951000,2711633200,36923315300,3456.6065,3479.2635,3452.4841,3449.3773
104143000,3461.8491,1901200,24568000,2713534400,36947883300,3456.6065,3479.2635,3452.4841,3449.3773
104148000,3461.9525,1047600,19460100,2714582000,36967343400,3456.6065,3479.2635,3452.4841,3449.3773
104153000,3461.9078,2124300,31234000,2716706300,36998577400,3456.6065,3479.2635,3452.4841,3449.3773
104158000,3461.7649,1400300,23204800,2718106600,37021782200,3456.6065,3479.2635,3452.4841,3449.3773
104203000,3461.5515,2283900,20701800,2720390500,37042484000,3456.6065,3479.2635,3452.4841,3449.3773
104208000,3461.8303,2222400,25630100,2722612900,37068114100,3456.6065,3479.2635,3452.4841,3449.3773
104213000,3462.1273,3673400,27521600,2726286300,37095635700,3456.6065,3479.2635,3452.4841,3449.3773
104218000,3461.7165,1669300,21311600,2727955600,37116947300,3456.6065,3479.2635,3452.4841,3449.3773
104223000,3461.7587,1146700,19661200,2729102300,37136608500,3456.6065,3479.2635,3452.4841,3449.3773
104228000,3461.863,1452000,17886800,2730554300,37154495300,3456.6065,3479.2635,3452.4841,3449.3773
104233000,3461.9188,1118100,16273500,2731672400,37170768800,3456.6065,3479.2635,3452.4841,3449.3773
104238000,3461.7108,1251900,21097000,2732924300,37191865800,3456.6065,3479.2635,3452.4841,3449.3773
104243000,3462.0469,1818200,25412400,2734742500,37217278200,3456.6065,3479.2635,3452.4841,3449.3773
104248000,3461.8867,1454100,18874500,2736196600,37236152700,3456.6065,3479.2635,3452.4841,3449.3773
104253000,3462.4145,1431900,22080800,2737628500,37258233500,3456.6065,3479.2635,3452.4841,3449.3773
104258000,3461.8875,1781200,24626500,2739409700,37282860000,3456.6065,3479.2635,3452.4841,3449.3773
104303000,3461.9409,1635600,24774800,2741045300,37307634800,3456.6065,3479.2635,3452.4841,3449.3773
104308000,3461.651,2322500,27154500,2743367800,37334789300,3456.6065,3479.2635,3452.4841,3449.3773
104313000,3462.1659,2118100,24772100,2745485900,37359561400,3456.6065,3479.2635,3452.4841,3449.3773
104318000,3462.1303,1343700,15311600,2746829600,37374873000,3456.6065,3479.2635,3452.4841,3449.3773
104323000,3462.0335,1770800,26468500,2748600400,37401341500,3456.6065,3479.2635,3452.4841,3449.3773
104329000,3461.6898,1907000,28608100,2750507400,37429949600,3456.6065,3479.2635,3452.4841,3449.3773
104333000,3461.8017,863800,10563100,2751371200,37440512700,3456.6065,3479.2635,3452.4841,3449.3773
104339000,3461.965,1699800,22770100,2753071000,37463282800,3456.6065,3479.2635,3452.4841,3449.3773
104344000,3461.8366,2367400,28686900,2755438400,37491969700,3456.6065,3479.2635,3452.4841,3449.3773
104349000,3462.419,1652000,25103100,2757090400,37517072800,3456.6065,3479.2635,3452.4841,3449.3773
104354000,3462.126,1324700,16381500,2758415100,37533454300,3456.6065,3479.2635,3452.4841,3449.3773
104359000,3460.984,2252500,32820700,2760667600,37566275000,3456.6065,3479.2635,3452.4841,3449.3773
104404000,3461.261,2146900,27500900,2762814500,37593775900,3456.6065,3479.2635,3452.4841,3449.3773
104409000,3461.332,2045300,16359300,2764859800,37610135200,3456.6065,3479.2635,3452.4841,3449.3773
104414000,3461.6106,1946400,24161400,2766806200,37634296600,3456.6065,3479.2635,3452.4841,3449.3773
104419000,3461.4514,2105500,30153500,2768911700,37664450100,3456.6065,3479.2635,3452.4841,3449.3773
104424000,3461.6297,1596300,19674500,2770508000,37684124600,3456.6065,3479.2635,3452.4841,3449.3773
104429000,3461.4471,1926600,38092100,2772434600,37722216700,3456.6065,3479.2635,3452.4841,3449.3773
104434000,3461.39,1529400,23931900,2773964000,37746148600,3456.6065,3479.2635,3452.4841,3449.3773
104439000,3461.4441,1211500,13693800,2775175500,37759842400,3456.6065,3479.2635,3452.4841,3449.3773
104444000,3461.7208,1477500,21476100,2776653000,37781318500,3456.6065,3479.2635,3452.4841,3449.3773
104449000,3461.6293,2853200,28279300,2779506200,37809597800,3456.6065,3479.2635,3452.4841,3449.3773
104454000,3461.5593,1379500,16154000,2780885700,37825751800,3456.6065,3479.2635,3452.4841,3449.3773
104459000,3461.2032,2057200,35695200,2782942900,37861447000,3456.6065,3479.2635,3452.4841,3449.3773
104504000,3461.2082,2130500,29014300,2785073400,37890461300,3456.6065,3479.2635,3452.4841,3449.3773
104509000,3461.4989,1771500,21076900,2786844900,37911538200,3456.6065,3479.2635,3452.4841,3449.3773
104514000,3461.83,3356700,34110400,2790201600,37945648600,3456.6065,3479.2635,3452.4841,3449.3773
104519000,3461.8522,1601700,24324500,2791803300,37969973100,3456.6065,3479.2635,3452.4841,3449.3773
104524000,3462.3613,1304400,16355600,2793107700,37986328700,3456.6065,3479.2635,3452.4841,3449.3773
104529000,3462.4343,1958000,27383800,2795065700,38013712500,3456.6065,3479.2635,3452.4841,3449.3773
104534000,3463.0736,2046000,34804100,2797111700,38048516600,3456.6065,3479.2635,3452.4841,3449.3773
104539000,3463.1147,1350500,16752600,2798462200,38065269200,3456.6065,3479.2635,3452.4841,3449.3773
104544000,3463.2022,2126100,29466500,2800588300,38094735700,3456.6065,3479.2635,3452.4841,3449.3773
104549000,3464.1142,4041500,50596100,2804629800,38145331800,3456.6065,3479.2635,3452.4841,3449.3773
104554000,3464.7188,2514600,32761700,2807144400,38178093500,3456.6065,3479.2635,3452.4841,3449.3773
104559000,3464.5065,3028500,47476300,2810172900,38225569800,3456.6065,3479.2635,3452.4841,3449.3773
104604000,3465.1676,3281800,51031900,2813454700,38276601700,3456.6065,3479.2635,3452.4841,3449.3773
104609000,3465.4758,2851400,29562100,2816306100,38306163800,3456.6065,3479.2635,3452.4841,3449.3773
104614000,3465.8727,3637700,42048200,2819943800,38348212000,3456.6065,3479.2635,3452.4841,3449.3773
104619000,3466.3044,2040900,53770200,2821984700,38401982200,3456.6065,3479.2635,3452.4841,3449.3773
104624000,3466.5322,2273800,25213700,2824258500,38427195900,3456.6065,3479.2635,3452.4841,3449.3773
104629000,3466.8046,2712700,37645500,2826971200,38464841400,3456.6065,3479.2635,3452.4841,3449.3773
104634000,3466.6468,3696100,46318300,2830667300,38511159700,3456.6065,3479.2635,3452.4841,3449.3773
104639000,3467.0708,1576400,32096300,2832243700,38543256000,3456.6065,3479.2635,3452.4841,3449.3773
104644000,3467.0824,2214500,38785300,2834458200,38582041300,3456.6065,3479.2635,3452.4841,3449.3773
104649000,3467.4265,1972500,36472700,2836430700,38618514000,3456.6065,3479.2635,3452.4841,3449.3773
104654000,3467.4271,2027800,19181300,2838458500,38637695300,3456.6065,3479.2635,3452.4841,3449.3773
104659000,3467.4449,1472300,27393200,2839930800,38665088500,3456.6065,3479.2635,3452.4841,3449.3773
104704000,3467.5615,2198800,39559800,2842129600,38704648300,3456.6065,3479.2635,3452.4841,3449.3773
104709000,3467.493,1949500,23293200,2844079100,38727941500,3456.6065,3479.2635,3452.4841,3449.3773
104714000,3467.8573,1976800,34538600,2846055900,38762480100,3456.6065,3479.2635,3452.4841,3449.3773
104719000,3467.854,2922000,39547900,2848977900,38802028000,3456.6065,3479.2635,3452.4841,3449.3773
104724000,3467.7585,859400,11509300,2849837300,38813537300,3456.6065,3479.2635,3452.4841,3449.3773
104729000,3468.1865,1996100,30307600,2851833400,38843844900,3456.6065,3479.2635,3452.4841,3449.3773
104734000,3468.1469,1639800,26603600,2853473200,38870448500,3456.6065,3479.2635,3452.4841,3449.3773
104740000,3468.3883,2810000,32437200,2856283200,38902885700,3456.6065,3479.2635,3452.4841,3449.3773
104745000,3468.3597,1130200,15117800,2857413400,38918003500,3456.6065,3479.2635,3452.4841,3449.3773
104750000,3468.362,1888100,31428400,2859301500,38949431900,3456.6065,3479.2635,3452.4841,3449.3773
104755000,3468.1685,2268800,26665900,2861570300,38976097800,3456.6065,3479.2635,3452.4841,3449.3773
104800000,3467.6926,1426000,16941000,2862996300,38993038800,3456.6065,3479.2635,3452.4841,3449.3773
104805000,3467.925,2126400,30441200,2865122700,39023480000,3456.6065,3479.2635,3452.4841,3449.3773
104810000,3467.9257,1855200,25876900,2866977900,39049356900,3456.6065,3479.2635,3452.4841,3449.3773
104815000,3468.5568,1410600,23342300,2868388500,39072699200,3456.6065,3479.2635,3452.4841,3449.3773
104820000,3468.3464,2138100,39773700,2870526600,39112472900,3456.6065,3479.2635,3452.4841,3449.3773
104825000,3468.0234,2638200,33371900,2873164800,39145844800,3456.6065,3479.2635,3452.4841,3449.3773
104830000,3468.1574,1389400,21932400,2874554200,39167777200,3456.6065,3479.2635,3452.4841,3449.3773
104835000,3468.2334,4040500,49118600,2878594700,39216895800,3456.6065,3479.2635,3452.4841,3449.3773
104840000,3468.3163,1805300,31649700,2880400000,39248545500,3456.6065,3479.2635,3452.4841,3449.3773
104845000,3468.3101,1109100,13649800,2881509100,39262195300,3456.6065,3479.2635,3452.4841,3449.3773
104850000,3468.1856,3841300,39739600,2885350400,39301934900,3456.6065,3479.2635,3452.4841,3449.3773
104855000,3468.2836,2333700,29400700,2887684100,39331335600,3456.6065,3479.2635,3452.4841,3449.3773
104900000,3468.1097,1339100,22322300,2889023200,39353657900,3456.6065,3479.2635,3452.4841,3449.3773
104905000,3468.2608,2075000,31228100,2891098200,39384886000,3456.6065,3479.2635,3452.4841,3449.3773
104910000,3468.6676,2820800,32085300,2893919000,39416971300,3456.6065,3479.2635,3452.4841,3449.3773
104915000,3468.7998,1969700,19585200,2895888700,39436556500,3456.6065,3479.2635,3452.4841,3449.3773
104920000,3468.9183,1753900,27296600,2897642600,39463853100,3456.6065,3479.2635,3452.4841,3449.3773
104925000,3468.894,1456800,19587800,2899099400,39483440900,3456.6065,3479.2635,3452.4841,3449.3773
104930000,3468.3601,934700,12530500,2900034100,39495971400,3456.6065,3479.2635,3452.4841,3449.3773
104935000,3468.7966,2736100,34082600,2902770200,39530054000,3456.6065,3479.2635,3452.4841,3449.3773
104940000,3469.0799,4174900,40496400,2906945100,39570550400,3456.6065,3479.2635,3452.4841,3449.3773
104945000,3469.1335,3352300,32179500,2910297400,39602729900,3456.6065,3479.2635,3452.4841,3449.3773
104950000,3468.9871,2478400,33983900,2912775800,39636713800,3456.6065,3479.2635,3452.4841,3449.3773
104955000,3469.1248,2378600,32507100,2915154400,39669220900,3456.6065,3479.2635,3452.4841,3449.3773
105000000,3469.2004,1025200,17557100,2916179600,39686778000,3456.6065,3479.2635,3452.4841,3449.3773
105005000,3469.4301,2408700,25566200,2918588300,39712344200,3456.6065,3479.2635,3452.4841,3449.3773
105010000,3469.1435,1597500,25659300,2920185800,39738003500,3456.6065,3479.2635,3452.4841,3449.3773
105015000,3469.4926,1047700,14610400,2921233500,39752613900,3456.6065,3479.2635,3452.4841,3449.3773
105020000,3469.4245,2546300,35666700,2923779800,39788280600,3456.6065,3479.2635,3452.4841,3449.3773
105025000,3469.3508,1870400,25269000,2925650200,39813549600,3456.6065,3479.2635,3452.4841,3449.3773
105030000,3469.0927,1184200,20869700,2926834400,39834419300,3456.6065,3479.2635,3452.4841,3449.3773
105035000,3468.9103,2884200,41735400,2929718600,39876154700,3456.6065,3479.2635,3452.4841,3449.3773
105040000,3469.1064,1787000,29818300,2931505600,39905973000,3456.6065,3479.2635,3452.4841,3449.3773
105045000,3469.1472,999200,13609300,2932504800,39919582300,3456.6065,3479.2635,3452.4841,3449.3773
105050000,3469.0589,2003000,32856100,2934507800,39952438400,3456.6065,3479.2635,3452.4841,3449.3773
105055000,3469.0494,2527200,37867500,2937035000,39990305900,3456.6065,3479.2635,3452.4841,3449.3773
105100000,3468.939,1180000,16404500,2938215000,40006710400,3456.6065,3479.2635,3452.4841,3449.3773
105105000,3469.2133,2001200,35095200,2940216200,40041805600,3456.6065,3479.2635,3452.4841,3449.3773
105110000,3469.3091,2154900,30736600,2942371100,40072542200,3456.6065,3479.2635,3452.4841,3449.3773
105115000,3469.3277,993600,15912700,2943364700,40088454900,3456.6065,3479.2635,3452.4841,3449.3773
105120000,3469.8272,1884700,33929300,2945249400,40122384200,3456.6065,3479.2635,3452.4841,3449.3773
105125000,3469.7191,1562600,24606000,2946812000,40146990200,3456.6065,3479.2635,3452.4841,3449.3773
105130000,3469.7728,1025300,14420800,2947837300,40161411000,3456.6065,3479.2635,3452.4841,3449.3773
105135000,3470.1087,2553800,36387500,2950391100,40197798500,3456.6065,3479.2635,3452.4841,3449.3773
105140000,3470.1155,1588100,29943700,2951979200,40227742200,3456.6065,3479.2635,3452.4841,3449.3773
105145000,3470.1381,1478300,26641400,2953457500,40254383600,3456.6065,3479.2635,3452.4841,3449.3773
105151000,3470.4416,2966800,48327600,2956424300,40302711200,3456.6065,3479.2635,3452.4841,3449.3773
105156000,3470.5596,2703700,56391200,2959128000,40359102400,3456.6065,3479.2635,3452.4841,3449.3773
105201000,3470.6521,2890800,49693700,2962018800,40408796100,3456.6065,3479.2635,3452.4841,3449.3773
105206000,3470.3905,1875200,38423300,2963894000,40447219400,3456.6065,3479.2635,3452.4841,3449.3773
105211000,3470.7871,2721100,57683200,2966615100,40504902600,3456.6065,3479.2635,3452.4841,3449.3773
105216000,3471.9636,1908500,34898800,2968523600,40539801400,3456.6065,3479.2635,3452.4841,3449.3773
105221000,3471.7563,1538100,22406300,2970061700,40562207700,3456.6065,3479.2635,3452.4841,3449.3773
105226000,3471.7927,3207800,46414600,2973269500,40608622300,3456.6065,3479.2635,3452.4841,3449.3773
105231000,3471.491,2743700,43926900,2976013200,40652549200,3456.6065,3479.2635,3452.4841,3449.3773
105236000,3471.719,2713200,30959500,2978726400,40683508700,3456.6065,3479.2635,3452.4841,3449.3773
105241000,3471.6882,2953300,51765200,2981679700,40735273900,3456.6065,3479.2635,3452.4841,3449.3773
105246000,3472.1184,3374900,55525700,2985054600,40790799600,3456.6065,3479.2635,3452.4841,3449.3773
105251000,3472.0358,1176000,22459000,2986230600,40813258600,3456.6065,3479.2635,3452.4841,3449.3773
105256000,3472.2281,3082600,47260200,2989313200,40860518800,3456.6065,3479.2635,3452.4841,3449.3773
105301000,3471.6418,3054600,52631700,2992367800,40913150500,3456.6065,3479.2635,3452.4841,3449.3773
105306000,3472.0923,2191400,33884900,2994559200,40947035400,3456.6065,3479.2635,3452.4841,3449.3773
105311000,3471.7179,3233300,47280700,2997792500,40994316100,3456.6065,3479.2635,3452.4841,3449.3773
105316000,3472.1193,2078900,34608200,2999871400,41028924300,3456.6065,3479.2635,3452.4841,3449.3773
105321000,3472.2491,1114500,15815400,3000985900,41044739700,3456.6065,3479.2635,3452.4841,3449.3773
105326000,3472.3113,2033800,35546200,3003019700,41080285900,3456.6065,3479.2635,3452.4841,3449.3773
105331000,3471.9123,1827700,29901300,3004847400,41110187200,3456.6065,3479.2635,3452.4841,3449.3773
105336000,3472.2592,2268400,27592300,3007115800,41137779500,3456.6065,3479.2635,3452.4841,3449.3773
105341000,3472.1905,1867000,29521800,3008982800,41167301300,3456.6065,3479.2635,3452.4841,3449.3773
105346000,3472.7751,2507600,37071800,3011490400,41204373100,3456.6065,3479.2635,3452.4841,3449.3773
105351000,3472.8598,992700,17873200,3012483100,41222246300,3456.6065,3479.2635,3452.4841,3449.3773
105356000,3472.575,1279900,18291800,3013763000,41240538100,3456.6065,3479.2635,3452.4841,3449.3773
105401000,3472.0874,2424100,30994400,3016187100,41271532500,3456.6065,3479.2635,3452.4841,3449.3773
105406000,3472.261,2275700,19674500,3018462800,41291207000,3456.6065,3479.2635,3452.4841,3449.3773
105411000,3472.3912,1548300,26912500,3020011100,41318119500,3456.6065,3479.2635,3452.4841,3449.3773
105416000,3472.5625,2389500,28325700,3022400600,41346445200,3456.6065,3479.2635,3452.4841,3449.3773
105421000,3472.5787,723100,12526800,3023123700,41358972000,3456.6065,3479.2635,3452.4841,3449.3773
105426000,3472.1918,1758700,33363200,3024882400,41392335200,3456.6065,3479.2635,3452.4841,3449.3773
105431000,3472.0167,2705400,37783400,3027587800,41430118600,3456.6065,3479.2635,3452.4841,3449.3773
105436000,3471.9542,2093100,21999100,3029680900,41452117700,3456.6065,3479.2635,3452.4841,3449.3773
105441000,3471.5223,2903300,40104900,3032584200,41492222600,3456.6065,3479.2635,3452.4841,3449.3773
105446000,3471.8832,3107700,41731200,3035691900,41533953800,3456.6065,3479.2635,3452.4841,3449.3773
105451000,3471.4167,1153100,14612700,3036845000,41548566500,3456.6065,3479.2635,3452.4841,3449.3773
105456000,3471.5662,1859900,27563600,3038704900,41576130100,3456.6065,3479.2635,3452.4841,3449.3773
105501000,3471.7272,2763700,42114500,3041468600,41618244600,3456.6065,3479.2635,3452.4841,3449.3773
105506000,3471.4613,1547100,23602300,3043015700,41641846900,3456.6065,3479.2635,3452.4841,3449.3773
105511000,3471.2781,2640100,44406400,3045655800,41686253300,3456.6065,3479.2635,3452.4841,3449.3773
105516000,3471.938,2532100,41644300,3048187900,41727897600,3456.6065,3479.2635,3452.4841,3449.3773
105521000,3471.9498,1511700,21378500,3049699600,41749276100,3456.6065,3479.2635,3452.4841,3449.3773
105526000,3472.1858,1943500,32615300,3051643100,41781891400,3456.6065,3479.2635,3452.4841,3449.3773
105531000,3471.9555,1873800,26755500,3053516900,41808646900,3456.6065,3479.2635,3452.4841,3449.3773
105536000,3472.1117,1167300,11356500,3054684200,41820003400,3456.6065,3479.2635,3452.4841,3449.3773
105541000,3472.5906,1569700,26919100,3056253900,41846922500,3456.6065,3479.2635,3452.4841,3449.3773
105547000,3472.3727,1720500,26566500,3057974400,41873489000,3456.6065,3479.2635,3452.4841,3449.3773
105551000,3472.5423,996400,16182900,3058970800,41889671900,3456.6065,3479.2635,3452.4841,3449.3773
105557000,3473.1727,2148400,29622300,3061119200,41919294200,3456.6065,3479.2635,3452.4841,3449.3773
105602000,3472.3176,1642400,24629800,3062761600,41943924000,3456.6065,3479.2635,3452.4841,3449.3773
105607000,3472.3233,2439500,42080400,3065201100,41986004400,3456.6065,3479.2635,3452.4841,3449.3773
105612000,3472.1137,1534200,21911000,3066735300,42007915400,3456.6065,3479.2635,3452.4841,3449.3773
105617000,3472.6262,2107800,31331100,3068843100,42039246500,3456.6065,3479.2635,3452.4841,3449.3773
105622000,3472.6838,2287500,32605700,3071130600,42071852200,3456.6065,3479.2635,3452.4841,3449.3773
105627000,3472.486,877500,11518300,3072008100,42083370500,3456.6065,3479.2635,3452.4841,3449.3773
105632000,3472.388,1473100,23919300,3073481200,42107289800,3456.6065,3479.2635,3452.4841,3449.3773
105637000,3472.5041,1559500,21606600,3075040700,42128896400,3456.6065,3479.2635,3452.4841,3449.3773
105642000,3472.3631,1123900,14704300,3076164600,42143600700,3456.6065,3479.2635,3452.4841,3449.3773
105647000,3472.2314,1359200,23269300,3077523800,42166870000,3456.6065,3479.2635,3452.4841,3449.3773
105652000,3472.3134,1551100,25690800,3079074900,42192560800,3456.6065,3479.2635,3452.4841,3449.3773
105657000,3472.0302,1299700,17073400,3080374600,42209634200,3456.6065,3479.2635,3452.4841,3449.3773
105702000,3471.8284,1919500,30925000,3082294100,42240559200,3456.6065,3479.2635,3452.4841,3449.3773
105707000,3471.2736,2142300,29154300,3084436400,42269713500,3456.6065,3479.2635,3452.4841,3449.3773
105712000,3471.4752,1111700,14811300,3085548100,42284524800,3456.6065,3479.2635,3452.4841,3449.3773
105717000,3471.7279,3044400,32699800,3088592500,42317224600,3456.6065,3479.2635,3452.4841,3449.3773
105722000,3471.7363,2144500,29194200,3090737000,42346418800,3456.6065,3479.2635,3452.4841,3449.3773
105727000,3471.4611,1034500,16080200,3091771500,42362499000,3456.6065,3479.2635,3452.4841,3449.3773
105732000,3471.5611,2242400,27323800,3094013900,42389822800,3456.6065,3479.2635,3452.4841,3449.3773
105737000,3471.7357,1681500,26680000,3095695400,42416502800,3456.6065,3479.2635,3452.4841,3449.3773
105742000,3471.5792,1128300,13573400,3096823700,42430076200,3456.6065,3479.2635,3452.4841,3449.3773
105747000,3471.5223,2183900,26989400,3099007600,42457065600,3456.6065,3479.2635,3452.4841,3449.3773
105752000,3471.4438,1580400,31257000,3100588000,42488322600,3456.6065,3479.2635,3452.4841,3449.3773
105757000,3471.4814,936600,16699000,3101524600,42505021600,3456.6065,3479.2635,3452.4841,3449.3773
105802000,3470.9805,2026100,35112900,3103550700,42540134500,3456.6065,3479.2635,3452.4841,3449.3773
105807000,3470.8835,1931500,25965100,3105482200,42566099600,3456.6065,3479.2635,3452.4841,3449.3773
105812000,3471.1582,753000,15980800,3106235200,42582080400,3456.6065,3479.2635,3452.4841,3449.3773
105817000,3471.3968,1769400,25432200,3108004600,42607512600,3456.6065,3479.2635,3452.4841,3449.3773
105822000,3471.0913,974300,15048700,3108978900,42622561300,3456.6065,3479.2635,3452.4841,3449.3773
105827000,3471.152,817200,12942400,3109796100,42635503700,3456.6065,3479.2635,3452.4841,3449.3773
105832000,3470.9418,1530900,23148000,3111327000,42658651700,3456.6065,3479.2635,3452.4841,3449.3773
105837000,3471.0453,1896900,26411100,3113223900,42685062800,3456.6065,3479.2635,3452.4841,3449.3773
105842000,3470.9335,1107900,14832700,3114331800,42699895500,3456.6065,3479.2635,3452.4841,3449.3773
105847000,3471.0624,1387400,20667600,3115719200,42720563100,3456.6065,3479.2635,3452.4841,3449.3773
105852000,3470.7015,1368500,20320100,3117087700,42740883200,3456.6065,3479.2635,3452.4841,3449.3773
105857000,3470.8842,769300,13093700,3117857000,42753976900,3456.6065,3479.2635,3452.4841,3449.3773
105902000,3470.795,1892900,26729900,3119749900,42780706800,3456.6065,3479.2635,3452.4841,3449.3773
105907000,3470.2019,1900300,26357400,3121650200,42807064200,3456.6065,3479.2635,3452.4841,3449.3773
105912000,3470.5485,1498500,17951600,3123148700,42825015800,3456.6065,3479.2635,3452.4841,3449.3773
105917000,3470.6602,2375200,27751700,3125523900,42852767500,3456.6065,3479.2635,3452.4841,3449.3773
105922000,3470.5983,1950000,32318200,3127473900,42885085700,3456.6065,3479.2635,3452.4841,3449.3773
105927000,3470.7929,584900,9794400,3128058800,42894880100,3456.6065,3479.2635,3452.4841,3449.3773
105932000,3470.6388,1448800,28964200,3129507600,42923844300,3456.6065,3479.2635,3452.4841,3449.3773
105937000,3470.7178,1931700,31892200,3131439300,42955736500,3456.6065,3479.2635,3452.4841,3449.3773
105942000,3470.5304,904000,11359100,3132343300,42967095600,3456.6065,3479.2635,3452.4841,3449.3773
105947000,3470.5635,1613200,23486400,3133956500,42990582000,3456.6065,3479.2635,3452.4841,3449.3773
105953000,3470.8695,1942900,23628100,3135899400,43014210100,3456.6065,3479.2635,3452.4841,3449.3773
105957000,3470.5403,466600,8924400,3136366000,43023134500,3456.6065,3479.2635,3452.4841,3449.3773
110003000,3470.111,1528800,22041000,3137894800,43045175500,3456.6065,3479.2635,3452.4841,3449.3773
110008000,3470.4781,1725700,20770000,3139620500,43065945500,3456.6065,3479.2635,3452.4841,3449.3773
110012000,3470.7872,959300,12807900,3140579800,43078753400,3456.6065,3479.2635,3452.4841,3449.3773
110018000,3470.603,1810600,25111900,3142390400,43103865300,3456.6065,3479.2635,3452.4841,3449.3773
110023000,3470.9839,1423900,19527700,3143814300,43123393000,3456.6065,3479.2635,3452.4841,3449.3773
110028000,3470.565,1219300,22485100,3145033600,43145878100,3456.6065,3479.2635,3452.4841,3449.3773
110033000,3470.3109,710200,10215300,3145743800,43156093400,3456.6065,3479.2635,3452.4841,3449.3773
110038000,3470.1602,1683700,24685000,3147427500,43180778400,3456.6065,3479.2635,3452.4841,3449.3773
110043000,3470.1638,1398700,17961600,3148826200,43198740000,3456.6065,3479.2635,3452.4841,3449.3773
110048000,3470.4135,912100,13994400,3149738300,43212734400,3456.6065,3479.2635,3452.4841,3449.3773
110053000,3470.2532,1382000,21050500,3151120300,43233784900,3456.6065,3479.2635,3452.4841,3449.3773
110058000,3469.2813,1323900,20223200,3152444200,43254008100,3456.6065,3479.2635,3452.4841,3449.3773
110103000,3469.3726,1399100,18071200,3153843300,43272079300,3456.6065,3479.2635,3452.4841,3449.3773
110108000,3468.7437,1525600,23285900,3155368900,43295365200,3456.6065,3479.2635,3452.4841,3449.3773
110113000,3468.6624,1448200,23916000,3156817100,43319281200,3456.6065,3479.2635,3452.4841,3449.3773
110118000,3468.8249,939500,15119400,3157756600,43334400600,3456.6065,3479.2635,3452.4841,3449.3773
110123000,3467.6937,1544100,26100000,3159300700,43360500600,3456.6065,3479.2635,3452.4841,3449.3773
110128000,3468.1788,1708200,26784100,3161008900,43387284700,3456.6065,3479.2635,3452.4841,3449.3773
110133000,3468.1783,1051500,15160500,3162060400,43402445200,3456.6065,3479.2635,3452.4841,3449.3773
110138000,3467.3452,2704100,33993100,3164764500,43436438300,3456.6065,3479.2635,3452.4841,3449.3773
110143000,3466.9216,3270300,52699800,3168034800,43489138100,3456.6065,3479.2635,3452.4841,3449.3773
110148000,3466.829,2272100,33982900,3170306900,43523121000,3456.6065,3479.2635,3452.4841,3449.3773
110153000,3465.8496,2921600,35604600,3173228500,43558725600,3456.6065,3479.2635,3452.4841,3449.3773
110158000,3466.0338,4048300,51316800,3177276800,43610042400,3456.6065,3479.2635,3452.4841,3449.3773
110203000,3465.565,2385900,32035000,3179662700,43642077400,3456.6065,3479.2635,3452.4841,3449.3773
110208000,3465.4489,2731000,33367900,3182393700,43675445300,3456.6065,3479.2635,3452.4841,3449.3773
110213000,3465.4041,2670700,37385900,3185064400,43712831200,3456.6065,3479.2635,3452.4841,3449.3773
110218000,3465.6931,1539000,20154200,3186603400,43732985400,3456.6065,3479.2635,3452.4841,3449.3773
110223000,3465.6239,2060700,40670600,3188664100,43773656000,3456.6065,3479.2635,3452.4841,3449.3773
110228000,3465.7603,1789200,27445200,3190453300,43801101200,3456.6065,3479.2635,3452.4841,3449.3773
110233000,3465.5107,1346300,17866300,3191799600,43818967500,3456.6065,3479.2635,3452.4841,3449.3773
110238000,3465.5835,1395600,22182400,3193195200,43841149900,3456.6065,3479.2635,3452.4841,3449.3773
110243000,3465.4165,2576100,33557600,3195771300,43874707500,3456.6065,3479.2635,3452.4841,3449.3773
110248000,3465.4603,971100,15265400,3196742400,43889972900,3456.6065,3479.2635,3452.4841,3449.3773
110253000,3465.2915,1349000,24963800,3198091400,43914936700,3456.6065,3479.2635,3452.4841,3449.3773
110258000,3465.321,1678700,27021300,3199770100,43941958000,3456.6065,3479.2635,3452.4841,3449.3773
110303000,3464.8944,1057600,13902500,3200827700,43955860500,3456.6065,3479.2635,3452.4841,3449.3773
110308000,3464.7166,2731900,29669000,3203559600,43985529500,3456.6065,3479.2635,3452.4841,3449.3773
110313000,3464.7442,3265100,28333700,3206824700,44013863200,3456.6065,3479.2635,3452.4841,3449.3773
110318000,3464.6459,2441200,20153100,3209265900,44034016300,3456.6065,3479.2635,3452.4841,3449.3773
110323000,3464.6249,3787000,34363300,3213052900,44068379600,3456.6065,3479.2635,3452.4841,3449.3773
110328000,3464.2696,2316500,24951400,3215369400,44093331000,3456.6065,3479.2635,3452.4841,3449.3773
110333000,3464.4583,1688800,14760300,3217058200,44108091300,3456.6065,3479.2635,3452.4841,3449.3773
110338000,3464.1299,2784800,32505400,3219843000,44140596700,3456.6065,3479.2635,3452.4841,3449.3773
110343000,3464.1054,1344000,21189600,3221187000,44161786300,3456.6065,3479.2635,3452.4841,3449.3773
110348000,3464.8226,1999000,16046300,3223186000,44177832600,3456.6065,3479.2635,3452.4841,3449.3773
110353000,3464.7606,2315500,27654000,3225501500,44205486600,3456.6065,3479.2635,3452.4841,3449.3773
110358000,3464.3585,1845100,23514700,3227346600,44229001300,3456.6065,3479.2635,3452.4841,3449.3773
110404000,3463.7059,2198100,23230400,3229544700,44252231700,3456.6065,3479.2635,3452.4841,3449.3773
110409000,3463.6758,1061300,11741400,3230606000,44263973100,3456.6065,3479.2635,3452.4841,3449.3773
110413000,3463.7731,3293300,30493200,3233899300,44294466300,3456.6065,3479.2635,3452.4841,3449.3773
110419000,3464.0352,2640000,24272000,3236539300,44318738300,3456.6065,3479.2635,3452.4841,3449.3773
110424000,3463.843,1245100,15030600,3237784400,44333768900,3456.6065,3479.2635,3452.4841,3449.3773
110429000,3463.8427,2065900,29993500,3239850300,44363762400,3456.6065,3479.2635,3452.4841,3449.3773
110434000,3463.622,1959800,23848900,3241810100,44387611300,3456.6065,3479.2635,3452.4841,3449.3773
110439000,3463.9182,1458200,20782800,3243268300,44408394100,3456.6065,3479.2635,3452.4841,3449.3773
110444000,3463.4464,2087800,22645100,3245356100,44431039200,3456.6065,3479.2635,3452.4841,3449.3773
110449000,3463.4088,1691000,20867200,3247047100,44451906400,3456.6065,3479.2635,3452.4841,3449.3773
110454000,3463.6415,849300,10971700,3247896400,44462878100,3456.6065,3479.2635,3452.4841,3449.3773
110459000,3463.4551,1453700,17331800,3249350100,44480209900,3456.6065,3479.2635,3452.4841,3449.3773
110504000,3463.1009,1978400,22420000,3251328500,44502629900,3456.6065,3479.2635,3452.4841,3449.3773
110509000,3463.0759,1217300,21042000,3252545800,44523671900,3456.6065,3479.2635,3452.4841,3449.3773
110514000,3463.4158,1693600,18890900,3254239400,44542562800,3456.6065,3479.2635,3452.4841,3449.3773
110519000,3463.0302,1381500,21789300,3255620900,44564352100,3456.6065,3479.2635,3452.4841,3449.3773
110524000,3463.1907,683000,11086600,3256303900,44575438700,3456.6065,3479.2635,3452.4841,3449.3773
110529000,3463.2545,1304700,20475200,3257608600,44595913900,3456.6065,3479.2635,3452.4841,3449.3773
110534000,3463.0628,1712500,27358300,3259321100,44623272200,3456.6065,3479.2635,3452.4841,3449.3773
110539000,3463.0574,994600,13530800,3260315700,44636803000,3456.6065,3479.2635,3452.4841,3449.3773
110544000,3463.3248,1551200,20523300,3261866900,44657326300,3456.6065,3479.2635,3452.4841,3449.3773
110549000,3462.9113,1377200,19427000,3263244100,44676753300,3456.6065,3479.2635,3452.4841,3449.3773
110554000,3462.8627,944900,14858500,3264189000,44691611800,3456.6065,3479.2635,3452.4841,3449.3773
110559000,3463.1012,1553400,22080700,3265742400,44713692500,3456.6065,3479.2635,3452.4841,3449.3773
110604000,3462.5127,2062100,22513600,3267804500,44736206100,3456.6065,3479.2635,3452.4841,3449.3773
110609000,3462.3379,607600,8392400,3268412100,44744598500,3456.6065,3479.2635,3452.4841,3449.3773
110614000,3462.6667,1419100,26043900,3269831200,44770642400,3456.6065,3479.2635,3452.4841,3449.3773
110619000,3462.7276,1294500,20437400,3271125700,44791079800,3456.6065,3479.2635,3452.4841,3449.3773
110624000,3462.3907,1256700,13932700,3272382400,44805012500,3456.6065,3479.2635,3452.4841,3449.3773
110629000,3462.5311,2544700,32719300,3274927100,44837731800,3456.6065,3479.2635,3452.4841,3449.3773
110634000,3462.2774,1232900,19586500,3276160000,44857318300,3456.6065,3479.2635,3452.4841,3449.3773
110639000,3462.319,1419100,17272800,3277579100,44874591100,3456.6065,3479.2635,3452.4841,3449.3773
110644000,3462.3593,1606800,23961100,3279185900,44898552200,3456.6065,3479.2635,3452.4841,3449.3773
110649000,3461.9781,2029200,22521500,3281215100,44921073700,3456.6065,3479.2635,3452.4841,3449.3773
110654000,3461.7618,657100,9273600,3281872200,44930347300,3456.6065,3479.2635,3452.4841,3449.3773
110659000,3462.1119,1094100,16046900,3282966300,44946394200,3456.6065,3479.2635,3452.4841,3449.3773
110704000,3462.075,2178100,24945800,3285144400,44971340000,3456.6065,3479.2635,3452.4841,3449.3773
110709000,3461.8699,669200,9065800,3285813600,44980405800,3456.6065,3479.2635,3452.4841,3449.3773
110714000,3461.9627,1462700,21037200,3287276300,45001443000,3456.6065,3479.2635,3452.4841,3449.3773
110719000,3462.3432,1656700,21379100,3288933000,45022822100,3456.6065,3479.2635,3452.4841,3449.3773
110724000,3462.2295,819400,12245100,3289752400,45035067200,3456.6065,3479.2635,3452.4841,3449.3773
110729000,3462.3343,1205900,17424300,3290958300,45052491500,3456.6065,3479.2635,3452.4841,3449.3773
110734000,3462.3328,1095800,18190400,3292054100,45070681900,3456.6065,3479.2635,3452.4841,3449.3773
110739000,3462.5235,898100,12554500,3292952200,45083236400,3456.6065,3479.2635,3452.4841,3449.3773
110744000,3462.641,1155400,18907600,3294107600,45102144000,3456.6065,3479.2635,3452.4841,3449.3773
110749000,3462.4763,1596000,23363200,3295703600,45125507200,3456.6065,3479.2635,3452.4841,3449.3773
110754000,3462.4225,819400,12394000,3296523000,45137901200,3456.6065,3479.2635,3452.4841,3449.3773
110759000,3462.9774,1311300,16103700,3297834300,45154004900,3456.6065,3479.2635,3452.4841,3449.3773
110804000,3462.6581,1526800,19612600,3299361100,45173617500,3456.6065,3479.2635,3452.4841,3449.3773
110809000,3462.5351,595600,8175000,3299956700,45181792500,3456.6065,3479.2635,3452.4841,3449.3773
110814000,3462.5439,1262000,19437700,3301218700,45201230200,3456.6065,3479.2635,3452.4841,3449.3773
110820000,3462.9592,1261600,21310100,3302480300,45222540300,3456.6065,3479.2635,3452.4841,3449.3773
110825000,3462.5657,1192300,25185300,3303672600,45247725600,3456.6065,3479.2635,3452.4841,3449.3773
110830000,3462.3262,1164200,18149400,3304836800,45265875000,3456.6065,3479.2635,3452.4841,3449.3773
110835000,3462.6742,1127100,19243600,3305963900,45285118600,3456.6065,3479.2635,3452.4841,3449.3773
110840000,3462.7119,1336600,18959600,3307300500,45304078200,3456.6065,3479.2635,3452.4841,3449.3773
110845000,3462.6774,1033300,12892200,3308333800,45316970400,3456.6065,3479.2635,3452.4841,3449.3773
110850000,3463.1348,1424100,16614400,3309757900,45333584800,3456.6065,3479.2635,3452.4841,3449.3773
110855000,3462.7598,1130500,15201100,3310888400,45348785900,3456.6065,3479.2635,3452.4841,3449.3773
110900000,3462.7694,1833300,13889200,3312721700,45362675100,3456.6065,3479.2635,3452.4841,3449.3773
110905000,3462.5195,1660500,20089200,3314382200,45382764300,3456.6065,3479.2635,3452.4841,3449.3773
110910000,3462.1563,1353700,21760800,3315735900,45404525100,3456.6065,3479.2635,3452.4841,3449.3773
110915000,3462.6682,1198900,12969200,3316934800,45417494300,3456.6065,3479.2635,3452.4841,3449.3773
110920000,3462.5438,1135800,16474700,3318070600,45433969000,3456.6065,3479.2635,3452.4841,3449.3773
110925000,3462.4037,1276300,19741400,3319346900,45453710400,3456.6065,3479.2635,3452.4841,3449.3773
110930000,3462.3589,838000,17149800,3320184900,45470860200,3456.6065,3479.2635,3452.4841,3449.3773
110935000,3462.3723,2046000,28094000,3322230900,45498954200,3456.6065,3479.2635,3452.4841,3449.3773
110940000,3461.9423,2563900,32543800,3324794800,45531498000,3456.6065,3479.2635,3452.4841,3449.3773
110945000,3461.854,1151500,15457800,3325946300,45546955800,3456.6065,3479.2635,3452.4841,3449.3773
110950000,3461.9521,1812000,27849000,3327758300,45574804800,3456.6065,3479.2635,3452.4841,3449.3773
110955000,3461.4424,3224600,29655400,3330982900,45604460200,3456.6065,3479.2635,3452.4841,3449.3773
111000000,3460.6877,1037000,16608100,3332019900,45621068300,3456.6065,3479.2635,3452.4841,3449.3773
111005000,3461.1334,2643300,31593200,3334663200,45652661500,3456.6065,3479.2635,3452.4841,3449.3773
111010000,3461.1607,1690600,24301800,3336353800,45676963300,3456.6065,3479.2635,3452.4841,3449.3773
111015000,3461.4607,1594600,24532500,3337948400,45701495800,3456.6065,3479.2635,3452.4841,3449.3773
111020000,3461.682,1341400,21758700,3339289800,45723254500,3456.6065,3479.2635,3452.4841,3449.3773
111025000,3461.796,1170400,19793100,3340460200,45743047600,3456.6065,3479.2635,3452.4841,3449.3773
111030000,3461.8591,1161200,16984200,3341621400,45760031800,3456.6065,3479.2635,3452.4841,3449.3773
111035000,3462.0249,1760000,29023700,3343381400,45789055500,3456.6065,3479.2635,3452.4841,3449.3773
111040000,3461.7827,1420800,19100200,3344802200,45808155700,3456.6065,3479.2635,3452.4841,3449.3773
111045000,3461.7178,956600,13266700,3345758800,45821422400,3456.6065,3479.2635,3452.4841,3449.3773
111050000,3461.8387,1827700,24394100,3347586500,45845816500,3456.6065,3479.2635,3452.4841,3449.3773
111055000,3461.2294,886300,16965400,3348472800,45862781900,3456.6065,3479.2635,3452.4841,3449.3773
111100000,3461.4724,847100,11839000,3349319900,45874620900,3456.6065,3479.2635,3452.4841,3449.3773
111105000,3461.3107,1404700,20072100,3350724600,45894693000,3456.6065,3479.2635,3452.4841,3449.3773
111110000,3460.9131,1607600,30244800,3352332200,45924937800,3456.6065,3479.2635,3452.4841,3449.3773
111115000,3461.1746,994800,11956700,3353327000,45936894500,3456.6065,3479.2635,3452.4841,3449.3773
111120000,3461.505,1764000,28744800,3355091000,45965639300,3456.6065,3479.2635,3452.4841,3449.3773
111125000,3461.2492,894500,15698700,3355985500,45981338000,3456.6065,3479.2635,3452.4841,3449.3773
111130000,3461.2156,646400,11817000,3356631900,45993155000,3456.6065,3479.2635,3452.4841,3449.3773
111135000,3460.7681,783600,13870700,3357415500,46007025700,3456.6065,3479.2635,3452.4841,3449.3773
111140000,3460.8815,1190800,19890800,3358606300,46026916500,3456.6065,3479.2635,3452.4841,3449.3773
111145000,3461.2633,711900,11089300,3359318200,46038005800,3456.6065,3479.2635,3452.4841,3449.3773
111150000,3461.0781,1839100,25808200,3361157300,46063814000,3456.6065,3479.2635,3452.4841,3449.3773
111155000,3460.8442,1674900,26598500,3362832200,46090412500,3456.6065,3479.2635,3452.4841,3449.3773
111200000,3461.0497,1020400,14632900,3363852600,46105045400,3456.6065,3479.2635,3452.4841,3449.3773
111206000,3460.5558,1508500,27555400,3365361100,46132600800,3456.6065,3479.2635,3452.4841,3449.3773
111210000,3460.1954,1017500,15951600,3366378600,46148552400,3456.6065,3479.2635,3452.4841,3449.3773
111216000,3460.6567,1437800,20352700,3367816400,46168905100,3456.6065,3479.2635,3452.4841,3449.3773
111221000,3460.8772,822200,9772300,3368638600,46178677400,3456.6065,3479.2635,3452.4841,3449.3773
111225000,3460.4335,1265000,19286200,3369903600,46197963600,3456.6065,3479.2635,3452.4841,3449.3773
111231000,3460.2944,1265300,17972500,3371168900,46215936100,3456.6065,3479.2635,3452.4841,3449.3773
111236000,3460.3767,861600,10273200,3372030500,46226209300,3456.6065,3479.2635,3452.4841,3449.3773
111241000,3460.8421,2294100,31244000,3374324600,46257453300,3456.6065,3479.2635,3452.4841,3449.3773
111246000,3460.9739,1452700,20642600,3375777300,46278095900,3456.6065,3479.2635,3452.4841,3449.3773
111251000,3460.7256,776400,13402900,3376553700,46291498800,3456.6065,3479.2635,3452.4841,3449.3773
111256000,3460.3211,1340700,19558800,3377894400,46311057600,3456.6065,3479.2635,3452.4841,3449.3773
111301000,3460.9597,1698400,20554600,3379592800,46331612200,3456.6065,3479.2635,3452.4841,3449.3773
111306000,3460.5522,693100,8377100,3380285900,46339989300,3456.6065,3479.2635,3452.4841,3449.3773
111311000,3460.5187,1419600,19219200,3381705500,46359208500,3456.6065,3479.2635,3452.4841,3449.3773
111316000,3460.8476,1588700,31140600,3383294200,46390349100,3456.6065,3479.2635,3452.4841,3449.3773
111321000,3460.9535,950800,13746400,3384245000,46404095500,3456.6065,3479.2635,3452.4841,3449.3773
111326000,3461.0251,1030300,15609600,3385275300,46419705100,3456.6065,3479.2635,3452.4841,3449.3773
111331000,3461.3555,1446700,23202100,3386722000,46442907200,3456.6065,3479.2635,3452.4841,3449.3773
111336000,3460.9405,946800,12861700,3387668800,46455768900,3456.6065,3479.2635,3452.4841,3449.3773
111341000,3461.4745,1976200,25942600,3389645000,46481711500,3456.6065,3479.2635,3452.4841,3449.3773
111346000,3462.1418,1412900,20838800,3391057900,46502550300,3456.6065,3479.2635,3452.4841,3449.3773
111351000,3462.4542,658300,12976500,3391716200,46515526800,3456.6065,3479.2635,3452.4841,3449.3773
111356000,3462.2322,1362400,21278400,3393078600,46536805200,3456.6065,3479.2635,3452.4841,3449.3773
111401000,3462.1934,1319100,20426100,3394397700,46557231300,3456.6065,3479.2635,3452.4841,3449.3773
111406000,3462.3437,1300500,14236900,3395698200,46571468200,3456.6065,3479.2635,3452.4841,3449.3773
111411000,3461.7882,1393100,21365100,3397091300,46592833300,3456.6065,3479.2635,3452.4841,3449.3773
111416000,3462.1468,1297600,22200800,3398388900,46615034100,3456.6065,3479.2635,3452.4841,3449.3773
111421000,3462.3128,550900,8290100,3398939800,46623324200,3456.6065,3479.2635,3452.4841,3449.3773
111426000,3462.3771,1213900,19757700,3400153700,46643081900,3456.6065,3479.2635,3452.4841,3449.3773
111431000,3462.3742,1639100,18699100,3401792800,46661781000,3456.6065,3479.2635,3452.4841,3449.3773
111436000,3462.2078,725500,11412200,3402518300,46673193200,3456.6065,3479.2635,3452.4841,3449.3773
111441000,3462.5198,1339200,20047500,3403857500,46693240700,3456.6065,3479.2635,3452.4841,3449.3773
111446000,3462.4784,1179400,18628100,3405036900,46711868800,3456.6065,3479.2635,3452.4841,3449.3773
111451000,3462.4241,587400,9080800,3405624300,46720949600,3456.6065,3479.2635,3452.4841,3449.3773
111456000,3462.0075,1088500,17897700,3406712800,46738847300,3456.6065,3479.2635,3452.4841,3449.3773
111501000,3462.0494,1221200,18134700,3407934000,46756982000,3456.6065,3479.2635,3452.4841,3449.3773
111506000,3462.1109,813900,11521900,3408747900,46768503900,3456.6065,3479.2635,3452.4841,3449.3773
111511000,3462.008,1136300,15975400,3409884200,46784479300,3456.6065,3479.2635,3452.4841,3449.3773
111516000,3462.1646,1072000,17599400,3410956200,46802078700,3456.6065,3479.2635,3452.4841,3449.3773
111521000,3461.919,774300,12499600,3411730500,46814578300,3456.6065,3479.2635,3452.4841,3449.3773
111526000,3462.0914,1046000,19704000,3412776500,46834282300,3456.6065,3479.2635,3452.4841,3449.3773
111531000,3462.0755,1462300,23485600,3414238800,46857767900,3456.6065,3479.2635,3452.4841,3449.3773
111536000,3462.2916,1022300,15150200,3415261100,46872918100,3456.6065,3479.2635,3452.4841,3449.3773
111541000,3462.3518,1509700,21921800,3416770800,46894839900,3456.6065,3479.2635,3452.4841,3449.3773
111546000,3462.2114,1563400,18468700,3418334200,46913308600,3456.6065,3479.2635,3452.4841,3449.3773
111551000,3462.0178,702500,11880900,3419036700,46925189500,3456.6065,3479.2635,3452.4841,3449.3773
111556000,3462.1863,1269900,19178400,3420306600,46944367900,3456.6065,3479.2635,3452.4841,3449.3773
111601000,3462.1963,830100,13102200,3421136700,46957470100,3456.6065,3479.2635,3452.4841,3449.3773
111606000,3462.2479,952600,13124400,3422089300,46970594500,3456.6065,3479.2635,3452.4841,3449.3773
111611000,3462.1608,1900600,20633300,3423989900,46991227800,3456.6065,3479.2635,3452.4841,3449.3773
111617000,3462.0902,1541700,21243600,3425531600,47012471400,3456.6065,3479.2635,3452.4841,3449.3773
111621000,3462.1689,613900,10801100,3426145500,47023272500,3456.6065,3479.2635,3452.4841,3449.3773
111627000,3462.1214,1242600,17277300,3427388100,47040549800,3456.6065,3479.2635,3452.4841,3449.3773
111632000,3461.9206,1794000,23285100,3429182100,47063834900,3456.6065,3479.2635,3452.4841,3449.3773
111637000,3462.1894,1119300,15485000,3430301400,47079319900,3456.6065,3479.2635,3452.4841,3449.3773
111642000,3462.1512,727900,9239000,3431029300,47088558900,3456.6065,3479.2635,3452.4841,3449.3773
111647000,3462.4688,1759500,23583700,3432788800,47112142600,3456.6065,3479.2635,3452.4841,3449.3773
111652000,3461.8941,1104700,15030400,3433893500,47127173000,3456.6065,3479.2635,3452.4841,3449.3773
111657000,3462.0747,534700,9909600,3434428200,47137082600,3456.6065,3479.2635,3452.4841,3449.3773
111702000,3462.343,1060800,16091000,3435489000,47153173600,3456.6065,3479.2635,3452.4841,3449.3773
111707000,3461.8268,1479700,20348700,3436968700,47173522300,3456.6065,3479.2635,3452.4841,3449.3773
111712000,3462.0791,642900,9822900,3437611600,47183345200,3456.6065,3479.2635,3452.4841,3449.3773
111717000,3461.7408,1188800,16987700,3438800400,47200332900,3456.6065,3479.2635,3452.4841,3449.3773
111722000,3462.1264,1116000,19760400,3439916400,47220093300,3456.6065,3479.2635,3452.4841,3449.3773
111727000,3461.9363,637100,9217800,3440553500,47229311100,3456.6065,3479.2635,3452.4841,3449.3773
111732000,3462.4044,839600,12995800,3441393100,47242306900,3456.6065,3479.2635,3452.4841,3449.3773
111737000,3462.0617,990000,15677700,3442383100,47257984600,3456.6065,3479.2635,3452.4841,3449.3773
111742000,3461.9547,653900,9923900,3443037000,47267908500,3456.6065,3479.2635,3452.4841,3449.3773
111747000,3462.1484,1227900,16061700,3444264900,47283970200,3456.6065,3479.2635,3452.4841,3449.3773
111752000,3461.9288,1330800,19243800,3445595700,47303214000,3456.6065,3479.2635,3452.4841,3449.3773
111757000,3461.9808,661700,8980700,3446257400,47312194700,3456.6065,3479.2635,3452.4841,3449.3773
111802000,3462.1796,1297100,17595400,3447554500,47329790100,3456.6065,3479.2635,3452.4841,3449.3773
111807000,3462.0747,1023400,14303300,3448577900,47344093400,3456.6065,3479.2635,3452.4841,3449.3773
111812000,3461.8133,886300,11310400,3449464200,47355403800,3456.6065,3479.2635,3452.4841,3449.3773
111817000,3461.7707,1431000,20662900,3450895200,47376066700,3456.6065,3479.2635,3452.4841,3449.3773
111822000,3462.3651,1151200,15198200,3452046400,47391264900,3456.6065,3479.2635,3452.4841,3449.3773
111827000,3462.5273,706000,10326700,3452752400,47401591600,3456.6065,3479.2635,3452.4841,3449.3773
111832000,3462.2869,1057100,16797600,3453809500,47418389200,3456.6065,3479.2635,3452.4841,3449.3773
111837000,3462.1017,954500,13898100,3454764000,47432287300,3456.6065,3479.2635,3452.4841,3449.3773
111842000,3462.1153,658600,9671200,3455422600,47441958500,3456.6065,3479.2635,3452.4841,3449.3773
111847000,3462.2282,1205300,19366800,3456627900,47461325300,3456.6065,3479.2635,3452.4841,3449.3773
111852000,3461.9599,1711500,19047900,3458339400,47480373200,3456.6065,3479.2635,3452.4841,3449.3773
111857000,3462.18,1017400,14250300,3459356800,47494623500,3456.6065,3479.2635,3452.4841,3449.3773
111902000,3462.4577,1001700,13956300,3460358500,47508579800,3456.6065,3479.2635,3452.4841,3449.3773
111907000,3462.1146,1104100,14717800,3461462600,47523297600,3456.6065,3479.2635,3452.4841,3449.3773
111912000,3461.7218,1118500,17540200,3462581100,47540837800,3456.6065,3479.2635,3452.4841,3449.3773
111917000,3462.0138,937400,13344400,3463518500,47554182200,3456.6065,3479.2635,3452.4841,3449.3773
111922000,3461.959,999000,16885000,3464517500,47571067200,3456.6065,3479.2635,3452.4841,3449.3773
111927000,3461.8475,868400,13110100,3465385900,47584177300,3456.6065,3479.2635,3452.4841,3449.3773
111932000,3462.0159,2219200,23667600,3467605100,47607844900,3456.6065,3479.2635,3452.4841,3449.3773
111937000,3461.8352,1306000,16410500,3468911100,47624255400,3456.6065,3479.2635,3452.4841,3449.3773
111942000,3461.9756,885600,10125200,3469796700,47634380600,3456.6065,3479.2635,3452.4841,3449.3773
111947000,3461.9263,1365800,21236700,3471162500,47655617300,3456.6065,3479.2635,3452.4841,3449.3773
111952000,3461.955,2393500,29589100,3473556000,47685206400,3456.6065,3479.2635,3452.4841,3449.3773
111956000,3461.8463,605800,8034300,3474161800,47693240700,3456.6065,3479.2635,3452.4841,3449.3773
112002000,3462.4654,1074100,15255700,3475235900,47708496400,3456.6065,3479.2635,3452.4841,3449.3773
112007000,3462.4733,1049700,13633800,3476285600,47722130200,3456.6065,3479.2635,3452.4841,3449.3773
112012000,3462.4455,1002400,11234500,3477288000,47733364700,3456.6065,3479.2635,3452.4841,3449.3773
112017000,3462.2995,1042200,18455200,3478330200,47751819900,3456.6065,3479.2635,3452.4841,3449.3773
112023000,3463.0203,1796600,26384500,3480126800,47778204400,3456.6065,3479.2635,3452.4841,3449.3773
112028000,3463.4197,1143900,20713500,3481270700,47798917900,3456.6065,3479.2635,3452.4841,3449.3773
112032000,3462.8263,668400,11784800,3481939100,47810702700,3456.6065,3479.2635,3452.4841,3449.3773
112038000,3463.2658,1623800,22437500,3483562900,47833140200,3456.6065,3479.2635,3452.4841,3449.3773
112043000,3463.2954,1607100,26390600,3485170000,47859530800,3456.6065,3479.2635,3452.4841,3449.3773
112048000,3463.2534,923800,14102400,3486093800,47873633200,3456.6065,3479.2635,3452.4841,3449.3773
112053000,3463.2524,1172500,19656100,3487266300,47893289300,3456.6065,3479.2635,3452.4841,3449.3773
112058000,3463.7974,1271800,25990900,3488538100,47919280200,3456.6065,3479.2635,3452.4841,3449.3773
112102000,3464.245,732600,10086500,3489270700,47929366700,3456.6065,3479.2635,3452.4841,3449.3773
112108000,3464.047,1706500,30833200,3490977200,47960199900,3456.6065,3479.2635,3452.4841,3449.3773
112113000,3463.8339,1221000,19066500,3492198200,47979266400,3456.6065,3479.2635,3452.4841,3449.3773
112118000,3463.693,1052500,11473000,3493250700,47990739400,3456.6065,3479.2635,3452.4841,3449.3773
112123000,3464.302,1322000,22798000,3494572700,48013537400,3456.6065,3479.2635,3452.4841,3449.3773
112128000,3464.2089,1028900,14963600,3495601600,48028501000,3456.6065,3479.2635,3452.4841,3449.3773
112132000,3464.5114,562500,7956300,3496164100,48036457300,3456.6065,3479.2635,3452.4841,3449.3773
112138000,3463.9572,1472300,21619400,3497636400,48058076700,3456.6065,3479.2635,3452.4841,3449.3773
112143000,3463.8109,1862900,23008700,3499499300,48081085400,3456.6065,3479.2635,3452.4841,3449.3773
112148000,3463.7709,725400,11155700,3500224700,48092241100,3456.6065,3479.2635,3452.4841,3449.3773
112153000,3463.7435,1347600,20076500,3501572300,48112317600,3456.6065,3479.2635,3452.4841,3449.3773
112158000,3464.2108,1074400,12777400,3502646700,48125095000,3456.6065,3479.2635,3452.4841,3449.3773
112202000,3464.192,503000,6814800,3503149700,48131909800,3456.6065,3479.2635,3452.4841,3449.3773
112208000,3464.0206,1197400,18726900,3504347100,48150636700,3456.6065,3479.2635,3452.4841,3449.3773
112213000,3463.5524,1153400,17640000,3505500500,48168276700,3456.6065,3479.2635,3452.4841,3449.3773
112218000,3463.9329,854500,11702300,3506355000,48179979000,3456.6065,3479.2635,3452.4841,3449.3773
112223000,3463.5767,1900200,22389900,3508255200,48202368900,3456.6065,3479.2635,3452.4841,3449.3773
112228000,3463.3968,1383100,18590300,3509638300,48220959200,3456.6065,3479.2635,3452.4841,3449.3773
112232000,3463.6802,732100,7931400,3510370400,48228890600,3456.6065,3479.2635,3452.4841,3449.3773
112238000,3463.6115,1250700,22313500,3511621100,48251204100,3456.6065,3479.2635,3452.4841,3449.3773
112243000,3463.9583,1002800,14729700,3512623900,48265933800,3456.6065,3479.2635,3452.4841,3449.3773
112247000,3464.1143,766900,9723200,3513390800,48275657000,3456.6065,3479.2635,3452.4841,3449.3773
112253000,3463.6289,1905500,19795100,3515296300,48295452100,3456.6065,3479.2635,3452.4841,3449.3773
112258000,3463.8608,1310300,17110600,3516606600,48312562700,3456.6065,3479.2635,3452.4841,3449.3773
112302000,3464.2198,962200,12286400,3517568800,48324849100,3456.6065,3479.2635,3452.4841,3449.3773
112308000,3463.9753,1020000,13038100,3518588800,48337887200,3456.6065,3479.2635,3452.4841,3449.3773
112313000,3463.6432,1088500,17679800,3519677300,48355567000,3456.6065,3479.2635,3452.4841,3449.3773
112318000,3463.521,1546700,13375600,3521224000,48368942600,3456.6065,3479.2635,3452.4841,3449.3773
112323000,3463.9244,1093800,15110800,3522317800,48384053400,3456.6065,3479.2635,3452.4841,3449.3773
112328000,3463.8527,1058700,16966200,3523376500,48401019600,3456.6065,3479.2635,3452.4841,3449.3773
112332000,3463.5919,741500,10228300,3524118000,48411247900,3456.6065,3479.2635,3452.4841,3449.3773
112338000,3463.924,1108900,13450100,3525226900,48424698000,3456.6065,3479.2635,3452.4841,3449.3773
112343000,3463.9318,1480900,15815400,3526707800,48440513400,3456.6065,3479.2635,3452.4841,3449.3773
112348000,3463.7454,617200,7860400,3527325000,48448373800,3456.6065,3479.2635,3452.4841,3449.3773
112353000,3464.0927,2045600,18670300,3529370600,48467044100,3456.6065,3479.2635,3452.4841,3449.3773
112358000,3463.8887,1451700,17085300,3530822300,48484129400,3456.6065,3479.2635,3452.4841,3449.3773
112403000,3463.8045,493500,7286600,3531315800,48491416000,3456.6065,3479.2635,3452.4841,3449.3773
112408000,3464.0069,1231400,17699600,3532547200,48509115600,3456.6065,3479.2635,3452.4841,3449.3773
112413000,3463.3299,1339900,15910500,3533887100,48525026100,3456.6065,3479.2635,3452.4841,3449.3773
112417000,3463.4215,919800,14259400,3534806900,48539285500,3456.6065,3479.2635,3452.4841,3449.3773
112423000,3463.4459,2105600,18725800,3536912500,48558011300,3456.6065,3479.2635,3452.4841,3449.3773
112429000,3463.9761,1988200,20598200,3538900700,48578609500,3456.6065,3479.2635,3452.4841,3449.3773
112434000,3463.8573,3116600,25592300,3542017300,48604201800,3456.6065,3479.2635,3452.4841,3449.3773
112438000,3463.8605,1256200,13453800,3543273500,48617655600,3456.6065,3479.2635,3452.4841,3449.3773
112444000,3464.1658,1492300,14879800,3544765800,48632535400,3456.6065,3479.2635,3452.4841,3449.3773
112449000,3464.4225,1445900,16480700,3546211700,48649016100,3456.6065,3479.2635,3452.4841,3449.3773
112453000,3464.5963,707500,9560900,3546919200,48658577000,3456.6065,3479.2635,3452.4841,3449.3773
112459000,3464.8407,3099800,27708900,3550019000,48686285900,3456.6065,3479.2635,3452.4841,3449.3773
112504000,3464.7693,4318800,26254500,3554337800,48712540400,3456.6065,3479.2635,3452.4841,3449.3773
112509000,3464.8859,1676200,17643600,3556014000,48730184000,3456.6065,3479.2635,3452.4841,3449.3773
112514000,3464.3385,2530700,22235400,3558544700,48752419400,3456.6065,3479.2635,3452.4841,3449.3773
112519000,3464.931,2303900,27154000,3560848600,48779573400,3456.6065,3479.2635,3452.4841,3449.3773
112524000,3464.8249,1750200,14745600,3562598800,48794319000,3456.6065,3479.2635,3452.4841,3449.3773
112529000,3465.0672,2785000,32281700,3565383800,48826600700,3456.6065,3479.2635,3452.4841,3449.3773
112534000,3464.9858,2598000,24070500,3567981800,48850671200,3456.6065,3479.2635,3452.4841,3449.3773
112538000,3465.1085,1957600,13032800,3569939400,48863704000,3456.6065,3479.2635,3452.4841,3449.3773
112544000,3465.1037,2612500,21570100,3572551900,48885274100,3456.6065,3479.2635,3452.4841,3449.3773
112549000,3465.2793,1317500,18512100,3573869400,48903786200,3456.6065,3479.2635,3452.4841,3449.3773
112553000,3465.5416,1498800,11893300,3575368200,48915679500,3456.6065,3479.2635,3452.4841,3449.3773
112559000,3465.5882,1976400,21264000,3577344600,48936943500,3456.6065,3479.2635,3452.4841,3449.3773
112604000,3465.842,1671100,22679200,3579015700,48959622700,3456.6065,3479.2635,3452.4841,3449.3773
112608000,3465.4829,1812400,19105700,3580828100,48978728400,3456.6065,3479.2635,3452.4841,3449.3773
112614000,3465.2333,2351600,19251300,3583179700,48997979700,3456.6065,3479.2635,3452.4841,3449.3773
112619000,3465.2802,1820700,23625600,3585000400,49021605300,3456.6065,3479.2635,3452.4841,3449.3773
112624000,3465.7795,960600,10515800,3585961000,49032121100,3456.6065,3479.2635,3452.4841,3449.3773
112629000,3465.5888,1445700,19081100,3587406700,49051202200,3456.6065,3479.2635,3452.4841,3449.3773
112634000,3465.4715,1416500,21296900,3588823200,49072499100,3456.6065,3479.2635,3452.4841,3449.3773
112639000,3465.8653,1235000,14605900,3590058200,49087105000,3456.6065,3479.2635,3452.4841,3449.3773
112644000,3465.783,1655100,15270300,3591713300,49102375300,3456.6065,3479.2635,3452.4841,3449.3773
112649000,3466.0448,1818500,16311700,3593531800,49118687000,3456.6065,3479.2635,3452.4841,3449.3773
112654000,3465.8518,817600,10255700,3594349400,49128942700,3456.6065,3479.2635,3452.4841,3449.3773
112659000,3465.8069,1017900,13798200,3595367300,49142740900,3456.6065,3479.2635,3452.4841,3449.3773
112704000,3465.9512,1152300,17587500,3596519600,49160328400,3456.6065,3479.2635,3452.4841,3449.3773
112708000,3465.7553,1002300,10701300,3597521900,49171029700,3456.6065,3479.2635,3452.4841,3449.3773
112714000,3465.0993,1730500,22586100,3599252400,49193615800,3456.6065,3479.2635,3452.4841,3449.3773
112719000,3465.2928,1191000,18511000,3600443400,49212126800,3456.6065,3479.2635,3452.4841,3449.3773
112723000,3465.9693,674800,9900200,3601118200,49222027000,3456.6065,3479.2635,3452.4841,3449.3773
112729000,3465.758,1033800,15493500,3602152000,49237520500,3456.6065,3479.2635,3452.4841,3449.3773
112734000,3465.7519,979200,13325700,3603131200,49250846200,3456.6065,3479.2635,3452.4841,3449.3773
112738000,3466.0894,874400,9954600,3604005600,49260800800,3456.6065,3479.2635,3452.4841,3449.3773
112744000,3466.044,1331900,15751400,3605337500,49276552200,3456.6065,3479.2635,3452.4841,3449.3773
112749000,3465.8581,1172100,17925000,3606509600,49294477200,3456.6065,3479.2635,3452.4841,3449.3773
112753000,3465.8812,880600,10283600,3607390200,49304760800,3456.6065,3479.2635,3452.4841,3449.3773
112759000,3466.1852,1588600,18465300,3608978800,49323226100,3456.6065,3479.2635,3452.4841,3449.3773
112804000,3466.3098,1343400,20520800,3610322200,49343746900,3456.6065,3479.2635,3452.4841,3449.3773
112808000,3465.8849,892100,12305400,3611214300,49356052300,3456.6065,3479.2635,3452.4841,3449.3773
112814000,3465.5832,2344700,21519200,3613559000,49377571500,3456.6065,3479.2635,3452.4841,3449.3773
112820000,3465.603,2268800,17671300,3615827800,49395242800,3456.6065,3479.2635,3452.4841,3449.3773
112823000,3466.3733,1253600,10630900,3617081400,49405873700,3456.6065,3479.2635,3452.4841,3449.3773
112829000,3465.9581,8373700,39294600,3625455100,49445168300,3456.6065,3479.2635,3452.4841,3449.3773
112835000,3466.0338,1533300,16504300,3626988400,49461672600,3456.6065,3479.2635,3452.4841,3449.3773
112840000,3466.5483,2008600,19854900,3628997000,49481527500,3456.6065,3479.2635,3452.4841,3449.3773
112844000,3466.3868,1300800,12224100,3630297800,49493751600,3456.6065,3479.2635,3452.4841,3449.3773
112850000,3466.0403,1815700,20468000,3632113500,49514219600,3456.6065,3479.2635,3452.4841,3449.3773
112855000,3465.9601,2128600,16468200,3634242100,49530687800,3456.6065,3479.2635,3452.4841,3449.3773
112859000,3466.31,1249400,12208500,3635491500,49542896300,3456.6065,3479.2635,3452.4841,3449.3773
112905000,3466.5064,2359700,22363300,3637851200,49565259600,3456.6065,3479.2635,3452.4841,3449.3773
112910000,3466.1123,1679800,15742300,3639531000,49581001900,3456.6065,3479.2635,3452.4841,3449.3773
112914000,3466.093,1078300,13686100,3640609300,49594688000,3456.6065,3479.2635,3452.4841,3449.3773
112920000,3466.2337,1934500,20404600,3642543800,49615092600,3456.6065,3479.2635,3452.4841,3449.3773
112925000,3466.4174,2653800,19617800,3645197600,49634710400,3456.6065,3479.2635,3452.4841,3449.3773
112929000,3466.5669,1282200,11519000,3646479800,49646229400,3456.6065,3479.2635,3452.4841,3449.3773
112935000,3466.2382,2246800,20751800,3648726600,49666981200,3456.6065,3479.2635,3452.4841,3449.3773
112940000,3466.3975,1901400,13992500,3650628000,49680973700,3456.6065,3479.2635,3452.4841,3449.3773
112944000,3466.3087,1951400,14679400,3652579400,49695653100,3456.6065,3479.2635,3452.4841,3449.3773
112950000,3466.5663,1968800,15417500,3654548200,49711070600,3456.6065,3479.2635,3452.4841,3449.3773
112955000,3466.501,2358300,15038600,3656906500,49726109200,3456.6065,3479.2635,3452.4841,3449.3773
112959000,3466.64,2232200,11717800,3659138700,49737827000,3456.6065,3479.2635,3452.4841,3449.3773
113003000,3466.5831,488100,6677600,3659626800,49744504600,3456.6065,3479.2635,3452.4841,3449.3773
130002000,3467.1286,13729600,105104200,3673356400,49849608800,3456.6065,3479.2635,3452.4841,3449.3773
130007000,3468.1604,25632700,237020600,3698989100,50086629400,3456.6065,3479.2635,3452.4841,3449.3773
130011000,3467.6772,8019600,58883100,3707008700,50145512500,3456.6065,3479.2635,3452.4841,3449.3773
130017000,3468.2882,3939700,31805100,3710948400,50177317600,3456.6065,3479.2635,3452.4841,3449.3773
130022000,3468.2532,1557500,20940600,3712505900,50198258200,3456.6065,3479.2635,3452.4841,3449.3773
130026000,3468.2784,1754400,11666400,3714260300,50209924600,3456.6065,3479.2635,3452.4841,3449.3773
130032000,3467.8188,1551200,18609700,3715811500,50228534300,3456.6065,3479.2635,3452.4841,3449.3773
130037000,3467.9736,1895600,20801900,3717707100,50249336200,3456.6065,3479.2635,3452.4841,3449.3773
130041000,3468.1601,1032200,14322400,3718739300,50263658600,3456.6065,3479.2635,3452.4841,3449.3773
130047000,3467.7276,2050000,21151800,3720789300,50284810400,3456.6065,3479.2635,3452.4841,3449.3773
130052000,3467.6444,1660900,17266200,3722450200,50302076600,3456.6065,3479.2635,3452.4841,3449.3773
130057000,3467.428,1104000,10443300,3723554200,50312519900,3456.6065,3479.2635,3452.4841,3449.3773
130102000,3467.3876,1825200,21506900,3725379400,50334026800,3456.6065,3479.2635,3452.4841,3449.3773
130107000,3467.1076,2358200,18650800,3727737600,50352677600,3456.6065,3479.2635,3452.4841,3449.3773
130111000,3466.8157,1114700,17383100,3728852300,50370060700,3456.6065,3479.2635,3452.4841,3449.3773
130117000,3466.5966,3941300,38976000,3732793600,50409036700,3456.6065,3479.2635,3452.4841,3449.3773
130122000,3466.1225,2090500,21297900,3734884100,50430334600,3456.6065,3479.2635,3452.4841,3449.3773
130126000,3465.7862,2458100,28041400,3737342200,50458376000,3456.6065,3479.2635,3452.4841,3449.3773
130132000,3465.6123,2790800,29826100,3740133000,50488202100,3456.6065,3479.2635,3452.4841,3449.3773
130137000,3465.6453,2289600,28118200,3742422600,50516320300,3456.6065,3479.2635,3452.4841,3449.3773
130141000,3465.4998,1258400,14157700,3743681000,50530478000,3456.6065,3479.2635,3452.4841,3449.3773
130147000,3465.3666,2100000,21435600,3745781000,50551913600,3456.6065,3479.2635,3452.4841,3449.3773
130152000,3465.1578,1440200,17392700,3747221200,50569306300,3456.6065,3479.2635,3452.4841,3449.3773
130156000,3465.2642,925300,12607200,3748146500,50581913500,3456.6065,3479.2635,3452.4841,3449.3773
130202000,3465.1569,1831700,20065600,3749978200,50601979100,3456.6065,3479.2635,3452.4841,3449.3773
130208000,3465.0829,2093900,24641000,3752072100,50626620100,3456.6065,3479.2635,3452.4841,3449.3773
130213000,3465.153,1636800,20323000,3753708900,50646943100,3456.6065,3479.2635,3452.4841,3449.3773
130217000,3464.8707,2015700,16394200,3755724600,50663337300,3456.6065,3479.2635,3452.4841,3449.3773
130223000,3464.7135,2272200,23476900,3757996800,50686814200,3456.6065,3479.2635,3452.4841,3449.3773
130228000,3464.7691,2255000,16361500,3760251800,50703175700,3456.6065,3479.2635,3452.4841,3449.3773
130232000,3464.8654,1594800,15928100,3761846600,50719103800,3456.6065,3479.2635,3452.4841,3449.3773
130238000,3464.8367,4476000,27319300,3766322600,50746423100,3456.6065,3479.2635,3452.4841,3449.3773
130243000,3464.872,1972000,14043000,3768294600,50760466100,3456.6065,3479.2635,3452.4841,3449.3773
130248000,3465.3126,1068700,12256500,3769363300,50772722600,3456.6065,3479.2635,3452.4841,3449.3773
130253000,3464.7206,1933800,21905000,3771297100,50794627600,3456.6065,3479.2635,3452.4841,3449.3773
130258000,3465.306,1371400,18577600,3772668500,50813205200,3456.6065,3479.2635,3452.4841,3449.3773
130302000,3465.1505,857000,10946800,3773525500,50824152000,3456.6065,3479.2635,3452.4841,3449.3773
130308000,3464.9443,2327900,22732100,3775853400,50846884100,3456.6065,3479.2635,3452.4841,3449.3773
130313000,3464.7429,1316100,16082900,3777169500,50862967000,3456.6065,3479.2635,3452.4841,3449.3773
130318000,3464.9598,1846100,16407700,3779015600,50879374700,3456.6065,3479.2635,3452.4841,3449.3773
130323000,3464.8234,1407700,18205100,3780423300,50897579800,3456.6065,3479.2635,3452.4841,3449.3773
130328000,3465.257,1740900,15046000,3782164200,50912625800,3456.6065,3479.2635,3452.4841,3449.3773
130332000,3464.9925,550100,8098900,3782714300,50920724700,3456.6065,3479.2635,3452.4841,3449.3773
130338000,3465.1687,1603400,18534400,3784317700,50939259100,3456.6065,3479.2635,3452.4841,3449.3773
130343000,3465.2657,927200,11222100,3785244900,50950481200,3456.6065,3479.2635,3452.4841,3449.3773
130348000,3465.1686,803600,9451900,3786048500,50959933100,3456.6065,3479.2635,3452.4841,3449.3773
130353000,3465.3613,1588000,15841700,3787636500,50975774800,3456.6065,3479.2635,3452.4841,3449.3773
130358000,3465.3825,896700,10885400,3788533200,50986660200,3456.6065,3479.2635,3452.4841,3449.3773
130402000,3465.2545,997700,11882800,3789530900,50998543000,3456.6065,3479.2635,3452.4841,3449.3773
130408000,3464.7515,1563300,17054000,3791094200,51015597000,3456.6065,3479.2635,3452.4841,3449.3773
130413000,3464.386,1565300,21073700,3792659500,51036670700,3456.6065,3479.2635,3452.4841,3449.3773
130417000,3464.6135,1694500,14409100,3794354000,51051079800,3456.6065,3479.2635,3452.4841,3449.3773
130423000,3464.5222,1734400,21701100,3796088400,51072780900,3456.6065,3479.2635,3452.4841,3449.3773
130428000,3464.6274,963500,14656000,3797051900,51087436900,3456.6065,3479.2635,3452.4841,3449.3773
130432000,3464.4185,1008700,11838600,3798060600,51099275500,3456.6065,3479.2635,3452.4841,3449.3773
130438000,3464.4969,992100,12791000,3799052700,51112066500,3456.6065,3479.2635,3452.4841,3449.3773
130443000,3464.4127,1337200,18954100,3800389900,51131020600,3456.6065,3479.2635,3452.4841,3449.3773
130448000,3464.4731,1715600,17687100,3802105500,51148707700,3456.6065,3479.2635,3452.4841,3449.3773
130453000,3464.0613,1698000,23892800,3803803500,51172600500,3456.6065,3479.2635,3452.4841,3449.3773
130458000,3464.4611,900900,10902200,3804704400,51183502700,3456.6065,3479.2635,3452.4841,3449.3773
130503000,3464.0354,871400,9318000,3805575800,51192820700,3456.6065,3479.2635,3452.4841,3449.3773
130508000,3464.3264,1787100,17447200,3807362900,51210267900,3456.6065,3479.2635,3452.4841,3449.3773
130513000,3464.2788,1063500,14341000,3808426400,51224608900,3456.6065,3479.2635,3452.4841,3449.3773
130517000,3464.2876,1531600,16003800,3809958000,51240612700,3456.6065,3479.2635,3452.4841,3449.3773
130523000,3464.3377,2704100,28082000,3812662100,51268694700,3456.6065,3479.2635,3452.4841,3449.3773
130528000,3464.7385,1178600,11444800,3813840700,51280139500,3456.6065,3479.2635,3452.4841,3449.3773
130532000,3464.6494,1146400,15108100,3814987100,51295247600,3456.6065,3479.2635,3452.4841,3449.3773
130538000,3465.0697,1155000,17644600,3816142100,51312892200,3456.6065,3479.2635,3452.4841,3449.3773
130543000,3464.8075,952200,13057500,3817094300,51325949700,3456.6065,3479.2635,3452.4841,3449.3773
130547000,3465.0343,1020500,10697900,3818114800,51336647600,3456.6065,3479.2635,3452.4841,3449.3773
130553000,3464.8825,1395400,17330400,3819510200,51353978000,3456.6065,3479.2635,3452.4841,3449.3773
130558000,3465.0069,1084600,13001000,3820594800,51366979000,3456.6065,3479.2635,3452.4841,3449.3773
130603000,3465.0288,1376500,14760800,3821971300,51381739800,3456.6065,3479.2635,3452.4841,3449.3773
130608000,3465.0627,1643100,20235300,3823614400,51401975100,3456.6065,3479.2635,3452.4841,3449.3773
130614000,3464.7184,7013400,37394900,3830627800,51439370000,3456.6065,3479.2635,3452.4841,3449.3773
130619000,3464.2927,1195000,17016500,3831822800,51456386500,3456.6065,3479.2635,3452.4841,3449.3773
130623000,3464.3999,1162900,12879000,3832985700,51469265500,3456.6065,3479.2635,3452.4841,3449.3773
130629000,3463.8005,2237700,34181100,3835223400,51503446600,3456.6065,3479.2635,3452.4841,3449.3773
130634000,3463.8868,1481200,19914100,3836704600,51523360700,3456.6065,3479.2635,3452.4841,3449.3773
130639000,3463.921,1322400,15225100,3838027000,51538585800,3456.6065,3479.2635,3452.4841,3449.3773
130644000,3463.724,1822800,23337300,3839849800,51561923100,3456.6065,3479.2635,3452.4841,3449.3773
130649000,3464.0605,981500,14852400,3840831300,51576775500,3456.6065,3479.2635,3452.4841,3449.3773
130653000,3463.6796,1681700,21975900,3842513000,51598751400,3456.6065,3479.2635,3452.4841,3449.3773
130659000,3463.5644,1757100,24227200,3844270100,51622978600,3456.6065,3479.2635,3452.4841,3449.3773
130704000,3463.259,1181800,18276000,3845451900,51641254600,3456.6065,3479.2635,3452.4841,3449.3773
130708000,3463.1681,1552900,17560500,3847004800,51658815100,3456.6065,3479.2635,3452.4841,3449.3773
130714000,3463.2532,2099000,30233200,3849103800,51689048300,3456.6065,3479.2635,3452.4841,3449.3773
130719000,3462.8563,1992700,22084600,3851096500,51711132900,3456.6065,3479.2635,3452.4841,3449.3773
130723000,3462.9432,1276200,15972600,3852372700,51727105500,3456.6065,3479.2635,3452.4841,3449.3773
130729000,3462.819,2072700,21407000,3854445400,51748512500,3456.6065,3479.2635,3452.4841,3449.3773
130734000,3463.0234,1821900,32769600,3856267300,51781282100,3456.6065,3479.2635,3452.4841,3449.3773
130738000,3463.1054,1024600,10708200,3857291900,51791990300,3456.6065,3479.2635,3452.4841,3449.3773
130744000,3463.0233,2055900,23994600,3859347800,51815984900,3456.6065,3479.2635,3452.4841,3449.3773
130749000,3462.9173,1080200,17678300,3860428000,51833663200,3456.6065,3479.2635,3452.4841,3449.3773
130754000,3462.7771,1086300,17966400,3861514300,51851629600,3456.6065,3479.2635,3452.4841,3449.3773
130759000,3462.941,1227300,16382200,3862741600,51868011800,3456.6065,3479.2635,3452.4841,3449.3773
130804000,3462.9732,1456900,21270900,3864198500,51889282700,3456.6065,3479.2635,3452.4841,3449.3773
130808000,3462.8156,1361600,16438800,3865560100,51905721500,3456.6065,3479.2635,3452.4841,3449.3773
130814000,3462.8227,1645900,20427600,3867206000,51926149100,3456.6065,3479.2635,3452.4841,3449.3773
130819000,3462.7221,1838400,17543900,3869044400,51943693000,3456.6065,3479.2635,3452.4841,3449.3773
130823000,3462.7757,1067200,13828500,3870111600,51957521500,3456.6065,3479.2635,3452.4841,3449.3773
130829000,3463.027,1205900,15669700,3871317500,51973191200,3456.6065,3479.2635,3452.4841,3449.3773
130834000,3463.1854,993800,21074400,3872311300,51994265600,3456.6065,3479.2635,3452.4841,3449.3773
130838000,3463.4061,1151800,12884300,3873463100,52007149900,3456.6065,3479.2635,3452.4841,3449.3773
130844000,3463.201,1285100,17969000,3874748200,52025118900,3456.6065,3479.2635,3452.4841,3449.3773
130849000,3462.963,998100,20395000,3875746300,52045513900,3456.6065,3479.2635,3452.4841,3449.3773
130853000,3462.9593,1449200,16980800,3877195500,52062494700,3456.6065,3479.2635,3452.4841,3449.3773
130859000,3462.851,1076800,15718100,3878272300,52078212800,3456.6065,3479.2635,3452.4841,3449.3773
130904000,3462.815,1042100,14009200,3879314400,52092222000,3456.6065,3479.2635,3452.4841,3449.3773
130908000,3463.4342,1143500,13463800,3880457900,52105685800,3456.6065,3479.2635,3452.4841,3449.3773
130914000,3462.7549,1909600,21466200,3882367500,52127152000,3456.6065,3479.2635,3452.4841,3449.3773
130919000,3463.001,1017100,14991700,3883384600,52142143700,3456.6065,3479.2635,3452.4841,3449.3773
130924000,3463.0554,958500,11203400,3884343100,52153347100,3456.6065,3479.2635,3452.4841,3449.3773
130929000,3463.3679,980300,15590800,3885323400,52168937900,3456.6065,3479.2635,3452.4841,3449.3773
130934000,3463.2358,889200,13930200,3886212600,52182868100,3456.6065,3479.2635,3452.4841,3449.3773
130938000,3463.4259,1007700,19522800,3887220300,52202390900,3456.6065,3479.2635,3452.4841,3449.3773
130944000,3463.0765,1293100,16703900,3888513400,52219094800,3456.6065,3479.2635,3452.4841,3449.3773
130949000,3463.1071,1461800,15010000,3889975200,52234104800,3456.6065,3479.2635,3452.4841,3449.3773
130953000,3463.1089,1463300,12290500,3891438500,52246395300,3456.6065,3479.2635,3452.4841,3449.3773
130959000,3463.368,1248900,16194300,3892687400,52262589600,3456.6065,3479.2635,3452.4841,3449.3773
131004000,3463.279,1567400,21923500,3894254800,52284513100,3456.6065,3479.2635,3452.4841,3449.3773
131010000,3463.6557,2152900,23538900,3896407700,52308052000,3456.6065,3479.2635,3452.4841,3449.3773
131014000,3463.4312,1156600,15127000,3897564300,52323179000,3456.6065,3479.2635,3452.4841,3449.3773
131020000,3463.0332,1484000,16726800,3899048300,52339905800,3456.6065,3479.2635,3452.4841,3449.3773
131025000,3463.232,1185400,16382700,3900233700,52356288500,3456.6065,3479.2635,3452.4841,3449.3773
131029000,3463.5812,614700,8715000,3900848400,52365003500,3456.6065,3479.2635,3452.4841,3449.3773
131035000,3463.1368,1199700,15150100,3902048100,52380153600,3456.6065,3479.2635,3452.4841,3449.3773
131040000,3463.2126,898600,13364000,3902946700,52393517600,3456.6065,3479.2635,3452.4841,3449.3773
131044000,3462.9392,955400,13523900,3903902100,52407041500,3456.6065,3479.2635,3452.4841,3449.3773
131050000,3463.2275,1822200,24435700,3905724300,52431477200,3456.6065,3479.2635,3452.4841,3449.3773
131055000,3462.7538,1478700,19870900,3907203000,52451348100,3456.6065,3479.2635,3452.4841,3449.3773
131100000,3463.0661,1067100,13934700,3908270100,52465282800,3456.6065,3479.2635,3452.4841,3449.3773
131105000,3463.0861,1336200,17439100,3909606300,52482721900,3456.6065,3479.2635,3452.4841,3449.3773
131110000,3463.1042,1363900,17596100,3910970200,52500318000,3456.6065,3479.2635,3452.4841,3449.3773
131114000,3463.0242,1776600,17232900,3912746800,52517550900,3456.6065,3479.2635,3452.4841,3449.3773
131120000,3462.707,1514800,18254200,3914261600,52535805100,3456.6065,3479.2635,3452.4841,3449.3773
131125000,3462.8529,1064200,13963800,3915325800,52549768900,3456.6065,3479.2635,3452.4841,3449.3773
131129000,3463.2475,1236100,19983300,3916561900,52569752200,3456.6065,3479.2635,3452.4841,3449.3773
131135000,3463.3134,1159600,16504300,3917721500,52586256500,3456.6065,3479.2635,3452.4841,3449.3773
131140000,3463.2809,1090800,14844000,3918812300,52601100500,3456.6065,3479.2635,3452.4841,3449.3773
131144000,3462.8358,985700,17216700,3919798000,52618317200,3456.6065,3479.2635,3452.4841,3449.3773
131150000,3463.2017,1567200,19796200,3921365200,52638113400,3456.6065,3479.2635,3452.4841,3449.3773
131155000,3462.9773,1527000,18913600,3922892200,52657027000,3456.6065,3479.2635,3452.4841,3449.3773
131159000,3463.3791,1171300,14441000,3924063500,52671468000,3456.6065,3479.2635,3452.4841,3449.3773
131205000,3463.388,2214900,21238000,3926278400,52692706000,3456.6065,3479.2635,3452.4841,3449.3773
131210000,3463.5926,1180700,20196100,3927459100,52712902100,3456.6065,3479.2635,3452.4841,3449.3773
131215000,3463.2844,1719900,20501900,3929179000,52733404000,3456.6065,3479.2635,3452.4841,3449.3773
131220000,3462.9282,1648200,20083100,3930827200,52753487100,3456.6065,3479.2635,3452.4841,3449.3773
131225000,3462.8793,1794200,21969300,3932621400,52775456400,3456.6065,3479.2635,3452.4841,3449.3773
131230000,3463.3167,844900,15633200,3933466300,52791089600,3456.6065,3479.2635,3452.4841,3449.3773
131235000,3463.0393,1119300,12565100,3934585600,52803654700,3456.6065,3479.2635,3452.4841,3449.3773
131240000,3463.1932,766500,11202600,3935352100,52814857300,3456.6065,3479.2635,3452.4841,3449.3773
131245000,3463.2098,1214700,18308300,3936566800,52833165600,3456.6065,3479.2635,3452.4841,3449.3773
131250000,3463.0418,1338900,22263100,3937905700,52855428700,3456.6065,3479.2635,3452.4841,3449.3773
131255000,3463.1349,1017700,16667300,3938923400,52872096000,3456.6065,3479.2635,3452.4841,3449.3773
131259000,3463.291,1068400,11984300,3939991800,52884080300,3456.6065,3479.2635,3452.4841,3449.3773
131305000,3463.1461,2068600,27250500,3942060400,52911330800,3456.6065,3479.2635,3452.4841,3449.3773
131310000,3463.2043,1850400,21787000,3943910800,52933117800,3456.6065,3479.2635,3452.4841,3449.3773
131314000,3462.7302,1527600,20209300,3945438400,52953327100,3456.6065,3479.2635,3452.4841,3449.3773
131320000,3462.6466,1463400,20209900,3946901800,52973537000,3456.6065,3479.2635,3452.4841,3449.3773
131325000,3463.0523,1444800,18532000,3948346600,52992069000,3456.6065,3479.2635,3452.4841,3449.3773
131330000,3463.1218,1285100,20177400,3949631700,53012246400,3456.6065,3479.2635,3452.4841,3449.3773
131335000,3462.762,2592200,32912700,3952223900,53045159100,3456.6065,3479.2635,3452.4841,3449.3773
131340000,3463.2363,1282100,19962700,3953506000,53065121800,3456.6065,3479.2635,3452.4841,3449.3773
131344000,3463.2644,1655600,18791100,3955161600,53083912900,3456.6065,3479.2635,3452.4841,3449.3773
131350000,3463.2206,1368600,22878400,3956530200,53106791300,3456.6065,3479.2635,3452.4841,3449.3773
131355000,3463.0884,1269600,19583700,3957799800,53126375000,3456.6065,3479.2635,3452.4841,3449.3773
131359000,3463.1648,1299200,15698000,3959099000,53142073000,3456.6065,3479.2635,3452.4841,3449.3773
131405000,3463.4141,1703500,19537500,3960802500,53161610500,3456.6065,3479.2635,3452.4841,3449.3773
131411000,3463.5448,2306300,29630800,3963108800,53191241300,3456.6065,3479.2635,3452.4841,3449.3773
131414000,3463.3715,1270700,15888600,3964379500,53207129900,3456.6065,3479.2635,3452.4841,3449.3773
131420000,3463.4459,2416800,38683200,3966796300,53245813100,3456.6065,3479.2635,3452.4841,3449.3773
131426000,3463.817,1525300,22812900,3968321600,53268626000,3456.6065,3479.2635,3452.4841,3449.3773
131431000,3464.1157,1474000,26806000,3969795600,53295432000,3456.6065,3479.2635,3452.4841,3449.3773
131435000,3464.304,2164700,35770100,3971960300,53331202100,3456.6065,3479.2635,3452.4841,3449.3773
131441000,3465.0216,2410200,31710700,3974370500,53362912800,3456.6065,3479.2635,3452.4841,3449.3773
131446000,3465.5663,1948900,26822100,3976319400,53389734900,3456.6065,3479.2635,3452.4841,3449.3773
131451000,3465.6253,1617300,26883200,3977936700,53416618100,3456.6065,3479.2635,3452.4841,3449.3773
131456000,3465.3635,3163700,36517200,3981100400,53453135300,3456.6065,3479.2635,3452.4841,3449.3773
131501000,3465.8309,1521500,21028800,3982621900,53474164100,3456.6065,3479.2635,3452.4841,3449.3773
131505000,3465.9136,1916400,24791800,3984538300,53498955900,3456.6065,3479.2635,3452.4841,3449.3773
131511000,3466.1043,2353300,31253700,3986891600,53530209600,3456.6065,3479.2635,3452.4841,3449.3773
131516000,3466.0541,2289300,25752600,3989180900,53555962200,3456.6065,3479.2635,3452.4841,3449.3773
131521000,3465.7568,2151300,21747700,3991332200,53577709900,3456.6065,3479.2635,3452.4841,3449.3773
131526000,3466.0952,3573800,38514400,3994906000,53616224300,3456.6065,3479.2635,3452.4841,3449.3773
131531000,3466.4519,1836300,19938200,3996742300,53636162500,3456.6065,3479.2635,3452.4841,3449.3773
131536000,3466.0354,1465600,20814300,3998207900,53656976800,3456.6065,3479.2635,3452.4841,3449.3773
131541000,3466.2837,2242800,29186000,4000450700,53686162800,3456.6065,3479.2635,3452.4841,3449.3773
131546000,3466.4717,1747900,21754700,4002198600,53707917500,3456.6065,3479.2635,3452.4841,3449.3773
131550000,3466.4617,1679900,22483900,4003878500,53730401400,3456.6065,3479.2635,3452.4841,3449.3773
131556000,3466.0653,2985200,30922600,4006863700,53761324000,3456.6065,3479.2635,3452.4841,3449.3773
131601000,3466.5242,1978100,32779000,4008841800,53794103000,3456.6065,3479.2635,3452.4841,3449.3773
131605000,3466.5639,1342300,19397900,4010184100,53813500900,3456.6065,3479.2635,3452.4841,3449.3773
131611000,3466.4732,1609500,26147600,4011793600,53839648500,3456.6065,3479.2635,3452.4841,3449.3773
131616000,3466.4941,3051900,29005200,4014845500,53868653700,3456.6065,3479.2635,3452.4841,3449.3773
131621000,3466.2231,1264300,18955900,4016109800,53887609600,3456.6065,3479.2635,3452.4841,3449.3773
131626000,3466.4561,1406200,19627300,4017516000,53907236900,3456.6065,3479.2635,3452.4841,3449.3773
131631000,3466.6891,1479100,17796100,4018995100,53925033000,3456.6065,3479.2635,3452.4841,3449.3773
131635000,3466.5215,1095400,13267400,4020090500,53938300400,3456.6065,3479.2635,3452.4841,3449.3773
131641000,3466.61,2115400,24383400,4022205900,53962683800,3456.6065,3479.2635,3452.4841,3449.3773
131646000,3466.8832,1255300,17662900,4023461200,53980346700,3456.6065,3479.2635,3452.4841,3449.3773
131650000,3466.9115,1824600,20113200,4025285800,54000459900,3456.6065,3479.2635,3452.4841,3449.3773
131656000,3466.6166,2153000,21795900,4027438800,54022255800,3456.6065,3479.2635,3452.4841,3449.3773
131701000,3466.6025,1784500,21083300,4029223300,54043339100,3456.6065,3479.2635,3452.4841,3449.3773
131705000,3466.9745,1311800,18086800,4030535100,54061425900,3456.6065,3479.2635,3452.4841,3449.3773
131711000,3466.9065,2333200,27831600,4032868300,54089257500,3456.6065,3479.2635,3452.4841,3449.3773
131716000,3466.7444,1421700,15728900,4034290000,54104986400,3456.6065,3479.2635,3452.4841,3449.3773
131720000,3466.6234,1419800,15927100,4035709800,54120913500,3456.6065,3479.2635,3452.4841,3449.3773
131726000,3466.858,1930400,23471100,4037640200,54144384600,3456.6065,3479.2635,3452.4841,3449.3773
131731000,3467.1121,1307300,18931300,4038947500,54163315900,3456.6065,3479.2635,3452.4841,3449.3773
131735000,3466.9539,2061500,18700700,4041009000,54182016600,3456.6065,3479.2635,3452.4841,3449.3773
131741000,3467.1287,2129800,27464200,4043138800,54209480800,3456.6065,3479.2635,3452.4841,3449.3773
131746000,3466.95,1301700,15128300,4044440500,54224609100,3456.6065,3479.2635,3452.4841,3449.3773
131750000,3466.8087,1353400,16507100,4045793900,54241116200,3456.6065,3479.2635,3452.4841,3449.3773
131756000,3467.1034,1961700,23693900,4047755600,54264810100,3456.6065,3479.2635,3452.4841,3449.3773
131801000,3467.2773,1322100,18475300,4049077700,54283285400,3456.6065,3479.2635,3452.4841,3449.3773
131805000,3467.079,1445000,18324400,4050522700,54301609800,3456.6065,3479.2635,3452.4841,3449.3773
131811000,3466.7362,1931700,24537900,4052454400,54326147700,3456.6065,3479.2635,3452.4841,3449.3773
131817000,3466.8825,2989500,30822300,4055443900,54356970000,3456.6065,3479.2635,3452.4841,3449.3773
131822000,3466.3592,1188400,18030800,4056632300,54375000800,3456.6065,3479.2635,3452.4841,3449.3773
131826000,3466.368,1295600,17112800,4057927900,54392113600,3456.6065,3479.2635,3452.4841,3449.3773
131832000,3466.0193,2175700,22753300,4060103600,54414866900,3456.6065,3479.2635,3452.4841,3449.3773
131837000,3466.374,1416900,20441700,4061520500,54435308600,3456.6065,3479.2635,3452.4841,3449.3773
131841000,3466.2019,1266300,13676900,4062786800,54448985500,3456.6065,3479.2635,3452.4841,3449.3773
131847000,3466.2028,1641900,21376800,4064428700,54470362300,3456.6065,3479.2635,3452.4841,3449.3773
131852000,3466.2732,1540500,16638800,4065969200,54487001100,3456.6065,3479.2635,3452.4841,3449.3773
131856000,3465.9445,1819300,24713300,4067788500,54511714400,3456.6065,3479.2635,3452.4841,3449.3773
131902000,3466.0728,2007000,19666200,4069795500,54531380600,3456.6065,3479.2635,3452.4841,3449.3773
131907000,3466.1897,1350000,15476300,4071145500,54546856900,3456.6065,3479.2635,3452.4841,3449.3773
131911000,3466.2216,1174500,13859600,4072320000,54560716500,3456.6065,3479.2635,3452.4841,3449.3773
131917000,3466.1246,1810600,20706500,4074130600,54581423000,3456.6065,3479.2635,3452.4841,3449.3773
131922000,3465.7351,1168900,17470400,4075299500,54598893400,3456.6065,3479.2635,3452.4841,3449.3773
131926000,3465.8457,988100,16329900,4076287600,54615223300,3456.6065,3479.2635,3452.4841,3449.3773
131932000,3466.1746,1573200,27599100,4077860800,54642822400,3456.6065,3479.2635,3452.4841,3449.3773
131937000,3466.0691,1374500,19486100,4079235300,54662308500,3456.6065,3479.2635,3452.4841,3449.3773
131941000,3466.2374,808500,10768800,4080043800,54673077300,3456.6065,3479.2635,3452.4841,3449.3773
131947000,3466.5145,1755200,23865500,4081799000,54696942800,3456.6065,3479.2635,3452.4841,3449.3773
131952000,3466.1197,1017900,15252000,4082816900,54712194800,3456.6065,3479.2635,3452.4841,3449.3773
131956000,3465.8345,1639000,20430600,4084455900,54732625400,3456.6065,3479.2635,3452.4841,3449.3773
132002000,3466.0473,1458900,20474700,4085914800,54753100100,3456.6065,3479.2635,3452.4841,3449.3773
132007000,3466.4405,1662500,15810800,4087577300,54768910900,3456.6065,3479.2635,3452.4841,3449.3773
132011000,3466.2558,1099200,12474300,4088676500,54781385200,3456.6065,3479.2635,3452.4841,3449.3773
132017000,3466.328,1828400,22690800,4090504900,54804076000,3456.6065,3479.2635,3452.4841,3449.3773
132022000,3466.4351,1638000,28363000,4092142900,54832439000,3456.6065,3479.2635,3452.4841,3449.3773
132026000,3466.5626,1587800,21449900,4093730700,54853888900,3456.6065,3479.2635,3452.4841,3449.3773
132032000,3466.4864,2804400,34248500,4096535100,54888137400,3456.6065,3479.2635,3452.4841,3449.3773
132037000,3466.1701,1357800,18703400,4097892900,54906840800,3456.6065,3479.2635,3452.4841,3449.3773
132041000,3466.6244,2083800,32084400,4099976700,54938925200,3456.6065,3479.2635,3452.4841,3449.3773
132047000,3467.1364,3332800,63615000,4103309500,55002540200,3456.6065,3479.2635,3452.4841,3449.3773
132052000,3467.4865,2116600,28700300,4105426100,55031240500,3456.6065,3479.2635,3452.4841,3449.3773
132056000,3467.8781,2628700,34418800,4108054800,55065659300,3456.6065,3479.2635,3452.4841,3449.3773
132102000,3468.1993,2778300,38612700,4110833100,55104272000,3456.6065,3479.2635,3452.4841,3449.3773
132107000,3468.7537,3103800,35933500,4113936900,55140205500,3456.6065,3479.2635,3452.4841,3449.3773
132111000,3469.1239,2521000,32386400,4116457900,55172591900,3456.6065,3479.2635,3452.4841,3449.3773
132117000,3468.5087,3250100,42076200,4119708000,55214668100,3456.6065,3479.2635,3452.4841,3449.3773
132122000,3469.0437,2115600,24459400,4121823600,55239127500,3456.6065,3479.2635,3452.4841,3449.3773
132126000,3468.9937,1941100,36403000,4123764700,55275530500,3456.6065,3479.2635,3452.4841,3449.3773
132132000,3469.4145,3416000,48340900,4127180700,55323871400,3456.6065,3479.2635,3452.4841,3449.3773
132137000,3468.9135,2428200,29565300,4129608900,55353436700,3456.6065,3479.2635,3452.4841,3449.3773
132141000,3469.4329,1827100,25531700,4131436000,55378968400,3456.6065,3479.2635,3452.4841,3449.3773
132147000,3469.5847,1885500,28439300,4133321500,55407407700,3456.6065,3479.2635,3452.4841,3449.3773
132152000,3469.7881,2403400,25981300,4135724900,55433389000,3456.6065,3479.2635,3452.4841,3449.3773
132156000,3469.3001,2098700,25857900,4137823600,55459246900,3456.6065,3479.2635,3452.4841,3449.3773
132202000,3469.2775,3416200,46325500,4141239800,55505572400,3456.6065,3479.2635,3452.4841,3449.3773
132207000,3469.2661,1972100,28034600,4143211900,55533607000,3456.6065,3479.2635,3452.4841,3449.3773
132211000,3469.2308,3063900,31364600,4146275800,55564971600,3456.6065,3479.2635,3452.4841,3449.3773
132217000,3469.4419,3155600,35341500,4149431400,55600313100,3456.6065,3479.2635,3452.4841,3449.3773
132223000,3469.6792,2477700,29654700,4151909100,55629967800,3456.6065,3479.2635,3452.4841,3449.3773
132226000,3469.6859,1483800,18002600,4153392900,55647970400,3456.6065,3479.2635,3452.4841,3449.3773
132232000,3469.4442,2836300,38172200,4156229200,55686142600,3456.6065,3479.2635,3452.4841,3449.3773
132238000,3469.8041,2444400,34050200,4158673600,55720192800,3456.6065,3479.2635,3452.4841,3449.3773
132243000,3470.0598,2151300,31941700,4160824900,55752134500,3456.6065,3479.2635,3452.4841,3449.3773
132247000,3469.996,1446100,19827400,4162271000,55771961900,3456.6065,3479.2635,3452.4841,3449.3773
132253000,3470.0355,3526300,34373600,4165797300,55806335500,3456.6065,3479.2635,3452.4841,3449.3773
132258000,3469.9824,2323900,27253400,4168121200,55833588900,3456.6065,3479.2635,3452.4841,3449.3773
132302000,3470.0209,1849800,21216800,4169971000,55854805700,3456.6065,3479.2635,3452.4841,3449.3773
132308000,3469.8672,2106900,27150500,4172077900,55881956200,3456.6065,3479.2635,3452.4841,3449.3773
132313000,3469.8746,2420100,22793300,4174498000,55904749500,3456.6065,3479.2635,3452.4841,3449.3773
132317000,3469.3544,2377300,25412800,4176875300,55930162300,3456.6065,3479.2635,3452.4841,3449.3773
132323000,3469.4704,2443900,28857700,4179319200,55959020000,3456.6065,3479.2635,3452.4841,3449.3773
132328000,3469.6209,1869800,19575000,4181189000,55978595000,3456.6065,3479.2635,3452.4841,3449.3773
132332000,3469.5733,3391300,28930700,4184580300,56007525700,3456.6065,3479.2635,3452.4841,3449.3773
132338000,3469.4761,2014800,26633100,4186595100,56034158800,3456.6065,3479.2635,3452.4841,3449.3773
132343000,3469.592,1810800,22404700,4188405900,56056563500,3456.6065,3479.2635,3452.4841,3449.3773
132347000,3469.2126,2453100,32170600,4190859000,56088734100,3456.6065,3479.2635,3452.4841,3449.3773
132353000,3469.0169,2310400,35599500,4193169400,56124333600,3456.6065,3479.2635,3452.4841,3449.3773
132358000,3468.8771,3149000,30137300,4196318400,56154470900,3456.6065,3479.2635,3452.4841,3449.3773
132402000,3468.9944,1963100,20922700,4198281500,56175393600,3456.6065,3479.2635,3452.4841,3449.3773
132408000,3468.9967,2616300,27141400,4200897800,56202535000,3456.6065,3479.2635,3452.4841,3449.3773
132413000,3468.6873,2397900,31098500,4203295700,56233633500,3456.6065,3479.2635,3452.4841,3449.3773
132418000,3468.6003,2648000,26153900,4205943700,56259787400,3456.6065,3479.2635,3452.4841,3449.3773
132423000,3468.2723,2441400,28410900,4208385100,56288198300,3456.6065,3479.2635,3452.4841,3449.3773
132428000,3468.7887,2179200,23337300,4210564300,56311535600,3456.6065,3479.2635,3452.4841,3449.3773
132432000,3468.6987,1358100,22241200,4211922400,56333776800,3456.6065,3479.2635,3452.4841,3449.3773
132438000,3468.5787,1908800,24745800,4213831200,56358522600,3456.6065,3479.2635,3452.4841,3449.3773
132443000,3468.6448,1428100,20565000,4215259300,56379087600,3456.6065,3479.2635,3452.4841,3449.3773
132447000,3468.3823,947600,10347900,4216206900,56389435500,3456.6065,3479.2635,3452.4841,3449.3773
132453000,3468.4975,1795500,25548000,4218002400,56414983500,3456.6065,3479.2635,3452.4841,3449.3773
132458000,3468.5314,2091500,29562200,4220093900,56444545700,3456.6065,3479.2635,3452.4841,3449.3773
132502000,3468.6597,1278400,19533400,4221372300,56464079100,3456.6065,3479.2635,3452.4841,3449.3773
132508000,3468.2235,2695000,30867300,4224067300,56494946400,3456.6065,3479.2635,3452.4841,3449.3773
132513000,3468.3391,1728900,22489300,4225796200,56517435700,3456.6065,3479.2635,3452.4841,3449.3773
132517000,3468.533,1435700,18294900,4227231900,56535730600,3456.6065,3479.2635,3452.4841,3449.3773
132523000,3468.4619,2259400,28781200,4229491300,56564511800,3456.6065,3479.2635,3452.4841,3449.3773
132528000,3468.1984,1997400,24445000,4231488700,56588956800,3456.6065,3479.2635,3452.4841,3449.3773
132532000,3468.1223,1211700,17557100,4232700400,56606513900,3456.6065,3479.2635,3452.4841,3449.3773
132538000,3468.2311,1600800,26425900,4234301200,56632939800,3456.6065,3479.2635,3452.4841,3449.3773
132543000,3468.2022,930900,13637300,4235232100,56646577100,3456.6065,3479.2635,3452.4841,3449.3773
132547000,3468.3278,1129100,15344400,4236361200,56661921500,3456.6065,3479.2635,3452.4841,3449.3773
132553000,3467.9131,1586400,21590000,4237947600,56683511500,3456.6065,3479.2635,3452.4841,3449.3773
132558000,3468.0108,1521900,21343200,4239469500,56704854700,3456.6065,3479.2635,3452.4841,3449.3773
132602000,3468.0489,1778100,19782100,4241247600,56724636800,3456.6065,3479.2635,3452.4841,3449.3773
132608000,3468.1693,1892100,26628900,4243139700,56751265700,3456.6065,3479.2635,3452.4841,3449.3773
132613000,3467.8772,2493600,19753400,4245633300,56771019100,3456.6065,3479.2635,3452.4841,3449.3773
132617000,3467.6055,2216400,22736700,4247849700,56793755800,3456.6065,3479.2635,3452.4841,3449.3773
132623000,3467.3312,2153500,26673800,4250003200,56820429600,3456.6065,3479.2635,3452.4841,3449.3773
132629000,3467.7077,2599600,25195800,4252602800,56845625400,3456.6065,3479.2635,3452.4841,3449.3773
132632000,3467.4508,839900,11096000,4253442700,56856721400,3456.6065,3479.2635,3452.4841,3449.3773
132638000,3467.4752,2274000,25143000,4255716700,56881864400,3456.6065,3479.2635,3452.4841,3449.3773
132644000,3467.3399,2447700,29414300,4258164400,56911278700,3456.6065,3479.2635,3452.4841,3449.3773
132649000,3467.1602,1743600,18113200,4259908000,56929391900,3456.6065,3479.2635,3452.4841,3449.3773
132654000,3466.4754,1866400,21440000,4261774400,56950831900,3456.6065,3479.2635,3452.4841,3449.3773
132659000,3466.6529,1897000,25614500,4263671400,56976446400,3456.6065,3479.2635,3452.4841,3449.3773
132704000,3466.2649,1564700,24624900,4265236100,57001071300,3456.6065,3479.2635,3452.4841,3449.3773
132708000,3466.2978,1646600,24390400,4266882700,57025461700,3456.6065,3479.2635,3452.4841,3449.3773
132714000,3466.0584,1804700,27186100,4268687400,57052647800,3456.6065,3479.2635,3452.4841,3449.3773
132719000,3465.2673,1632600,24491400,4270320000,57077139200,3456.6065,3479.2635,3452.4841,3449.3773
132723000,3465.4485,1265200,22669600,4271585200,57099808800,3456.6065,3479.2635,3452.4841,3449.3773
132729000,3465.7473,2083300,26511900,4273668500,57126320700,3456.6065,3479.2635,3452.4841,3449.3773
132734000,3465.7741,1560000,28457000,4275228500,57154777700,3456.6065,3479.2635,3452.4841,3449.3773
132738000,3465.3931,1367600,19155000,4276596100,57173932700,3456.6065,3479.2635,3452.4841,3449.3773
132744000,3465.5915,2081900,26303100,4278678000,57200235800,3456.6065,3479.2635,3452.4841,3449.3773
132749000,3465.4978,1284400,16084700,4279962400,57216320500,3456.6065,3479.2635,3452.4841,3449.3773
132753000,3465.5084,1132600,16312200,4281095000,57232632700,3456.6065,3479.2635,3452.4841,3449.3773
132759000,3465.2637,1530500,27807200,4282625500,57260439900,3456.6065,3479.2635,3452.4841,3449.3773
132804000,3464.9364,1790900,24324700,4284416400,57284764600,3456.6065,3479.2635,3452.4841,3449.3773
132808000,3464.9331,1899700,20169400,4286316100,57304934000,3456.6065,3479.2635,3452.4841,3449.3773
132814000,3465.0922,2101900,22157700,4288418000,57327091700,3456.6065,3479.2635,3452.4841,3449.3773
132819000,3464.6296,1372600,18461200,4289790600,57345552900,3456.6065,3479.2635,3452.4841,3449.3773
132823000,3464.6414,1774000,18740700,4291564600,57364293600,3456.6065,3479.2635,3452.4841,3449.3773
132829000,3465.0034,2101000,24130000,4293665600,57388423600,3456.6065,3479.2635,3452.4841,3449.3773
132834000,3464.8839,1179800,15657700,4294845400,57404081300,3456.6065,3479.2635,3452.4841,3449.3773
132838000,3464.6573,1649200,19280500,4296494600,57423361800,3456.6065,3479.2635,3452.4841,3449.3773
132844000,3464.8343,2354700,23648500,4298849300,57447010300,3456.6065,3479.2635,3452.4841,3449.3773
132849000,3464.8759,1606400,29206100,4300455700,57476216400,3456.6065,3479.2635,3452.4841,3449.3773
132854000,3464.8775,1821400,21202700,4302277100,57497419100,3456.6065,3479.2635,3452.4841,3449.3773
132859000,3464.3553,2910400,24678100,4305187500,57522097200,3456.6065,3479.2635,3452.4841,3449.3773
132904000,3464.5031,2279600,27219600,4307467100,57549316800,3456.6065,3479.2635,3452.4841,3449.3773
132908000,3464.4154,2308000,19693100,4309775100,57569009900,3456.6065,3479.2635,3452.4841,3449.3773
132914000,3464.5093,2221500,40808100,4311996600,57609818000,3456.6065,3479.2635,3452.4841,3449.3773
132919000,3464.155,1928500,27765800,4313925100,57637583800,3456.6065,3479.2635,3452.4841,3449.3773
132923000,3463.9864,2081500,22432300,4316006600,57660016100,3456.6065,3479.2635,3452.4841,3449.3773
132929000,3464.0738,1589100,20090900,4317595700,57680107000,3456.6065,3479.2635,3452.4841,3449.3773
132934000,3464.2047,1596900,19577000,4319192600,57699684000,3456.6065,3479.2635,3452.4841,3449.3773
132938000,3463.8623,1022800,16351200,4320215400,57716035200,3456.6065,3479.2635,3452.4841,3449.3773
132944000,3464.1146,1332400,18908000,4321547800,57734943200,3456.6065,3479.2635,3452.4841,3449.3773
132949000,3463.9482,2368000,30893400,4323915800,57765836600,3456.6065,3479.2635,3452.4841,3449.3773
132953000,3464.0528,2666500,24553900,4326582300,57790390500,3456.6065,3479.2635,3452.4841,3449.3773
132959000,3463.6083,2653100,36159600,4329235400,57826550100,3456.6065,3479.2635,3452.4841,3449.3773
133004000,3463.8085,2752700,26856600,4331988100,57853406700,3456.6065,3479.2635,3452.4841,3449.3773
133008000,3463.6824,1486200,15959400,4333474300,57869366100,3456.6065,3479.2635,3452.4841,3449.3773
133014000,3463.6254,3197400,36801300,4336671700,57906167400,3456.6065,3479.2635,3452.4841,3449.3773
133019000,3463.4236,1799700,23955100,4338471400,57930122500,3456.6065,3479.2635,3452.4841,3449.3773
133023000,3463.0382,1350600,21928300,4339822000,57952050800,3456.6065,3479.2635,3452.4841,3449.3773
133029000,3463.2678,1957000,28172400,4341779000,57980223200,3456.6065,3479.2635,3452.4841,3449.3773
133035000,3463.0822,1613400,26267200,4343392400,58006490400,3456.6065,3479.2635,3452.4841,3449.3773
133038000,3463.1623,1203300,12264300,4344595700,58018754700,3456.6065,3479.2635,3452.4841,3449.3773
133044000,3463.2194,2730600,23953200,4347326300,58042707900,3456.6065,3479.2635,3452.4841,3449.3773
133050000,3463.52,1490400,19504600,4348816700,58062212500,3456.6065,3479.2635,3452.4841,3449.3773
133055000,3463.347,1338900,18575100,4350155600,58080787600,3456.6065,3479.2635,3452.4841,3449.3773
133059000,3463.2693,1708800,16749900,4351864400,58097537500,3456.6065,3479.2635,3452.4841,3449.3773
133105000,3463.2202,2133000,27428100,4353997400,58124965600,3456.6065,3479.2635,3452.4841,3449.3773
133110000,3463.3906,1483700,19476900,4355481100,58144442500,3456.6065,3479.2635,3452.4841,3449.3773
133114000,3463.4252,1726500,22212000,4357207600,58166654500,3456.6065,3479.2635,3452.4841,3449.3773
133120000,3462.9056,1674600,23429900,4358882200,58190084400,3456.6065,3479.2635,3452.4841,3449.3773
133125000,3463.0184,2053800,21488100,4360936000,58211572500,3456.6065,3479.2635,3452.4841,3449.3773
133129000,3463.1875,1077300,16726300,4362013300,58228298800,3456.6065,3479.2635,3452.4841,3449.3773
133135000,3463.374,2833500,27324500,4364846800,58255623300,3456.6065,3479.2635,3452.4841,3449.3773
133140000,3463.1755,1496900,17930700,4366343700,58273554000,3456.6065,3479.2635,3452.4841,3449.3773
133144000,3463.242,1966200,20346800,4368309900,58293900800,3456.6065,3479.2635,3452.4841,3449.3773
133150000,3463.3724,1360500,20513500,4369670400,58314414300,3456.6065,3479.2635,3452.4841,3449.3773
133154000,3463.4795,1359500,19602700,4371029900,58334017000,3456.6065,3479.2635,3452.4841,3449.3773
133159000,3463.1654,1858800,24139200,4372888700,58358156200,3456.6065,3479.2635,3452.4841,3449.3773
133205000,3463.505,1703000,23718100,4374591700,58381874300,3456.6065,3479.2635,3452.4841,3449.3773
133210000,3463.0689,1057800,14228200,4375649500,58396102500,3456.6065,3479.2635,3452.4841,3449.3773
133214000,3463.1301,1000800,14044000,4376650300,58410146500,3456.6065,3479.2635,3452.4841,3449.3773
133220000,3463.2535,2654700,26215900,4379305000,58436362400,3456.6065,3479.2635,3452.4841,3449.3773
133224000,3462.9959,1318600,15023900,4380623600,58451386300,3456.6065,3479.2635,3452.4841,3449.3773
133229000,3462.8878,1166700,14714400,4381790300,58466100700,3456.6065,3479.2635,3452.4841,3449.3773
133235000,3462.482,1489700,22877000,4383280000,58488977700,3456.6065,3479.2635,3452.4841,3449.3773
133239000,3462.5753,2483500,22476400,4385763500,58511454100,3456.6065,3479.2635,3452.4841,3449.3773
133244000,3462.8132,1436900,16220600,4387200400,58527674700,3456.6065,3479.2635,3452.4841,3449.3773
133250000,3462.7387,1620600,22236200,4388821000,58549910900,3456.6065,3479.2635,3452.4841,3449.3773
133254000,3462.6949,1479900,15723500,4390300900,58565634400,3456.6065,3479.2635,3452.4841,3449.3773
133300000,3462.797,2382500,27791400,4392683400,58593425800,3456.6065,3479.2635,3452.4841,3449.3773
133305000,3462.3259,1904500,25319000,4394587900,58618744800,3456.6065,3479.2635,3452.4841,3449.3773
133309000,3462.1648,2552800,29441900,4397140700,58648186700,3456.6065,3479.2635,3452.4841,3449.3773
133314000,3462.0563,2053700,25708000,4399194400,58673894700,3456.6065,3479.2635,3452.4841,3449.3773
133320000,3461.8331,2039800,29768100,4401234200,58703662800,3456.6065,3479.2635,3452.4841,3449.3773
133324000,3461.4296,1331400,16197700,4402565600,58719860500,3456.6065,3479.2635,3452.4841,3449.3773
133329000,3461.1363,1798300,22196400,4404363900,58742056900,3456.6065,3479.2635,3452.4841,3449.3773
133335000,3460.9763,2194800,30783700,4406558700,58772840600,3456.6065,3479.2635,3452.4841,3449.3773
133339000,3460.9033,2340200,24415000,4408898900,58797255600,3456.6065,3479.2635,3452.4841,3449.3773
133344000,3460.8674,2127400,19711300,4411026300,58816966900,3456.6065,3479.2635,3452.4841,3449.3773
133350000,3460.9075,2110200,34892500,4413136500,58851859400,3456.6065,3479.2635,3452.4841,3449.3773
133354000,3460.6933,1943700,27659000,4415080200,58879518400,3456.6065,3479.2635,3452.4841,3449.3773
133359000,3460.6613,1879800,30574200,4416960000,58910092600,3456.6065,3479.2635,3452.4841,3449.3773
133405000,3460.7288,2132600,29963800,4419092600,58940056400,3456.6065,3479.2635,3452.4841,3449.3773
133409000,3460.6755,1787700,22748700,4420880300,58962805100,3456.6065,3479.2635,3452.4841,3449.3773
133414000,3460.4867,2371400,29702100,4423251700,58992507200,3456.6065,3479.2635,3452.4841,3449.3773
133420000,3460.0356,2879500,75269200,4426131200,59067776400,3456.6065,3479.2635,3452.4841,3449.3773
133424000,3460.1014,1839100,36080800,4427970300,59103857200,3456.6065,3479.2635,3452.4841,3449.3773
133430000,3460.3039,2019500,28576300,4429989800,59132433500,3456.6065,3479.2635,3452.4841,3449.3773
133435000,3460.4707,1884900,30534100,4431874700,59162967600,3456.6065,3479.2635,3452.4841,3449.3773
133441000,3460.2741,1551200,23717000,4433425900,59186684600,3456.6065,3479.2635,3452.4841,3449.3773
133444000,3460.1463,604600,10615000,4434030500,59197299600,3456.6065,3479.2635,3452.4841,3449.3773
133450000,3459.8606,1607300,25234100,4435637800,59222533700,3456.6065,3479.2635,3452.4841,3449.3773
133456000,3459.7016,1783500,24838100,4437421300,59247371800,3456.6065,3479.2635,3452.4841,3449.3773
133500000,3459.8176,1062300,16031100,4438483600,59263402900,3456.6065,3479.2635,3452.4841,3449.3773
133505000,3459.6281,2294500,31303800,4440778100,59294706700,3456.6065,3479.2635,3452.4841,3449.3773
133511000,3459.5131,3027700,32698700,4443805800,59327405400,3456.6065,3479.2635,3452.4841,3449.3773
133515000,3459.4404,1730600,29904200,4445536400,59357309600,3456.6065,3479.2635,3452.4841,3449.3773
133520000,3459.248,1988600,35962500,4447525000,59393272100,3456.6065,3479.2635,3452.4841,3449.3773
133526000,3459.483,1628700,20170500,4449153700,59413442600,3456.6065,3479.2635,3452.4841,3449.3773
133531000,3459.2376,1307100,18034300,4450460800,59431476900,3456.6065,3479.2635,3452.4841,3449.3773
133535000,3458.8996,1845600,24801200,4452306400,59456278100,3456.6065,3479.2635,3452.4841,3449.3773
133541000,3458.8745,2114600,33116900,4454421000,59489395000,3456.6065,3479.2635,3452.4841,3449.3773
133545000,3458.5263,1531200,24395500,4455952200,59513790500,3456.6065,3479.2635,3452.4841,3449.3773
133550000,3458.617,1590300,23682500,4457542500,59537473000,3456.6065,3479.2635,3452.4841,3449.3773
133556000,3458.3866,3225000,54311800,4460767500,59591784800,3456.6065,3479.2635,3452.4841,3449.3773
133600000,3458.4068,2548900,44015300,4463316400,59635800100,3456.6065,3479.2635,3452.4841,3449.3773
133606000,3458.1673,1665000,25180200,4464981400,59660980300,3456.6065,3479.2635,3452.4841,3449.3773
133611000,3458.4014,2699900,32450300,4467681300,59693430600,3456.6065,3479.2635,3452.4841,3449.3773
133615000,3458.3461,1685000,27548700,4469366300,59720979300,3456.6065,3479.2635,3452.4841,3449.3773
133620000,3457.8024,1370200,25575300,4470736500,59746554600,3456.6065,3479.2635,3452.4841,3449.3773
133626000,3457.7075,2133100,31909500,4472869600,59778464100,3456.6065,3479.2635,3452.4841,3449.3773
133630000,3457.7311,2071100,37408700,4474940700,59815872800,3456.6065,3479.2635,3452.4841,3449.3773
133635000,3457.6169,1632500,24308200,4476573200,59840181000,3456.6065,3479.2635,3452.4841,3449.3773
133641000,3457.6768,2811000,39448500,4479384200,59879629500,3456.6065,3479.2635,3452.4841,3449.3773
133645000,3457.6802,1709100,23533000,4481093300,59903162500,3456.6065,3479.2635,3452.4841,3449.3773
133650000,3457.7554,1490100,24112800,4482583400,59927275300,3456.6065,3479.2635,3452.4841,3449.3773
133656000,3457.7097,1935900,30405300,4484519300,59957680600,3456.6065,3479.2635,3452.4841,3449.3773
133700000,3457.5783,1888400,27151100,4486407700,59984831700,3456.6065,3479.2635,3452.4841,3449.3773
133706000,3457.5706,2112200,29861200,4488519900,60014692900,3456.6065,3479.2635,3452.4841,3449.3773
133711000,3457.6841,2292100,35372700,4490812000,60050065600,3456.6065,3479.2635,3452.4841,3449.3773
133715000,3457.9126,1238000,16249100,4492050000,60066314700,3456.6065,3479.2635,3452.4841,3449.3773
133720000,3457.4602,1487800,23930100,4493537800,60090244800,3456.6065,3479.2635,3452.4841,3449.3773
133726000,3457.451,2186900,27966500,4495724700,60118211300,3456.6065,3479.2635,3452.4841,3449.3773
133730000,3457.8333,1076400,17024500,4496801100,60135235800,3456.6065,3479.2635,3452.4841,3449.3773
133735000,3458.071,1327700,16945000,4498128800,60152180800,3456.6065,3479.2635,3452.4841,3449.3773
133741000,3457.6616,2296000,24135200,4500424800,60176316000,3456.6065,3479.2635,3452.4841,3449.3773
133745000,3457.6952,997000,16608500,4501421800,60192924500,3456.6065,3479.2635,3452.4841,3449.3773
133750000,3457.7266,1565800,25385800,4502987600,60218310300,3456.6065,3479.2635,3452.4841,3449.3773
133756000,3457.4479,1985200,23524100,4504972800,60241834400,3456.6065,3479.2635,3452.4841,3449.3773
133800000,3457.7412,1297100,15915700,4506269900,60257750100,3456.6065,3479.2635,3452.4841,3449.3773
133805000,3457.5839,1862500,21213400,4508132400,60278963500,3456.6065,3479.2635,3452.4841,3449.3773
133811000,3457.485,2514400,28333300,4510646800,60307296800,3456.6065,3479.2635,3452.4841,3449.3773
133815000,3457.466,1052400,16412200,4511699200,60323709000,3456.6065,3479.2635,3452.4841,3449.3773
133820000,3457.3583,1846300,22663100,4513545500,60346372100,3456.6065,3479.2635,3452.4841,3449.3773
133826000,3456.834,2318800,24893400,4515864300,60371265500,3456.6065,3479.2635,3452.4841,3449.3773
133830000,3457.0631,1986700,18415000,4517851000,60389680500,3456.6065,3479.2635,3452.4841,3449.3773
133836000,3456.8251,4067700,34137600,4521918700,60423818100,3456.6065,3479.2635,3452.4841,3449.3773
133841000,3456.9297,1925300,22419600,4523844000,60446237700,3456.6065,3479.2635,3452.4841,3449.3773
133845000,3456.6487,1086800,19237700,4524930800,60465475400,3456.6065,3479.2635,3452.4841,3449.3773
133851000,3456.7118,2009900,24945000,4526940700,60490420400,3456.6065,3479.2635,3452.4841,3449.3773
133856000,3456.5259,1318800,31722800,4528259500,60522143200,3456.6065,3479.2635,3452.4841,3449.3773
133902000,3456.7506,1365300,18845000,4529624800,60540988200,3456.6065,3479.2635,3452.4841,3449.3773
133906000,3456.5226,1355600,24653000,4530980400,60565641200,3456.6065,3479.2635,3452.4841,3449.3773
133911000,3456.3106,1590600,22180700,4532571000,60587821900,3456.6065,3479.2635,3452.4841,3449.3773
133917000,3455.9652,2196000,29556600,4534767000,60617378500,3456.6065,3479.2635,3452.4841,3449.3773
133921000,3455.8458,1941300,24362400,4536708300,60641740900,3456.6065,3479.2635,3452.4841,3449.3773
133926000,3456.0839,2569400,26141100,4539277700,60667882000,3456.6065,3479.2635,3452.4841,3449.3773
133932000,3456.1244,2125500,30763400,4541403200,60698645400,3456.6065,3479.2635,3452.4841,3449.3773
133936000,3455.9171,1587600,19535200,4542990800,60718180600,3456.6065,3479.2635,3452.4841,3449.3773
133942000,3455.868,2547700,28995900,4545538500,60747176500,3456.6065,3479.2635,3452.4841,3449.3773
133947000,3455.8552,2261700,32706100,4547800200,60779882600,3456.6065,3479.2635,3452.4841,3449.3773
133951000,3455.8839,1251100,17921500,4549051300,60797804100,3456.6065,3479.2635,3452.4841,3449.3773
133956000,3455.7724,1419300,21558800,4550470600,60819362900,3456.6065,3479.2635,3452.4841,3449.3773
134002000,3456.1276,2136700,31191500,4552607300,60850554400,3456.6065,3479.2635,3452.4841,3449.3773
134006000,3455.8569,1326300,17652700,4553933600,60868207100,3456.6065,3479.2635,3452.4841,3449.3773
134011000,3455.9221,2657900,23854700,4556591500,60892061800,3456.6065,3479.2635,3452.4841,3449.3773
134017000,3456.0554,1998900,26806700,4558590400,60918868500,3456.6065,3479.2635,3452.4841,3449.3773
134021000,3455.9777,1593000,23755300,4560183400,60942623800,3456.6065,3479.2635,3452.4841,3449.3773
134026000,3456.355,1977400,19812700,4562160800,60962436500,3456.6065,3479.2635,3452.4841,3449.3773
134032000,3456.2557,3028100,29423000,4565188900,60991859500,3456.6065,3479.2635,3452.4841,3449.3773
134036000,3456.1219,1436700,20739500,4566625600,61012599000,3456.6065,3479.2635,3452.4841,3449.3773
134041000,3455.9479,1646600,21346700,4568272200,61033945700,3456.6065,3479.2635,3452.4841,3449.3773
134047000,3455.7523,1449200,24636400,4569721400,61058582100,3456.6065,3479.2635,3452.4841,3449.3773
134051000,3455.9376,726200,12936800,4570447600,61071518900,3456.6065,3479.2635,3452.4841,3449.3773
134056000,3456.3982,1576200,24174300,4572023800,61095693200,3456.6065,3479.2635,3452.4841,3449.3773
134102000,3456.5491,1441100,17424200,4573464900,61113117400,3456.6065,3479.2635,3452.4841,3449.3773
134106000,3456.3892,1507500,22711600,4574972400,61135829000,3456.6065,3479.2635,3452.4841,3449.3773
134111000,3456.373,2352200,27621000,4577324600,61163450000,3456.6065,3479.2635,3452.4841,3449.3773
134117000,3456.0259,1991900,27437500,4579316500,61190887500,3456.6065,3479.2635,3452.4841,3449.3773
134121000,3456.3682,1410700,18852100,4580727200,61209739600,3456.6065,3479.2635,3452.4841,3449.3773
134126000,3455.7137,1225800,18668500,4581953000,61228408100,3456.6065,3479.2635,3452.4841,3449.3773
134132000,3455.9392,1982500,22894700,4583935500,61251302800,3456.6065,3479.2635,3452.4841,3449.3773
134136000,3455.7937,1535300,15524500,4585470800,61266827300,3456.6065,3479.2635,3452.4841,3449.3773
134141000,3455.7545,2628900,20613000,4588099700,61287440300,3456.6065,3479.2635,3452.4841,3449.3773
134147000,3455.4955,1862800,28220500,4589962500,61315660800,3456.6065,3479.2635,3452.4841,3449.3773
134151000,3455.0992,2298400,22837900,4592260900,61338498700,3456.6065,3479.2635,3452.4841,3449.3773
134156000,3454.5,1917100,26812300,4594178000,61365311000,3456.6065,3479.2635,3452.4841,3449.3773
134202000,3454.4961,2838000,36491700,4597016000,61401802700,3456.6065,3479.2635,3452.4841,3449.3773
134206000,3454.3036,3104000,31507500,4600120000,61433310200,3456.6065,3479.2635,3452.4841,3449.3773
134211000,3454.2913,1882200,27916500,4602002200,61461226700,3456.6065,3479.2635,3452.4841,3449.3773
134217000,3453.9352,2263400,33838400,4604265600,61495065100,3456.6065,3479.2635,3452.4841,3449.3773
134221000,3454.2429,1338800,17258200,4605604400,61512323300,3456.6065,3479.2635,3452.4841,3449.3773
134226000,3453.7543,3036600,33930300,4608641000,61546253600,3456.6065,3479.2635,3452.4841,3449.3773
134232000,3454.0332,2882600,37858500,4611523600,61584112100,3456.6065,3479.2635,3452.4841,3449.3773
134236000,3453.7073,1556100,24613900,4613079700,61608726000,3456.6065,3479.2635,3452.4841,3449.3773
134242000,3453.4445,3437800,40945700,4616517500,61649671700,3456.6065,3479.2635,3452.4841,3449.3773
134247000,3453.5209,2592900,30739400,4619110400,61680411100,3456.6065,3479.2635,3452.4841,3449.3773
134253000,3453.4484,2054600,29060500,4621165000,61709471600,3456.6065,3479.2635,3452.4841,3449.3773
134257000,3453.3257,1857900,23401200,4623022900,61732872800,3456.6065,3479.2635,3452.4841,3449.3773
134302000,3453.4765,1475200,27643000,4624498100,61760515800,3456.6065,3479.2635,3452.4841,3449.3773
134308000,3452.7671,4151600,38745000,4628649700,61799260800,3456.6065,3479.2635,3452.4841,3449.3773
134312000,3452.7934,1788800,28769200,4630438500,61828030000,3456.6065,3479.2635,3452.4841,3449.3773
134318000,3452.6014,2261400,33266700,4632699900,61861296700,3456.6065,3479.2635,3452.4841,3449.3773
134323000,3451.8857,5493200,58915600,4638193100,61920212300,3456.6065,3479.2635,3451.8857,3449.3773
134327000,3451.7056,4216000,38840700,4642409100,61959053000,3456.6065,3479.2635,3451.6988,3449.3773
134332000,3451.7068,2334700,31064900,4644743800,61990117900,3456.6065,3479.2635,3451.6988,3449.3773
134338000,3451.1969,3108100,46479600,4647851900,62036597500,3456.6065,3479.2635,3451.1969,3449.3773
134342000,3451.4919,1453100,22576100,4649305000,62059173600,3456.6065,3479.2635,3451.1969,3449.3773
134347000,3451.0995,2932900,31566500,4652237900,62090740100,3456.6065,3479.2635,3451.0995,3449.3773
134353000,3451.3136,2498400,33165900,4654736300,62123906000,3456.6065,3479.2635,3451.0166,3449.3773
134357000,3451.21,2446200,34128900,4657182500,62158034900,3456.6065,3479.2635,3451.0166,3449.3773
134402000,3450.782,2919100,36771300,4660101600,62194806200,3456.6065,3479.2635,3450.782,3449.3773
134408000,3450.8531,2940900,42040700,4663042500,62236846900,3456.6065,3479.2635,3450.5411,3449.3773
134412000,3451.0345,1688500,21165300,4664731000,62258012200,3456.6065,3479.2635,3450.5411,3449.3773
134417000,3450.2153,3558700,41074800,4668289700,62299087000,3456.6065,3479.2635,3450.2153,3449.3773
134423000,3450.3928,2332800,31422400,4670622500,62330509400,3456.6065,3479.2635,3450.2153,3449.3773
134427000,3450.1997,1881100,27550600,4672503600,62358060000,3456.6065,3479.2635,3450.1997,3449.3773
134432000,3449.9828,1941900,30409500,4674445500,62388469500,3456.6065,3479.2635,3449.7844,3449.3773
134438000,3450.0694,2170900,35258200,4676616400,62423727700,3456.6065,3479.2635,3449.7844,3449.3773
134442000,3449.9593,2069900,28463000,4678686300,62452190700,3456.6065,3479.2635,3449.7844,3449.3773
134447000,3449.9958,2152700,30799600,4680839000,62482990300,3456.6065,3479.2635,3449.7844,3449.3773
134453000,3449.8657,2894500,44890300,4683733500,62527880600,3456.6065,3479.2635,3449.7844,3449.3773
134457000,3449.8945,1228100,23482700,4684961600,62551363300,3456.6065,3479.2635,3449.7844,3449.3773
134502000,3450.4282,2006200,28598700,4686967800,62579962000,3456.6065,3479.2635,3449.7844,3449.3773
134508000,3450.3085,3047600,41832600,4690015400,62621794600,3456.6065,3479.2635,3449.7844,3449.3773
134512000,3449.9473,1671700,26237300,4691687100,62648031900,3456.6065,3479.2635,3449.7844,3449.3773
134517000,3449.9063,1820400,26157400,4693507500,62674189300,3456.6065,3479.2635,3449.7844,3449.3773
134523000,3450.0212,2146500,33520700,4695654000,62707710000,3456.6065,3479.2635,3449.7844,3449.3773
134527000,3449.9072,1945900,34206700,4697599900,62741916700,3456.6065,3479.2635,3449.7844,3449.3773
134532000,3450.0426,1791500,30532200,4699391400,62772448900,3456.6065,3479.2635,3449.7844,3449.3773
134538000,3450.1568,2846900,33131900,4702238300,62805580800,3456.6065,3479.2635,3449.7844,3449.3773
134542000,3450.467,1297500,19288700,4703535800,62824869500,3456.6065,3479.2635,3449.7844,3449.3773
134547000,3450.6129,1702500,27309900,4705238300,62852179400,3456.6065,3479.2635,3449.7844,3449.3773
134553000,3450.6879,1730500,29774000,4706968800,62881953400,3456.6065,3479.2635,3449.7844,3449.3773
134557000,3450.4381,1037400,21369200,4708006200,62903322600,3456.6065,3479.2635,3449.7844,3449.3773
134602000,3450.5422,2037100,26522200,4710043300,62929844800,3456.6065,3479.2635,3449.7844,3449.3773
134608000,3450.7789,1893200,31418900,4711936500,62961263700,3456.6065,3479.2635,3449.7844,3449.3773
134612000,3450.8622,1129400,15861100,4713065900,62977124800,3456.6065,3479.2635,3449.7844,3449.3773
134618000,3450.6903,1997900,26757100,4715063800,63003881900,3456.6065,3479.2635,3449.7844,3449.3773
134623000,3450.2449,1915200,27393400,4716979000,63031275300,3456.6065,3479.2635,3449.7844,3449.3773
134627000,3450.2615,1680900,27543100,4718659900,63058818400,3456.6065,3479.2635,3449.7844,3449.3773
134632000,3450.6952,1896700,20410100,4720556600,63079228500,3456.6065,3479.2635,3449.7844,3449.3773
134638000,3450.6154,7229300,54062700,4727785900,63133291200,3456.6065,3479.2635,3449.7844,3449.3773
134642000,3450.6289,964200,16560400,4728750100,63149851600,3456.6065,3479.2635,3449.7844,3449.3773
134648000,3450.4761,2329700,27150400,4731079800,63177002000,3456.6065,3479.2635,3449.7844,3449.3773
134653000,3450.6651,2783300,33518200,4733863100,63210520200,3456.6065,3479.2635,3449.7844,3449.3773
134659000,3450.8368,1888800,30576400,4735751900,63241096600,3456.6065,3479.2635,3449.7844,3449.3773
134704000,3451.1456,1161100,16157100,4736913000,63257253700,3456.6065,3479.2635,3449.7844,3449.3773
134708000,3451.1078,2024400,25216700,4738937400,63282470400,3456.6065,3479.2635,3449.7844,3449.3773
134714000,3450.7998,1949200,32886800,4740886600,63315357200,3456.6065,3479.2635,3449.7844,3449.3773
134718000,3450.72,1079000,19662500,4741965600,63335019700,3456.6065,3479.2635,3449.7844,3449.3773
134723000,3450.7217,1391000,20382800,4743356600,63355402500,3456.6065,3479.2635,3449.7844,3449.3773
134729000,3450.6126,1834100,22313700,4745190700,63377716200,3456.6065,3479.2635,3449.7844,3449.3773
134734000,3450.4779,970900,13835700,4746161600,63391551900,3456.6065,3479.2635,3449.7844,3449.3773
134738000,3450.6141,2218100,27186300,4748379700,63418738200,3456.6065,3479.2635,3449.7844,3449.3773
134744000,3450.6978,1866900,27624100,4750246600,63446362300,3456.6065,3479.2635,3449.7844,3449.3773
134748000,3450.8768,1001000,15675800,4751247600,63462038100,3456.6065,3479.2635,3449.7844,3449.3773
134753000,3451.373,1194400,17312800,4752442000,63479350900,3456.6065,3479.2635,3449.7844,3449.3773
134759000,3451.0051,1490500,20906400,4753932500,63500257300,3456.6065,3479.2635,3449.7844,3449.3773
134804000,3451.236,1426600,19087600,4755359100,63519344900,3456.6065,3479.2635,3449.7844,3449.3773
134808000,3451.1233,1249900,15377600,4756609000,63534722500,3456.6065,3479.2635,3449.7844,3449.3773
134814000,3451.2389,1767400,21343400,4758376400,63556065900,3456.6065,3479.2635,3449.7844,3449.3773
134818000,3450.9741,1109400,15498000,4759485800,63571563900,3456.6065,3479.2635,3449.7844,3449.3773
134823000,3450.9391,1388400,20006700,4760874200,63591570600,3456.6065,3479.2635,3449.7844,3449.3773
134829000,3450.6646,1612400,22904900,4762486600,63614475500,3456.6065,3479.2635,3449.7844,3449.3773
134834000,3450.9016,1022900,15395800,4763509500,63629871300,3456.6065,3479.2635,3449.7844,3449.3773
134838000,3450.6864,1595500,19002100,4765105000,63648873400,3456.6065,3479.2635,3449.7844,3449.3773
134844000,3450.5079,2272300,30909600,4767377300,63679783000,3456.6065,3479.2635,3449.7844,3449.3773
134848000,3450.6649,1518000,22146000,4768895300,63701929000,3456.6065,3479.2635,3449.7844,3449.3773
134854000,3450.5759,1367000,18805900,4770262300,63720734900,3456.6065,3479.2635,3449.7844,3449.3773
134859000,3450.2953,1815600,37197700,4772077900,63757932600,3456.6065,3479.2635,3449.7844,3449.3773
134904000,3450.2718,1367700,21440100,4773445600,63779372700,3456.6065,3479.2635,3449.7844,3449.3773
134908000,3449.947,1643300,23576700,4775088900,63802949400,3456.6065,3479.2635,3449.7844,3449.3773
134914000,3450.3972,2766500,40472300,4777855400,63843421700,3456.6065,3479.2635,3449.7844,3449.3773
134918000,3449.8226,1797300,24185800,4779652700,63867607500,3456.6065,3479.2635,3449.7844,3449.3773
134923000,3449.5798,2136900,22935800,4781789600,63890543300,3456.6065,3479.2635,3449.5798,3449.3773
134929000,3449.4177,2357300,32300700,4784146900,63922844000,3456.6065,3479.2635,3449.3558,3449.3773
134934000,3449.2229,1358200,20404500,4785505100,63943248500,3456.6065,3479.2635,3449.2229,3449.3773
134938000,3449.1885,1605300,27500300,4787110400,63970748800,3456.6065,3479.2635,3449.1885,3449.3773
134944000,3449.1985,2734900,36630700,4789845300,64007379500,3456.6065,3479.2635,3449.1885,3449.3773
134948000,3449.2914,1401400,22719100,4791246700,64030098600,3456.6065,3479.2635,3449.1857,3449.3773
134953000,3449.0679,1351000,20977600,4792597700,64051076200,3456.6065,3479.2635,3449.0679,3449.3773
134959000,3448.8452,3509600,43418900,4796107300,64094495100,3456.6065,3479.2635,3448.7564,3449.3773
135004000,3448.6888,4636100,37095000,4800743400,64131590100,3456.6065,3479.2635,3448.6888,3449.3773
135008000,3448.479,1998500,28926400,4802741900,64160516500,3456.6065,3479.2635,3448.1751,3449.3773
135014000,3448.2443,2844300,35400700,4805586200,64195917200,3456.6065,3479.2635,3448.1751,3449.3773
135018000,3447.9528,1206700,23005300,4806792900,64218922500,3456.6065,3479.2635,3447.9528,3449.3773
135024000,3448.0952,1529200,24606500,4808322100,64243529000,3456.6065,3479.2635,3447.9528,3449.3773
135029000,3447.8206,3498000,48572500,4811820100,64292101500,3456.6065,3479.2635,3447.8206,3449.3773
135034000,3447.7494,1061100,18960900,4812881200,64311062400,3456.6065,3479.2635,3447.7494,3449.3773
135039000,3447.6814,1604100,24749100,4814485300,64335811500,3456.6065,3479.2635,3447.6814,3449.3773
135044000,3447.2463,3431400,49107500,4817916700,64384919000,3456.6065,3479.2635,3447.2463,3449.3773
135048000,3447.6881,3007200,42109700,4820923900,64427028700,3456.6065,3479.2635,3447.2463,3449.3773
135053000,3447.5684,2721700,44885400,4823645600,64471914100,3456.6065,3479.2635,3447.2463,3449.3773
135100000,3446.8498,2732900,39104900,4826378500,64511019000,3456.6065,3479.2635,3446.8498,3449.3773
135105000,3446.7865,3108500,47281400,4829487000,64558300400,3456.6065,3479.2635,3446.7269,3449.3773
135109000,3446.707,3071600,40047400,4832558600,64598347800,3456.6065,3479.2635,3446.707,3449.3773
135114000,3446.7613,2860800,40164900,4835419400,64638512700,3456.6065,3479.2635,3446.669,3449.3773
135120000,3446.6115,2930400,43633700,4838349800,64682146400,3456.6065,3479.2635,3446.6115,3449.3773
135124000,3446.3667,1876000,24849300,4840225800,64706995700,3456.6065,3479.2635,3446.3667,3449.3773
135129000,3446.4571,1980700,32514000,4842206500,64739509700,3456.6065,3479.2635,3446.2374,3449.3773
135135000,3446.5876,2527800,42042400,4844734300,64781552100,3456.6065,3479.2635,3446.2374,3449.3773
135139000,3446.8189,2768800,31853100,4847503100,64813405200,3456.6065,3479.2635,3446.2374,3449.3773
135144000,3446.8141,1843000,27981200,4849346100,64841386400,3456.6065,3479.2635,3446.2374,3449.3773
135150000,3446.5872,2764300,38968500,4852110400,64880354900,3456.6065,3479.2635,3446.2374,3449.3773
135154000,3447.1318,2889900,27078700,4855000300,64907433600,3456.6065,3479.2635,3446.2374,3449.3773
135200000,3446.8723,1785000,22714600,4856785300,64930148200,3456.6065,3479.2635,3446.2374,3449.3773
135205000,3446.7486,2958100,36389200,4859743400,64966537400,3456.6065,3479.2635,3446.2374,3449.3773
135209000,3446.9199,1423800,22337100,4861167200,64988874500,3456.6065,3479.2635,3446.2374,3449.3773
135214000,3446.5227,1874500,29328300,4863041700,65018202800,3456.6065,3479.2635,3446.2374,3449.3773
135220000,3446.8797,3007800,37479000,4866049500,65055681800,3456.6065,3479.2635,3446.2374,3449.3773
135224000,3446.2012,1625300,26026000,4867674800,65081707800,3456.6065,3479.2635,3446.2012,3449.3773
135229000,3446.2327,1754000,24286400,4869428800,65105994200,3456.6065,3479.2635,3446.2012,3449.3773
135235000,3446.4648,1822900,26508400,4871251700,65132502600,3456.6065,3479.2635,3446.0471,3449.3773
135239000,3446.2777,1475100,19704000,4872726800,65152206600,3456.6065,3479.2635,3446.0471,3449.3773
135244000,3446.103,2451400,29491100,4875178200,65181697700,3456.6065,3479.2635,3446.0471,3449.3773
135250000,3446.3746,2839800,33817000,4878018000,65215514700,3456.6065,3479.2635,3446.0471,3449.3773
135254000,3446.6612,2052800,26370000,4880070800,65241884700,3456.6065,3479.2635,3446.0471,3449.3773
135259000,3446.8139,1710300,21551800,4881781100,65263436500,3456.6065,3479.2635,3446.0471,3449.3773
135305000,3446.6294,2080800,25781400,4883861900,65289217900,3456.6065,3479.2635,3446.0471,3449.3773
135310000,3446.5748,1646600,20700900,4885508500,65309918800,3456.6065,3479.2635,3446.0471,3449.3773
135314000,3446.5308,1556400,21523000,4887064900,65331441800,3456.6065,3479.2635,3446.0471,3449.3773
135320000,3446.3453,2410600,28003900,4889475500,65359445700,3456.6065,3479.2635,3446.0471,3449.3773
135324000,3446.2202,1193800,17542200,4890669300,65376987900,3456.6065,3479.2635,3446.0471,3449.3773
135330000,3446.1453,1773400,21858500,4892442700,65398846400,3456.6065,3479.2635,3446.0388,3449.3773
135335000,3447.0752,2520300,31895900,4894963000,65430742300,3456.6065,3479.2635,3446.0388,3449.3773
135339000,3446.3455,1878200,21998600,4896841200,65452740900,3456.6065,3479.2635,3446.0388,3449.3773
135344000,3446.4259,2034600,21274300,4898875800,65474015200,3456.6065,3479.2635,3446.0388,3449.3773
135350000,3446.4558,1844400,25034400,4900720200,65499049600,3456.6065,3479.2635,3446.0388,3449.3773
135354000,3446.2199,1061200,16687700,4901781400,65515737300,3456.6065,3479.2635,3446.0388,3449.3773
135359000,3446.4974,2074500,23179800,4903855900,65538917100,3456.6065,3479.2635,3446.0388,3449.3773
135405000,3446.5275,1961700,25435600,4905817600,65564352700,3456.6065,3479.2635,3446.0388,3449.3773
135409000,3446.9636,1480500,17701800,4907298100,65582054500,3456.6065,3479.2635,3446.0388,3449.3773
135414000,3446.7671,1463300,21536100,4908761400,65603590600,3456.6065,3479.2635,3446.0388,3449.3773
135420000,3446.8619,2402000,25128800,4911163400,65628719400,3456.6065,3479.2635,3446.0388,3449.3773
135424000,3446.8582,1221800,15560600,4912385200,65644280000,3456.6065,3479.2635,3446.0388,3449.3773
135430000,3446.6907,1398100,22263700,4913783300,65666543700,3456.6065,3479.2635,3446.0388,3449.3773
135435000,3447.0573,1564700,22474300,4915348000,65689018000,3456.6065,3479.2635,3446.0388,3449.3773
135439000,3446.9816,1281900,17528000,4916629900,65706546000,3456.6065,3479.2635,3446.0388,3449.3773
135444000,3447.7008,1371000,18671900,4918000900,65725217900,3456.6065,3479.2635,3446.0388,3449.3773
135450000,3447.7404,2103200,29815500,4920104100,65755033400,3456.6065,3479.2635,3446.0388,3449.3773
135455000,3447.9061,1357300,20589200,4921461400,65775622600,3456.6065,3479.2635,3446.0388,3449.3773
135500000,3447.7805,1915900,25500800,4923377300,65801123400,3456.6065,3479.2635,3446.0388,3449.3773
135505000,3448.361,1414400,22752200,4924791700,65823875600,3456.6065,3479.2635,3446.0388,3449.3773
135511000,3448.1993,1789900,27392000,4926581600,65851267600,3456.6065,3479.2635,3446.0388,3449.3773
135515000,3448.5759,1414800,22278900,4927996400,65873546500,3456.6065,3479.2635,3446.0388,3449.3773
135520000,3449.0121,1544700,18429200,4929541100,65891975700,3456.6065,3479.2635,3446.0388,3449.3773
135526000,3448.6389,1725600,26709800,4931266700,65918685500,3456.6065,3479.2635,3446.0388,3449.3773
135530000,3448.6632,1782700,19792700,4933049400,65938478200,3456.6065,3479.2635,3446.0388,3449.3773
135535000,3448.9134,1812800,24432100,4934862200,65962910300,3456.6065,3479.2635,3446.0388,3449.3773
135541000,3448.6092,1652000,22369600,4936514200,65985279900,3456.6065,3479.2635,3446.0388,3449.3773
135545000,3448.559,1133600,16131600,4937647800,66001411500,3456.6065,3479.2635,3446.0388,3449.3773
135550000,3448.9147,1116000,16967200,4938763800,66018378700,3456.6065,3479.2635,3446.0388,3449.3773
135556000,3448.7704,2377300,25302500,4941141100,66043681200,3456.6065,3479.2635,3446.0388,3449.3773
135600000,3448.8632,1060500,14339200,4942201600,66058020400,3456.6065,3479.2635,3446.0388,3449.3773
135605000,3448.9624,1643100,21509100,4943844700,66079529500,3456.6065,3479.2635,3446.0388,3449.3773
135611000,3449.4354,1319100,21924700,4945163800,66101454200,3456.6065,3479.2635,3446.0388,3449.3773
135615000,3449.1626,1513700,19169500,4946677500,66120623700,3456.6065,3479.2635,3446.0388,3449.3773
135620000,3448.4892,2641000,28448800,4949318500,66149072500,3456.6065,3479.2635,3446.0388,3449.3773
135626000,3448.1827,3161400,41733300,4952479900,66190805800,3456.6065,3479.2635,3446.0388,3449.3773
135630000,3448.0769,1817900,24906900,4954297800,66215712700,3456.6065,3479.2635,3446.0388,3449.3773
135636000,3447.8575,1384500,18412400,4955682300,66234125100,3456.6065,3479.2635,3446.0388,3449.3773
135641000,3448.4487,2097500,30792900,4957779800,66264918000,3456.6065,3479.2635,3446.0388,3449.3773
135645000,3448.2745,1907500,18595900,4959687300,66283513900,3456.6065,3479.2635,3446.0388,3449.3773
135650000,3448.662,1266900,19402700,4960954200,66302916600,3456.6065,3479.2635,3446.0388,3449.3773
135656000,3448.5505,1651100,28587700,4962605300,66331504300,3456.6065,3479.2635,3446.0388,3449.3773
135700000,3448.464,1444700,21010000,4964050000,66352514300,3456.6065,3479.2635,3446.0388,3449.3773
135705000,3448.7318,1832600,22409700,4965882600,66374924000,3456.6065,3479.2635,3446.0388,3449.3773
135711000,3448.3126,1389700,25156200,4967272300,66400080200,3456.6065,3479.2635,3446.0388,3449.3773
135715000,3448.287,1972800,25193200,4969245100,66425273400,3456.6065,3479.2635,3446.0388,3449.3773
135720000,3448.1409,1407700,19618900,4970652800,66444892300,3456.6065,3479.2635,3446.0388,3449.3773
135726000,3447.8733,1479800,26357000,4972132600,66471249300,3456.6065,3479.2635,3446.0388,3449.3773
135730000,3447.6243,1079600,20929800,4973212200,66492179100,3456.6065,3479.2635,3446.0388,3449.3773
135735000,3448.003,1286800,18127400,4974499000,66510306500,3456.6065,3479.2635,3446.0388,3449.3773
135741000,3447.5061,1461100,22446500,4975960100,66532753000,3456.6065,3479.2635,3446.0388,3449.3773
135745000,3447.5519,1171400,20565300,4977131500,66553318300,3456.6065,3479.2635,3446.0388,3449.3773
135750000,3447.366,2018300,22992400,4979149800,66576310700,3456.6065,3479.2635,3446.0388,3449.3773
135756000,3447.4205,3456800,32921800,4982606600,66609232500,3456.6065,3479.2635,3446.0388,3449.3773
135800000,3447.2232,2961100,27569300,4985567700,66636801800,3456.6065,3479.2635,3446.0388,3449.3773
135805000,3446.6528,1758500,32192100,4987326200,66668993900,3456.6065,3479.2635,3446.0388,3449.3773
135811000,3446.6137,2845100,26021600,4990171300,66695015500,3456.6065,3479.2635,3446.0388,3449.3773
135815000,3446.7977,963500,23396100,4991134800,66718411600,3456.6065,3479.2635,3446.0388,3449.3773
135820000,3446.7467,1981100,18090000,4993115900,66736501600,3456.6065,3479.2635,3446.0388,3449.3773
135826000,3446.6172,1495300,25112900,4994611200,66761614500,3456.6065,3479.2635,3446.0388,3449.3773
135830000,3446.2428,1095400,14405200,4995706600,66776019700,3456.6065,3479.2635,3446.0388,3449.3773
135835000,3446.4272,1281500,22230300,4996988100,66798250000,3456.6065,3479.2635,3446.0388,3449.3773
135841000,3446.0495,2125200,33677900,4999113300,66831927900,3456.6065,3479.2635,3446.0388,3449.3773
135846000,3446.2645,1118900,17367700,5000232200,66849295600,3456.6065,3479.2635,3446.0388,3449.3773
135850000,3446.3025,1543000,22516900,5001775200,66871812500,3456.6065,3479.2635,3446.0388,3449.3773
135856000,3446.3111,1958600,27832100,5003733800,66899644600,3456.6065,3479.2635,3446.0388,3449.3773
135902000,3446.0005,2398900,29638500,5006132700,66929283100,3456.6065,3479.2635,3445.8259,3449.3773
135906000,3445.7062,1761400,22187000,5007894100,66951470100,3456.6065,3479.2635,3445.7013,3449.3773
135911000,3445.7998,1149100,19880400,5009043200,66971350500,3456.6065,3479.2635,3445.7013,3449.3773
135917000,3445.6669,2444700,32741200,5011487900,67004091700,3456.6065,3479.2635,3445.4769,3449.3773
135921000,3445.4186,2060700,30167900,5013548600,67034259600,3456.6065,3479.2635,3445.4186,3449.3773
135926000,3444.6101,2274100,39129600,5015822700,67073389200,3456.6065,3479.2635,3444.6101,3449.3773
135932000,3444.8043,1986600,29628200,5017809300,67103017400,3456.6065,3479.2635,3444.6101,3449.3773
135936000,3444.7933,1640300,28404900,5019449600,67131422300,3456.6065,3479.2635,3444.6101,3449.3773
135941000,3444.0018,4197200,51641300,5023646800,67183063600,3456.6065,3479.2635,3444.0018,3449.3773
135947000,3443.662,3233700,49551200,5026880500,67232614800,3456.6065,3479.2635,3443.662,3449.3773
135951000,3443.5526,2329400,32162000,5029209900,67264776800,3456.6065,3479.2635,3443.5526,3449.3773
135956000,3443.079,4509200,48633100,5033719100,67313409900,3456.6065,3479.2635,3443.079,3449.3773
140002000,3442.9037,5636900,76236600,5039356000,67389646500,3456.6065,3479.2635,3442.8607,3449.3773
140006000,3442.1884,3929800,52852700,5043285800,67442499200,3456.6065,3479.2635,3442.1884,3449.3773
140011000,3442.1158,6825000,63299100,5050110800,67505798300,3456.6065,3479.2635,3442.1158,3449.3773
140017000,3442.203,6433100,80367800,5056543900,67586166100,3456.6065,3479.2635,3442.0451,3449.3773
140021000,3441.8485,4560900,52157100,5061104800,67638323200,3456.6065,3479.2635,3441.8485,3449.3773
140026000,3441.6755,2413800,39329700,5063518600,67677652900,3456.6065,3479.2635,3441.6379,3449.3773
140032000,3441.3114,2852300,50276500,5066370900,67727929400,3456.6065,3479.2635,3441.2515,3449.3773
140036000,3441.3264,2989900,44711800,5069360800,67772641200,3456.6065,3479.2635,3441.2515,3449.3773
140042000,3441.0993,2323300,33765900,5071684100,67806407100,3456.6065,3479.2635,3441.0993,3449.3773
140047000,3440.9249,3348700,47796500,5075032800,67854203600,3456.6065,3479.2635,3440.9249,3449.3773
140051000,3440.6137,3207300,36899900,5078240100,67891103500,3456.6065,3479.2635,3440.6137,3449.3773
140056000,3440.3479,3619200,58365000,5081859300,67949468500,3456.6065,3479.2635,3440.3479,3449.3773
140102000,3440.1264,4086900,64320700,5085946200,68013789200,3456.6065,3479.2635,3440.0533,3449.3773
140106000,3440.0948,2960400,43397200,5088906600,68057186400,3456.6065,3479.2635,3440.0533,3449.3773
140111000,3439.837,2868800,39632900,5091775400,68096819300,3456.6065,3479.2635,3439.837,3449.3773
140117000,3439.8866,3271900,44554400,5095047300,68141373700,3456.6065,3479.2635,3439.837,3449.3773
140121000,3439.6499,1519200,29466800,5096566500,68170840500,3456.6065,3479.2635,3439.6499,3449.3773
140126000,3439.1199,2612700,45197000,5099179200,68216037500,3456.6065,3479.2635,3439.1199,3449.3773
140132000,3439.1249,4338100,54752900,5103517300,68270790400,3456.6065,3479.2635,3439.0944,3449.3773
140136000,3439.1566,2175400,41309800,5105692700,68312100200,3456.6065,3479.2635,3439.0617,3449.3773
140141000,3439.2444,2582100,34415800,5108274800,68346516000,3456.6065,3479.2635,3439.0617,3449.3773
140147000,3439.1547,2640100,46901400,5110914900,68393417400,3456.6065,3479.2635,3439.0617,3449.3773
140151000,3439.1311,2746400,30484800,5113661300,68423902200,3456.6065,3479.2635,3439.0617,3449.3773
140156000,3438.9272,2042400,30616800,5115703700,68454519000,3456.6065,3479.2635,3438.926,3449.3773
140202000,3438.9568,3417900,48610200,5119121600,68503129200,3456.6065,3479.2635,3438.8584,3449.3773
140206000,3438.8201,2358700,39253200,5121480300,68542382400,3456.6065,3479.2635,3438.7889,3449.3773
140212000,3438.9027,2114600,31580800,5123594900,68573963200,3456.6065,3479.2635,3438.7475,3449.3773
140217000,3438.4306,3127900,55453300,5126722800,68629416500,3456.6065,3479.2635,3438.4306,3449.3773
140221000,3438.9725,1793500,26774100,5128516300,68656190600,3456.6065,3479.2635,3438.4235,3449.3773
140226000,3438.7685,2497700,30593300,5131014000,68686783900,3456.6065,3479.2635,3438.4235,3449.3773
140232000,3438.8747,3140500,42110000,5134154500,68728893900,3456.6065,3479.2635,3438.4235,3449.3773
140236000,3438.8397,1939500,36573400,5136094000,68765467300,3456.6065,3479.2635,3438.4235,3449.3773
140241000,3439.2201,2321900,29983500,5138415900,68795450800,3456.6065,3479.2635,3438.4235,3449.3773
140247000,3439.3393,3751400,57157400,5142167300,68852608200,3456.6065,3479.2635,3438.4235,3449.3773
140251000,3439.8046,2574900,40032200,5144742200,68892640400,3456.6065,3479.2635,3438.4235,3449.3773
140256000,3440.6837,2401200,39242900,5147143400,68931883300,3456.6065,3479.2635,3438.4235,3449.3773
140302000,3440.4776,3916500,41745500,5151059900,68973628800,3456.6065,3479.2635,3438.4235,3449.3773
140306000,3440.6318,1803600,30275800,5152863500,69003904600,3456.6065,3479.2635,3438.4235,3449.3773
140312000,3440.9506,2866400,44341300,5155729900,69048245900,3456.6065,3479.2635,3438.4235,3449.3773
140318000,3441.1539,2188700,35290500,5157918600,69083536400,3456.6065,3479.2635,3438.4235,3449.3773
140323000,3440.9878,1892500,26265900,5159811100,69109802300,3456.6065,3479.2635,3438.4235,3449.3773
140327000,3440.7777,1871000,24524600,5161682100,69134326900,3456.6065,3479.2635,3438.4235,3449.3773
140332000,3440.8442,2042800,30554300,5163724900,69164881200,3456.6065,3479.2635,3438.4235,3449.3773
140338000,3441.1719,2076700,34072600,5165801600,69198953800,3456.6065,3479.2635,3438.4235,3449.3773
140342000,3440.7644,1371500,18198400,5167173100,69217152200,3456.6065,3479.2635,3438.4235,3449.3773
140347000,3441.1965,1575100,24239400,5168748200,69241391600,3456.6065,3479.2635,3438.4235,3449.3773
140353000,3441.484,2091700,33384200,5170839900,69274775800,3456.6065,3479.2635,3438.4235,3449.3773
140357000,3441.6408,1373700,20628300,5172213600,69295404100,3456.6065,3479.2635,3438.4235,3449.3773
140402000,3441.2241,1440900,21658200,5173654500,69317062300,3456.6065,3479.2635,3438.4235,3449.3773
140408000,3440.9083,2189700,27962100,5175844200,69345024400,3456.6065,3479.2635,3438.4235,3449.3773
140412000,3441.3425,1721800,27606800,5177566000,69372631200,3456.6065,3479.2635,3438.4235,3449.3773
140417000,3441.0133,1484300,21068700,5179050300,69393699900,3456.6065,3479.2635,3438.4235,3449.3773
140423000,3441.1964,2123700,25478500,5181174000,69419178400,3456.6065,3479.2635,3438.4235,3449.3773
140428000,3440.7605,1793500,19811900,5182967500,69438990300,3456.6065,3479.2635,3438.4235,3449.3773
140432000,3441.1599,1395100,20268800,5184362600,69459259100,3456.6065,3479.2635,3438.4235,3449.3773
140438000,3441.0719,1967300,29180100,5186329900,69488439200,3456.6065,3479.2635,3438.4235,3449.3773
140442000,3440.9524,1254100,20535000,5187584000,69508974200,3456.6065,3479.2635,3438.4235,3449.3773
140447000,3441.4955,1276500,21539200,5188860500,69530513400,3456.6065,3479.2635,3438.4235,3449.3773
140453000,3441.5312,2243500,28310400,5191104000,69558823800,3456.6065,3479.2635,3438.4235,3449.3773
140457000,3441.492,1134500,22064400,5192238500,69580888200,3456.6065,3479.2635,3438.4235,3449.3773
140502000,3441.2201,1550400,25275900,5193788900,69606164100,3456.6065,3479.2635,3438.4235,3449.3773
140508000,3441.6122,1628200,25142200,5195417100,69631306300,3456.6065,3479.2635,3438.4235,3449.3773
140512000,3441.1876,1657300,22488300,5197074400,69653794600,3456.6065,3479.2635,3438.4235,3449.3773
140517000,3441.1279,1933600,25591400,5199008000,69679386000,3456.6065,3479.2635,3438.4235,3449.3773
140523000,3440.4632,2517500,33664100,5201525500,69713050100,3456.6065,3479.2635,3438.4235,3449.3773
140527000,3440.5912,1617900,20358200,5203143400,69733408300,3456.6065,3479.2635,3438.4235,3449.3773
140532000,3440.1668,1890800,27121200,5205034200,69760529500,3456.6065,3479.2635,3438.4235,3449.3773
140538000,3439.7347,3044600,37969600,5208078800,69798499100,3456.6065,3479.2635,3438.4235,3449.3773
140542000,3440.0934,1569100,27482000,5209647900,69825981100,3456.6065,3479.2635,3438.4235,3449.3773
140547000,3439.888,3367300,37835700,5213015200,69863816800,3456.6065,3479.2635,3438.4235,3449.3773
140553000,3440.0911,2332800,33776000,5215348000,69897592800,3456.6065,3479.2635,3438.4235,3449.3773
140557000,3440.0596,1779200,24933500,5217127200,69922526300,3456.6065,3479.2635,3438.4235,3449.3773
140602000,3440.0733,1911900,27152900,5219039100,69949679200,3456.6065,3479.2635,3438.4235,3449.3773
140608000,3439.5967,2095100,30528900,5221134200,69980208100,3456.6065,3479.2635,3438.4235,3449.3773
140612000,3439.4969,1642700,23859100,5222776900,70004067200,3456.6065,3479.2635,3438.4235,3449.3773
140617000,3439.7116,1389700,19319300,5224166600,70023386500,3456.6065,3479.2635,3438.4235,3449.3773
140623000,3439.8726,2194200,33646400,5226360800,70057032900,3456.6065,3479.2635,3438.4235,3449.3773
140627000,3439.8493,1267800,18695300,5227628600,70075728200,3456.6065,3479.2635,3438.4235,3449.3773
140632000,3439.5397,2591700,34160400,5230220300,70109888600,3456.6065,3479.2635,3438.4235,3449.3773
140638000,3439.387,2176400,32998100,5232396700,70142886700,3456.6065,3479.2635,3438.4235,3449.3773
140642000,3439.7391,1018200,17317200,5233414900,70160203900,3456.6065,3479.2635,3438.4235,3449.3773
140647000,3440.1137,1911100,24863800,5235326000,70185067700,3456.6065,3479.2635,3438.4235,3449.3773
140653000,3440.2834,2268100,31631600,5237594100,70216699300,3456.6065,3479.2635,3438.4235,3449.3773
140657000,3440.3747,1309400,24935400,5238903500,70241634700,3456.6065,3479.2635,3438.4235,3449.3773
140702000,3440.4348,2002300,27093600,5240905800,70268728300,3456.6065,3479.2635,3438.4235,3449.3773
140708000,3440.3562,1811900,27194500,5242717700,70295922800,3456.6065,3479.2635,3438.4235,3449.3773
140714000,3440.5187,1712200,24619500,5244429900,70320542300,3456.6065,3479.2635,3438.4235,3449.3773
140718000,3440.6227,1289700,20939300,5245719600,70341481600,3456.6065,3479.2635,3438.4235,3449.3773
140723000,3440.5599,1977200,30788900,5247696800,70372270500,3456.6065,3479.2635,3438.4235,3449.3773
140729000,3441.0142,2406800,32284000,5250103600,70404554500,3456.6065,3479.2635,3438.4235,3449.3773
140734000,3441.2622,2633600,31412900,5252737200,70435967400,3456.6065,3479.2635,3438.4235,3449.3773
140738000,3441.3183,2019700,26279500,5254756900,70462246900,3456.6065,3479.2635,3438.4235,3449.3773
140744000,3442.2357,2374200,36911300,5257131100,70499158200,3456.6065,3479.2635,3438.4235,3449.3773
140748000,3442.4826,1495200,27098400,5258626300,70526256600,3456.6065,3479.2635,3438.4235,3449.3773
140754000,3442.8766,1901300,30669900,5260527600,70556926500,3456.6065,3479.2635,3438.4235,3449.3773
140759000,3443.2359,2410600,37204800,5262938200,70594131300,3456.6065,3479.2635,3438.4235,3449.3773
140803000,3444.0014,1550100,24220700,5264488300,70618352000,3456.6065,3479.2635,3438.4235,3449.3773
140808000,3444.0902,1685800,26601100,5266174100,70644953100,3456.6065,3479.2635,3438.4235,3449.3773
140814000,3443.9679,2113000,30371200,5268287100,70675324300,3456.6065,3479.2635,3438.4235,3449.3773
140818000,3444.2015,873300,14329100,5269160400,70689653400,3456.6065,3479.2635,3438.4235,3449.3773
140823000,3444.3049,1479100,18247600,5270639500,70707901000,3456.6065,3479.2635,3438.4235,3449.3773
140829000,3444.6061,3192900,29571000,5273832400,70737472000,3456.6065,3479.2635,3438.4235,3449.3773
140833000,3444.0112,2029400,19966700,5275861800,70757438700,3456.6065,3479.2635,3438.4235,3449.3773
140838000,3444.1925,1477100,28565400,5277338900,70786004100,3456.6065,3479.2635,3438.4235,3449.3773
140844000,3444.1909,2260100,28209100,5279599000,70814213200,3456.6065,3479.2635,3438.4235,3449.3773
140848000,3444.3,1584900,21841900,5281183900,70836055100,3456.6065,3479.2635,3438.4235,3449.3773
140854000,3444.354,1864700,23367500,5283048600,70859422600,3456.6065,3479.2635,3438.4235,3449.3773
140859000,3444.3684,2025500,24019500,5285074100,70883442100,3456.6065,3479.2635,3438.4235,3449.3773
140904000,3444.2117,1226900,17468900,5286301000,70900911000,3456.6065,3479.2635,3438.4235,3449.3773
140908000,3444.1992,2039500,27521600,5288340500,70928432600,3456.6065,3479.2635,3438.4235,3449.3773
140914000,3443.81,2388800,36366500,5290729300,70964799100,3456.6065,3479.2635,3438.4235,3449.3773
140918000,3444.5787,1710900,21912900,5292440200,70986712000,3456.6065,3479.2635,3438.4235,3449.3773
140924000,3444.0917,2113500,28067000,5294553700,71014779000,3456.6065,3479.2635,3438.4235,3449.3773
140929000,3443.7606,1624000,24298900,5296177700,71039077900,3456.6065,3479.2635,3438.4235,3449.3773
140933000,3443.6703,1384400,19082600,5297562100,71058160500,3456.6065,3479.2635,3438.4235,3449.3773
140938000,3443.6232,1293200,18662300,5298855300,71076822800,3456.6065,3479.2635,3438.4235,3449.3773
140944000,3443.1039,2197000,30541000,5301052300,71107363800,3456.6065,3479.2635,3438.4235,3449.3773
140948000,3442.4913,1823900,20896200,5302876200,71128260000,3456.6065,3479.2635,3438.4235,3449.3773
140954000,3442.9033,1827300,22370400,5304703500,71150630400,3456.6065,3479.2635,3438.4235,3449.3773
140959000,3442.3716,2245600,28150000,5306949100,71178780400,3456.6065,3479.2635,3438.4235,3449.3773
141003000,3441.8497,3746500,35917800,5310695600,71214698200,3456.6065,3479.2635,3438.4235,3449.3773
141008000,3441.566,2954200,43065900,5313649800,71257764100,3456.6065,3479.2635,3438.4235,3449.3773
141014000,3440.9792,2668400,38391100,5316318200,71296155200,3456.6065,3479.2635,3438.4235,3449.3773
141019000,3441.1289,1164500,22819500,5317482700,71318974700,3456.6065,3479.2635,3438.4235,3449.3773
141023000,3440.1182,2634300,35176000,5320117000,71354150700,3456.6065,3479.2635,3438.4235,3449.3773
141029000,3440.5736,2361100,30765700,5322478100,71384916400,3456.6065,3479.2635,3438.4235,3449.3773
141034000,3440.1518,1828100,24736900,5324306200,71409653300,3456.6065,3479.2635,3438.4235,3449.3773
141038000,3439.96,2345500,26642700,5326651700,71436296000,3456.6065,3479.2635,3438.4235,3449.3773
141044000,3439.7785,2134300,31410400,5328786000,71467706400,3456.6065,3479.2635,3438.4235,3449.3773
141048000,3439.5802,1577100,22105000,5330363100,71489811400,3456.6065,3479.2635,3438.4235,3449.3773
141054000,3439.8952,1534600,26497900,5331897700,71516309300,3456.6065,3479.2635,3438.4235,3449.3773
141059000,3439.7113,2297400,30666800,5334195100,71546976100,3456.6065,3479.2635,3438.4235,3449.3773
141103000,3439.4476,1638000,26906200,5335833100,71573882300,3456.6065,3479.2635,3438.4235,3449.3773
141109000,3439.4106,2268900,24363800,5338102000,71598246100,3456.6065,3479.2635,3438.4235,3449.3773
141114000,3439.4965,1675800,22267400,5339777800,71620513500,3456.6065,3479.2635,3438.4235,3449.3773
141120000,3439.6517,1965500,27883800,5341743300,71648397300,3456.6065,3479.2635,3438.4235,3449.3773
141124000,3439.5961,2097700,23137400,5343841000,71671534700,3456.6065,3479.2635,3438.4235,3449.3773
141130000,3439.1658,2255200,27269500,5346096200,71698804200,3456.6065,3479.2635,3438.4235,3449.3773
141135000,3439.346,1962100,18896500,5348058300,71717700700,3456.6065,3479.2635,3438.4235,3449.3773
141139000,3439.0964,1464600,19253000,5349522900,71736953700,3456.6065,3479.2635,3438.4235,3449.3773
141144000,3439.1553,1504700,17531500,5351027600,71754485200,3456.6065,3479.2635,3438.4235,3449.3773
141150000,3439.5196,2113600,18789700,5353141200,71773274900,3456.6065,3479.2635,3438.4235,3449.3773
141154000,3439.4722,1410100,19587900,5354551300,71792862800,3456.6065,3479.2635,3438.4235,3449.3773
141159000,3439.1119,1923000,20333400,5356474300,71813196200,3456.6065,3479.2635,3438.4235,3449.3773
141205000,3439.5888,1643800,24702500,5358118100,71837898700,3456.6065,3479.2635,3438.4235,3449.3773
141209000,3439.6574,1725500,21881600,5359843600,71859780300,3456.6065,3479.2635,3438.4235,3449.3773
141214000,3439.487,1106000,17092900,5360949600,71876873200,3456.6065,3479.2635,3438.4235,3449.3773
141220000,3438.9322,1712300,21132900,5362661900,71898006100,3456.6065,3479.2635,3438.4235,3449.3773
141224000,3439.2007,1074200,14402200,5363736100,71912408300,3456.6065,3479.2635,3438.4235,3449.3773
141229000,3439.0873,1217900,16631900,5364954000,71929040200,3456.6065,3479.2635,3438.4235,3449.3773
141235000,3439.1672,1907200,28859200,5366861200,71957899400,3456.6065,3479.2635,3438.4235,3449.3773
141239000,3438.7862,1623300,19271400,5368484500,71977170800,3456.6065,3479.2635,3438.4235,3449.3773
141244000,3438.6682,1314000,17921200,5369798500,71995092000,3456.6065,3479.2635,3438.4235,3449.3773
141250000,3438.9757,1504600,22045200,5371303100,72017137200,3456.6065,3479.2635,3438.4235,3449.3773
141254000,3439.0149,1034700,16112200,5372337800,72033249400,3456.6065,3479.2635,3438.4235,3449.3773
141259000,3438.8224,1652000,24311700,5373989800,72057561100,3456.6065,3479.2635,3438.4235,3449.3773
141305000,3438.91,1540000,22239200,5375529800,72079800300,3456.6065,3479.2635,3438.4235,3449.3773
141309000,3438.982,943200,15382700,5376473000,72095183000,3456.6065,3479.2635,3438.4235,3449.3773
141314000,3438.8504,1334200,20049600,5377807200,72115232600,3456.6065,3479.2635,3438.4235,3449.3773
141320000,3438.9282,2240800,24977900,5380048000,72140210500,3456.6065,3479.2635,3438.4235,3449.3773
141324000,3438.8609,1249900,19667700,5381297900,72159878200,3456.6065,3479.2635,3438.4235,3449.3773
141330000,3438.6338,1390900,23153600,5382688800,72183031800,3456.6065,3479.2635,3438.4235,3449.3773
141335000,3438.7503,1765900,23518500,5384454700,72206550300,3456.6065,3479.2635,3438.4235,3449.3773
141339000,3438.7243,1143700,19836300,5385598400,72226386600,3456.6065,3479.2635,3438.4235,3449.3773
141344000,3438.9726,1068700,13455500,5386667100,72239842100,3456.6065,3479.2635,3438.4235,3449.3773
141350000,3438.8575,1198800,17086500,5387865900,72256928600,3456.6065,3479.2635,3438.4235,3449.3773
141354000,3438.9262,1217300,19564800,5389083200,72276493400,3456.6065,3479.2635,3438.4235,3449.3773
141359000,3438.6588,2100800,22912500,5391184000,72299405900,3456.6065,3479.2635,3438.4235,3449.3773
141405000,3438.8749,1948600,26562500,5393132600,72325968400,3456.6065,3479.2635,3438.4235,3449.3773
141409000,3439.1202,876500,14413600,5394009100,72340382000,3456.6065,3479.2635,3438.4235,3449.3773
141414000,3438.8269,1689600,18857100,5395698700,72359239100,3456.6065,3479.2635,3438.4235,3449.3773
141420000,3438.8882,1633500,24785900,5397332200,72384025000,3456.6065,3479.2635,3438.4235,3449.3773
141424000,3438.8529,1001000,15720700,5398333200,72399745700,3456.6065,3479.2635,3438.4235,3449.3773
141429000,3438.8324,1241700,21200800,5399574900,72420946500,3456.6065,3479.2635,3438.4235,3449.3773
141435000,3438.8733,2300800,27702300,5401875700,72448648800,3456.6065,3479.2635,3438.4235,3449.3773
141439000,3438.4386,848500,14178400,5402724200,72462827200,3456.6065,3479.2635,3438.4235,3449.3773
141444000,3438.6746,1555300,20138700,5404279500,72482965900,3456.6065,3479.2635,3438.4235,3449.3773
141450000,3438.0152,2724600,39085900,5407004100,72522051800,3456.6065,3479.2635,3438.0152,3449.3773
141454000,3437.4896,2401000,33199200,5409405100,72555251000,3456.6065,3479.2635,3437.4896,3449.3773
141500000,3437.2173,3740300,38735900,5413145400,72593986900,3456.6065,3479.2635,3437.2173,3449.3773
141505000,3436.8767,3371400,47503000,5416516800,72641489900,3456.6065,3479.2635,3436.8767,3449.3773
141509000,3436.298,2358100,36081800,5418874900,72677571700,3456.6065,3479.2635,3436.298,3449.3773
141515000,3435.9794,3908200,50566800,5422783100,72728138500,3456.6065,3479.2635,3435.9794,3449.3773
141520000,3436.0978,2923200,45518300,5425706300,72773656800,3456.6065,3479.2635,3435.9794,3449.3773
141526000,3435.5069,3339300,43252300,5429045600,72816909100,3456.6065,3479.2635,3435.5069,3449.3773
141531000,3435.6665,3059300,34401200,5432104900,72851310300,3456.6065,3479.2635,3435.5069,3449.3773
141535000,3435.3668,2712600,34989300,5434817500,72886299600,3456.6065,3479.2635,3435.2254,3449.3773
141541000,3434.8088,3760000,75824000,5438577500,72962123600,3456.6065,3479.2635,3434.8088,3449.3773
141545000,3434.9972,2444800,40863500,5441022300,73002987100,3456.6065,3479.2635,3434.8088,3449.3773
141550000,3434.6657,3323600,48202600,5444345900,73051189700,3456.6065,3479.2635,3434.6657,3449.3773
141556000,3434.6821,4143600,56569300,5448489500,73107759000,3456.6065,3479.2635,3434.555,3449.3773
141600000,3434.4541,2007700,33718400,5450497200,73141477400,3456.6065,3479.2635,3434.4089,3449.3773
141605000,3434.3494,2061600,32775400,5452558800,73174252800,3456.6065,3479.2635,3434.3494,3449.3773
141611000,3434.2864,3447800,49801100,5456006600,73224053900,3456.6065,3479.2635,3434.2864,3449.3773
141615000,3434.1439,2862200,35805000,5458868800,73259858900,3456.6065,3479.2635,3434.1439,3449.3773
141620000,3434.0194,1727100,26996200,5460595900,73286855100,3456.6065,3479.2635,3434.0194,3449.3773
141626000,3434.0093,3050300,43958500,5463646200,73330813600,3456.6065,3479.2635,3434.0093,3449.3773
141630000,3434.0959,1742000,24247900,5465388200,73355061500,3456.6065,3479.2635,3433.8506,3449.3773
141635000,3433.9243,2308600,31508400,5467696800,73386569900,3456.6065,3479.2635,3433.8506,3449.3773
141641000,3433.9032,2405300,38963000,5470102100,73425532900,3456.6065,3479.2635,3433.8506,3449.3773
141645000,3434.1413,2049400,32757900,5472151500,73458290800,3456.6065,3479.2635,3433.8506,3449.3773
141650000,3434.2559,2251400,28893200,5474402900,73487184000,3456.6065,3479.2635,3433.8506,3449.3773
141656000,3434.1326,2400400,34635400,5476803300,73521819400,3456.6065,3479.2635,3433.8506,3449.3773
141700000,3434.2685,3307100,34940300,5480110400,73556759700,3456.6065,3479.2635,3433.8506,3449.3773
141705000,3434.2146,3009200,34084700,5483119600,73590844400,3456.6065,3479.2635,3433.8506,3449.3773
141711000,3434.8081,3490700,42291500,5486610300,73633135900,3456.6065,3479.2635,3433.8506,3449.3773
141715000,3434.5335,2929300,37204300,5489539600,73670340200,3456.6065,3479.2635,3433.8506,3449.3773
141720000,3434.6127,1522400,49756200,5491062000,73720096400,3456.6065,3479.2635,3433.8506,3449.3773
141726000,3434.687,3538800,39396300,5494600800,73759492700,3456.6065,3479.2635,3433.8506,3449.3773
141730000,3434.1531,1801000,23722400,5496401800,73783215100,3456.6065,3479.2635,3433.8506,3449.3773
141735000,3434.2724,2828500,31534400,5499230300,73814749500,3456.6065,3479.2635,3433.8506,3449.3773
141741000,3434.5274,3007400,35699300,5502237700,73850448800,3456.6065,3479.2635,3433.8506,3449.3773
141745000,3434.9381,1606200,17043700,5503843900,73867492500,3456.6065,3479.2635,3433.8506,3449.3773
141750000,3434.918,1998100,23093500,5505842000,73890586000,3456.6065,3479.2635,3433.8506,3449.3773
141756000,3434.8053,2320600,31052000,5508162600,73921638000,3456.6065,3479.2635,3433.8506,3449.3773
141800000,3434.7653,1625400,18312200,5509788000,73939950200,3456.6065,3479.2635,3433.8506,3449.3773
141805000,3435.0551,2140200,26780000,5511928200,73966730200,3456.6065,3479.2635,3433.8506,3449.3773
141811000,3435.2182,1681100,27737400,5513609300,73994467600,3456.6065,3479.2635,3433.8506,3449.3773
141815000,3435.5787,1294100,21876800,5514903400,74016344400,3456.6065,3479.2635,3433.8506,3449.3773
141820000,3435.7267,1908500,27633800,5516811900,74043978200,3456.6065,3479.2635,3433.8506,3449.3773
141826000,3436.1482,2509800,41924600,5519321700,74085902800,3456.6065,3479.2635,3433.8506,3449.3773
141830000,3436.5699,1968900,32229300,5521290600,74118132100,3456.6065,3479.2635,3433.8506,3449.3773
141835000,3436.2615,2336500,42815400,5523627100,74160947500,3456.6065,3479.2635,3433.8506,3449.3773
141841000,3437.3107,3015500,39340600,5526642600,74200288100,3456.6065,3479.2635,3433.8506,3449.3773
141845000,3437.4205,3004100,27645900,5529646700,74227934000,3456.6065,3479.2635,3433.8506,3449.3773
141850000,3437.611,3598400,33364300,5533245100,74261298300,3456.6065,3479.2635,3433.8506,3449.3773
141856000,3438.2564,2581100,35585000,5535826200,74296883300,3456.6065,3479.2635,3433.8506,3449.3773
141900000,3438.1594,1981200,21025900,5537807400,74317909200,3456.6065,3479.2635,3433.8506,3449.3773
141905000,3438.4997,1837600,22128600,5539645000,74340037800,3456.6065,3479.2635,3433.8506,3449.3773
141911000,3438.5965,1748500,25006900,5541393500,74365044700,3456.6065,3479.2635,3433.8506,3449.3773
141917000,3438.7541,1779800,23994500,5543173300,74389039200,3456.6065,3479.2635,3433.8506,3449.3773
141921000,3438.8681,960100,14035400,5544133400,74403074600,3456.6065,3479.2635,3433.8506,3449.3773
141926000,3438.6853,1788300,17704000,5545921700,74420778600,3456.6065,3479.2635,3433.8506,3449.3773
141932000,3438.5754,1810000,26531100,5547731700,74447309700,3456.6065,3479.2635,3433.8506,3449.3773
141936000,3438.9823,1008000,15993100,5548739700,74463302800,3456.6065,3479.2635,3433.8506,3449.3773
141941000,3439.1045,1358300,15920400,5550098000,74479223200,3456.6065,3479.2635,3433.8506,3449.3773
141947000,3439.205,2767900,30077200,5552865900,74509300400,3456.6065,3479.2635,3433.8506,3449.3773
141951000,3439.2022,1727800,18690700,5554593700,74527991100,3456.6065,3479.2635,3433.8506,3449.3773
141956000,3439.1889,1651300,19669800,5556245000,74547660900,3456.6065,3479.2635,3433.8506,3449.3773
142002000,3439.4134,2102400,28517100,5558347400,74576178000,3456.6065,3479.2635,3433.8506,3449.3773
142006000,3439.563,1039300,13297900,5559386700,74589475900,3456.6065,3479.2635,3433.8506,3449.3773
142011000,3439.6304,1797000,21952800,5561183700,74611428700,3456.6065,3479.2635,3433.8506,3449.3773
142017000,3439.9357,1695600,21572800,5562879300,74633001500,3456.6065,3479.2635,3433.8506,3449.3773
142021000,3439.7899,1130700,16116600,5564010000,74649118100,3456.6065,3479.2635,3433.8506,3449.3773
142026000,3439.7906,1533800,19944700,5565543800,74669062800,3456.6065,3479.2635,3433.8506,3449.3773
142032000,3439.7512,1617900,20387400,5567161700,74689450200,3456.6065,3479.2635,3433.8506,3449.3773
142036000,3439.7318,1209300,14036600,5568371000,74703486800,3456.6065,3479.2635,3433.8506,3449.3773
142041000,3440.196,865300,12511300,5569236300,74715998100,3456.6065,3479.2635,3433.8506,3449.3773
142047000,3440.2722,1587700,19199100,5570824000,74735197200,3456.6065,3479.2635,3433.8506,3449.3773
142051000,3440.0777,1172900,14244900,5571996900,74749442100,3456.6065,3479.2635,3433.8506,3449.3773
142056000,3439.9898,1413600,15901100,5573410500,74765343200,3456.6065,3479.2635,3433.8506,3449.3773
142102000,3440.057,1581200,18953500,5574991700,74784296700,3456.6065,3479.2635,3433.8506,3449.3773
142106000,3439.6087,1466100,14935300,5576457800,74799232000,3456.6065,3479.2635,3433.8506,3449.3773
142111000,3439.8476,1340800,19975700,5577798600,74819207700,3456.6065,3479.2635,3433.8506,3449.3773
142117000,3439.437,1338900,17914900,5579137500,74837122600,3456.6065,3479.2635,3433.8506,3449.3773
142121000,3439.6848,807600,12638700,5579945100,74849761300,3456.6065,3479.2635,3433.8506,3449.3773
142126000,3439.1736,1507200,19066300,5581452300,74868827600,3456.6065,3479.2635,3433.8506,3449.3773
142132000,3439.4387,1480100,21179200,5582932400,74890006800,3456.6065,3479.2635,3433.8506,3449.3773
142136000,3439.1132,1022600,17923400,5583955000,74907930200,3456.6065,3479.2635,3433.8506,3449.3773
142142000,3439.087,1227500,15366600,5585182500,74923296800,3456.6065,3479.2635,3433.8506,3449.3773
142147000,3439.3045,1393500,19334200,5586576000,74942631000,3456.6065,3479.2635,3433.8506,3449.3773
142151000,3439.1698,812900,13280100,5587388900,74955911100,3456.6065,3479.2635,3433.8506,3449.3773
142156000,3439.2825,1086700,14050500,5588475600,74969961600,3456.6065,3479.2635,3433.8506,3449.3773
142202000,3438.8714,1470600,18296600,5589946200,74988258200,3456.6065,3479.2635,3433.8506,3449.3773
142206000,3439.1153,957400,13318400,5590903600,75001576600,3456.6065,3479.2635,3433.8506,3449.3773
142211000,3439.3497,1122900,16639700,5592026500,75018216300,3456.6065,3479.2635,3433.8506,3449.3773
142217000,3439.2982,1564000,20104800,5593590500,75038321100,3456.6065,3479.2635,3433.8506,3449.3773
142221000,3438.9731,898300,14269800,5594488800,75052590900,3456.6065,3479.2635,3433.8506,3449.3773
142226000,3438.9207,1037300,16138100,5595526100,75068729000,3456.6065,3479.2635,3433.8506,3449.3773
142232000,3439.0196,1319200,19527000,5596845300,75088256000,3456.6065,3479.2635,3433.8506,3449.3773
142236000,3438.7353,1110700,17543700,5597956000,75105799700,3456.6065,3479.2635,3433.8506,3449.3773
142241000,3438.5976,1117100,17268300,5599073100,75123068000,3456.6065,3479.2635,3433.8506,3449.3773
142247000,3439.0978,1300700,22398400,5600373800,75145466400,3456.6065,3479.2635,3433.8506,3449.3773
142251000,3439.1515,890600,13323200,5601264400,75158789600,3456.6065,3479.2635,3433.8506,3449.3773
142256000,3439.109,1041200,15226100,5602305600,75174015700,3456.6065,3479.2635,3433.8506,3449.3773
142302000,3439.3223,1574300,19872700,5603879900,75193888400,3456.6065,3479.2635,3433.8506,3449.3773
142306000,3439.014,1210200,13219800,5605090100,75207108200,3456.6065,3479.2635,3433.8506,3449.3773
142312000,3439.1679,1230200,16138000,5606320300,75223246200,3456.6065,3479.2635,3433.8506,3449.3773
142318000,3439.3362,2377800,22044400,5608698100,75245290600,3456.6065,3479.2635,3433.8506,3449.3773
142323000,3439.6549,1523500,20979900,5610221600,75266270500,3456.6065,3479.2635,3433.8506,3449.3773
142328000,3439.2233,911200,11974800,5611132800,75278245300,3456.6065,3479.2635,3433.8506,3449.3773
142332000,3439.112,992400,14654300,5612125200,75292899600,3456.6065,3479.2635,3433.8506,3449.3773
142338000,3439.1163,1100800,19661500,5613226000,75312561100,3456.6065,3479.2635,3433.8506,3449.3773
142342000,3439.2601,997800,15722500,5614223800,75328283600,3456.6065,3479.2635,3433.8506,3449.3773
142347000,3438.9841,1375300,17227000,5615599100,75345510600,3456.6065,3479.2635,3433.8506,3449.3773
142353000,3439.4436,1282000,16810000,5616881100,75362320600,3456.6065,3479.2635,3433.8506,3449.3773
142357000,3439.2452,1078900,16335300,5617960000,75378655900,3456.6065,3479.2635,3433.8506,3449.3773
142402000,3439.124,1293700,17038500,5619253700,75395694400,3456.6065,3479.2635,3433.8506,3449.3773
142408000,3439.2725,1900300,24219700,5621154000,75419914100,3456.6065,3479.2635,3433.8506,3449.3773
142412000,3439.2218,891700,13338900,5622045700,75433253000,3456.6065,3479.2635,3433.8506,3449.3773
142417000,3439.2484,1739000,20806100,5623784700,75454059100,3456.6065,3479.2635,3433.8506,3449.3773
142423000,3438.6731,2431100,30246200,5626215800,75484305300,3456.6065,3479.2635,3433.8506,3449.3773
142427000,3438.0836,2208700,25109200,5628424500,75509414500,3456.6065,3479.2635,3433.8506,3449.3773
142432000,3438.0172,2261700,29497000,5630686200,75538911500,3456.6065,3479.2635,3433.8506,3449.3773
142438000,3437.6479,3629200,48922600,5634315400,75587834100,3456.6065,3479.2635,3433.8506,3449.3773
142442000,3438.0283,1678200,25156200,5635993600,75612990300,3456.6065,3479.2635,3433.8506,3449.3773
142447000,3437.2312,2494600,26438100,5638488200,75639428400,3456.6065,3479.2635,3433.8506,3449.3773
142453000,3437.1384,3253200,36743100,5641741400,75676171500,3456.6065,3479.2635,3433.8506,3449.3773
142457000,3437.151,1164000,17463300,5642905400,75693634800,3456.6065,3479.2635,3433.8506,3449.3773
142502000,3437.7233,1636000,18750400,5644541400,75712385200,3456.6065,3479.2635,3433.8506,3449.3773
142508000,3437.1845,2081700,26782700,5646623100,75739167900,3456.6065,3479.2635,3433.8506,3449.3773
142512000,3437.1072,1340600,15328500,5647963700,75754496400,3456.6065,3479.2635,3433.8506,3449.3773
142517000,3437.2039,2008600,24404100,5649972300,75778900500,3456.6065,3479.2635,3433.8506,3449.3773
142523000,3437.2622,2165300,28692800,5652137600,75807593300,3456.6065,3479.2635,3433.8506,3449.3773
142527000,3436.9894,1509500,19162900,5653647100,75826756200,3456.6065,3479.2635,3433.8506,3449.3773
142532000,3436.9839,1447000,22456100,5655094100,75849212300,3456.6065,3479.2635,3433.8506,3449.3773
142538000,3436.9482,2018600,25882100,5657112700,75875094400,3456.6065,3479.2635,3433.8506,3449.3773
142542000,3436.8974,1234000,17477400,5658346700,75892571800,3456.6065,3479.2635,3433.8506,3449.3773
142547000,3437.3609,1226400,15424200,5659573100,75907996000,3456.6065,3479.2635,3433.8506,3449.3773
142553000,3436.8702,2308500,30638200,5661881600,75938634200,3456.6065,3479.2635,3433.8506,3449.3773
142557000,3436.9594,1484200,19158000,5663365800,75957792200,3456.6065,3479.2635,3433.8506,3449.3773
142602000,3437.334,1485100,22307400,5664850900,75980099600,3456.6065,3479.2635,3433.8506,3449.3773
142608000,3437.4625,1999300,26745500,5666850200,76006845100,3456.6065,3479.2635,3433.8506,3449.3773
142612000,3437.6309,803000,12918200,5667653200,76019763300,3456.6065,3479.2635,3433.8506,3449.3773
142617000,3437.2922,1742300,21281500,5669395500,76041044800,3456.6065,3479.2635,3433.8506,3449.3773
142623000,3437.4306,2313300,24993000,5671708800,76066037800,3456.6065,3479.2635,3433.8506,3449.3773
142628000,3437.534,1076600,14363700,5672785400,76080401500,3456.6065,3479.2635,3433.8506,3449.3773
142632000,3437.1779,1413300,15532600,5674198700,76095934100,3456.6065,3479.2635,3433.8506,3449.3773
142638000,3437.2084,1425400,20554100,5675624100,76116488200,3456.6065,3479.2635,3433.8506,3449.3773
142642000,3437.6513,971300,13286200,5676595400,76129774400,3456.6065,3479.2635,3433.8506,3449.3773
142647000,3437.5817,1380600,18998100,5677976000,76148772500,3456.6065,3479.2635,3433.8506,3449.3773
142653000,3437.8077,1552600,22453200,5679528600,76171225700,3456.6065,3479.2635,3433.8506,3449.3773
142657000,3437.8623,1460200,22138400,5680988800,76193364100,3456.6065,3479.2635,3433.8506,3449.3773
142702000,3438.0227,1424700,18217800,5682413500,76211581900,3456.6065,3479.2635,3433.8506,3449.3773
142708000,3438.4898,1980700,25374600,5684394200,76236956500,3456.6065,3479.2635,3433.8506,3449.3773
142714000,3438.2449,1241500,17147400,5685635700,76254103900,3456.6065,3479.2635,3433.8506,3449.3773
142718000,3438.2875,1055100,15760400,5686690800,76269864300,3456.6065,3479.2635,3433.8506,3449.3773
142723000,3437.9817,1507100,20187400,5688197900,76290051700,3456.6065,3479.2635,3433.8506,3449.3773
142729000,3438.0121,1998800,21410000,5690196700,76311461700,3456.6065,3479.2635,3433.8506,3449.3773
142733000,3437.844,1269000,18811800,5691465700,76330273500,3456.6065,3479.2635,3433.8506,3449.3773
142738000,3438.0583,1423900,16877200,5692889600,76347150700,3456.6065,3479.2635,3433.8506,3449.3773
142744000,3438.1893,1702700,22490100,5694592300,76369640800,3456.6065,3479.2635,3433.8506,3449.3773
142748000,3438.2267,1104200,15453100,5695696500,76385093900,3456.6065,3479.2635,3433.8506,3449.3773
142753000,3437.7645,1418900,17601700,5697115400,76402695600,3456.6065,3479.2635,3433.8506,3449.3773
142759000,3438.1913,1351100,18969800,5698466500,76421665400,3456.6065,3479.2635,3433.8506,3449.3773
142803000,3437.7946,1225000,19772200,5699691500,76441437600,3456.6065,3479.2635,3433.8506,3449.3773
142808000,3438.5723,1188200,15612100,5700879700,76457049700,3456.6065,3479.2635,3433.8506,3449.3773
142814000,3437.8754,1666300,20976000,5702546000,76478025700,3456.6065,3479.2635,3433.8506,3449.3773
142818000,3438.2854,1093100,14263700,5703639100,76492289400,3456.6065,3479.2635,3433.8506,3449.3773
142823000,3437.9203,1550400,18527500,5705189500,76510816900,3456.6065,3479.2635,3433.8506,3449.3773
142829000,3436.992,2467300,31179400,5707656800,76541996300,3456.6065,3479.2635,3433.8506,3449.3773
142833000,3436.5209,2692500,28555400,5710349300,76570551700,3456.6065,3479.2635,3433.8506,3449.3773
142838000,3436.5595,1697000,23204200,5712046300,76593755900,3456.6065,3479.2635,3433.8506,3449.3773
142844000,3436.0445,2720200,36908800,5714766500,76630664700,3456.6065,3479.2635,3433.8506,3449.3773
142848000,3435.9759,2024300,25890700,5716790800,76656555400,3456.6065,3479.2635,3433.8506,3449.3773
142853000,3435.8621,1886700,28972900,5718677500,76685528300,3456.6065,3479.2635,3433.8506,3449.3773
142859000,3436.2535,2481600,37608700,5721159100,76723137000,3456.6065,3479.2635,3433.8506,3449.3773
142903000,3435.7543,2331600,28131400,5723490700,76751268400,3456.6065,3479.2635,3433.8506,3449.3773
142908000,3435.7314,2921000,31626900,5726411700,76782895300,3456.6065,3479.2635,3433.8506,3449.3773
142914000,3435.7093,2229000,32054300,5728640700,76814949600,3456.6065,3479.2635,3433.8506,3449.3773
142918000,3435.8675,1319900,19312300,5729960600,76834261900,3456.6065,3479.2635,3433.8506,3449.3773
142923000,3435.8637,1454000,20472000,5731414600,76854733900,3456.6065,3479.2635,3433.8506,3449.3773
142929000,3435.5861,1735700,24131600,5733150300,76878865500,3456.6065,3479.2635,3433.8506,3449.3773
142933000,3435.3455,1506900,20422100,5734657200,76899287600,3456.6065,3479.2635,3433.8506,3449.3773
142938000,3435.4039,1624400,20219100,5736281600,76919506700,3456.6065,3479.2635,3433.8506,3449.3773
142944000,3435.7231,2165900,32546800,5738447500,76952053500,3456.6065,3479.2635,3433.8506,3449.3773
142948000,3435.6301,1206000,16613600,5739653500,76968667100,3456.6065,3479.2635,3433.8506,3449.3773
142953000,3435.8106,1399700,18072000,5741053200,76986739100,3456.6065,3479.2635,3433.8506,3449.3773
142959000,3435.6787,1634600,25890200,5742687800,77012629300,3456.6065,3479.2635,3433.8506,3449.3773
143003000,3435.9559,1364500,18228500,5744052300,77030857800,3456.6065,3479.2635,3433.8506,3449.3773
143008000,3435.7195,2046900,25384200,5746099200,77056242000,3456.6065,3479.2635,3433.8506,3449.3773
143014000,3436.0219,1359300,23743100,5747458500,77079985100,3456.6065,3479.2635,3433.8506,3449.3773
143018000,3435.7513,1367700,15350800,5748826200,77095335900,3456.6065,3479.2635,3433.8506,3449.3773
143023000,3435.4405,2103600,23071700,5750929800,77118407600,3456.6065,3479.2635,3433.8506,3449.3773
143029000,3435.5735,1299900,22449400,5752229700,77140857000,3456.6065,3479.2635,3433.8506,3449.3773
143033000,3435.0567,1955100,24195900,5754184800,77165052900,3456.6065,3479.2635,3433.8506,3449.3773
143038000,3435.1824,1261200,20556300,5755446000,77185609200,3456.6065,3479.2635,3433.8506,3449.3773
143044000,3435.3187,3111400,38795700,5758557400,77224404900,3456.6065,3479.2635,3433.8506,3449.3773
143048000,3435.6908,2459700,23021200,5761017100,77247426100,3456.6065,3479.2635,3433.8506,3449.3773
143053000,3435.5167,1431600,23301800,5762448700,77270727900,3456.6065,3479.2635,3433.8506,3449.3773
143059000,3435.9169,3311300,36583300,5765760000,77307311200,3456.6065,3479.2635,3433.8506,3449.3773
143103000,3435.3675,3381500,26009100,5769141500,77333320300,3456.6065,3479.2635,3433.8506,3449.3773
143109000,3435.7649,2692200,41554300,5771833700,77374874600,3456.6065,3479.2635,3433.8506,3449.3773
143114000,3435.0891,1248200,19164300,5773081900,77394038900,3456.6065,3479.2635,3433.8506,3449.3773
143120000,3435.4053,1880900,31326600,5774962800,77425365500,3456.6065,3479.2635,3433.8506,3449.3773
143124000,3435.6801,1940200,23674900,5776903000,77449040400,3456.6065,3479.2635,3433.8506,3449.3773
143129000,3435.4196,1334000,21057300,5778237000,77470097700,3456.6065,3479.2635,3433.8506,3449.3773
143135000,3434.8415,2240500,34103300,5780477500,77504201000,3456.6065,3479.2635,3433.8506,3449.3773
143139000,3435.0476,2246400,28621200,5782723900,77532822200,3456.6065,3479.2635,3433.8506,3449.3773
143144000,3435.651,1339200,21984600,5784063100,77554806800,3456.6065,3479.2635,3433.8506,3449.3773
143150000,3435.8513,2470900,28618500,5786534000,77583425300,3456.6065,3479.2635,3433.8506,3449.3773
143154000,3435.8719,920800,14549900,5787454800,77597975200,3456.6065,3479.2635,3433.8506,3449.3773
143159000,3435.2239,2002900,22829000,5789457700,77620804200,3456.6065,3479.2635,3433.8506,3449.3773
143205000,3435.7974,1936200,28969100,5791393900,77649773300,3456.6065,3479.2635,3433.8506,3449.3773
143209000,3435.6017,1569700,20964100,5792963600,77670737400,3456.6065,3479.2635,3433.8506,3449.3773
143214000,3436.0733,2450000,32062800,5795413600,77702800200,3456.6065,3479.2635,3433.8506,3449.3773
143220000,3435.951,1961200,22372000,5797374800,77725172200,3456.6065,3479.2635,3433.8506,3449.3773
143224000,3436.2156,1670000,21281900,5799044800,77746454100,3456.6065,3479.2635,3433.8506,3449.3773
143229000,3435.9219,1417000,22480300,5800461800,77768934400,3456.6065,3479.2635,3433.8506,3449.3773
143235000,3436.1417,2612900,28737400,5803074700,77797671800,3456.6065,3479.2635,3433.8506,3449.3773
143239000,3436.1104,1619200,24452800,5804693900,77822124600,3456.6065,3479.2635,3433.8506,3449.3773
143244000,3436.1618,2367700,27117800,5807061600,77849242400,3456.6065,3479.2635,3433.8506,3449.3773
143250000,3436.8389,2768700,32225300,5809830300,77881467700,3456.6065,3479.2635,3433.8506,3449.3773
143254000,3436.8761,1917000,25665800,5811747300,77907133500,3456.6065,3479.2635,3433.8506,3449.3773
143259000,3437.3779,2430200,23613600,5814177500,77930747100,3456.6065,3479.2635,3433.8506,3449.3773
143305000,3437.3415,2951600,32614100,5817129100,77963361200,3456.6065,3479.2635,3433.8506,3449.3773
143309000,3437.6278,1829400,30543800,5818958500,77993905000,3456.6065,3479.2635,3433.8506,3449.3773
143314000,3437.3089,1303400,17730500,5820261900,78011635500,3456.6065,3479.2635,3433.8506,3449.3773
143320000,3437.9882,3089700,34631800,5823351600,78046267300,3456.6065,3479.2635,3433.8506,3449.3773
143324000,3437.7914,2009500,22952400,5825361100,78069219700,3456.6065,3479.2635,3433.8506,3449.3773
143330000,3438.1182,1834600,21245100,5827195700,78090464800,3456.6065,3479.2635,3433.8506,3449.3773
143335000,3437.3611,1727500,25891400,5828923200,78116356200,3456.6065,3479.2635,3433.8506,3449.3773
143339000,3437.4537,1353000,18258100,5830276200,78134614300,3456.6065,3479.2635,3433.8506,3449.3773
143344000,3438.2185,1667100,22407300,5831943300,78157021600,3456.6065,3479.2635,3433.8506,3449.3773
143350000,3438.4938,1891600,26103400,5833834900,78183125000,3456.6065,3479.2635,3433.8506,3449.3773
143354000,3438.5029,1760000,18507700,5835594900,78201632700,3456.6065,3479.2635,3433.8506,3449.3773
143359000,3438.435,1341800,18407500,5836936700,78220040200,3456.6065,3479.2635,3433.8506,3449.3773
143405000,3438.7806,1610000,22967100,5838546700,78243007300,3456.6065,3479.2635,3433.8506,3449.3773
143409000,3438.8953,1623300,19190500,5840170000,78262197800,3456.6065,3479.2635,3433.8506,3449.3773
143414000,3438.5324,2573400,23168400,5842743400,78285366200,3456.6065,3479.2635,3433.8506,3449.3773
143420000,3438.7603,3414900,29420700,5846158300,78314786900,3456.6065,3479.2635,3433.8506,3449.3773
143424000,3438.8557,1443200,18386100,5847601500,78333173000,3456.6065,3479.2635,3433.8506,3449.3773
143429000,3439.0675,1580400,21100300,5849181900,78354273300,3456.6065,3479.2635,3433.8506,3449.3773
143435000,3438.7815,1575400,21003600,5850757300,78375276900,3456.6065,3479.2635,3433.8506,3449.3773
143439000,3438.7636,1687600,20184600,5852444900,78395461500,3456.6065,3479.2635,3433.8506,3449.3773
143444000,3438.9927,2019600,29532100,5854464500,78424993600,3456.6065,3479.2635,3433.8506,3449.3773
143450000,3438.7286,1994100,28155400,5856458600,78453149000,3456.6065,3479.2635,3433.8506,3449.3773
143454000,3438.9526,1270200,19144300,5857728800,78472293300,3456.6065,3479.2635,3433.8506,3449.3773
143459000,3439.0769,1151700,18550200,5858880500,78490843500,3456.6065,3479.2635,3433.8506,3449.3773
143505000,3439.1309,2343400,24504400,5861223900,78515347900,3456.6065,3479.2635,3433.8506,3449.3773
143509000,3438.8868,1013200,17268000,5862237100,78532615900,3456.6065,3479.2635,3433.8506,3449.3773
143515000,3438.9877,1674600,25347300,5863911700,78557963200,3456.6065,3479.2635,3433.8506,3449.3773
143520000,3438.9457,2633900,22337000,5866545600,78580300200,3456.6065,3479.2635,3433.8506,3449.3773
143526000,3439.0856,1340000,18945200,5867885600,78599245400,3456.6065,3479.2635,3433.8506,3449.3773
143530000,3439.2267,1561800,18007300,5869447400,78617252700,3456.6065,3479.2635,3433.8506,3449.3773
143535000,3438.8863,1676600,22239200,5871124000,78639491900,3456.6065,3479.2635,3433.8506,3449.3773
143541000,3438.7362,2132500,23368100,5873256500,78662860000,3456.6065,3479.2635,3433.8506,3449.3773
143545000,3439.2539,1583000,23033000,5874839500,78685893000,3456.6065,3479.2635,3433.8506,3449.3773
143550000,3439.3645,1670600,23425000,5876510100,78709318000,3456.6065,3479.2635,3433.8506,3449.3773
143556000,3439.3106,1307400,20081200,5877817500,78729399200,3456.6065,3479.2635,3433.8506,3449.3773
143600000,3439.5127,1803900,19341100,5879621400,78748740300,3456.6065,3479.2635,3433.8506,3449.3773
143605000,3439.4163,1407400,18272500,5881028800,78767012800,3456.6065,3479.2635,3433.8506,3449.3773
143611000,3439.303,2414200,33102300,5883443000,78800115100,3456.6065,3479.2635,3433.8506,3449.3773
143615000,3439.5192,1493900,19436900,5884936900,78819552000,3456.6065,3479.2635,3433.8506,3449.3773
143620000,3439.0973,1346900,19580500,5886283800,78839132500,3456.6065,3479.2635,3433.8506,3449.3773
143626000,3439.2614,2060900,25758800,5888344700,78864891300,3456.6065,3479.2635,3433.8506,3449.3773
143630000,3439.3332,1198900,15996800,5889543600,78880888100,3456.6065,3479.2635,3433.8506,3449.3773
143635000,3439.4276,1392800,18340300,5890936400,78899228400,3456.6065,3479.2635,3433.8506,3449.3773
143641000,3439.2374,1569800,21271900,5892506200,78920500300,3456.6065,3479.2635,3433.8506,3449.3773
143645000,3439.2577,1085200,17614200,5893591400,78938114500,3456.6065,3479.2635,3433.8506,3449.3773
143650000,3439.151,1386800,19888500,5894978200,78958003000,3456.6065,3479.2635,3433.8506,3449.3773
143656000,3439.2096,1471700,19245000,5896449900,78977248000,3456.6065,3479.2635,3433.8506,3449.3773
143701000,3439.3287,1600200,19195600,5898050100,78996443600,3456.6065,3479.2635,3433.8506,3449.3773
143705000,3439.3187,1890600,21357500,5899940700,79017801100,3456.6065,3479.2635,3433.8506,3449.3773
143711000,3438.8595,2251700,29770300,5902192400,79047571400,3456.6065,3479.2635,3433.8506,3449.3773
143715000,3439.1601,1263600,16973300,5903456000,79064544700,3456.6065,3479.2635,3433.8506,3449.3773
143720000,3438.8628,2970900,23253900,5906426900,79087798600,3456.6065,3479.2635,3433.8506,3449.3773
143726000,3438.6501,2001500,23936400,5908428400,79111735000,3456.6065,3479.2635,3433.8506,3449.3773
143730000,3438.7925,1599600,24030800,5910028000,79135765800,3456.6065,3479.2635,3433.8506,3449.3773
143735000,3438.5936,1890300,25023100,5911918300,79160788900,3456.6065,3479.2635,3433.8506,3449.3773
143741000,3438.0436,1780500,27101100,5913698800,79187890000,3456.6065,3479.2635,3433.8506,3449.3773
143745000,3438.059,1796900,22673200,5915495700,79210563200,3456.6065,3479.2635,3433.8506,3449.3773
143750000,3438.0741,1710500,21360800,5917206200,79231924000,3456.6065,3479.2635,3433.8506,3449.3773
143756000,3438.4277,1785200,23603300,5918991400,79255527300,3456.6065,3479.2635,3433.8506,3449.3773
143800000,3438.6795,1131700,16324600,5920123100,79271851900,3456.6065,3479.2635,3433.8506,3449.3773
143805000,3438.4892,1009700,15231700,5921132800,79287083600,3456.6065,3479.2635,3433.8506,3449.3773
143811000,3438.6296,1843500,24834100,5922976300,79311917700,3456.6065,3479.2635,3433.8506,3449.3773
143815000,3438.549,1480000,21199400,5924456300,79333117100,3456.6065,3479.2635,3433.8506,3449.3773
143820000,3438.5919,1713400,27902600,5926169700,79361019700,3456.6065,3479.2635,3433.8506,3449.3773
143826000,3438.7751,1932500,23775200,5928102200,79384794900,3456.6065,3479.2635,3433.8506,3449.3773
143830000,3438.6542,1242000,17426300,5929344200,79402221200,3456.6065,3479.2635,3433.8506,3449.3773
143835000,3438.7142,1435800,20408600,5930780000,79422629800,3456.6065,3479.2635,3433.8506,3449.3773
143841000,3438.1815,2225600,31332800,5933005600,79453962600,3456.6065,3479.2635,3433.8506,3449.3773
143845000,3438.7826,1547400,19121000,5934553000,79473083600,3456.6065,3479.2635,3433.8506,3449.3773
143850000,3438.5742,1488400,19235100,5936041400,79492318700,3456.6065,3479.2635,3433.8506,3449.3773
143856000,3438.9798,1347500,18929900,5937388900,79511248600,3456.6065,3479.2635,3433.8506,3449.3773
143900000,3439.0218,1025000,16317100,5938413900,79527565700,3456.6065,3479.2635,3433.8506,3449.3773
143906000,3439.0503,1695300,23232500,5940109200,79550798200,3456.6065,3479.2635,3433.8506,3449.3773
143911000,3438.9489,1143900,14967900,5941253100,79565766100,3456.6065,3479.2635,3433.8506,3449.3773
143917000,3438.9193,2392700,27547800,5943645800,79593313900,3456.6065,3479.2635,3433.8506,3449.3773
143921000,3439.1879,1370900,18581500,5945016700,79611895400,3456.6065,3479.2635,3433.8506,3449.3773
143926000,3439.0563,1392900,20188200,5946409600,79632083600,3456.6065,3479.2635,3433.8506,3449.3773
143932000,3439.2643,3630100,33438200,5950039700,79665521800,3456.6065,3479.2635,3433.8506,3449.3773
143936000,3438.9525,1871800,22836600,5951911500,79688358400,3456.6065,3479.2635,3433.8506,3449.3773
143941000,3438.8483,1546600,16950500,5953458100,79705308900,3456.6065,3479.2635,3433.8506,3449.3773
143947000,3439.3066,1680400,22295900,5955138500,79727604800,3456.6065,3479.2635,3433.8506,3449.3773
143952000,3439.1833,1234200,18112300,5956372700,79745717100,3456.6065,3479.2635,3433.8506,3449.3773
143956000,3439.0588,1447900,18729600,5957820600,79764446700,3456.6065,3479.2635,3433.8506,3449.3773
144002000,3439.1995,2196200,27482600,5960016800,79791929300,3456.6065,3479.2635,3433.8506,3449.3773
144006000,3439.3615,1341900,20091800,5961358700,79812021100,3456.6065,3479.2635,3433.8506,3449.3773
144011000,3439.4052,1730600,24236000,5963089300,79836257100,3456.6065,3479.2635,3433.8506,3449.3773
144017000,3439.5966,1867400,26440800,5964956700,79862697900,3456.6065,3479.2635,3433.8506,3449.3773
144021000,3439.4255,1349400,19026000,5966306100,79881723900,3456.6065,3479.2635,3433.8506,3449.3773
144026000,3439.9314,2433100,20950200,5968739200,79902674100,3456.6065,3479.2635,3433.8506,3449.3773
144032000,3439.6954,1756300,24473700,5970495500,79927147800,3456.6065,3479.2635,3433.8506,3449.3773
144036000,3439.714,1436800,21849800,5971932300,79948997600,3456.6065,3479.2635,3433.8506,3449.3773
144042000,3439.6543,1642100,21306200,5973574400,79970303800,3456.6065,3479.2635,3433.8506,3449.3773
144047000,3440.1524,2355100,33090800,5975929500,80003394600,3456.6065,3479.2635,3433.8506,3449.3773
144051000,3439.9307,2316500,28910700,5978246000,80032305300,3456.6065,3479.2635,3433.8506,3449.3773
144056000,3440.1879,1748700,21021700,5979994700,80053327000,3456.6065,3479.2635,3433.8506,3449.3773
144102000,3440.6247,1493700,24265100,5981488400,80077592100,3456.6065,3479.2635,3433.8506,3449.3773
144106000,3440.4791,1933900,21291600,5983422300,80098883700,3456.6065,3479.2635,3433.8506,3449.3773
144112000,3440.6822,1588800,22217400,5985011100,80121101100,3456.6065,3479.2635,3433.8506,3449.3773
144117000,3440.4576,1650200,26339900,5986661300,80147441000,3456.6065,3479.2635,3433.8506,3449.3773
144121000,3440.5989,1519800,20289800,5988181100,80167730800,3456.6065,3479.2635,3433.8506,3449.3773
144127000,3440.4134,1404800,20856400,5989585900,80188587200,3456.6065,3479.2635,3433.8506,3449.3773
144132000,3440.385,1818400,30888100,5991404300,80219475300,3456.6065,3479.2635,3433.8506,3449.3773
144136000,3440.4988,1513300,21987700,5992917600,80241463000,3456.6065,3479.2635,3433.8506,3449.3773
144142000,3440.4618,1639000,21214800,5994556600,80262677800,3456.6065,3479.2635,3433.8506,3449.3773
144147000,3440.6527,1993800,26695600,5996550400,80289373400,3456.6065,3479.2635,3433.8506,3449.3773
144151000,3440.6946,1497400,18775100,5998047800,80308148500,3456.6065,3479.2635,3433.8506,3449.3773
144156000,3440.9229,1458100,20661000,5999505900,80328809500,3456.6065,3479.2635,3433.8506,3449.3773
144202000,3441.0524,2107800,29884300,6001613700,80358693800,3456.6065,3479.2635,3433.8506,3449.3773
144206000,3441.0594,1639600,23547500,6003253300,80382241300,3456.6065,3479.2635,3433.8506,3449.3773
144211000,3440.6473,2116500,24028200,6005369800,80406269500,3456.6065,3479.2635,3433.8506,3449.3773
144217000,3440.7753,2397600,34816700,6007767400,80441086200,3456.6065,3479.2635,3433.8506,3449.3773
144221000,3441.073,1434200,17503000,6009201600,80458589200,3456.6065,3479.2635,3433.8506,3449.3773
144226000,3440.9628,1930900,23744900,6011132500,80482334100,3456.6065,3479.2635,3433.8506,3449.3773
144232000,3441.0079,2251900,25434700,6013384400,80507768800,3456.6065,3479.2635,3433.8506,3449.3773
144236000,3440.7506,1902400,23074800,6015286800,80530843600,3456.6065,3479.2635,3433.8506,3449.3773
144241000,3440.8949,1430700,21057900,6016717500,80551901500,3456.6065,3479.2635,3433.8506,3449.3773
144247000,3441.0588,2322100,26820300,6019039600,80578721800,3456.6065,3479.2635,3433.8506,3449.3773
144251000,3440.8504,2028800,21196200,6021068400,80599918000,3456.6065,3479.2635,3433.8506,3449.3773
144256000,3441.2635,2426700,24700600,6023495100,80624618600,3456.6065,3479.2635,3433.8506,3449.3773
144302000,3440.9698,2541600,35985900,6026036700,80660604500,3456.6065,3479.2635,3433.8506,3449.3773
144308000,3441.368,2060800,28993100,6028097500,80689597600,3456.6065,3479.2635,3433.8506,3449.3773
144311000,3440.8909,1028200,16994400,6029125700,80706592000,3456.6065,3479.2635,3433.8506,3449.3773
144318000,3440.7075,2441400,32550500,6031567100,80739142500,3456.6065,3479.2635,3433.8506,3449.3773
144323000,3440.73,2116800,30779900,6033683900,80769922400,3456.6065,3479.2635,3433.8506,3449.3773
144328000,3440.4601,2876400,31182400,6036560300,80801104800,3456.6065,3479.2635,3433.8506,3449.3773
144333000,3440.807,1833100,27647700,6038393400,80828752500,3456.6065,3479.2635,3433.8506,3449.3773
144338000,3440.5666,1956300,35637100,6040349700,80864389600,3456.6065,3479.2635,3433.8506,3449.3773
144342000,3440.8759,1733500,24466200,6042083200,80888855800,3456.6065,3479.2635,3433.8506,3449.3773
144347000,3440.6407,3040000,35602100,6045123200,80924457900,3456.6065,3479.2635,3433.8506,3449.3773
144353000,3440.3212,2470300,35667700,6047593500,80960125600,3456.6065,3479.2635,3433.8506,3449.3773
144357000,3440.6916,1987100,27934200,6049580600,80988059800,3456.6065,3479.2635,3433.8506,3449.3773
144403000,3440.0879,2649100,31750600,6052229700,81019810400,3456.6065,3479.2635,3433.8506,3449.3773
144408000,3440.2605,2713600,34787500,6054943300,81054597900,3456.6065,3479.2635,3433.8506,3449.3773
144412000,3439.9811,2702300,32385300,6057645600,81086983200,3456.6065,3479.2635,3433.8506,3449.3773
144418000,3440.2726,2211700,30963500,6059857300,81117946700,3456.6065,3479.2635,3433.8506,3449.3773
144423000,3439.8173,2271000,30239000,6062128300,81148185700,3456.6065,3479.2635,3433.8506,3449.3773
144427000,3440.1649,1847000,20587600,6063975300,81168773300,3456.6065,3479.2635,3433.8506,3449.3773
144432000,3439.8176,2021800,26085900,6065997100,81194859200,3456.6065,3479.2635,3433.8506,3449.3773
144438000,3439.9462,2586200,28433100,6068583300,81223292300,3456.6065,3479.2635,3433.8506,3449.3773
144442000,3439.8884,2119000,21825300,6070702300,81245117600,3456.6065,3479.2635,3433.8506,3449.3773
144448000,3440.0764,2032500,24853900,6072734800,81269971500,3456.6065,3479.2635,3433.8506,3449.3773
144453000,3439.5356,2776800,33803300,6075511600,81303774800,3456.6065,3479.2635,3433.8506,3449.3773
144458000,3439.7324,2108200,25971400,6077619800,81329746200,3456.6065,3479.2635,3433.8506,3449.3773
144503000,3439.4526,3231600,37419300,6080851400,81367165500,3456.6065,3479.2635,3433.8506,3449.3773
144508000,3439.8707,3542400,41959700,6084393800,81409125200,3456.6065,3479.2635,3433.8506,3449.3773
144512000,3439.4529,2072100,27287500,6086465900,81436412700,3456.6065,3479.2635,3433.8506,3449.3773
144518000,3439.7492,4053900,38424500,6090519800,81474837200,3456.6065,3479.2635,3433.8506,3449.3773
144523000,3439.4188,3184800,40439900,6093704600,81515277100,3456.6065,3479.2635,3433.8506,3449.3773
144527000,3439.6052,2557200,25244000,6096261800,81540521100,3456.6065,3479.2635,3433.8506,3449.3773
144533000,3439.3615,1536200,20019900,6097798000,81560541000,3456.6065,3479.2635,3433.8506,3449.3773
144538000,3439.2847,2354800,28248900,6100152800,81588789900,3456.6065,3479.2635,3433.8506,3449.3773
144543000,3439.5541,1597400,21710700,6101750200,81610500600,3456.6065,3479.2635,3433.8506,3449.3773
144548000,3439.4652,3186900,28421800,6104937100,81638922400,3456.6065,3479.2635,3433.8506,3449.3773
144553000,3439.0593,2038100,28203400,6106975200,81667125800,3456.6065,3479.2635,3433.8506,3449.3773
144558000,3438.9664,1647400,20419200,6108622600,81687545000,3456.6065,3479.2635,3433.8506,3449.3773
144603000,3439.0508,3276200,28405700,6111898800,81715950700,3456.6065,3479.2635,3433.8506,3449.3773
144608000,3438.9985,2276700,28115400,6114175500,81744066100,3456.6065,3479.2635,3433.8506,3449.3773
144612000,3438.8652,1741000,26301100,6115916500,81770367200,3456.6065,3479.2635,3433.8506,3449.3773
144618000,3438.8502,1844100,29585600,6117760600,81799952800,3456.6065,3479.2635,3433.8506,3449.3773
144623000,3439.1459,2811500,37335200,6120572100,81837288000,3456.6065,3479.2635,3433.8506,3449.3773
144627000,3439.0571,1651400,20374900,6122223500,81857662900,3456.6065,3479.2635,3433.8506,3449.3773
144633000,3438.8724,3510500,36316200,6125734000,81893979100,3456.6065,3479.2635,3433.8506,3449.3773
144638000,3438.6997,2109800,40233600,6127843800,81934212700,3456.6065,3479.2635,3433.8506,3449.3773
144642000,3438.795,2065600,27828400,6129909400,81962041100,3456.6065,3479.2635,3433.8506,3449.3773
144648000,3438.9682,2016300,29073100,6131925700,81991114200,3456.6065,3479.2635,3433.8506,3449.3773
144653000,3438.7499,2314400,34199300,6134240100,82025313500,3456.6065,3479.2635,3433.8506,3449.3773
144659000,3438.8719,2362400,32599400,6136602500,82057912900,3456.6065,3479.2635,3433.8506,3449.3773
144703000,3438.5565,940500,11238300,6137543000,82069151200,3456.6065,3479.2635,3433.8506,3449.3773
144709000,3438.6498,2803400,34990300,6140346400,82104141500,3456.6065,3479.2635,3433.8506,3449.3773
144714000,3438.8216,2246500,25544900,6142592900,82129686400,3456.6065,3479.2635,3433.8506,3449.3773
144718000,3438.3421,2036500,27482500,6144629400,82157168900,3456.6065,3479.2635,3433.8506,3449.3773
144724000,3438.0847,1802300,23172800,6146431700,82180341700,3456.6065,3479.2635,3433.8506,3449.3773
144729000,3438.3675,2782800,36076500,6149214500,82216418200,3456.6065,3479.2635,3433.8506,3449.3773
144734000,3438.7245,1638500,23978200,6150853000,82240396400,3456.6065,3479.2635,3433.8506,3449.3773
144739000,3438.201,1918700,25713300,6152771700,82266109700,3456.6065,3479.2635,3433.8506,3449.3773
144744000,3438.1585,2878100,40108100,6155649800,82306217800,3456.6065,3479.2635,3433.8506,3449.3773
144748000,3438.212,2232100,29782300,6157881900,82336000100,3456.6065,3479.2635,3433.8506,3449.3773
144754000,3438.0751,2858000,29937000,6160739900,82365937100,3456.6065,3479.2635,3433.8506,3449.3773
144759000,3437.7427,3223500,38862300,6163963400,82404799400,3456.6065,3479.2635,3433.8506,3449.3773
144803000,3438.1165,2678500,32916400,6166641900,82437715800,3456.6065,3479.2635,3433.8506,3449.3773
144809000,3437.7867,1810900,21295800,6168452800,82459011600,3456.6065,3479.2635,3433.8506,3449.3773
144814000,3437.8236,2883000,32535600,6171335800,82491547200,3456.6065,3479.2635,3433.8506,3449.3773
144818000,3437.5777,2162900,27140900,6173498700,82518688100,3456.6065,3479.2635,3433.8506,3449.3773
144824000,3437.6103,2164300,29702500,6175663000,82548390600,3456.6065,3479.2635,3433.8506,3449.3773
144829000,3437.4376,3713800,37312600,6179376800,82585703200,3456.6065,3479.2635,3433.8506,3449.3773
144833000,3437.5712,2920300,28452800,6182297100,82614156000,3456.6065,3479.2635,3433.8506,3449.3773
144839000,3437.5596,2026500,27793500,6184323600,82641949500,3456.6065,3479.2635,3433.8506,3449.3773
144844000,3437.5627,2802700,37466400,6187126300,82679415900,3456.6065,3479.2635,3433.8506,3449.3773
144848000,3437.5333,2307800,27139200,6189434100,82706555100,3456.6065,3479.2635,3433.8506,3449.3773
144854000,3436.9734,2667300,32603700,6192101400,82739158800,3456.6065,3479.2635,3433.8506,3449.3773
144859000,3437.2577,4053700,46831000,6196155100,82785989800,3456.6065,3479.2635,3433.8506,3449.3773
144903000,3437.0867,5522600,39701500,6201677700,82825691300,3456.6065,3479.2635,3433.8506,3449.3773
144909000,3436.9405,3027300,43753800,6204705000,82869445100,3456.6065,3479.2635,3433.8506,3449.3773
144914000,3436.6853,4168500,57212700,6208873500,82926657800,3456.6065,3479.2635,3433.8506,3449.3773
144918000,3436.4889,2419900,27784600,6211293400,82954442400,3456.6065,3479.2635,3433.8506,3449.3773
144924000,3436.5838,2739000,39546100,6214032400,82993988500,3456.6065,3479.2635,3433.8506,3449.3773
144929000,3436.3268,2775500,36529200,6216807900,83030517700,3456.6065,3479.2635,3433.8506,3449.3773
144933000,3436.1412,3094900,31803400,6219902800,83062321100,3456.6065,3479.2635,3433.8506,3449.3773
144939000,3436.2292,2633600,36944100,6222536400,83099265200,3456.6065,3479.2635,3433.8506,3449.3773
144944000,3436.0101,3115300,45682800,6225651700,83144948000,3456.6065,3479.2635,3433.8506,3449.3773
144948000,3434.8475,3333100,38989300,6228984800,83183937300,3456.6065,3479.2635,3433.8506,3449.3773
144954000,3435.4955,2824300,35874500,6231809100,83219811800,3456.6065,3479.2635,3433.8506,3449.3773
144959000,3435.3571,3317200,48961100,6235126300,83268772900,3456.6065,3479.2635,3433.8506,3449.3773
145003000,3435.7614,2903100,33975200,6238029400,83302748100,3456.6065,3479.2635,3433.8506,3449.3773
145009000,3434.8513,4866400,59197700,6242895800,83361945800,3456.6065,3479.2635,3433.8506,3449.3773
145014000,3434.9964,3300600,44572900,6246196400,83406518700,3456.6065,3479.2635,3433.8506,3449.3773
145018000,3434.946,2817300,32723800,6249013700,83439242500,3456.6065,3479.2635,3433.8506,3449.3773
145024000,3434.6581,2793700,35810800,6251807400,83475053300,3456.6065,3479.2635,3433.8506,3449.3773
145029000,3435.0345,3450800,46861900,6255258200,83521915200,3456.6065,3479.2635,3433.8506,3449.3773
145033000,3434.7815,3838100,45814800,6259096300,83567730000,3456.6065,3479.2635,3433.8506,3449.3773
145039000,3434.2043,3303500,51265000,6262399800,83618995000,3456.6065,3479.2635,3433.8506,3449.3773
145044000,3434.4995,3223700,40546200,6265623500,83659541200,3456.6065,3479.2635,3433.8506,3449.3773
145049000,3434.4895,2895500,44051900,6268519000,83703593100,3456.6065,3479.2635,3433.8506,3449.3773
145054000,3434.0053,3181800,47859300,6271700800,83751452400,3456.6065,3479.2635,3433.8506,3449.3773
145059000,3434.4268,2596000,35771100,6274296800,83787223500,3456.6065,3479.2635,3433.8506,3449.3773
145103000,3433.4156,4608600,49195700,6278905400,83836419200,3456.6065,3479.2635,3433.405,3449.3773
145109000,3433.669,4340300,49515800,6283245700,83885935000,3456.6065,3479.2635,3433.405,3449.3773
145115000,3433.6337,2775800,36570700,6286021500,83922505700,3456.6065,3479.2635,3433.405,3449.3773
145120000,3433.656,3276000,43790300,6289297500,83966296000,3456.6065,3479.2635,3433.405,3449.3773
145124000,3433.4349,3437900,44678300,6292735400,84010974300,3456.6065,3479.2635,3433.3041,3449.3773
145130000,3433.4284,3854900,39253700,6296590300,84050228000,3456.6065,3479.2635,3433.2161,3449.3773
145135000,3433.6684,4048800,64150900,6300639100,84114378900,3456.6065,3479.2635,3433.2161,3449.3773
145139000,3433.2382,2344000,31694800,6302983100,84146073700,3456.6065,3479.2635,3433.2161,3449.3773
145145000,3433.3421,2796500,34746600,6305779600,84180820300,3456.6065,3479.2635,3433.1829,3449.3773
145150000,3433.2279,2561800,38475000,6308341400,84219295300,3456.6065,3479.2635,3433.1829,3449.3773
145154000,3433.3484,3115600,41071200,6311457000,84260366500,3456.6065,3479.2635,3433.0286,3449.3773
145200000,3433.1303,2770400,34826400,6314227400,84295192900,3456.6065,3479.2635,3433.0286,3449.3773
145205000,3433.2636,3543400,42391700,6317770800,84337584600,3456.6065,3479.2635,3433.0286,3449.3773
145209000,3433.0278,3201200,37282300,6320972000,84374866900,3456.6065,3479.2635,3432.9566,3449.3773
145215000,3432.9466,3589700,40678500,6324561700,84415545400,3456.6065,3479.2635,3432.6643,3449.3773
145220000,3432.7491,4121700,49239100,6328683400,84464784500,3456.6065,3479.2635,3432.6643,3449.3773
145224000,3432.809,2480900,28218000,6331164300,84493002500,3456.6065,3479.2635,3432.6643,3449.3773
145230000,3433.0355,2817700,40980500,6333982000,84533983000,3456.6065,3479.2635,3432.4657,3449.3773
145235000,3432.7596,3866700,50207400,6337848700,84584190400,3456.6065,3479.2635,3432.4657,3449.3773
145239000,3432.7775,4016700,45112100,6341865400,84629302500,3456.6065,3479.2635,3432.4657,3449.3773
145245000,3432.2987,3498800,43583100,6345364200,84672885600,3456.6065,3479.2635,3432.2987,3449.3773
145250000,3432.8251,3736100,51613400,6349100300,84724499000,3456.6065,3479.2635,3432.2987,3449.3773
145254000,3432.3617,3991400,42788500,6353091700,84767287500,3456.6065,3479.2635,3432.2987,3449.3773
145300000,3432.5366,3426200,37988200,6356517900,84805275700,3456.6065,3479.2635,3432.2987,3449.3773
145305000,3432.2479,2936600,42305500,6359454500,84847581200,3456.6065,3479.2635,3432.1753,3449.3773
145309000,3432.3752,2605500,36810200,6362060000,84884391400,3456.6065,3479.2635,3432.1753,3449.3773
145315000,3432.3195,2651000,32655000,6364711000,84917046400,3456.6065,3479.2635,3432.1753,3449.3773
145320000,3432.5077,3173700,45413700,6367884700,84962460100,3456.6065,3479.2635,3432.1753,3449.3773
145324000,3432.3279,3746600,60584600,6371631300,85023044700,3456.6065,3479.2635,3432.1753,3449.3773
145330000,3432.0813,2656700,36482000,6374288000,85059526700,3456.6065,3479.2635,3431.9585,3449.3773
145335000,3431.7554,3805800,49161000,6378093800,85108687700,3456.6065,3479.2635,3431.7554,3449.3773
145339000,3432.2449,3318000,42065700,6381411800,85150753400,3456.6065,3479.2635,3431.7554,3449.3773
145345000,3432.1802,4276200,51849100,6385688000,85202602500,3456.6065,3479.2635,3431.7427,3449.3773
145350000,3431.1521,4056500,49916000,6389744500,85252518500,3456.6065,3479.2635,3431.1521,3449.3773
145354000,3431.7714,3586900,43344600,6393331400,85295863100,3456.6065,3479.2635,3431.1521,3449.3773
145400000,3431.4872,4027800,55571400,6397359200,85351434500,3456.6065,3479.2635,3431.1521,3449.3773
145405000,3431.4398,4138400,53775800,6401497600,85405210300,3456.6065,3479.2635,3431.1521,3449.3773
145409000,3430.8612,3846500,45859100,6405344100,85451069400,3456.6065,3479.2635,3430.8612,3449.3773
145415000,3431.319,3792100,45792500,6409136200,85496861900,3456.6065,3479.2635,3430.8612,3449.3773
145420000,3430.9812,4132000,62282200,6413268200,85559144100,3456.6065,3479.2635,3430.8612,3449.3773
145424000,3431.0559,2953400,39972100,6416221600,85599116200,3456.6065,3479.2635,3430.8612,3449.3773
145430000,3431.0819,3915000,45028000,6420136600,85644144200,3456.6065,3479.2635,3430.8612,3449.3773
145435000,3430.7654,4384500,51103200,6424521100,85695247400,3456.6065,3479.2635,3430.7232,3449.3773
145440000,3430.7136,3042300,46035300,6427563400,85741282700,3456.6065,3479.2635,3430.7136,3449.3773
145445000,3430.7273,3060800,40969800,6430624200,85782252500,3456.6065,3479.2635,3430.6857,3449.3773
145450000,3430.5145,4256100,56932600,6434880300,85839185100,3456.6065,3479.2635,3430.5145,3449.3773
145455000,3430.6347,4652700,52651500,6439533000,85891836600,3456.6065,3479.2635,3430.4854,3449.3773
145500000,3430.6317,3655500,52866600,6443188500,85944703200,3456.6065,3479.2635,3430.4854,3449.3773
145505000,3430.4315,3244800,42312000,6446433300,85987015200,3456.6065,3479.2635,3430.1563,3449.3773
145511000,3430.722,4832800,49958300,6451266100,86036973500,3456.6065,3479.2635,3430.1563,3449.3773
145515000,3430.8016,4454600,61354800,6455720700,86098328300,3456.6065,3479.2635,3430.1563,3449.3773
145521000,3430.7035,2827200,37184300,6458547900,86135512600,3456.6065,3479.2635,3430.1563,3449.3773
145526000,3430.3919,3670600,54999400,6462218500,86190512000,3456.6065,3479.2635,3430.1563,3449.3773
145530000,3430.2776,4618400,59074100,6466836900,86249586100,3456.6065,3479.2635,3430.1563,3449.3773
145536000,3430.3573,3998300,42898800,6470835200,86292484900,3456.6065,3479.2635,3430.1563,3449.3773
145541000,3430.4108,4371600,57141500,6475206800,86349626400,3456.6065,3479.2635,3430.1563,3449.3773
145545000,3430.6786,4487200,48060400,6479694000,86397686800,3456.6065,3479.2635,3430.1563,3449.3773
145551000,3430.6978,4494800,48574700,6484188800,86446261500,3456.6065,3479.2635,3430.1563,3449.3773
145556000,3430.6608,5059900,61261700,6489248700,86507523200,3456.6065,3479.2635,3430.1563,3449.3773
145600000,3430.7057,3363300,40385300,6492612000,86547908500,3456.6065,3479.2635,3430.1563,3449.3773
145606000,3430.3685,3992500,55083500,6496604500,86602992000,3456.6065,3479.2635,3430.1563,3449.3773
145611000,3430.958,3336400,41941100,6499940900,86644933100,3456.6065,3479.2635,3430.1563,3449.3773
145616000,3430.6531,3729100,46532500,6503670000,86691465600,3456.6065,3479.2635,3430.1563,3449.3773
145621000,3431.2424,3266000,39919300,6506936000,86731384900,3456.6065,3479.2635,3430.1563,3449.3773
145626000,3430.9453,4165300,69813000,6511101300,86801197900,3456.6065,3479.2635,3430.1563,3449.3773
145630000,3431.1548,3398200,49022100,6514499500,86850220000,3456.6065,3479.2635,3430.1563,3449.3773
145636000,3431.3212,3211600,40225600,6517711100,86890445600,3456.6065,3479.2635,3430.1563,3449.3773
145641000,3431.0084,3722300,47505400,6521433400,86937951000,3456.6065,3479.2635,3430.1563,3449.3773
145646000,3430.9705,3298600,41700700,6524732000,86979651700,3456.6065,3479.2635,3430.1563,3449.3773
145651000,3431.1651,4981000,44146500,6529713000,87023798200,3456.6065,3479.2635,3430.1563,3449.3773
145656000,3431.0289,5252700,53576600,6534965700,87077374800,3456.6065,3479.2635,3430.1563,3449.3773
145701000,3431.2087,3990800,47873100,6538956500,87125247900,3456.6065,3479.2635,3430.1563,3449.3773
145706000,3430.879,2609700,39515000,6541566200,87164762900,3456.6065,3479.2635,3430.1563,3449.3773
145711000,3431.007,2321200,30858800,6543887400,87195621700,3456.6065,3479.2635,3430.1563,3449.3773
145715000,3431.2521,1486300,15865100,6545373700,87211486800,3456.6065,3479.2635,3430.1563,3449.3773
145721000,3431.3799,2281000,26254700,6547654700,87237741500,3456.6065,3479.2635,3430.1563,3449.3773
145726000,3431.4979,1804600,24895200,6549459300,87262636700,3456.6065,3479.2635,3430.1563,3449.3773
145731000,3431.8422,1929600,23206500,6551388900,87285843200,3456.6065,3479.2635,3430.1563,3449.3773
145736000,3431.5321,2668300,31648900,6554057200,87317492100,3456.6065,3479.2635,3430.1563,3449.3773
145741000,3431.8013,1961500,23854600,6556018700,87341346700,3456.6065,3479.2635,3430.1563,3449.3773
145745000,3431.8771,1136300,13640500,6557155000,87354987200,3456.6065,3479.2635,3430.1563,3449.3773
145751000,3431.8179,2714400,31415400,6559869400,87386402600,3456.6065,3479.2635,3430.1563,3449.3773
145756000,3432.2336,2075100,26501100,6561944500,87412903700,3456.6065,3479.2635,3430.1563,3449.3773
145800000,3432.0221,1437800,16327200,6563382300,87429230900,3456.6065,3479.2635,3430.1563,3449.3773
145806000,3431.828,1966300,32667200,6565348600,87461898100,3456.6065,3479.2635,3430.1563,3449.3773
145811000,3432.2082,3179500,32703800,6568528100,87494601900,3456.6065,3479.2635,3430.1563,3449.3773
145815000,3432.2869,1517800,15548800,6570045900,87510150700,3456.6065,3479.2635,3430.1563,3449.3773
145821000,3432.0023,2627800,32063900,6572673700,87542214600,3456.6065,3479.2635,3430.1563,3449.3773
145826000,3432.1705,2413300,27097600,6575087000,87569312200,3456.6065,3479.2635,3430.1563,3449.3773
145831000,3432.104,1424500,15074300,6576511500,87584386500,3456.6065,3479.2635,3430.1563,3449.3773
145836000,3432.3124,2068300,26100700,6578579800,87610487200,3456.6065,3479.2635,3430.1563,3449.3773
145841000,3432.3068,2611300,28233400,6581191100,87638720600,3456.6065,3479.2635,3430.1563,3449.3773
145845000,3431.7456,1907300,21074700,6583098400,87659795300,3456.6065,3479.2635,3430.1563,3449.3773
145851000,3431.7515,2989200,32054600,6586087600,87691849900,3456.6065,3479.2635,3430.1563,3449.3773
145857000,3431.9517,1908300,24046700,6587995900,87715896600,3456.6065,3479.2635,3430.1563,3449.3773
145902000,3431.8458,3162000,34221800,6591157900,87750118400,3456.6065,3479.2635,3430.1563,3449.3773
145906000,3432.1184,1854300,24641000,6593012200,87774759400,3456.6065,3479.2635,3430.1563,3449.3773
145912000,3432.3813,4027600,37551100,6597039800,87812310500,3456.6065,3479.2635,3430.1563,3449.3773
145917000,3431.6868,3761500,46126000,6600801300,87858436500,3456.6065,3479.2635,3430.1563,3449.3773
145921000,3432.3029,2626800,28172100,6603428100,87886608600,3456.6065,3479.2635,3430.1563,3449.3773
145927000,3431.8358,3503000,43723100,6606931100,87930331700,3456.6065,3479.2635,3430.1563,3449.3773
145932000,3431.8639,2848900,38926900,6609780000,87969258600,3456.6065,3479.2635,3430.1563,3449.3773
145936000,3431.4849,2114200,26805600,6611894200,87996064200,3456.6065,3479.2635,3430.1563,3449.3773
145942000,3431.6944,2764400,29902700,6614658600,88025966900,3456.6065,3479.2635,3430.1563,3449.3773
145947000,3431.9435,2165500,29664900,6616824100,88055631800,3456.6065,3479.2635,3430.1563,3449.3773
145952000,3432.0213,1702000,18691400,6618526100,88074323200,3456.6065,3479.2635,3430.1563,3449.3773
145957000,3431.9998,2988100,37079800,6621514200,88111403000,3456.6065,3479.2635,3430.1563,3449.3773
150000000,3432.5425,1818000,16787600,6623332200,88128190600,3456.6065,3479.2635,3430.1563,3449.3773
150003000,3432.1862,29700800,428682600,6653033000,88556873200,3456.6065,3479.2635,3430.1563,3449.3773
150049000,3431.3227,0,0,6653033000,88556873200,3456.6065,3479.2635,3430.1563,3449.3773
