Time,Price,Volume,Turnover,AccVolume,AccTurnover,Open,High,Low,PreClose
92512000,3648.5489,117728300,1878296000,117728300,1878296000,0.0,0.0,0.0,3720.6684
92517000,3648.5489,0,0,117728300,1878296000,3648.5489,3648.5489,3648.5489,3720.6684
93002000,3648.131,529900,11918000,118258200,1890214000,3648.5489,3648.5489,3648.131,3720.6684
93007000,3642.4981,120139300,1574627900,238397500,3464841900,3648.5489,3648.5489,3642.4981,3720.6684
93012000,3644.2405,29228400,425937300,267625900,3890779200,3648.5489,3648.5489,3642.4981,3720.6684
93017000,3646.4549,23304400,293139300,290930300,4183918500,3648.5489,3648.5489,3642.4981,3720.6684
93022000,3648.1232,26971600,363681100,317901900,4547599600,3648.5489,3648.5489,3642.4981,3720.6684
93027000,3649.4558,21038400,257137400,338940300,4804737000,3648.5489,3649.4558,3642.4981,3720.6684
93032000,3649.0849,13093500,166450500,352033800,4971187500,3648.5489,3649.4558,3642.4981,3720.6684
93037000,3646.6163,19896000,291182800,371929800,5262370300,3648.5489,3649.4558,3642.4981,3720.6684
93042000,3648.0015,20415800,256965600,392345600,5519335900,3648.5489,3649.4558,3642.4981,3720.6684
93047000,3648.5877,9367600,117464500,401713200,5636800400,3648.5489,3649.4558,3642.4981,3720.6684
93052000,3649.4581,16172200,199945600,417885400,5836746000,3648.5489,3649.4581,3642.4981,3720.6684
93057000,3649.1378,16524300,223212900,434409700,6059958900,3648.5489,3649.4581,3642.4981,3720.6684
93102000,3649.3419,11005200,154086600,445414900,6214045500,3648.5489,3649.4581,3642.4981,3720.6684
93107000,3650.7373,13174300,164749100,458589200,6378794600,3648.5489,3650.7373,3642.4981,3720.6684
93112000,3651.3949,18078300,234069800,476667500,6612864400,3648.5489,3651.3949,3642.4981,3720.6684
93117000,3652.9064,9444300,116232500,486111800,6729096900,3648.5489,3652.9064,3642.4981,3720.6684
93122000,3655.6336,19263700,244396000,505375500,6973492900,3648.5489,3655.6336,3642.4981,3720.6684
93127000,3657.061,19346300,237138100,524721800,7210631000,3648.5489,3657.061,3642.4981,3720.6684
93132000,3656.5665,15705700,195791900,540427500,7406422900,3648.5489,3657.061,3642.4981,3720.6684
93137000,3657.6086,12715800,172607800,553143300,7579030700,3648.5489,3657.6086,3642.4981,3720.6684
93142000,3657.9799,17663700,202725000,570807000,7781755700,3648.5489,3657.9799,3642.4981,3720.6684
93147000,3657.8227,8795000,114528500,579602000,7896284200,3648.5489,3657.9799,3642.4981,3720.6684
93152000,3657.7815,15476800,190860400,595078800,8087144600,3648.5489,3657.9799,3642.4981,3720.6684
93157000,3658.054,18591600,195178500,613670400,8282323100,3648.5489,3658.054,3642.4981,3720.6684
93202000,3657.8866,12786400,142462700,626456800,8424785800,3648.5489,3658.054,3642.4981,3720.6684
93207000,3657.9955,13660100,158151800,640116900,8582937600,3648.5489,3658.054,3642.4981,3720.6684
93212000,3657.4835,15853100,202831400,655970000,8785769000,3648.5489,3658.054,3642.4981,3720.6684
93217000,3656.6282,6575100,92523100,662545100,8878292100,3648.5489,3658.054,3642.4981,3720.6684
93222000,3655.9581,14725300,232035700,677270400,9110327800,3648.5489,3658.054,3642.4981,3720.6684
93227000,3655.8035,16799200,222763100,694069600,9333090900,3648.5489,3658.054,3642.4981,3720.6684
93232000,3655.2995,10988800,128315300,705058400,9461406200,3648.5489,3658.054,3642.4981,3720.6684
93237000,3655.3575,10444400,131980500,715502800,9593386700,3648.5489,3658.054,3642.4981,3720.6684
93242000,3654.1133,19767100,239075400,735269900,9832462100,3648.5489,3658.054,3642.4981,3720.6684
93247000,3654.4135,10314700,111195400,745584600,9943657500,3648.5489,3658.054,3642.4981,3720.6684
93252000,3653.194,16140400,199934900,761725000,10143592400,3648.5489,3658.054,3642.4981,3720.6684
93257000,3653.7041,14525100,192573100,776250100,10336165500,3648.5489,3658.054,3642.4981,3720.6684
93302000,3652.6333,9796100,138580800,786046200,10474746300,3648.5489,3658.054,3642.4981,3720.6684
93307000,3651.4175,13147600,177992300,799193800,10652738600,3648.5489,3658.054,3642.4981,3720.6684
93312000,3649.1022,18661500,237375500,817855300,10890114100,3648.5489,3658.054,3642.4981,3720.6684
93317000,3649.1441,8491400,104069500,826346700,10994183600,3648.5489,3658.054,3642.4981,3720.6684
93322000,3647.9213,18625300,211939200,844972000,11206122800,3648.5489,3658.054,3642.4981,3720.6684
93327000,3648.7279,17579100,211990900,862551100,11418113700,3648.5489,3658.054,3642.4981,3720.6684
93332000,3648.5245,12119200,140251000,874670300,11558364700,3648.5489,3658.054,3642.4981,3720.6684
93337000,3647.1995,13678500,192906800,888348800,11751271500,3648.5489,3658.054,3642.4981,3720.6684
93342000,3647.1329,15203100,182190100,903551900,11933461600,3648.5489,3658.054,3642.4981,3720.6684
93347000,3647.1649,6278000,82777100,909829900,12016238700,3648.5489,3658.054,3642.4981,3720.6684
93352000,3648.0129,15473200,185452300,925303100,12201691000,3648.5489,3658.054,3642.4981,3720.6684
93357000,3647.7162,10990000,161725800,936293100,12363416800,3648.5489,3658.054,3642.4981,3720.6684
93402000,3648.9769,8306100,122467300,944599200,12485884100,3648.5489,3658.054,3642.4981,3720.6684
93407000,3649.188,9565600,130744700,954164800,12616628800,3648.5489,3658.054,3642.4981,3720.6684
93412000,3649.259,13381800,167204600,967546600,12783833400,3648.5489,3658.054,3642.4981,3720.6684
93417000,3650.7683,7712600,106985000,975259200,12890818400,3648.5489,3658.054,3642.4981,3720.6684
93422000,3651.8782,13467600,188617100,988726800,13079435500,3648.5489,3658.054,3642.4981,3720.6684
93427000,3652.1742,11503900,163704200,1000230700,13243139700,3648.5489,3658.054,3642.4981,3720.6684
93432000,3653.009,7591600,99282700,1007822300,13342422400,3648.5489,3658.054,3642.4981,3720.6684
93437000,3654.999,11095800,147820800,1018918100,13490243200,3648.5489,3658.054,3642.4981,3720.6684
93442000,3657.7041,17690600,222906900,1036608700,13713150100,3648.5489,3658.054,3642.4981,3720.6684
93447000,3657.9651,8066900,95291500,1044675600,13808441600,3648.5489,3658.054,3642.4981,3720.6684
93452000,3659.3661,14612800,201601000,1059288400,14010042600,3648.5489,3659.3661,3642.4981,3720.6684
93457000,3660.2631,12545100,152208100,1071833500,14162250700,3648.5489,3660.2631,3642.4981,3720.6684
93502000,3660.7425,8643900,106518000,1080477400,14268768700,3648.5489,3660.7425,3642.4981,3720.6684
93507000,3660.8514,11331200,137574200,1091808600,14406342900,3648.5489,3660.8514,3642.4981,3720.6684
93512000,3661.6611,12801400,163949500,1104610000,14570292400,3648.5489,3661.6611,3642.4981,3720.6684
93517000,3662.3036,6294600,75246400,1110904600,14645538800,3648.5489,3662.3036,3642.4981,3720.6684
93522000,3662.0562,8622300,132064800,1119526900,14777603600,3648.5489,3662.3036,3642.4981,3720.6684
93527000,3662.309,10460300,130968900,1129987200,14908572500,3648.5489,3662.309,3642.4981,3720.6684
93532000,3662.6588,5730500,89616200,1135717700,14998188700,3648.5489,3662.6588,3642.4981,3720.6684
93537000,3662.5674,9396600,123450300,1145114300,15121639000,3648.5489,3662.6588,3642.4981,3720.6684
93542000,3663.0562,9695600,131193600,1154809900,15252832600,3648.5489,3663.0562,3642.4981,3720.6684
93547000,3663.6385,4592800,68403600,1159402700,15321236200,3648.5489,3663.6385,3642.4981,3720.6684
93552000,3663.8166,9641500,127800500,1169044200,15449036700,3648.5489,3663.8166,3642.4981,3720.6684
93557000,3664.7171,9321500,117941900,1178365700,15566978600,3648.5489,3664.7171,3642.4981,3720.6684
93602000,3664.6498,7707300,106184100,1186073000,15673162700,3648.5489,3664.7171,3642.4981,3720.6684
93607000,3664.5139,8620900,112142200,1194693900,15785304900,3648.5489,3664.7171,3642.4981,3720.6684
93612000,3665.4735,11140700,136586200,1205834600,15921891100,3648.5489,3665.4735,3642.4981,3720.6684
93617000,3665.4116,5303600,82713900,1211138200,16004605000,3648.5489,3665.4735,3642.4981,3720.6684
93622000,3664.263,13466900,159518300,1224605100,16164123300,3648.5489,3665.4735,3642.4981,3720.6684
93627000,3664.5815,11237100,145028300,1235842200,16309151600,3648.5489,3665.4735,3642.4981,3720.6684
93632000,3663.8716,7806000,135669600,1243648200,16444821200,3648.5489,3665.4735,3642.4981,3720.6684
93637000,3662.9247,10391400,138983400,1254039600,16583804600,3648.5489,3665.4735,3642.4981,3720.6684
93642000,3661.9197,11523700,154654700,1265563300,16738459300,3648.5489,3665.4735,3642.4981,3720.6684
93647000,3661.785,6010600,78225200,1271573900,16816684500,3648.5489,3665.4735,3642.4981,3720.6684
93652000,3661.6979,10065900,153402400,1281639800,16970086900,3648.5489,3665.4735,3642.4981,3720.6684
93657000,3660.8032,11526400,137165700,1293166200,17107252600,3648.5489,3665.4735,3642.4981,3720.6684
93702000,3660.3808,7522500,123027900,1300688700,17230280500,3648.5489,3665.4735,3642.4981,3720.6684
93707000,3660.3221,8087400,121310900,1308776100,17351591400,3648.5489,3665.4735,3642.4981,3720.6684
93712000,3660.3444,11677500,140792500,1320453600,17492383900,3648.5489,3665.4735,3642.4981,3720.6684
93717000,3659.9019,4959900,62046500,1325413500,17554430400,3648.5489,3665.4735,3642.4981,3720.6684
93722000,3659.8445,9084900,128787400,1334498400,17683217800,3648.5489,3665.4735,3642.4981,3720.6684
93727000,3661.3362,10593300,131153300,1345091700,17814371100,3648.5489,3665.4735,3642.4981,3720.6684
93732000,3660.4371,6151000,91513900,1351242700,17905885000,3648.5489,3665.4735,3642.4981,3720.6684
93737000,3660.2416,7310500,104928000,1358553200,18010813000,3648.5489,3665.4735,3642.4981,3720.6684
93742000,3660.3001,8980500,140747600,1367533700,18151560600,3648.5489,3665.4735,3642.4981,3720.6684
93747000,3659.9809,4080500,54321300,1371614200,18205881900,3648.5489,3665.4735,3642.4981,3720.6684
93752000,3660.1201,8121900,106746900,1379736100,18312628800,3648.5489,3665.4735,3642.4981,3720.6684
93757000,3660.9429,9085400,128261000,1388821500,18440889800,3648.5489,3665.4735,3642.4981,3720.6684
93802000,3661.1226,5181000,78433700,1394002500,18519323500,3648.5489,3665.4735,3642.4981,3720.6684
93807000,3660.869,7262200,105822500,1401264700,18625146000,3648.5489,3665.4735,3642.4981,3720.6684
93812000,3661.6167,7077000,103982500,1408341700,18729128500,3648.5489,3665.4735,3642.4981,3720.6684
93817000,3661.4318,4285400,59761000,1412627100,18788889500,3648.5489,3665.4735,3642.4981,3720.6684
93822000,3661.5672,7516600,108456600,1420143700,18897346100,3648.5489,3665.4735,3642.4981,3720.6684
93827000,3661.5049,6313400,96852100,1426457100,18994198200,3648.5489,3665.4735,3642.4981,3720.6684
93832000,3661.0181,5519500,76807000,1431976600,19071005200,3648.5489,3665.4735,3642.4981,3720.6684
93837000,3660.8459,7693600,100188600,1439670200,19171193800,3648.5489,3665.4735,3642.4981,3720.6684
93842000,3660.9537,6361700,94252100,1446031900,19265445900,3648.5489,3665.4735,3642.4981,3720.6684
93847000,3661.1642,3721500,49733300,1449753400,19315179200,3648.5489,3665.4735,3642.4981,3720.6684
93852000,3660.8631,7854700,113846000,1457608100,19429025200,3648.5489,3665.4735,3642.4981,3720.6684
93857000,3660.9532,7274500,108304100,1464882600,19537329300,3648.5489,3665.4735,3642.4981,3720.6684
93902000,3660.4485,5310900,70956000,1470193500,19608285300,3648.5489,3665.4735,3642.4981,3720.6684
93907000,3661.044,5605100,80582200,1475798600,19688867500,3648.5489,3665.4735,3642.4981,3720.6684
93912000,3660.8752,9131500,128403400,1484930100,19817270900,3648.5489,3665.4735,3642.4981,3720.6684
93917000,3660.843,3634300,57416800,1488564400,19874687700,3648.5489,3665.4735,3642.4981,3720.6684
93922000,3660.3561,8253700,109846800,1496818100,19984534500,3648.5489,3665.4735,3642.4981,3720.6684
93927000,3660.6889,5906200,93983600,1502724300,20078518100,3648.5489,3665.4735,3642.4981,3720.6684
93932000,3660.2809,4506100,76277500,1507230400,20154795600,3648.5489,3665.4735,3642.4981,3720.6684
93937000,3660.6146,6536600,102946800,1513767000,20257742400,3648.5489,3665.4735,3642.4981,3720.6684
93942000,3660.5716,9942600,135582000,1523709600,20393324400,3648.5489,3665.4735,3642.4981,3720.6684
93947000,3660.9684,3828300,55685900,1527537900,20449010300,3648.5489,3665.4735,3642.4981,3720.6684
93952000,3660.549,7385400,114605600,1534923300,20563615900,3648.5489,3665.4735,3642.4981,3720.6684
93957000,3660.5738,8590600,117947400,1543513900,20681563300,3648.5489,3665.4735,3642.4981,3720.6684
94002000,3661.0393,6957700,77921800,1550471600,20759485100,3648.5489,3665.4735,3642.4981,3720.6684
94007000,3660.9002,7269100,84915600,1557740700,20844400700,3648.5489,3665.4735,3642.4981,3720.6684
94012000,3661.0921,6002800,106637800,1563743500,20951038500,3648.5489,3665.4735,3642.4981,3720.6684
94017000,3661.4304,3252800,50259200,1566996300,21001297700,3648.5489,3665.4735,3642.4981,3720.6684
94022000,3661.4468,7398700,110294100,1574395000,21111591800,3648.5489,3665.4735,3642.4981,3720.6684
94027000,3661.5202,6582100,101538800,1580977100,21213130600,3648.5489,3665.4735,3642.4981,3720.6684
94032000,3661.8606,5102900,72061600,1586080000,21285192200,3648.5489,3665.4735,3642.4981,3720.6684
94037000,3662.3115,5270100,68279400,1591350100,21353471600,3648.5489,3665.4735,3642.4981,3720.6684
94042000,3663.0395,6386500,95366900,1597736600,21448838500,3648.5489,3665.4735,3642.4981,3720.6684
94047000,3662.8833,4296100,52395900,1602032700,21501234400,3648.5489,3665.4735,3642.4981,3720.6684
94052000,3662.8312,8367100,140608600,1610399800,21641843000,3648.5489,3665.4735,3642.4981,3720.6684
94057000,3662.6301,6147900,94633500,1616547700,21736476500,3648.5489,3665.4735,3642.4981,3720.6684
94102000,3663.2224,4566000,74812300,1621113700,21811288800,3648.5489,3665.4735,3642.4981,3720.6684
94107000,3663.0435,6481800,76650600,1627595500,21887939400,3648.5489,3665.4735,3642.4981,3720.6684
94112000,3662.9071,6884600,117526000,1634480100,22005465400,3648.5489,3665.4735,3642.4981,3720.6684
94117000,3663.1281,4095000,50200000,1638575100,22055665400,3648.5489,3665.4735,3642.4981,3720.6684
94122000,3663.0249,6393200,116165500,1644968300,22171830900,3648.5489,3665.4735,3642.4981,3720.6684
94127000,3663.0025,6047000,99974900,1651015300,22271805800,3648.5489,3665.4735,3642.4981,3720.6684
94132000,3663.2143,4843300,82077600,1655858600,22353883400,3648.5489,3665.4735,3642.4981,3720.6684
94137000,3663.9068,4655700,67536800,1660514300,22421420200,3648.5489,3665.4735,3642.4981,3720.6684
94142000,3664.3109,6844900,100209900,1667359200,22521630100,3648.5489,3665.4735,3642.4981,3720.6684
94147000,3664.7933,3247000,49789400,1670606200,22571419500,3648.5489,3665.4735,3642.4981,3720.6684
94152000,3665.8356,6309300,98304900,1676915500,22669724400,3648.5489,3665.8356,3642.4981,3720.6684
94157000,3667.0908,7768000,115390100,1684683500,22785114500,3648.5489,3667.0908,3642.4981,3720.6684
94202000,3667.4085,5829500,77479500,1690513000,22862594000,3648.5489,3667.4085,3642.4981,3720.6684
94207000,3668.5378,6078600,120351200,1696591600,22982945200,3648.5489,3668.5378,3642.4981,3720.6684
94212000,3668.8157,6501500,106573700,1703093100,23089518900,3648.5489,3668.8157,3642.4981,3720.6684
94217000,3669.2872,3264000,55147200,1706357100,23144666100,3648.5489,3669.2872,3642.4981,3720.6684
94222000,3669.1873,7174000,102165600,1713531100,23246831700,3648.5489,3669.2872,3642.4981,3720.6684
94227000,3669.353,8051100,119322000,1721582200,23366153700,3648.5489,3669.353,3642.4981,3720.6684
94232000,3668.8331,5278100,74933900,1726860300,23441087600,3648.5489,3669.353,3642.4981,3720.6684
94237000,3668.843,6143600,88686100,1733003900,23529773700,3648.5489,3669.353,3642.4981,3720.6684
94242000,3667.7243,6986400,123675500,1739990300,23653449200,3648.5489,3669.353,3642.4981,3720.6684
94247000,3667.6198,6391400,83297500,1746381700,23736746700,3648.5489,3669.353,3642.4981,3720.6684
94252000,3666.8461,9073400,127489400,1755455100,23864236100,3648.5489,3669.353,3642.4981,3720.6684
94257000,3666.6149,7228300,136452900,1762683400,24000689000,3648.5489,3669.353,3642.4981,3720.6684
94302000,3666.9872,5149100,76920400,1767832500,24077609400,3648.5489,3669.353,3642.4981,3720.6684
94307000,3666.3699,6068300,85000300,1773900800,24162609700,3648.5489,3669.353,3642.4981,3720.6684
94312000,3666.9888,7440300,102936500,1781341100,24265546200,3648.5489,3669.353,3642.4981,3720.6684
94317000,3666.5089,3690400,50967300,1785031500,24316513500,3648.5489,3669.353,3642.4981,3720.6684
94322000,3666.7729,7501000,102088600,1792532500,24418602100,3648.5489,3669.353,3642.4981,3720.6684
94327000,3666.4381,7435300,105758800,1799967800,24524360900,3648.5489,3669.353,3642.4981,3720.6684
94332000,3665.9763,5088700,72497700,1805056500,24596858600,3648.5489,3669.353,3642.4981,3720.6684
94337000,3665.0507,8213900,115354500,1813270400,24712213100,3648.5489,3669.353,3642.4981,3720.6684
94342000,3664.1975,8813100,125828700,1822083500,24838041800,3648.5489,3669.353,3642.4981,3720.6684
94347000,3663.4215,4945600,57303100,1827029100,24895344900,3648.5489,3669.353,3642.4981,3720.6684
94352000,3662.5845,10475200,125340500,1837504300,25020685400,3648.5489,3669.353,3642.4981,3720.6684
94357000,3661.9268,10344100,125379000,1847848400,25146064400,3648.5489,3669.353,3642.4981,3720.6684
94402000,3661.0972,6983300,83749100,1854831700,25229813500,3648.5489,3669.353,3642.4981,3720.6684
94407000,3661.3574,8332100,111309200,1863163800,25341122700,3648.5489,3669.353,3642.4981,3720.6684
94412000,3660.8377,7539900,100295800,1870703700,25441418500,3648.5489,3669.353,3642.4981,3720.6684
94417000,3661.1313,3184900,46089300,1873888600,25487507800,3648.5489,3669.353,3642.4981,3720.6684
94422000,3660.7869,6652000,106814100,1880540600,25594321900,3648.5489,3669.353,3642.4981,3720.6684
94427000,3661.8346,6253900,91124400,1886794500,25685446300,3648.5489,3669.353,3642.4981,3720.6684
94432000,3661.9834,4592100,70962300,1891386600,25756408600,3648.5489,3669.353,3642.4981,3720.6684
94437000,3663.3462,6048700,93298300,1897435300,25849706900,3648.5489,3669.353,3642.4981,3720.6684
94442000,3667.3819,14728000,193147400,1912163300,26042854300,3648.5489,3669.353,3642.4981,3720.6684
94447000,3668.7171,9065800,98837200,1921229100,26141691500,3648.5489,3669.353,3642.4981,3720.6684
94452000,3669.4732,9777500,129451300,1931006600,26271142800,3648.5489,3669.4732,3642.4981,3720.6684
94457000,3671.9567,12796300,177001600,1943802900,26448144400,3648.5489,3671.9567,3642.4981,3720.6684
94502000,3672.0456,6016100,80001000,1949819000,26528145400,3648.5489,3672.0456,3642.4981,3720.6684
94507000,3672.3105,5937600,74110700,1955756600,26602256100,3648.5489,3672.3105,3642.4981,3720.6684
94512000,3672.1956,10260900,124811800,1966017500,26727067900,3648.5489,3672.3105,3642.4981,3720.6684
94517000,3671.6054,3444700,54619500,1969462200,26781687400,3648.5489,3672.3105,3642.4981,3720.6684
94522000,3669.9119,9570800,122328500,1979033000,26904015900,3648.5489,3672.3105,3642.4981,3720.6684
94527000,3667.7177,10377300,143136000,1989410300,27047151900,3648.5489,3672.3105,3642.4981,3720.6684
94532000,3666.1466,7115100,89724400,1996525400,27136876300,3648.5489,3672.3105,3642.4981,3720.6684
94537000,3665.6456,9294400,114114000,2005819800,27250990300,3648.5489,3672.3105,3642.4981,3720.6684
94542000,3665.54,7246600,104217400,2013066400,27355207700,3648.5489,3672.3105,3642.4981,3720.6684
94547000,3665.251,3965700,50205500,2017032100,27405413200,3648.5489,3672.3105,3642.4981,3720.6684
94552000,3665.2253,6664500,80887900,2023696600,27486301100,3648.5489,3672.3105,3642.4981,3720.6684
94557000,3666.1422,7078200,91984200,2030774800,27578285300,3648.5489,3672.3105,3642.4981,3720.6684
94602000,3665.642,3739900,51792700,2034514700,27630078000,3648.5489,3672.3105,3642.4981,3720.6684
94607000,3665.3768,4653500,66810000,2039168200,27696888000,3648.5489,3672.3105,3642.4981,3720.6684
94612000,3664.8969,5037100,68887000,2044205300,27765775000,3648.5489,3672.3105,3642.4981,3720.6684
94617000,3665.4823,3364300,36875700,2047569600,27802650700,3648.5489,3672.3105,3642.4981,3720.6684
94622000,3665.6425,6506100,83826200,2054075700,27886476900,3648.5489,3672.3105,3642.4981,3720.6684
94627000,3665.6562,5486300,83166000,2059562000,27969642900,3648.5489,3672.3105,3642.4981,3720.6684
94632000,3665.6498,4467100,55939900,2064029100,28025582800,3648.5489,3672.3105,3642.4981,3720.6684
94637000,3665.6879,5764400,60676700,2069793500,28086259500,3648.5489,3672.3105,3642.4981,3720.6684
94642000,3665.4155,7191900,93532600,2076985400,28179792100,3648.5489,3672.3105,3642.4981,3720.6684
94647000,3665.7518,3867900,46923300,2080853300,28226715400,3648.5489,3672.3105,3642.4981,3720.6684
94652000,3665.2267,8367400,79490200,2089220700,28306205600,3648.5489,3672.3105,3642.4981,3720.6684
94657000,3665.7507,6616600,81547800,2095837300,28387753400,3648.5489,3672.3105,3642.4981,3720.6684
94702000,3665.7028,4889500,54391000,2100726800,28442144400,3648.5489,3672.3105,3642.4981,3720.6684
94707000,3665.6401,5135100,57992400,2105861900,28500136800,3648.5489,3672.3105,3642.4981,3720.6684
94712000,3665.6272,8042000,86172700,2113903900,28586309500,3648.5489,3672.3105,3642.4981,3720.6684
94717000,3665.7997,3283400,42598200,2117187300,28628907700,3648.5489,3672.3105,3642.4981,3720.6684
94722000,3665.4999,4823900,70314500,2122011200,28699222200,3648.5489,3672.3105,3642.4981,3720.6684
94727000,3665.3772,6093000,78288100,2128104200,28777510300,3648.5489,3672.3105,3642.4981,3720.6684
94732000,3665.4888,4158800,56322500,2132263000,28833832800,3648.5489,3672.3105,3642.4981,3720.6684
94737000,3665.9254,5414000,60925500,2137677000,28894758300,3648.5489,3672.3105,3642.4981,3720.6684
94742000,3666.1774,7576600,77345600,2145253600,28972103900,3648.5489,3672.3105,3642.4981,3720.6684
94747000,3666.1116,3095200,38778200,2148348800,29010882100,3648.5489,3672.3105,3642.4981,3720.6684
94752000,3666.6358,7124700,67809400,2155473500,29078691500,3648.5489,3672.3105,3642.4981,3720.6684
94757000,3666.8789,7771700,81052300,2163245200,29159743800,3648.5489,3672.3105,3642.4981,3720.6684
94802000,3666.4929,4479300,52208300,2167724500,29211952100,3648.5489,3672.3105,3642.4981,3720.6684
94807000,3666.0861,11527400,87928700,2179251900,29299880800,3648.5489,3672.3105,3642.4981,3720.6684
94812000,3665.7729,5811800,85529500,2185063700,29385410300,3648.5489,3672.3105,3642.4981,3720.6684
94817000,3665.4964,6008100,54595600,2191071800,29440005900,3648.5489,3672.3105,3642.4981,3720.6684
94822000,3664.1865,9412900,129320400,2200484700,29569326300,3648.5489,3672.3105,3642.4981,3720.6684
94827000,3663.2581,12093900,168422400,2212578600,29737748700,3648.5489,3672.3105,3642.4981,3720.6684
94832000,3662.6194,8827000,88425800,2221405600,29826174500,3648.5489,3672.3105,3642.4981,3720.6684
94837000,3662.3527,7497000,102676900,2228902600,29928851400,3648.5489,3672.3105,3642.4981,3720.6684
94842000,3661.0881,10146600,114963400,2239049200,30043814800,3648.5489,3672.3105,3642.4981,3720.6684
94847000,3661.2639,5417400,60374700,2244466600,30104189500,3648.5489,3672.3105,3642.4981,3720.6684
94852000,3660.3517,11193200,121866800,2255659800,30226056300,3648.5489,3672.3105,3642.4981,3720.6684
94857000,3660.069,9564400,111467000,2265224200,30337523300,3648.5489,3672.3105,3642.4981,3720.6684
94902000,3659.5851,6755100,85919400,2271979300,30423442700,3648.5489,3672.3105,3642.4981,3720.6684
94907000,3659.9113,9192100,98142500,2281171400,30521585200,3648.5489,3672.3105,3642.4981,3720.6684
94912000,3660.1597,9072000,102546200,2290243400,30624131400,3648.5489,3672.3105,3642.4981,3720.6684
94917000,3659.9507,4641700,46265700,2294885100,30670397100,3648.5489,3672.3105,3642.4981,3720.6684
94922000,3659.7888,6765000,93372100,2301650100,30763769200,3648.5489,3672.3105,3642.4981,3720.6684
94927000,3660.3344,7461700,86179600,2309111800,30849948800,3648.5489,3672.3105,3642.4981,3720.6684
94932000,3661.3238,4610600,54655000,2313722400,30904603800,3648.5489,3672.3105,3642.4981,3720.6684
94937000,3663.0251,9719500,112897500,2323441900,31017501300,3648.5489,3672.3105,3642.4981,3720.6684
94942000,3666.7999,15231500,184530700,2338673400,31202032000,3648.5489,3672.3105,3642.4981,3720.6684
94947000,3666.8117,7685400,83194000,2346358800,31285226000,3648.5489,3672.3105,3642.4981,3720.6684
94952000,3667.3738,8657400,114826700,2355016200,31400052700,3648.5489,3672.3105,3642.4981,3720.6684
94957000,3667.5458,11656000,97313800,2366672200,31497366500,3648.5489,3672.3105,3642.4981,3720.6684
95002000,3667.9092,5718500,62806200,2372390700,31560172700,3648.5489,3672.3105,3642.4981,3720.6684
95007000,3667.8228,6404200,59022000,2378794900,31619194700,3648.5489,3672.3105,3642.4981,3720.6684
95012000,3667.531,5758900,68371600,2384553800,31687566300,3648.5489,3672.3105,3642.4981,3720.6684
95017000,3667.7408,4165300,50799100,2388719100,31738365400,3648.5489,3672.3105,3642.4981,3720.6684
95022000,3667.3144,8007000,86670600,2396726100,31825036000,3648.5489,3672.3105,3642.4981,3720.6684
95027000,3666.5576,5222700,68203800,2401948800,31893239800,3648.5489,3672.3105,3642.4981,3720.6684
95032000,3666.5442,4343700,49999000,2406292500,31943238800,3648.5489,3672.3105,3642.4981,3720.6684
95037000,3666.0041,3704400,45844700,2409996900,31989083500,3648.5489,3672.3105,3642.4981,3720.6684
95042000,3665.5661,7336000,79253300,2417332900,32068336800,3648.5489,3672.3105,3642.4981,3720.6684
95047000,3665.7694,2730400,38630000,2420063300,32106966800,3648.5489,3672.3105,3642.4981,3720.6684
95052000,3665.4439,5400900,63620700,2425464200,32170587500,3648.5489,3672.3105,3642.4981,3720.6684
95057000,3665.9269,3727500,58853800,2429191700,32229441300,3648.5489,3672.3105,3642.4981,3720.6684
95102000,3666.8513,4742400,48697500,2433934100,32278138800,3648.5489,3672.3105,3642.4981,3720.6684
95107000,3666.4999,5088000,59689300,2439022100,32337828100,3648.5489,3672.3105,3642.4981,3720.6684
95112000,3666.1544,5162100,78048100,2444184200,32415876200,3648.5489,3672.3105,3642.4981,3720.6684
95117000,3667.1685,2786200,29768900,2446970400,32445645100,3648.5489,3672.3105,3642.4981,3720.6684
95122000,3668.1445,5800500,66968200,2452770900,32512613300,3648.5489,3672.3105,3642.4981,3720.6684
95127000,3668.6182,5937800,74679300,2458708700,32587292600,3648.5489,3672.3105,3642.4981,3720.6684
95132000,3669.3731,7364900,69449800,2466073600,32656742400,3648.5489,3672.3105,3642.4981,3720.6684
95137000,3669.3577,5751100,52905600,2471824700,32709648000,3648.5489,3672.3105,3642.4981,3720.6684
95142000,3669.8385,10717400,95391500,2482542100,32805039500,3648.5489,3672.3105,3642.4981,3720.6684
95147000,3670.5084,2915400,37675600,2485457500,32842715100,3648.5489,3672.3105,3642.4981,3720.6684
95152000,3670.5033,7131900,78082100,2492589400,32920797200,3648.5489,3672.3105,3642.4981,3720.6684
95157000,3670.6335,6276700,77426300,2498866100,32998223500,3648.5489,3672.3105,3642.4981,3720.6684
95202000,3671.4094,4774200,66940000,2503640300,33065163500,3648.5489,3672.3105,3642.4981,3720.6684
95207000,3671.4802,6538100,90140400,2510178400,33155303900,3648.5489,3672.3105,3642.4981,3720.6684
95212000,3672.1647,8894500,86103400,2519072900,33241407300,3648.5489,3672.3105,3642.4981,3720.6684
95217000,3672.1147,3836500,43729200,2522909400,33285136500,3648.5489,3672.3105,3642.4981,3720.6684
95222000,3672.093,8281400,80814300,2531190800,33365950800,3648.5489,3672.3105,3642.4981,3720.6684
95227000,3672.5969,6875900,78361100,2538066700,33444311900,3648.5489,3672.5969,3642.4981,3720.6684
95232000,3672.8965,4416700,52977800,2542483400,33497289700,3648.5489,3672.8965,3642.4981,3720.6684
95237000,3672.5752,5002700,54598800,2547486100,33551888500,3648.5489,3672.8965,3642.4981,3720.6684
95242000,3670.8813,9785100,122444900,2557271200,33674333400,3648.5489,3672.8965,3642.4981,3720.6684
95247000,3670.9844,7856400,80677300,2565127600,33755010700,3648.5489,3672.8965,3642.4981,3720.6684
95252000,3670.4763,9997300,128540700,2575124900,33883551400,3648.5489,3672.8965,3642.4981,3720.6684
95257000,3670.5031,9988800,112836200,2585113700,33996387600,3648.5489,3672.8965,3642.4981,3720.6684
95302000,3670.0213,4836800,62880100,2589950500,34059267700,3648.5489,3672.8965,3642.4981,3720.6684
95307000,3670.3468,6841100,74649500,2596791600,34133917200,3648.5489,3672.8965,3642.4981,3720.6684
95312000,3670.4528,7223400,80182600,2604015000,34214099800,3648.5489,3672.8965,3642.4981,3720.6684
95317000,3670.3387,3030100,36421600,2607045100,34250521400,3648.5489,3672.8965,3642.4981,3720.6684
95322000,3670.7791,5636600,65911400,2612681700,34316432800,3648.5489,3672.8965,3642.4981,3720.6684
95327000,3671.2391,8998400,82973700,2621680100,34399406500,3648.5489,3672.8965,3642.4981,3720.6684
95332000,3670.6875,2959200,38311800,2624639300,34437718300,3648.5489,3672.8965,3642.4981,3720.6684
95337000,3671.2727,5029200,55544700,2629668500,34493263000,3648.5489,3672.8965,3642.4981,3720.6684
95342000,3671.5879,5122100,63813500,2634790600,34557076500,3648.5489,3672.8965,3642.4981,3720.6684
95347000,3671.2495,3179500,31201700,2637970100,34588278200,3648.5489,3672.8965,3642.4981,3720.6684
95352000,3671.244,6561700,74502800,2644531800,34662781000,3648.5489,3672.8965,3642.4981,3720.6684
95357000,3671.426,6195600,67273900,2650727400,34730054900,3648.5489,3672.8965,3642.4981,3720.6684
95402000,3671.4927,5372300,55280800,2656099700,34785335700,3648.5489,3672.8965,3642.4981,3720.6684
95407000,3672.1008,5533300,55855000,2661633000,34841190700,3648.5489,3672.8965,3642.4981,3720.6684
95412000,3671.4326,6105800,78490600,2667738800,34919681300,3648.5489,3672.8965,3642.4981,3720.6684
95417000,3671.2049,2964500,45462200,2670703300,34965143500,3648.5489,3672.8965,3642.4981,3720.6684
95422000,3672.1834,5602900,70421600,2676306200,35035565100,3648.5489,3672.8965,3642.4981,3720.6684
95427000,3672.0015,6617300,72230700,2682923500,35107795800,3648.5489,3672.8965,3642.4981,3720.6684
95432000,3672.15,3476100,42395000,2686399600,35150190800,3648.5489,3672.8965,3642.4981,3720.6684
95437000,3672.1288,3635600,42596000,2690035200,35192786800,3648.5489,3672.8965,3642.4981,3720.6684
95442000,3671.6611,6271300,70791300,2696306500,35263578100,3648.5489,3672.8965,3642.4981,3720.6684
95447000,3671.512,3584100,39602900,2699890600,35303181000,3648.5489,3672.8965,3642.4981,3720.6684
95452000,3671.465,7272000,74030000,2707162600,35377211000,3648.5489,3672.8965,3642.4981,3720.6684
95457000,3671.7393,5858600,66457200,2713021200,35443668200,3648.5489,3672.8965,3642.4981,3720.6684
95502000,3671.8055,4349800,56733900,2717371000,35500402100,3648.5489,3672.8965,3642.4981,3720.6684
95507000,3671.9676,5818200,63474800,2723189200,35563876900,3648.5489,3672.8965,3642.4981,3720.6684
95512000,3672.3798,5144100,66429800,2728333300,35630306700,3648.5489,3672.8965,3642.4981,3720.6684
95517000,3672.4607,3274300,37069100,2731607600,35667375800,3648.5489,3672.8965,3642.4981,3720.6684
95522000,3672.6095,5733900,70848700,2737341500,35738224500,3648.5489,3672.8965,3642.4981,3720.6684
95527000,3672.9398,5416600,68126400,2742758100,35806350900,3648.5489,3672.9398,3642.4981,3720.6684
95532000,3673.7961,4708000,47227500,2747466100,35853578400,3648.5489,3673.7961,3642.4981,3720.6684
95537000,3673.5353,4699300,56906800,2752165400,35910485200,3648.5489,3673.7961,3642.4981,3720.6684
95542000,3673.7533,5528700,68260500,2757694100,35978745700,3648.5489,3673.7961,3642.4981,3720.6684
95547000,3673.9353,2762600,35338600,2760456700,36014084300,3648.5489,3673.9353,3642.4981,3720.6684
95552000,3674.1732,6324700,82300200,2766781400,36096384500,3648.5489,3674.1732,3642.4981,3720.6684
95557000,3673.4636,5434800,72525100,2772216200,36168909600,3648.5489,3674.1732,3642.4981,3720.6684
95602000,3673.4135,4511000,60672600,2776727200,36229582200,3648.5489,3674.1732,3642.4981,3720.6684
95607000,3673.7475,5009300,57219100,2781736500,36286801300,3648.5489,3674.1732,3642.4981,3720.6684
95612000,3672.9091,7740000,85595100,2789476500,36372396400,3648.5489,3674.1732,3642.4981,3720.6684
95617000,3672.7313,4555300,63541700,2794031800,36435938100,3648.5489,3674.1732,3642.4981,3720.6684
95622000,3672.1787,6678100,89319500,2800709900,36525257600,3648.5489,3674.1732,3642.4981,3720.6684
95627000,3671.4191,8703800,114861800,2809413700,36640119400,3648.5489,3674.1732,3642.4981,3720.6684
95632000,3670.9423,6485300,96290200,2815899000,36736409600,3648.5489,3674.1732,3642.4981,3720.6684
95637000,3670.8542,7980800,95299400,2823879800,36831709000,3648.5489,3674.1732,3642.4981,3720.6684
95642000,3669.8988,9942100,122182100,2833821900,36953891100,3648.5489,3674.1732,3642.4981,3720.6684
95647000,3668.9106,6077400,73111300,2839899300,37027002400,3648.5489,3674.1732,3642.4981,3720.6684
95652000,3668.3891,10058700,117622800,2849958000,37144625200,3648.5489,3674.1732,3642.4981,3720.6684
95657000,3667.2961,10127100,112837600,2860085100,37257462800,3648.5489,3674.1732,3642.4981,3720.6684
95702000,3667.4969,6766600,79576600,2866851700,37337039400,3648.5489,3674.1732,3642.4981,3720.6684
95707000,3666.8995,7289600,85392700,2874141300,37422432100,3648.5489,3674.1732,3642.4981,3720.6684
95712000,3666.721,6038800,79762300,2880180100,37502194400,3648.5489,3674.1732,3642.4981,3720.6684
95717000,3667.0383,4133200,43614100,2884313300,37545808500,3648.5489,3674.1732,3642.4981,3720.6684
95722000,3666.9307,9485800,84264900,2893799100,37630073400,3648.5489,3674.1732,3642.4981,3720.6684
95727000,3667.2986,5131700,67405800,2898930800,37697479200,3648.5489,3674.1732,3642.4981,3720.6684
95732000,3667.2584,3140000,41068400,2902070800,37738547600,3648.5489,3674.1732,3642.4981,3720.6684
95737000,3667.4683,4313800,54906100,2906384600,37793453700,3648.5489,3674.1732,3642.4981,3720.6684
95742000,3667.6384,5150700,59969600,2911535300,37853423300,3648.5489,3674.1732,3642.4981,3720.6684
95747000,3667.4017,3234000,38823500,2914769300,37892246800,3648.5489,3674.1732,3642.4981,3720.6684
95752000,3667.5689,6396700,75305900,2921166000,37967552700,3648.5489,3674.1732,3642.4981,3720.6684
95757000,3667.5502,4731000,64391500,2925897000,38031944200,3648.5489,3674.1732,3642.4981,3720.6684
95802000,3667.4801,2541100,32265100,2928438100,38064209300,3648.5489,3674.1732,3642.4981,3720.6684
95807000,3668.1433,3682900,45878400,2932121000,38110087700,3648.5489,3674.1732,3642.4981,3720.6684
95812000,3668.3169,6047000,67833500,2938168000,38177921200,3648.5489,3674.1732,3642.4981,3720.6684
95817000,3668.5781,2266200,46524700,2940434200,38224445900,3648.5489,3674.1732,3642.4981,3720.6684
95822000,3669.3463,5497800,66504400,2945932000,38290950300,3648.5489,3674.1732,3642.4981,3720.6684
95827000,3669.1781,3960900,56603000,2949892900,38347553300,3648.5489,3674.1732,3642.4981,3720.6684
95832000,3669.15,4065900,49848900,2953958800,38397402200,3648.5489,3674.1732,3642.4981,3720.6684
95837000,3668.7606,3121500,37222300,2957080300,38434624500,3648.5489,3674.1732,3642.4981,3720.6684
95842000,3669.2621,4568100,55568600,2961648400,38490193100,3648.5489,3674.1732,3642.4981,3720.6684
95847000,3669.1108,2073300,26236800,2963721700,38516429900,3648.5489,3674.1732,3642.4981,3720.6684
95852000,3669.4258,3862000,54734800,2967583700,38571164700,3648.5489,3674.1732,3642.4981,3720.6684
95857000,3669.4048,3678200,50598200,2971261900,38621762900,3648.5489,3674.1732,3642.4981,3720.6684
95902000,3669.3657,4079400,47916700,2975341300,38669679600,3648.5489,3674.1732,3642.4981,3720.6684
95907000,3669.6206,3504800,56130500,2978846100,38725810100,3648.5489,3674.1732,3642.4981,3720.6684
95912000,3669.7279,4068400,59911400,2982914500,38785721500,3648.5489,3674.1732,3642.4981,3720.6684
95917000,3669.9619,2343300,28204700,2985257800,38813926200,3648.5489,3674.1732,3642.4981,3720.6684
95922000,3670.0684,5325700,66893000,2990583500,38880819200,3648.5489,3674.1732,3642.4981,3720.6684
95927000,3669.8339,5050700,56996000,2995634200,38937815200,3648.5489,3674.1732,3642.4981,3720.6684
95932000,3669.724,3748000,40468400,2999382200,38978283600,3648.5489,3674.1732,3642.4981,3720.6684
95937000,3669.2176,3443400,42789600,3002825600,39021073200,3648.5489,3674.1732,3642.4981,3720.6684
95942000,3669.3427,5333800,66585500,3008159400,39087658700,3648.5489,3674.1732,3642.4981,3720.6684
95947000,3669.494,2065400,28634000,3010224800,39116292700,3648.5489,3674.1732,3642.4981,3720.6684
95952000,3669.1645,4935700,68566900,3015160500,39184859600,3648.5489,3674.1732,3642.4981,3720.6684
95957000,3669.2493,4332500,57727800,3019493000,39242587400,3648.5489,3674.1732,3642.4981,3720.6684
100002000,3668.9011,4215000,52829000,3023708000,39295416400,3648.5489,3674.1732,3642.4981,3720.6684
100007000,3669.15,5242300,55975800,3028950300,39351392200,3648.5489,3674.1732,3642.4981,3720.6684
100012000,3669.0941,5955800,56706400,3034906100,39408098600,3648.5489,3674.1732,3642.4981,3720.6684
100017000,3668.7916,2743700,33150800,3037649800,39441249400,3648.5489,3674.1732,3642.4981,3720.6684
100022000,3669.0948,5229700,71070400,3042879500,39512319800,3648.5489,3674.1732,3642.4981,3720.6684
100027000,3668.7362,3556000,50776800,3046435500,39563096600,3648.5489,3674.1732,3642.4981,3720.6684
100032000,3668.8007,3134700,42784400,3049570200,39605881000,3648.5489,3674.1732,3642.4981,3720.6684
100037000,3668.6973,3255200,44150200,3052825400,39650031200,3648.5489,3674.1732,3642.4981,3720.6684
100042000,3669.2395,3964500,52848900,3056789900,39702880100,3648.5489,3674.1732,3642.4981,3720.6684
100047000,3669.5714,2620900,34385500,3059410800,39737265600,3648.5489,3674.1732,3642.4981,3720.6684
100052000,3669.7991,4183900,59183000,3063594700,39796448600,3648.5489,3674.1732,3642.4981,3720.6684
100057000,3670.1599,3920200,55431900,3067514900,39851880500,3648.5489,3674.1732,3642.4981,3720.6684
100102000,3670.321,2942200,40630500,3070457100,39892511000,3648.5489,3674.1732,3642.4981,3720.6684
100107000,3670.8384,3895400,60737800,3074352500,39953248800,3648.5489,3674.1732,3642.4981,3720.6684
100112000,3671.0774,5960900,76217700,3080313400,40029466500,3648.5489,3674.1732,3642.4981,3720.6684
100117000,3671.096,3847600,37296800,3084161000,40066763300,3648.5489,3674.1732,3642.4981,3720.6684
100122000,3671.8784,6423300,76460900,3090584300,40143224200,3648.5489,3674.1732,3642.4981,3720.6684
100127000,3672.7532,5039400,60317400,3095623700,40203541600,3648.5489,3674.1732,3642.4981,3720.6684
100132000,3672.7299,3738700,47392400,3099362400,40250934000,3648.5489,3674.1732,3642.4981,3720.6684
100137000,3673.0347,3497000,52271400,3102859400,40303205400,3648.5489,3674.1732,3642.4981,3720.6684
100142000,3673.3932,4720000,71464300,3107579400,40374669700,3648.5489,3674.1732,3642.4981,3720.6684
100147000,3673.9346,2640200,37458500,3110219600,40412128200,3648.5489,3674.1732,3642.4981,3720.6684
100152000,3674.5646,5175200,65768600,3115394800,40477896800,3648.5489,3674.5646,3642.4981,3720.6684
100157000,3675.2603,5611900,82120000,3121006700,40560016800,3648.5489,3675.2603,3642.4981,3720.6684
100202000,3676.3849,7145800,84517400,3128152500,40644534200,3648.5489,3676.3849,3642.4981,3720.6684
100207000,3677.7244,7110600,88979300,3135263100,40733513500,3648.5489,3677.7244,3642.4981,3720.6684
100212000,3678.2551,6268600,82141700,3141531700,40815655200,3648.5489,3678.2551,3642.4981,3720.6684
100217000,3678.7069,4059400,52921900,3145591100,40868577100,3648.5489,3678.7069,3642.4981,3720.6684
100222000,3678.7938,9389900,100403800,3154981000,40968980900,3648.5489,3678.7938,3642.4981,3720.6684
100227000,3679.6255,5521100,75616700,3160502100,41044597600,3648.5489,3679.6255,3642.4981,3720.6684
100232000,3680.7487,6452600,76684200,3166954700,41121281800,3648.5489,3680.7487,3642.4981,3720.6684
100237000,3681.1264,5967400,69213000,3172922100,41190494800,3648.5489,3681.1264,3642.4981,3720.6684
100242000,3681.4945,6225800,74897500,3179147900,41265392300,3648.5489,3681.4945,3642.4981,3720.6684
100247000,3682.613,5671900,55713100,3184819800,41321105400,3648.5489,3682.613,3642.4981,3720.6684
100252000,3683.0828,8668000,91987700,3193487800,41413093100,3648.5489,3683.0828,3642.4981,3720.6684
100257000,3683.3999,11275600,87559700,3204763400,41500652800,3648.5489,3683.3999,3642.4981,3720.6684
100302000,3683.9958,4557600,63701000,3209321000,41564353800,3648.5489,3683.9958,3642.4981,3720.6684
100307000,3683.9805,4593300,60404600,3213914300,41624758400,3648.5489,3683.9958,3642.4981,3720.6684
100312000,3683.9092,8824400,110573200,3222738700,41735331600,3648.5489,3683.9958,3642.4981,3720.6684
100317000,3684.4612,4166000,50741500,3226904700,41786073100,3648.5489,3684.4612,3642.4981,3720.6684
100322000,3684.009,6627400,87400100,3233532100,41873473200,3648.5489,3684.4612,3642.4981,3720.6684
100327000,3683.9677,6538000,86346900,3240070100,41959820100,3648.5489,3684.4612,3642.4981,3720.6684
100332000,3683.7464,5297300,69220100,3245367400,42029040200,3648.5489,3684.4612,3642.4981,3720.6684
100337000,3683.1271,6353000,92039100,3251720400,42121079300,3648.5489,3684.4612,3642.4981,3720.6684
100342000,3683.1317,7651100,96950600,3259371500,42218029900,3648.5489,3684.4612,3642.4981,3720.6684
100347000,3683.0266,3620100,45671300,3262991600,42263701200,3648.5489,3684.4612,3642.4981,3720.6684
100352000,3683.2394,6734100,78818300,3269725700,42342519500,3648.5489,3684.4612,3642.4981,3720.6684
100357000,3683.1281,5273800,77599300,3274999500,42420118800,3648.5489,3684.4612,3642.4981,3720.6684
100402000,3683.44,4929800,58961600,3279929300,42479080400,3648.5489,3684.4612,3642.4981,3720.6684
100407000,3683.2834,5567100,60796500,3285496400,42539876900,3648.5489,3684.4612,3642.4981,3720.6684
100412000,3683.4578,4565900,55064000,3290062300,42594940900,3648.5489,3684.4612,3642.4981,3720.6684
100417000,3683.0222,2816400,39089700,3292878700,42634030600,3648.5489,3684.4612,3642.4981,3720.6684
100422000,3683.6804,5462700,73811300,3298341400,42707841900,3648.5489,3684.4612,3642.4981,3720.6684
100427000,3683.6761,4548200,61258100,3302889600,42769100000,3648.5489,3684.4612,3642.4981,3720.6684
100432000,3683.961,4042500,50617900,3306932100,42819717900,3648.5489,3684.4612,3642.4981,3720.6684
100437000,3683.4588,4139000,57300600,3311071100,42877018500,3648.5489,3684.4612,3642.4981,3720.6684
100442000,3683.4201,5637300,57980700,3316708400,42934999200,3648.5489,3684.4612,3642.4981,3720.6684
100447000,3684.1048,3558800,36877200,3320267200,42971876400,3648.5489,3684.4612,3642.4981,3720.6684
100452000,3684.1252,5349100,66298800,3325616300,43038175200,3648.5489,3684.4612,3642.4981,3720.6684
100457000,3684.093,4621500,59818100,3330237800,43097993300,3648.5489,3684.4612,3642.4981,3720.6684
100502000,3683.6173,3371400,40461300,3333609200,43138454600,3648.5489,3684.4612,3642.4981,3720.6684
100507000,3683.6558,4385600,59954400,3337994800,43198409000,3648.5489,3684.4612,3642.4981,3720.6684
100512000,3683.7816,6452800,67194200,3344447600,43265603200,3648.5489,3684.4612,3642.4981,3720.6684
100517000,3683.8184,3751200,45232500,3348198800,43310835700,3648.5489,3684.4612,3642.4981,3720.6684
100522000,3683.5455,4772700,66712000,3352971500,43377547700,3648.5489,3684.4612,3642.4981,3720.6684
100527000,3683.167,4169600,58962500,3357141100,43436510200,3648.5489,3684.4612,3642.4981,3720.6684
100532000,3682.2639,6611600,67610900,3363752700,43504121100,3648.5489,3684.4612,3642.4981,3720.6684
100537000,3680.9999,5518000,64324900,3369270700,43568446000,3648.5489,3684.4612,3642.4981,3720.6684
100542000,3680.5682,6782500,91256900,3376053200,43659702900,3648.5489,3684.4612,3642.4981,3720.6684
100547000,3680.8468,3280200,46282300,3379333400,43705985200,3648.5489,3684.4612,3642.4981,3720.6684
100552000,3681.1727,5072500,68111800,3384405900,43774097000,3648.5489,3684.4612,3642.4981,3720.6684
100557000,3680.7363,4429600,54254200,3388835500,43828351200,3648.5489,3684.4612,3642.4981,3720.6684
100602000,3681.1577,2828900,38391500,3391664400,43866742700,3648.5489,3684.4612,3642.4981,3720.6684
100607000,3680.7791,4000800,51064700,3395665200,43917807400,3648.5489,3684.4612,3642.4981,3720.6684
100612000,3681.6022,4645200,66965000,3400310400,43984772400,3648.5489,3684.4612,3642.4981,3720.6684
100617000,3681.3187,3599700,36427600,3403910100,44021200000,3648.5489,3684.4612,3642.4981,3720.6684
100622000,3681.9953,4482400,67536800,3408392500,44088736800,3648.5489,3684.4612,3642.4981,3720.6684
100627000,3682.1832,4263800,57099400,3412656300,44145836200,3648.5489,3684.4612,3642.4981,3720.6684
100632000,3682.7087,2870200,38469400,3415526500,44184305600,3648.5489,3684.4612,3642.4981,3720.6684
100637000,3682.6995,2882700,41632300,3418409200,44225937900,3648.5489,3684.4612,3642.4981,3720.6684
100642000,3682.2968,3679600,52286600,3422088800,44278224500,3648.5489,3684.4612,3642.4981,3720.6684
100647000,3682.2885,2536100,34464100,3424624900,44312688600,3648.5489,3684.4612,3642.4981,3720.6684
100652000,3682.4802,5976800,79914100,3430601700,44392602700,3648.5489,3684.4612,3642.4981,3720.6684
100657000,3682.3904,4753300,64322000,3435355000,44456924700,3648.5489,3684.4612,3642.4981,3720.6684
100702000,3681.8586,3849900,49526600,3439204900,44506451300,3648.5489,3684.4612,3642.4981,3720.6684
100707000,3680.8312,6059700,62646800,3445264600,44569098100,3648.5489,3684.4612,3642.4981,3720.6684
100712000,3680.3698,5220600,81299800,3450485200,44650397900,3648.5489,3684.4612,3642.4981,3720.6684
100717000,3680.8629,4914300,44065300,3455399500,44694463200,3648.5489,3684.4612,3642.4981,3720.6684
100722000,3679.7906,5457300,72323300,3460856800,44766786500,3648.5489,3684.4612,3642.4981,3720.6684
100727000,3679.5969,5122600,68024600,3465979400,44834811100,3648.5489,3684.4612,3642.4981,3720.6684
100732000,3679.0363,3390800,54285200,3469370200,44889096300,3648.5489,3684.4612,3642.4981,3720.6684
100737000,3678.9307,4584900,57446800,3473955100,44946543100,3648.5489,3684.4612,3642.4981,3720.6684
100742000,3678.5343,3850700,59304300,3477805800,45005847400,3648.5489,3684.4612,3642.4981,3720.6684
100747000,3678.4965,3140700,40593100,3480946500,45046440500,3648.5489,3684.4612,3642.4981,3720.6684
100752000,3677.6019,6799500,87162300,3487746000,45133602800,3648.5489,3684.4612,3642.4981,3720.6684
100757000,3677.1052,6578100,72118400,3494324100,45205721200,3648.5489,3684.4612,3642.4981,3720.6684
100802000,3676.6213,5472100,50860700,3499796200,45256581900,3648.5489,3684.4612,3642.4981,3720.6684
100807000,3677.0186,4210900,45498600,3504007100,45302080500,3648.5489,3684.4612,3642.4981,3720.6684
100812000,3676.8222,3957800,48962300,3507964900,45351042800,3648.5489,3684.4612,3642.4981,3720.6684
100817000,3676.8181,2790400,36543900,3510755300,45387586700,3648.5489,3684.4612,3642.4981,3720.6684
100822000,3677.0603,4405700,57070600,3515161000,45444657300,3648.5489,3684.4612,3642.4981,3720.6684
100827000,3677.3168,4727200,53230500,3519888200,45497887800,3648.5489,3684.4612,3642.4981,3720.6684
100832000,3676.7538,4035600,39062200,3523923800,45536950000,3648.5489,3684.4612,3642.4981,3720.6684
100837000,3677.0929,3858400,47415400,3527782200,45584365400,3648.5489,3684.4612,3642.4981,3720.6684
100842000,3677.6321,2873000,45572200,3530655200,45629937600,3648.5489,3684.4612,3642.4981,3720.6684
100847000,3677.8039,1885400,24149700,3532540600,45654087300,3648.5489,3684.4612,3642.4981,3720.6684
100852000,3677.8476,4707100,55485300,3537247700,45709572600,3648.5489,3684.4612,3642.4981,3720.6684
100857000,3678.1915,6569600,63753500,3543817300,45773326100,3648.5489,3684.4612,3642.4981,3720.6684
100902000,3678.4376,4747400,55982200,3548564700,45829308300,3648.5489,3684.4612,3642.4981,3720.6684
100907000,3679.3978,4592200,53359300,3553156900,45882667600,3648.5489,3684.4612,3642.4981,3720.6684
100912000,3679.6921,3577900,50681100,3556734800,45933348700,3648.5489,3684.4612,3642.4981,3720.6684
100917000,3679.6374,2408000,30116000,3559142800,45963464700,3648.5489,3684.4612,3642.4981,3720.6684
100922000,3679.8048,2838600,42654700,3561981400,46006119400,3648.5489,3684.4612,3642.4981,3720.6684
100927000,3680.0522,2520900,36879600,3564502300,46042999000,3648.5489,3684.4612,3642.4981,3720.6684
100932000,3679.98,2764400,29225200,3567266700,46072224200,3648.5489,3684.4612,3642.4981,3720.6684
100937000,3680.0928,2948800,42629800,3570215500,46114854000,3648.5489,3684.4612,3642.4981,3720.6684
100942000,3680.162,4622500,49374200,3574838000,46164228200,3648.5489,3684.4612,3642.4981,3720.6684
100947000,3679.9863,2391000,27425500,3577229000,46191653700,3648.5489,3684.4612,3642.4981,3720.6684
100952000,3680.4708,2745200,39553000,3579974200,46231206700,3648.5489,3684.4612,3642.4981,3720.6684
100957000,3680.266,2727200,37085800,3582701400,46268292500,3648.5489,3684.4612,3642.4981,3720.6684
101002000,3680.1842,2974100,38750400,3585675500,46307042900,3648.5489,3684.4612,3642.4981,3720.6684
101007000,3680.2407,3562800,48833800,3589238300,46355876700,3648.5489,3684.4612,3642.4981,3720.6684
101012000,3680.4383,3164700,48566800,3592403000,46404443500,3648.5489,3684.4612,3642.4981,3720.6684
101017000,3680.8591,3045400,33777700,3595448400,46438221200,3648.5489,3684.4612,3642.4981,3720.6684
101022000,3680.4643,5060800,59265200,3600509200,46497486400,3648.5489,3684.4612,3642.4981,3720.6684
101027000,3681.1801,2948500,44531400,3603457700,46542017800,3648.5489,3684.4612,3642.4981,3720.6684
101032000,3680.8334,2775800,44084600,3606233500,46586102400,3648.5489,3684.4612,3642.4981,3720.6684
101037000,3680.1491,4728400,57881400,3610961900,46643983800,3648.5489,3684.4612,3642.4981,3720.6684
101042000,3678.144,5514500,97301100,3616476400,46741284900,3648.5489,3684.4612,3642.4981,3720.6684
101047000,3677.0251,4115600,53018100,3620592000,46794303000,3648.5489,3684.4612,3642.4981,3720.6684
101052000,3675.9507,7667300,99964200,3628259300,46894267200,3648.5489,3684.4612,3642.4981,3720.6684
101057000,3677.8506,4860600,84147700,3633119900,46978414900,3648.5489,3684.4612,3642.4981,3720.6684
101102000,3677.3612,3445600,52567500,3636565500,47030982400,3648.5489,3684.4612,3642.4981,3720.6684
101107000,3678.146,3013900,43622100,3639579400,47074604500,3648.5489,3684.4612,3642.4981,3720.6684
101112000,3677.3863,3292200,41877500,3642871600,47116482000,3648.5489,3684.4612,3642.4981,3720.6684
101117000,3677.9833,2636500,28270000,3645508100,47144752000,3648.5489,3684.4612,3642.4981,3720.6684
101122000,3678.7896,5736900,58007400,3651245000,47202759400,3648.5489,3684.4612,3642.4981,3720.6684
101127000,3678.8783,3181100,44422600,3654426100,47247182000,3648.5489,3684.4612,3642.4981,3720.6684
101132000,3678.9571,2476400,34410800,3656902500,47281592800,3648.5489,3684.4612,3642.4981,3720.6684
101137000,3678.9784,2490300,36612700,3659392800,47318205500,3648.5489,3684.4612,3642.4981,3720.6684
101142000,3679.3742,2508800,37348600,3661901600,47355554100,3648.5489,3684.4612,3642.4981,3720.6684
101147000,3679.4752,1885000,28655800,3663786600,47384209900,3648.5489,3684.4612,3642.4981,3720.6684
101152000,3679.4819,3447300,41532900,3667233900,47425742800,3648.5489,3684.4612,3642.4981,3720.6684
101157000,3679.5038,3608300,42855900,3670842200,47468598700,3648.5489,3684.4612,3642.4981,3720.6684
101202000,3679.0737,2734400,34481200,3673576600,47503079900,3648.5489,3684.4612,3642.4981,3720.6684
101207000,3679.0298,2900200,37326300,3676476800,47540406200,3648.5489,3684.4612,3642.4981,3720.6684
101212000,3679.4063,2894000,41150700,3679370800,47581556900,3648.5489,3684.4612,3642.4981,3720.6684
101217000,3679.2988,2493700,28982900,3681864500,47610539800,3648.5489,3684.4612,3642.4981,3720.6684
101222000,3679.2557,3752200,47009200,3685616700,47657549000,3648.5489,3684.4612,3642.4981,3720.6684
101227000,3679.4231,3034800,35458800,3688651500,47693007800,3648.5489,3684.4612,3642.4981,3720.6684
101232000,3679.3623,2541800,29350800,3691193300,47722358600,3648.5489,3684.4612,3642.4981,3720.6684
101237000,3679.4571,1613200,24148900,3692806500,47746507500,3648.5489,3684.4612,3642.4981,3720.6684
101242000,3679.4774,2473700,39188200,3695280200,47785695700,3648.5489,3684.4612,3642.4981,3720.6684
101247000,3679.2313,1920400,26447200,3697200600,47812142900,3648.5489,3684.4612,3642.4981,3720.6684
101252000,3679.6448,3395500,42443000,3700596100,47854585900,3648.5489,3684.4612,3642.4981,3720.6684
101257000,3679.5784,2488000,43018600,3703084100,47897604500,3648.5489,3684.4612,3642.4981,3720.6684
101302000,3679.1053,2634100,43284000,3705718200,47940888500,3648.5489,3684.4612,3642.4981,3720.6684
101307000,3678.9586,2692500,39111700,3708410700,47980000200,3648.5489,3684.4612,3642.4981,3720.6684
101312000,3678.8961,4312300,42709500,3712723000,48022709700,3648.5489,3684.4612,3642.4981,3720.6684
101317000,3678.9369,2515300,31031500,3715238300,48053741200,3648.5489,3684.4612,3642.4981,3720.6684
101322000,3678.452,4350600,55369900,3719588900,48109111100,3648.5489,3684.4612,3642.4981,3720.6684
101327000,3678.732,2571500,37582700,3722160400,48146693800,3648.5489,3684.4612,3642.4981,3720.6684
101332000,3678.1822,4911800,53178600,3727072200,48199872400,3648.5489,3684.4612,3642.4981,3720.6684
101337000,3677.915,4028200,58659600,3731100400,48258532000,3648.5489,3684.4612,3642.4981,3720.6684
101342000,3676.7681,7241500,83341600,3738341900,48341873600,3648.5489,3684.4612,3642.4981,3720.6684
101347000,3676.6237,3942600,53483300,3742284500,48395356900,3648.5489,3684.4612,3642.4981,3720.6684
101352000,3676.374,5603800,74355100,3747888300,48469712000,3648.5489,3684.4612,3642.4981,3720.6684
101357000,3676.1079,3539400,45809100,3751427700,48515521100,3648.5489,3684.4612,3642.4981,3720.6684
101402000,3676.3747,3136300,42759800,3754564000,48558280900,3648.5489,3684.4612,3642.4981,3720.6684
101407000,3676.718,4779900,47537000,3759343900,48605817900,3648.5489,3684.4612,3642.4981,3720.6684
101412000,3676.6047,4636500,49965600,3763980400,48655783500,3648.5489,3684.4612,3642.4981,3720.6684
101417000,3676.5247,3980500,29113500,3767960900,48684897000,3648.5489,3684.4612,3642.4981,3720.6684
101422000,3676.3115,5881500,57377600,3773842400,48742274600,3648.5489,3684.4612,3642.4981,3720.6684
101427000,3676.6338,4541000,45337300,3778383400,48787611900,3648.5489,3684.4612,3642.4981,3720.6684
101432000,3676.4157,3460600,36465400,3781844000,48824077300,3648.5489,3684.4612,3642.4981,3720.6684
101437000,3676.0507,2685100,36397100,3784529100,48860474400,3648.5489,3684.4612,3642.4981,3720.6684
101442000,3677.173,2633800,35980500,3787162900,48896454900,3648.5489,3684.4612,3642.4981,3720.6684
101447000,3676.4833,5640600,35478200,3792803500,48931933100,3648.5489,3684.4612,3642.4981,3720.6684
101452000,3676.4644,4585700,44164400,3797389200,48976097500,3648.5489,3684.4612,3642.4981,3720.6684
101457000,3676.4123,4268300,50353600,3801657500,49026451100,3648.5489,3684.4612,3642.4981,3720.6684
101502000,3676.2171,2521100,38428400,3804178600,49064879500,3648.5489,3684.4612,3642.4981,3720.6684
101507000,3676.6205,2561000,33406500,3806739600,49098286000,3648.5489,3684.4612,3642.4981,3720.6684
101512000,3676.7461,3410100,47241800,3810149700,49145527800,3648.5489,3684.4612,3642.4981,3720.6684
101517000,3677.4522,3140800,36143500,3813290500,49181671300,3648.5489,3684.4612,3642.4981,3720.6684
101522000,3678.1172,4943300,66083100,3818233800,49247754400,3648.5489,3684.4612,3642.4981,3720.6684
101527000,3677.666,2573600,39483800,3820807400,49287238200,3648.5489,3684.4612,3642.4981,3720.6684
101532000,3677.9955,2514900,38133900,3823322300,49325372100,3648.5489,3684.4612,3642.4981,3720.6684
101537000,3678.1234,2164100,29219600,3825486400,49354591700,3648.5489,3684.4612,3642.4981,3720.6684
101542000,3677.9757,3040300,41089900,3828526700,49395681600,3648.5489,3684.4612,3642.4981,3720.6684
101547000,3677.7806,1931100,28242000,3830457800,49423923600,3648.5489,3684.4612,3642.4981,3720.6684
101552000,3677.881,4770800,65669300,3835228600,49489592900,3648.5489,3684.4612,3642.4981,3720.6684
101557000,3677.8066,2567500,48297100,3837796100,49537890000,3648.5489,3684.4612,3642.4981,3720.6684
101602000,3678.0993,2667400,42801300,3840463500,49580691300,3648.5489,3684.4612,3642.4981,3720.6684
101607000,3677.9864,2682400,35182500,3843145900,49615873800,3648.5489,3684.4612,3642.4981,3720.6684
101612000,3678.1786,2223200,37231600,3845369100,49653105400,3648.5489,3684.4612,3642.4981,3720.6684
101617000,3678.5148,2695600,27460700,3848064700,49680566100,3648.5489,3684.4612,3642.4981,3720.6684
101622000,3678.9124,4109700,47378200,3852174400,49727944300,3648.5489,3684.4612,3642.4981,3720.6684
101627000,3679.3082,4636500,59103600,3856810900,49787047900,3648.5489,3684.4612,3642.4981,3720.6684
101632000,3679.8793,9023600,77939400,3865834500,49864987300,3648.5489,3684.4612,3642.4981,3720.6684
101637000,3681.8161,4967000,53765200,3870801500,49918752500,3648.5489,3684.4612,3642.4981,3720.6684
101642000,3680.8302,5417700,58261200,3876219200,49977013700,3648.5489,3684.4612,3642.4981,3720.6684
101647000,3680.6016,3385700,36219900,3879604900,50013233600,3648.5489,3684.4612,3642.4981,3720.6684
101652000,3681.9336,4385800,67659600,3883990700,50080893200,3648.5489,3684.4612,3642.4981,3720.6684
101657000,3681.8467,2647600,42922200,3886638300,50123815400,3648.5489,3684.4612,3642.4981,3720.6684
101702000,3682.3761,2319400,39188000,3888957700,50163003400,3648.5489,3684.4612,3642.4981,3720.6684
101707000,3682.6857,2952400,41300500,3891910100,50204303900,3648.5489,3684.4612,3642.4981,3720.6684
101712000,3682.3776,4640700,63620100,3896550800,50267924000,3648.5489,3684.4612,3642.4981,3720.6684
101717000,3683.3529,3985100,48052600,3900535900,50315976600,3648.5489,3684.4612,3642.4981,3720.6684
101722000,3683.1826,4618800,60939700,3905154700,50376916300,3648.5489,3684.4612,3642.4981,3720.6684
101727000,3683.5092,3484800,48971400,3908639500,50425887700,3648.5489,3684.4612,3642.4981,3720.6684
101732000,3683.6595,4771400,52184700,3913410900,50478072400,3648.5489,3684.4612,3642.4981,3720.6684
101737000,3684.0692,4579100,63145800,3917990000,50541218200,3648.5489,3684.4612,3642.4981,3720.6684
101742000,3684.3428,5390800,66069200,3923380800,50607287400,3648.5489,3684.4612,3642.4981,3720.6684
101747000,3684.1684,3343200,48187900,3926724000,50655475300,3648.5489,3684.4612,3642.4981,3720.6684
101752000,3684.9758,5847800,77191500,3932571800,50732666800,3648.5489,3684.9758,3642.4981,3720.6684
101757000,3685.483,4743200,53408100,3937315000,50786074900,3648.5489,3685.483,3642.4981,3720.6684
101802000,3685.8776,5163400,63876600,3942478400,50849951500,3648.5489,3685.8776,3642.4981,3720.6684
101807000,3686.3616,4274300,55669300,3946752700,50905620800,3648.5489,3686.3616,3642.4981,3720.6684
101812000,3685.3857,4720300,58455100,3951473000,50964075900,3648.5489,3686.3616,3642.4981,3720.6684
101817000,3684.3021,7203900,78872700,3958676900,51042948600,3648.5489,3686.3616,3642.4981,3720.6684
101822000,3684.0398,9512000,128281500,3968188900,51171230100,3648.5489,3686.3616,3642.4981,3720.6684
101827000,3682.8862,8098800,108160400,3976287700,51279390500,3648.5489,3686.3616,3642.4981,3720.6684
101832000,3681.2222,6754100,82809100,3983041800,51362199600,3648.5489,3686.3616,3642.4981,3720.6684
101837000,3680.9943,8557600,96408000,3991599400,51458607600,3648.5489,3686.3616,3642.4981,3720.6684
101842000,3681.3784,4576300,75393500,3996175700,51534001100,3648.5489,3686.3616,3642.4981,3720.6684
101847000,3681.9345,3137200,43784900,3999312900,51577786000,3648.5489,3686.3616,3642.4981,3720.6684
101852000,3682.5984,4080200,60538700,4003393100,51638324700,3648.5489,3686.3616,3642.4981,3720.6684
101857000,3683.2363,3206100,45810900,4006599200,51684135600,3648.5489,3686.3616,3642.4981,3720.6684
101902000,3683.3916,2752600,39570000,4009351800,51723705600,3648.5489,3686.3616,3642.4981,3720.6684
101907000,3683.3566,2951600,43308900,4012303400,51767014500,3648.5489,3686.3616,3642.4981,3720.6684
101912000,3684.2374,3816100,54039100,4016119500,51821053600,3648.5489,3686.3616,3642.4981,3720.6684
101917000,3683.0739,3358100,38159000,4019477600,51859212600,3648.5489,3686.3616,3642.4981,3720.6684
101922000,3683.511,3451300,47302400,4022928900,51906515000,3648.5489,3686.3616,3642.4981,3720.6684
101927000,3683.7493,2806900,39889900,4025735800,51946404900,3648.5489,3686.3616,3642.4981,3720.6684
101932000,3683.82,2811300,38508000,4028547100,51984912900,3648.5489,3686.3616,3642.4981,3720.6684
101937000,3684.1525,2279500,30973300,4030826600,52015886200,3648.5489,3686.3616,3642.4981,3720.6684
101942000,3684.7684,2625200,44388500,4033451800,52060274700,3648.5489,3686.3616,3642.4981,3720.6684
101947000,3684.3294,2068400,23363400,4035520200,52083638100,3648.5489,3686.3616,3642.4981,3720.6684
101952000,3685.29,3249900,48941200,4038770100,52132579300,3648.5489,3686.3616,3642.4981,3720.6684
101957000,3685.2142,3131900,41123200,4041902000,52173702500,3648.5489,3686.3616,3642.4981,3720.6684
102002000,3685.9429,4389000,49134900,4046291000,52222837400,3648.5489,3686.3616,3642.4981,3720.6684
102007000,3685.7323,3267400,36549500,4049558400,52259386900,3648.5489,3686.3616,3642.4981,3720.6684
102012000,3685.7231,3525600,47952100,4053084000,52307339000,3648.5489,3686.3616,3642.4981,3720.6684
102017000,3685.3661,5594100,44251900,4058678100,52351590900,3648.5489,3686.3616,3642.4981,3720.6684
102022000,3686.2694,3939500,55843800,4062617600,52407434700,3648.5489,3686.3616,3642.4981,3720.6684
102027000,3687.0332,4316300,48177600,4066933900,52455612300,3648.5489,3687.0332,3642.4981,3720.6684
102032000,3687.7389,5824400,68337800,4072758300,52523950100,3648.5489,3687.7389,3642.4981,3720.6684
102037000,3688.4291,4320600,58021200,4077078900,52581971300,3648.5489,3688.4291,3642.4981,3720.6684
102042000,3688.9077,4824700,67971700,4081903600,52649943000,3648.5489,3688.9077,3642.4981,3720.6684
102047000,3688.7963,2446900,39453200,4084350500,52689396200,3648.5489,3688.9077,3642.4981,3720.6684
102052000,3689.5283,4521800,62280200,4088872300,52751676400,3648.5489,3689.5283,3642.4981,3720.6684
102057000,3689.7232,4819600,64869600,4093691900,52816546000,3648.5489,3689.7232,3642.4981,3720.6684
102102000,3687.9992,6387600,81940100,4100079500,52898486100,3648.5489,3689.7232,3642.4981,3720.6684
102107000,3688.4833,5665500,87514100,4105745000,52986000200,3648.5489,3689.7232,3642.4981,3720.6684
102112000,3687.8731,5434800,77600600,4111179800,53063600800,3648.5489,3689.7232,3642.4981,3720.6684
102117000,3687.4459,7113200,67294200,4118293000,53130895000,3648.5489,3689.7232,3642.4981,3720.6684
102122000,3687.5495,8742100,103862000,4127035100,53234757000,3648.5489,3689.7232,3642.4981,3720.6684
102127000,3687.747,6729000,94678700,4133764100,53329435700,3648.5489,3689.7232,3642.4981,3720.6684
102132000,3688.1441,5037700,71362300,4138801800,53400798000,3648.5489,3689.7232,3642.4981,3720.6684
102137000,3688.5209,4278200,54879700,4143080000,53455677700,3648.5489,3689.7232,3642.4981,3720.6684
102142000,3688.3292,3737100,66415700,4146817100,53522093400,3648.5489,3689.7232,3642.4981,3720.6684
102147000,3688.0705,2735500,35611400,4149552600,53557704800,3648.5489,3689.7232,3642.4981,3720.6684
102152000,3688.7798,4244400,59157300,4153797000,53616862100,3648.5489,3689.7232,3642.4981,3720.6684
102157000,3689.0672,6189700,54465100,4159986700,53671327200,3648.5489,3689.7232,3642.4981,3720.6684
102202000,3689.4287,6005700,61389900,4165992400,53732717100,3648.5489,3689.7232,3642.4981,3720.6684
102207000,3689.1632,3430800,47042700,4169423200,53779759800,3648.5489,3689.7232,3642.4981,3720.6684
102212000,3689.7289,3180000,45914600,4172603200,53825674400,3648.5489,3689.7289,3642.4981,3720.6684
102217000,3689.1753,3982700,47588700,4176585900,53873263100,3648.5489,3689.7289,3642.4981,3720.6684
102222000,3688.7966,7175000,88091400,4183760900,53961354500,3648.5489,3689.7289,3642.4981,3720.6684
102227000,3688.1145,4686600,68666800,4188447500,54030021300,3648.5489,3689.7289,3642.4981,3720.6684
102232000,3688.029,3730600,51569000,4192178100,54081590300,3648.5489,3689.7289,3642.4981,3720.6684
102237000,3687.9321,5222400,68942000,4197400500,54150532300,3648.5489,3689.7289,3642.4981,3720.6684
102242000,3687.547,4739200,56333300,4202139700,54206865600,3648.5489,3689.7289,3642.4981,3720.6684
102247000,3688.4877,2371400,33116300,4204511100,54239981900,3648.5489,3689.7289,3642.4981,3720.6684
102252000,3688.9528,4410600,57110800,4208921700,54297092700,3648.5489,3689.7289,3642.4981,3720.6684
102257000,3688.6624,2937000,43300400,4211858700,54340393100,3648.5489,3689.7289,3642.4981,3720.6684
102302000,3688.6303,3001900,39380300,4214860600,54379773400,3648.5489,3689.7289,3642.4981,3720.6684
102307000,3688.8737,2983800,40727200,4217844400,54420500600,3648.5489,3689.7289,3642.4981,3720.6684
102312000,3689.1758,2735400,47602800,4220579800,54468103400,3648.5489,3689.7289,3642.4981,3720.6684
102317000,3688.8032,2869400,36256600,4223449200,54504360000,3648.5489,3689.7289,3642.4981,3720.6684
102322000,3687.8134,4723300,56290300,4228172500,54560650300,3648.5489,3689.7289,3642.4981,3720.6684
102327000,3688.5059,2983500,38512300,4231156000,54599162600,3648.5489,3689.7289,3642.4981,3720.6684
102332000,3688.4431,3683800,52067600,4234839800,54651230200,3648.5489,3689.7289,3642.4981,3720.6684
102337000,3688.4064,4774500,53989100,4239614300,54705219300,3648.5489,3689.7289,3642.4981,3720.6684
102342000,3688.1636,3637500,51671400,4243251800,54756890700,3648.5489,3689.7289,3642.4981,3720.6684
102347000,3687.9048,2710300,34562700,4245962100,54791453400,3648.5489,3689.7289,3642.4981,3720.6684
102352000,3688.7229,4134700,52383800,4250096800,54843837200,3648.5489,3689.7289,3642.4981,3720.6684
102357000,3688.6297,3027100,48202900,4253123900,54892040100,3648.5489,3689.7289,3642.4981,3720.6684
102402000,3688.3433,2921200,43106700,4256045100,54935146800,3648.5489,3689.7289,3642.4981,3720.6684
102407000,3688.1966,3387800,44021000,4259432900,54979167800,3648.5489,3689.7289,3642.4981,3720.6684
102412000,3688.0503,2787700,41843700,4262220600,55021011500,3648.5489,3689.7289,3642.4981,3720.6684
102417000,3688.1651,3142700,33636000,4265363300,55054647500,3648.5489,3689.7289,3642.4981,3720.6684
102422000,3688.3891,3459500,49873800,4268822800,55104521300,3648.5489,3689.7289,3642.4981,3720.6684
102427000,3688.6693,2342300,37763700,4271165100,55142285000,3648.5489,3689.7289,3642.4981,3720.6684
102432000,3688.9056,3157200,45344800,4274322300,55187629800,3648.5489,3689.7289,3642.4981,3720.6684
102437000,3689.2793,2343800,34035700,4276666100,55221665500,3648.5489,3689.7289,3642.4981,3720.6684
102442000,3689.6008,3299500,48929300,4279965600,55270594800,3648.5489,3689.7289,3642.4981,3720.6684
102447000,3689.5215,2658500,31966200,4282624100,55302561000,3648.5489,3689.7289,3642.4981,3720.6684
102452000,3689.7153,4331500,61027000,4286955600,55363588000,3648.5489,3689.7289,3642.4981,3720.6684
102457000,3689.4766,3113500,49137400,4290069100,55412725400,3648.5489,3689.7289,3642.4981,3720.6684
102502000,3689.7884,3162200,43461800,4293231300,55456187200,3648.5489,3689.7884,3642.4981,3720.6684
102507000,3689.7805,3256800,40810400,4296488100,55496997600,3648.5489,3689.7884,3642.4981,3720.6684
102512000,3690.1301,2682700,40217900,4299170800,55537215500,3648.5489,3690.1301,3642.4981,3720.6684
102517000,3690.3201,2843500,34172000,4302014300,55571387500,3648.5489,3690.3201,3642.4981,3720.6684
102522000,3691.0262,4862500,70378600,4306876800,55641766100,3648.5489,3691.0262,3642.4981,3720.6684
102527000,3691.6653,3458300,52432100,4310335100,55694198200,3648.5489,3691.6653,3642.4981,3720.6684
102532000,3691.6171,3824800,51610800,4314159900,55745809000,3648.5489,3691.6653,3642.4981,3720.6684
102537000,3691.3639,3848300,52111100,4318008200,55797920100,3648.5489,3691.6653,3642.4981,3720.6684
102542000,3692.0439,3872500,58320800,4321880700,55856240900,3648.5489,3692.0439,3642.4981,3720.6684
102547000,3692.2002,2376400,33598200,4324257100,55889839100,3648.5489,3692.2002,3642.4981,3720.6684
102552000,3692.3876,4989700,79407000,4329246800,55969246100,3648.5489,3692.3876,3642.4981,3720.6684
102557000,3692.8403,3654300,52943600,4332901100,56022189700,3648.5489,3692.8403,3642.4981,3720.6684
102602000,3693.8135,5188500,58484700,4338089600,56080674400,3648.5489,3693.8135,3642.4981,3720.6684
102607000,3694.1503,5045600,66021500,4343135200,56146695900,3648.5489,3694.1503,3642.4981,3720.6684
102612000,3694.3628,5203900,70414800,4348339100,56217110700,3648.5489,3694.3628,3642.4981,3720.6684
102617000,3694.6264,3055700,40234700,4351394800,56257345400,3648.5489,3694.6264,3642.4981,3720.6684
102622000,3695.3508,5176100,61366200,4356570900,56318711600,3648.5489,3695.3508,3642.4981,3720.6684
102627000,3695.5315,2879500,40925800,4359450400,56359637400,3648.5489,3695.5315,3642.4981,3720.6684
102632000,3695.6405,4340100,59341300,4363790500,56418978700,3648.5489,3695.6405,3642.4981,3720.6684
102637000,3695.9126,5889600,62583700,4369680100,56481562400,3648.5489,3695.9126,3642.4981,3720.6684
102642000,3696.1858,5036200,57215700,4374716300,56538778100,3648.5489,3696.1858,3642.4981,3720.6684
102647000,3696.65,4686100,42529100,4379402400,56581307200,3648.5489,3696.65,3642.4981,3720.6684
102652000,3697.4546,7206600,84469800,4386609000,56665777000,3648.5489,3697.4546,3642.4981,3720.6684
102657000,3697.8035,5760000,60033100,4392369000,56725810100,3648.5489,3697.8035,3642.4981,3720.6684
102702000,3698.2668,4449300,57429300,4396818300,56783239400,3648.5489,3698.2668,3642.4981,3720.6684
102707000,3698.5398,5352200,65839000,4402170500,56849078400,3648.5489,3698.5398,3642.4981,3720.6684
102712000,3698.2331,5172400,70302500,4407342900,56919380900,3648.5489,3698.5398,3642.4981,3720.6684
102717000,3698.6918,4854500,56123900,4412197400,56975504800,3648.5489,3698.6918,3642.4981,3720.6684
102722000,3699.1234,5992500,82087400,4418189900,57057592200,3648.5489,3699.1234,3642.4981,3720.6684
102727000,3698.5803,5234000,81158400,4423423900,57138750600,3648.5489,3699.1234,3642.4981,3720.6684
102732000,3698.8008,5333900,75956800,4428757800,57214707400,3648.5489,3699.1234,3642.4981,3720.6684
102737000,3698.7597,5279200,68773500,4434037000,57283480900,3648.5489,3699.1234,3642.4981,3720.6684
102742000,3699.1288,4615700,66957400,4438652700,57350438300,3648.5489,3699.1288,3642.4981,3720.6684
102747000,3699.3784,3538400,41617100,4442191100,57392055400,3648.5489,3699.3784,3642.4981,3720.6684
102752000,3699.5926,4636700,65512800,4446827800,57457568200,3648.5489,3699.5926,3642.4981,3720.6684
102757000,3699.2027,6415700,81020600,4453243500,57538588800,3648.5489,3699.5926,3642.4981,3720.6684
102802000,3699.2861,4097000,47944000,4457340500,57586532800,3648.5489,3699.5926,3642.4981,3720.6684
102807000,3700.0221,4970100,59480100,4462310600,57646012900,3648.5489,3700.0221,3642.4981,3720.6684
102812000,3699.4881,3843300,60348700,4466153900,57706361600,3648.5489,3700.0221,3642.4981,3720.6684
102817000,3699.561,4310500,59088500,4470464400,57765450100,3648.5489,3700.0221,3642.4981,3720.6684
102822000,3699.6939,5697600,78946300,4476162000,57844396400,3648.5489,3700.0221,3642.4981,3720.6684
102827000,3698.2943,7679200,78963100,4483841200,57923359500,3648.5489,3700.0221,3642.4981,3720.6684
102832000,3698.2716,5200500,73021200,4489041700,57996380700,3648.5489,3700.0221,3642.4981,3720.6684
102837000,3697.9414,4779200,61072400,4493820900,58057453100,3648.5489,3700.0221,3642.4981,3720.6684
102842000,3698.3921,3671800,57872600,4497492700,58115325700,3648.5489,3700.0221,3642.4981,3720.6684
102847000,3698.4042,4534800,43254700,4502027500,58158580400,3648.5489,3700.0221,3642.4981,3720.6684
102852000,3698.4802,4509100,62623200,4506536600,58221203600,3648.5489,3700.0221,3642.4981,3720.6684
102857000,3698.5955,3499700,44355200,4510036300,58265558800,3648.5489,3700.0221,3642.4981,3720.6684
102902000,3698.5946,3905800,47816600,4513942100,58313375400,3648.5489,3700.0221,3642.4981,3720.6684
102907000,3698.7026,3140800,39184300,4517082900,58352559700,3648.5489,3700.0221,3642.4981,3720.6684
102912000,3699.2744,2968900,43666900,4520051800,58396226600,3648.5489,3700.0221,3642.4981,3720.6684
102917000,3698.6126,4087300,42589400,4524139100,58438816000,3648.5489,3700.0221,3642.4981,3720.6684
102922000,3699.2095,3899000,55181000,4528038100,58493997000,3648.5489,3700.0221,3642.4981,3720.6684
102927000,3699.0453,2526800,39592400,4530564900,58533589400,3648.5489,3700.0221,3642.4981,3720.6684
102932000,3698.451,3967000,54817000,4534531900,58588406400,3648.5489,3700.0221,3642.4981,3720.6684
102937000,3698.3069,3176600,43438500,4537708500,58631844900,3648.5489,3700.0221,3642.4981,3720.6684
102942000,3698.5249,3015300,49303700,4540723800,58681148600,3648.5489,3700.0221,3642.4981,3720.6684
102947000,3698.0737,2208600,34253500,4542932400,58715402100,3648.5489,3700.0221,3642.4981,3720.6684
102952000,3698.4659,3514200,46626300,4546446600,58762028400,3648.5489,3700.0221,3642.4981,3720.6684
102957000,3698.7232,4159100,48795600,4550605700,58810824000,3648.5489,3700.0221,3642.4981,3720.6684
103002000,3699.053,2844600,41401500,4553450300,58852225500,3648.5489,3700.0221,3642.4981,3720.6684
103007000,3698.6097,2982200,40777300,4556432500,58893002800,3648.5489,3700.0221,3642.4981,3720.6684
103012000,3699.2962,3039200,39971000,4559471700,58932973800,3648.5489,3700.0221,3642.4981,3720.6684
103017000,3698.364,3193100,39728000,4562664800,58972701800,3648.5489,3700.0221,3642.4981,3720.6684
103022000,3696.9889,6509200,85602000,4569174000,59058303800,3648.5489,3700.0221,3642.4981,3720.6684
103027000,3696.5536,4667900,66945700,4573841900,59125249500,3648.5489,3700.0221,3642.4981,3720.6684
103032000,3696.3082,7669500,93041400,4581511400,59218290900,3648.5489,3700.0221,3642.4981,3720.6684
103037000,3695.7771,4977900,65141000,4586489300,59283431900,3648.5489,3700.0221,3642.4981,3720.6684
103042000,3695.4606,3814000,56175100,4590303300,59339607000,3648.5489,3700.0221,3642.4981,3720.6684
103047000,3695.0936,3640900,46342000,4593944200,59385949000,3648.5489,3700.0221,3642.4981,3720.6684
103052000,3694.9175,4338000,64059100,4598282200,59450008100,3648.5489,3700.0221,3642.4981,3720.6684
103057000,3695.149,2494500,43357200,4600776700,59493365300,3648.5489,3700.0221,3642.4981,3720.6684
103102000,3694.5445,3744700,50006400,4604521400,59543371700,3648.5489,3700.0221,3642.4981,3720.6684
103107000,3694.4098,4088600,47980200,4608610000,59591351900,3648.5489,3700.0221,3642.4981,3720.6684
103112000,3694.5851,3106800,40932800,4611716800,59632284700,3648.5489,3700.0221,3642.4981,3720.6684
103117000,3694.5988,2997000,36384100,4614713800,59668668800,3648.5489,3700.0221,3642.4981,3720.6684
103122000,3694.7168,2744800,36888400,4617458600,59705557200,3648.5489,3700.0221,3642.4981,3720.6684
103127000,3694.3902,2870800,38289100,4620329400,59743846300,3648.5489,3700.0221,3642.4981,3720.6684
103132000,3694.3546,3569200,52114600,4623898600,59795960900,3648.5489,3700.0221,3642.4981,3720.6684
103137000,3694.2354,2818400,44327100,4626717000,59840288000,3648.5489,3700.0221,3642.4981,3720.6684
103142000,3694.3818,2822900,39157600,4629539900,59879445600,3648.5489,3700.0221,3642.4981,3720.6684
103147000,3694.3516,2521000,33428400,4632060900,59912874000,3648.5489,3700.0221,3642.4981,3720.6684
103152000,3694.4597,3207200,41629300,4635268100,59954503300,3648.5489,3700.0221,3642.4981,3720.6684
103157000,3694.1801,2506000,40484400,4637774100,59994987700,3648.5489,3700.0221,3642.4981,3720.6684
103202000,3694.2229,2991600,42645600,4640765700,60037633300,3648.5489,3700.0221,3642.4981,3720.6684
103207000,3694.1288,2050200,31272600,4642815900,60068905900,3648.5489,3700.0221,3642.4981,3720.6684
103212000,3694.2278,2403700,33179700,4645219600,60102085600,3648.5489,3700.0221,3642.4981,3720.6684
103217000,3694.1123,2895900,31659100,4648115500,60133744700,3648.5489,3700.0221,3642.4981,3720.6684
103222000,3693.5939,3971700,44728000,4652087200,60178472700,3648.5489,3700.0221,3642.4981,3720.6684
103227000,3693.9034,3229800,40130900,4655317000,60218603600,3648.5489,3700.0221,3642.4981,3720.6684
103232000,3693.2026,2905200,36337100,4658222200,60254940700,3648.5489,3700.0221,3642.4981,3720.6684
103237000,3693.1506,2446000,36009200,4660668200,60290949900,3648.5489,3700.0221,3642.4981,3720.6684
103242000,3693.5219,1966000,30232700,4662634200,60321182600,3648.5489,3700.0221,3642.4981,3720.6684
103247000,3693.4342,2305200,28612200,4664939400,60349794800,3648.5489,3700.0221,3642.4981,3720.6684
103252000,3693.753,2898300,40109400,4667837700,60389904200,3648.5489,3700.0221,3642.4981,3720.6684
103257000,3694.111,2466900,35969800,4670304600,60425874000,3648.5489,3700.0221,3642.4981,3720.6684
103302000,3693.9569,2582200,38250900,4672886800,60464124900,3648.5489,3700.0221,3642.4981,3720.6684
103307000,3693.8657,2709200,30966100,4675596000,60495091000,3648.5489,3700.0221,3642.4981,3720.6684
103312000,3694.0735,2083100,34009500,4677679100,60529100500,3648.5489,3700.0221,3642.4981,3720.6684
103317000,3694.0288,2205900,23746400,4679885000,60552846900,3648.5489,3700.0221,3642.4981,3720.6684
103322000,3694.1825,2404100,40694300,4682289100,60593541200,3648.5489,3700.0221,3642.4981,3720.6684
103327000,3694.3821,2740400,28259200,4685029500,60621800400,3648.5489,3700.0221,3642.4981,3720.6684
103332000,3694.0804,2073700,28399000,4687103200,60650199400,3648.5489,3700.0221,3642.4981,3720.6684
103337000,3694.3331,2257700,34598100,4689360900,60684797500,3648.5489,3700.0221,3642.4981,3720.6684
103342000,3694.2336,2902000,37867000,4692262900,60722664500,3648.5489,3700.0221,3642.4981,3720.6684
103347000,3694.4167,3187800,32909700,4695450700,60755574200,3648.5489,3700.0221,3642.4981,3720.6684
103352000,3694.4531,3273700,38425800,4698724400,60794000000,3648.5489,3700.0221,3642.4981,3720.6684
103357000,3694.5744,2826600,39213800,4701551000,60833213800,3648.5489,3700.0221,3642.4981,3720.6684
103402000,3694.9924,3468400,33269600,4705019400,60866483400,3648.5489,3700.0221,3642.4981,3720.6684
103407000,3694.6252,1758700,27964100,4706778100,60894447500,3648.5489,3700.0221,3642.4981,3720.6684
103412000,3694.5675,2432900,29753700,4709211000,60924201200,3648.5489,3700.0221,3642.4981,3720.6684
103417000,3694.4114,2688100,35487000,4711899100,60959688200,3648.5489,3700.0221,3642.4981,3720.6684
103422000,3694.1478,3385100,53860700,4715284200,61013548900,3648.5489,3700.0221,3642.4981,3720.6684
103427000,3693.872,2424900,35409300,4717709100,61048958200,3648.5489,3700.0221,3642.4981,3720.6684
103432000,3693.995,2752500,40170500,4720461600,61089128700,3648.5489,3700.0221,3642.4981,3720.6684
103437000,3693.7774,3049800,35149400,4723511400,61124278100,3648.5489,3700.0221,3642.4981,3720.6684
103442000,3693.751,2273200,29219200,4725784600,61153497300,3648.5489,3700.0221,3642.4981,3720.6684
103447000,3693.3723,2506700,27998200,4728291300,61181495500,3648.5489,3700.0221,3642.4981,3720.6684
103452000,3693.5049,3592400,42299600,4731883700,61223795100,3648.5489,3700.0221,3642.4981,3720.6684
103457000,3693.9783,3022300,36340200,4734906000,61260135300,3648.5489,3700.0221,3642.4981,3720.6684
103502000,3693.6962,1821400,26930500,4736727400,61287065800,3648.5489,3700.0221,3642.4981,3720.6684
103507000,3693.5828,2430700,32230900,4739158100,61319296700,3648.5489,3700.0221,3642.4981,3720.6684
103512000,3693.9213,2841500,38474400,4741999600,61357771100,3648.5489,3700.0221,3642.4981,3720.6684
103517000,3693.5025,2211300,24954100,4744210900,61382725200,3648.5489,3700.0221,3642.4981,3720.6684
103522000,3693.7218,3099500,46362100,4747310400,61429087300,3648.5489,3700.0221,3642.4981,3720.6684
103527000,3693.5248,2056200,29285200,4749366600,61458372500,3648.5489,3700.0221,3642.4981,3720.6684
103532000,3693.9726,2568000,35520200,4751934600,61493892700,3648.5489,3700.0221,3642.4981,3720.6684
103537000,3693.9222,2318200,36295800,4754252800,61530188500,3648.5489,3700.0221,3642.4981,3720.6684
103542000,3694.1139,2789500,40558000,4757042300,61570746500,3648.5489,3700.0221,3642.4981,3720.6684
103547000,3694.1396,1410500,22455300,4758452800,61593201800,3648.5489,3700.0221,3642.4981,3720.6684
103552000,3693.9931,2970100,40372600,4761422900,61633574400,3648.5489,3700.0221,3642.4981,3720.6684
103557000,3694.4708,3627800,44138400,4765050700,61677712800,3648.5489,3700.0221,3642.4981,3720.6684
103602000,3694.4533,3391000,40521600,4768441700,61718234400,3648.5489,3700.0221,3642.4981,3720.6684
103607000,3694.5332,1653000,26033100,4770094700,61744267500,3648.5489,3700.0221,3642.4981,3720.6684
103612000,3695.3561,2912900,45876300,4773007600,61790143800,3648.5489,3700.0221,3642.4981,3720.6684
103617000,3695.4106,2529600,32930900,4775537200,61823074700,3648.5489,3700.0221,3642.4981,3720.6684
103622000,3696.1512,2869400,41806100,4778406600,61864880800,3648.5489,3700.0221,3642.4981,3720.6684
103627000,3696.5412,2580100,41014800,4780986700,61905895600,3648.5489,3700.0221,3642.4981,3720.6684
103632000,3696.6483,3322700,43497800,4784309400,61949393400,3648.5489,3700.0221,3642.4981,3720.6684
103637000,3696.2208,2763500,41514100,4787072900,61990907500,3648.5489,3700.0221,3642.4981,3720.6684
103642000,3696.9635,3181000,48524500,4790253900,62039432000,3648.5489,3700.0221,3642.4981,3720.6684
103647000,3697.2619,2334900,27988700,4792588800,62067420700,3648.5489,3700.0221,3642.4981,3720.6684
103652000,3697.8289,8010700,83664700,4800599500,62151085400,3648.5489,3700.0221,3642.4981,3720.6684
103657000,3699.0265,4822200,71905900,4805421700,62222991300,3648.5489,3700.0221,3642.4981,3720.6684
103702000,3699.6187,8354800,111957700,4813776500,62334949000,3648.5489,3700.0221,3642.4981,3720.6684
103707000,3700.3978,4596300,65516200,4818372800,62400465200,3648.5489,3700.3978,3642.4981,3720.6684
103712000,3701.2748,4134300,61338300,4822507100,62461803500,3648.5489,3701.2748,3642.4981,3720.6684
103717000,3701.8287,3127500,47255600,4825634600,62509059100,3648.5489,3701.8287,3642.4981,3720.6684
103722000,3702.2771,4985800,59434900,4830620400,62568494000,3648.5489,3702.2771,3642.4981,3720.6684
103727000,3702.9325,4291400,64857800,4834911800,62633351800,3648.5489,3702.9325,3642.4981,3720.6684
103732000,3702.9246,3800100,55143800,4838711900,62688495600,3648.5489,3702.9325,3642.4981,3720.6684
103737000,3702.9299,3421300,55526700,4842133200,62744022300,3648.5489,3702.9325,3642.4981,3720.6684
103742000,3703.7631,5749500,64182000,4847882700,62808204300,3648.5489,3703.7631,3642.4981,3720.6684
103747000,3703.6048,3303400,86498500,4851186100,62894702800,3648.5489,3703.7631,3642.4981,3720.6684
103752000,3704.263,4558700,73226600,4855744800,62967929400,3648.5489,3704.263,3642.4981,3720.6684
103757000,3704.8255,5411900,135096700,4861156700,63103026100,3648.5489,3704.8255,3642.4981,3720.6684
103802000,3705.1944,3663200,48837100,4864819900,63151863200,3648.5489,3705.1944,3642.4981,3720.6684
103807000,3705.0523,4808700,91595700,4869628600,63243458900,3648.5489,3705.1944,3642.4981,3720.6684
103812000,3706.2816,4331600,73353900,4873960200,63316812800,3648.5489,3706.2816,3642.4981,3720.6684
103817000,3706.219,3386500,44168700,4877346700,63360981500,3648.5489,3706.2816,3642.4981,3720.6684
103822000,3706.4732,5165200,67768000,4882511900,63428749500,3648.5489,3706.4732,3642.4981,3720.6684
103827000,3707.1071,3674300,58816900,4886186200,63487566400,3648.5489,3707.1071,3642.4981,3720.6684
103832000,3707.2197,4424300,62571800,4890610500,63550138200,3648.5489,3707.2197,3642.4981,3720.6684
103837000,3707.3892,4000600,59452300,4894611100,63609590500,3648.5489,3707.3892,3642.4981,3720.6684
103842000,3708.1643,4643800,80519700,4899254900,63690110200,3648.5489,3708.1643,3642.4981,3720.6684
103847000,3708.5371,5928900,72362200,4905183800,63762472400,3648.5489,3708.5371,3642.4981,3720.6684
103852000,3708.7385,7044500,90774800,4912228300,63853247200,3648.5489,3708.7385,3642.4981,3720.6684
103857000,3709.1024,4402300,63364200,4916630600,63916611400,3648.5489,3709.1024,3642.4981,3720.6684
103902000,3709.3822,5302200,64760100,4921932800,63981371500,3648.5489,3709.3822,3642.4981,3720.6684
103907000,3709.3901,4824000,82730000,4926756800,64064101500,3648.5489,3709.3901,3642.4981,3720.6684
103912000,3710.3791,10490300,102350000,4937247100,64166451500,3648.5489,3710.3791,3642.4981,3720.6684
103917000,3709.8012,5603900,62917400,4942851000,64229368900,3648.5489,3710.3791,3642.4981,3720.6684
103922000,3710.048,10714900,97130300,4953565900,64326499200,3648.5489,3710.3791,3642.4981,3720.6684
103927000,3710.963,13423900,96955800,4966989800,64423455000,3648.5489,3710.963,3642.4981,3720.6684
103932000,3711.1213,8572300,79670000,4975562100,64503125000,3648.5489,3711.1213,3642.4981,3720.6684
103937000,3710.875,6519300,67693700,4982081400,64570818700,3648.5489,3711.1213,3642.4981,3720.6684
103942000,3710.9126,8387000,68460500,4990468400,64639279200,3648.5489,3711.1213,3642.4981,3720.6684
103947000,3711.6137,7892200,68037100,4998360600,64707316300,3648.5489,3711.6137,3642.4981,3720.6684
103952000,3711.6502,5917600,66494400,5004278200,64773810700,3648.5489,3711.6502,3642.4981,3720.6684
103957000,3711.9134,8188500,74363900,5012466700,64848174600,3648.5489,3711.9134,3642.4981,3720.6684
104002000,3711.92,6263400,57866600,5018730100,64906041200,3648.5489,3711.92,3642.4981,3720.6684
104007000,3711.7277,3680900,52148200,5022411000,64958189400,3648.5489,3711.92,3642.4981,3720.6684
104012000,3712.2536,4271700,56414000,5026682700,65014603400,3648.5489,3712.2536,3642.4981,3720.6684
104017000,3711.5077,4928100,59017300,5031610800,65073620700,3648.5489,3712.2536,3642.4981,3720.6684
104022000,3710.8721,7069800,89499200,5038680600,65163119900,3648.5489,3712.2536,3642.4981,3720.6684
104027000,3710.4642,5465100,77532800,5044145700,65240652700,3648.5489,3712.2536,3642.4981,3720.6684
104032000,3710.6699,8374300,90682500,5052520000,65331335200,3648.5489,3712.2536,3642.4981,3720.6684
104037000,3710.955,5065300,62511600,5057585300,65393846800,3648.5489,3712.2536,3642.4981,3720.6684
104042000,3709.9384,4873900,66665200,5062459200,65460512000,3648.5489,3712.2536,3642.4981,3720.6684
104047000,3710.1058,4482100,50349900,5066941300,65510861900,3648.5489,3712.2536,3642.4981,3720.6684
104052000,3710.1684,5690100,68764000,5072631400,65579625900,3648.5489,3712.2536,3642.4981,3720.6684
104057000,3709.5818,5140800,56088700,5077772200,65635714600,3648.5489,3712.2536,3642.4981,3720.6684
104102000,3709.8326,5377500,61686900,5083149700,65697401500,3648.5489,3712.2536,3642.4981,3720.6684
104107000,3709.1561,4285300,59336000,5087435000,65756737500,3648.5489,3712.2536,3642.4981,3720.6684
104112000,3709.0019,4758700,58164800,5092193700,65814902300,3648.5489,3712.2536,3642.4981,3720.6684
104117000,3709.4583,4051000,44431500,5096244700,65859333800,3648.5489,3712.2536,3642.4981,3720.6684
104122000,3709.7313,5477600,52101700,5101722300,65911435500,3648.5489,3712.2536,3642.4981,3720.6684
104127000,3709.3387,4551100,52492100,5106273400,65963927600,3648.5489,3712.2536,3642.4981,3720.6684
104132000,3709.5262,3504500,47522500,5109777900,66011450100,3648.5489,3712.2536,3642.4981,3720.6684
104137000,3709.6349,4277900,44604600,5114055800,66056054700,3648.5489,3712.2536,3642.4981,3720.6684
104142000,3709.6269,4059900,47187900,5118115700,66103242600,3648.5489,3712.2536,3642.4981,3720.6684
104147000,3709.7132,2212700,27793300,5120328400,66131035900,3648.5489,3712.2536,3642.4981,3720.6684
104152000,3709.0022,5101700,59586900,5125430100,66190622800,3648.5489,3712.2536,3642.4981,3720.6684
104157000,3709.0797,2873600,41106700,5128303700,66231729500,3648.5489,3712.2536,3642.4981,3720.6684
104202000,3709.3661,4042500,42145900,5132346200,66273875400,3648.5489,3712.2536,3642.4981,3720.6684
104207000,3709.1818,3101900,37730800,5135448100,66311606200,3648.5489,3712.2536,3642.4981,3720.6684
104212000,3709.702,5125800,49165900,5140573900,66360772100,3648.5489,3712.2536,3642.4981,3720.6684
104217000,3709.9962,4345500,42901400,5144919400,66403673500,3648.5489,3712.2536,3642.4981,3720.6684
104222000,3710.025,3545200,45844500,5148464600,66449518000,3648.5489,3712.2536,3642.4981,3720.6684
104227000,3710.6594,3625300,49158700,5152089900,66498676700,3648.5489,3712.2536,3642.4981,3720.6684
104232000,3710.5316,6688100,68014000,5158778000,66566690700,3648.5489,3712.2536,3642.4981,3720.6684
104237000,3710.9846,5031800,49242900,5163809800,66615933600,3648.5489,3712.2536,3642.4981,3720.6684
104242000,3711.4776,3303200,39272100,5167113000,66655205700,3648.5489,3712.2536,3642.4981,3720.6684
104247000,3711.6505,3477700,41275200,5170590700,66696480900,3648.5489,3712.2536,3642.4981,3720.6684
104252000,3712.1024,6648600,66156200,5177239300,66762637100,3648.5489,3712.2536,3642.4981,3720.6684
104257000,3712.5723,3868700,53375800,5181108000,66816012900,3648.5489,3712.5723,3642.4981,3720.6684
104302000,3712.8442,5293600,54800500,5186401600,66870813400,3648.5489,3712.8442,3642.4981,3720.6684
104307000,3712.2804,4029600,45988000,5190431200,66916801400,3648.5489,3712.8442,3642.4981,3720.6684
104312000,3713.0015,3010900,40956800,5193442100,66957758200,3648.5489,3713.0015,3642.4981,3720.6684
104317000,3713.5505,2798500,38771700,5196240600,66996529900,3648.5489,3713.5505,3642.4981,3720.6684
104322000,3713.6845,5597800,72522100,5201838400,67069052000,3648.5489,3713.6845,3642.4981,3720.6684
104327000,3714.1148,4685700,64666500,5206524100,67133718500,3648.5489,3714.1148,3642.4981,3720.6684
104332000,3714.1781,3994500,61974800,5210518600,67195693300,3648.5489,3714.1781,3642.4981,3720.6684
104337000,3713.5881,3796500,51907000,5214315100,67247600300,3648.5489,3714.1781,3642.4981,3720.6684
104342000,3713.6068,5282100,71284700,5219597200,67318885000,3648.5489,3714.1781,3642.4981,3720.6684
104347000,3714.0394,3690000,53898700,5223287200,67372783700,3648.5489,3714.1781,3642.4981,3720.6684
104352000,3714.8824,5400600,84351700,5228687800,67457135400,3648.5489,3714.8824,3642.4981,3720.6684
104357000,3715.071,4054500,67916300,5232742300,67525051700,3648.5489,3715.071,3642.4981,3720.6684
104402000,3715.1547,4297000,58604100,5237039300,67583655800,3648.5489,3715.1547,3642.4981,3720.6684
104407000,3715.3856,3695900,51962800,5240735200,67635618600,3648.5489,3715.3856,3642.4981,3720.6684
104412000,3715.2563,5807700,67479000,5246542900,67703097600,3648.5489,3715.3856,3642.4981,3720.6684
104417000,3715.5531,3333900,47059500,5249876800,67750157100,3648.5489,3715.5531,3642.4981,3720.6684
104422000,3716.3593,6675000,86592500,5256551800,67836749600,3648.5489,3716.3593,3642.4981,3720.6684
104427000,3716.7663,6674900,84723900,5263226700,67921473500,3648.5489,3716.7663,3642.4981,3720.6684
104432000,3716.6858,5111500,72014700,5268338200,67993488200,3648.5489,3716.7663,3642.4981,3720.6684
104437000,3717.6378,5895500,67477700,5274233700,68060965900,3648.5489,3717.6378,3642.4981,3720.6684
104442000,3717.6052,6939200,87185400,5281172900,68148151300,3648.5489,3717.6378,3642.4981,3720.6684
104447000,3717.724,4265000,54905400,5285437900,68203056700,3648.5489,3717.724,3642.4981,3720.6684
104452000,3717.7825,5895000,69908300,5291332900,68272965000,3648.5489,3717.7825,3642.4981,3720.6684
104457000,3717.0855,6052200,75000400,5297385100,68347965400,3648.5489,3717.7825,3642.4981,3720.6684
104502000,3714.4908,11749200,133692500,5309134300,68481657900,3648.5489,3717.7825,3642.4981,3720.6684
104507000,3715.604,5905500,82015200,5315039800,68563673100,3648.5489,3717.7825,3642.4981,3720.6684
104512000,3715.2472,4743400,58079200,5319783200,68621752300,3648.5489,3717.7825,3642.4981,3720.6684
104517000,3715.4932,3986700,51903800,5323769900,68673656100,3648.5489,3717.7825,3642.4981,3720.6684
104522000,3713.9677,8740700,106022400,5332510600,68779678500,3648.5489,3717.7825,3642.4981,3720.6684
104527000,3713.7889,6368300,77866100,5338878900,68857544600,3648.5489,3717.7825,3642.4981,3720.6684
104532000,3713.817,7020300,82072500,5345899200,68939617100,3648.5489,3717.7825,3642.4981,3720.6684
104537000,3713.3518,4727000,57970100,5350626200,68997587200,3648.5489,3717.7825,3642.4981,3720.6684
104542000,3713.1373,4679400,61608600,5355305600,69059195800,3648.5489,3717.7825,3642.4981,3720.6684
104547000,3713.0322,3355400,41035800,5358661000,69100231600,3648.5489,3717.7825,3642.4981,3720.6684
104552000,3712.8063,4945600,62125200,5363606600,69162356800,3648.5489,3717.7825,3642.4981,3720.6684
104557000,3712.9178,4432500,56745700,5368039100,69219102500,3648.5489,3717.7825,3642.4981,3720.6684
104602000,3712.7734,3496900,42931500,5371536000,69262034000,3648.5489,3717.7825,3642.4981,3720.6684
104607000,3713.1358,4516600,49104100,5376052600,69311138100,3648.5489,3717.7825,3642.4981,3720.6684
104612000,3713.3297,3579500,43823100,5379632100,69354961200,3648.5489,3717.7825,3642.4981,3720.6684
104617000,3713.0599,2670800,34679500,5382302900,69389640700,3648.5489,3717.7825,3642.4981,3720.6684
104622000,3712.911,4321600,61843400,5386624500,69451484100,3648.5489,3717.7825,3642.4981,3720.6684
104627000,3712.9649,3927100,60427500,5390551600,69511911600,3648.5489,3717.7825,3642.4981,3720.6684
104632000,3712.7846,3778000,43000800,5394329600,69554912400,3648.5489,3717.7825,3642.4981,3720.6684
104637000,3712.7628,3985300,49865800,5398314900,69604778200,3648.5489,3717.7825,3642.4981,3720.6684
104642000,3712.3517,3655600,46188300,5401970500,69650966500,3648.5489,3717.7825,3642.4981,3720.6684
104647000,3712.2652,3614700,40352900,5405585200,69691319400,3648.5489,3717.7825,3642.4981,3720.6684
104652000,3712.2199,4964400,61670800,5410549600,69752990200,3648.5489,3717.7825,3642.4981,3720.6684
104657000,3711.5432,2831800,48065900,5413381400,69801056100,3648.5489,3717.7825,3642.4981,3720.6684
104702000,3711.0188,3925100,57209800,5417306500,69858265900,3648.5489,3717.7825,3642.4981,3720.6684
104707000,3711.4874,2759900,46176900,5420066400,69904442800,3648.5489,3717.7825,3642.4981,3720.6684
104712000,3710.7878,4136600,53424300,5424203000,69957867100,3648.5489,3717.7825,3642.4981,3720.6684
104717000,3710.8908,2770000,35724600,5426973000,69993591700,3648.5489,3717.7825,3642.4981,3720.6684
104722000,3710.485,3920700,44120400,5430893700,70037712100,3648.5489,3717.7825,3642.4981,3720.6684
104727000,3710.3141,3182800,41723900,5434076500,70079436000,3648.5489,3717.7825,3642.4981,3720.6684
104732000,3709.836,5215900,47488600,5439292400,70126924600,3648.5489,3717.7825,3642.4981,3720.6684
104737000,3710.0434,2756600,36699200,5442049000,70163623800,3648.5489,3717.7825,3642.4981,3720.6684
104742000,3709.4988,3366300,47756800,5445415300,70211380600,3648.5489,3717.7825,3642.4981,3720.6684
104747000,3709.0761,2972600,39002700,5448387900,70250383300,3648.5489,3717.7825,3642.4981,3720.6684
104752000,3709.9705,4570700,48257100,5452958600,70298640400,3648.5489,3717.7825,3642.4981,3720.6684
104757000,3709.3086,3158300,42840200,5456116900,70341480600,3648.5489,3717.7825,3642.4981,3720.6684
104802000,3709.5136,3189400,40136800,5459306300,70381617400,3648.5489,3717.7825,3642.4981,3720.6684
104807000,3709.2584,3069100,39598900,5462375400,70421216300,3648.5489,3717.7825,3642.4981,3720.6684
104812000,3709.6562,3099000,42283100,5465474400,70463499400,3648.5489,3717.7825,3642.4981,3720.6684
104817000,3708.7982,3033800,38209800,5468508200,70501709200,3648.5489,3717.7825,3642.4981,3720.6684
104822000,3709.262,3160100,40872700,5471668300,70542581900,3648.5489,3717.7825,3642.4981,3720.6684
104827000,3709.4892,2512900,44071600,5474181200,70586653500,3648.5489,3717.7825,3642.4981,3720.6684
104832000,3709.1822,3759500,52200500,5477940700,70638854000,3648.5489,3717.7825,3642.4981,3720.6684
104837000,3709.6167,3026100,37688400,5480966800,70676542400,3648.5489,3717.7825,3642.4981,3720.6684
104842000,3709.4332,3085900,37844500,5484052700,70714386900,3648.5489,3717.7825,3642.4981,3720.6684
104847000,3709.8941,2032600,25349500,5486085300,70739736400,3648.5489,3717.7825,3642.4981,3720.6684
104852000,3710.0698,4064000,49322100,5490149300,70789058500,3648.5489,3717.7825,3642.4981,3720.6684
104857000,3710.3953,3053200,43024600,5493202500,70832083100,3648.5489,3717.7825,3642.4981,3720.6684
104902000,3710.1232,3115600,39376100,5496318100,70871459200,3648.5489,3717.7825,3642.4981,3720.6684
104907000,3710.3428,2441500,31412400,5498759600,70902871600,3648.5489,3717.7825,3642.4981,3720.6684
104912000,3710.5678,2976700,40272200,5501736300,70943143800,3648.5489,3717.7825,3642.4981,3720.6684
104917000,3710.6657,2652000,31921100,5504388300,70975064900,3648.5489,3717.7825,3642.4981,3720.6684
104922000,3711.007,5511000,55627900,5509899300,71030692800,3648.5489,3717.7825,3642.4981,3720.6684
104927000,3711.0766,6041300,61875900,5515940600,71092568700,3648.5489,3717.7825,3642.4981,3720.6684
104932000,3710.9637,3401000,49688600,5519341600,71142257300,3648.5489,3717.7825,3642.4981,3720.6684
104937000,3711.36,3538100,41382700,5522879700,71183640000,3648.5489,3717.7825,3642.4981,3720.6684
104942000,3711.2014,2657700,35866600,5525537400,71219506600,3648.5489,3717.7825,3642.4981,3720.6684
104947000,3711.2068,3217700,28905000,5528755100,71248411600,3648.5489,3717.7825,3642.4981,3720.6684
104952000,3711.5295,3064800,45756900,5531819900,71294168500,3648.5489,3717.7825,3642.4981,3720.6684
104957000,3711.7277,2185900,30871800,5534005800,71325040300,3648.5489,3717.7825,3642.4981,3720.6684
105002000,3711.9076,3312900,40126100,5537318700,71365166400,3648.5489,3717.7825,3642.4981,3720.6684
105007000,3711.8685,3049600,41595700,5540368300,71406762100,3648.5489,3717.7825,3642.4981,3720.6684
105012000,3712.5765,2872600,38417600,5543240900,71445179700,3648.5489,3717.7825,3642.4981,3720.6684
105017000,3712.7074,3836000,35882400,5547076900,71481062100,3648.5489,3717.7825,3642.4981,3720.6684
105022000,3713.2926,3506800,44159200,5550583700,71525221300,3648.5489,3717.7825,3642.4981,3720.6684
105027000,3713.4995,2765900,42698100,5553349600,71567919400,3648.5489,3717.7825,3642.4981,3720.6684
105032000,3713.5468,2969300,53815700,5556318900,71621735100,3648.5489,3717.7825,3642.4981,3720.6684
105037000,3713.8319,3724300,35055200,5560043200,71656790300,3648.5489,3717.7825,3642.4981,3720.6684
105042000,3713.8391,6722300,63263900,5566765500,71720054200,3648.5489,3717.7825,3642.4981,3720.6684
105047000,3713.8451,2869700,35557100,5569635200,71755611300,3648.5489,3717.7825,3642.4981,3720.6684
105052000,3714.3661,3784700,57771700,5573419900,71813383000,3648.5489,3717.7825,3642.4981,3720.6684
105057000,3714.6745,2778100,37004800,5576198000,71850387800,3648.5489,3717.7825,3642.4981,3720.6684
105102000,3714.8091,4272900,53536000,5580470900,71903923800,3648.5489,3717.7825,3642.4981,3720.6684
105107000,3715.1194,3160000,40465300,5583630900,71944389100,3648.5489,3717.7825,3642.4981,3720.6684
105112000,3714.9607,3483600,42958300,5587114500,71987347400,3648.5489,3717.7825,3642.4981,3720.6684
105117000,3714.7639,2493500,36559800,5589608000,72023907200,3648.5489,3717.7825,3642.4981,3720.6684
105122000,3714.3775,3400300,40713000,5593008300,72064620200,3648.5489,3717.7825,3642.4981,3720.6684
105127000,3715.2567,2931800,35493100,5595940100,72100113300,3648.5489,3717.7825,3642.4981,3720.6684
105132000,3715.2816,5481300,48977500,5601421400,72149090800,3648.5489,3717.7825,3642.4981,3720.6684
105137000,3715.6425,2292900,32469700,5603714300,72181560500,3648.5489,3717.7825,3642.4981,3720.6684
105142000,3715.417,3294800,51346100,5607009100,72232906600,3648.5489,3717.7825,3642.4981,3720.6684
105147000,3715.6058,3335500,39659300,5610344600,72272565900,3648.5489,3717.7825,3642.4981,3720.6684
105152000,3715.6111,4342000,58411400,5614686600,72330977300,3648.5489,3717.7825,3642.4981,3720.6684
105157000,3716.2154,5373000,60000700,5620059600,72390978000,3648.5489,3717.7825,3642.4981,3720.6684
105202000,3716.4845,5878000,67577700,5625937600,72458555700,3648.5489,3717.7825,3642.4981,3720.6684
105207000,3716.2976,3917000,58593800,5629854600,72517149500,3648.5489,3717.7825,3642.4981,3720.6684
105212000,3716.3063,3577400,53065200,5633432000,72570214700,3648.5489,3717.7825,3642.4981,3720.6684
105217000,3715.4728,2516700,36386200,5635948700,72606600900,3648.5489,3717.7825,3642.4981,3720.6684
105222000,3714.5035,5394000,74000000,5641342700,72680600900,3648.5489,3717.7825,3642.4981,3720.6684
105227000,3713.4045,6940000,91524800,5648282700,72772125700,3648.5489,3717.7825,3642.4981,3720.6684
105232000,3711.6776,11587800,118659900,5659870500,72890785600,3648.5489,3717.7825,3642.4981,3720.6684
105237000,3711.6932,5818600,71059700,5665689100,72961845300,3648.5489,3717.7825,3642.4981,3720.6684
105242000,3711.6374,4550100,64718200,5670239200,73026563500,3648.5489,3717.7825,3642.4981,3720.6684
105247000,3711.1465,4324200,51319300,5674563400,73077882800,3648.5489,3717.7825,3642.4981,3720.6684
105252000,3710.9072,5199800,74429000,5679763200,73152311800,3648.5489,3717.7825,3642.4981,3720.6684
105257000,3710.4558,4452400,52836700,5684215600,73205148500,3648.5489,3717.7825,3642.4981,3720.6684
105302000,3709.9784,4115400,49007400,5688331000,73254155900,3648.5489,3717.7825,3642.4981,3720.6684
105307000,3709.8547,2715600,38470900,5691046600,73292626800,3648.5489,3717.7825,3642.4981,3720.6684
105312000,3709.2277,3748400,53038700,5694795000,73345665500,3648.5489,3717.7825,3642.4981,3720.6684
105317000,3709.5194,2849400,37437200,5697644400,73383102700,3648.5489,3717.7825,3642.4981,3720.6684
105322000,3709.0297,4774300,57161500,5702418700,73440264200,3648.5489,3717.7825,3642.4981,3720.6684
105327000,3708.8964,3673800,44160600,5706092500,73484424800,3648.5489,3717.7825,3642.4981,3720.6684
105332000,3708.9919,3178700,40274700,5709271200,73524699500,3648.5489,3717.7825,3642.4981,3720.6684
105337000,3708.9659,2988200,42807300,5712259400,73567506800,3648.5489,3717.7825,3642.4981,3720.6684
105342000,3709.1766,2728800,41556000,5714988200,73609062800,3648.5489,3717.7825,3642.4981,3720.6684
105347000,3709.0428,2322600,27807500,5717310800,73636870300,3648.5489,3717.7825,3642.4981,3720.6684
105352000,3708.7334,4002200,45852800,5721313000,73682723100,3648.5489,3717.7825,3642.4981,3720.6684
105357000,3708.5166,4354300,56673500,5725667300,73739396600,3648.5489,3717.7825,3642.4981,3720.6684
105402000,3708.0863,4488500,50695300,5730155800,73790091900,3648.5489,3717.7825,3642.4981,3720.6684
105407000,3708.4258,3044700,31791900,5733200500,73821883800,3648.5489,3717.7825,3642.4981,3720.6684
105412000,3707.9017,3855600,42552600,5737056100,73864436400,3648.5489,3717.7825,3642.4981,3720.6684
105417000,3707.9716,3748900,33343500,5740805000,73897779900,3648.5489,3717.7825,3642.4981,3720.6684
105422000,3707.7878,3532800,39124300,5744337800,73936904200,3648.5489,3717.7825,3642.4981,3720.6684
105427000,3707.718,4173400,42722400,5748511200,73979626600,3648.5489,3717.7825,3642.4981,3720.6684
105432000,3707.4525,2977300,38324400,5751488500,74017951000,3648.5489,3717.7825,3642.4981,3720.6684
105437000,3707.3877,2918600,35896500,5754407100,74053847500,3648.5489,3717.7825,3642.4981,3720.6684
105442000,3706.9733,3625000,36263000,5758032100,74090110500,3648.5489,3717.7825,3642.4981,3720.6684
105447000,3707.0457,3444800,33804400,5761476900,74123914900,3648.5489,3717.7825,3642.4981,3720.6684
105452000,3706.4778,5435300,61764600,5766912200,74185679500,3648.5489,3717.7825,3642.4981,3720.6684
105457000,3705.7129,3908400,51346400,5770820600,74237025900,3648.5489,3717.7825,3642.4981,3720.6684
105502000,3704.5621,4790400,56278200,5775611000,74293304100,3648.5489,3717.7825,3642.4981,3720.6684
105507000,3704.7617,4649400,51465200,5780260400,74344769300,3648.5489,3717.7825,3642.4981,3720.6684
105512000,3704.2413,3227500,36777300,5783487900,74381546600,3648.5489,3717.7825,3642.4981,3720.6684
105517000,3704.1214,3992800,34702700,5787480700,74416249300,3648.5489,3717.7825,3642.4981,3720.6684
105522000,3703.8643,3695200,53967800,5791175900,74470217100,3648.5489,3717.7825,3642.4981,3720.6684
105527000,3703.7982,3559800,42954500,5794735700,74513171600,3648.5489,3717.7825,3642.4981,3720.6684
105532000,3703.6367,3410500,36507500,5798146200,74549679100,3648.5489,3717.7825,3642.4981,3720.6684
105537000,3702.9457,2578100,35479700,5800724300,74585158800,3648.5489,3717.7825,3642.4981,3720.6684
105542000,3702.8578,3255000,38848200,5803979300,74624007000,3648.5489,3717.7825,3642.4981,3720.6684
105547000,3702.6764,2290100,27961400,5806269400,74651968400,3648.5489,3717.7825,3642.4981,3720.6684
105552000,3702.6583,3175500,40109500,5809444900,74692077900,3648.5489,3717.7825,3642.4981,3720.6684
105557000,3702.5193,2835700,39675400,5812280600,74731753300,3648.5489,3717.7825,3642.4981,3720.6684
105602000,3702.0931,4157500,44380600,5816438100,74776133900,3648.5489,3717.7825,3642.4981,3720.6684
105607000,3701.9424,2456900,30914200,5818895000,74807048100,3648.5489,3717.7825,3642.4981,3720.6684
105612000,3701.7481,2653200,33614700,5821548200,74840662800,3648.5489,3717.7825,3642.4981,3720.6684
105617000,3701.7575,3930000,34295800,5825478200,74874958600,3648.5489,3717.7825,3642.4981,3720.6684
105622000,3701.1023,6125800,47847200,5831604000,74922805800,3648.5489,3717.7825,3642.4981,3720.6684
105627000,3701.2246,3158800,35551700,5834762800,74958357500,3648.5489,3717.7825,3642.4981,3720.6684
105632000,3700.8301,4113400,41825300,5838876200,75000182800,3648.5489,3717.7825,3642.4981,3720.6684
105637000,3700.4447,2406900,37312200,5841283100,75037495000,3648.5489,3717.7825,3642.4981,3720.6684
105642000,3700.2121,1632300,24558400,5842915400,75062053400,3648.5489,3717.7825,3642.4981,3720.6684
105647000,3700.0548,1989900,25016700,5844905300,75087070100,3648.5489,3717.7825,3642.4981,3720.6684
105652000,3699.8406,3167400,37611700,5848072700,75124681800,3648.5489,3717.7825,3642.4981,3720.6684
105657000,3699.9303,2558200,37708700,5850630900,75162390500,3648.5489,3717.7825,3642.4981,3720.6684
105702000,3700.1038,3269200,36224700,5853900100,75198615200,3648.5489,3717.7825,3642.4981,3720.6684
105707000,3700.0705,2099900,32952900,5856000000,75231568100,3648.5489,3717.7825,3642.4981,3720.6684
105712000,3700.118,1711700,24422600,5857711700,75255990700,3648.5489,3717.7825,3642.4981,3720.6684
105717000,3700.0197,2439300,25766100,5860151000,75281756800,3648.5489,3717.7825,3642.4981,3720.6684
105722000,3699.9451,2608900,33991700,5862759900,75315748500,3648.5489,3717.7825,3642.4981,3720.6684
105727000,3699.8697,2279900,30700300,5865039800,75346448800,3648.5489,3717.7825,3642.4981,3720.6684
105732000,3699.9981,3228200,36594600,5868268000,75383043400,3648.5489,3717.7825,3642.4981,3720.6684
105737000,3699.8155,2995700,33948300,5871263700,75416991700,3648.5489,3717.7825,3642.4981,3720.6684
105742000,3699.8678,2377100,32957200,5873640800,75449948900,3648.5489,3717.7825,3642.4981,3720.6684
105747000,3699.6529,1946800,26364400,5875587600,75476313300,3648.5489,3717.7825,3642.4981,3720.6684
105752000,3699.8864,2756500,36989800,5878344100,75513303100,3648.5489,3717.7825,3642.4981,3720.6684
105757000,3699.7053,2295300,26892200,5880639400,75540195300,3648.5489,3717.7825,3642.4981,3720.6684
105802000,3699.5934,2362900,35516000,5883002300,75575711300,3648.5489,3717.7825,3642.4981,3720.6684
105807000,3699.4328,1829700,29278500,5884832000,75604989800,3648.5489,3717.7825,3642.4981,3720.6684
105812000,3700.0151,2019000,26365200,5886851000,75631355000,3648.5489,3717.7825,3642.4981,3720.6684
105817000,3699.9073,3577800,29794800,5890428800,75661149800,3648.5489,3717.7825,3642.4981,3720.6684
105822000,3700.0125,3101400,36309600,5893530200,75697459400,3648.5489,3717.7825,3642.4981,3720.6684
105827000,3700.4645,1817300,28446500,5895347500,75725905900,3648.5489,3717.7825,3642.4981,3720.6684
105832000,3700.7499,2762000,37300400,5898109500,75763206300,3648.5489,3717.7825,3642.4981,3720.6684
105837000,3700.3311,2538800,30965700,5900648300,75794172000,3648.5489,3717.7825,3642.4981,3720.6684
105842000,3700.7005,2168200,33041800,5902816500,75827213800,3648.5489,3717.7825,3642.4981,3720.6684
105847000,3700.682,1971400,26873900,5904787900,75854087700,3648.5489,3717.7825,3642.4981,3720.6684
105852000,3701.5882,3177900,37216000,5907965800,75891303700,3648.5489,3717.7825,3642.4981,3720.6684
105857000,3701.7135,2213000,29065700,5910178800,75920369400,3648.5489,3717.7825,3642.4981,3720.6684
105902000,3702.5148,3591900,43412700,5913770700,75963782100,3648.5489,3717.7825,3642.4981,3720.6684
105907000,3702.4191,1798000,25912600,5915568700,75989694700,3648.5489,3717.7825,3642.4981,3720.6684
105912000,3702.8991,2469700,35925100,5918038400,76025619800,3648.5489,3717.7825,3642.4981,3720.6684
105917000,3702.8605,2593300,30069200,5920631700,76055689000,3648.5489,3717.7825,3642.4981,3720.6684
105922000,3703.2562,2002000,29636300,5922633700,76085325300,3648.5489,3717.7825,3642.4981,3720.6684
105927000,3703.4193,2413400,26207600,5925047100,76111532900,3648.5489,3717.7825,3642.4981,3720.6684
105932000,3703.7227,2414600,26973400,5927461700,76138506300,3648.5489,3717.7825,3642.4981,3720.6684
105937000,3703.7224,1740500,25955300,5929202200,76164461600,3648.5489,3717.7825,3642.4981,3720.6684
105942000,3703.6565,1834900,28433600,5931037100,76192895200,3648.5489,3717.7825,3642.4981,3720.6684
105947000,3703.6784,1574100,18076000,5932611200,76210971200,3648.5489,3717.7825,3642.4981,3720.6684
105952000,3703.1991,2511500,29744900,5935122700,76240716100,3648.5489,3717.7825,3642.4981,3720.6684
105957000,3703.6561,2980900,33930200,5938103600,76274646300,3648.5489,3717.7825,3642.4981,3720.6684
110002000,3703.4984,2365700,27182400,5940469300,76301828700,3648.5489,3717.7825,3642.4981,3720.6684
110007000,3704.2314,2006600,20650400,5942475900,76322479100,3648.5489,3717.7825,3642.4981,3720.6684
110012000,3704.3122,1672800,25582400,5944148700,76348061500,3648.5489,3717.7825,3642.4981,3720.6684
110017000,3704.4609,1460200,18523600,5945608900,76366585100,3648.5489,3717.7825,3642.4981,3720.6684
110022000,3704.1418,2375600,34168100,5947984500,76400753200,3648.5489,3717.7825,3642.4981,3720.6684
110027000,3702.6167,4223200,54671500,5952207700,76455424700,3648.5489,3717.7825,3642.4981,3720.6684
110032000,3701.5684,5453600,60107600,5957661300,76515532300,3648.5489,3717.7825,3642.4981,3720.6684
110037000,3701.7017,5158800,59510200,5962820100,76575042500,3648.5489,3717.7825,3642.4981,3720.6684
110042000,3701.5283,3730900,43062400,5966551000,76618104900,3648.5489,3717.7825,3642.4981,3720.6684
110047000,3701.6701,2231300,26176500,5968782300,76644281400,3648.5489,3717.7825,3642.4981,3720.6684
110052000,3701.9744,3207300,40947000,5971989600,76685228400,3648.5489,3717.7825,3642.4981,3720.6684
110057000,3701.4176,2226000,31293800,5974215600,76716522200,3648.5489,3717.7825,3642.4981,3720.6684
110102000,3701.9112,2352900,29485400,5976568500,76746007600,3648.5489,3717.7825,3642.4981,3720.6684
110107000,3702.2042,1807000,26588600,5978375500,76772596200,3648.5489,3717.7825,3642.4981,3720.6684
110112000,3702.2825,1945000,28283000,5980320500,76800879200,3648.5489,3717.7825,3642.4981,3720.6684
110117000,3701.9518,2661700,23563500,5982982200,76824442700,3648.5489,3717.7825,3642.4981,3720.6684
110122000,3702.4624,1721700,29693500,5984703900,76854136200,3648.5489,3717.7825,3642.4981,3720.6684
110127000,3702.2501,1997600,23756100,5986701500,76877892300,3648.5489,3717.7825,3642.4981,3720.6684
110132000,3702.1648,2867100,26314200,5989568600,76904206500,3648.5489,3717.7825,3642.4981,3720.6684
110137000,3702.1885,2029900,23013700,5991598500,76927220200,3648.5489,3717.7825,3642.4981,3720.6684
110142000,3702.4768,1392000,19153600,5992990500,76946373800,3648.5489,3717.7825,3642.4981,3720.6684
110147000,3702.0086,2652300,22611800,5995642800,76968985600,3648.5489,3717.7825,3642.4981,3720.6684
110152000,3702.0634,3309200,36890800,5998952000,77005876400,3648.5489,3717.7825,3642.4981,3720.6684
110157000,3701.5196,1725900,24545000,6000677900,77030421400,3648.5489,3717.7825,3642.4981,3720.6684
110202000,3701.7991,4301000,42705500,6004978900,77073126900,3648.5489,3717.7825,3642.4981,3720.6684
110207000,3702.0832,2665500,28067100,6007644400,77101194000,3648.5489,3717.7825,3642.4981,3720.6684
110212000,3702.1413,2426200,30138500,6010070600,77131332500,3648.5489,3717.7825,3642.4981,3720.6684
110217000,3702.6715,2020600,23246000,6012091200,77154578500,3648.5489,3717.7825,3642.4981,3720.6684
110222000,3702.8508,3046000,41209300,6015137200,77195787800,3648.5489,3717.7825,3642.4981,3720.6684
110227000,3703.37,2271300,29792500,6017408500,77225580300,3648.5489,3717.7825,3642.4981,3720.6684
110232000,3703.3272,2765600,41535800,6020174100,77267116100,3648.5489,3717.7825,3642.4981,3720.6684
110237000,3703.4392,2130800,31222800,6022304900,77298338900,3648.5489,3717.7825,3642.4981,3720.6684
110242000,3703.9155,1634100,27735300,6023939000,77326074200,3648.5489,3717.7825,3642.4981,3720.6684
110247000,3703.9217,1610700,19814300,6025549700,77345888500,3648.5489,3717.7825,3642.4981,3720.6684
110252000,3703.6093,2347200,27952400,6027896900,77373840900,3648.5489,3717.7825,3642.4981,3720.6684
110257000,3703.3257,1619500,24452100,6029516400,77398293000,3648.5489,3717.7825,3642.4981,3720.6684
110302000,3703.2162,1473300,22450200,6030989700,77420743200,3648.5489,3717.7825,3642.4981,3720.6684
110307000,3703.9685,2169300,22246000,6033159000,77442989200,3648.5489,3717.7825,3642.4981,3720.6684
110312000,3704.1362,1968200,23791600,6035127200,77466780800,3648.5489,3717.7825,3642.4981,3720.6684
110317000,3704.2533,2102900,23869600,6037230100,77490650400,3648.5489,3717.7825,3642.4981,3720.6684
110322000,3704.1298,2422300,33687300,6039652400,77524337700,3648.5489,3717.7825,3642.4981,3720.6684
110327000,3704.2086,1492300,19782600,6041144700,77544120300,3648.5489,3717.7825,3642.4981,3720.6684
110332000,3704.4975,1640600,19069000,6042785300,77563189300,3648.5489,3717.7825,3642.4981,3720.6684
110337000,3704.385,1669500,23185400,6044454800,77586374700,3648.5489,3717.7825,3642.4981,3720.6684
110342000,3704.4864,1514100,19348900,6045968900,77605723600,3648.5489,3717.7825,3642.4981,3720.6684
110347000,3704.8075,1398200,17030900,6047367100,77622754500,3648.5489,3717.7825,3642.4981,3720.6684
110352000,3704.3279,2033000,27247400,6049400100,77650001900,3648.5489,3717.7825,3642.4981,3720.6684
110357000,3703.3905,2706200,31721000,6052106300,77681722900,3648.5489,3717.7825,3642.4981,3720.6684
110402000,3703.5776,3452300,51392900,6055558600,77733115800,3648.5489,3717.7825,3642.4981,3720.6684
110407000,3702.6655,2818800,44827700,6058377400,77777943500,3648.5489,3717.7825,3642.4981,3720.6684
110412000,3702.306,2641900,32834300,6061019300,77810777800,3648.5489,3717.7825,3642.4981,3720.6684
110417000,3702.6605,2176900,28329100,6063196200,77839106900,3648.5489,3717.7825,3642.4981,3720.6684
110422000,3702.7377,2260200,34693200,6065456400,77873800100,3648.5489,3717.7825,3642.4981,3720.6684
110427000,3702.7014,1514700,25252400,6066971100,77899052500,3648.5489,3717.7825,3642.4981,3720.6684
110432000,3703.0073,2472800,33766200,6069443900,77932818700,3648.5489,3717.7825,3642.4981,3720.6684
110437000,3702.731,1901700,27191800,6071345600,77960010500,3648.5489,3717.7825,3642.4981,3720.6684
110442000,3703.1643,1198700,18274800,6072544300,77978285300,3648.5489,3717.7825,3642.4981,3720.6684
110447000,3703.0688,1394900,19420200,6073939200,77997705500,3648.5489,3717.7825,3642.4981,3720.6684
110452000,3703.2658,2407200,33604300,6076346400,78031309800,3648.5489,3717.7825,3642.4981,3720.6684
110457000,3703.0215,1882200,28992500,6078228600,78060302300,3648.5489,3717.7825,3642.4981,3720.6684
110502000,3702.8776,1327000,19840500,6079555600,78080142800,3648.5489,3717.7825,3642.4981,3720.6684
110507000,3702.192,1592500,27567800,6081148100,78107710600,3648.5489,3717.7825,3642.4981,3720.6684
110512000,3702.5417,2121200,34850000,6083269300,78142560600,3648.5489,3717.7825,3642.4981,3720.6684
110517000,3702.2014,1848400,35768100,6085117700,78178328700,3648.5489,3717.7825,3642.4981,3720.6684
110522000,3701.6745,3908000,47794700,6089025700,78226123400,3648.5489,3717.7825,3642.4981,3720.6684
110527000,3701.4492,2602000,32818200,6091627700,78258941600,3648.5489,3717.7825,3642.4981,3720.6684
110532000,3701.6526,1980000,26394400,6093607700,78285336000,3648.5489,3717.7825,3642.4981,3720.6684
110537000,3700.2585,3478500,44416200,6097086200,78329752200,3648.5489,3717.7825,3642.4981,3720.6684
110542000,3699.6982,4811400,67039500,6101897600,78396791700,3648.5489,3717.7825,3642.4981,3720.6684
110547000,3699.0505,5367400,58507400,6107265000,78455299100,3648.5489,3717.7825,3642.4981,3720.6684
110552000,3697.714,4970400,71243900,6112235400,78526543000,3648.5489,3717.7825,3642.4981,3720.6684
110557000,3697.3076,3279100,47120900,6115514500,78573663900,3648.5489,3717.7825,3642.4981,3720.6684
110602000,3697.5654,4087300,50242600,6119601800,78623906500,3648.5489,3717.7825,3642.4981,3720.6684
110607000,3697.2317,3667000,44060700,6123268800,78667967200,3648.5489,3717.7825,3642.4981,3720.6684
110612000,3696.9591,4005600,49744900,6127274400,78717712100,3648.5489,3717.7825,3642.4981,3720.6684
110617000,3696.8099,3123200,42476400,6130397600,78760188500,3648.5489,3717.7825,3642.4981,3720.6684
110622000,3697.3269,3956300,60260800,6134353900,78820449300,3648.5489,3717.7825,3642.4981,3720.6684
110627000,3698.1663,2631500,42280100,6136985400,78862729400,3648.5489,3717.7825,3642.4981,3720.6684
110632000,3698.9789,4001600,48630400,6140987000,78911359800,3648.5489,3717.7825,3642.4981,3720.6684
110637000,3698.9605,3920200,52746100,6144907200,78964105900,3648.5489,3717.7825,3642.4981,3720.6684
110642000,3698.9557,2505300,33958500,6147412500,78998064400,3648.5489,3717.7825,3642.4981,3720.6684
110647000,3699.1731,1925400,26130100,6149337900,79024194500,3648.5489,3717.7825,3642.4981,3720.6684
110652000,3699.705,3365400,52317700,6152703300,79076512200,3648.5489,3717.7825,3642.4981,3720.6684
110657000,3699.2664,3366500,47013500,6156069800,79123525700,3648.5489,3717.7825,3642.4981,3720.6684
110702000,3700.8364,6838700,67879500,6162908500,79191405200,3648.5489,3717.7825,3642.4981,3720.6684
110707000,3701.9154,5292700,64369600,6168201200,79255774800,3648.5489,3717.7825,3642.4981,3720.6684
110712000,3704.7818,7181700,103821800,6175382900,79359596600,3648.5489,3717.7825,3642.4981,3720.6684
110717000,3706.9202,9422200,107950600,6184805100,79467547200,3648.5489,3717.7825,3642.4981,3720.6684
110722000,3708.9172,12308600,140783100,6197113700,79608330300,3648.5489,3717.7825,3642.4981,3720.6684
110727000,3709.597,10452700,104536000,6207566400,79712866300,3648.5489,3717.7825,3642.4981,3720.6684
110732000,3709.6238,6511700,65181100,6214078100,79778047400,3648.5489,3717.7825,3642.4981,3720.6684
110737000,3709.8438,4003400,43620300,6218081500,79821667700,3648.5489,3717.7825,3642.4981,3720.6684
110742000,3709.7186,4822500,54760100,6222904000,79876427800,3648.5489,3717.7825,3642.4981,3720.6684
110747000,3709.5614,3995200,39136400,6226899200,79915564200,3648.5489,3717.7825,3642.4981,3720.6684
110752000,3709.653,3878900,50657900,6230778100,79966222100,3648.5489,3717.7825,3642.4981,3720.6684
110757000,3709.1753,2678300,35807500,6233456400,80002029600,3648.5489,3717.7825,3642.4981,3720.6684
110802000,3709.2613,2827500,35319300,6236283900,80037348900,3648.5489,3717.7825,3642.4981,3720.6684
110807000,3708.9417,2577500,27981800,6238861400,80065330700,3648.5489,3717.7825,3642.4981,3720.6684
110812000,3709.0058,2862800,38018600,6241724200,80103349300,3648.5489,3717.7825,3642.4981,3720.6684
110817000,3707.6978,2493900,32862400,6244218100,80136211700,3648.5489,3717.7825,3642.4981,3720.6684
110822000,3708.5236,4971900,49377900,6249190000,80185589600,3648.5489,3717.7825,3642.4981,3720.6684
110827000,3708.0927,2470900,32139400,6251660900,80217729000,3648.5489,3717.7825,3642.4981,3720.6684
110832000,3707.9311,3486100,41125200,6255147000,80258854200,3648.5489,3717.7825,3642.4981,3720.6684
110837000,3706.5959,4191200,45261300,6259338200,80304115500,3648.5489,3717.7825,3642.4981,3720.6684
110842000,3704.8798,5668900,62713400,6265007100,80366828900,3648.5489,3717.7825,3642.4981,3720.6684
110847000,3704.0555,3494200,44275500,6268501300,80411104400,3648.5489,3717.7825,3642.4981,3720.6684
110852000,3703.4045,3534000,53964600,6272035300,80465069000,3648.5489,3717.7825,3642.4981,3720.6684
110857000,3703.9666,2195200,26988100,6274230500,80492057100,3648.5489,3717.7825,3642.4981,3720.6684
110902000,3704.036,2708700,31061700,6276939200,80523118800,3648.5489,3717.7825,3642.4981,3720.6684
110907000,3704.3784,1924600,19492000,6278863800,80542610800,3648.5489,3717.7825,3642.4981,3720.6684
110912000,3704.4032,1605900,18796400,6280469700,80561407200,3648.5489,3717.7825,3642.4981,3720.6684
110917000,3704.3298,2878200,30828300,6283347900,80592235500,3648.5489,3717.7825,3642.4981,3720.6684
110922000,3704.4192,2969100,30415400,6286317000,80622650900,3648.5489,3717.7825,3642.4981,3720.6684
110927000,3704.2463,1372600,23994300,6287689600,80646645200,3648.5489,3717.7825,3642.4981,3720.6684
110932000,3703.7438,2428800,32176400,6290118400,80678821600,3648.5489,3717.7825,3642.4981,3720.6684
110937000,3703.8642,1928300,20847700,6292046700,80699669300,3648.5489,3717.7825,3642.4981,3720.6684
110942000,3703.8473,1512000,22584400,6293558700,80722253700,3648.5489,3717.7825,3642.4981,3720.6684
110947000,3704.1032,1506200,16481300,6295064900,80738735000,3648.5489,3717.7825,3642.4981,3720.6684
110952000,3703.6806,2278900,28150600,6297343800,80766885600,3648.5489,3717.7825,3642.4981,3720.6684
110957000,3703.9854,1060400,17340800,6298404200,80784226400,3648.5489,3717.7825,3642.4981,3720.6684
111002000,3704.0561,2294100,27093600,6300698300,80811320000,3648.5489,3717.7825,3642.4981,3720.6684
111007000,3703.6611,1658300,19180300,6302356600,80830500300,3648.5489,3717.7825,3642.4981,3720.6684
111012000,3704.18,1299500,17439000,6303656100,80847939300,3648.5489,3717.7825,3642.4981,3720.6684
111017000,3704.381,1291200,15112600,6304947300,80863051900,3648.5489,3717.7825,3642.4981,3720.6684
111022000,3704.2696,1946200,24327200,6306893500,80887379100,3648.5489,3717.7825,3642.4981,3720.6684
111027000,3704.3768,1353000,18646400,6308246500,80906025500,3648.5489,3717.7825,3642.4981,3720.6684
111032000,3703.8744,2250600,26078700,6310497100,80932104200,3648.5489,3717.7825,3642.4981,3720.6684
111037000,3704.2313,1739600,17241600,6312236700,80949345800,3648.5489,3717.7825,3642.4981,3720.6684
111042000,3703.9976,1346000,18439200,6313582700,80967785000,3648.5489,3717.7825,3642.4981,3720.6684
111047000,3704.5127,1411800,20357500,6314994500,80988142500,3648.5489,3717.7825,3642.4981,3720.6684
111052000,3704.7699,2895400,33221400,6317889900,81021363900,3648.5489,3717.7825,3642.4981,3720.6684
111057000,3704.1355,1282900,17708200,6319172800,81039072100,3648.5489,3717.7825,3642.4981,3720.6684
111102000,3704.5508,1851300,26709800,6321024100,81065781900,3648.5489,3717.7825,3642.4981,3720.6684
111107000,3704.9552,1667000,19977400,6322691100,81085759300,3648.5489,3717.7825,3642.4981,3720.6684
111112000,3704.5112,2347100,24661300,6325038200,81110420600,3648.5489,3717.7825,3642.4981,3720.6684
111117000,3704.3249,1742300,23804400,6326780500,81134225000,3648.5489,3717.7825,3642.4981,3720.6684
111122000,3702.9335,4093200,46992400,6330873700,81181217400,3648.5489,3717.7825,3642.4981,3720.6684
111127000,3702.8355,3547200,48401000,6334420900,81229618400,3648.5489,3717.7825,3642.4981,3720.6684
111132000,3701.5396,5281900,63316200,6339702800,81292934600,3648.5489,3717.7825,3642.4981,3720.6684
111137000,3700.9137,3754600,47502000,6343457400,81340436600,3648.5489,3717.7825,3642.4981,3720.6684
111142000,3700.2768,2485800,33396200,6345943200,81373832800,3648.5489,3717.7825,3642.4981,3720.6684
111147000,3700.7751,1596300,22933600,6347539500,81396766400,3648.5489,3717.7825,3642.4981,3720.6684
111152000,3700.4315,2792500,38253800,6350332000,81435020200,3648.5489,3717.7825,3642.4981,3720.6684
111157000,3700.4711,1799000,27707000,6352131000,81462727200,3648.5489,3717.7825,3642.4981,3720.6684
111202000,3700.7964,2103600,26560200,6354234600,81489287400,3648.5489,3717.7825,3642.4981,3720.6684
111207000,3700.8546,2650600,29734800,6356885200,81519022200,3648.5489,3717.7825,3642.4981,3720.6684
111212000,3700.8449,1576700,23477800,6358461900,81542500000,3648.5489,3717.7825,3642.4981,3720.6684
111217000,3700.4263,1326200,17981100,6359788100,81560481100,3648.5489,3717.7825,3642.4981,3720.6684
111222000,3700.7321,2038300,25765200,6361826400,81586246300,3648.5489,3717.7825,3642.4981,3720.6684
111227000,3700.9822,2375800,28706800,6364202200,81614953100,3648.5489,3717.7825,3642.4981,3720.6684
111232000,3700.9257,1882700,27289200,6366084900,81642242300,3648.5489,3717.7825,3642.4981,3720.6684
111237000,3701.2015,2019700,22017700,6368104600,81664260000,3648.5489,3717.7825,3642.4981,3720.6684
111242000,3701.0759,2015700,26485900,6370120300,81690745900,3648.5489,3717.7825,3642.4981,3720.6684
111247000,3701.1452,2030200,22803400,6372150500,81713549300,3648.5489,3717.7825,3642.4981,3720.6684
111252000,3701.1475,2062000,32090200,6374212500,81745639500,3648.5489,3717.7825,3642.4981,3720.6684
111257000,3701.4876,1565600,30523700,6375778100,81776163200,3648.5489,3717.7825,3642.4981,3720.6684
111302000,3701.7547,1623200,23084400,6377401300,81799247600,3648.5489,3717.7825,3642.4981,3720.6684
111307000,3701.4599,1278700,17434000,6378680000,81816681600,3648.5489,3717.7825,3642.4981,3720.6684
111312000,3701.9324,2397800,26543700,6381077800,81843225300,3648.5489,3717.7825,3642.4981,3720.6684
111317000,3701.5465,1850400,18004200,6382928200,81861229500,3648.5489,3717.7825,3642.4981,3720.6684
111322000,3701.5622,2221600,28628700,6385149800,81889858200,3648.5489,3717.7825,3642.4981,3720.6684
111327000,3701.8873,1148600,22151500,6386298400,81912009700,3648.5489,3717.7825,3642.4981,3720.6684
111332000,3702.207,1305200,16682700,6387603600,81928692400,3648.5489,3717.7825,3642.4981,3720.6684
111337000,3701.7981,2018700,24849000,6389622300,81953541400,3648.5489,3717.7825,3642.4981,3720.6684
111342000,3701.9691,1950600,24854800,6391572900,81978396200,3648.5489,3717.7825,3642.4981,3720.6684
111347000,3701.8198,1162200,14400000,6392735100,81992796200,3648.5489,3717.7825,3642.4981,3720.6684
111352000,3702.0144,1992700,28470900,6394727800,82021267100,3648.5489,3717.7825,3642.4981,3720.6684
111357000,3702.0025,1222800,17811200,6395950600,82039078300,3648.5489,3717.7825,3642.4981,3720.6684
111402000,3702.3182,1671500,19810900,6397622100,82058889200,3648.5489,3717.7825,3642.4981,3720.6684
111407000,3702.1101,1621700,19268400,6399243800,82078157600,3648.5489,3717.7825,3642.4981,3720.6684
111412000,3701.9317,1609100,21642900,6400852900,82099800500,3648.5489,3717.7825,3642.4981,3720.6684
111417000,3701.8054,1357800,16983700,6402210700,82116784200,3648.5489,3717.7825,3642.4981,3720.6684
111422000,3701.9211,2076200,38937000,6404286900,82155721200,3648.5489,3717.7825,3642.4981,3720.6684
111427000,3702.1091,1514800,19137900,6405801700,82174859100,3648.5489,3717.7825,3642.4981,3720.6684
111432000,3701.9321,1699200,20733300,6407500900,82195592400,3648.5489,3717.7825,3642.4981,3720.6684
111437000,3702.0006,1359100,27275500,6408860000,82222867900,3648.5489,3717.7825,3642.4981,3720.6684
111442000,3701.9352,2556200,30474500,6411416200,82253342400,3648.5489,3717.7825,3642.4981,3720.6684
111447000,3702.0062,1030200,14945600,6412446400,82268288000,3648.5489,3717.7825,3642.4981,3720.6684
111452000,3702.3358,2008500,26645100,6414454900,82294933100,3648.5489,3717.7825,3642.4981,3720.6684
111457000,3702.274,1475900,20277800,6415930800,82315210900,3648.5489,3717.7825,3642.4981,3720.6684
111502000,3702.2843,2284600,27663700,6418215400,82342874600,3648.5489,3717.7825,3642.4981,3720.6684
111507000,3702.1383,1423200,19448700,6419638600,82362323300,3648.5489,3717.7825,3642.4981,3720.6684
111512000,3702.3826,1710900,28031500,6421349500,82390354800,3648.5489,3717.7825,3642.4981,3720.6684
111517000,3702.5109,988200,16629800,6422337700,82406984600,3648.5489,3717.7825,3642.4981,3720.6684
111522000,3702.7034,1732900,26822700,6424070600,82433807300,3648.5489,3717.7825,3642.4981,3720.6684
111527000,3702.3845,1623600,23431500,6425694200,82457238800,3648.5489,3717.7825,3642.4981,3720.6684
111532000,3703.0237,2301300,31798400,6427995500,82489037200,3648.5489,3717.7825,3642.4981,3720.6684
111537000,3703.2696,2722500,33811400,6430718000,82522848600,3648.5489,3717.7825,3642.4981,3720.6684
111542000,3703.7041,2470700,38876200,6433188700,82561724800,3648.5489,3717.7825,3642.4981,3720.6684
111547000,3703.8183,1894500,25811500,6435083200,82587536300,3648.5489,3717.7825,3642.4981,3720.6684
111552000,3704.2174,3031600,40364200,6438114800,82627900500,3648.5489,3717.7825,3642.4981,3720.6684
111557000,3704.506,2233200,31043700,6440348000,82658944200,3648.5489,3717.7825,3642.4981,3720.6684
111602000,3705.3187,3512500,42442700,6443860500,82701386900,3648.5489,3717.7825,3642.4981,3720.6684
111607000,3705.0846,3294800,40065900,6447155300,82741452800,3648.5489,3717.7825,3642.4981,3720.6684
111612000,3705.2553,1903200,27628900,6449058500,82769081700,3648.5489,3717.7825,3642.4981,3720.6684
111617000,3705.2645,2218800,19143100,6451277300,82788224800,3648.5489,3717.7825,3642.4981,3720.6684
111622000,3705.1897,2374800,31267500,6453652100,82819492300,3648.5489,3717.7825,3642.4981,3720.6684
111627000,3705.225,1618600,23995500,6455270700,82843487800,3648.5489,3717.7825,3642.4981,3720.6684
111632000,3705.1683,2415000,25202200,6457685700,82868690000,3648.5489,3717.7825,3642.4981,3720.6684
111637000,3705.6682,2394400,26235900,6460080100,82894925900,3648.5489,3717.7825,3642.4981,3720.6684
111642000,3705.8271,1596200,23235400,6461676300,82918161300,3648.5489,3717.7825,3642.4981,3720.6684
111647000,3705.7064,2613800,24063300,6464290100,82942224600,3648.5489,3717.7825,3642.4981,3720.6684
111652000,3705.7153,2333500,28880400,6466623600,82971105000,3648.5489,3717.7825,3642.4981,3720.6684
111657000,3705.9832,1636400,22467900,6468260000,82993572900,3648.5489,3717.7825,3642.4981,3720.6684
111702000,3706.2794,1983200,26023500,6470243200,83019596400,3648.5489,3717.7825,3642.4981,3720.6684
111707000,3706.2302,2058300,25531300,6472301500,83045127700,3648.5489,3717.7825,3642.4981,3720.6684
111712000,3706.35,2063300,25956800,6474364800,83071084500,3648.5489,3717.7825,3642.4981,3720.6684
111717000,3706.1157,2644600,26533000,6477009400,83097617500,3648.5489,3717.7825,3642.4981,3720.6684
111722000,3706.4552,3211000,33412900,6480220400,83131030400,3648.5489,3717.7825,3642.4981,3720.6684
111727000,3706.3269,2439900,30781900,6482660300,83161812300,3648.5489,3717.7825,3642.4981,3720.6684
111732000,3706.4648,2924400,31836100,6485584700,83193648400,3648.5489,3717.7825,3642.4981,3720.6684
111737000,3706.5159,2158300,30476300,6487743000,83224124700,3648.5489,3717.7825,3642.4981,3720.6684
111742000,3706.638,1909300,25129000,6489652300,83249253700,3648.5489,3717.7825,3642.4981,3720.6684
111747000,3706.1074,2510200,29193400,6492162500,83278447100,3648.5489,3717.7825,3642.4981,3720.6684
111752000,3706.165,2557500,34545100,6494720000,83312992200,3648.5489,3717.7825,3642.4981,3720.6684
111757000,3706.2753,1589500,24123000,6496309500,83337115200,3648.5489,3717.7825,3642.4981,3720.6684
111802000,3706.0858,2773400,38493500,6499082900,83375608700,3648.5489,3717.7825,3642.4981,3720.6684
111807000,3705.9011,2551600,35414900,6501634500,83411023600,3648.5489,3717.7825,3642.4981,3720.6684
111812000,3705.709,1596000,20664300,6503230500,83431687900,3648.5489,3717.7825,3642.4981,3720.6684
111817000,3706.1577,2411700,27097600,6505642200,83458785500,3648.5489,3717.7825,3642.4981,3720.6684
111822000,3705.9493,1489400,23129300,6507131600,83481914800,3648.5489,3717.7825,3642.4981,3720.6684
111827000,3706.0971,1482600,19682100,6508614200,83501596900,3648.5489,3717.7825,3642.4981,3720.6684
111832000,3706.2941,2315600,28722100,6510929800,83530319000,3648.5489,3717.7825,3642.4981,3720.6684
111837000,3706.7597,1421200,21185900,6512351000,83551504900,3648.5489,3717.7825,3642.4981,3720.6684
111842000,3706.6849,1588400,16859400,6513939400,83568364300,3648.5489,3717.7825,3642.4981,3720.6684
111847000,3706.5438,1615000,22601600,6515554400,83590965900,3648.5489,3717.7825,3642.4981,3720.6684
111852000,3706.9101,2354600,29389400,6517909000,83620355300,3648.5489,3717.7825,3642.4981,3720.6684
111857000,3706.8212,2348200,25818900,6520257200,83646174200,3648.5489,3717.7825,3642.4981,3720.6684
111902000,3708.2696,4182700,58000000,6524439900,83704174200,3648.5489,3717.7825,3642.4981,3720.6684
111907000,3708.5853,3381600,38989200,6527821500,83743163400,3648.5489,3717.7825,3642.4981,3720.6684
111912000,3707.9054,2382600,34090800,6530204100,83777254200,3648.5489,3717.7825,3642.4981,3720.6684
111917000,3708.0623,2148900,23772400,6532353000,83801026600,3648.5489,3717.7825,3642.4981,3720.6684
111922000,3708.6084,3143000,38391500,6535496000,83839418100,3648.5489,3717.7825,3642.4981,3720.6684
111927000,3708.6013,1869900,23830200,6537365900,83863248300,3648.5489,3717.7825,3642.4981,3720.6684
111932000,3708.7186,2532000,30065600,6539897900,83893313900,3648.5489,3717.7825,3642.4981,3720.6684
111937000,3708.245,2586500,30987900,6542484400,83924301800,3648.5489,3717.7825,3642.4981,3720.6684
111942000,3708.3526,1699600,20576500,6544184000,83944878300,3648.5489,3717.7825,3642.4981,3720.6684
111947000,3708.2165,1779300,24764300,6545963300,83969642600,3648.5489,3717.7825,3642.4981,3720.6684
111952000,3708.1221,2197400,28930400,6548160700,83998573000,3648.5489,3717.7825,3642.4981,3720.6684
111957000,3708.0231,1885200,22941700,6550045900,84021514700,3648.5489,3717.7825,3642.4981,3720.6684
112002000,3708.1809,2871600,32949900,6552917500,84054464600,3648.5489,3717.7825,3642.4981,3720.6684
112007000,3709.8199,5007500,55248200,6557925000,84109712800,3648.5489,3717.7825,3642.4981,3720.6684
112012000,3710.7788,5282500,60017100,6563207500,84169729900,3648.5489,3717.7825,3642.4981,3720.6684
112017000,3712.2074,9551300,99324300,6572758800,84269054200,3648.5489,3717.7825,3642.4981,3720.6684
112022000,3713.9075,8934400,101072200,6581693200,84370126400,3648.5489,3717.7825,3642.4981,3720.6684
112027000,3714.3238,6033900,70673200,6587727100,84440799600,3648.5489,3717.7825,3642.4981,3720.6684
112032000,3716.3675,11607900,132370200,6599335000,84573169800,3648.5489,3717.7825,3642.4981,3720.6684
112037000,3717.4986,9342200,99704100,6608677200,84672873900,3648.5489,3717.7825,3642.4981,3720.6684
112042000,3719.1917,8001900,94550400,6616679100,84767424300,3648.5489,3719.1917,3642.4981,3720.6684
112047000,3718.2557,6693600,73519500,6623372700,84840943800,3648.5489,3719.1917,3642.4981,3720.6684
112052000,3719.4495,7487000,80824200,6630859700,84921768000,3648.5489,3719.4495,3642.4981,3720.6684
112057000,3719.2622,5349700,55935200,6636209400,84977703200,3648.5489,3719.4495,3642.4981,3720.6684
112102000,3719.2355,8513700,92117100,6644723100,85069820300,3648.5489,3719.4495,3642.4981,3720.6684
112107000,3719.3249,5988200,53770700,6650711300,85123591000,3648.5489,3719.4495,3642.4981,3720.6684
112112000,3719.4843,3520500,47427500,6654231800,85171018500,3648.5489,3719.4843,3642.4981,3720.6684
112117000,3718.8571,4986300,53495500,6659218100,85224514000,3648.5489,3719.4843,3642.4981,3720.6684
112122000,3719.1122,6060400,65671700,6665278500,85290185700,3648.5489,3719.4843,3642.4981,3720.6684
112127000,3718.8973,5408800,48816900,6670687300,85339002600,3648.5489,3719.4843,3642.4981,3720.6684
112132000,3718.9061,6290000,64049200,6676977300,85403051800,3648.5489,3719.4843,3642.4981,3720.6684
112137000,3719.5716,5408600,66203900,6682385900,85469255700,3648.5489,3719.5716,3642.4981,3720.6684
112142000,3718.8744,2806200,42153100,6685192100,85511408800,3648.5489,3719.5716,3642.4981,3720.6684
112147000,3718.7837,3813400,40603100,6689005500,85552011900,3648.5489,3719.5716,3642.4981,3720.6684
112152000,3719.2723,5119600,64404400,6694125100,85616416300,3648.5489,3719.5716,3642.4981,3720.6684
112157000,3718.7394,3036500,41567400,6697161600,85657983700,3648.5489,3719.5716,3642.4981,3720.6684
112202000,3719.0769,4385400,49270200,6701547000,85707253900,3648.5489,3719.5716,3642.4981,3720.6684
112207000,3719.3153,3135500,34058800,6704682500,85741312700,3648.5489,3719.5716,3642.4981,3720.6684
112212000,3719.4802,2493600,29513800,6707176100,85770826500,3648.5489,3719.5716,3642.4981,3720.6684
112217000,3719.652,3904200,43044200,6711080300,85813870700,3648.5489,3719.652,3642.4981,3720.6684
112222000,3719.607,5209100,56279200,6716289400,85870149900,3648.5489,3719.652,3642.4981,3720.6684
112227000,3719.5834,3501800,38270700,6719791200,85908420600,3648.5489,3719.652,3642.4981,3720.6684
112232000,3719.9318,3418600,49845600,6723209800,85958266200,3648.5489,3719.9318,3642.4981,3720.6684
112237000,3720.1586,6243100,39965800,6729452900,85998232000,3648.5489,3720.1586,3642.4981,3720.6684
112242000,3720.0896,2192800,26147000,6731645700,86024379000,3648.5489,3720.1586,3642.4981,3720.6684
112247000,3720.642,4862600,31051200,6736508300,86055430200,3648.5489,3720.642,3642.4981,3720.6684
112252000,3720.2748,3354800,51456900,6739863100,86106887100,3648.5489,3720.642,3642.4981,3720.6684
112257000,3720.4011,2625200,27922400,6742488300,86134809500,3648.5489,3720.642,3642.4981,3720.6684
112302000,3719.9805,4349400,46434300,6746837700,86181243800,3648.5489,3720.642,3642.4981,3720.6684
112307000,3720.2352,4458400,38291300,6751296100,86219535100,3648.5489,3720.642,3642.4981,3720.6684
112312000,3720.1979,3090200,37703700,6754386300,86257238800,3648.5489,3720.642,3642.4981,3720.6684
112317000,3719.6613,2617600,27356000,6757003900,86284594800,3648.5489,3720.642,3642.4981,3720.6684
112322000,3720.2201,3391300,42432000,6760395200,86327026800,3648.5489,3720.642,3642.4981,3720.6684
112327000,3719.8494,2117800,27578700,6762513000,86354605500,3648.5489,3720.642,3642.4981,3720.6684
112332000,3719.9572,4780900,52728500,6767293900,86407334000,3648.5489,3720.642,3642.4981,3720.6684
112337000,3720.22,2975300,30927200,6770269200,86438261200,3648.5489,3720.642,3642.4981,3720.6684
112342000,3720.3027,2807700,28381200,6773076900,86466642400,3648.5489,3720.642,3642.4981,3720.6684
112347000,3720.0216,3091300,29195800,6776168200,86495838200,3648.5489,3720.642,3642.4981,3720.6684
112352000,3721.1059,4611700,47234200,6780779900,86543072400,3648.5489,3721.1059,3642.4981,3720.6684
112357000,3721.6678,2826400,32682700,6783606300,86575755100,3648.5489,3721.6678,3642.4981,3720.6684
112402000,3722.2206,4725900,74568900,6788332200,86650324000,3648.5489,3722.2206,3642.4981,3720.6684
112407000,3722.9325,3722700,44016800,6792054900,86694340800,3648.5489,3722.9325,3642.4981,3720.6684
112412000,3721.7658,2305400,29782600,6794360300,86724123400,3648.5489,3722.9325,3642.4981,3720.6684
112417000,3722.5152,3184000,31919200,6797544300,86756042600,3648.5489,3722.9325,3642.4981,3720.6684
112422000,3722.4401,3164900,38389700,6800709200,86794432300,3648.5489,3722.9325,3642.4981,3720.6684
112427000,3722.9078,5117000,49958900,6805826200,86844391200,3648.5489,3722.9325,3642.4981,3720.6684
112432000,3722.6374,5629400,62504900,6811455600,86906896100,3648.5489,3722.9325,3642.4981,3720.6684
112437000,3721.8367,3443500,42280200,6814899100,86949176300,3648.5489,3722.9325,3642.4981,3720.6684
112442000,3722.4799,2566900,34614300,6817466000,86983790600,3648.5489,3722.9325,3642.4981,3720.6684
112447000,3721.7611,3224300,37591300,6820690300,87021381900,3648.5489,3722.9325,3642.4981,3720.6684
112452000,3721.5208,5256200,53412100,6825946500,87074794000,3648.5489,3722.9325,3642.4981,3720.6684
112457000,3721.1751,2477300,33042700,6828423800,87107836700,3648.5489,3722.9325,3642.4981,3720.6684
112502000,3720.6525,4442800,50590000,6832866600,87158426700,3648.5489,3722.9325,3642.4981,3720.6684
112507000,3720.996,4201200,37729900,6837067800,87196156600,3648.5489,3722.9325,3642.4981,3720.6684
112512000,3721.0048,2021300,27678000,6839089100,87223834600,3648.5489,3722.9325,3642.4981,3720.6684
112517000,3720.4229,3637900,33115200,6842727000,87256949800,3648.5489,3722.9325,3642.4981,3720.6684
112522000,3721.2473,3148200,35966900,6845875200,87292916700,3648.5489,3722.9325,3642.4981,3720.6684
112527000,3721.1752,1772500,22528400,6847647700,87315445100,3648.5489,3722.9325,3642.4981,3720.6684
112532000,3720.4764,3986700,36265700,6851634400,87351710800,3648.5489,3722.9325,3642.4981,3720.6684
112537000,3720.6129,2420000,30837600,6854054400,87382548400,3648.5489,3722.9325,3642.4981,3720.6684
112542000,3720.5625,1821000,24991000,6855875400,87407539400,3648.5489,3722.9325,3642.4981,3720.6684
112547000,3720.4847,2426800,32519300,6858302200,87440058700,3648.5489,3722.9325,3642.4981,3720.6684
112552000,3721.1043,2478600,36212000,6860780800,87476270700,3648.5489,3722.9325,3642.4981,3720.6684
112557000,3720.6106,2296800,31577700,6863077600,87507848400,3648.5489,3722.9325,3642.4981,3720.6684
112602000,3720.4632,3123800,34365200,6866201400,87542213600,3648.5489,3722.9325,3642.4981,3720.6684
112607000,3720.6521,3099300,31745700,6869300700,87573959300,3648.5489,3722.9325,3642.4981,3720.6684
112612000,3720.8504,3607900,37934800,6872908600,87611894100,3648.5489,3722.9325,3642.4981,3720.6684
112617000,3720.2859,3380400,33841500,6876289000,87645735600,3648.5489,3722.9325,3642.4981,3720.6684
112622000,3720.0234,3484600,39222200,6879773600,87684957800,3648.5489,3722.9325,3642.4981,3720.6684
112627000,3720.0841,1690000,25509000,6881463600,87710466800,3648.5489,3722.9325,3642.4981,3720.6684
112632000,3719.3422,2964500,35472300,6884428100,87745939100,3648.5489,3722.9325,3642.4981,3720.6684
112637000,3718.7865,4067700,41540000,6888495800,87787479100,3648.5489,3722.9325,3642.4981,3720.6684
112642000,3718.7319,1846200,24702500,6890342000,87812181600,3648.5489,3722.9325,3642.4981,3720.6684
112647000,3718.5459,2263200,28441500,6892605200,87840623100,3648.5489,3722.9325,3642.4981,3720.6684
112652000,3718.5137,3584300,38272400,6896189500,87878895500,3648.5489,3722.9325,3642.4981,3720.6684
112657000,3717.9496,2011400,23903800,6898200900,87902799300,3648.5489,3722.9325,3642.4981,3720.6684
112702000,3717.6516,3045700,34171800,6901246600,87936971100,3648.5489,3722.9325,3642.4981,3720.6684
112707000,3717.5499,2947800,30337700,6904194400,87967308800,3648.5489,3722.9325,3642.4981,3720.6684
112712000,3717.5206,1564800,19505700,6905759200,87986814500,3648.5489,3722.9325,3642.4981,3720.6684
112717000,3717.1588,2089600,27917200,6907848800,88014731700,3648.5489,3722.9325,3642.4981,3720.6684
112722000,3717.0274,3503100,35855900,6911351900,88050587600,3648.5489,3722.9325,3642.4981,3720.6684
112727000,3717.0673,3766100,34811900,6915118000,88085399500,3648.5489,3722.9325,3642.4981,3720.6684
112732000,3717.3007,3441400,34056200,6918559400,88119455700,3648.5489,3722.9325,3642.4981,3720.6684
112737000,3716.5338,3305200,32333900,6921864600,88151789600,3648.5489,3722.9325,3642.4981,3720.6684
112742000,3716.6175,1691400,18095200,6923556000,88169884800,3648.5489,3722.9325,3642.4981,3720.6684
112747000,3715.8528,2839400,35164000,6926395400,88205048800,3648.5489,3722.9325,3642.4981,3720.6684
112752000,3716.2216,2569700,29577700,6928965100,88234626500,3648.5489,3722.9325,3642.4981,3720.6684
112757000,3716.0689,1618200,19665400,6930583300,88254291900,3648.5489,3722.9325,3642.4981,3720.6684
112802000,3715.7783,3869100,38258600,6934452400,88292550500,3648.5489,3722.9325,3642.4981,3720.6684
112807000,3716.1639,2373000,31474000,6936825400,88324024500,3648.5489,3722.9325,3642.4981,3720.6684
112812000,3716.0544,2979100,27775700,6939804500,88351800200,3648.5489,3722.9325,3642.4981,3720.6684
112817000,3715.7265,1839800,21946400,6941644300,88373746600,3648.5489,3722.9325,3642.4981,3720.6684
112822000,3715.7491,2207700,25252600,6943852000,88398999200,3648.5489,3722.9325,3642.4981,3720.6684
112827000,3715.6466,1766100,19259500,6945618100,88418258700,3648.5489,3722.9325,3642.4981,3720.6684
112832000,3715.2141,2845600,27472000,6948463700,88445730700,3648.5489,3722.9325,3642.4981,3720.6684
112837000,3714.9395,2937300,30919200,6951401000,88476649900,3648.5489,3722.9325,3642.4981,3720.6684
112842000,3714.7966,2489900,26002600,6953890900,88502652500,3648.5489,3722.9325,3642.4981,3720.6684
112847000,3714.3997,3343900,29774000,6957234800,88532426500,3648.5489,3722.9325,3642.4981,3720.6684
112852000,3714.3774,3988100,36647600,6961222900,88569074100,3648.5489,3722.9325,3642.4981,3720.6684
112857000,3714.2574,2001000,23719000,6963223900,88592793100,3648.5489,3722.9325,3642.4981,3720.6684
112902000,3714.6327,2333900,27220200,6965557800,88620013300,3648.5489,3722.9325,3642.4981,3720.6684
112907000,3714.447,2847100,37026800,6968404900,88657040100,3648.5489,3722.9325,3642.4981,3720.6684
112912000,3714.4571,1488900,18095900,6969893800,88675136000,3648.5489,3722.9325,3642.4981,3720.6684
112917000,3714.5294,1781000,19205400,6971674800,88694341400,3648.5489,3722.9325,3642.4981,3720.6684
112922000,3714.5932,1777500,22501300,6973452300,88716842700,3648.5489,3722.9325,3642.4981,3720.6684
112927000,3714.135,954200,13373600,6974406500,88730216300,3648.5489,3722.9325,3642.4981,3720.6684
112932000,3714.9471,1444100,22256300,6975850600,88752472600,3648.5489,3722.9325,3642.4981,3720.6684
112937000,3714.8676,1521600,20048300,6977372200,88772520900,3648.5489,3722.9325,3642.4981,3720.6684
112942000,3714.7284,881800,13245700,6978254000,88785766600,3648.5489,3722.9325,3642.4981,3720.6684
112947000,3714.1215,1964700,22405900,6980218700,88808172500,3648.5489,3722.9325,3642.4981,3720.6684
112952000,3714.4616,1748800,21329000,6981967500,88829501500,3648.5489,3722.9325,3642.4981,3720.6684
112957000,3713.8846,1414900,20379200,6983382400,88849880700,3648.5489,3722.9325,3642.4981,3720.6684
113002000,3714.5488,2081000,22684900,6985463400,88872565600,3648.5489,3722.9325,3642.4981,3720.6684
113007000,3714.5488,2700,91600,6985466100,88872657200,3648.5489,3722.9325,3642.4981,3720.6684
130002000,3714.4939,6048600,60874300,6991514700,88933531500,3648.5489,3722.9325,3642.4981,3720.6684
130007000,3715.5528,36940400,361422800,7028455100,89294954300,3648.5489,3722.9325,3642.4981,3720.6684
130012000,3715.7682,4250500,50930600,7032705600,89345884900,3648.5489,3722.9325,3642.4981,3720.6684
130017000,3716.3319,2399100,33251900,7035104700,89379136800,3648.5489,3722.9325,3642.4981,3720.6684
130022000,3716.0917,3121200,35204900,7038225900,89414341700,3648.5489,3722.9325,3642.4981,3720.6684
130027000,3715.7648,1290700,20802300,7039516600,89435144000,3648.5489,3722.9325,3642.4981,3720.6684
130032000,3715.139,2819400,35070800,7042336000,89470214800,3648.5489,3722.9325,3642.4981,3720.6684
130037000,3713.9427,2900400,39002200,7045236400,89509217000,3648.5489,3722.9325,3642.4981,3720.6684
130042000,3713.9259,2145500,28645100,7047381900,89537862100,3648.5489,3722.9325,3642.4981,3720.6684
130047000,3713.893,3931500,43218300,7051313400,89581080400,3648.5489,3722.9325,3642.4981,3720.6684
130052000,3713.5037,3296000,40593300,7054609400,89621673700,3648.5489,3722.9325,3642.4981,3720.6684
130057000,3713.0635,1837100,23399300,7056446500,89645073000,3648.5489,3722.9325,3642.4981,3720.6684
130102000,3713.9508,2781200,35740100,7059227700,89680813100,3648.5489,3722.9325,3642.4981,3720.6684
130107000,3713.4727,2527600,25980300,7061755300,89706793400,3648.5489,3722.9325,3642.4981,3720.6684
130112000,3713.7447,1862200,32265700,7063617500,89739059100,3648.5489,3722.9325,3642.4981,3720.6684
130117000,3712.8285,3143700,35805800,7066761200,89774864900,3648.5489,3722.9325,3642.4981,3720.6684
130122000,3712.8843,2318300,29623800,7069079500,89804488700,3648.5489,3722.9325,3642.4981,3720.6684
130127000,3712.4682,1863600,20558100,7070943100,89825046800,3648.5489,3722.9325,3642.4981,3720.6684
130132000,3712.5075,2054500,25880400,7072997600,89850927200,3648.5489,3722.9325,3642.4981,3720.6684
130137000,3712.3817,1618700,25547100,7074616300,89876474300,3648.5489,3722.9325,3642.4981,3720.6684
130142000,3712.4037,1549200,18439600,7076165500,89894913900,3648.5489,3722.9325,3642.4981,3720.6684
130147000,3712.4364,2070300,22880100,7078235800,89917794000,3648.5489,3722.9325,3642.4981,3720.6684
130152000,3712.2979,2453200,32895900,7080689000,89950689900,3648.5489,3722.9325,3642.4981,3720.6684
130157000,3711.3754,1931900,29799000,7082620900,89980488900,3648.5489,3722.9325,3642.4981,3720.6684
130202000,3711.1262,2371400,35385600,7084992300,90015874500,3648.5489,3722.9325,3642.4981,3720.6684
130207000,3711.4716,1479500,21617200,7086471800,90037491700,3648.5489,3722.9325,3642.4981,3720.6684
130212000,3711.3395,1647200,21769700,7088119000,90059261400,3648.5489,3722.9325,3642.4981,3720.6684
130217000,3710.9406,2122100,22172000,7090241100,90081433400,3648.5489,3722.9325,3642.4981,3720.6684
130222000,3710.7022,2722600,35587400,7092963700,90117020800,3648.5489,3722.9325,3642.4981,3720.6684
130227000,3710.6786,1384200,24440500,7094347900,90141461300,3648.5489,3722.9325,3642.4981,3720.6684
130232000,3710.399,2187000,26581200,7096534900,90168042500,3648.5489,3722.9325,3642.4981,3720.6684
130237000,3709.9517,2505000,26360300,7099039900,90194402800,3648.5489,3722.9325,3642.4981,3720.6684
130242000,3710.0088,1243600,22291200,7100283500,90216694000,3648.5489,3722.9325,3642.4981,3720.6684
130247000,3710.1738,2395200,25153000,7102678700,90241847000,3648.5489,3722.9325,3642.4981,3720.6684
130252000,3710.3177,1983000,23876400,7104661700,90265723400,3648.5489,3722.9325,3642.4981,3720.6684
130257000,3710.0094,1167700,16911200,7105829400,90282634600,3648.5489,3722.9325,3642.4981,3720.6684
130302000,3710.2343,2302000,27774800,7108131400,90310409400,3648.5489,3722.9325,3642.4981,3720.6684
130307000,3710.4614,1371300,20624600,7109502700,90331034000,3648.5489,3722.9325,3642.4981,3720.6684
130312000,3710.5195,1604600,23451000,7111107300,90354485000,3648.5489,3722.9325,3642.4981,3720.6684
130317000,3710.2553,1739000,22460600,7112846300,90376945600,3648.5489,3722.9325,3642.4981,3720.6684
130322000,3710.1501,1800700,22959300,7114647000,90399904900,3648.5489,3722.9325,3642.4981,3720.6684
130327000,3710.1235,1248100,16514500,7115895100,90416419400,3648.5489,3722.9325,3642.4981,3720.6684
130332000,3710.1861,1580800,20972200,7117475900,90437391600,3648.5489,3722.9325,3642.4981,3720.6684
130337000,3709.771,1524900,21572800,7119000800,90458964400,3648.5489,3722.9325,3642.4981,3720.6684
130342000,3709.8337,1286400,19162400,7120287200,90478126800,3648.5489,3722.9325,3642.4981,3720.6684
130347000,3709.4578,2702000,28901200,7122989200,90507028000,3648.5489,3722.9325,3642.4981,3720.6684
130352000,3709.3215,3208000,36481700,7126197200,90543509700,3648.5489,3722.9325,3642.4981,3720.6684
130357000,3709.4565,1380000,19701100,7127577200,90563210800,3648.5489,3722.9325,3642.4981,3720.6684
130402000,3709.4349,2960100,37065800,7130537300,90600276600,3648.5489,3722.9325,3642.4981,3720.6684
130407000,3709.2957,1306500,17775100,7131843800,90618051700,3648.5489,3722.9325,3642.4981,3720.6684
130412000,3709.1388,1683800,20914900,7133527600,90638966600,3648.5489,3722.9325,3642.4981,3720.6684
130417000,3709.0038,1628300,27665200,7135155900,90666631800,3648.5489,3722.9325,3642.4981,3720.6684
130422000,3708.7611,3463000,40471200,7138618900,90707103000,3648.5489,3722.9325,3642.4981,3720.6684
130427000,3708.7251,1143600,17081300,7139762500,90724184300,3648.5489,3722.9325,3642.4981,3720.6684
130432000,3708.6512,2707700,33238500,7142470200,90757422800,3648.5489,3722.9325,3642.4981,3720.6684
130437000,3708.3142,1444700,20539600,7143914900,90777962400,3648.5489,3722.9325,3642.4981,3720.6684
130442000,3708.4695,1278100,17748100,7145193000,90795710500,3648.5489,3722.9325,3642.4981,3720.6684
130447000,3708.378,1867900,20388700,7147060900,90816099200,3648.5489,3722.9325,3642.4981,3720.6684
130452000,3709.0254,1956400,24857200,7149017300,90840956400,3648.5489,3722.9325,3642.4981,3720.6684
130457000,3708.4814,1510100,23458600,7150527400,90864415000,3648.5489,3722.9325,3642.4981,3720.6684
130502000,3708.5413,1799700,27260700,7152327100,90891675700,3648.5489,3722.9325,3642.4981,3720.6684
130507000,3708.1667,1770300,26516600,7154097400,90918192300,3648.5489,3722.9325,3642.4981,3720.6684
130512000,3708.2041,1851000,22238900,7155948400,90940431200,3648.5489,3722.9325,3642.4981,3720.6684
130517000,3708.0266,2331600,22124800,7158280000,90962556000,3648.5489,3722.9325,3642.4981,3720.6684
130522000,3707.671,2586800,26511200,7160866800,90989067200,3648.5489,3722.9325,3642.4981,3720.6684
130527000,3707.7434,1293600,23833500,7162160400,91012900700,3648.5489,3722.9325,3642.4981,3720.6684
130532000,3707.8611,2852600,34744600,7165013000,91047645300,3648.5489,3722.9325,3642.4981,3720.6684
130537000,3707.6454,3071800,29709600,7168084800,91077354900,3648.5489,3722.9325,3642.4981,3720.6684
130542000,3707.3908,2049300,29161500,7170134100,91106516400,3648.5489,3722.9325,3642.4981,3720.6684
130547000,3707.616,1842100,24903800,7171976200,91131420200,3648.5489,3722.9325,3642.4981,3720.6684
130552000,3707.6877,1871700,26783600,7173847900,91158203800,3648.5489,3722.9325,3642.4981,3720.6684
130557000,3707.2402,2007100,26541900,7175855000,91184745700,3648.5489,3722.9325,3642.4981,3720.6684
130602000,3707.3043,1912300,27563100,7177767300,91212308800,3648.5489,3722.9325,3642.4981,3720.6684
130607000,3707.1512,1779900,25596200,7179547200,91237905000,3648.5489,3722.9325,3642.4981,3720.6684
130612000,3707.1802,2092300,26642700,7181639500,91264547700,3648.5489,3722.9325,3642.4981,3720.6684
130617000,3706.6023,2138100,24474400,7183777600,91289022100,3648.5489,3722.9325,3642.4981,3720.6684
130622000,3706.5247,2019300,33598500,7185796900,91322620600,3648.5489,3722.9325,3642.4981,3720.6684
130627000,3706.3856,1444800,23180200,7187241700,91345800800,3648.5489,3722.9325,3642.4981,3720.6684
130632000,3706.348,1972400,26780800,7189214100,91372581600,3648.5489,3722.9325,3642.4981,3720.6684
130637000,3706.0881,1616900,20666000,7190831000,91393247600,3648.5489,3722.9325,3642.4981,3720.6684
130642000,3706.0069,1364600,16535200,7192195600,91409782800,3648.5489,3722.9325,3642.4981,3720.6684
130647000,3706.2454,1363300,19338600,7193558900,91429121400,3648.5489,3722.9325,3642.4981,3720.6684
130652000,3706.2539,1596900,27880600,7195155800,91457002000,3648.5489,3722.9325,3642.4981,3720.6684
130657000,3706.0189,1212200,18098500,7196368000,91475100500,3648.5489,3722.9325,3642.4981,3720.6684
130702000,3706.1322,1800400,35614600,7198168400,91510715100,3648.5489,3722.9325,3642.4981,3720.6684
130707000,3706.0578,1481600,22206000,7199650000,91532921100,3648.5489,3722.9325,3642.4981,3720.6684
130712000,3706.4173,1756100,20486100,7201406100,91553407200,3648.5489,3722.9325,3642.4981,3720.6684
130717000,3706.2207,1780700,23061800,7203186800,91576469000,3648.5489,3722.9325,3642.4981,3720.6684
130722000,3706.1885,1915000,25578700,7205101800,91602047700,3648.5489,3722.9325,3642.4981,3720.6684
130727000,3706.2585,1790700,18728600,7206892500,91620776300,3648.5489,3722.9325,3642.4981,3720.6684
130732000,3706.0749,1854900,24645900,7208747400,91645422200,3648.5489,3722.9325,3642.4981,3720.6684
130737000,3705.7582,1706800,30202100,7210454200,91675624300,3648.5489,3722.9325,3642.4981,3720.6684
130742000,3705.7469,2918900,35935200,7213373100,91711559500,3648.5489,3722.9325,3642.4981,3720.6684
130747000,3705.6662,1245000,23898000,7214618100,91735457500,3648.5489,3722.9325,3642.4981,3720.6684
130752000,3705.4509,1467600,23710700,7216085700,91759168200,3648.5489,3722.9325,3642.4981,3720.6684
130757000,3705.4813,1616000,22171500,7217701700,91781339700,3648.5489,3722.9325,3642.4981,3720.6684
130802000,3705.6092,3299400,33185900,7221001100,91814525600,3648.5489,3722.9325,3642.4981,3720.6684
130807000,3705.3005,1612000,22628000,7222613100,91837153600,3648.5489,3722.9325,3642.4981,3720.6684
130812000,3705.4644,2503300,25359100,7225116400,91862512700,3648.5489,3722.9325,3642.4981,3720.6684
130817000,3704.7262,2350400,28990500,7227466800,91891503200,3648.5489,3722.9325,3642.4981,3720.6684
130822000,3704.9805,1628800,42057900,7229095600,91933561100,3648.5489,3722.9325,3642.4981,3720.6684
130827000,3704.4246,1481000,22987200,7230576600,91956548300,3648.5489,3722.9325,3642.4981,3720.6684
130832000,3704.6077,3184400,34005000,7233761000,91990553300,3648.5489,3722.9325,3642.4981,3720.6684
130837000,3704.3883,1829200,27608400,7235590200,92018161700,3648.5489,3722.9325,3642.4981,3720.6684
130842000,3703.5928,2083900,31400900,7237674100,92049562600,3648.5489,3722.9325,3642.4981,3720.6684
130847000,3703.5429,3318000,32347000,7240992100,92081909600,3648.5489,3722.9325,3642.4981,3720.6684
130852000,3703.1764,1977700,27103200,7242969800,92109012800,3648.5489,3722.9325,3642.4981,3720.6684
130857000,3703.4245,1979200,27071500,7244949000,92136084300,3648.5489,3722.9325,3642.4981,3720.6684
130902000,3703.1911,2742900,35508600,7247691900,92171592900,3648.5489,3722.9325,3642.4981,3720.6684
130907000,3703.0748,1704500,23377900,7249396400,92194970800,3648.5489,3722.9325,3642.4981,3720.6684
130912000,3702.6416,2166200,26838300,7251562600,92221809100,3648.5489,3722.9325,3642.4981,3720.6684
130917000,3702.5544,1533800,21017900,7253096400,92242827000,3648.5489,3722.9325,3642.4981,3720.6684
130922000,3702.627,2366300,30773200,7255462700,92273600200,3648.5489,3722.9325,3642.4981,3720.6684
130927000,3702.8325,1751000,21270400,7257213700,92294870600,3648.5489,3722.9325,3642.4981,3720.6684
130932000,3702.5116,2540500,35556200,7259754200,92330426800,3648.5489,3722.9325,3642.4981,3720.6684
130937000,3702.3633,2160400,27765300,7261914600,92358192100,3648.5489,3722.9325,3642.4981,3720.6684
130942000,3702.0294,2366000,26652400,7264280600,92384844500,3648.5489,3722.9325,3642.4981,3720.6684
130947000,3701.6512,1991000,25600500,7266271600,92410445000,3648.5489,3722.9325,3642.4981,3720.6684
130952000,3701.7968,3179200,36192000,7269450800,92446637000,3648.5489,3722.9325,3642.4981,3720.6684
130957000,3701.7254,1507900,21926400,7270958700,92468563400,3648.5489,3722.9325,3642.4981,3720.6684
131002000,3701.5626,2753600,34806200,7273712300,92503369600,3648.5489,3722.9325,3642.4981,3720.6684
131007000,3700.9752,2483100,32174200,7276195400,92535543800,3648.5489,3722.9325,3642.4981,3720.6684
131012000,3700.9912,1860700,27427100,7278056100,92562970900,3648.5489,3722.9325,3642.4981,3720.6684
131017000,3700.7786,1549700,24129100,7279605800,92587100000,3648.5489,3722.9325,3642.4981,3720.6684
131022000,3700.8236,1762000,28962100,7281367800,92616062100,3648.5489,3722.9325,3642.4981,3720.6684
131027000,3700.2266,2344000,20743200,7283711800,92636805300,3648.5489,3722.9325,3642.4981,3720.6684
131032000,3700.5833,3704500,35711900,7287416300,92672517200,3648.5489,3722.9325,3642.4981,3720.6684
131037000,3700.4805,1331100,23015700,7288747400,92695532900,3648.5489,3722.9325,3642.4981,3720.6684
131042000,3700.1366,1703400,24672700,7290450800,92720205600,3648.5489,3722.9325,3642.4981,3720.6684
131047000,3700.0042,1539600,24776300,7291990400,92744981900,3648.5489,3722.9325,3642.4981,3720.6684
131052000,3700.0835,2425900,34577200,7294416300,92779559100,3648.5489,3722.9325,3642.4981,3720.6684
131057000,3699.9184,1994000,26483200,7296410300,92806042300,3648.5489,3722.9325,3642.4981,3720.6684
131102000,3699.8214,2909200,34637500,7299319500,92840679800,3648.5489,3722.9325,3642.4981,3720.6684
131107000,3699.5987,1772000,21148000,7301091500,92861827800,3648.5489,3722.9325,3642.4981,3720.6684
131112000,3699.6303,1863000,27849200,7302954500,92889677000,3648.5489,3722.9325,3642.4981,3720.6684
131117000,3699.6099,1848200,23754800,7304802700,92913431800,3648.5489,3722.9325,3642.4981,3720.6684
131122000,3699.7869,1958900,34135800,7306761600,92947567600,3648.5489,3722.9325,3642.4981,3720.6684
131127000,3700.0372,1318200,22227500,7308079800,92969795100,3648.5489,3722.9325,3642.4981,3720.6684
131132000,3699.902,2234200,29771200,7310314000,92999566300,3648.5489,3722.9325,3642.4981,3720.6684
131137000,3700.159,2269800,41851500,7312583800,93041417800,3648.5489,3722.9325,3642.4981,3720.6684
131142000,3700.0908,1798100,27894700,7314381900,93069312500,3648.5489,3722.9325,3642.4981,3720.6684
131147000,3700.1287,1542700,29437400,7315924600,93098749900,3648.5489,3722.9325,3642.4981,3720.6684
131152000,3700.268,1506300,20411600,7317430900,93119161500,3648.5489,3722.9325,3642.4981,3720.6684
131157000,3700.6558,1497500,19146200,7318928400,93138307700,3648.5489,3722.9325,3642.4981,3720.6684
131202000,3700.9372,2916500,33751500,7321844900,93172059200,3648.5489,3722.9325,3642.4981,3720.6684
131207000,3700.5506,2455400,29125800,7324300300,93201185000,3648.5489,3722.9325,3642.4981,3720.6684
131212000,3700.4954,2193400,26977900,7326493700,93228162900,3648.5489,3722.9325,3642.4981,3720.6684
131217000,3700.4906,1779800,19544800,7328273500,93247707700,3648.5489,3722.9325,3642.4981,3720.6684
131222000,3700.871,2274800,25398000,7330548300,93273105700,3648.5489,3722.9325,3642.4981,3720.6684
131227000,3700.7844,1304600,20068900,7331852900,93293174600,3648.5489,3722.9325,3642.4981,3720.6684
131232000,3700.4674,1645300,21429200,7333498200,93314603800,3648.5489,3722.9325,3642.4981,3720.6684
131237000,3700.4907,2078700,21276300,7335576900,93335880100,3648.5489,3722.9325,3642.4981,3720.6684
131242000,3700.0459,1485000,23212100,7337061900,93359092200,3648.5489,3722.9325,3642.4981,3720.6684
131247000,3700.3166,1630300,19647400,7338692200,93378739600,3648.5489,3722.9325,3642.4981,3720.6684
131252000,3700.2662,1755000,22021000,7340447200,93400760600,3648.5489,3722.9325,3642.4981,3720.6684
131257000,3700.6984,1328400,22856800,7341775600,93423617400,3648.5489,3722.9325,3642.4981,3720.6684
131302000,3700.2918,1914100,23146200,7343689700,93446763600,3648.5489,3722.9325,3642.4981,3720.6684
131307000,3700.4644,2212500,24594800,7345902200,93471358400,3648.5489,3722.9325,3642.4981,3720.6684
131312000,3700.3165,1801300,22986500,7347703500,93494344900,3648.5489,3722.9325,3642.4981,3720.6684
131317000,3700.0783,2451100,17909100,7350154600,93512254000,3648.5489,3722.9325,3642.4981,3720.6684
131322000,3700.3068,2122000,28163800,7352276600,93540417800,3648.5489,3722.9325,3642.4981,3720.6684
131327000,3700.2597,1633700,20517000,7353910300,93560934800,3648.5489,3722.9325,3642.4981,3720.6684
131332000,3700.3797,1687300,22058400,7355597600,93582993200,3648.5489,3722.9325,3642.4981,3720.6684
131337000,3700.5007,1264300,23703300,7356861900,93606696500,3648.5489,3722.9325,3642.4981,3720.6684
131342000,3700.2688,1050200,18356400,7357912100,93625052900,3648.5489,3722.9325,3642.4981,3720.6684
131347000,3700.2916,973800,16983200,7358885900,93642036100,3648.5489,3722.9325,3642.4981,3720.6684
131352000,3700.7308,1530700,20801200,7360416600,93662837300,3648.5489,3722.9325,3642.4981,3720.6684
131357000,3700.1615,1356900,22869500,7361773500,93685706800,3648.5489,3722.9325,3642.4981,3720.6684
131402000,3700.4097,2392800,24621700,7364166300,93710328500,3648.5489,3722.9325,3642.4981,3720.6684
131407000,3700.0464,2543700,24857800,7366710000,93735186300,3648.5489,3722.9325,3642.4981,3720.6684
131412000,3699.9747,1718000,21803400,7368428000,93756989700,3648.5489,3722.9325,3642.4981,3720.6684
131417000,3700.174,1903900,26467100,7370331900,93783456800,3648.5489,3722.9325,3642.4981,3720.6684
131422000,3699.9483,1555800,20466800,7371887700,93803923600,3648.5489,3722.9325,3642.4981,3720.6684
131427000,3699.8056,2062000,18069600,7373949700,93821993200,3648.5489,3722.9325,3642.4981,3720.6684
131432000,3699.6489,3002600,34883900,7376952300,93856877100,3648.5489,3722.9325,3642.4981,3720.6684
131437000,3699.9008,1563100,22859300,7378515400,93879736400,3648.5489,3722.9325,3642.4981,3720.6684
131442000,3699.5976,1519800,25398500,7380035200,93905134900,3648.5489,3722.9325,3642.4981,3720.6684
131447000,3699.6822,2658400,25158200,7382693600,93930293100,3648.5489,3722.9325,3642.4981,3720.6684
131452000,3699.327,1969000,29042800,7384662600,93959335900,3648.5489,3722.9325,3642.4981,3720.6684
131457000,3698.5618,1926500,22539700,7386589100,93981875600,3648.5489,3722.9325,3642.4981,3720.6684
131502000,3698.5934,2269600,30553700,7388858700,94012429300,3648.5489,3722.9325,3642.4981,3720.6684
131507000,3699.1538,2029000,24593400,7390887700,94037022700,3648.5489,3722.9325,3642.4981,3720.6684
131512000,3698.6517,2190300,25589100,7393078000,94062611800,3648.5489,3722.9325,3642.4981,3720.6684
131517000,3698.8766,1805000,22064300,7394883000,94084676100,3648.5489,3722.9325,3642.4981,3720.6684
131522000,3698.5083,2168200,28196100,7397051200,94112872200,3648.5489,3722.9325,3642.4981,3720.6684
131527000,3698.4267,1407500,18538900,7398458700,94131411100,3648.5489,3722.9325,3642.4981,3720.6684
131532000,3698.6316,2044200,35979800,7400502900,94167390900,3648.5489,3722.9325,3642.4981,3720.6684
131537000,3698.7155,2251800,24643900,7402754700,94192034800,3648.5489,3722.9325,3642.4981,3720.6684
131542000,3698.7625,2076500,24503000,7404831200,94216537800,3648.5489,3722.9325,3642.4981,3720.6684
131547000,3698.2825,1696100,23112100,7406527300,94239649900,3648.5489,3722.9325,3642.4981,3720.6684
131552000,3698.2086,3105000,54208400,7409632300,94293858300,3648.5489,3722.9325,3642.4981,3720.6684
131557000,3698.1152,1558800,23046200,7411191100,94316904500,3648.5489,3722.9325,3642.4981,3720.6684
131602000,3697.7536,3096300,38908000,7414287400,94355812500,3648.5489,3722.9325,3642.4981,3720.6684
131607000,3697.6032,1773000,21769300,7416060400,94377581800,3648.5489,3722.9325,3642.4981,3720.6684
131612000,3697.5183,2619200,29608000,7418679600,94407189800,3648.5489,3722.9325,3642.4981,3720.6684
131617000,3697.2596,2560200,27345200,7421239800,94434535000,3648.5489,3722.9325,3642.4981,3720.6684
131622000,3697.3856,1818600,28485600,7423058400,94463020600,3648.5489,3722.9325,3642.4981,3720.6684
131627000,3697.4025,1217800,15774000,7424276200,94478794600,3648.5489,3722.9325,3642.4981,3720.6684
131632000,3696.8864,1778700,24937800,7426054900,94503732400,3648.5489,3722.9325,3642.4981,3720.6684
131637000,3697.2868,1464800,18846700,7427519700,94522579100,3648.5489,3722.9325,3642.4981,3720.6684
131642000,3697.0578,1419600,20899200,7428939300,94543478300,3648.5489,3722.9325,3642.4981,3720.6684
131647000,3696.941,1575300,32437300,7430514600,94575915600,3648.5489,3722.9325,3642.4981,3720.6684
131652000,3697.1566,1885800,28745500,7432400400,94604661100,3648.5489,3722.9325,3642.4981,3720.6684
131657000,3697.0272,1976200,27630200,7434376600,94632291300,3648.5489,3722.9325,3642.4981,3720.6684
131702000,3697.0752,3887000,34446000,7438263600,94666737300,3648.5489,3722.9325,3642.4981,3720.6684
131707000,3697.0388,2217300,27003100,7440480900,94693740400,3648.5489,3722.9325,3642.4981,3720.6684
131712000,3696.6837,1780100,23264900,7442261000,94717005300,3648.5489,3722.9325,3642.4981,3720.6684
131717000,3697.0994,2398700,27726700,7444659700,94744732000,3648.5489,3722.9325,3642.4981,3720.6684
131722000,3697.1865,1863900,25757500,7446523600,94770489500,3648.5489,3722.9325,3642.4981,3720.6684
131727000,3696.8136,1092400,15999800,7447616000,94786489300,3648.5489,3722.9325,3642.4981,3720.6684
131732000,3696.9823,1855400,25936200,7449471400,94812425500,3648.5489,3722.9325,3642.4981,3720.6684
131737000,3697.075,1438300,19954100,7450909700,94832379600,3648.5489,3722.9325,3642.4981,3720.6684
131742000,3697.0159,1698600,26044900,7452608300,94858424500,3648.5489,3722.9325,3642.4981,3720.6684
131747000,3696.543,1892700,22508700,7454501000,94880933200,3648.5489,3722.9325,3642.4981,3720.6684
131752000,3696.8209,1818700,27900000,7456319700,94908833200,3648.5489,3722.9325,3642.4981,3720.6684
131757000,3697.0234,3146100,32840900,7459465800,94941674100,3648.5489,3722.9325,3642.4981,3720.6684
131802000,3697.0704,2417000,34233800,7461882800,94975907900,3648.5489,3722.9325,3642.4981,3720.6684
131807000,3697.457,2351100,24199100,7464233900,95000107000,3648.5489,3722.9325,3642.4981,3720.6684
131812000,3697.1058,1880700,27681900,7466114600,95027788900,3648.5489,3722.9325,3642.4981,3720.6684
131817000,3697.1307,2339700,24199200,7468454300,95051988100,3648.5489,3722.9325,3642.4981,3720.6684
131822000,3697.3849,2837100,28614700,7471291400,95080602800,3648.5489,3722.9325,3642.4981,3720.6684
131827000,3697.6988,1068600,15076200,7472360000,95095679000,3648.5489,3722.9325,3642.4981,3720.6684
131832000,3697.3674,2476100,32269700,7474836100,95127948700,3648.5489,3722.9325,3642.4981,3720.6684
131837000,3698.0042,1435000,17932500,7476271100,95145881200,3648.5489,3722.9325,3642.4981,3720.6684
131842000,3698.0154,1142000,17184600,7477413100,95163065800,3648.5489,3722.9325,3642.4981,3720.6684
131847000,3697.9885,1755000,22335500,7479168100,95185401300,3648.5489,3722.9325,3642.4981,3720.6684
131852000,3698.2782,2056300,23886800,7481224400,95209288100,3648.5489,3722.9325,3642.4981,3720.6684
131857000,3697.719,2785200,25032100,7484009600,95234320200,3648.5489,3722.9325,3642.4981,3720.6684
131902000,3698.4219,2718100,34982100,7486727700,95269302300,3648.5489,3722.9325,3642.4981,3720.6684
131907000,3698.2611,2158400,22110500,7488886100,95291412800,3648.5489,3722.9325,3642.4981,3720.6684
131912000,3698.4714,1833400,22830600,7490719500,95314243400,3648.5489,3722.9325,3642.4981,3720.6684
131917000,3698.2031,1857600,24677100,7492577100,95338920500,3648.5489,3722.9325,3642.4981,3720.6684
131922000,3698.5683,2256500,24647300,7494833600,95363567800,3648.5489,3722.9325,3642.4981,3720.6684
131927000,3698.6793,2312000,24573400,7497145600,95388141200,3648.5489,3722.9325,3642.4981,3720.6684
131932000,3698.8504,2988000,36278500,7500133600,95424419700,3648.5489,3722.9325,3642.4981,3720.6684
131937000,3698.7832,2081800,23771600,7502215400,95448191300,3648.5489,3722.9325,3642.4981,3720.6684
131942000,3699.2069,3606000,36122800,7505821400,95484314100,3648.5489,3722.9325,3642.4981,3720.6684
131947000,3700.2364,2875800,35811200,7508697200,95520125300,3648.5489,3722.9325,3642.4981,3720.6684
131952000,3700.6369,3647700,53194700,7512344900,95573320000,3648.5489,3722.9325,3642.4981,3720.6684
131957000,3701.207,3860500,42098200,7516205400,95615418200,3648.5489,3722.9325,3642.4981,3720.6684
132002000,3702.1427,4874600,62943500,7521080000,95678361700,3648.5489,3722.9325,3642.4981,3720.6684
132007000,3702.2051,3695600,38474400,7524775600,95716836100,3648.5489,3722.9325,3642.4981,3720.6684
132012000,3701.5039,2961100,36994300,7527736700,95753830400,3648.5489,3722.9325,3642.4981,3720.6684
132017000,3701.7488,2339000,26073000,7530075700,95779903400,3648.5489,3722.9325,3642.4981,3720.6684
132022000,3701.7674,2771800,33182200,7532847500,95813085600,3648.5489,3722.9325,3642.4981,3720.6684
132027000,3701.9596,1587600,22366700,7534435100,95835452300,3648.5489,3722.9325,3642.4981,3720.6684
132032000,3702.0233,2766400,40541600,7537201500,95875993900,3648.5489,3722.9325,3642.4981,3720.6684
132037000,3702.4028,1584300,20502100,7538785800,95896496000,3648.5489,3722.9325,3642.4981,3720.6684
132042000,3702.3426,1804000,23975200,7540589800,95920471200,3648.5489,3722.9325,3642.4981,3720.6684
132047000,3701.686,1715600,22175400,7542305400,95942646600,3648.5489,3722.9325,3642.4981,3720.6684
132052000,3702.176,4110400,35213500,7546415800,95977860100,3648.5489,3722.9325,3642.4981,3720.6684
132057000,3702.2373,1812800,22928600,7548228600,96000788700,3648.5489,3722.9325,3642.4981,3720.6684
132102000,3702.7649,2537000,29581000,7550765600,96030369700,3648.5489,3722.9325,3642.4981,3720.6684
132107000,3702.6229,1866400,22551400,7552632000,96052921100,3648.5489,3722.9325,3642.4981,3720.6684
132112000,3702.8787,1845200,21045300,7554477200,96073966400,3648.5489,3722.9325,3642.4981,3720.6684
132117000,3702.4195,1578200,21093300,7556055400,96095059700,3648.5489,3722.9325,3642.4981,3720.6684
132122000,3702.9556,1688200,24988000,7557743600,96120047700,3648.5489,3722.9325,3642.4981,3720.6684
132127000,3702.7364,1675400,20524100,7559419000,96140571800,3648.5489,3722.9325,3642.4981,3720.6684
132132000,3703.0948,1771100,24800300,7561190100,96165372100,3648.5489,3722.9325,3642.4981,3720.6684
132137000,3703.1809,1791500,17971800,7562981600,96183343900,3648.5489,3722.9325,3642.4981,3720.6684
132142000,3703.1904,1923400,26985000,7564905000,96210328900,3648.5489,3722.9325,3642.4981,3720.6684
132147000,3702.9061,2367800,27768400,7567272800,96238097300,3648.5489,3722.9325,3642.4981,3720.6684
132152000,3703.0284,2254100,28135900,7569526900,96266233200,3648.5489,3722.9325,3642.4981,3720.6684
132157000,3702.3481,1789800,21022500,7571316700,96287255700,3648.5489,3722.9325,3642.4981,3720.6684
132202000,3702.5828,3175100,39594700,7574491800,96326850400,3648.5489,3722.9325,3642.4981,3720.6684
132207000,3702.6183,2548100,24347400,7577039900,96351197800,3648.5489,3722.9325,3642.4981,3720.6684
132212000,3702.6162,2495900,30539400,7579535800,96381737200,3648.5489,3722.9325,3642.4981,3720.6684
132217000,3702.1052,2116100,26569500,7581651900,96408306700,3648.5489,3722.9325,3642.4981,3720.6684
132222000,3702.204,2022400,25933900,7583674300,96434240600,3648.5489,3722.9325,3642.4981,3720.6684
132227000,3702.4666,1621400,25546900,7585295700,96459787500,3648.5489,3722.9325,3642.4981,3720.6684
132232000,3702.3262,1607000,24126700,7586902700,96483914200,3648.5489,3722.9325,3642.4981,3720.6684
132237000,3702.2483,678200,11046900,7587580900,96494961100,3648.5489,3722.9325,3642.4981,3720.6684
132242000,3702.1491,1527200,26348300,7589108100,96521309400,3648.5489,3722.9325,3642.4981,3720.6684
132247000,3702.0936,1654300,26387900,7590762400,96547697300,3648.5489,3722.9325,3642.4981,3720.6684
132252000,3702.3346,1359400,20360100,7592121800,96568057400,3648.5489,3722.9325,3642.4981,3720.6684
132257000,3702.0775,1578200,18175900,7593700000,96586233300,3648.5489,3722.9325,3642.4981,3720.6684
132302000,3702.2577,2802300,35830400,7596502300,96622063700,3648.5489,3722.9325,3642.4981,3720.6684
132307000,3702.329,2612100,21850500,7599114400,96643914200,3648.5489,3722.9325,3642.4981,3720.6684
132312000,3702.4593,1657500,24892300,7600771900,96668806500,3648.5489,3722.9325,3642.4981,3720.6684
132317000,3702.3534,1691500,18917800,7602463400,96687724300,3648.5489,3722.9325,3642.4981,3720.6684
132322000,3702.223,2015400,24002400,7604478800,96711726700,3648.5489,3722.9325,3642.4981,3720.6684
132327000,3701.8427,1460700,21672200,7605939500,96733398900,3648.5489,3722.9325,3642.4981,3720.6684
132332000,3701.4211,2575100,35207200,7608514600,96768606100,3648.5489,3722.9325,3642.4981,3720.6684
132337000,3701.1756,1812200,23058600,7610326800,96791664700,3648.5489,3722.9325,3642.4981,3720.6684
132342000,3701.0709,2587500,32191000,7612914300,96823855700,3648.5489,3722.9325,3642.4981,3720.6684
132347000,3700.9827,3036200,34187600,7615950500,96858043300,3648.5489,3722.9325,3642.4981,3720.6684
132352000,3700.3042,3213700,41424700,7619164200,96899468000,3648.5489,3722.9325,3642.4981,3720.6684
132357000,3699.956,2744500,36116900,7621908700,96935584900,3648.5489,3722.9325,3642.4981,3720.6684
132402000,3700.1227,2716800,37685300,7624625500,96973270200,3648.5489,3722.9325,3642.4981,3720.6684
132407000,3700.2074,1637800,21739500,7626263300,96995009700,3648.5489,3722.9325,3642.4981,3720.6684
132412000,3700.1822,2118200,26286300,7628381500,97021296000,3648.5489,3722.9325,3642.4981,3720.6684
132417000,3699.9084,1444500,24241900,7629826000,97045537900,3648.5489,3722.9325,3642.4981,3720.6684
132422000,3699.6154,3415500,39502300,7633241500,97085040200,3648.5489,3722.9325,3642.4981,3720.6684
132427000,3699.676,2177600,25368900,7635419100,97110409100,3648.5489,3722.9325,3642.4981,3720.6684
132432000,3699.8922,1681200,25054300,7637100300,97135463400,3648.5489,3722.9325,3642.4981,3720.6684
132437000,3699.6194,1139800,14413000,7638240100,97149876400,3648.5489,3722.9325,3642.4981,3720.6684
132442000,3699.9275,3207400,37722200,7641447500,97187598600,3648.5489,3722.9325,3642.4981,3720.6684
132447000,3699.2592,2251300,28776400,7643698800,97216375000,3648.5489,3722.9325,3642.4981,3720.6684
132452000,3699.4421,2050400,31502300,7645749200,97247877300,3648.5489,3722.9325,3642.4981,3720.6684
132457000,3699.1988,1829200,22259500,7647578400,97270136800,3648.5489,3722.9325,3642.4981,3720.6684
132502000,3699.7895,2106400,30555900,7649684800,97300692700,3648.5489,3722.9325,3642.4981,3720.6684
132507000,3699.6684,1958100,21255600,7651642900,97321948300,3648.5489,3722.9325,3642.4981,3720.6684
132512000,3699.4174,1898100,29417900,7653541000,97351366200,3648.5489,3722.9325,3642.4981,3720.6684
132517000,3699.2996,1523900,23751900,7655064900,97375118100,3648.5489,3722.9325,3642.4981,3720.6684
132522000,3699.3467,2108700,27348300,7657173600,97402466400,3648.5489,3722.9325,3642.4981,3720.6684
132527000,3699.3077,2218200,22409900,7659391800,97424876300,3648.5489,3722.9325,3642.4981,3720.6684
132532000,3699.2639,4033800,46707600,7663425600,97471583900,3648.5489,3722.9325,3642.4981,3720.6684
132537000,3699.4061,1476700,22354200,7664902300,97493938100,3648.5489,3722.9325,3642.4981,3720.6684
132542000,3699.8566,2761300,34066800,7667663600,97528004900,3648.5489,3722.9325,3642.4981,3720.6684
132547000,3699.6827,2896300,30929800,7670559900,97558934700,3648.5489,3722.9325,3642.4981,3720.6684
132552000,3700.033,2391300,33586100,7672951200,97592520800,3648.5489,3722.9325,3642.4981,3720.6684
132557000,3700.3249,1648200,23903600,7674599400,97616424400,3648.5489,3722.9325,3642.4981,3720.6684
132602000,3700.4806,1877300,29187200,7676476700,97645611600,3648.5489,3722.9325,3642.4981,3720.6684
132607000,3701.2474,2456100,29961200,7678932800,97675572800,3648.5489,3722.9325,3642.4981,3720.6684
132612000,3700.783,3441700,56160700,7682374500,97731733500,3648.5489,3722.9325,3642.4981,3720.6684
132617000,3701.337,3054500,37008800,7685429000,97768742300,3648.5489,3722.9325,3642.4981,3720.6684
132622000,3701.5372,3453600,40122100,7688882600,97808864400,3648.5489,3722.9325,3642.4981,3720.6684
132627000,3701.2108,2964200,31527000,7691846800,97840391400,3648.5489,3722.9325,3642.4981,3720.6684
132632000,3701.4115,2817200,34852000,7694664000,97875243400,3648.5489,3722.9325,3642.4981,3720.6684
132637000,3701.4596,2648200,23962800,7697312200,97899206200,3648.5489,3722.9325,3642.4981,3720.6684
132642000,3702.0123,2051100,28339900,7699363300,97927546100,3648.5489,3722.9325,3642.4981,3720.6684
132647000,3702.019,1722700,20798000,7701086000,97948344100,3648.5489,3722.9325,3642.4981,3720.6684
132652000,3701.6702,3769600,38470600,7704855600,97986814700,3648.5489,3722.9325,3642.4981,3720.6684
132657000,3701.7119,2858800,29702600,7707714400,98016517300,3648.5489,3722.9325,3642.4981,3720.6684
132702000,3701.4226,3714100,55897300,7711428500,98072414600,3648.5489,3722.9325,3642.4981,3720.6684
132707000,3701.3969,3120800,29562800,7714549300,98101977400,3648.5489,3722.9325,3642.4981,3720.6684
132712000,3701.3725,2079700,29382000,7716629000,98131359400,3648.5489,3722.9325,3642.4981,3720.6684
132717000,3700.9877,1727500,21963200,7718356500,98153322600,3648.5489,3722.9325,3642.4981,3720.6684
132722000,3701.538,1960400,25500800,7720316900,98178823400,3648.5489,3722.9325,3642.4981,3720.6684
132727000,3701.6701,1995800,25639500,7722312700,98204462900,3648.5489,3722.9325,3642.4981,3720.6684
132732000,3700.0693,2529600,33809600,7724842300,98238272500,3648.5489,3722.9325,3642.4981,3720.6684
132737000,3700.3737,2323600,28096400,7727165900,98266368900,3648.5489,3722.9325,3642.4981,3720.6684
132742000,3700.7411,1778200,25484200,7728944100,98291853100,3648.5489,3722.9325,3642.4981,3720.6684
132747000,3699.6912,2681900,37450200,7731626000,98329303300,3648.5489,3722.9325,3642.4981,3720.6684
132752000,3699.6068,2495000,30212200,7734121000,98359515500,3648.5489,3722.9325,3642.4981,3720.6684
132757000,3699.799,1966900,30150200,7736087900,98389665700,3648.5489,3722.9325,3642.4981,3720.6684
132802000,3700.0661,2307000,32415300,7738394900,98422081000,3648.5489,3722.9325,3642.4981,3720.6684
132807000,3700.0108,1546000,21940000,7739940900,98444021000,3648.5489,3722.9325,3642.4981,3720.6684
132812000,3700.184,2026200,28852800,7741967100,98472873800,3648.5489,3722.9325,3642.4981,3720.6684
132817000,3700.0241,1466000,20743600,7743433100,98493617400,3648.5489,3722.9325,3642.4981,3720.6684
132822000,3700.2083,1374900,20464700,7744808000,98514082100,3648.5489,3722.9325,3642.4981,3720.6684
132827000,3700.1118,2188200,36767800,7746996200,98550849900,3648.5489,3722.9325,3642.4981,3720.6684
132832000,3699.9288,1401700,21430400,7748397900,98572280300,3648.5489,3722.9325,3642.4981,3720.6684
132837000,3700.1267,1388200,16938600,7749786100,98589218900,3648.5489,3722.9325,3642.4981,3720.6684
132842000,3700.4551,1597000,21230300,7751383100,98610449200,3648.5489,3722.9325,3642.4981,3720.6684
132847000,3700.222,1854900,27815300,7753238000,98638264500,3648.5489,3722.9325,3642.4981,3720.6684
132852000,3700.4796,4485400,43544800,7757723400,98681809300,3648.5489,3722.9325,3642.4981,3720.6684
132857000,3700.4117,2397600,29599800,7760121000,98711409100,3648.5489,3722.9325,3642.4981,3720.6684
132902000,3700.7882,2524100,40437700,7762645100,98751846800,3648.5489,3722.9325,3642.4981,3720.6684
132907000,3700.8192,1272000,26936000,7763917100,98778782800,3648.5489,3722.9325,3642.4981,3720.6684
132912000,3700.6856,1621600,25787200,7765538700,98804570000,3648.5489,3722.9325,3642.4981,3720.6684
132917000,3700.3179,2225900,35102500,7767764600,98839672500,3648.5489,3722.9325,3642.4981,3720.6684
132922000,3700.7291,1934700,28638600,7769699300,98868311100,3648.5489,3722.9325,3642.4981,3720.6684
132927000,3700.7553,1639300,30789400,7771338600,98899100500,3648.5489,3722.9325,3642.4981,3720.6684
132932000,3700.6365,2068700,28352300,7773407300,98927452800,3648.5489,3722.9325,3642.4981,3720.6684
132937000,3700.5172,1488200,24837700,7774895500,98952290500,3648.5489,3722.9325,3642.4981,3720.6684
132942000,3700.3489,2357700,42182000,7777253200,98994472500,3648.5489,3722.9325,3642.4981,3720.6684
132947000,3700.3299,1894900,26429200,7779148100,99020901700,3648.5489,3722.9325,3642.4981,3720.6684
132952000,3700.3967,2206600,37473700,7781354700,99058375400,3648.5489,3722.9325,3642.4981,3720.6684
132957000,3700.3074,1821100,30583900,7783175800,99088959300,3648.5489,3722.9325,3642.4981,3720.6684
133002000,3700.612,3477200,58048800,7786653000,99147008100,3648.5489,3722.9325,3642.4981,3720.6684
133007000,3700.7221,1665800,26091900,7788318800,99173100000,3648.5489,3722.9325,3642.4981,3720.6684
133012000,3700.707,1361600,20836000,7789680400,99193936000,3648.5489,3722.9325,3642.4981,3720.6684
133017000,3700.6429,1896800,24524700,7791577200,99218460700,3648.5489,3722.9325,3642.4981,3720.6684
133022000,3700.5292,1516200,25693000,7793093400,99244153700,3648.5489,3722.9325,3642.4981,3720.6684
133027000,3700.6806,1575900,23378200,7794669300,99267531900,3648.5489,3722.9325,3642.4981,3720.6684
133032000,3701.121,2091300,27110900,7796760600,99294642800,3648.5489,3722.9325,3642.4981,3720.6684
133037000,3701.4576,1822000,23375500,7798582600,99318018300,3648.5489,3722.9325,3642.4981,3720.6684
133042000,3701.0844,1820200,25166000,7800402800,99343184300,3648.5489,3722.9325,3642.4981,3720.6684
133047000,3701.1009,2664900,34627900,7803067700,99377812200,3648.5489,3722.9325,3642.4981,3720.6684
133052000,3701.183,2061400,36579800,7805129100,99414392000,3648.5489,3722.9325,3642.4981,3720.6684
133057000,3701.1628,2947200,31391300,7808076300,99445783300,3648.5489,3722.9325,3642.4981,3720.6684
133102000,3701.1671,2767700,40785600,7810844000,99486568900,3648.5489,3722.9325,3642.4981,3720.6684
133107000,3701.1436,1622800,23682200,7812466800,99510251100,3648.5489,3722.9325,3642.4981,3720.6684
133112000,3701.1174,1801200,28329800,7814268000,99538580900,3648.5489,3722.9325,3642.4981,3720.6684
133117000,3700.6963,1956700,27753900,7816224700,99566334800,3648.5489,3722.9325,3642.4981,3720.6684
133122000,3701.1552,1692800,26752900,7817917500,99593087700,3648.5489,3722.9325,3642.4981,3720.6684
133127000,3700.6088,2341900,33629300,7820259400,99626717000,3648.5489,3722.9325,3642.4981,3720.6684
133132000,3701.1427,1962000,30017400,7822221400,99656734400,3648.5489,3722.9325,3642.4981,3720.6684
133137000,3701.1323,1021400,16748200,7823242800,99673482600,3648.5489,3722.9325,3642.4981,3720.6684
133142000,3700.8686,1474600,23765500,7824717400,99697248100,3648.5489,3722.9325,3642.4981,3720.6684
133147000,3700.1373,2654300,32125200,7827371700,99729373300,3648.5489,3722.9325,3642.4981,3720.6684
133152000,3700.5265,3011700,36624700,7830383400,99765998000,3648.5489,3722.9325,3642.4981,3720.6684
133157000,3699.8035,2228400,28596100,7832611800,99794594100,3648.5489,3722.9325,3642.4981,3720.6684
133202000,3699.9094,2624900,33214500,7835236700,99827808600,3648.5489,3722.9325,3642.4981,3720.6684
133207000,3700.2936,1411000,19467300,7836647700,99847275900,3648.5489,3722.9325,3642.4981,3720.6684
133212000,3700.0477,1549600,21292800,7838197300,99868568700,3648.5489,3722.9325,3642.4981,3720.6684
133217000,3699.9501,2241300,29532000,7840438600,99898100700,3648.5489,3722.9325,3642.4981,3720.6684
133222000,3700.1381,1941800,34067500,7842380400,99932168200,3648.5489,3722.9325,3642.4981,3720.6684
133227000,3700.1036,2414300,25164800,7844794700,99957333000,3648.5489,3722.9325,3642.4981,3720.6684
133232000,3700.3258,1604200,19796600,7846398900,99977129600,3648.5489,3722.9325,3642.4981,3720.6684
133237000,3700.2421,1748500,17103000,7848147400,99994232600,3648.5489,3722.9325,3642.4981,3720.6684
133242000,3700.3865,2302400,27281300,7850449800,100021513900,3648.5489,3722.9325,3642.4981,3720.6684
133247000,3700.1204,2217600,31627600,7852667400,100053141500,3648.5489,3722.9325,3642.4981,3720.6684
133252000,3700.2396,1983500,44355600,7854650900,100097497100,3648.5489,3722.9325,3642.4981,3720.6684
133257000,3700.5006,1722700,24803200,7856373600,100122300300,3648.5489,3722.9325,3642.4981,3720.6684
133302000,3700.6065,1631500,25549000,7858005100,100147849300,3648.5489,3722.9325,3642.4981,3720.6684
133307000,3700.7506,1391200,18794300,7859396300,100166643600,3648.5489,3722.9325,3642.4981,3720.6684
133312000,3700.4723,1268900,18047600,7860665200,100184691200,3648.5489,3722.9325,3642.4981,3720.6684
133317000,3700.5503,2544600,28783000,7863209800,100213474200,3648.5489,3722.9325,3642.4981,3720.6684
133322000,3700.1988,1216600,16059700,7864426400,100229533900,3648.5489,3722.9325,3642.4981,3720.6684
133327000,3700.3256,1278200,20310300,7865704600,100249844200,3648.5489,3722.9325,3642.4981,3720.6684
133332000,3700.2679,1845800,21776000,7867550400,100271620200,3648.5489,3722.9325,3642.4981,3720.6684
133337000,3700.5522,1489000,18518300,7869039400,100290138500,3648.5489,3722.9325,3642.4981,3720.6684
133342000,3700.3042,1393500,24565700,7870432900,100314704200,3648.5489,3722.9325,3642.4981,3720.6684
133347000,3700.3417,2127800,33714000,7872560700,100348418200,3648.5489,3722.9325,3642.4981,3720.6684
133352000,3700.4917,1792600,22493100,7874353300,100370911300,3648.5489,3722.9325,3642.4981,3720.6684
133357000,3700.4822,1740400,23242100,7876093700,100394153400,3648.5489,3722.9325,3642.4981,3720.6684
133402000,3700.7538,2315700,40605500,7878409400,100434758900,3648.5489,3722.9325,3642.4981,3720.6684
133407000,3700.724,3014200,26333400,7881423600,100461092300,3648.5489,3722.9325,3642.4981,3720.6684
133412000,3700.9456,1173700,19455800,7882597300,100480548100,3648.5489,3722.9325,3642.4981,3720.6684
133417000,3700.9748,1728400,22826400,7884325700,100503374500,3648.5489,3722.9325,3642.4981,3720.6684
133422000,3700.917,2222300,30712300,7886548000,100534086800,3648.5489,3722.9325,3642.4981,3720.6684
133427000,3701.0576,2301700,26350600,7888849700,100560437400,3648.5489,3722.9325,3642.4981,3720.6684
133432000,3700.9966,1753400,22322800,7890603100,100582760200,3648.5489,3722.9325,3642.4981,3720.6684
133437000,3701.065,1211000,21494800,7891814100,100604255000,3648.5489,3722.9325,3642.4981,3720.6684
133442000,3700.8741,1436800,21239600,7893250900,100625494600,3648.5489,3722.9325,3642.4981,3720.6684
133447000,3700.5456,2792300,31036000,7896043200,100656530600,3648.5489,3722.9325,3642.4981,3720.6684
133452000,3700.6976,2113700,32819700,7898156900,100689350300,3648.5489,3722.9325,3642.4981,3720.6684
133457000,3700.9448,1909500,25875800,7900066400,100715226100,3648.5489,3722.9325,3642.4981,3720.6684
133502000,3701.1815,1708100,24781300,7901774500,100740007400,3648.5489,3722.9325,3642.4981,3720.6684
133507000,3700.8966,1662400,18379900,7903436900,100758387300,3648.5489,3722.9325,3642.4981,3720.6684
133512000,3700.7589,993700,15602900,7904430600,100773990200,3648.5489,3722.9325,3642.4981,3720.6684
133517000,3700.7614,1501800,21974600,7905932400,100795964800,3648.5489,3722.9325,3642.4981,3720.6684
133522000,3700.7464,2647400,31422600,7908579800,100827387400,3648.5489,3722.9325,3642.4981,3720.6684
133527000,3700.8828,1309200,20305600,7909889000,100847693000,3648.5489,3722.9325,3642.4981,3720.6684
133532000,3699.0894,6008300,73482600,7915897300,100921175600,3648.5489,3722.9325,3642.4981,3720.6684
133537000,3698.0553,6882000,86985300,7922779300,101008160900,3648.5489,3722.9325,3642.4981,3720.6684
133542000,3697.3938,6039100,74985400,7928818400,101083146300,3648.5489,3722.9325,3642.4981,3720.6684
133547000,3696.6003,4482700,52215800,7933301100,101135362100,3648.5489,3722.9325,3642.4981,3720.6684
133552000,3696.8921,4639200,59284800,7937940300,101194646900,3648.5489,3722.9325,3642.4981,3720.6684
133557000,3696.5241,3100900,48700700,7941041200,101243347600,3648.5489,3722.9325,3642.4981,3720.6684
133602000,3696.4316,4431600,51262500,7945472800,101294610100,3648.5489,3722.9325,3642.4981,3720.6684
133607000,3696.3034,3093600,37222100,7948566400,101331832200,3648.5489,3722.9325,3642.4981,3720.6684
133612000,3695.8646,2810500,43174600,7951376900,101375006800,3648.5489,3722.9325,3642.4981,3720.6684
133617000,3695.7422,3066800,38307100,7954443700,101413313900,3648.5489,3722.9325,3642.4981,3720.6684
133622000,3695.8338,2399300,32495100,7956843000,101445809000,3648.5489,3722.9325,3642.4981,3720.6684
133627000,3695.8555,2097400,34552600,7958940400,101480361600,3648.5489,3722.9325,3642.4981,3720.6684
133632000,3695.6139,2697900,38576800,7961638300,101518938400,3648.5489,3722.9325,3642.4981,3720.6684
133637000,3695.98,2116600,29177600,7963754900,101548116000,3648.5489,3722.9325,3642.4981,3720.6684
133642000,3695.973,2547000,34505600,7966301900,101582621600,3648.5489,3722.9325,3642.4981,3720.6684
133647000,3695.25,3772900,43822800,7970074800,101626444400,3648.5489,3722.9325,3642.4981,3720.6684
133652000,3695.3302,3519800,41569300,7973594600,101668013700,3648.5489,3722.9325,3642.4981,3720.6684
133657000,3695.4769,2831200,34124300,7976425800,101702138000,3648.5489,3722.9325,3642.4981,3720.6684
133702000,3695.0897,5358300,69456100,7981784100,101771594100,3648.5489,3722.9325,3642.4981,3720.6684
133707000,3694.6934,3165500,39374900,7984949600,101810969000,3648.5489,3722.9325,3642.4981,3720.6684
133712000,3694.651,3240300,36783000,7988189900,101847752000,3648.5489,3722.9325,3642.4981,3720.6684
133717000,3693.427,4325200,50180800,7992515100,101897932800,3648.5489,3722.9325,3642.4981,3720.6684
133722000,3694.2305,3427300,40844200,7995942400,101938777000,3648.5489,3722.9325,3642.4981,3720.6684
133727000,3693.311,3285800,40638000,7999228200,101979415000,3648.5489,3722.9325,3642.4981,3720.6684
133732000,3693.8285,2687300,38866900,8001915500,102018281900,3648.5489,3722.9325,3642.4981,3720.6684
133737000,3693.489,2418500,27347800,8004334000,102045629700,3648.5489,3722.9325,3642.4981,3720.6684
133742000,3693.2715,1776300,30367000,8006110300,102075996700,3648.5489,3722.9325,3642.4981,3720.6684
133747000,3692.681,2534500,30950300,8008644800,102106947000,3648.5489,3722.9325,3642.4981,3720.6684
133752000,3692.8939,3440100,40615000,8012084900,102147562000,3648.5489,3722.9325,3642.4981,3720.6684
133757000,3693.2515,3172000,37517500,8015256900,102185079500,3648.5489,3722.9325,3642.4981,3720.6684
133802000,3692.7024,4392400,47700900,8019649300,102232780400,3648.5489,3722.9325,3642.4981,3720.6684
133807000,3692.5067,4608300,48959100,8024257600,102281739500,3648.5489,3722.9325,3642.4981,3720.6684
133812000,3691.9379,2899100,38584300,8027156700,102320323800,3648.5489,3722.9325,3642.4981,3720.6684
133817000,3692.1084,3934100,44035300,8031090800,102364359100,3648.5489,3722.9325,3642.4981,3720.6684
133822000,3692.3567,3372000,38313600,8034462800,102402672700,3648.5489,3722.9325,3642.4981,3720.6684
133827000,3692.534,2683900,30711300,8037146700,102433384000,3648.5489,3722.9325,3642.4981,3720.6684
133832000,3692.3744,2739900,42812000,8039886600,102476196000,3648.5489,3722.9325,3642.4981,3720.6684
133837000,3692.5193,3154600,31937400,8043041200,102508133400,3648.5489,3722.9325,3642.4981,3720.6684
133842000,3691.9736,3200800,42857500,8046242000,102550990900,3648.5489,3722.9325,3642.4981,3720.6684
133847000,3691.8442,2106700,26333500,8048348700,102577324400,3648.5489,3722.9325,3642.4981,3720.6684
133852000,3691.956,2512300,30411500,8050861000,102607735900,3648.5489,3722.9325,3642.4981,3720.6684
133857000,3691.655,2646100,35436600,8053507100,102643172500,3648.5489,3722.9325,3642.4981,3720.6684
133902000,3691.7131,2926100,38233500,8056433200,102681406000,3648.5489,3722.9325,3642.4981,3720.6684
133907000,3691.478,2107600,27326200,8058540800,102708732200,3648.5489,3722.9325,3642.4981,3720.6684
133912000,3691.613,2497700,40630400,8061038500,102749362600,3648.5489,3722.9325,3642.4981,3720.6684
133917000,3691.0328,2028700,29261200,8063067200,102778623800,3648.5489,3722.9325,3642.4981,3720.6684
133922000,3691.717,2252200,27965600,8065319400,102806589400,3648.5489,3722.9325,3642.4981,3720.6684
133927000,3691.0285,2890400,36002300,8068209800,102842591700,3648.5489,3722.9325,3642.4981,3720.6684
133932000,3691.1064,2667100,34604300,8070876900,102877196000,3648.5489,3722.9325,3642.4981,3720.6684
133937000,3691.6683,2643000,31671000,8073519900,102908867000,3648.5489,3722.9325,3642.4981,3720.6684
133942000,3691.346,1998900,29411500,8075518800,102938278500,3648.5489,3722.9325,3642.4981,3720.6684
133947000,3691.3247,1934400,37920100,8077453200,102976198600,3648.5489,3722.9325,3642.4981,3720.6684
133952000,3690.7682,2334200,39628500,8079787400,103015827100,3648.5489,3722.9325,3642.4981,3720.6684
133957000,3690.4873,1930000,29913300,8081717400,103045740400,3648.5489,3722.9325,3642.4981,3720.6684
134002000,3690.7637,2856600,43189500,8084574000,103088929900,3648.5489,3722.9325,3642.4981,3720.6684
134007000,3690.8151,1708200,25357900,8086282200,103114287800,3648.5489,3722.9325,3642.4981,3720.6684
134012000,3690.4073,2126000,29579700,8088408200,103143867500,3648.5489,3722.9325,3642.4981,3720.6684
134017000,3690.0735,2114200,29318700,8090522400,103173186200,3648.5489,3722.9325,3642.4981,3720.6684
134022000,3689.9856,1809000,33106300,8092331400,103206292500,3648.5489,3722.9325,3642.4981,3720.6684
134027000,3690.0753,1281600,20287900,8093613000,103226580400,3648.5489,3722.9325,3642.4981,3720.6684
134032000,3690.0797,2193200,30015900,8095806200,103256596300,3648.5489,3722.9325,3642.4981,3720.6684
134037000,3690.4147,1991400,26085400,8097797600,103282681700,3648.5489,3722.9325,3642.4981,3720.6684
134042000,3690.0594,2164500,25284500,8099962100,103307966200,3648.5489,3722.9325,3642.4981,3720.6684
134047000,3690.0996,2035400,31187500,8101997500,103339153700,3648.5489,3722.9325,3642.4981,3720.6684
134052000,3690.081,1674800,27228400,8103672300,103366382100,3648.5489,3722.9325,3642.4981,3720.6684
134057000,3689.7288,1688100,26355500,8105360400,103392737600,3648.5489,3722.9325,3642.4981,3720.6684
134102000,3689.7705,2653100,40766900,8108013500,103433504500,3648.5489,3722.9325,3642.4981,3720.6684
134107000,3689.6466,2506000,29478600,8110519500,103462983100,3648.5489,3722.9325,3642.4981,3720.6684
134112000,3689.1965,2702700,52173200,8113222200,103515156300,3648.5489,3722.9325,3642.4981,3720.6684
134117000,3689.5685,2084800,44605000,8115307000,103559761300,3648.5489,3722.9325,3642.4981,3720.6684
134122000,3689.0767,2251200,32010300,8117558200,103591771600,3648.5489,3722.9325,3642.4981,3720.6684
134127000,3689.4285,2555700,36866500,8120113900,103628638100,3648.5489,3722.9325,3642.4981,3720.6684
134132000,3688.8312,2641800,43187900,8122755700,103671826000,3648.5489,3722.9325,3642.4981,3720.6684
134137000,3689.3508,2351600,33544600,8125107300,103705370600,3648.5489,3722.9325,3642.4981,3720.6684
134142000,3689.1198,3191600,38326000,8128298900,103743696600,3648.5489,3722.9325,3642.4981,3720.6684
134147000,3688.4864,1736900,26599800,8130035800,103770296400,3648.5489,3722.9325,3642.4981,3720.6684
134152000,3688.7197,2440800,35244200,8132476600,103805540600,3648.5489,3722.9325,3642.4981,3720.6684
134157000,3688.0257,3927700,40796200,8136404300,103846336800,3648.5489,3722.9325,3642.4981,3720.6684
134202000,3688.3408,2946700,37856700,8139351000,103884193500,3648.5489,3722.9325,3642.4981,3720.6684
134207000,3688.3195,3322100,39712000,8142673100,103923905500,3648.5489,3722.9325,3642.4981,3720.6684
134212000,3688.3602,1857500,27233700,8144530600,103951139200,3648.5489,3722.9325,3642.4981,3720.6684
134217000,3688.3033,1817800,30275000,8146348400,103981414200,3648.5489,3722.9325,3642.4981,3720.6684
134222000,3690.1574,4147200,64140100,8150495600,104045554300,3648.5489,3722.9325,3642.4981,3720.6684
134227000,3691.5615,7372800,93739700,8157868400,104139294000,3648.5489,3722.9325,3642.4981,3720.6684
134232000,3692.1951,7491500,88258200,8165359900,104227552200,3648.5489,3722.9325,3642.4981,3720.6684
134237000,3692.9269,4179300,46555900,8169539200,104274108100,3648.5489,3722.9325,3642.4981,3720.6684
134242000,3693.587,2955700,45126900,8172494900,104319235000,3648.5489,3722.9325,3642.4981,3720.6684
134247000,3693.9945,3123100,37449300,8175618000,104356684300,3648.5489,3722.9325,3642.4981,3720.6684
134252000,3694.6644,4399700,39634900,8180017700,104396319200,3648.5489,3722.9325,3642.4981,3720.6684
134257000,3694.3222,2772600,32354000,8182790300,104428673200,3648.5489,3722.9325,3642.4981,3720.6684
134302000,3694.7832,2923400,42012700,8185713700,104470685900,3648.5489,3722.9325,3642.4981,3720.6684
134307000,3694.8658,3293500,42125400,8189007200,104512811300,3648.5489,3722.9325,3642.4981,3720.6684
134312000,3694.9271,2473900,35917000,8191481100,104548728300,3648.5489,3722.9325,3642.4981,3720.6684
134317000,3694.7686,2028200,29843900,8193509300,104578572200,3648.5489,3722.9325,3642.4981,3720.6684
134322000,3694.7726,1584300,25463400,8195093600,104604035600,3648.5489,3722.9325,3642.4981,3720.6684
134327000,3695.0929,2288000,25232700,8197381600,104629268300,3648.5489,3722.9325,3642.4981,3720.6684
134332000,3695.2385,2261800,26463500,8199643400,104655731800,3648.5489,3722.9325,3642.4981,3720.6684
134337000,3695.6401,1167100,16652700,8200810500,104672384500,3648.5489,3722.9325,3642.4981,3720.6684
134342000,3695.4752,1272800,18773200,8202083300,104691157700,3648.5489,3722.9325,3642.4981,3720.6684
134347000,3695.1011,2066500,23051000,8204149800,104714208700,3648.5489,3722.9325,3642.4981,3720.6684
134352000,3695.0297,2082200,27957600,8206232000,104742166300,3648.5489,3722.9325,3642.4981,3720.6684
134357000,3694.7042,1832700,24657600,8208064700,104766823900,3648.5489,3722.9325,3642.4981,3720.6684
134402000,3694.8677,2510300,33725500,8210575000,104800549400,3648.5489,3722.9325,3642.4981,3720.6684
134407000,3695.0041,2585800,29313500,8213160800,104829862900,3648.5489,3722.9325,3642.4981,3720.6684
134412000,3695.064,1421300,19050900,8214582100,104848913800,3648.5489,3722.9325,3642.4981,3720.6684
134417000,3694.7326,1129100,15671400,8215711200,104864585200,3648.5489,3722.9325,3642.4981,3720.6684
134422000,3694.9028,1736500,24680700,8217447700,104889265900,3648.5489,3722.9325,3642.4981,3720.6684
134427000,3694.6096,1912700,33264500,8219360400,104922530400,3648.5489,3722.9325,3642.4981,3720.6684
134432000,3694.8866,2645400,27720800,8222005800,104950251200,3648.5489,3722.9325,3642.4981,3720.6684
134437000,3694.9656,1356200,19602000,8223362000,104969853200,3648.5489,3722.9325,3642.4981,3720.6684
134442000,3694.702,1579900,19439000,8224941900,104989292200,3648.5489,3722.9325,3642.4981,3720.6684
134447000,3694.5888,1910100,30505800,8226852000,105019798000,3648.5489,3722.9325,3642.4981,3720.6684
134452000,3694.2294,1416800,24107300,8228268800,105043905300,3648.5489,3722.9325,3642.4981,3720.6684
134457000,3694.0041,1561100,22678700,8229829900,105066584000,3648.5489,3722.9325,3642.4981,3720.6684
134502000,3694.1303,2221000,24249500,8232050900,105090833500,3648.5489,3722.9325,3642.4981,3720.6684
134507000,3693.9759,1279400,16823500,8233330300,105107657000,3648.5489,3722.9325,3642.4981,3720.6684
134512000,3694.1701,1448000,25905100,8234778300,105133562100,3648.5489,3722.9325,3642.4981,3720.6684
134517000,3693.668,1536600,19792300,8236314900,105153354400,3648.5489,3722.9325,3642.4981,3720.6684
134522000,3693.9155,1201000,20265700,8237515900,105173620100,3648.5489,3722.9325,3642.4981,3720.6684
134527000,3693.3716,2394500,25698100,8239910400,105199318200,3648.5489,3722.9325,3642.4981,3720.6684
134532000,3693.154,1654500,25307800,8241564900,105224626000,3648.5489,3722.9325,3642.4981,3720.6684
134537000,3693.3578,1747000,34754200,8243311900,105259380200,3648.5489,3722.9325,3642.4981,3720.6684
134542000,3693.2697,2208100,32742000,8245520000,105292122200,3648.5489,3722.9325,3642.4981,3720.6684
134547000,3693.2316,1741000,20137800,8247261000,105312260000,3648.5489,3722.9325,3642.4981,3720.6684
134552000,3693.064,1450800,21154500,8248711800,105333414500,3648.5489,3722.9325,3642.4981,3720.6684
134557000,3692.5908,1601400,22764900,8250313200,105356179400,3648.5489,3722.9325,3642.4981,3720.6684
134602000,3692.7026,2282400,27131400,8252595600,105383310800,3648.5489,3722.9325,3642.4981,3720.6684
134607000,3692.8643,1715300,19520500,8254310900,105402831300,3648.5489,3722.9325,3642.4981,3720.6684
134612000,3692.7004,1438000,21436600,8255748900,105424267900,3648.5489,3722.9325,3642.4981,3720.6684
134617000,3692.9352,1433700,20932300,8257182600,105445200200,3648.5489,3722.9325,3642.4981,3720.6684
134622000,3692.8889,1282600,22072700,8258465200,105467272900,3648.5489,3722.9325,3642.4981,3720.6684
134627000,3692.92,1578900,21245700,8260044100,105488518600,3648.5489,3722.9325,3642.4981,3720.6684
134632000,3692.7347,2004600,26202100,8262048700,105514720700,3648.5489,3722.9325,3642.4981,3720.6684
134637000,3693.2316,1598500,20622100,8263647200,105535342800,3648.5489,3722.9325,3642.4981,3720.6684
134642000,3693.1594,2048300,26325300,8265695500,105561668100,3648.5489,3722.9325,3642.4981,3720.6684
134647000,3692.6697,1334600,30133500,8267030100,105591801600,3648.5489,3722.9325,3642.4981,3720.6684
134652000,3692.7901,1636200,30555600,8268666300,105622357200,3648.5489,3722.9325,3642.4981,3720.6684
134657000,3692.8534,2118200,25489100,8270784500,105647846300,3648.5489,3722.9325,3642.4981,3720.6684
134702000,3692.9031,2028300,27285200,8272812800,105675131500,3648.5489,3722.9325,3642.4981,3720.6684
134707000,3692.8468,1294800,25698700,8274107600,105700830200,3648.5489,3722.9325,3642.4981,3720.6684
134712000,3693.1545,1450800,19587200,8275558400,105720417400,3648.5489,3722.9325,3642.4981,3720.6684
134717000,3693.3231,1293200,17593500,8276851600,105738010900,3648.5489,3722.9325,3642.4981,3720.6684
134722000,3693.0995,1370300,21355200,8278221900,105759366100,3648.5489,3722.9325,3642.4981,3720.6684
134727000,3692.3815,1285300,22017100,8279507200,105781383200,3648.5489,3722.9325,3642.4981,3720.6684
134732000,3692.6638,1820500,20967000,8281327700,105802350200,3648.5489,3722.9325,3642.4981,3720.6684
134737000,3693.0788,1144200,14635400,8282471900,105816985600,3648.5489,3722.9325,3642.4981,3720.6684
134742000,3692.9747,2529800,28529700,8285001700,105845515300,3648.5489,3722.9325,3642.4981,3720.6684
134747000,3692.3389,1558700,24650800,8286560400,105870166100,3648.5489,3722.9325,3642.4981,3720.6684
134752000,3692.8561,1241000,17590100,8287801400,105887756200,3648.5489,3722.9325,3642.4981,3720.6684
134757000,3692.3847,1305900,18986200,8289107300,105906742400,3648.5489,3722.9325,3642.4981,3720.6684
134802000,3692.8216,1728600,21163100,8290835900,105927905500,3648.5489,3722.9325,3642.4981,3720.6684
134807000,3692.7148,1923900,19296500,8292759800,105947202000,3648.5489,3722.9325,3642.4981,3720.6684
134812000,3693.0441,2213500,31504700,8294973300,105978706700,3648.5489,3722.9325,3642.4981,3720.6684
134817000,3692.7832,1283600,18758100,8296256900,105997464800,3648.5489,3722.9325,3642.4981,3720.6684
134822000,3692.9151,1805400,26115700,8298062300,106023580500,3648.5489,3722.9325,3642.4981,3720.6684
134827000,3692.7421,2031600,31111800,8300093900,106054692300,3648.5489,3722.9325,3642.4981,3720.6684
134832000,3692.4916,1663800,25715400,8301757700,106080407700,3648.5489,3722.9325,3642.4981,3720.6684
134837000,3693.2676,1724800,28011900,8303482500,106108419600,3648.5489,3722.9325,3642.4981,3720.6684
134842000,3693.2059,2442600,29655400,8305925100,106138075000,3648.5489,3722.9325,3642.4981,3720.6684
134847000,3693.2326,1936900,34000800,8307862000,106172075800,3648.5489,3722.9325,3642.4981,3720.6684
134852000,3693.175,2344600,27291600,8310206600,106199367400,3648.5489,3722.9325,3642.4981,3720.6684
134857000,3693.2797,2248300,32367400,8312454900,106231734800,3648.5489,3722.9325,3642.4981,3720.6684
134902000,3693.4412,3202300,38065700,8315657200,106269800500,3648.5489,3722.9325,3642.4981,3720.6684
134907000,3692.7939,2372400,37866200,8318029600,106307666700,3648.5489,3722.9325,3642.4981,3720.6684
134912000,3693.3571,1670900,22348100,8319700500,106330014800,3648.5489,3722.9325,3642.4981,3720.6684
134917000,3693.1234,1640100,26298800,8321340600,106356313600,3648.5489,3722.9325,3642.4981,3720.6684
134922000,3693.3718,1593900,26143000,8322934500,106382456600,3648.5489,3722.9325,3642.4981,3720.6684
134927000,3693.4435,2448200,37175800,8325382700,106419632400,3648.5489,3722.9325,3642.4981,3720.6684
134932000,3693.4338,2493800,34849600,8327876500,106454482000,3648.5489,3722.9325,3642.4981,3720.6684
134937000,3693.4263,1585700,30409100,8329462200,106484891100,3648.5489,3722.9325,3642.4981,3720.6684
134942000,3694.1291,1850600,24953900,8331312800,106509845000,3648.5489,3722.9325,3642.4981,3720.6684
134947000,3693.7421,1832500,44600400,8333145300,106554445400,3648.5489,3722.9325,3642.4981,3720.6684
134952000,3693.8345,2358900,37929400,8335504200,106592374800,3648.5489,3722.9325,3642.4981,3720.6684
134957000,3693.7315,1893900,27128000,8337398100,106619502800,3648.5489,3722.9325,3642.4981,3720.6684
135002000,3694.2001,2247600,31367900,8339645700,106650870700,3648.5489,3722.9325,3642.4981,3720.6684
135007000,3693.9062,1418600,24168200,8341064300,106675038900,3648.5489,3722.9325,3642.4981,3720.6684
135012000,3694.2234,1607000,21580300,8342671300,106696619200,3648.5489,3722.9325,3642.4981,3720.6684
135017000,3694.091,1793500,34953000,8344464800,106731572200,3648.5489,3722.9325,3642.4981,3720.6684
135022000,3694.2432,2486400,37644800,8346951200,106769217000,3648.5489,3722.9325,3642.4981,3720.6684
135027000,3694.7298,1903900,28864500,8348855100,106798081500,3648.5489,3722.9325,3642.4981,3720.6684
135032000,3694.3956,2214300,31355300,8351069400,106829436800,3648.5489,3722.9325,3642.4981,3720.6684
135037000,3694.5026,1766900,26946300,8352836300,106856383100,3648.5489,3722.9325,3642.4981,3720.6684
135042000,3694.7438,2106500,27421100,8354942800,106883804200,3648.5489,3722.9325,3642.4981,3720.6684
135047000,3694.3481,2260000,24193100,8357202800,106907997300,3648.5489,3722.9325,3642.4981,3720.6684
135052000,3694.3664,1653100,23385900,8358855900,106931383200,3648.5489,3722.9325,3642.4981,3720.6684
135057000,3694.8528,2222900,33090700,8361078800,106964473900,3648.5489,3722.9325,3642.4981,3720.6684
135102000,3694.5566,2543400,30498100,8363622200,106994972000,3648.5489,3722.9325,3642.4981,3720.6684
135107000,3694.7095,1626800,24437600,8365249000,107019409600,3648.5489,3722.9325,3642.4981,3720.6684
135112000,3694.6909,1481500,25137300,8366730500,107044546900,3648.5489,3722.9325,3642.4981,3720.6684
135117000,3695.1987,1901900,30969200,8368632400,107075516100,3648.5489,3722.9325,3642.4981,3720.6684
135122000,3695.1925,1426100,22646300,8370058500,107098162400,3648.5489,3722.9325,3642.4981,3720.6684
135127000,3695.1652,1547600,22683500,8371606100,107120845900,3648.5489,3722.9325,3642.4981,3720.6684
135132000,3695.056,2481000,35828400,8374087100,107156674300,3648.5489,3722.9325,3642.4981,3720.6684
135137000,3695.5172,1655500,25426400,8375742600,107182100700,3648.5489,3722.9325,3642.4981,3720.6684
135142000,3695.3388,2417100,38808300,8378159700,107220909000,3648.5489,3722.9325,3642.4981,3720.6684
135147000,3695.4546,3248200,53888600,8381407900,107274797600,3648.5489,3722.9325,3642.4981,3720.6684
135152000,3695.5753,2443900,32574100,8383851800,107307371700,3648.5489,3722.9325,3642.4981,3720.6684
135157000,3696.0142,2298200,33327400,8386150000,107340699100,3648.5489,3722.9325,3642.4981,3720.6684
135202000,3696.2675,2480400,42374900,8388630400,107383074000,3648.5489,3722.9325,3642.4981,3720.6684
135207000,3696.0934,1375100,25405700,8390005500,107408479700,3648.5489,3722.9325,3642.4981,3720.6684
135212000,3696.1912,2247000,37009300,8392252500,107445489000,3648.5489,3722.9325,3642.4981,3720.6684
135217000,3696.3472,1936300,27961700,8394188800,107473450700,3648.5489,3722.9325,3642.4981,3720.6684
135222000,3696.7702,2026400,32124400,8396215200,107505575100,3648.5489,3722.9325,3642.4981,3720.6684
135227000,3697.5508,3875500,51781600,8400090700,107557356700,3648.5489,3722.9325,3642.4981,3720.6684
135232000,3697.5912,2987400,42478900,8403078100,107599835600,3648.5489,3722.9325,3642.4981,3720.6684
135237000,3697.7938,2304300,38349400,8405382400,107638185000,3648.5489,3722.9325,3642.4981,3720.6684
135242000,3698.3399,3733000,43055300,8409115400,107681240300,3648.5489,3722.9325,3642.4981,3720.6684
135247000,3698.8273,2700200,40202000,8411815600,107721442300,3648.5489,3722.9325,3642.4981,3720.6684
135252000,3699.0581,3004500,43147100,8414820100,107764589400,3648.5489,3722.9325,3642.4981,3720.6684
135257000,3699.2473,2482900,32227100,8417303000,107796816500,3648.5489,3722.9325,3642.4981,3720.6684
135302000,3699.8361,2611000,43813100,8419914000,107840629600,3648.5489,3722.9325,3642.4981,3720.6684
135307000,3699.9414,1800600,28813300,8421714600,107869442900,3648.5489,3722.9325,3642.4981,3720.6684
135312000,3699.94,2367500,30611400,8424082100,107900054300,3648.5489,3722.9325,3642.4981,3720.6684
135317000,3700.0164,2568500,39768400,8426650600,107939822700,3648.5489,3722.9325,3642.4981,3720.6684
135322000,3700.0985,2642100,43081900,8429292700,107982904600,3648.5489,3722.9325,3642.4981,3720.6684
135327000,3700.3382,2341800,31181100,8431634500,108014085700,3648.5489,3722.9325,3642.4981,3720.6684
135332000,3700.3558,2571600,39223400,8434206100,108053309100,3648.5489,3722.9325,3642.4981,3720.6684
135337000,3700.7308,1579600,27425600,8435785700,108080734700,3648.5489,3722.9325,3642.4981,3720.6684
135342000,3700.7172,1768900,28176300,8437554600,108108911000,3648.5489,3722.9325,3642.4981,3720.6684
135347000,3700.7719,2962700,43047300,8440517300,108151958300,3648.5489,3722.9325,3642.4981,3720.6684
135352000,3701.0638,3416900,56959800,8443934200,108208918100,3648.5489,3722.9325,3642.4981,3720.6684
135357000,3700.5497,2504400,34758300,8446438600,108243676400,3648.5489,3722.9325,3642.4981,3720.6684
135402000,3700.5341,2918100,49254500,8449356700,108292930900,3648.5489,3722.9325,3642.4981,3720.6684
135407000,3700.4125,2015100,32905900,8451371800,108325836800,3648.5489,3722.9325,3642.4981,3720.6684
135412000,3699.8135,3117400,44309100,8454489200,108370145900,3648.5489,3722.9325,3642.4981,3720.6684
135417000,3699.7202,2142900,35949400,8456632100,108406095300,3648.5489,3722.9325,3642.4981,3720.6684
135422000,3698.478,3289200,41826300,8459921300,108447921600,3648.5489,3722.9325,3642.4981,3720.6684
135427000,3697.4789,4366700,58320200,8464288000,108506241800,3648.5489,3722.9325,3642.4981,3720.6684
135432000,3696.2581,6177400,86501900,8470465400,108592743700,3648.5489,3722.9325,3642.4981,3720.6684
135437000,3696.2176,2492600,38706900,8472958000,108631450600,3648.5489,3722.9325,3642.4981,3720.6684
135442000,3695.4686,3958200,60551000,8476916200,108692001600,3648.5489,3722.9325,3642.4981,3720.6684
135447000,3695.6463,3559800,44488100,8480476000,108736489700,3648.5489,3722.9325,3642.4981,3720.6684
135452000,3695.8838,1977600,29702300,8482453600,108766192000,3648.5489,3722.9325,3642.4981,3720.6684
135457000,3695.5587,2956300,36239500,8485409900,108802431500,3648.5489,3722.9325,3642.4981,3720.6684
135502000,3695.4035,2443100,34104500,8487853000,108836536000,3648.5489,3722.9325,3642.4981,3720.6684
135507000,3695.5408,1560000,24138900,8489413000,108860674900,3648.5489,3722.9325,3642.4981,3720.6684
135512000,3695.3069,1922500,24809300,8491335500,108885484200,3648.5489,3722.9325,3642.4981,3720.6684
135517000,3695.3079,1398500,20017300,8492734000,108905501500,3648.5489,3722.9325,3642.4981,3720.6684
135522000,3695.2688,1693800,23669500,8494427800,108929171000,3648.5489,3722.9325,3642.4981,3720.6684
135527000,3695.3525,1622400,21716600,8496050200,108950887600,3648.5489,3722.9325,3642.4981,3720.6684
135532000,3695.5567,2244100,28719200,8498294300,108979606800,3648.5489,3722.9325,3642.4981,3720.6684
135537000,3695.7513,974900,15767200,8499269200,108995374000,3648.5489,3722.9325,3642.4981,3720.6684
135542000,3695.384,1569800,26276000,8500839000,109021650000,3648.5489,3722.9325,3642.4981,3720.6684
135547000,3695.0594,2200800,31679300,8503039800,109053329300,3648.5489,3722.9325,3642.4981,3720.6684
135552000,3695.1963,1447700,20342500,8504487500,109073671800,3648.5489,3722.9325,3642.4981,3720.6684
135557000,3695.1615,1778900,22462800,8506266400,109096134600,3648.5489,3722.9325,3642.4981,3720.6684
135602000,3695.1416,2850100,36093000,8509116500,109132227600,3648.5489,3722.9325,3642.4981,3720.6684
135607000,3695.319,1334700,17647000,8510451200,109149874600,3648.5489,3722.9325,3642.4981,3720.6684
135612000,3695.2446,1350100,17383700,8511801300,109167258300,3648.5489,3722.9325,3642.4981,3720.6684
135617000,3694.7614,1780200,20792200,8513581500,109188050500,3648.5489,3722.9325,3642.4981,3720.6684
135622000,3694.9432,1407900,21513000,8514989400,109209563500,3648.5489,3722.9325,3642.4981,3720.6684
135627000,3694.4855,1682700,20345200,8516672100,109229908700,3648.5489,3722.9325,3642.4981,3720.6684
135632000,3694.5357,1362100,21392500,8518034200,109251301200,3648.5489,3722.9325,3642.4981,3720.6684
135637000,3694.7691,1845100,21217900,8519879300,109272519100,3648.5489,3722.9325,3642.4981,3720.6684
135642000,3694.9272,2308700,24357300,8522188000,109296876400,3648.5489,3722.9325,3642.4981,3720.6684
135647000,3694.753,1692100,22784200,8523880100,109319660600,3648.5489,3722.9325,3642.4981,3720.6684
135652000,3694.4759,2710800,36662000,8526590900,109356322600,3648.5489,3722.9325,3642.4981,3720.6684
135657000,3694.7829,2153700,25492600,8528744600,109381815200,3648.5489,3722.9325,3642.4981,3720.6684
135702000,3694.665,2100600,27093200,8530845200,109408908400,3648.5489,3722.9325,3642.4981,3720.6684
135707000,3695.2224,2751400,22897800,8533596600,109431806200,3648.5489,3722.9325,3642.4981,3720.6684
135712000,3694.9257,1582300,19559600,8535178900,109451365800,3648.5489,3722.9325,3642.4981,3720.6684
135717000,3695.111,1560600,21308000,8536739500,109472673800,3648.5489,3722.9325,3642.4981,3720.6684
135722000,3694.7257,1933400,30615200,8538672900,109503289000,3648.5489,3722.9325,3642.4981,3720.6684
135727000,3694.7343,1442500,20480400,8540115400,109523769400,3648.5489,3722.9325,3642.4981,3720.6684
135732000,3694.5977,1897000,23367100,8542012400,109547136500,3648.5489,3722.9325,3642.4981,3720.6684
135737000,3694.652,1562600,19929100,8543575000,109567065600,3648.5489,3722.9325,3642.4981,3720.6684
135742000,3694.7112,1242600,17650600,8544817600,109584716200,3648.5489,3722.9325,3642.4981,3720.6684
135747000,3694.7574,1323100,17363800,8546140700,109602080000,3648.5489,3722.9325,3642.4981,3720.6684
135752000,3694.5663,1243200,17604500,8547383900,109619684500,3648.5489,3722.9325,3642.4981,3720.6684
135757000,3694.3076,1727900,20447600,8549111800,109640132100,3648.5489,3722.9325,3642.4981,3720.6684
135802000,3694.801,2425900,25995600,8551537700,109666127700,3648.5489,3722.9325,3642.4981,3720.6684
135807000,3694.4892,1234400,17138400,8552772100,109683266100,3648.5489,3722.9325,3642.4981,3720.6684
135812000,3694.1335,2554800,30612900,8555326900,109713879000,3648.5489,3722.9325,3642.4981,3720.6684
135817000,3693.553,1838800,27849600,8557165700,109741728600,3648.5489,3722.9325,3642.4981,3720.6684
135822000,3693.7967,1935400,24034400,8559101100,109765763000,3648.5489,3722.9325,3642.4981,3720.6684
135827000,3693.1674,2509500,30018000,8561610600,109795781000,3648.5489,3722.9325,3642.4981,3720.6684
135832000,3693.3132,2589800,39355100,8564200400,109835136100,3648.5489,3722.9325,3642.4981,3720.6684
135837000,3693.493,1165000,16871300,8565365400,109852007400,3648.5489,3722.9325,3642.4981,3720.6684
135842000,3693.1661,1833300,23988100,8567198700,109875995500,3648.5489,3722.9325,3642.4981,3720.6684
135847000,3693.3038,1469800,22727300,8568668500,109898722800,3648.5489,3722.9325,3642.4981,3720.6684
135852000,3693.0755,2059000,33271000,8570727500,109931993800,3648.5489,3722.9325,3642.4981,3720.6684
135857000,3693.0933,1890400,31806500,8572617900,109963800300,3648.5489,3722.9325,3642.4981,3720.6684
135902000,3693.1342,2695900,32054900,8575313800,109995855200,3648.5489,3722.9325,3642.4981,3720.6684
135907000,3693.0962,1456100,20301500,8576769900,110016156700,3648.5489,3722.9325,3642.4981,3720.6684
135912000,3693.2829,2965000,40229400,8579734900,110056386100,3648.5489,3722.9325,3642.4981,3720.6684
135917000,3693.3375,2334800,31705300,8582069700,110088091400,3648.5489,3722.9325,3642.4981,3720.6684
135922000,3693.108,1663000,29685500,8583732700,110117776900,3648.5489,3722.9325,3642.4981,3720.6684
135927000,3692.7393,1943700,25437600,8585676400,110143214500,3648.5489,3722.9325,3642.4981,3720.6684
135932000,3692.9859,1754800,24704400,8587431200,110167918900,3648.5489,3722.9325,3642.4981,3720.6684
135937000,3693.0864,982600,18156600,8588413800,110186075500,3648.5489,3722.9325,3642.4981,3720.6684
135942000,3692.8824,2182400,26324800,8590596200,110212400300,3648.5489,3722.9325,3642.4981,3720.6684
135947000,3692.9215,1340200,16972500,8591936400,110229372800,3648.5489,3722.9325,3642.4981,3720.6684
135952000,3692.7063,1348500,30450900,8593284900,110259823700,3648.5489,3722.9325,3642.4981,3720.6684
135957000,3692.1474,1864700,25245700,8595149600,110285069400,3648.5489,3722.9325,3642.4981,3720.6684
140002000,3692.7706,2068600,28154400,8597218200,110313223800,3648.5489,3722.9325,3642.4981,3720.6684
140007000,3692.3413,1685900,24566900,8598904100,110337790700,3648.5489,3722.9325,3642.4981,3720.6684
140012000,3692.1126,2660800,24459800,8601564900,110362250500,3648.5489,3722.9325,3642.4981,3720.6684
140017000,3690.7639,2782800,35125300,8604347700,110397375800,3648.5489,3722.9325,3642.4981,3720.6684
140022000,3690.9565,2983300,39901400,8607331000,110437277200,3648.5489,3722.9325,3642.4981,3720.6684
140027000,3690.5294,3404100,38900200,8610735100,110476177400,3648.5489,3722.9325,3642.4981,3720.6684
140032000,3689.7136,3593000,46616600,8614328100,110522794000,3648.5489,3722.9325,3642.4981,3720.6684
140037000,3690.3256,2653800,35001100,8616981900,110557795100,3648.5489,3722.9325,3642.4981,3720.6684
140042000,3689.9939,2550700,37208300,8619532600,110595003400,3648.5489,3722.9325,3642.4981,3720.6684
140047000,3689.9953,2683300,38101800,8622215900,110633105200,3648.5489,3722.9325,3642.4981,3720.6684
140052000,3690.0404,2035200,27830100,8624251100,110660935300,3648.5489,3722.9325,3642.4981,3720.6684
140057000,3690.0034,3322400,40414000,8627573500,110701349300,3648.5489,3722.9325,3642.4981,3720.6684
140102000,3689.7615,3316100,44294800,8630889600,110745644100,3648.5489,3722.9325,3642.4981,3720.6684
140107000,3689.4425,2223500,30637500,8633113100,110776281600,3648.5489,3722.9325,3642.4981,3720.6684
140112000,3689.3378,2897400,41258900,8636010500,110817540500,3648.5489,3722.9325,3642.4981,3720.6684
140117000,3688.84,2837100,34804400,8638847600,110852344900,3648.5489,3722.9325,3642.4981,3720.6684
140122000,3688.6419,1578100,25075800,8640425700,110877420700,3648.5489,3722.9325,3642.4981,3720.6684
140127000,3688.5266,2396800,34161100,8642822500,110911581800,3648.5489,3722.9325,3642.4981,3720.6684
140132000,3687.8944,3868600,40987800,8646691100,110952569600,3648.5489,3722.9325,3642.4981,3720.6684
140137000,3688.0088,1527800,23459500,8648218900,110976029100,3648.5489,3722.9325,3642.4981,3720.6684
140142000,3688.1959,2307200,36593900,8650526100,111012623000,3648.5489,3722.9325,3642.4981,3720.6684
140147000,3687.6845,2479900,33850400,8653006000,111046473400,3648.5489,3722.9325,3642.4981,3720.6684
140152000,3687.5549,1874000,32052100,8654880000,111078525500,3648.5489,3722.9325,3642.4981,3720.6684
140157000,3687.3038,3591200,38335800,8658471200,111116861300,3648.5489,3722.9325,3642.4981,3720.6684
140202000,3687.1275,4070300,44716100,8662541500,111161577400,3648.5489,3722.9325,3642.4981,3720.6684
140207000,3687.1327,2428600,27581600,8664970100,111189159000,3648.5489,3722.9325,3642.4981,3720.6684
140212000,3686.5744,2163700,31271500,8667133800,111220430500,3648.5489,3722.9325,3642.4981,3720.6684
140217000,3687.3857,2376700,30838300,8669510500,111251268800,3648.5489,3722.9325,3642.4981,3720.6684
140222000,3687.3209,3044300,37323800,8672554800,111288592600,3648.5489,3722.9325,3642.4981,3720.6684
140227000,3687.1572,2729900,35896700,8675284700,111324489300,3648.5489,3722.9325,3642.4981,3720.6684
140232000,3687.3658,2967900,38026800,8678252600,111362516100,3648.5489,3722.9325,3642.4981,3720.6684
140237000,3687.412,1322100,19146800,8679574700,111381662900,3648.5489,3722.9325,3642.4981,3720.6684
140242000,3687.28,2006900,31097500,8681581600,111412760400,3648.5489,3722.9325,3642.4981,3720.6684
140247000,3687.1469,2238400,33783200,8683820000,111446543600,3648.5489,3722.9325,3642.4981,3720.6684
140252000,3687.4343,2257100,33095200,8686077100,111479638800,3648.5489,3722.9325,3642.4981,3720.6684
140257000,3687.2954,2156200,31029200,8688233300,111510668000,3648.5489,3722.9325,3642.4981,3720.6684
140302000,3687.0361,3477300,48403000,8691710600,111559071000,3648.5489,3722.9325,3642.4981,3720.6684
140307000,3687.0225,1604500,21769800,8693315100,111580840800,3648.5489,3722.9325,3642.4981,3720.6684
140312000,3686.7608,2270800,36560900,8695585900,111617401700,3648.5489,3722.9325,3642.4981,3720.6684
140317000,3686.9539,2257300,32096300,8697843200,111649498000,3648.5489,3722.9325,3642.4981,3720.6684
140322000,3687.0586,1974400,31838900,8699817600,111681336900,3648.5489,3722.9325,3642.4981,3720.6684
140327000,3686.6357,2177800,36652700,8701995400,111717989600,3648.5489,3722.9325,3642.4981,3720.6684
140332000,3686.5162,2482300,41431600,8704477700,111759421200,3648.5489,3722.9325,3642.4981,3720.6684
140337000,3686.7472,1680800,24302800,8706158500,111783724000,3648.5489,3722.9325,3642.4981,3720.6684
140342000,3686.5134,2256500,30975700,8708415000,111814699700,3648.5489,3722.9325,3642.4981,3720.6684
140347000,3686.2884,2914200,40861100,8711329200,111855560800,3648.5489,3722.9325,3642.4981,3720.6684
140352000,3686.7026,1915800,31205500,8713245000,111886766300,3648.5489,3722.9325,3642.4981,3720.6684
140357000,3686.5889,2247000,32252300,8715492000,111919018600,3648.5489,3722.9325,3642.4981,3720.6684
140402000,3686.0383,3255500,42707600,8718747500,111961726200,3648.5489,3722.9325,3642.4981,3720.6684
140407000,3686.5735,1781100,26276700,8720528600,111988002900,3648.5489,3722.9325,3642.4981,3720.6684
140412000,3686.028,1843500,28406400,8722372100,112016409300,3648.5489,3722.9325,3642.4981,3720.6684
140417000,3685.7615,1988200,28111000,8724360300,112044520300,3648.5489,3722.9325,3642.4981,3720.6684
140422000,3686.1805,1971500,34671200,8726331800,112079191500,3648.5489,3722.9325,3642.4981,3720.6684
140427000,3685.7875,2638100,30282200,8728969900,112109473700,3648.5489,3722.9325,3642.4981,3720.6684
140432000,3685.8729,2485900,40337400,8731455800,112149811100,3648.5489,3722.9325,3642.4981,3720.6684
140437000,3686.6736,1028200,15471900,8732484000,112165283000,3648.5489,3722.9325,3642.4981,3720.6684
140442000,3685.9942,2380700,34083100,8734864700,112199366100,3648.5489,3722.9325,3642.4981,3720.6684
140447000,3686.3386,1991800,26072500,8736856500,112225438600,3648.5489,3722.9325,3642.4981,3720.6684
140452000,3686.1483,3335300,33250700,8740191800,112258689300,3648.5489,3722.9325,3642.4981,3720.6684
140457000,3686.0048,2637800,26255900,8742829600,112284945200,3648.5489,3722.9325,3642.4981,3720.6684
140502000,3685.964,3613600,38169400,8746443200,112323114600,3648.5489,3722.9325,3642.4981,3720.6684
140507000,3685.9034,1551900,20441700,8747995100,112343556300,3648.5489,3722.9325,3642.4981,3720.6684
140512000,3685.9998,1983600,31232700,8749978700,112374789000,3648.5489,3722.9325,3642.4981,3720.6684
140517000,3685.9097,2403000,26258500,8752381700,112401047500,3648.5489,3722.9325,3642.4981,3720.6684
140522000,3686.1129,2021600,38064700,8754403300,112439112200,3648.5489,3722.9325,3642.4981,3720.6684
140527000,3686.1684,2191600,29895100,8756594900,112469007300,3648.5489,3722.9325,3642.4981,3720.6684
140532000,3685.943,2769600,47505400,8759364500,112516512700,3648.5489,3722.9325,3642.4981,3720.6684
140537000,3686.5157,1806300,27077700,8761170800,112543590400,3648.5489,3722.9325,3642.4981,3720.6684
140542000,3686.8413,2853200,34587000,8764024000,112578177400,3648.5489,3722.9325,3642.4981,3720.6684
140547000,3687.44,3730400,48762900,8767754400,112626940300,3648.5489,3722.9325,3642.4981,3720.6684
140552000,3688.2846,2513900,37782100,8770268300,112664722400,3648.5489,3722.9325,3642.4981,3720.6684
140557000,3688.5933,3657700,47147600,8773926000,112711870000,3648.5489,3722.9325,3642.4981,3720.6684
140602000,3688.5388,4054300,48233400,8777980300,112760103400,3648.5489,3722.9325,3642.4981,3720.6684
140607000,3688.5345,2157700,24834200,8780138000,112784937600,3648.5489,3722.9325,3642.4981,3720.6684
140612000,3688.8974,1837800,25835800,8781975800,112810773400,3648.5489,3722.9325,3642.4981,3720.6684
140617000,3689.1539,2379400,27172500,8784355200,112837945900,3648.5489,3722.9325,3642.4981,3720.6684
140622000,3688.8437,2016600,25881100,8786371800,112863827000,3648.5489,3722.9325,3642.4981,3720.6684
140627000,3689.244,2215700,29747500,8788587500,112893574500,3648.5489,3722.9325,3642.4981,3720.6684
140632000,3689.1017,4389100,39916400,8792976600,112933490900,3648.5489,3722.9325,3642.4981,3720.6684
140637000,3689.161,3371600,34424000,8796348200,112967914900,3648.5489,3722.9325,3642.4981,3720.6684
140642000,3689.0745,2648400,28815100,8798996600,112996730000,3648.5489,3722.9325,3642.4981,3720.6684
140647000,3688.8058,4574200,38459600,8803570800,113035189600,3648.5489,3722.9325,3642.4981,3720.6684
140652000,3689.5016,1617000,22557500,8805187800,113057747100,3648.5489,3722.9325,3642.4981,3720.6684
140657000,3689.327,2624400,27800200,8807812200,113085547300,3648.5489,3722.9325,3642.4981,3720.6684
140702000,3689.2052,4040200,45648900,8811852400,113131196200,3648.5489,3722.9325,3642.4981,3720.6684
140707000,3689.4485,2466700,29325700,8814319100,113160521900,3648.5489,3722.9325,3642.4981,3720.6684
140712000,3690.239,4012900,45167700,8818332000,113205689600,3648.5489,3722.9325,3642.4981,3720.6684
140717000,3689.8551,3366500,26794000,8821698500,113232483600,3648.5489,3722.9325,3642.4981,3720.6684
140722000,3690.1756,3079200,30285900,8824777700,113262769500,3648.5489,3722.9325,3642.4981,3720.6684
140727000,3690.1251,3646300,36908100,8828424000,113299677600,3648.5489,3722.9325,3642.4981,3720.6684
140732000,3690.4881,4711200,48048800,8833135200,113347726400,3648.5489,3722.9325,3642.4981,3720.6684
140737000,3690.7923,3035000,26912000,8836170200,113374638400,3648.5489,3722.9325,3642.4981,3720.6684
140742000,3690.5122,5264900,44453500,8841435100,113419091900,3648.5489,3722.9325,3642.4981,3720.6684
140747000,3690.69,4369600,41883500,8845804700,113460975400,3648.5489,3722.9325,3642.4981,3720.6684
140752000,3690.9751,2787200,34600600,8848591900,113495576000,3648.5489,3722.9325,3642.4981,3720.6684
140757000,3690.9583,4852400,47792200,8853444300,113543368200,3648.5489,3722.9325,3642.4981,3720.6684
140802000,3692.5477,7435000,78182200,8860879300,113621550400,3648.5489,3722.9325,3642.4981,3720.6684
140807000,3693.4239,6451500,61417700,8867330800,113682968100,3648.5489,3722.9325,3642.4981,3720.6684
140812000,3694.0596,6587000,76809500,8873917800,113759777600,3648.5489,3722.9325,3642.4981,3720.6684
140817000,3695.1124,6364100,77610700,8880281900,113837388300,3648.5489,3722.9325,3642.4981,3720.6684
140822000,3695.7815,4259200,54161900,8884541100,113891550200,3648.5489,3722.9325,3642.4981,3720.6684
140827000,3695.8047,3909200,45132400,8888450300,113936682600,3648.5489,3722.9325,3642.4981,3720.6684
140832000,3695.5802,4674500,57752300,8893124800,113994434900,3648.5489,3722.9325,3642.4981,3720.6684
140837000,3696.4396,3468100,43767700,8896592900,114038202600,3648.5489,3722.9325,3642.4981,3720.6684
140842000,3696.4568,4152900,47263500,8900745800,114085466100,3648.5489,3722.9325,3642.4981,3720.6684
140847000,3696.4199,4279900,46482000,8905025700,114131948100,3648.5489,3722.9325,3642.4981,3720.6684
140852000,3696.9266,3135100,41447900,8908160800,114173396000,3648.5489,3722.9325,3642.4981,3720.6684
140857000,3697.1199,3300900,38437600,8911461700,114211833600,3648.5489,3722.9325,3642.4981,3720.6684
140902000,3697.2487,5239300,53267000,8916701000,114265100600,3648.5489,3722.9325,3642.4981,3720.6684
140907000,3697.2684,3077900,38902700,8919778900,114304003300,3648.5489,3722.9325,3642.4981,3720.6684
140912000,3697.2874,4011100,43266200,8923790000,114347269500,3648.5489,3722.9325,3642.4981,3720.6684
140917000,3696.7866,3514300,36793200,8927304300,114384062700,3648.5489,3722.9325,3642.4981,3720.6684
140922000,3696.4495,2751800,35245700,8930056100,114419308400,3648.5489,3722.9325,3642.4981,3720.6684
140927000,3696.8892,3195500,45604000,8933251600,114464912400,3648.5489,3722.9325,3642.4981,3720.6684
140932000,3696.9138,3095100,35213700,8936346700,114500126100,3648.5489,3722.9325,3642.4981,3720.6684
140937000,3696.746,1882200,24315200,8938228900,114524441300,3648.5489,3722.9325,3642.4981,3720.6684
140942000,3697.2155,3294800,35192800,8941523700,114559634100,3648.5489,3722.9325,3642.4981,3720.6684
140947000,3696.8003,2981400,34050100,8944505100,114593684200,3648.5489,3722.9325,3642.4981,3720.6684
140952000,3696.5774,2939800,38621900,8947444900,114632306100,3648.5489,3722.9325,3642.4981,3720.6684
140957000,3696.4698,3062900,32612500,8950507800,114664918600,3648.5489,3722.9325,3642.4981,3720.6684
141002000,3695.8868,3505700,34869000,8954013500,114699787600,3648.5489,3722.9325,3642.4981,3720.6684
141007000,3696.1659,3228700,31776000,8957242200,114731563600,3648.5489,3722.9325,3642.4981,3720.6684
141012000,3695.8701,2685500,31923800,8959927700,114763487400,3648.5489,3722.9325,3642.4981,3720.6684
141017000,3695.6958,2557300,28912700,8962485000,114792400100,3648.5489,3722.9325,3642.4981,3720.6684
141022000,3695.7536,2402100,33174800,8964887100,114825574900,3648.5489,3722.9325,3642.4981,3720.6684
141027000,3695.2938,3092400,34763300,8967979500,114860338200,3648.5489,3722.9325,3642.4981,3720.6684
141032000,3695.1494,4486700,57429800,8972466200,114917768000,3648.5489,3722.9325,3642.4981,3720.6684
141037000,3694.3578,3332100,38682200,8975798300,114956450200,3648.5489,3722.9325,3642.4981,3720.6684
141042000,3694.1698,4109000,44395000,8979907300,115000845200,3648.5489,3722.9325,3642.4981,3720.6684
141047000,3692.7626,6185600,69288600,8986092900,115070133800,3648.5489,3722.9325,3642.4981,3720.6684
141052000,3692.2386,4667200,57126300,8990760100,115127260100,3648.5489,3722.9325,3642.4981,3720.6684
141057000,3691.9455,3334800,43476100,8994094900,115170736200,3648.5489,3722.9325,3642.4981,3720.6684
141102000,3691.7406,3443400,46201000,8997538300,115216937200,3648.5489,3722.9325,3642.4981,3720.6684
141107000,3691.2343,2785300,35696200,9000323600,115252633400,3648.5489,3722.9325,3642.4981,3720.6684
141112000,3691.0373,3924900,50476700,9004248500,115303110100,3648.5489,3722.9325,3642.4981,3720.6684
141117000,3689.251,5364600,59446500,9009613100,115362556600,3648.5489,3722.9325,3642.4981,3720.6684
141122000,3688.6269,7391700,83412100,9017004800,115445968700,3648.5489,3722.9325,3642.4981,3720.6684
141127000,3688.0731,5262800,56461800,9022267600,115502430500,3648.5489,3722.9325,3642.4981,3720.6684
141132000,3688.1108,3891700,57850800,9026159300,115560281300,3648.5489,3722.9325,3642.4981,3720.6684
141137000,3687.9614,2390400,26348000,9028549700,115586629300,3648.5489,3722.9325,3642.4981,3720.6684
141142000,3688.3055,2155500,29828100,9030705200,115616457400,3648.5489,3722.9325,3642.4981,3720.6684
141147000,3688.0272,2833500,36843300,9033538700,115653300700,3648.5489,3722.9325,3642.4981,3720.6684
141152000,3687.8215,1969100,25899600,9035507800,115679200300,3648.5489,3722.9325,3642.4981,3720.6684
141157000,3687.8998,2851500,31912000,9038359300,115711112300,3648.5489,3722.9325,3642.4981,3720.6684
141202000,3688.0476,3385800,36695900,9041745100,115747808200,3648.5489,3722.9325,3642.4981,3720.6684
141207000,3687.9445,1920700,23274000,9043665800,115771082200,3648.5489,3722.9325,3642.4981,3720.6684
141212000,3687.9658,2301000,30368300,9045966800,115801450500,3648.5489,3722.9325,3642.4981,3720.6684
141217000,3687.7795,2704800,29940900,9048671600,115831391400,3648.5489,3722.9325,3642.4981,3720.6684
141222000,3687.798,2893700,30343000,9051565300,115861734400,3648.5489,3722.9325,3642.4981,3720.6684
141227000,3688.0334,2755900,35081800,9054321200,115896816200,3648.5489,3722.9325,3642.4981,3720.6684
141232000,3688.3754,2519300,31422300,9056840500,115928238500,3648.5489,3722.9325,3642.4981,3720.6684
141237000,3688.1626,1535300,25443100,9058375800,115953681600,3648.5489,3722.9325,3642.4981,3720.6684
141242000,3688.3862,1947200,29882600,9060323000,115983564200,3648.5489,3722.9325,3642.4981,3720.6684
141247000,3688.1365,2225700,29607100,9062548700,116013171300,3648.5489,3722.9325,3642.4981,3720.6684
141252000,3688.1826,2634500,31359300,9065183200,116044530600,3648.5489,3722.9325,3642.4981,3720.6684
141257000,3688.3844,3361500,51230000,9068544700,116095760600,3648.5489,3722.9325,3642.4981,3720.6684
141302000,3688.4667,3077500,43313500,9071622200,116139074100,3648.5489,3722.9325,3642.4981,3720.6684
141307000,3688.593,1509200,24231300,9073131400,116163305400,3648.5489,3722.9325,3642.4981,3720.6684
141312000,3688.7821,2785500,32491000,9075916900,116195796400,3648.5489,3722.9325,3642.4981,3720.6684
141317000,3688.3194,2975400,30542700,9078892300,116226339100,3648.5489,3722.9325,3642.4981,3720.6684
141322000,3688.3713,1567900,33218900,9080460200,116259558000,3648.5489,3722.9325,3642.4981,3720.6684
141327000,3688.6536,2225400,29439700,9082685600,116288997700,3648.5489,3722.9325,3642.4981,3720.6684
141332000,3688.2237,2323800,26925100,9085009400,116315922800,3648.5489,3722.9325,3642.4981,3720.6684
141337000,3688.1917,1746800,22984000,9086756200,116338906800,3648.5489,3722.9325,3642.4981,3720.6684
141342000,3688.9868,1655500,30440200,9088411700,116369347000,3648.5489,3722.9325,3642.4981,3720.6684
141347000,3688.6479,2237700,33517000,9090649400,116402864000,3648.5489,3722.9325,3642.4981,3720.6684
141352000,3688.6647,1770400,26454800,9092419800,116429318800,3648.5489,3722.9325,3642.4981,3720.6684
141357000,3688.7095,3001200,29380500,9095421000,116458699300,3648.5489,3722.9325,3642.4981,3720.6684
141402000,3688.4631,3010900,47109400,9098431900,116505808700,3648.5489,3722.9325,3642.4981,3720.6684
141407000,3688.4528,1896500,22377200,9100328400,116528185900,3648.5489,3722.9325,3642.4981,3720.6684
141412000,3687.6474,3575500,40341000,9103903900,116568526900,3648.5489,3722.9325,3642.4981,3720.6684
141417000,3687.8288,2142700,26824300,9106046600,116595351200,3648.5489,3722.9325,3642.4981,3720.6684
141422000,3687.8499,1857000,26332900,9107903600,116621684100,3648.5489,3722.9325,3642.4981,3720.6684
141427000,3687.2395,2859100,30678800,9110762700,116652362900,3648.5489,3722.9325,3642.4981,3720.6684
141432000,3687.2433,4659700,50780900,9115422400,116703143800,3648.5489,3722.9325,3642.4981,3720.6684
141437000,3687.2489,3551200,36192600,9118973600,116739336400,3648.5489,3722.9325,3642.4981,3720.6684
141442000,3686.7506,3891800,45416800,9122865400,116784753200,3648.5489,3722.9325,3642.4981,3720.6684
141447000,3686.0367,4070900,42395400,9126936300,116827148600,3648.5489,3722.9325,3642.4981,3720.6684
141452000,3686.0005,4734500,52900500,9131670800,116880049100,3648.5489,3722.9325,3642.4981,3720.6684
141457000,3685.351,4487900,57457800,9136158700,116937506900,3648.5489,3722.9325,3642.4981,3720.6684
141502000,3685.73,3574700,47390400,9139733400,116984897300,3648.5489,3722.9325,3642.4981,3720.6684
141507000,3685.4334,2432400,33990000,9142165800,117018887300,3648.5489,3722.9325,3642.4981,3720.6684
141512000,3685.8254,2978500,40381500,9145144300,117059268800,3648.5489,3722.9325,3642.4981,3720.6684
141517000,3685.6914,2864800,38595400,9148009100,117097864200,3648.5489,3722.9325,3642.4981,3720.6684
141522000,3685.7597,3503300,42957700,9151512400,117140821900,3648.5489,3722.9325,3642.4981,3720.6684
141527000,3685.6316,2750000,32774000,9154262400,117173595900,3648.5489,3722.9325,3642.4981,3720.6684
141532000,3685.4367,4208800,74692600,9158471200,117248288500,3648.5489,3722.9325,3642.4981,3720.6684
141537000,3685.1949,2105200,46337000,9160576400,117294625500,3648.5489,3722.9325,3642.4981,3720.6684
141542000,3685.7414,3111100,41400700,9163687500,117336026200,3648.5489,3722.9325,3642.4981,3720.6684
141547000,3685.4277,3299900,44871600,9166987400,117380897800,3648.5489,3722.9325,3642.4981,3720.6684
141552000,3685.057,3290600,38993700,9170278000,117419891500,3648.5489,3722.9325,3642.4981,3720.6684
141557000,3685.1597,2371800,32901400,9172649800,117452792900,3648.5489,3722.9325,3642.4981,3720.6684
141602000,3685.3333,2718900,45892800,9175368700,117498685700,3648.5489,3722.9325,3642.4981,3720.6684
141607000,3685.1969,2904700,32417800,9178273400,117531103500,3648.5489,3722.9325,3642.4981,3720.6684
141612000,3685.2126,3348500,36806300,9181621900,117567909800,3648.5489,3722.9325,3642.4981,3720.6684
141617000,3684.8996,2776900,43059600,9184398800,117610969400,3648.5489,3722.9325,3642.4981,3720.6684
141622000,3684.8965,3298600,31541200,9187697400,117642510600,3648.5489,3722.9325,3642.4981,3720.6684
141627000,3684.8657,3166400,60702900,9190863800,117703213500,3648.5489,3722.9325,3642.4981,3720.6684
141632000,3685.0607,2798700,41215800,9193662500,117744429300,3648.5489,3722.9325,3642.4981,3720.6684
141637000,3685.3032,2100300,23832900,9195762800,117768262200,3648.5489,3722.9325,3642.4981,3720.6684
141642000,3685.3479,2871500,32076800,9198634300,117800339000,3648.5489,3722.9325,3642.4981,3720.6684
141647000,3685.4016,2663000,29132600,9201297300,117829471600,3648.5489,3722.9325,3642.4981,3720.6684
141652000,3685.1415,1886000,26224100,9203183300,117855695700,3648.5489,3722.9325,3642.4981,3720.6684
141657000,3685.1844,2201500,28537700,9205384800,117884233400,3648.5489,3722.9325,3642.4981,3720.6684
141702000,3685.0311,2890600,33513500,9208275400,117917746900,3648.5489,3722.9325,3642.4981,3720.6684
141707000,3685.0242,2366400,25595200,9210641800,117943342100,3648.5489,3722.9325,3642.4981,3720.6684
141712000,3685.1795,2228000,37193300,9212869800,117980535400,3648.5489,3722.9325,3642.4981,3720.6684
141717000,3684.7996,2228000,27757100,9215097800,118008292500,3648.5489,3722.9325,3642.4981,3720.6684
141722000,3684.9403,2154400,32818800,9217252200,118041111300,3648.5489,3722.9325,3642.4981,3720.6684
141727000,3685.2624,2134200,26996500,9219386400,118068107800,3648.5489,3722.9325,3642.4981,3720.6684
141732000,3685.2553,2226300,28692600,9221612700,118096800400,3648.5489,3722.9325,3642.4981,3720.6684
141737000,3684.724,1379100,20633500,9222991800,118117433900,3648.5489,3722.9325,3642.4981,3720.6684
141742000,3685.2066,2655300,29421400,9225647100,118146855300,3648.5489,3722.9325,3642.4981,3720.6684
141747000,3684.9539,2963800,36964200,9228610900,118183819500,3648.5489,3722.9325,3642.4981,3720.6684
141752000,3684.9557,1758800,26202300,9230369700,118210021800,3648.5489,3722.9325,3642.4981,3720.6684
141757000,3684.6999,2412700,41514400,9232782400,118251536200,3648.5489,3722.9325,3642.4981,3720.6684
141802000,3684.7375,2827700,38643600,9235610100,118290179800,3648.5489,3722.9325,3642.4981,3720.6684
141807000,3684.7373,2071300,26058900,9237681400,118316238700,3648.5489,3722.9325,3642.4981,3720.6684
141812000,3684.9252,4131400,40154100,9241812800,118356392800,3648.5489,3722.9325,3642.4981,3720.6684
141817000,3684.3116,2198500,32342800,9244011300,118388735600,3648.5489,3722.9325,3642.4981,3720.6684
141822000,3684.544,2818000,42310600,9246829300,118431046200,3648.5489,3722.9325,3642.4981,3720.6684
141827000,3684.3397,3322300,32759100,9250151600,118463805300,3648.5489,3722.9325,3642.4981,3720.6684
141832000,3684.3364,4774700,45857400,9254926300,118509662700,3648.5489,3722.9325,3642.4981,3720.6684
141837000,3684.2445,1844400,33792000,9256770700,118543454700,3648.5489,3722.9325,3642.4981,3720.6684
141842000,3684.3,2942000,34491300,9259712700,118577946000,3648.5489,3722.9325,3642.4981,3720.6684
141847000,3684.2372,4056000,53303400,9263768700,118631249400,3648.5489,3722.9325,3642.4981,3720.6684
141852000,3684.215,2220700,34138500,9265989400,118665387900,3648.5489,3722.9325,3642.4981,3720.6684
141857000,3683.9413,3254500,39748100,9269243900,118705136000,3648.5489,3722.9325,3642.4981,3720.6684
141902000,3684.0775,3866400,54437600,9273110300,118759573600,3648.5489,3722.9325,3642.4981,3720.6684
141907000,3683.9174,2390900,27377900,9275501200,118786951500,3648.5489,3722.9325,3642.4981,3720.6684
141912000,3684.279,3773000,39395300,9279274200,118826346800,3648.5489,3722.9325,3642.4981,3720.6684
141917000,3684.4613,2964600,34363200,9282238800,118860710000,3648.5489,3722.9325,3642.4981,3720.6684
141922000,3684.4107,2893900,34606200,9285132700,118895316200,3648.5489,3722.9325,3642.4981,3720.6684
141927000,3684.9217,3088500,37262500,9288221200,118932578700,3648.5489,3722.9325,3642.4981,3720.6684
141932000,3684.8027,3926000,50634000,9292147200,118983212700,3648.5489,3722.9325,3642.4981,3720.6684
141937000,3685.1188,2409600,31764900,9294556800,119014977600,3648.5489,3722.9325,3642.4981,3720.6684
141942000,3685.5893,2757100,33674500,9297313900,119048652100,3648.5489,3722.9325,3642.4981,3720.6684
141947000,3685.5072,2935200,38163200,9300249100,119086815300,3648.5489,3722.9325,3642.4981,3720.6684
141952000,3685.4652,2473200,33256000,9302722300,119120071300,3648.5489,3722.9325,3642.4981,3720.6684
141957000,3685.5488,2075200,27684600,9304797500,119147755900,3648.5489,3722.9325,3642.4981,3720.6684
142002000,3685.244,3758700,48428400,9308556200,119196184300,3648.5489,3722.9325,3642.4981,3720.6684
142007000,3685.3163,2141800,29054900,9310698000,119225239200,3648.5489,3722.9325,3642.4981,3720.6684
142012000,3685.3046,3245500,43031100,9313943500,119268270300,3648.5489,3722.9325,3642.4981,3720.6684
142017000,3685.4257,2375600,33076600,9316319100,119301346900,3648.5489,3722.9325,3642.4981,3720.6684
142022000,3685.448,2144300,29234700,9318463400,119330581600,3648.5489,3722.9325,3642.4981,3720.6684
142027000,3685.6502,2871700,34565200,9321335100,119365146800,3648.5489,3722.9325,3642.4981,3720.6684
142032000,3685.444,3478900,45422200,9324814000,119410569000,3648.5489,3722.9325,3642.4981,3720.6684
142037000,3685.5986,1923800,21533800,9326737800,119432102800,3648.5489,3722.9325,3642.4981,3720.6684
142042000,3686.0741,3098600,34359700,9329836400,119466462500,3648.5489,3722.9325,3642.4981,3720.6684
142047000,3685.7272,2283800,29372400,9332120200,119495834900,3648.5489,3722.9325,3642.4981,3720.6684
142052000,3686.0274,2424800,43876300,9334545000,119539711200,3648.5489,3722.9325,3642.4981,3720.6684
142057000,3686.227,4472800,57084400,9339017800,119596795600,3648.5489,3722.9325,3642.4981,3720.6684
142102000,3686.7086,4159400,58522800,9343177200,119655318400,3648.5489,3722.9325,3642.4981,3720.6684
142107000,3687.0317,2801100,32313500,9345978300,119687631900,3648.5489,3722.9325,3642.4981,3720.6684
142112000,3687.3282,3351500,39227500,9349329800,119726859400,3648.5489,3722.9325,3642.4981,3720.6684
142117000,3687.204,2508200,29315100,9351838000,119756174500,3648.5489,3722.9325,3642.4981,3720.6684
142122000,3687.2534,2438400,34566600,9354276400,119790741100,3648.5489,3722.9325,3642.4981,3720.6684
142127000,3687.1511,2946500,31556000,9357222900,119822297100,3648.5489,3722.9325,3642.4981,3720.6684
142132000,3687.3394,2433800,33976000,9359656700,119856273100,3648.5489,3722.9325,3642.4981,3720.6684
142137000,3687.6517,3019700,27970300,9362676400,119884243400,3648.5489,3722.9325,3642.4981,3720.6684
142142000,3687.5748,3730600,31615800,9366407000,119915859200,3648.5489,3722.9325,3642.4981,3720.6684
142147000,3687.7161,2989600,40154300,9369396600,119956013500,3648.5489,3722.9325,3642.4981,3720.6684
142152000,3687.7403,1452200,21424800,9370848800,119977438300,3648.5489,3722.9325,3642.4981,3720.6684
142157000,3687.7261,2165300,26415800,9373014100,120003854100,3648.5489,3722.9325,3642.4981,3720.6684
142202000,3687.9445,2859900,33571900,9375874000,120037426000,3648.5489,3722.9325,3642.4981,3720.6684
142207000,3687.5976,1399300,18382700,9377273300,120055808700,3648.5489,3722.9325,3642.4981,3720.6684
142212000,3686.916,3647900,38137700,9380921200,120093946400,3648.5489,3722.9325,3642.4981,3720.6684
142217000,3686.0479,8301700,87684800,9389222900,120181631200,3648.5489,3722.9325,3642.4981,3720.6684
142222000,3684.5324,9628200,108731800,9398851100,120290363000,3648.5489,3722.9325,3642.4981,3720.6684
142227000,3683.3127,8068400,97989600,9406919500,120388352600,3648.5489,3722.9325,3642.4981,3720.6684
142232000,3683.0297,9134000,97967200,9416053500,120486319800,3648.5489,3722.9325,3642.4981,3720.6684
142237000,3681.9206,7718100,94543800,9423771600,120580863600,3648.5489,3722.9325,3642.4981,3720.6684
142242000,3681.9139,7733700,94128800,9431505300,120674992400,3648.5489,3722.9325,3642.4981,3720.6684
142247000,3681.1272,5373200,65144700,9436878500,120740137100,3648.5489,3722.9325,3642.4981,3720.6684
142252000,3680.458,5847600,87963800,9442726100,120828100900,3648.5489,3722.9325,3642.4981,3720.6684
142257000,3679.5157,6765700,98241700,9449491800,120926342600,3648.5489,3722.9325,3642.4981,3720.6684
142302000,3678.8569,7124900,126444800,9456616700,121052787400,3648.5489,3722.9325,3642.4981,3720.6684
142307000,3678.9089,4511000,62757200,9461127700,121115544600,3648.5489,3722.9325,3642.4981,3720.6684
142312000,3678.8885,4434500,58740900,9465562200,121174285500,3648.5489,3722.9325,3642.4981,3720.6684
142317000,3678.9696,4546800,59962200,9470109000,121234247700,3648.5489,3722.9325,3642.4981,3720.6684
142322000,3678.5866,4513800,56426900,9474622800,121290674600,3648.5489,3722.9325,3642.4981,3720.6684
142327000,3678.638,5025100,68475200,9479647900,121359149800,3648.5489,3722.9325,3642.4981,3720.6684
142332000,3678.3288,4321700,59138000,9483969600,121418287800,3648.5489,3722.9325,3642.4981,3720.6684
142337000,3678.306,3813100,40882700,9487782700,121459170500,3648.5489,3722.9325,3642.4981,3720.6684
142342000,3678.3427,6018600,77134500,9493801300,121536305000,3648.5489,3722.9325,3642.4981,3720.6684
142347000,3677.753,4342500,46182000,9498143800,121582487000,3648.5489,3722.9325,3642.4981,3720.6684
142352000,3677.7843,7651900,61366200,9505795700,121643853200,3648.5489,3722.9325,3642.4981,3720.6684
142357000,3677.3893,4360200,64348500,9510155900,121708201700,3648.5489,3722.9325,3642.4981,3720.6684
142402000,3677.0623,4384800,54351900,9514540700,121762553600,3648.5489,3722.9325,3642.4981,3720.6684
142407000,3677.2058,3274900,42403400,9517815600,121804957000,3648.5489,3722.9325,3642.4981,3720.6684
142412000,3677.2484,5155500,64720800,9522971100,121869677800,3648.5489,3722.9325,3642.4981,3720.6684
142417000,3676.3567,7440200,89448800,9530411300,121959126600,3648.5489,3722.9325,3642.4981,3720.6684
142422000,3675.987,4932700,77202300,9535344000,122036328900,3648.5489,3722.9325,3642.4981,3720.6684
142427000,3675.7029,7436400,86923000,9542780400,122123251900,3648.5489,3722.9325,3642.4981,3720.6684
142432000,3675.5457,6225400,76803500,9549005800,122200055400,3648.5489,3722.9325,3642.4981,3720.6684
142437000,3674.7442,3677200,48214200,9552683000,122248269600,3648.5489,3722.9325,3642.4981,3720.6684
142442000,3675.0337,4315700,61262300,9556998700,122309531900,3648.5489,3722.9325,3642.4981,3720.6684
142447000,3674.402,3781400,48236500,9560780100,122357768400,3648.5489,3722.9325,3642.4981,3720.6684
142452000,3674.0334,5339800,62343300,9566119900,122420111700,3648.5489,3722.9325,3642.4981,3720.6684
142457000,3673.4635,7421300,98541600,9573541200,122518653300,3648.5489,3722.9325,3642.4981,3720.6684
142502000,3672.5683,10505400,108103200,9584046600,122626756500,3648.5489,3722.9325,3642.4981,3720.6684
142507000,3672.6628,5825600,72830800,9589872200,122699587300,3648.5489,3722.9325,3642.4981,3720.6684
142512000,3672.2214,6556700,90489400,9596428900,122790076700,3648.5489,3722.9325,3642.4981,3720.6684
142517000,3672.2352,4753200,60112200,9601182100,122850188900,3648.5489,3722.9325,3642.4981,3720.6684
142522000,3671.7542,4502800,63342500,9605684900,122913531400,3648.5489,3722.9325,3642.4981,3720.6684
142527000,3671.9782,6322300,83743300,9612007200,122997274700,3648.5489,3722.9325,3642.4981,3720.6684
142532000,3672.0344,5594000,73479900,9617601200,123070754600,3648.5489,3722.9325,3642.4981,3720.6684
142537000,3671.8946,3267300,48499200,9620868500,123119253800,3648.5489,3722.9325,3642.4981,3720.6684
142542000,3672.0036,4730600,56598000,9625599100,123175851800,3648.5489,3722.9325,3642.4981,3720.6684
142547000,3672.1962,4557900,68840500,9630157000,123244692300,3648.5489,3722.9325,3642.4981,3720.6684
142552000,3672.39,3678700,60451700,9633835700,123305144000,3648.5489,3722.9325,3642.4981,3720.6684
142557000,3672.052,6035700,76881600,9639871400,123382025600,3648.5489,3722.9325,3642.4981,3720.6684
142602000,3672.0942,5181300,70626000,9645052700,123452651600,3648.5489,3722.9325,3642.4981,3720.6684
142607000,3672.1623,4468200,47666400,9649520900,123500318000,3648.5489,3722.9325,3642.4981,3720.6684
142612000,3672.5682,5279100,60589800,9654800000,123560907800,3648.5489,3722.9325,3642.4981,3720.6684
142617000,3672.5076,5959600,52989300,9660759600,123613897100,3648.5489,3722.9325,3642.4981,3720.6684
142622000,3672.7706,3581500,50035200,9664341100,123663932300,3648.5489,3722.9325,3642.4981,3720.6684
142627000,3672.5848,3464000,51906400,9667805100,123715838700,3648.5489,3722.9325,3642.4981,3720.6684
142632000,3672.5112,3317900,50598300,9671123000,123766437000,3648.5489,3722.9325,3642.4981,3720.6684
142637000,3672.6537,2247100,29164000,9673370100,123795601000,3648.5489,3722.9325,3642.4981,3720.6684
142642000,3672.6077,3381500,53346500,9676751600,123848947500,3648.5489,3722.9325,3642.4981,3720.6684
142647000,3672.5578,3791000,43505700,9680542600,123892453200,3648.5489,3722.9325,3642.4981,3720.6684
142652000,3673.2931,3837900,48956500,9684380500,123941409700,3648.5489,3722.9325,3642.4981,3720.6684
142657000,3673.6439,3710800,48429200,9688091300,123989838900,3648.5489,3722.9325,3642.4981,3720.6684
142702000,3673.6385,5609900,76149400,9693701200,124065988300,3648.5489,3722.9325,3642.4981,3720.6684
142707000,3673.8263,2404300,31523400,9696105500,124097511700,3648.5489,3722.9325,3642.4981,3720.6684
142712000,3674.2701,2915500,40127700,9699021000,124137639400,3648.5489,3722.9325,3642.4981,3720.6684
142717000,3674.1798,5100000,40491500,9704121000,124178130900,3648.5489,3722.9325,3642.4981,3720.6684
142722000,3674.2701,2711000,37029000,9706832000,124215159900,3648.5489,3722.9325,3642.4981,3720.6684
142727000,3674.367,3430000,40541600,9710262000,124255701500,3648.5489,3722.9325,3642.4981,3720.6684
142732000,3674.0486,5268800,63050800,9715530800,124318752300,3648.5489,3722.9325,3642.4981,3720.6684
142737000,3674.3748,2238400,31893400,9717769200,124350645700,3648.5489,3722.9325,3642.4981,3720.6684
142742000,3674.535,3134500,38698500,9720903700,124389344200,3648.5489,3722.9325,3642.4981,3720.6684
142747000,3675.0017,3446000,40920400,9724349700,124430264600,3648.5489,3722.9325,3642.4981,3720.6684
142752000,3675.292,1932100,29421200,9726281800,124459685800,3648.5489,3722.9325,3642.4981,3720.6684
142757000,3674.702,2869400,37268300,9729151200,124496954100,3648.5489,3722.9325,3642.4981,3720.6684
142802000,3674.9902,3723700,42066700,9732874900,124539020800,3648.5489,3722.9325,3642.4981,3720.6684
142807000,3675.5263,2288300,36141500,9735163200,124575162300,3648.5489,3722.9325,3642.4981,3720.6684
142812000,3675.5864,2856800,37637600,9738020000,124612799900,3648.5489,3722.9325,3642.4981,3720.6684
142817000,3675.8858,3073900,56036100,9741093900,124668836000,3648.5489,3722.9325,3642.4981,3720.6684
142822000,3675.3583,2778800,46346200,9743872700,124715182200,3648.5489,3722.9325,3642.4981,3720.6684
142827000,3675.4404,3113900,42544300,9746986600,124757726500,3648.5489,3722.9325,3642.4981,3720.6684
142832000,3675.8437,2918900,37755800,9749905500,124795482300,3648.5489,3722.9325,3642.4981,3720.6684
142837000,3676.046,1338600,20901100,9751244100,124816383400,3648.5489,3722.9325,3642.4981,3720.6684
142842000,3675.975,2373400,33562000,9753617500,124849945400,3648.5489,3722.9325,3642.4981,3720.6684
142847000,3675.9144,2333100,27532500,9755950600,124877477900,3648.5489,3722.9325,3642.4981,3720.6684
142852000,3676.1611,2143300,35968200,9758093900,124913446100,3648.5489,3722.9325,3642.4981,3720.6684
142857000,3676.5171,2319200,30550100,9760413100,124943996200,3648.5489,3722.9325,3642.4981,3720.6684
142902000,3676.2216,3056600,46249100,9763469700,124990245300,3648.5489,3722.9325,3642.4981,3720.6684
142907000,3676.3178,2536000,25625300,9766005700,125015870600,3648.5489,3722.9325,3642.4981,3720.6684
142912000,3676.1369,3216200,36026500,9769221900,125051897100,3648.5489,3722.9325,3642.4981,3720.6684
142917000,3675.7603,4131000,53300800,9773352900,125105197900,3648.5489,3722.9325,3642.4981,3720.6684
142922000,3675.328,3732300,67290400,9777085200,125172488300,3648.5489,3722.9325,3642.4981,3720.6684
142927000,3675.1034,3123900,47249600,9780209100,125219737900,3648.5489,3722.9325,3642.4981,3720.6684
142932000,3674.8755,3795300,59252600,9784004400,125278990500,3648.5489,3722.9325,3642.4981,3720.6684
142937000,3674.7655,2292900,36953800,9786297300,125315944300,3648.5489,3722.9325,3642.4981,3720.6684
142942000,3674.8945,2035700,32084600,9788333000,125348028900,3648.5489,3722.9325,3642.4981,3720.6684
142947000,3674.5208,2223100,36176600,9790556100,125384205500,3648.5489,3722.9325,3642.4981,3720.6684
142952000,3674.7728,2873300,37318700,9793429400,125421524200,3648.5489,3722.9325,3642.4981,3720.6684
142957000,3674.2642,2856600,48752800,9796286000,125470277000,3648.5489,3722.9325,3642.4981,3720.6684
143002000,3674.3428,5061100,59933400,9801347100,125530210400,3648.5489,3722.9325,3642.4981,3720.6684
143007000,3673.5658,2615100,36926600,9803962200,125567137000,3648.5489,3722.9325,3642.4981,3720.6684
143012000,3673.8722,3634100,46022900,9807596300,125613159900,3648.5489,3722.9325,3642.4981,3720.6684
143017000,3673.4655,2145400,30088100,9809741700,125643248000,3648.5489,3722.9325,3642.4981,3720.6684
143022000,3673.2666,3523200,39427200,9813264900,125682675200,3648.5489,3722.9325,3642.4981,3720.6684
143027000,3673.2152,3445000,50343800,9816709900,125733019000,3648.5489,3722.9325,3642.4981,3720.6684
143032000,3673.5169,5450800,52340300,9822160700,125785359300,3648.5489,3722.9325,3642.4981,3720.6684
143037000,3673.1562,2589500,36706800,9824750200,125822066100,3648.5489,3722.9325,3642.4981,3720.6684
143042000,3673.0041,3015100,42938800,9827765300,125865004900,3648.5489,3722.9325,3642.4981,3720.6684
143047000,3673.0476,3063800,38640000,9830829100,125903644900,3648.5489,3722.9325,3642.4981,3720.6684
143052000,3672.7736,2393800,39941900,9833222900,125943586800,3648.5489,3722.9325,3642.4981,3720.6684
143057000,3672.7971,2381700,36196900,9835604600,125979783700,3648.5489,3722.9325,3642.4981,3720.6684
143102000,3673.0358,3255900,44579000,9838860500,126024362700,3648.5489,3722.9325,3642.4981,3720.6684
143107000,3673.3444,2189300,31974200,9841049800,126056336900,3648.5489,3722.9325,3642.4981,3720.6684
143112000,3673.0526,2474300,40427300,9843524100,126096764200,3648.5489,3722.9325,3642.4981,3720.6684
143117000,3672.7177,3801500,46799600,9847325600,126143563800,3648.5489,3722.9325,3642.4981,3720.6684
143122000,3672.8055,3944200,48024400,9851269800,126191588200,3648.5489,3722.9325,3642.4981,3720.6684
143127000,3673.1215,3681300,44426200,9854951100,126236014400,3648.5489,3722.9325,3642.4981,3720.6684
143132000,3673.1426,3405200,44816200,9858356300,126280830600,3648.5489,3722.9325,3642.4981,3720.6684
143137000,3673.3961,2462700,39191100,9860819000,126320021700,3648.5489,3722.9325,3642.4981,3720.6684
143142000,3673.053,3367000,43537700,9864186000,126363559400,3648.5489,3722.9325,3642.4981,3720.6684
143147000,3673.5028,2829700,44377800,9867015700,126407937200,3648.5489,3722.9325,3642.4981,3720.6684
143152000,3673.1179,2260200,44386800,9869275900,126452324000,3648.5489,3722.9325,3642.4981,3720.6684
143157000,3673.3174,2804300,43161300,9872080200,126495485300,3648.5489,3722.9325,3642.4981,3720.6684
143202000,3673.5431,3106500,42157300,9875186700,126537642600,3648.5489,3722.9325,3642.4981,3720.6684
143207000,3673.7619,2311600,43487200,9877498300,126581129800,3648.5489,3722.9325,3642.4981,3720.6684
143212000,3673.6016,3910900,49942700,9881409200,126631072500,3648.5489,3722.9325,3642.4981,3720.6684
143217000,3672.749,3518400,57999100,9884927600,126689071600,3648.5489,3722.9325,3642.4981,3720.6684
143222000,3672.6741,2519500,39175600,9887447100,126728247200,3648.5489,3722.9325,3642.4981,3720.6684
143227000,3672.965,2847100,39290800,9890294200,126767538000,3648.5489,3722.9325,3642.4981,3720.6684
143232000,3672.4464,2837200,44045900,9893131400,126811583900,3648.5489,3722.9325,3642.4981,3720.6684
143237000,3672.2779,1792200,30981900,9894923600,126842565800,3648.5489,3722.9325,3642.4981,3720.6684
143242000,3671.2118,3976900,56133400,9898900500,126898699200,3648.5489,3722.9325,3642.4981,3720.6684
143247000,3670.8475,5657500,81747800,9904558000,126980447000,3648.5489,3722.9325,3642.4981,3720.6684
143252000,3670.1455,5422300,79725600,9909980300,127060172600,3648.5489,3722.9325,3642.4981,3720.6684
143257000,3669.3987,9156500,112973100,9919136800,127173145700,3648.5489,3722.9325,3642.4981,3720.6684
143302000,3669.2502,6868800,97002800,9926005600,127270148500,3648.5489,3722.9325,3642.4981,3720.6684
143307000,3668.8925,3286200,85134600,9929291800,127355283100,3648.5489,3722.9325,3642.4981,3720.6684
143312000,3668.2711,6274500,76458000,9935566300,127431741100,3648.5489,3722.9325,3642.4981,3720.6684
143317000,3668.0412,4736400,69021300,9940302700,127500762400,3648.5489,3722.9325,3642.4981,3720.6684
143322000,3667.9314,5004400,67519000,9945307100,127568281400,3648.5489,3722.9325,3642.4981,3720.6684
143327000,3667.5226,4194900,55765800,9949502000,127624047200,3648.5489,3722.9325,3642.4981,3720.6684
143332000,3666.9607,3709500,50015800,9953211500,127674063000,3648.5489,3722.9325,3642.4981,3720.6684
143337000,3666.992,3156700,41638300,9956368200,127715701300,3648.5489,3722.9325,3642.4981,3720.6684
143342000,3666.9188,4255600,57731500,9960623800,127773432800,3648.5489,3722.9325,3642.4981,3720.6684
143347000,3666.6223,3729700,58098600,9964353500,127831531400,3648.5489,3722.9325,3642.4981,3720.6684
143352000,3666.2965,4351700,85846800,9968705200,127917378200,3648.5489,3722.9325,3642.4981,3720.6684
143357000,3665.7903,5701100,75318900,9974406300,127992697100,3648.5489,3722.9325,3642.4981,3720.6684
143402000,3665.491,5555600,86371400,9979961900,128079068500,3648.5489,3722.9325,3642.4981,3720.6684
143407000,3665.9081,3930400,58611700,9983892300,128137680200,3648.5489,3722.9325,3642.4981,3720.6684
143412000,3665.9406,4910500,69293100,9988802800,128206973300,3648.5489,3722.9325,3642.4981,3720.6684
143417000,3665.9519,3711700,54884600,9992514500,128261857900,3648.5489,3722.9325,3642.4981,3720.6684
143422000,3665.6869,4367300,69371700,9996881800,128331229600,3648.5489,3722.9325,3642.4981,3720.6684
143427000,3666.6366,7346400,74017000,10004228200,128405246600,3648.5489,3722.9325,3642.4981,3720.6684
143432000,3665.9179,4664600,61381200,10008892800,128466627800,3648.5489,3722.9325,3642.4981,3720.6684
143437000,3666.1788,3457100,49269300,10012349900,128515897100,3648.5489,3722.9325,3642.4981,3720.6684
143442000,3666.3312,5651600,58645000,10018001500,128574542100,3648.5489,3722.9325,3642.4981,3720.6684
143447000,3666.0438,5194600,88930300,10023196100,128663472400,3648.5489,3722.9325,3642.4981,3720.6684
143452000,3666.1146,3289600,47505100,10026485700,128710977500,3648.5489,3722.9325,3642.4981,3720.6684
143457000,3665.7118,3257800,54170600,10029743500,128765148100,3648.5489,3722.9325,3642.4981,3720.6684
143502000,3665.5232,3678300,51582000,10033421800,128816730100,3648.5489,3722.9325,3642.4981,3720.6684
143507000,3666.0025,2304500,36332100,10035726300,128853062200,3648.5489,3722.9325,3642.4981,3720.6684
143512000,3665.3225,4278000,55122900,10040004300,128908185100,3648.5489,3722.9325,3642.4981,3720.6684
143517000,3665.664,3750900,50935300,10043755200,128959120400,3648.5489,3722.9325,3642.4981,3720.6684
143522000,3665.8042,3325800,52574100,10047081000,129011694500,3648.5489,3722.9325,3642.4981,3720.6684
143527000,3666.6747,5023100,60416400,10052104100,129072110900,3648.5489,3722.9325,3642.4981,3720.6684
143532000,3667.5257,6049600,98609500,10058153700,129170720400,3648.5489,3722.9325,3642.4981,3720.6684
143537000,3667.9038,3851600,56272000,10062005300,129226992400,3648.5489,3722.9325,3642.4981,3720.6684
143542000,3667.2764,4216300,61382800,10066221600,129288375200,3648.5489,3722.9325,3642.4981,3720.6684
143547000,3668.0127,3696600,46463900,10069918200,129334839100,3648.5489,3722.9325,3642.4981,3720.6684
143552000,3668.0743,6392300,63705900,10076310500,129398545000,3648.5489,3722.9325,3642.4981,3720.6684
143557000,3668.3312,3813200,42401000,10080123700,129440946000,3648.5489,3722.9325,3642.4981,3720.6684
143602000,3667.9457,4643900,54381600,10084767600,129495327600,3648.5489,3722.9325,3642.4981,3720.6684
143607000,3668.2141,2962700,36989600,10087730300,129532317200,3648.5489,3722.9325,3642.4981,3720.6684
143612000,3667.7928,2831300,42424900,10090561600,129574742100,3648.5489,3722.9325,3642.4981,3720.6684
143617000,3667.9689,2721200,38359400,10093282800,129613101500,3648.5489,3722.9325,3642.4981,3720.6684
143622000,3667.5515,2255000,34977300,10095537800,129648078800,3648.5489,3722.9325,3642.4981,3720.6684
143627000,3667.5405,4685000,44956800,10100222800,129693035600,3648.5489,3722.9325,3642.4981,3720.6684
143632000,3667.3903,4077700,54484000,10104300500,129747519600,3648.5489,3722.9325,3642.4981,3720.6684
143637000,3667.3737,2280900,32460500,10106581400,129779980100,3648.5489,3722.9325,3642.4981,3720.6684
143642000,3666.8499,3215300,42286000,10109796700,129822266100,3648.5489,3722.9325,3642.4981,3720.6684
143647000,3667.7387,2488100,35913500,10112284800,129858179600,3648.5489,3722.9325,3642.4981,3720.6684
143652000,3667.548,2341700,34802500,10114626500,129892982100,3648.5489,3722.9325,3642.4981,3720.6684
143657000,3667.6162,3010200,37923700,10117636700,129930905800,3648.5489,3722.9325,3642.4981,3720.6684
143702000,3666.9245,3652100,45834800,10121288800,129976740600,3648.5489,3722.9325,3642.4981,3720.6684
143707000,3667.0794,1467800,23741800,10122756600,130000482400,3648.5489,3722.9325,3642.4981,3720.6684
143712000,3667.0263,3465500,40177700,10126222100,130040660100,3648.5489,3722.9325,3642.4981,3720.6684
143717000,3667.4675,4437900,44070800,10130660000,130084730900,3648.5489,3722.9325,3642.4981,3720.6684
143722000,3667.3296,3399000,52821000,10134059000,130137551900,3648.5489,3722.9325,3642.4981,3720.6684
143727000,3667.3167,2802500,34403900,10136861500,130171955800,3648.5489,3722.9325,3642.4981,3720.6684
143732000,3667.4954,3126500,40451600,10139988000,130212407400,3648.5489,3722.9325,3642.4981,3720.6684
143737000,3667.0945,2304200,32016500,10142292200,130244423900,3648.5489,3722.9325,3642.4981,3720.6684
143742000,3667.2826,2731000,40525300,10145023200,130284949200,3648.5489,3722.9325,3642.4981,3720.6684
143747000,3667.4331,2675100,42168400,10147698300,130327117600,3648.5489,3722.9325,3642.4981,3720.6684
143752000,3667.1279,2428700,35579600,10150127000,130362697200,3648.5489,3722.9325,3642.4981,3720.6684
143757000,3667.1225,3519800,49417200,10153646800,130412114400,3648.5489,3722.9325,3642.4981,3720.6684
143802000,3667.3834,3483300,44839000,10157130100,130456953400,3648.5489,3722.9325,3642.4981,3720.6684
143807000,3666.9958,2425700,30920000,10159555800,130487873400,3648.5489,3722.9325,3642.4981,3720.6684
143812000,3667.0314,2847900,40124400,10162403700,130527997800,3648.5489,3722.9325,3642.4981,3720.6684
143817000,3666.7922,3315100,46388900,10165718800,130574386700,3648.5489,3722.9325,3642.4981,3720.6684
143822000,3666.4881,3111800,43671700,10168830600,130618058400,3648.5489,3722.9325,3642.4981,3720.6684
143827000,3666.7822,2978400,39940800,10171809000,130657999200,3648.5489,3722.9325,3642.4981,3720.6684
143832000,3666.4139,3308600,49887400,10175117600,130707886600,3648.5489,3722.9325,3642.4981,3720.6684
143837000,3666.1579,2024500,34960900,10177142100,130742847500,3648.5489,3722.9325,3642.4981,3720.6684
143842000,3666.1892,4646000,53613900,10181788100,130796461400,3648.5489,3722.9325,3642.4981,3720.6684
143847000,3666.354,3152600,41775400,10184940700,130838236800,3648.5489,3722.9325,3642.4981,3720.6684
143852000,3666.044,4016300,43644800,10188957000,130881881600,3648.5489,3722.9325,3642.4981,3720.6684
143857000,3665.8872,3553100,47391400,10192510100,130929273000,3648.5489,3722.9325,3642.4981,3720.6684
143902000,3665.3857,3659300,46876100,10196169400,130976149100,3648.5489,3722.9325,3642.4981,3720.6684
143907000,3665.6894,2198300,25842600,10198367700,131001991700,3648.5489,3722.9325,3642.4981,3720.6684
143912000,3663.8987,5530000,70022500,10203897700,131072014200,3648.5489,3722.9325,3642.4981,3720.6684
143917000,3663.8381,7030800,91310400,10210928500,131163324600,3648.5489,3722.9325,3642.4981,3720.6684
143922000,3662.5005,7166300,92047600,10218094800,131255372200,3648.5489,3722.9325,3642.4981,3720.6684
143927000,3661.8045,11045900,149372100,10229140700,131404744300,3648.5489,3722.9325,3642.4981,3720.6684
143932000,3661.7877,7118200,99905700,10236258900,131504650000,3648.5489,3722.9325,3642.4981,3720.6684
143937000,3661.7557,3980700,56904300,10240239600,131561554300,3648.5489,3722.9325,3642.4981,3720.6684
143942000,3662.0698,5361000,81987500,10245600600,131643541800,3648.5489,3722.9325,3642.4981,3720.6684
143947000,3662.2739,5706500,75647100,10251307100,131719188900,3648.5489,3722.9325,3642.4981,3720.6684
143952000,3661.5539,5884200,78877800,10257191300,131798066700,3648.5489,3722.9325,3642.4981,3720.6684
143957000,3661.1913,6262500,75469900,10263453800,131873536600,3648.5489,3722.9325,3642.4981,3720.6684
144002000,3660.3805,5422000,75151500,10268875800,131948688100,3648.5489,3722.9325,3642.4981,3720.6684
144007000,3660.3984,5265100,62451900,10274140900,132011140000,3648.5489,3722.9325,3642.4981,3720.6684
144012000,3660.6902,5357200,77657600,10279498100,132088797600,3648.5489,3722.9325,3642.4981,3720.6684
144017000,3660.4081,6276600,104711600,10285774700,132193509200,3648.5489,3722.9325,3642.4981,3720.6684
144022000,3660.1177,5081700,78326000,10290856400,132271835200,3648.5489,3722.9325,3642.4981,3720.6684
144027000,3660.2698,6480300,97089800,10297336700,132368925000,3648.5489,3722.9325,3642.4981,3720.6684
144032000,3660.2786,7350200,94153400,10304686900,132463078400,3648.5489,3722.9325,3642.4981,3720.6684
144037000,3659.5792,3113300,52218000,10307800200,132515296400,3648.5489,3722.9325,3642.4981,3720.6684
144042000,3660.2031,4708100,65343700,10312508300,132580640100,3648.5489,3722.9325,3642.4981,3720.6684
144047000,3660.0696,4697700,67567700,10317206000,132648207800,3648.5489,3722.9325,3642.4981,3720.6684
144052000,3659.4491,4912400,70667500,10322118400,132718875300,3648.5489,3722.9325,3642.4981,3720.6684
144057000,3659.5152,4344600,65023500,10326463000,132783898800,3648.5489,3722.9325,3642.4981,3720.6684
144102000,3659.4678,6114500,76782200,10332577500,132860681000,3648.5489,3722.9325,3642.4981,3720.6684
144107000,3659.3076,3814900,61463500,10336392400,132922144500,3648.5489,3722.9325,3642.4981,3720.6684
144112000,3660.0869,5321100,67807600,10341713500,132989952100,3648.5489,3722.9325,3642.4981,3720.6684
144117000,3660.3889,7084200,102129600,10348797700,133092081700,3648.5489,3722.9325,3642.4981,3720.6684
144122000,3661.0793,7786800,116803500,10356584500,133208885200,3648.5489,3722.9325,3642.4981,3720.6684
144127000,3662.3651,8944100,118997100,10365528600,133327882300,3648.5489,3722.9325,3642.4981,3720.6684
144132000,3663.4239,9524200,116075900,10375052800,133443958200,3648.5489,3722.9325,3642.4981,3720.6684
144137000,3662.9858,6322700,61463000,10381375500,133505421200,3648.5489,3722.9325,3642.4981,3720.6684
144142000,3663.4942,7965600,76749900,10389341100,133582171100,3648.5489,3722.9325,3642.4981,3720.6684
144147000,3664.2387,4012300,61776000,10393353400,133643947100,3648.5489,3722.9325,3642.4981,3720.6684
144152000,3663.7842,3762200,48862900,10397115600,133692810000,3648.5489,3722.9325,3642.4981,3720.6684
144157000,3664.1724,4454200,56340100,10401569800,133749150100,3648.5489,3722.9325,3642.4981,3720.6684
144202000,3663.8762,4971500,56126600,10406541300,133805276700,3648.5489,3722.9325,3642.4981,3720.6684
144207000,3664.1217,2670400,37701800,10409211700,133842978500,3648.5489,3722.9325,3642.4981,3720.6684
144212000,3664.0447,4537800,57397700,10413749500,133900376200,3648.5489,3722.9325,3642.4981,3720.6684
144217000,3664.1741,3308500,41411400,10417058000,133941787600,3648.5489,3722.9325,3642.4981,3720.6684
144222000,3664.2479,3099600,41936700,10420157600,133983724300,3648.5489,3722.9325,3642.4981,3720.6684
144227000,3664.1616,4123600,45786000,10424281200,134029510300,3648.5489,3722.9325,3642.4981,3720.6684
144232000,3664.2318,3685000,49979000,10427966200,134079489300,3648.5489,3722.9325,3642.4981,3720.6684
144237000,3664.0774,2310100,40019000,10430276300,134119508300,3648.5489,3722.9325,3642.4981,3720.6684
144242000,3663.6766,3600200,43811300,10433876500,134163319600,3648.5489,3722.9325,3642.4981,3720.6684
144247000,3663.8795,3249900,41783100,10437126400,134205102700,3648.5489,3722.9325,3642.4981,3720.6684
144252000,3663.9328,3310100,46084900,10440436500,134251187600,3648.5489,3722.9325,3642.4981,3720.6684
144257000,3663.4344,3819100,46787600,10444255600,134297975200,3648.5489,3722.9325,3642.4981,3720.6684
144302000,3663.2391,5635500,64251700,10449891100,134362226900,3648.5489,3722.9325,3642.4981,3720.6684
144307000,3663.4258,2430200,29967900,10452321300,134392194800,3648.5489,3722.9325,3642.4981,3720.6684
144312000,3663.7361,4034000,50774900,10456355300,134442969700,3648.5489,3722.9325,3642.4981,3720.6684
144317000,3663.9121,4806800,53065700,10461162100,134496035400,3648.5489,3722.9325,3642.4981,3720.6684
144322000,3663.7783,4725400,50055100,10465887500,134546090500,3648.5489,3722.9325,3642.4981,3720.6684
144327000,3664.3653,4523500,58348800,10470411000,134604439300,3648.5489,3722.9325,3642.4981,3720.6684
144332000,3664.6914,6362800,67929900,10476773800,134672369200,3648.5489,3722.9325,3642.4981,3720.6684
144337000,3664.4466,4441100,55812400,10481214900,134728181600,3648.5489,3722.9325,3642.4981,3720.6684
144342000,3664.7218,4382000,56603700,10485596900,134784785300,3648.5489,3722.9325,3642.4981,3720.6684
144347000,3665.0331,4199800,48480900,10489796700,134833266200,3648.5489,3722.9325,3642.4981,3720.6684
144352000,3664.8322,4221400,47821100,10494018100,134881087300,3648.5489,3722.9325,3642.4981,3720.6684
144357000,3665.3533,5791900,65439400,10499810000,134946526700,3648.5489,3722.9325,3642.4981,3720.6684
144402000,3666.5957,6212100,92237500,10506022100,135038764200,3648.5489,3722.9325,3642.4981,3720.6684
144407000,3666.6021,4419900,57806800,10510442000,135096571000,3648.5489,3722.9325,3642.4981,3720.6684
144412000,3667.9575,4066500,52416300,10514508500,135148987300,3648.5489,3722.9325,3642.4981,3720.6684
144417000,3667.4365,2582500,32858000,10517091000,135181845300,3648.5489,3722.9325,3642.4981,3720.6684
144422000,3668.1211,3734100,47824500,10520825100,135229669800,3648.5489,3722.9325,3642.4981,3720.6684
144427000,3668.0676,4829300,52682000,10525654400,135282351800,3648.5489,3722.9325,3642.4981,3720.6684
144432000,3668.2539,4428800,49322300,10530083200,135331674100,3648.5489,3722.9325,3642.4981,3720.6684
144437000,3668.4785,2657600,37492600,10532740800,135369166700,3648.5489,3722.9325,3642.4981,3720.6684
144442000,3668.5064,3720300,46858200,10536461100,135416024900,3648.5489,3722.9325,3642.4981,3720.6684
144447000,3668.5454,3794600,52252100,10540255700,135468277000,3648.5489,3722.9325,3642.4981,3720.6684
144452000,3668.8206,3234700,47177500,10543490400,135515454500,3648.5489,3722.9325,3642.4981,3720.6684
144457000,3669.2935,3894100,46460300,10547384500,135561914800,3648.5489,3722.9325,3642.4981,3720.6684
144502000,3669.5183,4519500,57520600,10551904000,135619435400,3648.5489,3722.9325,3642.4981,3720.6684
144507000,3669.2228,2929100,38028600,10554833100,135657464000,3648.5489,3722.9325,3642.4981,3720.6684
144512000,3669.7512,3376000,43637900,10558209100,135701101900,3648.5489,3722.9325,3642.4981,3720.6684
144517000,3669.0293,3328200,54423600,10561537300,135755525500,3648.5489,3722.9325,3642.4981,3720.6684
144522000,3668.9079,2823000,41555800,10564360300,135797081300,3648.5489,3722.9325,3642.4981,3720.6684
144527000,3669.1397,3650100,50047500,10568010400,135847128800,3648.5489,3722.9325,3642.4981,3720.6684
144532000,3668.7807,4627600,79958700,10572638000,135927087500,3648.5489,3722.9325,3642.4981,3720.6684
144537000,3668.8932,2380200,37954100,10575018200,135965041600,3648.5489,3722.9325,3642.4981,3720.6684
144542000,3668.7453,4551800,54388100,10579570000,136019429700,3648.5489,3722.9325,3642.4981,3720.6684
144547000,3668.5515,3457600,42365400,10583027600,136061795100,3648.5489,3722.9325,3642.4981,3720.6684
144552000,3669.0291,3049800,36978900,10586077400,136098774000,3648.5489,3722.9325,3642.4981,3720.6684
144557000,3668.3764,4160400,49872500,10590237800,136148646500,3648.5489,3722.9325,3642.4981,3720.6684
144602000,3668.3876,3852100,54094900,10594089900,136202741400,3648.5489,3722.9325,3642.4981,3720.6684
144607000,3668.8191,2156000,32935300,10596245900,136235676700,3648.5489,3722.9325,3642.4981,3720.6684
144612000,3668.7184,4445300,48075900,10600691200,136283752600,3648.5489,3722.9325,3642.4981,3720.6684
144617000,3668.4448,3371800,42020200,10604063000,136325772800,3648.5489,3722.9325,3642.4981,3720.6684
144622000,3668.5081,3165400,39583900,10607228400,136365356700,3648.5489,3722.9325,3642.4981,3720.6684
144627000,3668.7077,3130500,38899900,10610358900,136404256600,3648.5489,3722.9325,3642.4981,3720.6684
144632000,3668.7243,3761600,54267500,10614120500,136458524100,3648.5489,3722.9325,3642.4981,3720.6684
144637000,3668.6261,2812000,35835700,10616932500,136494359800,3648.5489,3722.9325,3642.4981,3720.6684
144642000,3669.035,4243800,56999200,10621176300,136551359000,3648.5489,3722.9325,3642.4981,3720.6684
144647000,3668.7372,3467000,40487400,10624643300,136591846400,3648.5489,3722.9325,3642.4981,3720.6684
144652000,3669.214,3350100,42848500,10627993400,136634694900,3648.5489,3722.9325,3642.4981,3720.6684
144657000,3669.1135,4073400,52920400,10632066800,136687615300,3648.5489,3722.9325,3642.4981,3720.6684
144702000,3668.9384,3923900,56176700,10635990700,136743792000,3648.5489,3722.9325,3642.4981,3720.6684
144707000,3668.9168,2696000,33829800,10638686700,136777621800,3648.5489,3722.9325,3642.4981,3720.6684
144712000,3669.16,3526200,45877300,10642212900,136823499100,3648.5489,3722.9325,3642.4981,3720.6684
144717000,3668.8413,3248800,35952300,10645461700,136859451400,3648.5489,3722.9325,3642.4981,3720.6684
144722000,3668.8033,3574000,45796900,10649035700,136905248300,3648.5489,3722.9325,3642.4981,3720.6684
144727000,3668.8164,3184900,35741700,10652220600,136940990000,3648.5489,3722.9325,3642.4981,3720.6684
144732000,3669.0134,2801300,39838200,10655021900,136980828200,3648.5489,3722.9325,3642.4981,3720.6684
144737000,3668.8332,2347400,36416500,10657369300,137017244700,3648.5489,3722.9325,3642.4981,3720.6684
144742000,3668.8262,2902500,40413500,10660271800,137057658200,3648.5489,3722.9325,3642.4981,3720.6684
144747000,3668.8822,2686500,39638600,10662958300,137097296800,3648.5489,3722.9325,3642.4981,3720.6684
144752000,3668.9338,2166200,34009700,10665124500,137131306500,3648.5489,3722.9325,3642.4981,3720.6684
144757000,3668.6961,3992500,50219600,10669117000,137181526100,3648.5489,3722.9325,3642.4981,3720.6684
144802000,3668.7645,4251200,55530300,10673368200,137237056400,3648.5489,3722.9325,3642.4981,3720.6684
144807000,3669.3152,2805900,37181500,10676174100,137274237900,3648.5489,3722.9325,3642.4981,3720.6684
144812000,3669.1504,6228000,62812100,10682402100,137337050000,3648.5489,3722.9325,3642.4981,3720.6684
144817000,3669.3992,5687500,53909500,10688089600,137390959500,3648.5489,3722.9325,3642.4981,3720.6684
144822000,3669.2227,3010700,38467600,10691100300,137429427100,3648.5489,3722.9325,3642.4981,3720.6684
144827000,3668.972,3159100,44836500,10694259400,137474263600,3648.5489,3722.9325,3642.4981,3720.6684
144832000,3669.2214,4617600,55126400,10698877000,137529390000,3648.5489,3722.9325,3642.4981,3720.6684
144837000,3669.1499,2136800,36392000,10701013800,137565782000,3648.5489,3722.9325,3642.4981,3720.6684
144842000,3669.4845,3551400,41360400,10704565200,137607142400,3648.5489,3722.9325,3642.4981,3720.6684
144847000,3669.3105,3633000,47609000,10708198200,137654751400,3648.5489,3722.9325,3642.4981,3720.6684
144852000,3668.825,3457600,44852600,10711655800,137699604000,3648.5489,3722.9325,3642.4981,3720.6684
144857000,3668.9077,4028500,54893700,10715684300,137754497700,3648.5489,3722.9325,3642.4981,3720.6684
144902000,3668.9662,4903700,66597100,10720588000,137821094800,3648.5489,3722.9325,3642.4981,3720.6684
144907000,3668.7104,2720200,36803200,10723308200,137857898000,3648.5489,3722.9325,3642.4981,3720.6684
144912000,3668.7824,3536600,52052400,10726844800,137909950400,3648.5489,3722.9325,3642.4981,3720.6684
144917000,3668.8397,3703600,46398600,10730548400,137956349000,3648.5489,3722.9325,3642.4981,3720.6684
144922000,3668.7256,2829700,37659600,10733378100,137994008600,3648.5489,3722.9325,3642.4981,3720.6684
144927000,3668.5536,4678900,57548300,10738057000,138051556900,3648.5489,3722.9325,3642.4981,3720.6684
144932000,3668.01,4387000,69380800,10742444000,138120937700,3648.5489,3722.9325,3642.4981,3720.6684
144937000,3667.9683,3919300,41526600,10746363300,138162464300,3648.5489,3722.9325,3642.4981,3720.6684
144942000,3668.3422,4107900,57721300,10750471200,138220185600,3648.5489,3722.9325,3642.4981,3720.6684
144947000,3668.1724,4049500,50633800,10754520700,138270819400,3648.5489,3722.9325,3642.4981,3720.6684
144952000,3668.1951,2951100,44908900,10757471800,138315728300,3648.5489,3722.9325,3642.4981,3720.6684
144957000,3668.222,4598100,61142300,10762069900,138376870600,3648.5489,3722.9325,3642.4981,3720.6684
145002000,3667.774,4764000,66607600,10766833900,138443478200,3648.5489,3722.9325,3642.4981,3720.6684
145007000,3667.6304,3544400,63985100,10770378300,138507463300,3648.5489,3722.9325,3642.4981,3720.6684
145012000,3667.2919,4664500,59325300,10775042800,138566788600,3648.5489,3722.9325,3642.4981,3720.6684
145017000,3667.0847,3207700,50874200,10778250500,138617662800,3648.5489,3722.9325,3642.4981,3720.6684
145022000,3666.9649,3614000,51387500,10781864500,138669050300,3648.5489,3722.9325,3642.4981,3720.6684
145027000,3666.8884,5122700,63158200,10786987200,138732208500,3648.5489,3722.9325,3642.4981,3720.6684
145032000,3666.444,7799100,85948700,10794786300,138818157200,3648.5489,3722.9325,3642.4981,3720.6684
145037000,3666.4225,2830600,38595100,10797616900,138856752300,3648.5489,3722.9325,3642.4981,3720.6684
145042000,3666.0831,3841700,49857700,10801458600,138906610000,3648.5489,3722.9325,3642.4981,3720.6684
145047000,3665.9881,4229600,55582900,10805688200,138962192900,3648.5489,3722.9325,3642.4981,3720.6684
145052000,3665.8514,4178000,55798600,10809866200,139017991500,3648.5489,3722.9325,3642.4981,3720.6684
145057000,3665.8412,5289300,56887900,10815155500,139074879400,3648.5489,3722.9325,3642.4981,3720.6684
145102000,3665.6934,7255600,94358600,10822411100,139169238000,3648.5489,3722.9325,3642.4981,3720.6684
145107000,3665.9872,4280200,69630600,10826691300,139238868600,3648.5489,3722.9325,3642.4981,3720.6684
145112000,3665.5913,5654100,75699400,10832345400,139314568000,3648.5489,3722.9325,3642.4981,3720.6684
145117000,3665.3541,4196400,59839500,10836541800,139374407500,3648.5489,3722.9325,3642.4981,3720.6684
145122000,3665.5729,4821000,62812100,10841362800,139437219600,3648.5489,3722.9325,3642.4981,3720.6684
145127000,3665.5135,3726800,53400200,10845089600,139490619800,3648.5489,3722.9325,3642.4981,3720.6684
145132000,3665.0675,4537600,56377700,10849627200,139546997500,3648.5489,3722.9325,3642.4981,3720.6684
145137000,3665.1842,3624300,43552900,10853251500,139590550400,3648.5489,3722.9325,3642.4981,3720.6684
145142000,3665.2693,3884900,59264300,10857136400,139649814700,3648.5489,3722.9325,3642.4981,3720.6684
145147000,3665.0585,4281000,56856300,10861417400,139706671000,3648.5489,3722.9325,3642.4981,3720.6684
145152000,3664.7908,4756900,57135100,10866174300,139763806100,3648.5489,3722.9325,3642.4981,3720.6684
145157000,3664.6655,5194300,87439800,10871368600,139851245900,3648.5489,3722.9325,3642.4981,3720.6684
145202000,3664.7409,7195400,91767000,10878564000,139943012900,3648.5489,3722.9325,3642.4981,3720.6684
145207000,3664.6385,3828600,48789700,10882392600,139991802600,3648.5489,3722.9325,3642.4981,3720.6684
145212000,3664.9363,4163900,61131700,10886556500,140052934300,3648.5489,3722.9325,3642.4981,3720.6684
145217000,3664.4518,4197600,59185100,10890754100,140112119400,3648.5489,3722.9325,3642.4981,3720.6684
145222000,3664.0811,5264100,64528000,10896018200,140176647400,3648.5489,3722.9325,3642.4981,3720.6684
145227000,3664.5074,4687800,60813900,10900706000,140237461300,3648.5489,3722.9325,3642.4981,3720.6684
145232000,3664.1836,5553300,72811300,10906259300,140310272600,3648.5489,3722.9325,3642.4981,3720.6684
145237000,3664.2825,4241400,56381200,10910500700,140366653800,3648.5489,3722.9325,3642.4981,3720.6684
145242000,3664.4285,4440500,58424500,10914941200,140425078300,3648.5489,3722.9325,3642.4981,3720.6684
145247000,3664.4246,4907600,60088100,10919848800,140485166400,3648.5489,3722.9325,3642.4981,3720.6684
145252000,3664.0097,4309400,51740000,10924158200,140536906400,3648.5489,3722.9325,3642.4981,3720.6684
145257000,3664.1351,7764700,75570300,10931922900,140612476700,3648.5489,3722.9325,3642.4981,3720.6684
145302000,3663.9692,5514200,71260800,10937437100,140683737500,3648.5489,3722.9325,3642.4981,3720.6684
145307000,3664.8035,5261600,61872700,10942698700,140745610200,3648.5489,3722.9325,3642.4981,3720.6684
145312000,3664.7566,5761200,77094900,10948459900,140822705100,3648.5489,3722.9325,3642.4981,3720.6684
145317000,3664.3984,6030500,69375500,10954490400,140892080600,3648.5489,3722.9325,3642.4981,3720.6684
145322000,3664.5933,3626700,48649200,10958117100,140940729800,3648.5489,3722.9325,3642.4981,3720.6684
145327000,3664.8772,4518300,64786900,10962635400,141005516700,3648.5489,3722.9325,3642.4981,3720.6684
145332000,3664.8221,7077200,84711300,10969712600,141090228000,3648.5489,3722.9325,3642.4981,3720.6684
145337000,3664.2678,3031300,35119400,10972743900,141125347400,3648.5489,3722.9325,3642.4981,3720.6684
145342000,3664.9362,6389300,73688700,10979133200,141199036100,3648.5489,3722.9325,3642.4981,3720.6684
145347000,3664.4677,3908600,46762100,10983041800,141245798200,3648.5489,3722.9325,3642.4981,3720.6684
145352000,3664.7001,5265300,62083100,10988307100,141307881300,3648.5489,3722.9325,3642.4981,3720.6684
145357000,3664.2974,6240200,71063100,10994547300,141378944400,3648.5489,3722.9325,3642.4981,3720.6684
145402000,3665.0476,5284500,81018100,10999831800,141459962500,3648.5489,3722.9325,3642.4981,3720.6684
145407000,3664.7248,3014200,36301700,11002846000,141496264200,3648.5489,3722.9325,3642.4981,3720.6684
145412000,3664.7521,6073000,67521000,11008919000,141563785200,3648.5489,3722.9325,3642.4981,3720.6684
145417000,3664.9473,8432400,82778900,11017351400,141646564100,3648.5489,3722.9325,3642.4981,3720.6684
145422000,3664.8938,3552300,49280600,11020903700,141695844700,3648.5489,3722.9325,3642.4981,3720.6684
145427000,3665.402,4607200,63099900,11025510900,141758944600,3648.5489,3722.9325,3642.4981,3720.6684
145432000,3664.7173,7804500,88571600,11033315400,141847516200,3648.5489,3722.9325,3642.4981,3720.6684
145437000,3664.7969,3663500,42048200,11036978900,141889564400,3648.5489,3722.9325,3642.4981,3720.6684
145442000,3665.1656,5597200,74294900,11042576100,141963859300,3648.5489,3722.9325,3642.4981,3720.6684
145447000,3664.9673,4795100,49101200,11047371200,142012960500,3648.5489,3722.9325,3642.4981,3720.6684
145452000,3665.0894,3878200,45607300,11051249400,142058567800,3648.5489,3722.9325,3642.4981,3720.6684
145457000,3665.1797,4799200,63106800,11056048600,142121674600,3648.5489,3722.9325,3642.4981,3720.6684
145502000,3665.4969,6190900,81359200,11062239500,142203033800,3648.5489,3722.9325,3642.4981,3720.6684
145507000,3665.2022,2797300,36822800,11065036800,142239856600,3648.5489,3722.9325,3642.4981,3720.6684
145512000,3665.8089,5589600,73542500,11070626400,142313399100,3648.5489,3722.9325,3642.4981,3720.6684
145517000,3665.4522,4494800,65653900,11075121200,142379053000,3648.5489,3722.9325,3642.4981,3720.6684
145522000,3665.763,4180000,48262000,11079301200,142427315000,3648.5489,3722.9325,3642.4981,3720.6684
145527000,3665.5111,5955200,75744700,11085256400,142503059700,3648.5489,3722.9325,3642.4981,3720.6684
145532000,3665.8895,7199100,81747300,11092455500,142584807000,3648.5489,3722.9325,3642.4981,3720.6684
145537000,3665.723,3759900,45238700,11096215400,142630045700,3648.5489,3722.9325,3642.4981,3720.6684
145542000,3665.8361,7982400,94828300,11104197800,142724874000,3648.5489,3722.9325,3642.4981,3720.6684
145547000,3666.3967,4656600,55990600,11108854400,142780864600,3648.5489,3722.9325,3642.4981,3720.6684
145552000,3665.9797,5122400,72000800,11113976800,142852865400,3648.5489,3722.9325,3642.4981,3720.6684
145557000,3666.2344,5098800,64804800,11119075600,142917670200,3648.5489,3722.9325,3642.4981,3720.6684
145602000,3665.9507,5735900,74186800,11124811500,142991857000,3648.5489,3722.9325,3642.4981,3720.6684
145607000,3666.3514,3843700,47758400,11128655200,143039615400,3648.5489,3722.9325,3642.4981,3720.6684
145612000,3666.2859,5826800,73666200,11134482000,143113281600,3648.5489,3722.9325,3642.4981,3720.6684
145617000,3666.4946,4977900,66411900,11139459900,143179693500,3648.5489,3722.9325,3642.4981,3720.6684
145622000,3666.7478,3685100,53227600,11143145000,143232921100,3648.5489,3722.9325,3642.4981,3720.6684
145627000,3666.8514,6240300,74932800,11149385300,143307853900,3648.5489,3722.9325,3642.4981,3720.6684
145632000,3666.6892,6216700,85853300,11155602000,143393707200,3648.5489,3722.9325,3642.4981,3720.6684
145637000,3667.032,4289200,52414900,11159891200,143446122100,3648.5489,3722.9325,3642.4981,3720.6684
145642000,3667.2088,5774900,75646300,11165666100,143521768400,3648.5489,3722.9325,3642.4981,3720.6684
145647000,3666.8581,4767400,63887300,11170433500,143585655700,3648.5489,3722.9325,3642.4981,3720.6684
145652000,3666.8449,3795200,53191300,11174228700,143638847000,3648.5489,3722.9325,3642.4981,3720.6684
145657000,3667.0478,5393600,65609100,11179622300,143704456100,3648.5489,3722.9325,3642.4981,3720.6684
145702000,3666.9551,4767100,51887600,11184389400,143756343700,3648.5489,3722.9325,3642.4981,3720.6684
145707000,3666.7201,334800,5641700,11184724200,143761985400,3648.5489,3722.9325,3642.4981,3720.6684
150002000,3666.8462,19912700,299089800,11204636900,144061075200,3648.5489,3722.9325,3642.4981,3720.6684
150007000,3667.3673,70732500,905398700,11275369400,144966473900,3648.5489,3722.9325,3642.4981,3720.6684
150017000,3667.4574,11366100,92012500,11286735500,145058486400,3648.5489,3722.9325,3642.4981,3720.6684
