Time,Price,Volume,Turnover,AccVolume,AccTurnover,Open,High,Low,PreClose
92512000,4033.6292,72063800,1016689600,72063800,1016689600,4033.6292,4033.6292,4033.6292,4019.0053
93002000,4034.8186,7497000,86978100,79560800,1103667700,4033.6292,4034.8186,4033.6292,4019.0053
93007000,4037.7076,53748100,718572900,133308900,1822240600,4033.6292,4037.7076,4033.6292,4019.0053
93012000,4038.7217,34677000,452579400,167985900,2274820000,4033.6292,4038.7217,4033.6292,4019.0053
93017000,4039.8712,12269300,200182200,180255200,2475002200,4033.6292,4039.8712,4033.6292,4019.0053
93022000,4038.8116,8297500,113622500,188552700,2588624700,4033.6292,4039.8712,4033.6292,4019.0053
93027000,4039.3588,9767500,173987600,198320200,2762612300,4033.6292,4039.8712,4033.6292,4019.0053
93032000,4039.2681,11078200,173095600,209398400,2935707900,4033.6292,4039.8712,4033.6292,4019.0053
93037000,4039.0876,10897800,159074500,220296200,3094782400,4033.6292,4039.8712,4033.6292,4019.0053
93042000,4038.1697,11203600,165857100,231499800,3260639500,4033.6292,4039.8712,4033.6292,4019.0053
93047000,4038.2064,13341700,211752300,244841500,3472391800,4033.6292,4039.8712,4033.6292,4019.0053
93052000,4038.4381,7247700,115861500,252089200,3588253300,4033.6292,4039.8712,4033.6292,4019.0053
93057000,4038.5187,9015100,129985900,261104300,3718239200,4033.6292,4039.8712,4033.6292,4019.0053
93102000,4037.9025,9375300,159534300,270479600,3877773500,4033.6292,4039.8712,4033.6292,4019.0053
93107000,4038.1601,9558300,140690600,280037900,4018464100,4033.6292,4039.8712,4033.6292,4019.0053
93112000,4037.2776,9758100,134346100,289796000,4152810200,4033.6292,4039.8712,4033.6292,4019.0053
93117000,4037.4038,11678100,180827400,301474100,4333637600,4033.6292,4039.8712,4033.6292,4019.0053
93122000,4035.5385,9003400,129274400,310477500,4462912000,4033.6292,4039.8712,4033.6292,4019.0053
93127000,4035.8996,12147900,178152100,322625400,4641064100,4033.6292,4039.8712,4033.6292,4019.0053
93132000,4035.9338,11302300,168090300,333927700,4809154400,4033.6292,4039.8712,4033.6292,4019.0053
93137000,4035.8306,8137200,113085800,342064900,4922240200,4033.6292,4039.8712,4033.6292,4019.0053
93142000,4035.4956,8509400,129055400,350574300,5051295600,4033.6292,4039.8712,4033.6292,4019.0053
93147000,4035.9673,10525700,151459300,361100000,5202754900,4033.6292,4039.8712,4033.6292,4019.0053
93152000,4035.1788,5946900,89573700,367046900,5292328600,4033.6292,4039.8712,4033.6292,4019.0053
93157000,4034.7624,7831700,116369500,374878600,5408698100,4033.6292,4039.8712,4033.6292,4019.0053
93202000,4034.8386,9392800,154434600,384271400,5563132700,4033.6292,4039.8712,4033.6292,4019.0053
93207000,4034.6028,7741900,111251100,392013300,5674383800,4033.6292,4039.8712,4033.6292,4019.0053
93212000,4034.5394,8146200,117024200,400159500,5791408000,4033.6292,4039.8712,4033.6292,4019.0053
93217000,4034.0086,12684200,165998100,412843700,5957406100,4033.6292,4039.8712,4033.6292,4019.0053
93222000,4033.4005,8410300,106788800,421254000,6064194900,4033.6292,4039.8712,4033.3708,4019.0053
93227000,4033.6182,9111500,124071900,430365500,6188266800,4033.6292,4039.8712,4033.3708,4019.0053
93232000,4033.0346,9883300,145855200,440248800,6334122000,4033.6292,4039.8712,4033.0346,4019.0053
93237000,4033.8113,7913500,142756900,448162300,6476878900,4033.6292,4039.8712,4033.0346,4019.0053
93242000,4034.996,11755300,168576800,459917600,6645455700,4033.6292,4039.8712,4033.0346,4019.0053
93247000,4036.2954,12538200,191421500,472455800,6836877200,4033.6292,4039.8712,4033.0346,4019.0053
93252000,4038.1469,9699100,140304900,482154900,6977182100,4033.6292,4039.8712,4033.0346,4019.0053
93257000,4039.5216,9933200,165072900,492088100,7142255000,4033.6292,4039.8712,4033.0346,4019.0053
93302000,4040.7356,13283800,202190700,505371900,7344445700,4033.6292,4040.7356,4033.0346,4019.0053
93307000,4041.8041,11035400,136346600,516407300,7480792300,4033.6292,4041.8041,4033.0346,4019.0053
93312000,4042.4603,9838200,146993600,526245500,7627785900,4033.6292,4042.5674,4033.0346,4019.0053
93317000,4042.6692,11026300,166038400,537271800,7793824300,4033.6292,4042.8183,4033.0346,4019.0053
93322000,4042.6884,6891600,122908400,544163400,7916732700,4033.6292,4043.3082,4033.0346,4019.0053
93327000,4042.5544,8722100,142268100,552885500,8059000800,4033.6292,4043.3082,4033.0346,4019.0053
93332000,4042.8276,8381800,155448900,561267300,8214449700,4033.6292,4043.3082,4033.0346,4019.0053
93337000,4041.9549,8871100,125741300,570138400,8340191000,4033.6292,4043.3082,4033.0346,4019.0053
93342000,4042.296,10298900,149574500,580437300,8489765500,4033.6292,4043.3082,4033.0346,4019.0053
93347000,4041.1465,11825700,178188200,592263000,8667953700,4033.6292,4043.3082,4033.0346,4019.0053
93352000,4040.7184,8844900,145616000,601107900,8813569700,4033.6292,4043.3082,4033.0346,4019.0053
93357000,4040.8346,8539600,115980300,609647500,8929550000,4033.6292,4043.3082,4033.0346,4019.0053
93402000,4040.7061,9079700,150702500,618727200,9080252500,4033.6292,4043.3082,4033.0346,4019.0053
93407000,4040.511,6702500,106882300,625429700,9187134800,4033.6292,4043.3082,4033.0346,4019.0053
93412000,4040.8873,7492000,116418400,632921700,9303553200,4033.6292,4043.3082,4033.0346,4019.0053
93417000,4040.4574,9689900,151001500,642611600,9454554700,4033.6292,4043.3082,4033.0346,4019.0053
93422000,4039.8137,9934700,132486100,652546300,9587040800,4033.6292,4043.3082,4033.0346,4019.0053
93427000,4037.914,9390500,149443500,661936800,9736484300,4033.6292,4043.3082,4033.0346,4019.0053
93432000,4037.0976,14220600,202161300,676157400,9938645600,4033.6292,4043.3082,4033.0346,4019.0053
93437000,4035.6062,9579200,128626900,685736600,10067272500,4033.6292,4043.3082,4033.0346,4019.0053
93442000,4034.9072,9723700,149853300,695460300,10217125800,4033.6292,4043.3082,4033.0346,4019.0053
93447000,4034.7567,10989300,156201000,706449600,10373326800,4033.6292,4043.3082,4033.0346,4019.0053
93452000,4035.089,8812500,115484300,715262100,10488811100,4033.6292,4043.3082,4033.0346,4019.0053
93457000,4033.8786,10939500,129086100,726201600,10617897200,4033.6292,4043.3082,4033.0346,4019.0053
93502000,4033.0974,7846600,116063100,734048200,10733960300,4033.6292,4043.3082,4033.0346,4019.0053
93507000,4033.1929,7369000,110895000,741417200,10844855300,4033.6292,4043.3082,4033.0346,4019.0053
93512000,4033.1114,8380800,140966200,749798000,10985821500,4033.6292,4043.3082,4032.8931,4019.0053
93517000,4032.5171,10080900,135464600,759878900,11121286100,4033.6292,4043.3082,4032.5171,4019.0053
93522000,4032.6637,7374400,107918700,767253300,11229204800,4033.6292,4043.3082,4032.5171,4019.0053
93527000,4032.9318,8244000,123295800,775497300,11352500600,4033.6292,4043.3082,4032.5171,4019.0053
93532000,4032.8568,7636600,118193500,783133900,11470694100,4033.6292,4043.3082,4032.5171,4019.0053
93537000,4032.9121,7040300,110802900,790174200,11581497000,4033.6292,4043.3082,4032.5171,4019.0053
93542000,4033.1662,7259500,107280500,797433700,11688777500,4033.6292,4043.3082,4032.5171,4019.0053
93547000,4034.1667,9279400,125756900,806713100,11814534400,4033.6292,4043.3082,4032.5171,4019.0053
93552000,4034.0305,6619700,83580000,813332800,11898114400,4033.6292,4043.3082,4032.5171,4019.0053
93557000,4033.8322,7256100,95052200,820588900,11993166600,4033.6292,4043.3082,4032.5171,4019.0053
93602000,4033.9244,6531200,105731300,827120100,12098897900,4033.6292,4043.3082,4032.5171,4019.0053
93607000,4034.497,6946800,86475200,834066900,12185373100,4033.6292,4043.3082,4032.5171,4019.0053
93612000,4034.0953,7911300,123024200,841978200,12308397300,4033.6292,4043.3082,4032.5171,4019.0053
93617000,4034.27,9243200,129948300,851221400,12438345600,4033.6292,4043.3082,4032.5171,4019.0053
93622000,4034.1066,5993500,83971600,857214900,12522317200,4033.6292,4043.3082,4032.5171,4019.0053
93627000,4033.7258,8167400,121912300,865382300,12644229500,4033.6292,4043.3082,4032.5171,4019.0053
93632000,4033.2269,8684100,122812200,874066400,12767041700,4033.6292,4043.3082,4032.5171,4019.0053
93637000,4032.8603,8070600,113863100,882137000,12880904800,4033.6292,4043.3082,4032.5171,4019.0053
93642000,4032.5494,7466800,120814400,889603800,13001719200,4033.6292,4043.3082,4032.3727,4019.0053
93647000,4032.9837,9044500,124873000,898648300,13126592200,4033.6292,4043.3082,4032.3727,4019.0053
93652000,4032.9705,5587000,82807800,904235300,13209400000,4033.6292,4043.3082,4032.3727,4019.0053
93657000,4033.0353,7578900,128308600,911814200,13337708600,4033.6292,4043.3082,4032.3727,4019.0053
93702000,4033.0835,9075000,130243600,920889200,13467952200,4033.6292,4043.3082,4032.3727,4019.0053
93707000,4033.483,7607500,104523500,928496700,13572475700,4033.6292,4043.3082,4032.3727,4019.0053
93712000,4034.2159,10497600,161109700,938994300,13733585400,4033.6292,4043.3082,4032.3727,4019.0053
93717000,4035.9196,11791700,171013800,950786000,13904599200,4033.6292,4043.3082,4032.3727,4019.0053
93722000,4036.8268,9219100,164141400,960005100,14068740600,4033.6292,4043.3082,4032.3727,4019.0053
93727000,4038.4315,14447600,188314700,974452700,14257055300,4033.6292,4043.3082,4032.3727,4019.0053
93732000,4039.5077,12752500,188499000,987205200,14445554300,4033.6292,4043.3082,4032.3727,4019.0053
93737000,4041.0417,9295300,131989700,996500500,14577544000,4033.6292,4043.3082,4032.3727,4019.0053
93742000,4041.7776,12337100,150926700,1008837600,14728470700,4033.6292,4043.3082,4032.3727,4019.0053
93747000,4043.199,12741300,173132300,1021578900,14901603000,4033.6292,4043.3082,4032.3727,4019.0053
93752000,4044.0002,9595400,136280900,1031174300,15037883900,4033.6292,4044.0002,4032.3727,4019.0053
93757000,4044.1628,10701100,149205300,1041875400,15187089200,4033.6292,4044.3375,4032.3727,4019.0053
93802000,4044.0559,11839200,169632500,1053714600,15356721700,4033.6292,4044.3375,4032.3727,4019.0053
93807000,4043.7265,11096900,142326900,1064811500,15499048600,4033.6292,4044.3375,4032.3727,4019.0053
93812000,4043.0383,9169900,145452300,1073981400,15644500900,4033.6292,4044.3375,4032.3727,4019.0053
93817000,4042.4075,13419000,180846000,1087400400,15825346900,4033.6292,4044.3375,4032.3727,4019.0053
93822000,4040.2932,10067800,154242700,1097468200,15979589600,4033.6292,4044.3375,4032.3727,4019.0053
93827000,4038.8525,12752400,190036100,1110220600,16169625700,4033.6292,4044.3375,4032.3727,4019.0053
93832000,4037.1769,13984000,198239900,1124204600,16367865600,4033.6292,4044.3375,4032.3727,4019.0053
93837000,4035.0548,10886800,157094900,1135091400,16524960500,4033.6292,4044.3375,4032.3727,4019.0053
93842000,4034.0574,13340000,192403300,1148431400,16717363800,4033.6292,4044.3375,4032.3727,4019.0053
93847000,4033.9504,18030100,230768300,1166461500,16948132100,4033.6292,4044.3375,4032.3727,4019.0053
93852000,4032.9121,8732100,115918600,1175193600,17064050700,4033.6292,4044.3375,4032.3727,4019.0053
93857000,4033.1154,12433900,164577600,1187627500,17228628300,4033.6292,4044.3375,4032.3727,4019.0053
93902000,4033.6811,8437400,137040000,1196064900,17365668300,4033.6292,4044.3375,4032.3727,4019.0053
93907000,4032.8884,5719600,89605000,1201784500,17455273300,4033.6292,4044.3375,4032.3727,4019.0053
93912000,4033.4158,7402300,119796900,1209186800,17575070200,4033.6292,4044.3375,4032.3727,4019.0053
93917000,4033.3056,8220400,137234200,1217407200,17712304400,4033.6292,4044.3375,4032.3727,4019.0053
93922000,4033.7546,6370000,83418400,1223777200,17795722800,4033.6292,4044.3375,4032.3727,4019.0053
93927000,4034.5009,9205200,124148700,1232982400,17919871500,4033.6292,4044.3375,4032.3727,4019.0053
93932000,4035.2186,7598300,112896900,1240580700,18032768400,4033.6292,4044.3375,4032.3727,4019.0053
93937000,4035.8759,6604900,93281600,1247185600,18126050000,4033.6292,4044.3375,4032.3727,4019.0053
93942000,4036.7105,9301700,121201100,1256487300,18247251100,4033.6292,4044.3375,4032.3727,4019.0053
93947000,4037.6379,10335600,131949200,1266822900,18379200300,4033.6292,4044.3375,4032.3727,4019.0053
93952000,4037.7367,8578300,119217600,1275401200,18498417900,4033.6292,4044.3375,4032.3727,4019.0053
93957000,4038.699,8225600,121886400,1283626800,18620304300,4033.6292,4044.3375,4032.3727,4019.0053
94002000,4038.0899,8893000,134419500,1292519800,18754723800,4033.6292,4044.3375,4032.3727,4019.0053
94007000,4037.8492,7949700,101278200,1300469500,18856002000,4033.6292,4044.3375,4032.3727,4019.0053
94012000,4037.5856,8313600,146163300,1308783100,19002165300,4033.6292,4044.3375,4032.3727,4019.0053
94017000,4036.0337,11291200,168065000,1320074300,19170230300,4033.6292,4044.3375,4032.3727,4019.0053
94022000,4034.8681,8377100,127203400,1328451400,19297433700,4033.6292,4044.3375,4032.3727,4019.0053
94027000,4033.8893,10327700,186206200,1338779100,19483639900,4033.6292,4044.3375,4032.3727,4019.0053
94032000,4033.3201,9772000,168123100,1348551100,19651763000,4033.6292,4044.3375,4032.3727,4019.0053
94037000,4032.9687,8360900,148689100,1356912000,19800452100,4033.6292,4044.3375,4032.3727,4019.0053
94042000,4032.58,7673300,136017500,1364585300,19936469600,4033.6292,4044.3375,4032.3727,4019.0053
94047000,4031.8106,11952700,173382800,1376538000,20109852400,4033.6292,4044.3375,4031.8106,4019.0053
94052000,4032.1473,6375800,101065200,1382913800,20210917600,4033.6292,4044.3375,4031.8106,4019.0053
94057000,4032.0069,8342600,118892800,1391256400,20329810400,4033.6292,4044.3375,4031.8106,4019.0053
94102000,4031.226,7775500,120780700,1399031900,20450591100,4033.6292,4044.3375,4031.226,4019.0053
94107000,4031.5885,6006100,77458600,1405038000,20528049700,4033.6292,4044.3375,4031.226,4019.0053
94112000,4031.7548,7818000,120026300,1412856000,20648076000,4033.6292,4044.3375,4031.226,4019.0053
94117000,4031.5077,7897700,117625800,1420753700,20765701800,4033.6292,4044.3375,4031.226,4019.0053
94122000,4031.528,4980000,79735600,1425733700,20845437400,4033.6292,4044.3375,4031.226,4019.0053
94127000,4031.7562,6115900,98461900,1431849600,20943899300,4033.6292,4044.3375,4031.226,4019.0053
94132000,4031.8622,7113800,117029800,1438963400,21060929100,4033.6292,4044.3375,4031.226,4019.0053
94137000,4033.0065,6485400,88013600,1445448800,21148942700,4033.6292,4044.3375,4031.226,4019.0053
94142000,4032.6292,6718500,100818900,1452167300,21249761600,4033.6292,4044.3375,4031.226,4019.0053
94147000,4033.3464,7008000,100681500,1459175300,21350443100,4033.6292,4044.3375,4031.226,4019.0053
94152000,4033.0805,4933300,74172800,1464108600,21424615900,4033.6292,4044.3375,4031.226,4019.0053
94157000,4032.533,6714000,91124800,1470822600,21515740700,4033.6292,4044.3375,4031.226,4019.0053
94202000,4032.2857,7980500,105788400,1478803100,21621529100,4033.6292,4044.3375,4031.226,4019.0053
94207000,4031.848,7213400,85250200,1486016500,21706779300,4033.6292,4044.3375,4031.226,4019.0053
94212000,4031.4218,6249300,100733200,1492265800,21807512500,4033.6292,4044.3375,4031.226,4019.0053
94217000,4030.6894,8051800,128113000,1500317600,21935625500,4033.6292,4044.3375,4030.6894,4019.0053
94222000,4030.2498,5810700,83177400,1506128300,22018802900,4033.6292,4044.3375,4030.2498,4019.0053
94227000,4030.1826,8533400,100694600,1514661700,22119497500,4033.6292,4044.3375,4030.1694,4019.0053
94232000,4030.0225,7841800,98230300,1522503500,22217727800,4033.6292,4044.3375,4030.0225,4019.0053
94237000,4030.0175,6082400,74332200,1528585900,22292060000,4033.6292,4044.3375,4030.0175,4019.0053
94242000,4029.9052,6015000,81119100,1534600900,22373179100,4033.6292,4044.3375,4029.7773,4019.0053
94247000,4029.8346,7309600,106358100,1541910500,22479537200,4033.6292,4044.3375,4029.7773,4019.0053
94252000,4029.1187,4996700,75919900,1546907200,22555457100,4033.6292,4044.3375,4029.1187,4019.0053
94257000,4029.1819,7570400,135229500,1554477600,22690686600,4033.6292,4044.3375,4029.1187,4019.0053
94302000,4028.2306,8618500,140563800,1563096100,22831250400,4033.6292,4044.3375,4028.2306,4019.0053
94307000,4027.8744,4986400,76835900,1568082500,22908086300,4033.6292,4044.3375,4027.8744,4019.0053
94312000,4026.963,8033900,120828600,1576116400,23028914900,4033.6292,4044.3375,4026.8344,4019.0053
94317000,4026.5192,9503400,126711900,1585619800,23155626800,4033.6292,4044.3375,4026.5192,4019.0053
94322000,4026.0177,5347400,76380000,1590967200,23232006800,4033.6292,4044.3375,4026.0177,4019.0053
94327000,4025.8233,6920100,114696500,1597887300,23346703300,4033.6292,4044.3375,4025.734,4019.0053
94332000,4025.2355,7187900,121893800,1605075200,23468597100,4033.6292,4044.3375,4025.2355,4019.0053
94337000,4025.0748,6454000,81538300,1611529200,23550135400,4033.6292,4044.3375,4025.0748,4019.0053
94342000,4024.9747,10021100,122548700,1621550300,23672684100,4033.6292,4044.3375,4024.9747,4019.0053
94347000,4025.2705,8738000,120896000,1630288300,23793580100,4033.6292,4044.3375,4024.9747,4019.0053
94352000,4024.7363,4869400,71577500,1635157700,23865157600,4033.6292,4044.3375,4024.7363,4019.0053
94357000,4023.9638,8321000,113144300,1643478700,23978301900,4033.6292,4044.3375,4023.8742,4019.0053
94402000,4023.6134,8702000,118245900,1652180700,24096547800,4033.6292,4044.3375,4023.6134,4019.0053
94407000,4023.0802,6646100,87606000,1658826800,24184153800,4033.6292,4044.3375,4023.0802,4019.0053
94412000,4022.2969,8569900,114313100,1667396700,24298466900,4033.6292,4044.3375,4022.2449,4019.0053
94417000,4022.0062,9778800,135873600,1677175500,24434340500,4033.6292,4044.3375,4021.9256,4019.0053
94422000,4021.4976,5778500,79467400,1682954000,24513807900,4033.6292,4044.3375,4021.3845,4019.0053
94427000,4021.068,10405300,134200700,1693359300,24648008600,4033.6292,4044.3375,4021.0603,4019.0053
94432000,4021.0462,10212600,125995200,1703571900,24774003800,4033.6292,4044.3375,4020.8559,4019.0053
94437000,4021.0176,7592700,79319200,1711164600,24853323000,4033.6292,4044.3375,4020.8559,4019.0053
94442000,4020.9884,8987300,107921800,1720151900,24961244800,4033.6292,4044.3375,4020.8559,4019.0053
94447000,4021.2271,13858000,142225900,1734009900,25103470700,4033.6292,4044.3375,4020.8559,4019.0053
94452000,4020.729,8916100,89206700,1742926000,25192677400,4033.6292,4044.3375,4020.729,4019.0053
94457000,4021.0498,18577300,136745200,1761503300,25329422600,4033.6292,4044.3375,4020.729,4019.0053
94502000,4021.5349,13810500,168410500,1775313800,25497833100,4033.6292,4044.3375,4020.729,4019.0053
94507000,4022.3591,9577300,114232200,1784891100,25612065300,4033.6292,4044.3375,4020.729,4019.0053
94512000,4023.016,15295400,150908700,1800186500,25762974000,4033.6292,4044.3375,4020.729,4019.0053
94517000,4023.4027,13412100,173316500,1813598600,25936290500,4033.6292,4044.3375,4020.729,4019.0053
94522000,4024.4784,8531500,104519000,1822130100,26040809500,4033.6292,4044.3375,4020.729,4019.0053
94527000,4026.2971,11115000,155346400,1833245100,26196155900,4033.6292,4044.3375,4020.729,4019.0053
94532000,4026.6827,11177100,173182300,1844422200,26369338200,4033.6292,4044.3375,4020.729,4019.0053
94537000,4027.1138,7288100,100659700,1851710300,26469997900,4033.6292,4044.3375,4020.729,4019.0053
94542000,4027.0906,9829800,118434000,1861540100,26588431900,4033.6292,4044.3375,4020.729,4019.0053
94547000,4028.0374,8321100,117991000,1869861200,26706422900,4033.6292,4044.3375,4020.729,4019.0053
94552000,4027.947,5236900,74313500,1875098100,26780736400,4033.6292,4044.3375,4020.729,4019.0053
94557000,4028.7022,6784500,87378800,1881882600,26868115200,4033.6292,4044.3375,4020.729,4019.0053
94602000,4028.5961,5586200,83193500,1887468800,26951308700,4033.6292,4044.3375,4020.729,4019.0053
94607000,4028.3648,5223800,74354500,1892692600,27025663200,4033.6292,4044.3375,4020.729,4019.0053
94612000,4027.9455,6396100,82527400,1899088700,27108190600,4033.6292,4044.3375,4020.729,4019.0053
94617000,4027.8296,8147000,106099500,1907235700,27214290100,4033.6292,4044.3375,4020.729,4019.0053
94622000,4027.8275,6454200,81052900,1913689900,27295343000,4033.6292,4044.3375,4020.729,4019.0053
94627000,4026.6887,6641500,87379800,1920331400,27382722800,4033.6292,4044.3375,4020.729,4019.0053
94632000,4026.4114,9300400,112015000,1929631800,27494737800,4033.6292,4044.3375,4020.729,4019.0053
94637000,4025.8892,5528000,59707100,1935159800,27554444900,4033.6292,4044.3375,4020.729,4019.0053
94642000,4025.8515,7000900,89071700,1942160700,27643516600,4033.6292,4044.3375,4020.729,4019.0053
94647000,4025.6401,9299200,103869400,1951459900,27747386000,4033.6292,4044.3375,4020.729,4019.0053
94652000,4025.494,5476600,81562100,1956936500,27828948100,4033.6292,4044.3375,4020.729,4019.0053
94657000,4025.8012,5755200,76330300,1962691700,27905278400,4033.6292,4044.3375,4020.729,4019.0053
94702000,4025.7081,6267500,87763600,1968959200,27993042000,4033.6292,4044.3375,4020.729,4019.0053
94707000,4024.9148,5219300,65176900,1974178500,28058218900,4033.6292,4044.3375,4020.729,4019.0053
94712000,4024.9637,7393000,86437800,1981571500,28144656700,4033.6292,4044.3375,4020.729,4019.0053
94717000,4024.6632,6942000,89759700,1988513500,28234416400,4033.6292,4044.3375,4020.729,4019.0053
94722000,4024.9273,5297600,60853100,1993811100,28295269500,4033.6292,4044.3375,4020.729,4019.0053
94727000,4024.9053,5177500,67798900,1998988600,28363068400,4033.6292,4044.3375,4020.729,4019.0053
94732000,4025.0922,5826900,84660600,2004815500,28447729000,4033.6292,4044.3375,4020.729,4019.0053
94737000,4024.9565,6039500,64765500,2010855000,28512494500,4033.6292,4044.3375,4020.729,4019.0053
94742000,4024.7725,7786200,93305300,2018641200,28605799800,4033.6292,4044.3375,4020.729,4019.0053
94747000,4025.2622,8041300,99496400,2026682500,28705296200,4033.6292,4044.3375,4020.729,4019.0053
94752000,4025.3223,5437600,67854800,2032120100,28773151000,4033.6292,4044.3375,4020.729,4019.0053
94757000,4025.1577,6409600,91088600,2038529700,28864239600,4033.6292,4044.3375,4020.729,4019.0053
94802000,4024.7014,9164700,99952400,2047694400,28964192000,4033.6292,4044.3375,4020.729,4019.0053
94807000,4024.2101,5151900,63743000,2052846300,29027935000,4033.6292,4044.3375,4020.729,4019.0053
94812000,4024.0354,7819000,103400000,2060665300,29131335000,4033.6292,4044.3375,4020.729,4019.0053
94817000,4023.5642,10015400,116110900,2070680700,29247445900,4033.6292,4044.3375,4020.729,4019.0053
94822000,4023.6363,4448500,70410700,2075129200,29317856600,4033.6292,4044.3375,4020.729,4019.0053
94827000,4023.2883,6692900,90460700,2081822100,29408317300,4033.6292,4044.3375,4020.729,4019.0053
94832000,4023.1621,5885300,86257600,2087707400,29494574900,4033.6292,4044.3375,4020.729,4019.0053
94837000,4022.9802,4782800,63678500,2092490200,29558253400,4033.6292,4044.3375,4020.729,4019.0053
94842000,4023.0595,6257700,77334200,2098747900,29635587600,4033.6292,4044.3375,4020.729,4019.0053
94847000,4023.0319,7198600,94742900,2105946500,29730330500,4033.6292,4044.3375,4020.729,4019.0053
94852000,4022.7744,4315400,66936700,2110261900,29797267200,4033.6292,4044.3375,4020.729,4019.0053
94857000,4022.5485,7366800,91772600,2117628700,29889039800,4033.6292,4044.3375,4020.729,4019.0053
94902000,4022.4494,7710300,96785200,2125339000,29985825000,4033.6292,4044.3375,4020.729,4019.0053
94907000,4022.276,4648800,65478300,2129987800,30051303300,4033.6292,4044.3375,4020.729,4019.0053
94912000,4023.3632,8757100,120178800,2138744900,30171482100,4033.6292,4044.3375,4020.729,4019.0053
94917000,4022.9307,9622600,134376300,2148367500,30305858400,4033.6292,4044.3375,4020.729,4019.0053
94922000,4023.9252,8123200,99115300,2156490700,30404973700,4033.6292,4044.3375,4020.729,4019.0053
94927000,4023.8483,7811100,105897000,2164301800,30510870700,4033.6292,4044.3375,4020.729,4019.0053
94932000,4024.3678,8590100,120994600,2172891900,30631865300,4033.6292,4044.3375,4020.729,4019.0053
94937000,4024.4746,4867600,76626100,2177759500,30708491400,4033.6292,4044.3375,4020.729,4019.0053
94942000,4024.7466,6203800,86723100,2183963300,30795214500,4033.6292,4044.3375,4020.729,4019.0053
94947000,4025.3993,5740400,97849200,2189703700,30893063700,4033.6292,4044.3375,4020.729,4019.0053
94952000,4025.5879,4136400,60827000,2193840100,30953890700,4033.6292,4044.3375,4020.729,4019.0053
94957000,4026.4773,6673600,99992800,2200513700,31053883500,4033.6292,4044.3375,4020.729,4019.0053
95002000,4026.4544,6424800,95935600,2206938500,31149819100,4033.6292,4044.3375,4020.729,4019.0053
95007000,4026.5013,4633200,67366000,2211571700,31217185100,4033.6292,4044.3375,4020.729,4019.0053
95012000,4025.9709,5528500,79107700,2217100200,31296292800,4033.6292,4044.3375,4020.729,4019.0053
95017000,4026.0818,6246300,91314900,2223346500,31387607700,4033.6292,4044.3375,4020.729,4019.0053
95022000,4026.5015,3709400,55762500,2227055900,31443370200,4033.6292,4044.3375,4020.729,4019.0053
95027000,4026.0253,6486900,82682400,2233542800,31526052600,4033.6292,4044.3375,4020.729,4019.0053
95032000,4026.0362,6009700,91067900,2239552500,31617120500,4033.6292,4044.3375,4020.729,4019.0053
95037000,4026.4004,4332900,55211400,2243885400,31672331900,4033.6292,4044.3375,4020.729,4019.0053
95042000,4025.8469,5803300,83468400,2249688700,31755800300,4033.6292,4044.3375,4020.729,4019.0053
95047000,4026.4076,6139500,85721700,2255828200,31841522000,4033.6292,4044.3375,4020.729,4019.0053
95052000,4026.4024,5109600,76837600,2260937800,31918359600,4033.6292,4044.3375,4020.729,4019.0053
95057000,4026.6848,6474900,98607500,2267412700,32016967100,4033.6292,4044.3375,4020.729,4019.0053
95102000,4026.3399,6848300,102702800,2274261000,32119669900,4033.6292,4044.3375,4020.729,4019.0053
95107000,4026.0515,4209400,57227300,2278470400,32176897200,4033.6292,4044.3375,4020.729,4019.0053
95112000,4026.2361,6039500,83291300,2284509900,32260188500,4033.6292,4044.3375,4020.729,4019.0053
95117000,4026.5824,6424600,88045400,2290934500,32348233900,4033.6292,4044.3375,4020.729,4019.0053
95122000,4025.9098,4067400,59417400,2295001900,32407651300,4033.6292,4044.3375,4020.729,4019.0053
95127000,4025.0235,9767700,110652800,2304769600,32518304100,4033.6292,4044.3375,4020.729,4019.0053
95132000,4024.9477,9064800,120610400,2313834400,32638914500,4033.6292,4044.3375,4020.729,4019.0053
95137000,4024.4969,5419700,73128600,2319254100,32712043100,4033.6292,4044.3375,4020.729,4019.0053
95142000,4023.6186,8496700,127758000,2327750800,32839801100,4033.6292,4044.3375,4020.729,4019.0053
95147000,4023.6607,12203200,145980200,2339954000,32985781300,4033.6292,4044.3375,4020.729,4019.0053
95152000,4023.2603,8186300,103332100,2348140300,33089113400,4033.6292,4044.3375,4020.729,4019.0053
95157000,4022.983,10261900,142687300,2358402200,33231800700,4033.6292,4044.3375,4020.729,4019.0053
95202000,4021.1235,10595200,154108000,2368997400,33385908700,4033.6292,4044.3375,4020.729,4019.0053
95207000,4020.926,7552100,90410200,2376549500,33476318900,4033.6292,4044.3375,4020.729,4019.0053
95212000,4020.5692,9095700,131171600,2385645200,33607490500,4033.6292,4044.3375,4020.4455,4019.0053
95217000,4020.3989,7835600,108765600,2393480800,33716256100,4033.6292,4044.3375,4020.1297,4019.0053
95222000,4020.0204,8106500,98990600,2401587300,33815246700,4033.6292,4044.3375,4020.0204,4019.0053
95227000,4019.3365,9269400,132201900,2410856700,33947448600,4033.6292,4044.3375,4019.3365,4019.0053
95232000,4018.8327,10053300,126783100,2420910000,34074231700,4033.6292,4044.3375,4018.8327,4019.0053
95237000,4018.0576,7505200,98354700,2428415200,34172586400,4033.6292,4044.3375,4018.0576,4019.0053
95242000,4018.369,11643900,140226500,2440059100,34312812900,4033.6292,4044.3375,4018.0576,4019.0053
95247000,4018.0287,9623100,129969900,2449682200,34442782800,4033.6292,4044.3375,4018.0287,4019.0053
95252000,4018.2696,7101700,96311000,2456783900,34539093800,4033.6292,4044.3375,4018.0287,4019.0053
95257000,4017.7465,9157500,130911100,2465941400,34670004900,4033.6292,4044.3375,4017.7465,4019.0053
95302000,4017.2746,9835800,126599000,2475777200,34796603900,4033.6292,4044.3375,4017.2746,4019.0053
95307000,4016.739,5603600,77044800,2481380800,34873648700,4033.6292,4044.3375,4016.6016,4019.0053
95312000,4016.5388,10079700,120097300,2491460500,34993746000,4033.6292,4044.3375,4016.538,4019.0053
95317000,4016.3521,10774700,154442000,2502235200,35148188000,4033.6292,4044.3375,4016.3521,4019.0053
95322000,4016.0995,7994500,108399500,2510229700,35256587500,4033.6292,4044.3375,4016.0995,4019.0053
95327000,4015.8233,10037700,127998200,2520267400,35384585700,4033.6292,4044.3375,4015.8233,4019.0053
95332000,4015.8934,9132900,156465800,2529400300,35541051500,4033.6292,4044.3375,4015.8177,4019.0053
95337000,4016.5013,6022300,68376300,2535422600,35609427800,4033.6292,4044.3375,4015.8177,4019.0053
95342000,4015.5619,8469700,124264000,2543892300,35733691800,4033.6292,4044.3375,4015.5619,4019.0053
95347000,4016.3354,9258100,117946700,2553150400,35851638500,4033.6292,4044.3375,4015.5619,4019.0053
95352000,4017.0748,7977000,90035500,2561127400,35941674000,4033.6292,4044.3375,4015.5619,4019.0053
95357000,4016.8453,10033900,110325100,2571161300,36051999100,4033.6292,4044.3375,4015.5619,4019.0053
95402000,4015.8534,11933800,118367600,2583095100,36170366700,4033.6292,4044.3375,4015.5619,4019.0053
95407000,4015.7429,6271700,78876600,2589366800,36249243300,4033.6292,4044.3375,4015.5619,4019.0053
95412000,4015.7707,8223500,103748700,2597590300,36352992000,4033.6292,4044.3375,4015.5619,4019.0053
95417000,4016.2361,11386800,137381100,2608977100,36490373100,4033.6292,4044.3375,4015.4483,4019.0053
95422000,4016.8771,6130700,86484100,2615107800,36576857200,4033.6292,4044.3375,4015.4483,4019.0053
95427000,4016.9439,9976400,136233400,2625084200,36713090600,4033.6292,4044.3375,4015.4483,4019.0053
95432000,4017.9742,9528900,130491800,2634613100,36843582400,4033.6292,4044.3375,4015.4483,4019.0053
95437000,4018.1472,6708400,92271000,2641321500,36935853400,4033.6292,4044.3375,4015.4483,4019.0053
95442000,4019.6262,12675200,144338300,2653996700,37080191700,4033.6292,4044.3375,4015.4483,4019.0053
95447000,4020.9189,17283700,173049400,2671280400,37253241100,4033.6292,4044.3375,4015.4483,4019.0053
95452000,4021.7955,9360700,95047500,2680641100,37348288600,4033.6292,4044.3375,4015.4483,4019.0053
95457000,4021.2311,11702200,122473800,2692343300,37470762400,4033.6292,4044.3375,4015.4483,4019.0053
95502000,4022.6569,10490000,127309300,2702833300,37598071700,4033.6292,4044.3375,4015.4483,4019.0053
95507000,4022.7573,6885700,86889100,2709719000,37684960800,4033.6292,4044.3375,4015.4483,4019.0053
95512000,4022.6745,9755700,125297200,2719474700,37810258000,4033.6292,4044.3375,4015.4483,4019.0053
95517000,4023.0315,11161400,149341400,2730636100,37959599400,4033.6292,4044.3375,4015.4483,4019.0053
95522000,4023.8388,4408700,62434700,2735044800,38022034100,4033.6292,4044.3375,4015.4483,4019.0053
95527000,4024.2326,10012100,129577200,2745056900,38151611300,4033.6292,4044.3375,4015.4483,4019.0053
95532000,4024.6606,8817200,111821400,2753874100,38263432700,4033.6292,4044.3375,4015.4483,4019.0053
95537000,4024.7336,5388000,71441400,2759262100,38334874100,4033.6292,4044.3375,4015.4483,4019.0053
95542000,4025.2663,6278100,78509300,2765540200,38413383400,4033.6292,4044.3375,4015.4483,4019.0053
95547000,4026.3079,8430200,107217200,2773970400,38520600600,4033.6292,4044.3375,4015.4483,4019.0053
95552000,4026.1567,4334900,62080700,2778305300,38582681300,4033.6292,4044.3375,4015.4483,4019.0053
95557000,4026.1715,6442300,91275600,2784747600,38673956900,4033.6292,4044.3375,4015.4483,4019.0053
95602000,4026.5042,5848500,85185800,2790596100,38759142700,4033.6292,4044.3375,4015.4483,4019.0053
95607000,4026.3605,4842100,62309800,2795438200,38821452500,4033.6292,4044.3375,4015.4483,4019.0053
95612000,4026.6159,7142700,82582800,2802580900,38904035300,4033.6292,4044.3375,4015.4483,4019.0053
95617000,4026.7915,7316000,108451700,2809896900,39012487000,4033.6292,4044.3375,4015.4483,4019.0053
95622000,4026.8571,4604100,60402500,2814501000,39072889500,4033.6292,4044.3375,4015.4483,4019.0053
95627000,4026.6553,8385400,94141000,2822886400,39167030500,4033.6292,4044.3375,4015.4483,4019.0053
95632000,4027.1354,7261500,94706700,2830147900,39261737200,4033.6292,4044.3375,4015.4483,4019.0053
95637000,4026.8031,3980200,55466600,2834128100,39317203800,4033.6292,4044.3375,4015.4483,4019.0053
95642000,4026.6977,5288700,76213700,2839416800,39393417500,4033.6292,4044.3375,4015.4483,4019.0053
95647000,4027.4564,6618100,85769900,2846034900,39479187400,4033.6292,4044.3375,4015.4483,4019.0053
95652000,4027.0489,3258900,50928300,2849293800,39530115700,4033.6292,4044.3375,4015.4483,4019.0053
95657000,4027.5121,5447600,78065300,2854741400,39608181000,4033.6292,4044.3375,4015.4483,4019.0053
95702000,4027.1229,5803700,76978300,2860545100,39685159300,4033.6292,4044.3375,4015.4483,4019.0053
95707000,4026.8603,4729300,57284400,2865274400,39742443700,4033.6292,4044.3375,4015.4483,4019.0053
95712000,4027.3256,6555400,89877700,2871829800,39832321400,4033.6292,4044.3375,4015.4483,4019.0053
95717000,4027.4027,5137700,74175900,2876967500,39906497300,4033.6292,4044.3375,4015.4483,4019.0053
95722000,4027.5941,4266700,51043000,2881234200,39957540300,4033.6292,4044.3375,4015.4483,4019.0053
95727000,4027.7876,5576600,70989700,2886810800,40028530000,4033.6292,4044.3375,4015.4483,4019.0053
95732000,4028.4246,6540300,81711500,2893351100,40110241500,4033.6292,4044.3375,4015.4483,4019.0053
95737000,4027.9125,3434400,47544600,2896785500,40157786100,4033.6292,4044.3375,4015.4483,4019.0053
95742000,4028.0043,5639100,77296900,2902424600,40235083000,4033.6292,4044.3375,4015.4483,4019.0053
95747000,4028.427,5395600,77731200,2907820200,40312814200,4033.6292,4044.3375,4015.4483,4019.0053
95752000,4028.0641,2964400,54330600,2910784600,40367144800,4033.6292,4044.3375,4015.4483,4019.0053
95757000,4028.0264,5784700,73370600,2916569300,40440515400,4033.6292,4044.3375,4015.4483,4019.0053
95802000,4028.1515,5985500,92521400,2922554800,40533036800,4033.6292,4044.3375,4015.4483,4019.0053
95807000,4028.0371,3895700,52481200,2926450500,40585518000,4033.6292,4044.3375,4015.4483,4019.0053
95812000,4027.7389,5208100,66771100,2931658600,40652289100,4033.6292,4044.3375,4015.4483,4019.0053
95817000,4028.0824,5499900,80925800,2937158500,40733214900,4033.6292,4044.3375,4015.4483,4019.0053
95822000,4028.0256,4056000,65506200,2941214500,40798721100,4033.6292,4044.3375,4015.4483,4019.0053
95827000,4028.3582,6859800,88911700,2948074300,40887632800,4033.6292,4044.3375,4015.4483,4019.0053
95832000,4028.4018,6198400,80467500,2954272700,40968100300,4033.6292,4044.3375,4015.4483,4019.0053
95837000,4028.1634,2601200,47678000,2956873900,41015778300,4033.6292,4044.3375,4015.4483,4019.0053
95842000,4028.2191,5974100,79042900,2962848000,41094821200,4033.6292,4044.3375,4015.4483,4019.0053
95847000,4028.5008,6236200,95341200,2969084200,41190162400,4033.6292,4044.3375,4015.4483,4019.0053
95852000,4028.0613,3910100,60299800,2972994300,41250462200,4033.6292,4044.3375,4015.4483,4019.0053
95857000,4028.0739,5872100,84966500,2978866400,41335428700,4033.6292,4044.3375,4015.4483,4019.0053
95902000,4028.1735,7669700,109002300,2986536100,41444431000,4033.6292,4044.3375,4015.4483,4019.0053
95907000,4027.9129,3619600,51825400,2990155700,41496256400,4033.6292,4044.3375,4015.4483,4019.0053
95912000,4027.8602,5709200,75887200,2995864900,41572143600,4033.6292,4044.3375,4015.4483,4019.0053
95917000,4027.7029,5457200,81523300,3001322100,41653666900,4033.6292,4044.3375,4015.4483,4019.0053
95922000,4026.5826,4703900,71181600,3006026000,41724848500,4033.6292,4044.3375,4015.4483,4019.0053
95927000,4026.3582,6494800,83434300,3012520800,41808282800,4033.6292,4044.3375,4015.4483,4019.0053
95932000,4025.594,8768600,119671000,3021289400,41927953800,4033.6292,4044.3375,4015.4483,4019.0053
95937000,4023.3247,5965800,77919000,3027255200,42005872800,4033.6292,4044.3375,4015.4483,4019.0053
95942000,4023.3371,7368400,103155700,3034623600,42109028500,4033.6292,4044.3375,4015.4483,4019.0053
95947000,4023.4821,7411400,97121800,3042035000,42206150300,4033.6292,4044.3375,4015.4483,4019.0053
95952000,4023.5329,4311900,56469100,3046346900,42262619400,4033.6292,4044.3375,4015.4483,4019.0053
95957000,4022.4002,6932700,79946900,3053279600,42342566300,4033.6292,4044.3375,4015.4483,4019.0053
100002000,4022.0652,7071700,85714900,3060351300,42428281200,4033.6292,4044.3375,4015.4483,4019.0053
100007000,4022.1275,4549100,56141000,3064900400,42484422200,4033.6292,4044.3375,4015.4483,4019.0053
100012000,4022.7303,5510900,70230600,3070411300,42554652800,4033.6292,4044.3375,4015.4483,4019.0053
100017000,4022.2585,5855200,78523000,3076266500,42633175800,4033.6292,4044.3375,4015.4483,4019.0053
100022000,4022.388,3967100,60946800,3080233600,42694122600,4033.6292,4044.3375,4015.4483,4019.0053
100027000,4022.2491,4772200,63022100,3085005800,42757144700,4033.6292,4044.3375,4015.4483,4019.0053
100032000,4022.3116,4364800,74394100,3089370600,42831538800,4033.6292,4044.3375,4015.4483,4019.0053
100037000,4021.9156,3514900,48957000,3092885500,42880495800,4033.6292,4044.3375,4015.4483,4019.0053
100042000,4022.3502,5921500,83684400,3098807000,42964180200,4033.6292,4044.3375,4015.4483,4019.0053
100047000,4023.0988,4933400,68411300,3103740400,43032591500,4033.6292,4044.3375,4015.4483,4019.0053
100052000,4023.1079,5326300,52978700,3109066700,43085570200,4033.6292,4044.3375,4015.4483,4019.0053
100057000,4023.0914,4864600,70157600,3113931300,43155727800,4033.6292,4044.3375,4015.4483,4019.0053
100102000,4023.0122,4750900,69455800,3118682200,43225183600,4033.6292,4044.3375,4015.4483,4019.0053
100107000,4023.1867,4049900,55603700,3122732100,43280787300,4033.6292,4044.3375,4015.4483,4019.0053
100112000,4023.5478,4985600,61365600,3127717700,43342152900,4033.6292,4044.3375,4015.4483,4019.0053
100117000,4023.2848,5840600,73848100,3133558300,43416001000,4033.6292,4044.3375,4015.4483,4019.0053
100122000,4023.3808,3577200,44987200,3137135500,43460988200,4033.6292,4044.3375,4015.4483,4019.0053
100127000,4022.2862,5710900,76898300,3142846400,43537886500,4033.6292,4044.3375,4015.4483,4019.0053
100132000,4022.9058,5742900,65512400,3148589300,43603398900,4033.6292,4044.3375,4015.4483,4019.0053
100137000,4022.4592,4403400,45127300,3152992700,43648526200,4033.6292,4044.3375,4015.4483,4019.0053
100142000,4022.4636,5841300,59536100,3158834000,43708062300,4033.6292,4044.3375,4015.4483,4019.0053
100147000,4022.8113,6615400,80032400,3165449400,43788094700,4033.6292,4044.3375,4015.4483,4019.0053
100152000,4022.253,2844100,44501900,3168293500,43832596600,4033.6292,4044.3375,4015.4483,4019.0053
100157000,4022.5899,5978700,71634200,3174272200,43904230800,4033.6292,4044.3375,4015.4483,4019.0053
100202000,4022.3177,6294900,80784700,3180567100,43985015500,4033.6292,4044.3375,4015.4483,4019.0053
100207000,4022.4562,2719300,41454900,3183286400,44026470400,4033.6292,4044.3375,4015.4483,4019.0053
100212000,4023.2587,5233600,61395200,3188520000,44087865600,4033.6292,4044.3375,4015.4483,4019.0053
100217000,4022.6148,4410700,63549700,3192930700,44151415300,4033.6292,4044.3375,4015.4483,4019.0053
100222000,4022.2516,3165300,40939300,3196096000,44192354600,4033.6292,4044.3375,4015.4483,4019.0053
100227000,4022.2855,3816800,54673100,3199912800,44247027700,4033.6292,4044.3375,4015.4483,4019.0053
100232000,4022.5867,4630500,61081000,3204543300,44308108700,4033.6292,4044.3375,4015.4483,4019.0053
100237000,4022.1697,2684100,39742400,3207227400,44347851100,4033.6292,4044.3375,4015.4483,4019.0053
100242000,4022.2056,5170500,65028600,3212397900,44412879700,4033.6292,4044.3375,4015.4483,4019.0053
100247000,4022.5353,5102800,74690300,3217500700,44487570000,4033.6292,4044.3375,4015.4483,4019.0053
100252000,4022.5059,5496900,56115300,3222997600,44543685300,4033.6292,4044.3375,4015.4483,4019.0053
100257000,4022.1619,3497600,50002100,3226495200,44593687400,4033.6292,4044.3375,4015.4483,4019.0053
100302000,4023.0591,4751700,65605500,3231246900,44659292900,4033.6292,4044.3375,4015.4483,4019.0053
100307000,4022.7277,4127400,46812300,3235374300,44706105200,4033.6292,4044.3375,4015.4483,4019.0053
100312000,4023.0573,6733500,72013200,3242107800,44778118400,4033.6292,4044.3375,4015.4483,4019.0053
100317000,4023.3572,6731200,67899800,3248839000,44846018200,4033.6292,4044.3375,4015.4483,4019.0053
100322000,4022.3049,3587300,42792700,3252426300,44888810900,4033.6292,4044.3375,4015.4483,4019.0053
100327000,4022.6412,5600200,71040100,3258026500,44959851000,4033.6292,4044.3375,4015.4483,4019.0053
100332000,4023.1295,6232500,84564400,3264259000,45044415400,4033.6292,4044.3375,4015.4483,4019.0053
100337000,4022.8194,5972700,46236300,3270231700,45090651700,4033.6292,4044.3375,4015.4483,4019.0053
100342000,4022.8251,3792200,56446000,3274023900,45147097700,4033.6292,4044.3375,4015.4483,4019.0053
100347000,4023.2148,4630800,51714600,3278654700,45198812300,4033.6292,4044.3375,4015.4483,4019.0053
100352000,4023.3895,3836400,44753200,3282491100,45243565500,4033.6292,4044.3375,4015.4483,4019.0053
100357000,4023.4382,6174800,81226500,3288665900,45324792000,4033.6292,4044.3375,4015.4483,4019.0053
100402000,4023.8835,6126300,81536800,3294792200,45406328800,4033.6292,4044.3375,4015.4483,4019.0053
100407000,4024.7311,4222300,58609800,3299014500,45464938600,4033.6292,4044.3375,4015.4483,4019.0053
100412000,4025.5764,5313500,78924600,3304328000,45543863200,4033.6292,4044.3375,4015.4483,4019.0053
100417000,4026.2544,8759800,112623400,3313087800,45656486600,4033.6292,4044.3375,4015.4483,4019.0053
100422000,4026.2842,5457100,68490300,3318544900,45724976900,4033.6292,4044.3375,4015.4483,4019.0053
100427000,4027.8082,7351700,105230900,3325896600,45830207800,4033.6292,4044.3375,4015.4483,4019.0053
100432000,4028.4845,7348200,100393900,3333244800,45930601700,4033.6292,4044.3375,4015.4483,4019.0053
100437000,4028.3514,5168800,72937400,3338413600,46003539100,4033.6292,4044.3375,4015.4483,4019.0053
100442000,4028.9656,5700300,85507700,3344113900,46089046800,4033.6292,4044.3375,4015.4483,4019.0053
100447000,4029.8593,6943200,99702200,3351057100,46188749000,4033.6292,4044.3375,4015.4483,4019.0053
100452000,4030.4788,4022000,59744600,3355079100,46248493600,4033.6292,4044.3375,4015.4483,4019.0053
100457000,4030.7823,9041900,116027600,3364121000,46364521200,4033.6292,4044.3375,4015.4483,4019.0053
100502000,4031.3287,7623300,102729300,3371744300,46467250500,4033.6292,4044.3375,4015.4483,4019.0053
100507000,4032.0073,6892900,87701100,3378637200,46554951600,4033.6292,4044.3375,4015.4483,4019.0053
100512000,4032.221,6263400,91748500,3384900600,46646700100,4033.6292,4044.3375,4015.4483,4019.0053
100517000,4032.2062,6332600,91524300,3391233200,46738224400,4033.6292,4044.3375,4015.4483,4019.0053
100522000,4031.6615,5407800,72208200,3396641000,46810432600,4033.6292,4044.3375,4015.4483,4019.0053
100527000,4032.0398,6052800,78015100,3402693800,46888447700,4033.6292,4044.3375,4015.4483,4019.0053
100532000,4032.6956,6214000,86671800,3408907800,46975119500,4033.6292,4044.3375,4015.4483,4019.0053
100537000,4032.6364,5088600,67092700,3413996400,47042212200,4033.6292,4044.3375,4015.4483,4019.0053
100542000,4032.2412,7019700,93595600,3421016100,47135807800,4033.6292,4044.3375,4015.4483,4019.0053
100547000,4032.319,7429500,102143500,3428445600,47237951300,4033.6292,4044.3375,4015.4483,4019.0053
100552000,4032.6982,4237600,58863900,3432683200,47296815200,4033.6292,4044.3375,4015.4483,4019.0053
100557000,4032.6691,5590000,69869500,3438273200,47366684700,4033.6292,4044.3375,4015.4483,4019.0053
100602000,4032.726,6851500,87447800,3445124700,47454132500,4033.6292,4044.3375,4015.4483,4019.0053
100607000,4032.9855,5451300,56931700,3450576000,47511064200,4033.6292,4044.3375,4015.4483,4019.0053
100612000,4033.1142,7120000,76468800,3457696000,47587533000,4033.6292,4044.3375,4015.4483,4019.0053
100617000,4032.8499,8224500,92970000,3465920500,47680503000,4033.6292,4044.3375,4015.4483,4019.0053
100622000,4032.6488,3697600,57409200,3469618100,47737912200,4033.6292,4044.3375,4015.4483,4019.0053
100627000,4032.2121,6196700,82281100,3475814800,47820193300,4033.6292,4044.3375,4015.4483,4019.0053
100632000,4032.2557,6210800,85364500,3482025600,47905557800,4033.6292,4044.3375,4015.4483,4019.0053
100637000,4031.226,4163600,49637900,3486189200,47955195700,4033.6292,4044.3375,4015.4483,4019.0053
100642000,4030.7858,10216200,106060300,3496405400,48061256000,4033.6292,4044.3375,4015.4483,4019.0053
100647000,4028.8426,11889600,162787100,3508295000,48224043100,4033.6292,4044.3375,4015.4483,4019.0053
100652000,4027.0467,9845400,132243200,3518140400,48356286300,4033.6292,4044.3375,4015.4483,4019.0053
100657000,4026.1114,15416100,202366000,3533556500,48558652300,4033.6292,4044.3375,4015.4483,4019.0053
100702000,4024.4612,11623100,148086300,3545179600,48706738600,4033.6292,4044.3375,4015.4483,4019.0053
100707000,4023.7281,5677700,76130000,3550857300,48782868600,4033.6292,4044.3375,4015.4483,4019.0053
100712000,4023.8511,7807800,108677000,3558665100,48891545600,4033.6292,4044.3375,4015.4483,4019.0053
100717000,4023.9767,5534100,86551400,3564199200,48978097000,4033.6292,4044.3375,4015.4483,4019.0053
100722000,4023.72,2932000,43435700,3567131200,49021532700,4033.6292,4044.3375,4015.4483,4019.0053
100727000,4023.6795,5382000,75152200,3572513200,49096684900,4033.6292,4044.3375,4015.4483,4019.0053
100732000,4023.8083,5425200,77656000,3577938400,49174340900,4033.6292,4044.3375,4015.4483,4019.0053
100737000,4023.4199,3412000,53225400,3581350400,49227566300,4033.6292,4044.3375,4015.4483,4019.0053
100742000,4023.5259,3947600,60722900,3585298000,49288289200,4033.6292,4044.3375,4015.4483,4019.0053
100747000,4023.28,5678800,73185300,3590976800,49361474500,4033.6292,4044.3375,4015.4483,4019.0053
100752000,4024.8833,3094300,37625200,3594071100,49399099700,4033.6292,4044.3375,4015.4483,4019.0053
100757000,4025.3709,4022200,66949900,3598093300,49466049600,4033.6292,4044.3375,4015.4483,4019.0053
100802000,4026.0135,3733100,60564300,3601826400,49526613900,4033.6292,4044.3375,4015.4483,4019.0053
100807000,4026.7918,3720900,50115000,3605547300,49576728900,4033.6292,4044.3375,4015.4483,4019.0053
100812000,4027.2013,4777400,56641600,3610324700,49633370500,4033.6292,4044.3375,4015.4483,4019.0053
100817000,4027.7493,5016900,65239000,3615341600,49698609500,4033.6292,4044.3375,4015.4483,4019.0053
100822000,4027.0879,2864700,42417200,3618206300,49741026700,4033.6292,4044.3375,4015.4483,4019.0053
100827000,4027.4228,3539500,48518700,3621745800,49789545400,4033.6292,4044.3375,4015.4483,4019.0053
100832000,4027.902,4161400,51583900,3625907200,49841129300,4033.6292,4044.3375,4015.4483,4019.0053
100837000,4027.5091,3005400,40553800,3628912600,49881683100,4033.6292,4044.3375,4015.4483,4019.0053
100842000,4027.8093,3538500,47653600,3632451100,49929336700,4033.6292,4044.3375,4015.4483,4019.0053
100847000,4027.5539,4765200,61951100,3637216300,49991287800,4033.6292,4044.3375,4015.4483,4019.0053
100852000,4028.033,2458300,38150900,3639674600,50029438700,4033.6292,4044.3375,4015.4483,4019.0053
100857000,4027.8166,4914600,58083600,3644589200,50087522300,4033.6292,4044.3375,4015.4483,4019.0053
100902000,4028.0442,4335000,61544800,3648924200,50149067100,4033.6292,4044.3375,4015.4483,4019.0053
100907000,4028.3709,3136900,44422800,3652061100,50193489900,4033.6292,4044.3375,4015.4483,4019.0053
100912000,4028.5315,4550100,56357500,3656611200,50249847400,4033.6292,4044.3375,4015.4483,4019.0053
100917000,4028.0033,5014700,68625900,3661625900,50318473300,4033.6292,4044.3375,4015.4483,4019.0053
100922000,4027.7572,3270900,53365800,3664896800,50371839100,4033.6292,4044.3375,4015.4483,4019.0053
100927000,4027.5986,3685200,54670000,3668582000,50426509100,4033.6292,4044.3375,4015.4483,4019.0053
100932000,4028.1546,4506000,61738200,3673088000,50488247300,4033.6292,4044.3375,4015.4483,4019.0053
100937000,4027.7123,2608600,34455700,3675696600,50522703000,4033.6292,4044.3375,4015.4483,4019.0053
100942000,4026.9833,5039000,65780500,3680735600,50588483500,4033.6292,4044.3375,4015.4483,4019.0053
100947000,4026.9844,5064100,71550000,3685799700,50660033500,4033.6292,4044.3375,4015.4483,4019.0053
100952000,4027.4805,3217700,41997900,3689017400,50702031400,4033.6292,4044.3375,4015.4483,4019.0053
100957000,4027.3304,3619400,60173300,3692636800,50762204700,4033.6292,4044.3375,4015.4483,4019.0053
101002000,4027.2337,4901600,64372900,3697538400,50826577600,4033.6292,4044.3375,4015.4483,4019.0053
101007000,4027.222,2817300,38991700,3700355700,50865569300,4033.6292,4044.3375,4015.4483,4019.0053
101012000,4027.3665,4887500,69903400,3705243200,50935472700,4033.6292,4044.3375,4015.4483,4019.0053
101017000,4026.7496,4253300,63622800,3709496500,50999095500,4033.6292,4044.3375,4015.4483,4019.0053
101022000,4026.8926,3549700,47220000,3713046200,51046315500,4033.6292,4044.3375,4015.4483,4019.0053
101027000,4026.3622,3707800,54787500,3716754000,51101103000,4033.6292,4044.3375,4015.4483,4019.0053
101032000,4026.257,4583400,68260800,3721337400,51169363800,4033.6292,4044.3375,4015.4483,4019.0053
101037000,4025.7223,2495600,37725300,3723833000,51207089100,4033.6292,4044.3375,4015.4483,4019.0053
101042000,4025.7495,3306300,52377900,3727139300,51259467000,4033.6292,4044.3375,4015.4483,4019.0053
101047000,4025.4241,4436100,65020700,3731575400,51324487700,4033.6292,4044.3375,4015.4483,4019.0053
101052000,4025.5412,3312900,46418600,3734888300,51370906300,4033.6292,4044.3375,4015.4483,4019.0053
101057000,4025.3871,4317500,57204700,3739205800,51428111000,4033.6292,4044.3375,4015.4483,4019.0053
101102000,4025.0545,4709200,66503500,3743915000,51494614500,4033.6292,4044.3375,4015.4483,4019.0053
101107000,4025.2119,2829000,35402100,3746744000,51530016600,4033.6292,4044.3375,4015.4483,4019.0053
101112000,4025.696,4903200,65056400,3751647200,51595073000,4033.6292,4044.3375,4015.4483,4019.0053
101117000,4025.6486,3560500,52528600,3755207700,51647601600,4033.6292,4044.3375,4015.4483,4019.0053
101122000,4024.4929,1929000,29753500,3757136700,51677355100,4033.6292,4044.3375,4015.4483,4019.0053
101127000,4024.8463,3185400,48187800,3760322100,51725542900,4033.6292,4044.3375,4015.4483,4019.0053
101132000,4025.4023,3555400,50681100,3763877500,51776224000,4033.6292,4044.3375,4015.4483,4019.0053
101137000,4025.4383,2829700,40046600,3766707200,51816270600,4033.6292,4044.3375,4015.4483,4019.0053
101142000,4025.2687,6618400,65849200,3773325600,51882119800,4033.6292,4044.3375,4015.4483,4019.0053
101147000,4025.7484,4646800,81818200,3777972400,51963938000,4033.6292,4044.3375,4015.4483,4019.0053
101152000,4026.0787,3126500,43574300,3781098900,52007512300,4033.6292,4044.3375,4015.4483,4019.0053
101157000,4026.2672,3651000,65334900,3784749900,52072847200,4033.6292,4044.3375,4015.4483,4019.0053
101202000,4026.6691,4951000,61497600,3789700900,52134344800,4033.6292,4044.3375,4015.4483,4019.0053
101207000,4026.7071,3888600,52068600,3793589500,52186413400,4033.6292,4044.3375,4015.4483,4019.0053
101212000,4027.2485,4601500,56097500,3798191000,52242510900,4033.6292,4044.3375,4015.4483,4019.0053
101217000,4027.0405,6753200,75951700,3804944200,52318462600,4033.6292,4044.3375,4015.4483,4019.0053
101222000,4027.2522,3476400,44987200,3808420600,52363449800,4033.6292,4044.3375,4015.4483,4019.0053
101227000,4026.8107,4256200,58845400,3812676800,52422295200,4033.6292,4044.3375,4015.4483,4019.0053
101232000,4027.1729,4733800,59072800,3817410600,52481368000,4033.6292,4044.3375,4015.4483,4019.0053
101237000,4027.514,4254700,63159200,3821665300,52544527200,4033.6292,4044.3375,4015.4483,4019.0053
101242000,4028.2316,7215900,86399900,3828881200,52630927100,4033.6292,4044.3375,4015.4483,4019.0053
101247000,4028.3773,8413400,101745500,3837294600,52732672600,4033.6292,4044.3375,4015.4483,4019.0053
101252000,4028.9289,7242500,83093100,3844537100,52815765700,4033.6292,4044.3375,4015.4483,4019.0053
101257000,4029.6575,8011900,103072600,3852549000,52918838300,4033.6292,4044.3375,4015.4483,4019.0053
101302000,4030.6406,8698500,103791700,3861247500,53022630000,4033.6292,4044.3375,4015.4483,4019.0053
101307000,4030.6066,5602600,76108100,3866850100,53098738100,4033.6292,4044.3375,4015.4483,4019.0053
101312000,4031.7787,7654000,87284500,3874504100,53186022600,4033.6292,4044.3375,4015.4483,4019.0053
101317000,4032.2154,7677300,93039200,3882181400,53279061800,4033.6292,4044.3375,4015.4483,4019.0053
101322000,4032.045,4463500,67116600,3886644900,53346178400,4033.6292,4044.3375,4015.4483,4019.0053
101327000,4031.7772,7296200,81947600,3893941100,53428126000,4033.6292,4044.3375,4015.4483,4019.0053
101332000,4032.1951,6196200,78591400,3900137300,53506717400,4033.6292,4044.3375,4015.4483,4019.0053
101337000,4032.1659,4409600,60447700,3904546900,53567165100,4033.6292,4044.3375,4015.4483,4019.0053
101342000,4032.2038,5815400,78737900,3910362300,53645903000,4033.6292,4044.3375,4015.4483,4019.0053
101347000,4032.786,5978800,74445200,3916341100,53720348200,4033.6292,4044.3375,4015.4483,4019.0053
101352000,4033.4175,5061900,61096900,3921403000,53781445100,4033.6292,4044.3375,4015.4483,4019.0053
101357000,4032.9944,8021600,99352700,3929424600,53880797800,4033.6292,4044.3375,4015.4483,4019.0053
101402000,4033.8039,7751800,93494400,3937176400,53974292200,4033.6292,4044.3375,4015.4483,4019.0053
101407000,4033.6417,4179300,56261600,3941355700,54030553800,4033.6292,4044.3375,4015.4483,4019.0053
101412000,4034.7564,8312300,88466800,3949668000,54119020600,4033.6292,4044.3375,4015.4483,4019.0053
101417000,4034.2537,5967800,83156200,3955635800,54202176800,4033.6292,4044.3375,4015.4483,4019.0053
101422000,4034.6572,4586000,55152200,3960221800,54257329000,4033.6292,4044.3375,4015.4483,4019.0053
101427000,4034.31,6603200,75360000,3966825000,54332689000,4033.6292,4044.3375,4015.4483,4019.0053
101432000,4034.45,6821900,85896900,3973646900,54418585900,4033.6292,4044.3375,4015.4483,4019.0053
101437000,4034.2406,5313500,68849000,3978960400,54487434900,4033.6292,4044.3375,4015.4483,4019.0053
101442000,4033.8473,6725700,72489200,3985686100,54559924100,4033.6292,4044.3375,4015.4483,4019.0053
101447000,4033.8818,5869800,57931500,3991555900,54617855600,4033.6292,4044.3375,4015.4483,4019.0053
101452000,4034.7055,6988200,56329500,3998544100,54674185100,4033.6292,4044.3375,4015.4483,4019.0053
101457000,4033.7616,8376300,75542700,4006920400,54749727800,4033.6292,4044.3375,4015.4483,4019.0053
101502000,4033.8353,7419500,86403700,4014339900,54836131500,4033.6292,4044.3375,4015.4483,4019.0053
101507000,4033.6248,3033500,40557400,4017373400,54876688900,4033.6292,4044.3375,4015.4483,4019.0053
101512000,4034.1199,6633600,87764700,4024007000,54964453600,4033.6292,4044.3375,4015.4483,4019.0053
101517000,4033.8913,7764100,90621100,4031771100,55055074700,4033.6292,4044.3375,4015.4483,4019.0053
101522000,4033.6068,4445900,50906300,4036217000,55105981000,4033.6292,4044.3375,4015.4483,4019.0053
101527000,4033.543,5750800,64042500,4041967800,55170023500,4033.6292,4044.3375,4015.4483,4019.0053
101532000,4033.5333,6062900,80948800,4048030700,55250972300,4033.6292,4044.3375,4015.4483,4019.0053
101537000,4033.1268,5806400,62813300,4053837100,55313785600,4033.6292,4044.3375,4015.4483,4019.0053
101542000,4033.6301,4543500,60177500,4058380600,55373963100,4033.6292,4044.3375,4015.4483,4019.0053
101547000,4033.2567,4884800,58424300,4063265400,55432387400,4033.6292,4044.3375,4015.4483,4019.0053
101552000,4032.8096,5123100,50355200,4068388500,55482742600,4033.6292,4044.3375,4015.4483,4019.0053
101557000,4033.0043,4703800,58035300,4073092300,55540777900,4033.6292,4044.3375,4015.4483,4019.0053
101602000,4032.9718,5197200,68150700,4078289500,55608928600,4033.6292,4044.3375,4015.4483,4019.0053
101607000,4032.8187,4019500,55354300,4082309000,55664282900,4033.6292,4044.3375,4015.4483,4019.0053
101612000,4033.4366,5816700,70244800,4088125700,55734527700,4033.6292,4044.3375,4015.4483,4019.0053
101617000,4032.7979,4604400,77296500,4092730100,55811824200,4033.6292,4044.3375,4015.4483,4019.0053
101622000,4032.8492,5558300,65600500,4098288400,55877424700,4033.6292,4044.3375,4015.4483,4019.0053
101627000,4032.7953,6195400,86871500,4104483800,55964296200,4033.6292,4044.3375,4015.4483,4019.0053
101632000,4032.0933,5659700,81080600,4110143500,56045376800,4033.6292,4044.3375,4015.4483,4019.0053
101637000,4032.0306,3369600,45519400,4113513100,56090896200,4033.6292,4044.3375,4015.4483,4019.0053
101642000,4031.801,4128500,66672500,4117641600,56157568700,4033.6292,4044.3375,4015.4483,4019.0053
101647000,4031.5997,5393500,126702200,4123035100,56284270900,4033.6292,4044.3375,4015.4483,4019.0053
101652000,4031.7989,3270100,48427900,4126305200,56332698800,4033.6292,4044.3375,4015.4483,4019.0053
101657000,4031.4401,7233200,99637800,4133538400,56432336600,4033.6292,4044.3375,4015.4483,4019.0053
101702000,4030.5404,5017100,88794100,4138555500,56521130700,4033.6292,4044.3375,4015.4483,4019.0053
101707000,4030.4562,3145300,52328800,4141700800,56573459500,4033.6292,4044.3375,4015.4483,4019.0053
101712000,4029.8284,6245100,90066500,4147945900,56663526000,4033.6292,4044.3375,4015.4483,4019.0053
101717000,4029.2608,5988500,105571700,4153934400,56769097700,4033.6292,4044.3375,4015.4483,4019.0053
101722000,4028.7286,4189200,71796500,4158123600,56840894200,4033.6292,4044.3375,4015.4483,4019.0053
101727000,4027.9964,5352100,97343000,4163475700,56938237200,4033.6292,4044.3375,4015.4483,4019.0053
101732000,4027.8746,4757700,66045500,4168233400,57004282700,4033.6292,4044.3375,4015.4483,4019.0053
101737000,4027.4061,3395900,67467400,4171629300,57071750100,4033.6292,4044.3375,4015.4483,4019.0053
101742000,4026.749,5205400,73903800,4176834700,57145653900,4033.6292,4044.3375,4015.4483,4019.0053
101747000,4025.9277,7256200,106817900,4184090900,57252471800,4033.6292,4044.3375,4015.4483,4019.0053
101752000,4026.4822,3702100,46059900,4187793000,57298531700,4033.6292,4044.3375,4015.4483,4019.0053
101757000,4025.6138,3926000,64085700,4191719000,57362617400,4033.6292,4044.3375,4015.4483,4019.0053
101802000,4025.5968,4990900,86050600,4196709900,57448668000,4033.6292,4044.3375,4015.4483,4019.0053
101807000,4024.7414,5848700,71306700,4202558600,57519974700,4033.6292,4044.3375,4015.4483,4019.0053
101812000,4025.5898,5451200,72233800,4208009800,57592208500,4033.6292,4044.3375,4015.4483,4019.0053
101817000,4025.3894,4892400,100227400,4212902200,57692435900,4033.6292,4044.3375,4015.4483,4019.0053
101822000,4025.4174,3978900,44558000,4216881100,57736993900,4033.6292,4044.3375,4015.4483,4019.0053
101827000,4024.8538,4060600,56874300,4220941700,57793868200,4033.6292,4044.3375,4015.4483,4019.0053
101832000,4024.7934,3703200,52610900,4224644900,57846479100,4033.6292,4044.3375,4015.4483,4019.0053
101837000,4024.867,2493900,34302300,4227138800,57880781400,4033.6292,4044.3375,4015.4483,4019.0053
101842000,4024.2138,2856500,40605700,4229995300,57921387100,4033.6292,4044.3375,4015.4483,4019.0053
101847000,4024.6179,5890100,74813500,4235885400,57996200600,4033.6292,4044.3375,4015.4483,4019.0053
101852000,4024.5976,3065700,39321200,4238951100,58035521800,4033.6292,4044.3375,4015.4483,4019.0053
101857000,4024.3524,5597000,78768800,4244548100,58114290600,4033.6292,4044.3375,4015.4483,4019.0053
101902000,4024.136,5110800,66207000,4249658900,58180497600,4033.6292,4044.3375,4015.4483,4019.0053
101907000,4023.4263,2821800,39494800,4252480700,58219992400,4033.6292,4044.3375,4015.4483,4019.0053
101912000,4023.7553,5451600,70089300,4257932300,58290081700,4033.6292,4044.3375,4015.4483,4019.0053
101917000,4023.9038,3539200,63087700,4261471500,58353169400,4033.6292,4044.3375,4015.4483,4019.0053
101922000,4024.0838,2236300,39916700,4263707800,58393086100,4033.6292,4044.3375,4015.4483,4019.0053
101927000,4022.9361,4892300,70300200,4268600100,58463386300,4033.6292,4044.3375,4015.4483,4019.0053
101932000,4020.6095,11999000,133871800,4280599100,58597258100,4033.6292,4044.3375,4015.4483,4019.0053
101937000,4018.2041,13111100,171842900,4293710200,58769101000,4033.6292,4044.3375,4015.4483,4019.0053
101942000,4017.067,14789700,199052400,4308499900,58968153400,4033.6292,4044.3375,4015.4483,4019.0053
101947000,4015.336,12076200,198698900,4320576100,59166852300,4033.6292,4044.3375,4015.336,4019.0053
101952000,4014.3005,10761000,171747100,4331337100,59338599400,4033.6292,4044.3375,4014.2389,4019.0053
101957000,4013.8492,9187600,123050500,4340524700,59461649900,4033.6292,4044.3375,4013.8492,4019.0053
102002000,4012.7898,10497700,134188800,4351022400,59595838700,4033.6292,4044.3375,4012.7898,4019.0053
102007000,4012.8606,5381400,79667200,4356403800,59675505900,4033.6292,4044.3375,4012.7898,4019.0053
102012000,4013.1123,9104400,117217500,4365508200,59792723400,4033.6292,4044.3375,4012.7898,4019.0053
102017000,4013.6005,6599500,102510300,4372107700,59895233700,4033.6292,4044.3375,4012.7898,4019.0053
102022000,4013.4529,3360300,61570100,4375468000,59956803800,4033.6292,4044.3375,4012.7898,4019.0053
102027000,4013.9758,6102100,97861400,4381570100,60054665200,4033.6292,4044.3375,4012.7898,4019.0053
102032000,4013.6409,5570900,98409000,4387141000,60153074200,4033.6292,4044.3375,4012.7898,4019.0053
102037000,4014.5013,4734100,75354600,4391875100,60228428800,4033.6292,4044.3375,4012.7898,4019.0053
102042000,4014.4149,4862800,82683800,4396737900,60311112600,4033.6292,4044.3375,4012.7898,4019.0053
102047000,4014.8354,5553400,74760700,4402291300,60385873300,4033.6292,4044.3375,4012.7898,4019.0053
102052000,4015.1323,3013000,44799100,4405304300,60430672400,4033.6292,4044.3375,4012.7898,4019.0053
102057000,4015.8283,4090800,56604900,4409395100,60487277300,4033.6292,4044.3375,4012.7898,4019.0053
102102000,4015.8662,4101200,62906100,4413496300,60550183400,4033.6292,4044.3375,4012.7898,4019.0053
102107000,4015.6052,2915400,39922600,4416411700,60590106000,4033.6292,4044.3375,4012.7898,4019.0053
102112000,4016.5255,4444400,61885400,4420856100,60651991400,4033.6292,4044.3375,4012.7898,4019.0053
102117000,4016.8992,3878900,63625200,4424735000,60715616600,4033.6292,4044.3375,4012.7898,4019.0053
102122000,4016.6111,3359900,45513200,4428094900,60761129800,4033.6292,4044.3375,4012.7898,4019.0053
102127000,4017.0089,3188400,48948100,4431283300,60810077900,4033.6292,4044.3375,4012.7898,4019.0053
102132000,4016.9257,5072000,79732700,4436355300,60889810600,4033.6292,4044.3375,4012.7898,4019.0053
102137000,4016.9802,2619900,40847000,4438975200,60930657600,4033.6292,4044.3375,4012.7898,4019.0053
102142000,4017.1961,4201700,51226800,4443176900,60981884400,4033.6292,4044.3375,4012.7898,4019.0053
102147000,4016.9653,6278000,69796800,4449454900,61051681200,4033.6292,4044.3375,4012.7898,4019.0053
102152000,4016.9592,1839700,27023100,4451294600,61078704300,4033.6292,4044.3375,4012.7898,4019.0053
102157000,4016.9374,2796000,51382200,4454090600,61130086500,4033.6292,4044.3375,4012.7898,4019.0053
102202000,4016.7424,3452000,61990700,4457542600,61192077200,4033.6292,4044.3375,4012.7898,4019.0053
102207000,4016.3392,1951100,33016800,4459493700,61225094000,4033.6292,4044.3375,4012.7898,4019.0053
102212000,4016.4978,3782200,60086600,4463275900,61285180600,4033.6292,4044.3375,4012.7898,4019.0053
102217000,4016.4997,4192400,61394000,4467468300,61346574600,4033.6292,4044.3375,4012.7898,4019.0053
102222000,4016.6142,2381700,32296600,4469850000,61378871200,4033.6292,4044.3375,4012.7898,4019.0053
102227000,4016.7388,3178400,47619900,4473028400,61426491100,4033.6292,4044.3375,4012.7898,4019.0053
102232000,4016.637,4303600,75235700,4477332000,61501726800,4033.6292,4044.3375,4012.7898,4019.0053
102237000,4016.4871,2900600,39593200,4480232600,61541320000,4033.6292,4044.3375,4012.7898,4019.0053
102242000,4016.4269,2819100,62133300,4483051700,61603453300,4033.6292,4044.3375,4012.7898,4019.0053
102247000,4016.1791,4189700,49957600,4487241400,61653410900,4033.6292,4044.3375,4012.7898,4019.0053
102252000,4016.4393,2470600,35612700,4489712000,61689023600,4033.6292,4044.3375,4012.7898,4019.0053
102257000,4016.8128,3253500,42097800,4492965500,61731121400,4033.6292,4044.3375,4012.7898,4019.0053
102302000,4016.4207,3673400,56852000,4496638900,61787973400,4033.6292,4044.3375,4012.7898,4019.0053
102307000,4016.1523,3081400,38584200,4499720300,61826557600,4033.6292,4044.3375,4012.7898,4019.0053
102312000,4016.2706,3866100,47529000,4503586400,61874086600,4033.6292,4044.3375,4012.7898,4019.0053
102317000,4016.6831,3594000,64970600,4507180400,61939057200,4033.6292,4044.3375,4012.7898,4019.0053
102322000,4016.4445,4937500,46972500,4512117900,61986029700,4033.6292,4044.3375,4012.7898,4019.0053
102327000,4015.6601,3105100,52269200,4515223000,62038298900,4033.6292,4044.3375,4012.7898,4019.0053
102332000,4015.425,2909500,47923900,4518132500,62086222800,4033.6292,4044.3375,4012.7898,4019.0053
102337000,4015.2193,1887500,29591700,4520020000,62115814500,4033.6292,4044.3375,4012.7898,4019.0053
102342000,4014.8385,3496800,55352400,4523516800,62171166900,4033.6292,4044.3375,4012.7898,4019.0053
102347000,4014.2865,3553800,57436800,4527070600,62228603700,4033.6292,4044.3375,4012.7898,4019.0053
102352000,4014.2026,2476700,46116300,4529547300,62274720000,4033.6292,4044.3375,4012.7898,4019.0053
102357000,4014.5716,3370400,56171400,4532917700,62330891400,4033.6292,4044.3375,4012.7898,4019.0053
102402000,4013.8218,3748500,61527900,4536666200,62392419300,4033.6292,4044.3375,4012.7898,4019.0053
102407000,4013.4958,2537200,38877200,4539203400,62431296500,4033.6292,4044.3375,4012.7898,4019.0053
102412000,4012.6159,3759900,61727600,4542963300,62493024100,4033.6292,4044.3375,4012.4973,4019.0053
102417000,4012.9864,3587100,63947500,4546550400,62556971600,4033.6292,4044.3375,4012.4973,4019.0053
102422000,4012.5067,2457100,46851700,4549007500,62603823300,4033.6292,4044.3375,4012.4973,4019.0053
102427000,4012.1576,4214300,65704200,4553221800,62669527500,4033.6292,4044.3375,4012.1576,4019.0053
102432000,4011.8548,3731700,75693600,4556953500,62745221100,4033.6292,4044.3375,4011.7456,4019.0053
102437000,4011.4702,3561200,54035500,4560514700,62799256600,4033.6292,4044.3375,4011.4289,4019.0053
102442000,4011.6085,3338000,58215700,4563852700,62857472300,4033.6292,4044.3375,4011.4289,4019.0053
102447000,4011.6959,4193700,74373100,4568046400,62931845400,4033.6292,4044.3375,4011.4289,4019.0053
102452000,4012.1299,4055300,57002400,4572101700,62988847800,4033.6292,4044.3375,4011.4289,4019.0053
102457000,4012.534,3897500,64634900,4575999200,63053482700,4033.6292,4044.3375,4011.4289,4019.0053
102502000,4012.467,3775400,65035000,4579774600,63118517700,4033.6292,4044.3375,4011.4289,4019.0053
102507000,4012.7595,4082300,46867200,4583856900,63165384900,4033.6292,4044.3375,4011.4289,4019.0053
102512000,4013.872,5435000,73756200,4589291900,63239141100,4033.6292,4044.3375,4011.4289,4019.0053
102517000,4016.594,8491600,130009800,4597783500,63369150900,4033.6292,4044.3375,4011.4289,4019.0053
102522000,4018.252,8329400,112463400,4606112900,63481614300,4033.6292,4044.3375,4011.4289,4019.0053
102527000,4018.7296,8621400,126221100,4614734300,63607835400,4033.6292,4044.3375,4011.4289,4019.0053
102532000,4020.5762,7417500,106947200,4622151800,63714782600,4033.6292,4044.3375,4011.4289,4019.0053
102537000,4020.4346,3727800,56275400,4625879600,63771058000,4033.6292,4044.3375,4011.4289,4019.0053
102542000,4020.0803,4224700,60576100,4630104300,63831634100,4033.6292,4044.3375,4011.4289,4019.0053
102547000,4020.1782,3660600,66376700,4633764900,63898010800,4033.6292,4044.3375,4011.4289,4019.0053
102552000,4019.5367,2714100,38599000,4636479000,63936609800,4033.6292,4044.3375,4011.4289,4019.0053
102557000,4020.3955,5290200,70463300,4641769200,64007073100,4033.6292,4044.3375,4011.4289,4019.0053
102602000,4020.5676,5395100,76890300,4647164300,64083963400,4033.6292,4044.3375,4011.4289,4019.0053
102607000,4019.8766,3326700,37065500,4650491000,64121028900,4033.6292,4044.3375,4011.4289,4019.0053
102612000,4019.8602,3213500,47325700,4653704500,64168354600,4033.6292,4044.3375,4011.4289,4019.0053
102617000,4020.391,4125700,48132600,4657830200,64216487200,4033.6292,4044.3375,4011.4289,4019.0053
102622000,4020.118,4296500,48260000,4662126700,64264747200,4033.6292,4044.3375,4011.4289,4019.0053
102627000,4019.8958,2861000,43356400,4664987700,64308103600,4033.6292,4044.3375,4011.4289,4019.0053
102632000,4019.6661,3349600,48104100,4668337300,64356207700,4033.6292,4044.3375,4011.4289,4019.0053
102637000,4018.8309,1784700,27781400,4670122000,64383989100,4033.6292,4044.3375,4011.4289,4019.0053
102642000,4018.5689,2570000,48979700,4672692000,64432968800,4033.6292,4044.3375,4011.4289,4019.0053
102647000,4017.9652,3866500,57914500,4676558500,64490883300,4033.6292,4044.3375,4011.4289,4019.0053
102652000,4018.054,2180800,30826900,4678739300,64521710200,4033.6292,4044.3375,4011.4289,4019.0053
102657000,4018.0274,2767400,40207000,4681506700,64561917200,4033.6292,4044.3375,4011.4289,4019.0053
102702000,4018.1977,2518000,37957200,4684024700,64599874400,4033.6292,4044.3375,4011.4289,4019.0053
102707000,4017.9009,1801400,24124800,4685826100,64623999200,4033.6292,4044.3375,4011.4289,4019.0053
102712000,4017.7688,3952500,46883200,4689778600,64670882400,4033.6292,4044.3375,4011.4289,4019.0053
102717000,4017.9295,3950000,57452000,4693728600,64728334400,4033.6292,4044.3375,4011.4289,4019.0053
102722000,4017.5998,2934600,36664900,4696663200,64764999300,4033.6292,4044.3375,4011.4289,4019.0053
102727000,4017.0386,4035700,54543300,4700698900,64819542600,4033.6292,4044.3375,4011.4289,4019.0053
102732000,4017.7237,3800400,48951700,4704499300,64868494300,4033.6292,4044.3375,4011.4289,4019.0053
102737000,4016.9359,1791500,28907600,4706290800,64897401900,4033.6292,4044.3375,4011.4289,4019.0053
102742000,4016.7202,4255300,56522600,4710546100,64953924500,4033.6292,4044.3375,4011.4289,4019.0053
102747000,4016.8204,3349600,49652500,4713895700,65003577000,4033.6292,4044.3375,4011.4289,4019.0053
102752000,4016.1178,2672900,32820000,4716568600,65036397000,4033.6292,4044.3375,4011.4289,4019.0053
102757000,4016.9823,2879900,41459700,4719448500,65077856700,4033.6292,4044.3375,4011.4289,4019.0053
102802000,4016.7659,2975400,46709100,4722423900,65124565800,4033.6292,4044.3375,4011.4289,4019.0053
102807000,4016.4214,2652800,40929700,4725076700,65165495500,4033.6292,4044.3375,4011.4289,4019.0053
102812000,4016.1844,4670200,47088100,4729746900,65212583600,4033.6292,4044.3375,4011.4289,4019.0053
102817000,4016.5917,3446000,53792300,4733192900,65266375900,4033.6292,4044.3375,4011.4289,4019.0053
102822000,4016.6923,1898900,38620100,4735091800,65304996000,4033.6292,4044.3375,4011.4289,4019.0053
102827000,4015.3266,2929700,50366800,4738021500,65355362800,4033.6292,4044.3375,4011.4289,4019.0053
102832000,4016.3396,3176200,49753300,4741197700,65405116100,4033.6292,4044.3375,4011.4289,4019.0053
102837000,4015.6895,1690500,35431800,4742888200,65440547900,4033.6292,4044.3375,4011.4289,4019.0053
102842000,4015.317,2475100,31772300,4745363300,65472320200,4033.6292,4044.3375,4011.4289,4019.0053
102847000,4015.1026,3343300,47835600,4748706600,65520155800,4033.6292,4044.3375,4011.4289,4019.0053
102852000,4015.2208,1770300,28030400,4750476900,65548186200,4033.6292,4044.3375,4011.4289,4019.0053
102857000,4015.2359,3947000,48200800,4754423900,65596387000,4033.6292,4044.3375,4011.4289,4019.0053
102902000,4015.7312,3302200,57969800,4757726100,65654356800,4033.6292,4044.3375,4011.4289,4019.0053
102907000,4014.8878,2013300,38147600,4759739400,65692504400,4033.6292,4044.3375,4011.4289,4019.0053
102912000,4014.4353,2856400,43379700,4762595800,65735884100,4033.6292,4044.3375,4011.4289,4019.0053
102917000,4015.4072,3756300,49203400,4766352100,65785087500,4033.6292,4044.3375,4011.4289,4019.0053
102922000,4015.282,1495400,29351900,4767847500,65814439400,4033.6292,4044.3375,4011.4289,4019.0053
102927000,4015.0026,3094800,46407400,4770942300,65860846800,4033.6292,4044.3375,4011.4289,4019.0053
102932000,4015.2995,3510900,51124300,4774453200,65911971100,4033.6292,4044.3375,4011.4289,4019.0053
102937000,4014.7853,1578800,24131300,4776032000,65936102400,4033.6292,4044.3375,4011.4289,4019.0053
102942000,4015.1097,2534900,43591200,4778566900,65979693600,4033.6292,4044.3375,4011.4289,4019.0053
102947000,4014.8841,2310000,39395800,4780876900,66019089400,4033.6292,4044.3375,4011.4289,4019.0053
102952000,4014.7346,2530800,38100100,4783407700,66057189500,4033.6292,4044.3375,4011.4289,4019.0053
102957000,4015.1348,2856800,40173000,4786264500,66097362500,4033.6292,4044.3375,4011.4289,4019.0053
103002000,4014.921,2652200,45590900,4788916700,66142953400,4033.6292,4044.3375,4011.4289,4019.0053
103007000,4014.6317,1684500,26205900,4790601200,66169159300,4033.6292,4044.3375,4011.4289,4019.0053
103012000,4013.9696,3712600,54074000,4794313800,66223233300,4033.6292,4044.3375,4011.4289,4019.0053
103017000,4014.6892,3429900,54233300,4797743700,66277466600,4033.6292,4044.3375,4011.4289,4019.0053
103022000,4014.3364,3736700,65773600,4801480400,66343240200,4033.6292,4044.3375,4011.4289,4019.0053
103027000,4013.9237,2400400,43207700,4803880800,66386447900,4033.6292,4044.3375,4011.4289,4019.0053
103032000,4013.8705,2620000,39662100,4806500800,66426110000,4033.6292,4044.3375,4011.4289,4019.0053
103037000,4013.4534,1838800,30946400,4808339600,66457056400,4033.6292,4044.3375,4011.4289,4019.0053
103042000,4012.8415,2885400,36152700,4811225000,66493209100,4033.6292,4044.3375,4011.4289,4019.0053
103047000,4013.1739,4802900,48188000,4816027900,66541397100,4033.6292,4044.3375,4011.4289,4019.0053
103052000,4013.0762,2078300,31842400,4818106200,66573239500,4033.6292,4044.3375,4011.4289,4019.0053
103057000,4013.5997,2672500,39411300,4820778700,66612650800,4033.6292,4044.3375,4011.4289,4019.0053
103102000,4013.6149,2859200,43524100,4823637900,66656174900,4033.6292,4044.3375,4011.4289,4019.0053
103107000,4012.9855,1574100,30053800,4825212000,66686228700,4033.6292,4044.3375,4011.4289,4019.0053
103112000,4013.0172,1999000,30556700,4827211000,66716785400,4033.6292,4044.3375,4011.4289,4019.0053
103117000,4013.5289,3625600,52960100,4830836600,66769745500,4033.6292,4044.3375,4011.4289,4019.0053
103122000,4013.2165,2105100,30154500,4832941700,66799900000,4033.6292,4044.3375,4011.4289,4019.0053
103127000,4013.0391,2570500,42058100,4835512200,66841958100,4033.6292,4044.3375,4011.4289,4019.0053
103132000,4013.2647,2715800,77450000,4838228000,66919408100,4033.6292,4044.3375,4011.4289,4019.0053
103137000,4012.6463,1857100,36260200,4840085100,66955668300,4033.6292,4044.3375,4011.4289,4019.0053
103142000,4012.7978,2800200,44508700,4842885300,67000177000,4033.6292,4044.3375,4011.4289,4019.0053
103147000,4013.1499,2724700,37531500,4845610000,67037708500,4033.6292,4044.3375,4011.4289,4019.0053
103152000,4011.9284,2009400,35769200,4847619400,67073477700,4033.6292,4044.3375,4011.4289,4019.0053
103157000,4012.7373,2573500,36698200,4850192900,67110175900,4033.6292,4044.3375,4011.4289,4019.0053
103202000,4012.5596,2628100,47366500,4852821000,67157542400,4033.6292,4044.3375,4011.4289,4019.0053
103207000,4012.2549,2381600,35394900,4855202600,67192937300,4033.6292,4044.3375,4011.4289,4019.0053
103212000,4012.1379,3042200,41885800,4858244800,67234823100,4033.6292,4044.3375,4011.4289,4019.0053
103217000,4012.3811,4742600,68206500,4862987400,67303029600,4033.6292,4044.3375,4011.4289,4019.0053
103222000,4012.7098,1687600,31998100,4864675000,67335027700,4033.6292,4044.3375,4011.4289,4019.0053
103227000,4012.4296,2946700,43131300,4867621700,67378159000,4033.6292,4044.3375,4011.4289,4019.0053
103232000,4012.6102,3213100,58453500,4870834800,67436612500,4033.6292,4044.3375,4011.4289,4019.0053
103237000,4013.2141,3197300,44372000,4874032100,67480984500,4033.6292,4044.3375,4011.4289,4019.0053
103242000,4012.6337,2738500,48073700,4876770600,67529058200,4033.6292,4044.3375,4011.4289,4019.0053
103247000,4013.4926,5620400,80803800,4882391000,67609862000,4033.6292,4044.3375,4011.4289,4019.0053
103252000,4013.0497,2696700,32613700,4885087700,67642475700,4033.6292,4044.3375,4011.4289,4019.0053
103257000,4013.9123,3406000,45298200,4888493700,67687773900,4033.6292,4044.3375,4011.4289,4019.0053
103302000,4014.0226,3724300,54631600,4892218000,67742405500,4033.6292,4044.3375,4011.4289,4019.0053
103307000,4013.698,2397400,39404300,4894615400,67781809800,4033.6292,4044.3375,4011.4289,4019.0053
103312000,4013.6403,2534700,39181200,4897150100,67820991000,4033.6292,4044.3375,4011.4289,4019.0053
103317000,4013.903,3764300,47129300,4900914400,67868120300,4033.6292,4044.3375,4011.4289,4019.0053
103322000,4013.2483,3159100,64898600,4904073500,67933018900,4033.6292,4044.3375,4011.4289,4019.0053
103327000,4012.9575,3453700,56075300,4907527200,67989094200,4033.6292,4044.3375,4011.4289,4019.0053
103332000,4012.6548,5180100,73813500,4912707300,68062907700,4033.6292,4044.3375,4011.4289,4019.0053
103337000,4012.4735,1879400,29864000,4914586700,68092771700,4033.6292,4044.3375,4011.4289,4019.0053
103342000,4012.3618,2586500,44346400,4917173200,68137118100,4033.6292,4044.3375,4011.4289,4019.0053
103347000,4012.2571,2721300,55103100,4919894500,68192221200,4033.6292,4044.3375,4011.4289,4019.0053
103352000,4011.8484,2101500,33840700,4921996000,68226061900,4033.6292,4044.3375,4011.4289,4019.0053
103357000,4011.9759,3192200,54434000,4925188200,68280495900,4033.6292,4044.3375,4011.4289,4019.0053
103402000,4011.8187,5202200,71797000,4930390400,68352292900,4033.6292,4044.3375,4011.4289,4019.0053
103407000,4011.6024,2527900,42549200,4932918300,68394842100,4033.6292,4044.3375,4011.4289,4019.0053
103412000,4011.3896,4621200,81507900,4937539500,68476350000,4033.6292,4044.3375,4011.3631,4019.0053
103417000,4011.5628,3413900,52933800,4940953400,68529283800,4033.6292,4044.3375,4011.3631,4019.0053
103422000,4011.567,2564400,37108700,4943517800,68566392500,4033.6292,4044.3375,4011.3631,4019.0053
103427000,4010.9577,3246400,48726000,4946764200,68615118500,4033.6292,4044.3375,4010.8497,4019.0053
103432000,4010.8304,3868600,54002500,4950632800,68669121000,4033.6292,4044.3375,4010.8304,4019.0053
103437000,4010.7563,3128600,34615200,4953761400,68703736200,4033.6292,4044.3375,4010.5985,4019.0053
103442000,4010.2973,3956900,53551200,4957718300,68757287400,4033.6292,4044.3375,4010.2973,4019.0053
103447000,4010.5807,3535400,60149200,4961253700,68817436600,4033.6292,4044.3375,4010.2973,4019.0053
103452000,4010.7482,2603200,34305400,4963856900,68851742000,4033.6292,4044.3375,4010.2973,4019.0053
103457000,4010.4925,4099400,57209100,4967956300,68908951100,4033.6292,4044.3375,4010.2973,4019.0053
103502000,4010.2719,4329600,70358600,4972285900,68979309700,4033.6292,4044.3375,4010.2719,4019.0053
103507000,4009.9132,2099900,36648500,4974385800,69015958200,4033.6292,4044.3375,4009.7889,4019.0053
103512000,4009.866,4015000,49772400,4978400800,69065730600,4033.6292,4044.3375,4009.7889,4019.0053
103517000,4010.14,5817400,67341300,4984218200,69133071900,4033.6292,4044.3375,4009.7889,4019.0053
103522000,4009.6646,3563700,40372000,4987781900,69173443900,4033.6292,4044.3375,4009.5622,4019.0053
103527000,4009.4726,4571800,60145700,4992353700,69233589600,4033.6292,4044.3375,4009.4726,4019.0053
103532000,4009.2729,5925400,83276400,4998279100,69316866000,4033.6292,4044.3375,4009.2729,4019.0053
103537000,4008.9326,3034500,40715300,5001313600,69357581300,4033.6292,4044.3375,4008.8996,4019.0053
103542000,4008.3565,7174500,91042500,5008488100,69448623800,4033.6292,4044.3375,4008.2529,4019.0053
103547000,4008.2428,6142500,86612400,5014630600,69535236200,4033.6292,4044.3375,4008.2428,4019.0053
103552000,4007.9273,2846300,35893400,5017476900,69571129600,4033.6292,4044.3375,4007.9273,4019.0053
103557000,4007.5484,5069400,67043800,5022546300,69638173400,4033.6292,4044.3375,4007.4956,4019.0053
103602000,4007.1246,5932100,77320000,5028478400,69715493400,4033.6292,4044.3375,4007.1246,4019.0053
103607000,4007.1796,3024400,39003200,5031502800,69754496600,4033.6292,4044.3375,4007.1246,4019.0053
103612000,4007.7343,5922100,71039700,5037424900,69825536300,4033.6292,4044.3375,4007.1246,4019.0053
103617000,4008.2006,7202700,92732100,5044627600,69918268400,4033.6292,4044.3375,4007.1246,4019.0053
103622000,4008.8984,7805900,124808700,5052433500,70043077100,4033.6292,4044.3375,4007.1246,4019.0053
103627000,4010.1614,7148600,118083100,5059582100,70161160200,4033.6292,4044.3375,4007.1246,4019.0053
103632000,4011.009,7898100,108907400,5067480200,70270067600,4033.6292,4044.3375,4007.1246,4019.0053
103637000,4010.9786,4726500,69037000,5072206700,70339104600,4033.6292,4044.3375,4007.1246,4019.0053
103642000,4012.3086,6550600,82676900,5078757300,70421781500,4033.6292,4044.3375,4007.1246,4019.0053
103647000,4014.3081,9609900,133225800,5088367200,70555007300,4033.6292,4044.3375,4007.1246,4019.0053
103652000,4014.2079,4565300,67854800,5092932500,70622862100,4033.6292,4044.3375,4007.1246,4019.0053
103657000,4014.8625,6790400,110252900,5099722900,70733115000,4033.6292,4044.3375,4007.1246,4019.0053
103702000,4015.9669,4545800,66703200,5104268700,70799818200,4033.6292,4044.3375,4007.1246,4019.0053
103707000,4015.4363,3797700,49977100,5108066400,70849795300,4033.6292,4044.3375,4007.1246,4019.0053
103712000,4016.1408,3153800,47944100,5111220200,70897739400,4033.6292,4044.3375,4007.1246,4019.0053
103717000,4017.1478,4137700,63355900,5115357900,70961095300,4033.6292,4044.3375,4007.1246,4019.0053
103722000,4017.2216,2507400,38639000,5117865300,70999734300,4033.6292,4044.3375,4007.1246,4019.0053
103727000,4017.4962,3525600,52326300,5121390900,71052060600,4033.6292,4044.3375,4007.1246,4019.0053
103732000,4017.7583,3731900,49712800,5125122800,71101773400,4033.6292,4044.3375,4007.1246,4019.0053
103737000,4017.5682,3903000,48127500,5129025800,71149900900,4033.6292,4044.3375,4007.1246,4019.0053
103742000,4018.1415,4545700,63283800,5133571500,71213184700,4033.6292,4044.3375,4007.1246,4019.0053
103747000,4017.5787,3238000,50283200,5136809500,71263467900,4033.6292,4044.3375,4007.1246,4019.0053
103752000,4017.368,3359400,41789900,5140168900,71305257800,4033.6292,4044.3375,4007.1246,4019.0053
103757000,4017.2344,3483300,49677100,5143652200,71354934900,4033.6292,4044.3375,4007.1246,4019.0053
103802000,4017.6599,3686200,51626000,5147338400,71406560900,4033.6292,4044.3375,4007.1246,4019.0053
103807000,4017.2342,2016700,25511400,5149355100,71432072300,4033.6292,4044.3375,4007.1246,4019.0053
103812000,4017.2532,2805500,36014600,5152160600,71468086900,4033.6292,4044.3375,4007.1246,4019.0053
103817000,4017.3347,2868800,37693000,5155029400,71505779900,4033.6292,4044.3375,4007.1246,4019.0053
103822000,4017.4195,2073600,28542300,5157103000,71534322200,4033.6292,4044.3375,4007.1246,4019.0053
103827000,4017.298,2939800,37380800,5160042800,71571703000,4033.6292,4044.3375,4007.1246,4019.0053
103832000,4016.9335,2345600,38084000,5162388400,71609787000,4033.6292,4044.3375,4007.1246,4019.0053
103837000,4016.7541,2191600,26666100,5164580000,71636453100,4033.6292,4044.3375,4007.1246,4019.0053
103842000,4016.6615,2505800,35843500,5167085800,71672296600,4033.6292,4044.3375,4007.1246,4019.0053
103847000,4016.2045,3254000,45143800,5170339800,71717440400,4033.6292,4044.3375,4007.1246,4019.0053
103852000,4016.3502,2251000,31928500,5172590800,71749368900,4033.6292,4044.3375,4007.1246,4019.0053
103857000,4015.8839,3681100,47764800,5176271900,71797133700,4033.6292,4044.3375,4007.1246,4019.0053
103902000,4015.971,2768800,41957300,5179040700,71839091000,4033.6292,4044.3375,4007.1246,4019.0053
103907000,4015.4553,1382000,20385100,5180422700,71859476100,4033.6292,4044.3375,4007.1246,4019.0053
103912000,4015.2294,2317900,31226100,5182740600,71890702200,4033.6292,4044.3375,4007.1246,4019.0053
103917000,4016.2958,3316800,49224000,5186057400,71939926200,4033.6292,4044.3375,4007.1246,4019.0053
103922000,4016.2991,1810300,28368400,5187867700,71968294600,4033.6292,4044.3375,4007.1246,4019.0053
103927000,4016.2592,2511200,39812100,5190378900,72008106700,4033.6292,4044.3375,4007.1246,4019.0053
103932000,4016.2976,3092500,41543400,5193471400,72049650100,4033.6292,4044.3375,4007.1246,4019.0053
103937000,4015.7368,2575600,27194900,5196047000,72076845000,4033.6292,4044.3375,4007.1246,4019.0053
103942000,4015.6878,2377200,31535400,5198424200,72108380400,4033.6292,4044.3375,4007.1246,4019.0053
103947000,4015.8375,3128100,43329600,5201552300,72151710000,4033.6292,4044.3375,4007.1246,4019.0053
103952000,4015.7411,2069500,27477500,5203621800,72179187500,4033.6292,4044.3375,4007.1246,4019.0053
103957000,4015.6777,2319400,30173800,5205941200,72209361300,4033.6292,4044.3375,4007.1246,4019.0053
104002000,4015.5815,2956100,38108700,5208897300,72247470000,4033.6292,4044.3375,4007.1246,4019.0053
104007000,4015.4442,3014000,34594400,5211911300,72282064400,4033.6292,4044.3375,4007.1246,4019.0053
104012000,4015.1843,2757700,33602000,5214669000,72315666400,4033.6292,4044.3375,4007.1246,4019.0053
104017000,4016.0432,3561900,58653500,5218230900,72374319900,4033.6292,4044.3375,4007.1246,4019.0053
104022000,4015.9193,2727200,31825300,5220958100,72406145200,4033.6292,4044.3375,4007.1246,4019.0053
104027000,4014.1527,2715700,41510900,5223673800,72447656100,4033.6292,4044.3375,4007.1246,4019.0053
104032000,4014.9145,2532500,36069500,5226206300,72483725600,4033.6292,4044.3375,4007.1246,4019.0053
104037000,4014.5366,1895800,30150800,5228102100,72513876400,4033.6292,4044.3375,4007.1246,4019.0053
104042000,4014.8593,3002500,54946100,5231104600,72568822500,4033.6292,4044.3375,4007.1246,4019.0053
104047000,4014.4982,3024200,51292400,5234128800,72620114900,4033.6292,4044.3375,4007.1246,4019.0053
104052000,4014.4976,2253500,31303800,5236382300,72651418700,4033.6292,4044.3375,4007.1246,4019.0053
104057000,4014.6723,3013400,37500300,5239395700,72688919000,4033.6292,4044.3375,4007.1246,4019.0053
104102000,4014.9346,2847000,40725500,5242242700,72729644500,4033.6292,4044.3375,4007.1246,4019.0053
104107000,4014.7177,1513400,23419500,5243756100,72753064000,4033.6292,4044.3375,4007.1246,4019.0053
104112000,4014.56,1865100,30191000,5245621200,72783255000,4033.6292,4044.3375,4007.1246,4019.0053
104117000,4014.8179,4722500,52392800,5250343700,72835647800,4033.6292,4044.3375,4007.1246,4019.0053
104122000,4015.1437,2653000,31007600,5252996700,72866655400,4033.6292,4044.3375,4007.1246,4019.0053
104127000,4014.7619,2765200,34127400,5255761900,72900782800,4033.6292,4044.3375,4007.1246,4019.0053
104132000,4014.7973,2724700,47435400,5258486600,72948218200,4033.6292,4044.3375,4007.1246,4019.0053
104137000,4014.2966,1636500,23907500,5260123100,72972125700,4033.6292,4044.3375,4007.1246,4019.0053
104142000,4014.2257,3208200,39876300,5263331300,73012002000,4033.6292,4044.3375,4007.1246,4019.0053
104147000,4014.0624,2262000,35335800,5265593300,73047337800,4033.6292,4044.3375,4007.1246,4019.0053
104152000,4014.2355,1721300,22396600,5267314600,73069734400,4033.6292,4044.3375,4007.1246,4019.0053
104157000,4014.5391,1873200,31107100,5269187800,73100841500,4033.6292,4044.3375,4007.1246,4019.0053
104202000,4014.4322,2692500,39845900,5271880300,73140687400,4033.6292,4044.3375,4007.1246,4019.0053
104207000,4014.0548,2021100,28836000,5273901400,73169523400,4033.6292,4044.3375,4007.1246,4019.0053
104212000,4013.7957,2497800,40539200,5276399200,73210062600,4033.6292,4044.3375,4007.1246,4019.0053
104217000,4013.9522,2999800,45227600,5279399000,73255290200,4033.6292,4044.3375,4007.1246,4019.0053
104222000,4014.156,1733000,29421100,5281132000,73284711300,4033.6292,4044.3375,4007.1246,4019.0053
104227000,4014.1888,3282000,37647200,5284414000,73322358500,4033.6292,4044.3375,4007.1246,4019.0053
104232000,4014.1014,2893000,53883100,5287307000,73376241600,4033.6292,4044.3375,4007.1246,4019.0053
104237000,4013.6386,2272400,31749800,5289579400,73407991400,4033.6292,4044.3375,4007.1246,4019.0053
104242000,4013.2782,2352500,38073400,5291931900,73446064800,4033.6292,4044.3375,4007.1246,4019.0053
104247000,4013.4155,2123400,28968500,5294055300,73475033300,4033.6292,4044.3375,4007.1246,4019.0053
104252000,4013.1669,1630800,25104000,5295686100,73500137300,4033.6292,4044.3375,4007.1246,4019.0053
104257000,4013.0908,2004600,27686100,5297690700,73527823400,4033.6292,4044.3375,4007.1246,4019.0053
104302000,4013.3008,2505200,51796700,5300195900,73579620100,4033.6292,4044.3375,4007.1246,4019.0053
104307000,4012.3317,1770300,26731600,5301966200,73606351700,4033.6292,4044.3375,4007.1246,4019.0053
104312000,4012.4848,3254800,39640300,5305221000,73645992000,4033.6292,4044.3375,4007.1246,4019.0053
104317000,4012.6126,2193200,36139700,5307414200,73682131700,4033.6292,4044.3375,4007.1246,4019.0053
104322000,4013.2361,2396500,27233100,5309810700,73709364800,4033.6292,4044.3375,4007.1246,4019.0053
104327000,4012.6651,2469200,33512400,5312279900,73742877200,4033.6292,4044.3375,4007.1246,4019.0053
104332000,4012.5124,3042700,37491000,5315322600,73780368200,4033.6292,4044.3375,4007.1246,4019.0053
104337000,4012.3029,1727300,24769800,5317049900,73805138000,4033.6292,4044.3375,4007.1246,4019.0053
104342000,4012.0285,2559400,34888800,5319609300,73840026800,4033.6292,4044.3375,4007.1246,4019.0053
104347000,4011.756,2301500,38867600,5321910800,73878894400,4033.6292,4044.3375,4007.1246,4019.0053
104352000,4011.579,1403900,20568600,5323314700,73899463000,4033.6292,4044.3375,4007.1246,4019.0053
104357000,4011.2788,2802600,37371400,5326117300,73936834400,4033.6292,4044.3375,4007.1246,4019.0053
104402000,4012.2127,2302400,35482800,5328419700,73972317200,4033.6292,4044.3375,4007.1246,4019.0053
104407000,4011.4501,1650700,24227800,5330070400,73996545000,4033.6292,4044.3375,4007.1246,4019.0053
104412000,4011.5128,2180400,33829400,5332250800,74030374400,4033.6292,4044.3375,4007.1246,4019.0053
104417000,4011.9299,4479700,53305000,5336730500,74083679400,4033.6292,4044.3375,4007.1246,4019.0053
104422000,4012.101,2404500,36430400,5339135000,74120109800,4033.6292,4044.3375,4007.1246,4019.0053
104427000,4011.8532,2931400,52606400,5342066400,74172716200,4033.6292,4044.3375,4007.1246,4019.0053
104432000,4011.1517,3024200,52783900,5345090600,74225500100,4033.6292,4044.3375,4007.1246,4019.0053
104437000,4010.8999,1460000,26306300,5346550600,74251806400,4033.6292,4044.3375,4007.1246,4019.0053
104442000,4010.9772,2069600,45609300,5348620200,74297415700,4033.6292,4044.3375,4007.1246,4019.0053
104447000,4011.2886,2903700,47548600,5351523900,74344964300,4033.6292,4044.3375,4007.1246,4019.0053
104452000,4011.0515,2618900,52583000,5354142800,74397547300,4033.6292,4044.3375,4007.1246,4019.0053
104457000,4012.3153,2746900,42341000,5356889700,74439888300,4033.6292,4044.3375,4007.1246,4019.0053
104502000,4012.8817,5407400,84553000,5362297100,74524441300,4033.6292,4044.3375,4007.1246,4019.0053
104507000,4011.9392,2788100,40522000,5365085200,74564963300,4033.6292,4044.3375,4007.1246,4019.0053
104512000,4012.8672,2663500,40122000,5367748700,74605085300,4033.6292,4044.3375,4007.1246,4019.0053
104517000,4011.5888,3230500,45293500,5370979200,74650378800,4033.6292,4044.3375,4007.1246,4019.0053
104522000,4012.305,1652700,29738900,5372631900,74680117700,4033.6292,4044.3375,4007.1246,4019.0053
104527000,4011.6333,2689000,39913100,5375320900,74720030800,4033.6292,4044.3375,4007.1246,4019.0053
104532000,4012.0053,3338200,46698700,5378659100,74766729500,4033.6292,4044.3375,4007.1246,4019.0053
104537000,4011.4052,1922100,26680400,5380581200,74793409900,4033.6292,4044.3375,4007.1246,4019.0053
104542000,4012.0186,2424400,36680700,5383005600,74830090600,4033.6292,4044.3375,4007.1246,4019.0053
104547000,4011.6754,2495100,34596500,5385500700,74864687100,4033.6292,4044.3375,4007.1246,4019.0053
104552000,4011.6724,1762100,25770500,5387262800,74890457600,4033.6292,4044.3375,4007.1246,4019.0053
104557000,4011.1968,2610900,47659900,5389873700,74938117500,4033.6292,4044.3375,4007.1246,4019.0053
104602000,4011.4222,2052400,35692200,5391926100,74973809700,4033.6292,4044.3375,4007.1246,4019.0053
104607000,4011.2988,2015500,26475700,5393941600,75000285400,4033.6292,4044.3375,4007.1246,4019.0053
104612000,4011.8804,2317900,33690500,5396259500,75033975900,4033.6292,4044.3375,4007.1246,4019.0053
104617000,4011.499,2187200,35159600,5398446700,75069135500,4033.6292,4044.3375,4007.1246,4019.0053
104622000,4012.035,1428900,24727700,5399875600,75093863200,4033.6292,4044.3375,4007.1246,4019.0053
104627000,4012.0599,1972200,35243200,5401847800,75129106400,4033.6292,4044.3375,4007.1246,4019.0053
104632000,4011.69,3153600,40703500,5405001400,75169809900,4033.6292,4044.3375,4007.1246,4019.0053
104637000,4011.0622,1278800,20152500,5406280200,75189962400,4033.6292,4044.3375,4007.1246,4019.0053
104642000,4011.9814,2382500,29638400,5408662700,75219600800,4033.6292,4044.3375,4007.1246,4019.0053
104647000,4011.8243,2577600,32846700,5411240300,75252447500,4033.6292,4044.3375,4007.1246,4019.0053
104652000,4011.3439,1664700,33543500,5412905000,75285991000,4033.6292,4044.3375,4007.1246,4019.0053
104657000,4011.3936,1980900,31670700,5414885900,75317661700,4033.6292,4044.3375,4007.1246,4019.0053
104702000,4011.3014,2312500,41124800,5417198400,75358786500,4033.6292,4044.3375,4007.1246,4019.0053
104707000,4011.6914,3041300,40104100,5420239700,75398890600,4033.6292,4044.3375,4007.1246,4019.0053
104712000,4012.0622,2028800,25668400,5422268500,75424559000,4033.6292,4044.3375,4007.1246,4019.0053
104717000,4011.7089,3146000,40284200,5425414500,75464843200,4033.6292,4044.3375,4007.1246,4019.0053
104722000,4011.6523,1792000,25094600,5427206500,75489937800,4033.6292,4044.3375,4007.1246,4019.0053
104727000,4011.8188,2229500,32096600,5429436000,75522034400,4033.6292,4044.3375,4007.1246,4019.0053
104732000,4011.2477,3395900,55506800,5432831900,75577541200,4033.6292,4044.3375,4007.1246,4019.0053
104737000,4010.9194,1812700,24554400,5434644600,75602095600,4033.6292,4044.3375,4007.1246,4019.0053
104742000,4011.1678,2890000,47419400,5437534600,75649515000,4033.6292,4044.3375,4007.1246,4019.0053
104747000,4011.2607,2088700,32440600,5439623300,75681955600,4033.6292,4044.3375,4007.1246,4019.0053
104752000,4010.6065,2118500,30983700,5441741800,75712939300,4033.6292,4044.3375,4007.1246,4019.0053
104757000,4010.4543,3033500,42915700,5444775300,75755855000,4033.6292,4044.3375,4007.1246,4019.0053
104802000,4010.1702,3462600,56324700,5448237900,75812179700,4033.6292,4044.3375,4007.1246,4019.0053
104807000,4009.8399,4573800,80460600,5452811700,75892640300,4033.6292,4044.3375,4007.1246,4019.0053
104812000,4009.956,3128200,53544500,5455939900,75946184800,4033.6292,4044.3375,4007.1246,4019.0053
104817000,4009.572,4447000,57958700,5460386900,76004143500,4033.6292,4044.3375,4007.1246,4019.0053
104822000,4009.8644,1514600,24248900,5461901500,76028392400,4033.6292,4044.3375,4007.1246,4019.0053
104827000,4009.733,2854900,47311500,5464756400,76075703900,4033.6292,4044.3375,4007.1246,4019.0053
104832000,4009.2998,2421000,41361400,5467177400,76117065300,4033.6292,4044.3375,4007.1246,4019.0053
104837000,4008.9165,5462700,46578400,5472640100,76163643700,4033.6292,4044.3375,4007.1246,4019.0053
104842000,4009.4184,2602800,37205800,5475242900,76200849500,4033.6292,4044.3375,4007.1246,4019.0053
104847000,4008.9367,5496800,79878600,5480739700,76280728100,4033.6292,4044.3375,4007.1246,4019.0053
104852000,4008.7272,2872000,59059700,5483611700,76339787800,4033.6292,4044.3375,4007.1246,4019.0053
104857000,4008.0278,4093500,56040700,5487705200,76395828500,4033.6292,4044.3375,4007.1246,4019.0053
104902000,4008.5443,3573000,57172400,5491278200,76453000900,4033.6292,4044.3375,4007.1246,4019.0053
104907000,4008.1001,2536500,40149100,5493814700,76493150000,4033.6292,4044.3375,4007.1246,4019.0053
104912000,4008.5121,2993400,47709600,5496808100,76540859600,4033.6292,4044.3375,4007.1246,4019.0053
104917000,4008.0303,4699700,67041800,5501507800,76607901400,4033.6292,4044.3375,4007.1246,4019.0053
104922000,4008.6196,2301800,35124100,5503809600,76643025500,4033.6292,4044.3375,4007.1246,4019.0053
104927000,4008.3677,3050900,48870500,5506860500,76691896000,4033.6292,4044.3375,4007.1246,4019.0053
104932000,4008.1367,2783200,51695000,5509643700,76743591000,4033.6292,4044.3375,4007.1246,4019.0053
104937000,4007.9756,2030300,35019100,5511674000,76778610100,4033.6292,4044.3375,4007.1246,4019.0053
104942000,4007.7535,2721200,43614300,5514395200,76822224400,4033.6292,4044.3375,4007.1246,4019.0053
104947000,4008.4633,4428300,57520100,5518823500,76879744500,4033.6292,4044.3375,4007.1246,4019.0053
104952000,4008.4252,2960100,41767700,5521783600,76921512200,4033.6292,4044.3375,4007.1246,4019.0053
104957000,4007.7173,3554000,49970100,5525337600,76971482300,4033.6292,4044.3375,4007.1246,4019.0053
105002000,4008.459,3741300,53214300,5529078900,77024696600,4033.6292,4044.3375,4007.1246,4019.0053
105007000,4008.1553,3075300,37479000,5532154200,77062175600,4033.6292,4044.3375,4007.1246,4019.0053
105012000,4008.3534,2541900,36910900,5534696100,77099086500,4033.6292,4044.3375,4007.1246,4019.0053
105017000,4007.8535,3552400,53441600,5538248500,77152528100,4033.6292,4044.3375,4007.1246,4019.0053
105022000,4008.5411,1880300,33217700,5540128800,77185745800,4033.6292,4044.3375,4007.1246,4019.0053
105027000,4008.4412,3265000,46791100,5543393800,77232536900,4033.6292,4044.3375,4007.1246,4019.0053
105032000,4008.1119,3495800,54397500,5546889600,77286934400,4033.6292,4044.3375,4007.1246,4019.0053
105037000,4007.8138,1593100,23178100,5548482700,77310112500,4033.6292,4044.3375,4007.1246,4019.0053
105042000,4007.758,3441600,54062700,5551924300,77364175200,4033.6292,4044.3375,4007.1246,4019.0053
105047000,4007.8647,2837100,45791900,5554761400,77409967100,4033.6292,4044.3375,4007.1246,4019.0053
105052000,4007.5495,1598200,24143800,5556359600,77434110900,4033.6292,4044.3375,4007.1246,4019.0053
105057000,4007.4265,2419800,33702600,5558779400,77467813500,4033.6292,4044.3375,4007.1246,4019.0053
105102000,4007.8922,3333200,50770800,5562112600,77518584300,4033.6292,4044.3375,4007.1246,4019.0053
105107000,4007.6654,2438700,32418200,5564551300,77551002500,4033.6292,4044.3375,4007.1246,4019.0053
105112000,4007.3668,3444200,54487300,5567995500,77605489800,4033.6292,4044.3375,4007.1246,4019.0053
105117000,4007.6797,3269600,54187200,5571265100,77659677000,4033.6292,4044.3375,4007.1246,4019.0053
105122000,4008.1588,3441600,37211000,5574706700,77696888000,4033.6292,4044.3375,4007.1246,4019.0053
105127000,4008.0182,3121700,44956300,5577828400,77741844300,4033.6292,4044.3375,4007.1246,4019.0053
105132000,4008.2512,3012800,46968400,5580841200,77788812700,4033.6292,4044.3375,4007.1246,4019.0053
105137000,4008.4032,2688500,41575200,5583529700,77830387900,4033.6292,4044.3375,4007.1246,4019.0053
105142000,4008.4114,3154700,46481000,5586684400,77876868900,4033.6292,4044.3375,4007.1246,4019.0053
105147000,4008.7293,3780000,64095400,5590464400,77940964300,4033.6292,4044.3375,4007.1246,4019.0053
105152000,4008.1094,2260700,28843000,5592725100,77969807300,4033.6292,4044.3375,4007.1246,4019.0053
105157000,4008.512,3273300,45111800,5595998400,78014919100,4033.6292,4044.3375,4007.1246,4019.0053
105202000,4008.9089,3244400,47957500,5599242800,78062876600,4033.6292,4044.3375,4007.1246,4019.0053
105207000,4008.5915,2312600,27384900,5601555400,78090261500,4033.6292,4044.3375,4007.1246,4019.0053
105212000,4008.2914,3228500,38358400,5604783900,78128619900,4033.6292,4044.3375,4007.1246,4019.0053
105217000,4008.6342,2967000,43092200,5607750900,78171712100,4033.6292,4044.3375,4007.1246,4019.0053
105222000,4008.9548,2624900,31009100,5610375800,78202721200,4033.6292,4044.3375,4007.1246,4019.0053
105227000,4009.0242,3269500,48781200,5613645300,78251502400,4033.6292,4044.3375,4007.1246,4019.0053
105232000,4009.1554,3812000,44682200,5617457300,78296184600,4033.6292,4044.3375,4007.1246,4019.0053
105237000,4008.9914,2124900,35354400,5619582200,78331539000,4033.6292,4044.3375,4007.1246,4019.0053
105242000,4008.7426,3194800,40966500,5622777000,78372505500,4033.6292,4044.3375,4007.1246,4019.0053
105247000,4008.9141,3581500,52176500,5626358500,78424682000,4033.6292,4044.3375,4007.1246,4019.0053
105252000,4008.0552,1889400,24785800,5628247900,78449467800,4033.6292,4044.3375,4007.1246,4019.0053
105257000,4008.8435,3121400,41830400,5631369300,78491298200,4033.6292,4044.3375,4007.1246,4019.0053
105302000,4009.3397,4814400,60441100,5636183700,78551739300,4033.6292,4044.3375,4007.1246,4019.0053
105307000,4008.9487,2211400,28382100,5638395100,78580121400,4033.6292,4044.3375,4007.1246,4019.0053
105312000,4008.8569,2309900,36247000,5640705000,78616368400,4033.6292,4044.3375,4007.1246,4019.0053
105317000,4009.4167,4565300,51831100,5645270300,78668199500,4033.6292,4044.3375,4007.1246,4019.0053
105322000,4009.751,3109600,42121100,5648379900,78710320600,4033.6292,4044.3375,4007.1246,4019.0053
105327000,4009.5233,4197900,54267800,5652577800,78764588400,4033.6292,4044.3375,4007.1246,4019.0053
105332000,4010.201,3427200,50265400,5656005000,78814853800,4033.6292,4044.3375,4007.1246,4019.0053
105337000,4010.0596,2638400,37700200,5658643400,78852554000,4033.6292,4044.3375,4007.1246,4019.0053
105342000,4009.7612,3940100,59283700,5662583500,78911837700,4033.6292,4044.3375,4007.1246,4019.0053
105347000,4010.8795,3864000,54630600,5666447500,78966468300,4033.6292,4044.3375,4007.1246,4019.0053
105352000,4010.6648,2432300,32119300,5668879800,78998587600,4033.6292,4044.3375,4007.1246,4019.0053
105357000,4010.912,3702300,63795700,5672582100,79062383300,4033.6292,4044.3375,4007.1246,4019.0053
105402000,4011.947,4549700,63995500,5677131800,79126378800,4033.6292,4044.3375,4007.1246,4019.0053
105407000,4011.5321,2298800,29473000,5679430600,79155851800,4033.6292,4044.3375,4007.1246,4019.0053
105412000,4011.5623,3182500,43563400,5682613100,79199415200,4033.6292,4044.3375,4007.1246,4019.0053
105417000,4011.6095,3614500,44549300,5686227600,79243964500,4033.6292,4044.3375,4007.1246,4019.0053
105422000,4012.0901,1972600,24006300,5688200200,79267970800,4033.6292,4044.3375,4007.1246,4019.0053
105427000,4012.9323,2799100,41789400,5690999300,79309760200,4033.6292,4044.3375,4007.1246,4019.0053
105432000,4013.5468,4123400,57374600,5695122700,79367134800,4033.6292,4044.3375,4007.1246,4019.0053
105437000,4013.2539,4262000,51420800,5699384700,79418555600,4033.6292,4044.3375,4007.1246,4019.0053
105442000,4014.7494,6649300,69285600,5706034000,79487841200,4033.6292,4044.3375,4007.1246,4019.0053
105447000,4014.9184,5590000,72261800,5711624000,79560103000,4033.6292,4044.3375,4007.1246,4019.0053
105452000,4014.8088,2879400,40325200,5714503400,79600428200,4033.6292,4044.3375,4007.1246,4019.0053
105457000,4014.6334,3107200,51560500,5717610600,79651988700,4033.6292,4044.3375,4007.1246,4019.0053
105502000,4015.7059,3285700,46577200,5720896300,79698565900,4033.6292,4044.3375,4007.1246,4019.0053
105507000,4015.0754,2101300,26912500,5722997600,79725478400,4033.6292,4044.3375,4007.1246,4019.0053
105512000,4015.7479,2302500,33809500,5725300100,79759287900,4033.6292,4044.3375,4007.1246,4019.0053
105517000,4016.0465,3138200,45229600,5728438300,79804517500,4033.6292,4044.3375,4007.1246,4019.0053
105522000,4016.3995,2082200,27485100,5730520500,79832002600,4033.6292,4044.3375,4007.1246,4019.0053
105527000,4016.3337,2282200,36210100,5732802700,79868212700,4033.6292,4044.3375,4007.1246,4019.0053
105532000,4016.0858,2284100,38902300,5735086800,79907115000,4033.6292,4044.3375,4007.1246,4019.0053
105537000,4015.6654,2346700,32525600,5737433500,79939640600,4033.6292,4044.3375,4007.1246,4019.0053
105542000,4015.9479,2683600,46788600,5740117100,79986429200,4033.6292,4044.3375,4007.1246,4019.0053
105547000,4015.8055,4292200,50621500,5744409300,80037050700,4033.6292,4044.3375,4007.1246,4019.0053
105552000,4015.8284,1777200,26267900,5746186500,80063318600,4033.6292,4044.3375,4007.1246,4019.0053
105557000,4015.247,3277800,41876400,5749464300,80105195000,4033.6292,4044.3375,4007.1246,4019.0053
105602000,4015.4561,2549500,46454000,5752013800,80151649000,4033.6292,4044.3375,4007.1246,4019.0053
105607000,4015.2328,2279600,25928000,5754293400,80177577000,4033.6292,4044.3375,4007.1246,4019.0053
105612000,4015.2731,2023800,31009800,5756317200,80208586800,4033.6292,4044.3375,4007.1246,4019.0053
105617000,4015.5234,2469000,35964800,5758786200,80244551600,4033.6292,4044.3375,4007.1246,4019.0053
105622000,4015.253,1807200,24014200,5760593400,80268565800,4033.6292,4044.3375,4007.1246,4019.0053
105627000,4015.3309,2443800,45350800,5763037200,80313916600,4033.6292,4044.3375,4007.1246,4019.0053
105632000,4013.9986,3382500,52927500,5766419700,80366844100,4033.6292,4044.3375,4007.1246,4019.0053
105637000,4013.0464,3022300,38967500,5769442000,80405811600,4033.6292,4044.3375,4007.1246,4019.0053
105642000,4013.8346,3713400,52273800,5773155400,80458085400,4033.6292,4044.3375,4007.1246,4019.0053
105647000,4014.4236,3181800,47886500,5776337200,80505971900,4033.6292,4044.3375,4007.1246,4019.0053
105652000,4013.4925,1910300,26988200,5778247500,80532960100,4033.6292,4044.3375,4007.1246,4019.0053
105657000,4013.0002,2085600,28094300,5780333100,80561054400,4033.6292,4044.3375,4007.1246,4019.0053
105702000,4013.4775,2571400,35158200,5782904500,80596212600,4033.6292,4044.3375,4007.1246,4019.0053
105707000,4012.7687,1153600,15522200,5784058100,80611734800,4033.6292,4044.3375,4007.1246,4019.0053
105712000,4013.4735,2981100,40856300,5787039200,80652591100,4033.6292,4044.3375,4007.1246,4019.0053
105717000,4013.8958,2232700,37625700,5789271900,80690216800,4033.6292,4044.3375,4007.1246,4019.0053
105722000,4013.3364,1234900,18374400,5790506800,80708591200,4033.6292,4044.3375,4007.1246,4019.0053
105727000,4013.6032,1645200,30494700,5792152000,80739085900,4033.6292,4044.3375,4007.1246,4019.0053
105732000,4013.6383,2328900,34173600,5794480900,80773259500,4033.6292,4044.3375,4007.1246,4019.0053
105737000,4012.9539,1353300,20353800,5795834200,80793613300,4033.6292,4044.3375,4007.1246,4019.0053
105742000,4013.7527,2222300,28762400,5798056500,80822375700,4033.6292,4044.3375,4007.1246,4019.0053
105747000,4013.9416,2681300,42916800,5800737800,80865292500,4033.6292,4044.3375,4007.1246,4019.0053
105752000,4013.4304,1129900,17261500,5801867700,80882554000,4033.6292,4044.3375,4007.1246,4019.0053
105757000,4012.5548,1788900,42638800,5803656600,80925192800,4033.6292,4044.3375,4007.1246,4019.0053
105802000,4013.3949,2348100,33566800,5806004700,80958759600,4033.6292,4044.3375,4007.1246,4019.0053
105807000,4013.0474,2680800,31252100,5808685500,80990011700,4033.6292,4044.3375,4007.1246,4019.0053
105812000,4013.0154,2521700,33570300,5811207200,81023582000,4033.6292,4044.3375,4007.1246,4019.0053
105817000,4013.4629,2319400,34589900,5813526600,81058171900,4033.6292,4044.3375,4007.1246,4019.0053
105822000,4013.2277,2273800,26755300,5815800400,81084927200,4033.6292,4044.3375,4007.1246,4019.0053
105827000,4013.45,2487400,32034500,5818287800,81116961700,4033.6292,4044.3375,4007.1246,4019.0053
105832000,4013.4106,1926300,28784900,5820214100,81145746600,4033.6292,4044.3375,4007.1246,4019.0053
105837000,4012.3715,1258700,18612000,5821472800,81164358600,4033.6292,4044.3375,4007.1246,4019.0053
105842000,4012.7634,2058400,26943300,5823531200,81191301900,4033.6292,4044.3375,4007.1246,4019.0053
105847000,4013.587,2157000,44228400,5825688200,81235530300,4033.6292,4044.3375,4007.1246,4019.0053
105852000,4013.2415,1291500,21103200,5826979700,81256633500,4033.6292,4044.3375,4007.1246,4019.0053
105857000,4013.0662,2427400,31534300,5829407100,81288167800,4033.6292,4044.3375,4007.1246,4019.0053
105902000,4012.814,2488900,31061400,5831896000,81319229200,4033.6292,4044.3375,4007.1246,4019.0053
105907000,4012.8547,1137100,18194500,5833033100,81337423700,4033.6292,4044.3375,4007.1246,4019.0053
105912000,4013.2259,2232900,28329700,5835266000,81365753400,4033.6292,4044.3375,4007.1246,4019.0053
105917000,4013.3956,2360000,33243100,5837626000,81398996500,4033.6292,4044.3375,4007.1246,4019.0053
105922000,4012.8314,2253700,28129300,5839879700,81427125800,4033.6292,4044.3375,4007.1246,4019.0053
105927000,4013.3299,3365700,35485600,5843245400,81462611400,4033.6292,4044.3375,4007.1246,4019.0053
105932000,4013.3204,2458100,29073000,5845703500,81491684400,4033.6292,4044.3375,4007.1246,4019.0053
105937000,4012.8064,2443600,29213700,5848147100,81520898100,4033.6292,4044.3375,4007.1246,4019.0053
105942000,4013.0967,2172100,23512200,5850319200,81544410300,4033.6292,4044.3375,4007.1246,4019.0053
105947000,4012.4741,2335800,29546800,5852655000,81573957100,4033.6292,4044.3375,4007.1246,4019.0053
105952000,4012.7863,2547600,50348900,5855202600,81624306000,4033.6292,4044.3375,4007.1246,4019.0053
105957000,4012.2594,2000800,27395300,5857203400,81651701300,4033.6292,4044.3375,4007.1246,4019.0053
110002000,4012.6188,2695800,36579200,5859899200,81688280500,4033.6292,4044.3375,4007.1246,4019.0053
110007000,4011.842,2893800,32585000,5862793000,81720865500,4033.6292,4044.3375,4007.1246,4019.0053
110012000,4012.4621,2224700,36246000,5865017700,81757111500,4033.6292,4044.3375,4007.1246,4019.0053
110017000,4011.8456,3902200,54121900,5868919900,81811233400,4033.6292,4044.3375,4007.1246,4019.0053
110022000,4012.2413,1801600,22643500,5870721500,81833876900,4033.6292,4044.3375,4007.1246,4019.0053
110027000,4012.1052,4271200,50611100,5874992700,81884488000,4033.6292,4044.3375,4007.1246,4019.0053
110032000,4011.7789,2736300,37711200,5877729000,81922199200,4033.6292,4044.3375,4007.1246,4019.0053
110037000,4011.361,2039200,28021600,5879768200,81950220800,4033.6292,4044.3375,4007.1246,4019.0053
110042000,4011.5726,1928500,26894900,5881696700,81977115700,4033.6292,4044.3375,4007.1246,4019.0053
110047000,4011.1452,2412500,37701600,5884109200,82014817300,4033.6292,4044.3375,4007.1246,4019.0053
110052000,4011.1046,1635300,28410200,5885744500,82043227500,4033.6292,4044.3375,4007.1246,4019.0053
110057000,4010.8996,1615000,34655400,5887359500,82077882900,4033.6292,4044.3375,4007.1246,4019.0053
110102000,4010.9259,2763000,51820200,5890122500,82129703100,4033.6292,4044.3375,4007.1246,4019.0053
110107000,4010.8726,2319600,27231200,5892442100,82156934300,4033.6292,4044.3375,4007.1246,4019.0053
110112000,4010.8986,2095000,33036000,5894537100,82189970300,4033.6292,4044.3375,4007.1246,4019.0053
110117000,4010.6818,4225000,53632800,5898762100,82243603100,4033.6292,4044.3375,4007.1246,4019.0053
110122000,4010.987,1393400,18937400,5900155500,82262540500,4033.6292,4044.3375,4007.1246,4019.0053
110127000,4010.8768,2101400,33026000,5902256900,82295566500,4033.6292,4044.3375,4007.1246,4019.0053
110132000,4010.6846,2605200,39182400,5904862100,82334748900,4033.6292,4044.3375,4007.1246,4019.0053
110137000,4010.0842,2114300,28638300,5906976400,82363387200,4033.6292,4044.3375,4007.1246,4019.0053
110142000,4010.2768,2443100,38677300,5909419500,82402064500,4033.6292,4044.3375,4007.1246,4019.0053
110147000,4009.8664,2643600,42104100,5912063100,82444168600,4033.6292,4044.3375,4007.1246,4019.0053
110152000,4009.9795,1534400,19991000,5913597500,82464159600,4033.6292,4044.3375,4007.1246,4019.0053
110157000,4009.258,1610600,24111200,5915208100,82488270800,4033.6292,4044.3375,4007.1246,4019.0053
110202000,4009.7902,4339100,52297900,5919547200,82540568700,4033.6292,4044.3375,4007.1246,4019.0053
110207000,4009.6764,1915200,27794400,5921462400,82568363100,4033.6292,4044.3375,4007.1246,4019.0053
110212000,4009.9921,2515000,37920500,5923977400,82606283600,4033.6292,4044.3375,4007.1246,4019.0053
110217000,4010.1563,3195700,46416200,5927173100,82652699800,4033.6292,4044.3375,4007.1246,4019.0053
110222000,4010.4469,1722800,23669400,5928895900,82676369200,4033.6292,4044.3375,4007.1246,4019.0053
110227000,4010.7051,2540400,44559300,5931436300,82720928500,4033.6292,4044.3375,4007.1246,4019.0053
110232000,4010.5297,3469900,47781100,5934906200,82768709600,4033.6292,4044.3375,4007.1246,4019.0053
110237000,4010.1481,2367500,34338500,5937273700,82803048100,4033.6292,4044.3375,4007.1246,4019.0053
110242000,4009.9634,3435400,65803800,5940709100,82868851900,4033.6292,4044.3375,4007.1246,4019.0053
110247000,4011.2633,3509200,52958900,5944218300,82921810800,4033.6292,4044.3375,4007.1246,4019.0053
110252000,4011.8009,2145300,32213100,5946363600,82954023900,4033.6292,4044.3375,4007.1246,4019.0053
110257000,4011.2453,3466100,55295600,5949829700,83009319500,4033.6292,4044.3375,4007.1246,4019.0053
110302000,4011.7505,2859100,40903800,5952688800,83050223300,4033.6292,4044.3375,4007.1246,4019.0053
110307000,4011.6127,1568900,29224500,5954257700,83079447800,4033.6292,4044.3375,4007.1246,4019.0053
110312000,4011.2793,2330200,36159800,5956587900,83115607600,4033.6292,4044.3375,4007.1246,4019.0053
110317000,4011.6016,3122300,90104000,5959710200,83205711600,4033.6292,4044.3375,4007.1246,4019.0053
110322000,4011.5857,1336600,23620100,5961046800,83229331700,4033.6292,4044.3375,4007.1246,4019.0053
110327000,4012.3947,2020800,29541400,5963067600,83258873100,4033.6292,4044.3375,4007.1246,4019.0053
110332000,4011.8511,2779500,40251600,5965847100,83299124700,4033.6292,4044.3375,4007.1246,4019.0053
110337000,4011.799,2332100,26173900,5968179200,83325298600,4033.6292,4044.3375,4007.1246,4019.0053
110342000,4011.569,2353000,36283100,5970532200,83361581700,4033.6292,4044.3375,4007.1246,4019.0053
110347000,4011.6142,2731800,59295800,5973264000,83420877500,4033.6292,4044.3375,4007.1246,4019.0053
110352000,4011.5355,1089200,21485100,5974353200,83442362600,4033.6292,4044.3375,4007.1246,4019.0053
110357000,4011.2406,2117400,37254000,5976470600,83479616600,4033.6292,4044.3375,4007.1246,4019.0053
110402000,4011.5751,1585500,31048400,5978056100,83510665000,4033.6292,4044.3375,4007.1246,4019.0053
110407000,4011.2599,1391500,19795400,5979447600,83530460400,4033.6292,4044.3375,4007.1246,4019.0053
110412000,4011.3123,3225800,35479200,5982673400,83565939600,4033.6292,4044.3375,4007.1246,4019.0053
110417000,4010.5794,5465300,58895500,5988138700,83624835100,4033.6292,4044.3375,4007.1246,4019.0053
110422000,4009.709,2645700,38148000,5990784400,83662983100,4033.6292,4044.3375,4007.1246,4019.0053
110427000,4008.408,6326200,88448400,5997110600,83751431500,4033.6292,4044.3375,4007.1246,4019.0053
110432000,4006.476,8899600,134078000,6006010200,83885509500,4033.6292,4044.3375,4006.476,4019.0053
110437000,4006.2276,6017400,79691400,6012027600,83965200900,4033.6292,4044.3375,4006.0957,4019.0053
110442000,4005.1789,5189100,91099300,6017216700,84056300200,4033.6292,4044.3375,4005.1789,4019.0053
110447000,4004.1464,6311600,93175900,6023528300,84149476100,4033.6292,4044.3375,4004.1464,4019.0053
110452000,4004.1124,3270700,60646900,6026799000,84210123000,4033.6292,4044.3375,4004.0426,4019.0053
110457000,4003.4479,8034700,100154400,6034833700,84310277400,4033.6292,4044.3375,4003.4479,4019.0053
110502000,4003.3358,4612600,67217300,6039446300,84377494700,4033.6292,4044.3375,4003.3358,4019.0053
110507000,4003.2767,2339400,31521200,6041785700,84409015900,4033.6292,4044.3375,4003.1056,4019.0053
110512000,4003.0191,3228900,51557700,6045014600,84460573600,4033.6292,4044.3375,4003.0191,4019.0053
110517000,4003.1955,7337300,82978300,6052351900,84543551900,4033.6292,4044.3375,4003.0191,4019.0053
110522000,4002.51,4394100,45088800,6056746000,84588640700,4033.6292,4044.3375,4002.51,4019.0053
110527000,4002.6823,4326400,63888700,6061072400,84652529400,4033.6292,4044.3375,4002.51,4019.0053
110532000,4003.0702,3347200,63015800,6064419600,84715545200,4033.6292,4044.3375,4002.51,4019.0053
110537000,4002.6678,2598000,39341600,6067017600,84754886800,4033.6292,4044.3375,4002.51,4019.0053
110542000,4002.5264,4677000,57086700,6071694600,84811973500,4033.6292,4044.3375,4002.51,4019.0053
110547000,4003.0296,6291400,77228100,6077986000,84889201600,4033.6292,4044.3375,4002.51,4019.0053
110552000,4002.2686,2219000,37728000,6080205000,84926929600,4033.6292,4044.3375,4002.2686,4019.0053
110557000,4002.0065,4173300,66277100,6084378300,84993206700,4033.6292,4044.3375,4002.0065,4019.0053
110602000,4002.094,4445400,71917700,6088823700,85065124400,4033.6292,4044.3375,4002.0065,4019.0053
110607000,4001.6342,2558100,45589500,6091381800,85110713900,4033.6292,4044.3375,4001.6342,4019.0053
110612000,4001.9759,3033100,42341700,6094414900,85153055600,4033.6292,4044.3375,4001.6342,4019.0053
110617000,4001.6401,4352000,70033300,6098766900,85223088900,4033.6292,4044.3375,4001.6342,4019.0053
110622000,4002.1085,3363700,49204100,6102130600,85272293000,4033.6292,4044.3375,4001.6342,4019.0053
110627000,4002.2901,3942600,52199900,6106073200,85324492900,4033.6292,4044.3375,4001.6342,4019.0053
110632000,4001.9519,3685700,61698100,6109758900,85386191000,4033.6292,4044.3375,4001.6342,4019.0053
110637000,4001.818,2345500,38275600,6112104400,85424466600,4033.6292,4044.3375,4001.6342,4019.0053
110642000,4001.9392,4622500,50171300,6116726900,85474637900,4033.6292,4044.3375,4001.6342,4019.0053
110647000,4002.0422,3882200,48101500,6120609100,85522739400,4033.6292,4044.3375,4001.6342,4019.0053
110652000,4002.5007,3004900,44234700,6123614000,85566974100,4033.6292,4044.3375,4001.6342,4019.0053
110657000,4002.0728,2788500,43284600,6126402500,85610258700,4033.6292,4044.3375,4001.6342,4019.0053
110702000,4002.1155,4498400,59128000,6130900900,85669386700,4033.6292,4044.3375,4001.6342,4019.0053
110707000,4001.9649,2472100,32491700,6133373000,85701878400,4033.6292,4044.3375,4001.6342,4019.0053
110712000,4001.9337,3463000,45724000,6136836000,85747602400,4033.6292,4044.3375,4001.6342,4019.0053
110717000,4001.8233,3007800,43678700,6139843800,85791281100,4033.6292,4044.3375,4001.6342,4019.0053
110722000,4002.4314,3052800,42179100,6142896600,85833460200,4033.6292,4044.3375,4001.6342,4019.0053
110727000,4002.3112,3889000,54785500,6146785600,85888245700,4033.6292,4044.3375,4001.6342,4019.0053
110732000,4002.4322,3852300,49747200,6150637900,85937992900,4033.6292,4044.3375,4001.6342,4019.0053
110737000,4001.8374,2324400,30803300,6152962300,85968796200,4033.6292,4044.3375,4001.6342,4019.0053
110742000,4001.841,3294400,40627000,6156256700,86009423200,4033.6292,4044.3375,4001.6342,4019.0053
110747000,4001.5829,3240200,45626200,6159496900,86055049400,4033.6292,4044.3375,4001.5215,4019.0053
110752000,4002.5168,2212800,29600700,6161709700,86084650100,4033.6292,4044.3375,4001.5215,4019.0053
110757000,4001.9071,4855800,64952000,6166565500,86149602100,4033.6292,4044.3375,4001.5215,4019.0053
110802000,4002.0154,3282800,52963700,6169848300,86202565800,4033.6292,4044.3375,4001.5215,4019.0053
110807000,4001.6969,1961100,29970900,6171809400,86232536700,4033.6292,4044.3375,4001.5215,4019.0053
110812000,4001.5202,3607400,46290500,6175416800,86278827200,4033.6292,4044.3375,4001.5202,4019.0053
110817000,4001.8232,3857900,47652700,6179274700,86326479900,4033.6292,4044.3375,4001.5202,4019.0053
110822000,4002.4278,3057400,38965800,6182332100,86365445700,4033.6292,4044.3375,4001.5202,4019.0053
110827000,4002.364,3963200,56241500,6186295300,86421687200,4033.6292,4044.3375,4001.5202,4019.0053
110832000,4001.2496,3647800,57786600,6189943100,86479473800,4033.6292,4044.3375,4001.2496,4019.0053
110837000,4001.0385,4138200,53074600,6194081300,86532548400,4033.6292,4044.3375,4001.0385,4019.0053
110842000,4000.5188,3624400,62802900,6197705700,86595351300,4033.6292,4044.3375,4000.5188,4019.0053
110847000,4000.5518,4516800,69602900,6202222500,86664954200,4033.6292,4044.3375,4000.3963,4019.0053
110852000,4000.4661,3852200,62304800,6206074700,86727259000,4033.6292,4044.3375,4000.3963,4019.0053
110857000,3999.7922,5607300,68059500,6211682000,86795318500,4033.6292,4044.3375,3999.7922,4019.0053
110902000,3999.6594,5488300,76856800,6217170300,86872175300,4033.6292,4044.3375,3999.6594,4019.0053
110907000,3999.4542,4028800,47943200,6221199100,86920118500,4033.6292,4044.3375,3999.4542,4019.0053
110912000,3999.4695,3718400,61023200,6224917500,86981141700,4033.6292,4044.3375,3999.4542,4019.0053
110917000,3998.6526,7242000,91915800,6232159500,87073057500,4033.6292,4044.3375,3998.6114,4019.0053
110922000,3997.9724,5925300,85624100,6238084800,87158681600,4033.6292,4044.3375,3997.9724,4019.0053
110927000,3998.0784,6222900,102845100,6244307700,87261526700,4033.6292,4044.3375,3997.9724,4019.0053
110932000,3997.2723,20765900,117966100,6265073600,87379492800,4033.6292,4044.3375,3997.2723,4019.0053
110937000,3997.0075,4995600,63233200,6270069200,87442726000,4033.6292,4044.3375,3997.0075,4019.0053
110942000,3996.0646,6231700,75678200,6276300900,87518404200,4033.6292,4044.3375,3996.0646,4019.0053
110947000,3995.508,15422000,138200100,6291722900,87656604300,4033.6292,4044.3375,3995.508,4019.0053
110952000,3995.0748,7537200,99185900,6299260100,87755790200,4033.6292,4044.3375,3995.0748,4019.0053
110957000,3994.0063,12298900,134903600,6311559000,87890693800,4033.6292,4044.3375,3994.0063,4019.0053
111002000,3992.8587,13928200,169514700,6325487200,88060208500,4033.6292,4044.3375,3992.8587,4019.0053
111007000,3991.9135,6749400,82139300,6332236600,88142347800,4033.6292,4044.3375,3991.9135,4019.0053
111012000,3991.7985,5444600,76346600,6337681200,88218694400,4033.6292,4044.3375,3991.7985,4019.0053
111017000,3991.94,10599300,175778700,6348280500,88394473100,4033.6292,4044.3375,3991.7985,4019.0053
111022000,3991.9555,5581500,71482100,6353862000,88465955200,4033.6292,4044.3375,3991.7813,4019.0053
111027000,3991.7999,6696700,99887600,6360558700,88565842800,4033.6292,4044.3375,3991.7813,4019.0053
111032000,3991.4989,7909700,114074800,6368468400,88679917600,4033.6292,4044.3375,3991.4989,4019.0053
111037000,3991.2776,4904100,68275900,6373372500,88748193500,4033.6292,4044.3375,3991.2776,4019.0053
111042000,3991.1637,5447600,78231800,6378820100,88826425300,4033.6292,4044.3375,3991.1637,4019.0053
111047000,3991.1501,7568700,105688000,6386388800,88932113300,4033.6292,4044.3375,3991.0602,4019.0053
111052000,3991.2391,4724900,85675700,6391113700,89017789000,4033.6292,4044.3375,3991.0602,4019.0053
111057000,3990.8405,6120600,93624600,6397234300,89111413600,4033.6292,4044.3375,3990.8405,4019.0053
111102000,3991.047,7394200,94014600,6404628500,89205428200,4033.6292,4044.3375,3990.8405,4019.0053
111107000,3991.0468,5108600,68611100,6409737100,89274039300,4033.6292,4044.3375,3990.7241,4019.0053
111112000,3990.3366,6568100,84675100,6416305200,89358714400,4033.6292,4044.3375,3990.3366,4019.0053
111117000,3990.7398,6174900,85855700,6422480100,89444570100,4033.6292,4044.3375,3990.3366,4019.0053
111122000,3990.8683,3518500,54384600,6425998600,89498954700,4033.6292,4044.3375,3990.3366,4019.0053
111127000,3990.8809,5723600,77315200,6431722200,89576269900,4033.6292,4044.3375,3990.3366,4019.0053
111132000,3990.2027,6471800,80536400,6438194000,89656806300,4033.6292,4044.3375,3990.2027,4019.0053
111137000,3989.6978,3781400,55632300,6441975400,89712438600,4033.6292,4044.3375,3989.6978,4019.0053
111142000,3989.383,6189500,79751300,6448164900,89792189900,4033.6292,4044.3375,3989.383,4019.0053
111147000,3988.8145,8018800,108416700,6456183700,89900606600,4033.6292,4044.3375,3988.8145,4019.0053
111152000,3988.5303,5517700,85237800,6461701400,89985844400,4033.6292,4044.3375,3988.5303,4019.0053
111157000,3988.2291,5220200,69284100,6466921600,90055128500,4033.6292,4044.3375,3988.2291,4019.0053
111202000,3988.5225,5922700,76906100,6472844300,90132034600,4033.6292,4044.3375,3988.2291,4019.0053
111207000,3988.3561,4113700,54033500,6476958000,90186068100,4033.6292,4044.3375,3988.2291,4019.0053
111212000,3988.1467,5283600,77764300,6482241600,90263832400,4033.6292,4044.3375,3988.1467,4019.0053
111217000,3988.4892,6692600,84804800,6488934200,90348637200,4033.6292,4044.3375,3988.1467,4019.0053
111222000,3988.553,3016600,53223700,6491950800,90401860900,4033.6292,4044.3375,3988.1467,4019.0053
111227000,3989.6299,5389600,110143700,6497340400,90512004600,4033.6292,4044.3375,3988.1467,4019.0053
111232000,3989.6363,5807300,79522900,6503147700,90591527500,4033.6292,4044.3375,3988.1467,4019.0053
111237000,3989.9445,4121000,59120600,6507268700,90650648100,4033.6292,4044.3375,3988.1467,4019.0053
111242000,3990.1836,8390900,102597400,6515659600,90753245500,4033.6292,4044.3375,3988.1467,4019.0053
111247000,3990.3674,4950600,84332800,6520610200,90837578300,4033.6292,4044.3375,3988.1467,4019.0053
111252000,3990.789,3985600,55235000,6524595800,90892813300,4033.6292,4044.3375,3988.1467,4019.0053
111257000,3990.5271,4006100,64281100,6528601900,90957094400,4033.6292,4044.3375,3988.1467,4019.0053
111302000,3991.4692,6887900,87738500,6535489800,91044832900,4033.6292,4044.3375,3988.1467,4019.0053
111307000,3991.4274,2940200,40372800,6538430000,91085205700,4033.6292,4044.3375,3988.1467,4019.0053
111312000,3991.2112,5202800,67232900,6543632800,91152438600,4033.6292,4044.3375,3988.1467,4019.0053
111317000,3991.2207,4755600,67013400,6548388400,91219452000,4033.6292,4044.3375,3988.1467,4019.0053
111322000,3991.2322,3554800,44306000,6551943200,91263758000,4033.6292,4044.3375,3988.1467,4019.0053
111327000,3991.7575,4378200,53356000,6556321400,91317114000,4033.6292,4044.3375,3988.1467,4019.0053
111332000,3991.4567,6074500,65185600,6562395900,91382299600,4033.6292,4044.3375,3988.1467,4019.0053
111337000,3991.5839,3924800,42353300,6566320700,91424652900,4033.6292,4044.3375,3988.1467,4019.0053
111342000,3991.77,5615300,66881500,6571936000,91491534400,4033.6292,4044.3375,3988.1467,4019.0053
111347000,3992.1066,5878400,64759200,6577814400,91556293600,4033.6292,4044.3375,3988.1467,4019.0053
111352000,3991.8687,3264100,45153000,6581078500,91601446600,4033.6292,4044.3375,3988.1467,4019.0053
111357000,3992.3476,3518800,46021200,6584597300,91647467800,4033.6292,4044.3375,3988.1467,4019.0053
111402000,3992.0866,5350800,87592100,6589948100,91735059900,4033.6292,4044.3375,3988.1467,4019.0053
111407000,3991.7051,3165100,49932300,6593113200,91784992200,4033.6292,4044.3375,3988.1467,4019.0053
111412000,3990.8314,5523500,80430300,6598636700,91865422500,4033.6292,4044.3375,3988.1467,4019.0053
111417000,3988.5479,11800200,169268300,6610436900,92034690800,4033.6292,4044.3375,3988.1467,4019.0053
111422000,3988.0231,6544900,85291700,6616981800,92119982500,4033.6292,4044.3375,3988.0231,4019.0053
111427000,3988.8379,6216000,85570300,6623197800,92205552800,4033.6292,4044.3375,3988.0231,4019.0053
111432000,3988.9202,4656900,93731700,6627854700,92299284500,4033.6292,4044.3375,3988.0231,4019.0053
111437000,3988.5475,4165800,59426000,6632020500,92358710500,4033.6292,4044.3375,3988.0231,4019.0053
111442000,3988.9607,6266100,141848200,6638286600,92500558700,4033.6292,4044.3375,3988.0231,4019.0053
111447000,3989.1361,5058200,73317900,6643344800,92573876600,4033.6292,4044.3375,3988.0231,4019.0053
111452000,3988.8077,3168900,39267100,6646513700,92613143700,4033.6292,4044.3375,3988.0231,4019.0053
111457000,3989.687,3185900,49924500,6649699600,92663068200,4033.6292,4044.3375,3988.0231,4019.0053
111502000,3989.1526,4238800,50639800,6653938400,92713708000,4033.6292,4044.3375,3988.0231,4019.0053
111507000,3989.2797,2846900,54312900,6656785300,92768020900,4033.6292,4044.3375,3988.0231,4019.0053
111512000,3989.046,3082800,48687000,6659868100,92816707900,4033.6292,4044.3375,3988.0231,4019.0053
111517000,3989.0916,4367400,75364900,6664235500,92892072800,4033.6292,4044.3375,3988.0231,4019.0053
111522000,3988.7055,2553200,43490200,6666788700,92935563000,4033.6292,4044.3375,3988.0231,4019.0053
111527000,3988.9001,7231900,94700400,6674020600,93030263400,4033.6292,4044.3375,3988.0231,4019.0053
111532000,3988.2768,4708900,81199700,6678729500,93111463100,4033.6292,4044.3375,3988.0231,4019.0053
111537000,3988.2382,4232300,57020600,6682961800,93168483700,4033.6292,4044.3375,3988.0231,4019.0053
111542000,3988.9431,3405500,46307500,6686367300,93214791200,4033.6292,4044.3375,3988.0231,4019.0053
111547000,3988.7066,3764900,58754200,6690132200,93273545400,4033.6292,4044.3375,3988.0231,4019.0053
111552000,3988.6535,2473400,33968900,6692605600,93307514300,4033.6292,4044.3375,3988.0231,4019.0053
111557000,3988.7703,3035100,51944900,6695640700,93359459200,4033.6292,4044.3375,3988.0231,4019.0053
111602000,3988.1396,3754100,65163200,6699394800,93424622400,4033.6292,4044.3375,3988.0231,4019.0053
111607000,3988.2747,4095400,59673900,6703490200,93484296300,4033.6292,4044.3375,3988.0231,4019.0053
111612000,3988.8846,3193100,58286600,6706683300,93542582900,4033.6292,4044.3375,3988.0231,4019.0053
111617000,3989.3154,5511700,78401400,6712195000,93620984300,4033.6292,4044.3375,3988.0231,4019.0053
111622000,3989.3439,2522100,35434900,6714717100,93656419200,4033.6292,4044.3375,3988.0231,4019.0053
111627000,3990.3856,4359600,46908100,6719076700,93703327300,4033.6292,4044.3375,3988.0231,4019.0053
111632000,3990.2301,3529500,50267200,6722606200,93753594500,4033.6292,4044.3375,3988.0231,4019.0053
111637000,3990.072,4138700,43819600,6726744900,93797414100,4033.6292,4044.3375,3988.0231,4019.0053
111642000,3991.0187,5196900,65302800,6731941800,93862716900,4033.6292,4044.3375,3988.0231,4019.0053
111647000,3990.0835,5100500,54264500,6737042300,93916981400,4033.6292,4044.3375,3988.0231,4019.0053
111652000,3989.8352,2391600,36613600,6739433900,93953595000,4033.6292,4044.3375,3988.0231,4019.0053
111657000,3989.7104,2900200,52836100,6742334100,94006431100,4033.6292,4044.3375,3988.0231,4019.0053
111702000,3989.0538,5746400,75415400,6748080500,94081846500,4033.6292,4044.3375,3988.0231,4019.0053
111707000,3989.4715,2490100,39792400,6750570600,94121638900,4033.6292,4044.3375,3988.0231,4019.0053
111712000,3990.5336,4275500,49773900,6754846100,94171412800,4033.6292,4044.3375,3988.0231,4019.0053
111717000,3990.3975,4208900,73007400,6759055000,94244420200,4033.6292,4044.3375,3988.0231,4019.0053
111722000,3990.5599,1873900,32085500,6760928900,94276505700,4033.6292,4044.3375,3988.0231,4019.0053
111727000,3990.5977,3494600,55413100,6764423500,94331918800,4033.6292,4044.3375,3988.0231,4019.0053
111732000,3990.9645,4238400,57777400,6768661900,94389696200,4033.6292,4044.3375,3988.0231,4019.0053
111737000,3990.7968,1663800,27608500,6770325700,94417304700,4033.6292,4044.3375,3988.0231,4019.0053
111742000,3992.3972,3356400,52879700,6773682100,94470184400,4033.6292,4044.3375,3988.0231,4019.0053
111747000,3992.1807,2693700,37748600,6776375800,94507933000,4033.6292,4044.3375,3988.0231,4019.0053
111752000,3991.6365,2984900,46148200,6779360700,94554081200,4033.6292,4044.3375,3988.0231,4019.0053
111757000,3991.3993,4149200,47415600,6783509900,94601496800,4033.6292,4044.3375,3988.0231,4019.0053
111802000,3991.7503,4359000,48986100,6787868900,94650482900,4033.6292,4044.3375,3988.0231,4019.0053
111807000,3991.7777,2076800,37262800,6789945700,94687745700,4033.6292,4044.3375,3988.0231,4019.0053
111812000,3992.3968,2924100,42757800,6792869800,94730503500,4033.6292,4044.3375,3988.0231,4019.0053
111817000,3992.2776,4645100,52793900,6797514900,94783297400,4033.6292,4044.3375,3988.0231,4019.0053
111822000,3992.2533,2059600,30168700,6799574500,94813466100,4033.6292,4044.3375,3988.0231,4019.0053
111827000,3992.4777,2960900,36745400,6802535400,94850211500,4033.6292,4044.3375,3988.0231,4019.0053
111832000,3991.6816,4099500,66827800,6806634900,94917039300,4033.6292,4044.3375,3988.0231,4019.0053
111837000,3989.2753,4874400,70322000,6811509300,94987361300,4033.6292,4044.3375,3988.0231,4019.0053
111842000,3988.2037,9468300,135021900,6820977600,95122383200,4033.6292,4044.3375,3988.0231,4019.0053
111847000,3987.9308,8857800,137160300,6829835400,95259543500,4033.6292,4044.3375,3987.4822,4019.0053
111852000,3988.1723,4147100,61229100,6833982500,95320772600,4033.6292,4044.3375,3987.4822,4019.0053
111857000,3988.7957,4084300,63865200,6838066800,95384637800,4033.6292,4044.3375,3987.4822,4019.0053
111902000,3989.1211,4052900,56299500,6842119700,95440937300,4033.6292,4044.3375,3987.4822,4019.0053
111907000,3989.1423,2430400,34949500,6844550100,95475886800,4033.6292,4044.3375,3987.4822,4019.0053
111912000,3989.3157,2495100,39930400,6847045200,95515817200,4033.6292,4044.3375,3987.4822,4019.0053
111917000,3989.492,3463400,58785700,6850508600,95574602900,4033.6292,4044.3375,3987.4822,4019.0053
111922000,3989.6329,2252000,32262500,6852760600,95606865400,4033.6292,4044.3375,3987.4822,4019.0053
111927000,3989.4318,2659100,61742000,6855419700,95668607400,4033.6292,4044.3375,3987.4822,4019.0053
111932000,3989.404,3404600,46903100,6858824300,95715510500,4033.6292,4044.3375,3987.4822,4019.0053
111937000,3989.287,1813300,28660000,6860637600,95744170500,4033.6292,4044.3375,3987.4822,4019.0053
111942000,3989.507,2203500,36020900,6862841100,95780191400,4033.6292,4044.3375,3987.4822,4019.0053
111947000,3989.0959,4062700,60737300,6866903800,95840928700,4033.6292,4044.3375,3987.4822,4019.0053
111952000,3990.0435,4178400,53544800,6871082200,95894473500,4033.6292,4044.3375,3987.4822,4019.0053
111957000,3989.4736,3462700,48321600,6874544900,95942795100,4033.6292,4044.3375,3987.4822,4019.0053
112002000,3990.3748,4500300,65507700,6879045200,96008302800,4033.6292,4044.3375,3987.4822,4019.0053
112007000,3989.6709,1972600,29898800,6881017800,96038201600,4033.6292,4044.3375,3987.4822,4019.0053
112012000,3989.9734,2450400,37281500,6883468200,96075483100,4033.6292,4044.3375,3987.4822,4019.0053
112017000,3988.5787,3722400,52130500,6887190600,96127613600,4033.6292,4044.3375,3987.4822,4019.0053
112022000,3986.923,6262700,91935600,6893453300,96219549200,4033.6292,4044.3375,3986.923,4019.0053
112027000,3986.0115,5852700,83444500,6899306000,96302993700,4033.6292,4044.3375,3986.0115,4019.0053
112032000,3986.4328,7321800,109518700,6906627800,96412512400,4033.6292,4044.3375,3985.6225,4019.0053
112037000,3985.2741,3933200,71345600,6910561000,96483858000,4033.6292,4044.3375,3985.2741,4019.0053
112042000,3985.6199,4133900,70974600,6914694900,96554832600,4033.6292,4044.3375,3985.2741,4019.0053
112047000,3984.7913,6092000,123029200,6920786900,96677861800,4033.6292,4044.3375,3984.7913,4019.0053
112052000,3984.699,2897300,48380800,6923684200,96726242600,4033.6292,4044.3375,3984.6718,4019.0053
112057000,3984.341,8738400,78740900,6932422600,96804983500,4033.6292,4044.3375,3984.341,4019.0053
112102000,3985.1219,7375700,81514300,6939798300,96886497800,4033.6292,4044.3375,3984.341,4019.0053
112107000,3983.8437,4158900,77758700,6943957200,96964256500,4033.6292,4044.3375,3983.8437,4019.0053
112112000,3984.3268,5428600,84404800,6949385800,97048661300,4033.6292,4044.3375,3983.8437,4019.0053
112117000,3983.1767,6540700,115157000,6955926500,97163818300,4033.6292,4044.3375,3983.0329,4019.0053
112122000,3983.5472,3983700,62766200,6959910200,97226584500,4033.6292,4044.3375,3983.0329,4019.0053
112127000,3982.7145,4924500,91883800,6964834700,97318468300,4033.6292,4044.3375,3982.7145,4019.0053
112132000,3982.5476,7524900,111537800,6972359600,97430006100,4033.6292,4044.3375,3982.4399,4019.0053
112137000,3981.1734,5134600,81532700,6977494200,97511538800,4033.6292,4044.3375,3981.1734,4019.0053
112142000,3981.4978,6099400,101452700,6983593600,97612991500,4033.6292,4044.3375,3981.1734,4019.0053
112147000,3980.8927,7474000,101563900,6991067600,97714555400,4033.6292,4044.3375,3980.8859,4019.0053
112152000,3980.8946,5089600,78783000,6996157200,97793338400,4033.6292,4044.3375,3980.6458,4019.0053
112157000,3980.5514,6208900,90518100,7002366100,97883856500,4033.6292,4044.3375,3980.5514,4019.0053
112202000,3979.1283,10418700,139722600,7012784800,98023579100,4033.6292,4044.3375,3979.1045,4019.0053
112207000,3978.2692,11301900,146408700,7024086700,98169987800,4033.6292,4044.3375,3978.2692,4019.0053
112212000,3977.8417,13063700,143824700,7037150400,98313812500,4033.6292,4044.3375,3977.8417,4019.0053
112217000,3976.8414,13823700,185622900,7050974100,98499435400,4033.6292,4044.3375,3976.8414,4019.0053
112222000,3976.8829,6386000,91779900,7057360100,98591215300,4033.6292,4044.3375,3976.8414,4019.0053
112227000,3976.6098,9358500,157177000,7066718600,98748392300,4033.6292,4044.3375,3976.6098,4019.0053
112232000,3976.4346,7170300,100533500,7073888900,98848925800,4033.6292,4044.3375,3976.4346,4019.0053
112237000,3976.2647,6264100,70217800,7080153000,98919143600,4033.6292,4044.3375,3976.2647,4019.0053
112242000,3975.5228,6664900,93797200,7086817900,99012940800,4033.6292,4044.3375,3975.5228,4019.0053
112247000,3975.464,7035200,101160800,7093853100,99114101600,4033.6292,4044.3375,3975.3018,4019.0053
112252000,3975.004,5589100,83113500,7099442200,99197215100,4033.6292,4044.3375,3974.9631,4019.0053
112257000,3974.238,7054800,98344900,7106497000,99295560000,4033.6292,4044.3375,3974.238,4019.0053
112302000,3974.6307,7268300,112275400,7113765300,99407835400,4033.6292,4044.3375,3974.238,4019.0053
112307000,3974.6198,8137300,101364500,7121902600,99509199900,4033.6292,4044.3375,3974.238,4019.0053
112312000,3974.5691,6579300,94042000,7128481900,99603241900,4033.6292,4044.3375,3974.238,4019.0053
112317000,3974.7855,6655400,96597900,7135137300,99699839800,4033.6292,4044.3375,3974.238,4019.0053
112322000,3975.1701,7525800,88206300,7142663100,99788046100,4033.6292,4044.3375,3974.238,4019.0053
112327000,3975.5696,6435600,85366000,7149098700,99873412100,4033.6292,4044.3375,3974.238,4019.0053
112332000,3975.5449,8641100,103179100,7157739800,99976591200,4033.6292,4044.3375,3974.238,4019.0053
112337000,3975.7192,6870100,67727300,7164609900,100044318500,4033.6292,4044.3375,3974.238,4019.0053
112342000,3976.0658,8859300,86977300,7173469200,100131295800,4033.6292,4044.3375,3974.238,4019.0053
112347000,3975.6332,7869900,96782900,7181339100,100228078700,4033.6292,4044.3375,3974.238,4019.0053
112352000,3976.0101,5509500,75122900,7186848600,100303201600,4033.6292,4044.3375,3974.238,4019.0053
112357000,3976.1382,5534000,64441000,7192382600,100367642600,4033.6292,4044.3375,3974.238,4019.0053
112402000,3976.5745,10995200,109681800,7203377800,100477324400,4033.6292,4044.3375,3974.238,4019.0053
112407000,3975.9551,12767700,68138200,7216145500,100545462600,4033.6292,4044.3375,3974.238,4019.0053
112412000,3975.7076,7529000,85077100,7223674500,100630539700,4033.6292,4044.3375,3974.238,4019.0053
112417000,3974.9559,10444800,123366700,7234119300,100753906400,4033.6292,4044.3375,3974.238,4019.0053
112422000,3974.9755,6979600,67761200,7241098900,100821667600,4033.6292,4044.3375,3974.238,4019.0053
112427000,3974.7008,6863800,90474900,7247962700,100912142500,4033.6292,4044.3375,3974.238,4019.0053
112432000,3974.4013,7444600,98626600,7255407300,101010769100,4033.6292,4044.3375,3974.238,4019.0053
112437000,3974.7905,4961500,59672200,7260368800,101070441300,4033.6292,4044.3375,3974.238,4019.0053
112442000,3974.4393,4486200,65144100,7264855000,101135585400,4033.6292,4044.3375,3974.238,4019.0053
112447000,3973.8541,6469200,79771000,7271324200,101215356400,4033.6292,4044.3375,3973.7698,4019.0053
112452000,3973.8322,5889200,67717600,7277213400,101283074000,4033.6292,4044.3375,3973.7698,4019.0053
112457000,3973.6055,8129100,79293600,7285342500,101362367600,4033.6292,4044.3375,3973.6055,4019.0053
112502000,3972.988,9412200,106919700,7294754700,101469287300,4033.6292,4044.3375,3972.988,4019.0053
112507000,3972.8612,6294900,83264400,7301049600,101552551700,4033.6292,4044.3375,3972.8612,4019.0053
112512000,3972.541,8405800,84592200,7309455400,101637143900,4033.6292,4044.3375,3972.541,4019.0053
112517000,3972.4161,5619800,75805800,7315075200,101712949700,4033.6292,4044.3375,3972.4111,4019.0053
112522000,3972.6622,4000400,68804300,7319075600,101781754000,4033.6292,4044.3375,3972.4111,4019.0053
112527000,3972.2491,4800200,64181400,7323875800,101845935400,4033.6292,4044.3375,3972.2028,4019.0053
112532000,3972.233,5745700,71492800,7329621500,101917428200,4033.6292,4044.3375,3972.2028,4019.0053
112537000,3971.84,4161600,66904300,7333783100,101984332500,4033.6292,4044.3375,3971.84,4019.0053
112542000,3970.8807,6722200,84561400,7340505300,102068893900,4033.6292,4044.3375,3970.8807,4019.0053
112547000,3970.3495,9312000,123494000,7349817300,102192387900,4033.6292,4044.3375,3970.074,4019.0053
112552000,3969.963,7467300,94468700,7357284600,102286856600,4033.6292,4044.3375,3969.963,4019.0053
112557000,3969.4004,5796500,85691000,7363081100,102372547600,4033.6292,4044.3375,3969.3632,4019.0053
112602000,3967.9132,13555200,164687500,7376636300,102537235100,4033.6292,4044.3375,3967.8469,4019.0053
112607000,3968.1048,8008800,92691500,7384645100,102629926600,4033.6292,4044.3375,3967.8469,4019.0053
112612000,3968.2704,7608200,86200000,7392253300,102716126600,4033.6292,4044.3375,3967.8469,4019.0053
112617000,3967.8058,7043100,94865600,7399296400,102810992200,4033.6292,4044.3375,3967.8058,4019.0053
112622000,3968.2148,7163900,83867100,7406460300,102894859300,4033.6292,4044.3375,3967.8058,4019.0053
112627000,3967.857,4893000,73311600,7411353300,102968170900,4033.6292,4044.3375,3967.8058,4019.0053
112632000,3968.3508,6540900,89426100,7417894200,103057597000,4033.6292,4044.3375,3967.8058,4019.0053
112637000,3968.8633,6770900,86246100,7424665100,103143843100,4033.6292,4044.3375,3967.8058,4019.0053
112642000,3968.9535,6184300,84163800,7430849400,103228006900,4033.6292,4044.3375,3967.8058,4019.0053
112647000,3969.3849,6821500,102496400,7437670900,103330503300,4033.6292,4044.3375,3967.8058,4019.0053
112652000,3969.6192,5486200,64812200,7443157100,103395315500,4033.6292,4044.3375,3967.8058,4019.0053
112657000,3969.6304,4837600,72698200,7447994700,103468013700,4033.6292,4044.3375,3967.8058,4019.0053
112702000,3969.9783,5863200,76437800,7453857900,103544451500,4033.6292,4044.3375,3967.8058,4019.0053
112707000,3970.4278,4766700,60359600,7458624600,103604811100,4033.6292,4044.3375,3967.8058,4019.0053
112712000,3971.276,6460100,84575800,7465084700,103689386900,4033.6292,4044.3375,3967.8058,4019.0053
112717000,3971.7582,6350800,81887700,7471435500,103771274600,4033.6292,4044.3375,3967.8058,4019.0053
112722000,3972.5228,4848500,66435200,7476284000,103837709800,4033.6292,4044.3375,3967.8058,4019.0053
112727000,3973.4383,5788900,73373600,7482072900,103911083400,4033.6292,4044.3375,3967.8058,4019.0053
112732000,3974.373,8517600,107201300,7490590500,104018284700,4033.6292,4044.3375,3967.8058,4019.0053
112737000,3975.2746,6268500,66807500,7496859000,104085092200,4033.6292,4044.3375,3967.8058,4019.0053
112742000,3975.8489,6381300,76928000,7503240300,104162020200,4033.6292,4044.3375,3967.8058,4019.0053
112747000,3976.8174,5846400,80080000,7509086700,104242100200,4033.6292,4044.3375,3967.8058,4019.0053
112752000,3977.0746,3981100,54251300,7513067800,104296351500,4033.6292,4044.3375,3967.8058,4019.0053
112757000,3977.8329,4221600,57263900,7517289400,104353615400,4033.6292,4044.3375,3967.8058,4019.0053
112802000,3978.1494,4781700,60584800,7522071100,104414200200,4033.6292,4044.3375,3967.8058,4019.0053
112807000,3978.3111,4389400,56733100,7526460500,104470933300,4033.6292,4044.3375,3967.8058,4019.0053
112812000,3977.4012,5263600,66084400,7531724100,104537017700,4033.6292,4044.3375,3967.8058,4019.0053
112817000,3977.9738,6132200,68182400,7537856300,104605200100,4033.6292,4044.3375,3967.8058,4019.0053
112822000,3978.1848,3496000,35418200,7541352300,104640618300,4033.6292,4044.3375,3967.8058,4019.0053
112827000,3978.5059,4662700,51539700,7546015000,104692158000,4033.6292,4044.3375,3967.8058,4019.0053
112832000,3978.8774,5388300,64001700,7551403300,104756159700,4033.6292,4044.3375,3967.8058,4019.0053
112837000,3978.8813,3206400,40229600,7554609700,104796389300,4033.6292,4044.3375,3967.8058,4019.0053
112842000,3979.3321,3380700,37131900,7557990400,104833521200,4033.6292,4044.3375,3967.8058,4019.0053
112847000,3979.3376,4015000,50658200,7562005400,104884179400,4033.6292,4044.3375,3967.8058,4019.0053
112852000,3979.517,2701500,41212100,7564706900,104925391500,4033.6292,4044.3375,3967.8058,4019.0053
112857000,3979.908,3466200,46607100,7568173100,104971998600,4033.6292,4044.3375,3967.8058,4019.0053
112902000,3979.8143,6342700,60154300,7574515800,105032152900,4033.6292,4044.3375,3967.8058,4019.0053
112907000,3980.3621,3289000,48552700,7577804800,105080705600,4033.6292,4044.3375,3967.8058,4019.0053
112912000,3980.4697,4122700,58483100,7581927500,105139188700,4033.6292,4044.3375,3967.8058,4019.0053
112917000,3981.5661,4091500,65183800,7586019000,105204372500,4033.6292,4044.3375,3967.8058,4019.0053
112922000,3982.0714,4490200,47261000,7590509200,105251633500,4033.6292,4044.3375,3967.8058,4019.0053
112927000,3983.0992,3571800,50610600,7594081000,105302244100,4033.6292,4044.3375,3967.8058,4019.0053
112932000,3983.4433,5041200,52062300,7599122200,105354306400,4033.6292,4044.3375,3967.8058,4019.0053
112937000,3983.7165,2799600,34709800,7601921800,105389016200,4033.6292,4044.3375,3967.8058,4019.0053
112942000,3983.4841,2939100,46290400,7604860900,105435306600,4033.6292,4044.3375,3967.8058,4019.0053
112947000,3983.8366,4746400,44743700,7609607300,105480050300,4033.6292,4044.3375,3967.8058,4019.0053
112952000,3984.0525,2866400,29457500,7612473700,105509507800,4033.6292,4044.3375,3967.8058,4019.0053
112957000,3984.5712,3066100,41876400,7615539800,105551384200,4033.6292,4044.3375,3967.8058,4019.0053
113002000,3984.8472,3686900,44191500,7619226700,105595575700,4033.6292,4044.3375,3967.8058,4019.0053
113007000,3984.7099,67100,1139300,7619293800,105596715000,4033.6292,4044.3375,3967.8058,4019.0053
130002000,3985.0356,3898500,40097100,7623192300,105636812100,4033.6292,4044.3375,3967.8058,4019.0053
130007000,3986.9491,54560000,600470800,7677752300,106237282900,4033.6292,4044.3375,3967.8058,4019.0053
130012000,3987.5955,13030000,172612900,7690782300,106409895800,4033.6292,4044.3375,3967.8058,4019.0053
130017000,3988.4312,3437400,50604500,7694219700,106460500300,4033.6292,4044.3375,3967.8058,4019.0053
130022000,3988.5461,2979000,37482500,7697198700,106497982800,4033.6292,4044.3375,3967.8058,4019.0053
130027000,3988.5694,2890600,40130600,7700089300,106538113400,4033.6292,4044.3375,3967.8058,4019.0053
130032000,3988.5582,1531600,26796600,7701620900,106564910000,4033.6292,4044.3375,3967.8058,4019.0053
130037000,3988.6497,2000300,38414700,7703621200,106603324700,4033.6292,4044.3375,3967.8058,4019.0053
130042000,3989.1125,2529200,37035900,7706150400,106640360600,4033.6292,4044.3375,3967.8058,4019.0053
130047000,3989.4254,2200000,32191100,7708350400,106672551700,4033.6292,4044.3375,3967.8058,4019.0053
130052000,3989.1869,2196000,34947900,7710546400,106707499600,4033.6292,4044.3375,3967.8058,4019.0053
130057000,3989.7981,1616300,31266000,7712162700,106738765600,4033.6292,4044.3375,3967.8058,4019.0053
130102000,3989.7711,3654600,43855500,7715817300,106782621100,4033.6292,4044.3375,3967.8058,4019.0053
130107000,3989.9433,2236100,34348200,7718053400,106816969300,4033.6292,4044.3375,3967.8058,4019.0053
130112000,3989.333,2315400,39527600,7720368800,106856496900,4033.6292,4044.3375,3967.8058,4019.0053
130117000,3989.3395,1913700,32452400,7722282500,106888949300,4033.6292,4044.3375,3967.8058,4019.0053
130122000,3988.7698,3236500,33454200,7725519000,106922403500,4033.6292,4044.3375,3967.8058,4019.0053
130127000,3988.5865,2441100,40408600,7727960100,106962812100,4033.6292,4044.3375,3967.8058,4019.0053
130132000,3988.8904,3287600,34914900,7731247700,106997727000,4033.6292,4044.3375,3967.8058,4019.0053
130137000,3988.4257,2505500,31560900,7733753200,107029287900,4033.6292,4044.3375,3967.8058,4019.0053
130142000,3988.6569,2053200,28146800,7735806400,107057434700,4033.6292,4044.3375,3967.8058,4019.0053
130147000,3988.515,1521200,28895000,7737327600,107086329700,4033.6292,4044.3375,3967.8058,4019.0053
130152000,3988.4936,1701400,36888400,7739029000,107123218100,4033.6292,4044.3375,3967.8058,4019.0053
130157000,3988.6435,1724600,33218400,7740753600,107156436500,4033.6292,4044.3375,3967.8058,4019.0053
130202000,3988.9783,2225300,38730200,7742978900,107195166700,4033.6292,4044.3375,3967.8058,4019.0053
130207000,3989.6278,2088800,33643000,7745067700,107228809700,4033.6292,4044.3375,3967.8058,4019.0053
130212000,3989.4699,1956400,29193600,7747024100,107258003300,4033.6292,4044.3375,3967.8058,4019.0053
130217000,3989.4286,2354200,34370400,7749378300,107292373700,4033.6292,4044.3375,3967.8058,4019.0053
130222000,3989.3458,1728000,24856200,7751106300,107317229900,4033.6292,4044.3375,3967.8058,4019.0053
130227000,3989.111,1418300,25577100,7752524600,107342807000,4033.6292,4044.3375,3967.8058,4019.0053
130232000,3989.0669,1989400,32876400,7754514000,107375683400,4033.6292,4044.3375,3967.8058,4019.0053
130237000,3989.1725,1475000,24139900,7755989000,107399823300,4033.6292,4044.3375,3967.8058,4019.0053
130242000,3989.1657,2278400,34951100,7758267400,107434774400,4033.6292,4044.3375,3967.8058,4019.0053
130247000,3989.1371,1525200,23839500,7759792600,107458613900,4033.6292,4044.3375,3967.8058,4019.0053
130252000,3989.4256,1533500,23148700,7761326100,107481762600,4033.6292,4044.3375,3967.8058,4019.0053
130257000,3989.4487,1465500,22017200,7762791600,107503779800,4033.6292,4044.3375,3967.8058,4019.0053
130302000,3989.6597,1931200,27288300,7764722800,107531068100,4033.6292,4044.3375,3967.8058,4019.0053
130307000,3989.8482,1475800,22451900,7766198600,107553520000,4033.6292,4044.3375,3967.8058,4019.0053
130312000,3990.2222,2152700,33694300,7768351300,107587214300,4033.6292,4044.3375,3967.8058,4019.0053
130317000,3990.2959,1874000,25621400,7770225300,107612835700,4033.6292,4044.3375,3967.8058,4019.0053
130322000,3990.207,2205700,35443800,7772431000,107648279500,4033.6292,4044.3375,3967.8058,4019.0053
130327000,3990.4054,2387100,33126200,7774818100,107681405700,4033.6292,4044.3375,3967.8058,4019.0053
130332000,3990.9932,2329400,33233800,7777147500,107714639500,4033.6292,4044.3375,3967.8058,4019.0053
130337000,3990.6758,1676600,27954300,7778824100,107742593800,4033.6292,4044.3375,3967.8058,4019.0053
130342000,3990.9685,2407800,28962200,7781231900,107771556000,4033.6292,4044.3375,3967.8058,4019.0053
130347000,3991.037,1948700,32830900,7783180600,107804386900,4033.6292,4044.3375,3967.8058,4019.0053
130352000,3991.3685,1609600,22794100,7784790200,107827181000,4033.6292,4044.3375,3967.8058,4019.0053
130357000,3991.2328,1613200,27488700,7786403400,107854669700,4033.6292,4044.3375,3967.8058,4019.0053
130402000,3991.404,2667500,32399000,7789070900,107887068700,4033.6292,4044.3375,3967.8058,4019.0053
130407000,3991.6661,1977900,29011000,7791048800,107916079700,4033.6292,4044.3375,3967.8058,4019.0053
130412000,3991.7496,2975100,37201900,7794023900,107953281600,4033.6292,4044.3375,3967.8058,4019.0053
130417000,3991.8828,2295500,33419700,7796319400,107986701300,4033.6292,4044.3375,3967.8058,4019.0053
130422000,3991.9655,2834400,29773700,7799153800,108016475000,4033.6292,4044.3375,3967.8058,4019.0053
130427000,3991.7734,2326800,32718900,7801480600,108049193900,4033.6292,4044.3375,3967.8058,4019.0053
130432000,3992.4289,3243200,39966500,7804723800,108089160400,4033.6292,4044.3375,3967.8058,4019.0053
130437000,3992.5057,2249000,31050900,7806972800,108120211300,4033.6292,4044.3375,3967.8058,4019.0053
130442000,3992.3091,3396200,47295600,7810369000,108167506900,4033.6292,4044.3375,3967.8058,4019.0053
130447000,3992.438,1725100,26846600,7812094100,108194353500,4033.6292,4044.3375,3967.8058,4019.0053
130452000,3992.5729,1843900,29071600,7813938000,108223425100,4033.6292,4044.3375,3967.8058,4019.0053
130457000,3993.1516,2224200,39210000,7816162200,108262635100,4033.6292,4044.3375,3967.8058,4019.0053
130502000,3993.1227,3194100,45579900,7819356300,108308215000,4033.6292,4044.3375,3967.8058,4019.0053
130507000,3993.5565,2694100,35540200,7822050400,108343755200,4033.6292,4044.3375,3967.8058,4019.0053
130512000,3993.9851,2047800,35144200,7824098200,108378899400,4033.6292,4044.3375,3967.8058,4019.0053
130517000,3993.8401,1546600,24409300,7825644800,108403308700,4033.6292,4044.3375,3967.8058,4019.0053
130522000,3993.7132,2265400,34063100,7827910200,108437371800,4033.6292,4044.3375,3967.8058,4019.0053
130527000,3993.4286,2022200,32535300,7829932400,108469907100,4033.6292,4044.3375,3967.8058,4019.0053
130532000,3993.8363,2263000,28365100,7832195400,108498272200,4033.6292,4044.3375,3967.8058,4019.0053
130537000,3993.7183,1845900,23543300,7834041300,108521815500,4033.6292,4044.3375,3967.8058,4019.0053
130542000,3993.9311,2764000,40712000,7836805300,108562527500,4033.6292,4044.3375,3967.8058,4019.0053
130547000,3993.6611,2156900,30731600,7838962200,108593259100,4033.6292,4044.3375,3967.8058,4019.0053
130552000,3994.0717,1931700,28755200,7840893900,108622014300,4033.6292,4044.3375,3967.8058,4019.0053
130557000,3994.2286,3528700,39567000,7844422600,108661581300,4033.6292,4044.3375,3967.8058,4019.0053
130602000,3993.6827,2642700,35241900,7847065300,108696823200,4033.6292,4044.3375,3967.8058,4019.0053
130607000,3993.9572,1914500,32383200,7848979800,108729206400,4033.6292,4044.3375,3967.8058,4019.0053
130612000,3993.7491,2296500,38346000,7851276300,108767552400,4033.6292,4044.3375,3967.8058,4019.0053
130617000,3993.5781,3247900,30833500,7854524200,108798385900,4033.6292,4044.3375,3967.8058,4019.0053
130622000,3993.5923,2754500,28859300,7857278700,108827245200,4033.6292,4044.3375,3967.8058,4019.0053
130627000,3993.6174,2917300,39377600,7860196000,108866622800,4033.6292,4044.3375,3967.8058,4019.0053
130632000,3993.4347,4559700,44196800,7864755700,108910819600,4033.6292,4044.3375,3967.8058,4019.0053
130637000,3993.4591,1933200,27437000,7866688900,108938256600,4033.6292,4044.3375,3967.8058,4019.0053
130642000,3993.499,2344400,30637500,7869033300,108968894100,4033.6292,4044.3375,3967.8058,4019.0053
130647000,3993.2874,3923200,49096300,7872956500,109017990400,4033.6292,4044.3375,3967.8058,4019.0053
130652000,3993.4812,2263200,28619600,7875219700,109046610000,4033.6292,4044.3375,3967.8058,4019.0053
130657000,3993.6296,1891600,35697800,7877111300,109082307800,4033.6292,4044.3375,3967.8058,4019.0053
130702000,3993.8896,1688800,25617200,7878800100,109107925000,4033.6292,4044.3375,3967.8058,4019.0053
130707000,3993.8417,2661200,34528300,7881461300,109142453300,4033.6292,4044.3375,3967.8058,4019.0053
130712000,3993.8655,2452200,35273700,7883913500,109177727000,4033.6292,4044.3375,3967.8058,4019.0053
130717000,3994.8628,3268500,51730100,7887182000,109229457100,4033.6292,4044.3375,3967.8058,4019.0053
130722000,3995.2612,5171400,77662100,7892353400,109307119200,4033.6292,4044.3375,3967.8058,4019.0053
130727000,3997.8377,8241800,122313800,7900595200,109429433000,4033.6292,4044.3375,3967.8058,4019.0053
130732000,3998.9045,6805400,92592300,7907400600,109522025300,4033.6292,4044.3375,3967.8058,4019.0053
130737000,4000.7072,7112400,85943000,7914513000,109607968300,4033.6292,4044.3375,3967.8058,4019.0053
130742000,4000.9594,5820400,84681300,7920333400,109692649600,4033.6292,4044.3375,3967.8058,4019.0053
130747000,4001.6377,3817100,58729900,7924150500,109751379500,4033.6292,4044.3375,3967.8058,4019.0053
130752000,4002.1543,5698100,67368300,7929848600,109818747800,4033.6292,4044.3375,3967.8058,4019.0053
130757000,4002.4608,3876900,58270000,7933725500,109877017800,4033.6292,4044.3375,3967.8058,4019.0053
130802000,4002.9066,4722200,56919600,7938447700,109933937400,4033.6292,4044.3375,3967.8058,4019.0053
130807000,4002.8907,3319600,49059200,7941767300,109982996600,4033.6292,4044.3375,3967.8058,4019.0053
130812000,4003.2987,6129900,68387000,7947897200,110051383600,4033.6292,4044.3375,3967.8058,4019.0053
130817000,4003.0537,3157800,57296900,7951055000,110108680500,4033.6292,4044.3375,3967.8058,4019.0053
130822000,4003.5476,3408700,44252900,7954463700,110152933400,4033.6292,4044.3375,3967.8058,4019.0053
130827000,4003.3865,4525400,59505600,7958989100,110212439000,4033.6292,4044.3375,3967.8058,4019.0053
130832000,4003.4286,4606500,49596900,7963595600,110262035900,4033.6292,4044.3375,3967.8058,4019.0053
130837000,4002.8443,3219500,53468900,7966815100,110315504800,4033.6292,4044.3375,3967.8058,4019.0053
130842000,4002.0208,4370900,62285800,7971186000,110377790600,4033.6292,4044.3375,3967.8058,4019.0053
130847000,4002.1329,4419700,53152100,7975605700,110430942700,4033.6292,4044.3375,3967.8058,4019.0053
130852000,4001.9864,2980400,43837900,7978586100,110474780600,4033.6292,4044.3375,3967.8058,4019.0053
130857000,4001.6843,5068100,57147000,7983654200,110531927600,4033.6292,4044.3375,3967.8058,4019.0053
130902000,4001.3725,4886700,57385000,7988540900,110589312600,4033.6292,4044.3375,3967.8058,4019.0053
130907000,4001.3689,3320800,51132300,7991861700,110640444900,4033.6292,4044.3375,3967.8058,4019.0053
130912000,4001.5019,5090500,58558000,7996952200,110699002900,4033.6292,4044.3375,3967.8058,4019.0053
130917000,4000.9805,3619700,51106400,8000571900,110750109300,4033.6292,4044.3375,3967.8058,4019.0053
130922000,4001.5792,2888900,40847600,8003460800,110790956900,4033.6292,4044.3375,3967.8058,4019.0053
130927000,4001.4872,3531100,40309600,8006991900,110831266500,4033.6292,4044.3375,3967.8058,4019.0053
130932000,4001.385,1912700,32110600,8008904600,110863377100,4033.6292,4044.3375,3967.8058,4019.0053
130937000,4001.3206,2365300,35250600,8011269900,110898627700,4033.6292,4044.3375,3967.8058,4019.0053
130942000,4001.2821,2908000,47890600,8014177900,110946518300,4033.6292,4044.3375,3967.8058,4019.0053
130947000,4001.6217,2219000,33044800,8016396900,110979563100,4033.6292,4044.3375,3967.8058,4019.0053
130952000,4001.0778,2460000,42240800,8018856900,111021803900,4033.6292,4044.3375,3967.8058,4019.0053
130957000,4001.4405,1895300,32576000,8020752200,111054379900,4033.6292,4044.3375,3967.8058,4019.0053
131002000,4000.852,2472900,39406000,8023225100,111093785900,4033.6292,4044.3375,3967.8058,4019.0053
131007000,4001.4675,2397200,30659700,8025622300,111124445600,4033.6292,4044.3375,3967.8058,4019.0053
131012000,4001.1593,2452100,40965900,8028074400,111165411500,4033.6292,4044.3375,3967.8058,4019.0053
131017000,4000.7286,2230500,33781400,8030304900,111199192900,4033.6292,4044.3375,3967.8058,4019.0053
131022000,4000.6794,1780600,19708800,8032085500,111218901700,4033.6292,4044.3375,3967.8058,4019.0053
131027000,4000.7469,2710500,36920600,8034796000,111255822300,4033.6292,4044.3375,3967.8058,4019.0053
131032000,4000.0606,2673100,35740900,8037469100,111291563200,4033.6292,4044.3375,3967.8058,4019.0053
131037000,3999.9898,2185500,29870600,8039654600,111321433800,4033.6292,4044.3375,3967.8058,4019.0053
131042000,3999.8074,2978300,36818700,8042632900,111358252500,4033.6292,4044.3375,3967.8058,4019.0053
131047000,3999.9391,2464700,37868600,8045097600,111396121100,4033.6292,4044.3375,3967.8058,4019.0053
131052000,3999.1116,2203100,45150100,8047300700,111441271200,4033.6292,4044.3375,3967.8058,4019.0053
131057000,3998.7844,4597400,47650800,8051898100,111488922000,4033.6292,4044.3375,3967.8058,4019.0053
131102000,3998.5767,4277500,44053200,8056175600,111532975200,4033.6292,4044.3375,3967.8058,4019.0053
131107000,3998.4761,2288600,31816400,8058464200,111564791600,4033.6292,4044.3375,3967.8058,4019.0053
131112000,3998.6198,2330100,33369900,8060794300,111598161500,4033.6292,4044.3375,3967.8058,4019.0053
131117000,3998.5062,2782600,36086800,8063576900,111634248300,4033.6292,4044.3375,3967.8058,4019.0053
131122000,3998.1681,2142700,32130900,8065719600,111666379200,4033.6292,4044.3375,3967.8058,4019.0053
131127000,3997.9282,2341700,35125600,8068061300,111701504800,4033.6292,4044.3375,3967.8058,4019.0053
131132000,3997.6432,2714200,37669000,8070775500,111739173800,4033.6292,4044.3375,3967.8058,4019.0053
131137000,3997.7673,1926300,25037200,8072701800,111764211000,4033.6292,4044.3375,3967.8058,4019.0053
131142000,3997.2124,2222100,30184700,8074923900,111794395700,4033.6292,4044.3375,3967.8058,4019.0053
131147000,3997.2674,2003600,30293200,8076927500,111824688900,4033.6292,4044.3375,3967.8058,4019.0053
131152000,3997.1966,1781700,26465200,8078709200,111851154100,4033.6292,4044.3375,3967.8058,4019.0053
131157000,3997.1853,2279100,29237700,8080988300,111880391800,4033.6292,4044.3375,3967.8058,4019.0053
131202000,3996.9897,2137600,30311200,8083125900,111910703000,4033.6292,4044.3375,3967.8058,4019.0053
131207000,3997.7649,3860100,37083800,8086986000,111947786800,4033.6292,4044.3375,3967.8058,4019.0053
131212000,3998.7467,3572500,49717600,8090558500,111997504400,4033.6292,4044.3375,3967.8058,4019.0053
131217000,3998.8988,3080400,39058400,8093638900,112036562800,4033.6292,4044.3375,3967.8058,4019.0053
131222000,3998.1511,2034900,26521500,8095673800,112063084300,4033.6292,4044.3375,3967.8058,4019.0053
131227000,3999.1538,2989800,40363300,8098663600,112103447600,4033.6292,4044.3375,3967.8058,4019.0053
131232000,3999.0182,3073100,42771500,8101736700,112146219100,4033.6292,4044.3375,3967.8058,4019.0053
131237000,3999.0752,2081300,29345300,8103818000,112175564400,4033.6292,4044.3375,3967.8058,4019.0053
131242000,3998.9246,3106700,38045300,8106924700,112213609700,4033.6292,4044.3375,3967.8058,4019.0053
131247000,3998.8421,2609100,35815400,8109533800,112249425100,4033.6292,4044.3375,3967.8058,4019.0053
131252000,3999.2661,2299900,33042700,8111833700,112282467800,4033.6292,4044.3375,3967.8058,4019.0053
131257000,3998.9838,2051100,30977300,8113884800,112313445100,4033.6292,4044.3375,3967.8058,4019.0053
131302000,3998.9195,1923400,28914500,8115808200,112342359600,4033.6292,4044.3375,3967.8058,4019.0053
131307000,3999.2019,2441200,32568500,8118249400,112374928100,4033.6292,4044.3375,3967.8058,4019.0053
131312000,3998.8584,2148600,27429800,8120398000,112402357900,4033.6292,4044.3375,3967.8058,4019.0053
131317000,3999.1246,3143900,44930900,8123541900,112447288800,4033.6292,4044.3375,3967.8058,4019.0053
131322000,3998.6419,2964400,26523500,8126506300,112473812300,4033.6292,4044.3375,3967.8058,4019.0053
131327000,3998.7151,2545900,36063000,8129052200,112509875300,4033.6292,4044.3375,3967.8058,4019.0053
131332000,3998.1206,2011700,29945400,8131063900,112539820700,4033.6292,4044.3375,3967.8058,4019.0053
131337000,3998.7715,2091600,37578300,8133155500,112577399000,4033.6292,4044.3375,3967.8058,4019.0053
131342000,3998.0425,3379000,45232900,8136534500,112622631900,4033.6292,4044.3375,3967.8058,4019.0053
131347000,3997.8755,1998800,25857700,8138533300,112648489600,4033.6292,4044.3375,3967.8058,4019.0053
131352000,3998.4767,1851400,28865900,8140384700,112677355500,4033.6292,4044.3375,3967.8058,4019.0053
131357000,3999.1194,4005500,67857900,8144390200,112745213400,4033.6292,4044.3375,3967.8058,4019.0053
131402000,3998.8766,3388300,43362300,8147778500,112788575700,4033.6292,4044.3375,3967.8058,4019.0053
131407000,3999.9866,2177500,30550300,8149956000,112819126000,4033.6292,4044.3375,3967.8058,4019.0053
131412000,4000.4514,2715200,47169300,8152671200,112866295300,4033.6292,4044.3375,3967.8058,4019.0053
131417000,4001.4563,3004500,41437900,8155675700,112907733200,4033.6292,4044.3375,3967.8058,4019.0053
131422000,4002.4086,6760100,83253300,8162435800,112990986500,4033.6292,4044.3375,3967.8058,4019.0053
131427000,4004.1598,6585400,92215100,8169021200,113083201600,4033.6292,4044.3375,3967.8058,4019.0053
131432000,4004.1402,6086400,71532100,8175107600,113154733700,4033.6292,4044.3375,3967.8058,4019.0053
131437000,4005.4011,3631400,53997900,8178739000,113208731600,4033.6292,4044.3375,3967.8058,4019.0053
131442000,4005.2706,6108000,79396300,8184847000,113288127900,4033.6292,4044.3375,3967.8058,4019.0053
131447000,4005.7844,3977700,62471000,8188824700,113350598900,4033.6292,4044.3375,3967.8058,4019.0053
131452000,4005.9739,2760200,47428300,8191584900,113398027200,4033.6292,4044.3375,3967.8058,4019.0053
131457000,4006.3457,4352500,62356400,8195937400,113460383600,4033.6292,4044.3375,3967.8058,4019.0053
131502000,4006.2474,4381300,48941800,8200318700,113509325400,4033.6292,4044.3375,3967.8058,4019.0053
131507000,4006.3683,4550000,57112500,8204868700,113566437900,4033.6292,4044.3375,3967.8058,4019.0053
131512000,4005.9777,3690600,54295000,8208559300,113620732900,4033.6292,4044.3375,3967.8058,4019.0053
131517000,4005.0218,4250300,72355200,8212809600,113693088100,4033.6292,4044.3375,3967.8058,4019.0053
131522000,4003.8392,3859100,55815000,8216668700,113748903100,4033.6292,4044.3375,3967.8058,4019.0053
131527000,4002.5513,5387400,86734400,8222056100,113835637500,4033.6292,4044.3375,3967.8058,4019.0053
131532000,4001.7399,3945500,57135900,8226001600,113892773400,4033.6292,4044.3375,3967.8058,4019.0053
131537000,4001.9531,3524200,47427800,8229525800,113940201200,4033.6292,4044.3375,3967.8058,4019.0053
131542000,4001.9763,3512100,50614100,8233037900,113990815300,4033.6292,4044.3375,3967.8058,4019.0053
131547000,4002.121,2643600,37462300,8235681500,114028277600,4033.6292,4044.3375,3967.8058,4019.0053
131552000,4002.1745,2485300,39893000,8238166800,114068170600,4033.6292,4044.3375,3967.8058,4019.0053
131557000,4001.7888,2566500,38968000,8240733300,114107138600,4033.6292,4044.3375,3967.8058,4019.0053
131602000,4001.8434,3977500,57594600,8244710800,114164733200,4033.6292,4044.3375,3967.8058,4019.0053
131607000,4002.4024,2430900,37617400,8247141700,114202350600,4033.6292,4044.3375,3967.8058,4019.0053
131612000,4002.1658,2428500,34660800,8249570200,114237011400,4033.6292,4044.3375,3967.8058,4019.0053
131617000,4002.48,2861700,36507100,8252431900,114273518500,4033.6292,4044.3375,3967.8058,4019.0053
131622000,4003.4268,2080400,32336600,8254512300,114305855100,4033.6292,4044.3375,3967.8058,4019.0053
131627000,4004.4731,3823600,49263200,8258335900,114355118300,4033.6292,4044.3375,3967.8058,4019.0053
131632000,4004.2163,2028600,30849000,8260364500,114385967300,4033.6292,4044.3375,3967.8058,4019.0053
131637000,4004.1762,3876500,44416900,8264241000,114430384200,4033.6292,4044.3375,3967.8058,4019.0053
131642000,4003.9046,2993400,46175100,8267234400,114476559300,4033.6292,4044.3375,3967.8058,4019.0053
131647000,4003.7676,2646800,40727100,8269881200,114517286400,4033.6292,4044.3375,3967.8058,4019.0053
131652000,4003.9648,2036900,29309000,8271918100,114546595400,4033.6292,4044.3375,3967.8058,4019.0053
131657000,4003.8513,6706200,77034100,8278624300,114623629500,4033.6292,4044.3375,3967.8058,4019.0053
131702000,4003.9584,4626000,67932800,8283250300,114691562300,4033.6292,4044.3375,3967.8058,4019.0053
131707000,4004.3761,2948400,39017400,8286198700,114730579700,4033.6292,4044.3375,3967.8058,4019.0053
131712000,4004.8175,3410500,46480000,8289609200,114777059700,4033.6292,4044.3375,3967.8058,4019.0053
131717000,4005.0393,3908900,60738600,8293518100,114837798300,4033.6292,4044.3375,3967.8058,4019.0053
131722000,4004.9045,3486800,49564300,8297004900,114887362600,4033.6292,4044.3375,3967.8058,4019.0053
131727000,4004.8567,3814100,57261600,8300819000,114944624200,4033.6292,4044.3375,3967.8058,4019.0053
131732000,4005.2183,2733300,49629000,8303552300,114994253200,4033.6292,4044.3375,3967.8058,4019.0053
131737000,4005.3087,2734800,42128000,8306287100,115036381200,4033.6292,4044.3375,3967.8058,4019.0053
131742000,4005.6458,3318500,53536700,8309605600,115089917900,4033.6292,4044.3375,3967.8058,4019.0053
131747000,4006.0114,3447900,61509400,8313053500,115151427300,4033.6292,4044.3375,3967.8058,4019.0053
131752000,4005.9782,2925100,47720300,8315978600,115199147600,4033.6292,4044.3375,3967.8058,4019.0053
131757000,4005.8226,2823900,53632800,8318802500,115252780400,4033.6292,4044.3375,3967.8058,4019.0053
131802000,4005.8357,2447700,39265900,8321250200,115292046300,4033.6292,4044.3375,3967.8058,4019.0053
131807000,4006.7905,3087300,42965600,8324337500,115335011900,4033.6292,4044.3375,3967.8058,4019.0053
131812000,4006.1563,3897300,64353300,8328234800,115399365200,4033.6292,4044.3375,3967.8058,4019.0053
131817000,4006.5684,2993800,50452900,8331228600,115449818100,4033.6292,4044.3375,3967.8058,4019.0053
131822000,4006.2687,2744000,42297300,8333972600,115492115400,4033.6292,4044.3375,3967.8058,4019.0053
131827000,4006.5282,3322800,56300200,8337295400,115548415600,4033.6292,4044.3375,3967.8058,4019.0053
131832000,4006.74,2760500,45898800,8340055900,115594314400,4033.6292,4044.3375,3967.8058,4019.0053
131837000,4006.948,2921200,43418000,8342977100,115637732400,4033.6292,4044.3375,3967.8058,4019.0053
131842000,4006.4542,3333500,51838400,8346310600,115689570800,4033.6292,4044.3375,3967.8058,4019.0053
131847000,4006.6594,3412800,50646100,8349723400,115740216900,4033.6292,4044.3375,3967.8058,4019.0053
131852000,4006.9899,2043700,35142600,8351767100,115775359500,4033.6292,4044.3375,3967.8058,4019.0053
131857000,4006.8093,3675000,56112200,8355442100,115831471700,4033.6292,4044.3375,3967.8058,4019.0053
131902000,4007.2206,2961100,52826000,8358403200,115884297700,4033.6292,4044.3375,3967.8058,4019.0053
131907000,4007.3056,5671900,59835500,8364075100,115944133200,4033.6292,4044.3375,3967.8058,4019.0053
131912000,4007.3648,3138100,48751500,8367213200,115992884700,4033.6292,4044.3375,3967.8058,4019.0053
131917000,4007.1392,3039800,54518700,8370253000,116047403400,4033.6292,4044.3375,3967.8058,4019.0053
131922000,4006.9898,2342200,36449800,8372595200,116083853200,4033.6292,4044.3375,3967.8058,4019.0053
131927000,4007.5086,2889700,42472500,8375484900,116126325700,4033.6292,4044.3375,3967.8058,4019.0053
131932000,4006.9077,3655100,54641000,8379140000,116180966700,4033.6292,4044.3375,3967.8058,4019.0053
131937000,4007.1318,3723600,41753100,8382863600,116222719800,4033.6292,4044.3375,3967.8058,4019.0053
131942000,4007.1848,4935700,69551000,8387799300,116292270800,4033.6292,4044.3375,3967.8058,4019.0053
131947000,4007.2804,3772600,53699900,8391571900,116345970700,4033.6292,4044.3375,3967.8058,4019.0053
131952000,4007.7973,4287600,42966200,8395859500,116388936900,4033.6292,4044.3375,3967.8058,4019.0053
131957000,4007.3968,3513000,55048200,8399372500,116443985100,4033.6292,4044.3375,3967.8058,4019.0053
132002000,4007.3944,3326400,47340800,8402698900,116491325900,4033.6292,4044.3375,3967.8058,4019.0053
132007000,4007.8939,2986800,42744800,8405685700,116534070700,4033.6292,4044.3375,3967.8058,4019.0053
132012000,4007.5614,3135600,48914200,8408821300,116582984900,4033.6292,4044.3375,3967.8058,4019.0053
132017000,4007.0924,3096200,45877900,8411917500,116628862800,4033.6292,4044.3375,3967.8058,4019.0053
132022000,4007.1607,3643500,43514100,8415561000,116672376900,4033.6292,4044.3375,3967.8058,4019.0053
132027000,4007.1281,4373500,60400200,8419934500,116732777100,4033.6292,4044.3375,3967.8058,4019.0053
132032000,4007.7317,2882500,48369400,8422817000,116781146500,4033.6292,4044.3375,3967.8058,4019.0053
132037000,4007.6516,4113300,51227700,8426930300,116832374200,4033.6292,4044.3375,3967.8058,4019.0053
132042000,4007.299,3517100,53194000,8430447400,116885568200,4033.6292,4044.3375,3967.8058,4019.0053
132047000,4007.3722,14498700,94066200,8444946100,116979634400,4033.6292,4044.3375,3967.8058,4019.0053
132052000,4007.157,2747000,45407000,8447693100,117025041400,4033.6292,4044.3375,3967.8058,4019.0053
132057000,4006.513,7096600,57020300,8454789700,117082061700,4033.6292,4044.3375,3967.8058,4019.0053
132102000,4006.8131,10946400,79198400,8465736100,117161260100,4033.6292,4044.3375,3967.8058,4019.0053
132107000,4007.0504,19025300,98824100,8484761400,117260084200,4033.6292,4044.3375,3967.8058,4019.0053
132112000,4007.0118,10187100,75348400,8494948500,117335432600,4033.6292,4044.3375,3967.8058,4019.0053
132117000,4006.6894,9722500,68059200,8504671000,117403491800,4033.6292,4044.3375,3967.8058,4019.0053
132122000,4006.659,6106500,49024000,8510777500,117452515800,4033.6292,4044.3375,3967.8058,4019.0053
132127000,4006.5573,12369900,80108500,8523147400,117532624300,4033.6292,4044.3375,3967.8058,4019.0053
132132000,4006.4765,8714800,61221600,8531862200,117593845900,4033.6292,4044.3375,3967.8058,4019.0053
132137000,4006.3931,4730300,46522700,8536592500,117640368600,4033.6292,4044.3375,3967.8058,4019.0053
132142000,4005.9288,7095300,59397700,8543687800,117699766300,4033.6292,4044.3375,3967.8058,4019.0053
132147000,4005.7022,9862100,65004500,8553549900,117764770800,4033.6292,4044.3375,3967.8058,4019.0053
132152000,4005.2035,4719400,41179700,8558269300,117805950500,4033.6292,4044.3375,3967.8058,4019.0053
132157000,4005.12,6145900,58566700,8564415200,117864517200,4033.6292,4044.3375,3967.8058,4019.0053
132202000,4005.0304,7285100,59853800,8571700300,117924371000,4033.6292,4044.3375,3967.8058,4019.0053
132207000,4004.7037,5547800,62541700,8577248100,117986912700,4033.6292,4044.3375,3967.8058,4019.0053
132212000,4004.4041,6324100,48992400,8583572200,118035905100,4033.6292,4044.3375,3967.8058,4019.0053
132217000,4004.7312,5390100,48264500,8588962300,118084169600,4033.6292,4044.3375,3967.8058,4019.0053
132222000,4004.7729,4834500,47517600,8593796800,118131687200,4033.6292,4044.3375,3967.8058,4019.0053
132227000,4004.0043,6274900,64857500,8600071700,118196544700,4033.6292,4044.3375,3967.8058,4019.0053
132232000,4004.0843,5538600,54832100,8605610300,118251376800,4033.6292,4044.3375,3967.8058,4019.0053
132237000,4003.9729,3987400,35402200,8609597700,118286779000,4033.6292,4044.3375,3967.8058,4019.0053
132242000,4003.8149,4088900,40170900,8613686600,118326949900,4033.6292,4044.3375,3967.8058,4019.0053
132247000,4002.9844,4571300,42358500,8618257900,118369308400,4033.6292,4044.3375,3967.8058,4019.0053
132252000,4002.6219,2859900,40333100,8621117800,118409641500,4033.6292,4044.3375,3967.8058,4019.0053
132257000,4002.658,4008700,44995800,8625126500,118454637300,4033.6292,4044.3375,3967.8058,4019.0053
132302000,4003.1101,3114600,39065700,8628241100,118493703000,4033.6292,4044.3375,3967.8058,4019.0053
132307000,4002.7331,6535200,48436000,8634776300,118542139000,4033.6292,4044.3375,3967.8058,4019.0053
132312000,4003.0206,14939400,80949800,8649715700,118623088800,4033.6292,4044.3375,3967.8058,4019.0053
132317000,4003.8641,15856700,96319900,8665572400,118719408700,4033.6292,4044.3375,3967.8058,4019.0053
132322000,4004.7311,10427600,71928600,8676000000,118791337300,4033.6292,4044.3375,3967.8058,4019.0053
132327000,4006.6938,32204400,209014200,8708204400,119000351500,4033.6292,4044.3375,3967.8058,4019.0053
132332000,4006.8822,15400700,122791300,8723605100,119123142800,4033.6292,4044.3375,3967.8058,4019.0053
132337000,4007.9331,9188600,84663000,8732793700,119207805800,4033.6292,4044.3375,3967.8058,4019.0053
132342000,4008.2808,11240100,103137200,8744033800,119310943000,4033.6292,4044.3375,3967.8058,4019.0053
132347000,4008.8311,13322200,110389000,8757356000,119421332000,4033.6292,4044.3375,3967.8058,4019.0053
132352000,4009.7838,5830100,59729900,8763186100,119481061900,4033.6292,4044.3375,3967.8058,4019.0053
132357000,4009.4594,10915800,98216400,8774101900,119579278300,4033.6292,4044.3375,3967.8058,4019.0053
132402000,4009.8624,6423400,60891100,8780525300,119640169400,4033.6292,4044.3375,3967.8058,4019.0053
132407000,4011.6807,8871800,88811500,8789397100,119728980900,4033.6292,4044.3375,3967.8058,4019.0053
132412000,4012.6571,11033100,125619300,8800430200,119854600200,4033.6292,4044.3375,3967.8058,4019.0053
132417000,4013.1122,8315100,90933400,8808745300,119945533600,4033.6292,4044.3375,3967.8058,4019.0053
132422000,4012.9903,5160800,51579300,8813906100,119997112900,4033.6292,4044.3375,3967.8058,4019.0053
132427000,4012.908,8563700,93702200,8822469800,120090815100,4033.6292,4044.3375,3967.8058,4019.0053
132432000,4013.1791,9145300,79639400,8831615100,120170454500,4033.6292,4044.3375,3967.8058,4019.0053
132437000,4013.3455,5867000,58544700,8837482100,120228999200,4033.6292,4044.3375,3967.8058,4019.0053
132442000,4013.3037,10422500,88253800,8847904600,120317253000,4033.6292,4044.3375,3967.8058,4019.0053
132447000,4013.5266,7061100,73013000,8854965700,120390266000,4033.6292,4044.3375,3967.8058,4019.0053
132452000,4013.6374,4335900,53162300,8859301600,120443428300,4033.6292,4044.3375,3967.8058,4019.0053
132457000,4014.4751,16043800,104886100,8875345400,120548314400,4033.6292,4044.3375,3967.8058,4019.0053
132502000,4014.5855,19418500,155424500,8894763900,120703738900,4033.6292,4044.3375,3967.8058,4019.0053
132507000,4015.6048,10740300,91191700,8905504200,120794930600,4033.6292,4044.3375,3967.8058,4019.0053
132512000,4015.4795,8272600,82341900,8913776800,120877272500,4033.6292,4044.3375,3967.8058,4019.0053
132517000,4015.74,11720000,88395100,8925496800,120965667600,4033.6292,4044.3375,3967.8058,4019.0053
132522000,4015.8641,6114300,62540400,8931611100,121028208000,4033.6292,4044.3375,3967.8058,4019.0053
132527000,4015.9187,13509000,109895900,8945120100,121138103900,4033.6292,4044.3375,3967.8058,4019.0053
132532000,4015.547,12516900,102761600,8957637000,121240865500,4033.6292,4044.3375,3967.8058,4019.0053
132537000,4016.297,6053400,55431800,8963690400,121296297300,4033.6292,4044.3375,3967.8058,4019.0053
132542000,4016.2836,12220400,96770400,8975910800,121393067700,4033.6292,4044.3375,3967.8058,4019.0053
132547000,4016.1817,6955900,62498500,8982866700,121455566200,4033.6292,4044.3375,3967.8058,4019.0053
132552000,4016.2939,4003800,44091100,8986870500,121499657300,4033.6292,4044.3375,3967.8058,4019.0053
132557000,4016.0602,9053400,89413800,8995923900,121589071100,4033.6292,4044.3375,3967.8058,4019.0053
132602000,4016.2468,7657000,80761000,9003580900,121669832100,4033.6292,4044.3375,3967.8058,4019.0053
132607000,4016.4842,5148500,59702600,9008729400,121729534700,4033.6292,4044.3375,3967.8058,4019.0053
132612000,4016.6843,7646600,85945400,9016376000,121815480100,4033.6292,4044.3375,3967.8058,4019.0053
132617000,4016.3088,9160400,87579500,9025536400,121903059600,4033.6292,4044.3375,3967.8058,4019.0053
132622000,4016.3036,6611100,63989200,9032147500,121967048800,4033.6292,4044.3375,3967.8058,4019.0053
132627000,4015.9898,13416500,106655900,9045564000,122073704700,4033.6292,4044.3375,3967.8058,4019.0053
132632000,4015.776,7448400,78574000,9053012400,122152278700,4033.6292,4044.3375,3967.8058,4019.0053
132637000,4015.4702,7908700,72687800,9060921100,122224966500,4033.6292,4044.3375,3967.8058,4019.0053
132642000,4014.992,9772100,83755500,9070693200,122308722000,4033.6292,4044.3375,3967.8058,4019.0053
132647000,4014.1605,10125100,90378400,9080818300,122399100400,4033.6292,4044.3375,3967.8058,4019.0053
132652000,4014.0715,7059800,63155800,9087878100,122462256200,4033.6292,4044.3375,3967.8058,4019.0053
132657000,4013.3661,7606700,66170300,9095484800,122528426500,4033.6292,4044.3375,3967.8058,4019.0053
132702000,4013.5062,5357200,62168100,9100842000,122590594600,4033.6292,4044.3375,3967.8058,4019.0053
132707000,4013.5784,5757200,52226800,9106599200,122642821400,4033.6292,4044.3375,3967.8058,4019.0053
132712000,4013.5517,6483000,63354200,9113082200,122706175600,4033.6292,4044.3375,3967.8058,4019.0053
132717000,4012.9951,5373200,54086000,9118455400,122760261600,4033.6292,4044.3375,3967.8058,4019.0053
132722000,4013.5733,4384200,45939600,9122839600,122806201200,4033.6292,4044.3375,3967.8058,4019.0053
132727000,4013.5691,6436500,52658000,9129276100,122858859200,4033.6292,4044.3375,3967.8058,4019.0053
132732000,4013.6279,3495000,46097500,9132771100,122904956700,4033.6292,4044.3375,3967.8058,4019.0053
132737000,4012.6668,3713300,46323500,9136484400,122951280200,4033.6292,4044.3375,3967.8058,4019.0053
132742000,4012.5964,5907200,67658900,9142391600,123018939100,4033.6292,4044.3375,3967.8058,4019.0053
132747000,4012.2249,5192800,48446800,9147584400,123067385900,4033.6292,4044.3375,3967.8058,4019.0053
132752000,4012.1387,2938900,35104700,9150523300,123102490600,4033.6292,4044.3375,3967.8058,4019.0053
132757000,4012.0058,5228200,52216900,9155751500,123154707500,4033.6292,4044.3375,3967.8058,4019.0053
132802000,4012.5877,4330800,41546900,9160082300,123196254400,4033.6292,4044.3375,3967.8058,4019.0053
132807000,4012.9675,4020000,40068800,9164102300,123236323200,4033.6292,4044.3375,3967.8058,4019.0053
132812000,4012.5562,5686600,47040300,9169788900,123283363500,4033.6292,4044.3375,3967.8058,4019.0053
132817000,4012.6002,5817200,54020700,9175606100,123337384200,4033.6292,4044.3375,3967.8058,4019.0053
132822000,4012.4722,4097600,36658600,9179703700,123374042800,4033.6292,4044.3375,3967.8058,4019.0053
132827000,4012.1006,6029400,51458000,9185733100,123425500800,4033.6292,4044.3375,3967.8058,4019.0053
132832000,4011.7046,6858100,61160000,9192591200,123486660800,4033.6292,4044.3375,3967.8058,4019.0053
132837000,4012.1722,8676400,62716400,9201267600,123549377200,4033.6292,4044.3375,3967.8058,4019.0053
132842000,4012.5295,9245400,68324000,9210513000,123617701200,4033.6292,4044.3375,3967.8058,4019.0053
132847000,4011.8715,10359200,67152100,9220872200,123684853300,4033.6292,4044.3375,3967.8058,4019.0053
132852000,4012.8009,3776200,37541100,9224648400,123722394400,4033.6292,4044.3375,3967.8058,4019.0053
132857000,4012.5187,12409600,81442400,9237058000,123803836800,4033.6292,4044.3375,3967.8058,4019.0053
132902000,4013.4722,17096900,99069900,9254154900,123902906700,4033.6292,4044.3375,3967.8058,4019.0053
132907000,4013.5547,10033800,68584800,9264188700,123971491500,4033.6292,4044.3375,3967.8058,4019.0053
132912000,4013.8849,10999800,80395400,9275188500,124051886900,4033.6292,4044.3375,3967.8058,4019.0053
132917000,4013.6669,9486800,76629100,9284675300,124128516000,4033.6292,4044.3375,3967.8058,4019.0053
132922000,4014.5962,5328400,47677100,9290003700,124176193100,4033.6292,4044.3375,3967.8058,4019.0053
132927000,4013.9251,11467100,78831600,9301470800,124255024700,4033.6292,4044.3375,3967.8058,4019.0053
132932000,4014.5906,10596700,69107100,9312067500,124324131800,4033.6292,4044.3375,3967.8058,4019.0053
132937000,4014.7244,7717500,56969500,9319785000,124381101300,4033.6292,4044.3375,3967.8058,4019.0053
132942000,4014.9281,9869000,74174800,9329654000,124455276100,4033.6292,4044.3375,3967.8058,4019.0053
132947000,4015.0463,8735800,70095100,9338389800,124525371200,4033.6292,4044.3375,3967.8058,4019.0053
132952000,4015.8884,6181200,89057600,9344571000,124614428800,4033.6292,4044.3375,3967.8058,4019.0053
132957000,4015.531,7973000,91009700,9352544000,124705438500,4033.6292,4044.3375,3967.8058,4019.0053
133002000,4017.5216,8113700,91174800,9360657700,124796613300,4033.6292,4044.3375,3967.8058,4019.0053
133007000,4018.1697,8445400,98700900,9369103100,124895314200,4033.6292,4044.3375,3967.8058,4019.0053
133012000,4018.5469,8563800,104741700,9377666900,125000055900,4033.6292,4044.3375,3967.8058,4019.0053
133017000,4019.2477,8542100,95568600,9386209000,125095624500,4033.6292,4044.3375,3967.8058,4019.0053
133022000,4019.5645,7069600,86485100,9393278600,125182109600,4033.6292,4044.3375,3967.8058,4019.0053
133027000,4019.5399,11256500,106755900,9404535100,125288865500,4033.6292,4044.3375,3967.8058,4019.0053
133032000,4018.9835,9775100,114487800,9414310200,125403353300,4033.6292,4044.3375,3967.8058,4019.0053
133037000,4019.8857,4692400,57475500,9419002600,125460828800,4033.6292,4044.3375,3967.8058,4019.0053
133042000,4020.0725,7041200,89483100,9426043800,125550311900,4033.6292,4044.3375,3967.8058,4019.0053
133047000,4019.8855,8623600,108166000,9434667400,125658477900,4033.6292,4044.3375,3967.8058,4019.0053
133052000,4020.8926,7130000,91492600,9441797400,125749970500,4033.6292,4044.3375,3967.8058,4019.0053
133057000,4020.8262,10973100,132231500,9452770500,125882202000,4033.6292,4044.3375,3967.8058,4019.0053
133102000,4020.7162,8026600,93792100,9460797100,125975994100,4033.6292,4044.3375,3967.8058,4019.0053
133107000,4020.7733,5422300,62555200,9466219400,126038549300,4033.6292,4044.3375,3967.8058,4019.0053
133112000,4020.8471,10162900,111566900,9476382300,126150116200,4033.6292,4044.3375,3967.8058,4019.0053
133117000,4020.9295,9356400,100193100,9485738700,126250309300,4033.6292,4044.3375,3967.8058,4019.0053
133122000,4020.6752,5264300,62157300,9491003000,126312466600,4033.6292,4044.3375,3967.8058,4019.0053
133127000,4020.1619,6357900,78380200,9497360900,126390846800,4033.6292,4044.3375,3967.8058,4019.0053
133132000,4020.0994,5727000,74385900,9503087900,126465232700,4033.6292,4044.3375,3967.8058,4019.0053
133137000,4020.3319,5557000,68811500,9508644900,126534044200,4033.6292,4044.3375,3967.8058,4019.0053
133142000,4020.0904,7546900,80484600,9516191800,126614528800,4033.6292,4044.3375,3967.8058,4019.0053
133147000,4019.706,6406700,70386200,9522598500,126684915000,4033.6292,4044.3375,3967.8058,4019.0053
133152000,4018.9511,5165800,62463800,9527764300,126747378800,4033.6292,4044.3375,3967.8058,4019.0053
133157000,4018.9948,12560500,93333900,9540324800,126840712700,4033.6292,4044.3375,3967.8058,4019.0053
133202000,4019.0384,6714500,65866600,9547039300,126906579300,4033.6292,4044.3375,3967.8058,4019.0053
133207000,4019.2471,4984800,54482300,9552024100,126961061600,4033.6292,4044.3375,3967.8058,4019.0053
133212000,4018.987,5861700,68497200,9557885800,127029558800,4033.6292,4044.3375,3967.8058,4019.0053
133217000,4018.6514,6735800,71465500,9564621600,127101024300,4033.6292,4044.3375,3967.8058,4019.0053
133222000,4018.6278,3886300,42999400,9568507900,127144023700,4033.6292,4044.3375,3967.8058,4019.0053
133227000,4018.4331,4661900,50959800,9573169800,127194983500,4033.6292,4044.3375,3967.8058,4019.0053
133232000,4018.41,6862500,61583400,9580032300,127256566900,4033.6292,4044.3375,3967.8058,4019.0053
133237000,4018.496,3641400,41790600,9583673700,127298357500,4033.6292,4044.3375,3967.8058,4019.0053
133242000,4018.4991,6708300,66775900,9590382000,127365133400,4033.6292,4044.3375,3967.8058,4019.0053
133247000,4018.4858,6235400,61368800,9596617400,127426502200,4033.6292,4044.3375,3967.8058,4019.0053
133252000,4018.4544,4426800,42042700,9601044200,127468544900,4033.6292,4044.3375,3967.8058,4019.0053
133257000,4018.1401,5137100,60467900,9606181300,127529012800,4033.6292,4044.3375,3967.8058,4019.0053
133302000,4018.0482,6496600,65756900,9612677900,127594769700,4033.6292,4044.3375,3967.8058,4019.0053
133307000,4017.9828,4305900,42854800,9616983800,127637624500,4033.6292,4044.3375,3967.8058,4019.0053
133312000,4017.8962,5820600,59198200,9622804400,127696822700,4033.6292,4044.3375,3967.8058,4019.0053
133317000,4017.0293,5456000,59653500,9628260400,127756476200,4033.6292,4044.3375,3967.8058,4019.0053
133322000,4016.8468,5305300,65099300,9633565700,127821575500,4033.6292,4044.3375,3967.8058,4019.0053
133327000,4016.5255,5767500,62706500,9639333200,127884282000,4033.6292,4044.3375,3967.8058,4019.0053
133332000,4015.4723,8471900,79049400,9647805100,127963331400,4033.6292,4044.3375,3967.8058,4019.0053
133337000,4016.117,4363700,46139400,9652168800,128009470800,4033.6292,4044.3375,3967.8058,4019.0053
133342000,4015.645,5042600,56687300,9657211400,128066158100,4033.6292,4044.3375,3967.8058,4019.0053
133347000,4015.6366,7608200,71566400,9664819600,128137724500,4033.6292,4044.3375,3967.8058,4019.0053
133352000,4015.3572,4048600,55375100,9668868200,128193099600,4033.6292,4044.3375,3967.8058,4019.0053
133357000,4014.6733,5382100,53732500,9674250300,128246832100,4033.6292,4044.3375,3967.8058,4019.0053
133402000,4014.3956,4417700,58644600,9678668000,128305476700,4033.6292,4044.3375,3967.8058,4019.0053
133407000,4015.2798,4519600,49034500,9683187600,128354511200,4033.6292,4044.3375,3967.8058,4019.0053
133412000,4015.6495,13685900,96025000,9696873500,128450536200,4033.6292,4044.3375,3967.8058,4019.0053
133417000,4015.9984,4954100,54952800,9701827600,128505489000,4033.6292,4044.3375,3967.8058,4019.0053
133422000,4015.4335,3935600,43997600,9705763200,128549486600,4033.6292,4044.3375,3967.8058,4019.0053
133427000,4015.8338,4725500,65901700,9710488700,128615388300,4033.6292,4044.3375,3967.8058,4019.0053
133432000,4015.8567,3128100,35502700,9713616800,128650891000,4033.6292,4044.3375,3967.8058,4019.0053
133437000,4015.6876,4749500,46283000,9718366300,128697174000,4033.6292,4044.3375,3967.8058,4019.0053
133442000,4015.5082,4418100,47769800,9722784400,128744943800,4033.6292,4044.3375,3967.8058,4019.0053
133447000,4015.2812,3818800,37062000,9726603200,128782005800,4033.6292,4044.3375,3967.8058,4019.0053
133452000,4015.4816,2673200,34477800,9729276400,128816483600,4033.6292,4044.3375,3967.8058,4019.0053
133457000,4015.0329,3792000,40644700,9733068400,128857128300,4033.6292,4044.3375,3967.8058,4019.0053
133502000,4015.0102,4469100,42955300,9737537500,128900083600,4033.6292,4044.3375,3967.8058,4019.0053
133507000,4015.3288,3531600,45145000,9741069100,128945228600,4033.6292,4044.3375,3967.8058,4019.0053
133512000,4015.2942,4030300,45307000,9745099400,128990535600,4033.6292,4044.3375,3967.8058,4019.0053
133517000,4015.3431,4021000,40279500,9749120400,129030815100,4033.6292,4044.3375,3967.8058,4019.0053
133522000,4015.007,5830500,59157500,9754950900,129089972600,4033.6292,4044.3375,3967.8058,4019.0053
133527000,4015.0853,5135500,53847400,9760086400,129143820000,4033.6292,4044.3375,3967.8058,4019.0053
133532000,4014.4683,3129500,38306400,9763215900,129182126400,4033.6292,4044.3375,3967.8058,4019.0053
133537000,4014.7782,3576600,39109200,9766792500,129221235600,4033.6292,4044.3375,3967.8058,4019.0053
133542000,4014.2521,3784400,45087700,9770576900,129266323300,4033.6292,4044.3375,3967.8058,4019.0053
133547000,4013.7252,4947800,60663300,9775524700,129326986600,4033.6292,4044.3375,3967.8058,4019.0053
133552000,4012.8128,3917100,51963200,9779441800,129378949800,4033.6292,4044.3375,3967.8058,4019.0053
133557000,4012.2634,6726500,81033000,9786168300,129459982800,4033.6292,4044.3375,3967.8058,4019.0053
133602000,4012.0939,4186100,50798700,9790354400,129510781500,4033.6292,4044.3375,3967.8058,4019.0053
133607000,4011.9093,3723700,44969200,9794078100,129555750700,4033.6292,4044.3375,3967.8058,4019.0053
133612000,4012.2014,5072800,67574500,9799150900,129623325200,4033.6292,4044.3375,3967.8058,4019.0053
133617000,4012.407,5372400,62101300,9804523300,129685426500,4033.6292,4044.3375,3967.8058,4019.0053
133622000,4011.9228,3507300,50546400,9808030600,129735972900,4033.6292,4044.3375,3967.8058,4019.0053
133627000,4013.1731,4215000,53493000,9812245600,129789465900,4033.6292,4044.3375,3967.8058,4019.0053
133632000,4013.4072,4018000,51129800,9816263600,129840595700,4033.6292,4044.3375,3967.8058,4019.0053
133637000,4014.1395,4367600,49774100,9820631200,129890369800,4033.6292,4044.3375,3967.8058,4019.0053
133642000,4014.5548,5626300,65156900,9826257500,129955526700,4033.6292,4044.3375,3967.8058,4019.0053
133647000,4013.9827,4062200,48052100,9830319700,130003578800,4033.6292,4044.3375,3967.8058,4019.0053
133652000,4014.5345,3917000,40210900,9834236700,130043789700,4033.6292,4044.3375,3967.8058,4019.0053
133657000,4014.7632,4895200,51844000,9839131900,130095633700,4033.6292,4044.3375,3967.8058,4019.0053
133702000,4014.6561,3650000,46754000,9842781900,130142387700,4033.6292,4044.3375,3967.8058,4019.0053
133707000,4014.931,5706900,53853800,9848488800,130196241500,4033.6292,4044.3375,3967.8058,4019.0053
133712000,4015.0853,3349200,46619900,9851838000,130242861400,4033.6292,4044.3375,3967.8058,4019.0053
133717000,4015.1083,2772000,36239300,9854610000,130279100700,4033.6292,4044.3375,3967.8058,4019.0053
133722000,4015.0305,2516100,33823700,9857126100,130312924400,4033.6292,4044.3375,3967.8058,4019.0053
133727000,4014.9194,4619300,49924000,9861745400,130362848400,4033.6292,4044.3375,3967.8058,4019.0053
133732000,4014.6714,3143900,32959400,9864889300,130395807800,4033.6292,4044.3375,3967.8058,4019.0053
133737000,4014.9454,2684300,30367900,9867573600,130426175700,4033.6292,4044.3375,3967.8058,4019.0053
133742000,4014.5986,3533500,41646300,9871107100,130467822000,4033.6292,4044.3375,3967.8058,4019.0053
133747000,4014.9183,5072700,49022000,9876179800,130516844000,4033.6292,4044.3375,3967.8058,4019.0053
133752000,4015.1964,3185700,36701900,9879365500,130553545900,4033.6292,4044.3375,3967.8058,4019.0053
133757000,4015.2298,5208100,57257100,9884573600,130610803000,4033.6292,4044.3375,3967.8058,4019.0053
133802000,4015.0523,3377800,35651000,9887951400,130646454000,4033.6292,4044.3375,3967.8058,4019.0053
133807000,4014.7179,3036600,33300900,9890988000,130679754900,4033.6292,4044.3375,3967.8058,4019.0053
133812000,4015.4321,3785000,43561700,9894773000,130723316600,4033.6292,4044.3375,3967.8058,4019.0053
133817000,4015.0649,3756300,42345600,9898529300,130765662200,4033.6292,4044.3375,3967.8058,4019.0053
133822000,4014.4476,3160400,39125300,9901689700,130804787500,4033.6292,4044.3375,3967.8058,4019.0053
133827000,4014.2587,4671000,52100600,9906360700,130856888100,4033.6292,4044.3375,3967.8058,4019.0053
133832000,4014.5949,3379500,47553500,9909740200,130904441600,4033.6292,4044.3375,3967.8058,4019.0053
133837000,4014.5199,2499800,34696100,9912240000,130939137700,4033.6292,4044.3375,3967.8058,4019.0053
133842000,4014.6347,4868800,51442200,9917108800,130990579900,4033.6292,4044.3375,3967.8058,4019.0053
133847000,4014.7985,4352200,43917700,9921461000,131034497600,4033.6292,4044.3375,3967.8058,4019.0053
133852000,4014.7072,3480400,36639800,9924941400,131071137400,4033.6292,4044.3375,3967.8058,4019.0053
133857000,4014.517,2967400,34746100,9927908800,131105883500,4033.6292,4044.3375,3967.8058,4019.0053
133902000,4014.5272,2582300,39067800,9930491100,131144951300,4033.6292,4044.3375,3967.8058,4019.0053
133907000,4014.4228,2665900,31367400,9933157000,131176318700,4033.6292,4044.3375,3967.8058,4019.0053
133912000,4014.6343,3816400,56054700,9936973400,131232373400,4033.6292,4044.3375,3967.8058,4019.0053
133917000,4015.0612,4353300,46503600,9941326700,131278877000,4033.6292,4044.3375,3967.8058,4019.0053
133922000,4015.4881,3290200,38222800,9944616900,131317099800,4033.6292,4044.3375,3967.8058,4019.0053
133927000,4015.8203,6226200,83974300,9950843100,131401074100,4033.6292,4044.3375,3967.8058,4019.0053
133932000,4018.3687,6670000,103212700,9957513100,131504286800,4033.6292,4044.3375,3967.8058,4019.0053
133937000,4019.2718,7584900,95228500,9965098000,131599515300,4033.6292,4044.3375,3967.8058,4019.0053
133942000,4019.1583,6255700,83959900,9971353700,131683475200,4033.6292,4044.3375,3967.8058,4019.0053
133947000,4019.0995,4576200,61354200,9975929900,131744829400,4033.6292,4044.3375,3967.8058,4019.0053
133952000,4019.7773,4385400,79763000,9980315300,131824592400,4033.6292,4044.3375,3967.8058,4019.0053
133957000,4019.8675,5790400,90264600,9986105700,131914857000,4033.6292,4044.3375,3967.8058,4019.0053
134002000,4020.1017,12222100,141599700,9998327800,132056456700,4033.6292,4044.3375,3967.8058,4019.0053
134007000,4021.5113,4814500,66395700,10003142300,132122852400,4033.6292,4044.3375,3967.8058,4019.0053
134012000,4021.4483,6509700,82113700,10009652000,132204966100,4033.6292,4044.3375,3967.8058,4019.0053
134017000,4019.912,5632800,76587600,10015284800,132281553700,4033.6292,4044.3375,3967.8058,4019.0053
134022000,4018.9444,5511800,83112800,10020796600,132364666500,4033.6292,4044.3375,3967.8058,4019.0053
134027000,4018.5786,6937400,84642400,10027734000,132449308900,4033.6292,4044.3375,3967.8058,4019.0053
134032000,4017.8024,5384100,84155200,10033118100,132533464100,4033.6292,4044.3375,3967.8058,4019.0053
134037000,4018.0782,4979700,60670500,10038097800,132594134600,4033.6292,4044.3375,3967.8058,4019.0053
134042000,4017.5252,6891200,78451800,10044989000,132672586400,4033.6292,4044.3375,3967.8058,4019.0053
134047000,4017.9238,4034600,52966400,10049023600,132725552800,4033.6292,4044.3375,3967.8058,4019.0053
134052000,4018.094,3156100,45887200,10052179700,132771440000,4033.6292,4044.3375,3967.8058,4019.0053
134057000,4018.1273,4525300,61471600,10056705000,132832911600,4033.6292,4044.3375,3967.8058,4019.0053
134102000,4018.1749,3601300,46390800,10060306300,132879302400,4033.6292,4044.3375,3967.8058,4019.0053
134107000,4018.1638,2446000,30794200,10062752300,132910096600,4033.6292,4044.3375,3967.8058,4019.0053
134112000,4018.2778,3909200,51482300,10066661500,132961578900,4033.6292,4044.3375,3967.8058,4019.0053
134117000,4018.2348,3645600,49298900,10070307100,133010877800,4033.6292,4044.3375,3967.8058,4019.0053
134122000,4018.2519,2829200,33937400,10073136300,133044815200,4033.6292,4044.3375,3967.8058,4019.0053
134127000,4018.0473,5774600,53904600,10078910900,133098719800,4033.6292,4044.3375,3967.8058,4019.0053
134132000,4018.4268,4428400,50229100,10083339300,133148948900,4033.6292,4044.3375,3967.8058,4019.0053
134137000,4018.5278,3673700,40826900,10087013000,133189775800,4033.6292,4044.3375,3967.8058,4019.0053
134142000,4018.1542,3712900,49072000,10090725900,133238847800,4033.6292,4044.3375,3967.8058,4019.0053
134147000,4018.2808,4081100,47971900,10094807000,133286819700,4033.6292,4044.3375,3967.8058,4019.0053
134152000,4018.4312,2484600,33651300,10097291600,133320471000,4033.6292,4044.3375,3967.8058,4019.0053
134157000,4017.8645,3709800,60102000,10101001400,133380573000,4033.6292,4044.3375,3967.8058,4019.0053
134202000,4018.2335,2502000,36457600,10103503400,133417030600,4033.6292,4044.3375,3967.8058,4019.0053
134207000,4017.9414,2356400,32818400,10105859800,133449849000,4033.6292,4044.3375,3967.8058,4019.0053
134212000,4018.2237,3603400,51398100,10109463200,133501247100,4033.6292,4044.3375,3967.8058,4019.0053
134217000,4018.6323,3050000,41192100,10112513200,133542439200,4033.6292,4044.3375,3967.8058,4019.0053
134222000,4018.5852,3113000,34568800,10115626200,133577008000,4033.6292,4044.3375,3967.8058,4019.0053
134227000,4018.0888,3431000,41456000,10119057200,133618464000,4033.6292,4044.3375,3967.8058,4019.0053
134232000,4018.3685,2838300,38316400,10121895500,133656780400,4033.6292,4044.3375,3967.8058,4019.0053
134237000,4018.0825,2122600,26873800,10124018100,133683654200,4033.6292,4044.3375,3967.8058,4019.0053
134242000,4017.9878,3155600,42347700,10127173700,133726001900,4033.6292,4044.3375,3967.8058,4019.0053
134247000,4018.3478,3311000,36638400,10130484700,133762640300,4033.6292,4044.3375,3967.8058,4019.0053
134252000,4018.4001,2705200,34522400,10133189900,133797162700,4033.6292,4044.3375,3967.8058,4019.0053
134257000,4018.4821,3267700,52261000,10136457600,133849423700,4033.6292,4044.3375,3967.8058,4019.0053
134302000,4018.3636,3545300,48918000,10140002900,133898341700,4033.6292,4044.3375,3967.8058,4019.0053
134307000,4018.6061,2312800,29643200,10142315700,133927984900,4033.6292,4044.3375,3967.8058,4019.0053
134312000,4018.6553,3945900,59049100,10146261600,133987034000,4033.6292,4044.3375,3967.8058,4019.0053
134317000,4018.6178,3142700,46390100,10149404300,134033424100,4033.6292,4044.3375,3967.8058,4019.0053
134322000,4018.4825,2582700,33852000,10151987000,134067276100,4033.6292,4044.3375,3967.8058,4019.0053
134327000,4018.6365,3843800,50019600,10155830800,134117295700,4033.6292,4044.3375,3967.8058,4019.0053
134332000,4019.9237,3096100,49511200,10158926900,134166806900,4033.6292,4044.3375,3967.8058,4019.0053
134337000,4020.2936,4975900,51278400,10163902800,134218085300,4033.6292,4044.3375,3967.8058,4019.0053
134342000,4021.2815,7130500,93475400,10171033300,134311560700,4033.6292,4044.3375,3967.8058,4019.0053
134347000,4021.8565,7053800,94218600,10178087100,134405779300,4033.6292,4044.3375,3967.8058,4019.0053
134352000,4022.9882,7231100,91695700,10185318200,134497475000,4033.6292,4044.3375,3967.8058,4019.0053
134357000,4023.3389,8888800,124800300,10194207000,134622275300,4033.6292,4044.3375,3967.8058,4019.0053
134402000,4022.7342,6508500,93359800,10200715500,134715635100,4033.6292,4044.3375,3967.8058,4019.0053
134407000,4023.4098,6225200,72787200,10206940700,134788422300,4033.6292,4044.3375,3967.8058,4019.0053
134412000,4023.9526,7179800,91595600,10214120500,134880017900,4033.6292,4044.3375,3967.8058,4019.0053
134417000,4024.1232,7201800,111128500,10221322300,134991146400,4033.6292,4044.3375,3967.8058,4019.0053
134422000,4024.3486,4450300,59496600,10225772600,135050643000,4033.6292,4044.3375,3967.8058,4019.0053
134427000,4024.5779,5898600,77275100,10231671200,135127918100,4033.6292,4044.3375,3967.8058,4019.0053
134432000,4025.9159,7123500,99193700,10238794700,135227111800,4033.6292,4044.3375,3967.8058,4019.0053
134437000,4026.2755,9812100,120891400,10248606800,135348003200,4033.6292,4044.3375,3967.8058,4019.0053
134442000,4026.7555,8681700,117907500,10257288500,135465910700,4033.6292,4044.3375,3967.8058,4019.0053
134447000,4028.2185,10346200,124893000,10267634700,135590803700,4033.6292,4044.3375,3967.8058,4019.0053
134452000,4028.4455,9785500,115365400,10277420200,135706169100,4033.6292,4044.3375,3967.8058,4019.0053
134457000,4028.5745,9919600,129557000,10287339800,135835726100,4033.6292,4044.3375,3967.8058,4019.0053
134502000,4028.9628,8357100,103108000,10295696900,135938834100,4033.6292,4044.3375,3967.8058,4019.0053
134507000,4029.5324,6354700,84887300,10302051600,136023721400,4033.6292,4044.3375,3967.8058,4019.0053
134512000,4029.9625,7925500,105912500,10309977100,136129633900,4033.6292,4044.3375,3967.8058,4019.0053
134517000,4029.8674,7557700,100692000,10317534800,136230325900,4033.6292,4044.3375,3967.8058,4019.0053
134522000,4030.0359,5802400,66242600,10323337200,136296568500,4033.6292,4044.3375,3967.8058,4019.0053
134527000,4030.1224,10001700,108274300,10333338900,136404842800,4033.6292,4044.3375,3967.8058,4019.0053
134532000,4030.5326,8225000,103419800,10341563900,136508262600,4033.6292,4044.3375,3967.8058,4019.0053
134537000,4030.6311,5995000,77963100,10347558900,136586225700,4033.6292,4044.3375,3967.8058,4019.0053
134542000,4030.5626,7172000,106702400,10354730900,136692928100,4033.6292,4044.3375,3967.8058,4019.0053
134547000,4031.0534,7625100,102177600,10362356000,136795105700,4033.6292,4044.3375,3967.8058,4019.0053
134552000,4031.3529,5129200,65873600,10367485200,136860979300,4033.6292,4044.3375,3967.8058,4019.0053
134557000,4031.3977,9772400,118315800,10377257600,136979295100,4033.6292,4044.3375,3967.8058,4019.0053
134602000,4032.5158,8512300,107959000,10385769900,137087254100,4033.6292,4044.3375,3967.8058,4019.0053
134607000,4033.1097,10334700,107507500,10396104600,137194761600,4033.6292,4044.3375,3967.8058,4019.0053
134612000,4033.0728,9414300,120286600,10405518900,137315048200,4033.6292,4044.3375,3967.8058,4019.0053
134617000,4032.9144,7749000,114626000,10413267900,137429674200,4033.6292,4044.3375,3967.8058,4019.0053
134622000,4032.8048,7529500,99750000,10420797400,137529424200,4033.6292,4044.3375,3967.8058,4019.0053
134627000,4032.9371,7344100,98321000,10428141500,137627745200,4033.6292,4044.3375,3967.8058,4019.0053
134632000,4032.9052,7604000,103736100,10435745500,137731481300,4033.6292,4044.3375,3967.8058,4019.0053
134637000,4032.7452,6199600,79340200,10441945100,137810821500,4033.6292,4044.3375,3967.8058,4019.0053
134642000,4032.3655,8536200,113462800,10450481300,137924284300,4033.6292,4044.3375,3967.8058,4019.0053
134647000,4032.9439,6807300,90489300,10457288600,138014773600,4033.6292,4044.3375,3967.8058,4019.0053
134652000,4032.3859,3898700,50338700,10461187300,138065112300,4033.6292,4044.3375,3967.8058,4019.0053
134657000,4032.3338,8683500,106925400,10469870800,138172037700,4033.6292,4044.3375,3967.8058,4019.0053
134702000,4032.247,5257300,75697400,10475128100,138247735100,4033.6292,4044.3375,3967.8058,4019.0053
134707000,4032.5035,6559000,70355400,10481687100,138318090500,4033.6292,4044.3375,3967.8058,4019.0053
134712000,4032.3403,6966200,80906200,10488653300,138398996700,4033.6292,4044.3375,3967.8058,4019.0053
134717000,4032.0442,6308600,74606500,10494961900,138473603200,4033.6292,4044.3375,3967.8058,4019.0053
134722000,4031.582,6105600,53139200,10501067500,138526742400,4033.6292,4044.3375,3967.8058,4019.0053
134727000,4031.9449,6308100,88759700,10507375600,138615502100,4033.6292,4044.3375,3967.8058,4019.0053
134732000,4031.957,4458500,55903400,10511834100,138671405500,4033.6292,4044.3375,3967.8058,4019.0053
134737000,4031.9492,4602200,52721500,10516436300,138724127000,4033.6292,4044.3375,3967.8058,4019.0053
134742000,4031.3518,13705200,111864100,10530141500,138835991100,4033.6292,4044.3375,3967.8058,4019.0053
134747000,4031.5893,6385600,66868800,10536527100,138902859900,4033.6292,4044.3375,3967.8058,4019.0053
134752000,4031.6061,3778000,48977700,10540305100,138951837600,4033.6292,4044.3375,3967.8058,4019.0053
134757000,4031.8262,5273500,72104600,10545578600,139023942200,4033.6292,4044.3375,3967.8058,4019.0053
134802000,4031.7396,7476900,74748100,10553055500,139098690300,4033.6292,4044.3375,3967.8058,4019.0053
134807000,4031.5719,3355800,41246500,10556411300,139139936800,4033.6292,4044.3375,3967.8058,4019.0053
134812000,4031.2692,4933700,67662600,10561345000,139207599400,4033.6292,4044.3375,3967.8058,4019.0053
134817000,4031.3793,5426400,65744400,10566771400,139273343800,4033.6292,4044.3375,3967.8058,4019.0053
134822000,4030.3124,3663100,46213100,10570434500,139319556900,4033.6292,4044.3375,3967.8058,4019.0053
134827000,4030.4107,7999300,84459200,10578433800,139404016100,4033.6292,4044.3375,3967.8058,4019.0053
134832000,4029.7782,7432200,81367600,10585866000,139485383700,4033.6292,4044.3375,3967.8058,4019.0053
134837000,4029.4844,7350800,65276700,10593216800,139550660400,4033.6292,4044.3375,3967.8058,4019.0053
134842000,4029.4609,29293500,169764400,10622510300,139720424800,4033.6292,4044.3375,3967.8058,4019.0053
134847000,4029.16,17119100,110805800,10639629400,139831230600,4033.6292,4044.3375,3967.8058,4019.0053
134852000,4029.2081,8791000,68299700,10648420400,139899530300,4033.6292,4044.3375,3967.8058,4019.0053
134857000,4029.0585,13571000,95430200,10661991400,139994960500,4033.6292,4044.3375,3967.8058,4019.0053
134902000,4028.3159,13477400,93493600,10675468800,140088454100,4033.6292,4044.3375,3967.8058,4019.0053
134907000,4028.4834,6939200,61200400,10682408000,140149654500,4033.6292,4044.3375,3967.8058,4019.0053
134912000,4028.636,9683500,85190800,10692091500,140234845300,4033.6292,4044.3375,3967.8058,4019.0053
134917000,4028.534,8804100,68782000,10700895600,140303627300,4033.6292,4044.3375,3967.8058,4019.0053
134922000,4027.88,8063700,56019600,10708959300,140359646900,4033.6292,4044.3375,3967.8058,4019.0053
134927000,4027.5687,10333400,73795800,10719292700,140433442700,4033.6292,4044.3375,3967.8058,4019.0053
134932000,4027.2528,11044100,80970800,10730336800,140514413500,4033.6292,4044.3375,3967.8058,4019.0053
134937000,4026.7498,4838800,43938000,10735175600,140558351500,4033.6292,4044.3375,3967.8058,4019.0053
134942000,4026.99,8614000,73924000,10743789600,140632275500,4033.6292,4044.3375,3967.8058,4019.0053
134947000,4026.6301,7154900,57433400,10750944500,140689708900,4033.6292,4044.3375,3967.8058,4019.0053
134952000,4026.4726,5842800,48778700,10756787300,140738487600,4033.6292,4044.3375,3967.8058,4019.0053
134957000,4026.2612,6950400,66736500,10763737700,140805224100,4033.6292,4044.3375,3967.8058,4019.0053
135002000,4025.6814,6356000,54100900,10770093700,140859325000,4033.6292,4044.3375,3967.8058,4019.0053
135007000,4025.9207,4358700,52104900,10774452400,140911429900,4033.6292,4044.3375,3967.8058,4019.0053
135012000,4026.4602,5397100,53895000,10779849500,140965324900,4033.6292,4044.3375,3967.8058,4019.0053
135017000,4025.9149,5136600,57575200,10784986100,141022900100,4033.6292,4044.3375,3967.8058,4019.0053
135022000,4025.884,3834200,43444300,10788820300,141066344400,4033.6292,4044.3375,3967.8058,4019.0053
135027000,4025.7453,5183400,61998800,10794003700,141128343200,4033.6292,4044.3375,3967.8058,4019.0053
135032000,4025.5133,4482600,49636700,10798486300,141177979900,4033.6292,4044.3375,3967.8058,4019.0053
135037000,4025.4944,4771200,50608500,10803257500,141228588400,4033.6292,4044.3375,3967.8058,4019.0053
135042000,4024.8732,5365900,57492300,10808623400,141286080700,4033.6292,4044.3375,3967.8058,4019.0053
135047000,4025.0964,3849800,44535900,10812473200,141330616600,4033.6292,4044.3375,3967.8058,4019.0053
135052000,4025.4331,4334800,53417100,10816808000,141384033700,4033.6292,4044.3375,3967.8058,4019.0053
135057000,4025.4041,5556500,52885700,10822364500,141436919400,4033.6292,4044.3375,3967.8058,4019.0053
135102000,4025.3183,8261800,64974000,10830626300,141501893400,4033.6292,4044.3375,3967.8058,4019.0053
135107000,4025.408,3768600,41625600,10834394900,141543519000,4033.6292,4044.3375,3967.8058,4019.0053
135112000,4025.3511,5914000,54826700,10840308900,141598345700,4033.6292,4044.3375,3967.8058,4019.0053
135117000,4024.9335,4025600,54139500,10844334500,141652485200,4033.6292,4044.3375,3967.8058,4019.0053
135122000,4025.5491,3377000,40544600,10847711500,141693029800,4033.6292,4044.3375,3967.8058,4019.0053
135127000,4024.9459,6658000,68140600,10854369500,141761170400,4033.6292,4044.3375,3967.8058,4019.0053
135132000,4024.8206,10328200,74303300,10864697700,141835473700,4033.6292,4044.3375,3967.8058,4019.0053
135137000,4025.1843,6995600,55552100,10871693300,141891025800,4033.6292,4044.3375,3967.8058,4019.0053
135142000,4024.873,4293100,57390600,10875986400,141948416400,4033.6292,4044.3375,3967.8058,4019.0053
135147000,4024.6278,6207200,55077600,10882193600,142003494000,4033.6292,4044.3375,3967.8058,4019.0053
135152000,4024.6566,3156300,34833600,10885349900,142038327600,4033.6292,4044.3375,3967.8058,4019.0053
135157000,4024.7633,6682000,65573500,10892031900,142103901100,4033.6292,4044.3375,3967.8058,4019.0053
135202000,4024.2639,6400200,59394000,10898432100,142163295100,4033.6292,4044.3375,3967.8058,4019.0053
135207000,4024.693,3533500,44435800,10901965600,142207730900,4033.6292,4044.3375,3967.8058,4019.0053
135212000,4024.903,8939800,74497000,10910905400,142282227900,4033.6292,4044.3375,3967.8058,4019.0053
135217000,4024.3985,6593800,68833700,10917499200,142351061600,4033.6292,4044.3375,3967.8058,4019.0053
135222000,4024.3112,4425200,33450300,10921924400,142384511900,4033.6292,4044.3375,3967.8058,4019.0053
135227000,4024.042,4065200,49870800,10925989600,142434382700,4033.6292,4044.3375,3967.8058,4019.0053
135232000,4024.1441,3674400,43202800,10929664000,142477585500,4033.6292,4044.3375,3967.8058,4019.0053
135237000,4024.1923,2608200,28389400,10932272200,142505974900,4033.6292,4044.3375,3967.8058,4019.0053
135242000,4024.1606,4442900,50313200,10936715100,142556288100,4033.6292,4044.3375,3967.8058,4019.0053
135247000,4023.9772,4155600,61249400,10940870700,142617537500,4033.6292,4044.3375,3967.8058,4019.0053
135252000,4024.1997,3584300,37190400,10944455000,142654727900,4033.6292,4044.3375,3967.8058,4019.0053
135257000,4024.4649,5957900,64204900,10950412900,142718932800,4033.6292,4044.3375,3967.8058,4019.0053
135302000,4024.3382,4717900,47572400,10955130800,142766505200,4033.6292,4044.3375,3967.8058,4019.0053
135307000,4024.2631,2534800,34956300,10957665600,142801461500,4033.6292,4044.3375,3967.8058,4019.0053
135312000,4024.8739,4909600,54405500,10962575200,142855867000,4033.6292,4044.3375,3967.8058,4019.0053
135317000,4024.7375,5036800,47569300,10967612000,142903436300,4033.6292,4044.3375,3967.8058,4019.0053
135322000,4024.4272,2671300,29412700,10970283300,142932849000,4033.6292,4044.3375,3967.8058,4019.0053
135327000,4024.1485,3893000,46046200,10974176300,142978895200,4033.6292,4044.3375,3967.8058,4019.0053
135332000,4024.1733,2810200,37538100,10976986500,143016433300,4033.6292,4044.3375,3967.8058,4019.0053
135337000,4024.2927,3273500,44604400,10980260000,143061037700,4033.6292,4044.3375,3967.8058,4019.0053
135342000,4024.3363,5243300,58483900,10985503300,143119521600,4033.6292,4044.3375,3967.8058,4019.0053
135347000,4023.6149,3351900,43371200,10988855200,143162892800,4033.6292,4044.3375,3967.8058,4019.0053
135352000,4023.7057,3240300,41260500,10992095500,143204153300,4033.6292,4044.3375,3967.8058,4019.0053
135357000,4023.866,4192300,46509400,10996287800,143250662700,4033.6292,4044.3375,3967.8058,4019.0053
135402000,4023.5623,4018300,49580200,11000306100,143300242900,4033.6292,4044.3375,3967.8058,4019.0053
135407000,4023.7221,2610300,35530900,11002916400,143335773800,4033.6292,4044.3375,3967.8058,4019.0053
135412000,4024.3255,4924800,52632900,11007841200,143388406700,4033.6292,4044.3375,3967.8058,4019.0053
135417000,4023.9377,4384900,52817600,11012226100,143441224300,4033.6292,4044.3375,3967.8058,4019.0053
135422000,4023.6935,3841500,38423700,11016067600,143479648000,4033.6292,4044.3375,3967.8058,4019.0053
135427000,4023.7716,4178600,52961900,11020246200,143532609900,4033.6292,4044.3375,3967.8058,4019.0053
135432000,4024.0004,4117300,48873200,11024363500,143581483100,4033.6292,4044.3375,3967.8058,4019.0053
135437000,4023.5972,3069900,30266300,11027433400,143611749400,4033.6292,4044.3375,3967.8058,4019.0053
135442000,4023.4715,5015500,48122200,11032448900,143659871600,4033.6292,4044.3375,3967.8058,4019.0053
135447000,4023.4397,3678300,41766400,11036127200,143701638000,4033.6292,4044.3375,3967.8058,4019.0053
135452000,4023.5451,4090900,37629200,11040218100,143739267200,4033.6292,4044.3375,3967.8058,4019.0053
135457000,4023.1723,5192000,55676400,11045410100,143794943600,4033.6292,4044.3375,3967.8058,4019.0053
135502000,4023.1207,4695000,47681700,11050105100,143842625300,4033.6292,4044.3375,3967.8058,4019.0053
135507000,4023.0747,3423800,46118200,11053528900,143888743500,4033.6292,4044.3375,3967.8058,4019.0053
135512000,4023.7654,4103000,41090000,11057631900,143929833500,4033.6292,4044.3375,3967.8058,4019.0053
135517000,4023.3772,3247700,44248900,11060879600,143974082400,4033.6292,4044.3375,3967.8058,4019.0053
135522000,4023.0274,2970400,30052500,11063850000,144004134900,4033.6292,4044.3375,3967.8058,4019.0053
135527000,4022.8919,3637400,38505300,11067487400,144042640200,4033.6292,4044.3375,3967.8058,4019.0053
135532000,4022.5041,4053700,46746200,11071541100,144089386400,4033.6292,4044.3375,3967.8058,4019.0053
135537000,4022.8591,2574200,31748900,11074115300,144121135300,4033.6292,4044.3375,3967.8058,4019.0053
135542000,4022.7435,3839500,40655000,11077954800,144161790300,4033.6292,4044.3375,3967.8058,4019.0053
135547000,4022.3949,3559700,54136900,11081514500,144215927200,4033.6292,4044.3375,3967.8058,4019.0053
135552000,4022.259,3443600,56606500,11084958100,144272533700,4033.6292,4044.3375,3967.8058,4019.0053
135557000,4022.5093,4192200,50280600,11089150300,144322814300,4033.6292,4044.3375,3967.8058,4019.0053
135602000,4022.006,3959100,56015700,11093109400,144378830000,4033.6292,4044.3375,3967.8058,4019.0053
135607000,4021.49,3443700,44275900,11096553100,144423105900,4033.6292,4044.3375,3967.8058,4019.0053
135612000,4022.1184,4202400,49031300,11100755500,144472137200,4033.6292,4044.3375,3967.8058,4019.0053
135617000,4022.0541,4409400,46865400,11105164900,144519002600,4033.6292,4044.3375,3967.8058,4019.0053
135622000,4021.1959,2250100,29817400,11107415000,144548820000,4033.6292,4044.3375,3967.8058,4019.0053
135627000,4021.0632,5616000,53420900,11113031000,144602240900,4033.6292,4044.3375,3967.8058,4019.0053
135632000,4021.0918,3053800,38543600,11116084800,144640784500,4033.6292,4044.3375,3967.8058,4019.0053
135637000,4020.8604,2851200,30681700,11118936000,144671466200,4033.6292,4044.3375,3967.8058,4019.0053
135642000,4020.8221,4149400,46981800,11123085400,144718448000,4033.6292,4044.3375,3967.8058,4019.0053
135647000,4020.2818,3257900,43592200,11126343300,144762040200,4033.6292,4044.3375,3967.8058,4019.0053
135652000,4020.467,2684100,34447300,11129027400,144796487500,4033.6292,4044.3375,3967.8058,4019.0053
135657000,4020.6321,4254100,56855700,11133281500,144853343200,4033.6292,4044.3375,3967.8058,4019.0053
135702000,4020.1443,2921100,44516400,11136202600,144897859600,4033.6292,4044.3375,3967.8058,4019.0053
135707000,4019.9448,2343600,29337500,11138546200,144927197100,4033.6292,4044.3375,3967.8058,4019.0053
135712000,4020.2081,3717300,49958300,11142263500,144977155400,4033.6292,4044.3375,3967.8058,4019.0053
135717000,4020.5005,3112100,43982200,11145375600,145021137600,4033.6292,4044.3375,3967.8058,4019.0053
135722000,4020.2801,2795200,33968100,11148170800,145055105700,4033.6292,4044.3375,3967.8058,4019.0053
135727000,4021.574,4737300,58208800,11152908100,145113314500,4033.6292,4044.3375,3967.8058,4019.0053
135732000,4021.3368,6731600,82805700,11159639700,145196120200,4033.6292,4044.3375,3967.8058,4019.0053
135737000,4021.92,4836500,60358900,11164476200,145256479100,4033.6292,4044.3375,3967.8058,4019.0053
135742000,4022.9062,5148600,71814700,11169624800,145328293800,4033.6292,4044.3375,3967.8058,4019.0053
135747000,4022.7139,3668800,42255400,11173293600,145370549200,4033.6292,4044.3375,3967.8058,4019.0053
135752000,4022.7203,3043900,41840800,11176337500,145412390000,4033.6292,4044.3375,3967.8058,4019.0053
135757000,4022.4023,3346200,51547800,11179683700,145463937800,4033.6292,4044.3375,3967.8058,4019.0053
135802000,4022.8224,3934600,50774100,11183618300,145514711900,4033.6292,4044.3375,3967.8058,4019.0053
135807000,4022.9896,1974500,30424900,11185592800,145545136800,4033.6292,4044.3375,3967.8058,4019.0053
135812000,4023.2285,3442100,52022100,11189034900,145597158900,4033.6292,4044.3375,3967.8058,4019.0053
135817000,4023.211,2979400,38191300,11192014300,145635350200,4033.6292,4044.3375,3967.8058,4019.0053
135822000,4023.306,3171600,36317400,11195185900,145671667600,4033.6292,4044.3375,3967.8058,4019.0053
135827000,4023.2203,4530600,56607100,11199716500,145728274700,4033.6292,4044.3375,3967.8058,4019.0053
135832000,4022.8126,5019800,56288700,11204736300,145784563400,4033.6292,4044.3375,3967.8058,4019.0053
135837000,4023.1805,3192400,53951200,11207928700,145838514600,4033.6292,4044.3375,3967.8058,4019.0053
135842000,4023.0907,3815300,50713800,11211744000,145889228400,4033.6292,4044.3375,3967.8058,4019.0053
135847000,4023.0058,3388300,49580100,11215132300,145938808500,4033.6292,4044.3375,3967.8058,4019.0053
135852000,4023.616,2032400,26887200,11217164700,145965695700,4033.6292,4044.3375,3967.8058,4019.0053
135857000,4023.6333,3213400,46604700,11220378100,146012300400,4033.6292,4044.3375,3967.8058,4019.0053
135902000,4023.4518,3181000,38496600,11223559100,146050797000,4033.6292,4044.3375,3967.8058,4019.0053
135907000,4023.3788,2185100,29247100,11225744200,146080044100,4033.6292,4044.3375,3967.8058,4019.0053
135912000,4023.9467,4427500,43826600,11230171700,146123870700,4033.6292,4044.3375,3967.8058,4019.0053
135917000,4023.8877,2930600,47595000,11233102300,146171465700,4033.6292,4044.3375,3967.8058,4019.0053
135922000,4023.5759,1892600,25394500,11234994900,146196860200,4033.6292,4044.3375,3967.8058,4019.0053
135927000,4023.4813,3159400,48560700,11238154300,146245420900,4033.6292,4044.3375,3967.8058,4019.0053
135932000,4023.9528,4109600,40684300,11242263900,146286105200,4033.6292,4044.3375,3967.8058,4019.0053
135937000,4024.159,2242600,31356900,11244506500,146317462100,4033.6292,4044.3375,3967.8058,4019.0053
135942000,4023.8672,3590800,45385000,11248097300,146362847100,4033.6292,4044.3375,3967.8058,4019.0053
135947000,4023.9611,2704500,38962700,11250801800,146401809800,4033.6292,4044.3375,3967.8058,4019.0053
135952000,4024.7517,1798800,28234300,11252600600,146430044100,4033.6292,4044.3375,3967.8058,4019.0053
135957000,4024.4283,2830600,36684700,11255431200,146466728800,4033.6292,4044.3375,3967.8058,4019.0053
140002000,4024.0785,2012800,26051000,11257444000,146492779800,4033.6292,4044.3375,3967.8058,4019.0053
140007000,4024.3508,2684900,32673000,11260128900,146525452800,4033.6292,4044.3375,3967.8058,4019.0053
140012000,4024.5218,3375300,44034800,11263504200,146569487600,4033.6292,4044.3375,3967.8058,4019.0053
140017000,4024.2507,3019000,39439000,11266523200,146608926600,4033.6292,4044.3375,3967.8058,4019.0053
140022000,4024.3241,2022200,31515100,11268545400,146640441700,4033.6292,4044.3375,3967.8058,4019.0053
140027000,4024.3478,3359900,44171900,11271905300,146684613600,4033.6292,4044.3375,3967.8058,4019.0053
140032000,4023.7741,2998400,39796000,11274903700,146724409600,4033.6292,4044.3375,3967.8058,4019.0053
140037000,4023.0564,2642400,35649300,11277546100,146760058900,4033.6292,4044.3375,3967.8058,4019.0053
140042000,4022.3924,3383400,49639200,11280929500,146809698100,4033.6292,4044.3375,3967.8058,4019.0053
140047000,4022.1939,3323000,45602200,11284252500,146855300300,4033.6292,4044.3375,3967.8058,4019.0053
140052000,4022.9744,2176600,33655500,11286429100,146888955800,4033.6292,4044.3375,3967.8058,4019.0053
140057000,4022.4654,4357800,61367400,11290786900,146950323200,4033.6292,4044.3375,3967.8058,4019.0053
140102000,4022.71,2730900,44498600,11293517800,146994821800,4033.6292,4044.3375,3967.8058,4019.0053
140107000,4022.3499,2399300,36078100,11295917100,147030899900,4033.6292,4044.3375,3967.8058,4019.0053
140112000,4022.4214,3422000,36921600,11299339100,147067821500,4033.6292,4044.3375,3967.8058,4019.0053
140117000,4022.4623,2980200,39227200,11302319300,147107048700,4033.6292,4044.3375,3967.8058,4019.0053
140122000,4022.3168,2103300,25201900,11304422600,147132250600,4033.6292,4044.3375,3967.8058,4019.0053
140127000,4022.0579,2901000,38041800,11307323600,147170292400,4033.6292,4044.3375,3967.8058,4019.0053
140132000,4022.0168,2116500,24146800,11309440100,147194439200,4033.6292,4044.3375,3967.8058,4019.0053
140137000,4022.1753,1711800,26133300,11311151900,147220572500,4033.6292,4044.3375,3967.8058,4019.0053
140142000,4022.3137,3185800,37398900,11314337700,147257971400,4033.6292,4044.3375,3967.8058,4019.0053
140147000,4021.9636,2921400,37470600,11317259100,147295442000,4033.6292,4044.3375,3967.8058,4019.0053
140152000,4021.9246,2187000,29517400,11319446100,147324959400,4033.6292,4044.3375,3967.8058,4019.0053
140157000,4021.352,3880100,46450900,11323326200,147371410300,4033.6292,4044.3375,3967.8058,4019.0053
140202000,4021.783,2482500,32780000,11325808700,147404190300,4033.6292,4044.3375,3967.8058,4019.0053
140207000,4022.3132,2943400,29471100,11328752100,147433661400,4033.6292,4044.3375,3967.8058,4019.0053
140212000,4022.8929,3501500,44655700,11332253600,147478317100,4033.6292,4044.3375,3967.8058,4019.0053
140217000,4022.8163,4031900,45433900,11336285500,147523751000,4033.6292,4044.3375,3967.8058,4019.0053
140222000,4023.7848,4957000,63853500,11341242500,147587604500,4033.6292,4044.3375,3967.8058,4019.0053
140227000,4025.0673,9860800,132316400,11351103300,147719920900,4033.6292,4044.3375,3967.8058,4019.0053
140232000,4025.2643,5901800,83127100,11357005100,147803048000,4033.6292,4044.3375,3967.8058,4019.0053
140237000,4025.5919,3969100,49986300,11360974200,147853034300,4033.6292,4044.3375,3967.8058,4019.0053
140242000,4026.7331,7395400,101612600,11368369600,147954646900,4033.6292,4044.3375,3967.8058,4019.0053
140247000,4027.1583,5424400,75561200,11373794000,148030208100,4033.6292,4044.3375,3967.8058,4019.0053
140252000,4026.9979,4190000,56474700,11377984000,148086682800,4033.6292,4044.3375,3967.8058,4019.0053
140257000,4027.1129,4425600,63196800,11382409600,148149879600,4033.6292,4044.3375,3967.8058,4019.0053
140302000,4027.0023,4520700,60675200,11386930300,148210554800,4033.6292,4044.3375,3967.8058,4019.0053
140307000,4027.4141,3299200,45356900,11390229500,148255911700,4033.6292,4044.3375,3967.8058,4019.0053
140312000,4028.1829,5568700,64546500,11395798200,148320458200,4033.6292,4044.3375,3967.8058,4019.0053
140317000,4027.6452,5516700,58186500,11401314900,148378644700,4033.6292,4044.3375,3967.8058,4019.0053
140322000,4027.7338,3703600,38001600,11405018500,148416646300,4033.6292,4044.3375,3967.8058,4019.0053
140327000,4027.5269,11721400,77039100,11416739900,148493685400,4033.6292,4044.3375,3967.8058,4019.0053
140332000,4027.6894,10355200,79739900,11427095100,148573425300,4033.6292,4044.3375,3967.8058,4019.0053
140337000,4027.7148,4566000,50833000,11431661100,148624258300,4033.6292,4044.3375,3967.8058,4019.0053
140342000,4027.8231,7163400,61822700,11438824500,148686081000,4033.6292,4044.3375,3967.8058,4019.0053
140347000,4028.0041,5144900,51673700,11443969400,148737754700,4033.6292,4044.3375,3967.8058,4019.0053
140352000,4028.2396,3284600,37446300,11447254000,148775201000,4033.6292,4044.3375,3967.8058,4019.0053
140357000,4028.3416,4998100,60903900,11452252100,148836104900,4033.6292,4044.3375,3967.8058,4019.0053
140402000,4028.2072,4613200,47568600,11456865300,148883673500,4033.6292,4044.3375,3967.8058,4019.0053
140407000,4028.0508,4676700,48007800,11461542000,148931681300,4033.6292,4044.3375,3967.8058,4019.0053
140412000,4028.619,14957400,84564200,11476499400,149016245500,4033.6292,4044.3375,3967.8058,4019.0053
140417000,4028.7544,3489100,50020200,11479988500,149066265700,4033.6292,4044.3375,3967.8058,4019.0053
140422000,4028.4774,4107200,47244000,11484095700,149113509700,4033.6292,4044.3375,3967.8058,4019.0053
140427000,4028.8149,6445400,59910700,11490541100,149173420400,4033.6292,4044.3375,3967.8058,4019.0053
140432000,4028.69,4413200,55686600,11494954300,149229107000,4033.6292,4044.3375,3967.8058,4019.0053
140437000,4028.5743,5824100,61795700,11500778400,149290902700,4033.6292,4044.3375,3967.8058,4019.0053
140442000,4029.0797,5259600,49579000,11506038000,149340481700,4033.6292,4044.3375,3967.8058,4019.0053
140447000,4029.1174,6787900,55173700,11512825900,149395655400,4033.6292,4044.3375,3967.8058,4019.0053
140452000,4029.1606,4053900,39500100,11516879800,149435155500,4033.6292,4044.3375,3967.8058,4019.0053
140457000,4029.0797,8590800,74804900,11525470600,149509960400,4033.6292,4044.3375,3967.8058,4019.0053
140502000,4029.2232,5904700,53414700,11531375300,149563375100,4033.6292,4044.3375,3967.8058,4019.0053
140507000,4029.391,4487000,42030800,11535862300,149605405900,4033.6292,4044.3375,3967.8058,4019.0053
140512000,4029.3953,5998900,62683400,11541861200,149668089300,4033.6292,4044.3375,3967.8058,4019.0053
140517000,4029.6913,4619500,49215500,11546480700,149717304800,4033.6292,4044.3375,3967.8058,4019.0053
140522000,4029.5025,4605200,40627800,11551085900,149757932600,4033.6292,4044.3375,3967.8058,4019.0053
140527000,4029.5456,5961400,56501000,11557047300,149814433600,4033.6292,4044.3375,3967.8058,4019.0053
140532000,4029.6287,4827900,48417000,11561875200,149862850600,4033.6292,4044.3375,3967.8058,4019.0053
140537000,4029.2032,3388500,35636300,11565263700,149898486900,4033.6292,4044.3375,3967.8058,4019.0053
140542000,4029.3266,5328500,56902300,11570592200,149955389200,4033.6292,4044.3375,3967.8058,4019.0053
140547000,4028.6947,5746700,57479400,11576338900,150012868600,4033.6292,4044.3375,3967.8058,4019.0053
140552000,4028.8195,4198500,45236000,11580537400,150058104600,4033.6292,4044.3375,3967.8058,4019.0053
140557000,4028.8652,4515800,50346200,11585053200,150108450800,4033.6292,4044.3375,3967.8058,4019.0053
140602000,4028.0471,6419100,66971500,11591472300,150175422300,4033.6292,4044.3375,3967.8058,4019.0053
140607000,4028.3855,3740300,47867000,11595212600,150223289300,4033.6292,4044.3375,3967.8058,4019.0053
140612000,4028.4504,4659100,58488500,11599871700,150281777800,4033.6292,4044.3375,3967.8058,4019.0053
140617000,4029.0284,4555200,58972900,11604426900,150340750700,4033.6292,4044.3375,3967.8058,4019.0053
140622000,4028.1806,3261300,35144200,11607688200,150375894900,4033.6292,4044.3375,3967.8058,4019.0053
140627000,4028.1536,4422600,52132700,11612110800,150428027600,4033.6292,4044.3375,3967.8058,4019.0053
140632000,4026.6392,6125300,69320800,11618236100,150497348400,4033.6292,4044.3375,3967.8058,4019.0053
140637000,4026.5188,6575600,57506800,11624811700,150554855200,4033.6292,4044.3375,3967.8058,4019.0053
140642000,4025.9775,5946000,66796600,11630757700,150621651800,4033.6292,4044.3375,3967.8058,4019.0053
140647000,4025.791,6111700,81285300,11636869400,150702937100,4033.6292,4044.3375,3967.8058,4019.0053
140652000,4025.4985,3781900,40513500,11640651300,150743450600,4033.6292,4044.3375,3967.8058,4019.0053
140657000,4025.1883,6413700,67082100,11647065000,150810532700,4033.6292,4044.3375,3967.8058,4019.0053
140702000,4024.8286,6004300,71087400,11653069300,150881620100,4033.6292,4044.3375,3967.8058,4019.0053
140707000,4024.786,5539700,49677900,11658609000,150931298000,4033.6292,4044.3375,3967.8058,4019.0053
140712000,4024.6246,4824100,55862100,11663433100,150987160100,4033.6292,4044.3375,3967.8058,4019.0053
140717000,4024.387,4730900,72029800,11668164000,151059189900,4033.6292,4044.3375,3967.8058,4019.0053
140722000,4024.1909,3178600,36939100,11671342600,151096129000,4033.6292,4044.3375,3967.8058,4019.0053
140727000,4024.3109,3444200,47825800,11674786800,151143954800,4033.6292,4044.3375,3967.8058,4019.0053
140732000,4024.035,3115100,46830500,11677901900,151190785300,4033.6292,4044.3375,3967.8058,4019.0053
140737000,4023.5028,2641400,34266400,11680543300,151225051700,4033.6292,4044.3375,3967.8058,4019.0053
140742000,4023.3853,3074200,36221700,11683617500,151261273400,4033.6292,4044.3375,3967.8058,4019.0053
140747000,4023.1273,14025600,92166600,11697643100,151353440000,4033.6292,4044.3375,3967.8058,4019.0053
140752000,4022.5243,3637900,43476000,11701281000,151396916000,4033.6292,4044.3375,3967.8058,4019.0053
140757000,4021.5497,6171100,77595700,11707452100,151474511700,4033.6292,4044.3375,3967.8058,4019.0053
140802000,4020.6217,6755300,88234400,11714207400,151562746100,4033.6292,4044.3375,3967.8058,4019.0053
140807000,4019.4158,7239600,81004600,11721447000,151643750700,4033.6292,4044.3375,3967.8058,4019.0053
140812000,4019.0253,6529400,80613600,11727976400,151724364300,4033.6292,4044.3375,3967.8058,4019.0053
140817000,4018.9099,7603800,80146100,11735580200,151804510400,4033.6292,4044.3375,3967.8058,4019.0053
140822000,4018.3908,4556300,46893800,11740136500,151851404200,4033.6292,4044.3375,3967.8058,4019.0053
140827000,4018.369,6131200,74093000,11746267700,151925497200,4033.6292,4044.3375,3967.8058,4019.0053
140832000,4018.0772,5714600,62033200,11751982300,151987530400,4033.6292,4044.3375,3967.8058,4019.0053
140837000,4017.7747,4137500,41295500,11756119800,152028825900,4033.6292,4044.3375,3967.8058,4019.0053
140842000,4017.3509,5402800,56948900,11761522600,152085774800,4033.6292,4044.3375,3967.8058,4019.0053
140847000,4017.3133,6279000,65435200,11767801600,152151210000,4033.6292,4044.3375,3967.8058,4019.0053
140852000,4017.3314,4337000,47815700,11772138600,152199025700,4033.6292,4044.3375,3967.8058,4019.0053
140857000,4016.6672,5319000,54914000,11777457600,152253939700,4033.6292,4044.3375,3967.8058,4019.0053
140902000,4016.2974,3503000,44129700,11780960600,152298069400,4033.6292,4044.3375,3967.8058,4019.0053
140907000,4015.8881,3288800,39889800,11784249400,152337959200,4033.6292,4044.3375,3967.8058,4019.0053
140912000,4016.0304,4132500,55138700,11788381900,152393097900,4033.6292,4044.3375,3967.8058,4019.0053
140917000,4016.4224,3653500,50179400,11792035400,152443277300,4033.6292,4044.3375,3967.8058,4019.0053
140922000,4016.6305,3117800,37898800,11795153200,152481176100,4033.6292,4044.3375,3967.8058,4019.0053
140927000,4016.0026,4437900,54605500,11799591100,152535781600,4033.6292,4044.3375,3967.8058,4019.0053
140932000,4016.1237,3421500,37320500,11803012600,152573102100,4033.6292,4044.3375,3967.8058,4019.0053
140937000,4016.2268,4173800,41324100,11807186400,152614426200,4033.6292,4044.3375,3967.8058,4019.0053
140942000,4016.2328,3402200,39626000,11810588600,152654052200,4033.6292,4044.3375,3967.8058,4019.0053
140947000,4016.3148,3940500,40906300,11814529100,152694958500,4033.6292,4044.3375,3967.8058,4019.0053
140952000,4016.4892,2950700,32086800,11817479800,152727045300,4033.6292,4044.3375,3967.8058,4019.0053
140957000,4016.0307,3381200,35188000,11820861000,152762233300,4033.6292,4044.3375,3967.8058,4019.0053
141002000,4015.9297,3016700,35196400,11823877700,152797429700,4033.6292,4044.3375,3967.8058,4019.0053
141007000,4015.6624,2321300,33044200,11826199000,152830473900,4033.6292,4044.3375,3967.8058,4019.0053
141012000,4015.8342,4059000,49260400,11830258000,152879734300,4033.6292,4044.3375,3967.8058,4019.0053
141017000,4016.1796,4931100,61475400,11835189100,152941209700,4033.6292,4044.3375,3967.8058,4019.0053
141022000,4015.6445,2428600,30038900,11837617700,152971248600,4033.6292,4044.3375,3967.8058,4019.0053
141027000,4015.6179,3993800,49451800,11841611500,153020700400,4033.6292,4044.3375,3967.8058,4019.0053
141032000,4015.9156,3976600,54374100,11845588100,153075074500,4033.6292,4044.3375,3967.8058,4019.0053
141037000,4015.8716,2361600,29320500,11847949700,153104395000,4033.6292,4044.3375,3967.8058,4019.0053
141042000,4015.3887,3828500,44706700,11851778200,153149101700,4033.6292,4044.3375,3967.8058,4019.0053
141047000,4015.1098,3453500,43672300,11855231700,153192774000,4033.6292,4044.3375,3967.8058,4019.0053
141052000,4015.8343,2725100,29424100,11857956800,153222198100,4033.6292,4044.3375,3967.8058,4019.0053
141057000,4015.3398,3161000,39232500,11861117800,153261430600,4033.6292,4044.3375,3967.8058,4019.0053
141102000,4015.65,2593100,39099300,11863710900,153300529900,4033.6292,4044.3375,3967.8058,4019.0053
141107000,4015.5943,2228900,25850100,11865939800,153326380000,4033.6292,4044.3375,3967.8058,4019.0053
141112000,4015.1667,2379100,37011400,11868318900,153363391400,4033.6292,4044.3375,3967.8058,4019.0053
141117000,4015.6489,3512100,42466200,11871831000,153405857600,4033.6292,4044.3375,3967.8058,4019.0053
141122000,4015.2482,2309900,32776200,11874140900,153438633800,4033.6292,4044.3375,3967.8058,4019.0053
141127000,4015.359,2601600,34724100,11876742500,153473357900,4033.6292,4044.3375,3967.8058,4019.0053
141132000,4015.1463,3398600,40510400,11880141100,153513868300,4033.6292,4044.3375,3967.8058,4019.0053
141137000,4015.3632,2220600,27536100,11882361700,153541404400,4033.6292,4044.3375,3967.8058,4019.0053
141142000,4015.1437,2643100,33407500,11885004800,153574811900,4033.6292,4044.3375,3967.8058,4019.0053
141147000,4015.3587,2194100,30666600,11887198900,153605478500,4033.6292,4044.3375,3967.8058,4019.0053
141152000,4015.2515,2696600,24501100,11889895500,153629979600,4033.6292,4044.3375,3967.8058,4019.0053
141157000,4014.9344,3576200,37276800,11893471700,153667256400,4033.6292,4044.3375,3967.8058,4019.0053
141202000,4014.8812,2424700,33063000,11895896400,153700319400,4033.6292,4044.3375,3967.8058,4019.0053
141207000,4014.9479,2623700,34482900,11898520100,153734802300,4033.6292,4044.3375,3967.8058,4019.0053
141212000,4015.1107,2248600,33304300,11900768700,153768106600,4033.6292,4044.3375,3967.8058,4019.0053
141217000,4015.6013,2345100,32264100,11903113800,153800370700,4033.6292,4044.3375,3967.8058,4019.0053
141222000,4015.3623,2305100,26623900,11905418900,153826994600,4033.6292,4044.3375,3967.8058,4019.0053
141227000,4015.054,2194900,29674600,11907613800,153856669200,4033.6292,4044.3375,3967.8058,4019.0053
141232000,4014.9263,2459300,29312500,11910073100,153885981700,4033.6292,4044.3375,3967.8058,4019.0053
141237000,4015.0862,1869200,21252300,11911942300,153907234000,4033.6292,4044.3375,3967.8058,4019.0053
141242000,4015.2293,2948900,33096800,11914891200,153940330800,4033.6292,4044.3375,3967.8058,4019.0053
141247000,4015.3687,2294600,33069200,11917185800,153973400000,4033.6292,4044.3375,3967.8058,4019.0053
141252000,4015.5405,1537400,19433100,11918723200,153992833100,4033.6292,4044.3375,3967.8058,4019.0053
141257000,4015.0195,2933800,28470900,11921657000,154021304000,4033.6292,4044.3375,3967.8058,4019.0053
141302000,4015.2964,2572300,33851500,11924229300,154055155500,4033.6292,4044.3375,3967.8058,4019.0053
141307000,4015.378,2644400,29533300,11926873700,154084688800,4033.6292,4044.3375,3967.8058,4019.0053
141312000,4014.766,2649000,31293900,11929522700,154115982700,4033.6292,4044.3375,3967.8058,4019.0053
141317000,4015.9331,2622800,35132000,11932145500,154151114700,4033.6292,4044.3375,3967.8058,4019.0053
141322000,4015.3796,1800700,28184200,11933946200,154179298900,4033.6292,4044.3375,3967.8058,4019.0053
141327000,4015.1221,3173100,34153100,11937119300,154213452000,4033.6292,4044.3375,3967.8058,4019.0053
141332000,4014.1685,3514200,46777300,11940633500,154260229300,4033.6292,4044.3375,3967.8058,4019.0053
141337000,4014.8801,2111400,25420200,11942744900,154285649500,4033.6292,4044.3375,3967.8058,4019.0053
141342000,4014.3795,2569200,33400200,11945314100,154319049700,4033.6292,4044.3375,3967.8058,4019.0053
141347000,4014.6157,3764400,41774000,11949078500,154360823700,4033.6292,4044.3375,3967.8058,4019.0053
141352000,4014.5822,1608300,20289700,11950686800,154381113400,4033.6292,4044.3375,3967.8058,4019.0053
141357000,4014.2438,3418000,36850600,11954104800,154417964000,4033.6292,4044.3375,3967.8058,4019.0053
141402000,4014.2115,2928600,36903500,11957033400,154454867500,4033.6292,4044.3375,3967.8058,4019.0053
141407000,4014.0846,2744400,25474000,11959777800,154480341500,4033.6292,4044.3375,3967.8058,4019.0053
141412000,4013.8484,4724000,53725600,11964501800,154534067100,4033.6292,4044.3375,3967.8058,4019.0053
141417000,4014.1784,4767900,54436500,11969269700,154588503600,4033.6292,4044.3375,3967.8058,4019.0053
141422000,4013.6578,5092400,41480500,11974362100,154629984100,4033.6292,4044.3375,3967.8058,4019.0053
141427000,4013.5267,2819600,34947800,11977181700,154664931900,4033.6292,4044.3375,3967.8058,4019.0053
141432000,4013.3564,3260000,40454100,11980441700,154705386000,4033.6292,4044.3375,3967.8058,4019.0053
141437000,4013.6015,2199600,27390100,11982641300,154732776100,4033.6292,4044.3375,3967.8058,4019.0053
141442000,4013.4931,2714300,31048700,11985355600,154763824800,4033.6292,4044.3375,3967.8058,4019.0053
141447000,4013.1452,3507000,39837800,11988862600,154803662600,4033.6292,4044.3375,3967.8058,4019.0053
141452000,4012.9066,2202400,29229400,11991065000,154832892000,4033.6292,4044.3375,3967.8058,4019.0053
141457000,4012.6672,2846300,38242000,11993911300,154871134000,4033.6292,4044.3375,3967.8058,4019.0053
141502000,4012.1594,3150500,48832300,11997061800,154919966300,4033.6292,4044.3375,3967.8058,4019.0053
141507000,4012.1701,4493000,44103600,12001554800,154964069900,4033.6292,4044.3375,3967.8058,4019.0053
141512000,4011.3437,4446800,66582300,12006001600,155030652200,4033.6292,4044.3375,3967.8058,4019.0053
141517000,4010.8701,7571700,97825100,12013573300,155128477300,4033.6292,4044.3375,3967.8058,4019.0053
141522000,4010.1959,5578300,52297100,12019151600,155180774400,4033.6292,4044.3375,3967.8058,4019.0053
141527000,4010.1916,4346500,61594200,12023498100,155242368600,4033.6292,4044.3375,3967.8058,4019.0053
141532000,4009.449,4206200,50062400,12027704300,155292431000,4033.6292,4044.3375,3967.8058,4019.0053
141537000,4009.6816,2713800,34195200,12030418100,155326626200,4033.6292,4044.3375,3967.8058,4019.0053
141542000,4009.1561,7132100,70280900,12037550200,155396907100,4033.6292,4044.3375,3967.8058,4019.0053
141547000,4008.6694,5454700,69417800,12043004900,155466324900,4033.6292,4044.3375,3967.8058,4019.0053
141552000,4008.3582,3060000,36830400,12046064900,155503155300,4033.6292,4044.3375,3967.8058,4019.0053
141557000,4007.9139,6218600,77660500,12052283500,155580815800,4033.6292,4044.3375,3967.8058,4019.0053
141602000,4007.667,5851200,70430700,12058134700,155651246500,4033.6292,4044.3375,3967.8058,4019.0053
141607000,4007.9544,3106100,41938900,12061240800,155693185400,4033.6292,4044.3375,3967.8058,4019.0053
141612000,4008.6161,3464600,48985200,12064705400,155742170600,4033.6292,4044.3375,3967.8058,4019.0053
141617000,4008.7466,5779500,74443800,12070484900,155816614400,4033.6292,4044.3375,3967.8058,4019.0053
141622000,4009.8509,4899600,63644300,12075384500,155880258700,4033.6292,4044.3375,3967.8058,4019.0053
141627000,4010.8091,8154000,107914500,12083538500,155988173200,4033.6292,4044.3375,3967.8058,4019.0053
141632000,4011.9446,6341900,87538300,12089880400,156075711500,4033.6292,4044.3375,3967.8058,4019.0053
141637000,4011.8359,5594700,62328000,12095475100,156138039500,4033.6292,4044.3375,3967.8058,4019.0053
141642000,4011.7405,4356800,63173400,12099831900,156201212900,4033.6292,4044.3375,3967.8058,4019.0053
141647000,4011.2398,2993800,40123000,12102825700,156241335900,4033.6292,4044.3375,3967.8058,4019.0053
141652000,4011.0322,2341500,28290000,12105167200,156269625900,4033.6292,4044.3375,3967.8058,4019.0053
141657000,4011.101,2990500,38906700,12108157700,156308532600,4033.6292,4044.3375,3967.8058,4019.0053
141702000,4011.1689,2455700,36489400,12110613400,156345022000,4033.6292,4044.3375,3967.8058,4019.0053
141707000,4011.2623,1856300,21976900,12112469700,156366998900,4033.6292,4044.3375,3967.8058,4019.0053
141712000,4011.1804,3970000,40165000,12116439700,156407163900,4033.6292,4044.3375,3967.8058,4019.0053
141717000,4012.1182,4128400,38451900,12120568100,156445615800,4033.6292,4044.3375,3967.8058,4019.0053
141722000,4012.5871,2529200,32819000,12123097300,156478434800,4033.6292,4044.3375,3967.8058,4019.0053
141727000,4013.1185,3429200,43817300,12126526500,156522252100,4033.6292,4044.3375,3967.8058,4019.0053
141732000,4013.2765,3735800,44271500,12130262300,156566523600,4033.6292,4044.3375,3967.8058,4019.0053
141737000,4013.4614,3038000,40406100,12133300300,156606929700,4033.6292,4044.3375,3967.8058,4019.0053
141742000,4013.9931,5576100,69213200,12138876400,156676142900,4033.6292,4044.3375,3967.8058,4019.0053
141747000,4014.2261,3788600,48297500,12142665000,156724440400,4033.6292,4044.3375,3967.8058,4019.0053
141752000,4014.5457,4130400,42641800,12146795400,156767082200,4033.6292,4044.3375,3967.8058,4019.0053
141757000,4014.351,3527300,55475500,12150322700,156822557700,4033.6292,4044.3375,3967.8058,4019.0053
141802000,4013.9704,2791900,38939800,12153114600,156861497500,4033.6292,4044.3375,3967.8058,4019.0053
141807000,4014.2337,2192600,27352500,12155307200,156888850000,4033.6292,4044.3375,3967.8058,4019.0053
141812000,4014.3741,5055400,46383600,12160362600,156935233600,4033.6292,4044.3375,3967.8058,4019.0053
141817000,4014.8455,3641700,34002400,12164004300,156969236000,4033.6292,4044.3375,3967.8058,4019.0053
141822000,4014.1394,1578200,19181900,12165582500,156988417900,4033.6292,4044.3375,3967.8058,4019.0053
141827000,4014.0826,4436000,49509200,12170018500,157037927100,4033.6292,4044.3375,3967.8058,4019.0053
141832000,4014.2194,2239200,29638600,12172257700,157067565700,4033.6292,4044.3375,3967.8058,4019.0053
141837000,4013.9757,2886000,27806100,12175143700,157095371800,4033.6292,4044.3375,3967.8058,4019.0053
141842000,4014.5702,2909600,34644900,12178053300,157130016700,4033.6292,4044.3375,3967.8058,4019.0053
141847000,4014.4436,2456000,34125700,12180509300,157164142400,4033.6292,4044.3375,3967.8058,4019.0053
141852000,4014.1097,2073700,26572600,12182583000,157190715000,4033.6292,4044.3375,3967.8058,4019.0053
141857000,4014.2398,4235300,39383700,12186818300,157230098700,4033.6292,4044.3375,3967.8058,4019.0053
141902000,4014.321,2666600,30245000,12189484900,157260343700,4033.6292,4044.3375,3967.8058,4019.0053
141907000,4014.1706,2004800,21883500,12191489700,157282227200,4033.6292,4044.3375,3967.8058,4019.0053
141912000,4014.2199,2689100,35633100,12194178800,157317860300,4033.6292,4044.3375,3967.8058,4019.0053
141917000,4014.6294,3104300,31887200,12197283100,157349747500,4033.6292,4044.3375,3967.8058,4019.0053
141922000,4014.4971,1466300,19835200,12198749400,157369582700,4033.6292,4044.3375,3967.8058,4019.0053
141927000,4014.0987,3056700,35381600,12201806100,157404964300,4033.6292,4044.3375,3967.8058,4019.0053
141932000,4014.1329,2717000,44172800,12204523100,157449137100,4033.6292,4044.3375,3967.8058,4019.0053
141937000,4014.1118,2070100,27236600,12206593200,157476373700,4033.6292,4044.3375,3967.8058,4019.0053
141942000,4014.0227,2668000,34937200,12209261200,157511310900,4033.6292,4044.3375,3967.8058,4019.0053
141947000,4013.9762,2175400,32159500,12211436600,157543470400,4033.6292,4044.3375,3967.8058,4019.0053
141952000,4014.101,1923500,24488600,12213360100,157567959000,4033.6292,4044.3375,3967.8058,4019.0053
141957000,4013.8662,2069400,28868300,12215429500,157596827300,4033.6292,4044.3375,3967.8058,4019.0053
142002000,4013.7219,2597300,37501200,12218026800,157634328500,4033.6292,4044.3375,3967.8058,4019.0053
142007000,4013.6318,2417600,29095800,12220444400,157663424300,4033.6292,4044.3375,3967.8058,4019.0053
142012000,4013.6122,4216300,41569000,12224660700,157704993300,4033.6292,4044.3375,3967.8058,4019.0053
142017000,4013.9712,2235500,29368400,12226896200,157734361700,4033.6292,4044.3375,3967.8058,4019.0053
142022000,4013.8587,2099800,28311700,12228996000,157762673400,4033.6292,4044.3375,3967.8058,4019.0053
142027000,4013.4417,2507800,31924600,12231503800,157794598000,4033.6292,4044.3375,3967.8058,4019.0053
142032000,4013.3305,2037900,29906300,12233541700,157824504300,4033.6292,4044.3375,3967.8058,4019.0053
142037000,4013.6862,1990000,27189400,12235531700,157851693700,4033.6292,4044.3375,3967.8058,4019.0053
142042000,4013.3822,2502900,33595500,12238034600,157885289200,4033.6292,4044.3375,3967.8058,4019.0053
142047000,4013.345,2816100,34590500,12240850700,157919879700,4033.6292,4044.3375,3967.8058,4019.0053
142052000,4013.4061,1827800,21035100,12242678500,157940914800,4033.6292,4044.3375,3967.8058,4019.0053
142057000,4013.604,2825300,37287100,12245503800,157978201900,4033.6292,4044.3375,3967.8058,4019.0053
142102000,4013.5297,2169100,30930200,12247672900,158009132100,4033.6292,4044.3375,3967.8058,4019.0053
142107000,4013.7586,2160700,28759700,12249833600,158037891800,4033.6292,4044.3375,3967.8058,4019.0053
142112000,4013.6164,3348500,32303700,12253182100,158070195500,4033.6292,4044.3375,3967.8058,4019.0053
142117000,4013.9922,2957500,35423900,12256139600,158105619400,4033.6292,4044.3375,3967.8058,4019.0053
142122000,4013.8804,2782200,33786300,12258921800,158139405700,4033.6292,4044.3375,3967.8058,4019.0053
142127000,4013.5392,2148100,25640100,12261069900,158165045800,4033.6292,4044.3375,3967.8058,4019.0053
142132000,4013.5361,2457800,30855600,12263527700,158195901400,4033.6292,4044.3375,3967.8058,4019.0053
142137000,4013.0723,1900600,19796100,12265428300,158215697500,4033.6292,4044.3375,3967.8058,4019.0053
142142000,4012.9895,2654200,35788900,12268082500,158251486400,4033.6292,4044.3375,3967.8058,4019.0053
142147000,4013.0891,2934000,38714600,12271016500,158290201000,4033.6292,4044.3375,3967.8058,4019.0053
142152000,4013.1713,2375200,32964500,12273391700,158323165500,4033.6292,4044.3375,3967.8058,4019.0053
142157000,4013.0639,3146600,42433200,12276538300,158365598700,4033.6292,4044.3375,3967.8058,4019.0053
142202000,4013.1363,4377500,53790400,12280915800,158419389100,4033.6292,4044.3375,3967.8058,4019.0053
142207000,4013.3112,3347200,40730700,12284263000,158460119800,4033.6292,4044.3375,3967.8058,4019.0053
142212000,4013.4506,3661900,49011100,12287924900,158509130900,4033.6292,4044.3375,3967.8058,4019.0053
142217000,4013.8211,2387900,36064500,12290312800,158545195400,4033.6292,4044.3375,3967.8058,4019.0053
142222000,4013.0224,1719600,23041000,12292032400,158568236400,4033.6292,4044.3375,3967.8058,4019.0053
142227000,4013.2767,3019600,34178400,12295052000,158602414800,4033.6292,4044.3375,3967.8058,4019.0053
142232000,4013.4307,3762100,48870200,12298814100,158651285000,4033.6292,4044.3375,3967.8058,4019.0053
142237000,4013.5557,2092000,30488600,12300906100,158681773600,4033.6292,4044.3375,3967.8058,4019.0053
142242000,4014.2,3632700,50731600,12304538800,158732505200,4033.6292,4044.3375,3967.8058,4019.0053
142247000,4015.6473,4967200,66698300,12309506000,158799203500,4033.6292,4044.3375,3967.8058,4019.0053
142252000,4016.2474,7017900,83395500,12316523900,158882599000,4033.6292,4044.3375,3967.8058,4019.0053
142257000,4017.8844,8169500,101058000,12324693400,158983657000,4033.6292,4044.3375,3967.8058,4019.0053
142302000,4019.1459,12911400,156390400,12337604800,159140047400,4033.6292,4044.3375,3967.8058,4019.0053
142307000,4019.2943,4581000,65103100,12342185800,159205150500,4033.6292,4044.3375,3967.8058,4019.0053
142312000,4019.466,5395600,82270100,12347581400,159287420600,4033.6292,4044.3375,3967.8058,4019.0053
142317000,4019.8745,4362300,65186500,12351943700,159352607100,4033.6292,4044.3375,3967.8058,4019.0053
142322000,4019.7391,6552100,53599800,12358495800,159406206900,4033.6292,4044.3375,3967.8058,4019.0053
142327000,4019.7841,4103200,54674800,12362599000,159460881700,4033.6292,4044.3375,3967.8058,4019.0053
142332000,4020.0102,4194400,64907900,12366793400,159525789600,4033.6292,4044.3375,3967.8058,4019.0053
142337000,4020.0218,3799500,40182300,12370592900,159565971900,4033.6292,4044.3375,3967.8058,4019.0053
142342000,4020.242,5226100,56946200,12375819000,159622918100,4033.6292,4044.3375,3967.8058,4019.0053
142347000,4020.3762,4519500,51498600,12380338500,159674416700,4033.6292,4044.3375,3967.8058,4019.0053
142352000,4020.4485,2956900,36746200,12383295400,159711162900,4033.6292,4044.3375,3967.8058,4019.0053
142357000,4020.9815,3616700,44041200,12386912100,159755204100,4033.6292,4044.3375,3967.8058,4019.0053
142402000,4020.1534,3595100,42895100,12390507200,159798099200,4033.6292,4044.3375,3967.8058,4019.0053
142407000,4020.5897,3032000,32149900,12393539200,159830249100,4033.6292,4044.3375,3967.8058,4019.0053
142412000,4020.3665,4488300,51916600,12398027500,159882165700,4033.6292,4044.3375,3967.8058,4019.0053
142417000,4020.8281,4075400,62025100,12402102900,159944190800,4033.6292,4044.3375,3967.8058,4019.0053
142422000,4020.222,3793700,38733900,12405896600,159982924700,4033.6292,4044.3375,3967.8058,4019.0053
142427000,4019.9231,3667400,50953800,12409564000,160033878500,4033.6292,4044.3375,3967.8058,4019.0053
142432000,4020.1421,3494300,43402200,12413058300,160077280700,4033.6292,4044.3375,3967.8058,4019.0053
142437000,4020.0679,3392200,33961800,12416450500,160111242500,4033.6292,4044.3375,3967.8058,4019.0053
142442000,4019.5936,4086000,41562000,12420536500,160152804500,4033.6292,4044.3375,3967.8058,4019.0053
142447000,4019.4968,3703900,47046200,12424240400,160199850700,4033.6292,4044.3375,3967.8058,4019.0053
142452000,4019.6303,3821600,31695900,12428062000,160231546600,4033.6292,4044.3375,3967.8058,4019.0053
142457000,4019.8293,5226200,50628500,12433288200,160282175100,4033.6292,4044.3375,3967.8058,4019.0053
142502000,4019.1671,4581100,46874700,12437869300,160329049800,4033.6292,4044.3375,3967.8058,4019.0053
142507000,4019.4511,4449200,31775700,12442318500,160360825500,4033.6292,4044.3375,3967.8058,4019.0053
142512000,4019.22,4202600,42459200,12446521100,160403284700,4033.6292,4044.3375,3967.8058,4019.0053
142517000,4019.3402,3116700,44770400,12449637800,160448055100,4033.6292,4044.3375,3967.8058,4019.0053
142522000,4019.46,2310500,27448300,12451948300,160475503400,4033.6292,4044.3375,3967.8058,4019.0053
142527000,4019.273,3821800,36806900,12455770100,160512310300,4033.6292,4044.3375,3967.8058,4019.0053
142532000,4018.6227,2706400,31565400,12458476500,160543875700,4033.6292,4044.3375,3967.8058,4019.0053
142537000,4018.5747,3277200,29787000,12461753700,160573662700,4033.6292,4044.3375,3967.8058,4019.0053
142542000,4018.1392,3223800,42525800,12464977500,160616188500,4033.6292,4044.3375,3967.8058,4019.0053
142547000,4017.8615,2946800,40147200,12467924300,160656335700,4033.6292,4044.3375,3967.8058,4019.0053
142552000,4017.8557,3915400,39148900,12471839700,160695484600,4033.6292,4044.3375,3967.8058,4019.0053
142557000,4017.3504,3674900,43659600,12475514600,160739144200,4033.6292,4044.3375,3967.8058,4019.0053
142602000,4016.1744,6402600,69919400,12481917200,160809063600,4033.6292,4044.3375,3967.8058,4019.0053
142607000,4016.3939,4908100,56608400,12486825300,160865672000,4033.6292,4044.3375,3967.8058,4019.0053
142612000,4015.5213,6152300,75032200,12492977600,160940704200,4033.6292,4044.3375,3967.8058,4019.0053
142617000,4016.0398,3744700,51078900,12496722300,160991783100,4033.6292,4044.3375,3967.8058,4019.0053
142622000,4015.3314,2862400,38948100,12499584700,161030731200,4033.6292,4044.3375,3967.8058,4019.0053
142627000,4014.0609,5972800,77091000,12505557500,161107822200,4033.6292,4044.3375,3967.8058,4019.0053
142632000,4012.8021,7535800,95482800,12513093300,161203305000,4033.6292,4044.3375,3967.8058,4019.0053
142637000,4011.9833,7846300,95938200,12520939600,161299243200,4033.6292,4044.3375,3967.8058,4019.0053
142642000,4010.5112,7966700,99904100,12528906300,161399147300,4033.6292,4044.3375,3967.8058,4019.0053
142647000,4010.5573,6307700,81088200,12535214000,161480235500,4033.6292,4044.3375,3967.8058,4019.0053
142652000,4010.2893,3778000,47104800,12538992000,161527340300,4033.6292,4044.3375,3967.8058,4019.0053
142657000,4010.0642,5930100,66931200,12544922100,161594271500,4033.6292,4044.3375,3967.8058,4019.0053
142702000,4009.8525,5506000,66686300,12550428100,161660957800,4033.6292,4044.3375,3967.8058,4019.0053
142707000,4009.6991,4392400,54210400,12554820500,161715168200,4033.6292,4044.3375,3967.8058,4019.0053
142712000,4009.1332,4533600,47497000,12559354100,161762665200,4033.6292,4044.3375,3967.8058,4019.0053
142717000,4009.212,3021000,50617900,12562375100,161813283100,4033.6292,4044.3375,3967.8058,4019.0053
142722000,4009.8692,2622900,31683300,12564998000,161844966400,4033.6292,4044.3375,3967.8058,4019.0053
142727000,4009.3425,3507300,43252600,12568505300,161888219000,4033.6292,4044.3375,3967.8058,4019.0053
142732000,4009.1191,3569500,39373100,12572074800,161927592100,4033.6292,4044.3375,3967.8058,4019.0053
142737000,4009.587,2773500,33464100,12574848300,161961056200,4033.6292,4044.3375,3967.8058,4019.0053
142742000,4008.9792,2856600,44303900,12577704900,162005360100,4033.6292,4044.3375,3967.8058,4019.0053
142747000,4009.6384,2942900,41946900,12580647800,162047307000,4033.6292,4044.3375,3967.8058,4019.0053
142752000,4009.4759,3951000,37990300,12584598800,162085297300,4033.6292,4044.3375,3967.8058,4019.0053
142757000,4009.3589,3186100,43055900,12587784900,162128353200,4033.6292,4044.3375,3967.8058,4019.0053
142802000,4008.9602,3413300,43565700,12591198200,162171918900,4033.6292,4044.3375,3967.8058,4019.0053
142807000,4009.2709,2407400,30221800,12593605600,162202140700,4033.6292,4044.3375,3967.8058,4019.0053
142812000,4009.3966,2927400,41375200,12596533000,162243515900,4033.6292,4044.3375,3967.8058,4019.0053
142817000,4009.6781,2877300,36833700,12599410300,162280349600,4033.6292,4044.3375,3967.8058,4019.0053
142822000,4009.9175,1416400,21068500,12600826700,162301418100,4033.6292,4044.3375,3967.8058,4019.0053
142827000,4009.5447,3134500,32606000,12603961200,162334024100,4033.6292,4044.3375,3967.8058,4019.0053
142832000,4009.4439,4640900,41788800,12608602100,162375812900,4033.6292,4044.3375,3967.8058,4019.0053
142837000,4009.7782,2072900,26427000,12610675000,162402239900,4033.6292,4044.3375,3967.8058,4019.0053
142842000,4009.6754,5408700,50146000,12616083700,162452385900,4033.6292,4044.3375,3967.8058,4019.0053
142847000,4009.9457,3460200,40359500,12619543900,162492745400,4033.6292,4044.3375,3967.8058,4019.0053
142852000,4010.1247,2115800,26580500,12621659700,162519325900,4033.6292,4044.3375,3967.8058,4019.0053
142857000,4010.7599,7161900,49989400,12628821600,162569315300,4033.6292,4044.3375,3967.8058,4019.0053
142902000,4010.9883,6621600,51577700,12635443200,162620893000,4033.6292,4044.3375,3967.8058,4019.0053
142907000,4010.9143,2478800,24044300,12637922000,162644937300,4033.6292,4044.3375,3967.8058,4019.0053
142912000,4010.5782,4018500,38463200,12641940500,162683400500,4033.6292,4044.3375,3967.8058,4019.0053
142917000,4010.8909,3605900,44855500,12645546400,162728256000,4033.6292,4044.3375,3967.8058,4019.0053
142922000,4011.5118,1751200,24002000,12647297600,162752258000,4033.6292,4044.3375,3967.8058,4019.0053
142927000,4011.1437,2552700,32194000,12649850300,162784452000,4033.6292,4044.3375,3967.8058,4019.0053
142932000,4011.1993,3045900,36263600,12652896200,162820715600,4033.6292,4044.3375,3967.8058,4019.0053
142937000,4010.9777,1474500,18290300,12654370700,162839005900,4033.6292,4044.3375,3967.8058,4019.0053
142942000,4010.7882,3334600,33640600,12657705300,162872646500,4033.6292,4044.3375,3967.8058,4019.0053
142947000,4010.9486,2342700,33855400,12660048000,162906501900,4033.6292,4044.3375,3967.8058,4019.0053
142952000,4011.0218,1634000,17985300,12661682000,162924487200,4033.6292,4044.3375,3967.8058,4019.0053
142957000,4011.3843,2190300,26824500,12663872300,162951311700,4033.6292,4044.3375,3967.8058,4019.0053
143002000,4011.3838,2702900,35041900,12666575200,162986353600,4033.6292,4044.3375,3967.8058,4019.0053
143007000,4011.1413,1555700,22232800,12668130900,163008586400,4033.6292,4044.3375,3967.8058,4019.0053
143012000,4011.3182,2923200,32805500,12671054100,163041391900,4033.6292,4044.3375,3967.8058,4019.0053
143017000,4011.0539,3261300,45754800,12674315400,163087146700,4033.6292,4044.3375,3967.8058,4019.0053
143022000,4011.9046,1636900,20506200,12675952300,163107652900,4033.6292,4044.3375,3967.8058,4019.0053
143027000,4011.6077,2470100,31982600,12678422400,163139635500,4033.6292,4044.3375,3967.8058,4019.0053
143032000,4011.5537,3151600,36377500,12681574000,163176013000,4033.6292,4044.3375,3967.8058,4019.0053
143037000,4011.6231,2140400,29021700,12683714400,163205034700,4033.6292,4044.3375,3967.8058,4019.0053
143042000,4011.3216,2442800,37274800,12686157200,163242309500,4033.6292,4044.3375,3967.8058,4019.0053
143047000,4011.1763,2597900,30620800,12688755100,163272930300,4033.6292,4044.3375,3967.8058,4019.0053
143052000,4011.1469,1840600,30548500,12690595700,163303478800,4033.6292,4044.3375,3967.8058,4019.0053
143057000,4011.0653,3678200,38398200,12694273900,163341877000,4033.6292,4044.3375,3967.8058,4019.0053
143102000,4011.1092,2519000,30349400,12696792900,163372226400,4033.6292,4044.3375,3967.8058,4019.0053
143107000,4011.1914,2375800,28196100,12699168700,163400422500,4033.6292,4044.3375,3967.8058,4019.0053
143112000,4010.9916,3858500,41989100,12703027200,163442411600,4033.6292,4044.3375,3967.8058,4019.0053
143117000,4010.8332,3927600,36866100,12706954800,163479277700,4033.6292,4044.3375,3967.8058,4019.0053
143122000,4011.8582,1607200,22613900,12708562000,163501891600,4033.6292,4044.3375,3967.8058,4019.0053
143127000,4011.1809,2058700,33629600,12710620700,163535521200,4033.6292,4044.3375,3967.8058,4019.0053
143132000,4011.1202,2932100,38614700,12713552800,163574135900,4033.6292,4044.3375,3967.8058,4019.0053
143137000,4010.7905,1563700,24447700,12715116500,163598583600,4033.6292,4044.3375,3967.8058,4019.0053
143142000,4011.0905,3291400,34235100,12718407900,163632818700,4033.6292,4044.3375,3967.8058,4019.0053
143147000,4010.9711,2991500,40281700,12721399400,163673100400,4033.6292,4044.3375,3967.8058,4019.0053
143152000,4010.6383,1931000,25158900,12723330400,163698259300,4033.6292,4044.3375,3967.8058,4019.0053
143157000,4010.4122,2646700,32130400,12725977100,163730389700,4033.6292,4044.3375,3967.8058,4019.0053
143202000,4010.1639,2484000,35529100,12728461100,163765918800,4033.6292,4044.3375,3967.8058,4019.0053
143207000,4010.6514,1671900,22553600,12730133000,163788472400,4033.6292,4044.3375,3967.8058,4019.0053
143212000,4010.2071,3271900,48908500,12733404900,163837380900,4033.6292,4044.3375,3967.8058,4019.0053
143217000,4010.114,3951000,42321900,12737355900,163879702800,4033.6292,4044.3375,3967.8058,4019.0053
143222000,4010.9666,1942200,25290100,12739298100,163904992900,4033.6292,4044.3375,3967.8058,4019.0053
143227000,4009.8144,3449200,40240100,12742747300,163945233000,4033.6292,4044.3375,3967.8058,4019.0053
143232000,4009.7951,2259500,32460400,12745006800,163977693400,4033.6292,4044.3375,3967.8058,4019.0053
143237000,4010.1315,1598900,21479600,12746605700,163999173000,4033.6292,4044.3375,3967.8058,4019.0053
143242000,4010.1894,2396400,29530500,12749002100,164028703500,4033.6292,4044.3375,3967.8058,4019.0053
143247000,4009.7715,2682500,35458200,12751684600,164064161700,4033.6292,4044.3375,3967.8058,4019.0053
143252000,4009.8723,2153900,31969800,12753838500,164096131500,4033.6292,4044.3375,3967.8058,4019.0053
143257000,4009.765,3184300,47433400,12757022800,164143564900,4033.6292,4044.3375,3967.8058,4019.0053
143302000,4009.4585,3598800,59247200,12760621600,164202812100,4033.6292,4044.3375,3967.8058,4019.0053
143307000,4009.3112,2906100,36810500,12763527700,164239622600,4033.6292,4044.3375,3967.8058,4019.0053
143312000,4008.7073,3463100,47867900,12766990800,164287490500,4033.6292,4044.3375,3967.8058,4019.0053
143317000,4008.8394,3220400,43629800,12770211200,164331120300,4033.6292,4044.3375,3967.8058,4019.0053
143322000,4009.3344,1712700,22888800,12771923900,164354009100,4033.6292,4044.3375,3967.8058,4019.0053
143327000,4008.8006,3019700,43582400,12774943600,164397591500,4033.6292,4044.3375,3967.8058,4019.0053
143332000,4008.3858,3950800,41620000,12778894400,164439211500,4033.6292,4044.3375,3967.8058,4019.0053
143337000,4008.5039,3113400,31606200,12782007800,164470817700,4033.6292,4044.3375,3967.8058,4019.0053
143342000,4008.4555,3452900,42296000,12785460700,164513113700,4033.6292,4044.3375,3967.8058,4019.0053
143347000,4008.5997,2934400,41162100,12788395100,164554275800,4033.6292,4044.3375,3967.8058,4019.0053
143352000,4008.3035,2243000,28109700,12790638100,164582385500,4033.6292,4044.3375,3967.8058,4019.0053
143357000,4008.2475,3162500,48279100,12793800600,164630664600,4033.6292,4044.3375,3967.8058,4019.0053
143402000,4007.9156,3661500,54292300,12797462100,164684956900,4033.6292,4044.3375,3967.8058,4019.0053
143407000,4007.8938,2945700,43387900,12800407800,164728344800,4033.6292,4044.3375,3967.8058,4019.0053
143412000,4007.6812,3837100,42447600,12804244900,164770792400,4033.6292,4044.3375,3967.8058,4019.0053
143417000,4007.6391,4043400,63796100,12808288300,164834588500,4033.6292,4044.3375,3967.8058,4019.0053
143422000,4007.9448,2729900,37952000,12811018200,164872540500,4033.6292,4044.3375,3967.8058,4019.0053
143427000,4007.5375,3645500,49612700,12814663700,164922153200,4033.6292,4044.3375,3967.8058,4019.0053
143432000,4007.53,2889500,42922000,12817553200,164965075200,4033.6292,4044.3375,3967.8058,4019.0053
143437000,4007.3534,3325700,37350300,12820878900,165002425500,4033.6292,4044.3375,3967.8058,4019.0053
143442000,4007.4969,3111300,55598300,12823990200,165058023800,4033.6292,4044.3375,3967.8058,4019.0053
143447000,4009.12,5218700,70949900,12829208900,165128973700,4033.6292,4044.3375,3967.8058,4019.0053
143452000,4011.509,8360800,100813100,12837569700,165229786800,4033.6292,4044.3375,3967.8058,4019.0053
143457000,4012.6614,9539300,137480300,12847109000,165367267100,4033.6292,4044.3375,3967.8058,4019.0053
143502000,4014.1293,9364300,131041800,12856473300,165498308900,4033.6292,4044.3375,3967.8058,4019.0053
143507000,4014.5636,4460200,66794200,12860933500,165565103100,4033.6292,4044.3375,3967.8058,4019.0053
143512000,4014.7136,5137900,64709300,12866071400,165629812400,4033.6292,4044.3375,3967.8058,4019.0053
143517000,4014.2685,6228500,63633600,12872299900,165693446000,4033.6292,4044.3375,3967.8058,4019.0053
143522000,4014.9589,2310900,29872900,12874610800,165723318900,4033.6292,4044.3375,3967.8058,4019.0053
143527000,4015.2002,3788500,60895200,12878399300,165784214100,4033.6292,4044.3375,3967.8058,4019.0053
143532000,4014.804,3597700,48433800,12881997000,165832647900,4033.6292,4044.3375,3967.8058,4019.0053
143537000,4014.7433,2856000,40141500,12884853000,165872789400,4033.6292,4044.3375,3967.8058,4019.0053
143542000,4014.8105,3325900,51307600,12888178900,165924097000,4033.6292,4044.3375,3967.8058,4019.0053
143547000,4014.9045,3461200,43940900,12891640100,165968037900,4033.6292,4044.3375,3967.8058,4019.0053
143552000,4014.7402,2771900,31111800,12894412000,165999149700,4033.6292,4044.3375,3967.8058,4019.0053
143557000,4014.6488,4337600,46334500,12898749600,166045484200,4033.6292,4044.3375,3967.8058,4019.0053
143602000,4015.0256,3543100,44515100,12902292700,166089999300,4033.6292,4044.3375,3967.8058,4019.0053
143607000,4014.7989,2758900,36824600,12905051600,166126823900,4033.6292,4044.3375,3967.8058,4019.0053
143612000,4015.8243,4357900,53905900,12909409500,166180729800,4033.6292,4044.3375,3967.8058,4019.0053
143617000,4017.6364,5255200,70386500,12914664700,166251116300,4033.6292,4044.3375,3967.8058,4019.0053
143622000,4018.472,7941200,82252400,12922605900,166333368700,4033.6292,4044.3375,3967.8058,4019.0053
143627000,4019.3441,8885600,111217800,12931491500,166444586500,4033.6292,4044.3375,3967.8058,4019.0053
143632000,4018.5825,4648400,65678500,12936139900,166510265000,4033.6292,4044.3375,3967.8058,4019.0053
143637000,4018.9382,3792400,46035000,12939932300,166556300000,4033.6292,4044.3375,3967.8058,4019.0053
143642000,4019.8683,5492000,65094200,12945424300,166621394200,4033.6292,4044.3375,3967.8058,4019.0053
143647000,4021.1554,6129900,76269300,12951554200,166697663500,4033.6292,4044.3375,3967.8058,4019.0053
143652000,4022.0629,7910800,74334200,12959465000,166771997700,4033.6292,4044.3375,3967.8058,4019.0053
143657000,4022.4468,8279100,92980600,12967744100,166864978300,4033.6292,4044.3375,3967.8058,4019.0053
143702000,4022.3694,7113800,86720900,12974857900,166951699200,4033.6292,4044.3375,3967.8058,4019.0053
143707000,4022.0372,5696500,55882400,12980554400,167007581600,4033.6292,4044.3375,3967.8058,4019.0053
143712000,4022.0471,7353300,83069300,12987907700,167090650900,4033.6292,4044.3375,3967.8058,4019.0053
143717000,4021.5323,3625000,55151200,12991532700,167145802100,4033.6292,4044.3375,3967.8058,4019.0053
143722000,4022.8917,2858800,36448400,12994391500,167182250500,4033.6292,4044.3375,3967.8058,4019.0053
143727000,4021.9711,4463400,50288000,12998854900,167232538500,4033.6292,4044.3375,3967.8058,4019.0053
143732000,4022.0661,3889700,51808200,13002744600,167284346700,4033.6292,4044.3375,3967.8058,4019.0053
143737000,4021.6875,2712800,37148200,13005457400,167321494900,4033.6292,4044.3375,3967.8058,4019.0053
143742000,4021.8927,3642500,45684700,13009099900,167367179600,4033.6292,4044.3375,3967.8058,4019.0053
143747000,4021.1827,2861800,39641000,13011961700,167406820600,4033.6292,4044.3375,3967.8058,4019.0053
143752000,4021.2635,3261800,32285800,13015223500,167439106400,4033.6292,4044.3375,3967.8058,4019.0053
143757000,4021.2194,3855800,49070100,13019079300,167488176500,4033.6292,4044.3375,3967.8058,4019.0053
143802000,4020.852,3303600,49334100,13022382900,167537510600,4033.6292,4044.3375,3967.8058,4019.0053
143807000,4021.4125,3033900,33822800,13025416800,167571333400,4033.6292,4044.3375,3967.8058,4019.0053
143812000,4021.1768,4151500,46916100,13029568300,167618249500,4033.6292,4044.3375,3967.8058,4019.0053
143817000,4020.7451,5839100,62539700,13035407400,167680789200,4033.6292,4044.3375,3967.8058,4019.0053
143822000,4021.103,1711800,26089400,13037119200,167706878600,4033.6292,4044.3375,3967.8058,4019.0053
143827000,4020.7538,2870800,37388900,13039990000,167744267500,4033.6292,4044.3375,3967.8058,4019.0053
143832000,4020.8979,3396300,45586100,13043386300,167789853600,4033.6292,4044.3375,3967.8058,4019.0053
143837000,4020.273,2802900,38863100,13046189200,167828716700,4033.6292,4044.3375,3967.8058,4019.0053
143842000,4020.1853,5428600,49274800,13051617800,167877991500,4033.6292,4044.3375,3967.8058,4019.0053
143847000,4019.7977,3343400,39717200,13054961200,167917708700,4033.6292,4044.3375,3967.8058,4019.0053
143852000,4020.0535,2730100,31074400,13057691300,167948783100,4033.6292,4044.3375,3967.8058,4019.0053
143857000,4019.9111,3727900,47628500,13061419200,167996411600,4033.6292,4044.3375,3967.8058,4019.0053
143902000,4019.5182,3809600,44318700,13065228800,168040730300,4033.6292,4044.3375,3967.8058,4019.0053
143907000,4019.8104,4102000,39871000,13069330800,168080601300,4033.6292,4044.3375,3967.8058,4019.0053
143912000,4019.6738,3823100,48524000,13073153900,168129125300,4033.6292,4044.3375,3967.8058,4019.0053
143917000,4019.7438,2855300,39885000,13076009200,168169010300,4033.6292,4044.3375,3967.8058,4019.0053
143922000,4020.047,5830500,47556200,13081839700,168216566500,4033.6292,4044.3375,3967.8058,4019.0053
143927000,4019.7023,3914600,42829100,13085754300,168259395600,4033.6292,4044.3375,3967.8058,4019.0053
143932000,4020.2006,4553500,58441800,13090307800,168317837400,4033.6292,4044.3375,3967.8058,4019.0053
143937000,4019.879,3401800,41466400,13093709600,168359303800,4033.6292,4044.3375,3967.8058,4019.0053
143942000,4019.8875,4480200,51975100,13098189800,168411278900,4033.6292,4044.3375,3967.8058,4019.0053
143947000,4020.2095,4844300,49956400,13103034100,168461235300,4033.6292,4044.3375,3967.8058,4019.0053
143952000,4020.1562,2495100,33859600,13105529200,168495094900,4033.6292,4044.3375,3967.8058,4019.0053
143957000,4019.9701,4603500,50831000,13110132700,168545925900,4033.6292,4044.3375,3967.8058,4019.0053
144002000,4019.6744,6658500,65680800,13116791200,168611606700,4033.6292,4044.3375,3967.8058,4019.0053
144007000,4019.8614,4412700,45739200,13121203900,168657345900,4033.6292,4044.3375,3967.8058,4019.0053
144012000,4020.3248,5100400,59617400,13126304300,168716963300,4033.6292,4044.3375,3967.8058,4019.0053
144017000,4020.1779,4029400,52783200,13130333700,168769746500,4033.6292,4044.3375,3967.8058,4019.0053
144022000,4019.9819,4257800,49096400,13134591500,168818842900,4033.6292,4044.3375,3967.8058,4019.0053
144027000,4019.8169,5521200,61514700,13140112700,168880357600,4033.6292,4044.3375,3967.8058,4019.0053
144032000,4019.8917,4249200,52365300,13144361900,168932722900,4033.6292,4044.3375,3967.8058,4019.0053
144037000,4019.5419,2880800,29353300,13147242700,168962076200,4033.6292,4044.3375,3967.8058,4019.0053
144042000,4019.2698,4572600,50123400,13151815300,169012199600,4033.6292,4044.3375,3967.8058,4019.0053
144047000,4019.5337,10205700,80308300,13162021000,169092507900,4033.6292,4044.3375,3967.8058,4019.0053
144052000,4019.7242,5179800,37773600,13167200800,169130281500,4033.6292,4044.3375,3967.8058,4019.0053
144057000,4019.8239,5309900,57426400,13172510700,169187707900,4033.6292,4044.3375,3967.8058,4019.0053
144102000,4019.6352,4683100,53775700,13177193800,169241483600,4033.6292,4044.3375,3967.8058,4019.0053
144107000,4019.7081,2231400,23240400,13179425200,169264724000,4033.6292,4044.3375,3967.8058,4019.0053
144112000,4019.7984,3622200,48427100,13183047400,169313151100,4033.6292,4044.3375,3967.8058,4019.0053
144117000,4020.815,5486400,60141100,13188533800,169373292200,4033.6292,4044.3375,3967.8058,4019.0053
144122000,4020.9459,3944700,48725400,13192478500,169422017600,4033.6292,4044.3375,3967.8058,4019.0053
144127000,4021.6973,5311600,59858100,13197790100,169481875700,4033.6292,4044.3375,3967.8058,4019.0053
144132000,4021.9651,6199900,74142800,13203990000,169556018500,4033.6292,4044.3375,3967.8058,4019.0053
144137000,4021.7985,3960500,48092200,13207950500,169604110700,4033.6292,4044.3375,3967.8058,4019.0053
144142000,4022.2431,6943500,79870300,13214894000,169683981000,4033.6292,4044.3375,3967.8058,4019.0053
144147000,4023.3074,6839900,93845300,13221733900,169777826300,4033.6292,4044.3375,3967.8058,4019.0053
144152000,4023.0929,5502700,65137900,13227236600,169842964200,4033.6292,4044.3375,3967.8058,4019.0053
144157000,4022.9755,6702600,83325800,13233939200,169926290000,4033.6292,4044.3375,3967.8058,4019.0053
144202000,4022.7358,4917400,59004300,13238856600,169985294300,4033.6292,4044.3375,3967.8058,4019.0053
144207000,4023.0919,3685900,44371400,13242542500,170029665700,4033.6292,4044.3375,3967.8058,4019.0053
144212000,4023.1054,11721500,95126800,13254264000,170124792500,4033.6292,4044.3375,3967.8058,4019.0053
144217000,4023.3259,7276000,78425200,13261540000,170203217700,4033.6292,4044.3375,3967.8058,4019.0053
144222000,4023.7739,3761300,44039800,13265301300,170247257500,4033.6292,4044.3375,3967.8058,4019.0053
144227000,4023.6547,4118400,50218800,13269419700,170297476300,4033.6292,4044.3375,3967.8058,4019.0053
144232000,4023.3134,5148100,65247900,13274567800,170362724200,4033.6292,4044.3375,3967.8058,4019.0053
144237000,4023.57,5234300,60176100,13279802100,170422900300,4033.6292,4044.3375,3967.8058,4019.0053
144242000,4023.6662,6624500,67725200,13286426600,170490625500,4033.6292,4044.3375,3967.8058,4019.0053
144247000,4023.8383,4485000,53816600,13290911600,170544442100,4033.6292,4044.3375,3967.8058,4019.0053
144252000,4023.5997,3567800,43327600,13294479400,170587769700,4033.6292,4044.3375,3967.8058,4019.0053
144257000,4023.6042,4863300,56527800,13299342700,170644297500,4033.6292,4044.3375,3967.8058,4019.0053
144302000,4023.7617,4380400,60188200,13303723100,170704485700,4033.6292,4044.3375,3967.8058,4019.0053
144307000,4023.7934,4481900,59373600,13308205000,170763859300,4033.6292,4044.3375,3967.8058,4019.0053
144312000,4023.9836,5119100,56720100,13313324100,170820579400,4033.6292,4044.3375,3967.8058,4019.0053
144317000,4023.7665,5725300,60927100,13319049400,170881506500,4033.6292,4044.3375,3967.8058,4019.0053
144322000,4024.2488,4509600,54546700,13323559000,170936053200,4033.6292,4044.3375,3967.8058,4019.0053
144327000,4023.76,5098500,54563300,13328657500,170990616500,4033.6292,4044.3375,3967.8058,4019.0053
144332000,4023.5822,5809800,71524800,13334467300,171062141300,4033.6292,4044.3375,3967.8058,4019.0053
144337000,4023.8356,3328400,37500800,13337795700,171099642100,4033.6292,4044.3375,3967.8058,4019.0053
144342000,4023.8007,6498900,68938000,13344294600,171168580100,4033.6292,4044.3375,3967.8058,4019.0053
144347000,4023.5944,3826800,46914000,13348121400,171215494100,4033.6292,4044.3375,3967.8058,4019.0053
144352000,4023.5631,2985100,43374600,13351106500,171258868700,4033.6292,4044.3375,3967.8058,4019.0053
144357000,4023.7316,5808400,62567100,13356914900,171321435800,4033.6292,4044.3375,3967.8058,4019.0053
144402000,4024.1074,4634800,61109700,13361549700,171382545500,4033.6292,4044.3375,3967.8058,4019.0053
144407000,4024.2629,4801300,52104900,13366351000,171434650400,4033.6292,4044.3375,3967.8058,4019.0053
144412000,4024.5183,4069300,50161200,13370420300,171484811600,4033.6292,4044.3375,3967.8058,4019.0053
144417000,4024.0322,4397100,56375400,13374817400,171541187000,4033.6292,4044.3375,3967.8058,4019.0053
144422000,4024.8493,3425800,43226700,13378243200,171584413700,4033.6292,4044.3375,3967.8058,4019.0053
144427000,4024.6754,6740500,70995900,13384983700,171655409600,4033.6292,4044.3375,3967.8058,4019.0053
144432000,4024.4053,5052400,55897000,13390036100,171711306600,4033.6292,4044.3375,3967.8058,4019.0053
144437000,4024.3367,3179600,41285100,13393215700,171752591700,4033.6292,4044.3375,3967.8058,4019.0053
144442000,4024.1649,5273900,64611900,13398489600,171817203600,4033.6292,4044.3375,3967.8058,4019.0053
144447000,4024.2718,5931300,74117700,13404420900,171891321300,4033.6292,4044.3375,3967.8058,4019.0053
144452000,4024.3591,3304300,48988300,13407725200,171940309600,4033.6292,4044.3375,3967.8058,4019.0053
144457000,4024.5249,5763400,59049500,13413488600,171999359100,4033.6292,4044.3375,3967.8058,4019.0053
144502000,4024.4746,5027000,56910500,13418515600,172056269600,4033.6292,4044.3375,3967.8058,4019.0053
144507000,4024.2944,5069900,58091800,13423585500,172114361400,4033.6292,4044.3375,3967.8058,4019.0053
144512000,4024.5213,5254000,65760100,13428839500,172180121500,4033.6292,4044.3375,3967.8058,4019.0053
144517000,4024.6059,6233200,73503200,13435072700,172253624700,4033.6292,4044.3375,3967.8058,4019.0053
144522000,4025.3635,5174900,61030800,13440247600,172314655500,4033.6292,4044.3375,3967.8058,4019.0053
144527000,4025.1759,5956600,71164500,13446204200,172385820000,4033.6292,4044.3375,3967.8058,4019.0053
144532000,4024.9086,6773600,86681300,13452977800,172472501300,4033.6292,4044.3375,3967.8058,4019.0053
144537000,4025.1196,5267800,60084000,13458245600,172532585300,4033.6292,4044.3375,3967.8058,4019.0053
144542000,4025.284,6177900,73422500,13464423500,172606007800,4033.6292,4044.3375,3967.8058,4019.0053
144547000,4025.5092,5391300,78548400,13469814800,172684556200,4033.6292,4044.3375,3967.8058,4019.0053
144552000,4025.3128,4038300,54235400,13473853100,172738791600,4033.6292,4044.3375,3967.8058,4019.0053
144557000,4025.7961,7265200,91653000,13481118300,172830444600,4033.6292,4044.3375,3967.8058,4019.0053
144602000,4025.7794,6128400,71574800,13487246700,172902019400,4033.6292,4044.3375,3967.8058,4019.0053
144607000,4025.6571,5611300,56235200,13492858000,172958254600,4033.6292,4044.3375,3967.8058,4019.0053
144612000,4025.7059,5696600,66227400,13498554600,173024482000,4033.6292,4044.3375,3967.8058,4019.0053
144617000,4025.7027,8935400,88684400,13507490000,173113166400,4033.6292,4044.3375,3967.8058,4019.0053
144622000,4026.1214,4843700,47597800,13512333700,173160764200,4033.6292,4044.3375,3967.8058,4019.0053
144627000,4025.7339,7986500,74556300,13520320200,173235320500,4033.6292,4044.3375,3967.8058,4019.0053
144632000,4025.1236,6183400,81135100,13526503600,173316455600,4033.6292,4044.3375,3967.8058,4019.0053
144637000,4025.6535,4336000,60025200,13530839600,173376480800,4033.6292,4044.3375,3967.8058,4019.0053
144642000,4025.5427,4232400,64215200,13535072000,173440696000,4033.6292,4044.3375,3967.8058,4019.0053
144647000,4025.783,4789900,75348400,13539861900,173516044400,4033.6292,4044.3375,3967.8058,4019.0053
144652000,4025.3393,2641700,37022900,13542503600,173553067300,4033.6292,4044.3375,3967.8058,4019.0053
144657000,4025.5431,7308200,83007100,13549811800,173636074400,4033.6292,4044.3375,3967.8058,4019.0053
144702000,4025.6717,5075400,75062000,13554887200,173711136400,4033.6292,4044.3375,3967.8058,4019.0053
144707000,4025.3151,4315700,50704200,13559202900,173761840600,4033.6292,4044.3375,3967.8058,4019.0053
144712000,4024.9848,6126300,73102100,13565329200,173834942700,4033.6292,4044.3375,3967.8058,4019.0053
144717000,4025.2878,5018500,78083400,13570347700,173913026100,4033.6292,4044.3375,3967.8058,4019.0053
144722000,4025.2212,4447100,50194200,13574794800,173963220300,4033.6292,4044.3375,3967.8058,4019.0053
144727000,4024.9972,4752900,54628500,13579547700,174017848800,4033.6292,4044.3375,3967.8058,4019.0053
144732000,4024.8227,6358500,81177500,13585906200,174099026300,4033.6292,4044.3375,3967.8058,4019.0053
144737000,4024.5298,3321500,46943600,13589227700,174145969900,4033.6292,4044.3375,3967.8058,4019.0053
144742000,4024.6938,5195800,70329900,13594423500,174216299800,4033.6292,4044.3375,3967.8058,4019.0053
144747000,4024.5236,4704800,62513900,13599128300,174278813700,4033.6292,4044.3375,3967.8058,4019.0053
144752000,4024.3549,4020800,46634400,13603149100,174325448100,4033.6292,4044.3375,3967.8058,4019.0053
144757000,4024.7667,5548500,82990500,13608697600,174408438600,4033.6292,4044.3375,3967.8058,4019.0053
144802000,4024.4543,11138300,90159600,13619835900,174498598200,4033.6292,4044.3375,3967.8058,4019.0053
144807000,4024.385,3095500,41287300,13622931400,174539885500,4033.6292,4044.3375,3967.8058,4019.0053
144812000,4024.4121,6301300,72200000,13629232700,174612085500,4033.6292,4044.3375,3967.8058,4019.0053
144817000,4024.9169,8267700,89202800,13637500400,174701288300,4033.6292,4044.3375,3967.8058,4019.0053
144822000,4024.5974,4877500,53816400,13642377900,174755104700,4033.6292,4044.3375,3967.8058,4019.0053
144827000,4024.2146,5575300,60404200,13647953200,174815508900,4033.6292,4044.3375,3967.8058,4019.0053
144832000,4024.1901,5945300,66564300,13653898500,174882073200,4033.6292,4044.3375,3967.8058,4019.0053
144837000,4024.0161,5191600,51767500,13659090100,174933840700,4033.6292,4044.3375,3967.8058,4019.0053
144842000,4024.0818,6303500,85762700,13665393600,175019603400,4033.6292,4044.3375,3967.8058,4019.0053
144847000,4023.9437,4670300,57422000,13670063900,175077025400,4033.6292,4044.3375,3967.8058,4019.0053
144852000,4023.8721,3260700,46501200,13673324600,175123526600,4033.6292,4044.3375,3967.8058,4019.0053
144857000,4023.8729,4507000,62627500,13677831600,175186154100,4033.6292,4044.3375,3967.8058,4019.0053
144902000,4024.3441,6019800,86665900,13683851400,175272820000,4033.6292,4044.3375,3967.8058,4019.0053
144907000,4024.5406,7606000,95482100,13691457400,175368302100,4033.6292,4044.3375,3967.8058,4019.0053
144912000,4024.5052,4285600,62284000,13695743000,175430586100,4033.6292,4044.3375,3967.8058,4019.0053
144917000,4024.8602,5048200,73595400,13700791200,175504181500,4033.6292,4044.3375,3967.8058,4019.0053
144922000,4024.8179,2938200,36029100,13703729400,175540210600,4033.6292,4044.3375,3967.8058,4019.0053
144927000,4025.7972,6893800,88756500,13710623200,175628967100,4033.6292,4044.3375,3967.8058,4019.0053
144932000,4025.2457,4235400,56296300,13714858600,175685263400,4033.6292,4044.3375,3967.8058,4019.0053
144937000,4024.8687,3525500,38136900,13718384100,175723400300,4033.6292,4044.3375,3967.8058,4019.0053
144942000,4025.5076,6888400,81391900,13725272500,175804792200,4033.6292,4044.3375,3967.8058,4019.0053
144947000,4026.0282,8032300,119974300,13733304800,175924766500,4033.6292,4044.3375,3967.8058,4019.0053
144952000,4025.5861,3074100,39696900,13736378900,175964463400,4033.6292,4044.3375,3967.8058,4019.0053
144957000,4025.6907,5330500,69596400,13741709400,176034059800,4033.6292,4044.3375,3967.8058,4019.0053
145002000,4025.9639,6341600,88543700,13748051000,176122603500,4033.6292,4044.3375,3967.8058,4019.0053
145007000,4026.5244,5736900,63315900,13753787900,176185919400,4033.6292,4044.3375,3967.8058,4019.0053
145012000,4026.0082,6632500,74524800,13760420400,176260444200,4033.6292,4044.3375,3967.8058,4019.0053
145017000,4026.5636,7834300,91622200,13768254700,176352066400,4033.6292,4044.3375,3967.8058,4019.0053
145022000,4026.367,3604000,46793900,13771858700,176398860300,4033.6292,4044.3375,3967.8058,4019.0053
145027000,4027.2263,7574600,100572700,13779433300,176499433000,4033.6292,4044.3375,3967.8058,4019.0053
145032000,4027.0251,5873100,72470200,13785306400,176571903200,4033.6292,4044.3375,3967.8058,4019.0053
145037000,4026.9815,4417000,61174000,13789723400,176633077200,4033.6292,4044.3375,3967.8058,4019.0053
145042000,4027.0716,6033000,82794600,13795756400,176715871800,4033.6292,4044.3375,3967.8058,4019.0053
145047000,4027.8999,8948500,128232200,13804704900,176844104000,4033.6292,4044.3375,3967.8058,4019.0053
145052000,4027.658,3590500,43840700,13808295400,176887944700,4033.6292,4044.3375,3967.8058,4019.0053
145057000,4027.6496,4690800,58240600,13812986200,176946185300,4033.6292,4044.3375,3967.8058,4019.0053
145102000,4028.1925,8372000,116867300,13821358200,177063052600,4033.6292,4044.3375,3967.8058,4019.0053
145107000,4028.816,6477100,83283700,13827835300,177146336300,4033.6292,4044.3375,3967.8058,4019.0053
145112000,4028.6334,6913200,86157700,13834748500,177232494000,4033.6292,4044.3375,3967.8058,4019.0053
145117000,4028.5982,6126300,87381700,13840874800,177319875700,4033.6292,4044.3375,3967.8058,4019.0053
145122000,4029.0976,5311100,61963200,13846185900,177381838900,4033.6292,4044.3375,3967.8058,4019.0053
145127000,4029.7114,12196700,143055800,13858382600,177524894700,4033.6292,4044.3375,3967.8058,4019.0053
145132000,4029.2278,9142100,130407200,13867524700,177655301900,4033.6292,4044.3375,3967.8058,4019.0053
145137000,4029.2611,6746000,74502600,13874270700,177729804500,4033.6292,4044.3375,3967.8058,4019.0053
145142000,4029.2688,9570000,128550000,13883840700,177858354500,4033.6292,4044.3375,3967.8058,4019.0053
145147000,4029.7318,11387400,140808000,13895228100,177999162500,4033.6292,4044.3375,3967.8058,4019.0053
145152000,4029.5231,4354400,61421100,13899582500,178060583600,4033.6292,4044.3375,3967.8058,4019.0053
145157000,4029.7549,7636800,106474700,13907219300,178167058300,4033.6292,4044.3375,3967.8058,4019.0053
145202000,4030.0346,8042700,133198200,13915262000,178300256500,4033.6292,4044.3375,3967.8058,4019.0053
145207000,4030.7408,7193900,101186200,13922455900,178401442700,4033.6292,4044.3375,3967.8058,4019.0053
145212000,4030.8045,10477900,133375200,13932933800,178534817900,4033.6292,4044.3375,3967.8058,4019.0053
145217000,4030.7178,8627900,111523100,13941561700,178646341000,4033.6292,4044.3375,3967.8058,4019.0053
145222000,4030.7353,4014100,53831500,13945575800,178700172500,4033.6292,4044.3375,3967.8058,4019.0053
145227000,4031.5082,9678200,125703100,13955254000,178825875600,4033.6292,4044.3375,3967.8058,4019.0053
145232000,4031.1453,8365100,111929400,13963619100,178937805000,4033.6292,4044.3375,3967.8058,4019.0053
145237000,4031.472,4912000,76611300,13968531100,179014416300,4033.6292,4044.3375,3967.8058,4019.0053
145242000,4031.3868,7751000,109856500,13976282100,179124272800,4033.6292,4044.3375,3967.8058,4019.0053
145247000,4032.1166,9437400,125000100,13985719500,179249272900,4033.6292,4044.3375,3967.8058,4019.0053
145252000,4032.001,4906600,62903600,13990626100,179312176500,4033.6292,4044.3375,3967.8058,4019.0053
145257000,4032.097,7811700,94974300,13998437800,179407150800,4033.6292,4044.3375,3967.8058,4019.0053
145302000,4032.0417,8650800,120582900,14007088600,179527733700,4033.6292,4044.3375,3967.8058,4019.0053
145307000,4032.3184,8844400,112077500,14015933000,179639811200,4033.6292,4044.3375,3967.8058,4019.0053
145312000,4032.3758,7030500,98386700,14022963500,179738197900,4033.6292,4044.3375,3967.8058,4019.0053
145317000,4032.26,8044800,116139600,14031008300,179854337500,4033.6292,4044.3375,3967.8058,4019.0053
145322000,4032.2073,5392100,89882400,14036400400,179944219900,4033.6292,4044.3375,3967.8058,4019.0053
145327000,4032.2687,9774300,121432900,14046174700,180065652800,4033.6292,4044.3375,3967.8058,4019.0053
145332000,4032.1837,6356200,102724200,14052530900,180168377000,4033.6292,4044.3375,3967.8058,4019.0053
145337000,4032.324,5592600,87036000,14058123500,180255413000,4033.6292,4044.3375,3967.8058,4019.0053
145342000,4031.9592,7430500,100086500,14065554000,180355499500,4033.6292,4044.3375,3967.8058,4019.0053
145347000,4031.8411,7772200,93239300,14073326200,180448738800,4033.6292,4044.3375,3967.8058,4019.0053
145352000,4031.8902,4801000,62208100,14078127200,180510946900,4033.6292,4044.3375,3967.8058,4019.0053
145357000,4032.1641,9166100,110390800,14087293300,180621337700,4033.6292,4044.3375,3967.8058,4019.0053
145402000,4031.9207,9310800,101922400,14096604100,180723260100,4033.6292,4044.3375,3967.8058,4019.0053
145407000,4032.1819,4649500,64779600,14101253600,180788039700,4033.6292,4044.3375,3967.8058,4019.0053
145412000,4031.7615,8891300,103912200,14110144900,180891951900,4033.6292,4044.3375,3967.8058,4019.0053
145417000,4030.7528,10352100,129337400,14120497000,181021289300,4033.6292,4044.3375,3967.8058,4019.0053
145422000,4031.5406,5758100,71438600,14126255100,181092727900,4033.6292,4044.3375,3967.8058,4019.0053
145427000,4031.5482,9697300,122072700,14135952400,181214800600,4033.6292,4044.3375,3967.8058,4019.0053
145432000,4031.7083,7488900,94425200,14143441300,181309225800,4033.6292,4044.3375,3967.8058,4019.0053
145437000,4031.7517,5326900,81083200,14148768200,181390309000,4033.6292,4044.3375,3967.8058,4019.0053
145442000,4031.83,6991700,93616000,14155759900,181483925000,4033.6292,4044.3375,3967.8058,4019.0053
145447000,4031.7162,8070600,115791300,14163830500,181599716300,4033.6292,4044.3375,3967.8058,4019.0053
145452000,4031.7451,6577800,82158800,14170408300,181681875100,4033.6292,4044.3375,3967.8058,4019.0053
145457000,4031.303,7610600,96206600,14178018900,181778081700,4033.6292,4044.3375,3967.8058,4019.0053
145502000,4031.2892,8807300,121478700,14186826200,181899560400,4033.6292,4044.3375,3967.8058,4019.0053
145507000,4030.8314,6140900,73755300,14192967100,181973315700,4033.6292,4044.3375,3967.8058,4019.0053
145512000,4031.2635,8941600,96745600,14201908700,182070061300,4033.6292,4044.3375,3967.8058,4019.0053
145517000,4030.4789,7434800,97762200,14209343500,182167823500,4033.6292,4044.3375,3967.8058,4019.0053
145522000,4030.3001,5811500,82885800,14215155000,182250709300,4033.6292,4044.3375,3967.8058,4019.0053
145527000,4030.2471,8786700,114890200,14223941700,182365599500,4033.6292,4044.3375,3967.8058,4019.0053
145532000,4029.5407,10432100,122473100,14234373800,182488072600,4033.6292,4044.3375,3967.8058,4019.0053
145537000,4029.4971,8794100,107016000,14243167900,182595088600,4033.6292,4044.3375,3967.8058,4019.0053
145542000,4029.8478,9951600,119489600,14253119500,182714578200,4033.6292,4044.3375,3967.8058,4019.0053
145547000,4029.6221,10248600,113664000,14263368100,182828242200,4033.6292,4044.3375,3967.8058,4019.0053
145552000,4029.5383,4851600,61747700,14268219700,182889989900,4033.6292,4044.3375,3967.8058,4019.0053
145557000,4029.9129,8635100,112085900,14276854800,183002075800,4033.6292,4044.3375,3967.8058,4019.0053
145602000,4030.3188,7718000,94063400,14284572800,183096139200,4033.6292,4044.3375,3967.8058,4019.0053
145607000,4030.466,5761300,73836200,14290334100,183169975400,4033.6292,4044.3375,3967.8058,4019.0053
145612000,4029.9546,7607000,89567200,14297941100,183259542600,4033.6292,4044.3375,3967.8058,4019.0053
145617000,4030.4229,8222400,98558700,14306163500,183358101300,4033.6292,4044.3375,3967.8058,4019.0053
145622000,4030.5261,5314400,64432300,14311477900,183422533600,4033.6292,4044.3375,3967.8058,4019.0053
145627000,4030.078,10356400,124114800,14321834300,183546648400,4033.6292,4044.3375,3967.8058,4019.0053
145632000,4029.622,10781900,131121500,14332616200,183677769900,4033.6292,4044.3375,3967.8058,4019.0053
145637000,4030.1229,7248800,80411600,14339865000,183758181500,4033.6292,4044.3375,3967.8058,4019.0053
145642000,4029.7313,8534800,123329600,14348399800,183881511100,4033.6292,4044.3375,3967.8058,4019.0053
145647000,4030.0458,9199300,114841100,14357599100,183996352200,4033.6292,4044.3375,3967.8058,4019.0053
145652000,4030.4979,5273000,74612600,14362872100,184070964800,4033.6292,4044.3375,3967.8058,4019.0053
145657000,4030.1193,8930500,112549100,14371802600,184183513900,4033.6292,4044.3375,3967.8058,4019.0053
145702000,4030.3895,6163600,91959700,14377966200,184275473600,4033.6292,4044.3375,3967.8058,4019.0053
145707000,4030.4885,488300,6621800,14378454500,184282095400,4033.6292,4044.3375,3967.8058,4019.0053
150002000,4030.4115,9604300,180006900,14388058800,184462102300,4033.6292,4044.3375,3967.8058,4019.0053
150007000,4029.9351,142324100,1898504600,14530382900,186360606900,4033.6292,4044.3375,3967.8058,4019.0053
150012000,4030.0887,19486600,137354800,14549869500,186497961700,4033.6292,4044.3375,3967.8058,4019.0053
