Time,Price,Volume,Turnover,AccVolume,AccTurnover,Open,High,Low,PreClose
92517000,4021.6277,94048700,1211551200,94048700,1211551200,0.0,0.0,0.0,4025.6109
92522000,4021.6277,0,0,94048700,1211551200,4021.6277,4021.6277,4021.6277,4025.6109
93002000,4021.3242,2912300,48966800,96961000,1260518000,4021.6277,4021.6277,4021.3242,4025.6109
93007000,4020.9869,60293700,734718000,157254700,1995236000,4021.6277,4021.6277,4020.9869,4025.6109
93012000,4019.7274,31182100,406563700,188436800,2401799700,4021.6277,4021.6277,4019.7274,4025.6109
93017000,4018.9976,14798000,166311300,203234800,2568111000,4021.6277,4021.6277,4018.865,4025.6109
93022000,4018.8735,16704000,201106600,219938800,2769217600,4021.6277,4021.6277,4018.865,4025.6109
93027000,4019.0078,13241200,176155200,233180000,2945372800,4021.6277,4021.6277,4018.865,4025.6109
93032000,4018.2296,12096800,151553100,245276800,3096925900,4021.6277,4021.6277,4018.2296,4025.6109
93037000,4018.5622,10720000,139822300,255996800,3236748200,4021.6277,4021.6277,4018.2296,4025.6109
93042000,4017.4156,10242900,134713200,266239700,3371461400,4021.6277,4021.6277,4017.3877,4025.6109
93047000,4017.7858,10551900,125052100,276791600,3496513500,4021.6277,4021.6277,4017.3877,4025.6109
93052000,4018.2839,12636400,163191800,289428000,3659705300,4021.6277,4021.6277,4017.3877,4025.6109
93057000,4018.3509,13696500,175919700,303124500,3835625000,4021.6277,4021.6277,4017.3877,4025.6109
93102000,4018.8298,13274400,153919200,316398900,3989544200,4021.6277,4021.6277,4017.3877,4025.6109
93107000,4019.0672,10301100,131060600,326700000,4120604800,4021.6277,4021.6277,4017.3877,4025.6109
93112000,4018.1529,14115700,184110000,340815700,4304714800,4021.6277,4021.6277,4017.3877,4025.6109
93117000,4018.1504,8592900,110702000,349408600,4415416800,4021.6277,4021.6277,4017.3877,4025.6109
93122000,4018.0248,12060000,166670400,361468600,4582087200,4021.6277,4021.6277,4017.3877,4025.6109
93127000,4018.5374,13889000,185279100,375357600,4767366300,4021.6277,4021.6277,4017.3877,4025.6109
93132000,4019.0313,9686800,145148100,385044400,4912514400,4021.6277,4021.6277,4017.3877,4025.6109
93137000,4018.9711,9910900,144479600,394955300,5056994000,4021.6277,4021.6277,4017.3877,4025.6109
93142000,4019.2888,12497000,172252600,407452300,5229246600,4021.6277,4021.6277,4017.3877,4025.6109
93147000,4019.2461,9265900,125854900,416718200,5355101500,4021.6277,4021.6277,4017.3877,4025.6109
93152000,4019.2507,10931200,154255500,427649400,5509357000,4021.6277,4021.6277,4017.3877,4025.6109
93157000,4020.4338,12436900,177099800,440086300,5686456800,4021.6277,4021.6277,4017.3877,4025.6109
93202000,4020.4245,12461300,155414000,452547600,5841870800,4021.6277,4021.6277,4017.3877,4025.6109
93207000,4020.3252,10778900,145702600,463326500,5987573400,4021.6277,4021.6277,4017.3877,4025.6109
93212000,4020.2104,12236200,157953700,475562700,6145527100,4021.6277,4021.6277,4017.3877,4025.6109
93217000,4019.8532,9021600,122313000,484584300,6267840100,4021.6277,4021.6277,4017.3877,4025.6109
93222000,4019.8779,12706000,167297600,497290300,6435137700,4021.6277,4021.6277,4017.3877,4025.6109
93227000,4019.8515,12144900,166853600,509435200,6601991300,4021.6277,4021.6277,4017.3877,4025.6109
93232000,4019.3341,11482300,148311100,520917500,6750302400,4021.6277,4021.6277,4017.3877,4025.6109
93237000,4021.1743,13569000,174359100,534486500,6924661500,4021.6277,4021.6277,4017.3877,4025.6109
93242000,4021.0564,13378000,187997200,547864500,7112658700,4021.6277,4021.6277,4017.3877,4025.6109
93247000,4022.1401,11211500,155076900,559076000,7267735600,4021.6277,4022.1401,4017.3877,4025.6109
93252000,4022.7543,13095300,191033900,572171300,7458769500,4021.6277,4022.7543,4017.3877,4025.6109
93257000,4023.2559,11797800,166910000,583969100,7625679500,4021.6277,4023.3736,4017.3877,4025.6109
93302000,4023.6566,12243700,165278300,596212800,7790957800,4021.6277,4023.6566,4017.3877,4025.6109
93307000,4023.6883,11505900,157438200,607718700,7948396000,4021.6277,4023.7734,4017.3877,4025.6109
93312000,4023.975,12858500,174960000,620577200,8123356000,4021.6277,4023.975,4017.3877,4025.6109
93317000,4023.9096,9270800,125982000,629848000,8249338000,4021.6277,4023.975,4017.3877,4025.6109
93322000,4023.6763,12507900,162549300,642355900,8411887300,4021.6277,4023.975,4017.3877,4025.6109
93327000,4024.4825,11003700,144608400,653359600,8556495700,4021.6277,4024.4825,4017.3877,4025.6109
93332000,4024.3557,9037600,125202500,662397200,8681698200,4021.6277,4024.4825,4017.3877,4025.6109
93337000,4023.3741,10061900,129206100,672459100,8810904300,4021.6277,4024.4825,4017.3877,4025.6109
93342000,4023.256,10491600,145668200,682950700,8956572500,4021.6277,4024.4825,4017.3877,4025.6109
93347000,4023.0232,8457800,112778800,691408500,9069351300,4021.6277,4024.4825,4017.3877,4025.6109
93352000,4022.7958,14444100,171607300,705852600,9240958600,4021.6277,4024.4825,4017.3877,4025.6109
93357000,4022.3982,10401600,142169900,716254200,9383128500,4021.6277,4024.4825,4017.3877,4025.6109
93402000,4022.1217,13531700,148327900,729785900,9531456400,4021.6277,4024.4825,4017.3877,4025.6109
93407000,4021.8975,10792700,137811100,740578600,9669267500,4021.6277,4024.4825,4017.3877,4025.6109
93412000,4021.6235,11651100,174607900,752229700,9843875400,4021.6277,4024.4825,4017.3877,4025.6109
93417000,4022.5306,11524400,143386700,763754100,9987262100,4021.6277,4024.4825,4017.3877,4025.6109
93422000,4023.0982,13035800,176128500,776789900,10163390600,4021.6277,4024.4825,4017.3877,4025.6109
93427000,4022.9668,9267400,124483600,786057300,10287874200,4021.6277,4024.4825,4017.3877,4025.6109
93432000,4023.2906,13548500,174260600,799605800,10462134800,4021.6277,4024.4825,4017.3877,4025.6109
93437000,4024.0197,8609100,117382300,808214900,10579517100,4021.6277,4024.4825,4017.3877,4025.6109
93442000,4024.1245,9719200,136814500,817934100,10716331600,4021.6277,4024.4825,4017.3877,4025.6109
93447000,4023.3309,7729600,94362600,825663700,10810694200,4021.6277,4024.4825,4017.3877,4025.6109
93452000,4024.0987,10597200,160133600,836260900,10970827800,4021.6277,4024.4825,4017.3877,4025.6109
93457000,4023.5104,9847000,132961800,846107900,11103789600,4021.6277,4024.4825,4017.3877,4025.6109
93502000,4023.6631,11228700,145021600,857336600,11248811200,4021.6277,4024.4825,4017.3877,4025.6109
93507000,4023.2773,10651200,136480700,867987800,11385291900,4021.6277,4024.4825,4017.3877,4025.6109
93512000,4022.5835,10086500,147418000,878074300,11532709900,4021.6277,4024.4825,4017.3877,4025.6109
93517000,4021.1983,14132900,165197700,892207200,11697907600,4021.6277,4024.4825,4017.3877,4025.6109
93522000,4019.8316,16307100,216617700,908514300,11914525300,4021.6277,4024.4825,4017.3877,4025.6109
93527000,4018.7491,15590800,198344000,924105100,12112869300,4021.6277,4024.4825,4017.3877,4025.6109
93532000,4016.6913,17429200,239583000,941534300,12352452300,4021.6277,4024.4825,4016.6913,4025.6109
93537000,4015.4817,16842300,198530500,958376600,12550982800,4021.6277,4024.4825,4015.4817,4025.6109
93542000,4014.3375,15788800,206725200,974165400,12757708000,4021.6277,4024.4825,4014.3375,4025.6109
93547000,4013.7952,12407700,171677700,986573100,12929385700,4021.6277,4024.4825,4013.7952,4025.6109
93552000,4013.5415,16414100,210487300,1002987200,13139873000,4021.6277,4024.4825,4013.5415,4025.6109
93557000,4012.2151,14537500,192884800,1017524700,13332757800,4021.6277,4024.4825,4012.2151,4025.6109
93602000,4010.7543,18974400,227212900,1036499100,13559970700,4021.6277,4024.4825,4010.7543,4025.6109
93607000,4011.6852,15900200,192710500,1052399300,13752681200,4021.6277,4024.4825,4010.7543,4025.6109
93612000,4012.8464,18497800,240115300,1070897100,13992796500,4021.6277,4024.4825,4010.7543,4025.6109
93617000,4013.7459,19904900,240341700,1090802000,14233138200,4021.6277,4024.4825,4010.7543,4025.6109
93622000,4014.0738,20059900,264607600,1110861900,14497745800,4021.6277,4024.4825,4010.7543,4025.6109
93627000,4015.0166,14184800,203095000,1125046700,14700840800,4021.6277,4024.4825,4010.7543,4025.6109
93632000,4015.5969,17581700,234752800,1142628400,14935593600,4021.6277,4024.4825,4010.7543,4025.6109
93637000,4017.8038,14712900,187595100,1157341300,15123188700,4021.6277,4024.4825,4010.7543,4025.6109
93642000,4018.1824,17596700,211469300,1174938000,15334658000,4021.6277,4024.4825,4010.7543,4025.6109
93647000,4018.7506,17379700,204164000,1192317700,15538822000,4021.6277,4024.4825,4010.7543,4025.6109
93652000,4019.7578,14549500,217850800,1206867200,15756672800,4021.6277,4024.4825,4010.7543,4025.6109
93657000,4020.4557,15428600,203649300,1222295800,15960322100,4021.6277,4024.4825,4010.7543,4025.6109
93702000,4021.0036,19629400,215889800,1241925200,16176211900,4021.6277,4024.4825,4010.7543,4025.6109
93707000,4021.564,14714100,198507000,1256639300,16374718900,4021.6277,4024.4825,4010.7543,4025.6109
93712000,4021.1408,13176100,186954900,1269815400,16561673800,4021.6277,4024.4825,4010.7543,4025.6109
93717000,4021.1564,12294900,175526000,1282110300,16737199800,4021.6277,4024.4825,4010.7543,4025.6109
93722000,4021.1314,12162800,162342100,1294273100,16899541900,4021.6277,4024.4825,4010.7543,4025.6109
93727000,4020.4032,9432200,127045000,1303705300,17026586900,4021.6277,4024.4825,4010.7543,4025.6109
93732000,4020.4187,11509200,144334800,1315214500,17170921700,4021.6277,4024.4825,4010.7543,4025.6109
93737000,4020.6354,9786200,128531400,1325000700,17299453100,4021.6277,4024.4825,4010.7543,4025.6109
93742000,4020.9762,10820600,155001300,1335821300,17454454400,4021.6277,4024.4825,4010.7543,4025.6109
93747000,4020.8883,8559300,119834000,1344380600,17574288400,4021.6277,4024.4825,4010.7543,4025.6109
93752000,4020.7381,10671300,145093300,1355051900,17719381700,4021.6277,4024.4825,4010.7543,4025.6109
93757000,4021.2194,9103600,118151300,1364155500,17837533000,4021.6277,4024.4825,4010.7543,4025.6109
93802000,4021.2807,10018200,142084600,1374173700,17979617600,4021.6277,4024.4825,4010.7543,4025.6109
93807000,4021.4435,8810000,103653000,1382983700,18083270600,4021.6277,4024.4825,4010.7543,4025.6109
93812000,4021.2149,8745000,117859100,1391728700,18201129700,4021.6277,4024.4825,4010.7543,4025.6109
93817000,4020.8968,8921200,124375800,1400649900,18325505500,4021.6277,4024.4825,4010.7543,4025.6109
93822000,4019.9323,14414000,186400700,1415063900,18511906200,4021.6277,4024.4825,4010.7543,4025.6109
93827000,4019.4022,8835900,136749600,1423899800,18648655800,4021.6277,4024.4825,4010.7543,4025.6109
93832000,4018.4569,10887800,143679500,1434787600,18792335300,4021.6277,4024.4825,4010.7543,4025.6109
93837000,4018.2406,8687300,117244000,1443474900,18909579300,4021.6277,4024.4825,4010.7543,4025.6109
93842000,4018.451,9137000,123488500,1452611900,19033067800,4021.6277,4024.4825,4010.7543,4025.6109
93847000,4017.7943,8142300,96096900,1460754200,19129164700,4021.6277,4024.4825,4010.7543,4025.6109
93852000,4017.4635,11075900,139827200,1471830100,19268991900,4021.6277,4024.4825,4010.7543,4025.6109
93857000,4017.5635,8227700,102692100,1480057800,19371684000,4021.6277,4024.4825,4010.7543,4025.6109
93902000,4016.7278,11858300,143331300,1491916100,19515015300,4021.6277,4024.4825,4010.7543,4025.6109
93907000,4016.9327,9637700,110241000,1501553800,19625256300,4021.6277,4024.4825,4010.7543,4025.6109
93912000,4016.7097,8222500,115661900,1509776300,19740918200,4021.6277,4024.4825,4010.7543,4025.6109
93917000,4016.7336,8109200,105105500,1517885500,19846023700,4021.6277,4024.4825,4010.7543,4025.6109
93922000,4016.0685,11292300,140344200,1529177800,19986367900,4021.6277,4024.4825,4010.7543,4025.6109
93927000,4015.6489,10528000,156441700,1539705800,20142809600,4021.6277,4024.4825,4010.7543,4025.6109
93932000,4014.7591,13192000,173601200,1552897800,20316410800,4021.6277,4024.4825,4010.7543,4025.6109
93937000,4014.4064,8938600,111344000,1561836400,20427754800,4021.6277,4024.4825,4010.7543,4025.6109
93942000,4014.3261,7829100,108334900,1569665500,20536089700,4021.6277,4024.4825,4010.7543,4025.6109
93947000,4014.0649,11830200,129025900,1581495700,20665115600,4021.6277,4024.4825,4010.7543,4025.6109
93952000,4013.6549,12079000,143424800,1593574700,20808540400,4021.6277,4024.4825,4010.7543,4025.6109
93957000,4013.216,10682500,144903500,1604257200,20953443900,4021.6277,4024.4825,4010.7543,4025.6109
94002000,4012.3515,13490700,171897800,1617747900,21125341700,4021.6277,4024.4825,4010.7543,4025.6109
94007000,4012.5458,12967100,121517900,1630715000,21246859600,4021.6277,4024.4825,4010.7543,4025.6109
94012000,4012.0809,10110900,141407700,1640825900,21388267300,4021.6277,4024.4825,4010.7543,4025.6109
94017000,4012.2377,13899100,150114200,1654725000,21538381500,4021.6277,4024.4825,4010.7543,4025.6109
94022000,4012.4202,13918000,161457800,1668643000,21699839300,4021.6277,4024.4825,4010.7543,4025.6109
94027000,4011.818,10718100,130483800,1679361100,21830323100,4021.6277,4024.4825,4010.7543,4025.6109
94032000,4012.1923,14221900,179151400,1693583000,22009474500,4021.6277,4024.4825,4010.7543,4025.6109
94037000,4013.4948,17314000,174883600,1710897000,22184358100,4021.6277,4024.4825,4010.7543,4025.6109
94042000,4013.3152,14828700,169718200,1725725700,22354076300,4021.6277,4024.4825,4010.7543,4025.6109
94047000,4012.5538,11699800,152837100,1737425500,22506913400,4021.6277,4024.4825,4010.7543,4025.6109
94052000,4013.0197,12898700,162400500,1750324200,22669313900,4021.6277,4024.4825,4010.7543,4025.6109
94057000,4012.6301,10267600,126412000,1760591800,22795725900,4021.6277,4024.4825,4010.7543,4025.6109
94102000,4013.231,11543400,139667400,1772135200,22935393300,4021.6277,4024.4825,4010.7543,4025.6109
94107000,4013.1037,9918900,132548200,1782054100,23067941500,4021.6277,4024.4825,4010.7543,4025.6109
94112000,4012.6658,12182700,164354600,1794236800,23232296100,4021.6277,4024.4825,4010.7543,4025.6109
94117000,4012.3413,12588000,140625400,1806824800,23372921500,4021.6277,4024.4825,4010.7543,4025.6109
94122000,4012.48,14069400,168934200,1820894200,23541855700,4021.6277,4024.4825,4010.7543,4025.6109
94127000,4012.8042,10820200,141744200,1831714400,23683599900,4021.6277,4024.4825,4010.7543,4025.6109
94132000,4012.7891,16552800,182018900,1848267200,23865618800,4021.6277,4024.4825,4010.7543,4025.6109
94137000,4013.037,9779100,111374900,1858046300,23976993700,4021.6277,4024.4825,4010.7543,4025.6109
94142000,4013.1013,9404200,140106600,1867450500,24117100300,4021.6277,4024.4825,4010.7543,4025.6109
94147000,4014.0836,9415400,124944900,1876865900,24242045200,4021.6277,4024.4825,4010.7543,4025.6109
94152000,4014.8973,13783000,204230100,1890648900,24446275300,4021.6277,4024.4825,4010.7543,4025.6109
94157000,4016.2059,15229000,201880400,1905877900,24648155700,4021.6277,4024.4825,4010.7543,4025.6109
94202000,4017.3442,18434300,231364300,1924312200,24879520000,4021.6277,4024.4825,4010.7543,4025.6109
94207000,4018.0083,13696500,167148500,1938008700,25046668500,4021.6277,4024.4825,4010.7543,4025.6109
94212000,4018.1196,12519900,181694000,1950528600,25228362500,4021.6277,4024.4825,4010.7543,4025.6109
94217000,4018.4764,8469300,115237300,1958997900,25343599800,4021.6277,4024.4825,4010.7543,4025.6109
94222000,4019.1308,11601400,159563600,1970599300,25503163400,4021.6277,4024.4825,4010.7543,4025.6109
94227000,4019.7743,9128300,127233500,1979727600,25630396900,4021.6277,4024.4825,4010.7543,4025.6109
94232000,4019.7807,9378800,142524400,1989106400,25772921300,4021.6277,4024.4825,4010.7543,4025.6109
94237000,4020.3743,7716000,109629000,1996822400,25882550300,4021.6277,4024.4825,4010.7543,4025.6109
94242000,4020.8014,9934300,127225000,2006756700,26009775300,4021.6277,4024.4825,4010.7543,4025.6109
94247000,4020.8288,8496100,113816100,2015252800,26123591400,4021.6277,4024.4825,4010.7543,4025.6109
94252000,4020.7988,10296900,137709500,2025549700,26261300900,4021.6277,4024.4825,4010.7543,4025.6109
94257000,4021.2628,8885200,125986800,2034434900,26387287700,4021.6277,4024.4825,4010.7543,4025.6109
94302000,4021.0841,9561000,130842200,2043995900,26518129900,4021.6277,4024.4825,4010.7543,4025.6109
94307000,4020.873,8219300,99746100,2052215200,26617876000,4021.6277,4024.4825,4010.7543,4025.6109
94312000,4021.0723,7275400,105632300,2059490600,26723508300,4021.6277,4024.4825,4010.7543,4025.6109
94317000,4020.8825,7087100,95962400,2066577700,26819470700,4021.6277,4024.4825,4010.7543,4025.6109
94322000,4021.2234,8792200,120638400,2075369900,26940109100,4021.6277,4024.4825,4010.7543,4025.6109
94327000,4021.699,7454700,108972000,2082824600,27049081100,4021.6277,4024.4825,4010.7543,4025.6109
94332000,4022.3396,9707400,123207100,2092532000,27172288200,4021.6277,4024.4825,4010.7543,4025.6109
94337000,4022.6906,7541000,98543000,2100073000,27270831200,4021.6277,4024.4825,4010.7543,4025.6109
94342000,4022.5393,7031000,91803300,2107104000,27362634500,4021.6277,4024.4825,4010.7543,4025.6109
94347000,4022.5614,6706500,84257800,2113810500,27446892300,4021.6277,4024.4825,4010.7543,4025.6109
94352000,4022.8968,8749800,126013900,2122560300,27572906200,4021.6277,4024.4825,4010.7543,4025.6109
94357000,4023.2212,7087400,96322900,2129647700,27669229100,4021.6277,4024.4825,4010.7543,4025.6109
94402000,4023.4993,7652800,106126400,2137300500,27775355500,4021.6277,4024.4825,4010.7543,4025.6109
94407000,4023.4187,7074200,82232900,2144374700,27857588400,4021.6277,4024.4825,4010.7543,4025.6109
94412000,4023.6504,7442100,101323500,2151816800,27958911900,4021.6277,4024.4825,4010.7543,4025.6109
94417000,4023.1086,6813000,92725700,2158629800,28051637600,4021.6277,4024.4825,4010.7543,4025.6109
94422000,4022.8382,10322900,129533200,2168952700,28181170800,4021.6277,4024.4825,4010.7543,4025.6109
94427000,4022.2569,8266400,107123700,2177219100,28288294500,4021.6277,4024.4825,4010.7543,4025.6109
94432000,4021.3387,9019700,118891700,2186238800,28407186200,4021.6277,4024.4825,4010.7543,4025.6109
94437000,4020.591,7740000,120630500,2193978800,28527816700,4021.6277,4024.4825,4010.7543,4025.6109
94442000,4020.3191,8920000,133144700,2202898800,28660961400,4021.6277,4024.4825,4010.7543,4025.6109
94447000,4019.9918,6935000,90718600,2209833800,28751680000,4021.6277,4024.4825,4010.7543,4025.6109
94452000,4019.907,9941000,133626700,2219774800,28885306700,4021.6277,4024.4825,4010.7543,4025.6109
94457000,4019.8597,8154200,103086900,2227929000,28988393600,4021.6277,4024.4825,4010.7543,4025.6109
94502000,4019.7589,8330700,100978900,2236259700,29089372500,4021.6277,4024.4825,4010.7543,4025.6109
94507000,4019.4354,7012700,85091600,2243272400,29174464100,4021.6277,4024.4825,4010.7543,4025.6109
94512000,4019.2306,8835900,102015100,2252108300,29276479200,4021.6277,4024.4825,4010.7543,4025.6109
94517000,4018.9067,6049800,71884300,2258158100,29348363500,4021.6277,4024.4825,4010.7543,4025.6109
94522000,4019.1168,8201900,97118100,2266360000,29445481600,4021.6277,4024.4825,4010.7543,4025.6109
94527000,4019.0988,9128400,107658600,2275488400,29553140200,4021.6277,4024.4825,4010.7543,4025.6109
94532000,4018.786,7899400,129622100,2283387800,29682762300,4021.6277,4024.4825,4010.7543,4025.6109
94537000,4019.9738,8868800,100294300,2292256600,29783056600,4021.6277,4024.4825,4010.7543,4025.6109
94542000,4019.9757,9410000,115632600,2301666600,29898689200,4021.6277,4024.4825,4010.7543,4025.6109
94547000,4021.0322,7774200,97265700,2309440800,29995954900,4021.6277,4024.4825,4010.7543,4025.6109
94552000,4022.8139,11115400,151855000,2320556200,30147809900,4021.6277,4024.4825,4010.7543,4025.6109
94557000,4021.8922,7475300,107525300,2328031500,30255335200,4021.6277,4024.4825,4010.7543,4025.6109
94602000,4022.3267,12101700,128788800,2340133200,30384124000,4021.6277,4024.4825,4010.7543,4025.6109
94607000,4022.1738,7159400,82996700,2347292600,30467120700,4021.6277,4024.4825,4010.7543,4025.6109
94612000,4022.2221,8882700,102150400,2356175300,30569271100,4021.6277,4024.4825,4010.7543,4025.6109
94617000,4022.1313,6539400,81089200,2362714700,30650360300,4021.6277,4024.4825,4010.7543,4025.6109
94622000,4022.1691,8870100,106742200,2371584800,30757102500,4021.6277,4024.4825,4010.7543,4025.6109
94627000,4022.1652,11649100,108494800,2383233900,30865597300,4021.6277,4024.4825,4010.7543,4025.6109
94632000,4022.3539,8683500,108815200,2391917400,30974412500,4021.6277,4024.4825,4010.7543,4025.6109
94637000,4022.0953,6888800,80307600,2398806200,31054720100,4021.6277,4024.4825,4010.7543,4025.6109
94642000,4022.0575,7922300,92827600,2406728500,31147547700,4021.6277,4024.4825,4010.7543,4025.6109
94647000,4022.2694,7029700,83141800,2413758200,31230689500,4021.6277,4024.4825,4010.7543,4025.6109
94652000,4022.0422,9802800,105228000,2423561000,31335917500,4021.6277,4024.4825,4010.7543,4025.6109
94657000,4022.4514,7511500,90593400,2431072500,31426510900,4021.6277,4024.4825,4010.7543,4025.6109
94702000,4022.4765,9463700,114655400,2440536200,31541166300,4021.6277,4024.4825,4010.7543,4025.6109
94707000,4022.8238,9066800,114208400,2449603000,31655374700,4021.6277,4024.4825,4010.7543,4025.6109
94712000,4022.7764,9410300,106687700,2459013300,31762062400,4021.6277,4024.4825,4010.7543,4025.6109
94717000,4021.9178,9470200,104735900,2468483500,31866798300,4021.6277,4024.4825,4010.7543,4025.6109
94722000,4021.147,10675500,125081900,2479159000,31991880200,4021.6277,4024.4825,4010.7543,4025.6109
94727000,4020.5039,8625800,133877700,2487784800,32125757900,4021.6277,4024.4825,4010.7543,4025.6109
94732000,4019.0782,12113200,153763500,2499898000,32279521400,4021.6277,4024.4825,4010.7543,4025.6109
94737000,4018.8796,12021200,125262100,2511919200,32404783500,4021.6277,4024.4825,4010.7543,4025.6109
94742000,4018.3184,8970700,108539800,2520889900,32513323300,4021.6277,4024.4825,4010.7543,4025.6109
94747000,4018.3988,10098000,92494600,2530987900,32605817900,4021.6277,4024.4825,4010.7543,4025.6109
94752000,4018.3293,11690700,110678200,2542678600,32716496100,4021.6277,4024.4825,4010.7543,4025.6109
94757000,4017.8054,8285600,94237100,2550964200,32810733200,4021.6277,4024.4825,4010.7543,4025.6109
94802000,4017.3012,12080300,117945700,2563044500,32928678900,4021.6277,4024.4825,4010.7543,4025.6109
94807000,4017.1194,10383000,99453300,2573427500,33028132200,4021.6277,4024.4825,4010.7543,4025.6109
94812000,4017.0809,7999100,90957000,2581426600,33119089200,4021.6277,4024.4825,4010.7543,4025.6109
94817000,4017.0729,9177100,90055600,2590603700,33209144800,4021.6277,4024.4825,4010.7543,4025.6109
94822000,4017.3318,11611300,128930300,2602215000,33338075100,4021.6277,4024.4825,4010.7543,4025.6109
94827000,4017.48,9622100,116734000,2611837100,33454809100,4021.6277,4024.4825,4010.7543,4025.6109
94832000,4017.4892,9148700,108185600,2620985800,33562994700,4021.6277,4024.4825,4010.7543,4025.6109
94837000,4017.2909,7549300,85921300,2628535100,33648916000,4021.6277,4024.4825,4010.7543,4025.6109
94842000,4017.446,6954600,90110500,2635489700,33739026500,4021.6277,4024.4825,4010.7543,4025.6109
94847000,4017.0894,7645600,92893800,2643135300,33831920300,4021.6277,4024.4825,4010.7543,4025.6109
94852000,4017.0045,9917200,124521500,2653052500,33956441800,4021.6277,4024.4825,4010.7543,4025.6109
94857000,4016.7293,7871300,94624300,2660923800,34051066100,4021.6277,4024.4825,4010.7543,4025.6109
94902000,4016.6421,10459800,119402500,2671383600,34170468600,4021.6277,4024.4825,4010.7543,4025.6109
94907000,4016.1235,8839900,96909900,2680223500,34267378500,4021.6277,4024.4825,4010.7543,4025.6109
94912000,4016.3635,8807000,96996200,2689030500,34364374700,4021.6277,4024.4825,4010.7543,4025.6109
94917000,4015.8601,8472700,94309300,2697503200,34458684000,4021.6277,4024.4825,4010.7543,4025.6109
94922000,4015.6798,9575600,116107700,2707078800,34574791700,4021.6277,4024.4825,4010.7543,4025.6109
94927000,4015.0592,7659200,90475500,2714738000,34665267200,4021.6277,4024.4825,4010.7543,4025.6109
94932000,4015.0559,9736400,116065000,2724474400,34781332200,4021.6277,4024.4825,4010.7543,4025.6109
94937000,4014.8392,6295300,77666700,2730769700,34858998900,4021.6277,4024.4825,4010.7543,4025.6109
94942000,4014.4786,9816000,120055000,2740585700,34979053900,4021.6277,4024.4825,4010.7543,4025.6109
94947000,4014.3594,14711000,114403200,2755296700,35093457100,4021.6277,4024.4825,4010.7543,4025.6109
94952000,4013.8735,10331800,124047200,2765628500,35217504300,4021.6277,4024.4825,4010.7543,4025.6109
94957000,4013.7856,8148600,109776300,2773777100,35327280600,4021.6277,4024.4825,4010.7543,4025.6109
95002000,4013.8228,11708200,127584700,2785485300,35454865300,4021.6277,4024.4825,4010.7543,4025.6109
95007000,4013.5178,10148300,102334500,2795633600,35557199800,4021.6277,4024.4825,4010.7543,4025.6109
95012000,4013.6194,10442000,115902300,2806075600,35673102100,4021.6277,4024.4825,4010.7543,4025.6109
95017000,4015.7208,13485200,147732500,2819560800,35820834600,4021.6277,4024.4825,4010.7543,4025.6109
95022000,4016.619,13288700,174097200,2832849500,35994931800,4021.6277,4024.4825,4010.7543,4025.6109
95027000,4015.9642,8387400,135807500,2841236900,36130739300,4021.6277,4024.4825,4010.7543,4025.6109
95032000,4016.2545,10155100,139592000,2851392000,36270331300,4021.6277,4024.4825,4010.7543,4025.6109
95037000,4016.7616,9335100,94529900,2860727100,36364861200,4021.6277,4024.4825,4010.7543,4025.6109
95042000,4016.9065,10112700,116355700,2870839800,36481216900,4021.6277,4024.4825,4010.7543,4025.6109
95047000,4016.9277,7483800,93341200,2878323600,36574558100,4021.6277,4024.4825,4010.7543,4025.6109
95052000,4016.8892,11823000,116713300,2890146600,36691271400,4021.6277,4024.4825,4010.7543,4025.6109
95057000,4017.2181,9827000,113423200,2899973600,36804694600,4021.6277,4024.4825,4010.7543,4025.6109
95102000,4017.4953,11486800,133894200,2911460400,36938588800,4021.6277,4024.4825,4010.7543,4025.6109
95107000,4017.5866,7985200,90872200,2919445600,37029461000,4021.6277,4024.4825,4010.7543,4025.6109
95112000,4016.713,7732800,110750400,2927178400,37140211400,4021.6277,4024.4825,4010.7543,4025.6109
95117000,4017.1523,8975100,99699300,2936153500,37239910700,4021.6277,4024.4825,4010.7543,4025.6109
95122000,4016.9129,8635600,109631900,2944789100,37349542600,4021.6277,4024.4825,4010.7543,4025.6109
95127000,4016.985,10620000,107079100,2955409100,37456621700,4021.6277,4024.4825,4010.7543,4025.6109
95132000,4016.9454,11843700,116270800,2967252800,37572892500,4021.6277,4024.4825,4010.7543,4025.6109
95137000,4017.2799,8219500,92506000,2975472300,37665398500,4021.6277,4024.4825,4010.7543,4025.6109
95142000,4016.7196,7880600,108876800,2983352900,37774275300,4021.6277,4024.4825,4010.7543,4025.6109
95147000,4016.7734,8895400,97087000,2992248300,37871362300,4021.6277,4024.4825,4010.7543,4025.6109
95152000,4016.4032,8418800,111914400,3000667100,37983276700,4021.6277,4024.4825,4010.7543,4025.6109
95157000,4016.8406,8064900,104414200,3008732000,38087690900,4021.6277,4024.4825,4010.7543,4025.6109
95202000,4017.2161,10227600,118358800,3018959600,38206049700,4021.6277,4024.4825,4010.7543,4025.6109
95207000,4017.5913,9057200,98312300,3028016800,38304362000,4021.6277,4024.4825,4010.7543,4025.6109
95212000,4018.5166,10494500,146115800,3038511300,38450477800,4021.6277,4024.4825,4010.7543,4025.6109
95217000,4019.5648,9777900,126262200,3048289200,38576740000,4021.6277,4024.4825,4010.7543,4025.6109
95222000,4020.6653,15837900,199050000,3064127100,38775790000,4021.6277,4024.4825,4010.7543,4025.6109
95227000,4021.3802,12116700,172227100,3076243800,38948017100,4021.6277,4024.4825,4010.7543,4025.6109
95232000,4024.6264,20017600,257469100,3096261400,39205486200,4021.6277,4024.6264,4010.7543,4025.6109
95237000,4025.5102,15690500,190537500,3111951900,39396023700,4021.6277,4025.5102,4010.7543,4025.6109
95242000,4026.4713,14826700,201445700,3126778600,39597469400,4021.6277,4026.4713,4010.7543,4025.6109
95247000,4027.727,11826600,152330300,3138605200,39749799700,4021.6277,4027.727,4010.7543,4025.6109
95252000,4028.4214,13718800,168570300,3152324000,39918370000,4021.6277,4028.4214,4010.7543,4025.6109
95257000,4029.1845,11283500,139816200,3163607500,40058186200,4021.6277,4029.1845,4010.7543,4025.6109
95302000,4030.0482,13900700,181424600,3177508200,40239610800,4021.6277,4030.0482,4010.7543,4025.6109
95307000,4030.5279,11750700,139782000,3189258900,40379392800,4021.6277,4030.5279,4010.7543,4025.6109
95312000,4030.6768,9756800,123911900,3199015700,40503304700,4021.6277,4030.774,4010.7543,4025.6109
95317000,4031.2802,9894100,114032100,3208909800,40617336800,4021.6277,4031.2802,4010.7543,4025.6109
95322000,4030.8342,10304300,126777700,3219214100,40744114500,4021.6277,4031.2802,4010.7543,4025.6109
95327000,4031.2985,8279800,110460700,3227493900,40854575200,4021.6277,4031.2985,4010.7543,4025.6109
95332000,4031.5696,7742300,120232800,3235236200,40974808000,4021.6277,4031.5696,4010.7543,4025.6109
95337000,4031.9068,8414700,104367400,3243650900,41079175400,4021.6277,4031.9068,4010.7543,4025.6109
95342000,4031.2393,7671900,101964800,3251322800,41181140200,4021.6277,4031.9068,4010.7543,4025.6109
95347000,4030.9587,9989400,108664800,3261312200,41289805000,4021.6277,4031.9068,4010.7543,4025.6109
95352000,4030.3575,11701500,145613300,3273013700,41435418300,4021.6277,4031.9068,4010.7543,4025.6109
95357000,4030.2351,7885100,115537200,3280898800,41550955500,4021.6277,4031.9068,4010.7543,4025.6109
95402000,4029.5637,10662600,134178300,3291561400,41685133800,4021.6277,4031.9068,4010.7543,4025.6109
95407000,4029.4801,8515800,95192600,3300077200,41780326400,4021.6277,4031.9068,4010.7543,4025.6109
95412000,4028.8558,6919500,92192400,3306996700,41872518800,4021.6277,4031.9068,4010.7543,4025.6109
95417000,4028.8933,7865000,102699600,3314861700,41975218400,4021.6277,4031.9068,4010.7543,4025.6109
95422000,4028.859,8313600,117144900,3323175300,42092363300,4021.6277,4031.9068,4010.7543,4025.6109
95427000,4029.0193,8235200,109467800,3331410500,42201831100,4021.6277,4031.9068,4010.7543,4025.6109
95432000,4029.0855,8426300,107016800,3339836800,42308847900,4021.6277,4031.9068,4010.7543,4025.6109
95437000,4028.6915,10507100,96646500,3350343900,42405494400,4021.6277,4031.9068,4010.7543,4025.6109
95442000,4029.2388,5424600,81784000,3355768500,42487278400,4021.6277,4031.9068,4010.7543,4025.6109
95447000,4029.4842,7176100,87317200,3362944600,42574595600,4021.6277,4031.9068,4010.7543,4025.6109
95452000,4030.0701,9024300,109142100,3371968900,42683737700,4021.6277,4031.9068,4010.7543,4025.6109
95457000,4029.8141,6980600,93954500,3378949500,42777692200,4021.6277,4031.9068,4010.7543,4025.6109
95502000,4029.3802,8023600,107298100,3386973100,42884990300,4021.6277,4031.9068,4010.7543,4025.6109
95507000,4029.9002,7953800,85400700,3394926900,42970391000,4021.6277,4031.9068,4010.7543,4025.6109
95512000,4029.9168,6873900,87847100,3401800800,43058238100,4021.6277,4031.9068,4010.7543,4025.6109
95517000,4030.0202,7594400,89759900,3409395200,43147998000,4021.6277,4031.9068,4010.7543,4025.6109
95522000,4029.9468,9660800,110807400,3419056000,43258805400,4021.6277,4031.9068,4010.7543,4025.6109
95527000,4030.6264,7128800,90982900,3426184800,43349788300,4021.6277,4031.9068,4010.7543,4025.6109
95532000,4030.9493,7499700,97076500,3433684500,43446864800,4021.6277,4031.9068,4010.7543,4025.6109
95537000,4031.2944,6526600,75829500,3440211100,43522694300,4021.6277,4031.9068,4010.7543,4025.6109
95542000,4030.6836,6992000,81630600,3447203100,43604324900,4021.6277,4031.9068,4010.7543,4025.6109
95547000,4030.7888,5494800,74343200,3452697900,43678668100,4021.6277,4031.9068,4010.7543,4025.6109
95552000,4031.8135,8698400,116172400,3461396300,43794840500,4021.6277,4031.9068,4010.7543,4025.6109
95557000,4031.826,6496500,93049400,3467892800,43887889900,4021.6277,4031.9068,4010.7543,4025.6109
95602000,4031.8118,7429900,98879100,3475322700,43986769000,4021.6277,4031.9068,4010.7543,4025.6109
95607000,4031.6611,7480700,90952900,3482803400,44077721900,4021.6277,4031.9068,4010.7543,4025.6109
95612000,4032.4319,6177600,78249700,3488981000,44155971600,4021.6277,4032.4319,4010.7543,4025.6109
95617000,4032.2067,7148700,95203400,3496129700,44251175000,4021.6277,4032.4319,4010.7543,4025.6109
95622000,4032.0511,8239500,117854400,3504369200,44369029400,4021.6277,4032.4319,4010.7543,4025.6109
95627000,4031.7299,9249800,109236800,3513619000,44478266200,4021.6277,4032.4319,4010.7543,4025.6109
95632000,4032.0168,8615700,105742100,3522234700,44584008300,4021.6277,4032.4319,4010.7543,4025.6109
95637000,4031.3385,6984200,82510400,3529218900,44666518700,4021.6277,4032.4319,4010.7543,4025.6109
95642000,4031.2017,6640200,92374700,3535859100,44758893400,4021.6277,4032.4319,4010.7543,4025.6109
95647000,4031.2583,5920900,77254600,3541780000,44836148000,4021.6277,4032.4319,4010.7543,4025.6109
95652000,4030.8555,8349700,98661400,3550129700,44934809400,4021.6277,4032.4319,4010.7543,4025.6109
95657000,4031.0624,6558300,89226900,3556688000,45024036300,4021.6277,4032.4319,4010.7543,4025.6109
95702000,4031.241,8255500,106770900,3564943500,45130807200,4021.6277,4032.4319,4010.7543,4025.6109
95707000,4031.274,6189100,73018700,3571132600,45203825900,4021.6277,4032.4319,4010.7543,4025.6109
95712000,4031.2393,5141900,77984100,3576274500,45281810000,4021.6277,4032.4319,4010.7543,4025.6109
95717000,4031.5234,5598300,73257500,3581872800,45355067500,4021.6277,4032.4319,4010.7543,4025.6109
95722000,4031.3484,6107500,93262300,3587980300,45448329800,4021.6277,4032.4319,4010.7543,4025.6109
95727000,4031.422,5285200,82527900,3593265500,45530857700,4021.6277,4032.4319,4010.7543,4025.6109
95732000,4031.3098,6563100,81696600,3599828600,45612554300,4021.6277,4032.4319,4010.7543,4025.6109
95737000,4031.3036,6546300,75607600,3606374900,45688161900,4021.6277,4032.4319,4010.7543,4025.6109
95742000,4031.0398,6508100,75166600,3612883000,45763328500,4021.6277,4032.4319,4010.7543,4025.6109
95747000,4031.1981,5649700,70320800,3618532700,45833649300,4021.6277,4032.4319,4010.7543,4025.6109
95752000,4031.0831,8772200,98269800,3627304900,45931919100,4021.6277,4032.4319,4010.7543,4025.6109
95757000,4031.6673,5199000,76369100,3632503900,46008288200,4021.6277,4032.4319,4010.7543,4025.6109
95802000,4031.6131,6812700,91416900,3639316600,46099705100,4021.6277,4032.4319,4010.7543,4025.6109
95807000,4031.7398,4902000,77401000,3644218600,46177106100,4021.6277,4032.4319,4010.7543,4025.6109
95812000,4031.8148,4768400,73841300,3648987000,46250947400,4021.6277,4032.4319,4010.7543,4025.6109
95817000,4031.7002,5131800,70778800,3654118800,46321726200,4021.6277,4032.4319,4010.7543,4025.6109
95822000,4032.0589,7017900,91964500,3661136700,46413690700,4021.6277,4032.4319,4010.7543,4025.6109
95827000,4032.1559,5132200,72550000,3666268900,46486240700,4021.6277,4032.5097,4010.7543,4025.6109
95832000,4032.9356,5712800,75949400,3671981700,46562190100,4021.6277,4032.9356,4010.7543,4025.6109
95837000,4033.0311,7024200,81526700,3679005900,46643716800,4021.6277,4033.0311,4010.7543,4025.6109
95842000,4033.5444,5486400,78498400,3684492300,46722215200,4021.6277,4033.5444,4010.7543,4025.6109
95847000,4033.5587,4805400,70790100,3689297700,46793005300,4021.6277,4033.5587,4010.7543,4025.6109
95852000,4033.7027,5874800,88554600,3695172500,46881559900,4021.6277,4033.9382,4010.7543,4025.6109
95857000,4033.8661,5105300,80497700,3700277800,46962057600,4021.6277,4033.9509,4010.7543,4025.6109
95902000,4033.839,6157200,90219700,3706435000,47052277300,4021.6277,4033.9509,4010.7543,4025.6109
95907000,4033.9886,6956900,96217500,3713391900,47148494800,4021.6277,4033.9886,4010.7543,4025.6109
95912000,4034.2039,8369600,97110600,3721761500,47245605400,4021.6277,4034.2039,4010.7543,4025.6109
95917000,4034.2811,4703100,76694500,3726464600,47322299900,4021.6277,4034.2811,4010.7543,4025.6109
95922000,4033.9203,9097300,104175700,3735561900,47426475600,4021.6277,4034.2811,4010.7543,4025.6109
95927000,4034.4045,4964600,81490600,3740526500,47507966200,4021.6277,4034.4045,4010.7543,4025.6109
95932000,4034.281,8990600,96213000,3749517100,47604179200,4021.6277,4034.512,4010.7543,4025.6109
95937000,4034.419,7366600,81966100,3756883700,47686145300,4021.6277,4034.512,4010.7543,4025.6109
95942000,4034.3898,8004600,76290300,3764888300,47762435600,4021.6277,4034.512,4010.7543,4025.6109
95947000,4034.4268,6239400,97023000,3771127700,47859458600,4021.6277,4034.512,4010.7543,4025.6109
95952000,4034.5903,7813500,98336200,3778941200,47957794800,4021.6277,4034.8322,4010.7543,4025.6109
95957000,4035.1319,5136500,73317000,3784077700,48031111800,4021.6277,4035.1319,4010.7543,4025.6109
100002000,4035.1053,5569200,83561000,3789646900,48114672800,4021.6277,4035.1319,4010.7543,4025.6109
100007000,4035.7106,7364500,83344900,3797011400,48198017700,4021.6277,4035.7106,4010.7543,4025.6109
100012000,4036.3382,6614300,79656200,3803625700,48277673900,4021.6277,4036.3382,4010.7543,4025.6109
100017000,4036.3876,6755700,85292000,3810381400,48362965900,4021.6277,4036.5029,4010.7543,4025.6109
100022000,4036.9807,11340100,118221900,3821721500,48481187800,4021.6277,4036.9807,4010.7543,4025.6109
100027000,4037.6066,6926200,92995800,3828647700,48574183600,4021.6277,4037.6066,4010.7543,4025.6109
100032000,4038.0687,8739500,105012200,3837387200,48679195800,4021.6277,4038.0687,4010.7543,4025.6109
100037000,4038.265,8511700,88565900,3845898900,48767761700,4021.6277,4038.3128,4010.7543,4025.6109
100042000,4038.6125,7391600,85016300,3853290500,48852778000,4021.6277,4038.6125,4010.7543,4025.6109
100047000,4038.98,8418400,88473500,3861708900,48941251500,4021.6277,4038.98,4010.7543,4025.6109
100052000,4039.3228,8356700,114998300,3870065600,49056249800,4021.6277,4039.3228,4010.7543,4025.6109
100057000,4039.1879,6776000,98874500,3876841600,49155124300,4021.6277,4039.4681,4010.7543,4025.6109
100102000,4039.8858,9126700,113928500,3885968300,49269052800,4021.6277,4039.8858,4010.7543,4025.6109
100107000,4040.1873,6372200,82577300,3892340500,49351630100,4021.6277,4040.281,4010.7543,4025.6109
100112000,4039.6732,9987600,137610100,3902328100,49489240200,4021.6277,4040.281,4010.7543,4025.6109
100117000,4039.454,8624400,119482700,3910952500,49608722900,4021.6277,4040.281,4010.7543,4025.6109
100122000,4039.0556,25492500,209024300,3936445000,49817747200,4021.6277,4040.281,4010.7543,4025.6109
100127000,4038.6381,7822900,117023400,3944267900,49934770600,4021.6277,4040.281,4010.7543,4025.6109
100132000,4038.0453,9951200,138453600,3954219100,50073224200,4021.6277,4040.281,4010.7543,4025.6109
100137000,4037.89,7222000,99183500,3961441100,50172407700,4021.6277,4040.281,4010.7543,4025.6109
100142000,4037.7605,8435300,114983100,3969876400,50287390800,4021.6277,4040.281,4010.7543,4025.6109
100147000,4037.5969,6545800,90710100,3976422200,50378100900,4021.6277,4040.281,4010.7543,4025.6109
100152000,4037.1261,7681100,120575100,3984103300,50498676000,4021.6277,4040.281,4010.7543,4025.6109
100157000,4036.576,6682100,100649100,3990785400,50599325100,4021.6277,4040.281,4010.7543,4025.6109
100202000,4036.7699,8805400,113270900,3999590800,50712596000,4021.6277,4040.281,4010.7543,4025.6109
100207000,4036.6016,11607900,110141100,4011198700,50822737100,4021.6277,4040.281,4010.7543,4025.6109
100212000,4036.1129,6940000,99478700,4018138700,50922215800,4021.6277,4040.281,4010.7543,4025.6109
100217000,4036.1135,5518900,86513400,4023657600,51008729200,4021.6277,4040.281,4010.7543,4025.6109
100222000,4035.6651,6866700,98508600,4030524300,51107237800,4021.6277,4040.281,4010.7543,4025.6109
100227000,4035.9327,6638600,88118600,4037162900,51195356400,4021.6277,4040.281,4010.7543,4025.6109
100232000,4035.9569,7495500,100200500,4044658400,51295556900,4021.6277,4040.281,4010.7543,4025.6109
100237000,4035.9621,7483100,84922000,4052141500,51380478900,4021.6277,4040.281,4010.7543,4025.6109
100242000,4035.8866,5889900,80724500,4058031400,51461203400,4021.6277,4040.281,4010.7543,4025.6109
100247000,4035.5586,6050900,72355500,4064082300,51533558900,4021.6277,4040.281,4010.7543,4025.6109
100252000,4036.0035,7188800,100952900,4071271100,51634511800,4021.6277,4040.281,4010.7543,4025.6109
100257000,4035.7827,4263800,64944500,4075534900,51699456300,4021.6277,4040.281,4010.7543,4025.6109
100302000,4035.8725,7328300,87077000,4082863200,51786533300,4021.6277,4040.281,4010.7543,4025.6109
100307000,4035.8818,5803800,61640100,4088667000,51848173400,4021.6277,4040.281,4010.7543,4025.6109
100312000,4035.7656,4379200,67528700,4093046200,51915702100,4021.6277,4040.281,4010.7543,4025.6109
100317000,4035.6955,4659800,67717600,4097706000,51983419700,4021.6277,4040.281,4010.7543,4025.6109
100322000,4035.275,6032000,77457500,4103738000,52060877200,4021.6277,4040.281,4010.7543,4025.6109
100327000,4035.544,5235000,59840300,4108973000,52120717500,4021.6277,4040.281,4010.7543,4025.6109
100332000,4035.5112,8579200,92562200,4117552200,52213279700,4021.6277,4040.281,4010.7543,4025.6109
100337000,4035.6371,5074500,74063000,4122626700,52287342700,4021.6277,4040.281,4010.7543,4025.6109
100342000,4035.5763,5014300,61428500,4127641000,52348771200,4021.6277,4040.281,4010.7543,4025.6109
100347000,4035.1752,5836400,73663400,4133477400,52422434600,4021.6277,4040.281,4010.7543,4025.6109
100352000,4034.8623,6911500,88935800,4140388900,52511370400,4021.6277,4040.281,4010.7543,4025.6109
100357000,4035.1211,5265300,69420000,4145654200,52580790400,4021.6277,4040.281,4010.7543,4025.6109
100402000,4034.7091,7006200,91887300,4152660400,52672677700,4021.6277,4040.281,4010.7543,4025.6109
100407000,4034.4475,5210600,62519000,4157871000,52735196700,4021.6277,4040.281,4010.7543,4025.6109
100412000,4034.349,4819400,60549600,4162690400,52795746300,4021.6277,4040.281,4010.7543,4025.6109
100417000,4034.4505,5323700,59712600,4168014100,52855458900,4021.6277,4040.281,4010.7543,4025.6109
100422000,4033.5766,6182900,84971000,4174197000,52940429900,4021.6277,4040.281,4010.7543,4025.6109
100427000,4033.9388,4221800,59028000,4178418800,52999457900,4021.6277,4040.281,4010.7543,4025.6109
100432000,4033.7202,8439300,88307000,4186858100,53087764900,4021.6277,4040.281,4010.7543,4025.6109
100437000,4033.6087,4894100,66749900,4191752200,53154514800,4021.6277,4040.281,4010.7543,4025.6109
100442000,4033.6547,4733200,65350200,4196485400,53219865000,4021.6277,4040.281,4010.7543,4025.6109
100447000,4033.2502,5499000,70811100,4201984400,53290676100,4021.6277,4040.281,4010.7543,4025.6109
100452000,4032.8162,6915300,76074100,4208899700,53366750200,4021.6277,4040.281,4010.7543,4025.6109
100457000,4032.7958,6638500,77318700,4215538200,53444068900,4021.6277,4040.281,4010.7543,4025.6109
100502000,4032.5068,6655200,88960300,4222193400,53533029200,4021.6277,4040.281,4010.7543,4025.6109
100507000,4032.4034,7845700,81503700,4230039100,53614532900,4021.6277,4040.281,4010.7543,4025.6109
100512000,4032.3197,4785700,63473200,4234824800,53678006100,4021.6277,4040.281,4010.7543,4025.6109
100517000,4032.4426,5420900,62250400,4240245700,53740256500,4021.6277,4040.281,4010.7543,4025.6109
100522000,4031.9922,6564300,85098900,4246810000,53825355400,4021.6277,4040.281,4010.7543,4025.6109
100527000,4031.6081,5264100,66605100,4252074100,53891960500,4021.6277,4040.281,4010.7543,4025.6109
100532000,4030.8325,7607500,89358400,4259681600,53981318900,4021.6277,4040.281,4010.7543,4025.6109
100537000,4030.9579,6263200,78395800,4265944800,54059714700,4021.6277,4040.281,4010.7543,4025.6109
100542000,4030.6168,5529200,68861400,4271474000,54128576100,4021.6277,4040.281,4010.7543,4025.6109
100547000,4031.1443,5588000,73807400,4277062000,54202383500,4021.6277,4040.281,4010.7543,4025.6109
100552000,4030.5826,8930000,87860000,4285992000,54290243500,4021.6277,4040.281,4010.7543,4025.6109
100557000,4030.6421,4905500,69877100,4290897500,54360120600,4021.6277,4040.281,4010.7543,4025.6109
100602000,4030.4069,6859400,77071000,4297756900,54437191600,4021.6277,4040.281,4010.7543,4025.6109
100607000,4030.1527,5760300,75204400,4303517200,54512396000,4021.6277,4040.281,4010.7543,4025.6109
100612000,4029.9393,5125400,64304300,4308642600,54576700300,4021.6277,4040.281,4010.7543,4025.6109
100617000,4030.0874,5640900,82595400,4314283500,54659295700,4021.6277,4040.281,4010.7543,4025.6109
100622000,4029.4622,5921100,73116500,4320204600,54732412200,4021.6277,4040.281,4010.7543,4025.6109
100627000,4029.676,4720000,58353100,4324924600,54790765300,4021.6277,4040.281,4010.7543,4025.6109
100632000,4029.268,5744200,86375200,4330668800,54877140500,4021.6277,4040.281,4010.7543,4025.6109
100637000,4029.9199,4835100,58741100,4335503900,54935881600,4021.6277,4040.281,4010.7543,4025.6109
100642000,4029.9689,4928300,64547600,4340432200,55000429200,4021.6277,4040.281,4010.7543,4025.6109
100647000,4029.8241,4825600,63733200,4345257800,55064162400,4021.6277,4040.281,4010.7543,4025.6109
100652000,4029.9906,6451200,91596900,4351709000,55155759300,4021.6277,4040.281,4010.7543,4025.6109
100657000,4029.5198,3636600,55169600,4355345600,55210928900,4021.6277,4040.281,4010.7543,4025.6109
100702000,4029.3512,6485700,88452700,4361831300,55299381600,4021.6277,4040.281,4010.7543,4025.6109
100707000,4029.3183,6197300,75989700,4368028600,55375371300,4021.6277,4040.281,4010.7543,4025.6109
100712000,4029.4159,5266500,65474700,4373295100,55440846000,4021.6277,4040.281,4010.7543,4025.6109
100717000,4029.6181,5017600,59030800,4378312700,55499876800,4021.6277,4040.281,4010.7543,4025.6109
100722000,4029.1699,5452200,78839400,4383764900,55578716200,4021.6277,4040.281,4010.7543,4025.6109
100727000,4029.7209,5371900,62609900,4389136800,55641326100,4021.6277,4040.281,4010.7543,4025.6109
100732000,4029.198,5418500,76016500,4394555300,55717342600,4021.6277,4040.281,4010.7543,4025.6109
100737000,4029.3481,5248300,65201500,4399803600,55782544100,4021.6277,4040.281,4010.7543,4025.6109
100742000,4029.6151,4633100,65862400,4404436700,55848406500,4021.6277,4040.281,4010.7543,4025.6109
100747000,4029.3939,5414200,55880900,4409850900,55904287400,4021.6277,4040.281,4010.7543,4025.6109
100752000,4029.0549,5178600,63979600,4415029500,55968267000,4021.6277,4040.281,4010.7543,4025.6109
100757000,4029.1712,4786800,58857600,4419816300,56027124600,4021.6277,4040.281,4010.7543,4025.6109
100802000,4028.994,6193200,81324600,4426009500,56108449200,4021.6277,4040.281,4010.7543,4025.6109
100807000,4029.0829,5746400,70394800,4431755900,56178844000,4021.6277,4040.281,4010.7543,4025.6109
100812000,4029.3288,7287200,98249100,4439043100,56277093100,4021.6277,4040.281,4010.7543,4025.6109
100817000,4029.2289,4282800,66785200,4443325900,56343878300,4021.6277,4040.281,4010.7543,4025.6109
100822000,4028.5297,5811500,75079600,4449137400,56418957900,4021.6277,4040.281,4010.7543,4025.6109
100827000,4028.5361,4540900,62837300,4453678300,56481795200,4021.6277,4040.281,4010.7543,4025.6109
100832000,4028.3727,5887000,82061000,4459565300,56563856200,4021.6277,4040.281,4010.7543,4025.6109
100837000,4028.4433,4728500,60457900,4464293800,56624314100,4021.6277,4040.281,4010.7543,4025.6109
100842000,4028.2664,5119000,65087000,4469412800,56689401100,4021.6277,4040.281,4010.7543,4025.6109
100847000,4028.3791,4823500,60169600,4474236300,56749570700,4021.6277,4040.281,4010.7543,4025.6109
100852000,4028.2238,7558300,92651300,4481794600,56842222000,4021.6277,4040.281,4010.7543,4025.6109
100857000,4027.7927,5407300,69556300,4487201900,56911778300,4021.6277,4040.281,4010.7543,4025.6109
100902000,4027.4245,7526800,90887500,4494728700,57002665800,4021.6277,4040.281,4010.7543,4025.6109
100907000,4027.5531,6215300,76984400,4500944000,57079650200,4021.6277,4040.281,4010.7543,4025.6109
100912000,4027.5285,6167400,84317700,4507111400,57163967900,4021.6277,4040.281,4010.7543,4025.6109
100917000,4027.4703,5235400,72916400,4512346800,57236884300,4021.6277,4040.281,4010.7543,4025.6109
100922000,4027.3099,5535300,81420000,4517882100,57318304300,4021.6277,4040.281,4010.7543,4025.6109
100927000,4027.3603,3662500,47532600,4521544600,57365836900,4021.6277,4040.281,4010.7543,4025.6109
100932000,4027.0802,5450200,86793200,4526994800,57452630100,4021.6277,4040.281,4010.7543,4025.6109
100937000,4027.3733,5928400,63199600,4532923200,57515829700,4021.6277,4040.281,4010.7543,4025.6109
100942000,4027.4105,5387300,69153800,4538310500,57584983500,4021.6277,4040.281,4010.7543,4025.6109
100947000,4027.4159,6338400,73044000,4544648900,57658027500,4021.6277,4040.281,4010.7543,4025.6109
100952000,4027.4285,6486800,86575000,4551135700,57744602500,4021.6277,4040.281,4010.7543,4025.6109
100957000,4027.0445,3430500,55302600,4554566200,57799905100,4021.6277,4040.281,4010.7543,4025.6109
101002000,4027.3048,4801700,67373300,4559367900,57867278400,4021.6277,4040.281,4010.7543,4025.6109
101007000,4027.3461,4240200,53916400,4563608100,57921194800,4021.6277,4040.281,4010.7543,4025.6109
101012000,4027.2969,5288400,67254000,4568896500,57988448800,4021.6277,4040.281,4010.7543,4025.6109
101017000,4026.9339,4394100,61870600,4573290600,58050319400,4021.6277,4040.281,4010.7543,4025.6109
101022000,4026.9142,4698200,62657200,4577988800,58112976600,4021.6277,4040.281,4010.7543,4025.6109
101027000,4027.1502,3575200,48342000,4581564000,58161318600,4021.6277,4040.281,4010.7543,4025.6109
101032000,4027.0498,5294300,74138500,4586858300,58235457100,4021.6277,4040.281,4010.7543,4025.6109
101037000,4026.8125,2973200,53855700,4589831500,58289312800,4021.6277,4040.281,4010.7543,4025.6109
101042000,4027.1217,3241200,53288000,4593072700,58342600800,4021.6277,4040.281,4010.7543,4025.6109
101047000,4026.9142,3742600,48831700,4596815300,58391432500,4021.6277,4040.281,4010.7543,4025.6109
101052000,4026.6054,6190100,77936500,4603005400,58469369000,4021.6277,4040.281,4010.7543,4025.6109
101057000,4027.1182,4335200,60395000,4607340600,58529764000,4021.6277,4040.281,4010.7543,4025.6109
101102000,4026.3348,5494400,67794000,4612835000,58597558000,4021.6277,4040.281,4010.7543,4025.6109
101107000,4026.8508,6126000,67404300,4618961000,58664962300,4021.6277,4040.281,4010.7543,4025.6109
101112000,4026.6641,4060000,57223800,4623021000,58722186100,4021.6277,4040.281,4010.7543,4025.6109
101117000,4026.479,3825900,49165200,4626846900,58771351300,4021.6277,4040.281,4010.7543,4025.6109
101122000,4026.285,5147000,65560200,4631993900,58836911500,4021.6277,4040.281,4010.7543,4025.6109
101127000,4026.3468,5474800,67951700,4637468700,58904863200,4021.6277,4040.281,4010.7543,4025.6109
101132000,4026.0385,5120500,65636600,4642589200,58970499800,4021.6277,4040.281,4010.7543,4025.6109
101137000,4026.2189,4288400,53078700,4646877600,59023578500,4021.6277,4040.281,4010.7543,4025.6109
101142000,4025.9895,5012600,64885700,4651890200,59088464200,4021.6277,4040.281,4010.7543,4025.6109
101147000,4025.5053,4984300,73249900,4656874500,59161714100,4021.6277,4040.281,4010.7543,4025.6109
101152000,4025.1841,5896700,75802200,4662771200,59237516300,4021.6277,4040.281,4010.7543,4025.6109
101157000,4024.2953,5686900,70156100,4668458100,59307672400,4021.6277,4040.281,4010.7543,4025.6109
101202000,4024.437,4591100,67120200,4673049200,59374792600,4021.6277,4040.281,4010.7543,4025.6109
101207000,4023.7904,4243400,62010900,4677292600,59436803500,4021.6277,4040.281,4010.7543,4025.6109
101212000,4023.5285,5963100,91378100,4683255700,59528181600,4021.6277,4040.281,4010.7543,4025.6109
101217000,4022.4109,7203000,98449900,4690458700,59626631500,4021.6277,4040.281,4010.7543,4025.6109
101222000,4022.4948,7054700,97510600,4697513400,59724142100,4021.6277,4040.281,4010.7543,4025.6109
101227000,4022.2158,5774700,69670600,4703288100,59793812700,4021.6277,4040.281,4010.7543,4025.6109
101232000,4021.4846,6708200,80580300,4709996300,59874393000,4021.6277,4040.281,4010.7543,4025.6109
101237000,4021.41,4960300,61553700,4714956600,59935946700,4021.6277,4040.281,4010.7543,4025.6109
101242000,4021.0001,6587100,83300000,4721543700,60019246700,4021.6277,4040.281,4010.7543,4025.6109
101247000,4020.854,5802600,62678100,4727346300,60081924800,4021.6277,4040.281,4010.7543,4025.6109
101252000,4020.3083,5615700,73305600,4732962000,60155230400,4021.6277,4040.281,4010.7543,4025.6109
101257000,4020.7503,7571400,92146900,4740533400,60247377300,4021.6277,4040.281,4010.7543,4025.6109
101302000,4019.6999,6010700,86626400,4746544100,60334003700,4021.6277,4040.281,4010.7543,4025.6109
101307000,4019.6192,4637800,59253900,4751181900,60393257600,4021.6277,4040.281,4010.7543,4025.6109
101312000,4020.3476,6889500,88724600,4758071400,60481982200,4021.6277,4040.281,4010.7543,4025.6109
101317000,4020.2496,4486000,60108600,4762557400,60542090800,4021.6277,4040.281,4010.7543,4025.6109
101322000,4020.2241,5676700,89718700,4768234100,60631809500,4021.6277,4040.281,4010.7543,4025.6109
101327000,4021.1428,6300000,83836400,4774534100,60715645900,4021.6277,4040.281,4010.7543,4025.6109
101332000,4021.1462,6715200,86147800,4781249300,60801793700,4021.6277,4040.281,4010.7543,4025.6109
101337000,4021.7782,5433500,74998300,4786682800,60876792000,4021.6277,4040.281,4010.7543,4025.6109
101342000,4022.061,4862300,79398500,4791545100,60956190500,4021.6277,4040.281,4010.7543,4025.6109
101347000,4021.8906,4092200,55149800,4795637300,61011340300,4021.6277,4040.281,4010.7543,4025.6109
101352000,4022.4915,7653300,102348800,4803290600,61113689100,4021.6277,4040.281,4010.7543,4025.6109
101357000,4022.6585,4784000,60159700,4808074600,61173848800,4021.6277,4040.281,4010.7543,4025.6109
101402000,4023.213,6191200,81875400,4814265800,61255724200,4021.6277,4040.281,4010.7543,4025.6109
101407000,4022.585,5583200,61299600,4819849000,61317023800,4021.6277,4040.281,4010.7543,4025.6109
101412000,4022.9628,5761800,68488400,4825610800,61385512200,4021.6277,4040.281,4010.7543,4025.6109
101417000,4022.7363,5918200,71984500,4831529000,61457496700,4021.6277,4040.281,4010.7543,4025.6109
101422000,4022.5693,6332000,73816500,4837861000,61531313200,4021.6277,4040.281,4010.7543,4025.6109
101427000,4022.3697,4583400,58446800,4842444400,61589760000,4021.6277,4040.281,4010.7543,4025.6109
101432000,4022.599,5340900,70082500,4847785300,61659842500,4021.6277,4040.281,4010.7543,4025.6109
101437000,4022.8322,4878800,60146200,4852664100,61719988700,4021.6277,4040.281,4010.7543,4025.6109
101442000,4022.4236,4608000,56379300,4857272100,61776368000,4021.6277,4040.281,4010.7543,4025.6109
101447000,4022.3317,5358700,60071300,4862630800,61836439300,4021.6277,4040.281,4010.7543,4025.6109
101452000,4022.2837,4048100,58078100,4866678900,61894517400,4021.6277,4040.281,4010.7543,4025.6109
101457000,4022.1543,4854900,53647000,4871533800,61948164400,4021.6277,4040.281,4010.7543,4025.6109
101502000,4022.0203,4569600,58122100,4876103400,62006286500,4021.6277,4040.281,4010.7543,4025.6109
101507000,4022.7778,4719900,64270000,4880823300,62070556500,4021.6277,4040.281,4010.7543,4025.6109
101512000,4022.1524,4437800,64803400,4885261100,62135359900,4021.6277,4040.281,4010.7543,4025.6109
101517000,4023.7929,6503200,82009100,4891764300,62217369000,4021.6277,4040.281,4010.7543,4025.6109
101522000,4024.1531,7974000,105436800,4899738300,62322805800,4021.6277,4040.281,4010.7543,4025.6109
101527000,4024.8912,5778800,86527300,4905517100,62409333100,4021.6277,4040.281,4010.7543,4025.6109
101532000,4025.4666,8092100,115331300,4913609200,62524664400,4021.6277,4040.281,4010.7543,4025.6109
101537000,4026.3355,5214400,86486800,4918823600,62611151200,4021.6277,4040.281,4010.7543,4025.6109
101542000,4027.0587,6699900,97762200,4925523500,62708913400,4021.6277,4040.281,4010.7543,4025.6109
101547000,4027.6587,5688500,95628600,4931212000,62804542000,4021.6277,4040.281,4010.7543,4025.6109
101552000,4029.3547,10049400,131327600,4941261400,62935869600,4021.6277,4040.281,4010.7543,4025.6109
101557000,4029.3496,7058500,110998600,4948319900,63046868200,4021.6277,4040.281,4010.7543,4025.6109
101602000,4030.4922,8343200,125683300,4956663100,63172551500,4021.6277,4040.281,4010.7543,4025.6109
101607000,4030.9132,7809500,94965900,4964472600,63267517400,4021.6277,4040.281,4010.7543,4025.6109
101612000,4031.3954,6000300,87868400,4970472900,63355385800,4021.6277,4040.281,4010.7543,4025.6109
101617000,4031.696,6414400,88011100,4976887300,63443396900,4021.6277,4040.281,4010.7543,4025.6109
101622000,4031.3621,7321600,118958100,4984208900,63562355000,4021.6277,4040.281,4010.7543,4025.6109
101627000,4031.8674,4933900,72018300,4989142800,63634373300,4021.6277,4040.281,4010.7543,4025.6109
101632000,4031.6826,4828700,81389600,4993971500,63715762900,4021.6277,4040.281,4010.7543,4025.6109
101637000,4031.7773,4622600,64310200,4998594100,63780073100,4021.6277,4040.281,4010.7543,4025.6109
101642000,4031.4387,4400300,59939200,5002994400,63840012300,4021.6277,4040.281,4010.7543,4025.6109
101647000,4032.0001,4102700,50325000,5007097100,63890337300,4021.6277,4040.281,4010.7543,4025.6109
101652000,4031.6277,5831900,70802100,5012929000,63961139400,4021.6277,4040.281,4010.7543,4025.6109
101657000,4031.9758,4647700,71168400,5017576700,64032307800,4021.6277,4040.281,4010.7543,4025.6109
101702000,4031.2452,4752600,70596900,5022329300,64102904700,4021.6277,4040.281,4010.7543,4025.6109
101707000,4031.9157,4633400,54228400,5026962700,64157133100,4021.6277,4040.281,4010.7543,4025.6109
101712000,4032.0165,5362500,63661200,5032325200,64220794300,4021.6277,4040.281,4010.7543,4025.6109
101717000,4031.8334,4128400,54976700,5036453600,64275771000,4021.6277,4040.281,4010.7543,4025.6109
101722000,4031.7754,5096100,61597400,5041549700,64337368400,4021.6277,4040.281,4010.7543,4025.6109
101727000,4032.0112,3563200,53522200,5045112900,64390890600,4021.6277,4040.281,4010.7543,4025.6109
101732000,4031.738,5030800,77116200,5050143700,64468006800,4021.6277,4040.281,4010.7543,4025.6109
101737000,4032.0331,3263500,43416400,5053407200,64511423200,4021.6277,4040.281,4010.7543,4025.6109
101742000,4031.9693,4680600,58932900,5058087800,64570356100,4021.6277,4040.281,4010.7543,4025.6109
101747000,4032.0443,3098300,43080600,5061186100,64613436700,4021.6277,4040.281,4010.7543,4025.6109
101752000,4032.0737,4645200,57152500,5065831300,64670589200,4021.6277,4040.281,4010.7543,4025.6109
101757000,4031.9319,3434300,56618900,5069265600,64727208100,4021.6277,4040.281,4010.7543,4025.6109
101802000,4031.9713,6661300,66534400,5075926900,64793742500,4021.6277,4040.281,4010.7543,4025.6109
101807000,4031.9988,3101100,40278500,5079028000,64834021000,4021.6277,4040.281,4010.7543,4025.6109
101812000,4031.8414,4262600,60720400,5083290600,64894741400,4021.6277,4040.281,4010.7543,4025.6109
101817000,4032.155,2950200,38414900,5086240800,64933156300,4021.6277,4040.281,4010.7543,4025.6109
101822000,4031.959,4772000,60830800,5091012800,64993987100,4021.6277,4040.281,4010.7543,4025.6109
101827000,4032.2015,3419300,53180500,5094432100,65047167600,4021.6277,4040.281,4010.7543,4025.6109
101832000,4031.7602,5030200,61319600,5099462300,65108487200,4021.6277,4040.281,4010.7543,4025.6109
101837000,4031.7744,3565600,49204600,5103027900,65157691800,4021.6277,4040.281,4010.7543,4025.6109
101842000,4031.6431,3407200,48888300,5106435100,65206580100,4021.6277,4040.281,4010.7543,4025.6109
101847000,4031.7232,5530000,51057000,5111965100,65257637100,4021.6277,4040.281,4010.7543,4025.6109
101852000,4031.782,4627300,56643700,5116592400,65314280800,4021.6277,4040.281,4010.7543,4025.6109
101857000,4031.9099,3466200,43648800,5120058600,65357929600,4021.6277,4040.281,4010.7543,4025.6109
101902000,4031.691,3692200,55200200,5123750800,65413129800,4021.6277,4040.281,4010.7543,4025.6109
101907000,4032.1396,3867100,47527900,5127617900,65460657700,4021.6277,4040.281,4010.7543,4025.6109
101912000,4032.0258,3296800,43570100,5130914700,65504227800,4021.6277,4040.281,4010.7543,4025.6109
101917000,4032.0811,3795800,39663200,5134710500,65543891000,4021.6277,4040.281,4010.7543,4025.6109
101922000,4032.0422,3608300,51709600,5138318800,65595600600,4021.6277,4040.281,4010.7543,4025.6109
101927000,4031.8082,3313900,43964700,5141632700,65639565300,4021.6277,4040.281,4010.7543,4025.6109
101932000,4031.6292,4491500,52230900,5146124200,65691796200,4021.6277,4040.281,4010.7543,4025.6109
101937000,4032.0344,3598100,52409600,5149722300,65744205800,4021.6277,4040.281,4010.7543,4025.6109
101942000,4032.1689,3505700,58898400,5153228000,65803104200,4021.6277,4040.281,4010.7543,4025.6109
101947000,4032.5922,4130200,56214800,5157358200,65859319000,4021.6277,4040.281,4010.7543,4025.6109
101952000,4032.4086,4519600,56662900,5161877800,65915981900,4021.6277,4040.281,4010.7543,4025.6109
101957000,4032.8994,4063700,49854500,5165941500,65965836400,4021.6277,4040.281,4010.7543,4025.6109
102002000,4033.1275,4084700,53833800,5170026200,66019670200,4021.6277,4040.281,4010.7543,4025.6109
102007000,4034.3474,9607100,110638100,5179633300,66130308300,4021.6277,4040.281,4010.7543,4025.6109
102012000,4034.725,6726400,108734700,5186359700,66239043000,4021.6277,4040.281,4010.7543,4025.6109
102017000,4034.8662,5405000,78074600,5191764700,66317117600,4021.6277,4040.281,4010.7543,4025.6109
102022000,4035.3977,5751400,84759400,5197516100,66401877000,4021.6277,4040.281,4010.7543,4025.6109
102027000,4036.4727,6930000,91507700,5204446100,66493384700,4021.6277,4040.281,4010.7543,4025.6109
102032000,4035.8852,7271200,92874400,5211717300,66586259100,4021.6277,4040.281,4010.7543,4025.6109
102037000,4036.5575,4049200,68354400,5215766500,66654613500,4021.6277,4040.281,4010.7543,4025.6109
102042000,4036.9417,4932700,71775400,5220699200,66726388900,4021.6277,4040.281,4010.7543,4025.6109
102047000,4037.2779,5105800,75908800,5225805000,66802297700,4021.6277,4040.281,4010.7543,4025.6109
102052000,4037.5523,5576100,91816100,5231381100,66894113800,4021.6277,4040.281,4010.7543,4025.6109
102057000,4037.887,4000900,65681600,5235382000,66959795400,4021.6277,4040.281,4010.7543,4025.6109
102102000,4038.0388,5648400,76062200,5241030400,67035857600,4021.6277,4040.281,4010.7543,4025.6109
102107000,4038.465,4921100,81196000,5245951500,67117053600,4021.6277,4040.281,4010.7543,4025.6109
102112000,4039.3489,5431300,79919300,5251382800,67196972900,4021.6277,4040.281,4010.7543,4025.6109
102117000,4039.1993,4199200,64930400,5255582000,67261903300,4021.6277,4040.281,4010.7543,4025.6109
102122000,4039.0123,5947300,87222800,5261529300,67349126100,4021.6277,4040.281,4010.7543,4025.6109
102127000,4039.4706,4181200,65408900,5265710500,67414535000,4021.6277,4040.281,4010.7543,4025.6109
102132000,4039.5463,4942000,72213700,5270652500,67486748700,4021.6277,4040.281,4010.7543,4025.6109
102137000,4039.2893,3371900,51881000,5274024400,67538629700,4021.6277,4040.281,4010.7543,4025.6109
102142000,4039.3108,3797500,62388900,5277821900,67601018600,4021.6277,4040.281,4010.7543,4025.6109
102147000,4039.2388,4954700,81212900,5282776600,67682231500,4021.6277,4040.281,4010.7543,4025.6109
102152000,4038.8638,5820100,84124800,5288596700,67766356300,4021.6277,4040.281,4010.7543,4025.6109
102157000,4038.8105,5062400,79174600,5293659100,67845530900,4021.6277,4040.281,4010.7543,4025.6109
102202000,4037.9226,5949200,86410500,5299608300,67931941400,4021.6277,4040.281,4010.7543,4025.6109
102207000,4037.8001,4370000,58871300,5303978300,67990812700,4021.6277,4040.281,4010.7543,4025.6109
102212000,4037.953,4427500,69261500,5308405800,68060074200,4021.6277,4040.281,4010.7543,4025.6109
102217000,4037.3872,3399300,49469600,5311805100,68109543800,4021.6277,4040.281,4010.7543,4025.6109
102222000,4036.7287,5650000,78883000,5317455100,68188426800,4021.6277,4040.281,4010.7543,4025.6109
102227000,4037.1236,3631800,58574000,5321086900,68247000800,4021.6277,4040.281,4010.7543,4025.6109
102232000,4036.9597,4238000,64426100,5325324900,68311426900,4021.6277,4040.281,4010.7543,4025.6109
102237000,4036.7745,3269300,46454900,5328594200,68357881800,4021.6277,4040.281,4010.7543,4025.6109
102242000,4036.4873,4369500,61526800,5332963700,68419408600,4021.6277,4040.281,4010.7543,4025.6109
102247000,4036.6375,3597000,51758300,5336560700,68471166900,4021.6277,4040.281,4010.7543,4025.6109
102252000,4035.8682,4658100,65957000,5341218800,68537123900,4021.6277,4040.281,4010.7543,4025.6109
102257000,4035.8805,4375800,66527900,5345594600,68603651800,4021.6277,4040.281,4010.7543,4025.6109
102302000,4035.8566,3802100,57657600,5349396700,68661309400,4021.6277,4040.281,4010.7543,4025.6109
102307000,4035.9697,4141900,55854100,5353538600,68717163500,4021.6277,4040.281,4010.7543,4025.6109
102312000,4036.0077,4127500,56205500,5357666100,68773369000,4021.6277,4040.281,4010.7543,4025.6109
102317000,4035.8012,3056000,44202900,5360722100,68817571900,4021.6277,4040.281,4010.7543,4025.6109
102322000,4035.3478,3548800,51698900,5364270900,68869270800,4021.6277,4040.281,4010.7543,4025.6109
102327000,4035.9083,2981900,42678300,5367252800,68911949100,4021.6277,4040.281,4010.7543,4025.6109
102332000,4035.5382,4547800,55294700,5371800600,68967243800,4021.6277,4040.281,4010.7543,4025.6109
102337000,4035.2924,6131600,54558700,5377932200,69021802500,4021.6277,4040.281,4010.7543,4025.6109
102342000,4035.4148,4876600,63564500,5382808800,69085367000,4021.6277,4040.281,4010.7543,4025.6109
102347000,4035.8244,3717300,46804300,5386526100,69132171300,4021.6277,4040.281,4010.7543,4025.6109
102352000,4036.1026,3864600,50522200,5390390700,69182693500,4021.6277,4040.281,4010.7543,4025.6109
102357000,4035.8534,3040000,39029000,5393430700,69221722500,4021.6277,4040.281,4010.7543,4025.6109
102402000,4035.7573,3432200,47457400,5396862900,69269179900,4021.6277,4040.281,4010.7543,4025.6109
102407000,4035.6352,3425600,43564700,5400288500,69312744600,4021.6277,4040.281,4010.7543,4025.6109
102412000,4035.7101,3062800,43024900,5403351300,69355769500,4021.6277,4040.281,4010.7543,4025.6109
102417000,4035.5501,3123500,39310600,5406474800,69395080100,4021.6277,4040.281,4010.7543,4025.6109
102422000,4035.0486,4250900,61077300,5410725700,69456157400,4021.6277,4040.281,4010.7543,4025.6109
102427000,4035.048,2266600,39175800,5412992300,69495333200,4021.6277,4040.281,4010.7543,4025.6109
102432000,4034.6943,4036100,53161400,5417028400,69548494600,4021.6277,4040.281,4010.7543,4025.6109
102437000,4034.8316,4327400,49273500,5421355800,69597768100,4021.6277,4040.281,4010.7543,4025.6109
102442000,4034.829,3081000,41841300,5424436800,69639609400,4021.6277,4040.281,4010.7543,4025.6109
102447000,4035.0814,3505700,42869900,5427942500,69682479300,4021.6277,4040.281,4010.7543,4025.6109
102452000,4034.8109,3811100,47864900,5431753600,69730344200,4021.6277,4040.281,4010.7543,4025.6109
102457000,4034.7857,3210900,47675200,5434964500,69778019400,4021.6277,4040.281,4010.7543,4025.6109
102502000,4034.5696,3807900,50207700,5438772400,69828227100,4021.6277,4040.281,4010.7543,4025.6109
102507000,4034.1996,3227600,42125600,5442000000,69870352700,4021.6277,4040.281,4010.7543,4025.6109
102512000,4034.677,3043100,46826300,5445043100,69917179000,4021.6277,4040.281,4010.7543,4025.6109
102517000,4034.3637,3472200,49379900,5448515300,69966558900,4021.6277,4040.281,4010.7543,4025.6109
102522000,4034.1995,3295000,50268500,5451810300,70016827400,4021.6277,4040.281,4010.7543,4025.6109
102527000,4034.1587,3119000,49764900,5454929300,70066592300,4021.6277,4040.281,4010.7543,4025.6109
102532000,4034.337,3710500,48919700,5458639800,70115512000,4021.6277,4040.281,4010.7543,4025.6109
102537000,4034.2771,3055900,37824400,5461695700,70153336400,4021.6277,4040.281,4010.7543,4025.6109
102542000,4034.3958,3652700,50210000,5465348400,70203546400,4021.6277,4040.281,4010.7543,4025.6109
102547000,4034.0721,4763400,53007700,5470111800,70256554100,4021.6277,4040.281,4010.7543,4025.6109
102552000,4034.2787,3480100,50805700,5473591900,70307359800,4021.6277,4040.281,4010.7543,4025.6109
102557000,4033.5665,2790900,42288600,5476382800,70349648400,4021.6277,4040.281,4010.7543,4025.6109
102602000,4033.8272,4385700,54163700,5480768500,70403812100,4021.6277,4040.281,4010.7543,4025.6109
102607000,4033.0804,5532800,48174800,5486301300,70451986900,4021.6277,4040.281,4010.7543,4025.6109
102612000,4032.3119,3214200,51323400,5489515500,70503310300,4021.6277,4040.281,4010.7543,4025.6109
102617000,4032.7362,3316100,45201000,5492831600,70548511300,4021.6277,4040.281,4010.7543,4025.6109
102622000,4032.806,4849200,58016300,5497680800,70606527600,4021.6277,4040.281,4010.7543,4025.6109
102627000,4032.2889,3390500,41799400,5501071300,70648327000,4021.6277,4040.281,4010.7543,4025.6109
102632000,4032.1321,4697300,43262400,5505768600,70691589400,4021.6277,4040.281,4010.7543,4025.6109
102637000,4031.9512,2834400,38360000,5508603000,70729949400,4021.6277,4040.281,4010.7543,4025.6109
102642000,4031.3372,3830000,49012200,5512433000,70778961600,4021.6277,4040.281,4010.7543,4025.6109
102647000,4031.4024,4444600,48252300,5516877600,70827213900,4021.6277,4040.281,4010.7543,4025.6109
102652000,4031.0037,4625500,62613400,5521503100,70889827300,4021.6277,4040.281,4010.7543,4025.6109
102657000,4030.5546,3470700,49514100,5524973800,70939341400,4021.6277,4040.281,4010.7543,4025.6109
102702000,4030.1731,4552700,61391700,5529526500,71000733100,4021.6277,4040.281,4010.7543,4025.6109
102707000,4029.933,4186100,50214900,5533712600,71050948000,4021.6277,4040.281,4010.7543,4025.6109
102712000,4029.5436,4173600,64321000,5537886200,71115269000,4021.6277,4040.281,4010.7543,4025.6109
102717000,4029.3179,4312100,50770300,5542198300,71166039300,4021.6277,4040.281,4010.7543,4025.6109
102722000,4028.3051,4887100,65093500,5547085400,71231132800,4021.6277,4040.281,4010.7543,4025.6109
102727000,4028.0912,3933700,56021600,5551019100,71287154400,4021.6277,4040.281,4010.7543,4025.6109
102732000,4027.9204,5128800,60567900,5556147900,71347722300,4021.6277,4040.281,4010.7543,4025.6109
102737000,4027.4939,4172500,49209300,5560320400,71396931600,4021.6277,4040.281,4010.7543,4025.6109
102742000,4027.8044,4076300,48619700,5564396700,71445551300,4021.6277,4040.281,4010.7543,4025.6109
102747000,4027.8426,3618500,38454100,5568015200,71484005400,4021.6277,4040.281,4010.7543,4025.6109
102752000,4026.8445,4859100,69064700,5572874300,71553070100,4021.6277,4040.281,4010.7543,4025.6109
102757000,4027.3287,3525000,43863000,5576399300,71596933100,4021.6277,4040.281,4010.7543,4025.6109
102802000,4026.8076,5236900,68258300,5581636200,71665191400,4021.6277,4040.281,4010.7543,4025.6109
102807000,4027.1482,5441700,58961100,5587077900,71724152500,4021.6277,4040.281,4010.7543,4025.6109
102812000,4027.1955,3711400,60774400,5590789300,71784926900,4021.6277,4040.281,4010.7543,4025.6109
102817000,4027.231,4547300,50954800,5595336600,71835881700,4021.6277,4040.281,4010.7543,4025.6109
102822000,4027.174,5368200,66526600,5600704800,71902408300,4021.6277,4040.281,4010.7543,4025.6109
102827000,4027.5978,3952100,59000400,5604656900,71961408700,4021.6277,4040.281,4010.7543,4025.6109
102832000,4027.5674,4917700,57446800,5609574600,72018855500,4021.6277,4040.281,4010.7543,4025.6109
102837000,4028.3498,3974400,50264900,5613549000,72069120400,4021.6277,4040.281,4010.7543,4025.6109
102842000,4028.3209,3745400,46077300,5617294400,72115197700,4021.6277,4040.281,4010.7543,4025.6109
102847000,4028.9306,2769600,37501300,5620064000,72152699000,4021.6277,4040.281,4010.7543,4025.6109
102852000,4028.5259,4081000,60911400,5624145000,72213610400,4021.6277,4040.281,4010.7543,4025.6109
102857000,4028.9078,3384300,47683800,5627529300,72261294200,4021.6277,4040.281,4010.7543,4025.6109
102902000,4029.0014,3669100,45847300,5631198400,72307141500,4021.6277,4040.281,4010.7543,4025.6109
102907000,4028.6907,4442100,48183400,5635640500,72355324900,4021.6277,4040.281,4010.7543,4025.6109
102912000,4029.0713,3393900,46818500,5639034400,72402143400,4021.6277,4040.281,4010.7543,4025.6109
102917000,4029.0369,3181300,37872200,5642215700,72440015600,4021.6277,4040.281,4010.7543,4025.6109
102922000,4028.2467,6877300,72870400,5649093000,72512886000,4021.6277,4040.281,4010.7543,4025.6109
102927000,4027.9392,5878000,62154700,5654971000,72575040700,4021.6277,4040.281,4010.7543,4025.6109
102932000,4027.6088,6825400,69438400,5661796400,72644479100,4021.6277,4040.281,4010.7543,4025.6109
102937000,4026.8386,4987200,61303300,5666783600,72705782400,4021.6277,4040.281,4010.7543,4025.6109
102942000,4025.8226,3826800,61060500,5670610400,72766842900,4021.6277,4040.281,4010.7543,4025.6109
102947000,4025.248,6780500,60126100,5677390900,72826969000,4021.6277,4040.281,4010.7543,4025.6109
102952000,4025.0094,6071900,70484900,5683462800,72897453900,4021.6277,4040.281,4010.7543,4025.6109
102957000,4024.9277,5419900,52703800,5688882700,72950157700,4021.6277,4040.281,4010.7543,4025.6109
103002000,4024.2741,6532000,60655500,5695414700,73010813200,4021.6277,4040.281,4010.7543,4025.6109
103007000,4024.4105,5464300,49543900,5700879000,73060357100,4021.6277,4040.281,4010.7543,4025.6109
103012000,4024.6288,4200800,66088800,5705079800,73126445900,4021.6277,4040.281,4010.7543,4025.6109
103017000,4024.5071,4222900,49897200,5709302700,73176343100,4021.6277,4040.281,4010.7543,4025.6109
103022000,4025.7667,6676700,86563200,5715979400,73262906300,4021.6277,4040.281,4010.7543,4025.6109
103027000,4026.7494,6091900,89577800,5722071300,73352484100,4021.6277,4040.281,4010.7543,4025.6109
103032000,4028.0709,9133500,126383300,5731204800,73478867400,4021.6277,4040.281,4010.7543,4025.6109
103037000,4028.9451,7043000,90556500,5738247800,73569423900,4021.6277,4040.281,4010.7543,4025.6109
103042000,4030.378,8472200,107122400,5746720000,73676546300,4021.6277,4040.281,4010.7543,4025.6109
103047000,4031.3844,5363600,70635600,5752083600,73747181900,4021.6277,4040.281,4010.7543,4025.6109
103052000,4031.6133,6196100,92113200,5758279700,73839295100,4021.6277,4040.281,4010.7543,4025.6109
103057000,4031.8045,4776300,67216700,5763056000,73906511800,4021.6277,4040.281,4010.7543,4025.6109
103102000,4032.3264,4846300,63486600,5767902300,73969998400,4021.6277,4040.281,4010.7543,4025.6109
103107000,4031.9288,4158600,51568400,5772060900,74021566800,4021.6277,4040.281,4010.7543,4025.6109
103112000,4032.1154,3382400,49946100,5775443300,74071512900,4021.6277,4040.281,4010.7543,4025.6109
103117000,4031.4623,3128100,40537900,5778571400,74112050800,4021.6277,4040.281,4010.7543,4025.6109
103122000,4031.0376,4575700,66533600,5783147100,74178584400,4021.6277,4040.281,4010.7543,4025.6109
103127000,4031.1618,3164500,41422100,5786311600,74220006500,4021.6277,4040.281,4010.7543,4025.6109
103132000,4030.575,5008100,55889300,5791319700,74275895800,4021.6277,4040.281,4010.7543,4025.6109
103137000,4030.8775,4441500,52675600,5795761200,74328571400,4021.6277,4040.281,4010.7543,4025.6109
103142000,4030.6936,3037300,40237800,5798798500,74368809200,4021.6277,4040.281,4010.7543,4025.6109
103147000,4030.6166,2373600,31137700,5801172100,74399946900,4021.6277,4040.281,4010.7543,4025.6109
103152000,4030.4532,3717500,47343800,5804889600,74447290700,4021.6277,4040.281,4010.7543,4025.6109
103157000,4030.3284,2134100,32314300,5807023700,74479605000,4021.6277,4040.281,4010.7543,4025.6109
103202000,4030.0327,3588800,42662500,5810612500,74522267500,4021.6277,4040.281,4010.7543,4025.6109
103207000,4030.3534,3784500,43603800,5814397000,74565871300,4021.6277,4040.281,4010.7543,4025.6109
103212000,4030.0932,3162500,41161600,5817559500,74607032900,4021.6277,4040.281,4010.7543,4025.6109
103217000,4030.1761,2724200,30900500,5820283700,74637933400,4021.6277,4040.281,4010.7543,4025.6109
103222000,4029.7014,4054700,55993200,5824338400,74693926600,4021.6277,4040.281,4010.7543,4025.6109
103227000,4029.5492,4109500,43938900,5828447900,74737865500,4021.6277,4040.281,4010.7543,4025.6109
103232000,4029.5318,3069100,41276400,5831517000,74779141900,4021.6277,4040.281,4010.7543,4025.6109
103237000,4029.0384,3937900,42350300,5835454900,74821492200,4021.6277,4040.281,4010.7543,4025.6109
103242000,4029.0031,2214400,37655700,5837669300,74859147900,4021.6277,4040.281,4010.7543,4025.6109
103247000,4029.1687,2946000,33920000,5840615300,74893067900,4021.6277,4040.281,4010.7543,4025.6109
103252000,4029.3226,4813300,53561100,5845428600,74946629000,4021.6277,4040.281,4010.7543,4025.6109
103257000,4029.1634,3717100,36471900,5849145700,74983100900,4021.6277,4040.281,4010.7543,4025.6109
103302000,4029.3527,4329900,46699900,5853475600,75029800800,4021.6277,4040.281,4010.7543,4025.6109
103307000,4029.1548,2957300,40935700,5856432900,75070736500,4021.6277,4040.281,4010.7543,4025.6109
103312000,4029.0904,2558600,33989600,5858991500,75104726100,4021.6277,4040.281,4010.7543,4025.6109
103317000,4029.5433,2855500,39133700,5861847000,75143859800,4021.6277,4040.281,4010.7543,4025.6109
103322000,4029.3349,3586000,50018700,5865433000,75193878500,4021.6277,4040.281,4010.7543,4025.6109
103327000,4028.9788,2414200,35251100,5867847200,75229129600,4021.6277,4040.281,4010.7543,4025.6109
103332000,4028.1244,3663100,48342300,5871510300,75277471900,4021.6277,4040.281,4010.7543,4025.6109
103337000,4028.4802,3571000,41376600,5875081300,75318848500,4021.6277,4040.281,4010.7543,4025.6109
103342000,4028.4881,2603100,32734100,5877684400,75351582600,4021.6277,4040.281,4010.7543,4025.6109
103347000,4027.8857,2484800,33139000,5880169200,75384721600,4021.6277,4040.281,4010.7543,4025.6109
103352000,4027.9229,5607200,60419100,5885776400,75445140700,4021.6277,4040.281,4010.7543,4025.6109
103357000,4027.4369,3464600,40654900,5889241000,75485795600,4021.6277,4040.281,4010.7543,4025.6109
103402000,4027.0263,5116000,59137500,5894357000,75544933100,4021.6277,4040.281,4010.7543,4025.6109
103407000,4027.043,3382300,41354800,5897739300,75586287900,4021.6277,4040.281,4010.7543,4025.6109
103412000,4026.7821,2781900,42709400,5900521200,75628997300,4021.6277,4040.281,4010.7543,4025.6109
103417000,4026.622,2772100,34477800,5903293300,75663475100,4021.6277,4040.281,4010.7543,4025.6109
103422000,4026.3748,4401800,57001600,5907695100,75720476700,4021.6277,4040.281,4010.7543,4025.6109
103427000,4026.225,2200700,35150500,5909895800,75755627200,4021.6277,4040.281,4010.7543,4025.6109
103432000,4026.1712,3112500,44966000,5913008300,75800593200,4021.6277,4040.281,4010.7543,4025.6109
103437000,4025.4068,3869300,58101100,5916877600,75858694300,4021.6277,4040.281,4010.7543,4025.6109
103442000,4024.8849,5013900,65328400,5921891500,75924022700,4021.6277,4040.281,4010.7543,4025.6109
103447000,4024.4799,3941300,50406700,5925832800,75974429400,4021.6277,4040.281,4010.7543,4025.6109
103452000,4024.0581,4855200,66493000,5930688000,76040922400,4021.6277,4040.281,4010.7543,4025.6109
103457000,4023.6853,3146700,45211000,5933834700,76086133400,4021.6277,4040.281,4010.7543,4025.6109
103502000,4023.1482,3776900,60744700,5937611600,76146878100,4021.6277,4040.281,4010.7543,4025.6109
103507000,4022.967,6774700,75058800,5944386300,76221936900,4021.6277,4040.281,4010.7543,4025.6109
103512000,4022.5847,4692400,61669200,5949078700,76283606100,4021.6277,4040.281,4010.7543,4025.6109
103517000,4022.5038,4055600,54437600,5953134300,76338043700,4021.6277,4040.281,4010.7543,4025.6109
103522000,4022.6778,6004700,77232700,5959139000,76415276400,4021.6277,4040.281,4010.7543,4025.6109
103527000,4022.1494,4543800,64821500,5963682800,76480097900,4021.6277,4040.281,4010.7543,4025.6109
103532000,4022.0017,5606700,69390300,5969289500,76549488200,4021.6277,4040.281,4010.7543,4025.6109
103537000,4021.8339,6850700,71493100,5976140200,76620981300,4021.6277,4040.281,4010.7543,4025.6109
103542000,4021.3682,6307300,68983600,5982447500,76689964900,4021.6277,4040.281,4010.7543,4025.6109
103547000,4021.2448,6893700,73945700,5989341200,76763910600,4021.6277,4040.281,4010.7543,4025.6109
103552000,4020.346,7566800,93987500,5996908000,76857898100,4021.6277,4040.281,4010.7543,4025.6109
103557000,4020.3951,6220600,77413600,6003128600,76935311700,4021.6277,4040.281,4010.7543,4025.6109
103602000,4019.4111,9221500,116676800,6012350100,77051988500,4021.6277,4040.281,4010.7543,4025.6109
103607000,4019.2073,7314700,82900100,6019664800,77134888600,4021.6277,4040.281,4010.7543,4025.6109
103612000,4018.9297,5638600,75099800,6025303400,77209988400,4021.6277,4040.281,4010.7543,4025.6109
103617000,4019.2623,7323400,84997100,6032626800,77294985500,4021.6277,4040.281,4010.7543,4025.6109
103622000,4019.1725,9556200,110029800,6042183000,77405015300,4021.6277,4040.281,4010.7543,4025.6109
103627000,4019.5257,9763900,103294200,6051946900,77508309500,4021.6277,4040.281,4010.7543,4025.6109
103632000,4018.7154,7041700,84130400,6058988600,77592439900,4021.6277,4040.281,4010.7543,4025.6109
103637000,4018.5399,10003300,113049100,6068991900,77705489000,4021.6277,4040.281,4010.7543,4025.6109
103642000,4017.8335,6222600,68830500,6075214500,77774319500,4021.6277,4040.281,4010.7543,4025.6109
103647000,4017.9869,7071900,77775700,6082286400,77852095200,4021.6277,4040.281,4010.7543,4025.6109
103652000,4017.1867,14391700,140512100,6096678100,77992607300,4021.6277,4040.281,4010.7543,4025.6109
103657000,4017.4339,11128000,116470400,6107806100,78109077700,4021.6277,4040.281,4010.7543,4025.6109
103702000,4017.0105,11474600,122360200,6119280700,78231437900,4021.6277,4040.281,4010.7543,4025.6109
103707000,4016.8473,11708400,109650500,6130989100,78341088400,4021.6277,4040.281,4010.7543,4025.6109
103712000,4018.2163,9950300,113869500,6140939400,78454957900,4021.6277,4040.281,4010.7543,4025.6109
103717000,4018.7995,8745300,98744300,6149684700,78553702200,4021.6277,4040.281,4010.7543,4025.6109
103722000,4020.2577,16511200,185449700,6166195900,78739151900,4021.6277,4040.281,4010.7543,4025.6109
103727000,4021.3837,13926800,164564100,6180122700,78903716000,4021.6277,4040.281,4010.7543,4025.6109
103732000,4022.2044,15684100,191933600,6195806800,79095649600,4021.6277,4040.281,4010.7543,4025.6109
103737000,4022.0374,11769400,131239200,6207576200,79226888800,4021.6277,4040.281,4010.7543,4025.6109
103742000,4022.474,8192800,96143500,6215769000,79323032300,4021.6277,4040.281,4010.7543,4025.6109
103747000,4023.1278,7613600,86782200,6223382600,79409814500,4021.6277,4040.281,4010.7543,4025.6109
103752000,4022.825,11355900,135636700,6234738500,79545451200,4021.6277,4040.281,4010.7543,4025.6109
103757000,4022.9763,6307100,71337400,6241045600,79616788600,4021.6277,4040.281,4010.7543,4025.6109
103802000,4023.4227,8187100,91536700,6249232700,79708325300,4021.6277,4040.281,4010.7543,4025.6109
103807000,4023.1526,5686300,65255000,6254919000,79773580300,4021.6277,4040.281,4010.7543,4025.6109
103812000,4022.9689,4818400,64388500,6259737400,79837968800,4021.6277,4040.281,4010.7543,4025.6109
103817000,4022.5782,5685600,58015000,6265423000,79895983800,4021.6277,4040.281,4010.7543,4025.6109
103822000,4022.4994,7680600,84612600,6273103600,79980596400,4021.6277,4040.281,4010.7543,4025.6109
103827000,4022.3536,5769900,68943500,6278873500,80049539900,4021.6277,4040.281,4010.7543,4025.6109
103832000,4022.61,6414500,71289100,6285288000,80120829000,4021.6277,4040.281,4010.7543,4025.6109
103837000,4021.6875,6137000,64422400,6291425000,80185251400,4021.6277,4040.281,4010.7543,4025.6109
103842000,4021.527,7054500,84167800,6298479500,80269419200,4021.6277,4040.281,4010.7543,4025.6109
103847000,4021.8222,4123500,50860000,6302603000,80320279200,4021.6277,4040.281,4010.7543,4025.6109
103852000,4021.4413,5872700,74485900,6308475700,80394765100,4021.6277,4040.281,4010.7543,4025.6109
103857000,4021.3538,4752400,62813900,6313228100,80457579000,4021.6277,4040.281,4010.7543,4025.6109
103902000,4021.26,6670300,85216500,6319898400,80542795500,4021.6277,4040.281,4010.7543,4025.6109
103907000,4021.3385,5895100,73898500,6325793500,80616694000,4021.6277,4040.281,4010.7543,4025.6109
103912000,4021.1738,4578200,56831900,6330371700,80673525900,4021.6277,4040.281,4010.7543,4025.6109
103917000,4021.1958,6422500,70898800,6336794200,80744424700,4021.6277,4040.281,4010.7543,4025.6109
103922000,4020.8591,6767300,84038800,6343561500,80828463500,4021.6277,4040.281,4010.7543,4025.6109
103927000,4020.9613,3587400,53389600,6347148900,80881853100,4021.6277,4040.281,4010.7543,4025.6109
103932000,4020.8723,5809900,59952400,6352958800,80941805500,4021.6277,4040.281,4010.7543,4025.6109
103937000,4020.4719,5806900,62427300,6358765700,81004232800,4021.6277,4040.281,4010.7543,4025.6109
103942000,4020.5788,4440700,48752800,6363206400,81052985600,4021.6277,4040.281,4010.7543,4025.6109
103947000,4019.898,4736800,50600900,6367943200,81103586500,4021.6277,4040.281,4010.7543,4025.6109
103952000,4020.0303,6245700,80458100,6374188900,81184044600,4021.6277,4040.281,4010.7543,4025.6109
103957000,4019.5823,4422000,64121400,6378610900,81248166000,4021.6277,4040.281,4010.7543,4025.6109
104002000,4019.1516,6194900,72872400,6384805800,81321038400,4021.6277,4040.281,4010.7543,4025.6109
104007000,4018.9955,6725600,63302600,6391531400,81384341000,4021.6277,4040.281,4010.7543,4025.6109
104012000,4019.2798,5794500,72516900,6397325900,81456857900,4021.6277,4040.281,4010.7543,4025.6109
104017000,4020.2078,5685100,63164400,6403011000,81520022300,4021.6277,4040.281,4010.7543,4025.6109
104022000,4020.4399,9393600,123992600,6412404600,81644014900,4021.6277,4040.281,4010.7543,4025.6109
104027000,4021.1922,8022200,89069900,6420426800,81733084800,4021.6277,4040.281,4010.7543,4025.6109
104032000,4021.9934,7575200,94147700,6428002000,81827232500,4021.6277,4040.281,4010.7543,4025.6109
104037000,4020.8111,5805100,64502000,6433807100,81891734500,4021.6277,4040.281,4010.7543,4025.6109
104042000,4021.9705,4914200,65605900,6438721300,81957340400,4021.6277,4040.281,4010.7543,4025.6109
104047000,4021.419,4010400,50291400,6442731700,82007631800,4021.6277,4040.281,4010.7543,4025.6109
104052000,4020.9212,6615400,76324700,6449347100,82083956500,4021.6277,4040.281,4010.7543,4025.6109
104057000,4020.991,3836100,55528200,6453183200,82139484700,4021.6277,4040.281,4010.7543,4025.6109
104102000,4020.7078,7362400,78331200,6460545600,82217815900,4021.6277,4040.281,4010.7543,4025.6109
104107000,4020.5446,6219800,77603900,6466765400,82295419800,4021.6277,4040.281,4010.7543,4025.6109
104112000,4021.2046,5993800,88058100,6472759200,82383477900,4021.6277,4040.281,4010.7543,4025.6109
104117000,4020.7392,4038300,55269100,6476797500,82438747000,4021.6277,4040.281,4010.7543,4025.6109
104122000,4021.1342,6493100,83629500,6483290600,82522376500,4021.6277,4040.281,4010.7543,4025.6109
104127000,4020.9675,4092400,59971500,6487383000,82582348000,4021.6277,4040.281,4010.7543,4025.6109
104132000,4021.2016,4927700,62956000,6492310700,82645304000,4021.6277,4040.281,4010.7543,4025.6109
104137000,4021.0642,5641600,59886200,6497952300,82705190200,4021.6277,4040.281,4010.7543,4025.6109
104142000,4020.6775,4298500,61091400,6502250800,82766281600,4021.6277,4040.281,4010.7543,4025.6109
104147000,4020.8486,5414800,59211700,6507665600,82825493300,4021.6277,4040.281,4010.7543,4025.6109
104152000,4020.5382,7682600,92528600,6515348200,82918021900,4021.6277,4040.281,4010.7543,4025.6109
104157000,4020.268,5054600,62141400,6520402800,82980163300,4021.6277,4040.281,4010.7543,4025.6109
104202000,4019.7447,6339600,74410200,6526742400,83054573500,4021.6277,4040.281,4010.7543,4025.6109
104207000,4019.7261,5920400,65432100,6532662800,83120005600,4021.6277,4040.281,4010.7543,4025.6109
104212000,4019.4054,4705600,66266100,6537368400,83186271700,4021.6277,4040.281,4010.7543,4025.6109
104217000,4018.4854,7254800,77218300,6544623200,83263490000,4021.6277,4040.281,4010.7543,4025.6109
104222000,4018.2212,7514200,100137900,6552137400,83363627900,4021.6277,4040.281,4010.7543,4025.6109
104227000,4017.3463,9479200,108798600,6561616600,83472426500,4021.6277,4040.281,4010.7543,4025.6109
104232000,4015.8165,11503300,166317700,6573119900,83638744200,4021.6277,4040.281,4010.7543,4025.6109
104237000,4014.9659,12816800,161223500,6585936700,83799967700,4021.6277,4040.281,4010.7543,4025.6109
104242000,4013.6138,11794900,146387400,6597731600,83946355100,4021.6277,4040.281,4010.7543,4025.6109
104247000,4014.4267,10753000,139598500,6608484600,84085953600,4021.6277,4040.281,4010.7543,4025.6109
104252000,4012.8359,13420400,144057200,6621905000,84230010800,4021.6277,4040.281,4010.7543,4025.6109
104257000,4012.6062,8961100,102347500,6630866100,84332358300,4021.6277,4040.281,4010.7543,4025.6109
104302000,4011.7243,10671500,117794600,6641537600,84450152900,4021.6277,4040.281,4010.7543,4025.6109
104307000,4011.3931,13475300,144379500,6655012900,84594532400,4021.6277,4040.281,4010.7543,4025.6109
104312000,4012.1738,9795400,116890700,6664808300,84711423100,4021.6277,4040.281,4010.7543,4025.6109
104317000,4011.9131,8253200,96108900,6673061500,84807532000,4021.6277,4040.281,4010.7543,4025.6109
104322000,4012.6195,12456800,169050600,6685518300,84976582600,4021.6277,4040.281,4010.7543,4025.6109
104327000,4011.9178,8560500,106832200,6694078800,85083414800,4021.6277,4040.281,4010.7543,4025.6109
104332000,4013.2062,10397700,128799700,6704476500,85212214500,4021.6277,4040.281,4010.7543,4025.6109
104337000,4012.5399,11066500,127498400,6715543000,85339712900,4021.6277,4040.281,4010.7543,4025.6109
104342000,4012.962,12812600,130077700,6728355600,85469790600,4021.6277,4040.281,4010.7543,4025.6109
104347000,4013.6259,8210300,92945700,6736565900,85562736300,4021.6277,4040.281,4010.7543,4025.6109
104352000,4013.0485,9452100,123623300,6746018000,85686359600,4021.6277,4040.281,4010.7543,4025.6109
104357000,4012.5442,7475100,97602200,6753493100,85783961800,4021.6277,4040.281,4010.7543,4025.6109
104402000,4012.4345,10872800,108745100,6764365900,85892706900,4021.6277,4040.281,4010.7543,4025.6109
104407000,4012.0677,7717700,86047200,6772083600,85978754100,4021.6277,4040.281,4010.7543,4025.6109
104412000,4011.2631,9326000,107905000,6781409600,86086659100,4021.6277,4040.281,4010.7543,4025.6109
104417000,4011.0039,6872300,80895600,6788281900,86167554700,4021.6277,4040.281,4010.7543,4025.6109
104422000,4010.5923,9854000,111661300,6798135900,86279216000,4021.6277,4040.281,4010.5923,4025.6109
104427000,4011.2508,8825300,97003200,6806961200,86376219200,4021.6277,4040.281,4010.5923,4025.6109
104432000,4010.8433,8460400,94677100,6815421600,86470896300,4021.6277,4040.281,4010.5923,4025.6109
104437000,4011.0199,8209600,93307000,6823631200,86564203300,4021.6277,4040.281,4010.5923,4025.6109
104442000,4010.5376,9085100,107943100,6832716300,86672146400,4021.6277,4040.281,4010.5376,4025.6109
104447000,4010.4004,5660400,69609300,6838376700,86741755700,4021.6277,4040.281,4010.4004,4025.6109
104452000,4010.8479,11044900,116578000,6849421600,86858333700,4021.6277,4040.281,4010.4004,4025.6109
104457000,4011.7864,9416500,103739200,6858838100,86962072900,4021.6277,4040.281,4010.4004,4025.6109
104502000,4011.9559,9398300,113855600,6868236400,87075928500,4021.6277,4040.281,4010.4004,4025.6109
104507000,4013.4644,13077200,147108900,6881313600,87223037400,4021.6277,4040.281,4010.4004,4025.6109
104512000,4016.9127,14030100,174539200,6895343700,87397576600,4021.6277,4040.281,4010.4004,4025.6109
104517000,4017.3078,12883500,152444000,6908227200,87550020600,4021.6277,4040.281,4010.4004,4025.6109
104522000,4018.3694,14791600,173131600,6923018800,87723152200,4021.6277,4040.281,4010.4004,4025.6109
104527000,4018.3652,9891500,126582400,6932910300,87849734600,4021.6277,4040.281,4010.4004,4025.6109
104532000,4018.9647,9163700,103121000,6942074000,87952855600,4021.6277,4040.281,4010.4004,4025.6109
104537000,4019.4185,10103700,102754700,6952177700,88055610300,4021.6277,4040.281,4010.4004,4025.6109
104542000,4019.2521,7879400,89740200,6960057100,88145350500,4021.6277,4040.281,4010.4004,4025.6109
104547000,4019.1226,6714900,71536000,6966772000,88216886500,4021.6277,4040.281,4010.4004,4025.6109
104552000,4019.9146,7030900,93232100,6973802900,88310118600,4021.6277,4040.281,4010.4004,4025.6109
104557000,4019.6725,5825200,64088200,6979628100,88374206800,4021.6277,4040.281,4010.4004,4025.6109
104602000,4020.2425,6255000,71371300,6985883100,88445578100,4021.6277,4040.281,4010.4004,4025.6109
104607000,4020.422,7214300,77617300,6993097400,88523195400,4021.6277,4040.281,4010.4004,4025.6109
104612000,4020.2133,4222200,64164000,6997319600,88587359400,4021.6277,4040.281,4010.4004,4025.6109
104617000,4019.6095,5064300,59977000,7002383900,88647336400,4021.6277,4040.281,4010.4004,4025.6109
104622000,4019.5228,5295000,66221800,7007678900,88713558200,4021.6277,4040.281,4010.4004,4025.6109
104627000,4019.471,3955300,51181500,7011634200,88764739700,4021.6277,4040.281,4010.4004,4025.6109
104632000,4019.0953,4922700,65899700,7016556900,88830639400,4021.6277,4040.281,4010.4004,4025.6109
104637000,4018.9338,5130000,63705500,7021686900,88894344900,4021.6277,4040.281,4010.4004,4025.6109
104642000,4019.0175,4892300,61368500,7026579200,88955713400,4021.6277,4040.281,4010.4004,4025.6109
104647000,4019.2673,4834100,51625200,7031413300,89007338600,4021.6277,4040.281,4010.4004,4025.6109
104652000,4018.9351,4713000,61868000,7036126300,89069206600,4021.6277,4040.281,4010.4004,4025.6109
104657000,4019.1189,4361000,48351200,7040487300,89117557800,4021.6277,4040.281,4010.4004,4025.6109
104702000,4019.2463,4210100,53647200,7044697400,89171205000,4021.6277,4040.281,4010.4004,4025.6109
104707000,4018.6294,3842800,45805500,7048540200,89217010500,4021.6277,4040.281,4010.4004,4025.6109
104712000,4018.6227,3917600,54717100,7052457800,89271727600,4021.6277,4040.281,4010.4004,4025.6109
104717000,4018.9632,3937600,39995800,7056395400,89311723400,4021.6277,4040.281,4010.4004,4025.6109
104722000,4018.8075,4990700,61689100,7061386100,89373412500,4021.6277,4040.281,4010.4004,4025.6109
104727000,4018.856,3266800,43259000,7064652900,89416671500,4021.6277,4040.281,4010.4004,4025.6109
104732000,4018.5885,4156300,50337500,7068809200,89467009000,4021.6277,4040.281,4010.4004,4025.6109
104737000,4018.1456,4095500,42693000,7072904700,89509702000,4021.6277,4040.281,4010.4004,4025.6109
104742000,4017.8788,4262300,48724200,7077167000,89558426200,4021.6277,4040.281,4010.4004,4025.6109
104747000,4017.8019,2714100,33742400,7079881100,89592168600,4021.6277,4040.281,4010.4004,4025.6109
104752000,4017.8844,4684400,60658900,7084565500,89652827500,4021.6277,4040.281,4010.4004,4025.6109
104757000,4017.8065,4545600,49648100,7089111100,89702475600,4021.6277,4040.281,4010.4004,4025.6109
104802000,4017.857,3967100,45564000,7093078200,89748039600,4021.6277,4040.281,4010.4004,4025.6109
104807000,4017.3791,3902900,51976900,7096981100,89800016500,4021.6277,4040.281,4010.4004,4025.6109
104812000,4017.6083,2484500,34762400,7099465600,89834778900,4021.6277,4040.281,4010.4004,4025.6109
104817000,4018.1433,3286300,38297000,7102751900,89873075900,4021.6277,4040.281,4010.4004,4025.6109
104822000,4018.9258,4932100,59147800,7107684000,89932223700,4021.6277,4040.281,4010.4004,4025.6109
104827000,4018.0106,3916100,43806100,7111600100,89976029800,4021.6277,4040.281,4010.4004,4025.6109
104832000,4018.0693,5511300,72775400,7117111400,90048805200,4021.6277,4040.281,4010.4004,4025.6109
104837000,4017.8269,4360400,63321900,7121471800,90112127100,4021.6277,4040.281,4010.4004,4025.6109
104842000,4017.9939,3690700,54391800,7125162500,90166518900,4021.6277,4040.281,4010.4004,4025.6109
104847000,4017.9688,2588700,33406000,7127751200,90199924900,4021.6277,4040.281,4010.4004,4025.6109
104852000,4018.5882,5569700,64208600,7133320900,90264133500,4021.6277,4040.281,4010.4004,4025.6109
104857000,4020.0245,4525700,59287200,7137846600,90323420700,4021.6277,4040.281,4010.4004,4025.6109
104902000,4021.179,7866000,96940600,7145712600,90420361300,4021.6277,4040.281,4010.4004,4025.6109
104907000,4020.64,5100700,61689600,7150813300,90482050900,4021.6277,4040.281,4010.4004,4025.6109
104912000,4020.2327,3573200,48891500,7154386500,90530942400,4021.6277,4040.281,4010.4004,4025.6109
104917000,4020.4968,3556500,42455000,7157943000,90573397400,4021.6277,4040.281,4010.4004,4025.6109
104922000,4020.4032,4551000,60877600,7162494000,90634275000,4021.6277,4040.281,4010.4004,4025.6109
104927000,4020.1856,2857300,37498900,7165351300,90671773900,4021.6277,4040.281,4010.4004,4025.6109
104932000,4019.8271,3753600,54083800,7169104900,90725857700,4021.6277,4040.281,4010.4004,4025.6109
104937000,4019.962,4707500,47802600,7173812400,90773660300,4021.6277,4040.281,4010.4004,4025.6109
104942000,4019.5908,3942300,49850400,7177754700,90823510700,4021.6277,4040.281,4010.4004,4025.6109
104947000,4019.7589,3862300,40955500,7181617000,90864466200,4021.6277,4040.281,4010.4004,4025.6109
104952000,4019.7105,3815700,55240500,7185432700,90919706700,4021.6277,4040.281,4010.4004,4025.6109
104957000,4019.9195,4565000,59442900,7189997700,90979149600,4021.6277,4040.281,4010.4004,4025.6109
105002000,4019.6026,5030700,60590300,7195028400,91039739900,4021.6277,4040.281,4010.4004,4025.6109
105007000,4019.6995,3751300,49532700,7198779700,91089272600,4021.6277,4040.281,4010.4004,4025.6109
105012000,4019.1636,4752600,55558300,7203532300,91144830900,4021.6277,4040.281,4010.4004,4025.6109
105017000,4019.6653,2719700,35406900,7206252000,91180237800,4021.6277,4040.281,4010.4004,4025.6109
105022000,4019.4226,5676700,69208700,7211928700,91249446500,4021.6277,4040.281,4010.4004,4025.6109
105027000,4019.0984,2822200,42702700,7214750900,91292149200,4021.6277,4040.281,4010.4004,4025.6109
105032000,4019.056,5575000,70799700,7220325900,91362948900,4021.6277,4040.281,4010.4004,4025.6109
105037000,4019.0122,4777900,61090300,7225103800,91424039200,4021.6277,4040.281,4010.4004,4025.6109
105042000,4019.2438,3299500,46137900,7228403300,91470177100,4021.6277,4040.281,4010.4004,4025.6109
105047000,4019.7836,3052500,40892500,7231455800,91511069600,4021.6277,4040.281,4010.4004,4025.6109
105052000,4019.8374,4749700,66086300,7236205500,91577155900,4021.6277,4040.281,4010.4004,4025.6109
105057000,4019.5828,3038400,44033900,7239243900,91621189800,4021.6277,4040.281,4010.4004,4025.6109
105102000,4019.4232,4573900,61438600,7243817800,91682628400,4021.6277,4040.281,4010.4004,4025.6109
105107000,4019.6684,3477900,48974000,7247295700,91731602400,4021.6277,4040.281,4010.4004,4025.6109
105112000,4019.0982,2892600,38642800,7250188300,91770245200,4021.6277,4040.281,4010.4004,4025.6109
105117000,4018.8232,2633900,36576300,7252822200,91806821500,4021.6277,4040.281,4010.4004,4025.6109
105122000,4019.2683,4905000,68097500,7257727200,91874919000,4021.6277,4040.281,4010.4004,4025.6109
105127000,4018.2754,3248500,40804100,7260975700,91915723100,4021.6277,4040.281,4010.4004,4025.6109
105132000,4018.1561,3511300,47929100,7264487000,91963652200,4021.6277,4040.281,4010.4004,4025.6109
105137000,4018.3402,3464700,42063500,7267951700,92005715700,4021.6277,4040.281,4010.4004,4025.6109
105142000,4017.9322,3561900,44635100,7271513600,92050350800,4021.6277,4040.281,4010.4004,4025.6109
105147000,4017.6691,3410000,34481800,7274923600,92084832600,4021.6277,4040.281,4010.4004,4025.6109
105152000,4017.6226,4299600,59608500,7279223200,92144441100,4021.6277,4040.281,4010.4004,4025.6109
105157000,4017.3118,2902500,42132700,7282125700,92186573800,4021.6277,4040.281,4010.4004,4025.6109
105202000,4017.2348,3202100,42821300,7285327800,92229395100,4021.6277,4040.281,4010.4004,4025.6109
105207000,4016.927,3418700,42853600,7288746500,92272248700,4021.6277,4040.281,4010.4004,4025.6109
105212000,4016.6962,3465500,47360900,7292212000,92319609600,4021.6277,4040.281,4010.4004,4025.6109
105217000,4016.6865,3023100,39523800,7295235100,92359133400,4021.6277,4040.281,4010.4004,4025.6109
105222000,4016.4175,3679900,56061600,7298915000,92415195000,4021.6277,4040.281,4010.4004,4025.6109
105227000,4016.412,2554800,35082500,7301469800,92450277500,4021.6277,4040.281,4010.4004,4025.6109
105232000,4016.4774,3059200,45925400,7304529000,92496202900,4021.6277,4040.281,4010.4004,4025.6109
105237000,4015.9146,4019400,50402000,7308548400,92546604900,4021.6277,4040.281,4010.4004,4025.6109
105242000,4015.5563,3879200,50992200,7312427600,92597597100,4021.6277,4040.281,4010.4004,4025.6109
105247000,4015.9696,3490300,43622300,7315917900,92641219400,4021.6277,4040.281,4010.4004,4025.6109
105252000,4015.3334,4140400,52467900,7320058300,92693687300,4021.6277,4040.281,4010.4004,4025.6109
105257000,4015.8715,4596900,54858200,7324655200,92748545500,4021.6277,4040.281,4010.4004,4025.6109
105302000,4015.2469,5284700,54477600,7329939900,92803023100,4021.6277,4040.281,4010.4004,4025.6109
105307000,4014.7479,4461700,47972500,7334401600,92850995600,4021.6277,4040.281,4010.4004,4025.6109
105312000,4014.8448,5098500,58281400,7339500100,92909277000,4021.6277,4040.281,4010.4004,4025.6109
105317000,4014.5958,3766000,41173900,7343266100,92950450900,4021.6277,4040.281,4010.4004,4025.6109
105322000,4014.8853,5568200,73835900,7348834300,93024286800,4021.6277,4040.281,4010.4004,4025.6109
105327000,4014.1997,4279500,70413700,7353113800,93094700500,4021.6277,4040.281,4010.4004,4025.6109
105332000,4014.4718,4493600,62032400,7357607400,93156732900,4021.6277,4040.281,4010.4004,4025.6109
105337000,4014.7797,4338700,51482100,7361946100,93208215000,4021.6277,4040.281,4010.4004,4025.6109
105342000,4013.8752,3554500,44395900,7365500600,93252610900,4021.6277,4040.281,4010.4004,4025.6109
105347000,4013.5553,3560900,43529700,7369061500,93296140600,4021.6277,4040.281,4010.4004,4025.6109
105352000,4013.1632,5051800,58065900,7374113300,93354206500,4021.6277,4040.281,4010.4004,4025.6109
105357000,4013.0247,4013100,56386900,7378126400,93410593400,4021.6277,4040.281,4010.4004,4025.6109
105402000,4012.7516,5131700,68868900,7383258100,93479462300,4021.6277,4040.281,4010.4004,4025.6109
105407000,4011.9453,9018400,92835200,7392276500,93572297500,4021.6277,4040.281,4010.4004,4025.6109
105412000,4011.5533,3825200,58809600,7396101700,93631107100,4021.6277,4040.281,4010.4004,4025.6109
105417000,4011.5795,5078900,51629100,7401180600,93682736200,4021.6277,4040.281,4010.4004,4025.6109
105422000,4012.0754,5095400,69466400,7406276000,93752202600,4021.6277,4040.281,4010.4004,4025.6109
105427000,4011.3722,4441900,56271900,7410717900,93808474500,4021.6277,4040.281,4010.4004,4025.6109
105432000,4011.323,5608900,61159400,7416326800,93869633900,4021.6277,4040.281,4010.4004,4025.6109
105437000,4011.1375,5837600,65243400,7422164400,93934877300,4021.6277,4040.281,4010.4004,4025.6109
105442000,4010.4134,5971800,66612300,7428136200,94001489600,4021.6277,4040.281,4010.4004,4025.6109
105447000,4010.4032,6224000,63771000,7434360200,94065260600,4021.6277,4040.281,4010.4004,4025.6109
105452000,4009.803,7422000,78194600,7441782200,94143455200,4021.6277,4040.281,4009.803,4025.6109
105457000,4009.7224,9114900,75027300,7450897100,94218482500,4021.6277,4040.281,4009.7224,4025.6109
105502000,4008.9506,8319900,103846200,7459217000,94322328700,4021.6277,4040.281,4008.9506,4025.6109
105507000,4008.5344,9241800,88363800,7468458800,94410692500,4021.6277,4040.281,4008.4796,4025.6109
105512000,4007.8671,6168700,80471600,7474627500,94491164100,4021.6277,4040.281,4007.8671,4025.6109
105517000,4008.3133,7030900,67711600,7481658400,94558875700,4021.6277,4040.281,4007.8671,4025.6109
105522000,4008.4302,9345900,92333200,7491004300,94651208900,4021.6277,4040.281,4007.8671,4025.6109
105527000,4007.0956,6243000,66269400,7497247300,94717478300,4021.6277,4040.281,4007.0956,4025.6109
105532000,4007.3732,5350800,60653700,7502598100,94778132000,4021.6277,4040.281,4006.9265,4025.6109
105537000,4006.5958,7597000,81654100,7510195100,94859786100,4021.6277,4040.281,4006.5958,4025.6109
105542000,4006.6671,5682100,63924300,7515877200,94923710400,4021.6277,4040.281,4006.5367,4025.6109
105547000,4006.2037,5834700,57839000,7521711900,94981549400,4021.6277,4040.281,4006.2037,4025.6109
105552000,4005.6733,8501500,98501700,7530213400,95080051100,4021.6277,4040.281,4005.6733,4025.6109
105557000,4005.3946,7859800,86659600,7538073200,95166710700,4021.6277,4040.281,4005.3946,4025.6109
105602000,4005.7351,10356000,104815300,7548429200,95271526000,4021.6277,4040.281,4005.2832,4025.6109
105607000,4005.9907,8117700,99129900,7556546900,95370655900,4021.6277,4040.281,4005.2832,4025.6109
105612000,4006.9447,8305900,111717200,7564852800,95482373100,4021.6277,4040.281,4005.2832,4025.6109
105617000,4008.0416,9517400,106568000,7574370200,95588941100,4021.6277,4040.281,4005.2832,4025.6109
105622000,4010.4446,16705400,210697000,7591075600,95799638100,4021.6277,4040.281,4005.2832,4025.6109
105627000,4011.8905,10149100,145581900,7601224700,95945220000,4021.6277,4040.281,4005.2832,4025.6109
105632000,4012.1634,9432400,118820200,7610657100,96064040200,4021.6277,4040.281,4005.2832,4025.6109
105637000,4011.9599,10049300,122196100,7620706400,96186236300,4021.6277,4040.281,4005.2832,4025.6109
105642000,4012.2197,5823900,84546500,7626530300,96270782800,4021.6277,4040.281,4005.2832,4025.6109
105647000,4012.396,5465600,58618700,7631995900,96329401500,4021.6277,4040.281,4005.2832,4025.6109
105652000,4012.2059,4567800,64419900,7636563700,96393821400,4021.6277,4040.281,4005.2832,4025.6109
105657000,4012.156,4677600,59018600,7641241300,96452840000,4021.6277,4040.281,4005.2832,4025.6109
105702000,4012.3666,4415600,55981800,7645656900,96508821800,4021.6277,4040.281,4005.2832,4025.6109
105707000,4012.1069,4700900,57883600,7650357800,96566705400,4021.6277,4040.281,4005.2832,4025.6109
105712000,4012.3156,3900500,51528500,7654258300,96618233900,4021.6277,4040.281,4005.2832,4025.6109
105717000,4012.4932,4428800,44479200,7658687100,96662713100,4021.6277,4040.281,4005.2832,4025.6109
105722000,4013.0987,4969000,67588100,7663656100,96730301200,4021.6277,4040.281,4005.2832,4025.6109
105727000,4012.6025,4029000,53679500,7667685100,96783980700,4021.6277,4040.281,4005.2832,4025.6109
105732000,4012.2864,4862700,55908700,7672547800,96839889400,4021.6277,4040.281,4005.2832,4025.6109
105737000,4012.3989,3934900,43343200,7676482700,96883232600,4021.6277,4040.281,4005.2832,4025.6109
105742000,4012.2679,3735000,49704900,7680217700,96932937500,4021.6277,4040.281,4005.2832,4025.6109
105747000,4012.1812,3153100,40213900,7683370800,96973151400,4021.6277,4040.281,4005.2832,4025.6109
105752000,4012.2025,4476900,59236400,7687847700,97032387800,4021.6277,4040.281,4005.2832,4025.6109
105757000,4012.242,3907000,45423500,7691754700,97077811300,4021.6277,4040.281,4005.2832,4025.6109
105802000,4012.2484,3486600,46630900,7695241300,97124442200,4021.6277,4040.281,4005.2832,4025.6109
105807000,4012.0171,3470700,50525400,7698712000,97174967600,4021.6277,4040.281,4005.2832,4025.6109
105812000,4011.9719,3558400,47416800,7702270400,97222384400,4021.6277,4040.281,4005.2832,4025.6109
105817000,4012.5036,2681400,34086300,7704951800,97256470700,4021.6277,4040.281,4005.2832,4025.6109
105822000,4012.2676,3803700,59165100,7708755500,97315635800,4021.6277,4040.281,4005.2832,4025.6109
105827000,4011.6819,3128200,43367400,7711883700,97359003200,4021.6277,4040.281,4005.2832,4025.6109
105832000,4011.3195,3253100,43924200,7715136800,97402927400,4021.6277,4040.281,4005.2832,4025.6109
105837000,4011.4348,3418000,45597600,7718554800,97448525000,4021.6277,4040.281,4005.2832,4025.6109
105842000,4010.9868,3715600,40186800,7722270400,97488711800,4021.6277,4040.281,4005.2832,4025.6109
105847000,4010.7963,3214200,39141300,7725484600,97527853100,4021.6277,4040.281,4005.2832,4025.6109
105852000,4010.9394,4451300,51213600,7729935900,97579066700,4021.6277,4040.281,4005.2832,4025.6109
105857000,4010.5059,3352400,45139100,7733288300,97624205800,4021.6277,4040.281,4005.2832,4025.6109
105902000,4010.4472,2664100,34003200,7735952400,97658209000,4021.6277,4040.281,4005.2832,4025.6109
105907000,4010.42,2826100,39129600,7738778500,97697338600,4021.6277,4040.281,4005.2832,4025.6109
105912000,4010.0774,2960500,46435200,7741739000,97743773800,4021.6277,4040.281,4005.2832,4025.6109
105917000,4010.2573,4158500,42107500,7745897500,97785881300,4021.6277,4040.281,4005.2832,4025.6109
105922000,4009.8144,5195900,62350700,7751093400,97848232000,4021.6277,4040.281,4005.2832,4025.6109
105927000,4009.602,3460200,51188500,7754553600,97899420500,4021.6277,4040.281,4005.2832,4025.6109
105932000,4009.189,3094100,40455200,7757647700,97939875700,4021.6277,4040.281,4005.2832,4025.6109
105937000,4009.2371,4411700,46112700,7762059400,97985988400,4021.6277,4040.281,4005.2832,4025.6109
105942000,4009.2057,4188400,46167100,7766247800,98032155500,4021.6277,4040.281,4005.2832,4025.6109
105947000,4008.8156,3088400,42179700,7769336200,98074335200,4021.6277,4040.281,4005.2832,4025.6109
105952000,4009.0381,4655400,65296700,7773991600,98139631900,4021.6277,4040.281,4005.2832,4025.6109
105957000,4008.6596,4296600,54839000,7778288200,98194470900,4021.6277,4040.281,4005.2832,4025.6109
110002000,4008.4369,4007500,48617900,7782295700,98243088800,4021.6277,4040.281,4005.2832,4025.6109
110007000,4008.2176,3833600,52853500,7786129300,98295942300,4021.6277,4040.281,4005.2832,4025.6109
110012000,4007.9864,4309200,61671700,7790438500,98357614000,4021.6277,4040.281,4005.2832,4025.6109
110017000,4008.3747,4616400,47094100,7795054900,98404708100,4021.6277,4040.281,4005.2832,4025.6109
110022000,4009.6842,7104100,104251200,7802159000,98508959300,4021.6277,4040.281,4005.2832,4025.6109
110027000,4011.3281,7712900,79966800,7809871900,98588926100,4021.6277,4040.281,4005.2832,4025.6109
110032000,4012.3241,5451000,74813800,7815322900,98663739900,4021.6277,4040.281,4005.2832,4025.6109
110037000,4012.0205,4721700,57088200,7820044600,98720828100,4021.6277,4040.281,4005.2832,4025.6109
110042000,4012.3937,4642900,64193200,7824687500,98785021300,4021.6277,4040.281,4005.2832,4025.6109
110047000,4012.3726,4334100,50825500,7829021600,98835846800,4021.6277,4040.281,4005.2832,4025.6109
110052000,4012.5244,4385000,63245100,7833406600,98899091900,4021.6277,4040.281,4005.2832,4025.6109
110057000,4012.6379,2863500,40485300,7836270100,98939577200,4021.6277,4040.281,4005.2832,4025.6109
110102000,4012.7794,4354400,59455200,7840624500,98999032400,4021.6277,4040.281,4005.2832,4025.6109
110107000,4012.4807,3127000,42984900,7843751500,99042017300,4021.6277,4040.281,4005.2832,4025.6109
110112000,4012.4612,2749300,39204300,7846500800,99081221600,4021.6277,4040.281,4005.2832,4025.6109
110117000,4012.879,3123200,37555900,7849624000,99118777500,4021.6277,4040.281,4005.2832,4025.6109
110122000,4012.8582,4406500,53783000,7854030500,99172560500,4021.6277,4040.281,4005.2832,4025.6109
110127000,4012.5922,4358700,50195500,7858389200,99222756000,4021.6277,4040.281,4005.2832,4025.6109
110132000,4012.071,3802000,39503200,7862191200,99262259200,4021.6277,4040.281,4005.2832,4025.6109
110137000,4011.6806,3739000,49415500,7865930200,99311674700,4021.6277,4040.281,4005.2832,4025.6109
110142000,4010.5529,3912600,57093400,7869842800,99368768100,4021.6277,4040.281,4005.2832,4025.6109
110147000,4009.121,7136300,87066900,7876979100,99455835000,4021.6277,4040.281,4005.2832,4025.6109
110152000,4007.3679,10863100,148688100,7887842200,99604523100,4021.6277,4040.281,4005.2832,4025.6109
110157000,4006.5398,7692800,111585900,7895535000,99716109000,4021.6277,4040.281,4005.2832,4025.6109
110202000,4006.6099,4591900,69215800,7900126900,99785324800,4021.6277,4040.281,4005.2832,4025.6109
110207000,4006.4885,3766400,53611800,7903893300,99838936600,4021.6277,4040.281,4005.2832,4025.6109
110212000,4006.5912,3423400,53390400,7907316700,99892327000,4021.6277,4040.281,4005.2832,4025.6109
110217000,4006.7645,5018700,50861500,7912335400,99943188500,4021.6277,4040.281,4005.2832,4025.6109
110222000,4008.4955,5586500,71850500,7917921900,100015039000,4021.6277,4040.281,4005.2832,4025.6109
110227000,4008.7791,4923600,75130200,7922845500,100090169200,4021.6277,4040.281,4005.2832,4025.6109
110232000,4009.2387,4182600,65788800,7927028100,100155958000,4021.6277,4040.281,4005.2832,4025.6109
110237000,4009.7363,3924000,51773400,7930952100,100207731400,4021.6277,4040.281,4005.2832,4025.6109
110242000,4009.9556,3654300,46119800,7934606400,100253851200,4021.6277,4040.281,4005.2832,4025.6109
110247000,4010.2015,3693500,41590400,7938299900,100295441600,4021.6277,4040.281,4005.2832,4025.6109
110252000,4010.037,3501200,49055300,7941801100,100344496900,4021.6277,4040.281,4005.2832,4025.6109
110257000,4009.4873,2630100,33993500,7944431200,100378490400,4021.6277,4040.281,4005.2832,4025.6109
110302000,4009.7853,3716700,44541600,7948147900,100423032000,4021.6277,4040.281,4005.2832,4025.6109
110307000,4009.5413,2660000,37721900,7950807900,100460753900,4021.6277,4040.281,4005.2832,4025.6109
110312000,4009.6728,3185800,52295500,7953993700,100513049400,4021.6277,4040.281,4005.2832,4025.6109
110317000,4010.5144,3223900,43347500,7957217600,100556396900,4021.6277,4040.281,4005.2832,4025.6109
110322000,4010.1558,4298200,56615500,7961515800,100613012400,4021.6277,4040.281,4005.2832,4025.6109
110327000,4010.0531,2728800,41835600,7964244600,100654848000,4021.6277,4040.281,4005.2832,4025.6109
110332000,4009.8207,4295700,64108700,7968540300,100718956700,4021.6277,4040.281,4005.2832,4025.6109
110337000,4010.0339,3290500,44179900,7971830800,100763136600,4021.6277,4040.281,4005.2832,4025.6109
110342000,4010.4709,3108900,48646000,7974939700,100811782600,4021.6277,4040.281,4005.2832,4025.6109
110347000,4010.2333,2680000,39923800,7977619700,100851706400,4021.6277,4040.281,4005.2832,4025.6109
110352000,4010.5209,3810200,55791400,7981429900,100907497800,4021.6277,4040.281,4005.2832,4025.6109
110357000,4010.8471,3247200,53662300,7984677100,100961160100,4021.6277,4040.281,4005.2832,4025.6109
110402000,4010.8278,4335000,56167300,7989012100,101017327400,4021.6277,4040.281,4005.2832,4025.6109
110407000,4011.3096,3920900,52406900,7992933000,101069734300,4021.6277,4040.281,4005.2832,4025.6109
110412000,4011.3454,3715500,47753800,7996648500,101117488100,4021.6277,4040.281,4005.2832,4025.6109
110417000,4011.4318,3967400,44445700,8000615900,101161933800,4021.6277,4040.281,4005.2832,4025.6109
110422000,4011.5577,3292900,43052400,8003908800,101204986200,4021.6277,4040.281,4005.2832,4025.6109
110427000,4011.5308,2751500,40938400,8006660300,101245924600,4021.6277,4040.281,4005.2832,4025.6109
110432000,4011.9356,3811900,42797100,8010472200,101288721700,4021.6277,4040.281,4005.2832,4025.6109
110437000,4012.8313,4482000,57303600,8014954200,101346025300,4021.6277,4040.281,4005.2832,4025.6109
110442000,4013.5335,3471500,52861900,8018425700,101398887200,4021.6277,4040.281,4005.2832,4025.6109
110447000,4014.6485,7343400,92995600,8025769100,101491882800,4021.6277,4040.281,4005.2832,4025.6109
110452000,4016.64,10139500,130041300,8035908600,101621924100,4021.6277,4040.281,4005.2832,4025.6109
110457000,4017.0283,6200100,89456200,8042108700,101711380300,4021.6277,4040.281,4005.2832,4025.6109
110502000,4017.2095,5590900,75114800,8047699600,101786495100,4021.6277,4040.281,4005.2832,4025.6109
110507000,4018.0003,4982500,58706500,8052682100,101845201600,4021.6277,4040.281,4005.2832,4025.6109
110512000,4017.4938,4606000,52981900,8057288100,101898183500,4021.6277,4040.281,4005.2832,4025.6109
110517000,4017.6932,4035700,40789600,8061323800,101938973100,4021.6277,4040.281,4005.2832,4025.6109
110522000,4017.6241,5518400,58583100,8066842200,101997556200,4021.6277,4040.281,4005.2832,4025.6109
110527000,4017.1307,4281200,45662100,8071123400,102043218300,4021.6277,4040.281,4005.2832,4025.6109
110532000,4017.2183,4528800,47042900,8075652200,102090261200,4021.6277,4040.281,4005.2832,4025.6109
110537000,4017.5076,4995800,49770900,8080648000,102140032100,4021.6277,4040.281,4005.2832,4025.6109
110542000,4017.611,2961800,37504700,8083609800,102177536800,4021.6277,4040.281,4005.2832,4025.6109
110547000,4017.9049,4170100,40792700,8087779900,102218329500,4021.6277,4040.281,4005.2832,4025.6109
110552000,4017.3214,4880600,56097300,8092660500,102274426800,4021.6277,4040.281,4005.2832,4025.6109
110557000,4017.5722,3063300,42451500,8095723800,102316878300,4021.6277,4040.281,4005.2832,4025.6109
110602000,4017.9867,3140600,41704000,8098864400,102358582300,4021.6277,4040.281,4005.2832,4025.6109
110607000,4018.0664,2874300,33321100,8101738700,102391903400,4021.6277,4040.281,4005.2832,4025.6109
110612000,4017.9475,2514100,35820200,8104252800,102427723600,4021.6277,4040.281,4005.2832,4025.6109
110617000,4017.7454,2927100,39208500,8107179900,102466932100,4021.6277,4040.281,4005.2832,4025.6109
110622000,4017.2161,3469500,53051000,8110649400,102519983100,4021.6277,4040.281,4005.2832,4025.6109
110627000,4018.1614,2912300,40211700,8113561700,102560194800,4021.6277,4040.281,4005.2832,4025.6109
110632000,4018.0477,3219800,41050200,8116781500,102601245000,4021.6277,4040.281,4005.2832,4025.6109
110637000,4018.075,4083800,41695800,8120865300,102642940800,4021.6277,4040.281,4005.2832,4025.6109
110642000,4018.0265,2764600,40233900,8123629900,102683174700,4021.6277,4040.281,4005.2832,4025.6109
110647000,4017.8766,2597200,36279700,8126227100,102719454400,4021.6277,4040.281,4005.2832,4025.6109
110652000,4017.9712,3831400,54651900,8130058500,102774106300,4021.6277,4040.281,4005.2832,4025.6109
110657000,4017.4456,2720900,41183400,8132779400,102815289700,4021.6277,4040.281,4005.2832,4025.6109
110702000,4017.5423,3802200,59300400,8136581600,102874590100,4021.6277,4040.281,4005.2832,4025.6109
110707000,4017.894,2726500,40618500,8139308100,102915208600,4021.6277,4040.281,4005.2832,4025.6109
110712000,4018.2618,2450700,40042500,8141758800,102955251100,4021.6277,4040.281,4005.2832,4025.6109
110717000,4018.4582,2275700,30273000,8144034500,102985524100,4021.6277,4040.281,4005.2832,4025.6109
110722000,4018.4076,3075400,40934200,8147109900,103026458300,4021.6277,4040.281,4005.2832,4025.6109
110727000,4018.5946,2477700,31227800,8149587600,103057686100,4021.6277,4040.281,4005.2832,4025.6109
110732000,4018.5361,3485300,40330100,8153072900,103098016200,4021.6277,4040.281,4005.2832,4025.6109
110737000,4018.352,2956000,36000600,8156028900,103134016800,4021.6277,4040.281,4005.2832,4025.6109
110742000,4018.6501,2172700,36224900,8158201600,103170241700,4021.6277,4040.281,4005.2832,4025.6109
110747000,4018.3855,2178400,33556000,8160380000,103203797700,4021.6277,4040.281,4005.2832,4025.6109
110752000,4018.4501,2408100,36384000,8162788100,103240181700,4021.6277,4040.281,4005.2832,4025.6109
110757000,4018.2059,2291200,32040400,8165079300,103272222100,4021.6277,4040.281,4005.2832,4025.6109
110802000,4018.2683,2675200,36009900,8167754500,103308232000,4021.6277,4040.281,4005.2832,4025.6109
110807000,4018.4445,2066300,28013400,8169820800,103336245400,4021.6277,4040.281,4005.2832,4025.6109
110812000,4018.003,2386800,32253300,8172207600,103368498700,4021.6277,4040.281,4005.2832,4025.6109
110817000,4018.4631,3136800,36312500,8175344400,103404811200,4021.6277,4040.281,4005.2832,4025.6109
110822000,4018.0904,3183200,40401400,8178527600,103445212600,4021.6277,4040.281,4005.2832,4025.6109
110827000,4018.2031,2039100,32276800,8180566700,103477489400,4021.6277,4040.281,4005.2832,4025.6109
110832000,4017.9282,3462900,39082500,8184029600,103516571900,4021.6277,4040.281,4005.2832,4025.6109
110837000,4017.6127,4059700,43440300,8188089300,103560012200,4021.6277,4040.281,4005.2832,4025.6109
110842000,4017.0924,3258300,45541400,8191347600,103605553600,4021.6277,4040.281,4005.2832,4025.6109
110847000,4017.038,2264200,27484100,8193611800,103633037700,4021.6277,4040.281,4005.2832,4025.6109
110852000,4017.5177,3366200,43597800,8196978000,103676635500,4021.6277,4040.281,4005.2832,4025.6109
110857000,4017.303,2311200,32793900,8199289200,103709429400,4021.6277,4040.281,4005.2832,4025.6109
110902000,4017.0085,3258400,42792500,8202547600,103752221900,4021.6277,4040.281,4005.2832,4025.6109
110907000,4016.8429,4316600,42696600,8206864200,103794918500,4021.6277,4040.281,4005.2832,4025.6109
110912000,4016.0407,3159400,42882600,8210023600,103837801100,4021.6277,4040.281,4005.2832,4025.6109
110917000,4016.4647,2130100,27697700,8212153700,103865498800,4021.6277,4040.281,4005.2832,4025.6109
110922000,4015.8941,2987700,37979500,8215141400,103903478300,4021.6277,4040.281,4005.2832,4025.6109
110927000,4015.7416,1807800,26087600,8216949200,103929565900,4021.6277,4040.281,4005.2832,4025.6109
110932000,4015.8826,2621600,33284800,8219570800,103962850700,4021.6277,4040.281,4005.2832,4025.6109
110937000,4015.7232,2850800,32450200,8222421600,103995300900,4021.6277,4040.281,4005.2832,4025.6109
110942000,4015.2287,2072000,28358700,8224493600,104023659600,4021.6277,4040.281,4005.2832,4025.6109
110947000,4015.3427,2832500,30468600,8227326100,104054128200,4021.6277,4040.281,4005.2832,4025.6109
110952000,4015.3917,2867900,36308000,8230194000,104090436200,4021.6277,4040.281,4005.2832,4025.6109
110957000,4015.4522,1956600,22692400,8232150600,104113128600,4021.6277,4040.281,4005.2832,4025.6109
111002000,4015.7503,3261500,43307100,8235412100,104156435700,4021.6277,4040.281,4005.2832,4025.6109
111007000,4016.6066,3041100,40382200,8238453200,104196817900,4021.6277,4040.281,4005.2832,4025.6109
111012000,4016.3029,1900800,33105900,8240354000,104229923800,4021.6277,4040.281,4005.2832,4025.6109
111017000,4017.4226,2804700,36810500,8243158700,104266734300,4021.6277,4040.281,4005.2832,4025.6109
111022000,4017.0905,2825700,40086600,8245984400,104306820900,4021.6277,4040.281,4005.2832,4025.6109
111027000,4017.1263,2569800,34746600,8248554200,104341567500,4021.6277,4040.281,4005.2832,4025.6109
111032000,4017.1442,2642200,35554400,8251196400,104377121900,4021.6277,4040.281,4005.2832,4025.6109
111037000,4016.9825,2109700,28562500,8253306100,104405684400,4021.6277,4040.281,4005.2832,4025.6109
111042000,4016.8586,1860200,24557800,8255166300,104430242200,4021.6277,4040.281,4005.2832,4025.6109
111047000,4016.749,1842900,22127100,8257009200,104452369300,4021.6277,4040.281,4005.2832,4025.6109
111052000,4016.7727,2636500,54330900,8259645700,104506700200,4021.6277,4040.281,4005.2832,4025.6109
111057000,4016.7681,1438200,22305300,8261083900,104529005500,4021.6277,4040.281,4005.2832,4025.6109
111102000,4016.6513,2445600,30558100,8263529500,104559563600,4021.6277,4040.281,4005.2832,4025.6109
111107000,4016.2289,1956500,26338000,8265486000,104585901600,4021.6277,4040.281,4005.2832,4025.6109
111112000,4016.3403,1876800,25507600,8267362800,104611409200,4021.6277,4040.281,4005.2832,4025.6109
111117000,4015.3928,1727900,23223700,8269090700,104634632900,4021.6277,4040.281,4005.2832,4025.6109
111122000,4015.4368,3552600,47405800,8272643300,104682038700,4021.6277,4040.281,4005.2832,4025.6109
111127000,4015.5679,2782600,34578600,8275425900,104716617300,4021.6277,4040.281,4005.2832,4025.6109
111132000,4015.0759,3038800,36617400,8278464700,104753234700,4021.6277,4040.281,4005.2832,4025.6109
111137000,4014.9835,4511100,37121400,8282975800,104790356100,4021.6277,4040.281,4005.2832,4025.6109
111142000,4014.6393,2805000,42519700,8285780800,104832875800,4021.6277,4040.281,4005.2832,4025.6109
111147000,4014.2123,2776300,31292100,8288557100,104864167900,4021.6277,4040.281,4005.2832,4025.6109
111152000,4013.753,3224300,41186700,8291781400,104905354600,4021.6277,4040.281,4005.2832,4025.6109
111157000,4014.19,2318500,36514400,8294099900,104941869000,4021.6277,4040.281,4005.2832,4025.6109
111202000,4014.107,3230100,38081900,8297330000,104979950900,4021.6277,4040.281,4005.2832,4025.6109
111207000,4014.076,2734100,43600100,8300064100,105023551000,4021.6277,4040.281,4005.2832,4025.6109
111212000,4013.8336,1847400,28791700,8301911500,105052342700,4021.6277,4040.281,4005.2832,4025.6109
111217000,4013.7838,1922000,25701300,8303833500,105078044000,4021.6277,4040.281,4005.2832,4025.6109
111222000,4013.6339,4382100,47783900,8308215600,105125827900,4021.6277,4040.281,4005.2832,4025.6109
111227000,4013.6702,4263100,75679600,8312478700,105201507500,4021.6277,4040.281,4005.2832,4025.6109
111232000,4013.5603,1942400,26298200,8314421100,105227805700,4021.6277,4040.281,4005.2832,4025.6109
111237000,4013.03,2146800,27800000,8316567900,105255605700,4021.6277,4040.281,4005.2832,4025.6109
111242000,4012.9385,2250800,27502900,8318818700,105283108600,4021.6277,4040.281,4005.2832,4025.6109
111247000,4012.5777,2229800,27912400,8321048500,105311021000,4021.6277,4040.281,4005.2832,4025.6109
111252000,4012.0615,4018600,54313400,8325067100,105365334400,4021.6277,4040.281,4005.2832,4025.6109
111257000,4012.409,2802800,46835700,8327869900,105412170100,4021.6277,4040.281,4005.2832,4025.6109
111302000,4012.225,2480100,44755800,8330350000,105456925900,4021.6277,4040.281,4005.2832,4025.6109
111307000,4012.0297,2104800,31207700,8332454800,105488133600,4021.6277,4040.281,4005.2832,4025.6109
111312000,4011.9382,2147400,31918900,8334602200,105520052500,4021.6277,4040.281,4005.2832,4025.6109
111317000,4011.4632,2006800,31032100,8336609000,105551084600,4021.6277,4040.281,4005.2832,4025.6109
111322000,4011.8395,3228000,42086600,8339837000,105593171200,4021.6277,4040.281,4005.2832,4025.6109
111327000,4011.6599,2566700,39905500,8342403700,105633076700,4021.6277,4040.281,4005.2832,4025.6109
111332000,4011.3853,4357000,52621800,8346760700,105685698500,4021.6277,4040.281,4005.2832,4025.6109
111337000,4011.0294,3107000,36344500,8349867700,105722043000,4021.6277,4040.281,4005.2832,4025.6109
111342000,4010.5192,3391500,46441800,8353259200,105768484800,4021.6277,4040.281,4005.2832,4025.6109
111347000,4009.828,5660000,67516900,8358919200,105836001700,4021.6277,4040.281,4005.2832,4025.6109
111352000,4009.0647,6455400,87573100,8365374600,105923574800,4021.6277,4040.281,4005.2832,4025.6109
111357000,4008.6453,6842300,80662600,8372216900,106004237400,4021.6277,4040.281,4005.2832,4025.6109
111402000,4008.3446,4792800,64967600,8377009700,106069205000,4021.6277,4040.281,4005.2832,4025.6109
111407000,4008.4482,4294700,51460900,8381304400,106120665900,4021.6277,4040.281,4005.2832,4025.6109
111412000,4008.1974,2776100,42960200,8384080500,106163626100,4021.6277,4040.281,4005.2832,4025.6109
111417000,4008.1759,2949000,35832400,8387029500,106199458500,4021.6277,4040.281,4005.2832,4025.6109
111422000,4008.0524,4740300,56566700,8391769800,106256025200,4021.6277,4040.281,4005.2832,4025.6109
111427000,4007.8838,2435800,38358100,8394205600,106294383300,4021.6277,4040.281,4005.2832,4025.6109
111432000,4007.5825,3530000,43733900,8397735600,106338117200,4021.6277,4040.281,4005.2832,4025.6109
111437000,4007.3047,3521400,42079200,8401257000,106380196400,4021.6277,4040.281,4005.2832,4025.6109
111442000,4007.8449,2866100,45627900,8404123100,106425824300,4021.6277,4040.281,4005.2832,4025.6109
111447000,4007.3727,2895600,31806900,8407018700,106457631200,4021.6277,4040.281,4005.2832,4025.6109
111452000,4007.2945,3428800,42604700,8410447500,106500235900,4021.6277,4040.281,4005.2832,4025.6109
111457000,4007.1255,2822600,52804100,8413270100,106553040000,4021.6277,4040.281,4005.2832,4025.6109
111502000,4007.4677,3878500,46567600,8417148600,106599607600,4021.6277,4040.281,4005.2832,4025.6109
111507000,4007.7317,3798700,47888800,8420947300,106647496400,4021.6277,4040.281,4005.2832,4025.6109
111512000,4006.9331,3091400,40592400,8424038700,106688088800,4021.6277,4040.281,4005.2832,4025.6109
111517000,4007.1145,2443200,30519100,8426481900,106718607900,4021.6277,4040.281,4005.2832,4025.6109
111522000,4007.1929,3338600,48606500,8429820500,106767214400,4021.6277,4040.281,4005.2832,4025.6109
111527000,4007.3383,2458300,34723100,8432278800,106801937500,4021.6277,4040.281,4005.2832,4025.6109
111532000,4007.6013,3621000,45967900,8435899800,106847905400,4021.6277,4040.281,4005.2832,4025.6109
111537000,4007.5078,4559700,51658900,8440459500,106899564300,4021.6277,4040.281,4005.2832,4025.6109
111542000,4007.8904,2741700,42973800,8443201200,106942538100,4021.6277,4040.281,4005.2832,4025.6109
111547000,4007.7603,2575500,31755700,8445776700,106974293800,4021.6277,4040.281,4005.2832,4025.6109
111552000,4007.6866,3944300,49648700,8449721000,107023942500,4021.6277,4040.281,4005.2832,4025.6109
111557000,4007.7755,2796900,45664300,8452517900,107069606800,4021.6277,4040.281,4005.2832,4025.6109
111602000,4007.6062,4054200,53799600,8456572100,107123406400,4021.6277,4040.281,4005.2832,4025.6109
111607000,4007.5384,3262300,41654200,8459834400,107165060600,4021.6277,4040.281,4005.2832,4025.6109
111612000,4007.6341,2550400,39762900,8462384800,107204823500,4021.6277,4040.281,4005.2832,4025.6109
111617000,4007.4859,2831100,30914700,8465215900,107235738200,4021.6277,4040.281,4005.2832,4025.6109
111622000,4007.5677,3705900,53899900,8468921800,107289638100,4021.6277,4040.281,4005.2832,4025.6109
111627000,4007.9085,3203000,40578300,8472124800,107330216400,4021.6277,4040.281,4005.2832,4025.6109
111632000,4007.3057,3311300,45873900,8475436100,107376090300,4021.6277,4040.281,4005.2832,4025.6109
111637000,4009.3084,5159800,62688600,8480595900,107438778900,4021.6277,4040.281,4005.2832,4025.6109
111642000,4010.0901,4826200,68328100,8485422100,107507107000,4021.6277,4040.281,4005.2832,4025.6109
111647000,4011.2784,5661600,76109800,8491083700,107583216800,4021.6277,4040.281,4005.2832,4025.6109
111652000,4013.3102,10180600,138432800,8501264300,107721649600,4021.6277,4040.281,4005.2832,4025.6109
111657000,4014.0913,6763700,93339400,8508028000,107814989000,4021.6277,4040.281,4005.2832,4025.6109
111702000,4015.3569,6986900,90490100,8515014900,107905479100,4021.6277,4040.281,4005.2832,4025.6109
111707000,4014.9774,4393600,57203500,8519408500,107962682600,4021.6277,4040.281,4005.2832,4025.6109
111712000,4014.6099,3975500,56778300,8523384000,108019460900,4021.6277,4040.281,4005.2832,4025.6109
111717000,4014.3978,2113600,30031100,8525497600,108049492000,4021.6277,4040.281,4005.2832,4025.6109
111722000,4014.4371,4358900,56115900,8529856500,108105607900,4021.6277,4040.281,4005.2832,4025.6109
111727000,4014.152,2828400,37366200,8532684900,108142974100,4021.6277,4040.281,4005.2832,4025.6109
111732000,4013.6399,3120800,44085000,8535805700,108187059100,4021.6277,4040.281,4005.2832,4025.6109
111737000,4013.103,3389600,39439000,8539195300,108226498100,4021.6277,4040.281,4005.2832,4025.6109
111742000,4013.2553,2886800,33162100,8542082100,108259660200,4021.6277,4040.281,4005.2832,4025.6109
111747000,4013.2828,2523600,34141800,8544605700,108293802000,4021.6277,4040.281,4005.2832,4025.6109
111752000,4012.3888,4829100,58197800,8549434800,108351999800,4021.6277,4040.281,4005.2832,4025.6109
111757000,4012.5375,2856600,37622200,8552291400,108389622000,4021.6277,4040.281,4005.2832,4025.6109
111802000,4011.8936,2596500,38469500,8554887900,108428091500,4021.6277,4040.281,4005.2832,4025.6109
111807000,4011.8057,2638200,30701800,8557526100,108458793300,4021.6277,4040.281,4005.2832,4025.6109
111812000,4011.9412,2115300,30363900,8559641400,108489157200,4021.6277,4040.281,4005.2832,4025.6109
111817000,4011.4949,3093700,37877700,8562735100,108527034900,4021.6277,4040.281,4005.2832,4025.6109
111822000,4011.274,3264400,40442400,8565999500,108567477300,4021.6277,4040.281,4005.2832,4025.6109
111827000,4011.5473,2539700,36206700,8568539200,108603684000,4021.6277,4040.281,4005.2832,4025.6109
111832000,4010.8158,4029500,39193600,8572568700,108642877600,4021.6277,4040.281,4005.2832,4025.6109
111837000,4011.2238,2105900,29248500,8574674600,108672126100,4021.6277,4040.281,4005.2832,4025.6109
111842000,4010.7644,1756300,28376800,8576430900,108700502900,4021.6277,4040.281,4005.2832,4025.6109
111847000,4010.7237,1905300,25595600,8578336200,108726098500,4021.6277,4040.281,4005.2832,4025.6109
111852000,4010.7922,3655200,41485700,8581991400,108767584200,4021.6277,4040.281,4005.2832,4025.6109
111857000,4010.9035,2012000,25385700,8584003400,108792969900,4021.6277,4040.281,4005.2832,4025.6109
111902000,4010.8493,3649300,39747900,8587652700,108832717800,4021.6277,4040.281,4005.2832,4025.6109
111907000,4010.7378,3356100,40962500,8591008800,108873680300,4021.6277,4040.281,4005.2832,4025.6109
111912000,4010.3712,1863500,25156900,8592872300,108898837200,4021.6277,4040.281,4005.2832,4025.6109
111917000,4009.9874,2268800,30517600,8595141100,108929354800,4021.6277,4040.281,4005.2832,4025.6109
111922000,4010.5432,2661000,38771700,8597802100,108968126500,4021.6277,4040.281,4005.2832,4025.6109
111927000,4010.5645,2507800,33617800,8600309900,109001744300,4021.6277,4040.281,4005.2832,4025.6109
111932000,4010.1684,3718900,42271400,8604028800,109044015700,4021.6277,4040.281,4005.2832,4025.6109
111937000,4010.3907,2595200,37890300,8606624000,109081906000,4021.6277,4040.281,4005.2832,4025.6109
111942000,4010.2786,3045900,35066400,8609669900,109116972400,4021.6277,4040.281,4005.2832,4025.6109
111947000,4010.3669,2774600,30580200,8612444500,109147552600,4021.6277,4040.281,4005.2832,4025.6109
111952000,4010.5048,2987800,41534800,8615432300,109189087400,4021.6277,4040.281,4005.2832,4025.6109
111957000,4010.8586,4302400,42171500,8619734700,109231258900,4021.6277,4040.281,4005.2832,4025.6109
112002000,4010.8406,3252300,34242100,8622987000,109265501000,4021.6277,4040.281,4005.2832,4025.6109
112007000,4011.1137,2931400,39384700,8625918400,109304885700,4021.6277,4040.281,4005.2832,4025.6109
112012000,4012.2911,3004000,43766000,8628922400,109348651700,4021.6277,4040.281,4005.2832,4025.6109
112017000,4013.3091,3383000,42569400,8632305400,109391221100,4021.6277,4040.281,4005.2832,4025.6109
112022000,4015.6344,10796700,117070700,8643102100,109508291800,4021.6277,4040.281,4005.2832,4025.6109
112027000,4017.7049,7792300,97141500,8650894400,109605433300,4021.6277,4040.281,4005.2832,4025.6109
112032000,4016.5991,4493000,63122100,8655387400,109668555400,4021.6277,4040.281,4005.2832,4025.6109
112037000,4016.5953,3109100,46928200,8658496500,109715483600,4021.6277,4040.281,4005.2832,4025.6109
112042000,4016.4708,3440500,48638800,8661937000,109764122400,4021.6277,4040.281,4005.2832,4025.6109
112047000,4016.4361,1877500,27345100,8663814500,109791467500,4021.6277,4040.281,4005.2832,4025.6109
112052000,4016.9463,5212400,60093800,8669026900,109851561300,4021.6277,4040.281,4005.2832,4025.6109
112057000,4016.7191,2695500,42679900,8671722400,109894241200,4021.6277,4040.281,4005.2832,4025.6109
112102000,4016.287,2956100,43224800,8674678500,109937466000,4021.6277,4040.281,4005.2832,4025.6109
112107000,4016.4571,3869800,43223600,8678548300,109980689600,4021.6277,4040.281,4005.2832,4025.6109
112112000,4016.5305,3303300,40542400,8681851600,110021232000,4021.6277,4040.281,4005.2832,4025.6109
112117000,4016.5972,2838800,31933000,8684690400,110053165000,4021.6277,4040.281,4005.2832,4025.6109
112122000,4016.6012,5053700,52298700,8689744100,110105463700,4021.6277,4040.281,4005.2832,4025.6109
112127000,4016.765,3377000,42342300,8693121100,110147806000,4021.6277,4040.281,4005.2832,4025.6109
112132000,4016.0924,3152700,38292100,8696273800,110186098100,4021.6277,4040.281,4005.2832,4025.6109
112137000,4016.1714,3494400,39710300,8699768200,110225808400,4021.6277,4040.281,4005.2832,4025.6109
112142000,4016.3258,4925700,54951100,8704693900,110280759500,4021.6277,4040.281,4005.2832,4025.6109
112147000,4016.5852,3432600,39411400,8708126500,110320170900,4021.6277,4040.281,4005.2832,4025.6109
112152000,4016.5775,4129500,54552400,8712256000,110374723300,4021.6277,4040.281,4005.2832,4025.6109
112157000,4016.6314,2751800,37641400,8715007800,110412364700,4021.6277,4040.281,4005.2832,4025.6109
112202000,4017.0088,3486700,55150600,8718494500,110467515300,4021.6277,4040.281,4005.2832,4025.6109
112207000,4017.2082,3894900,42563700,8722389400,110510079000,4021.6277,4040.281,4005.2832,4025.6109
112212000,4017.3669,3300600,49522400,8725690000,110559601400,4021.6277,4040.281,4005.2832,4025.6109
112217000,4017.3284,3118900,37214600,8728808900,110596816000,4021.6277,4040.281,4005.2832,4025.6109
112222000,4017.2137,3279200,51150800,8732088100,110647966800,4021.6277,4040.281,4005.2832,4025.6109
112227000,4017.4064,3820200,45844000,8735908300,110693810800,4021.6277,4040.281,4005.2832,4025.6109
112232000,4017.262,3289400,41703400,8739197700,110735514200,4021.6277,4040.281,4005.2832,4025.6109
112237000,4017.1123,3589700,47903600,8742787400,110783417800,4021.6277,4040.281,4005.2832,4025.6109
112242000,4017.4127,3776100,44360500,8746563500,110827778300,4021.6277,4040.281,4005.2832,4025.6109
112247000,4017.3234,1905800,28939100,8748469300,110856717400,4021.6277,4040.281,4005.2832,4025.6109
112252000,4017.2901,3585500,47060200,8752054800,110903777600,4021.6277,4040.281,4005.2832,4025.6109
112257000,4017.4233,2358300,33512400,8754413100,110937290000,4021.6277,4040.281,4005.2832,4025.6109
112302000,4017.6249,2827700,32440300,8757240800,110969730300,4021.6277,4040.281,4005.2832,4025.6109
112307000,4017.5839,2711300,36163800,8759952100,111005894100,4021.6277,4040.281,4005.2832,4025.6109
112312000,4017.5348,2381900,37137800,8762334000,111043031900,4021.6277,4040.281,4005.2832,4025.6109
112317000,4017.4419,2251500,30965700,8764585500,111073997600,4021.6277,4040.281,4005.2832,4025.6109
112322000,4017.6723,3357300,47534900,8767942800,111121532500,4021.6277,4040.281,4005.2832,4025.6109
112327000,4017.7579,1879700,30615300,8769822500,111152147800,4021.6277,4040.281,4005.2832,4025.6109
112332000,4017.4302,2658100,36285900,8772480600,111188433700,4021.6277,4040.281,4005.2832,4025.6109
112337000,4017.456,2721300,37181900,8775201900,111225615600,4021.6277,4040.281,4005.2832,4025.6109
112342000,4017.581,2977100,43177900,8778179000,111268793500,4021.6277,4040.281,4005.2832,4025.6109
112347000,4017.3665,2053100,29683600,8780232100,111298477100,4021.6277,4040.281,4005.2832,4025.6109
112352000,4017.6008,2747900,40654200,8782980000,111339131300,4021.6277,4040.281,4005.2832,4025.6109
112357000,4017.6101,2152700,27151400,8785132700,111366282700,4021.6277,4040.281,4005.2832,4025.6109
112402000,4017.9973,2637200,39364100,8787769900,111405646800,4021.6277,4040.281,4005.2832,4025.6109
112407000,4018.1854,2931000,44848800,8790700900,111450495600,4021.6277,4040.281,4005.2832,4025.6109
112412000,4017.851,2770200,37220400,8793471100,111487716000,4021.6277,4040.281,4005.2832,4025.6109
112417000,4018.0086,2291300,30704400,8795762400,111518420400,4021.6277,4040.281,4005.2832,4025.6109
112422000,4017.7758,2682800,41252800,8798445200,111559673200,4021.6277,4040.281,4005.2832,4025.6109
112427000,4018.7454,3367100,45670000,8801812300,111605343200,4021.6277,4040.281,4005.2832,4025.6109
112432000,4018.3503,3876700,48499300,8805689000,111653842500,4021.6277,4040.281,4005.2832,4025.6109
112437000,4018.7603,3110700,38054300,8808799700,111691896800,4021.6277,4040.281,4005.2832,4025.6109
112442000,4019.4168,3543800,46040300,8812343500,111737937100,4021.6277,4040.281,4005.2832,4025.6109
112447000,4020.1058,3963000,50463100,8816306500,111788400200,4021.6277,4040.281,4005.2832,4025.6109
112452000,4020.6884,5115500,68239500,8821422000,111856639700,4021.6277,4040.281,4005.2832,4025.6109
112457000,4020.8591,3215300,42511200,8824637300,111899150900,4021.6277,4040.281,4005.2832,4025.6109
112502000,4020.4787,5479100,56056700,8830116400,111955207600,4021.6277,4040.281,4005.2832,4025.6109
112507000,4020.8829,4524500,46545900,8834640900,112001753500,4021.6277,4040.281,4005.2832,4025.6109
112512000,4020.774,2931000,44183000,8837571900,112045936500,4021.6277,4040.281,4005.2832,4025.6109
112517000,4020.9046,3555600,37204600,8841127500,112083141100,4021.6277,4040.281,4005.2832,4025.6109
112522000,4020.6478,5003900,61771400,8846131400,112144912500,4021.6277,4040.281,4005.2832,4025.6109
112527000,4021.3355,3007100,44062400,8849138500,112188974900,4021.6277,4040.281,4005.2832,4025.6109
112532000,4021.1454,4562500,52994300,8853701000,112241969200,4021.6277,4040.281,4005.2832,4025.6109
112537000,4021.4152,3397700,40658900,8857098700,112282628100,4021.6277,4040.281,4005.2832,4025.6109
112542000,4021.6063,2717800,36011500,8859816500,112318639600,4021.6277,4040.281,4005.2832,4025.6109
112547000,4021.0088,1806000,24759500,8861622500,112343399100,4021.6277,4040.281,4005.2832,4025.6109
112552000,4021.7444,3454800,45939300,8865077300,112389338400,4021.6277,4040.281,4005.2832,4025.6109
112557000,4021.8057,3315600,45282200,8868392900,112434620600,4021.6277,4040.281,4005.2832,4025.6109
112602000,4021.6832,4152300,45211700,8872545200,112479832300,4021.6277,4040.281,4005.2832,4025.6109
112607000,4021.8948,3616600,44726200,8876161800,112524558500,4021.6277,4040.281,4005.2832,4025.6109
112612000,4021.7064,3084100,37368700,8879245900,112561927200,4021.6277,4040.281,4005.2832,4025.6109
112617000,4021.5548,2753400,35225200,8881999300,112597152400,4021.6277,4040.281,4005.2832,4025.6109
112622000,4021.9175,5532000,57596800,8887531300,112654749200,4021.6277,4040.281,4005.2832,4025.6109
112627000,4022.0387,4245800,44177400,8891777100,112698926600,4021.6277,4040.281,4005.2832,4025.6109
112632000,4021.5906,2909000,37239800,8894686100,112736166400,4021.6277,4040.281,4005.2832,4025.6109
112637000,4021.8779,3165100,39205900,8897851200,112775372300,4021.6277,4040.281,4005.2832,4025.6109
112642000,4021.517,3068200,41079900,8900919400,112816452200,4021.6277,4040.281,4005.2832,4025.6109
112647000,4021.822,2250500,26444100,8903169900,112842896300,4021.6277,4040.281,4005.2832,4025.6109
112652000,4021.5333,3616800,48059500,8906786700,112890955800,4021.6277,4040.281,4005.2832,4025.6109
112657000,4021.9355,3138400,44947600,8909925100,112935903400,4021.6277,4040.281,4005.2832,4025.6109
112702000,4021.604,3325700,36066000,8913250800,112971969400,4021.6277,4040.281,4005.2832,4025.6109
112707000,4021.2259,2690700,33820900,8915941500,113005790300,4021.6277,4040.281,4005.2832,4025.6109
112712000,4021.5681,2636900,33286800,8918578400,113039077100,4021.6277,4040.281,4005.2832,4025.6109
112717000,4021.7118,2054300,26069800,8920632700,113065146900,4021.6277,4040.281,4005.2832,4025.6109
112722000,4021.9251,3599700,45666600,8924232400,113110813500,4021.6277,4040.281,4005.2832,4025.6109
112727000,4022.2789,2971500,41933700,8927203900,113152747200,4021.6277,4040.281,4005.2832,4025.6109
112732000,4022.046,2717700,31936500,8929921600,113184683700,4021.6277,4040.281,4005.2832,4025.6109
112737000,4022.176,2643700,31467700,8932565300,113216151400,4021.6277,4040.281,4005.2832,4025.6109
112742000,4022.4855,2097300,31142500,8934662600,113247293900,4021.6277,4040.281,4005.2832,4025.6109
112747000,4022.0337,2080900,24755300,8936743500,113272049200,4021.6277,4040.281,4005.2832,4025.6109
112752000,4021.9824,3754500,46531700,8940498000,113318580900,4021.6277,4040.281,4005.2832,4025.6109
112757000,4021.9224,2710700,33805000,8943208700,113352385900,4021.6277,4040.281,4005.2832,4025.6109
112802000,4021.9687,2493500,35001600,8945702200,113387387500,4021.6277,4040.281,4005.2832,4025.6109
112807000,4021.9901,3320200,35080400,8949022400,113422467900,4021.6277,4040.281,4005.2832,4025.6109
112812000,4021.9155,2091400,28164400,8951113800,113450632300,4021.6277,4040.281,4005.2832,4025.6109
112817000,4021.9369,1910800,24740100,8953024600,113475372400,4021.6277,4040.281,4005.2832,4025.6109
112822000,4022.0858,4821800,56630600,8957846400,113532003000,4021.6277,4040.281,4005.2832,4025.6109
112827000,4022.3729,1840200,30041900,8959686600,113562044900,4021.6277,4040.281,4005.2832,4025.6109
112832000,4022.2628,2814000,34932500,8962500600,113596977400,4021.6277,4040.281,4005.2832,4025.6109
112837000,4022.6936,3644400,44716500,8966145000,113641693900,4021.6277,4040.281,4005.2832,4025.6109
112842000,4022.5836,3468000,52880700,8969613000,113694574600,4021.6277,4040.281,4005.2832,4025.6109
112847000,4022.8174,1846800,25126100,8971459800,113719700700,4021.6277,4040.281,4005.2832,4025.6109
112852000,4022.7755,3393400,54334900,8974853200,113774035600,4021.6277,4040.281,4005.2832,4025.6109
112857000,4022.7472,2429500,40991400,8977282700,113815027000,4021.6277,4040.281,4005.2832,4025.6109
112902000,4022.1874,2882800,37691200,8980165500,113852718200,4021.6277,4040.281,4005.2832,4025.6109
112907000,4022.1973,3199400,43091300,8983364900,113895809500,4021.6277,4040.281,4005.2832,4025.6109
112912000,4022.568,2406400,38055200,8985771300,113933864700,4021.6277,4040.281,4005.2832,4025.6109
112917000,4022.5874,3418400,35958100,8989189700,113969822800,4021.6277,4040.281,4005.2832,4025.6109
112922000,4022.9073,3809300,43512600,8992999000,114013335400,4021.6277,4040.281,4005.2832,4025.6109
112927000,4023.2089,3225700,42421600,8996224700,114055757000,4021.6277,4040.281,4005.2832,4025.6109
112932000,4023.2202,3241200,46088100,8999465900,114101845100,4021.6277,4040.281,4005.2832,4025.6109
112937000,4023.2406,3277300,42870000,9002743200,114144715100,4021.6277,4040.281,4005.2832,4025.6109
112942000,4023.252,2621000,33046000,9005364200,114177761100,4021.6277,4040.281,4005.2832,4025.6109
112947000,4023.0949,2028600,29103900,9007392800,114206865000,4021.6277,4040.281,4005.2832,4025.6109
112952000,4023.2832,3613300,45934700,9011006100,114252799700,4021.6277,4040.281,4005.2832,4025.6109
112957000,4023.3619,2173500,28968100,9013179600,114281767800,4021.6277,4040.281,4005.2832,4025.6109
113002000,4024.1689,3017600,36365200,9016197200,114318133000,4021.6277,4040.281,4005.2832,4025.6109
113007000,4024.2159,63400,1091300,9016260600,114319224300,4021.6277,4040.281,4005.2832,4025.6109
130002000,4024.3008,6052900,67953100,9022313500,114387177400,4021.6277,4040.281,4005.2832,4025.6109
130007000,4025.5544,40073900,517156200,9062387400,114904333600,4021.6277,4040.281,4005.2832,4025.6109
130012000,4026.5305,22332500,245663100,9084719900,115149996700,4021.6277,4040.281,4005.2832,4025.6109
130017000,4027.0518,7938700,92414100,9092658600,115242410800,4021.6277,4040.281,4005.2832,4025.6109
130022000,4027.0715,6440200,78508400,9099098800,115320919200,4021.6277,4040.281,4005.2832,4025.6109
130027000,4027.145,5999800,79320900,9105098600,115400240100,4021.6277,4040.281,4005.2832,4025.6109
130032000,4027.5715,4100300,55795000,9109198900,115456035100,4021.6277,4040.281,4005.2832,4025.6109
130037000,4027.7886,2659700,34024200,9111858600,115490059300,4021.6277,4040.281,4005.2832,4025.6109
130042000,4027.3731,4934600,65487700,9116793200,115555547000,4021.6277,4040.281,4005.2832,4025.6109
130047000,4027.3754,3050900,38366700,9119844100,115593913700,4021.6277,4040.281,4005.2832,4025.6109
130052000,4027.1104,3636200,54836200,9123480300,115648749900,4021.6277,4040.281,4005.2832,4025.6109
130057000,4026.7751,4238400,61927200,9127718700,115710677100,4021.6277,4040.281,4005.2832,4025.6109
130102000,4026.0465,4227000,70600500,9131945700,115781277600,4021.6277,4040.281,4005.2832,4025.6109
130107000,4026.5374,3006900,45855000,9134952600,115827132600,4021.6277,4040.281,4005.2832,4025.6109
130112000,4025.6958,4422200,52184600,9139374800,115879317200,4021.6277,4040.281,4005.2832,4025.6109
130117000,4025.7485,2806300,39966300,9142181100,115919283500,4021.6277,4040.281,4005.2832,4025.6109
130122000,4025.6268,3092700,45770400,9145273800,115965053900,4021.6277,4040.281,4005.2832,4025.6109
130127000,4025.4804,2521200,49674100,9147795000,116014728000,4021.6277,4040.281,4005.2832,4025.6109
130132000,4026.5501,2791000,48051000,9150586000,116062779000,4021.6277,4040.281,4005.2832,4025.6109
130137000,4026.2014,4017500,39765300,9154603500,116102544300,4021.6277,4040.281,4005.2832,4025.6109
130142000,4026.0966,3504100,57142700,9158107600,116159687000,4021.6277,4040.281,4005.2832,4025.6109
130147000,4025.8166,2686100,37982700,9160793700,116197669700,4021.6277,4040.281,4005.2832,4025.6109
130152000,4025.5027,3099600,38020700,9163893300,116235690400,4021.6277,4040.281,4005.2832,4025.6109
130157000,4025.1331,2984100,48901100,9166877400,116284591500,4021.6277,4040.281,4005.2832,4025.6109
130202000,4024.7816,3007800,45553600,9169885200,116330145100,4021.6277,4040.281,4005.2832,4025.6109
130207000,4024.7525,2336400,34726900,9172221600,116364872000,4021.6277,4040.281,4005.2832,4025.6109
130212000,4025.0862,2588900,42696900,9174810500,116407568900,4021.6277,4040.281,4005.2832,4025.6109
130217000,4024.8836,1687900,23677400,9176498400,116431246300,4021.6277,4040.281,4005.2832,4025.6109
130222000,4024.4963,2341100,31495800,9178839500,116462742100,4021.6277,4040.281,4005.2832,4025.6109
130227000,4023.8617,3832300,52673400,9182671800,116515415500,4021.6277,4040.281,4005.2832,4025.6109
130232000,4023.7691,2610200,43224700,9185282000,116558640200,4021.6277,4040.281,4005.2832,4025.6109
130237000,4024.0573,1798700,24647800,9187080700,116583288000,4021.6277,4040.281,4005.2832,4025.6109
130242000,4023.8105,2733000,38914300,9189813700,116622202300,4021.6277,4040.281,4005.2832,4025.6109
130247000,4023.825,1829600,26309900,9191643300,116648512200,4021.6277,4040.281,4005.2832,4025.6109
130252000,4023.6878,2269400,29527200,9193912700,116678039400,4021.6277,4040.281,4005.2832,4025.6109
130257000,4024.2473,2969700,42494000,9196882400,116720533400,4021.6277,4040.281,4005.2832,4025.6109
130302000,4023.8971,2342300,33014800,9199224700,116753548200,4021.6277,4040.281,4005.2832,4025.6109
130307000,4023.3952,1903300,24941700,9201128000,116778489900,4021.6277,4040.281,4005.2832,4025.6109
130312000,4023.8775,2766500,38347600,9203894500,116816837500,4021.6277,4040.281,4005.2832,4025.6109
130317000,4023.2717,1952000,30201700,9205846500,116847039200,4021.6277,4040.281,4005.2832,4025.6109
130322000,4023.4106,2349400,34232800,9208195900,116881272000,4021.6277,4040.281,4005.2832,4025.6109
130327000,4023.7383,2251400,34607300,9210447300,116915879300,4021.6277,4040.281,4005.2832,4025.6109
130332000,4023.8746,3356600,41764200,9213803900,116957643500,4021.6277,4040.281,4005.2832,4025.6109
130337000,4024.098,1638100,26151800,9215442000,116983795300,4021.6277,4040.281,4005.2832,4025.6109
130342000,4023.3517,2415000,37355600,9217857000,117021150900,4021.6277,4040.281,4005.2832,4025.6109
130347000,4023.6773,2371900,33123800,9220228900,117054274700,4021.6277,4040.281,4005.2832,4025.6109
130352000,4023.7093,1915600,37138500,9222144500,117091413200,4021.6277,4040.281,4005.2832,4025.6109
130357000,4023.5835,3368500,48013700,9225513000,117139426900,4021.6277,4040.281,4005.2832,4025.6109
130402000,4023.5572,1950600,31678000,9227463600,117171104900,4021.6277,4040.281,4005.2832,4025.6109
130407000,4023.4384,2001100,34809800,9229464700,117205914700,4021.6277,4040.281,4005.2832,4025.6109
130412000,4024.0788,3068800,47947300,9232533500,117253862000,4021.6277,4040.281,4005.2832,4025.6109
130417000,4023.8023,2212900,32573900,9234746400,117286435900,4021.6277,4040.281,4005.2832,4025.6109
130422000,4023.6603,1751000,28046300,9236497400,117314482200,4021.6277,4040.281,4005.2832,4025.6109
130427000,4023.381,2550200,37041800,9239047600,117351524000,4021.6277,4040.281,4005.2832,4025.6109
130432000,4023.5225,2083100,31305200,9241130700,117382829200,4021.6277,4040.281,4005.2832,4025.6109
130437000,4023.7754,1791700,32840800,9242922400,117415670000,4021.6277,4040.281,4005.2832,4025.6109
130442000,4023.4707,2892000,46576300,9245814400,117462246300,4021.6277,4040.281,4005.2832,4025.6109
130447000,4023.4234,3007700,38841000,9248822100,117501087300,4021.6277,4040.281,4005.2832,4025.6109
130452000,4023.8244,2423300,33157100,9251245400,117534244400,4021.6277,4040.281,4005.2832,4025.6109
130457000,4024.0155,3231500,41701500,9254476900,117575945900,4021.6277,4040.281,4005.2832,4025.6109
130502000,4023.4847,2269600,38407600,9256746500,117614353500,4021.6277,4040.281,4005.2832,4025.6109
130507000,4023.6051,1715500,25096000,9258462000,117639449500,4021.6277,4040.281,4005.2832,4025.6109
130512000,4023.9497,2567400,43120400,9261029400,117682569900,4021.6277,4040.281,4005.2832,4025.6109
130517000,4023.6709,1767800,30548600,9262797200,117713118500,4021.6277,4040.281,4005.2832,4025.6109
130522000,4024.1831,2118200,36528800,9264915400,117749647300,4021.6277,4040.281,4005.2832,4025.6109
130527000,4024.3933,4590900,66586000,9269506300,117816233300,4021.6277,4040.281,4005.2832,4025.6109
130532000,4024.0608,3244300,45861000,9272750600,117862094300,4021.6277,4040.281,4005.2832,4025.6109
130537000,4024.6516,1724000,27110500,9274474600,117889204800,4021.6277,4040.281,4005.2832,4025.6109
130542000,4024.6346,2284400,40102100,9276759000,117929306900,4021.6277,4040.281,4005.2832,4025.6109
130547000,4024.3895,1960800,25399600,9278719800,117954706500,4021.6277,4040.281,4005.2832,4025.6109
130552000,4024.233,1786700,34704900,9280506500,117989411400,4021.6277,4040.281,4005.2832,4025.6109
130557000,4024.0785,2309500,35351000,9282816000,118024762400,4021.6277,4040.281,4005.2832,4025.6109
130602000,4024.3026,2474200,40221100,9285290200,118064983500,4021.6277,4040.281,4005.2832,4025.6109
130607000,4024.3851,2025200,35008200,9287315400,118099991700,4021.6277,4040.281,4005.2832,4025.6109
130612000,4025.2171,2730100,53663900,9290045500,118153655600,4021.6277,4040.281,4005.2832,4025.6109
130617000,4025.3019,2959400,39993700,9293004900,118193649300,4021.6277,4040.281,4005.2832,4025.6109
130622000,4024.9884,2107300,32345500,9295112200,118225994800,4021.6277,4040.281,4005.2832,4025.6109
130627000,4025.1436,2557300,39539000,9297669500,118265533800,4021.6277,4040.281,4005.2832,4025.6109
130632000,4025.4666,2651800,41226500,9300321300,118306760300,4021.6277,4040.281,4005.2832,4025.6109
130637000,4025.324,1801200,25050900,9302122500,118331811200,4021.6277,4040.281,4005.2832,4025.6109
130642000,4025.4891,2681100,42268000,9304803600,118374079200,4021.6277,4040.281,4005.2832,4025.6109
130647000,4025.5122,2103500,30855800,9306907100,118404935000,4021.6277,4040.281,4005.2832,4025.6109
130652000,4025.9917,2275200,40579900,9309182300,118445514900,4021.6277,4040.281,4005.2832,4025.6109
130657000,4025.8532,2890500,47500300,9312072800,118493015200,4021.6277,4040.281,4005.2832,4025.6109
130702000,4025.6554,3006200,42746000,9315079000,118535761200,4021.6277,4040.281,4005.2832,4025.6109
130707000,4025.8152,1913100,35226700,9316992100,118570987900,4021.6277,4040.281,4005.2832,4025.6109
130712000,4025.7503,2293700,35742700,9319285800,118606730600,4021.6277,4040.281,4005.2832,4025.6109
130717000,4025.4768,2391300,38888900,9321677100,118645619500,4021.6277,4040.281,4005.2832,4025.6109
130722000,4025.7934,2357200,39661800,9324034300,118685281300,4021.6277,4040.281,4005.2832,4025.6109
130727000,4025.3428,2024600,36007100,9326058900,118721288400,4021.6277,4040.281,4005.2832,4025.6109
130732000,4025.9099,3683600,45696000,9329742500,118766984400,4021.6277,4040.281,4005.2832,4025.6109
130737000,4025.5027,2197200,38419900,9331939700,118805404300,4021.6277,4040.281,4005.2832,4025.6109
130742000,4025.249,2478100,38145200,9334417800,118843549500,4021.6277,4040.281,4005.2832,4025.6109
130747000,4025.128,1827800,29289100,9336245600,118872838600,4021.6277,4040.281,4005.2832,4025.6109
130752000,4024.8685,1947400,33943100,9338193000,118906781700,4021.6277,4040.281,4005.2832,4025.6109
130757000,4024.7562,3165900,41371000,9341358900,118948152700,4021.6277,4040.281,4005.2832,4025.6109
130802000,4024.6353,1996600,38548500,9343355500,118986701200,4021.6277,4040.281,4005.2832,4025.6109
130807000,4024.3609,1777200,27109100,9345132700,119013810300,4021.6277,4040.281,4005.2832,4025.6109
130812000,4024.9352,2609300,35646400,9347742000,119049456700,4021.6277,4040.281,4005.2832,4025.6109
130817000,4024.5016,2567200,32850800,9350309200,119082307500,4021.6277,4040.281,4005.2832,4025.6109
130822000,4024.6501,2328800,38896700,9352638000,119121204200,4021.6277,4040.281,4005.2832,4025.6109
130827000,4024.0408,2769500,39475300,9355407500,119160679500,4021.6277,4040.281,4005.2832,4025.6109
130832000,4024.0412,3396000,43606100,9358803500,119204285600,4021.6277,4040.281,4005.2832,4025.6109
130837000,4023.8737,1534900,20936200,9360338400,119225221800,4021.6277,4040.281,4005.2832,4025.6109
130842000,4023.9607,2716200,39235200,9363054600,119264457000,4021.6277,4040.281,4005.2832,4025.6109
130847000,4023.7829,2886200,35724000,9365940800,119300181000,4021.6277,4040.281,4005.2832,4025.6109
130852000,4023.6531,2471300,43106200,9368412100,119343287200,4021.6277,4040.281,4005.2832,4025.6109
130857000,4023.484,4003500,57253000,9372415600,119400540200,4021.6277,4040.281,4005.2832,4025.6109
130902000,4022.8926,2460900,43618900,9374876500,119444159100,4021.6277,4040.281,4005.2832,4025.6109
130907000,4022.8088,2568800,33172000,9377445300,119477331100,4021.6277,4040.281,4005.2832,4025.6109
130912000,4022.7388,2791900,44865700,9380237200,119522196800,4021.6277,4040.281,4005.2832,4025.6109
130917000,4022.6894,2370800,28895600,9382608000,119551092400,4021.6277,4040.281,4005.2832,4025.6109
130922000,4022.4121,2104800,37249500,9384712800,119588341900,4021.6277,4040.281,4005.2832,4025.6109
130927000,4022.2691,3422900,44618600,9388135700,119632960500,4021.6277,4040.281,4005.2832,4025.6109
130932000,4022.8189,3290100,49818400,9391425800,119682778900,4021.6277,4040.281,4005.2832,4025.6109
130937000,4022.667,2218300,28659700,9393644100,119711438600,4021.6277,4040.281,4005.2832,4025.6109
130942000,4022.4562,3825000,45417500,9397469100,119756856100,4021.6277,4040.281,4005.2832,4025.6109
130947000,4021.7699,2245900,27686400,9399715000,119784542500,4021.6277,4040.281,4005.2832,4025.6109
130952000,4021.9332,3661200,48319900,9403376200,119832862400,4021.6277,4040.281,4005.2832,4025.6109
130957000,4021.9146,3213400,40905500,9406589600,119873767900,4021.6277,4040.281,4005.2832,4025.6109
131002000,4021.9406,2692200,38478200,9409281800,119912246100,4021.6277,4040.281,4005.2832,4025.6109
131007000,4021.6502,2274200,32951500,9411556000,119945197600,4021.6277,4040.281,4005.2832,4025.6109
131012000,4022.1661,3195100,51011900,9414751100,119996209500,4021.6277,4040.281,4005.2832,4025.6109
131017000,4022.0774,2059900,33880400,9416811000,120030089900,4021.6277,4040.281,4005.2832,4025.6109
131022000,4022.2292,2981900,65160300,9419792900,120095250200,4021.6277,4040.281,4005.2832,4025.6109
131027000,4021.996,2811800,44944000,9422604700,120140194200,4021.6277,4040.281,4005.2832,4025.6109
131032000,4022.8615,4558100,56136100,9427162800,120196330300,4021.6277,4040.281,4005.2832,4025.6109
131037000,4023.7509,2638700,40901200,9429801500,120237231500,4021.6277,4040.281,4005.2832,4025.6109
131042000,4024.9377,7119000,79348900,9436920500,120316580400,4021.6277,4040.281,4005.2832,4025.6109
131047000,4025.3734,3303500,44061400,9440224000,120360641800,4021.6277,4040.281,4005.2832,4025.6109
131052000,4024.7286,3990200,50951600,9444214200,120411593400,4021.6277,4040.281,4005.2832,4025.6109
131057000,4024.8846,4202600,51189300,9448416800,120462782700,4021.6277,4040.281,4005.2832,4025.6109
131102000,4024.7644,3189900,40132900,9451606700,120502915600,4021.6277,4040.281,4005.2832,4025.6109
131107000,4024.5862,2404600,32068100,9454011300,120534983700,4021.6277,4040.281,4005.2832,4025.6109
131112000,4025.0496,3998600,52329600,9458009900,120587313300,4021.6277,4040.281,4005.2832,4025.6109
131117000,4025.1637,2085200,29635000,9460095100,120616948300,4021.6277,4040.281,4005.2832,4025.6109
131122000,4025.2075,2145500,35289000,9462240600,120652237300,4021.6277,4040.281,4005.2832,4025.6109
131127000,4024.6986,3189800,45229800,9465430400,120697467100,4021.6277,4040.281,4005.2832,4025.6109
131132000,4025.6331,2871500,40496500,9468301900,120737963600,4021.6277,4040.281,4005.2832,4025.6109
131137000,4025.3668,1706400,25632800,9470008300,120763596400,4021.6277,4040.281,4005.2832,4025.6109
131142000,4025.0375,2399100,36788000,9472407400,120800384400,4021.6277,4040.281,4005.2832,4025.6109
131147000,4024.5544,2142400,32220400,9474549800,120832604800,4021.6277,4040.281,4005.2832,4025.6109
131152000,4024.5448,3108400,53218200,9477658200,120885823000,4021.6277,4040.281,4005.2832,4025.6109
131157000,4024.4474,2740900,61029100,9480399100,120946852100,4021.6277,4040.281,4005.2832,4025.6109
131202000,4024.2828,3749400,47308800,9484148500,120994160900,4021.6277,4040.281,4005.2832,4025.6109
131207000,4024.15,1964100,27510000,9486112600,121021670900,4021.6277,4040.281,4005.2832,4025.6109
131212000,4024.8075,3165800,45710300,9489278400,121067381200,4021.6277,4040.281,4005.2832,4025.6109
131217000,4024.6169,3007300,32960900,9492285700,121100342100,4021.6277,4040.281,4005.2832,4025.6109
131222000,4024.6709,2214300,31234500,9494500000,121131576600,4021.6277,4040.281,4005.2832,4025.6109
131227000,4024.7582,2117300,33892300,9496617300,121165468900,4021.6277,4040.281,4005.2832,4025.6109
131232000,4024.9866,2554000,35499100,9499171300,121200968000,4021.6277,4040.281,4005.2832,4025.6109
131237000,4025.0815,1371900,22072300,9500543200,121223040300,4021.6277,4040.281,4005.2832,4025.6109
131242000,4024.997,2580900,47770700,9503124100,121270811000,4021.6277,4040.281,4005.2832,4025.6109
131247000,4024.9855,1789900,24801500,9504914000,121295612500,4021.6277,4040.281,4005.2832,4025.6109
131252000,4025.2086,2418200,33251200,9507332200,121328863700,4021.6277,4040.281,4005.2832,4025.6109
131257000,4025.7413,2188100,40338000,9509520300,121369201700,4021.6277,4040.281,4005.2832,4025.6109
131302000,4025.6867,2188500,37380300,9511708800,121406582000,4021.6277,4040.281,4005.2832,4025.6109
131307000,4025.442,3017400,54271700,9514726200,121460853700,4021.6277,4040.281,4005.2832,4025.6109
131312000,4025.6653,3556500,52404700,9518282700,121513258400,4021.6277,4040.281,4005.2832,4025.6109
131317000,4025.4216,2499700,62579000,9520782400,121575837400,4021.6277,4040.281,4005.2832,4025.6109
131322000,4025.7598,2318200,61221800,9523100600,121637059200,4021.6277,4040.281,4005.2832,4025.6109
131327000,4025.9101,2408500,55375900,9525509100,121692435100,4021.6277,4040.281,4005.2832,4025.6109
131332000,4026.3222,2890500,47520200,9528399600,121739955300,4021.6277,4040.281,4005.2832,4025.6109
131337000,4026.6446,1697300,32691600,9530096900,121772646900,4021.6277,4040.281,4005.2832,4025.6109
131342000,4026.3075,2832300,47352100,9532929200,121819999000,4021.6277,4040.281,4005.2832,4025.6109
131347000,4025.7686,2318400,46907800,9535247600,121866906800,4021.6277,4040.281,4005.2832,4025.6109
131352000,4025.8378,2259600,42429100,9537507200,121909335900,4021.6277,4040.281,4005.2832,4025.6109
131357000,4025.4473,2728200,49927300,9540235400,121959263200,4021.6277,4040.281,4005.2832,4025.6109
131402000,4025.66,3542100,50079300,9543777500,122009342500,4021.6277,4040.281,4005.2832,4025.6109
131407000,4025.5789,1730700,26499800,9545508200,122035842300,4021.6277,4040.281,4005.2832,4025.6109
131412000,4026.0999,2527500,41564200,9548035700,122077406500,4021.6277,4040.281,4005.2832,4025.6109
131417000,4025.5707,1849500,29173900,9549885200,122106580400,4021.6277,4040.281,4005.2832,4025.6109
131422000,4025.5953,2464700,35745900,9552349900,122142326300,4021.6277,4040.281,4005.2832,4025.6109
131427000,4025.9735,2386900,36755800,9554736800,122179082100,4021.6277,4040.281,4005.2832,4025.6109
131432000,4025.8228,2296300,37090400,9557033100,122216172500,4021.6277,4040.281,4005.2832,4025.6109
131437000,4026.0716,1444700,22911600,9558477800,122239084100,4021.6277,4040.281,4005.2832,4025.6109
131442000,4025.8753,3937400,49792800,9562415200,122288876900,4021.6277,4040.281,4005.2832,4025.6109
131447000,4025.9444,2015700,30648800,9564430900,122319525700,4021.6277,4040.281,4005.2832,4025.6109
131452000,4025.8289,1905100,31000800,9566336000,122350526500,4021.6277,4040.281,4005.2832,4025.6109
131457000,4026.0885,2671100,35024600,9569007100,122385551100,4021.6277,4040.281,4005.2832,4025.6109
131502000,4026.2756,2875000,39759600,9571882100,122425310700,4021.6277,4040.281,4005.2832,4025.6109
131507000,4025.7567,1502400,25916500,9573384500,122451227200,4021.6277,4040.281,4005.2832,4025.6109
131512000,4025.9944,4395700,52896900,9577780200,122504124100,4021.6277,4040.281,4005.2832,4025.6109
131517000,4026.3934,3254700,43881200,9581034900,122548005300,4021.6277,4040.281,4005.2832,4025.6109
131522000,4025.8786,4825300,51484300,9585860200,122599489600,4021.6277,4040.281,4005.2832,4025.6109
131527000,4026.1758,4115400,57312900,9589975600,122656802500,4021.6277,4040.281,4005.2832,4025.6109
131532000,4026.641,2216400,31954600,9592192000,122688757100,4021.6277,4040.281,4005.2832,4025.6109
131537000,4026.5579,2385700,31497800,9594577700,122720254900,4021.6277,4040.281,4005.2832,4025.6109
131542000,4026.211,3754800,48135900,9598332500,122768390800,4021.6277,4040.281,4005.2832,4025.6109
131547000,4025.8321,2952700,36194300,9601285200,122804585100,4021.6277,4040.281,4005.2832,4025.6109
131552000,4026.203,2300100,43185100,9603585300,122847770200,4021.6277,4040.281,4005.2832,4025.6109
131557000,4026.4904,6471200,71447900,9610056500,122919218100,4021.6277,4040.281,4005.2832,4025.6109
131602000,4025.983,4873300,57020300,9614929800,122976238400,4021.6277,4040.281,4005.2832,4025.6109
131607000,4025.8874,3061300,36537000,9617991100,123012775400,4021.6277,4040.281,4005.2832,4025.6109
131612000,4025.9542,4594700,59750600,9622585800,123072526000,4021.6277,4040.281,4005.2832,4025.6109
131617000,4025.5818,2338800,36347400,9624924600,123108873400,4021.6277,4040.281,4005.2832,4025.6109
131622000,4025.4738,4833600,67253500,9629758200,123176126900,4021.6277,4040.281,4005.2832,4025.6109
131627000,4025.4641,4544700,52307600,9634302900,123228434500,4021.6277,4040.281,4005.2832,4025.6109
131632000,4025.3562,3011200,48729000,9637314100,123277163500,4021.6277,4040.281,4005.2832,4025.6109
131637000,4025.5378,1287700,20773700,9638601800,123297937200,4021.6277,4040.281,4005.2832,4025.6109
131642000,4025.1105,3130700,45408400,9641732500,123343345600,4021.6277,4040.281,4005.2832,4025.6109
131647000,4025.2588,1605100,26485200,9643337600,123369830800,4021.6277,4040.281,4005.2832,4025.6109
131652000,4025.0165,2978600,45073300,9646316200,123414904100,4021.6277,4040.281,4005.2832,4025.6109
131657000,4025.1324,3133500,48857700,9649449700,123463761800,4021.6277,4040.281,4005.2832,4025.6109
131702000,4025.1294,3452400,56389300,9652902100,123520151100,4021.6277,4040.281,4005.2832,4025.6109
131707000,4025.3396,1989100,34825500,9654891200,123554976600,4021.6277,4040.281,4005.2832,4025.6109
131712000,4024.604,2594200,48915900,9657485400,123603892500,4021.6277,4040.281,4005.2832,4025.6109
131717000,4024.4628,2288100,34207400,9659773500,123638099900,4021.6277,4040.281,4005.2832,4025.6109
131722000,4024.4518,2719100,39414100,9662492600,123677514000,4021.6277,4040.281,4005.2832,4025.6109
131727000,4024.3497,3025700,45454900,9665518300,123722968900,4021.6277,4040.281,4005.2832,4025.6109
131732000,4025.03,2309300,34628300,9667827600,123757597200,4021.6277,4040.281,4005.2832,4025.6109
131737000,4024.7114,2199200,28862200,9670026800,123786459400,4021.6277,4040.281,4005.2832,4025.6109
131742000,4024.8988,3225900,44353100,9673252700,123830812500,4021.6277,4040.281,4005.2832,4025.6109
131747000,4024.7926,4883800,44805500,9678136500,123875618000,4021.6277,4040.281,4005.2832,4025.6109
131752000,4024.0489,2900900,40189900,9681037400,123915807900,4021.6277,4040.281,4005.2832,4025.6109
131757000,4024.0096,2574900,32944200,9683612300,123948752100,4021.6277,4040.281,4005.2832,4025.6109
131802000,4023.2234,3965200,63811800,9687577500,124012563900,4021.6277,4040.281,4005.2832,4025.6109
131807000,4023.2625,2432600,28809000,9690010100,124041372900,4021.6277,4040.281,4005.2832,4025.6109
131812000,4023.8162,3049500,45402200,9693059600,124086775100,4021.6277,4040.281,4005.2832,4025.6109
131817000,4023.9535,2305400,29912400,9695365000,124116687500,4021.6277,4040.281,4005.2832,4025.6109
131822000,4023.3823,3187500,51099500,9698552500,124167787000,4021.6277,4040.281,4005.2832,4025.6109
131827000,4023.6558,3145200,45198200,9701697700,124212985200,4021.6277,4040.281,4005.2832,4025.6109
131832000,4023.7744,3203200,44751200,9704900900,124257736400,4021.6277,4040.281,4005.2832,4025.6109
131837000,4023.8439,2047000,26937500,9706947900,124284673900,4021.6277,4040.281,4005.2832,4025.6109
131842000,4023.9507,2189800,37752400,9709137700,124322426300,4021.6277,4040.281,4005.2832,4025.6109
131847000,4024.0661,2420000,34164200,9711557700,124356590500,4021.6277,4040.281,4005.2832,4025.6109
131852000,4023.9533,2250800,38302000,9713808500,124394892500,4021.6277,4040.281,4005.2832,4025.6109
131857000,4024.2862,2988900,53533200,9716797400,124448425700,4021.6277,4040.281,4005.2832,4025.6109
131902000,4024.0134,2917000,50771800,9719714400,124499197500,4021.6277,4040.281,4005.2832,4025.6109
131907000,4023.6684,1727800,40430100,9721442200,124539627600,4021.6277,4040.281,4005.2832,4025.6109
131912000,4023.8204,3241200,67716900,9724683400,124607344500,4021.6277,4040.281,4005.2832,4025.6109
131917000,4023.8356,1809700,30283900,9726493100,124637628400,4021.6277,4040.281,4005.2832,4025.6109
131922000,4023.7595,2284600,58611600,9728777700,124696240000,4021.6277,4040.281,4005.2832,4025.6109
131927000,4023.7029,2835400,45598700,9731613100,124741838700,4021.6277,4040.281,4005.2832,4025.6109
131932000,4024.1229,3488400,49604700,9735101500,124791443400,4021.6277,4040.281,4005.2832,4025.6109
131937000,4023.969,2049800,33659700,9737151300,124825103100,4021.6277,4040.281,4005.2832,4025.6109
131942000,4024.0034,2554200,51550500,9739705500,124876653600,4021.6277,4040.281,4005.2832,4025.6109
131947000,4024.0272,1905800,43961700,9741611300,124920615300,4021.6277,4040.281,4005.2832,4025.6109
131952000,4023.7208,2230300,54677200,9743841600,124975292500,4021.6277,4040.281,4005.2832,4025.6109
131957000,4023.8938,2824000,50358300,9746665600,125025650800,4021.6277,4040.281,4005.2832,4025.6109
132002000,4023.9781,3519200,52973500,9750184800,125078624300,4021.6277,4040.281,4005.2832,4025.6109
132007000,4023.7845,1471800,28906300,9751656600,125107530600,4021.6277,4040.281,4005.2832,4025.6109
132012000,4024.0727,3079100,51684200,9754735700,125159214800,4021.6277,4040.281,4005.2832,4025.6109
132017000,4024.1921,2160800,34904700,9756896500,125194119500,4021.6277,4040.281,4005.2832,4025.6109
132022000,4024.1657,2247200,61123800,9759143700,125255243300,4021.6277,4040.281,4005.2832,4025.6109
132027000,4024.3668,2451400,47706500,9761595100,125302949800,4021.6277,4040.281,4005.2832,4025.6109
132032000,4024.3132,3950100,57259100,9765545200,125360208900,4021.6277,4040.281,4005.2832,4025.6109
132037000,4024.5195,1843600,29724700,9767388800,125389933600,4021.6277,4040.281,4005.2832,4025.6109
132042000,4024.7599,2904700,46501600,9770293500,125436435200,4021.6277,4040.281,4005.2832,4025.6109
132047000,4024.5806,2125800,30429900,9772419300,125466865100,4021.6277,4040.281,4005.2832,4025.6109
132052000,4024.7622,2575100,39453600,9774994400,125506318700,4021.6277,4040.281,4005.2832,4025.6109
132057000,4025.1083,2414100,45794500,9777408500,125552113200,4021.6277,4040.281,4005.2832,4025.6109
132102000,4025.6457,2776300,40726400,9780184800,125592839600,4021.6277,4040.281,4005.2832,4025.6109
132107000,4025.3028,2475500,35734100,9782660300,125628573700,4021.6277,4040.281,4005.2832,4025.6109
132112000,4025.7027,2487400,49559900,9785147700,125678133600,4021.6277,4040.281,4005.2832,4025.6109
132117000,4025.9203,2507800,37076300,9787655500,125715209900,4021.6277,4040.281,4005.2832,4025.6109
132122000,4026.3434,3639900,56419400,9791295400,125771629300,4021.6277,4040.281,4005.2832,4025.6109
132127000,4026.0752,2580500,50928700,9793875900,125822558000,4021.6277,4040.281,4005.2832,4025.6109
132132000,4026.8733,2445200,39682200,9796321100,125862240200,4021.6277,4040.281,4005.2832,4025.6109
132137000,4026.7424,2096600,37370300,9798417700,125899610500,4021.6277,4040.281,4005.2832,4025.6109
132142000,4026.739,3211900,56794900,9801629600,125956405400,4021.6277,4040.281,4005.2832,4025.6109
132147000,4026.9802,2500100,40032400,9804129700,125996437800,4021.6277,4040.281,4005.2832,4025.6109
132152000,4027.5068,3201400,62028400,9807331100,126058466200,4021.6277,4040.281,4005.2832,4025.6109
132157000,4027.6986,4129200,61495100,9811460300,126119961300,4021.6277,4040.281,4005.2832,4025.6109
132202000,4027.7976,3117200,54927000,9814577500,126174888300,4021.6277,4040.281,4005.2832,4025.6109
132207000,4028.1673,2032500,33845400,9816610000,126208733700,4021.6277,4040.281,4005.2832,4025.6109
132212000,4028.4381,2880400,54796500,9819490400,126263530200,4021.6277,4040.281,4005.2832,4025.6109
132217000,4028.9164,3923000,46137600,9823413400,126309667800,4021.6277,4040.281,4005.2832,4025.6109
132222000,4029.4849,3841300,49224600,9827254700,126358892400,4021.6277,4040.281,4005.2832,4025.6109
132227000,4028.9373,3096700,47402000,9830351400,126406294400,4021.6277,4040.281,4005.2832,4025.6109
132232000,4029.3081,3671700,73553800,9834023100,126479848200,4021.6277,4040.281,4005.2832,4025.6109
132237000,4029.7157,2274500,48898200,9836297600,126528746400,4021.6277,4040.281,4005.2832,4025.6109
132242000,4029.4596,4522300,57336200,9840819900,126586082600,4021.6277,4040.281,4005.2832,4025.6109
132247000,4029.9732,2585800,37434800,9843405700,126623517400,4021.6277,4040.281,4005.2832,4025.6109
132252000,4029.8951,3562700,64131300,9846968400,126687648700,4021.6277,4040.281,4005.2832,4025.6109
132257000,4030.6974,3158200,66109700,9850126600,126753758400,4021.6277,4040.281,4005.2832,4025.6109
132302000,4030.9059,4627700,63923300,9854754300,126817681700,4021.6277,4040.281,4005.2832,4025.6109
132307000,4030.7843,2924700,42476800,9857679000,126860158500,4021.6277,4040.281,4005.2832,4025.6109
132312000,4030.9506,3271900,49441400,9860950900,126909599900,4021.6277,4040.281,4005.2832,4025.6109
132317000,4030.7424,3437400,44963100,9864388300,126954563000,4021.6277,4040.281,4005.2832,4025.6109
132322000,4030.6482,4232900,51159600,9868621200,127005722600,4021.6277,4040.281,4005.2832,4025.6109
132327000,4030.8055,4236600,54433600,9872857800,127060156200,4021.6277,4040.281,4005.2832,4025.6109
132332000,4031.0292,3584600,51557800,9876442400,127111714000,4021.6277,4040.281,4005.2832,4025.6109
132337000,4031.2703,2690700,38060700,9879133100,127149774700,4021.6277,4040.281,4005.2832,4025.6109
132342000,4031.5028,4136100,67760200,9883269200,127217534900,4021.6277,4040.281,4005.2832,4025.6109
132347000,4031.4475,2907600,49643800,9886176800,127267178700,4021.6277,4040.281,4005.2832,4025.6109
132352000,4031.5975,2969200,52436700,9889146000,127319615400,4021.6277,4040.281,4005.2832,4025.6109
132357000,4031.6567,4002500,62104300,9893148500,127381719700,4021.6277,4040.281,4005.2832,4025.6109
132402000,4032.0909,5359800,89047900,9898508300,127470767600,4021.6277,4040.281,4005.2832,4025.6109
132407000,4032.1713,3717900,48287200,9902226200,127519054800,4021.6277,4040.281,4005.2832,4025.6109
132412000,4032.4254,5623700,78998600,9907849900,127598053400,4021.6277,4040.281,4005.2832,4025.6109
132417000,4033.3876,3566900,56155100,9911416800,127654208500,4021.6277,4040.281,4005.2832,4025.6109
132422000,4033.314,3097200,44053200,9914514000,127698261700,4021.6277,4040.281,4005.2832,4025.6109
132427000,4033.2648,3666500,63177800,9918180500,127761439500,4021.6277,4040.281,4005.2832,4025.6109
132432000,4033.2398,5937600,99422400,9924118100,127860861900,4021.6277,4040.281,4005.2832,4025.6109
132437000,4033.67,3100800,48633500,9927218900,127909495400,4021.6277,4040.281,4005.2832,4025.6109
132442000,4033.8092,4023500,72271900,9931242400,127981767300,4021.6277,4040.281,4005.2832,4025.6109
132447000,4034.005,3361000,57263300,9934603400,128039030600,4021.6277,4040.281,4005.2832,4025.6109
132452000,4034.4053,4369800,67843200,9938973200,128106873800,4021.6277,4040.281,4005.2832,4025.6109
132457000,4034.7514,3990000,68611400,9942963200,128175485200,4021.6277,4040.281,4005.2832,4025.6109
132502000,4034.604,5950900,83157700,9948914100,128258642900,4021.6277,4040.281,4005.2832,4025.6109
132507000,4034.7624,5122700,75770000,9954036800,128334412900,4021.6277,4040.281,4005.2832,4025.6109
132512000,4035.3222,5401400,90795200,9959438200,128425208100,4021.6277,4040.281,4005.2832,4025.6109
132517000,4035.2407,7011100,64138000,9966449300,128489346100,4021.6277,4040.281,4005.2832,4025.6109
132522000,4035.4897,4522800,60781900,9970972100,128550128000,4021.6277,4040.281,4005.2832,4025.6109
132527000,4035.6263,7142700,76014300,9978114800,128626142300,4021.6277,4040.281,4005.2832,4025.6109
132532000,4036.0528,5606600,62584600,9983721400,128688726900,4021.6277,4040.281,4005.2832,4025.6109
132537000,4036.0246,3298100,59173600,9987019500,128747900500,4021.6277,4040.281,4005.2832,4025.6109
132542000,4036.1403,4067200,65986400,9991086700,128813886900,4021.6277,4040.281,4005.2832,4025.6109
132547000,4036.3432,3443200,43281400,9994529900,128857168300,4021.6277,4040.281,4005.2832,4025.6109
132552000,4036.2015,3258100,55623700,9997788000,128912792000,4021.6277,4040.281,4005.2832,4025.6109
132557000,4036.2912,5626800,78843500,10003414800,128991635500,4021.6277,4040.281,4005.2832,4025.6109
132602000,4036.4873,4192100,63837700,10007606900,129055473200,4021.6277,4040.281,4005.2832,4025.6109
132607000,4036.74,3171200,43197400,10010778100,129098670600,4021.6277,4040.281,4005.2832,4025.6109
132612000,4037.1658,7387300,98782900,10018165400,129197453500,4021.6277,4040.281,4005.2832,4025.6109
132617000,4037.1203,4076400,54961500,10022241800,129252415000,4021.6277,4040.281,4005.2832,4025.6109
132622000,4037.0174,4132300,68187700,10026374100,129320602700,4021.6277,4040.281,4005.2832,4025.6109
132627000,4037.1336,5237300,71794900,10031611400,129392397600,4021.6277,4040.281,4005.2832,4025.6109
132632000,4036.9719,4288100,59654300,10035899500,129452051900,4021.6277,4040.281,4005.2832,4025.6109
132637000,4037.0705,4159400,58203200,10040058900,129510255100,4021.6277,4040.281,4005.2832,4025.6109
132642000,4036.7409,3706200,58338300,10043765100,129568593400,4021.6277,4040.281,4005.2832,4025.6109
132647000,4036.7604,3736300,53968600,10047501400,129622562000,4021.6277,4040.281,4005.2832,4025.6109
132652000,4036.7996,3533200,50599500,10051034600,129673161500,4021.6277,4040.281,4005.2832,4025.6109
132657000,4037.0006,5386300,72477500,10056420900,129745639000,4021.6277,4040.281,4005.2832,4025.6109
132702000,4037.4649,4371000,62059600,10060791900,129807698600,4021.6277,4040.281,4005.2832,4025.6109
132707000,4037.2961,3791700,52927900,10064583600,129860626500,4021.6277,4040.281,4005.2832,4025.6109
132712000,4036.9826,5017600,72053800,10069601200,129932680300,4021.6277,4040.281,4005.2832,4025.6109
132717000,4037.1816,4836100,52477500,10074437300,129985157800,4021.6277,4040.281,4005.2832,4025.6109
132722000,4036.5431,4690700,61110900,10079128000,130046268700,4021.6277,4040.281,4005.2832,4025.6109
132727000,4035.4047,6245900,85057400,10085373900,130131326100,4021.6277,4040.281,4005.2832,4025.6109
132732000,4035.1855,4850500,76173900,10090224400,130207500000,4021.6277,4040.281,4005.2832,4025.6109
132737000,4035.3931,3433500,52646700,10093657900,130260146700,4021.6277,4040.281,4005.2832,4025.6109
132742000,4034.6789,5447700,77635400,10099105600,130337782100,4021.6277,4040.281,4005.2832,4025.6109
132747000,4034.6501,2519900,38900100,10101625500,130376682200,4021.6277,4040.281,4005.2832,4025.6109
132752000,4034.6605,3637200,49224700,10105262700,130425906900,4021.6277,4040.281,4005.2832,4025.6109
132757000,4034.7508,4451500,64252100,10109714200,130490159000,4021.6277,4040.281,4005.2832,4025.6109
132802000,4034.3612,3860900,55748600,10113575100,130545907600,4021.6277,4040.281,4005.2832,4025.6109
132807000,4034.3864,2933400,42385900,10116508500,130588293500,4021.6277,4040.281,4005.2832,4025.6109
132812000,4034.2496,3140800,47357600,10119649300,130635651100,4021.6277,4040.281,4005.2832,4025.6109
132817000,4034.6882,2690500,41845800,10122339800,130677496900,4021.6277,4040.281,4005.2832,4025.6109
132822000,4034.1463,2883300,44998900,10125223100,130722495800,4021.6277,4040.281,4005.2832,4025.6109
132827000,4034.6381,3148800,44483400,10128371900,130766979200,4021.6277,4040.281,4005.2832,4025.6109
132832000,4034.4873,2592900,41629300,10130964800,130808608500,4021.6277,4040.281,4005.2832,4025.6109
132837000,4034.6613,2520500,32583800,10133485300,130841192300,4021.6277,4040.281,4005.2832,4025.6109
132842000,4034.4883,3307800,48313500,10136793100,130889505800,4021.6277,4040.281,4005.2832,4025.6109
132847000,4034.2145,2702100,44968300,10139495200,130934474100,4021.6277,4040.281,4005.2832,4025.6109
132852000,4034.2729,2587700,42521900,10142082900,130976996000,4021.6277,4040.281,4005.2832,4025.6109
132857000,4034.1758,3409800,56758400,10145492700,131033754400,4021.6277,4040.281,4005.2832,4025.6109
132902000,4034.725,2958300,46126200,10148451000,131079880600,4021.6277,4040.281,4005.2832,4025.6109
132907000,4034.2931,2515700,42076800,10150966700,131121957400,4021.6277,4040.281,4005.2832,4025.6109
132912000,4034.2154,4295700,59407900,10155262400,131181365300,4021.6277,4040.281,4005.2832,4025.6109
132917000,4033.3312,3880200,55389600,10159142600,131236754900,4021.6277,4040.281,4005.2832,4025.6109
132922000,4032.7915,5451300,83310200,10164593900,131320065100,4021.6277,4040.281,4005.2832,4025.6109
132927000,4031.4691,6945800,88075200,10171539700,131408140300,4021.6277,4040.281,4005.2832,4025.6109
132932000,4031.9462,5234400,79422400,10176774100,131487562700,4021.6277,4040.281,4005.2832,4025.6109
132937000,4031.943,2569200,40219800,10179343300,131527782500,4021.6277,4040.281,4005.2832,4025.6109
132942000,4031.663,4718100,79845500,10184061400,131607628000,4021.6277,4040.281,4005.2832,4025.6109
132947000,4031.702,4592600,63006500,10188654000,131670634500,4021.6277,4040.281,4005.2832,4025.6109
132952000,4030.9438,5758500,84481600,10194412500,131755116100,4021.6277,4040.281,4005.2832,4025.6109
132957000,4030.5004,5214100,71028100,10199626600,131826144200,4021.6277,4040.281,4005.2832,4025.6109
133002000,4030.785,3732600,60343100,10203359200,131886487300,4021.6277,4040.281,4005.2832,4025.6109
133007000,4030.6179,2807200,33378600,10206166400,131919865900,4021.6277,4040.281,4005.2832,4025.6109
133012000,4030.3854,4299200,59141700,10210465600,131979007600,4021.6277,4040.281,4005.2832,4025.6109
133017000,4030.551,2754900,50404400,10213220500,132029412000,4021.6277,4040.281,4005.2832,4025.6109
133022000,4030.015,5489000,60630100,10218709500,132090042100,4021.6277,4040.281,4005.2832,4025.6109
133027000,4030.4017,3270100,45165900,10221979600,132135208000,4021.6277,4040.281,4005.2832,4025.6109
133032000,4030.2995,3010900,44822500,10224990500,132180030500,4021.6277,4040.281,4005.2832,4025.6109
133037000,4030.4034,3141200,46906300,10228131700,132226936800,4021.6277,4040.281,4005.2832,4025.6109
133042000,4030.5406,2739600,45100600,10230871300,132272037400,4021.6277,4040.281,4005.2832,4025.6109
133047000,4030.2139,3690000,44591400,10234561300,132316628800,4021.6277,4040.281,4005.2832,4025.6109
133052000,4030.1744,3287300,55130200,10237848600,132371759000,4021.6277,4040.281,4005.2832,4025.6109
133057000,4030.5882,3853400,46285800,10241702000,132418044800,4021.6277,4040.281,4005.2832,4025.6109
133102000,4030.6391,2322400,39913500,10244024400,132457958300,4021.6277,4040.281,4005.2832,4025.6109
133107000,4030.4422,1781200,29436000,10245805600,132487394300,4021.6277,4040.281,4005.2832,4025.6109
133112000,4030.5317,2662700,47724000,10248468300,132535118300,4021.6277,4040.281,4005.2832,4025.6109
133117000,4030.2593,2482400,36579700,10250950700,132571698000,4021.6277,4040.281,4005.2832,4025.6109
133122000,4030.5653,2625700,40685900,10253576400,132612383900,4021.6277,4040.281,4005.2832,4025.6109
133127000,4030.1894,2855300,45860500,10256431700,132658244400,4021.6277,4040.281,4005.2832,4025.6109
133132000,4030.5698,2459500,41700900,10258891200,132699945300,4021.6277,4040.281,4005.2832,4025.6109
133137000,4030.5625,1858600,29358000,10260749800,132729303300,4021.6277,4040.281,4005.2832,4025.6109
133142000,4031.2037,2373600,40406600,10263123400,132769709900,4021.6277,4040.281,4005.2832,4025.6109
133147000,4030.9924,2187700,26373100,10265311100,132796083000,4021.6277,4040.281,4005.2832,4025.6109
133152000,4030.7553,3054700,45615800,10268365800,132841698800,4021.6277,4040.281,4005.2832,4025.6109
133157000,4030.5176,2345700,42217200,10270711500,132883916000,4021.6277,4040.281,4005.2832,4025.6109
133202000,4030.6973,1941800,40844600,10272653300,132924760600,4021.6277,4040.281,4005.2832,4025.6109
133207000,4030.9794,1705700,30372300,10274359000,132955132900,4021.6277,4040.281,4005.2832,4025.6109
133212000,4031.161,2465500,40671900,10276824500,132995804800,4021.6277,4040.281,4005.2832,4025.6109
133217000,4031.3755,2329600,38521100,10279154100,133034325900,4021.6277,4040.281,4005.2832,4025.6109
133222000,4031.5485,1878600,34538300,10281032700,133068864200,4021.6277,4040.281,4005.2832,4025.6109
133227000,4031.5195,2234600,37009000,10283267300,133105873200,4021.6277,4040.281,4005.2832,4025.6109
133232000,4031.9272,2308900,39794400,10285576200,133145667600,4021.6277,4040.281,4005.2832,4025.6109
133237000,4032.1155,1819300,32643800,10287395500,133178311400,4021.6277,4040.281,4005.2832,4025.6109
133242000,4031.5621,2275000,35015700,10289670500,133213327100,4021.6277,4040.281,4005.2832,4025.6109
133247000,4031.7602,3294600,43412000,10292965100,133256739100,4021.6277,4040.281,4005.2832,4025.6109
133252000,4031.7456,2263800,39107400,10295228900,133295846500,4021.6277,4040.281,4005.2832,4025.6109
133257000,4031.7922,2615300,35990300,10297844200,133331836800,4021.6277,4040.281,4005.2832,4025.6109
133302000,4031.9881,2491600,39983500,10300335800,133371820300,4021.6277,4040.281,4005.2832,4025.6109
133307000,4031.8843,2127700,26656600,10302463500,133398476900,4021.6277,4040.281,4005.2832,4025.6109
133312000,4032.5069,2812200,41091200,10305275700,133439568100,4021.6277,4040.281,4005.2832,4025.6109
133317000,4032.424,2190400,30789600,10307466100,133470357700,4021.6277,4040.281,4005.2832,4025.6109
133322000,4032.3237,2752500,37519700,10310218600,133507877400,4021.6277,4040.281,4005.2832,4025.6109
133327000,4031.7704,3203300,46260300,10313421900,133554137700,4021.6277,4040.281,4005.2832,4025.6109
133332000,4031.8132,3112200,46060100,10316534100,133600197800,4021.6277,4040.281,4005.2832,4025.6109
133337000,4032.0308,1825400,33657900,10318359500,133633855700,4021.6277,4040.281,4005.2832,4025.6109
133342000,4031.8813,3228000,48884200,10321587500,133682739900,4021.6277,4040.281,4005.2832,4025.6109
133347000,4031.5007,3002700,44134400,10324590200,133726874300,4021.6277,4040.281,4005.2832,4025.6109
133352000,4031.6445,2194100,37325800,10326784300,133764200100,4021.6277,4040.281,4005.2832,4025.6109
133357000,4031.052,3235700,56134700,10330020000,133820334800,4021.6277,4040.281,4005.2832,4025.6109
133402000,4030.464,4698000,85053700,10334718000,133905388500,4021.6277,4040.281,4005.2832,4025.6109
133407000,4030.2976,2255900,36173100,10336973900,133941561600,4021.6277,4040.281,4005.2832,4025.6109
133412000,4030.9322,4490000,72492300,10341463900,134014053900,4021.6277,4040.281,4005.2832,4025.6109
133417000,4031.0854,3345300,54958800,10344809200,134069012700,4021.6277,4040.281,4005.2832,4025.6109
133422000,4031.4388,3945700,62303000,10348754900,134131315700,4021.6277,4040.281,4005.2832,4025.6109
133427000,4031.7045,5085800,60726900,10353840700,134192042600,4021.6277,4040.281,4005.2832,4025.6109
133432000,4032.0005,4293900,70072900,10358134600,134262115500,4021.6277,4040.281,4005.2832,4025.6109
133437000,4032.2281,3488600,55421100,10361623200,134317536600,4021.6277,4040.281,4005.2832,4025.6109
133442000,4032.3564,5022300,79999100,10366645500,134397535700,4021.6277,4040.281,4005.2832,4025.6109
133447000,4032.8897,4665400,64772200,10371310900,134462307900,4021.6277,4040.281,4005.2832,4025.6109
133452000,4033.058,4944300,74922600,10376255200,134537230500,4021.6277,4040.281,4005.2832,4025.6109
133457000,4033.4155,5918000,100779300,10382173200,134638009800,4021.6277,4040.281,4005.2832,4025.6109
133502000,4034.2666,7430800,105555600,10389604000,134743565400,4021.6277,4040.281,4005.2832,4025.6109
133507000,4034.0801,5068200,62563400,10394672200,134806128800,4021.6277,4040.281,4005.2832,4025.6109
133512000,4035.303,7308300,87261200,10401980500,134893390000,4021.6277,4040.281,4005.2832,4025.6109
133517000,4035.3373,7106700,84238300,10409087200,134977628300,4021.6277,4040.281,4005.2832,4025.6109
133522000,4036.1656,5855600,78362300,10414942800,135055990600,4021.6277,4040.281,4005.2832,4025.6109
133527000,4036.5352,5970800,89190000,10420913600,135145180600,4021.6277,4040.281,4005.2832,4025.6109
133532000,4036.4155,6957400,95486800,10427871000,135240667400,4021.6277,4040.281,4005.2832,4025.6109
133537000,4037.3892,5338400,85825700,10433209400,135326493100,4021.6277,4040.281,4005.2832,4025.6109
133542000,4037.5612,5887700,89707100,10439097100,135416200200,4021.6277,4040.281,4005.2832,4025.6109
133547000,4038.2373,5121600,74784400,10444218700,135490984600,4021.6277,4040.281,4005.2832,4025.6109
133552000,4038.2923,5718700,89023900,10449937400,135580008500,4021.6277,4040.281,4005.2832,4025.6109
133557000,4039.2279,7973000,130044200,10457910400,135710052700,4021.6277,4040.281,4005.2832,4025.6109
133602000,4039.8123,9407000,127604000,10467317400,135837656700,4021.6277,4040.281,4005.2832,4025.6109
133607000,4040.018,6171300,83831500,10473488700,135921488200,4021.6277,4040.281,4005.2832,4025.6109
133612000,4040.6199,7157000,112512800,10480645700,136034001000,4021.6277,4040.6199,4005.2832,4025.6109
133617000,4041.125,6219600,107625100,10486865300,136141626100,4021.6277,4041.125,4005.2832,4025.6109
133622000,4042.0771,6318900,98981500,10493184200,136240607600,4021.6277,4042.0771,4005.2832,4025.6109
133627000,4043.0082,9224300,129989200,10502408500,136370596800,4021.6277,4043.0082,4005.2832,4025.6109
133632000,4044.1461,9405200,147015700,10511813700,136517612500,4021.6277,4044.1461,4005.2832,4025.6109
133637000,4044.5889,5610600,78223900,10517424300,136595836400,4021.6277,4044.5889,4005.2832,4025.6109
133642000,4045.2836,8632500,119232800,10526056800,136715069200,4021.6277,4045.2836,4005.2832,4025.6109
133647000,4045.5533,6482500,93403700,10532539300,136808472900,4021.6277,4045.5533,4005.2832,4025.6109
133652000,4045.9852,9170400,126040200,10541709700,136934513100,4021.6277,4045.9852,4005.2832,4025.6109
133657000,4046.3996,9574500,132280800,10551284200,137066793900,4021.6277,4046.3996,4005.2832,4025.6109
133702000,4046.9488,11386800,152790600,10562671000,137219584500,4021.6277,4046.9488,4005.2832,4025.6109
133707000,4047.4352,5758900,86539900,10568429900,137306124400,4021.6277,4047.4352,4005.2832,4025.6109
133712000,4047.7252,8950600,123094800,10577380500,137429219200,4021.6277,4047.8781,4005.2832,4025.6109
133717000,4047.8829,8150700,128967100,10585531200,137558186300,4021.6277,4047.954,4005.2832,4025.6109
133722000,4047.8209,6781400,104228000,10592312600,137662414300,4021.6277,4047.9627,4005.2832,4025.6109
133727000,4048.1495,11444400,140621000,10603757000,137803035300,4021.6277,4048.1495,4005.2832,4025.6109
133732000,4047.9253,8381900,118010500,10612138900,137921045800,4021.6277,4048.3238,4005.2832,4025.6109
133737000,4047.6823,6688900,94065300,10618827800,138015111100,4021.6277,4048.3238,4005.2832,4025.6109
133742000,4047.2602,10067700,185976600,10628895500,138201087700,4021.6277,4048.3238,4005.2832,4025.6109
133747000,4046.9694,7076400,93994800,10635971900,138295082500,4021.6277,4048.3238,4005.2832,4025.6109
133752000,4047.6333,6415200,115474700,10642387100,138410557200,4021.6277,4048.3238,4005.2832,4025.6109
133757000,4047.2452,7486800,105375200,10649873900,138515932400,4021.6277,4048.3238,4005.2832,4025.6109
133802000,4047.5232,7770200,107341700,10657644100,138623274100,4021.6277,4048.3238,4005.2832,4025.6109
133807000,4047.4848,6126100,89815600,10663770200,138713089700,4021.6277,4048.3238,4005.2832,4025.6109
133812000,4047.6551,8205500,108853600,10671975700,138821943300,4021.6277,4048.3238,4005.2832,4025.6109
133817000,4047.6309,6658900,86151200,10678634600,138908094500,4021.6277,4048.3238,4005.2832,4025.6109
133822000,4047.8792,7000100,93171500,10685634700,139001266000,4021.6277,4048.3238,4005.2832,4025.6109
133827000,4047.6598,6239100,97748800,10691873800,139099014800,4021.6277,4048.3238,4005.2832,4025.6109
133832000,4048.0739,9941100,120350800,10701814900,139219365600,4021.6277,4048.3238,4005.2832,4025.6109
133837000,4048.5675,4922300,80922200,10706737200,139300287800,4021.6277,4048.5675,4005.2832,4025.6109
133842000,4048.6764,6036600,104616400,10712773800,139404904200,4021.6277,4048.6764,4005.2832,4025.6109
133847000,4048.6387,6442100,95320400,10719215900,139500224600,4021.6277,4048.8699,4005.2832,4025.6109
133852000,4049.0293,6073600,97264600,10725289500,139597489200,4021.6277,4049.0293,4005.2832,4025.6109
133857000,4049.1023,8125000,107786800,10733414500,139705276000,4021.6277,4049.1023,4005.2832,4025.6109
133902000,4049.6841,9306000,107569000,10742720500,139812845000,4021.6277,4049.6841,4005.2832,4025.6109
133907000,4049.3581,6857800,88720200,10749578300,139901565200,4021.6277,4049.696,4005.2832,4025.6109
133912000,4049.8351,17779400,306243300,10767357700,140207808500,4021.6277,4049.9499,4005.2832,4025.6109
133917000,4050.8837,15299200,184279600,10782656900,140392088100,4021.6277,4050.8837,4005.2832,4025.6109
133922000,4051.1671,10716400,142445800,10793373300,140534533900,4021.6277,4051.1671,4005.2832,4025.6109
133927000,4051.9618,12490100,165740200,10805863400,140700274100,4021.6277,4051.9618,4005.2832,4025.6109
133932000,4052.6595,12441800,165941100,10818305200,140866215200,4021.6277,4052.6595,4005.2832,4025.6109
133937000,4052.8653,7933800,109845800,10826239000,140976061000,4021.6277,4053.0124,4005.2832,4025.6109
133942000,4053.5848,14806600,182706700,10841045600,141158767700,4021.6277,4053.5848,4005.2832,4025.6109
133947000,4053.5071,13767500,152985700,10854813100,141311753400,4021.6277,4053.5848,4005.2832,4025.6109
133952000,4053.6617,11423100,145366400,10866236200,141457119800,4021.6277,4053.6617,4005.2832,4025.6109
133957000,4054.0583,15351500,164606400,10881587700,141621726200,4021.6277,4054.0583,4005.2832,4025.6109
134002000,4054.3816,12625000,162573400,10894212700,141784299600,4021.6277,4054.3816,4005.2832,4025.6109
134007000,4054.4702,8734500,106799100,10902947200,141891098700,4021.6277,4054.4702,4005.2832,4025.6109
134012000,4054.493,12004600,165876500,10914951800,142056975200,4021.6277,4054.493,4005.2832,4025.6109
134017000,4054.5492,9969700,124203600,10924921500,142181178800,4021.6277,4054.5492,4005.2832,4025.6109
134022000,4054.7378,8723700,107866100,10933645200,142289044900,4021.6277,4054.7378,4005.2832,4025.6109
134027000,4054.7545,11435400,148201600,10945080600,142437246500,4021.6277,4054.8814,4005.2832,4025.6109
134032000,4054.8843,10829900,137447800,10955910500,142574694300,4021.6277,4054.8843,4005.2832,4025.6109
134037000,4055.218,6209000,85396100,10962119500,142660090400,4021.6277,4055.218,4005.2832,4025.6109
134042000,4055.6293,10405300,123792300,10972524800,142783882700,4021.6277,4055.6293,4005.2832,4025.6109
134047000,4055.76,10569600,108158000,10983094400,142892040700,4021.6277,4055.76,4005.2832,4025.6109
134052000,4055.8772,9698100,120287600,10992792500,143012328300,4021.6277,4055.97,4005.2832,4025.6109
134057000,4055.8085,11300800,138706900,11004093300,143151035200,4021.6277,4056.0813,4005.2832,4025.6109
134102000,4056.0316,8785500,119274400,11012878800,143270309600,4021.6277,4056.2641,4005.2832,4025.6109
134107000,4056.1905,6191100,92319300,11019069900,143362628900,4021.6277,4056.279,4005.2832,4025.6109
134112000,4056.0971,11914800,136156900,11030984700,143498785800,4021.6277,4056.279,4005.2832,4025.6109
134117000,4055.4026,7994000,113167700,11038978700,143611953500,4021.6277,4056.279,4005.2832,4025.6109
134122000,4054.8927,8003500,115602600,11046982200,143727556100,4021.6277,4056.279,4005.2832,4025.6109
134127000,4054.7198,11386900,150270800,11058369100,143877826900,4021.6277,4056.279,4005.2832,4025.6109
134132000,4054.6121,8622300,122217400,11066991400,144000044300,4021.6277,4056.279,4005.2832,4025.6109
134137000,4053.8618,5496700,88583000,11072488100,144088627300,4021.6277,4056.279,4005.2832,4025.6109
134142000,4054.1724,9201800,121942100,11081689900,144210569400,4021.6277,4056.279,4005.2832,4025.6109
134147000,4053.947,6000600,75624300,11087690500,144286193700,4021.6277,4056.279,4005.2832,4025.6109
134152000,4053.5634,5648600,85579000,11093339100,144371772700,4021.6277,4056.279,4005.2832,4025.6109
134157000,4053.6711,7332300,104135300,11100671400,144475908000,4021.6277,4056.279,4005.2832,4025.6109
134202000,4053.4022,6798000,115313500,11107469400,144591221500,4021.6277,4056.279,4005.2832,4025.6109
134207000,4053.4672,4966700,68080200,11112436100,144659301700,4021.6277,4056.279,4005.2832,4025.6109
134212000,4053.8618,6550900,83116000,11118987000,144742417700,4021.6277,4056.279,4005.2832,4025.6109
134217000,4053.5626,6484600,77989300,11125471600,144820407000,4021.6277,4056.279,4005.2832,4025.6109
134222000,4053.514,6427600,88319400,11131899200,144908726400,4021.6277,4056.279,4005.2832,4025.6109
134227000,4053.4334,6817700,80624500,11138716900,144989350900,4021.6277,4056.279,4005.2832,4025.6109
134232000,4053.2198,7044800,98998200,11145761700,145088349100,4021.6277,4056.279,4005.2832,4025.6109
134237000,4053.4501,6072900,61544800,11151834600,145149893900,4021.6277,4056.279,4005.2832,4025.6109
134242000,4053.3683,6271900,88268500,11158106500,145238162400,4021.6277,4056.279,4005.2832,4025.6109
134247000,4052.5967,7672200,90657600,11165778700,145328820000,4021.6277,4056.279,4005.2832,4025.6109
134252000,4052.8961,5696500,74890500,11171475200,145403710500,4021.6277,4056.279,4005.2832,4025.6109
134257000,4053.2451,8049400,95045300,11179524600,145498755800,4021.6277,4056.279,4005.2832,4025.6109
134302000,4053.0816,7784400,96920300,11187309000,145595676100,4021.6277,4056.279,4005.2832,4025.6109
134307000,4053.0799,3746900,61352800,11191055900,145657028900,4021.6277,4056.279,4005.2832,4025.6109
134312000,4052.9835,6774900,86229800,11197830800,145743258700,4021.6277,4056.279,4005.2832,4025.6109
134317000,4053.2456,4796000,62952800,11202626800,145806211500,4021.6277,4056.279,4005.2832,4025.6109
134322000,4053.0437,6053500,76829900,11208680300,145883041400,4021.6277,4056.279,4005.2832,4025.6109
134327000,4053.2649,6073900,84056400,11214754200,145967097800,4021.6277,4056.279,4005.2832,4025.6109
134332000,4052.4518,5859800,80364800,11220614000,146047462600,4021.6277,4056.279,4005.2832,4025.6109
134337000,4052.9845,3199200,48972200,11223813200,146096434800,4021.6277,4056.279,4005.2832,4025.6109
134342000,4053.16,5859400,78231800,11229672600,146174666600,4021.6277,4056.279,4005.2832,4025.6109
134347000,4052.5184,5464300,64824000,11235136900,146239490600,4021.6277,4056.279,4005.2832,4025.6109
134352000,4052.7735,4454500,75908700,11239591400,146315399300,4021.6277,4056.279,4005.2832,4025.6109
134357000,4052.9967,5800400,80311300,11245391800,146395710600,4021.6277,4056.279,4005.2832,4025.6109
134402000,4053.202,6882000,104548800,11252273800,146500259400,4021.6277,4056.279,4005.2832,4025.6109
134407000,4053.3511,3646600,65821500,11255920400,146566080900,4021.6277,4056.279,4005.2832,4025.6109
134412000,4053.6172,6846400,104775400,11262766800,146670856300,4021.6277,4056.279,4005.2832,4025.6109
134417000,4053.8688,7883300,93844100,11270650100,146764700400,4021.6277,4056.279,4005.2832,4025.6109
134422000,4054.0805,4911300,79262700,11275561400,146843963100,4021.6277,4056.279,4005.2832,4025.6109
134427000,4053.8588,7449900,105226800,11283011300,146949189900,4021.6277,4056.279,4005.2832,4025.6109
134432000,4054.6164,11219400,136807600,11294230700,147085997500,4021.6277,4056.279,4005.2832,4025.6109
134437000,4055.3592,7327400,103379100,11301558100,147189376600,4021.6277,4056.279,4005.2832,4025.6109
134442000,4056.1179,14712700,192796900,11316270800,147382173500,4021.6277,4056.279,4005.2832,4025.6109
134447000,4056.6301,9541500,118697200,11325812300,147500870700,4021.6277,4056.6301,4005.2832,4025.6109
134452000,4056.9717,9142500,123112100,11334954800,147623982800,4021.6277,4056.9717,4005.2832,4025.6109
134457000,4057.6991,12497000,176620000,11347451800,147800602800,4021.6277,4057.6991,4005.2832,4025.6109
134502000,4058.0178,14953900,186741200,11362405700,147987344000,4021.6277,4058.0178,4005.2832,4025.6109
134507000,4059.0261,9014000,108718400,11371419700,148096062400,4021.6277,4059.0261,4005.2832,4025.6109
134512000,4059.198,12848800,177359400,11384268500,148273421800,4021.6277,4059.3163,4005.2832,4025.6109
134517000,4059.302,11118400,123052700,11395386900,148396474500,4021.6277,4059.4331,4005.2832,4025.6109
134522000,4059.5557,8838600,128956700,11404225500,148525431200,4021.6277,4059.5557,4005.2832,4025.6109
134527000,4060.4795,10292600,137828300,11414518100,148663259500,4021.6277,4060.4795,4005.2832,4025.6109
134532000,4060.1199,8736500,128768700,11423254600,148792028200,4021.6277,4060.4795,4005.2832,4025.6109
134537000,4060.2097,5594500,84949300,11428849100,148876977500,4021.6277,4060.4795,4005.2832,4025.6109
134542000,4060.0894,10726600,143731300,11439575700,149020708800,4021.6277,4060.4795,4005.2832,4025.6109
134547000,4060.4112,9999300,126332900,11449575000,149147041700,4021.6277,4060.4795,4005.2832,4025.6109
134552000,4060.6482,7747200,103518600,11457322200,149250560300,4021.6277,4060.6482,4005.2832,4025.6109
134557000,4060.5867,10634600,135510800,11467956800,149386071100,4021.6277,4060.6482,4005.2832,4025.6109
134602000,4060.4414,7912700,98326800,11475869500,149484397900,4021.6277,4060.6482,4005.2832,4025.6109
134607000,4060.3204,4879200,69078200,11480748700,149553476100,4021.6277,4060.6482,4005.2832,4025.6109
134612000,4060.6774,8734000,110472700,11489482700,149663948800,4021.6277,4060.6774,4005.2832,4025.6109
134617000,4060.6587,8277700,88586400,11497760400,149752535200,4021.6277,4060.6774,4005.2832,4025.6109
134622000,4060.938,6820300,89422000,11504580700,149841957200,4021.6277,4060.938,4005.2832,4025.6109
134627000,4060.96,8409700,107096800,11512990400,149949054000,4021.6277,4060.96,4005.2832,4025.6109
134632000,4060.6636,7741800,99877000,11520732200,150048931000,4021.6277,4060.96,4005.2832,4025.6109
134637000,4060.9603,5245500,67612700,11525977700,150116543700,4021.6277,4060.9603,4005.2832,4025.6109
134642000,4061.0858,9292700,117025000,11535270400,150233568700,4021.6277,4061.0858,4005.2832,4025.6109
134647000,4060.6653,6979300,82729900,11542249700,150316298600,4021.6277,4061.0858,4005.2832,4025.6109
134652000,4060.3968,5534900,84493500,11547784600,150400792100,4021.6277,4061.0858,4005.2832,4025.6109
134657000,4060.2839,8696300,105020000,11556480900,150505812100,4021.6277,4061.0858,4005.2832,4025.6109
134702000,4059.651,8915900,135568900,11565396800,150641381000,4021.6277,4061.0858,4005.2832,4025.6109
134707000,4059.8032,5056200,68401300,11570453000,150709782300,4021.6277,4061.0858,4005.2832,4025.6109
134712000,4059.6471,7817700,112360400,11578270700,150822142700,4021.6277,4061.0858,4005.2832,4025.6109
134717000,4059.3663,6524400,79895600,11584795100,150902038300,4021.6277,4061.0858,4005.2832,4025.6109
134722000,4059.1294,7846600,93099300,11592641700,150995137600,4021.6277,4061.0858,4005.2832,4025.6109
134727000,4058.9011,6483200,90756200,11599124900,151085893800,4021.6277,4061.0858,4005.2832,4025.6109
134732000,4057.7663,7572500,107239500,11606697400,151193133300,4021.6277,4061.0858,4005.2832,4025.6109
134737000,4056.965,6123700,93093500,11612821100,151286226800,4021.6277,4061.0858,4005.2832,4025.6109
134742000,4057.0642,9066200,111126000,11621887300,151397352800,4021.6277,4061.0858,4005.2832,4025.6109
134747000,4056.4349,6279100,81614300,11628166400,151478967100,4021.6277,4061.0858,4005.2832,4025.6109
134752000,4056.1087,6415500,86891800,11634581900,151565858900,4021.6277,4061.0858,4005.2832,4025.6109
134757000,4055.6335,6526300,94496000,11641108200,151660354900,4021.6277,4061.0858,4005.2832,4025.6109
134802000,4055.3644,7445300,103992600,11648553500,151764347500,4021.6277,4061.0858,4005.2832,4025.6109
134807000,4054.9462,4405300,51608600,11652958800,151815956100,4021.6277,4061.0858,4005.2832,4025.6109
134812000,4054.5872,5055600,68582000,11658014400,151884538100,4021.6277,4061.0858,4005.2832,4025.6109
134817000,4054.7372,4579700,57501000,11662594100,151942039100,4021.6277,4061.0858,4005.2832,4025.6109
134822000,4054.5819,4552200,63215300,11667146300,152005254400,4021.6277,4061.0858,4005.2832,4025.6109
134827000,4054.4543,5158600,69444100,11672304900,152074698500,4021.6277,4061.0858,4005.2832,4025.6109
134832000,4054.1173,4882300,63265800,11677187200,152137964300,4021.6277,4061.0858,4005.2832,4025.6109
134837000,4054.3388,3202100,47238400,11680389300,152185202700,4021.6277,4061.0858,4005.2832,4025.6109
134842000,4054.2597,4816500,64007300,11685205800,152249210000,4021.6277,4061.0858,4005.2832,4025.6109
134847000,4053.7815,4796600,58049300,11690002400,152307259300,4021.6277,4061.0858,4005.2832,4025.6109
134852000,4053.8309,4013700,54769200,11694016100,152362028500,4021.6277,4061.0858,4005.2832,4025.6109
134857000,4053.4619,4738600,64996100,11698754700,152427024600,4021.6277,4061.0858,4005.2832,4025.6109
134902000,4052.8648,5966300,80419300,11704721000,152507443900,4021.6277,4061.0858,4005.2832,4025.6109
134907000,4052.5958,2838900,39838400,11707559900,152547282300,4021.6277,4061.0858,4005.2832,4025.6109
134912000,4052.5706,4010700,76124400,11711570600,152623406700,4021.6277,4061.0858,4005.2832,4025.6109
134917000,4052.6257,3810800,59569400,11715381400,152682976100,4021.6277,4061.0858,4005.2832,4025.6109
134922000,4051.7999,4655800,52591400,11720037200,152735567500,4021.6277,4061.0858,4005.2832,4025.6109
134927000,4052.5134,4143300,56010700,11724180500,152791578200,4021.6277,4061.0858,4005.2832,4025.6109
134932000,4051.8169,6436700,79502100,11730617200,152871080300,4021.6277,4061.0858,4005.2832,4025.6109
134937000,4051.9203,3523500,45383000,11734140700,152916463300,4021.6277,4061.0858,4005.2832,4025.6109
134942000,4051.8692,4758300,59841100,11738899000,152976304400,4021.6277,4061.0858,4005.2832,4025.6109
134947000,4051.653,3562100,47322500,11742461100,153023626900,4021.6277,4061.0858,4005.2832,4025.6109
134952000,4051.3962,2612400,49086600,11745073500,153072713500,4021.6277,4061.0858,4005.2832,4025.6109
134957000,4051.08,4714500,63238700,11749788000,153135952200,4021.6277,4061.0858,4005.2832,4025.6109
135002000,4050.9194,5729200,66246900,11755517200,153202199100,4021.6277,4061.0858,4005.2832,4025.6109
135007000,4050.7195,2345800,35338200,11757863000,153237537300,4021.6277,4061.0858,4005.2832,4025.6109
135012000,4050.6969,6247800,73144600,11764110800,153310681900,4021.6277,4061.0858,4005.2832,4025.6109
135017000,4050.5343,3056000,42296500,11767166800,153352978400,4021.6277,4061.0858,4005.2832,4025.6109
135022000,4050.7333,2790000,43986900,11769956800,153396965300,4021.6277,4061.0858,4005.2832,4025.6109
135027000,4050.5155,4117900,53693000,11774074700,153450658300,4021.6277,4061.0858,4005.2832,4025.6109
135032000,4050.2439,5605000,61154700,11779679700,153511813000,4021.6277,4061.0858,4005.2832,4025.6109
135037000,4049.9783,4796700,45688400,11784476400,153557501400,4021.6277,4061.0858,4005.2832,4025.6109
135042000,4050.2638,5571700,57158200,11790048100,153614659600,4021.6277,4061.0858,4005.2832,4025.6109
135047000,4050.0718,4754100,57146500,11794802200,153671806100,4021.6277,4061.0858,4005.2832,4025.6109
135052000,4049.2163,3452000,51298800,11798254200,153723104900,4021.6277,4061.0858,4005.2832,4025.6109
135057000,4049.2432,3599600,52301900,11801853800,153775406800,4021.6277,4061.0858,4005.2832,4025.6109
135102000,4048.9886,5625600,71093700,11807479400,153846500500,4021.6277,4061.0858,4005.2832,4025.6109
135107000,4048.8316,5482200,56163000,11812961600,153902663500,4021.6277,4061.0858,4005.2832,4025.6109
135112000,4048.8459,4471300,69764500,11817432900,153972428000,4021.6277,4061.0858,4005.2832,4025.6109
135117000,4048.894,3373200,46949100,11820806100,154019377100,4021.6277,4061.0858,4005.2832,4025.6109
135122000,4048.578,4718400,51186300,11825524500,154070563400,4021.6277,4061.0858,4005.2832,4025.6109
135127000,4048.7066,5437200,63946600,11830961700,154134510000,4021.6277,4061.0858,4005.2832,4025.6109
135132000,4048.8088,2864700,47590000,11833826400,154182100000,4021.6277,4061.0858,4005.2832,4025.6109
135137000,4048.6355,2744900,40165500,11836571300,154222265500,4021.6277,4061.0858,4005.2832,4025.6109
135142000,4049.0074,5295000,72891700,11841866300,154295157200,4021.6277,4061.0858,4005.2832,4025.6109
135147000,4048.4003,6085000,114285400,11847951300,154409442600,4021.6277,4061.0858,4005.2832,4025.6109
135152000,4048.5606,3218400,51453600,11851169700,154460896200,4021.6277,4061.0858,4005.2832,4025.6109
135157000,4048.3484,3996400,67468600,11855166100,154528364800,4021.6277,4061.0858,4005.2832,4025.6109
135202000,4048.536,4638600,64236900,11859804700,154592601700,4021.6277,4061.0858,4005.2832,4025.6109
135207000,4048.1398,2609200,39090900,11862413900,154631692600,4021.6277,4061.0858,4005.2832,4025.6109
135212000,4048.1804,4243700,62095600,11866657600,154693788200,4021.6277,4061.0858,4005.2832,4025.6109
135217000,4047.8823,4346600,59041800,11871004200,154752830000,4021.6277,4061.0858,4005.2832,4025.6109
135222000,4047.801,3302300,54870400,11874306500,154807700400,4021.6277,4061.0858,4005.2832,4025.6109
135227000,4047.2171,4353900,65819100,11878660400,154873519500,4021.6277,4061.0858,4005.2832,4025.6109
135232000,4047.2794,3824100,64964200,11882484500,154938483700,4021.6277,4061.0858,4005.2832,4025.6109
135237000,4047.3337,2705400,39900300,11885189900,154978384000,4021.6277,4061.0858,4005.2832,4025.6109
135242000,4047.6671,4736700,66640000,11889926600,155045024000,4021.6277,4061.0858,4005.2832,4025.6109
135247000,4047.1768,3902900,61304800,11893829500,155106328800,4021.6277,4061.0858,4005.2832,4025.6109
135252000,4047.3556,3343700,49431700,11897173200,155155760500,4021.6277,4061.0858,4005.2832,4025.6109
135257000,4047.2008,3850800,70047200,11901024000,155225807700,4021.6277,4061.0858,4005.2832,4025.6109
135302000,4047.2186,4693100,77159000,11905717100,155302966700,4021.6277,4061.0858,4005.2832,4025.6109
135307000,4046.9426,2779900,46132400,11908497000,155349099100,4021.6277,4061.0858,4005.2832,4025.6109
135312000,4046.7479,4126700,62083900,11912623700,155411183000,4021.6277,4061.0858,4005.2832,4025.6109
135317000,4046.9505,2801000,45999800,11915424700,155457182800,4021.6277,4061.0858,4005.2832,4025.6109
135322000,4046.7503,3455900,44145900,11918880600,155501328700,4021.6277,4061.0858,4005.2832,4025.6109
135327000,4046.4485,5238100,65857500,11924118700,155567186200,4021.6277,4061.0858,4005.2832,4025.6109
135332000,4046.7389,3525800,55560600,11927644500,155622746800,4021.6277,4061.0858,4005.2832,4025.6109
135337000,4046.5565,3387400,44641600,11931031900,155667388400,4021.6277,4061.0858,4005.2832,4025.6109
135342000,4046.5836,3722400,52098200,11934754300,155719486600,4021.6277,4061.0858,4005.2832,4025.6109
135347000,4045.9876,3341400,46688000,11938095700,155766174600,4021.6277,4061.0858,4005.2832,4025.6109
135352000,4045.6533,3400900,59257300,11941496600,155825431900,4021.6277,4061.0858,4005.2832,4025.6109
135357000,4045.6907,4986200,73462700,11946482800,155898894600,4021.6277,4061.0858,4005.2832,4025.6109
135402000,4045.5828,6083900,69725500,11952566700,155968620100,4021.6277,4061.0858,4005.2832,4025.6109
135407000,4045.3554,3186200,42283100,11955752900,156010903200,4021.6277,4061.0858,4005.2832,4025.6109
135412000,4045.5577,7289100,75761100,11963042000,156086664300,4021.6277,4061.0858,4005.2832,4025.6109
135417000,4045.1439,6593700,76182300,11969635700,156162846600,4021.6277,4061.0858,4005.2832,4025.6109
135422000,4044.1896,6489500,78714000,11976125200,156241560600,4021.6277,4061.0858,4005.2832,4025.6109
135427000,4044.4073,12044000,120936800,11988169200,156362497400,4021.6277,4061.0858,4005.2832,4025.6109
135432000,4044.0771,5066600,68115600,11993235800,156430613000,4021.6277,4061.0858,4005.2832,4025.6109
135437000,4044.0296,4122200,47030300,11997358000,156477643300,4021.6277,4061.0858,4005.2832,4025.6109
135442000,4044.1848,5355400,65982400,12002713400,156543625700,4021.6277,4061.0858,4005.2832,4025.6109
135447000,4043.8845,3712600,50358000,12006426000,156593983700,4021.6277,4061.0858,4005.2832,4025.6109
135452000,4043.534,4472300,55015200,12010898300,156648998900,4021.6277,4061.0858,4005.2832,4025.6109
135457000,4043.2739,4831900,64075600,12015730200,156713074500,4021.6277,4061.0858,4005.2832,4025.6109
135502000,4043.276,4613100,56153900,12020343300,156769228400,4021.6277,4061.0858,4005.2832,4025.6109
135507000,4043.2183,3143300,36785700,12023486600,156806014100,4021.6277,4061.0858,4005.2832,4025.6109
135512000,4043.3808,4035300,51993900,12027521900,156858008000,4021.6277,4061.0858,4005.2832,4025.6109
135517000,4043.085,3737700,53992400,12031259600,156912000400,4021.6277,4061.0858,4005.2832,4025.6109
135522000,4043.0972,2366500,36964300,12033626100,156948964700,4021.6277,4061.0858,4005.2832,4025.6109
135527000,4043.0718,4303800,57927300,12037929900,157006892000,4021.6277,4061.0858,4005.2832,4025.6109
135532000,4043.2336,4281700,61092600,12042211600,157067984600,4021.6277,4061.0858,4005.2832,4025.6109
135537000,4042.9911,3798100,53449300,12046009700,157121433900,4021.6277,4061.0858,4005.2832,4025.6109
135542000,4042.9032,5120300,73791800,12051130000,157195225700,4021.6277,4061.0858,4005.2832,4025.6109
135547000,4043.1166,3087000,42965400,12054217000,157238191100,4021.6277,4061.0858,4005.2832,4025.6109
135552000,4043.385,3262500,62467000,12057479500,157300658100,4021.6277,4061.0858,4005.2832,4025.6109
135557000,4042.9733,3767100,52298200,12061246600,157352956300,4021.6277,4061.0858,4005.2832,4025.6109
135602000,4042.73,4084200,51893100,12065330800,157404849400,4021.6277,4061.0858,4005.2832,4025.6109
135607000,4042.7428,2896300,39234900,12068227100,157444084300,4021.6277,4061.0858,4005.2832,4025.6109
135612000,4042.7214,3627300,47209100,12071854400,157491293400,4021.6277,4061.0858,4005.2832,4025.6109
135617000,4042.6392,3138400,46922600,12074992800,157538216000,4021.6277,4061.0858,4005.2832,4025.6109
135622000,4042.9504,2827200,43769800,12077820000,157581985800,4021.6277,4061.0858,4005.2832,4025.6109
135627000,4042.9714,4641200,62613700,12082461200,157644599500,4021.6277,4061.0858,4005.2832,4025.6109
135632000,4043.1207,3592800,48527000,12086054000,157693126500,4021.6277,4061.0858,4005.2832,4025.6109
135637000,4042.6817,2290600,38664500,12088344600,157731791000,4021.6277,4061.0858,4005.2832,4025.6109
135642000,4043.1012,4403000,61096700,12092747600,157792887700,4021.6277,4061.0858,4005.2832,4025.6109
135647000,4043.1557,2605400,40637700,12095353000,157833525400,4021.6277,4061.0858,4005.2832,4025.6109
135652000,4043.2468,2526300,37985400,12097879300,157871510800,4021.6277,4061.0858,4005.2832,4025.6109
135657000,4043.0765,3780500,47138800,12101659800,157918649600,4021.6277,4061.0858,4005.2832,4025.6109
135702000,4042.8378,3658000,46791300,12105317800,157965440900,4021.6277,4061.0858,4005.2832,4025.6109
135707000,4043.2325,1937900,28464600,12107255700,157993905500,4021.6277,4061.0858,4005.2832,4025.6109
135712000,4043.3328,3708700,44367800,12110964400,158038273300,4021.6277,4061.0858,4005.2832,4025.6109
135717000,4043.4404,2334400,37438800,12113298800,158075712100,4021.6277,4061.0858,4005.2832,4025.6109
135722000,4043.1896,2709000,37422000,12116007800,158113134100,4021.6277,4061.0858,4005.2832,4025.6109
135727000,4043.2214,3987100,52732200,12119994900,158165866300,4021.6277,4061.0858,4005.2832,4025.6109
135732000,4042.9787,3376000,45806500,12123370900,158211672800,4021.6277,4061.0858,4005.2832,4025.6109
135737000,4042.6629,2262700,30005900,12125633600,158241678700,4021.6277,4061.0858,4005.2832,4025.6109
135742000,4043.066,3729100,51982300,12129362700,158293661000,4021.6277,4061.0858,4005.2832,4025.6109
135747000,4043.2914,2911000,35177700,12132273700,158328838700,4021.6277,4061.0858,4005.2832,4025.6109
135752000,4042.9859,3184200,34589500,12135457900,158363428200,4021.6277,4061.0858,4005.2832,4025.6109
135757000,4042.8283,3590700,45125800,12139048600,158408554000,4021.6277,4061.0858,4005.2832,4025.6109
135802000,4042.4103,4919500,70523400,12143968100,158479077400,4021.6277,4061.0858,4005.2832,4025.6109
135807000,4041.1034,4432400,68142200,12148400500,158547219600,4021.6277,4061.0858,4005.2832,4025.6109
135812000,4041.1126,4655800,68099900,12153056300,158615319500,4021.6277,4061.0858,4005.2832,4025.6109
135817000,4040.5451,6464200,79963300,12159520500,158695282800,4021.6277,4061.0858,4005.2832,4025.6109
135822000,4039.1323,8740900,110459000,12168261400,158805741800,4021.6277,4061.0858,4005.2832,4025.6109
135827000,4038.7111,7569600,100186600,12175831000,158905928400,4021.6277,4061.0858,4005.2832,4025.6109
135832000,4038.6552,5673000,69675200,12181504000,158975603600,4021.6277,4061.0858,4005.2832,4025.6109
135837000,4038.2207,2361100,35128400,12183865100,159010732000,4021.6277,4061.0858,4005.2832,4025.6109
135842000,4038.0754,3951500,57477500,12187816600,159068209500,4021.6277,4061.0858,4005.2832,4025.6109
135847000,4038.2095,3917200,44703700,12191733800,159112913200,4021.6277,4061.0858,4005.2832,4025.6109
135852000,4038.3601,3140900,41079500,12194874700,159153992700,4021.6277,4061.0858,4005.2832,4025.6109
135857000,4038.4547,3795100,55420100,12198669800,159209412800,4021.6277,4061.0858,4005.2832,4025.6109
135902000,4038.6857,3303500,48667500,12201973300,159258080300,4021.6277,4061.0858,4005.2832,4025.6109
135907000,4038.2937,2185500,35249100,12204158800,159293329400,4021.6277,4061.0858,4005.2832,4025.6109
135912000,4038.5614,2986600,51127500,12207145400,159344456900,4021.6277,4061.0858,4005.2832,4025.6109
135917000,4038.4263,3782900,49047400,12210928300,159393504300,4021.6277,4061.0858,4005.2832,4025.6109
135922000,4038.0549,3993700,46775100,12214922000,159440279400,4021.6277,4061.0858,4005.2832,4025.6109
135927000,4038.1702,3128900,54094900,12218050900,159494374300,4021.6277,4061.0858,4005.2832,4025.6109
135932000,4038.3803,3559900,46697100,12221610800,159541071400,4021.6277,4061.0858,4005.2832,4025.6109
135937000,4037.8165,2754900,33697100,12224365700,159574768500,4021.6277,4061.0858,4005.2832,4025.6109
135942000,4038.379,3248300,50428000,12227614000,159625196500,4021.6277,4061.0858,4005.2832,4025.6109
135947000,4038.407,3270000,36167700,12230884000,159661364200,4021.6277,4061.0858,4005.2832,4025.6109
135952000,4038.0673,2717100,37627000,12233601100,159698991200,4021.6277,4061.0858,4005.2832,4025.6109
135957000,4038.0232,3046600,52015000,12236647700,159751006200,4021.6277,4061.0858,4005.2832,4025.6109
140002000,4038.4003,2702700,42582600,12239350400,159793588800,4021.6277,4061.0858,4005.2832,4025.6109
140007000,4038.1753,2203600,36977800,12241554000,159830566600,4021.6277,4061.0858,4005.2832,4025.6109
140012000,4037.9848,5155100,65404400,12246709100,159895971000,4021.6277,4061.0858,4005.2832,4025.6109
140017000,4038.4644,2325700,35254500,12249034800,159931225500,4021.6277,4061.0858,4005.2832,4025.6109
140022000,4038.2632,2156900,34481000,12251191700,159965706500,4021.6277,4061.0858,4005.2832,4025.6109
140027000,4038.7141,4416200,61310800,12255607900,160027017300,4021.6277,4061.0858,4005.2832,4025.6109
140032000,4038.9679,3702600,48530400,12259310500,160075547700,4021.6277,4061.0858,4005.2832,4025.6109
140037000,4039.0752,2615400,40357800,12261925900,160115905500,4021.6277,4061.0858,4005.2832,4025.6109
140042000,4039.4281,3583200,48186300,12265509100,160164091800,4021.6277,4061.0858,4005.2832,4025.6109
140047000,4039.49,3406200,44906400,12268915300,160208998200,4021.6277,4061.0858,4005.2832,4025.6109
140052000,4039.6084,2887400,35865800,12271802700,160244864000,4021.6277,4061.0858,4005.2832,4025.6109
140057000,4040.173,3282800,44576700,12275085500,160289440700,4021.6277,4061.0858,4005.2832,4025.6109
140102000,4040.1863,4059700,54511100,12279145200,160343951800,4021.6277,4061.0858,4005.2832,4025.6109
140107000,4040.282,2547300,34083700,12281692500,160378035500,4021.6277,4061.0858,4005.2832,4025.6109
140112000,4040.8539,2855900,50430700,12284548400,160428466200,4021.6277,4061.0858,4005.2832,4025.6109
140117000,4040.4761,3458100,35372500,12288006500,160463838700,4021.6277,4061.0858,4005.2832,4025.6109
140122000,4040.858,2236400,37465200,12290242900,160501303900,4021.6277,4061.0858,4005.2832,4025.6109
140127000,4040.8686,3184800,41342600,12293427700,160542646500,4021.6277,4061.0858,4005.2832,4025.6109
140132000,4041.2423,5057900,53301600,12298485600,160595948100,4021.6277,4061.0858,4005.2832,4025.6109
140137000,4041.0328,3209700,37338100,12301695300,160633286200,4021.6277,4061.0858,4005.2832,4025.6109
140142000,4041.4094,3257200,44098400,12304952500,160677384600,4021.6277,4061.0858,4005.2832,4025.6109
140147000,4041.5752,4222200,44580600,12309174700,160721965200,4021.6277,4061.0858,4005.2832,4025.6109
140152000,4041.3764,2079100,34632500,12311253800,160756597700,4021.6277,4061.0858,4005.2832,4025.6109
140157000,4041.8294,3132300,43235200,12314386100,160799832900,4021.6277,4061.0858,4005.2832,4025.6109
140202000,4041.8757,4755600,55751300,12319141700,160855584200,4021.6277,4061.0858,4005.2832,4025.6109
140207000,4041.6362,2332100,31040700,12321473800,160886624900,4021.6277,4061.0858,4005.2832,4025.6109
140212000,4041.8383,2575200,37409900,12324049000,160924034800,4021.6277,4061.0858,4005.2832,4025.6109
140217000,4041.8444,2765900,38860200,12326814900,160962895000,4021.6277,4061.0858,4005.2832,4025.6109
140222000,4041.6596,2243300,36420200,12329058200,160999315200,4021.6277,4061.0858,4005.2832,4025.6109
140227000,4041.4554,3820900,47729900,12332879100,161047045100,4021.6277,4061.0858,4005.2832,4025.6109
140232000,4041.4716,3998600,64110000,12336877700,161111155100,4021.6277,4061.0858,4005.2832,4025.6109
140237000,4041.9144,2433300,30878000,12339311000,161142033100,4021.6277,4061.0858,4005.2832,4025.6109
140242000,4041.9211,5296100,44805900,12344607100,161186839000,4021.6277,4061.0858,4005.2832,4025.6109
140247000,4042.0272,4299700,55661400,12348906800,161242500400,4021.6277,4061.0858,4005.2832,4025.6109
140252000,4041.1935,5393300,51617700,12354300100,161294118100,4021.6277,4061.0858,4005.2832,4025.6109
140257000,4040.9126,3222400,49992800,12357522500,161344110900,4021.6277,4061.0858,4005.2832,4025.6109
140302000,4041.147,3057200,46409300,12360579700,161390520200,4021.6277,4061.0858,4005.2832,4025.6109
140307000,4040.9451,3148400,39329900,12363728100,161429850100,4021.6277,4061.0858,4005.2832,4025.6109
140312000,4041.2515,3559300,47996700,12367287400,161477846800,4021.6277,4061.0858,4005.2832,4025.6109
140317000,4041.0827,2566500,37275500,12369853900,161515122300,4021.6277,4061.0858,4005.2832,4025.6109
140322000,4040.9456,2603400,46238100,12372457300,161561360400,4021.6277,4061.0858,4005.2832,4025.6109
140327000,4040.7423,5005000,49490500,12377462300,161610850900,4021.6277,4061.0858,4005.2832,4025.6109
140332000,4040.9738,3732400,51488000,12381194700,161662338900,4021.6277,4061.0858,4005.2832,4025.6109
140337000,4040.9609,1862300,30386500,12383057000,161692725400,4021.6277,4061.0858,4005.2832,4025.6109
140342000,4041.0422,3000800,41603100,12386057800,161734328500,4021.6277,4061.0858,4005.2832,4025.6109
140347000,4041.1163,3354900,51207100,12389412700,161785535600,4021.6277,4061.0858,4005.2832,4025.6109
140352000,4041.1121,1978500,35175000,12391391200,161820710600,4021.6277,4061.0858,4005.2832,4025.6109
140357000,4040.4428,2491500,40234600,12393882700,161860945200,4021.6277,4061.0858,4005.2832,4025.6109
140402000,4040.4036,3154100,49911300,12397036800,161910856500,4021.6277,4061.0858,4005.2832,4025.6109
140407000,4040.5511,2130900,30986800,12399167700,161941843300,4021.6277,4061.0858,4005.2832,4025.6109
140412000,4040.2047,2723600,39036500,12401891300,161980879800,4021.6277,4061.0858,4005.2832,4025.6109
140417000,4040.5264,2364800,32179000,12404256100,162013058800,4021.6277,4061.0858,4005.2832,4025.6109
140422000,4040.4933,2663100,42231300,12406919200,162055290100,4021.6277,4061.0858,4005.2832,4025.6109
140427000,4040.5129,3070800,50154600,12409990000,162105444700,4021.6277,4061.0858,4005.2832,4025.6109
140432000,4040.2816,3003300,42183000,12412993300,162147627700,4021.6277,4061.0858,4005.2832,4025.6109
140437000,4040.594,1550300,24198600,12414543600,162171826300,4021.6277,4061.0858,4005.2832,4025.6109
140442000,4040.708,3756000,56179600,12418299600,162228005900,4021.6277,4061.0858,4005.2832,4025.6109
140447000,4040.659,2993800,36579200,12421293400,162264585100,4021.6277,4061.0858,4005.2832,4025.6109
140452000,4040.9672,2085400,45783100,12423378800,162310368200,4021.6277,4061.0858,4005.2832,4025.6109
140457000,4040.1144,3971700,49094900,12427350500,162359463100,4021.6277,4061.0858,4005.2832,4025.6109
140502000,4040.6641,2588300,39251800,12429938800,162398714900,4021.6277,4061.0858,4005.2832,4025.6109
140507000,4040.6262,2028100,35726600,12431966900,162434441500,4021.6277,4061.0858,4005.2832,4025.6109
140512000,4040.6592,3455600,47293800,12435422500,162481735300,4021.6277,4061.0858,4005.2832,4025.6109
140517000,4040.7153,2097800,34853900,12437520300,162516589200,4021.6277,4061.0858,4005.2832,4025.6109
140522000,4040.6966,2732800,37494900,12440253100,162554084100,4021.6277,4061.0858,4005.2832,4025.6109
140527000,4040.6902,2567600,36534300,12442820700,162590618400,4021.6277,4061.0858,4005.2832,4025.6109
140532000,4041.015,4287800,53686400,12447108500,162644304800,4021.6277,4061.0858,4005.2832,4025.6109
140537000,4041.1222,2386700,31792000,12449495200,162676096800,4021.6277,4061.0858,4005.2832,4025.6109
140542000,4041.0818,2592100,39564200,12452087300,162715661000,4021.6277,4061.0858,4005.2832,4025.6109
140547000,4041.1534,2093000,26468900,12454180300,162742129900,4021.6277,4061.0858,4005.2832,4025.6109
140552000,4041.1615,2960800,36717600,12457141100,162778847500,4021.6277,4061.0858,4005.2832,4025.6109
140557000,4041.1863,3587300,42875000,12460728400,162821722500,4021.6277,4061.0858,4005.2832,4025.6109
140602000,4041.1677,2757300,46727500,12463485700,162868450000,4021.6277,4061.0858,4005.2832,4025.6109
140607000,4041.3367,1905200,24313200,12465390900,162892763200,4021.6277,4061.0858,4005.2832,4025.6109
140612000,4041.4068,2869400,40426200,12468260300,162933189400,4021.6277,4061.0858,4005.2832,4025.6109
140617000,4041.4517,3150500,43178400,12471410800,162976367800,4021.6277,4061.0858,4005.2832,4025.6109
140622000,4041.4498,2846900,41710700,12474257700,163018078500,4021.6277,4061.0858,4005.2832,4025.6109
140627000,4041.6639,2869000,45035200,12477126700,163063113700,4021.6277,4061.0858,4005.2832,4025.6109
140632000,4041.8737,2532700,36349500,12479659400,163099463200,4021.6277,4061.0858,4005.2832,4025.6109
140637000,4041.8976,1393400,21195500,12481052800,163120658700,4021.6277,4061.0858,4005.2832,4025.6109
140642000,4041.7088,2427100,41630700,12483479900,163162289400,4021.6277,4061.0858,4005.2832,4025.6109
140647000,4042.0275,1943800,31276600,12485423700,163193566000,4021.6277,4061.0858,4005.2832,4025.6109
140652000,4042.0799,2552300,42941400,12487976000,163236507400,4021.6277,4061.0858,4005.2832,4025.6109
140657000,4041.8169,3696400,69099400,12491672400,163305606800,4021.6277,4061.0858,4005.2832,4025.6109
140702000,4042.0072,4347000,59691800,12496019400,163365298600,4021.6277,4061.0858,4005.2832,4025.6109
140707000,4042.0573,2513800,36462700,12498533200,163401761300,4021.6277,4061.0858,4005.2832,4025.6109
140712000,4041.7899,3516800,42812500,12502050000,163444573800,4021.6277,4061.0858,4005.2832,4025.6109
140717000,4041.9601,3669000,51057300,12505719000,163495631100,4021.6277,4061.0858,4005.2832,4025.6109
140722000,4041.6295,2251200,35177100,12507970200,163530808200,4021.6277,4061.0858,4005.2832,4025.6109
140727000,4041.547,3826600,70626700,12511796800,163601434900,4021.6277,4061.0858,4005.2832,4025.6109
140732000,4041.7752,2581000,35789200,12514377800,163637224100,4021.6277,4061.0858,4005.2832,4025.6109
140737000,4041.7414,2009400,27911800,12516387200,163665135900,4021.6277,4061.0858,4005.2832,4025.6109
140742000,4041.5826,2680700,40535900,12519067900,163705671800,4021.6277,4061.0858,4005.2832,4025.6109
140747000,4041.903,2674400,35989300,12521742300,163741661100,4021.6277,4061.0858,4005.2832,4025.6109
140752000,4041.7534,6862900,55537700,12528605200,163797198800,4021.6277,4061.0858,4005.2832,4025.6109
140757000,4041.7358,3213500,36341400,12531818700,163833540200,4021.6277,4061.0858,4005.2832,4025.6109
140802000,4041.654,2759900,42507600,12534578600,163876047800,4021.6277,4061.0858,4005.2832,4025.6109
140807000,4041.3184,1828000,24077200,12536406600,163900125000,4021.6277,4061.0858,4005.2832,4025.6109
140812000,4041.3823,2932700,51584100,12539339300,163951709100,4021.6277,4061.0858,4005.2832,4025.6109
140817000,4041.6382,3241300,38851100,12542580600,163990560200,4021.6277,4061.0858,4005.2832,4025.6109
140822000,4041.3904,3325100,45623400,12545905700,164036183600,4021.6277,4061.0858,4005.2832,4025.6109
140827000,4041.3449,3266400,45874200,12549172100,164082057800,4021.6277,4061.0858,4005.2832,4025.6109
140832000,4041.3258,2546700,35011400,12551718800,164117069200,4021.6277,4061.0858,4005.2832,4025.6109
140837000,4041.3611,1570300,22742800,12553289100,164139812000,4021.6277,4061.0858,4005.2832,4025.6109
140842000,4040.9852,3555900,52223800,12556845000,164192035800,4021.6277,4061.0858,4005.2832,4025.6109
140847000,4040.9996,2605000,30970300,12559450000,164223006100,4021.6277,4061.0858,4005.2832,4025.6109
140852000,4041.2089,2688700,36550600,12562138700,164259556700,4021.6277,4061.0858,4005.2832,4025.6109
140857000,4041.1873,3249900,43791200,12565388600,164303347900,4021.6277,4061.0858,4005.2832,4025.6109
140902000,4041.0856,2678200,41796600,12568066800,164345144500,4021.6277,4061.0858,4005.2832,4025.6109
140907000,4040.8627,1359700,21612100,12569426500,164366756600,4021.6277,4061.0858,4005.2832,4025.6109
140912000,4041.0238,3700100,48960000,12573126600,164415716600,4021.6277,4061.0858,4005.2832,4025.6109
140917000,4040.787,4072700,46915100,12577199300,164462631700,4021.6277,4061.0858,4005.2832,4025.6109
140922000,4040.7111,2101000,35377300,12579300300,164498009000,4021.6277,4061.0858,4005.2832,4025.6109
140927000,4040.7214,4130300,52430900,12583430600,164550439900,4021.6277,4061.0858,4005.2832,4025.6109
140932000,4040.6915,3977900,58279300,12587408500,164608719200,4021.6277,4061.0858,4005.2832,4025.6109
140937000,4040.6281,2246800,36371800,12589655300,164645091000,4021.6277,4061.0858,4005.2832,4025.6109
140942000,4039.8239,4451200,62728500,12594106500,164707819500,4021.6277,4061.0858,4005.2832,4025.6109
140947000,4039.4647,2849500,45675300,12596956000,164753494800,4021.6277,4061.0858,4005.2832,4025.6109
140952000,4039.5558,2785500,42445800,12599741500,164795940600,4021.6277,4061.0858,4005.2832,4025.6109
140957000,4039.0747,3814700,53176100,12603556200,164849116700,4021.6277,4061.0858,4005.2832,4025.6109
141002000,4039.0556,4160500,56066900,12607716700,164905183600,4021.6277,4061.0858,4005.2832,4025.6109
141007000,4038.8012,2733000,27916200,12610449700,164933099800,4021.6277,4061.0858,4005.2832,4025.6109
141012000,4038.8953,6513000,73896700,12616962700,165006996500,4021.6277,4061.0858,4005.2832,4025.6109
141017000,4038.8689,3601300,47879700,12620564000,165054876200,4021.6277,4061.0858,4005.2832,4025.6109
141022000,4038.2422,3869200,46630400,12624433200,165101506600,4021.6277,4061.0858,4005.2832,4025.6109
141027000,4037.9039,5056300,77678700,12629489500,165179185300,4021.6277,4061.0858,4005.2832,4025.6109
141032000,4037.6565,5846900,79807900,12635336400,165258993200,4021.6277,4061.0858,4005.2832,4025.6109
141037000,4037.3889,2862900,44224200,12638199300,165303217400,4021.6277,4061.0858,4005.2832,4025.6109
141042000,4036.9216,5221300,72012200,12643420600,165375229600,4021.6277,4061.0858,4005.2832,4025.6109
141047000,4036.5478,8378100,84286300,12651798700,165459515900,4021.6277,4061.0858,4005.2832,4025.6109
141052000,4036.1533,4175100,58983100,12655973800,165518499000,4021.6277,4061.0858,4005.2832,4025.6109
141057000,4035.6567,5380100,78126000,12661353900,165596625000,4021.6277,4061.0858,4005.2832,4025.6109
141102000,4034.993,5220900,73256900,12666574800,165669881900,4021.6277,4061.0858,4005.2832,4025.6109
141107000,4034.8748,3837700,48176000,12670412500,165718057900,4021.6277,4061.0858,4005.2832,4025.6109
141112000,4035.1991,6142200,110839400,12676554700,165828897300,4021.6277,4061.0858,4005.2832,4025.6109
141117000,4035.1728,5118600,58516700,12681673300,165887414000,4021.6277,4061.0858,4005.2832,4025.6109
141122000,4034.6626,3414400,52651000,12685087700,165940065000,4021.6277,4061.0858,4005.2832,4025.6109
141127000,4035.2087,5043600,80949500,12690131300,166021014500,4021.6277,4061.0858,4005.2832,4025.6109
141132000,4034.4319,5466200,75306800,12695597500,166096321300,4021.6277,4061.0858,4005.2832,4025.6109
141137000,4034.1218,2786600,39575300,12698384100,166135896600,4021.6277,4061.0858,4005.2832,4025.6109
141142000,4033.8468,5254100,62761500,12703638200,166198658100,4021.6277,4061.0858,4005.2832,4025.6109
141147000,4033.8445,4148900,49774900,12707787100,166248433000,4021.6277,4061.0858,4005.2832,4025.6109
141152000,4033.5409,3649200,43792800,12711436300,166292225800,4021.6277,4061.0858,4005.2832,4025.6109
141157000,4033.1288,3831300,59248100,12715267600,166351473900,4021.6277,4061.0858,4005.2832,4025.6109
141202000,4033.1792,4259800,59804200,12719527400,166411278100,4021.6277,4061.0858,4005.2832,4025.6109
141207000,4033.7616,3408300,42469700,12722935700,166453747800,4021.6277,4061.0858,4005.2832,4025.6109
141212000,4035.4034,6594400,101402300,12729530100,166555150100,4021.6277,4061.0858,4005.2832,4025.6109
141217000,4035.6226,6944300,97528900,12736474400,166652679000,4021.6277,4061.0858,4005.2832,4025.6109
141222000,4035.7424,5321500,91088800,12741795900,166743767800,4021.6277,4061.0858,4005.2832,4025.6109
141227000,4037.1103,5899000,94412400,12747694900,166838180200,4021.6277,4061.0858,4005.2832,4025.6109
141232000,4037.1349,4607500,78488400,12752302400,166916668600,4021.6277,4061.0858,4005.2832,4025.6109
141237000,4037.5283,2725300,40626900,12755027700,166957295500,4021.6277,4061.0858,4005.2832,4025.6109
141242000,4037.4747,3957000,92929500,12758984700,167050225000,4021.6277,4061.0858,4005.2832,4025.6109
141247000,4038.533,3661200,55433200,12762645900,167105658200,4021.6277,4061.0858,4005.2832,4025.6109
141252000,4038.193,4275300,79681500,12766921200,167185339700,4021.6277,4061.0858,4005.2832,4025.6109
141257000,4038.3113,3894600,75433400,12770815800,167260773100,4021.6277,4061.0858,4005.2832,4025.6109
141302000,4038.2228,2922200,50571900,12773738000,167311345000,4021.6277,4061.0858,4005.2832,4025.6109
141307000,4037.9998,2804600,45613200,12776542600,167356958200,4021.6277,4061.0858,4005.2832,4025.6109
141312000,4038.4702,3857200,56632900,12780399800,167413591100,4021.6277,4061.0858,4005.2832,4025.6109
141317000,4038.483,2249500,35370300,12782649300,167448961400,4021.6277,4061.0858,4005.2832,4025.6109
141322000,4038.4581,3064100,58271500,12785713400,167507232900,4021.6277,4061.0858,4005.2832,4025.6109
141327000,4038.3318,3377500,88497300,12789090900,167595730200,4021.6277,4061.0858,4005.2832,4025.6109
141332000,4038.1033,3391300,131305100,12792482200,167727035300,4021.6277,4061.0858,4005.2832,4025.6109
141337000,4038.2298,2049600,42074100,12794531800,167769109400,4021.6277,4061.0858,4005.2832,4025.6109
141342000,4037.926,3495200,62448500,12798027000,167831557900,4021.6277,4061.0858,4005.2832,4025.6109
141347000,4037.7325,3231600,43848500,12801258600,167875406400,4021.6277,4061.0858,4005.2832,4025.6109
141352000,4038.3988,2309000,38395700,12803567600,167913802100,4021.6277,4061.0858,4005.2832,4025.6109
141357000,4038.5076,2365900,44519000,12805933500,167958321100,4021.6277,4061.0858,4005.2832,4025.6109
141402000,4038.2296,2138800,41812700,12808072300,168000133800,4021.6277,4061.0858,4005.2832,4025.6109
141407000,4037.7979,1870100,26617600,12809942400,168026751400,4021.6277,4061.0858,4005.2832,4025.6109
141412000,4038.0172,3302400,57758700,12813244800,168084510100,4021.6277,4061.0858,4005.2832,4025.6109
141417000,4037.8125,3001500,36426100,12816246300,168120936200,4021.6277,4061.0858,4005.2832,4025.6109
141422000,4037.511,2530600,38956900,12818776900,168159893100,4021.6277,4061.0858,4005.2832,4025.6109
141427000,4037.3398,4871300,57342500,12823648200,168217235600,4021.6277,4061.0858,4005.2832,4025.6109
141432000,4037.6529,2659800,48913300,12826308000,168266148900,4021.6277,4061.0858,4005.2832,4025.6109
141437000,4037.7161,1841800,32083700,12828149800,168298232600,4021.6277,4061.0858,4005.2832,4025.6109
141442000,4037.6916,4777400,71713300,12832927200,168369945900,4021.6277,4061.0858,4005.2832,4025.6109
141447000,4037.6709,3743400,46299100,12836670600,168416245000,4021.6277,4061.0858,4005.2832,4025.6109
141452000,4037.235,3914200,55571200,12840584800,168471816200,4021.6277,4061.0858,4005.2832,4025.6109
141457000,4037.3385,4931900,53232200,12845516700,168525048400,4021.6277,4061.0858,4005.2832,4025.6109
141502000,4037.325,6727400,60421800,12852244100,168585470200,4021.6277,4061.0858,4005.2832,4025.6109
141507000,4037.1559,4722600,35691700,12856966700,168621161900,4021.6277,4061.0858,4005.2832,4025.6109
141512000,4037.048,3852600,53130700,12860819300,168674292600,4021.6277,4061.0858,4005.2832,4025.6109
141517000,4037.2858,3088800,37526400,12863908100,168711819000,4021.6277,4061.0858,4005.2832,4025.6109
141522000,4037.1753,3509800,53754100,12867417900,168765573100,4021.6277,4061.0858,4005.2832,4025.6109
141527000,4037.5702,2899200,43361600,12870317100,168808934700,4021.6277,4061.0858,4005.2832,4025.6109
141532000,4037.6532,3326700,48136000,12873643800,168857070700,4021.6277,4061.0858,4005.2832,4025.6109
141537000,4037.9421,2401300,30993000,12876045100,168888063700,4021.6277,4061.0858,4005.2832,4025.6109
141542000,4037.8224,3527900,49590900,12879573000,168937654600,4021.6277,4061.0858,4005.2832,4025.6109
141547000,4037.9562,4431000,50135300,12884004000,168987789900,4021.6277,4061.0858,4005.2832,4025.6109
141552000,4038.3667,2489700,39043200,12886493700,169026833100,4021.6277,4061.0858,4005.2832,4025.6109
141557000,4038.0791,3615000,51348900,12890108700,169078182000,4021.6277,4061.0858,4005.2832,4025.6109
141602000,4038.4209,4495900,50775800,12894604600,169128957800,4021.6277,4061.0858,4005.2832,4025.6109
141607000,4038.2914,2529100,32419000,12897133700,169161376800,4021.6277,4061.0858,4005.2832,4025.6109
141612000,4038.6102,7808200,60610800,12904941900,169221987600,4021.6277,4061.0858,4005.2832,4025.6109
141617000,4038.6758,12034800,71658000,12916976700,169293645600,4021.6277,4061.0858,4005.2832,4025.6109
141622000,4039.3836,3562500,56646000,12920539200,169350291600,4021.6277,4061.0858,4005.2832,4025.6109
141627000,4039.0361,4610800,55403500,12925150000,169405695100,4021.6277,4061.0858,4005.2832,4025.6109
141632000,4039.7214,4359700,63280000,12929509700,169468975100,4021.6277,4061.0858,4005.2832,4025.6109
141637000,4039.6228,2809200,40276300,12932318900,169509251400,4021.6277,4061.0858,4005.2832,4025.6109
141642000,4039.7224,3567300,49295100,12935886200,169558546500,4021.6277,4061.0858,4005.2832,4025.6109
141647000,4040.1585,18657200,78662700,12954543400,169637209200,4021.6277,4061.0858,4005.2832,4025.6109
141652000,4040.4695,3168300,48523900,12957711700,169685733100,4021.6277,4061.0858,4005.2832,4025.6109
141657000,4040.2168,4591300,51756900,12962303000,169737490000,4021.6277,4061.0858,4005.2832,4025.6109
141702000,4040.907,4615300,70181900,12966918300,169807671900,4021.6277,4061.0858,4005.2832,4025.6109
141707000,4040.8424,1817000,27403100,12968735300,169835075000,4021.6277,4061.0858,4005.2832,4025.6109
141712000,4040.7726,4160000,77076400,12972895300,169912151400,4021.6277,4061.0858,4005.2832,4025.6109
141717000,4040.626,2761000,33905800,12975656300,169946057200,4021.6277,4061.0858,4005.2832,4025.6109
141722000,4040.9506,2375100,44588900,12978031400,169990646100,4021.6277,4061.0858,4005.2832,4025.6109
141727000,4041.0351,4027100,54208600,12982058500,170044854700,4021.6277,4061.0858,4005.2832,4025.6109
141732000,4041.312,4830300,69754600,12986888800,170114609300,4021.6277,4061.0858,4005.2832,4025.6109
141737000,4041.7177,1989000,32103400,12988877800,170146712700,4021.6277,4061.0858,4005.2832,4025.6109
141742000,4042.0055,4253700,63047300,12993131500,170209760000,4021.6277,4061.0858,4005.2832,4025.6109
141747000,4042.3185,3435900,43760500,12996567400,170253520500,4021.6277,4061.0858,4005.2832,4025.6109
141752000,4042.6855,2690100,47718700,12999257500,170301239200,4021.6277,4061.0858,4005.2832,4025.6109
141757000,4042.3775,5413000,60036500,13004670500,170361275700,4021.6277,4061.0858,4005.2832,4025.6109
141802000,4042.3069,4441400,61879800,13009111900,170423155500,4021.6277,4061.0858,4005.2832,4025.6109
141807000,4042.623,2273300,40800400,13011385200,170463955900,4021.6277,4061.0858,4005.2832,4025.6109
141812000,4042.8847,3475800,59729400,13014861000,170523685300,4021.6277,4061.0858,4005.2832,4025.6109
141817000,4042.8298,2419900,39735700,13017280900,170563421000,4021.6277,4061.0858,4005.2832,4025.6109
141822000,4043.0665,2802500,66420800,13020083400,170629841800,4021.6277,4061.0858,4005.2832,4025.6109
141827000,4043.0285,3194100,58324000,13023277500,170688165800,4021.6277,4061.0858,4005.2832,4025.6109
141832000,4043.0303,2732300,53822000,13026009800,170741987800,4021.6277,4061.0858,4005.2832,4025.6109
141837000,4043.2881,2547600,40568900,13028557400,170782556700,4021.6277,4061.0858,4005.2832,4025.6109
141842000,4042.9333,3529500,64249900,13032086900,170846806600,4021.6277,4061.0858,4005.2832,4025.6109
141847000,4042.9111,2823800,52122800,13034910700,170898929400,4021.6277,4061.0858,4005.2832,4025.6109
141852000,4043.5151,3271600,52606000,13038182300,170951535400,4021.6277,4061.0858,4005.2832,4025.6109
141857000,4043.2764,3438500,52106300,13041620800,171003641700,4021.6277,4061.0858,4005.2832,4025.6109
141902000,4043.1152,4007300,59625900,13045628100,171063267600,4021.6277,4061.0858,4005.2832,4025.6109
141907000,4043.133,6817300,59793500,13052445400,171123061100,4021.6277,4061.0858,4005.2832,4025.6109
141912000,4043.2218,5085400,72888600,13057530800,171195949700,4021.6277,4061.0858,4005.2832,4025.6109
141917000,4043.369,4084300,71372600,13061615100,171267322300,4021.6277,4061.0858,4005.2832,4025.6109
141922000,4043.4983,2969900,44656000,13064585000,171311978300,4021.6277,4061.0858,4005.2832,4025.6109
141927000,4043.6507,4185000,72634600,13068770000,171384612900,4021.6277,4061.0858,4005.2832,4025.6109
141932000,4043.33,4297300,62615300,13073067300,171447228200,4021.6277,4061.0858,4005.2832,4025.6109
141937000,4043.4291,3034300,34816300,13076101600,171482044500,4021.6277,4061.0858,4005.2832,4025.6109
141942000,4043.2221,3446000,55032700,13079547600,171537077200,4021.6277,4061.0858,4005.2832,4025.6109
141947000,4043.3026,4744300,59362400,13084291900,171596439600,4021.6277,4061.0858,4005.2832,4025.6109
141952000,4043.4689,3095700,58473300,13087387600,171654912900,4021.6277,4061.0858,4005.2832,4025.6109
141957000,4043.0602,5423300,74485800,13092810900,171729398700,4021.6277,4061.0858,4005.2832,4025.6109
142002000,4042.4827,5270500,66239800,13098081400,171795638500,4021.6277,4061.0858,4005.2832,4025.6109
142007000,4042.3031,2622800,39445400,13100704200,171835083900,4021.6277,4061.0858,4005.2832,4025.6109
142012000,4042.0474,4474400,70935400,13105178600,171906019300,4021.6277,4061.0858,4005.2832,4025.6109
142017000,4041.9308,2706100,42851300,13107884700,171948870600,4021.6277,4061.0858,4005.2832,4025.6109
142022000,4041.9748,4220600,73572700,13112105300,172022443300,4021.6277,4061.0858,4005.2832,4025.6109
142027000,4041.6916,4368900,59701200,13116474200,172082144500,4021.6277,4061.0858,4005.2832,4025.6109
142032000,4042.0337,3947700,49156600,13120421900,172131301100,4021.6277,4061.0858,4005.2832,4025.6109
142037000,4041.8443,4568900,47180600,13124990800,172178481700,4021.6277,4061.0858,4005.2832,4025.6109
142042000,4041.6994,3626700,49645900,13128617500,172228127600,4021.6277,4061.0858,4005.2832,4025.6109
142047000,4042.1767,2982800,43634900,13131600300,172271762500,4021.6277,4061.0858,4005.2832,4025.6109
142052000,4041.8235,2739200,40822900,13134339500,172312585400,4021.6277,4061.0858,4005.2832,4025.6109
142057000,4041.4896,5168900,52416500,13139508400,172365001900,4021.6277,4061.0858,4005.2832,4025.6109
142102000,4041.4394,5993500,57002200,13145501900,172422004100,4021.6277,4061.0858,4005.2832,4025.6109
142107000,4041.2953,2355100,33627500,13147857000,172455631600,4021.6277,4061.0858,4005.2832,4025.6109
142112000,4041.2541,4991500,54655200,13152848500,172510286800,4021.6277,4061.0858,4005.2832,4025.6109
142117000,4041.4868,3225000,41360300,13156073500,172551647100,4021.6277,4061.0858,4005.2832,4025.6109
142122000,4041.2857,2281100,35838000,13158354600,172587485100,4021.6277,4061.0858,4005.2832,4025.6109
142127000,4041.4506,3511800,81267600,13161866400,172668752700,4021.6277,4061.0858,4005.2832,4025.6109
142132000,4041.2165,5618700,67108300,13167485100,172735861000,4021.6277,4061.0858,4005.2832,4025.6109
142137000,4041.5363,2856000,82725900,13170341100,172818586900,4021.6277,4061.0858,4005.2832,4025.6109
142142000,4041.11,5531000,89256600,13175872100,172907843500,4021.6277,4061.0858,4005.2832,4025.6109
142147000,4041.7667,2867300,42364500,13178739400,172950208000,4021.6277,4061.0858,4005.2832,4025.6109
142152000,4041.2709,2267700,39869200,13181007100,172990077200,4021.6277,4061.0858,4005.2832,4025.6109
142157000,4041.0712,3469500,50873200,13184476600,173040950400,4021.6277,4061.0858,4005.2832,4025.6109
142202000,4041.0397,3488700,61749100,13187965300,173102699500,4021.6277,4061.0858,4005.2832,4025.6109
142207000,4041.1072,2281100,31899400,13190246400,173134598900,4021.6277,4061.0858,4005.2832,4025.6109
142212000,4041.1866,3879400,80102300,13194125800,173214701200,4021.6277,4061.0858,4005.2832,4025.6109
142217000,4041.1426,4791700,56678100,13198917500,173271379300,4021.6277,4061.0858,4005.2832,4025.6109
142222000,4041.1919,3155700,45367900,13202073200,173316747200,4021.6277,4061.0858,4005.2832,4025.6109
142227000,4041.1519,4220700,59271500,13206293900,173376018700,4021.6277,4061.0858,4005.2832,4025.6109
142232000,4040.6553,3268800,51846100,13209562700,173427864800,4021.6277,4061.0858,4005.2832,4025.6109
142237000,4040.9875,1688400,32133800,13211251100,173459998600,4021.6277,4061.0858,4005.2832,4025.6109
142242000,4040.3008,3470400,53798300,13214721500,173513796900,4021.6277,4061.0858,4005.2832,4025.6109
142247000,4040.3453,3417800,40259700,13218139300,173554056600,4021.6277,4061.0858,4005.2832,4025.6109
142252000,4040.1831,2404800,40190100,13220544100,173594246700,4021.6277,4061.0858,4005.2832,4025.6109
142257000,4039.8486,2873900,48597200,13223418000,173642843900,4021.6277,4061.0858,4005.2832,4025.6109
142302000,4039.3432,3876500,52337500,13227294500,173695181400,4021.6277,4061.0858,4005.2832,4025.6109
142307000,4039.1497,2971800,43003600,13230266300,173738185000,4021.6277,4061.0858,4005.2832,4025.6109
142312000,4039.1662,4396100,52488700,13234662400,173790673700,4021.6277,4061.0858,4005.2832,4025.6109
142317000,4038.521,5878600,62240800,13240541000,173852914500,4021.6277,4061.0858,4005.2832,4025.6109
142322000,4038.3204,3287500,54791500,13243828500,173907706000,4021.6277,4061.0858,4005.2832,4025.6109
142327000,4037.0429,6201000,69991200,13250029500,173977697200,4021.6277,4061.0858,4005.2832,4025.6109
142332000,4036.7241,5386400,73713800,13255415900,174051411000,4021.6277,4061.0858,4005.2832,4025.6109
142337000,4036.9738,3605500,43159400,13259021400,174094570400,4021.6277,4061.0858,4005.2832,4025.6109
142342000,4036.7215,4606700,64712300,13263628100,174159282700,4021.6277,4061.0858,4005.2832,4025.6109
142347000,4036.6548,3760500,48714300,13267388600,174207997000,4021.6277,4061.0858,4005.2832,4025.6109
142352000,4036.4354,3549500,48417100,13270938100,174256414100,4021.6277,4061.0858,4005.2832,4025.6109
142357000,4036.0575,4390800,56658600,13275328900,174313072700,4021.6277,4061.0858,4005.2832,4025.6109
142402000,4035.6325,5424300,80948200,13280753200,174394020900,4021.6277,4061.0858,4005.2832,4025.6109
142407000,4035.6436,2802200,41179900,13283555400,174435200800,4021.6277,4061.0858,4005.2832,4025.6109
142412000,4035.1553,5554000,75256300,13289109400,174510457100,4021.6277,4061.0858,4005.2832,4025.6109
142417000,4035.1909,3677500,62470900,13292786900,174572928000,4021.6277,4061.0858,4005.2832,4025.6109
142422000,4034.665,3101400,51381500,13295888300,174624309500,4021.6277,4061.0858,4005.2832,4025.6109
142427000,4034.9226,3962300,62288300,13299850600,174686597800,4021.6277,4061.0858,4005.2832,4025.6109
142432000,4035.1225,5182400,57725200,13305033000,174744323000,4021.6277,4061.0858,4005.2832,4025.6109
142437000,4034.7851,2995900,36311600,13308028900,174780634600,4021.6277,4061.0858,4005.2832,4025.6109
142442000,4034.3879,7016300,74359300,13315045200,174854993900,4021.6277,4061.0858,4005.2832,4025.6109
142447000,4034.2254,3816200,48700000,13318861400,174903693900,4021.6277,4061.0858,4005.2832,4025.6109
142452000,4034.2315,4966000,58046300,13323827400,174961740200,4021.6277,4061.0858,4005.2832,4025.6109
142457000,4034.1378,4636600,62818000,13328464000,175024558200,4021.6277,4061.0858,4005.2832,4025.6109
142502000,4034.3665,6156600,81187200,13334620600,175105745400,4021.6277,4061.0858,4005.2832,4025.6109
142507000,4034.4126,3123500,43980000,13337744100,175149725400,4021.6277,4061.0858,4005.2832,4025.6109
142512000,4034.3313,4248400,58780400,13341992500,175208505800,4021.6277,4061.0858,4005.2832,4025.6109
142517000,4034.2121,4335700,52048900,13346328200,175260554700,4021.6277,4061.0858,4005.2832,4025.6109
142522000,4034.5177,3702700,56386500,13350030900,175316941200,4021.6277,4061.0858,4005.2832,4025.6109
142527000,4034.7018,4653200,76102300,13354684100,175393043500,4021.6277,4061.0858,4005.2832,4025.6109
142532000,4035.0537,6019500,90846300,13360703600,175483889800,4021.6277,4061.0858,4005.2832,4025.6109
142537000,4035.4243,3345600,53001100,13364049200,175536890900,4021.6277,4061.0858,4005.2832,4025.6109
142542000,4035.0578,4371500,69627700,13368420700,175606518600,4021.6277,4061.0858,4005.2832,4025.6109
142547000,4035.1169,2414600,36033400,13370835300,175642552000,4021.6277,4061.0858,4005.2832,4025.6109
142552000,4035.9101,2925900,47746700,13373761200,175690298700,4021.6277,4061.0858,4005.2832,4025.6109
142557000,4035.7137,3202500,54706000,13376963700,175745004700,4021.6277,4061.0858,4005.2832,4025.6109
142602000,4035.4176,3765700,49347600,13380729400,175794352300,4021.6277,4061.0858,4005.2832,4025.6109
142607000,4035.1806,2607600,38339700,13383337000,175832692000,4021.6277,4061.0858,4005.2832,4025.6109
142612000,4035.4292,4101200,57156800,13387438200,175889848800,4021.6277,4061.0858,4005.2832,4025.6109
142617000,4035.2368,3803900,55392300,13391242100,175945241100,4021.6277,4061.0858,4005.2832,4025.6109
142622000,4035.6444,3036900,53759700,13394279000,175999000800,4021.6277,4061.0858,4005.2832,4025.6109
142627000,4035.6443,3591400,49623100,13397870400,176048623900,4021.6277,4061.0858,4005.2832,4025.6109
142632000,4035.6864,3105300,50451700,13400975700,176099075600,4021.6277,4061.0858,4005.2832,4025.6109
142637000,4035.696,2361000,33868100,13403336700,176132943700,4021.6277,4061.0858,4005.2832,4025.6109
142642000,4035.931,3906200,70003000,13407242900,176202946700,4021.6277,4061.0858,4005.2832,4025.6109
142647000,4036.0434,3479900,50067500,13410722800,176253014200,4021.6277,4061.0858,4005.2832,4025.6109
142652000,4036.0091,2740800,42103300,13413463600,176295117500,4021.6277,4061.0858,4005.2832,4025.6109
142657000,4035.9016,4708900,63564500,13418172500,176358682000,4021.6277,4061.0858,4005.2832,4025.6109
142702000,4036.0134,3118500,48320400,13421291000,176407002400,4021.6277,4061.0858,4005.2832,4025.6109
142707000,4036.0642,2190200,35812900,13423481200,176442815300,4021.6277,4061.0858,4005.2832,4025.6109
142712000,4036.2855,3524400,52994400,13427005600,176495809700,4021.6277,4061.0858,4005.2832,4025.6109
142717000,4036.179,2488600,34263300,13429494200,176530073000,4021.6277,4061.0858,4005.2832,4025.6109
142722000,4035.9766,3333000,55367200,13432827200,176585440200,4021.6277,4061.0858,4005.2832,4025.6109
142727000,4036.0263,5215900,61896300,13438043100,176647336500,4021.6277,4061.0858,4005.2832,4025.6109
142732000,4036.1568,3630600,47408500,13441673700,176694745000,4021.6277,4061.0858,4005.2832,4025.6109
142737000,4035.9455,2099100,28402100,13443772800,176723147100,4021.6277,4061.0858,4005.2832,4025.6109
142742000,4036.2241,3274200,51127000,13447047000,176774274100,4021.6277,4061.0858,4005.2832,4025.6109
142747000,4036.1547,2442400,35478500,13449489400,176809752600,4021.6277,4061.0858,4005.2832,4025.6109
142752000,4036.4178,2535300,35915300,13452024700,176845667900,4021.6277,4061.0858,4005.2832,4025.6109
142757000,4036.4974,3159800,48358100,13455184500,176894026000,4021.6277,4061.0858,4005.2832,4025.6109
142802000,4036.3808,4420800,64638200,13459605300,176958664200,4021.6277,4061.0858,4005.2832,4025.6109
142807000,4036.2882,2279800,32578600,13461885100,176991242800,4021.6277,4061.0858,4005.2832,4025.6109
142812000,4036.3103,3822000,48798400,13465707100,177040041200,4021.6277,4061.0858,4005.2832,4025.6109
142817000,4036.4912,3021400,46565500,13468728500,177086606700,4021.6277,4061.0858,4005.2832,4025.6109
142822000,4036.624,2939100,42783200,13471667600,177129389900,4021.6277,4061.0858,4005.2832,4025.6109
142827000,4036.3941,2612200,43066400,13474279800,177172456300,4021.6277,4061.0858,4005.2832,4025.6109
142832000,4036.6078,3760300,51117600,13478040100,177223573900,4021.6277,4061.0858,4005.2832,4025.6109
142837000,4037.1091,1748000,28393500,13479788100,177251967400,4021.6277,4061.0858,4005.2832,4025.6109
142842000,4036.7596,4009800,45688400,13483797900,177297655800,4021.6277,4061.0858,4005.2832,4025.6109
142847000,4036.7366,2396600,32405900,13486194500,177330061700,4021.6277,4061.0858,4005.2832,4025.6109
142852000,4036.9276,3267700,43071900,13489462200,177373133600,4021.6277,4061.0858,4005.2832,4025.6109
142857000,4036.9022,2919400,47534100,13492381600,177420667700,4021.6277,4061.0858,4005.2832,4025.6109
142902000,4036.955,2929300,48679800,13495310900,177469347500,4021.6277,4061.0858,4005.2832,4025.6109
142907000,4036.7634,1878100,35518000,13497189000,177504865500,4021.6277,4061.0858,4005.2832,4025.6109
142912000,4036.8861,3239700,48418800,13500428700,177553284300,4021.6277,4061.0858,4005.2832,4025.6109
142917000,4037.2864,3154700,43026500,13503583400,177596310800,4021.6277,4061.0858,4005.2832,4025.6109
142922000,4037.4902,3135000,49383100,13506718400,177645693900,4021.6277,4061.0858,4005.2832,4025.6109
142927000,4037.2385,3894000,54443100,13510612400,177700137000,4021.6277,4061.0858,4005.2832,4025.6109
142932000,4037.3488,4006700,53677300,13514619100,177753814300,4021.6277,4061.0858,4005.2832,4025.6109
142937000,4038.0981,2077200,31731900,13516696300,177785546200,4021.6277,4061.0858,4005.2832,4025.6109
142942000,4037.7205,3038300,56680400,13519734600,177842226600,4021.6277,4061.0858,4005.2832,4025.6109
142947000,4037.7074,2829900,43298000,13522564500,177885524600,4021.6277,4061.0858,4005.2832,4025.6109
142952000,4037.8283,2502900,34842200,13525067400,177920366800,4021.6277,4061.0858,4005.2832,4025.6109
142957000,4037.7629,3378300,52919400,13528445700,177973286200,4021.6277,4061.0858,4005.2832,4025.6109
143002000,4037.5711,3253600,51059700,13531699300,178024345900,4021.6277,4061.0858,4005.2832,4025.6109
143007000,4037.5863,2080700,30658000,13533780000,178055003900,4021.6277,4061.0858,4005.2832,4025.6109
143012000,4037.5844,3667100,67681500,13537447100,178122685400,4021.6277,4061.0858,4005.2832,4025.6109
143017000,4037.1961,3192400,47421000,13540639500,178170106400,4021.6277,4061.0858,4005.2832,4025.6109
143022000,4037.0489,3980200,47561600,13544619700,178217668000,4021.6277,4061.0858,4005.2832,4025.6109
143027000,4037.3686,3780200,55347900,13548399900,178273015900,4021.6277,4061.0858,4005.2832,4025.6109
143032000,4037.3945,5036300,59331100,13553436200,178332347000,4021.6277,4061.0858,4005.2832,4025.6109
143037000,4037.1733,4158600,45134800,13557594800,178377481800,4021.6277,4061.0858,4005.2832,4025.6109
143042000,4036.9916,4693300,51404900,13562288100,178428886700,4021.6277,4061.0858,4005.2832,4025.6109
143047000,4037.311,3862500,43292100,13566150600,178472178800,4021.6277,4061.0858,4005.2832,4025.6109
143052000,4036.9021,2855600,46618600,13569006200,178518797400,4021.6277,4061.0858,4005.2832,4025.6109
143057000,4037.3305,4083800,65995800,13573090000,178584793200,4021.6277,4061.0858,4005.2832,4025.6109
143102000,4037.0299,3835000,56555100,13576925000,178641348300,4021.6277,4061.0858,4005.2832,4025.6109
143107000,4036.606,2880300,40509300,13579805300,178681857600,4021.6277,4061.0858,4005.2832,4025.6109
143112000,4037.246,3829900,57633300,13583635200,178739490900,4021.6277,4061.0858,4005.2832,4025.6109
143117000,4037.0969,4604800,57544100,13588240000,178797035000,4021.6277,4061.0858,4005.2832,4025.6109
143122000,4036.462,2559800,37938100,13590799800,178834973100,4021.6277,4061.0858,4005.2832,4025.6109
143127000,4036.5088,3793700,54334100,13594593500,178889307200,4021.6277,4061.0858,4005.2832,4025.6109
143132000,4036.5949,3197200,39889500,13597790700,178929196700,4021.6277,4061.0858,4005.2832,4025.6109
143137000,4036.2588,1912900,30752600,13599703600,178959949300,4021.6277,4061.0858,4005.2832,4025.6109
143142000,4036.22,3930300,50944900,13603633900,179010894200,4021.6277,4061.0858,4005.2832,4025.6109
143147000,4036.1153,2726700,40144900,13606360600,179051039100,4021.6277,4061.0858,4005.2832,4025.6109
143152000,4035.8601,2863100,42929500,13609223700,179093968600,4021.6277,4061.0858,4005.2832,4025.6109
143157000,4035.9754,4061500,54673100,13613285200,179148641700,4021.6277,4061.0858,4005.2832,4025.6109
143202000,4035.8552,3958600,48402700,13617243800,179197044400,4021.6277,4061.0858,4005.2832,4025.6109
143207000,4035.6609,2825900,32413000,13620069700,179229457400,4021.6277,4061.0858,4005.2832,4025.6109
143212000,4035.4264,3183500,41768400,13623253200,179271225800,4021.6277,4061.0858,4005.2832,4025.6109
143217000,4035.5873,3773900,53361500,13627027100,179324587300,4021.6277,4061.0858,4005.2832,4025.6109
143222000,4034.8018,3915300,47999800,13630942400,179372587100,4021.6277,4061.0858,4005.2832,4025.6109
143227000,4035.037,5106800,60980100,13636049200,179433567200,4021.6277,4061.0858,4005.2832,4025.6109
143232000,4034.5439,4612000,61500700,13640661200,179495067900,4021.6277,4061.0858,4005.2832,4025.6109
143237000,4034.4676,3210700,34030300,13643871900,179529098200,4021.6277,4061.0858,4005.2832,4025.6109
143242000,4034.3505,3271800,48268800,13647143700,179577367000,4021.6277,4061.0858,4005.2832,4025.6109
143247000,4034.3699,3302000,42782400,13650445700,179620149400,4021.6277,4061.0858,4005.2832,4025.6109
143252000,4033.8696,4617700,65138300,13655063400,179685287700,4021.6277,4061.0858,4005.2832,4025.6109
143257000,4033.6585,5577500,78538100,13660640900,179763825800,4021.6277,4061.0858,4005.2832,4025.6109
143302000,4033.2989,4675500,60006700,13665316400,179823832500,4021.6277,4061.0858,4005.2832,4025.6109
143307000,4033.0495,3462000,40181100,13668778400,179864013600,4021.6277,4061.0858,4005.2832,4025.6109
143312000,4032.7418,4674600,61112100,13673453000,179925125700,4021.6277,4061.0858,4005.2832,4025.6109
143317000,4032.3556,4475300,54308600,13677928300,179979434300,4021.6277,4061.0858,4005.2832,4025.6109
143322000,4031.8907,3574700,53071200,13681503000,180032505500,4021.6277,4061.0858,4005.2832,4025.6109
143327000,4031.7031,5023100,56918600,13686526100,180089424100,4021.6277,4061.0858,4005.2832,4025.6109
143332000,4031.6863,6514600,79610600,13693040700,180169034700,4021.6277,4061.0858,4005.2832,4025.6109
143337000,4031.1714,4101900,56411000,13697142600,180225445700,4021.6277,4061.0858,4005.2832,4025.6109
143342000,4031.3196,5422900,79212600,13702565500,180304658300,4021.6277,4061.0858,4005.2832,4025.6109
143347000,4030.4625,5147700,67717600,13707713200,180372375900,4021.6277,4061.0858,4005.2832,4025.6109
143352000,4030.1166,5498800,69730500,13713212000,180442106400,4021.6277,4061.0858,4005.2832,4025.6109
143357000,4029.8728,6773300,84763400,13719985300,180526869800,4021.6277,4061.0858,4005.2832,4025.6109
143402000,4029.3636,6847700,79171600,13726833000,180606041400,4021.6277,4061.0858,4005.2832,4025.6109
143407000,4029.3201,4412000,47400400,13731245000,180653441800,4021.6277,4061.0858,4005.2832,4025.6109
143412000,4029.0474,7128000,103478100,13738373000,180756919900,4021.6277,4061.0858,4005.2832,4025.6109
143417000,4028.9872,4803100,67908500,13743176100,180824828400,4021.6277,4061.0858,4005.2832,4025.6109
143422000,4028.5344,4864100,66833300,13748040200,180891661700,4021.6277,4061.0858,4005.2832,4025.6109
143427000,4028.1355,5363500,77043000,13753403700,180968704700,4021.6277,4061.0858,4005.2832,4025.6109
143432000,4027.985,4812100,63340700,13758215800,181032045400,4021.6277,4061.0858,4005.2832,4025.6109
143437000,4027.3246,4700400,66985200,13762916200,181099030600,4021.6277,4061.0858,4005.2832,4025.6109
143442000,4027.5649,6005900,95487300,13768922100,181194517900,4021.6277,4061.0858,4005.2832,4025.6109
143447000,4027.4243,4389700,60078100,13773311800,181254596000,4021.6277,4061.0858,4005.2832,4025.6109
143452000,4027.3604,5578400,76316700,13778890200,181330912700,4021.6277,4061.0858,4005.2832,4025.6109
143457000,4027.1859,6701300,93762900,13785591500,181424675600,4021.6277,4061.0858,4005.2832,4025.6109
143502000,4026.6726,7977800,98002500,13793569300,181522678100,4021.6277,4061.0858,4005.2832,4025.6109
143507000,4026.3273,4764800,66486400,13798334100,181589164500,4021.6277,4061.0858,4005.2832,4025.6109
143512000,4026.4839,7100700,97294400,13805434800,181686458900,4021.6277,4061.0858,4005.2832,4025.6109
143517000,4026.5196,5686400,64739900,13811121200,181751198800,4021.6277,4061.0858,4005.2832,4025.6109
143522000,4025.7937,4786200,71000200,13815907400,181822199000,4021.6277,4061.0858,4005.2832,4025.6109
143527000,4025.5064,8108100,128471400,13824015500,181950670400,4021.6277,4061.0858,4005.2832,4025.6109
143532000,4025.058,8903900,101813800,13832919400,182052484200,4021.6277,4061.0858,4005.2832,4025.6109
143537000,4024.3632,7552700,100503500,13840472100,182152987700,4021.6277,4061.0858,4005.2832,4025.6109
143542000,4024.1069,10424100,115541700,13850896200,182268529400,4021.6277,4061.0858,4005.2832,4025.6109
143547000,4023.6954,12582300,95486600,13863478500,182364016000,4021.6277,4061.0858,4005.2832,4025.6109
143552000,4023.6633,6913100,87314100,13870391600,182451330100,4021.6277,4061.0858,4005.2832,4025.6109
143557000,4023.8914,8720600,105844900,13879112200,182557175000,4021.6277,4061.0858,4005.2832,4025.6109
143602000,4023.391,8044400,96429200,13887156600,182653604200,4021.6277,4061.0858,4005.2832,4025.6109
143607000,4023.81,6075100,74160300,13893231700,182727764500,4021.6277,4061.0858,4005.2832,4025.6109
143612000,4024.3343,9349600,115331400,13902581300,182843095900,4021.6277,4061.0858,4005.2832,4025.6109
143617000,4023.7269,7632300,91038400,13910213600,182934134300,4021.6277,4061.0858,4005.2832,4025.6109
143622000,4023.3808,5775900,91195500,13915989500,183025329800,4021.6277,4061.0858,4005.2832,4025.6109
143627000,4024.2879,10820100,107732800,13926809600,183133062600,4021.6277,4061.0858,4005.2832,4025.6109
143632000,4024.3183,7267400,82261100,13934077000,183215323700,4021.6277,4061.0858,4005.2832,4025.6109
143637000,4023.3421,5002500,61000000,13939079500,183276323700,4021.6277,4061.0858,4005.2832,4025.6109
143642000,4023.1859,7024400,81537100,13946103900,183357860800,4021.6277,4061.0858,4005.2832,4025.6109
143647000,4023.4057,4736100,54569100,13950840000,183412429900,4021.6277,4061.0858,4005.2832,4025.6109
143652000,4023.2021,4473200,66223300,13955313200,183478653200,4021.6277,4061.0858,4005.2832,4025.6109
143657000,4023.2358,7651000,85236800,13962964200,183563890000,4021.6277,4061.0858,4005.2832,4025.6109
143702000,4022.772,6395000,76539400,13969359200,183640429400,4021.6277,4061.0858,4005.2832,4025.6109
143707000,4022.8484,4517700,46844800,13973876900,183687274200,4021.6277,4061.0858,4005.2832,4025.6109
143712000,4022.8559,5731100,77882700,13979608000,183765156900,4021.6277,4061.0858,4005.2832,4025.6109
143717000,4022.7043,6233200,65036100,13985841200,183830193000,4021.6277,4061.0858,4005.2832,4025.6109
143722000,4022.4864,3950000,58439500,13989791200,183888632500,4021.6277,4061.0858,4005.2832,4025.6109
143727000,4022.6646,5477100,64794600,13995268300,183953427100,4021.6277,4061.0858,4005.2832,4025.6109
143732000,4022.7829,5658000,75615900,14000926300,184029043000,4021.6277,4061.0858,4005.2832,4025.6109
143737000,4022.4879,3496400,50058500,14004422700,184079101500,4021.6277,4061.0858,4005.2832,4025.6109
143742000,4023.0885,5074100,79041800,14009496800,184158143300,4021.6277,4061.0858,4005.2832,4025.6109
143747000,4022.6921,4565500,65289100,14014062300,184223432400,4021.6277,4061.0858,4005.2832,4025.6109
143752000,4022.8602,5908400,67244200,14019970700,184290676600,4021.6277,4061.0858,4005.2832,4025.6109
143757000,4023.3958,5890000,76849200,14025860700,184367525800,4021.6277,4061.0858,4005.2832,4025.6109
143802000,4022.935,6267900,82558700,14032128600,184450084500,4021.6277,4061.0858,4005.2832,4025.6109
143807000,4022.7937,3504000,47438500,14035632600,184497523000,4021.6277,4061.0858,4005.2832,4025.6109
143812000,4023.2131,4032900,62000000,14039665500,184559523000,4021.6277,4061.0858,4005.2832,4025.6109
143817000,4023.0517,3837000,49567900,14043502500,184609090900,4021.6277,4061.0858,4005.2832,4025.6109
143822000,4022.6651,5194700,73417900,14048697200,184682508800,4021.6277,4061.0858,4005.2832,4025.6109
143827000,4023.0071,4875500,67598500,14053572700,184750107300,4021.6277,4061.0858,4005.2832,4025.6109
143832000,4023.6255,5056800,69257500,14058629500,184819364800,4021.6277,4061.0858,4005.2832,4025.6109
143837000,4023.4521,2899100,38683600,14061528600,184858048400,4021.6277,4061.0858,4005.2832,4025.6109
143842000,4023.5832,4789800,75089300,14066318400,184933137700,4021.6277,4061.0858,4005.2832,4025.6109
143847000,4023.7763,5721600,67515600,14072040000,185000653300,4021.6277,4061.0858,4005.2832,4025.6109
143852000,4023.732,3519900,59816700,14075559900,185060470000,4021.6277,4061.0858,4005.2832,4025.6109
143857000,4024.3385,5738700,74291400,14081298600,185134761400,4021.6277,4061.0858,4005.2832,4025.6109
143902000,4024.1423,5232900,64832000,14086531500,185199593400,4021.6277,4061.0858,4005.2832,4025.6109
143907000,4024.8957,3938000,49829800,14090469500,185249423200,4021.6277,4061.0858,4005.2832,4025.6109
143912000,4024.8048,5833100,89811400,14096302600,185339234600,4021.6277,4061.0858,4005.2832,4025.6109
143917000,4024.422,3739800,51041800,14100042400,185390276400,4021.6277,4061.0858,4005.2832,4025.6109
143922000,4024.4239,3229100,47362600,14103271500,185437639000,4021.6277,4061.0858,4005.2832,4025.6109
143927000,4025.006,5300500,62399600,14108572000,185500038600,4021.6277,4061.0858,4005.2832,4025.6109
143932000,4024.9903,5840000,69452600,14114412000,185569491200,4021.6277,4061.0858,4005.2832,4025.6109
143937000,4024.8518,3152800,40978300,14117564800,185610469500,4021.6277,4061.0858,4005.2832,4025.6109
143942000,4025.0886,3864200,55085500,14121429000,185665555000,4021.6277,4061.0858,4005.2832,4025.6109
143947000,4025.1653,4875000,50185100,14126304000,185715740100,4021.6277,4061.0858,4005.2832,4025.6109
143952000,4024.8611,3823500,49547600,14130127500,185765287700,4021.6277,4061.0858,4005.2832,4025.6109
143957000,4025.2214,4572700,62502200,14134700200,185827789900,4021.6277,4061.0858,4005.2832,4025.6109
144002000,4025.0433,4662800,58315200,14139363000,185886105100,4021.6277,4061.0858,4005.2832,4025.6109
144007000,4024.9157,3923000,43836700,14143286000,185929941800,4021.6277,4061.0858,4005.2832,4025.6109
144012000,4025.2048,4942200,65969400,14148228200,185995911200,4021.6277,4061.0858,4005.2832,4025.6109
144017000,4025.2492,4893600,61408900,14153121800,186057320100,4021.6277,4061.0858,4005.2832,4025.6109
144022000,4024.7208,3485000,56925700,14156606800,186114245800,4021.6277,4061.0858,4005.2832,4025.6109
144027000,4025.2838,5487900,80655300,14162094700,186194901100,4021.6277,4061.0858,4005.2832,4025.6109
144032000,4025.1671,5486000,72343700,14167580700,186267244800,4021.6277,4061.0858,4005.2832,4025.6109
144037000,4025.0733,3116100,37956600,14170696800,186305201400,4021.6277,4061.0858,4005.2832,4025.6109
144042000,4024.5469,4854200,64256000,14175551000,186369457400,4021.6277,4061.0858,4005.2832,4025.6109
144047000,4024.5703,3564700,45912900,14179115700,186415370300,4021.6277,4061.0858,4005.2832,4025.6109
144052000,4024.6609,3645000,48282100,14182760700,186463652400,4021.6277,4061.0858,4005.2832,4025.6109
144057000,4024.767,4877200,56769000,14187637900,186520421400,4021.6277,4061.0858,4005.2832,4025.6109
144102000,4024.1727,4519400,66295800,14192157300,186586717200,4021.6277,4061.0858,4005.2832,4025.6109
144107000,4024.0382,4434600,45860600,14196591900,186632577800,4021.6277,4061.0858,4005.2832,4025.6109
144112000,4023.7197,4771300,66346000,14201363200,186698923800,4021.6277,4061.0858,4005.2832,4025.6109
144117000,4024.088,4656000,55378100,14206019200,186754301900,4021.6277,4061.0858,4005.2832,4025.6109
144122000,4023.7051,3854400,54626700,14209873600,186808928600,4021.6277,4061.0858,4005.2832,4025.6109
144127000,4023.4736,3895300,52730200,14213768900,186861658800,4021.6277,4061.0858,4005.2832,4025.6109
144132000,4023.7148,3935700,53406800,14217704600,186915065600,4021.6277,4061.0858,4005.2832,4025.6109
144137000,4023.6967,2798200,36244300,14220502800,186951309900,4021.6277,4061.0858,4005.2832,4025.6109
144142000,4023.3595,5504600,61617500,14226007400,187012927400,4021.6277,4061.0858,4005.2832,4025.6109
144147000,4023.6181,4313500,47759300,14230320900,187060686700,4021.6277,4061.0858,4005.2832,4025.6109
144152000,4023.5623,2983000,42860200,14233303900,187103546900,4021.6277,4061.0858,4005.2832,4025.6109
144157000,4023.1157,6110800,72443500,14239414700,187175990400,4021.6277,4061.0858,4005.2832,4025.6109
144202000,4022.7052,4589300,62663900,14244004000,187238654300,4021.6277,4061.0858,4005.2832,4025.6109
144207000,4022.7212,4188700,57967700,14248192700,187296622000,4021.6277,4061.0858,4005.2832,4025.6109
144212000,4022.2927,5137800,66641700,14253330500,187363263700,4021.6277,4061.0858,4005.2832,4025.6109
144217000,4022.351,6065500,73098600,14259396000,187436362300,4021.6277,4061.0858,4005.2832,4025.6109
144222000,4022.331,3902400,49501400,14263298400,187485863700,4021.6277,4061.0858,4005.2832,4025.6109
144227000,4022.326,5891200,73774800,14269189600,187559638500,4021.6277,4061.0858,4005.2832,4025.6109
144232000,4022.3773,6725700,80360800,14275915300,187639999300,4021.6277,4061.0858,4005.2832,4025.6109
144237000,4021.6429,3378000,41160700,14279293300,187681160000,4021.6277,4061.0858,4005.2832,4025.6109
144242000,4021.8574,4679400,62947700,14283972700,187744107700,4021.6277,4061.0858,4005.2832,4025.6109
144247000,4021.4539,3308400,46050600,14287281100,187790158300,4021.6277,4061.0858,4005.2832,4025.6109
144252000,4021.2806,4593500,64423500,14291874600,187854581800,4021.6277,4061.0858,4005.2832,4025.6109
144257000,4021.2593,6914300,79383100,14298788900,187933964900,4021.6277,4061.0858,4005.2832,4025.6109
144302000,4021.0211,6778000,86866900,14305566900,188020831800,4021.6277,4061.0858,4005.2832,4025.6109
144307000,4020.9746,3746000,49655800,14309312900,188070487600,4021.6277,4061.0858,4005.2832,4025.6109
144312000,4020.3748,5963000,90992700,14315275900,188161480300,4021.6277,4061.0858,4005.2832,4025.6109
144317000,4020.2674,4133300,58173200,14319409200,188219653500,4021.6277,4061.0858,4005.2832,4025.6109
144322000,4020.0872,5732300,68443000,14325141500,188288096500,4021.6277,4061.0858,4005.2832,4025.6109
144327000,4019.7878,6380800,79465500,14331522300,188367562000,4021.6277,4061.0858,4005.2832,4025.6109
144332000,4020.0331,6650200,86229000,14338172500,188453791000,4021.6277,4061.0858,4005.2832,4025.6109
144337000,4019.3043,4175900,55443200,14342348400,188509234200,4021.6277,4061.0858,4005.2832,4025.6109
144342000,4019.2656,5755200,70771500,14348103600,188580005700,4021.6277,4061.0858,4005.2832,4025.6109
144347000,4019.2486,5424200,69097600,14353527800,188649103300,4021.6277,4061.0858,4005.2832,4025.6109
144352000,4018.7134,5172000,67693900,14358699800,188716797200,4021.6277,4061.0858,4005.2832,4025.6109
144357000,4018.7458,8731600,80517700,14367431400,188797314900,4021.6277,4061.0858,4005.2832,4025.6109
144402000,4018.3394,7298300,93039900,14374729700,188890354800,4021.6277,4061.0858,4005.2832,4025.6109
144407000,4017.9568,4732300,63939400,14379462000,188954294200,4021.6277,4061.0858,4005.2832,4025.6109
144412000,4017.783,6362000,87180500,14385824000,189041474700,4021.6277,4061.0858,4005.2832,4025.6109
144417000,4017.5028,6365200,75238100,14392189200,189116712800,4021.6277,4061.0858,4005.2832,4025.6109
144422000,4017.2846,4930100,71141700,14397119300,189187854500,4021.6277,4061.0858,4005.2832,4025.6109
144427000,4017.2395,5846600,83535500,14402965900,189271390000,4021.6277,4061.0858,4005.2832,4025.6109
144432000,4017.0146,7334900,84757100,14410300800,189356147100,4021.6277,4061.0858,4005.2832,4025.6109
144437000,4016.4878,5068000,71859100,14415368800,189428006200,4021.6277,4061.0858,4005.2832,4025.6109
144442000,4016.3957,8448400,111515600,14423817200,189539521800,4021.6277,4061.0858,4005.2832,4025.6109
144447000,4016.3348,7334800,96262300,14431152000,189635784100,4021.6277,4061.0858,4005.2832,4025.6109
144452000,4015.754,6470300,91405500,14437622300,189727189600,4021.6277,4061.0858,4005.2832,4025.6109
144457000,4015.4484,6519000,96698900,14444141300,189823888500,4021.6277,4061.0858,4005.2832,4025.6109
144502000,4015.3967,10200000,135296000,14454341300,189959184500,4021.6277,4061.0858,4005.2832,4025.6109
144507000,4014.7609,8600200,113699100,14462941500,190072883600,4021.6277,4061.0858,4005.2832,4025.6109
144512000,4014.6082,9291400,129917300,14472232900,190202800900,4021.6277,4061.0858,4005.2832,4025.6109
144517000,4014.3996,8418900,98122800,14480651800,190300923700,4021.6277,4061.0858,4005.2832,4025.6109
144522000,4013.6686,10520600,119878400,14491172400,190420802100,4021.6277,4061.0858,4005.2832,4025.6109
144527000,4013.4958,8780700,120114700,14499953100,190540916800,4021.6277,4061.0858,4005.2832,4025.6109
144532000,4013.4977,10938200,129047800,14510891300,190669964600,4021.6277,4061.0858,4005.2832,4025.6109
144537000,4013.6231,5683000,81670900,14516574300,190751635500,4021.6277,4061.0858,4005.2832,4025.6109
144542000,4013.2889,8895200,112388000,14525469500,190864023500,4021.6277,4061.0858,4005.2832,4025.6109
144547000,4013.1244,9710900,110256800,14535180400,190974280300,4021.6277,4061.0858,4005.2832,4025.6109
144552000,4012.917,7879800,114728300,14543060200,191089008600,4021.6277,4061.0858,4005.2832,4025.6109
144557000,4012.3974,6100600,85586100,14549160800,191174594700,4021.6277,4061.0858,4005.2832,4025.6109
144602000,4012.3328,7954200,118225600,14557115000,191292820300,4021.6277,4061.0858,4005.2832,4025.6109
144607000,4011.7071,7374700,88119300,14564489700,191380939600,4021.6277,4061.0858,4005.2832,4025.6109
144612000,4011.6808,8090500,106258000,14572580200,191487197600,4021.6277,4061.0858,4005.2832,4025.6109
144617000,4011.3978,7328400,87794200,14579908600,191574991800,4021.6277,4061.0858,4005.2832,4025.6109
144622000,4010.8656,7162100,97223200,14587070700,191672215000,4021.6277,4061.0858,4005.2832,4025.6109
144627000,4010.7184,11236100,135671500,14598306800,191807886500,4021.6277,4061.0858,4005.2832,4025.6109
144632000,4010.1036,10531900,126182000,14608838700,191934068500,4021.6277,4061.0858,4005.2832,4025.6109
144637000,4010.0787,6724300,84691000,14615563000,192018759500,4021.6277,4061.0858,4005.2832,4025.6109
144642000,4010.0914,9071800,108659700,14624634800,192127419200,4021.6277,4061.0858,4005.2832,4025.6109
144647000,4009.9996,6178800,83260700,14630813600,192210679900,4021.6277,4061.0858,4005.2832,4025.6109
144652000,4010.0264,8933200,107515000,14639746800,192318194900,4021.6277,4061.0858,4005.2832,4025.6109
144657000,4009.7687,8014900,104388300,14647761700,192422583200,4021.6277,4061.0858,4005.2832,4025.6109
144702000,4009.7385,9733400,115624600,14657495100,192538207800,4021.6277,4061.0858,4005.2832,4025.6109
144707000,4009.7519,5079700,69666200,14662574800,192607874000,4021.6277,4061.0858,4005.2832,4025.6109
144712000,4009.548,10373500,113562900,14672948300,192721436900,4021.6277,4061.0858,4005.2832,4025.6109
144717000,4009.4693,7799600,83508400,14680747900,192804945300,4021.6277,4061.0858,4005.2832,4025.6109
144722000,4009.5182,6669900,99358600,14687417800,192904303900,4021.6277,4061.0858,4005.2832,4025.6109
144727000,4009.6231,9590300,106768000,14697008100,193011071900,4021.6277,4061.0858,4005.2832,4025.6109
144732000,4009.8882,9715400,114226300,14706723500,193125298200,4021.6277,4061.0858,4005.2832,4025.6109
144737000,4009.8343,5487600,78508500,14712211100,193203806700,4021.6277,4061.0858,4005.2832,4025.6109
144742000,4010.3606,8249300,107735000,14720460400,193311541700,4021.6277,4061.0858,4005.2832,4025.6109
144747000,4010.3681,8399400,102102000,14728859800,193413643700,4021.6277,4061.0858,4005.2832,4025.6109
144752000,4010.6903,5948200,85920800,14734808000,193499564500,4021.6277,4061.0858,4005.2832,4025.6109
144757000,4011.4155,9407400,110210400,14744215400,193609774900,4021.6277,4061.0858,4005.2832,4025.6109
144802000,4011.3951,7604000,103964900,14751819400,193713739800,4021.6277,4061.0858,4005.2832,4025.6109
144807000,4011.4803,5289800,60227000,14757109200,193773966800,4021.6277,4061.0858,4005.2832,4025.6109
144812000,4011.315,7995400,83172400,14765104600,193857139200,4021.6277,4061.0858,4005.2832,4025.6109
144817000,4011.5167,9373400,87213600,14774478000,193944352800,4021.6277,4061.0858,4005.2832,4025.6109
144822000,4011.7093,6783800,87750300,14781261800,194032103100,4021.6277,4061.0858,4005.2832,4025.6109
144827000,4011.9678,8588200,99554300,14789850000,194131657400,4021.6277,4061.0858,4005.2832,4025.6109
144832000,4011.9155,8835600,106940000,14798685600,194238597400,4021.6277,4061.0858,4005.2832,4025.6109
144837000,4012.2191,4222800,56368400,14802908400,194294965800,4021.6277,4061.0858,4005.2832,4025.6109
144842000,4012.5431,6059500,73318600,14808967900,194368284400,4021.6277,4061.0858,4005.2832,4025.6109
144847000,4012.4768,7611500,80502000,14816579400,194448786400,4021.6277,4061.0858,4005.2832,4025.6109
144852000,4012.8476,5368200,71240200,14821947600,194520026600,4021.6277,4061.0858,4005.2832,4025.6109
144857000,4012.7423,6158200,75291900,14828105800,194595318500,4021.6277,4061.0858,4005.2832,4025.6109
144902000,4013.0833,8465700,103503800,14836571500,194698822300,4021.6277,4061.0858,4005.2832,4025.6109
144907000,4012.786,4697100,66619500,14841268600,194765441800,4021.6277,4061.0858,4005.2832,4025.6109
144912000,4013.3629,5932100,73276400,14847200700,194838718200,4021.6277,4061.0858,4005.2832,4025.6109
144917000,4013.2314,5284700,70932400,14852485400,194909650600,4021.6277,4061.0858,4005.2832,4025.6109
144922000,4013.0873,5256900,62533300,14857742300,194972183900,4021.6277,4061.0858,4005.2832,4025.6109
144927000,4013.03,6109200,79967800,14863851500,195052151700,4021.6277,4061.0858,4005.2832,4025.6109
144932000,4013.4177,6818700,89272700,14870670200,195141424400,4021.6277,4061.0858,4005.2832,4025.6109
144937000,4013.0253,4238500,52728400,14874908700,195194152800,4021.6277,4061.0858,4005.2832,4025.6109
144942000,4013.1621,5864100,66140000,14880772800,195260292800,4021.6277,4061.0858,4005.2832,4025.6109
144947000,4012.9643,5860800,64174900,14886633600,195324467700,4021.6277,4061.0858,4005.2832,4025.6109
144952000,4013.3875,4028700,55445700,14890662300,195379913400,4021.6277,4061.0858,4005.2832,4025.6109
144957000,4013.4798,5280100,71602500,14895942400,195451515900,4021.6277,4061.0858,4005.2832,4025.6109
145002000,4013.3013,7087700,88054500,14903030100,195539570400,4021.6277,4061.0858,4005.2832,4025.6109
145007000,4013.3852,5251300,60943500,14908281400,195600513900,4021.6277,4061.0858,4005.2832,4025.6109
145012000,4013.3647,5408000,67136600,14913689400,195667650500,4021.6277,4061.0858,4005.2832,4025.6109
145017000,4013.5909,5391400,72366200,14919080800,195740016700,4021.6277,4061.0858,4005.2832,4025.6109
145022000,4013.4576,5401900,72444000,14924482700,195812460700,4021.6277,4061.0858,4005.2832,4025.6109
145027000,4013.9111,4994900,73244100,14929477600,195885704800,4021.6277,4061.0858,4005.2832,4025.6109
145032000,4013.7134,6447500,83151700,14935925100,195968856500,4021.6277,4061.0858,4005.2832,4025.6109
145037000,4013.9585,4326700,51022700,14940251800,196019879200,4021.6277,4061.0858,4005.2832,4025.6109
145042000,4014.0202,5903900,70829000,14946155700,196090708200,4021.6277,4061.0858,4005.2832,4025.6109
145047000,4014.3651,6162800,75717600,14952318500,196166425800,4021.6277,4061.0858,4005.2832,4025.6109
145052000,4014.2504,4899200,67087500,14957217700,196233513300,4021.6277,4061.0858,4005.2832,4025.6109
145057000,4014.1559,5504800,63923600,14962722500,196297436900,4021.6277,4061.0858,4005.2832,4025.6109
145102000,4014.5934,6503900,79748000,14969226400,196377184900,4021.6277,4061.0858,4005.2832,4025.6109
145107000,4014.3879,4813500,54028300,14974039900,196431213200,4021.6277,4061.0858,4005.2832,4025.6109
145112000,4014.4162,5539000,67517700,14979578900,196498730900,4021.6277,4061.0858,4005.2832,4025.6109
145117000,4014.4589,4557600,59357700,14984136500,196558088600,4021.6277,4061.0858,4005.2832,4025.6109
145122000,4014.1957,5307300,71683700,14989443800,196629772300,4021.6277,4061.0858,4005.2832,4025.6109
145127000,4015.0442,5680500,65614500,14995124300,196695386800,4021.6277,4061.0858,4005.2832,4025.6109
145132000,4014.9362,8345000,98083500,15003469300,196793470300,4021.6277,4061.0858,4005.2832,4025.6109
145137000,4015.0121,4732400,52816800,15008201700,196846287100,4021.6277,4061.0858,4005.2832,4025.6109
145142000,4015.1718,5778800,73369800,15013980500,196919656900,4021.6277,4061.0858,4005.2832,4025.6109
145147000,4015.7797,6219600,78785100,15020200100,196998442000,4021.6277,4061.0858,4005.2832,4025.6109
145152000,4016.3569,5758300,78774900,15025958400,197077216900,4021.6277,4061.0858,4005.2832,4025.6109
145157000,4016.129,6309900,76931500,15032268300,197154148400,4021.6277,4061.0858,4005.2832,4025.6109
145202000,4015.8525,6487600,88170900,15038755900,197242319300,4021.6277,4061.0858,4005.2832,4025.6109
145207000,4016.2377,3469200,46172300,15042225100,197288491600,4021.6277,4061.0858,4005.2832,4025.6109
145212000,4016.4185,6274100,83109000,15048499200,197371600600,4021.6277,4061.0858,4005.2832,4025.6109
145217000,4016.5453,6015700,80993300,15054514900,197452593900,4021.6277,4061.0858,4005.2832,4025.6109
145222000,4016.5288,3825800,62504100,15058340700,197515098000,4021.6277,4061.0858,4005.2832,4025.6109
145227000,4016.495,4921400,68217700,15063262100,197583315700,4021.6277,4061.0858,4005.2832,4025.6109
145232000,4016.8414,7548300,94326500,15070810400,197677642200,4021.6277,4061.0858,4005.2832,4025.6109
145237000,4016.5748,3893300,54502000,15074703700,197732144200,4021.6277,4061.0858,4005.2832,4025.6109
145242000,4017.2939,6457200,84036300,15081160900,197816180500,4021.6277,4061.0858,4005.2832,4025.6109
145247000,4017.9165,7331300,88007700,15088492200,197904188200,4021.6277,4061.0858,4005.2832,4025.6109
145252000,4018.2247,4706600,61508900,15093198800,197965697100,4021.6277,4061.0858,4005.2832,4025.6109
145257000,4018.3888,6935400,93238600,15100134200,198058935700,4021.6277,4061.0858,4005.2832,4025.6109
145302000,4018.241,7670700,106795500,15107804900,198165731200,4021.6277,4061.0858,4005.2832,4025.6109
145307000,4018.2641,4568100,60617100,15112373000,198226348300,4021.6277,4061.0858,4005.2832,4025.6109
145312000,4018.8436,6227800,83506400,15118600800,198309854700,4021.6277,4061.0858,4005.2832,4025.6109
145317000,4018.5713,4628100,67018800,15123228900,198376873500,4021.6277,4061.0858,4005.2832,4025.6109
145322000,4018.9539,5968100,93653200,15129197000,198470526700,4021.6277,4061.0858,4005.2832,4025.6109
145327000,4018.9537,6592900,103513500,15135789900,198574040200,4021.6277,4061.0858,4005.2832,4025.6109
145332000,4019.3368,8800000,117900300,15144589900,198691940500,4021.6277,4061.0858,4005.2832,4025.6109
145337000,4019.1304,4005300,65385200,15148595200,198757325700,4021.6277,4061.0858,4005.2832,4025.6109
145342000,4019.3971,7015700,93989100,15155610900,198851314800,4021.6277,4061.0858,4005.2832,4025.6109
145347000,4019.0774,9662200,105450300,15165273100,198956765100,4021.6277,4061.0858,4005.2832,4025.6109
145352000,4019.0526,4833300,81321300,15170106400,199038086400,4021.6277,4061.0858,4005.2832,4025.6109
145357000,4019.6136,6324100,85173600,15176430500,199123260000,4021.6277,4061.0858,4005.2832,4025.6109
145402000,4019.1081,6970200,87615900,15183400700,199210875900,4021.6277,4061.0858,4005.2832,4025.6109
145407000,4019.0617,5504800,64656700,15188905500,199275532600,4021.6277,4061.0858,4005.2832,4025.6109
145412000,4019.1789,6813300,87601600,15195718800,199363134200,4021.6277,4061.0858,4005.2832,4025.6109
145417000,4019.092,6529700,80124400,15202248500,199443258600,4021.6277,4061.0858,4005.2832,4025.6109
145422000,4019.1582,6580100,76627300,15208828600,199519885900,4021.6277,4061.0858,4005.2832,4025.6109
145427000,4019.3561,5883400,76755700,15214712000,199596641600,4021.6277,4061.0858,4005.2832,4025.6109
145432000,4019.119,6730300,97930900,15221442300,199694572500,4021.6277,4061.0858,4005.2832,4025.6109
145437000,4019.1797,3602000,52503900,15225044300,199747076400,4021.6277,4061.0858,4005.2832,4025.6109
145442000,4019.3412,5863300,76206900,15230907600,199823283300,4021.6277,4061.0858,4005.2832,4025.6109
145447000,4018.9491,6302700,71663500,15237210300,199894946800,4021.6277,4061.0858,4005.2832,4025.6109
145452000,4018.799,6318500,80608000,15243528800,199975554800,4021.6277,4061.0858,4005.2832,4025.6109
145457000,4019.0371,6202200,73006800,15249731000,200048561600,4021.6277,4061.0858,4005.2832,4025.6109
145502000,4019.3956,7742800,97570800,15257473800,200146132400,4021.6277,4061.0858,4005.2832,4025.6109
145507000,4018.9078,5249100,65513100,15262722900,200211645500,4021.6277,4061.0858,4005.2832,4025.6109
145512000,4018.8949,8227300,104072600,15270950200,200315718100,4021.6277,4061.0858,4005.2832,4025.6109
145517000,4018.6271,6643200,77662200,15277593400,200393380300,4021.6277,4061.0858,4005.2832,4025.6109
145522000,4018.5935,6067300,84040700,15283660700,200477421000,4021.6277,4061.0858,4005.2832,4025.6109
145527000,4018.8901,6847900,81529700,15290508600,200558950700,4021.6277,4061.0858,4005.2832,4025.6109
145532000,4018.7336,8960600,111113400,15299469200,200670064100,4021.6277,4061.0858,4005.2832,4025.6109
145537000,4018.1498,4323000,59668300,15303792200,200729732400,4021.6277,4061.0858,4005.2832,4025.6109
145542000,4018.7303,7500700,90205000,15311292900,200819937400,4021.6277,4061.0858,4005.2832,4025.6109
145547000,4018.6686,6933500,86357900,15318226400,200906295300,4021.6277,4061.0858,4005.2832,4025.6109
145552000,4018.7321,7444000,87433200,15325670400,200993728500,4021.6277,4061.0858,4005.2832,4025.6109
145557000,4018.749,7962700,84996200,15333633100,201078724700,4021.6277,4061.0858,4005.2832,4025.6109
145602000,4019.1439,8174200,104038400,15341807300,201182763100,4021.6277,4061.0858,4005.2832,4025.6109
145607000,4018.9717,6452400,64292600,15348259700,201247055700,4021.6277,4061.0858,4005.2832,4025.6109
145612000,4019.0595,7131100,86481900,15355390800,201333537600,4021.6277,4061.0858,4005.2832,4025.6109
145617000,4019.0174,6572600,78836500,15361963400,201412374100,4021.6277,4061.0858,4005.2832,4025.6109
145622000,4019.1037,7275500,94970200,15369238900,201507344300,4021.6277,4061.0858,4005.2832,4025.6109
145627000,4019.1549,7387500,106345200,15376626400,201613689500,4021.6277,4061.0858,4005.2832,4025.6109
145632000,4018.9961,8847800,124669800,15385474200,201738359300,4021.6277,4061.0858,4005.2832,4025.6109
145637000,4019.0135,4372900,56184500,15389847100,201794543800,4021.6277,4061.0858,4005.2832,4025.6109
145642000,4018.8639,6885800,100523800,15396732900,201895067600,4021.6277,4061.0858,4005.2832,4025.6109
145647000,4018.7406,7310700,94756200,15404043600,201989823800,4021.6277,4061.0858,4005.2832,4025.6109
145652000,4018.7668,6055300,79781000,15410098900,202069604800,4021.6277,4061.0858,4005.2832,4025.6109
145657000,4018.8742,6619000,91198000,15416717900,202160802800,4021.6277,4061.0858,4005.2832,4025.6109
145702000,4019.1851,5649900,71611600,15422367800,202232414400,4021.6277,4061.0858,4005.2832,4025.6109
145707000,4019.1998,696200,7533300,15423064000,202239947700,4021.6277,4061.0858,4005.2832,4025.6109
150002000,4019.1998,809100,17339100,15423873100,202257286800,4021.6277,4061.0858,4005.2832,4025.6109
150007000,4018.9726,125583300,1785694400,15549456400,204042981200,4021.6277,4061.0858,4005.2832,4025.6109
150012000,4019.0053,11708600,78524600,15561165000,204121505800,4021.6277,4061.0858,4005.2832,4025.6109
