Time,Price,Volume,Turnover,AccVolume,AccTurnover,Open,High,Low,PreClose
92506000,3006.8787,67757000,646832800,67757000,646832800,3006.8787,3006.8787,3006.8787,3038.1981
92955000,3006.8787,16259100,147979300,84016100,794812100,3006.8787,3006.8787,3006.0258,3038.1981
93005000,3006.0082,52115300,502147400,136131400,1296959500,3006.8787,3006.8787,3003.3372,3038.1981
93009000,3003.3328,5285200,57615700,141416600,1354575200,3006.8787,3006.8787,3002.5575,3038.1981
93014000,3001.7589,6577500,71510500,147994100,1426085700,3006.8787,3006.8787,3001.7589,3038.1981
93019000,3001.7631,5607100,54409800,153601200,1480495500,3006.8787,3006.8787,3001.5149,3038.1981
93024000,3001.293,7520200,78680600,161121400,1559176100,3006.8787,3006.8787,3001.293,3038.1981
93029000,3001.1249,5576100,65483500,166697500,1624659600,3006.8787,3006.8787,3000.8334,3038.1981
93034000,3000.8004,7606200,78677100,174303700,1703336700,3006.8787,3006.8787,3000.7673,3038.1981
93039000,3000.8139,4353700,53456200,178657400,1756792900,3006.8787,3006.8787,3000.7673,3038.1981
93044000,3001.3278,6231700,73655300,184889100,1830448200,3006.8787,3006.8787,3000.4755,3038.1981
93049000,2999.4698,6714700,60684500,191603800,1891132700,3006.8787,3006.8787,2999.4698,3038.1981
93054000,3000.4493,7318800,77092100,198922600,1968224800,3006.8787,3006.8787,2999.4698,3038.1981
93059000,3000.0531,6384700,66897500,205307300,2035122300,3006.8787,3006.8787,2999.4698,3038.1981
93105000,2999.9611,8248300,78292900,213555600,2113415200,3006.8787,3006.8787,2999.4698,3038.1981
93109000,3000.6152,5133500,59622000,218689100,2173037200,3006.8787,3006.8787,2999.4698,3038.1981
93114000,3000.8343,5643400,66118400,224332500,2239155600,3006.8787,3006.8787,2999.4698,3038.1981
93119000,3001.1637,4621800,50838200,228954300,2289993800,3006.8787,3006.8787,2999.4698,3038.1981
93124000,3001.4922,5976700,71299400,234931000,2361293200,3006.8787,3006.8787,2999.4698,3038.1981
93129000,3001.748,5483500,65587900,240414500,2426881100,3006.8787,3006.8787,2999.4698,3038.1981
93134000,3002.1386,5937700,70235400,246352200,2497116500,3006.8787,3006.8787,2999.4698,3038.1981
93139000,3002.8545,3988300,45266500,250340500,2542383000,3006.8787,3006.8787,2999.4698,3038.1981
93144000,3003.7639,5786300,57297100,256126800,2599680100,3006.8787,3006.8787,2999.4698,3038.1981
93149000,3003.693,3784100,44037100,259910900,2643717200,3006.8787,3006.8787,2999.4698,3038.1981
93154000,3004.1275,4975800,55507400,264886700,2699224600,3006.8787,3006.8787,2999.4698,3038.1981
93159000,3004.42,5370500,56847100,270257200,2756071700,3006.8787,3006.8787,2999.4698,3038.1981
93205000,3003.4336,6909200,80445400,277166400,2836517100,3006.8787,3006.8787,2999.4698,3038.1981
93209000,3003.6999,8711500,80351900,285877900,2916869000,3006.8787,3006.8787,2999.4698,3038.1981
93214000,3002.9847,7443800,74020400,293321700,2990889400,3006.8787,3006.8787,2999.4698,3038.1981
93219000,3001.9477,7716000,80877800,301037700,3071767200,3006.8787,3006.8787,2999.4698,3038.1981
93224000,3001.4487,8448300,105282300,309486000,3177049500,3006.8787,3006.8787,2999.4698,3038.1981
93229000,3000.6047,7554600,84091600,317040600,3261141100,3006.8787,3006.8787,2999.4698,3038.1981
93234000,3000.3769,9032100,110178900,326072700,3371320000,3006.8787,3006.8787,2999.4698,3038.1981
93239000,3000.0903,6310300,71936400,332383000,3443256400,3006.8787,3006.8787,2999.4698,3038.1981
93244000,2998.8934,5926100,64056300,338309100,3507312700,3006.8787,3006.8787,2998.4406,3038.1981
93249000,2998.6255,7431900,74373700,345741000,3581686400,3006.8787,3006.8787,2998.4406,3038.1981
93254000,2998.1768,6149900,81301900,351890900,3662988300,3006.8787,3006.8787,2998.1457,3038.1981
93259000,2998.0135,6254900,74975200,358145800,3737963500,3006.8787,3006.8787,2998.0135,3038.1981
93305000,2998.2949,9547200,95439300,367693000,3833402800,3006.8787,3006.8787,2997.6619,3038.1981
93309000,2997.0193,7141400,73797200,374834400,3907200000,3006.8787,3006.8787,2997.0193,3038.1981
93314000,2997.9094,5825800,67638100,380660200,3974838100,3006.8787,3006.8787,2997.0193,3038.1981
93319000,2997.8835,4299500,45617200,384959700,4020455300,3006.8787,3006.8787,2997.0193,3038.1981
93324000,2997.8945,6653400,67734400,391613100,4088189700,3006.8787,3006.8787,2997.0193,3038.1981
93329000,2998.4318,6015400,70556900,397628500,4158746600,3006.8787,3006.8787,2997.0193,3038.1981
93334000,2997.8958,6326900,74255300,403955400,4233001900,3006.8787,3006.8787,2997.0193,3038.1981
93339000,2998.7083,4551600,44994500,408507000,4277996400,3006.8787,3006.8787,2997.0193,3038.1981
93344000,2998.9003,5108100,56461000,413615100,4334457400,3006.8787,3006.8787,2997.0193,3038.1981
93349000,2999.4779,4381300,42413200,417996400,4376870600,3006.8787,3006.8787,2997.0193,3038.1981
93354000,2999.1031,5404000,59298300,423400400,4436168900,3006.8787,3006.8787,2997.0193,3038.1981
93359000,2998.9951,5032200,55679000,428432600,4491847900,3006.8787,3006.8787,2997.0193,3038.1981
93405000,2999.3624,5160300,57416800,433592900,4549264700,3006.8787,3006.8787,2997.0193,3038.1981
93409000,2999.5061,5716400,55161400,439309300,4604426100,3006.8787,3006.8787,2997.0193,3038.1981
93414000,2999.5024,6223900,58614500,445533200,4663040600,3006.8787,3006.8787,2997.0193,3038.1981
93419000,2999.4407,5114300,47733100,450647500,4710773700,3006.8787,3006.8787,2997.0193,3038.1981
93424000,2999.7062,5943400,61259100,456590900,4772032800,3006.8787,3006.8787,2997.0193,3038.1981
93429000,2999.5785,5776100,52202900,462367000,4824235700,3006.8787,3006.8787,2997.0193,3038.1981
93434000,3000.1672,5588500,63242000,467955500,4887477700,3006.8787,3006.8787,2997.0193,3038.1981
93439000,3000.9874,3998700,42149800,471954200,4929627500,3006.8787,3006.8787,2997.0193,3038.1981
93444000,3000.8039,3970400,43023200,475924600,4972650700,3006.8787,3006.8787,2997.0193,3038.1981
93449000,3001.6089,3177300,36967700,479101900,5009618400,3006.8787,3006.8787,2997.0193,3038.1981
93454000,3001.8126,4528600,52896900,483630500,5062515300,3006.8787,3006.8787,2997.0193,3038.1981
93459000,3002.0144,4243800,50137900,487874300,5112653200,3006.8787,3006.8787,2997.0193,3038.1981
93505000,3002.5334,5983400,63035100,493857700,5175688300,3006.8787,3006.8787,2997.0193,3038.1981
93509000,3002.0338,4672200,56214000,498529900,5231902300,3006.8787,3006.8787,2997.0193,3038.1981
93514000,3002.7646,5203200,49244200,503733100,5281146500,3006.8787,3006.8787,2997.0193,3038.1981
93519000,3002.4928,3895600,49485300,507628700,5330631800,3006.8787,3006.8787,2997.0193,3038.1981
93524000,3002.9295,4461900,51225600,512090600,5381857400,3006.8787,3006.8787,2997.0193,3038.1981
93529000,3003.4468,3987500,46277900,516078100,5428135300,3006.8787,3006.8787,2997.0193,3038.1981
93534000,3003.1975,5419800,55742500,521497900,5483877800,3006.8787,3006.8787,2997.0193,3038.1981
93539000,3003.4234,3850600,39945800,525348500,5523823600,3006.8787,3006.8787,2997.0193,3038.1981
93544000,3004.1122,5788300,46802800,531136800,5570626400,3006.8787,3006.8787,2997.0193,3038.1981
93549000,3004.2816,3918500,37794500,535055300,5608420900,3006.8787,3006.8787,2997.0193,3038.1981
93554000,3004.6028,3759900,44092300,538815200,5652513200,3006.8787,3006.8787,2997.0193,3038.1981
93559000,3004.0676,3799500,46373300,542614700,5698886500,3006.8787,3006.8787,2997.0193,3038.1981
93605000,3003.8348,5721500,71552600,548336200,5770439100,3006.8787,3006.8787,2997.0193,3038.1981
93609000,3003.0956,6270000,68539800,554606200,5838978900,3006.8787,3006.8787,2997.0193,3038.1981
93614000,3001.7571,10636900,109964800,565243100,5948943700,3006.8787,3006.8787,2997.0193,3038.1981
93619000,2999.7304,9401200,100462900,574644300,6049406600,3006.8787,3006.8787,2997.0193,3038.1981
93624000,2998.756,11960400,127380200,586604700,6176786800,3006.8787,3006.8787,2997.0193,3038.1981
93629000,2998.291,8916300,99871700,595521000,6276658500,3006.8787,3006.8787,2997.0193,3038.1981
93634000,2997.6772,7935400,84100400,603456400,6360758900,3006.8787,3006.8787,2997.0193,3038.1981
93639000,2998.2058,5470600,63259400,608927000,6424018300,3006.8787,3006.8787,2997.0193,3038.1981
93644000,2997.4729,13380500,86498400,622307500,6510516700,3006.8787,3006.8787,2997.0193,3038.1981
93649000,2997.2705,4871800,67200300,627179300,6577717000,3006.8787,3006.8787,2996.6583,3038.1981
93654000,2997.6088,7246400,75846300,634425700,6653563300,3006.8787,3006.8787,2996.6583,3038.1981
93659000,2997.5619,6626700,62692600,641052400,6716255900,3006.8787,3006.8787,2996.6583,3038.1981
93705000,2997.2143,7268900,81988100,648321300,6798244000,3006.8787,3006.8787,2996.6583,3038.1981
93709000,2997.2291,4761400,56231100,653082700,6854475100,3006.8787,3006.8787,2996.6583,3038.1981
93714000,2996.9612,8967900,73394700,662050600,6927869800,3006.8787,3006.8787,2996.6583,3038.1981
93719000,2997.5495,4860500,46250300,666911100,6974120100,3006.8787,3006.8787,2996.6583,3038.1981
93724000,2997.3267,12075500,75274900,678986600,7049395000,3006.8787,3006.8787,2996.6583,3038.1981
93729000,2996.896,5116900,50311300,684103500,7099706300,3006.8787,3006.8787,2996.6427,3038.1981
93734000,2996.6529,6307800,68253300,690411300,7167959600,3006.8787,3006.8787,2996.6427,3038.1981
93739000,2996.8455,5237900,57162200,695649200,7225121800,3006.8787,3006.8787,2996.6427,3038.1981
93744000,2996.717,4742400,51062700,700391600,7276184500,3006.8787,3006.8787,2996.128,3038.1981
93749000,2996.0442,4671000,49476900,705062600,7325661400,3006.8787,3006.8787,2995.6961,3038.1981
93754000,2996.1246,6401800,65143400,711464400,7390804800,3006.8787,3006.8787,2995.6961,3038.1981
93759000,2995.4212,7819400,74643200,719283800,7465448000,3006.8787,3006.8787,2995.4212,3038.1981
93805000,2995.5819,9562200,81890900,728846000,7547338900,3006.8787,3006.8787,2995.4212,3038.1981
93809000,2995.2646,5504300,52202700,734350300,7599541600,3006.8787,3006.8787,2995.2646,3038.1981
93814000,2995.7915,5239500,55540600,739589800,7655082200,3006.8787,3006.8787,2995.2646,3038.1981
93819000,2995.7861,4380000,42809500,743969800,7697891700,3006.8787,3006.8787,2995.2646,3038.1981
93824000,2996.0002,5525600,59460700,749495400,7757352400,3006.8787,3006.8787,2995.2646,3038.1981
93829000,2995.9074,5360900,53410000,754856300,7810762400,3006.8787,3006.8787,2995.2646,3038.1981
93834000,2995.5124,6059300,68563400,760915600,7879325800,3006.8787,3006.8787,2995.2646,3038.1981
93839000,2995.5969,4484400,54423700,765400000,7933749500,3006.8787,3006.8787,2995.2646,3038.1981
93844000,2995.6549,7025800,66151700,772425800,7999901200,3006.8787,3006.8787,2995.2646,3038.1981
93849000,2995.7021,5693500,49709700,778119300,8049610900,3006.8787,3006.8787,2995.229,3038.1981
93854000,2994.9899,6506500,59645700,784625800,8109256600,3006.8787,3006.8787,2994.9899,3038.1981
93859000,2995.7471,4530200,44195200,789156000,8153451800,3006.8787,3006.8787,2994.9899,3038.1981
93905000,2995.3374,4785900,50997400,793941900,8204449200,3006.8787,3006.8787,2994.9899,3038.1981
93909000,2995.2723,5943500,49165600,799885400,8253614800,3006.8787,3006.8787,2994.8388,3038.1981
93914000,2994.5084,5009100,54625100,804894500,8308239900,3006.8787,3006.8787,2994.5084,3038.1981
93919000,2994.9014,6090300,47666700,810984800,8355906600,3006.8787,3006.8787,2994.5084,3038.1981
93924000,2995.2311,6867200,61578200,817852000,8417484800,3006.8787,3006.8787,2994.5084,3038.1981
93929000,2994.9481,6962200,68391800,824814200,8485876600,3006.8787,3006.8787,2994.5084,3038.1981
93934000,2995.7316,6732000,67723700,831546200,8553600300,3006.8787,3006.8787,2994.5084,3038.1981
93939000,2995.3741,5611700,45324300,837157900,8598924600,3006.8787,3006.8787,2994.5084,3038.1981
93944000,2995.6681,5096900,52755600,842254800,8651680200,3006.8787,3006.8787,2994.5084,3038.1981
93949000,2995.6214,4148600,40835600,846403400,8692515800,3006.8787,3006.8787,2994.5084,3038.1981
93954000,2995.9977,5393200,60183500,851796600,8752699300,3006.8787,3006.8787,2994.5084,3038.1981
93959000,2996.0612,5765800,63481700,857562400,8816181000,3006.8787,3006.8787,2994.5084,3038.1981
94005000,2997.1534,7287600,70833800,864850000,8887014800,3006.8787,3006.8787,2994.5084,3038.1981
94009000,2997.3427,4133400,42290600,868983400,8929305400,3006.8787,3006.8787,2994.5084,3038.1981
94014000,2997.5171,4262700,49251200,873246100,8978556600,3006.8787,3006.8787,2994.5084,3038.1981
94019000,2998.1567,4627000,43398400,877873100,9021955000,3006.8787,3006.8787,2994.5084,3038.1981
94024000,2998.3934,5352100,56560200,883225200,9078515200,3006.8787,3006.8787,2994.5084,3038.1981
94029000,2998.4136,4818400,48287500,888043600,9126802700,3006.8787,3006.8787,2994.5084,3038.1981
94034000,2998.7224,7535300,68297500,895578900,9195100200,3006.8787,3006.8787,2994.5084,3038.1981
94039000,2999.7769,5614500,56240300,901193400,9251340500,3006.8787,3006.8787,2994.5084,3038.1981
94044000,3000.7576,8700000,72882100,909893400,9324222600,3006.8787,3006.8787,2994.5084,3038.1981
94049000,3001.5839,5413700,46254100,915307100,9370476700,3006.8787,3006.8787,2994.5084,3038.1981
94054000,3002.365,6094200,66732300,921401300,9437209000,3006.8787,3006.8787,2994.5084,3038.1981
94059000,3002.299,5588100,56342500,926989400,9493551500,3006.8787,3006.8787,2994.5084,3038.1981
94105000,3002.5006,5408300,48070400,932397700,9541621900,3006.8787,3006.8787,2994.5084,3038.1981
94109000,3002.8579,4154800,39118800,936552500,9580740700,3006.8787,3006.8787,2994.5084,3038.1981
94114000,3001.6565,6114100,58242200,942666600,9638982900,3006.8787,3006.8787,2994.5084,3038.1981
94119000,3000.9828,5604600,61280500,948271200,9700263400,3006.8787,3006.8787,2994.5084,3038.1981
94124000,2998.9485,10392200,100812800,958663400,9801076200,3006.8787,3006.8787,2994.5084,3038.1981
94129000,2998.5357,7576000,69473200,966239400,9870549400,3006.8787,3006.8787,2994.5084,3038.1981
94134000,2997.0982,8120400,79187700,974359800,9949737100,3006.8787,3006.8787,2994.5084,3038.1981
94139000,2996.2505,5028300,53462300,979388100,10003199400,3006.8787,3006.8787,2994.5084,3038.1981
94144000,2996.4379,5966900,56327600,985355000,10059527000,3006.8787,3006.8787,2994.5084,3038.1981
94149000,2996.9173,4059000,39739600,989414000,10099266600,3006.8787,3006.8787,2994.5084,3038.1981
94154000,2997.2504,3859100,44887100,993273100,10144153700,3006.8787,3006.8787,2994.5084,3038.1981
94159000,2997.7637,3305100,40164700,996578200,10184318400,3006.8787,3006.8787,2994.5084,3038.1981
94205000,2997.4116,3811000,44901500,1000389200,10229219900,3006.8787,3006.8787,2994.5084,3038.1981
94209000,2997.6143,4101800,36079900,1004491000,10265299800,3006.8787,3006.8787,2994.5084,3038.1981
94214000,2997.2898,4469600,53530700,1008960600,10318830500,3006.8787,3006.8787,2994.5084,3038.1981
94219000,2997.7877,2548000,26029700,1011508600,10344860200,3006.8787,3006.8787,2994.5084,3038.1981
94224000,2997.9667,3736400,43465500,1015245000,10388325700,3006.8787,3006.8787,2994.5084,3038.1981
94229000,2997.8722,4550100,39133200,1019795100,10427458900,3006.8787,3006.8787,2994.5084,3038.1981
94234000,2998.7724,4074500,42424700,1023869600,10469883600,3006.8787,3006.8787,2994.5084,3038.1981
94239000,2999.3019,3298700,32352300,1027168300,10502235900,3006.8787,3006.8787,2994.5084,3038.1981
94244000,2999.3505,3219000,42424600,1030387300,10544660500,3006.8787,3006.8787,2994.5084,3038.1981
94249000,2999.3464,2616900,30414700,1033004200,10575075200,3006.8787,3006.8787,2994.5084,3038.1981
94254000,3000.2006,4735800,54083300,1037740000,10629158500,3006.8787,3006.8787,2994.5084,3038.1981
94259000,2999.6783,3803200,45560900,1041543200,10674719400,3006.8787,3006.8787,2994.5084,3038.1981
94305000,2999.9683,3854000,41608200,1045397200,10716327600,3006.8787,3006.8787,2994.5084,3038.1981
94309000,3000.5543,3318400,33292800,1048715600,10749620400,3006.8787,3006.8787,2994.5084,3038.1981
94314000,3000.3117,3564600,35153700,1052280200,10784774100,3006.8787,3006.8787,2994.5084,3038.1981
94319000,3000.2417,2900900,31842300,1055181100,10816616400,3006.8787,3006.8787,2994.5084,3038.1981
94324000,2999.6901,3542500,39093000,1058723600,10855709400,3006.8787,3006.8787,2994.5084,3038.1981
94329000,2999.9573,3157200,38686300,1061880800,10894395700,3006.8787,3006.8787,2994.5084,3038.1981
94334000,2999.5895,4920300,48675500,1066801100,10943071200,3006.8787,3006.8787,2994.5084,3038.1981
94339000,2999.878,3982800,39574800,1070783900,10982646000,3006.8787,3006.8787,2994.5084,3038.1981
94344000,3000.0798,4983700,51642700,1075767600,11034288700,3006.8787,3006.8787,2994.5084,3038.1981
94349000,2999.4477,3937100,33662200,1079704700,11067950900,3006.8787,3006.8787,2994.5084,3038.1981
94354000,2998.5753,5466600,58100800,1085171300,11126051700,3006.8787,3006.8787,2994.5084,3038.1981
94359000,2997.885,7950600,68578300,1093121900,11194630000,3006.8787,3006.8787,2994.5084,3038.1981
94405000,2997.6024,5565400,58955900,1098687300,11253585900,3006.8787,3006.8787,2994.5084,3038.1981
94409000,2997.052,3985300,45357500,1102672600,11298943400,3006.8787,3006.8787,2994.5084,3038.1981
94414000,2997.2392,3610700,42275900,1106283300,11341219300,3006.8787,3006.8787,2994.5084,3038.1981
94418000,2997.3022,3204200,33002100,1109487500,11374221400,3006.8787,3006.8787,2994.5084,3038.1981
94424000,2997.555,4795200,46780100,1114282700,11421001500,3006.8787,3006.8787,2994.5084,3038.1981
94429000,2997.5306,4198900,47520500,1118481600,11468522000,3006.8787,3006.8787,2994.5084,3038.1981
94433000,2997.5374,4153800,52857800,1122635400,11521379800,3006.8787,3006.8787,2994.5084,3038.1981
94439000,2997.9962,4606100,48688100,1127241500,11570067900,3006.8787,3006.8787,2994.5084,3038.1981
94444000,2997.8169,3339600,32751900,1130581100,11602819800,3006.8787,3006.8787,2994.5084,3038.1981
94448000,2998.2555,8902100,52800700,1139483200,11655620500,3006.8787,3006.8787,2994.5084,3038.1981
94454000,2998.2272,3820600,36323000,1143303800,11691943500,3006.8787,3006.8787,2994.5084,3038.1981
94459000,2998.5036,3426600,31454200,1146730400,11723397700,3006.8787,3006.8787,2994.5084,3038.1981
94505000,2998.3044,3500600,35905500,1150231000,11759303200,3006.8787,3006.8787,2994.5084,3038.1981
94509000,2997.9527,4028700,39062400,1154259700,11798365600,3006.8787,3006.8787,2994.5084,3038.1981
94514000,2998.2964,3398100,35951800,1157657800,11834317400,3006.8787,3006.8787,2994.5084,3038.1981
94518000,2998.3742,2363100,27839000,1160020900,11862156400,3006.8787,3006.8787,2994.5084,3038.1981
94524000,2998.0243,4038000,38902700,1164058900,11901059100,3006.8787,3006.8787,2994.5084,3038.1981
94529000,2998.0613,2989300,34069000,1167048200,11935128100,3006.8787,3006.8787,2994.5084,3038.1981
94533000,2997.6189,4396800,50861700,1171445000,11985989800,3006.8787,3006.8787,2994.5084,3038.1981
94539000,2998.0477,3357800,36381200,1174802800,12022371000,3006.8787,3006.8787,2994.5084,3038.1981
94544000,2997.5315,3955500,43903100,1178758300,12066274100,3006.8787,3006.8787,2994.5084,3038.1981
94548000,2997.4931,2833000,33473600,1181591300,12099747700,3006.8787,3006.8787,2994.5084,3038.1981
94554000,2996.8313,9171900,94421600,1190763200,12194169300,3006.8787,3006.8787,2994.5084,3038.1981
94559000,2995.7328,4802100,64372600,1195565300,12258541900,3006.8787,3006.8787,2994.5084,3038.1981
94605000,2995.5298,7362300,89635400,1202927600,12348177300,3006.8787,3006.8787,2994.5084,3038.1981
94609000,2994.8035,5924300,65194200,1208851900,12413371500,3006.8787,3006.8787,2994.2319,3038.1981
94614000,2994.7799,5633100,61027600,1214485000,12474399100,3006.8787,3006.8787,2994.2319,3038.1981
94618000,2994.0913,4802600,44060500,1219287600,12518459600,3006.8787,3006.8787,2994.0913,3038.1981
94624000,2994.1464,8373000,73569700,1227660600,12592029300,3006.8787,3006.8787,2994.0913,3038.1981
94629000,2994.1451,6802100,80836600,1234462700,12672865900,3006.8787,3006.8787,2993.9824,3038.1981
94633000,2994.2368,4395300,52988700,1238858000,12725854600,3006.8787,3006.8787,2993.9824,3038.1981
94639000,2993.9766,5218800,54012600,1244076800,12779867200,3006.8787,3006.8787,2993.9374,3038.1981
94644000,2993.7525,6942500,67869000,1251019300,12847736200,3006.8787,3006.8787,2993.4083,3038.1981
94648000,2993.0499,14352800,82065300,1265372100,12929801500,3006.8787,3006.8787,2992.4894,3038.1981
94654000,2992.4222,9094700,81703900,1274466800,13011505400,3006.8787,3006.8787,2992.4222,3038.1981
94659000,2992.6509,8282700,67034600,1282749500,13078540000,3006.8787,3006.8787,2992.281,3038.1981
94705000,2992.5702,6425600,70321600,1289175100,13148861600,3006.8787,3006.8787,2992.1902,3038.1981
94709000,2992.3445,4379000,52177700,1293554100,13201039300,3006.8787,3006.8787,2992.1902,3038.1981
94714000,2992.5037,6172900,70741800,1299727000,13271781100,3006.8787,3006.8787,2992.1902,3038.1981
94718000,2991.9077,4202500,45352600,1303929500,13317133700,3006.8787,3006.8787,2991.8924,3038.1981
94724000,2992.3791,5996100,61924100,1309925600,13379057800,3006.8787,3006.8787,2991.8924,3038.1981
94729000,2991.8962,6327000,70038200,1316252600,13449096000,3006.8787,3006.8787,2991.8924,3038.1981
94733000,2992.0579,6245700,67608200,1322498300,13516704200,3006.8787,3006.8787,2991.5543,3038.1981
94739000,2991.4623,3664800,46822400,1326163100,13563526600,3006.8787,3006.8787,2991.4623,3038.1981
94744000,2991.9837,6347100,60424500,1332510200,13623951100,3006.8787,3006.8787,2991.4623,3038.1981
94748000,2991.676,4502700,44249000,1337012900,13668200100,3006.8787,3006.8787,2991.442,3038.1981
94754000,2991.7644,8189600,76031400,1345202500,13744231500,3006.8787,3006.8787,2991.442,3038.1981
94759000,2991.857,5671300,66323100,1350873800,13810554600,3006.8787,3006.8787,2991.3608,3038.1981
94805000,2991.4587,8349300,69141500,1359223100,13879696100,3006.8787,3006.8787,2991.1966,3038.1981
94809000,2990.7431,8902500,64044900,1368125600,13943741000,3006.8787,3006.8787,2990.6506,3038.1981
94814000,2990.0207,8211200,68342300,1376336800,14012083300,3006.8787,3006.8787,2989.9724,3038.1981
94818000,2989.8839,6693400,49208000,1383030200,14061291300,3006.8787,3006.8787,2989.8839,3038.1981
94824000,2989.7473,7008600,71627900,1390038800,14132919200,3006.8787,3006.8787,2989.7473,3038.1981
94829000,2990.2216,5638600,58150700,1395677400,14191069900,3006.8787,3006.8787,2989.5858,3038.1981
94833000,2989.5484,8010400,76311400,1403687800,14267381300,3006.8787,3006.8787,2989.2154,3038.1981
94839000,2989.0771,7979200,71816700,1411667000,14339198000,3006.8787,3006.8787,2989.0771,3038.1981
94844000,2989.1356,6507100,53625100,1418174100,14392823100,3006.8787,3006.8787,2988.7881,3038.1981
94848000,2988.665,6314700,64552700,1424488800,14457375800,3006.8787,3006.8787,2988.665,3038.1981
94854000,2988.7797,8613400,80828700,1433102200,14538204500,3006.8787,3006.8787,2988.0746,3038.1981
94859000,2988.2245,6306900,63824000,1439409100,14602028500,3006.8787,3006.8787,2988.0602,3038.1981
94905000,2987.8273,6683400,58664900,1446092500,14660693400,3006.8787,3006.8787,2987.6758,3038.1981
94909000,2987.5676,6597200,54101400,1452689700,14714794800,3006.8787,3006.8787,2987.5676,3038.1981
94914000,2987.7261,9440600,80120700,1462130300,14794915500,3006.8787,3006.8787,2987.5676,3038.1981
94918000,2987.2179,5869300,54894600,1467999600,14849810100,3006.8787,3006.8787,2987.2179,3038.1981
94924000,2987.3717,8450700,75176900,1476450300,14924987000,3006.8787,3006.8787,2987.2179,3038.1981
94929000,2987.5318,6963800,74983500,1483414100,14999970500,3006.8787,3006.8787,2987.2179,3038.1981
94933000,2987.3969,9413400,112892000,1492827500,15112862500,3006.8787,3006.8787,2986.8116,3038.1981
94939000,2986.6045,6573600,56377300,1499401100,15169239800,3006.8787,3006.8787,2986.6045,3038.1981
94944000,2986.6788,8043300,71768300,1507444400,15241008100,3006.8787,3006.8787,2986.6045,3038.1981
94948000,2986.6805,6467700,47165700,1513912100,15288173800,3006.8787,3006.8787,2986.6045,3038.1981
94954000,2986.206,8517300,77169800,1522429400,15365343600,3006.8787,3006.8787,2986.206,3038.1981
94959000,2986.7299,7836800,65846900,1530266200,15431190500,3006.8787,3006.8787,2986.206,3038.1981
95005000,2986.5724,6216100,67243100,1536482300,15498433600,3006.8787,3006.8787,2986.206,3038.1981
95009000,2986.0535,6768600,68568900,1543250900,15567002500,3006.8787,3006.8787,2986.0535,3038.1981
95014000,2985.5959,7409700,80532800,1550660600,15647535300,3006.8787,3006.8787,2985.4713,3038.1981
95018000,2985.5195,4785000,53957800,1555445600,15701493100,3006.8787,3006.8787,2985.4713,3038.1981
95024000,2985.8631,7363000,88435800,1562808600,15789928900,3006.8787,3006.8787,2985.4713,3038.1981
95029000,2986.2349,4987200,59245800,1567795800,15849174700,3006.8787,3006.8787,2985.4713,3038.1981
95033000,2986.2284,6157800,71093600,1573953600,15920268300,3006.8787,3006.8787,2985.4713,3038.1981
95039000,2986.7525,4524100,49091600,1578477700,15969359900,3006.8787,3006.8787,2985.4713,3038.1981
95044000,2986.0299,5898000,60109200,1584375700,16029469100,3006.8787,3006.8787,2985.4713,3038.1981
95048000,2986.0992,4459400,39804700,1588835100,16069273800,3006.8787,3006.8787,2985.4713,3038.1981
95054000,2986.7113,6591900,67253000,1595427000,16136526800,3006.8787,3006.8787,2985.4713,3038.1981
95059000,2986.9749,5879400,69917900,1601306400,16206444700,3006.8787,3006.8787,2985.4713,3038.1981
95105000,2987.9449,5104100,65861800,1606410500,16272306500,3006.8787,3006.8787,2985.4713,3038.1981
95109000,2987.0773,5130500,59798500,1611541000,16332105000,3006.8787,3006.8787,2985.4713,3038.1981
95114000,2987.7702,5160200,56856000,1616701200,16388961000,3006.8787,3006.8787,2985.4713,3038.1981
95118000,2987.5667,3968400,42531700,1620669600,16431492700,3006.8787,3006.8787,2985.4713,3038.1981
95124000,2988.9117,6350600,72877300,1627020200,16504370000,3006.8787,3006.8787,2985.4713,3038.1981
95129000,2989.3906,7614600,72790100,1634634800,16577160100,3006.8787,3006.8787,2985.4713,3038.1981
95133000,2989.2759,8950600,71161300,1643585400,16648321400,3006.8787,3006.8787,2985.4713,3038.1981
95139000,2990.0609,12021800,72208500,1655607200,16720529900,3006.8787,3006.8787,2985.4713,3038.1981
95144000,2990.7093,9751200,73615400,1665358400,16794145300,3006.8787,3006.8787,2985.4713,3038.1981
95148000,2991.3349,3480300,41197600,1668838700,16835342900,3006.8787,3006.8787,2985.4713,3038.1981
95154000,2991.7682,4459900,50450000,1673298600,16885792900,3006.8787,3006.8787,2985.4713,3038.1981
95159000,2992.317,5778700,53279400,1679077300,16939072300,3006.8787,3006.8787,2985.4713,3038.1981
95205000,2991.8226,5255800,50858300,1684333100,16989930600,3006.8787,3006.8787,2985.4713,3038.1981
95209000,2992.0892,3620200,36467200,1687953300,17026397800,3006.8787,3006.8787,2985.4713,3038.1981
95214000,2992.0045,6292800,51094800,1694246100,17077492600,3006.8787,3006.8787,2985.4713,3038.1981
95218000,2991.3701,3472800,36527000,1697718900,17114019600,3006.8787,3006.8787,2985.4713,3038.1981
95224000,2991.3639,5205000,52977200,1702923900,17166996800,3006.8787,3006.8787,2985.4713,3038.1981
95229000,2990.8292,7476900,58984400,1710400800,17225981200,3006.8787,3006.8787,2985.4713,3038.1981
95233000,2991.875,4332500,40132200,1714733300,17266113400,3006.8787,3006.8787,2985.4713,3038.1981
95239000,2992.2324,2906500,28263300,1717639800,17294376700,3006.8787,3006.8787,2985.4713,3038.1981
95244000,2992.1163,4550400,45131000,1722190200,17339507700,3006.8787,3006.8787,2985.4713,3038.1981
95248000,2991.6519,2937000,25172600,1725127200,17364680300,3006.8787,3006.8787,2985.4713,3038.1981
95254000,2991.9973,3946500,48224800,1729073700,17412905100,3006.8787,3006.8787,2985.4713,3038.1981
95259000,2992.136,3873900,44058000,1732947600,17456963100,3006.8787,3006.8787,2985.4713,3038.1981
95303000,2992.2758,3796600,40781900,1736744200,17497745000,3006.8787,3006.8787,2985.4713,3038.1981
95309000,2991.8577,3013700,29306100,1739757900,17527051100,3006.8787,3006.8787,2985.4713,3038.1981
95314000,2991.4908,3203000,32378400,1742960900,17559429500,3006.8787,3006.8787,2985.4713,3038.1981
95318000,2991.8727,2566000,24575500,1745526900,17584005000,3006.8787,3006.8787,2985.4713,3038.1981
95324000,2992.6619,3240900,36851200,1748767800,17620856200,3006.8787,3006.8787,2985.4713,3038.1981
95329000,2992.6173,2590400,31391900,1751358200,17652248100,3006.8787,3006.8787,2985.4713,3038.1981
95333000,2992.3978,3862200,40649600,1755220400,17692897700,3006.8787,3006.8787,2985.4713,3038.1981
95339000,2992.2531,3620700,34307600,1758841100,17727205300,3006.8787,3006.8787,2985.4713,3038.1981
95344000,2992.8155,2782200,29207700,1761623300,17756413000,3006.8787,3006.8787,2985.4713,3038.1981
95348000,2992.2171,3574900,29316600,1765198200,17785729600,3006.8787,3006.8787,2985.4713,3038.1981
95354000,2992.6251,3296500,32459500,1768494700,17818189100,3006.8787,3006.8787,2985.4713,3038.1981
95359000,2992.2147,4659100,36468200,1773153800,17854657300,3006.8787,3006.8787,2985.4713,3038.1981
95405000,2992.4867,3991900,29606700,1777145700,17884264000,3006.8787,3006.8787,2985.4713,3038.1981
95409000,2992.3718,3896500,31610500,1781042200,17915874500,3006.8787,3006.8787,2985.4713,3038.1981
95414000,2992.1216,4325600,38796300,1785367800,17954670800,3006.8787,3006.8787,2985.4713,3038.1981
95418000,2992.0499,2536500,20135700,1787904300,17974806500,3006.8787,3006.8787,2985.4713,3038.1981
95424000,2991.5483,4206500,41069700,1792110800,18015876200,3006.8787,3006.8787,2985.4713,3038.1981
95429000,2991.732,3733900,42047800,1795844700,18057924000,3006.8787,3006.8787,2985.4713,3038.1981
95433000,2991.8302,3325100,34038000,1799169800,18091962000,3006.8787,3006.8787,2985.4713,3038.1981
95439000,2991.6494,3243400,31179700,1802413200,18123141700,3006.8787,3006.8787,2985.4713,3038.1981
95444000,2991.422,3077600,31748900,1805490800,18154890600,3006.8787,3006.8787,2985.4713,3038.1981
95448000,2991.9775,2527500,30146400,1808018300,18185037000,3006.8787,3006.8787,2985.4713,3038.1981
95454000,2991.3494,3132000,36684800,1811150300,18221721800,3006.8787,3006.8787,2985.4713,3038.1981
95459000,2990.9999,2815200,32241900,1813965500,18253963700,3006.8787,3006.8787,2985.4713,3038.1981
95505000,2991.1355,2987400,32711000,1816952900,18286674700,3006.8787,3006.8787,2985.4713,3038.1981
95509000,2990.5924,4487700,43226000,1821440600,18329900700,3006.8787,3006.8787,2985.4713,3038.1981
95514000,2990.6085,3999200,40906000,1825439800,18370806700,3006.8787,3006.8787,2985.4713,3038.1981
95518000,2990.6936,2366700,25510100,1827806500,18396316800,3006.8787,3006.8787,2985.4713,3038.1981
95524000,2990.855,3942900,41306000,1831749400,18437622800,3006.8787,3006.8787,2985.4713,3038.1981
95529000,2990.9167,3448400,34531000,1835197800,18472153800,3006.8787,3006.8787,2985.4713,3038.1981
95533000,2990.4506,3497800,38698200,1838695600,18510852000,3006.8787,3006.8787,2985.4713,3038.1981
95539000,2990.6844,3361000,30635600,1842056600,18541487600,3006.8787,3006.8787,2985.4713,3038.1981
95544000,2990.7756,2470500,33176400,1844527100,18574664000,3006.8787,3006.8787,2985.4713,3038.1981
95548000,2990.9371,2118900,18792500,1846646000,18593456500,3006.8787,3006.8787,2985.4713,3038.1981
95554000,2991.2515,3661300,37438700,1850307300,18630895200,3006.8787,3006.8787,2985.4713,3038.1981
95559000,2991.1788,2819900,30557000,1853127200,18661452200,3006.8787,3006.8787,2985.4713,3038.1981
95605000,2991.5415,3041200,38165900,1856168400,18699618100,3006.8787,3006.8787,2985.4713,3038.1981
95609000,2991.5849,2477900,26054400,1858646300,18725672500,3006.8787,3006.8787,2985.4713,3038.1981
95614000,2991.8292,2549400,27590000,1861195700,18753262500,3006.8787,3006.8787,2985.4713,3038.1981
95618000,2991.7182,1393200,16145100,1862588900,18769407600,3006.8787,3006.8787,2985.4713,3038.1981
95624000,2991.9975,2970200,32574000,1865559100,18801981600,3006.8787,3006.8787,2985.4713,3038.1981
95629000,2991.7846,2443100,26559900,1868002200,18828541500,3006.8787,3006.8787,2985.4713,3038.1981
95633000,2991.8092,2779100,31480400,1870781300,18860021900,3006.8787,3006.8787,2985.4713,3038.1981
95639000,2991.8497,2393100,27681400,1873174400,18887703300,3006.8787,3006.8787,2985.4713,3038.1981
95644000,2991.957,2408700,25981300,1875583100,18913684600,3006.8787,3006.8787,2985.4713,3038.1981
95648000,2992.0651,1483400,15663800,1877066500,18929348400,3006.8787,3006.8787,2985.4713,3038.1981
95654000,2992.2765,2204300,28849400,1879270800,18958197800,3006.8787,3006.8787,2985.4713,3038.1981
95659000,2992.151,1699600,22210900,1880970400,18980408700,3006.8787,3006.8787,2985.4713,3038.1981
95705000,2992.5568,2898300,34559500,1883868700,19014968200,3006.8787,3006.8787,2985.4713,3038.1981
95709000,2992.5044,2883600,27590500,1886752300,19042558700,3006.8787,3006.8787,2985.4713,3038.1981
95714000,2992.2436,2657000,28510500,1889409300,19071069200,3006.8787,3006.8787,2985.4713,3038.1981
95718000,2992.4368,2590500,27853600,1891999800,19098922800,3006.8787,3006.8787,2985.4713,3038.1981
95724000,2991.7123,5540400,48935600,1897540200,19147858400,3006.8787,3006.8787,2985.4713,3038.1981
95729000,2992.2548,4288400,41682000,1901828600,19189540400,3006.8787,3006.8787,2985.4713,3038.1981
95733000,2991.7244,4604700,45977800,1906433300,19235518200,3006.8787,3006.8787,2985.4713,3038.1981
95739000,2991.9807,4053000,35997800,1910486300,19271516000,3006.8787,3006.8787,2985.4713,3038.1981
95744000,2991.5436,2999400,33744700,1913485700,19305260700,3006.8787,3006.8787,2985.4713,3038.1981
95748000,2992.0333,2943100,28918700,1916428800,19334179400,3006.8787,3006.8787,2985.4713,3038.1981
95754000,2991.8795,3054100,36744000,1919482900,19370923400,3006.8787,3006.8787,2985.4713,3038.1981
95759000,2991.7963,4505600,45978000,1923988500,19416901400,3006.8787,3006.8787,2985.4713,3038.1981
95805000,2991.8537,3451900,37379100,1927440400,19454280500,3006.8787,3006.8787,2985.4713,3038.1981
95809000,2991.7423,4113600,31970300,1931554000,19486250800,3006.8787,3006.8787,2985.4713,3038.1981
95814000,2992.2486,2991600,36984200,1934545600,19523235000,3006.8787,3006.8787,2985.4713,3038.1981
95818000,2992.0125,1839100,18531900,1936384700,19541766900,3006.8787,3006.8787,2985.4713,3038.1981
95824000,2992.4134,3070000,32189600,1939454700,19573956500,3006.8787,3006.8787,2985.4713,3038.1981
95829000,2992.3678,3562800,32862800,1943017500,19606819300,3006.8787,3006.8787,2985.4713,3038.1981
95833000,2992.9163,3865300,40381900,1946882800,19647201200,3006.8787,3006.8787,2985.4713,3038.1981
95839000,2992.9549,1946600,23347700,1948829400,19670548900,3006.8787,3006.8787,2985.4713,3038.1981
95844000,2993.3758,2505700,25811700,1951335100,19696360600,3006.8787,3006.8787,2985.4713,3038.1981
95848000,2993.0513,1850400,21811800,1953185500,19718172400,3006.8787,3006.8787,2985.4713,3038.1981
95854000,2993.8735,2840100,33186200,1956025600,19751358600,3006.8787,3006.8787,2985.4713,3038.1981
95859000,2993.7792,2271500,29118300,1958297100,19780476900,3006.8787,3006.8787,2985.4713,3038.1981
95905000,2994.1886,2882000,33100800,1961179100,19813577700,3006.8787,3006.8787,2985.4713,3038.1981
95909000,2994.1957,2740000,28601100,1963919100,19842178800,3006.8787,3006.8787,2985.4713,3038.1981
95914000,2994.4421,2370100,26969100,1966289200,19869147900,3006.8787,3006.8787,2985.4713,3038.1981
95918000,2994.9964,2719700,28492900,1969008900,19897640800,3006.8787,3006.8787,2985.4713,3038.1981
95924000,2994.9337,3218100,39863700,1972227000,19937504500,3006.8787,3006.8787,2985.4713,3038.1981
95929000,2995.4344,2900400,35568400,1975127400,19973072900,3006.8787,3006.8787,2985.4713,3038.1981
95933000,2995.2193,4008600,42962600,1979136000,20016035500,3006.8787,3006.8787,2985.4713,3038.1981
95939000,2994.8385,3202300,38307300,1982338300,20054342800,3006.8787,3006.8787,2985.4713,3038.1981
95944000,2995.259,3015900,34304500,1985354200,20088647300,3006.8787,3006.8787,2985.4713,3038.1981
95948000,2995.5714,2007700,24418200,1987361900,20113065500,3006.8787,3006.8787,2985.4713,3038.1981
95954000,2995.8767,3138300,35097700,1990500200,20148163200,3006.8787,3006.8787,2985.4713,3038.1981
95959000,2996.2449,3169100,32872100,1993669300,20181035300,3006.8787,3006.8787,2985.4713,3038.1981
100005000,2996.1984,3811100,44069400,1997480400,20225104700,3006.8787,3006.8787,2985.4713,3038.1981
100009000,2994.6713,5271600,53567200,2002752000,20278671900,3006.8787,3006.8787,2985.4713,3038.1981
100014000,2994.0818,5766200,62411600,2008518200,20341083500,3006.8787,3006.8787,2985.4713,3038.1981
100018000,2993.1706,4707900,51033400,2013226100,20392116900,3006.8787,3006.8787,2985.4713,3038.1981
100024000,2992.4635,6572200,71552700,2019798300,20463669600,3006.8787,3006.8787,2985.4713,3038.1981
100029000,2991.9837,7664100,74943600,2027462400,20538613200,3006.8787,3006.8787,2985.4713,3038.1981
100033000,2991.8959,5088500,60462100,2032550900,20599075300,3006.8787,3006.8787,2985.4713,3038.1981
100039000,2991.6621,3770100,40284900,2036321000,20639360200,3006.8787,3006.8787,2985.4713,3038.1981
100044000,2991.7389,3752300,45209500,2040073300,20684569700,3006.8787,3006.8787,2985.4713,3038.1981
100048000,2991.9359,2041500,24671200,2042114800,20709240900,3006.8787,3006.8787,2985.4713,3038.1981
100054000,2991.5603,3615900,45350100,2045730700,20754591000,3006.8787,3006.8787,2985.4713,3038.1981
100059000,2991.3789,2722900,38980400,2048453600,20793571400,3006.8787,3006.8787,2985.4713,3038.1981
100105000,2991.1685,3168500,34776800,2051622100,20828348200,3006.8787,3006.8787,2985.4713,3038.1981
100109000,2991.4911,2295100,23256800,2053917200,20851605000,3006.8787,3006.8787,2985.4713,3038.1981
100114000,2991.1313,2858400,32714900,2056775600,20884319900,3006.8787,3006.8787,2985.4713,3038.1981
100118000,2991.2938,2079600,20575400,2058855200,20904895300,3006.8787,3006.8787,2985.4713,3038.1981
100124000,2991.3761,3149800,36644200,2062005000,20941539500,3006.8787,3006.8787,2985.4713,3038.1981
100129000,2991.2741,2992500,30031800,2064997500,20971571300,3006.8787,3006.8787,2985.4713,3038.1981
100133000,2991.4216,3848400,39401300,2068845900,21010972600,3006.8787,3006.8787,2985.4713,3038.1981
100139000,2991.2963,3730400,35124100,2072576300,21046096700,3006.8787,3006.8787,2985.4713,3038.1981
100144000,2991.1523,2346800,28801200,2074923100,21074897900,3006.8787,3006.8787,2985.4713,3038.1981
100148000,2991.323,2484000,27578900,2077407100,21102476800,3006.8787,3006.8787,2985.4713,3038.1981
100154000,2991.3198,2249400,29365800,2079656500,21131842600,3006.8787,3006.8787,2985.4713,3038.1981
100159000,2991.0197,2201900,28376600,2081858400,21160219200,3006.8787,3006.8787,2985.4713,3038.1981
100205000,2991.2739,2612100,39743500,2084470500,21199962700,3006.8787,3006.8787,2985.4713,3038.1981
100209000,2990.8011,3879600,32073300,2088350100,21232036000,3006.8787,3006.8787,2985.4713,3038.1981
100214000,2990.4622,2620800,32437500,2090970900,21264473500,3006.8787,3006.8787,2985.4713,3038.1981
100218000,2990.3844,1651600,19031500,2092622500,21283505000,3006.8787,3006.8787,2985.4713,3038.1981
100224000,2990.9125,2946800,34656600,2095569300,21318161600,3006.8787,3006.8787,2985.4713,3038.1981
100229000,2990.5543,3269300,33438900,2098838600,21351600500,3006.8787,3006.8787,2985.4713,3038.1981
100233000,2990.5879,2334900,29718700,2101173500,21381319200,3006.8787,3006.8787,2985.4713,3038.1981
100239000,2990.1823,2719200,30936400,2103892700,21412255600,3006.8787,3006.8787,2985.4713,3038.1981
100244000,2990.5516,2753600,27476000,2106646300,21439731600,3006.8787,3006.8787,2985.4713,3038.1981
100248000,2990.6407,2022200,20542800,2108668500,21460274400,3006.8787,3006.8787,2985.4713,3038.1981
100254000,2990.6419,2568400,30762300,2111236900,21491036700,3006.8787,3006.8787,2985.4713,3038.1981
100259000,2990.2768,2472800,31112200,2113709700,21522148900,3006.8787,3006.8787,2985.4713,3038.1981
100305000,2990.6061,2682100,26464400,2116391800,21548613300,3006.8787,3006.8787,2985.4713,3038.1981
100309000,2990.0936,2076100,25824400,2118467900,21574437700,3006.8787,3006.8787,2985.4713,3038.1981
100314000,2990.2736,3175500,34025700,2121643400,21608463400,3006.8787,3006.8787,2985.4713,3038.1981
100318000,2989.8513,2133800,24074100,2123777200,21632537500,3006.8787,3006.8787,2985.4713,3038.1981
100324000,2990.0482,3420700,35950200,2127197900,21668487700,3006.8787,3006.8787,2985.4713,3038.1981
100329000,2989.7717,2346200,30536100,2129544100,21699023800,3006.8787,3006.8787,2985.4713,3038.1981
100333000,2990.2198,3248400,38257400,2132792500,21737281200,3006.8787,3006.8787,2985.4713,3038.1981
100339000,2989.9618,2553000,27062500,2135345500,21764343700,3006.8787,3006.8787,2985.4713,3038.1981
100344000,2990.569,2675500,29852200,2138021000,21794195900,3006.8787,3006.8787,2985.4713,3038.1981
100348000,2990.3113,1361300,15006200,2139382300,21809202100,3006.8787,3006.8787,2985.4713,3038.1981
100354000,2990.4749,2838800,31026400,2142221100,21840228500,3006.8787,3006.8787,2985.4713,3038.1981
100359000,2990.3999,2173500,25627600,2144394600,21865856100,3006.8787,3006.8787,2985.4713,3038.1981
100404000,2990.4002,2649800,28116600,2147044400,21893972700,3006.8787,3006.8787,2985.4713,3038.1981
100409000,2990.3188,1607800,16399400,2148652200,21910372100,3006.8787,3006.8787,2985.4713,3038.1981
100414000,2990.3391,2525000,26596000,2151177200,21936968100,3006.8787,3006.8787,2985.4713,3038.1981
100418000,2990.3278,1710800,18847400,2152888000,21955815500,3006.8787,3006.8787,2985.4713,3038.1981
100424000,2990.1557,2900700,32737700,2155788700,21988553200,3006.8787,3006.8787,2985.4713,3038.1981
100429000,2990.0759,2269200,25651700,2158057900,22014204900,3006.8787,3006.8787,2985.4713,3038.1981
100433000,2989.902,2554500,28163500,2160612400,22042368400,3006.8787,3006.8787,2985.4713,3038.1981
100439000,2989.9278,2615100,26219700,2163227500,22068588100,3006.8787,3006.8787,2985.4713,3038.1981
100444000,2989.7781,1798100,20953100,2165025600,22089541200,3006.8787,3006.8787,2985.4713,3038.1981
100448000,2989.9763,1206000,13550200,2166231600,22103091400,3006.8787,3006.8787,2985.4713,3038.1981
100454000,2990.0194,2646300,26953200,2168877900,22130044600,3006.8787,3006.8787,2985.4713,3038.1981
100459000,2989.3642,2769300,32081400,2171647200,22162126000,3006.8787,3006.8787,2985.4713,3038.1981
100504000,2989.6892,2832500,25922800,2174479700,22188048800,3006.8787,3006.8787,2985.4713,3038.1981
100509000,2989.5988,2094800,21043400,2176574500,22209092200,3006.8787,3006.8787,2985.4713,3038.1981
100514000,2989.6087,2973700,30502400,2179548200,22239594600,3006.8787,3006.8787,2985.4713,3038.1981
100518000,2989.8861,2666200,25959100,2182214400,22265553700,3006.8787,3006.8787,2985.4713,3038.1981
100524000,2990.1041,3547400,33637800,2185761800,22299191500,3006.8787,3006.8787,2985.4713,3038.1981
100529000,2990.2117,2872800,27026600,2188634600,22326218100,3006.8787,3006.8787,2985.4713,3038.1981
100533000,2990.2049,5192400,52427400,2193827000,22378645500,3006.8787,3006.8787,2985.4713,3038.1981
100539000,2989.7363,2279100,24049900,2196106100,22402695400,3006.8787,3006.8787,2985.4713,3038.1981
100544000,2990.4517,2797200,31113500,2198903300,22433808900,3006.8787,3006.8787,2985.4713,3038.1981
100548000,2990.8696,1441600,15880300,2200344900,22449689200,3006.8787,3006.8787,2985.4713,3038.1981
100554000,2990.1524,2771800,37211900,2203116700,22486901100,3006.8787,3006.8787,2985.4713,3038.1981
100559000,2990.6638,3733700,33305100,2206850400,22520206200,3006.8787,3006.8787,2985.4713,3038.1981
100604000,2991.4833,5471900,50267600,2212322300,22570473800,3006.8787,3006.8787,2985.4713,3038.1981
100609000,2990.6428,3754700,37940600,2216077000,22608414400,3006.8787,3006.8787,2985.4713,3038.1981
100614000,2991.1867,2639400,33657900,2218716400,22642072300,3006.8787,3006.8787,2985.4713,3038.1981
100618000,2991.1214,2857000,27251900,2221573400,22669324200,3006.8787,3006.8787,2985.4713,3038.1981
100624000,2990.8527,4067300,39473500,2225640700,22708797700,3006.8787,3006.8787,2985.4713,3038.1981
100629000,2990.6137,3001000,27655900,2228641700,22736453600,3006.8787,3006.8787,2985.4713,3038.1981
100633000,2990.2002,4004800,41030300,2232646500,22777483900,3006.8787,3006.8787,2985.4713,3038.1981
100639000,2990.4358,4233200,44128400,2236879700,22821612300,3006.8787,3006.8787,2985.4713,3038.1981
100644000,2990.041,3302100,43345400,2240181800,22864957700,3006.8787,3006.8787,2985.4713,3038.1981
100648000,2989.3765,1673600,19073600,2241855400,22884031300,3006.8787,3006.8787,2985.4713,3038.1981
100654000,2989.2661,3615600,40124000,2245471000,22924155300,3006.8787,3006.8787,2985.4713,3038.1981
100659000,2989.1416,2654700,30266400,2248125700,22954421700,3006.8787,3006.8787,2985.4713,3038.1981
100704000,2989.7982,3122300,32744400,2251248000,22987166100,3006.8787,3006.8787,2985.4713,3038.1981
100709000,2989.4893,3402500,32678100,2254650500,23019844200,3006.8787,3006.8787,2985.4713,3038.1981
100714000,2989.7384,1971200,23127900,2256621700,23042972100,3006.8787,3006.8787,2985.4713,3038.1981
100718000,2989.7232,1249400,12179400,2257871100,23055151500,3006.8787,3006.8787,2985.4713,3038.1981
100724000,2989.6716,3087100,29012100,2260958200,23084163600,3006.8787,3006.8787,2985.4713,3038.1981
100729000,2989.6436,3114100,24154600,2264072300,23108318200,3006.8787,3006.8787,2985.4713,3038.1981
100733000,2989.8115,3719300,36867700,2267791600,23145185900,3006.8787,3006.8787,2985.4713,3038.1981
100739000,2988.988,2457800,23616100,2270249400,23168802000,3006.8787,3006.8787,2985.4713,3038.1981
100744000,2989.4995,1747400,20137200,2271996800,23188939200,3006.8787,3006.8787,2985.4713,3038.1981
100748000,2989.2447,2241000,21456700,2274237800,23210395900,3006.8787,3006.8787,2985.4713,3038.1981
100754000,2989.2308,3150600,27774100,2277388400,23238170000,3006.8787,3006.8787,2985.4713,3038.1981
100759000,2989.2436,4239200,30674400,2281627600,23268844400,3006.8787,3006.8787,2985.4713,3038.1981
100804000,2989.6106,3637000,28833900,2285264600,23297678300,3006.8787,3006.8787,2985.4713,3038.1981
100809000,2989.2592,3419300,26143900,2288683900,23323822200,3006.8787,3006.8787,2985.4713,3038.1981
100814000,2989.561,1847200,20764800,2290531100,23344587000,3006.8787,3006.8787,2985.4713,3038.1981
100818000,2989.7142,1984800,19432300,2292515900,23364019300,3006.8787,3006.8787,2985.4713,3038.1981
100824000,2990.0142,2914100,33907500,2295430000,23397926800,3006.8787,3006.8787,2985.4713,3038.1981
100829000,2989.7041,2388900,24456400,2297818900,23422383200,3006.8787,3006.8787,2985.4713,3038.1981
100833000,2990.0349,2250100,25513300,2300069000,23447896500,3006.8787,3006.8787,2985.4713,3038.1981
100839000,2989.8392,2856600,22874600,2302925600,23470771100,3006.8787,3006.8787,2985.4713,3038.1981
100844000,2989.9244,5328700,36972700,2308254300,23507743800,3006.8787,3006.8787,2985.4713,3038.1981
100848000,2990.8053,1699200,15682500,2309953500,23523426300,3006.8787,3006.8787,2985.4713,3038.1981
100854000,2990.7761,4265100,39959000,2314218600,23563385300,3006.8787,3006.8787,2985.4713,3038.1981
100859000,2990.7631,2487700,24572300,2316706300,23587957600,3006.8787,3006.8787,2985.4713,3038.1981
100904000,2991.2238,4320900,38297100,2321027200,23626254700,3006.8787,3006.8787,2985.4713,3038.1981
100909000,2991.2241,3133300,23436300,2324160500,23649691000,3006.8787,3006.8787,2985.4713,3038.1981
100914000,2991.8034,3091600,32665200,2327252100,23682356200,3006.8787,3006.8787,2985.4713,3038.1981
100918000,2991.8299,2118700,22133100,2329370800,23704489300,3006.8787,3006.8787,2985.4713,3038.1981
100924000,2991.8715,3248100,31529800,2332618900,23736019100,3006.8787,3006.8787,2985.4713,3038.1981
100929000,2992.145,3457800,35677500,2336076700,23771696600,3006.8787,3006.8787,2985.4713,3038.1981
100933000,2992.1062,3419800,34921400,2339496500,23806618000,3006.8787,3006.8787,2985.4713,3038.1981
100939000,2991.857,2927000,26529200,2342423500,23833147200,3006.8787,3006.8787,2985.4713,3038.1981
100944000,2992.8876,2476500,27681500,2344900000,23860828700,3006.8787,3006.8787,2985.4713,3038.1981
100948000,2992.5953,1929000,16327600,2346829000,23877156300,3006.8787,3006.8787,2985.4713,3038.1981
100954000,2993.0925,3611300,27505800,2350440300,23904662100,3006.8787,3006.8787,2985.4713,3038.1981
100959000,2993.0451,2314800,23405400,2352755100,23928067500,3006.8787,3006.8787,2985.4713,3038.1981
101004000,2993.2232,3068200,28062400,2355823300,23956129900,3006.8787,3006.8787,2985.4713,3038.1981
101009000,2993.0423,1531600,18178800,2357354900,23974308700,3006.8787,3006.8787,2985.4713,3038.1981
101014000,2993.5305,2039700,24655600,2359394600,23998964300,3006.8787,3006.8787,2985.4713,3038.1981
101018000,2993.3622,2021900,19109500,2361416500,24018073800,3006.8787,3006.8787,2985.4713,3038.1981
101024000,2994.0421,3189200,28968800,2364605700,24047042600,3006.8787,3006.8787,2985.4713,3038.1981
101029000,2994.4246,2062100,21765500,2366667800,24068808100,3006.8787,3006.8787,2985.4713,3038.1981
101033000,2994.2175,2174500,23741700,2368842300,24092549800,3006.8787,3006.8787,2985.4713,3038.1981
101039000,2994.3159,2293700,23578500,2371136000,24116128300,3006.8787,3006.8787,2985.4713,3038.1981
101044000,2994.7674,2779700,28829500,2373915700,24144957800,3006.8787,3006.8787,2985.4713,3038.1981
101048000,2994.5706,2039300,21536500,2375955000,24166494300,3006.8787,3006.8787,2985.4713,3038.1981
101054000,2994.4776,3245900,37894300,2379200900,24204388600,3006.8787,3006.8787,2985.4713,3038.1981
101059000,2994.9456,2676300,34855600,2381877200,24239244200,3006.8787,3006.8787,2985.4713,3038.1981
101104000,2995.1915,2806700,32748400,2384683900,24271992600,3006.8787,3006.8787,2985.4713,3038.1981
101109000,2995.5357,2304100,20140300,2386988000,24292132900,3006.8787,3006.8787,2985.4713,3038.1981
101114000,2995.0934,3940500,34695900,2390928500,24326828800,3006.8787,3006.8787,2985.4713,3038.1981
101118000,2995.0465,1663800,23252200,2392592300,24350081000,3006.8787,3006.8787,2985.4713,3038.1981
101124000,2994.7963,3319300,29415700,2395911600,24379496700,3006.8787,3006.8787,2985.4713,3038.1981
101129000,2995.1753,2241800,23396300,2398153400,24402893000,3006.8787,3006.8787,2985.4713,3038.1981
101133000,2995.1642,2809100,30392800,2400962500,24433285800,3006.8787,3006.8787,2985.4713,3038.1981
101139000,2994.5468,2969700,28295800,2403932200,24461581600,3006.8787,3006.8787,2985.4713,3038.1981
101144000,2994.844,3153200,30587500,2407085400,24492169100,3006.8787,3006.8787,2985.4713,3038.1981
101148000,2994.6209,2023300,22126000,2409108700,24514295100,3006.8787,3006.8787,2985.4713,3038.1981
101154000,2994.2884,2809700,28886000,2411918400,24543181100,3006.8787,3006.8787,2985.4713,3038.1981
101159000,2994.4161,1961100,22048400,2413879500,24565229500,3006.8787,3006.8787,2985.4713,3038.1981
101204000,2994.9991,3604900,34403900,2417484400,24599633400,3006.8787,3006.8787,2985.4713,3038.1981
101209000,2994.3969,2517400,19190100,2420001800,24618823500,3006.8787,3006.8787,2985.4713,3038.1981
101214000,2994.7137,3186200,28394500,2423188000,24647218000,3006.8787,3006.8787,2985.4713,3038.1981
101218000,2994.4567,2120200,21634300,2425308200,24668852300,3006.8787,3006.8787,2985.4713,3038.1981
101224000,2994.537,3079400,30250300,2428387600,24699102600,3006.8787,3006.8787,2985.4713,3038.1981
101229000,2994.4293,2246900,23503200,2430634500,24722605800,3006.8787,3006.8787,2985.4713,3038.1981
101233000,2994.4116,2758200,31134600,2433392700,24753740400,3006.8787,3006.8787,2985.4713,3038.1981
101239000,2994.059,2465300,24137600,2435858000,24777878000,3006.8787,3006.8787,2985.4713,3038.1981
101244000,2993.1344,3754700,34613900,2439612700,24812491900,3006.8787,3006.8787,2985.4713,3038.1981
101248000,2993.27,2230100,22182600,2441842800,24834674500,3006.8787,3006.8787,2985.4713,3038.1981
101254000,2993.1082,3409000,32173500,2445251800,24866848000,3006.8787,3006.8787,2985.4713,3038.1981
101259000,2993.5985,2433100,27724600,2447684900,24894572600,3006.8787,3006.8787,2985.4713,3038.1981
101304000,2992.9146,3417200,33597100,2451102100,24928169700,3006.8787,3006.8787,2985.4713,3038.1981
101309000,2992.6937,2498700,23782100,2453600800,24951951800,3006.8787,3006.8787,2985.4713,3038.1981
101314000,2992.9726,3057400,34523000,2456658200,24986474800,3006.8787,3006.8787,2985.4713,3038.1981
101318000,2992.3893,1961500,21467300,2458619700,25007942100,3006.8787,3006.8787,2985.4713,3038.1981
101324000,2992.7211,3071900,31109600,2461691600,25039051700,3006.8787,3006.8787,2985.4713,3038.1981
101329000,2992.9474,2703600,28880200,2464395200,25067931900,3006.8787,3006.8787,2985.4713,3038.1981
101333000,2992.7919,2400200,27424800,2466795400,25095356700,3006.8787,3006.8787,2985.4713,3038.1981
101339000,2992.2836,2529200,25770400,2469324600,25121127100,3006.8787,3006.8787,2985.4713,3038.1981
101344000,2992.3532,2028300,21839900,2471352900,25142967000,3006.8787,3006.8787,2985.4713,3038.1981
101348000,2992.2853,1685700,15823300,2473038600,25158790300,3006.8787,3006.8787,2985.4713,3038.1981
101354000,2992.5687,2479500,26629900,2475518100,25185420200,3006.8787,3006.8787,2985.4713,3038.1981
101359000,2992.2241,2795400,27267600,2478313500,25212687800,3006.8787,3006.8787,2985.4713,3038.1981
101404000,2992.239,3310300,36086200,2481623800,25248774000,3006.8787,3006.8787,2985.4713,3038.1981
101409000,2991.7989,1379500,15558300,2483003300,25264332300,3006.8787,3006.8787,2985.4713,3038.1981
101414000,2992.3468,2421700,25601000,2485425000,25289933300,3006.8787,3006.8787,2985.4713,3038.1981
101418000,2992.4958,1455200,14241400,2486880200,25304174700,3006.8787,3006.8787,2985.4713,3038.1981
101424000,2992.1303,2970500,28134900,2489850700,25332309600,3006.8787,3006.8787,2985.4713,3038.1981
101429000,2991.9884,2006600,21336900,2491857300,25353646500,3006.8787,3006.8787,2985.4713,3038.1981
101433000,2991.8482,1814500,21119900,2493671800,25374766400,3006.8787,3006.8787,2985.4713,3038.1981
101439000,2992.2635,2159100,22348700,2495830900,25397115100,3006.8787,3006.8787,2985.4713,3038.1981
101444000,2991.5007,2385000,25355900,2498215900,25422471000,3006.8787,3006.8787,2985.4713,3038.1981
101448000,2991.9226,1550700,19606100,2499766600,25442077100,3006.8787,3006.8787,2985.4713,3038.1981
101454000,2991.5884,2873500,25829200,2502640100,25467906300,3006.8787,3006.8787,2985.4713,3038.1981
101459000,2991.9879,2257300,28878700,2504897400,25496785000,3006.8787,3006.8787,2985.4713,3038.1981
101504000,2991.4943,2693300,26527500,2507590700,25523312500,3006.8787,3006.8787,2985.4713,3038.1981
101509000,2991.3355,2061800,20452300,2509652500,25543764800,3006.8787,3006.8787,2985.4713,3038.1981
101514000,2991.3848,1873900,20222800,2511526400,25563987600,3006.8787,3006.8787,2985.4713,3038.1981
101518000,2991.3766,1212000,13093000,2512738400,25577080600,3006.8787,3006.8787,2985.4713,3038.1981
101524000,2991.5695,2157600,22741300,2514896000,25599821900,3006.8787,3006.8787,2985.4713,3038.1981
101529000,2991.5086,2205600,25333100,2517101600,25625155000,3006.8787,3006.8787,2985.4713,3038.1981
101533000,2991.8125,2282100,22630700,2519383700,25647785700,3006.8787,3006.8787,2985.4713,3038.1981
101539000,2991.436,1824500,18448600,2521208200,25666234300,3006.8787,3006.8787,2985.4713,3038.1981
101544000,2991.6173,2074200,18536700,2523282400,25684771000,3006.8787,3006.8787,2985.4713,3038.1981
101548000,2991.4952,1420600,14384200,2524703000,25699155200,3006.8787,3006.8787,2985.4713,3038.1981
101554000,2991.5494,1771800,19943400,2526474800,25719098600,3006.8787,3006.8787,2985.4713,3038.1981
101559000,2991.7963,2526100,27274600,2529000900,25746373200,3006.8787,3006.8787,2985.4713,3038.1981
101604000,2992.0534,1729500,17564900,2530730400,25763938100,3006.8787,3006.8787,2985.4713,3038.1981
101609000,2991.8641,1857700,15571100,2532588100,25779509200,3006.8787,3006.8787,2985.4713,3038.1981
101614000,2991.7765,2475200,21623100,2535063300,25801132300,3006.8787,3006.8787,2985.4713,3038.1981
101618000,2992.1978,1468100,14737300,2536531400,25815869600,3006.8787,3006.8787,2985.4713,3038.1981
101624000,2992.1619,1791100,19610300,2538322500,25835479900,3006.8787,3006.8787,2985.4713,3038.1981
101629000,2992.1625,2682600,21858600,2541005100,25857338500,3006.8787,3006.8787,2985.4713,3038.1981
101633000,2992.0653,1809600,21208600,2542814700,25878547100,3006.8787,3006.8787,2985.4713,3038.1981
101639000,2992.3666,2730000,21408500,2545544700,25899955600,3006.8787,3006.8787,2985.4713,3038.1981
101644000,2991.685,2331100,23715200,2547875800,25923670800,3006.8787,3006.8787,2985.4713,3038.1981
101648000,2991.8777,1854900,15492700,2549730700,25939163500,3006.8787,3006.8787,2985.4713,3038.1981
101654000,2992.1717,2104600,23041500,2551835300,25962205000,3006.8787,3006.8787,2985.4713,3038.1981
101659000,2992.1055,2372900,21881200,2554208200,25984086200,3006.8787,3006.8787,2985.4713,3038.1981
101704000,2992.388,1916600,20195000,2556124800,26004281200,3006.8787,3006.8787,2985.4713,3038.1981
101709000,2992.258,1485200,14101500,2557610000,26018382700,3006.8787,3006.8787,2985.4713,3038.1981
101714000,2992.8469,3466900,31644600,2561076900,26050027300,3006.8787,3006.8787,2985.4713,3038.1981
101718000,2992.4967,1693700,15541100,2562770600,26065568400,3006.8787,3006.8787,2985.4713,3038.1981
101724000,2993.0915,2051400,18939300,2564822000,26084507700,3006.8787,3006.8787,2985.4713,3038.1981
101729000,2992.4689,2324900,21796900,2567146900,26106304600,3006.8787,3006.8787,2985.4713,3038.1981
101733000,2992.5202,2022400,21689100,2569169300,26127993700,3006.8787,3006.8787,2985.4713,3038.1981
101739000,2992.1752,2023100,20708100,2571192400,26148701800,3006.8787,3006.8787,2985.4713,3038.1981
101744000,2992.4893,2641100,22685800,2573833500,26171387600,3006.8787,3006.8787,2985.4713,3038.1981
101748000,2992.4649,2161500,21421800,2575995000,26192809400,3006.8787,3006.8787,2985.4713,3038.1981
101754000,2992.342,2061000,22993900,2578056000,26215803300,3006.8787,3006.8787,2985.4713,3038.1981
101759000,2992.2257,3073700,29648500,2581129700,26245451800,3006.8787,3006.8787,2985.4713,3038.1981
101804000,2992.138,2315500,22321800,2583445200,26267773600,3006.8787,3006.8787,2985.4713,3038.1981
101809000,2992.3542,3153400,26684700,2586598600,26294458300,3006.8787,3006.8787,2985.4713,3038.1981
101814000,2992.2114,2955000,28517900,2589553600,26322976200,3006.8787,3006.8787,2985.4713,3038.1981
101818000,2991.0156,3019800,26238800,2592573400,26349215000,3006.8787,3006.8787,2985.4713,3038.1981
101824000,2990.6236,5497900,56050500,2598071300,26405265500,3006.8787,3006.8787,2985.4713,3038.1981
101829000,2990.5424,5235300,50078000,2603306600,26455343500,3006.8787,3006.8787,2985.4713,3038.1981
101833000,2990.0437,4067800,44887200,2607374400,26500230700,3006.8787,3006.8787,2985.4713,3038.1981
101839000,2989.7613,4514000,36313300,2611888400,26536544000,3006.8787,3006.8787,2985.4713,3038.1981
101844000,2989.8758,2495800,28959600,2614384200,26565503600,3006.8787,3006.8787,2985.4713,3038.1981
101848000,2989.5105,4740600,29100900,2619124800,26594604500,3006.8787,3006.8787,2985.4713,3038.1981
101854000,2990.0211,3279900,29331000,2622404700,26623935500,3006.8787,3006.8787,2985.4713,3038.1981
101859000,2990.025,3351900,37207400,2625756600,26661142900,3006.8787,3006.8787,2985.4713,3038.1981
101904000,2989.8358,3702200,31696700,2629458800,26692839600,3006.8787,3006.8787,2985.4713,3038.1981
101909000,2989.6623,2891500,31185500,2632350300,26724025100,3006.8787,3006.8787,2985.4713,3038.1981
101914000,2989.7632,2930400,31958000,2635280700,26755983100,3006.8787,3006.8787,2985.4713,3038.1981
101918000,2989.5099,3051100,23817400,2638331800,26779800500,3006.8787,3006.8787,2985.4713,3038.1981
101924000,2989.7411,3064300,38493700,2641396100,26818294200,3006.8787,3006.8787,2985.4713,3038.1981
101929000,2989.6346,2664900,29392400,2644061000,26847686600,3006.8787,3006.8787,2985.4713,3038.1981
101933000,2989.8554,2743100,27653300,2646804100,26875339900,3006.8787,3006.8787,2985.4713,3038.1981
101939000,2989.1988,3014500,31208500,2649818600,26906548400,3006.8787,3006.8787,2985.4713,3038.1981
101944000,2988.92,4217200,31639200,2654035800,26938187600,3006.8787,3006.8787,2985.4713,3038.1981
101948000,2989.3452,1618500,17671600,2655654300,26955859200,3006.8787,3006.8787,2985.4713,3038.1981
101954000,2989.4892,2868200,27713500,2658522500,26983572700,3006.8787,3006.8787,2985.4713,3038.1981
101959000,2989.2122,5893300,46558900,2664415800,27030131600,3006.8787,3006.8787,2985.4713,3038.1981
102004000,2989.0561,3306500,31798600,2667722300,27061930200,3006.8787,3006.8787,2985.4713,3038.1981
102009000,2988.6766,2322200,25076800,2670044500,27087007000,3006.8787,3006.8787,2985.4713,3038.1981
102014000,2988.8062,3619200,31996600,2673663700,27119003600,3006.8787,3006.8787,2985.4713,3038.1981
102018000,2988.6687,2090400,19470700,2675754100,27138474300,3006.8787,3006.8787,2985.4713,3038.1981
102024000,2989.093,3777400,33252400,2679531500,27171726700,3006.8787,3006.8787,2985.4713,3038.1981
102029000,2989.0173,5655700,37531800,2685187200,27209258500,3006.8787,3006.8787,2985.4713,3038.1981
102033000,2988.9902,3295200,27975700,2688482400,27237234200,3006.8787,3006.8787,2985.4713,3038.1981
102039000,2988.9859,4730400,28555400,2693212800,27265789600,3006.8787,3006.8787,2985.4713,3038.1981
102044000,2989.0011,5241700,41445300,2698454500,27307234900,3006.8787,3006.8787,2985.4713,3038.1981
102048000,2988.8107,2869500,21636900,2701324000,27328871800,3006.8787,3006.8787,2985.4713,3038.1981
102054000,2988.3536,6711700,43930100,2708035700,27372801900,3006.8787,3006.8787,2985.4713,3038.1981
102059000,2988.1741,5497500,35920500,2713533200,27408722400,3006.8787,3006.8787,2985.4713,3038.1981
102104000,2988.219,4464600,32905700,2717997800,27441628100,3006.8787,3006.8787,2985.4713,3038.1981
102109000,2988.0154,2806400,22517500,2720804200,27464145600,3006.8787,3006.8787,2985.4713,3038.1981
102114000,2988.4941,4965900,47941900,2725770100,27512087500,3006.8787,3006.8787,2985.4713,3038.1981
102118000,2988.5693,2967100,27726800,2728737200,27539814300,3006.8787,3006.8787,2985.4713,3038.1981
102124000,2989.2025,5202800,41454700,2733940000,27581269000,3006.8787,3006.8787,2985.4713,3038.1981
102129000,2988.9554,3644300,37313200,2737584300,27618582200,3006.8787,3006.8787,2985.4713,3038.1981
102133000,2988.9297,3506200,33686300,2741090500,27652268500,3006.8787,3006.8787,2985.4713,3038.1981
102139000,2988.4319,3361900,32336000,2744452400,27684604500,3006.8787,3006.8787,2985.4713,3038.1981
102144000,2988.4057,2874900,27388100,2747327300,27711992600,3006.8787,3006.8787,2985.4713,3038.1981
102148000,2988.5641,2886900,22148700,2750214200,27734141300,3006.8787,3006.8787,2985.4713,3038.1981
102154000,2988.3746,3718700,29705400,2753932900,27763846700,3006.8787,3006.8787,2985.4713,3038.1981
102159000,2988.5239,3882100,32359200,2757815000,27796205900,3006.8787,3006.8787,2985.4713,3038.1981
102204000,2988.2175,2201000,20525200,2760016000,27816731100,3006.8787,3006.8787,2985.4713,3038.1981
102209000,2988.3919,4545000,30618900,2764561000,27847350000,3006.8787,3006.8787,2985.4713,3038.1981
102214000,2988.2476,3114400,27946700,2767675400,27875296700,3006.8787,3006.8787,2985.4713,3038.1981
102218000,2988.0834,1719500,15993400,2769394900,27891290100,3006.8787,3006.8787,2985.4713,3038.1981
102224000,2988.1914,5372800,44264000,2774767700,27935554100,3006.8787,3006.8787,2985.4713,3038.1981
102229000,2987.8977,3071300,28072900,2777839000,27963627000,3006.8787,3006.8787,2985.4713,3038.1981
102233000,2988.0205,3037400,31737900,2780876400,27995364900,3006.8787,3006.8787,2985.4713,3038.1981
102239000,2987.9652,3450700,27044600,2784327100,28022409500,3006.8787,3006.8787,2985.4713,3038.1981
102244000,2988.0381,2937600,35003000,2787264700,28057412500,3006.8787,3006.8787,2985.4713,3038.1981
102248000,2988.2449,2018000,20903200,2789282700,28078315700,3006.8787,3006.8787,2985.4713,3038.1981
102254000,2988.1717,1971400,21090900,2791254100,28099406600,3006.8787,3006.8787,2985.4713,3038.1981
102259000,2987.7258,2701600,25092500,2793955700,28124499100,3006.8787,3006.8787,2985.4713,3038.1981
102304000,2987.6596,5458000,38205200,2799413700,28162704300,3006.8787,3006.8787,2985.4713,3038.1981
102309000,2987.7098,2832300,22812700,2802246000,28185517000,3006.8787,3006.8787,2985.4713,3038.1981
102314000,2987.7794,2191600,22186500,2804437600,28207703500,3006.8787,3006.8787,2985.4713,3038.1981
102318000,2987.4622,2682100,21616300,2807119700,28229319800,3006.8787,3006.8787,2985.4713,3038.1981
102324000,2987.9178,2820900,29849000,2809940600,28259168800,3006.8787,3006.8787,2985.4713,3038.1981
102329000,2988.011,2368900,24650200,2812309500,28283819000,3006.8787,3006.8787,2985.4713,3038.1981
102333000,2987.8008,2265000,21160300,2814574500,28304979300,3006.8787,3006.8787,2985.4713,3038.1981
102339000,2987.8284,3404000,31878900,2817978500,28336858200,3006.8787,3006.8787,2985.4713,3038.1981
102344000,2987.3076,3536900,29828800,2821515400,28366687000,3006.8787,3006.8787,2985.4713,3038.1981
102348000,2987.7741,2427800,18790500,2823943200,28385477500,3006.8787,3006.8787,2985.4713,3038.1981
102354000,2987.576,3297600,26827100,2827240800,28412304600,3006.8787,3006.8787,2985.4713,3038.1981
102359000,2987.8288,2662300,24700300,2829903100,28437004900,3006.8787,3006.8787,2985.4713,3038.1981
102404000,2987.5653,3263000,30746800,2833166100,28467751700,3006.8787,3006.8787,2985.4713,3038.1981
102409000,2987.2988,2342800,18958500,2835508900,28486710200,3006.8787,3006.8787,2985.4713,3038.1981
102414000,2987.7667,2192600,19315700,2837701500,28506025900,3006.8787,3006.8787,2985.4713,3038.1981
102418000,2987.378,2302200,20409100,2840003700,28526435000,3006.8787,3006.8787,2985.4713,3038.1981
102424000,2988.0303,3780200,35093600,2843783900,28561528600,3006.8787,3006.8787,2985.4713,3038.1981
102429000,2987.8215,2327200,21490000,2846111100,28583018600,3006.8787,3006.8787,2985.4713,3038.1981
102433000,2987.8878,2743400,29867700,2848854500,28612886300,3006.8787,3006.8787,2985.4713,3038.1981
102439000,2988.1977,3264500,30785300,2852119000,28643671600,3006.8787,3006.8787,2985.4713,3038.1981
102444000,2988.2284,2770900,30186500,2854889900,28673858100,3006.8787,3006.8787,2985.4713,3038.1981
102448000,2988.6661,2856900,31420600,2857746800,28705278700,3006.8787,3006.8787,2985.4713,3038.1981
102454000,2988.9654,3291300,34746600,2861038100,28740025300,3006.8787,3006.8787,2985.4713,3038.1981
102459000,2989.3369,3529600,36591200,2864567700,28776616500,3006.8787,3006.8787,2985.4713,3038.1981
102504000,2989.1285,3319900,28550100,2867887600,28805166600,3006.8787,3006.8787,2985.4713,3038.1981
102509000,2989.4656,3271800,24928900,2871159400,28830095500,3006.8787,3006.8787,2985.4713,3038.1981
102514000,2989.1614,2082800,23634600,2873242200,28853730100,3006.8787,3006.8787,2985.4713,3038.1981
102518000,2989.4871,1435200,14023300,2874677400,28867753400,3006.8787,3006.8787,2985.4713,3038.1981
102524000,2989.2623,3339600,25968600,2878017000,28893722000,3006.8787,3006.8787,2985.4713,3038.1981
102529000,2989.27,2931100,23368400,2880948100,28917090400,3006.8787,3006.8787,2985.4713,3038.1981
102533000,2989.2034,2071800,20342700,2883019900,28937433100,3006.8787,3006.8787,2985.4713,3038.1981
102539000,2988.1235,3671300,37418800,2886691200,28974851900,3006.8787,3006.8787,2985.4713,3038.1981
102544000,2987.8576,3406700,25037200,2890097900,28999889100,3006.8787,3006.8787,2985.4713,3038.1981
102548000,2987.9061,2375500,23031200,2892473400,29022920300,3006.8787,3006.8787,2985.4713,3038.1981
102554000,2988.2673,4961600,50886000,2897435000,29073806300,3006.8787,3006.8787,2985.4713,3038.1981
102559000,2986.6192,6305600,59686800,2903740600,29133493100,3006.8787,3006.8787,2985.4713,3038.1981
102603000,2986.5838,3704500,37329600,2907445100,29170822700,3006.8787,3006.8787,2985.4713,3038.1981
102609000,2986.5249,3333100,31971000,2910778200,29202793700,3006.8787,3006.8787,2985.4713,3038.1981
102614000,2986.6924,2532400,23968000,2913310600,29226761700,3006.8787,3006.8787,2985.4713,3038.1981
102619000,2986.9005,2318400,20690300,2915629000,29247452000,3006.8787,3006.8787,2985.4713,3038.1981
102624000,2986.8198,3700400,31890400,2919329400,29279342400,3006.8787,3006.8787,2985.4713,3038.1981
102629000,2987.1624,2372400,25700900,2921701800,29305043300,3006.8787,3006.8787,2985.4713,3038.1981
102634000,2987.3083,3749700,34000900,2925451500,29339044200,3006.8787,3006.8787,2985.4713,3038.1981
102639000,2987.0131,4251300,33102400,2929702800,29372146600,3006.8787,3006.8787,2985.4713,3038.1981
102644000,2987.63,3388000,32248400,2933090800,29404395000,3006.8787,3006.8787,2985.4713,3038.1981
102648000,2986.5742,2935700,29982400,2936026500,29434377400,3006.8787,3006.8787,2985.4713,3038.1981
102654000,2986.3222,3294900,37468500,2939321400,29471845900,3006.8787,3006.8787,2985.4713,3038.1981
102659000,2986.4473,4222200,45847600,2943543600,29517693500,3006.8787,3006.8787,2985.4713,3038.1981
102704000,2985.6992,4592500,51047900,2948136100,29568741400,3006.8787,3006.8787,2985.1334,3038.1981
102709000,2985.2182,3708700,40002100,2951844800,29608743500,3006.8787,3006.8787,2984.8349,3038.1981
102714000,2985.2685,4421900,46713600,2956266700,29655457100,3006.8787,3006.8787,2984.6736,3038.1981
102719000,2984.6838,3170300,40495400,2959437000,29695952500,3006.8787,3006.8787,2984.3614,3038.1981
102724000,2984.1137,4229800,47405800,2963666800,29743358300,3006.8787,3006.8787,2983.9349,3038.1981
102729000,2983.8621,4333200,44989200,2968000000,29788347500,3006.8787,3006.8787,2983.8621,3038.1981
102734000,2983.9262,5364700,50726400,2973364700,29839073900,3006.8787,3006.8787,2983.4563,3038.1981
102739000,2982.893,5778300,56082700,2979143000,29895156600,3006.8787,3006.8787,2982.6158,3038.1981
102744000,2982.1879,5912300,59050200,2985055300,29954206800,3006.8787,3006.8787,2982.1384,3038.1981
102749000,2982.0785,4606200,44245700,2989661500,29998452500,3006.8787,3006.8787,2981.7808,3038.1981
102754000,2981.6625,7182600,63173200,2996844100,30061625700,3006.8787,3006.8787,2981.13,3038.1981
102759000,2981.0778,6281600,59998500,3003125700,30121624200,3006.8787,3006.8787,2981.0778,3038.1981
102804000,2981.1331,6952700,71209000,3010078400,30192833200,3006.8787,3006.8787,2980.4887,3038.1981
102809000,2980.5648,7497000,64556800,3017575400,30257390000,3006.8787,3006.8787,2980.4864,3038.1981
102814000,2980.4354,6387400,69246400,3023962800,30326636400,3006.8787,3006.8787,2980.2462,3038.1981
102819000,2980.0357,6400200,43745200,3030363000,30370381600,3006.8787,3006.8787,2979.9214,3038.1981
102824000,2979.667,6048100,53672600,3036411100,30424054200,3006.8787,3006.8787,2979.667,3038.1981
102829000,2979.863,6674200,52049500,3043085300,30476103700,3006.8787,3006.8787,2979.4819,3038.1981
102834000,2979.8026,5150900,45709500,3048236200,30521813200,3006.8787,3006.8787,2979.4819,3038.1981
102839000,2979.5279,5200700,46015400,3053436900,30567828600,3006.8787,3006.8787,2979.4819,3038.1981
102844000,2979.9797,4249200,47796900,3057686100,30615625500,3006.8787,3006.8787,2979.4819,3038.1981
102849000,2979.687,4554400,43964800,3062240500,30659590300,3006.8787,3006.8787,2979.4819,3038.1981
102854000,2979.8527,5786100,56020400,3068026600,30715610700,3006.8787,3006.8787,2979.4819,3038.1981
102859000,2979.6803,4188200,46995100,3072214800,30762605800,3006.8787,3006.8787,2979.4662,3038.1981
102904000,2979.3833,5176300,40813800,3077391100,30803419600,3006.8787,3006.8787,2979.1973,3038.1981
102909000,2979.49,4443600,35981200,3081834700,30839400800,3006.8787,3006.8787,2979.1973,3038.1981
102914000,2979.5325,4516400,42568400,3086351100,30881969200,3006.8787,3006.8787,2979.1503,3038.1981
102918000,2979.2036,3166300,35610500,3089517400,30917579700,3006.8787,3006.8787,2979.0203,3038.1981
102924000,2979.3154,6559300,47975500,3096076700,30965555200,3006.8787,3006.8787,2979.0203,3038.1981
102929000,2979.3071,5433700,46465200,3101510400,31012020400,3006.8787,3006.8787,2979.0203,3038.1981
102934000,2979.3263,4117200,41967400,3105627600,31053987800,3006.8787,3006.8787,2979.0203,3038.1981
102939000,2978.6199,5232600,46093700,3110860200,31100081500,3006.8787,3006.8787,2978.6199,3038.1981
102944000,2978.4989,3695000,38912000,3114555200,31138993500,3006.8787,3006.8787,2978.4989,3038.1981
102949000,2978.798,2655400,24796600,3117210600,31163790100,3006.8787,3006.8787,2978.4989,3038.1981
102954000,2978.5889,6888700,56727400,3124099300,31220517500,3006.8787,3006.8787,2978.4989,3038.1981
102959000,2978.5993,5716700,47468100,3129816000,31267985600,3006.8787,3006.8787,2978.4989,3038.1981
103004000,2978.7401,5467200,53440800,3135283200,31321426400,3006.8787,3006.8787,2978.4726,3038.1981
103009000,2978.4103,3940500,36330600,3139223700,31357757000,3006.8787,3006.8787,2978.2408,3038.1981
103014000,2978.4596,4185200,38046200,3143408900,31395803200,3006.8787,3006.8787,2978.2175,3038.1981
103019000,2978.1796,2979400,26352300,3146388300,31422155500,3006.8787,3006.8787,2978.0473,3038.1981
103024000,2978.2081,3673900,37762200,3150062200,31459917700,3006.8787,3006.8787,2978.0473,3038.1981
103029000,2978.6319,4712900,46453900,3154775100,31506371600,3006.8787,3006.8787,2978.0473,3038.1981
103034000,2978.2431,3445000,29758800,3158220100,31536130400,3006.8787,3006.8787,2978.0473,3038.1981
103039000,2978.405,4541900,38610200,3162762000,31574740600,3006.8787,3006.8787,2978.0473,3038.1981
103044000,2978.6571,4389600,40724000,3167151600,31615464600,3006.8787,3006.8787,2978.0473,3038.1981
103048000,2979.5812,2771000,26897900,3169922600,31642362500,3006.8787,3006.8787,2978.0473,3038.1981
103054000,2979.6499,5567100,60692700,3175489700,31703055200,3006.8787,3006.8787,2978.0473,3038.1981
103059000,2979.8446,3899400,40406900,3179389100,31743462100,3006.8787,3006.8787,2978.0473,3038.1981
103104000,2979.9489,4612000,40036400,3184001100,31783498500,3006.8787,3006.8787,2978.0473,3038.1981
103109000,2979.888,2738900,24967900,3186740000,31808466400,3006.8787,3006.8787,2978.0473,3038.1981
103114000,2980.0721,3685100,32862800,3190425100,31841329200,3006.8787,3006.8787,2978.0473,3038.1981
103119000,2980.2557,2633300,23578300,3193058400,31864907500,3006.8787,3006.8787,2978.0473,3038.1981
103124000,2980.5421,3796500,35154500,3196854900,31900062000,3006.8787,3006.8787,2978.0473,3038.1981
103129000,2980.4393,3698800,33131100,3200553700,31933193100,3006.8787,3006.8787,2978.0473,3038.1981
103134000,2980.3276,3153600,30465000,3203707300,31963658100,3006.8787,3006.8787,2978.0473,3038.1981
103139000,2979.9924,5322100,38340000,3209029400,32001998100,3006.8787,3006.8787,2978.0473,3038.1981
103144000,2979.9448,3639600,30730100,3212669000,32032728200,3006.8787,3006.8787,2978.0473,3038.1981
103149000,2979.943,2764400,22739200,3215433400,32055467400,3006.8787,3006.8787,2978.0473,3038.1981
103154000,2979.9478,4726100,34451200,3220159500,32089918600,3006.8787,3006.8787,2978.0473,3038.1981
103159000,2979.7868,3015100,32141800,3223174600,32122060400,3006.8787,3006.8787,2978.0473,3038.1981
103204000,2979.8147,2509300,24284600,3225683900,32146345000,3006.8787,3006.8787,2978.0473,3038.1981
103209000,2979.5468,3495200,23279700,3229179100,32169624700,3006.8787,3006.8787,2978.0473,3038.1981
103214000,2979.9085,3678400,33571900,3232857500,32203196600,3006.8787,3006.8787,2978.0473,3038.1981
103219000,2979.7095,2294200,19045800,3235151700,32222242400,3006.8787,3006.8787,2978.0473,3038.1981
103224000,2979.3771,3797500,33853900,3238949200,32256096300,3006.8787,3006.8787,2978.0473,3038.1981
103229000,2979.7573,4132000,37313200,3243081200,32293409500,3006.8787,3006.8787,2978.0473,3038.1981
103234000,2979.5126,3308800,29929200,3246390000,32323338700,3006.8787,3006.8787,2978.0473,3038.1981
103239000,2979.5424,3661200,27341200,3250051200,32350679900,3006.8787,3006.8787,2978.0473,3038.1981
103244000,2979.688,3067900,28938400,3253119100,32379618300,3006.8787,3006.8787,2978.0473,3038.1981
103249000,2979.2852,1404600,18666700,3254523700,32398285000,3006.8787,3006.8787,2978.0473,3038.1981
103254000,2979.0509,2902800,30045000,3257426500,32428330000,3006.8787,3006.8787,2978.0473,3038.1981
103259000,2978.8579,4187800,37926100,3261614300,32466256100,3006.8787,3006.8787,2978.0473,3038.1981
103304000,2979.3768,3296100,28554100,3264910400,32494810200,3006.8787,3006.8787,2978.0473,3038.1981
103309000,2978.8138,2513900,23657600,3267424300,32518467800,3006.8787,3006.8787,2978.0473,3038.1981
103314000,2979.0821,2596400,28851900,3270020700,32547319700,3006.8787,3006.8787,2978.0473,3038.1981
103319000,2978.8471,2419200,29156500,3272439900,32576476200,3006.8787,3006.8787,2978.0473,3038.1981
103324000,2978.9898,3321800,31917700,3275761700,32608393900,3006.8787,3006.8787,2978.0473,3038.1981
103329000,2978.8795,3098600,30834800,3278860300,32639228700,3006.8787,3006.8787,2978.0473,3038.1981
103334000,2979.3054,4158800,34160400,3283019100,32673389100,3006.8787,3006.8787,2978.0473,3038.1981
103339000,2978.8356,3809900,35303800,3286829000,32708692900,3006.8787,3006.8787,2978.0473,3038.1981
103344000,2978.5363,3308200,29204500,3290137200,32737897400,3006.8787,3006.8787,2978.0473,3038.1981
103349000,2978.7083,2166000,25697400,3292303200,32763594800,3006.8787,3006.8787,2978.0473,3038.1981
103354000,2978.6942,2568100,27182300,3294871300,32790777100,3006.8787,3006.8787,2978.0473,3038.1981
103359000,2978.5001,2920200,28417000,3297791500,32819194100,3006.8787,3006.8787,2978.0473,3038.1981
103404000,2978.4536,3386800,31119500,3301178300,32850313600,3006.8787,3006.8787,2978.0473,3038.1981
103409000,2978.3024,1845100,18770000,3303023400,32869083600,3006.8787,3006.8787,2978.0473,3038.1981
103414000,2978.1161,3131800,29721200,3306155200,32898804800,3006.8787,3006.8787,2978.0473,3038.1981
103419000,2978.2183,2368700,24550300,3308523900,32923355100,3006.8787,3006.8787,2978.0473,3038.1981
103424000,2978.2846,2860500,28946300,3311384400,32952301400,3006.8787,3006.8787,2978.0473,3038.1981
103429000,2978.0478,3292400,31348000,3314676800,32983649400,3006.8787,3006.8787,2977.5412,3038.1981
103434000,2977.548,3824200,37462400,3318501000,33021111800,3006.8787,3006.8787,2977.5412,3038.1981
103439000,2977.664,3298500,33006700,3321799500,33054118500,3006.8787,3006.8787,2977.3414,3038.1981
103444000,2976.7321,4864900,56202700,3326664400,33110321200,3006.8787,3006.8787,2976.6654,3038.1981
103449000,2976.8044,3239900,35034600,3329904300,33145355800,3006.8787,3006.8787,2976.4844,3038.1981
103454000,2976.5787,5802800,62066900,3335707100,33207422700,3006.8787,3006.8787,2976.332,3038.1981
103459000,2975.8576,3938200,40848100,3339645300,33248270800,3006.8787,3006.8787,2975.8576,3038.1981
103504000,2976.4094,3034200,28669200,3342679500,33276940000,3006.8787,3006.8787,2975.7591,3038.1981
103509000,2975.8016,4575000,41261900,3347254500,33318201900,3006.8787,3006.8787,2975.6813,3038.1981
103514000,2975.4433,4862600,48533300,3352117100,33366735200,3006.8787,3006.8787,2975.1173,3038.1981
103519000,2975.1775,2829100,24935100,3354946200,33391670300,3006.8787,3006.8787,2975.1173,3038.1981
103524000,2975.3213,5062100,49350100,3360008300,33441020400,3006.8787,3006.8787,2975.1173,3038.1981
103529000,2975.3666,4040500,38191600,3364048800,33479212000,3006.8787,3006.8787,2974.9992,3038.1981
103534000,2975.1644,4133700,36632600,3368182500,33515844600,3006.8787,3006.8787,2974.9992,3038.1981
103539000,2974.9309,3907200,32571500,3372089700,33548416100,3006.8787,3006.8787,2974.6991,3038.1981
103544000,2974.9579,2796500,37091300,3374886200,33585507400,3006.8787,3006.8787,2974.6991,3038.1981
103549000,2974.7224,1942800,19571100,3376829000,33605078500,3006.8787,3006.8787,2974.6991,3038.1981
103554000,2974.9437,4415600,40305200,3381244600,33645383700,3006.8787,3006.8787,2974.3089,3038.1981
103559000,2974.2877,4329300,46348300,3385573900,33691732000,3006.8787,3006.8787,2974.2877,3038.1981
103604000,2974.6559,2366400,24590700,3387940300,33716322700,3006.8787,3006.8787,2974.2877,3038.1981
103609000,2974.5362,2780800,26598500,3390721100,33742921200,3006.8787,3006.8787,2974.2877,3038.1981
103614000,2974.456,3125800,31036400,3393846900,33773957600,3006.8787,3006.8787,2974.2877,3038.1981
103619000,2974.6854,3234300,29145500,3397081200,33803103100,3006.8787,3006.8787,2974.2877,3038.1981
103624000,2974.1372,3621700,37150800,3400702900,33840253900,3006.8787,3006.8787,2974.1372,3038.1981
103629000,2974.3192,3138800,32861100,3403841700,33873115000,3006.8787,3006.8787,2974.1237,3038.1981
103634000,2974.2053,3736300,40715200,3407578000,33913830200,3006.8787,3006.8787,2974.1237,3038.1981
103639000,2974.6545,4806200,43182400,3412384200,33957012600,3006.8787,3006.8787,2974.1237,3038.1981
103644000,2974.8324,3685400,34104500,3416069600,33991117100,3006.8787,3006.8787,2973.9651,3038.1981
103649000,2974.1636,3730800,31578000,3419800400,34022695100,3006.8787,3006.8787,2973.9651,3038.1981
103654000,2974.3714,3118600,31384700,3422919000,34054079800,3006.8787,3006.8787,2973.9651,3038.1981
103659000,2974.313,2630300,27143900,3425549300,34081223700,3006.8787,3006.8787,2973.9651,3038.1981
103704000,2974.299,3090300,33770400,3428639600,34114994100,3006.8787,3006.8787,2973.9651,3038.1981
103709000,2974.4009,2560900,27047700,3431200500,34142041800,3006.8787,3006.8787,2973.9651,3038.1981
103714000,2974.9546,3332400,36720300,3434532900,34178762100,3006.8787,3006.8787,2973.9651,3038.1981
103719000,2974.5931,2149900,26739900,3436682800,34205502000,3006.8787,3006.8787,2973.9651,3038.1981
103724000,2974.5457,3260300,31616100,3439943100,34237118100,3006.8787,3006.8787,2973.9651,3038.1981
103729000,2974.6512,2456300,27363100,3442399400,34264481200,3006.8787,3006.8787,2973.9651,3038.1981
103734000,2974.6076,3551700,29849100,3445951100,34294330300,3006.8787,3006.8787,2973.9651,3038.1981
103739000,2974.2618,3152100,27717500,3449103200,34322047800,3006.8787,3006.8787,2973.9651,3038.1981
103744000,2974.0705,2397000,24464900,3451500200,34346512700,3006.8787,3006.8787,2973.9651,3038.1981
103749000,2974.1111,2475700,27060800,3453975900,34373573500,3006.8787,3006.8787,2973.9389,3038.1981
103754000,2974.2686,3210300,32357900,3457186200,34405931400,3006.8787,3006.8787,2973.9389,3038.1981
103759000,2974.0963,3498700,33463300,3460684900,34439394700,3006.8787,3006.8787,2973.9389,3038.1981
103804000,2974.2537,3559700,32901000,3464244600,34472295700,3006.8787,3006.8787,2973.9389,3038.1981
103809000,2974.3616,2585400,25627500,3466830000,34497923200,3006.8787,3006.8787,2973.9389,3038.1981
103814000,2974.0401,2439400,28248900,3469269400,34526172100,3006.8787,3006.8787,2973.9389,3038.1981
103819000,2974.1181,1702500,16042600,3470971900,34542214700,3006.8787,3006.8787,2973.9389,3038.1981
103824000,2973.7914,3109400,28392100,3474081300,34570606800,3006.8787,3006.8787,2973.7914,3038.1981
103829000,2974.2078,3666000,27633300,3477747300,34598240100,3006.8787,3006.8787,2973.7914,3038.1981
103834000,2974.3165,2388400,23072500,3480135700,34621312600,3006.8787,3006.8787,2973.7914,3038.1981
103839000,2974.6701,2097300,24333300,3482233000,34645645900,3006.8787,3006.8787,2973.7914,3038.1981
103844000,2974.8531,2710000,26575900,3484943000,34672221800,3006.8787,3006.8787,2973.7914,3038.1981
103849000,2974.7167,2179600,13787300,3487122600,34686009100,3006.8787,3006.8787,2973.7914,3038.1981
103854000,2974.5559,2001400,19965800,3489124000,34705974900,3006.8787,3006.8787,2973.7914,3038.1981
103859000,2974.9244,2977800,31880000,3492101800,34737854900,3006.8787,3006.8787,2973.7914,3038.1981
103904000,2975.0335,2417000,23803300,3494518800,34761658200,3006.8787,3006.8787,2973.7914,3038.1981
103909000,2974.7692,2394900,19411100,3496913700,34781069300,3006.8787,3006.8787,2973.7914,3038.1981
103914000,2975.0801,3419700,25256800,3500333400,34806326100,3006.8787,3006.8787,2973.7914,3038.1981
103919000,2975.2038,2324300,18704400,3502657700,34825030500,3006.8787,3006.8787,2973.7914,3038.1981
103924000,2974.9828,3814000,26400600,3506471700,34851431100,3006.8787,3006.8787,2973.7914,3038.1981
103929000,2975.2577,2420200,22578300,3508891900,34874009400,3006.8787,3006.8787,2973.7914,3038.1981
103934000,2974.7864,2368800,24632400,3511260700,34898641800,3006.8787,3006.8787,2973.7914,3038.1981
103939000,2975.044,2327600,19418300,3513588300,34918060100,3006.8787,3006.8787,2973.7914,3038.1981
103944000,2974.4368,3322600,27880400,3516910900,34945940500,3006.8787,3006.8787,2973.7914,3038.1981
103949000,2974.8336,1966300,24799900,3518877200,34970740400,3006.8787,3006.8787,2973.7914,3038.1981
103954000,2974.9815,2310600,23744800,3521187800,34994485200,3006.8787,3006.8787,2973.7914,3038.1981
103959000,2975.1727,2460800,27413000,3523648600,35021898200,3006.8787,3006.8787,2973.7914,3038.1981
104004000,2975.0284,3133700,30902600,3526782300,35052800800,3006.8787,3006.8787,2973.7914,3038.1981
104009000,2974.6193,2459000,22116300,3529241300,35074917100,3006.8787,3006.8787,2973.7914,3038.1981
104014000,2974.381,4291200,38111400,3533532500,35113028500,3006.8787,3006.8787,2973.7914,3038.1981
104019000,2974.9474,1821900,18225900,3535354400,35131254400,3006.8787,3006.8787,2973.7914,3038.1981
104024000,2975.0268,4496100,36115100,3539850500,35167369500,3006.8787,3006.8787,2973.7914,3038.1981
104029000,2974.3707,2211000,26784800,3542061500,35194154300,3006.8787,3006.8787,2973.7914,3038.1981
104034000,2974.5582,2828500,29524300,3544890000,35223678600,3006.8787,3006.8787,2973.7914,3038.1981
104039000,2974.5126,3499800,31108300,3548389800,35254786900,3006.8787,3006.8787,2973.7914,3038.1981
104044000,2974.4818,3356000,34516500,3551745800,35289303400,3006.8787,3006.8787,2973.7914,3038.1981
104049000,2974.5146,1390600,15779500,3553136400,35305082900,3006.8787,3006.8787,2973.7914,3038.1981
104054000,2975.1028,3043300,28076700,3556179700,35333159600,3006.8787,3006.8787,2973.7914,3038.1981
104059000,2975.0071,2465300,23260400,3558645000,35356420000,3006.8787,3006.8787,2973.7914,3038.1981
104104000,2975.1381,2942500,28067700,3561587500,35384487700,3006.8787,3006.8787,2973.7914,3038.1981
104109000,2975.1026,4035100,24407900,3565622600,35408895600,3006.8787,3006.8787,2973.7914,3038.1981
104114000,2975.2554,2336000,22883200,3567958600,35431778800,3006.8787,3006.8787,2973.7914,3038.1981
104119000,2975.4259,1881500,19477200,3569840100,35451256000,3006.8787,3006.8787,2973.7914,3038.1981
104124000,2974.8042,3987600,27751100,3573827700,35479007100,3006.8787,3006.8787,2973.7914,3038.1981
104129000,2975.0427,3891900,28649200,3577719600,35507656300,3006.8787,3006.8787,2973.7914,3038.1981
104134000,2975.147,2831300,42356300,3580550900,35550012600,3006.8787,3006.8787,2973.7914,3038.1981
104139000,2975.7244,4679200,34416800,3585230100,35584429400,3006.8787,3006.8787,2973.7914,3038.1981
104144000,2976.528,4676400,39967000,3589906500,35624396400,3006.8787,3006.8787,2973.7914,3038.1981
104149000,2977.0974,3849500,27833300,3593756000,35652229700,3006.8787,3006.8787,2973.7914,3038.1981
104154000,2976.8877,3037400,28076900,3596793400,35680306600,3006.8787,3006.8787,2973.7914,3038.1981
104159000,2977.2042,3476900,29043800,3600270300,35709350400,3006.8787,3006.8787,2973.7914,3038.1981
104204000,2977.7304,6977100,44081400,3607247400,35753431800,3006.8787,3006.8787,2973.7914,3038.1981
104209000,2977.9546,2569200,24395700,3609816600,35777827500,3006.8787,3006.8787,2973.7914,3038.1981
104214000,2978.2846,4004700,30385800,3613821300,35808213300,3006.8787,3006.8787,2973.7914,3038.1981
104219000,2978.4067,2925900,19203300,3616747200,35827416600,3006.8787,3006.8787,2973.7914,3038.1981
104224000,2978.9029,2006000,18506700,3618753200,35845923300,3006.8787,3006.8787,2973.7914,3038.1981
104229000,2978.7204,2871600,24754200,3621624800,35870677500,3006.8787,3006.8787,2973.7914,3038.1981
104234000,2979.0915,2510400,27335000,3624135200,35898012500,3006.8787,3006.8787,2973.7914,3038.1981
104239000,2979.5055,1874800,19543600,3626010000,35917556100,3006.8787,3006.8787,2973.7914,3038.1981
104244000,2979.4769,2276700,22938900,3628286700,35940495000,3006.8787,3006.8787,2973.7914,3038.1981
104249000,2979.513,2376900,22865500,3630663600,35963360500,3006.8787,3006.8787,2973.7914,3038.1981
104254000,2979.6116,3097400,28182600,3633761000,35991543100,3006.8787,3006.8787,2973.7914,3038.1981
104259000,2980.2057,2598200,25559200,3636359200,36017102300,3006.8787,3006.8787,2973.7914,3038.1981
104304000,2980.545,3080700,24089600,3639439900,36041191900,3006.8787,3006.8787,2973.7914,3038.1981
104309000,2980.2563,2121100,18909600,3641561000,36060101500,3006.8787,3006.8787,2973.7914,3038.1981
104314000,2980.44,2307100,19636800,3643868100,36079738300,3006.8787,3006.8787,2973.7914,3038.1981
104319000,2980.0115,1527100,17697500,3645395200,36097435800,3006.8787,3006.8787,2973.7914,3038.1981
104324000,2980.6055,3852400,29612800,3649247600,36127048600,3006.8787,3006.8787,2973.7914,3038.1981
104329000,2980.3856,2861000,25515300,3652108600,36152563900,3006.8787,3006.8787,2973.7914,3038.1981
104334000,2980.3576,2545000,23082600,3654653600,36175646500,3006.8787,3006.8787,2973.7914,3038.1981
104339000,2980.1707,3044200,25576900,3657697800,36201223400,3006.8787,3006.8787,2973.7914,3038.1981
104344000,2980.0345,2059400,22476600,3659757200,36223700000,3006.8787,3006.8787,2973.7914,3038.1981
104349000,2979.8633,2608700,22268200,3662365900,36245968200,3006.8787,3006.8787,2973.7914,3038.1981
104354000,2980.0376,2149600,19782200,3664515500,36265750400,3006.8787,3006.8787,2973.7914,3038.1981
104359000,2979.6345,2401400,20357300,3666916900,36286107700,3006.8787,3006.8787,2973.7914,3038.1981
104404000,2980.14,2289800,21802100,3669206700,36307909800,3006.8787,3006.8787,2973.7914,3038.1981
104409000,2979.543,2185900,20646000,3671392600,36328555800,3006.8787,3006.8787,2973.7914,3038.1981
104414000,2980.0104,1978500,19029000,3673371100,36347584800,3006.8787,3006.8787,2973.7914,3038.1981
104419000,2980.1131,1582900,18004500,3674954000,36365589300,3006.8787,3006.8787,2973.7914,3038.1981
104424000,2980.1505,2056000,17525900,3677010000,36383115200,3006.8787,3006.8787,2973.7914,3038.1981
104429000,2980.1071,2123800,19082200,3679133800,36402197400,3006.8787,3006.8787,2973.7914,3038.1981
104434000,2980.4106,2091300,20277500,3681225100,36422474900,3006.8787,3006.8787,2973.7914,3038.1981
104439000,2979.8763,1729400,14955800,3682954500,36437430700,3006.8787,3006.8787,2973.7914,3038.1981
104444000,2980.3395,2360400,19860500,3685314900,36457291200,3006.8787,3006.8787,2973.7914,3038.1981
104449000,2980.759,1139500,11140700,3686454400,36468431900,3006.8787,3006.8787,2973.7914,3038.1981
104454000,2980.4637,1798100,15558900,3688252500,36483990800,3006.8787,3006.8787,2973.7914,3038.1981
104459000,2980.8055,2387200,25678800,3690639700,36509669600,3006.8787,3006.8787,2973.7914,3038.1981
104504000,2980.6094,2456700,22754600,3693096400,36532424200,3006.8787,3006.8787,2973.7914,3038.1981
104509000,2980.3401,1711500,15257700,3694807900,36547681900,3006.8787,3006.8787,2973.7914,3038.1981
104514000,2980.4149,2092700,24667100,3696900600,36572349000,3006.8787,3006.8787,2973.7914,3038.1981
104518000,2980.2145,1685400,15499900,3698586000,36587848900,3006.8787,3006.8787,2973.7914,3038.1981
104524000,2980.0663,1950600,18348300,3700536600,36606197200,3006.8787,3006.8787,2973.7914,3038.1981
104529000,2980.3601,2701300,22805200,3703237900,36629002400,3006.8787,3006.8787,2973.7914,3038.1981
104534000,2980.3793,2192600,17589100,3705430500,36646591500,3006.8787,3006.8787,2973.7914,3038.1981
104539000,2980.3926,2021500,20970600,3707452000,36667562100,3006.8787,3006.8787,2973.7914,3038.1981
104544000,2979.5454,2883100,22768900,3710335100,36690331000,3006.8787,3006.8787,2973.7914,3038.1981
104549000,2979.8451,1966800,11421500,3712301900,36701752500,3006.8787,3006.8787,2973.7914,3038.1981
104554000,2980.3774,2786600,19975200,3715088500,36721727700,3006.8787,3006.8787,2973.7914,3038.1981
104559000,2979.9444,1926000,17381400,3717014500,36739109100,3006.8787,3006.8787,2973.7914,3038.1981
104604000,2979.9064,1840200,17753300,3718854700,36756862400,3006.8787,3006.8787,2973.7914,3038.1981
104609000,2979.7299,1889000,16141200,3720743700,36773003600,3006.8787,3006.8787,2973.7914,3038.1981
104614000,2979.5376,2339000,22064700,3723082700,36795068300,3006.8787,3006.8787,2973.7914,3038.1981
104619000,2979.3745,1381600,13447300,3724464300,36808515600,3006.8787,3006.8787,2973.7914,3038.1981
104624000,2979.3598,2266500,22629000,3726730800,36831144600,3006.8787,3006.8787,2973.7914,3038.1981
104629000,2979.2804,1959700,20787400,3728690500,36851932000,3006.8787,3006.8787,2973.7914,3038.1981
104634000,2979.4296,1671900,17525100,3730362400,36869457100,3006.8787,3006.8787,2973.7914,3038.1981
104639000,2979.42,1736400,18961900,3732098800,36888419000,3006.8787,3006.8787,2973.7914,3038.1981
104644000,2979.0365,3149800,24917500,3735248600,36913336500,3006.8787,3006.8787,2973.7914,3038.1981
104649000,2979.5872,938400,9859300,3736187000,36923195800,3006.8787,3006.8787,2973.7914,3038.1981
104654000,2979.3309,1794600,19915600,3737981600,36943111400,3006.8787,3006.8787,2973.7914,3038.1981
104659000,2979.3834,1771200,18694300,3739752800,36961805700,3006.8787,3006.8787,2973.7914,3038.1981
104704000,2979.2124,1851800,19482000,3741604600,36981287700,3006.8787,3006.8787,2973.7914,3038.1981
104709000,2979.2158,1907700,15670500,3743512300,36996958200,3006.8787,3006.8787,2973.7914,3038.1981
104714000,2978.9093,1747500,16135500,3745259800,37013093700,3006.8787,3006.8787,2973.7914,3038.1981
104719000,2979.0892,1429700,13180700,3746689500,37026274400,3006.8787,3006.8787,2973.7914,3038.1981
104724000,2979.0941,2029400,18277100,3748718900,37044551500,3006.8787,3006.8787,2973.7914,3038.1981
104729000,2979.0427,1703700,15371500,3750422600,37059923000,3006.8787,3006.8787,2973.7914,3038.1981
104734000,2979.2227,1320000,12475100,3751742600,37072398100,3006.8787,3006.8787,2973.7914,3038.1981
104739000,2978.9185,3377700,29800900,3755120300,37102199000,3006.8787,3006.8787,2973.7914,3038.1981
104744000,2978.4369,2284400,24455700,3757404700,37126654700,3006.8787,3006.8787,2973.7914,3038.1981
104749000,2978.9041,1534200,11916200,3758938900,37138570900,3006.8787,3006.8787,2973.7914,3038.1981
104754000,2979.0292,2032500,19767000,3760971400,37158337900,3006.8787,3006.8787,2973.7914,3038.1981
104759000,2978.7004,2422800,21515800,3763394200,37179853700,3006.8787,3006.8787,2973.7914,3038.1981
104804000,2978.9922,2311900,23117200,3765706100,37202970900,3006.8787,3006.8787,2973.7914,3038.1981
104809000,2978.951,1868900,19107200,3767575000,37222078100,3006.8787,3006.8787,2973.7914,3038.1981
104814000,2978.8044,1648300,14838800,3769223300,37236916900,3006.8787,3006.8787,2973.7914,3038.1981
104819000,2978.9457,1096900,11679000,3770320200,37248595900,3006.8787,3006.8787,2973.7914,3038.1981
104824000,2978.7079,1422700,16165300,3771742900,37264761200,3006.8787,3006.8787,2973.7914,3038.1981
104829000,2979.3708,1865200,16549300,3773608100,37281310500,3006.8787,3006.8787,2973.7914,3038.1981
104834000,2979.0054,1348300,13755800,3774956400,37295066300,3006.8787,3006.8787,2973.7914,3038.1981
104839000,2979.1379,1317500,12808700,3776273900,37307875000,3006.8787,3006.8787,2973.7914,3038.1981
104844000,2979.147,1949200,20545900,3778223100,37328420900,3006.8787,3006.8787,2973.7914,3038.1981
104849000,2979.6335,748800,9102700,3778971900,37337523600,3006.8787,3006.8787,2973.7914,3038.1981
104854000,2979.5766,1487800,15963300,3780459700,37353486900,3006.8787,3006.8787,2973.7914,3038.1981
104859000,2979.7842,1069500,13400400,3781529200,37366887300,3006.8787,3006.8787,2973.7914,3038.1981
104904000,2979.9104,1901200,20829700,3783430400,37387717000,3006.8787,3006.8787,2973.7914,3038.1981
104909000,2979.794,1741700,15537000,3785172100,37403254000,3006.8787,3006.8787,2973.7914,3038.1981
104914000,2979.7143,1983100,13552100,3787155200,37416806100,3006.8787,3006.8787,2973.7914,3038.1981
104919000,2979.9522,1269200,12874600,3788424400,37429680700,3006.8787,3006.8787,2973.7914,3038.1981
104924000,2980.209,2064000,17929300,3790488400,37447610000,3006.8787,3006.8787,2973.7914,3038.1981
104929000,2979.8746,1340800,14555900,3791829200,37462165900,3006.8787,3006.8787,2973.7914,3038.1981
104934000,2980.2216,1492900,13715700,3793322100,37475881600,3006.8787,3006.8787,2973.7914,3038.1981
104939000,2980.212,1822200,16329600,3795144300,37492211200,3006.8787,3006.8787,2973.7914,3038.1981
104944000,2979.6391,1764800,20560300,3796909100,37512771500,3006.8787,3006.8787,2973.7914,3038.1981
104949000,2980.1243,942600,10572300,3797851700,37523343800,3006.8787,3006.8787,2973.7914,3038.1981
104954000,2980.5392,1558900,20454000,3799410600,37543797800,3006.8787,3006.8787,2973.7914,3038.1981
104959000,2980.3168,864200,15779600,3800274800,37559577400,3006.8787,3006.8787,2973.7914,3038.1981
105004000,2980.103,1473400,17546000,3801748200,37577123400,3006.8787,3006.8787,2973.7914,3038.1981
105009000,2979.9398,1695700,15978600,3803443900,37593102000,3006.8787,3006.8787,2973.7914,3038.1981
105014000,2979.7313,2726400,29855000,3806170300,37622957000,3006.8787,3006.8787,2973.7914,3038.1981
105019000,2979.0354,2972500,28939600,3809142800,37651896600,3006.8787,3006.8787,2973.7914,3038.1981
105024000,2977.9893,4432600,36429200,3813575400,37688325800,3006.8787,3006.8787,2973.7914,3038.1981
105029000,2977.3893,2872200,32263400,3816447600,37720589200,3006.8787,3006.8787,2973.7914,3038.1981
105034000,2977.4793,2234200,25804500,3818681800,37746393700,3006.8787,3006.8787,2973.7914,3038.1981
105039000,2977.3945,2497700,20238000,3821179500,37766631700,3006.8787,3006.8787,2973.7914,3038.1981
105044000,2977.4722,2818800,32508000,3823998300,37799139700,3006.8787,3006.8787,2973.7914,3038.1981
105049000,2977.4372,1424300,15115900,3825422600,37814255600,3006.8787,3006.8787,2973.7914,3038.1981
105054000,2977.4231,1471900,19781800,3826894500,37834037400,3006.8787,3006.8787,2973.7914,3038.1981
105059000,2977.4095,1513500,16819900,3828408000,37850857300,3006.8787,3006.8787,2973.7914,3038.1981
105104000,2977.5295,1766300,22718100,3830174300,37873575400,3006.8787,3006.8787,2973.7914,3038.1981
105109000,2977.6742,1857100,19841900,3832031400,37893417300,3006.8787,3006.8787,2973.7914,3038.1981
105114000,2977.0413,2600900,27080600,3834632300,37920497900,3006.8787,3006.8787,2973.7914,3038.1981
105119000,2977.3955,1425300,13094300,3836057600,37933592200,3006.8787,3006.8787,2973.7914,3038.1981
105124000,2976.8981,2026000,20457200,3838083600,37954049400,3006.8787,3006.8787,2973.7914,3038.1981
105129000,2976.8714,2024400,22011600,3840108000,37976061000,3006.8787,3006.8787,2973.7914,3038.1981
105134000,2977.1842,1893500,18058700,3842001500,37994119700,3006.8787,3006.8787,2973.7914,3038.1981
105139000,2976.9845,2105100,20744000,3844106600,38014863700,3006.8787,3006.8787,2973.7914,3038.1981
105144000,2976.0131,2849700,34143200,3846956300,38049006900,3006.8787,3006.8787,2973.7914,3038.1981
105149000,2976.3897,1156600,14298700,3848112900,38063305600,3006.8787,3006.8787,2973.7914,3038.1981
105154000,2976.6943,2896000,23164400,3851008900,38086470000,3006.8787,3006.8787,2973.7914,3038.1981
105159000,2976.6268,2447700,25153900,3853456600,38111623900,3006.8787,3006.8787,2973.7914,3038.1981
105204000,2976.344,4112100,25489800,3857568700,38137113700,3006.8787,3006.8787,2973.7914,3038.1981
105209000,2976.2837,3709900,22501300,3861278600,38159615000,3006.8787,3006.8787,2973.7914,3038.1981
105214000,2976.4475,2327100,31357400,3863605700,38190972400,3006.8787,3006.8787,2973.7914,3038.1981
105219000,2976.1027,1956200,14954100,3865561900,38205926500,3006.8787,3006.8787,2973.7914,3038.1981
105224000,2976.3982,2841300,22964700,3868403200,38228891200,3006.8787,3006.8787,2973.7914,3038.1981
105229000,2976.4515,3178700,22741100,3871581900,38251632300,3006.8787,3006.8787,2973.7914,3038.1981
105234000,2976.7203,1818000,16223600,3873399900,38267855900,3006.8787,3006.8787,2973.7914,3038.1981
105239000,2976.0884,1760500,16752700,3875160400,38284608600,3006.8787,3006.8787,2973.7914,3038.1981
105244000,2975.7525,2101000,23117700,3877261400,38307726300,3006.8787,3006.8787,2973.7914,3038.1981
105249000,2976.3085,1507000,14893600,3878768400,38322619900,3006.8787,3006.8787,2973.7914,3038.1981
105254000,2976.0956,1752300,16766000,3880520700,38339385900,3006.8787,3006.8787,2973.7914,3038.1981
105259000,2976.2517,1714500,19457000,3882235200,38358842900,3006.8787,3006.8787,2973.7914,3038.1981
105304000,2976.2406,1877500,16142800,3884112700,38374985700,3006.8787,3006.8787,2973.7914,3038.1981
105309000,2975.973,1260000,11168200,3885372700,38386153900,3006.8787,3006.8787,2973.7914,3038.1981
105314000,2976.1252,2114300,21626000,3887487000,38407779900,3006.8787,3006.8787,2973.7914,3038.1981
105319000,2976.2584,1054200,11972000,3888541200,38419751900,3006.8787,3006.8787,2973.7914,3038.1981
105324000,2976.0765,2415900,22073000,3890957100,38441824900,3006.8787,3006.8787,2973.7914,3038.1981
105329000,2975.747,1729900,19478600,3892687000,38461303500,3006.8787,3006.8787,2973.7914,3038.1981
105334000,2975.6003,2418400,25717100,3895105400,38487020600,3006.8787,3006.8787,2973.7914,3038.1981
105339000,2975.3347,2154600,22895000,3897260000,38509915600,3006.8787,3006.8787,2973.7914,3038.1981
105344000,2974.2443,4966200,50558900,3902226200,38560474500,3006.8787,3006.8787,2973.7914,3038.1981
105349000,2973.8523,1854000,22930600,3904080200,38583405100,3006.8787,3006.8787,2973.7914,3038.1981
105354000,2973.8884,2895900,30490700,3906976100,38613895800,3006.8787,3006.8787,2973.7914,3038.1981
105359000,2973.7938,2965400,29037200,3909941500,38642933000,3006.8787,3006.8787,2973.7914,3038.1981
105404000,2973.967,1861600,21967100,3911803100,38664900100,3006.8787,3006.8787,2973.7914,3038.1981
105409000,2974.1587,1728800,17795400,3913531900,38682695500,3006.8787,3006.8787,2973.7914,3038.1981
105414000,2973.8526,1698900,18161000,3915230800,38700856500,3006.8787,3006.8787,2973.7914,3038.1981
105419000,2974.1396,1539400,14809100,3916770200,38715665600,3006.8787,3006.8787,2973.7468,3038.1981
105424000,2973.7918,2474300,22519400,3919244500,38738185000,3006.8787,3006.8787,2973.7468,3038.1981
105429000,2974.0884,3715700,25055000,3922960200,38763240000,3006.8787,3006.8787,2973.7468,3038.1981
105434000,2973.8592,2144700,21474400,3925104900,38784714400,3006.8787,3006.8787,2973.7468,3038.1981
105439000,2973.9492,2167300,19347700,3927272200,38804062100,3006.8787,3006.8787,2973.7468,3038.1981
105444000,2973.9381,2356800,24443600,3929629000,38828505700,3006.8787,3006.8787,2973.7468,3038.1981
105449000,2974.0018,1193500,13200500,3930822500,38841706200,3006.8787,3006.8787,2973.7468,3038.1981
105454000,2974.0439,1534700,19509700,3932357200,38861215900,3006.8787,3006.8787,2973.7468,3038.1981
105459000,2973.9163,1311100,16580300,3933668300,38877796200,3006.8787,3006.8787,2973.7468,3038.1981
105504000,2974.1532,2550500,19230300,3936218800,38897026500,3006.8787,3006.8787,2973.7468,3038.1981
105509000,2974.0585,2206200,23333500,3938425000,38920360000,3006.8787,3006.8787,2973.7468,3038.1981
105514000,2974.2696,2307800,24039000,3940732800,38944399000,3006.8787,3006.8787,2973.7468,3038.1981
105519000,2974.4494,1548200,14303100,3942281000,38958702100,3006.8787,3006.8787,2973.7468,3038.1981
105524000,2974.2336,2813800,23732600,3945094800,38982434700,3006.8787,3006.8787,2973.7468,3038.1981
105529000,2974.5634,1895500,19219400,3946990300,39001654100,3006.8787,3006.8787,2973.7468,3038.1981
105534000,2974.2198,1742700,19028300,3948733000,39020682400,3006.8787,3006.8787,2973.7468,3038.1981
105539000,2974.0882,1648300,15995800,3950381300,39036678200,3006.8787,3006.8787,2973.7468,3038.1981
105544000,2973.3582,2650900,23268200,3953032200,39059946400,3006.8787,3006.8787,2973.3582,3038.1981
105549000,2973.912,1102000,12208000,3954134200,39072154400,3006.8787,3006.8787,2973.3582,3038.1981
105554000,2973.5302,1589100,16735500,3955723300,39088889900,3006.8787,3006.8787,2973.3582,3038.1981
105559000,2973.8576,1279700,15187500,3957003000,39104077400,3006.8787,3006.8787,2973.3582,3038.1981
105604000,2973.8086,1549800,25623600,3958552800,39129701000,3006.8787,3006.8787,2973.3582,3038.1981
105609000,2973.5296,1130200,10110100,3959683000,39139811100,3006.8787,3006.8787,2973.3582,3038.1981
105614000,2973.6264,1691900,18924800,3961374900,39158735900,3006.8787,3006.8787,2973.3582,3038.1981
105619000,2973.9229,2659400,20364700,3964034300,39179100600,3006.8787,3006.8787,2973.3582,3038.1981
105624000,2973.4743,1638800,19426100,3965673100,39198526700,3006.8787,3006.8787,2973.3582,3038.1981
105629000,2973.5699,1541400,15977000,3967214500,39214503700,3006.8787,3006.8787,2973.3582,3038.1981
105634000,2973.4982,1478900,16317500,3968693400,39230821200,3006.8787,3006.8787,2973.3582,3038.1981
105639000,2973.8964,2564300,21024700,3971257700,39251845900,3006.8787,3006.8787,2973.3582,3038.1981
105644000,2974.0971,3103500,24659900,3974361200,39276505800,3006.8787,3006.8787,2973.3582,3038.1981
105649000,2974.224,2243800,24357800,3976605000,39300863600,3006.8787,3006.8787,2973.3582,3038.1981
105654000,2974.1564,1641800,19241700,3978246800,39320105300,3006.8787,3006.8787,2973.3582,3038.1981
105659000,2973.8269,2269600,29205300,3980516400,39349310600,3006.8787,3006.8787,2973.3582,3038.1981
105704000,2974.4211,2702600,30406700,3983219000,39379717300,3006.8787,3006.8787,2973.3582,3038.1981
105709000,2974.2858,1196000,16344300,3984415000,39396061600,3006.8787,3006.8787,2973.3582,3038.1981
105714000,2974.1238,2171900,19726700,3986586900,39415788300,3006.8787,3006.8787,2973.3582,3038.1981
105719000,2974.7046,1896600,18462800,3988483500,39434251100,3006.8787,3006.8787,2973.3582,3038.1981
105724000,2974.2465,2754300,18561800,3991237800,39452812900,3006.8787,3006.8787,2973.3582,3038.1981
105729000,2974.4116,1698900,30681500,3992936700,39483494400,3006.8787,3006.8787,2973.3582,3038.1981
105734000,2974.3883,1520200,29091000,3994456900,39512585400,3006.8787,3006.8787,2973.3582,3038.1981
105739000,2974.5041,1559400,16786500,3996016300,39529371900,3006.8787,3006.8787,2973.3582,3038.1981
105744000,2973.5975,2354400,25846000,3998370700,39555217900,3006.8787,3006.8787,2973.3582,3038.1981
105749000,2974.2623,1112600,14706600,3999483300,39569924500,3006.8787,3006.8787,2973.3582,3038.1981
105754000,2974.4095,2709000,18392600,4002192300,39588317100,3006.8787,3006.8787,2973.3582,3038.1981
105759000,2974.2518,1227800,15525000,4003420100,39603842100,3006.8787,3006.8787,2973.3582,3038.1981
105804000,2974.3751,1371300,14958800,4004791400,39618800900,3006.8787,3006.8787,2973.3582,3038.1981
105809000,2974.5126,1241200,11702800,4006032600,39630503700,3006.8787,3006.8787,2973.3582,3038.1981
105814000,2974.6736,2089500,17800000,4008122100,39648303700,3006.8787,3006.8787,2973.3582,3038.1981
105819000,2974.4856,942500,10823900,4009064600,39659127600,3006.8787,3006.8787,2973.3582,3038.1981
105824000,2974.4535,1757300,15740200,4010821900,39674867800,3006.8787,3006.8787,2973.3582,3038.1981
105829000,2974.7947,2651600,22728700,4013473500,39697596500,3006.8787,3006.8787,2973.3582,3038.1981
105834000,2974.6699,1454900,16532900,4014928400,39714129400,3006.8787,3006.8787,2973.3582,3038.1981
105839000,2975.065,3530700,18057800,4018459100,39732187200,3006.8787,3006.8787,2973.3582,3038.1981
105844000,2975.0539,1659600,16983500,4020118700,39749170700,3006.8787,3006.8787,2973.3582,3038.1981
105849000,2975.6755,1411900,15529900,4021530600,39764700600,3006.8787,3006.8787,2973.3582,3038.1981
105854000,2975.418,1981100,19160300,4023511700,39783860900,3006.8787,3006.8787,2973.3582,3038.1981
105859000,2975.9995,4145800,32153100,4027657500,39816014000,3006.8787,3006.8787,2973.3582,3038.1981
105904000,2976.3568,3129800,27444700,4030787300,39843458700,3006.8787,3006.8787,2973.3582,3038.1981
105909000,2975.9527,3112700,21087400,4033900000,39864546100,3006.8787,3006.8787,2973.3582,3038.1981
105914000,2975.9989,2804000,21387400,4036704000,39885933500,3006.8787,3006.8787,2973.3582,3038.1981
105919000,2976.0001,998600,11361300,4037702600,39897294800,3006.8787,3006.8787,2973.3582,3038.1981
105924000,2976.5538,1396500,15013500,4039099100,39912308300,3006.8787,3006.8787,2973.3582,3038.1981
105929000,2976.885,1522100,15472200,4040621200,39927780500,3006.8787,3006.8787,2973.3582,3038.1981
105934000,2976.6215,1267700,14066400,4041888900,39941846900,3006.8787,3006.8787,2973.3582,3038.1981
105939000,2976.4718,1454500,14596100,4043343400,39956443000,3006.8787,3006.8787,2973.3582,3038.1981
105944000,2975.218,2628800,28895300,4045972200,39985338300,3006.8787,3006.8787,2973.3582,3038.1981
105949000,2976.0022,1418600,13065500,4047390800,39998403800,3006.8787,3006.8787,2973.3582,3038.1981
105954000,2975.8416,1975000,16519800,4049365800,40014923600,3006.8787,3006.8787,2973.3582,3038.1981
105959000,2976.527,1284300,15370600,4050650100,40030294200,3006.8787,3006.8787,2973.3582,3038.1981
110004000,2975.8371,1741900,18376400,4052392000,40048670600,3006.8787,3006.8787,2973.3582,3038.1981
110009000,2976.4945,1243800,12837800,4053635800,40061508400,3006.8787,3006.8787,2973.3582,3038.1981
110014000,2976.0151,1254600,12817400,4054890400,40074325800,3006.8787,3006.8787,2973.3582,3038.1981
110019000,2976.3731,1199900,13095400,4056090300,40087421200,3006.8787,3006.8787,2973.3582,3038.1981
110024000,2975.7685,1360500,14132800,4057450800,40101554000,3006.8787,3006.8787,2973.3582,3038.1981
110029000,2976.1518,1534400,15504700,4058985200,40117058700,3006.8787,3006.8787,2973.3582,3038.1981
110034000,2976.1674,1638600,14807800,4060623800,40131866500,3006.8787,3006.8787,2973.3582,3038.1981
110039000,2976.3566,1043600,9479000,4061667400,40141345500,3006.8787,3006.8787,2973.3582,3038.1981
110044000,2976.2388,1895800,20472000,4063563200,40161817500,3006.8787,3006.8787,2973.3582,3038.1981
110049000,2975.8983,926700,10809700,4064489900,40172627200,3006.8787,3006.8787,2973.3582,3038.1981
110054000,2976.2388,1761300,17374100,4066251200,40190001300,3006.8787,3006.8787,2973.3582,3038.1981
110059000,2975.9337,1096900,12993800,4067348100,40202995100,3006.8787,3006.8787,2973.3582,3038.1981
110104000,2975.8995,1157500,11521300,4068505600,40214516400,3006.8787,3006.8787,2973.3582,3038.1981
110109000,2975.9979,1467800,13919200,4069973400,40228435600,3006.8787,3006.8787,2973.3582,3038.1981
110114000,2975.9715,1458600,16851200,4071432000,40245286800,3006.8787,3006.8787,2973.3582,3038.1981
110119000,2976.0039,1085500,10481600,4072517500,40255768400,3006.8787,3006.8787,2973.3582,3038.1981
110124000,2975.9745,1475500,16794200,4073993000,40272562600,3006.8787,3006.8787,2973.3582,3038.1981
110129000,2976.1068,1193100,12907700,4075186100,40285470300,3006.8787,3006.8787,2973.3582,3038.1981
110134000,2976.1573,1235600,11942500,4076421700,40297412800,3006.8787,3006.8787,2973.3582,3038.1981
110139000,2975.987,1213300,14144800,4077635000,40311557600,3006.8787,3006.8787,2973.3582,3038.1981
110144000,2975.1574,2431800,18605900,4080066800,40330163500,3006.8787,3006.8787,2973.3582,3038.1981
110149000,2975.6925,790000,8483400,4080856800,40338646900,3006.8787,3006.8787,2973.3582,3038.1981
110154000,2975.5483,1218700,16387900,4082075500,40355034800,3006.8787,3006.8787,2973.3582,3038.1981
110159000,2975.5541,1563400,13686200,4083638900,40368721000,3006.8787,3006.8787,2973.3582,3038.1981
110204000,2975.5262,1136900,13255800,4084775800,40381976800,3006.8787,3006.8787,2973.3582,3038.1981
110209000,2975.6115,893100,9626800,4085668900,40391603600,3006.8787,3006.8787,2973.3582,3038.1981
110214000,2975.978,1484500,16038200,4087153400,40407641800,3006.8787,3006.8787,2973.3582,3038.1981
110219000,2975.7971,803100,10170300,4087956500,40417812100,3006.8787,3006.8787,2973.3582,3038.1981
110224000,2975.9567,3258700,22429900,4091215200,40440242000,3006.8787,3006.8787,2973.3582,3038.1981
110229000,2975.7552,3022000,19062200,4094237200,40459304200,3006.8787,3006.8787,2973.3582,3038.1981
110234000,2975.611,1104900,15080600,4095342100,40474384800,3006.8787,3006.8787,2973.3582,3038.1981
110239000,2975.4657,941100,8743600,4096283200,40483128400,3006.8787,3006.8787,2973.3582,3038.1981
110244000,2975.6351,1768900,20037500,4098052100,40503165900,3006.8787,3006.8787,2973.3582,3038.1981
110249000,2975.7394,1884100,15143600,4099936200,40518309500,3006.8787,3006.8787,2973.3582,3038.1981
110254000,2975.7926,1097900,12213100,4101034100,40530522600,3006.8787,3006.8787,2973.3582,3038.1981
110259000,2975.8265,1927600,19823800,4102961700,40550346400,3006.8787,3006.8787,2973.3582,3038.1981
110304000,2975.6569,1469100,13858800,4104430800,40564205200,3006.8787,3006.8787,2973.3582,3038.1981
110309000,2975.6617,999900,8301000,4105430700,40572506200,3006.8787,3006.8787,2973.3582,3038.1981
110314000,2975.8083,1308500,13902200,4106739200,40586408400,3006.8787,3006.8787,2973.3582,3038.1981
110319000,2976.1519,970800,8940100,4107710000,40595348500,3006.8787,3006.8787,2973.3582,3038.1981
110324000,2976.2088,2258100,17666700,4109968100,40613015200,3006.8787,3006.8787,2973.3582,3038.1981
110329000,2975.7902,1416100,15790900,4111384200,40628806100,3006.8787,3006.8787,2973.3582,3038.1981
110334000,2975.6508,1514200,14873200,4112898400,40643679300,3006.8787,3006.8787,2973.3582,3038.1981
110339000,2975.8964,1399700,12966300,4114298100,40656645600,3006.8787,3006.8787,2973.3582,3038.1981
110344000,2975.0138,1799700,17947700,4116097800,40674593300,3006.8787,3006.8787,2973.3582,3038.1981
110349000,2975.7333,1288600,12198300,4117386400,40686791600,3006.8787,3006.8787,2973.3582,3038.1981
110354000,2976.0276,1252300,11018500,4118638700,40697810100,3006.8787,3006.8787,2973.3582,3038.1981
110359000,2976.1308,1216900,10522000,4119855600,40708332100,3006.8787,3006.8787,2973.3582,3038.1981
110404000,2976.1037,1208200,11843900,4121063800,40720176000,3006.8787,3006.8787,2973.3582,3038.1981
110409000,2976.2354,915100,9199200,4121978900,40729375200,3006.8787,3006.8787,2973.3582,3038.1981
110414000,2976.2403,1547200,15720100,4123526100,40745095300,3006.8787,3006.8787,2973.3582,3038.1981
110419000,2976.3235,2026300,19952200,4125552400,40765047500,3006.8787,3006.8787,2973.3582,3038.1981
110424000,2976.542,3269200,17124500,4128821600,40782172000,3006.8787,3006.8787,2973.3582,3038.1981
110429000,2976.2705,1145400,14213900,4129967000,40796385900,3006.8787,3006.8787,2973.3582,3038.1981
110434000,2976.3358,1743400,14241500,4131710400,40810627400,3006.8787,3006.8787,2973.3582,3038.1981
110439000,2976.1807,1930100,12972700,4133640500,40823600100,3006.8787,3006.8787,2973.3582,3038.1981
110444000,2976.5815,3034500,18888200,4136675000,40842488300,3006.8787,3006.8787,2973.3582,3038.1981
110449000,2976.3664,2256900,15477000,4138931900,40857965300,3006.8787,3006.8787,2973.3582,3038.1981
110454000,2976.1952,1592000,14316700,4140523900,40872282000,3006.8787,3006.8787,2973.3582,3038.1981
110459000,2976.4181,1791300,18908100,4142315200,40891190100,3006.8787,3006.8787,2973.3582,3038.1981
110504000,2976.9779,1419400,13044200,4143734600,40904234300,3006.8787,3006.8787,2973.3582,3038.1981
110509000,2976.5466,2309400,15731900,4146044000,40919966200,3006.8787,3006.8787,2973.3582,3038.1981
110514000,2976.8709,2177800,12354400,4148221800,40932320600,3006.8787,3006.8787,2973.3582,3038.1981
110519000,2977.1662,1594200,16569200,4149816000,40948889800,3006.8787,3006.8787,2973.3582,3038.1981
110524000,2976.7961,1587000,13762400,4151403000,40962652200,3006.8787,3006.8787,2973.3582,3038.1981
110529000,2976.5051,2709400,21453300,4154112400,40984105500,3006.8787,3006.8787,2973.3582,3038.1981
110534000,2975.7773,1812200,19507500,4155924600,41003613000,3006.8787,3006.8787,2973.3582,3038.1981
110539000,2975.3451,3740000,27256400,4159664600,41030869400,3006.8787,3006.8787,2973.3582,3038.1981
110544000,2974.6311,4294700,35114700,4163959300,41065984100,3006.8787,3006.8787,2973.3582,3038.1981
110549000,2974.7077,1730300,18490800,4165689600,41084474900,3006.8787,3006.8787,2973.3582,3038.1981
110554000,2974.4527,3565100,37441900,4169254700,41121916800,3006.8787,3006.8787,2973.3582,3038.1981
110559000,2973.6806,5048200,41711400,4174302900,41163628200,3006.8787,3006.8787,2973.3582,3038.1981
110604000,2973.6693,2873100,31669300,4177176000,41195297500,3006.8787,3006.8787,2973.3582,3038.1981
110609000,2973.369,2135000,21817600,4179311000,41217115100,3006.8787,3006.8787,2973.3582,3038.1981
110614000,2973.3365,4074300,37712700,4183385300,41254827800,3006.8787,3006.8787,2973.3365,3038.1981
110619000,2973.3882,4274200,22433500,4187659500,41277261300,3006.8787,3006.8787,2973.3365,3038.1981
110624000,2973.0559,3331100,31104600,4190990600,41308365900,3006.8787,3006.8787,2973.0559,3038.1981
110629000,2973.0291,2764900,26261500,4193755500,41334627400,3006.8787,3006.8787,2973.0291,3038.1981
110634000,2973.05,2689100,26018100,4196444600,41360645500,3006.8787,3006.8787,2972.8207,3038.1981
110639000,2972.4806,2766600,21950500,4199211200,41382596000,3006.8787,3006.8787,2972.4806,3038.1981
110644000,2972.5378,2927100,26189500,4202138300,41408785500,3006.8787,3006.8787,2972.4127,3038.1981
110649000,2972.469,1136600,12212900,4203274900,41420998400,3006.8787,3006.8787,2972.4127,3038.1981
110654000,2972.7503,2165800,28507900,4205440700,41449506300,3006.8787,3006.8787,2972.4108,3038.1981
110659000,2972.7423,1683100,19008700,4207123800,41468515000,3006.8787,3006.8787,2972.4108,3038.1981
110704000,2972.6734,3136700,30583700,4210260500,41499098700,3006.8787,3006.8787,2972.2606,3038.1981
110709000,2972.2067,1625400,15570400,4211885900,41514669100,3006.8787,3006.8787,2972.2067,3038.1981
110714000,2972.5037,1784000,17648400,4213669900,41532317500,3006.8787,3006.8787,2972.0218,3038.1981
110719000,2972.047,1796800,14262500,4215466700,41546580000,3006.8787,3006.8787,2971.8563,3038.1981
110724000,2971.8565,1697800,21087300,4217164500,41567667300,3006.8787,3006.8787,2971.8542,3038.1981
110729000,2971.7525,2823400,29834000,4219987900,41597501300,3006.8787,3006.8787,2971.7414,3038.1981
110734000,2971.7659,3095900,30184100,4223083800,41627685400,3006.8787,3006.8787,2971.2568,3038.1981
110739000,2971.501,3271100,37485200,4226354900,41665170600,3006.8787,3006.8787,2970.7796,3038.1981
110744000,2970.2586,3730500,42065900,4230085400,41707236500,3006.8787,3006.8787,2969.9231,3038.1981
110749000,2969.7968,2111500,22264600,4232196900,41729501100,3006.8787,3006.8787,2969.7968,3038.1981
110754000,2970.1581,4984600,46882100,4237181500,41776383200,3006.8787,3006.8787,2969.7968,3038.1981
110759000,2969.8683,3209400,34669500,4240390900,41811052700,3006.8787,3006.8787,2969.5662,3038.1981
110804000,2969.4886,3068000,40132200,4243458900,41851184900,3006.8787,3006.8787,2969.3154,3038.1981
110809000,2969.201,2930400,31411400,4246389300,41882596300,3006.8787,3006.8787,2969.201,3038.1981
110814000,2969.3869,3133400,37328400,4249522700,41919924700,3006.8787,3006.8787,2969.1848,3038.1981
110819000,2969.2666,1948200,22369900,4251470900,41942294600,3006.8787,3006.8787,2969.0,3038.1981
110824000,2969.3508,3345900,31186700,4254816800,41973481300,3006.8787,3006.8787,2969.0,3038.1981
110829000,2969.0098,2890700,34564700,4257707500,42008046000,3006.8787,3006.8787,2968.8986,3038.1981
110834000,2968.8282,2373100,24492600,4260080600,42032538600,3006.8787,3006.8787,2968.6165,3038.1981
110839000,2968.6562,2837600,23408900,4262918200,42055947500,3006.8787,3006.8787,2968.4756,3038.1981
110844000,2968.5279,3515800,37116600,4266434000,42093064100,3006.8787,3006.8787,2968.4756,3038.1981
110849000,2968.4294,2547300,30464100,4268981300,42123528200,3006.8787,3006.8787,2968.2864,3038.1981
110854000,2967.7296,5676400,35552500,4274657700,42159080700,3006.8787,3006.8787,2967.7296,3038.1981
110859000,2968.0516,2170800,26288400,4276828500,42185369100,3006.8787,3006.8787,2967.7296,3038.1981
110904000,2967.912,2500100,26920500,4279328600,42212289600,3006.8787,3006.8787,2967.7296,3038.1981
110909000,2968.242,2274900,24398300,4281603500,42236687900,3006.8787,3006.8787,2967.7296,3038.1981
110914000,2968.1269,2388300,27088700,4283991800,42263776600,3006.8787,3006.8787,2967.7296,3038.1981
110919000,2968.344,1701500,20516100,4285693300,42284292700,3006.8787,3006.8787,2967.7296,3038.1981
110924000,2968.3877,3471200,25632900,4289164500,42309925600,3006.8787,3006.8787,2967.7296,3038.1981
110929000,2968.2539,2131800,22619400,4291296300,42332545000,3006.8787,3006.8787,2967.7296,3038.1981
110934000,2968.0693,2286800,20707000,4293583100,42353252000,3006.8787,3006.8787,2967.7296,3038.1981
110939000,2968.6648,2177600,20692500,4295760700,42373944500,3006.8787,3006.8787,2967.7296,3038.1981
110944000,2968.1458,2600500,29088500,4298361200,42403033000,3006.8787,3006.8787,2967.7296,3038.1981
110949000,2968.329,1532300,18128300,4299893500,42421161300,3006.8787,3006.8787,2967.7296,3038.1981
110954000,2968.4186,3263800,30589800,4303157300,42451751100,3006.8787,3006.8787,2967.7296,3038.1981
110959000,2969.2119,1889900,21180700,4305047200,42472931800,3006.8787,3006.8787,2967.7296,3038.1981
111004000,2968.9511,1960800,16603300,4307008000,42489535100,3006.8787,3006.8787,2967.7296,3038.1981
111009000,2968.7935,1328300,14503300,4308336300,42504038400,3006.8787,3006.8787,2967.7296,3038.1981
111014000,2968.9351,1973000,16174400,4310309300,42520212800,3006.8787,3006.8787,2967.7296,3038.1981
111019000,2968.8117,3359200,28151500,4313668500,42548364300,3006.8787,3006.8787,2967.7296,3038.1981
111024000,2968.8444,2070000,18830200,4315738500,42567194500,3006.8787,3006.8787,2967.7296,3038.1981
111029000,2968.9307,3556800,23360100,4319295300,42590554600,3006.8787,3006.8787,2967.7296,3038.1981
111034000,2968.9902,1777700,17115400,4321073000,42607670000,3006.8787,3006.8787,2967.7296,3038.1981
111039000,2968.9554,947800,11011400,4322020800,42618681400,3006.8787,3006.8787,2967.7296,3038.1981
111044000,2969.1624,2300500,19895900,4324321300,42638577300,3006.8787,3006.8787,2967.7296,3038.1981
111049000,2969.3855,1641500,14512700,4325962800,42653090000,3006.8787,3006.8787,2967.7296,3038.1981
111054000,2969.0136,1272100,14259800,4327234900,42667349800,3006.8787,3006.8787,2967.7296,3038.1981
111059000,2969.4559,1918500,17924400,4329153400,42685274200,3006.8787,3006.8787,2967.7296,3038.1981
111104000,2969.3436,2145600,17311100,4331299000,42702585300,3006.8787,3006.8787,2967.7296,3038.1981
111109000,2969.1922,3153000,21480000,4334452000,42724065300,3006.8787,3006.8787,2967.7296,3038.1981
111114000,2969.8433,2074700,16340100,4336526700,42740405400,3006.8787,3006.8787,2967.7296,3038.1981
111119000,2969.5941,1207500,12887600,4337734200,42753293000,3006.8787,3006.8787,2967.7296,3038.1981
111124000,2969.7413,1896900,20339900,4339631100,42773632900,3006.8787,3006.8787,2967.7296,3038.1981
111129000,2969.718,1976900,16999200,4341608000,42790632100,3006.8787,3006.8787,2967.7296,3038.1981
111134000,2969.9398,1591200,16382700,4343199200,42807014800,3006.8787,3006.8787,2967.7296,3038.1981
111139000,2970.5754,1802700,15404800,4345001900,42822419600,3006.8787,3006.8787,2967.7296,3038.1981
111144000,2969.386,2331200,22860800,4347333100,42845280400,3006.8787,3006.8787,2967.7296,3038.1981
111149000,2969.6701,2323400,21126800,4349656500,42866407200,3006.8787,3006.8787,2967.7296,3038.1981
111154000,2969.6686,2571100,23228900,4352227600,42889636100,3006.8787,3006.8787,2967.7296,3038.1981
111159000,2969.0682,2280200,30637300,4354507800,42920273400,3006.8787,3006.8787,2967.7296,3038.1981
111204000,2969.4395,1875400,18226800,4356383200,42938500200,3006.8787,3006.8787,2967.7296,3038.1981
111209000,2969.0652,1155400,17321600,4357538600,42955821800,3006.8787,3006.8787,2967.7296,3038.1981
111214000,2969.212,1688700,17468700,4359227300,42973290500,3006.8787,3006.8787,2967.7296,3038.1981
111219000,2969.1696,1857400,17397600,4361084700,42990688100,3006.8787,3006.8787,2967.7296,3038.1981
111224000,2969.222,2075200,20929900,4363159900,43011618000,3006.8787,3006.8787,2967.7296,3038.1981
111229000,2969.5518,1785500,19178700,4364945400,43030796700,3006.8787,3006.8787,2967.7296,3038.1981
111234000,2969.1489,1731700,17253500,4366677100,43048050200,3006.8787,3006.8787,2967.7296,3038.1981
111239000,2969.2864,1390000,13682200,4368067100,43061732400,3006.8787,3006.8787,2967.7296,3038.1981
111244000,2969.6416,2566200,25566200,4370633300,43087298600,3006.8787,3006.8787,2967.7296,3038.1981
111249000,2969.2052,977000,7987500,4371610300,43095286100,3006.8787,3006.8787,2967.7296,3038.1981
111254000,2969.2979,1303000,12836700,4372913300,43108122800,3006.8787,3006.8787,2967.7296,3038.1981
111259000,2969.4287,1402700,17447400,4374316000,43125570200,3006.8787,3006.8787,2967.7296,3038.1981
111304000,2970.2807,1606800,14430900,4375922800,43140001100,3006.8787,3006.8787,2967.7296,3038.1981
111309000,2970.1586,1346800,13514000,4377269600,43153515100,3006.8787,3006.8787,2967.7296,3038.1981
111314000,2970.1476,2119100,16794800,4379388700,43170309900,3006.8787,3006.8787,2967.7296,3038.1981
111319000,2970.221,2005000,19186200,4381393700,43189496100,3006.8787,3006.8787,2967.7296,3038.1981
111324000,2970.4071,1504200,15939800,4382897900,43205435900,3006.8787,3006.8787,2967.7296,3038.1981
111329000,2969.767,1450900,15258500,4384348800,43220694400,3006.8787,3006.8787,2967.7296,3038.1981
111334000,2969.8114,1362000,14479500,4385710800,43235173900,3006.8787,3006.8787,2967.7296,3038.1981
111339000,2970.0396,1199200,13138400,4386910000,43248312300,3006.8787,3006.8787,2967.7296,3038.1981
111344000,2969.6068,2836100,27996000,4389746100,43276308300,3006.8787,3006.8787,2967.7296,3038.1981
111349000,2969.6577,1099100,12807300,4390845200,43289115600,3006.8787,3006.8787,2967.7296,3038.1981
111354000,2970.053,1956800,16600700,4392802000,43305716300,3006.8787,3006.8787,2967.7296,3038.1981
111359000,2969.9045,1432100,19945900,4394234100,43325662200,3006.8787,3006.8787,2967.7296,3038.1981
111404000,2969.6225,1617500,15437400,4395851600,43341099600,3006.8787,3006.8787,2967.7296,3038.1981
111409000,2969.8014,1702300,17084400,4397553900,43358184000,3006.8787,3006.8787,2967.7296,3038.1981
111414000,2969.935,1594000,26340200,4399147900,43384524200,3006.8787,3006.8787,2967.7296,3038.1981
111419000,2969.9364,1357700,13510800,4400505600,43398035000,3006.8787,3006.8787,2967.7296,3038.1981
111424000,2969.8986,1200700,11704700,4401706300,43409739700,3006.8787,3006.8787,2967.7296,3038.1981
111429000,2969.9276,1918900,14899700,4403625200,43424639400,3006.8787,3006.8787,2967.7296,3038.1981
111434000,2969.9724,1562100,17677100,4405187300,43442316500,3006.8787,3006.8787,2967.7296,3038.1981
111439000,2970.3078,894600,9868100,4406081900,43452184600,3006.8787,3006.8787,2967.7296,3038.1981
111444000,2969.9172,2481100,37002000,4408563000,43489186600,3006.8787,3006.8787,2967.7296,3038.1981
111449000,2970.0205,831000,12458200,4409394000,43501644800,3006.8787,3006.8787,2967.7296,3038.1981
111454000,2970.31,1117700,12907200,4410511700,43514552000,3006.8787,3006.8787,2967.7296,3038.1981
111459000,2970.101,1827100,20078800,4412338800,43534630800,3006.8787,3006.8787,2967.7296,3038.1981
111504000,2970.0399,1460800,13637700,4413799600,43548268500,3006.8787,3006.8787,2967.7296,3038.1981
111509000,2969.9804,1146400,16117000,4414946000,43564385500,3006.8787,3006.8787,2967.7296,3038.1981
111514000,2969.9507,2108600,24713500,4417054600,43589099000,3006.8787,3006.8787,2967.7296,3038.1981
111519000,2969.8109,976700,12331300,4418031300,43601430300,3006.8787,3006.8787,2967.7296,3038.1981
111524000,2969.5998,1163900,17359500,4419195200,43618789800,3006.8787,3006.8787,2967.7296,3038.1981
111529000,2969.6693,1525000,16128700,4420720200,43634918500,3006.8787,3006.8787,2967.7296,3038.1981
111534000,2969.7543,1693100,20393500,4422413300,43655312000,3006.8787,3006.8787,2967.7296,3038.1981
111539000,2969.2804,2342800,22993500,4424756100,43678305500,3006.8787,3006.8787,2967.7296,3038.1981
111544000,2968.504,4793200,49044300,4429549300,43727349800,3006.8787,3006.8787,2967.7296,3038.1981
111549000,2967.6125,2827400,33140900,4432376700,43760490700,3006.8787,3006.8787,2967.6125,3038.1981
111554000,2967.4924,3635600,38426000,4436012300,43798916700,3006.8787,3006.8787,2967.1356,3038.1981
111559000,2967.2227,2690500,34199800,4438702800,43833116500,3006.8787,3006.8787,2967.1356,3038.1981
111604000,2967.3419,2737000,34228900,4441439800,43867345400,3006.8787,3006.8787,2967.113,3038.1981
111609000,2966.9601,2012700,18719500,4443452500,43886064900,3006.8787,3006.8787,2966.9601,3038.1981
111614000,2967.3038,1957900,27000800,4445410400,43913065700,3006.8787,3006.8787,2966.9601,3038.1981
111619000,2967.3236,1813200,16052400,4447223600,43929118100,3006.8787,3006.8787,2966.9601,3038.1981
111624000,2967.093,2638000,29495200,4449861600,43958613300,3006.8787,3006.8787,2966.9601,3038.1981
111629000,2967.5856,2456300,26138300,4452317900,43984751600,3006.8787,3006.8787,2966.9601,3038.1981
111634000,2967.325,1974200,21646600,4454292100,44006398200,3006.8787,3006.8787,2966.9601,3038.1981
111639000,2967.5888,1943000,19694400,4456235100,44026092600,3006.8787,3006.8787,2966.8724,3038.1981
111644000,2966.952,3174800,31599200,4459409900,44057691800,3006.8787,3006.8787,2966.8724,3038.1981
111649000,2967.3191,2313200,24612700,4461723100,44082304500,3006.8787,3006.8787,2966.8724,3038.1981
111654000,2966.8849,2040300,24540300,4463763400,44106844800,3006.8787,3006.8787,2966.6997,3038.1981
111659000,2966.409,2832400,29095500,4466595800,44135940300,3006.8787,3006.8787,2966.0727,3038.1981
111704000,2966.1409,1758400,22648300,4468354200,44158588600,3006.8787,3006.8787,2966.0462,3038.1981
111708000,2966.2023,1458900,18072000,4469813100,44176660600,3006.8787,3006.8787,2966.0462,3038.1981
111714000,2965.7807,2896300,32737700,4472709400,44209398300,3006.8787,3006.8787,2965.7807,3038.1981
111719000,2965.9657,2075200,20223200,4474784600,44229621500,3006.8787,3006.8787,2965.7807,3038.1981
111724000,2965.8667,1981000,22402400,4476765600,44252023900,3006.8787,3006.8787,2965.7807,3038.1981
111729000,2965.6329,3330400,29287000,4480096000,44281310900,3006.8787,3006.8787,2965.6329,3038.1981
111734000,2965.7853,4386000,33414900,4484482000,44314725800,3006.8787,3006.8787,2965.6329,3038.1981
111738000,2965.7647,1298900,14407900,4485780900,44329133700,3006.8787,3006.8787,2965.54,3038.1981
111744000,2965.4919,4434400,37875500,4490215300,44367009200,3006.8787,3006.8787,2965.4576,3038.1981
111749000,2965.3012,2569400,21273900,4492784700,44388283100,3006.8787,3006.8787,2965.3012,3038.1981
111754000,2965.5619,2813800,19893300,4495598500,44408176400,3006.8787,3006.8787,2965.3012,3038.1981
111759000,2965.3955,2233000,22924600,4497831500,44431101000,3006.8787,3006.8787,2964.9802,3038.1981
111804000,2964.875,1990200,19523700,4499821700,44450624700,3006.8787,3006.8787,2964.875,3038.1981
111809000,2965.4337,1352100,14289900,4501173800,44464914600,3006.8787,3006.8787,2964.875,3038.1981
111814000,2965.9172,2843600,22329100,4504017400,44487243700,3006.8787,3006.8787,2964.875,3038.1981
111819000,2965.5068,1364300,14068900,4505381700,44501312600,3006.8787,3006.8787,2964.875,3038.1981
111823000,2965.7639,1985500,22172600,4507367200,44523485200,3006.8787,3006.8787,2964.875,3038.1981
111829000,2965.1636,2586800,26680300,4509954000,44550165500,3006.8787,3006.8787,2964.875,3038.1981
111834000,2965.6057,1695000,17804500,4511649000,44567970000,3006.8787,3006.8787,2964.875,3038.1981
111838000,2965.7724,2255200,20645800,4513904200,44588615800,3006.8787,3006.8787,2964.875,3038.1981
111844000,2966.6675,3188800,34761800,4517093000,44623377600,3006.8787,3006.8787,2964.875,3038.1981
111849000,2966.0247,1539900,18482200,4518632900,44641859800,3006.8787,3006.8787,2964.875,3038.1981
111853000,2966.6944,2776400,28158800,4521409300,44670018600,3006.8787,3006.8787,2964.875,3038.1981
111859000,2966.8621,2740300,31665900,4524149600,44701684500,3006.8787,3006.8787,2964.875,3038.1981
111904000,2966.8023,2374800,23496300,4526524400,44725180800,3006.8787,3006.8787,2964.875,3038.1981
111908000,2966.9068,1584400,13353700,4528108800,44738534500,3006.8787,3006.8787,2964.875,3038.1981
111914000,2966.8265,3460100,19276900,4531568900,44757811400,3006.8787,3006.8787,2964.875,3038.1981
111919000,2966.9098,1113700,10906300,4532682600,44768717700,3006.8787,3006.8787,2964.875,3038.1981
111923000,2966.901,1671400,19974100,4534354000,44788691800,3006.8787,3006.8787,2964.875,3038.1981
111929000,2966.6347,2320200,21800800,4536674200,44810492600,3006.8787,3006.8787,2964.875,3038.1981
111934000,2966.6606,2070600,15886200,4538744800,44826378800,3006.8787,3006.8787,2964.875,3038.1981
111938000,2966.8353,1566500,12683700,4540311300,44839062500,3006.8787,3006.8787,2964.875,3038.1981
111944000,2966.3781,2277300,21186500,4542588600,44860249000,3006.8787,3006.8787,2964.875,3038.1981
111949000,2966.574,1284900,12797800,4543873500,44873046800,3006.8787,3006.8787,2964.875,3038.1981
111953000,2966.4236,1939500,23595200,4545813000,44896642000,3006.8787,3006.8787,2964.875,3038.1981
111959000,2966.2055,1696500,18680200,4547509500,44915322200,3006.8787,3006.8787,2964.875,3038.1981
112004000,2966.4391,1860100,14991000,4549369600,44930313200,3006.8787,3006.8787,2964.875,3038.1981
112008000,2966.3072,994700,10728800,4550364300,44941042000,3006.8787,3006.8787,2964.875,3038.1981
112014000,2966.2391,2368800,18053200,4552733100,44959095200,3006.8787,3006.8787,2964.875,3038.1981
112019000,2966.3792,1593700,18011100,4554326800,44977106300,3006.8787,3006.8787,2964.875,3038.1981
112023000,2967.1547,1490900,15620100,4555817700,44992726400,3006.8787,3006.8787,2964.875,3038.1981
112029000,2966.6059,2503000,20732900,4558320700,45013459300,3006.8787,3006.8787,2964.875,3038.1981
112034000,2967.0137,1631400,16786900,4559952100,45030246200,3006.8787,3006.8787,2964.875,3038.1981
112038000,2966.7811,1651100,12314700,4561603200,45042560900,3006.8787,3006.8787,2964.875,3038.1981
112044000,2967.0593,1851100,17584900,4563454300,45060145800,3006.8787,3006.8787,2964.875,3038.1981
112049000,2966.4133,1088400,12295100,4564542700,45072440900,3006.8787,3006.8787,2964.875,3038.1981
112053000,2966.8313,1611000,16312400,4566153700,45088753300,3006.8787,3006.8787,2964.875,3038.1981
112059000,2966.8312,1644300,21526600,4567798000,45110279900,3006.8787,3006.8787,2964.875,3038.1981
112104000,2966.7385,3270100,28447500,4571068100,45138727400,3006.8787,3006.8787,2964.875,3038.1981
112108000,2966.6792,1023300,8987600,4572091400,45147715000,3006.8787,3006.8787,2964.875,3038.1981
112114000,2966.9989,2075300,16630500,4574166700,45164345500,3006.8787,3006.8787,2964.875,3038.1981
112119000,2966.6479,1080100,12304600,4575246800,45176650100,3006.8787,3006.8787,2964.875,3038.1981
112123000,2967.0732,1646200,13889700,4576893000,45190539800,3006.8787,3006.8787,2964.875,3038.1981
112129000,2966.9882,1925900,22214900,4578818900,45212754700,3006.8787,3006.8787,2964.875,3038.1981
112134000,2966.9538,1674600,16429600,4580493500,45229184300,3006.8787,3006.8787,2964.875,3038.1981
112138000,2967.7265,2282700,17833000,4582776200,45247017300,3006.8787,3006.8787,2964.875,3038.1981
112144000,2967.3534,2463900,21881800,4585240100,45268899100,3006.8787,3006.8787,2964.875,3038.1981
112149000,2966.8212,1108000,12573800,4586348100,45281472900,3006.8787,3006.8787,2964.875,3038.1981
112153000,2966.9811,1518000,13268800,4587866100,45294741700,3006.8787,3006.8787,2964.875,3038.1981
112159000,2967.2162,1464000,17147300,4589330100,45311889000,3006.8787,3006.8787,2964.875,3038.1981
112204000,2967.2107,1505400,14947500,4590835500,45326836500,3006.8787,3006.8787,2964.875,3038.1981
112209000,2967.2973,1190900,16339000,4592026400,45343175500,3006.8787,3006.8787,2964.875,3038.1981
112214000,2967.3231,2325200,15428000,4594351600,45358603500,3006.8787,3006.8787,2964.875,3038.1981
112219000,2967.4407,1751200,13900100,4596102800,45372503600,3006.8787,3006.8787,2964.875,3038.1981
112223000,2967.4134,1645900,15328700,4597748700,45387832300,3006.8787,3006.8787,2964.875,3038.1981
112229000,2967.6708,3268400,22979100,4601017100,45410811400,3006.8787,3006.8787,2964.875,3038.1981
112234000,2967.739,1730500,14881100,4602747600,45425692500,3006.8787,3006.8787,2964.875,3038.1981
112238000,2967.4424,975900,11491600,4603723500,45437184100,3006.8787,3006.8787,2964.875,3038.1981
112244000,2967.1341,1960100,20530600,4605683600,45457714700,3006.8787,3006.8787,2964.875,3038.1981
112249000,2967.3478,1329400,11428600,4607013000,45469143300,3006.8787,3006.8787,2964.875,3038.1981
112253000,2967.2333,1475100,19333900,4608488100,45488477200,3006.8787,3006.8787,2964.875,3038.1981
112259000,2967.3468,3819400,38694400,4612307500,45527171600,3006.8787,3006.8787,2964.875,3038.1981
112304000,2967.6394,1185500,13153000,4613493000,45540324600,3006.8787,3006.8787,2964.875,3038.1981
112308000,2967.0073,1305500,12720600,4614798500,45553045200,3006.8787,3006.8787,2964.875,3038.1981
112314000,2967.6182,1975700,18729800,4616774200,45571775000,3006.8787,3006.8787,2964.875,3038.1981
112319000,2967.6481,783200,8389700,4617557400,45580164700,3006.8787,3006.8787,2964.875,3038.1981
112323000,2967.5962,1234200,11948700,4618791600,45592113400,3006.8787,3006.8787,2964.875,3038.1981
112329000,2967.659,1399400,14639900,4620191000,45606753300,3006.8787,3006.8787,2964.875,3038.1981
112334000,2967.8603,962800,10506500,4621153800,45617259800,3006.8787,3006.8787,2964.875,3038.1981
112338000,2967.7185,860700,9903600,4622014500,45627163400,3006.8787,3006.8787,2964.875,3038.1981
112344000,2967.5233,2117600,23952000,4624132100,45651115400,3006.8787,3006.8787,2964.875,3038.1981
112349000,2967.8885,1745900,18015200,4625878000,45669130600,3006.8787,3006.8787,2964.875,3038.1981
112353000,2968.1393,1163900,11832900,4627041900,45680963500,3006.8787,3006.8787,2964.875,3038.1981
112359000,2968.3427,2242000,21154200,4629283900,45702117700,3006.8787,3006.8787,2964.875,3038.1981
112404000,2968.5686,1251200,15683600,4630535100,45717801300,3006.8787,3006.8787,2964.875,3038.1981
112409000,2968.8683,2707100,16740300,4633242200,45734541600,3006.8787,3006.8787,2964.875,3038.1981
112414000,2968.4691,1728800,19729800,4634971000,45754271400,3006.8787,3006.8787,2964.875,3038.1981
112419000,2968.4939,730400,9181100,4635701400,45763452500,3006.8787,3006.8787,2964.875,3038.1981
112423000,2968.5065,1683600,22583400,4637385000,45786035900,3006.8787,3006.8787,2964.875,3038.1981
112429000,2968.8609,1324800,15380000,4638709800,45801415900,3006.8787,3006.8787,2964.875,3038.1981
112434000,2968.8722,1245600,12248700,4639955400,45813664600,3006.8787,3006.8787,2964.875,3038.1981
112439000,2968.6715,908400,10245600,4640863800,45823910200,3006.8787,3006.8787,2964.875,3038.1981
112444000,2969.0739,1899100,20040300,4642762900,45843950500,3006.8787,3006.8787,2964.875,3038.1981
112449000,2969.1849,1187900,14787800,4643950800,45858738300,3006.8787,3006.8787,2964.875,3038.1981
112453000,2968.8783,1596500,15781400,4645547300,45874519700,3006.8787,3006.8787,2964.875,3038.1981
112459000,2968.645,1844700,18825900,4647392000,45893345600,3006.8787,3006.8787,2964.875,3038.1981
112504000,2969.1392,2952600,23452600,4650344600,45916798200,3006.8787,3006.8787,2964.875,3038.1981
112508000,2968.9948,1902400,16392000,4652247000,45933190200,3006.8787,3006.8787,2964.875,3038.1981
112514000,2968.8234,1797000,17741800,4654044000,45950932000,3006.8787,3006.8787,2964.875,3038.1981
112519000,2968.5672,1317200,13119600,4655361200,45964051600,3006.8787,3006.8787,2964.875,3038.1981
112523000,2968.2511,2092800,18014900,4657454000,45982066500,3006.8787,3006.8787,2964.875,3038.1981
112529000,2968.8504,1730200,17792500,4659184200,45999859000,3006.8787,3006.8787,2964.875,3038.1981
112534000,2968.7023,1655100,17419300,4660839300,46017278300,3006.8787,3006.8787,2964.875,3038.1981
112538000,2968.8014,1051800,9802600,4661891100,46027080900,3006.8787,3006.8787,2964.875,3038.1981
112544000,2968.6698,2820100,28080600,4664711200,46055161500,3006.8787,3006.8787,2964.875,3038.1981
112549000,2968.2203,1033600,12369200,4665744800,46067530700,3006.8787,3006.8787,2964.875,3038.1981
112553000,2968.2806,1281900,15111200,4667026700,46082641900,3006.8787,3006.8787,2964.875,3038.1981
112559000,2968.2439,1300900,18110200,4668327600,46100752100,3006.8787,3006.8787,2964.875,3038.1981
112604000,2968.2395,1231500,11834200,4669559100,46112586300,3006.8787,3006.8787,2964.875,3038.1981
112609000,2968.3918,925800,10556900,4670484900,46123143200,3006.8787,3006.8787,2964.875,3038.1981
112614000,2968.519,2378400,31274000,4672863300,46154417200,3006.8787,3006.8787,2964.875,3038.1981
112619000,2968.3433,2021700,22224900,4674885000,46176642100,3006.8787,3006.8787,2964.875,3038.1981
112623000,2968.3132,1566700,15766900,4676451700,46192409000,3006.8787,3006.8787,2964.875,3038.1981
112629000,2968.2466,1392900,16226600,4677844600,46208635600,3006.8787,3006.8787,2964.875,3038.1981
112634000,2968.4642,1266500,16391200,4679111100,46225026800,3006.8787,3006.8787,2964.875,3038.1981
112638000,2968.4084,1656300,19239300,4680767400,46244266100,3006.8787,3006.8787,2964.875,3038.1981
112644000,2968.1042,2568800,27280900,4683336200,46271547000,3006.8787,3006.8787,2964.875,3038.1981
112649000,2967.9321,1115200,10183100,4684451400,46281730100,3006.8787,3006.8787,2964.875,3038.1981
112653000,2968.2851,1105200,10710200,4685556600,46292440300,3006.8787,3006.8787,2964.875,3038.1981
112659000,2968.2442,1673700,19660300,4687230300,46312100600,3006.8787,3006.8787,2964.875,3038.1981
112704000,2968.1705,1713200,17031800,4688943500,46329132400,3006.8787,3006.8787,2964.875,3038.1981
112708000,2968.258,1325400,11725200,4690268900,46340857600,3006.8787,3006.8787,2964.875,3038.1981
112714000,2967.53,1717900,15851700,4691986800,46356709300,3006.8787,3006.8787,2964.875,3038.1981
112719000,2967.805,850800,9626200,4692837600,46366335500,3006.8787,3006.8787,2964.875,3038.1981
112723000,2968.1811,1404400,18930000,4694242000,46385265500,3006.8787,3006.8787,2964.875,3038.1981
112729000,2968.6502,1956200,18008100,4696198200,46403273600,3006.8787,3006.8787,2964.875,3038.1981
112734000,2968.6986,1220700,11769400,4697418900,46415043000,3006.8787,3006.8787,2964.875,3038.1981
112738000,2968.319,1073400,10925300,4698492300,46425968300,3006.8787,3006.8787,2964.875,3038.1981
112744000,2968.3727,2221100,20439200,4700713400,46446407500,3006.8787,3006.8787,2964.875,3038.1981
112749000,2967.4199,1067000,10744100,4701780400,46457151600,3006.8787,3006.8787,2964.875,3038.1981
112753000,2968.0736,1275000,17273500,4703055400,46474425100,3006.8787,3006.8787,2964.875,3038.1981
112759000,2968.1678,1228200,14226800,4704283600,46488651900,3006.8787,3006.8787,2964.875,3038.1981
112804000,2968.0961,981500,10727400,4705265100,46499379300,3006.8787,3006.8787,2964.875,3038.1981
112809000,2968.154,846900,7775600,4706112000,46507154900,3006.8787,3006.8787,2964.875,3038.1981
112814000,2968.7156,953200,9805900,4707065200,46516960800,3006.8787,3006.8787,2964.875,3038.1981
112819000,2968.7922,531800,6406400,4707597000,46523367200,3006.8787,3006.8787,2964.875,3038.1981
112823000,2968.7626,1145300,14328000,4708742300,46537695200,3006.8787,3006.8787,2964.875,3038.1981
112829000,2968.519,1376300,15272600,4710118600,46552967800,3006.8787,3006.8787,2964.875,3038.1981
112834000,2968.6369,1092400,11819100,4711211000,46564786900,3006.8787,3006.8787,2964.875,3038.1981
112839000,2968.8794,575000,6465200,4711786000,46571252100,3006.8787,3006.8787,2964.875,3038.1981
112844000,2968.9563,1647900,16002300,4713433900,46587254400,3006.8787,3006.8787,2964.875,3038.1981
112849000,2969.0178,1106300,10604900,4714540200,46597859300,3006.8787,3006.8787,2964.875,3038.1981
112853000,2969.062,788800,8397100,4715329000,46606256400,3006.8787,3006.8787,2964.875,3038.1981
112859000,2969.1751,1243700,14398800,4716572700,46620655200,3006.8787,3006.8787,2964.875,3038.1981
112904000,2968.9613,1314000,12966600,4717886700,46633621800,3006.8787,3006.8787,2964.875,3038.1981
112909000,2969.0956,708100,7370000,4718594800,46640991800,3006.8787,3006.8787,2964.875,3038.1981
112914000,2968.9702,1091800,13414700,4719686600,46654406500,3006.8787,3006.8787,2964.875,3038.1981
112919000,2969.4912,879700,9600800,4720566300,46664007300,3006.8787,3006.8787,2964.875,3038.1981
112923000,2969.1621,1118800,10856600,4721685100,46674863900,3006.8787,3006.8787,2964.875,3038.1981
112929000,2969.0776,1144200,15553200,4722829300,46690417100,3006.8787,3006.8787,2964.875,3038.1981
112934000,2969.327,1340600,11896200,4724169900,46702313300,3006.8787,3006.8787,2964.875,3038.1981
112938000,2969.6709,792800,9196400,4724962700,46711509700,3006.8787,3006.8787,2964.875,3038.1981
112944000,2969.6802,1590100,14908000,4726552800,46726417700,3006.8787,3006.8787,2964.875,3038.1981
112949000,2968.7852,1342200,11442700,4727895000,46737860400,3006.8787,3006.8787,2964.875,3038.1981
112953000,2968.9352,1685600,15744500,4729580600,46753604900,3006.8787,3006.8787,2964.875,3038.1981
112959000,2969.1399,988600,9854300,4730569200,46763459200,3006.8787,3006.8787,2964.875,3038.1981
113004000,2968.9903,10600,167700,4730579800,46763626900,3006.8787,3006.8787,2964.875,3038.1981
113004000,2969.0,0,0,4730579800,46763626900,3006.8787,3006.8787,2964.875,3038.1981
125954000,2969.0,9311300,80774900,4739891100,46844401800,3006.8787,3006.8787,2964.875,3038.1981
130004000,2969.966,28297000,245167800,4768188100,47089569600,3006.8787,3006.8787,2964.875,3038.1981
130009000,2969.1787,1355800,11527500,4769543900,47101097100,3006.8787,3006.8787,2964.875,3038.1981
130014000,2969.5038,1236800,12127800,4770780700,47113224900,3006.8787,3006.8787,2964.875,3038.1981
130019000,2970.0791,859300,9798300,4771640000,47123023200,3006.8787,3006.8787,2964.875,3038.1981
130024000,2969.6185,1172800,12180700,4772812800,47135203900,3006.8787,3006.8787,2964.875,3038.1981
130029000,2969.7903,1037900,12214100,4773850700,47147418000,3006.8787,3006.8787,2964.875,3038.1981
130034000,2969.3337,1445100,17194800,4775295800,47164612800,3006.8787,3006.8787,2964.875,3038.1981
130039000,2968.8842,1189800,10994900,4776485600,47175607700,3006.8787,3006.8787,2964.875,3038.1981
130044000,2968.8354,1223200,12420400,4777708800,47188028100,3006.8787,3006.8787,2964.875,3038.1981
130049000,2969.6671,999000,10121700,4778707800,47198149800,3006.8787,3006.8787,2964.875,3038.1981
130054000,2968.9767,1122800,12482400,4779830600,47210632200,3006.8787,3006.8787,2964.875,3038.1981
130059000,2968.9297,1073700,11931500,4780904300,47222563700,3006.8787,3006.8787,2964.875,3038.1981
130104000,2969.2196,1099600,11121800,4782003900,47233685500,3006.8787,3006.8787,2964.875,3038.1981
130109000,2968.9822,1101900,10323000,4783105800,47244008500,3006.8787,3006.8787,2964.875,3038.1981
130114000,2969.0345,1596200,14433600,4784702000,47258442100,3006.8787,3006.8787,2964.875,3038.1981
130119000,2969.2789,554600,7104200,4785256600,47265546300,3006.8787,3006.8787,2964.875,3038.1981
130124000,2969.4363,956600,10368100,4786213200,47275914400,3006.8787,3006.8787,2964.875,3038.1981
130129000,2969.476,994900,8906300,4787208100,47284820700,3006.8787,3006.8787,2964.875,3038.1981
130134000,2969.2159,881200,11003900,4788089300,47295824600,3006.8787,3006.8787,2964.875,3038.1981
130139000,2969.5097,777900,10232600,4788867200,47306057200,3006.8787,3006.8787,2964.875,3038.1981
130144000,2969.2649,1323800,13097900,4790191000,47319155100,3006.8787,3006.8787,2964.875,3038.1981
130149000,2968.4368,1328300,12399400,4791519300,47331554500,3006.8787,3006.8787,2964.875,3038.1981
130154000,2968.7673,699100,10451200,4792218400,47342005700,3006.8787,3006.8787,2964.875,3038.1981
130159000,2969.158,1589900,16253000,4793808300,47358258700,3006.8787,3006.8787,2964.875,3038.1981
130204000,2968.9016,1337100,13543200,4795145400,47371801900,3006.8787,3006.8787,2964.875,3038.1981
130209000,2968.7489,753800,8795200,4795899200,47380597100,3006.8787,3006.8787,2964.875,3038.1981
130214000,2968.8922,818500,10797300,4796717700,47391394400,3006.8787,3006.8787,2964.875,3038.1981
130219000,2968.7637,720100,7703100,4797437800,47399097500,3006.8787,3006.8787,2964.875,3038.1981
130224000,2969.1121,883800,10626400,4798321600,47409723900,3006.8787,3006.8787,2964.875,3038.1981
130229000,2969.1438,813800,10632500,4799135400,47420356400,3006.8787,3006.8787,2964.875,3038.1981
130234000,2969.0818,946900,12210300,4800082300,47432566700,3006.8787,3006.8787,2964.875,3038.1981
130239000,2969.1851,963800,8517300,4801046100,47441084000,3006.8787,3006.8787,2964.875,3038.1981
130244000,2969.4784,1646900,15951400,4802693000,47457035400,3006.8787,3006.8787,2964.875,3038.1981
130249000,2969.3513,1415100,14795900,4804108100,47471831300,3006.8787,3006.8787,2964.875,3038.1981
130254000,2968.6863,979000,10642300,4805087100,47482473600,3006.8787,3006.8787,2964.875,3038.1981
130259000,2969.3673,1203900,12507400,4806291000,47494981000,3006.8787,3006.8787,2964.875,3038.1981
130304000,2969.1563,1270100,16822800,4807561100,47511803800,3006.8787,3006.8787,2964.875,3038.1981
130309000,2969.1079,749400,8963700,4808310500,47520767500,3006.8787,3006.8787,2964.875,3038.1981
130314000,2968.8165,1357300,11150200,4809667800,47531917700,3006.8787,3006.8787,2964.875,3038.1981
130319000,2968.9282,1251900,14019100,4810919700,47545936800,3006.8787,3006.8787,2964.875,3038.1981
130324000,2969.0631,1318500,13700900,4812238200,47559637700,3006.8787,3006.8787,2964.875,3038.1981
130329000,2969.5368,1258000,12206100,4813496200,47571843800,3006.8787,3006.8787,2964.875,3038.1981
130334000,2969.3981,1578900,12181000,4815075100,47584024800,3006.8787,3006.8787,2964.875,3038.1981
130339000,2969.6394,573900,6351200,4815649000,47590376000,3006.8787,3006.8787,2964.875,3038.1981
130344000,2969.6127,1349100,14417600,4816998100,47604793600,3006.8787,3006.8787,2964.875,3038.1981
130349000,2968.8011,1408100,13695700,4818406200,47618489300,3006.8787,3006.8787,2964.875,3038.1981
130354000,2969.513,1077500,12208300,4819483700,47630697600,3006.8787,3006.8787,2964.875,3038.1981
130359000,2970.1398,1907300,26148500,4821391000,47656846100,3006.8787,3006.8787,2964.875,3038.1981
130404000,2970.4192,1261400,12709800,4822652400,47669555900,3006.8787,3006.8787,2964.875,3038.1981
130409000,2969.6139,765700,8122300,4823418100,47677678200,3006.8787,3006.8787,2964.875,3038.1981
130414000,2969.8453,1514800,12697800,4824932900,47690376000,3006.8787,3006.8787,2964.875,3038.1981
130419000,2970.2013,1163300,12050100,4826096200,47702426100,3006.8787,3006.8787,2964.875,3038.1981
130424000,2970.4247,1383700,14345600,4827479900,47716771700,3006.8787,3006.8787,2964.875,3038.1981
130429000,2970.5113,1108200,12589800,4828588100,47729361500,3006.8787,3006.8787,2964.875,3038.1981
130434000,2969.8158,1061700,9910700,4829649800,47739272200,3006.8787,3006.8787,2964.875,3038.1981
130439000,2970.1423,911500,9192500,4830561300,47748464700,3006.8787,3006.8787,2964.875,3038.1981
130444000,2970.0679,1481700,14377900,4832043000,47762842600,3006.8787,3006.8787,2964.875,3038.1981
130449000,2970.471,2009500,14734500,4834052500,47777577100,3006.8787,3006.8787,2964.875,3038.1981
130454000,2969.7292,929000,12043600,4834981500,47789620700,3006.8787,3006.8787,2964.875,3038.1981
130459000,2970.2214,2142800,18616700,4837124300,47808237400,3006.8787,3006.8787,2964.875,3038.1981
130504000,2970.0597,1310100,12930300,4838434400,47821167700,3006.8787,3006.8787,2964.875,3038.1981
130509000,2970.5651,794000,8489300,4839228400,47829657000,3006.8787,3006.8787,2964.875,3038.1981
130514000,2970.5706,1939600,14172600,4841168000,47843829600,3006.8787,3006.8787,2964.875,3038.1981
130519000,2970.4525,1344100,12607700,4842512100,47856437300,3006.8787,3006.8787,2964.875,3038.1981
130524000,2970.6209,1784500,16974500,4844296600,47873411800,3006.8787,3006.8787,2964.875,3038.1981
130529000,2970.9444,1048100,13096300,4845344700,47886508100,3006.8787,3006.8787,2964.875,3038.1981
130534000,2971.222,1322800,15159000,4846667500,47901667100,3006.8787,3006.8787,2964.875,3038.1981
130539000,2971.4502,2177800,17665700,4848845300,47919332800,3006.8787,3006.8787,2964.875,3038.1981
130544000,2971.4789,1931400,16921100,4850776700,47936253900,3006.8787,3006.8787,2964.875,3038.1981
130549000,2970.2933,2185300,18993400,4852962000,47955247300,3006.8787,3006.8787,2964.875,3038.1981
130554000,2970.7237,1222600,13232600,4854184600,47968479900,3006.8787,3006.8787,2964.875,3038.1981
130559000,2970.3291,1406800,14294900,4855591400,47982774800,3006.8787,3006.8787,2964.875,3038.1981
130604000,2970.2188,1686300,15639100,4857277700,47998413900,3006.8787,3006.8787,2964.875,3038.1981
130609000,2970.6049,914800,11957000,4858192500,48010370900,3006.8787,3006.8787,2964.875,3038.1981
130614000,2970.6809,954200,11333800,4859146700,48021704700,3006.8787,3006.8787,2964.875,3038.1981
130619000,2971.0365,1696100,18481100,4860842800,48040185800,3006.8787,3006.8787,2964.875,3038.1981
130624000,2971.2522,1642600,13710900,4862485400,48053896700,3006.8787,3006.8787,2964.875,3038.1981
130629000,2971.0018,1467000,12444100,4863952400,48066340800,3006.8787,3006.8787,2964.875,3038.1981
130634000,2971.3258,1057800,11658200,4865010200,48077999000,3006.8787,3006.8787,2964.875,3038.1981
130639000,2971.1004,1044600,10137300,4866054800,48088136300,3006.8787,3006.8787,2964.875,3038.1981
130644000,2971.5167,1438900,18136400,4867493700,48106272700,3006.8787,3006.8787,2964.875,3038.1981
130649000,2971.8486,1612400,13172000,4869106100,48119444700,3006.8787,3006.8787,2964.875,3038.1981
130654000,2971.4921,2863300,20076700,4871969400,48139521400,3006.8787,3006.8787,2964.875,3038.1981
130659000,2971.4896,1888000,17835900,4873857400,48157357300,3006.8787,3006.8787,2964.875,3038.1981
130704000,2972.0264,2193100,20629500,4876050500,48177986800,3006.8787,3006.8787,2964.875,3038.1981
130709000,2971.9632,924500,9585300,4876975000,48187572100,3006.8787,3006.8787,2964.875,3038.1981
130714000,2971.965,1829400,15355400,4878804400,48202927500,3006.8787,3006.8787,2964.875,3038.1981
130719000,2971.8199,1091600,10708300,4879896000,48213635800,3006.8787,3006.8787,2964.875,3038.1981
130724000,2972.386,1537300,14555100,4881433300,48228190900,3006.8787,3006.8787,2964.875,3038.1981
130729000,2972.359,1070400,12464500,4882503700,48240655400,3006.8787,3006.8787,2964.875,3038.1981
130734000,2972.3848,1474800,14763400,4883978500,48255418800,3006.8787,3006.8787,2964.875,3038.1981
130739000,2972.7033,1911300,16187400,4885889800,48271606200,3006.8787,3006.8787,2964.875,3038.1981
130744000,2972.7372,1723100,17897500,4887612900,48289503700,3006.8787,3006.8787,2964.875,3038.1981
130749000,2971.7765,2110500,18980000,4889723400,48308483700,3006.8787,3006.8787,2964.875,3038.1981
130754000,2971.4309,1575500,17366800,4891298900,48325850500,3006.8787,3006.8787,2964.875,3038.1981
130759000,2971.6378,1776300,19196500,4893075200,48345047000,3006.8787,3006.8787,2964.875,3038.1981
130804000,2972.0959,1650100,14045800,4894725300,48359092800,3006.8787,3006.8787,2964.875,3038.1981
130809000,2972.2944,1113400,13317000,4895838700,48372409800,3006.8787,3006.8787,2964.875,3038.1981
130814000,2972.219,1240200,14899100,4897078900,48387308900,3006.8787,3006.8787,2964.875,3038.1981
130819000,2972.2162,1222300,12135300,4898301200,48399444200,3006.8787,3006.8787,2964.875,3038.1981
130824000,2971.9934,1347600,16757800,4899648800,48416202000,3006.8787,3006.8787,2964.875,3038.1981
130829000,2972.5021,1303400,12872300,4900952200,48429074300,3006.8787,3006.8787,2964.875,3038.1981
130834000,2972.1654,1765400,16258300,4902717600,48445332600,3006.8787,3006.8787,2964.875,3038.1981
130839000,2972.42,991900,7706700,4903709500,48453039300,3006.8787,3006.8787,2964.875,3038.1981
130844000,2972.5323,1942700,20227900,4905652200,48473267200,3006.8787,3006.8787,2964.875,3038.1981
130849000,2972.9786,1939500,15257700,4907591700,48488524900,3006.8787,3006.8787,2964.875,3038.1981
130854000,2972.9036,1325000,12095100,4908916700,48500620000,3006.8787,3006.8787,2964.875,3038.1981
130859000,2972.7847,1508700,14237300,4910425400,48514857300,3006.8787,3006.8787,2964.875,3038.1981
130904000,2973.2804,1409100,14657600,4911834500,48529514900,3006.8787,3006.8787,2964.875,3038.1981
130909000,2973.004,770000,10133500,4912604500,48539648400,3006.8787,3006.8787,2964.875,3038.1981
130914000,2973.4228,1034400,11648200,4913638900,48551296600,3006.8787,3006.8787,2964.875,3038.1981
130919000,2973.6886,1166000,11130700,4914804900,48562427300,3006.8787,3006.8787,2964.875,3038.1981
130924000,2973.4787,1230200,10969400,4916035100,48573396700,3006.8787,3006.8787,2964.875,3038.1981
130929000,2973.6418,1102800,10664400,4917137900,48584061100,3006.8787,3006.8787,2964.875,3038.1981
130934000,2973.7817,1224200,14622800,4918362100,48598683900,3006.8787,3006.8787,2964.875,3038.1981
130939000,2973.6886,1541800,13821600,4919903900,48612505500,3006.8787,3006.8787,2964.875,3038.1981
130944000,2973.4571,1354700,15753000,4921258600,48628258500,3006.8787,3006.8787,2964.875,3038.1981
130949000,2973.3789,1354700,13789000,4922613300,48642047500,3006.8787,3006.8787,2964.875,3038.1981
130954000,2973.5256,1175900,10324100,4923789200,48652371600,3006.8787,3006.8787,2964.875,3038.1981
130959000,2974.7418,1312100,15915200,4925101300,48668286800,3006.8787,3006.8787,2964.875,3038.1981
131004000,2974.1438,1731600,17029000,4926832900,48685315800,3006.8787,3006.8787,2964.875,3038.1981
131009000,2974.1658,912300,9643100,4927745200,48694958900,3006.8787,3006.8787,2964.875,3038.1981
131014000,2975.2628,2867400,25904500,4930612600,48720863400,3006.8787,3006.8787,2964.875,3038.1981
131019000,2976.0028,1159500,12344700,4931772100,48733208100,3006.8787,3006.8787,2964.875,3038.1981
131024000,2976.0935,1922900,19863700,4933695000,48753071800,3006.8787,3006.8787,2964.875,3038.1981
131029000,2976.5059,2361100,24460400,4936056100,48777532200,3006.8787,3006.8787,2964.875,3038.1981
131034000,2976.6613,2059600,22658900,4938115700,48800191100,3006.8787,3006.8787,2964.875,3038.1981
131039000,2976.3974,1860600,14948800,4939976300,48815139900,3006.8787,3006.8787,2964.875,3038.1981
131044000,2976.7977,1812900,19331300,4941789200,48834471200,3006.8787,3006.8787,2964.875,3038.1981
131049000,2976.7939,2069200,17651000,4943858400,48852122200,3006.8787,3006.8787,2964.875,3038.1981
131054000,2977.1791,2356600,20537200,4946215000,48872659400,3006.8787,3006.8787,2964.875,3038.1981
131059000,2976.6862,1740300,19866700,4947955300,48892526100,3006.8787,3006.8787,2964.875,3038.1981
131104000,2976.7443,3419300,28300200,4951374600,48920826300,3006.8787,3006.8787,2964.875,3038.1981
131109000,2976.9291,1371700,12214600,4952746300,48933040900,3006.8787,3006.8787,2964.875,3038.1981
131114000,2977.085,1201900,15869600,4953948200,48948910500,3006.8787,3006.8787,2964.875,3038.1981
131119000,2977.5606,1834500,18712600,4955782700,48967623100,3006.8787,3006.8787,2964.875,3038.1981
131124000,2977.9479,1355900,16649400,4957138600,48984272500,3006.8787,3006.8787,2964.875,3038.1981
131129000,2977.7466,1733500,17880500,4958872100,49002153000,3006.8787,3006.8787,2964.875,3038.1981
131134000,2977.6,2276400,20400800,4961148500,49022553800,3006.8787,3006.8787,2964.875,3038.1981
131139000,2977.7618,1066500,10342600,4962215000,49032896400,3006.8787,3006.8787,2964.875,3038.1981
131144000,2978.0464,2070900,19813000,4964285900,49052709400,3006.8787,3006.8787,2964.875,3038.1981
131149000,2977.2641,1818700,18062900,4966104600,49070772300,3006.8787,3006.8787,2964.875,3038.1981
131154000,2977.5582,1350900,14390200,4967455500,49085162500,3006.8787,3006.8787,2964.875,3038.1981
131159000,2977.6559,1811400,18180400,4969266900,49103342900,3006.8787,3006.8787,2964.875,3038.1981
131204000,2977.5593,2052700,18116400,4971319600,49121459300,3006.8787,3006.8787,2964.875,3038.1981
131209000,2977.8123,956200,11209300,4972275800,49132668600,3006.8787,3006.8787,2964.875,3038.1981
131214000,2977.9541,1345900,18897700,4973621700,49151566300,3006.8787,3006.8787,2964.875,3038.1981
131219000,2977.6117,2440200,13240000,4976061900,49164806300,3006.8787,3006.8787,2964.875,3038.1981
131224000,2978.0607,2432400,19432600,4978494300,49184238900,3006.8787,3006.8787,2964.875,3038.1981
131229000,2978.1889,1668500,18843700,4980162800,49203082600,3006.8787,3006.8787,2964.875,3038.1981
131234000,2978.0187,1008100,11388900,4981170900,49214471500,3006.8787,3006.8787,2964.875,3038.1981
131239000,2977.886,1380200,11216500,4982551100,49225688000,3006.8787,3006.8787,2964.875,3038.1981
131244000,2978.0881,1815400,17103300,4984366500,49242791300,3006.8787,3006.8787,2964.875,3038.1981
131249000,2978.1721,2198100,15541000,4986564600,49258332300,3006.8787,3006.8787,2964.875,3038.1981
131254000,2977.9812,1198000,13992100,4987762600,49272324400,3006.8787,3006.8787,2964.875,3038.1981
131259000,2978.0912,1694700,17679100,4989457300,49290003500,3006.8787,3006.8787,2964.875,3038.1981
131304000,2978.0256,2037700,22430600,4991495000,49312434100,3006.8787,3006.8787,2964.875,3038.1981
131309000,2978.7061,1195900,13123400,4992690900,49325557500,3006.8787,3006.8787,2964.875,3038.1981
131314000,2978.5582,1468300,15462400,4994159200,49341019900,3006.8787,3006.8787,2964.875,3038.1981
131319000,2978.5822,1644900,15314300,4995804100,49356334200,3006.8787,3006.8787,2964.875,3038.1981
131324000,2978.2104,1630600,16646500,4997434700,49372980700,3006.8787,3006.8787,2964.875,3038.1981
131329000,2978.1601,1340900,17043700,4998775600,49390024400,3006.8787,3006.8787,2964.875,3038.1981
131334000,2978.1287,1927800,25848800,5000703400,49415873200,3006.8787,3006.8787,2964.875,3038.1981
131339000,2978.2232,2079200,18238800,5002782600,49434112000,3006.8787,3006.8787,2964.875,3038.1981
131344000,2977.8755,1877400,17903700,5004660000,49452015700,3006.8787,3006.8787,2964.875,3038.1981
131349000,2977.0697,2062500,23003600,5006722500,49475019300,3006.8787,3006.8787,2964.875,3038.1981
131354000,2976.7701,1970600,21185500,5008693100,49496204800,3006.8787,3006.8787,2964.875,3038.1981
131359000,2976.7417,2146500,21345100,5010839600,49517549900,3006.8787,3006.8787,2964.875,3038.1981
131404000,2976.7889,2442900,21726300,5013282500,49539276200,3006.8787,3006.8787,2964.875,3038.1981
131409000,2976.7034,1531200,13195000,5014813700,49552471200,3006.8787,3006.8787,2964.875,3038.1981
131414000,2977.6842,1352300,14064600,5016166000,49566535800,3006.8787,3006.8787,2964.875,3038.1981
131419000,2977.4764,1218200,12656300,5017384200,49579192100,3006.8787,3006.8787,2964.875,3038.1981
131424000,2977.8023,1318000,13155800,5018702200,49592347900,3006.8787,3006.8787,2964.875,3038.1981
131429000,2977.7676,2280400,21588400,5020982600,49613936300,3006.8787,3006.8787,2964.875,3038.1981
131434000,2977.6027,1585500,18641500,5022568100,49632577800,3006.8787,3006.8787,2964.875,3038.1981
131439000,2977.8411,1936900,13750600,5024505000,49646328400,3006.8787,3006.8787,2964.875,3038.1981
131444000,2977.4899,1969500,16167200,5026474500,49662495600,3006.8787,3006.8787,2964.875,3038.1981
131449000,2978.075,1392300,14062200,5027866800,49676557800,3006.8787,3006.8787,2964.875,3038.1981
131454000,2977.7834,1708600,15334800,5029575400,49691892600,3006.8787,3006.8787,2964.875,3038.1981
131459000,2978.0219,1420600,14255700,5030996000,49706148300,3006.8787,3006.8787,2964.875,3038.1981
131504000,2977.6197,1731900,16620400,5032727900,49722768700,3006.8787,3006.8787,2964.875,3038.1981
131509000,2978.3544,1330600,15669600,5034058500,49738438300,3006.8787,3006.8787,2964.875,3038.1981
131514000,2977.7794,1797000,17519600,5035855500,49755957900,3006.8787,3006.8787,2964.875,3038.1981
131519000,2979.3631,2310800,20360100,5038166300,49776318000,3006.8787,3006.8787,2964.875,3038.1981
131524000,2980.0778,2070900,23776600,5040237200,49800094600,3006.8787,3006.8787,2964.875,3038.1981
131529000,2980.569,2899600,31073600,5043136800,49831168200,3006.8787,3006.8787,2964.875,3038.1981
131534000,2980.1472,2445200,29190300,5045582000,49860358500,3006.8787,3006.8787,2964.875,3038.1981
131539000,2979.9425,1630100,17316800,5047212100,49877675300,3006.8787,3006.8787,2964.875,3038.1981
131544000,2980.2764,3173500,25236000,5050385600,49902911300,3006.8787,3006.8787,2964.875,3038.1981
131549000,2979.3319,2208800,22265700,5052594400,49925177000,3006.8787,3006.8787,2964.875,3038.1981
131554000,2979.5739,2872200,27142700,5055466600,49952319700,3006.8787,3006.8787,2964.875,3038.1981
131559000,2980.2697,1854800,19941400,5057321400,49972261100,3006.8787,3006.8787,2964.875,3038.1981
131604000,2980.4791,2169800,23665000,5059491200,49995926100,3006.8787,3006.8787,2964.875,3038.1981
131609000,2981.0219,2007100,19419900,5061498300,50015346000,3006.8787,3006.8787,2964.875,3038.1981
131614000,2980.6283,1576400,17058400,5063074700,50032404400,3006.8787,3006.8787,2964.875,3038.1981
131619000,2980.8249,1613000,15075300,5064687700,50047479700,3006.8787,3006.8787,2964.875,3038.1981
131624000,2980.5725,1845900,19768100,5066533600,50067247800,3006.8787,3006.8787,2964.875,3038.1981
131629000,2981.2199,2166000,20705300,5068699600,50087953100,3006.8787,3006.8787,2964.875,3038.1981
131634000,2981.349,1674500,19811300,5070374100,50107764400,3006.8787,3006.8787,2964.875,3038.1981
131639000,2981.3566,1218200,13757800,5071592300,50121522200,3006.8787,3006.8787,2964.875,3038.1981
131644000,2981.1776,2601800,28697300,5074194100,50150219500,3006.8787,3006.8787,2964.875,3038.1981
131649000,2981.6252,1663700,17915200,5075857800,50168134700,3006.8787,3006.8787,2964.875,3038.1981
131654000,2981.3249,1533300,15245400,5077391100,50183380100,3006.8787,3006.8787,2964.875,3038.1981
131659000,2981.7654,1188500,15157800,5078579600,50198537900,3006.8787,3006.8787,2964.875,3038.1981
131704000,2981.5099,1748200,19922100,5080327800,50218460000,3006.8787,3006.8787,2964.875,3038.1981
131709000,2982.459,1746900,15609700,5082074700,50234069700,3006.8787,3006.8787,2964.875,3038.1981
131714000,2982.483,2079500,23873900,5084154200,50257943600,3006.8787,3006.8787,2964.875,3038.1981
131719000,2982.2635,1236800,13824800,5085391000,50271768400,3006.8787,3006.8787,2964.875,3038.1981
131724000,2981.9981,2547700,24171800,5087938700,50295940200,3006.8787,3006.8787,2964.875,3038.1981
131729000,2982.3218,1855800,18688300,5089794500,50314628500,3006.8787,3006.8787,2964.875,3038.1981
131734000,2982.1623,1633500,20351300,5091428000,50334979800,3006.8787,3006.8787,2964.875,3038.1981
131739000,2982.0283,1569300,18665900,5092997300,50353645700,3006.8787,3006.8787,2964.875,3038.1981
131744000,2982.2277,2308100,26949300,5095305400,50380595000,3006.8787,3006.8787,2964.875,3038.1981
131749000,2980.9381,2795600,28061200,5098101000,50408656200,3006.8787,3006.8787,2964.875,3038.1981
131754000,2981.6395,1370600,16637500,5099471600,50425293700,3006.8787,3006.8787,2964.875,3038.1981
131759000,2981.7168,1026700,14291000,5100498300,50439584700,3006.8787,3006.8787,2964.875,3038.1981
131804000,2981.9199,1666600,19705000,5102164900,50459289700,3006.8787,3006.8787,2964.875,3038.1981
131809000,2982.0233,1238500,12939400,5103403400,50472229100,3006.8787,3006.8787,2964.875,3038.1981
131814000,2981.8636,2383100,25031700,5105786500,50497260800,3006.8787,3006.8787,2964.875,3038.1981
131819000,2981.9188,2487000,15465700,5108273500,50512726500,3006.8787,3006.8787,2964.875,3038.1981
131824000,2982.1333,1688100,15101700,5109961600,50527828200,3006.8787,3006.8787,2964.875,3038.1981
131829000,2981.878,1940500,18808600,5111902100,50546636800,3006.8787,3006.8787,2964.875,3038.1981
131834000,2981.943,2487200,27402600,5114389300,50574039400,3006.8787,3006.8787,2964.875,3038.1981
131839000,2982.2175,1323500,15032100,5115712800,50589071500,3006.8787,3006.8787,2964.875,3038.1981
131844000,2981.9505,2450200,23155500,5118163000,50612227000,3006.8787,3006.8787,2964.875,3038.1981
131849000,2982.2224,1771500,21869100,5119934500,50634096100,3006.8787,3006.8787,2964.875,3038.1981
131854000,2981.7944,1527400,15298500,5121461900,50649394600,3006.8787,3006.8787,2964.875,3038.1981
131859000,2982.2497,1855800,16505100,5123317700,50665899700,3006.8787,3006.8787,2964.875,3038.1981
131904000,2982.1396,1892000,21155600,5125209700,50687055300,3006.8787,3006.8787,2964.875,3038.1981
131909000,2981.4718,1648700,15788600,5126858400,50702843900,3006.8787,3006.8787,2964.875,3038.1981
131914000,2982.2814,1372700,15873100,5128231100,50718717000,3006.8787,3006.8787,2964.875,3038.1981
131919000,2982.2591,1129000,13933600,5129360100,50732650600,3006.8787,3006.8787,2964.875,3038.1981
131924000,2982.3224,1332800,14866100,5130692900,50747516700,3006.8787,3006.8787,2964.875,3038.1981
131929000,2982.2022,1761000,20669500,5132453900,50768186200,3006.8787,3006.8787,2964.875,3038.1981
131934000,2982.4791,2074100,19114500,5134528000,50787300700,3006.8787,3006.8787,2964.875,3038.1981
131939000,2982.2696,1804500,16523500,5136332500,50803824200,3006.8787,3006.8787,2964.875,3038.1981
131944000,2981.8999,1921600,16103900,5138254100,50819928100,3006.8787,3006.8787,2964.875,3038.1981
131949000,2981.1643,2149300,26960800,5140403400,50846888900,3006.8787,3006.8787,2964.875,3038.1981
131954000,2981.4264,1703900,20336100,5142107300,50867225000,3006.8787,3006.8787,2964.875,3038.1981
131959000,2981.1233,2038900,21823400,5144146200,50889048400,3006.8787,3006.8787,2964.875,3038.1981
132004000,2980.5895,2426500,23742200,5146572700,50912790600,3006.8787,3006.8787,2964.875,3038.1981
132009000,2981.1297,1422600,16378000,5147995300,50929168600,3006.8787,3006.8787,2964.875,3038.1981
132014000,2981.0686,1925900,23335300,5149921200,50952503900,3006.8787,3006.8787,2964.875,3038.1981
132019000,2981.3452,766000,9827200,5150687200,50962331100,3006.8787,3006.8787,2964.875,3038.1981
132024000,2981.2228,1964100,23316200,5152651300,50985647300,3006.8787,3006.8787,2964.875,3038.1981
132029000,2981.3734,2402600,23371400,5155053900,51009018700,3006.8787,3006.8787,2964.875,3038.1981
132034000,2981.4484,2074700,25491000,5157128600,51034509700,3006.8787,3006.8787,2964.875,3038.1981
132039000,2981.2301,968400,10002600,5158097000,51044512300,3006.8787,3006.8787,2964.875,3038.1981
132044000,2981.2094,1971800,20114900,5160068800,51064627200,3006.8787,3006.8787,2964.875,3038.1981
132049000,2981.4149,2180000,20341000,5162248800,51084968200,3006.8787,3006.8787,2964.875,3038.1981
132054000,2981.1242,1316400,15946100,5163565200,51100914300,3006.8787,3006.8787,2964.875,3038.1981
132059000,2981.2571,2007100,23911600,5165572300,51124825900,3006.8787,3006.8787,2964.875,3038.1981
132104000,2981.4759,1726600,18820400,5167298900,51143646300,3006.8787,3006.8787,2964.875,3038.1981
132109000,2980.9905,914500,8726300,5168213400,51152372600,3006.8787,3006.8787,2964.875,3038.1981
132114000,2981.2688,1382900,14050700,5169596300,51166423300,3006.8787,3006.8787,2964.875,3038.1981
132119000,2980.915,981200,11164600,5170577500,51177587900,3006.8787,3006.8787,2964.875,3038.1981
132124000,2980.808,1525600,15925500,5172103100,51193513400,3006.8787,3006.8787,2964.875,3038.1981
132129000,2980.9782,2188400,22331800,5174291500,51215845200,3006.8787,3006.8787,2964.875,3038.1981
132134000,2981.0166,1879200,18202100,5176170700,51234047300,3006.8787,3006.8787,2964.875,3038.1981
132139000,2980.9381,1117400,11752300,5177288100,51245799600,3006.8787,3006.8787,2964.875,3038.1981
132144000,2980.8793,1712900,17892000,5179001000,51263691600,3006.8787,3006.8787,2964.875,3038.1981
132149000,2979.8525,2286500,22406500,5181287500,51286098100,3006.8787,3006.8787,2964.875,3038.1981
132154000,2980.7808,1444000,14266100,5182731500,51300364200,3006.8787,3006.8787,2964.875,3038.1981
132159000,2980.7696,1191900,15912600,5183923400,51316276800,3006.8787,3006.8787,2964.875,3038.1981
132204000,2980.4806,1709000,16731800,5185632400,51333008600,3006.8787,3006.8787,2964.875,3038.1981
132209000,2980.2821,1393200,13591000,5187025600,51346599600,3006.8787,3006.8787,2964.875,3038.1981
132214000,2980.3296,2983600,21767500,5190009200,51368367100,3006.8787,3006.8787,2964.875,3038.1981
132219000,2980.56,1350700,14161900,5191359900,51382529000,3006.8787,3006.8787,2964.875,3038.1981
132224000,2980.4595,2196000,19666800,5193555900,51402195800,3006.8787,3006.8787,2964.875,3038.1981
132229000,2980.3751,1489200,18404300,5195045100,51420600100,3006.8787,3006.8787,2964.875,3038.1981
132234000,2980.4362,1352500,13888000,5196397600,51434488100,3006.8787,3006.8787,2964.875,3038.1981
132239000,2979.7661,1387200,14812400,5197784800,51449300500,3006.8787,3006.8787,2964.875,3038.1981
132244000,2980.4324,3009800,23598300,5200794600,51472898800,3006.8787,3006.8787,2964.875,3038.1981
132249000,2980.477,3313400,28102100,5204108000,51501000900,3006.8787,3006.8787,2964.875,3038.1981
132254000,2979.5061,3243500,26807000,5207351500,51527807900,3006.8787,3006.8787,2964.875,3038.1981
132259000,2979.1516,2771700,29654900,5210123200,51557462800,3006.8787,3006.8787,2964.875,3038.1981
132304000,2978.9644,2070000,20747100,5212193200,51578209900,3006.8787,3006.8787,2964.875,3038.1981
132309000,2979.0104,2073500,19711000,5214266700,51597920900,3006.8787,3006.8787,2964.875,3038.1981
132314000,2978.7959,1174400,16554700,5215441100,51614475600,3006.8787,3006.8787,2964.875,3038.1981
132319000,2978.8173,2046200,14775300,5217487300,51629250900,3006.8787,3006.8787,2964.875,3038.1981
132324000,2979.1245,1848400,20240400,5219335700,51649491300,3006.8787,3006.8787,2964.875,3038.1981
132329000,2979.1114,1509500,16948200,5220845200,51666439500,3006.8787,3006.8787,2964.875,3038.1981
132334000,2978.8904,1303800,13956600,5222149000,51680396100,3006.8787,3006.8787,2964.875,3038.1981
132339000,2978.7025,845700,9469100,5222994700,51689865200,3006.8787,3006.8787,2964.875,3038.1981
132343000,2978.7269,1013900,12519600,5224008600,51702384800,3006.8787,3006.8787,2964.875,3038.1981
132349000,2977.9638,2152000,21911000,5226160600,51724295800,3006.8787,3006.8787,2964.875,3038.1981
132354000,2978.441,1156700,15404400,5227317300,51739700200,3006.8787,3006.8787,2964.875,3038.1981
132358000,2978.7866,1324300,16963200,5228641600,51756663400,3006.8787,3006.8787,2964.875,3038.1981
132404000,2978.8283,2545200,23801800,5231186800,51780465200,3006.8787,3006.8787,2964.875,3038.1981
132409000,2978.9859,894200,9494900,5232081000,51789960100,3006.8787,3006.8787,2964.875,3038.1981
132413000,2979.0901,1084400,11059300,5233165400,51801019400,3006.8787,3006.8787,2964.875,3038.1981
132419000,2978.7072,1177400,12620500,5234342800,51813639900,3006.8787,3006.8787,2964.875,3038.1981
132424000,2978.6879,1170200,12002600,5235513000,51825642500,3006.8787,3006.8787,2964.875,3038.1981
132428000,2978.7743,1604800,12856400,5237117800,51838498900,3006.8787,3006.8787,2964.875,3038.1981
132434000,2978.8418,3768800,23676100,5240886600,51862175000,3006.8787,3006.8787,2964.875,3038.1981
132439000,2979.0171,2190500,17959100,5243077100,51880134100,3006.8787,3006.8787,2964.875,3038.1981
132443000,2979.1451,1620900,12888700,5244698000,51893022800,3006.8787,3006.8787,2964.875,3038.1981
132449000,2979.1279,3111800,19995800,5247809800,51913018600,3006.8787,3006.8787,2964.875,3038.1981
132454000,2979.5342,978400,13305200,5248788200,51926323800,3006.8787,3006.8787,2964.875,3038.1981
132459000,2979.4238,942900,11652900,5249731100,51937976700,3006.8787,3006.8787,2964.875,3038.1981
132504000,2979.6819,1146700,14222000,5250877800,51952198700,3006.8787,3006.8787,2964.875,3038.1981
132509000,2979.8995,1328200,11388300,5252206000,51963587000,3006.8787,3006.8787,2964.875,3038.1981
132513000,2979.5461,1012600,14132400,5253218600,51977719400,3006.8787,3006.8787,2964.875,3038.1981
132519000,2979.4634,979700,11491000,5254198300,51989210400,3006.8787,3006.8787,2964.875,3038.1981
132524000,2979.7096,1217900,13674200,5255416200,52002884600,3006.8787,3006.8787,2964.875,3038.1981
132529000,2979.7965,1502500,15828600,5256918700,52018713200,3006.8787,3006.8787,2964.875,3038.1981
132534000,2979.6379,1371400,15090200,5258290100,52033803400,3006.8787,3006.8787,2964.875,3038.1981
132539000,2980.0495,738900,8692100,5259029000,52042495500,3006.8787,3006.8787,2964.875,3038.1981
132544000,2980.0614,1109900,13160200,5260138900,52055655700,3006.8787,3006.8787,2964.875,3038.1981
132549000,2979.5129,1887800,17972400,5262026700,52073628100,3006.8787,3006.8787,2964.875,3038.1981
132554000,2979.737,2371200,24053100,5264397900,52097681200,3006.8787,3006.8787,2964.875,3038.1981
132558000,2980.3464,1946100,22147600,5266344000,52119828800,3006.8787,3006.8787,2964.875,3038.1981
132604000,2980.2726,2268800,28451600,5268612800,52148280400,3006.8787,3006.8787,2964.875,3038.1981
132609000,2980.4061,1155800,13634400,5269768600,52161914800,3006.8787,3006.8787,2964.875,3038.1981
132613000,2980.3928,1472700,21621700,5271241300,52183536500,3006.8787,3006.8787,2964.875,3038.1981
132619000,2980.2838,1623300,17482100,5272864600,52201018600,3006.8787,3006.8787,2964.875,3038.1981
132624000,2980.2616,1553400,17442600,5274418000,52218461200,3006.8787,3006.8787,2964.875,3038.1981
132628000,2980.403,1625600,21752900,5276043600,52240214100,3006.8787,3006.8787,2964.875,3038.1981
132634000,2980.7457,1187200,14386400,5277230800,52254600500,3006.8787,3006.8787,2964.875,3038.1981
132639000,2980.8081,1194900,13882300,5278425700,52268482800,3006.8787,3006.8787,2964.875,3038.1981
132643000,2980.9074,1139500,15363500,5279565200,52283846300,3006.8787,3006.8787,2964.875,3038.1981
132649000,2980.7668,1845800,19216700,5281411000,52303063000,3006.8787,3006.8787,2964.875,3038.1981
132654000,2981.0512,1491300,14417800,5282902300,52317480800,3006.8787,3006.8787,2964.875,3038.1981
132658000,2980.8182,1770900,17607500,5284673200,52335088300,3006.8787,3006.8787,2964.875,3038.1981
132704000,2981.1353,1427300,19270500,5286100500,52354358800,3006.8787,3006.8787,2964.875,3038.1981
132709000,2981.1786,1250500,14892600,5287351000,52369251400,3006.8787,3006.8787,2964.875,3038.1981
132713000,2980.874,1552900,18657000,5288903900,52387908400,3006.8787,3006.8787,2964.875,3038.1981
132719000,2980.9959,1483200,16119600,5290387100,52404028000,3006.8787,3006.8787,2964.875,3038.1981
132724000,2980.4735,1975800,22418900,5292362900,52426446900,3006.8787,3006.8787,2964.875,3038.1981
132728000,2980.7293,1695600,19424000,5294058500,52445870900,3006.8787,3006.8787,2964.875,3038.1981
132734000,2980.749,2023800,26310100,5296082300,52472181000,3006.8787,3006.8787,2964.875,3038.1981
132739000,2980.5699,1010600,11636100,5297092900,52483817100,3006.8787,3006.8787,2964.875,3038.1981
132743000,2980.4368,1680900,20301300,5298773800,52504118400,3006.8787,3006.8787,2964.875,3038.1981
132749000,2979.8016,2334900,22833200,5301108700,52526951600,3006.8787,3006.8787,2964.875,3038.1981
132754000,2979.7127,1378100,18957500,5302486800,52545909100,3006.8787,3006.8787,2964.875,3038.1981
132758000,2980.2517,1561000,15196800,5304047800,52561105900,3006.8787,3006.8787,2964.875,3038.1981
132804000,2980.3023,2272600,19723400,5306320400,52580829300,3006.8787,3006.8787,2964.875,3038.1981
132809000,2980.2827,972100,10535400,5307292500,52591364700,3006.8787,3006.8787,2964.875,3038.1981
132813000,2980.2041,1047700,13731400,5308340200,52605096100,3006.8787,3006.8787,2964.875,3038.1981
132819000,2980.3855,1548600,16414300,5309888800,52621510400,3006.8787,3006.8787,2964.875,3038.1981
132824000,2979.9339,1393600,15685000,5311282400,52637195400,3006.8787,3006.8787,2964.875,3038.1981
132828000,2980.3896,1005700,11834800,5312288100,52649030200,3006.8787,3006.8787,2964.875,3038.1981
132834000,2980.3958,1488200,18254700,5313776300,52667284900,3006.8787,3006.8787,2964.875,3038.1981
132839000,2980.2375,714400,8778700,5314490700,52676063600,3006.8787,3006.8787,2964.875,3038.1981
132843000,2980.3897,938500,12051400,5315429200,52688115000,3006.8787,3006.8787,2964.875,3038.1981
132849000,2980.2319,1140400,12599500,5316569600,52700714500,3006.8787,3006.8787,2964.875,3038.1981
132854000,2980.3389,1254000,13550300,5317823600,52714264800,3006.8787,3006.8787,2964.875,3038.1981
132858000,2980.4574,1134400,10820700,5318958000,52725085500,3006.8787,3006.8787,2964.875,3038.1981
132904000,2980.4998,1727400,17923100,5320685400,52743008600,3006.8787,3006.8787,2964.875,3038.1981
132909000,2980.5435,1240600,11181200,5321926000,52754189800,3006.8787,3006.8787,2964.875,3038.1981
132913000,2980.8216,1347900,13693200,5323273900,52767883000,3006.8787,3006.8787,2964.875,3038.1981
132919000,2980.8387,1513700,13880500,5324787600,52781763500,3006.8787,3006.8787,2964.875,3038.1981
132924000,2980.8013,964600,9518600,5325752200,52791282100,3006.8787,3006.8787,2964.875,3038.1981
132928000,2980.6932,1487100,15137000,5327239300,52806419100,3006.8787,3006.8787,2964.875,3038.1981
132934000,2981.3115,1813800,20630500,5329053100,52827049600,3006.8787,3006.8787,2964.875,3038.1981
132939000,2981.4283,1071800,11913300,5330124900,52838962900,3006.8787,3006.8787,2964.875,3038.1981
132943000,2981.6448,1230300,15013400,5331355200,52853976300,3006.8787,3006.8787,2964.875,3038.1981
132949000,2980.5093,2327500,30810100,5333682700,52884786400,3006.8787,3006.8787,2964.875,3038.1981
132954000,2980.5959,1281300,11699200,5334964000,52896485600,3006.8787,3006.8787,2964.875,3038.1981
132958000,2981.248,1419900,15563800,5336383900,52912049400,3006.8787,3006.8787,2964.875,3038.1981
133004000,2980.8946,1626200,17674800,5338010100,52929724200,3006.8787,3006.8787,2964.875,3038.1981
133009000,2981.0789,968800,10088800,5338978900,52939813000,3006.8787,3006.8787,2964.875,3038.1981
133013000,2981.2113,2824500,19865100,5341803400,52959678100,3006.8787,3006.8787,2964.875,3038.1981
133019000,2980.9267,1781300,17591100,5343584700,52977269200,3006.8787,3006.8787,2964.875,3038.1981
133024000,2980.8213,1591100,17384100,5345175800,52994653300,3006.8787,3006.8787,2964.875,3038.1981
133028000,2981.2864,1840500,26416200,5347016300,53021069500,3006.8787,3006.8787,2964.875,3038.1981
133034000,2981.3968,2639400,23249000,5349655700,53044318500,3006.8787,3006.8787,2964.875,3038.1981
133039000,2981.5779,1641700,16554200,5351297400,53060872700,3006.8787,3006.8787,2964.875,3038.1981
133043000,2982.2192,1344200,18244500,5352641600,53079117200,3006.8787,3006.8787,2964.875,3038.1981
133049000,2982.0234,1695300,17506400,5354336900,53096623600,3006.8787,3006.8787,2964.875,3038.1981
133054000,2982.141,1475100,15918200,5355812000,53112541800,3006.8787,3006.8787,2964.875,3038.1981
133058000,2982.0042,1444300,20020500,5357256300,53132562300,3006.8787,3006.8787,2964.875,3038.1981
133104000,2982.3712,1734300,19297000,5358990600,53151859300,3006.8787,3006.8787,2964.875,3038.1981
133109000,2982.557,1583800,12966800,5360574400,53164826100,3006.8787,3006.8787,2964.875,3038.1981
133113000,2982.2689,1567600,17445700,5362142000,53182271800,3006.8787,3006.8787,2964.875,3038.1981
133119000,2982.1119,1506100,18579100,5363648100,53200850900,3006.8787,3006.8787,2964.875,3038.1981
133124000,2982.3287,1438200,17374300,5365086300,53218225200,3006.8787,3006.8787,2964.875,3038.1981
133128000,2982.4432,1976800,21027000,5367063100,53239252200,3006.8787,3006.8787,2964.875,3038.1981
133134000,2982.799,2802900,32344100,5369866000,53271596300,3006.8787,3006.8787,2964.875,3038.1981
133139000,2982.9568,904400,12136300,5370770400,53283732600,3006.8787,3006.8787,2964.875,3038.1981
133143000,2982.9241,1229500,16722200,5371999900,53300454800,3006.8787,3006.8787,2964.875,3038.1981
133149000,2982.142,1770800,23256600,5373770700,53323711400,3006.8787,3006.8787,2964.875,3038.1981
133154000,2982.3307,2001300,23459100,5375772000,53347170500,3006.8787,3006.8787,2964.875,3038.1981
133158000,2982.6818,1290700,13527500,5377062700,53360698000,3006.8787,3006.8787,2964.875,3038.1981
133204000,2982.5031,2094400,17541800,5379157100,53378239800,3006.8787,3006.8787,2964.875,3038.1981
133209000,2982.7963,1512300,18105400,5380669400,53396345200,3006.8787,3006.8787,2964.875,3038.1981
133213000,2982.733,1397100,19455500,5382066500,53415800700,3006.8787,3006.8787,2964.875,3038.1981
133219000,2982.9587,1135100,14936600,5383201600,53430737300,3006.8787,3006.8787,2964.875,3038.1981
133224000,2983.1292,1842900,20128400,5385044500,53450865700,3006.8787,3006.8787,2964.875,3038.1981
133228000,2983.1449,1461800,25589200,5386506300,53476454900,3006.8787,3006.8787,2964.875,3038.1981
133234000,2983.2433,1497400,19687100,5388003700,53496142000,3006.8787,3006.8787,2964.875,3038.1981
133239000,2983.4429,1120400,11948800,5389124100,53508090800,3006.8787,3006.8787,2964.875,3038.1981
133243000,2983.5295,1686400,16688700,5390810500,53524779500,3006.8787,3006.8787,2964.875,3038.1981
133249000,2983.7145,1614500,18555000,5392425000,53543334500,3006.8787,3006.8787,2964.875,3038.1981
133254000,2983.7036,1726100,19760400,5394151100,53563094900,3006.8787,3006.8787,2964.875,3038.1981
133258000,2983.8291,1182400,17484000,5395333500,53580578900,3006.8787,3006.8787,2964.875,3038.1981
133304000,2983.5139,1577300,17882900,5396910800,53598461800,3006.8787,3006.8787,2964.875,3038.1981
133309000,2983.9851,1258300,11369000,5398169100,53609830800,3006.8787,3006.8787,2964.875,3038.1981
133313000,2983.6033,1173300,15918800,5399342400,53625749600,3006.8787,3006.8787,2964.875,3038.1981
133319000,2983.5779,1804400,20756700,5401146800,53646506300,3006.8787,3006.8787,2964.875,3038.1981
133324000,2983.5321,1507300,18704500,5402654100,53665210800,3006.8787,3006.8787,2964.875,3038.1981
133328000,2983.718,1438300,18016700,5404092400,53683227500,3006.8787,3006.8787,2964.875,3038.1981
133334000,2984.1126,1704600,17696300,5405797000,53700923800,3006.8787,3006.8787,2964.875,3038.1981
133339000,2984.0331,1476200,17251400,5407273200,53718175200,3006.8787,3006.8787,2964.875,3038.1981
133343000,2983.611,1499900,19037000,5408773100,53737212200,3006.8787,3006.8787,2964.875,3038.1981
133349000,2982.9814,2757800,28550200,5411530900,53765762400,3006.8787,3006.8787,2964.875,3038.1981
133354000,2983.4179,2087600,19912700,5413618500,53785675100,3006.8787,3006.8787,2964.875,3038.1981
133358000,2983.4687,1512000,24784200,5415130500,53810459300,3006.8787,3006.8787,2964.875,3038.1981
133404000,2983.4236,1960600,24327800,5417091100,53834787100,3006.8787,3006.8787,2964.875,3038.1981
133409000,2983.8346,1825000,15449500,5418916100,53850236600,3006.8787,3006.8787,2964.875,3038.1981
133413000,2983.4908,1269400,16106100,5420185500,53866342700,3006.8787,3006.8787,2964.875,3038.1981
133419000,2983.7044,1655000,16224800,5421840500,53882567500,3006.8787,3006.8787,2964.875,3038.1981
133424000,2983.2568,1419300,15556400,5423259800,53898123900,3006.8787,3006.8787,2964.875,3038.1981
133428000,2983.7594,1415400,18142700,5424675200,53916266600,3006.8787,3006.8787,2964.875,3038.1981
133434000,2983.5945,1293300,15967200,5425968500,53932233800,3006.8787,3006.8787,2964.875,3038.1981
133439000,2984.0956,1216800,11819200,5427185300,53944053000,3006.8787,3006.8787,2964.875,3038.1981
133443000,2983.7763,1160700,15602500,5428346000,53959655500,3006.8787,3006.8787,2964.875,3038.1981
133449000,2984.1833,1472000,14611600,5429818000,53974267100,3006.8787,3006.8787,2964.875,3038.1981
133454000,2984.6842,1825400,20249300,5431643400,53994516400,3006.8787,3006.8787,2964.875,3038.1981
133458000,2984.4157,1358300,17456000,5433001700,54011972400,3006.8787,3006.8787,2964.875,3038.1981
133504000,2984.4211,1821100,19574500,5434822800,54031546900,3006.8787,3006.8787,2964.875,3038.1981
133509000,2984.5638,1296700,11954700,5436119500,54043501600,3006.8787,3006.8787,2964.875,3038.1981
133513000,2984.3637,1327900,17465400,5437447400,54060967000,3006.8787,3006.8787,2964.875,3038.1981
133519000,2984.1377,1669900,20992900,5439117300,54081959900,3006.8787,3006.8787,2964.875,3038.1981
133524000,2984.3527,1653200,19896000,5440770500,54101855900,3006.8787,3006.8787,2964.875,3038.1981
133528000,2984.4139,1692700,16917300,5442463200,54118773200,3006.8787,3006.8787,2964.875,3038.1981
133534000,2985.0861,1788900,21702900,5444252100,54140476100,3006.8787,3006.8787,2964.875,3038.1981
133539000,2984.9332,2359700,17293000,5446611800,54157769100,3006.8787,3006.8787,2964.875,3038.1981
133543000,2984.6659,1299300,13282300,5447911100,54171051400,3006.8787,3006.8787,2964.875,3038.1981
133549000,2983.9138,4139300,29153400,5452050400,54200204800,3006.8787,3006.8787,2964.875,3038.1981
133554000,2983.9983,2415000,20967700,5454465400,54221172500,3006.8787,3006.8787,2964.875,3038.1981
133558000,2984.3403,2516600,30632400,5456982000,54251804900,3006.8787,3006.8787,2964.875,3038.1981
133604000,2984.5183,3970300,28933700,5460952300,54280738600,3006.8787,3006.8787,2964.875,3038.1981
133609000,2984.5065,3408100,20967300,5464360400,54301705900,3006.8787,3006.8787,2964.875,3038.1981
133613000,2984.261,2468900,20148600,5466829300,54321854500,3006.8787,3006.8787,2964.875,3038.1981
133619000,2984.2717,1369200,13711200,5468198500,54335565700,3006.8787,3006.8787,2964.875,3038.1981
133624000,2984.2629,1689100,20602000,5469887600,54356167700,3006.8787,3006.8787,2964.875,3038.1981
133628000,2984.1461,1169100,11948600,5471056700,54368116300,3006.8787,3006.8787,2964.875,3038.1981
133634000,2984.4999,1686500,19879000,5472743200,54387995300,3006.8787,3006.8787,2964.875,3038.1981
133639000,2984.0851,1391900,11574700,5474135100,54399570000,3006.8787,3006.8787,2964.875,3038.1981
133643000,2984.3713,1686100,16713600,5475821200,54416283600,3006.8787,3006.8787,2964.875,3038.1981
133649000,2984.5352,2048900,16207900,5477870100,54432491500,3006.8787,3006.8787,2964.875,3038.1981
133654000,2985.0089,1313100,14410100,5479183200,54446901600,3006.8787,3006.8787,2964.875,3038.1981
133658000,2984.705,1133800,14268900,5480317000,54461170500,3006.8787,3006.8787,2964.875,3038.1981
133704000,2984.8392,1522400,18439400,5481839400,54479609900,3006.8787,3006.8787,2964.875,3038.1981
133709000,2984.9516,2041800,16042500,5483881200,54495652400,3006.8787,3006.8787,2964.875,3038.1981
133713000,2984.7133,2292900,19409300,5486174100,54515061700,3006.8787,3006.8787,2964.875,3038.1981
133719000,2984.7013,2032000,19803100,5488206100,54534864800,3006.8787,3006.8787,2964.875,3038.1981
133724000,2984.7144,1460400,12106000,5489666500,54546970800,3006.8787,3006.8787,2964.875,3038.1981
133728000,2984.9073,1405000,15822000,5491071500,54562792800,3006.8787,3006.8787,2964.875,3038.1981
133734000,2985.3863,2311900,19333600,5493383400,54582126400,3006.8787,3006.8787,2964.875,3038.1981
133739000,2985.1049,1357200,11872600,5494740600,54593999000,3006.8787,3006.8787,2964.875,3038.1981
133743000,2985.3855,1790200,14993000,5496530800,54608992000,3006.8787,3006.8787,2964.875,3038.1981
133749000,2985.1905,2771300,23318900,5499302100,54632310900,3006.8787,3006.8787,2964.875,3038.1981
133754000,2985.0739,2365100,21960700,5501667200,54654271600,3006.8787,3006.8787,2964.875,3038.1981
133758000,2985.452,1604600,18817200,5503271800,54673088800,3006.8787,3006.8787,2964.875,3038.1981
133804000,2985.352,2364800,21176600,5505636600,54694265400,3006.8787,3006.8787,2964.875,3038.1981
133809000,2985.8598,1349200,12388700,5506985800,54706654100,3006.8787,3006.8787,2964.875,3038.1981
133813000,2985.2266,2279600,21280200,5509265400,54727934300,3006.8787,3006.8787,2964.875,3038.1981
133819000,2985.5603,3118500,20330400,5512383900,54748264700,3006.8787,3006.8787,2964.875,3038.1981
133824000,2985.8671,1759500,17170500,5514143400,54765435200,3006.8787,3006.8787,2964.875,3038.1981
133828000,2985.7657,2421600,25112300,5516565000,54790547500,3006.8787,3006.8787,2964.875,3038.1981
133834000,2985.9792,2162200,22019900,5518727200,54812567400,3006.8787,3006.8787,2964.875,3038.1981
133839000,2986.301,1030000,11811000,5519757200,54824378400,3006.8787,3006.8787,2964.875,3038.1981
133843000,2986.5477,1694600,27519700,5521451800,54851898100,3006.8787,3006.8787,2964.875,3038.1981
133849000,2987.0029,3832700,28406000,5525284500,54880304100,3006.8787,3006.8787,2964.875,3038.1981
133854000,2987.7956,2899000,34164300,5528183500,54914468400,3006.8787,3006.8787,2964.875,3038.1981
133858000,2987.6706,2660300,30949000,5530843800,54945417400,3006.8787,3006.8787,2964.875,3038.1981
133904000,2987.6915,2158000,29404700,5533001800,54974822100,3006.8787,3006.8787,2964.875,3038.1981
133909000,2987.9566,1657400,19692300,5534659200,54994514400,3006.8787,3006.8787,2964.875,3038.1981
133913000,2988.0249,2165600,22779900,5536824800,55017294300,3006.8787,3006.8787,2964.875,3038.1981
133919000,2987.9806,1849600,25902900,5538674400,55043197200,3006.8787,3006.8787,2964.875,3038.1981
133924000,2988.2751,2502300,22806500,5541176700,55066003700,3006.8787,3006.8787,2964.875,3038.1981
133928000,2988.7598,1478000,22604900,5542654700,55088608600,3006.8787,3006.8787,2964.875,3038.1981
133934000,2988.9001,1989600,26779000,5544644300,55115387600,3006.8787,3006.8787,2964.875,3038.1981
133939000,2988.9752,1305500,16208000,5545949800,55131595600,3006.8787,3006.8787,2964.875,3038.1981
133943000,2988.9084,1828600,26520900,5547778400,55158116500,3006.8787,3006.8787,2964.875,3038.1981
133949000,2989.1582,2241800,22967400,5550020200,55181083900,3006.8787,3006.8787,2964.875,3038.1981
133954000,2988.4384,1704400,21368200,5551724600,55202452100,3006.8787,3006.8787,2964.875,3038.1981
133958000,2989.5772,2011500,22436200,5553736100,55224888300,3006.8787,3006.8787,2964.875,3038.1981
134004000,2989.783,2780900,29355300,5556517000,55254243600,3006.8787,3006.8787,2964.875,3038.1981
134009000,2989.5824,1374100,15154200,5557891100,55269397800,3006.8787,3006.8787,2964.875,3038.1981
134013000,2989.6199,2152900,24419200,5560044000,55293817000,3006.8787,3006.8787,2964.875,3038.1981
134019000,2989.5023,1733300,20979600,5561777300,55314796600,3006.8787,3006.8787,2964.875,3038.1981
134024000,2989.706,1936000,23923000,5563713300,55338719600,3006.8787,3006.8787,2964.875,3038.1981
134028000,2989.6918,1628400,20888300,5565341700,55359607900,3006.8787,3006.8787,2964.875,3038.1981
134034000,2989.4004,2813400,34395800,5568155100,55394003700,3006.8787,3006.8787,2964.875,3038.1981
134039000,2989.7688,2407200,23916000,5570562300,55417919700,3006.8787,3006.8787,2964.875,3038.1981
134043000,2989.6716,3018700,27887100,5573581000,55445806800,3006.8787,3006.8787,2964.875,3038.1981
134049000,2989.6198,2670100,25657900,5576251100,55471464700,3006.8787,3006.8787,2964.875,3038.1981
134054000,2989.6874,3262200,31878700,5579513300,55503343400,3006.8787,3006.8787,2964.875,3038.1981
134058000,2989.8282,2158100,23556000,5581671400,55526899400,3006.8787,3006.8787,2964.875,3038.1981
134104000,2990.0493,2711600,23877800,5584383000,55550777200,3006.8787,3006.8787,2964.875,3038.1981
134109000,2990.088,1387100,20116300,5585770100,55570893500,3006.8787,3006.8787,2964.875,3038.1981
134113000,2990.288,2285700,28142200,5588055800,55599035700,3006.8787,3006.8787,2964.875,3038.1981
134119000,2990.328,1570600,18250700,5589626400,55617286400,3006.8787,3006.8787,2964.875,3038.1981
134124000,2990.138,1970400,22445200,5591596800,55639731600,3006.8787,3006.8787,2964.875,3038.1981
134128000,2990.2879,1749800,23459700,5593346600,55663191300,3006.8787,3006.8787,2964.875,3038.1981
134134000,2990.2834,2289000,26649500,5595635600,55689840800,3006.8787,3006.8787,2964.875,3038.1981
134139000,2990.5272,1379300,14163300,5597014900,55704004100,3006.8787,3006.8787,2964.875,3038.1981
134143000,2990.7415,1701200,21272700,5598716100,55725276800,3006.8787,3006.8787,2964.875,3038.1981
134149000,2990.638,2314100,26496900,5601030200,55751773700,3006.8787,3006.8787,2964.875,3038.1981
134154000,2990.0501,2227800,24086500,5603258000,55775860200,3006.8787,3006.8787,2964.875,3038.1981
134158000,2990.3126,1794700,21882600,5605052700,55797742800,3006.8787,3006.8787,2964.875,3038.1981
134204000,2990.2838,1980000,22742400,5607032700,55820485200,3006.8787,3006.8787,2964.875,3038.1981
134209000,2990.2609,1388100,15333500,5608420800,55835818700,3006.8787,3006.8787,2964.875,3038.1981
134213000,2990.6279,3457900,29882300,5611878700,55865701000,3006.8787,3006.8787,2964.875,3038.1981
134219000,2991.0123,1473700,13904600,5613352400,55879605600,3006.8787,3006.8787,2964.875,3038.1981
134224000,2990.511,1926200,21678900,5615278600,55901284500,3006.8787,3006.8787,2964.875,3038.1981
134228000,2990.8216,2254000,32637400,5617532600,55933921900,3006.8787,3006.8787,2964.875,3038.1981
134234000,2990.9585,1912600,23652800,5619445200,55957574700,3006.8787,3006.8787,2964.875,3038.1981
134239000,2990.7817,1960700,17422300,5621405900,55974997000,3006.8787,3006.8787,2964.875,3038.1981
134243000,2991.0275,2488800,28064800,5623894700,56003061800,3006.8787,3006.8787,2964.875,3038.1981
134249000,2990.8614,1895300,22456600,5625790000,56025518400,3006.8787,3006.8787,2964.875,3038.1981
134254000,2991.2987,2277900,25625300,5628067900,56051143700,3006.8787,3006.8787,2964.875,3038.1981
134258000,2991.0353,1522700,16974300,5629590600,56068118000,3006.8787,3006.8787,2964.875,3038.1981
134304000,2991.2605,3086200,33010600,5632676800,56101128600,3006.8787,3006.8787,2964.875,3038.1981
134309000,2991.4338,1245000,15989600,5633921800,56117118200,3006.8787,3006.8787,2964.875,3038.1981
134313000,2991.3531,3112900,31082700,5637034700,56148200900,3006.8787,3006.8787,2964.875,3038.1981
134319000,2991.3892,2016300,21661100,5639051000,56169862000,3006.8787,3006.8787,2964.875,3038.1981
134324000,2991.3093,1890300,18807600,5640941300,56188669600,3006.8787,3006.8787,2964.875,3038.1981
134328000,2991.4702,2845300,27758800,5643786600,56216428400,3006.8787,3006.8787,2964.875,3038.1981
134334000,2991.6509,2045500,23996500,5645832100,56240424900,3006.8787,3006.8787,2964.875,3038.1981
134339000,2991.3608,1966800,20386400,5647798900,56260811300,3006.8787,3006.8787,2964.875,3038.1981
134343000,2991.2576,2756700,28490300,5650555600,56289301600,3006.8787,3006.8787,2964.875,3038.1981
134349000,2991.1308,1904400,23181200,5652460000,56312482800,3006.8787,3006.8787,2964.875,3038.1981
134354000,2990.7528,1979700,23204200,5654439700,56335687000,3006.8787,3006.8787,2964.875,3038.1981
134358000,2990.8472,2078100,25176400,5656517800,56360863400,3006.8787,3006.8787,2964.875,3038.1981
134404000,2991.3487,2395100,26696700,5658912900,56387560100,3006.8787,3006.8787,2964.875,3038.1981
134409000,2990.8946,1449800,14695900,5660362700,56402256000,3006.8787,3006.8787,2964.875,3038.1981
134413000,2991.0414,1864300,21104600,5662227000,56423360600,3006.8787,3006.8787,2964.875,3038.1981
134419000,2990.8672,2185500,23455800,5664412500,56446816400,3006.8787,3006.8787,2964.875,3038.1981
134424000,2991.1425,1528400,19817300,5665940900,56466633700,3006.8787,3006.8787,2964.875,3038.1981
134428000,2990.8545,2023100,23066100,5667964000,56489699800,3006.8787,3006.8787,2964.875,3038.1981
134434000,2991.405,2671500,26978200,5670635500,56516678000,3006.8787,3006.8787,2964.875,3038.1981
134439000,2991.4263,991200,13147200,5671626700,56529825200,3006.8787,3006.8787,2964.875,3038.1981
134443000,2991.7203,1961600,20166700,5673588300,56549991900,3006.8787,3006.8787,2964.875,3038.1981
134449000,2991.5135,1963800,21210100,5675552100,56571202000,3006.8787,3006.8787,2964.875,3038.1981
134454000,2991.5091,1839100,18324800,5677391200,56589526800,3006.8787,3006.8787,2964.875,3038.1981
134458000,2991.6174,1550400,16950300,5678941600,56606477100,3006.8787,3006.8787,2964.875,3038.1981
134504000,2991.6762,4095000,28566100,5683036600,56635043200,3006.8787,3006.8787,2964.875,3038.1981
134509000,2991.28,1061300,12249900,5684097900,56647293100,3006.8787,3006.8787,2964.875,3038.1981
134513000,2991.1889,2831900,24785600,5686929800,56672078700,3006.8787,3006.8787,2964.875,3038.1981
134519000,2990.8713,2549800,20847200,5689479600,56692925900,3006.8787,3006.8787,2964.875,3038.1981
134524000,2990.731,2890500,23554500,5692370100,56716480400,3006.8787,3006.8787,2964.875,3038.1981
134528000,2990.8556,2463400,20705800,5694833500,56737186200,3006.8787,3006.8787,2964.875,3038.1981
134534000,2991.1616,1818600,18224600,5696652100,56755410800,3006.8787,3006.8787,2964.875,3038.1981
134539000,2991.2306,2737400,19738400,5699389500,56775149200,3006.8787,3006.8787,2964.875,3038.1981
134543000,2991.0032,1429700,15200700,5700819200,56790349900,3006.8787,3006.8787,2964.875,3038.1981
134549000,2991.1833,1906900,20032100,5702726100,56810382000,3006.8787,3006.8787,2964.875,3038.1981
134554000,2989.8749,2733200,24144600,5705459300,56834526600,3006.8787,3006.8787,2964.875,3038.1981
134558000,2989.6988,3084800,31161800,5708544100,56865688400,3006.8787,3006.8787,2964.875,3038.1981
134604000,2989.4026,1892600,21923400,5710436700,56887611800,3006.8787,3006.8787,2964.875,3038.1981
134609000,2988.733,1564000,18628500,5712000700,56906240300,3006.8787,3006.8787,2964.875,3038.1981
134613000,2989.447,1513700,16665700,5713514400,56922906000,3006.8787,3006.8787,2964.875,3038.1981
134619000,2989.3851,1399100,15826600,5714913500,56938732600,3006.8787,3006.8787,2964.875,3038.1981
134624000,2989.3385,1155200,15719600,5716068700,56954452200,3006.8787,3006.8787,2964.875,3038.1981
134628000,2989.2716,1293000,12013900,5717361700,56966466100,3006.8787,3006.8787,2964.875,3038.1981
134634000,2989.65,3201000,31615800,5720562700,56998081900,3006.8787,3006.8787,2964.875,3038.1981
134639000,2989.8848,1617500,17529500,5722180200,57015611400,3006.8787,3006.8787,2964.875,3038.1981
134643000,2989.6568,1525500,17016600,5723705700,57032628000,3006.8787,3006.8787,2964.875,3038.1981
134649000,2989.4021,1677900,21036200,5725383600,57053664200,3006.8787,3006.8787,2964.875,3038.1981
134654000,2989.5492,1848000,20015200,5727231600,57073679400,3006.8787,3006.8787,2964.875,3038.1981
134658000,2989.8872,1484900,17100200,5728716500,57090779600,3006.8787,3006.8787,2964.875,3038.1981
134704000,2989.5451,1536600,18071200,5730253100,57108850800,3006.8787,3006.8787,2964.875,3038.1981
134709000,2989.7353,1045900,11899500,5731299000,57120750300,3006.8787,3006.8787,2964.875,3038.1981
134713000,2989.6127,1622800,16723200,5732921800,57137473500,3006.8787,3006.8787,2964.875,3038.1981
134719000,2989.2825,2186200,17126000,5735108000,57154599500,3006.8787,3006.8787,2964.875,3038.1981
134724000,2989.3006,1132300,13631100,5736240300,57168230600,3006.8787,3006.8787,2964.875,3038.1981
134728000,2989.0837,1243900,13351600,5737484200,57181582200,3006.8787,3006.8787,2964.875,3038.1981
134734000,2989.024,2352200,19294700,5739836400,57200876900,3006.8787,3006.8787,2964.875,3038.1981
134739000,2989.2357,1345600,13184700,5741182000,57214061600,3006.8787,3006.8787,2964.875,3038.1981
134743000,2988.9058,1723600,15758200,5742905600,57229819800,3006.8787,3006.8787,2964.875,3038.1981
134749000,2988.5714,1735200,17813200,5744640800,57247633000,3006.8787,3006.8787,2964.875,3038.1981
134754000,2988.1646,1509800,15551200,5746150600,57263184200,3006.8787,3006.8787,2964.875,3038.1981
134758000,2988.712,1472300,16952700,5747622900,57280136900,3006.8787,3006.8787,2964.875,3038.1981
134804000,2988.8269,2124800,18962200,5749747700,57299099100,3006.8787,3006.8787,2964.875,3038.1981
134809000,2988.5604,1258100,12853900,5751005800,57311953000,3006.8787,3006.8787,2964.875,3038.1981
134813000,2988.9151,1479300,14532300,5752485100,57326485300,3006.8787,3006.8787,2964.875,3038.1981
134819000,2988.2858,1575800,16380800,5754060900,57342866100,3006.8787,3006.8787,2964.875,3038.1981
134824000,2988.2093,2052000,23762700,5756112900,57366628800,3006.8787,3006.8787,2964.875,3038.1981
134828000,2988.12,1092500,12679000,5757205400,57379307800,3006.8787,3006.8787,2964.875,3038.1981
134834000,2988.5663,1724200,18654400,5758929600,57397962200,3006.8787,3006.8787,2964.875,3038.1981
134839000,2988.4176,1019200,10315400,5759948800,57408277600,3006.8787,3006.8787,2964.875,3038.1981
134843000,2988.0892,1424400,15097100,5761373200,57423374700,3006.8787,3006.8787,2964.875,3038.1981
134849000,2988.0323,1276800,15356700,5762650000,57438731400,3006.8787,3006.8787,2964.875,3038.1981
134854000,2988.3952,1990200,20117500,5764640200,57458848900,3006.8787,3006.8787,2964.875,3038.1981
134858000,2988.3439,1142100,15011800,5765782300,57473860700,3006.8787,3006.8787,2964.875,3038.1981
134904000,2988.2103,1355600,16723200,5767137900,57490583900,3006.8787,3006.8787,2964.875,3038.1981
134909000,2988.205,1031900,11352600,5768169800,57501936500,3006.8787,3006.8787,2964.875,3038.1981
134913000,2988.2171,1561300,14325300,5769731100,57516261800,3006.8787,3006.8787,2964.875,3038.1981
134919000,2988.3661,1574400,16085000,5771305500,57532346800,3006.8787,3006.8787,2964.875,3038.1981
134924000,2988.1651,806100,10105400,5772111600,57542452200,3006.8787,3006.8787,2964.875,3038.1981
134928000,2988.1724,1263000,17601000,5773374600,57560053200,3006.8787,3006.8787,2964.875,3038.1981
134934000,2988.4938,2210200,21727200,5775584800,57581780400,3006.8787,3006.8787,2964.875,3038.1981
134939000,2988.672,779500,9926000,5776364300,57591706400,3006.8787,3006.8787,2964.875,3038.1981
134943000,2988.7882,956700,12241300,5777321000,57603947700,3006.8787,3006.8787,2964.875,3038.1981
134949000,2989.0471,1229900,14919300,5778550900,57618867000,3006.8787,3006.8787,2964.875,3038.1981
134954000,2988.03,1253000,12747900,5779803900,57631614900,3006.8787,3006.8787,2964.875,3038.1981
134958000,2988.5821,1356200,16226600,5781160100,57647841500,3006.8787,3006.8787,2964.875,3038.1981
135004000,2989.0883,1354500,17203100,5782514600,57665044600,3006.8787,3006.8787,2964.875,3038.1981
135009000,2989.1301,621500,8416800,5783136100,57673461400,3006.8787,3006.8787,2964.875,3038.1981
135013000,2989.3391,1308900,14263300,5784445000,57687724700,3006.8787,3006.8787,2964.875,3038.1981
135019000,2989.0624,1634000,17113100,5786079000,57704837800,3006.8787,3006.8787,2964.875,3038.1981
135024000,2988.9724,1684700,17536600,5787763700,57722374400,3006.8787,3006.8787,2964.875,3038.1981
135028000,2989.4566,1217200,19106700,5788980900,57741481100,3006.8787,3006.8787,2964.875,3038.1981
135034000,2989.5397,1526700,19192800,5790507600,57760673900,3006.8787,3006.8787,2964.875,3038.1981
135039000,2990.4278,1006600,11121700,5791514200,57771795600,3006.8787,3006.8787,2964.875,3038.1981
135043000,2990.4394,1279200,17380000,5792793400,57789175600,3006.8787,3006.8787,2964.875,3038.1981
135049000,2991.1283,1372600,16386100,5794166000,57805561700,3006.8787,3006.8787,2964.875,3038.1981
135054000,2991.3409,2724300,32922400,5796890300,57838484100,3006.8787,3006.8787,2964.875,3038.1981
135058000,2991.7304,2457500,30114200,5799347800,57868598300,3006.8787,3006.8787,2964.875,3038.1981
135104000,2992.2577,3868300,48492700,5803216100,57917091000,3006.8787,3006.8787,2964.875,3038.1981
135109000,2992.4835,3180300,38989600,5806396400,57956080600,3006.8787,3006.8787,2964.875,3038.1981
135113000,2992.932,3288600,34366700,5809685000,57990447300,3006.8787,3006.8787,2964.875,3038.1981
135119000,2993.3883,3153400,34973100,5812838400,58025420400,3006.8787,3006.8787,2964.875,3038.1981
135124000,2994.8391,3385200,35855800,5816223600,58061276200,3006.8787,3006.8787,2964.875,3038.1981
135128000,2994.477,2393200,26231200,5818616800,58087507400,3006.8787,3006.8787,2964.875,3038.1981
135134000,2994.8243,3309900,33647900,5821926700,58121155300,3006.8787,3006.8787,2964.875,3038.1981
135139000,2995.3006,2250200,24528300,5824176900,58145683600,3006.8787,3006.8787,2964.875,3038.1981
135143000,2995.5006,2304200,29478400,5826481100,58175162000,3006.8787,3006.8787,2964.875,3038.1981
135149000,2995.8997,3007200,30061800,5829488300,58205223800,3006.8787,3006.8787,2964.875,3038.1981
135154000,2995.013,2701600,33508700,5832189900,58238732500,3006.8787,3006.8787,2964.875,3038.1981
135158000,2995.9019,2790400,31437400,5834980300,58270169900,3006.8787,3006.8787,2964.875,3038.1981
135204000,2995.9922,3203200,37286300,5838183500,58307456200,3006.8787,3006.8787,2964.875,3038.1981
135209000,2996.6042,1828400,19283700,5840011900,58326739900,3006.8787,3006.8787,2964.875,3038.1981
135213000,2996.7906,2442700,25834100,5842454600,58352574000,3006.8787,3006.8787,2964.875,3038.1981
135219000,2997.0424,2078400,26335300,5844533000,58378909300,3006.8787,3006.8787,2964.875,3038.1981
135224000,2997.3279,2370700,25454700,5846903700,58404364000,3006.8787,3006.8787,2964.875,3038.1981
135228000,2997.2767,1931300,25092200,5848835000,58429456200,3006.8787,3006.8787,2964.875,3038.1981
135234000,2997.5301,3189500,34735800,5852024500,58464192000,3006.8787,3006.8787,2964.875,3038.1981
135239000,2997.7146,1742400,20861000,5853766900,58485053000,3006.8787,3006.8787,2964.875,3038.1981
135243000,2997.5656,2670400,30446900,5856437300,58515499900,3006.8787,3006.8787,2964.875,3038.1981
135249000,2998.2952,2344500,25526200,5858781800,58541026100,3006.8787,3006.8787,2964.875,3038.1981
135254000,2998.3715,2826100,27633100,5861607900,58568659200,3006.8787,3006.8787,2964.875,3038.1981
135258000,2998.3246,3044400,35613100,5864652300,58604272300,3006.8787,3006.8787,2964.875,3038.1981
135304000,2998.6821,3066300,34388100,5867718600,58638660400,3006.8787,3006.8787,2964.875,3038.1981
135309000,2998.9952,2178100,21935000,5869896700,58660595400,3006.8787,3006.8787,2964.875,3038.1981
135313000,2999.0745,2899100,30854700,5872795800,58691450100,3006.8787,3006.8787,2964.875,3038.1981
135319000,2999.4082,1964400,19229100,5874760200,58710679200,3006.8787,3006.8787,2964.875,3038.1981
135324000,2999.4345,2143300,24586700,5876903500,58735265900,3006.8787,3006.8787,2964.875,3038.1981
135328000,2999.5375,1884300,19765400,5878787800,58755031300,3006.8787,3006.8787,2964.875,3038.1981
135334000,2999.8402,3815900,42433900,5882603700,58797465200,3006.8787,3006.8787,2964.875,3038.1981
135339000,2999.8982,1515500,19753100,5884119200,58817218300,3006.8787,3006.8787,2964.875,3038.1981
135343000,2999.8396,2220700,33101700,5886339900,58850320000,3006.8787,3006.8787,2964.875,3038.1981
135349000,3000.1715,2590600,38502800,5888930500,58888822800,3006.8787,3006.8787,2964.875,3038.1981
135354000,2999.565,2475900,30205900,5891406400,58919028700,3006.8787,3006.8787,2964.875,3038.1981
135358000,3000.5753,1677200,23378400,5893083600,58942407100,3006.8787,3006.8787,2964.875,3038.1981
135404000,3000.338,2267200,27109000,5895350800,58969516100,3006.8787,3006.8787,2964.875,3038.1981
135409000,3000.1718,2256200,21990500,5897607000,58991506600,3006.8787,3006.8787,2964.875,3038.1981
135413000,3000.3068,1775200,20910400,5899382200,59012417000,3006.8787,3006.8787,2964.875,3038.1981
135419000,3000.7622,2534800,23291400,5901917000,59035708400,3006.8787,3006.8787,2964.875,3038.1981
135424000,3001.003,2498600,31013900,5904415600,59066722300,3006.8787,3006.8787,2964.875,3038.1981
135428000,3001.1662,1939100,25220800,5906354700,59091943100,3006.8787,3006.8787,2964.875,3038.1981
135434000,3001.5929,2219600,26959300,5908574300,59118902400,3006.8787,3006.8787,2964.875,3038.1981
135439000,3001.4591,2248400,25606900,5910822700,59144509300,3006.8787,3006.8787,2964.875,3038.1981
135443000,3002.3686,3994600,42942600,5914817300,59187451900,3006.8787,3006.8787,2964.875,3038.1981
135449000,3002.6691,2488700,28529700,5917306000,59215981600,3006.8787,3006.8787,2964.875,3038.1981
135454000,3002.4902,3763300,39943700,5921069300,59255925300,3006.8787,3006.8787,2964.875,3038.1981
135458000,3003.4179,2639900,31061300,5923709200,59286986600,3006.8787,3006.8787,2964.875,3038.1981
135504000,3003.6855,3104800,37021900,5926814000,59324008500,3006.8787,3006.8787,2964.875,3038.1981
135509000,3003.3549,1925700,23594500,5928739700,59347603000,3006.8787,3006.8787,2964.875,3038.1981
135513000,3003.2593,2190400,26770300,5930930100,59374373300,3006.8787,3006.8787,2964.875,3038.1981
135519000,3003.469,2108000,27471100,5933038100,59401844400,3006.8787,3006.8787,2964.875,3038.1981
135524000,3003.6008,1987100,26704100,5935025200,59428548500,3006.8787,3006.8787,2964.875,3038.1981
135528000,3003.3894,2592700,28686900,5937617900,59457235400,3006.8787,3006.8787,2964.875,3038.1981
135534000,3003.364,2959700,29680700,5940577600,59486916100,3006.8787,3006.8787,2964.875,3038.1981
135539000,3003.4142,1644900,20105300,5942222500,59507021400,3006.8787,3006.8787,2964.875,3038.1981
135543000,3003.8959,2043800,21245400,5944266300,59528266800,3006.8787,3006.8787,2964.875,3038.1981
135549000,3003.7786,2599200,27644700,5946865500,59555911500,3006.8787,3006.8787,2964.875,3038.1981
135554000,3002.9338,2697000,34083800,5949562500,59589995300,3006.8787,3006.8787,2964.875,3038.1981
135558000,3003.0957,2327000,25595700,5951889500,59615591000,3006.8787,3006.8787,2964.875,3038.1981
135604000,3003.1477,2933000,27345000,5954822500,59642936000,3006.8787,3006.8787,2964.875,3038.1981
135609000,3002.9845,1716500,17043000,5956539000,59659979000,3006.8787,3006.8787,2964.875,3038.1981
135613000,3003.3665,1711900,20370200,5958250900,59680349200,3006.8787,3006.8787,2964.875,3038.1981
135619000,3003.4128,2134400,22128600,5960385300,59702477800,3006.8787,3006.8787,2964.875,3038.1981
135624000,3003.724,2057400,21806500,5962442700,59724284300,3006.8787,3006.8787,2964.875,3038.1981
135628000,3003.2449,1624000,18278700,5964066700,59742563000,3006.8787,3006.8787,2964.875,3038.1981
135634000,3003.0598,2460800,27738400,5966527500,59770301400,3006.8787,3006.8787,2964.875,3038.1981
135639000,3002.7412,1401900,19095500,5967929400,59789396900,3006.8787,3006.8787,2964.875,3038.1981
135643000,3003.077,1637500,22943100,5969566900,59812340000,3006.8787,3006.8787,2964.875,3038.1981
135649000,3002.6994,2117400,24257300,5971684300,59836597300,3006.8787,3006.8787,2964.875,3038.1981
135654000,3002.6619,2015000,21660100,5973699300,59858257400,3006.8787,3006.8787,2964.875,3038.1981
135658000,3002.706,1813100,23133400,5975512400,59881390800,3006.8787,3006.8787,2964.875,3038.1981
135704000,3002.4809,2281600,23401500,5977794000,59904792300,3006.8787,3006.8787,2964.875,3038.1981
135709000,3002.3377,1226900,17418300,5979020900,59922210600,3006.8787,3006.8787,2964.875,3038.1981
135713000,3002.512,2094900,25193400,5981115800,59947404000,3006.8787,3006.8787,2964.875,3038.1981
135719000,3002.6064,2101400,20594800,5983217200,59967998800,3006.8787,3006.8787,2964.875,3038.1981
135724000,3002.7515,1600200,20216700,5984817400,59988215500,3006.8787,3006.8787,2964.875,3038.1981
135728000,3002.8867,2221400,28134100,5987038800,60016349600,3006.8787,3006.8787,2964.875,3038.1981
135734000,3002.3083,3105400,31020100,5990144200,60047369700,3006.8787,3006.8787,2964.875,3038.1981
135739000,3002.4729,1684800,17662900,5991829000,60065032600,3006.8787,3006.8787,2964.875,3038.1981
135743000,3002.2807,1548700,20546800,5993377700,60085579400,3006.8787,3006.8787,2964.875,3038.1981
135749000,3002.0176,2594500,23219700,5995972200,60108799100,3006.8787,3006.8787,2964.875,3038.1981
135754000,3001.1769,2350500,24244600,5998322700,60133043700,3006.8787,3006.8787,2964.875,3038.1981
135758000,3001.4296,1993000,19551700,6000315700,60152595400,3006.8787,3006.8787,2964.875,3038.1981
135804000,3001.5297,1915200,22243100,6002230900,60174838500,3006.8787,3006.8787,2964.875,3038.1981
135809000,3001.3593,1803700,15817600,6004034600,60190656100,3006.8787,3006.8787,2964.875,3038.1981
135813000,3001.4137,2405600,25100300,6006440200,60215756400,3006.8787,3006.8787,2964.875,3038.1981
135819000,3001.7282,1735200,15345800,6008175400,60231102200,3006.8787,3006.8787,2964.875,3038.1981
135824000,3001.9323,1573900,16101900,6009749300,60247204100,3006.8787,3006.8787,2964.875,3038.1981
135828000,3001.6764,1953100,24420400,6011702400,60271624500,3006.8787,3006.8787,2964.875,3038.1981
135834000,3001.7192,2132300,25787700,6013834700,60297412200,3006.8787,3006.8787,2964.875,3038.1981
135839000,3002.1894,1474500,17270500,6015309200,60314682700,3006.8787,3006.8787,2964.875,3038.1981
135843000,3002.2516,1481600,20809000,6016790800,60335491700,3006.8787,3006.8787,2964.875,3038.1981
135849000,3002.4249,2616800,30676100,6019407600,60366167800,3006.8787,3006.8787,2964.875,3038.1981
135854000,3002.4681,2015100,21029200,6021422700,60387197000,3006.8787,3006.8787,2964.875,3038.1981
135858000,3002.8107,1873200,23999700,6023295900,60411196700,3006.8787,3006.8787,2964.875,3038.1981
135904000,3002.5722,1764100,24191600,6025060000,60435388300,3006.8787,3006.8787,2964.875,3038.1981
135909000,3002.4504,1810100,15524200,6026870100,60450912500,3006.8787,3006.8787,2964.875,3038.1981
135913000,3002.5065,1519800,16853900,6028389900,60467766400,3006.8787,3006.8787,2964.875,3038.1981
135919000,3002.5651,1661100,16782900,6030051000,60484549300,3006.8787,3006.8787,2964.875,3038.1981
135924000,3002.786,1475900,15718900,6031526900,60500268200,3006.8787,3006.8787,2964.875,3038.1981
135928000,3002.6582,2563500,21902100,6034090400,60522170300,3006.8787,3006.8787,2964.875,3038.1981
135934000,3002.4606,2128500,20326000,6036218900,60542496300,3006.8787,3006.8787,2964.875,3038.1981
135939000,3002.6375,1082600,10600700,6037301500,60553097000,3006.8787,3006.8787,2964.875,3038.1981
135943000,3002.6027,1084800,14309300,6038386300,60567406300,3006.8787,3006.8787,2964.875,3038.1981
135949000,3002.5224,3145500,29018900,6041531800,60596425200,3006.8787,3006.8787,2964.875,3038.1981
135954000,3001.9783,2915400,20066400,6044447200,60616491600,3006.8787,3006.8787,2964.875,3038.1981
135958000,3002.1419,2744500,21450600,6047191700,60637942200,3006.8787,3006.8787,2964.875,3038.1981
140004000,3002.2965,3040200,23173100,6050231900,60661115300,3006.8787,3006.8787,2964.875,3038.1981
140009000,3002.2445,2299100,18988500,6052531000,60680103800,3006.8787,3006.8787,2964.875,3038.1981
140013000,3002.3021,3673600,24917200,6056204600,60705021000,3006.8787,3006.8787,2964.875,3038.1981
140019000,3002.5723,4616100,29331300,6060820700,60734352300,3006.8787,3006.8787,2964.875,3038.1981
140024000,3002.5114,1430000,15958000,6062250700,60750310300,3006.8787,3006.8787,2964.875,3038.1981
140028000,3002.5442,2175100,22725400,6064425800,60773035700,3006.8787,3006.8787,2964.875,3038.1981
140034000,3002.6256,3918200,29955600,6068344000,60802991300,3006.8787,3006.8787,2964.875,3038.1981
140039000,3002.6007,3221300,25558400,6071565300,60828549700,3006.8787,3006.8787,2964.875,3038.1981
140043000,3002.8205,2920000,25036400,6074485300,60853586100,3006.8787,3006.8787,2964.875,3038.1981
140049000,3002.8104,3418700,23881800,6077904000,60877467900,3006.8787,3006.8787,2964.875,3038.1981
140054000,3002.9402,2273700,19459700,6080177700,60896927600,3006.8787,3006.8787,2964.875,3038.1981
140058000,3003.1527,1881000,19095900,6082058700,60916023500,3006.8787,3006.8787,2964.875,3038.1981
140104000,3004.061,3841900,43454400,6085900600,60959477900,3006.8787,3006.8787,2964.875,3038.1981
140109000,3004.5516,2767400,32659900,6088668000,60992137800,3006.8787,3006.8787,2964.875,3038.1981
140113000,3005.4706,3379100,41993600,6092047100,61034131400,3006.8787,3006.8787,2964.875,3038.1981
140119000,3005.4649,2889600,26193600,6094936700,61060325000,3006.8787,3006.8787,2964.875,3038.1981
140124000,3005.0379,3378400,29074300,6098315100,61089399300,3006.8787,3006.8787,2964.875,3038.1981
140128000,3005.6519,5699600,54124000,6104014700,61143523300,3006.8787,3006.8787,2964.875,3038.1981
140134000,3006.3431,3271400,36872300,6107286100,61180395600,3006.8787,3006.8787,2964.875,3038.1981
140139000,3006.6869,3848500,40983400,6111134600,61221379000,3006.8787,3007.4075,2964.875,3038.1981
140143000,3007.6205,5717100,55467500,6116851700,61276846500,3006.8787,3007.756,2964.875,3038.1981
140149000,3009.0551,9332900,97075700,6126184600,61373922200,3006.8787,3009.0551,2964.875,3038.1981
140154000,3009.0309,8638900,71216200,6134823500,61445138400,3006.8787,3010.3557,2964.875,3038.1981
140158000,3010.7037,4505600,58109800,6139329100,61503248200,3006.8787,3010.965,2964.875,3038.1981
140204000,3011.3251,7812600,70870300,6147141700,61574118500,3006.8787,3011.6021,2964.875,3038.1981
140209000,3011.3789,5304400,39931900,6152446100,61614050400,3006.8787,3011.662,2964.875,3038.1981
140213000,3011.7881,4036100,42130500,6156482200,61656180900,3006.8787,3011.9147,2964.875,3038.1981
140219000,3012.8582,7721700,70055100,6164203900,61726236000,3006.8787,3013.6838,2964.875,3038.1981
140224000,3013.4081,4546300,52708400,6168750200,61778944400,3006.8787,3014.295,2964.875,3038.1981
140228000,3014.9618,5020600,56503300,6173770800,61835447700,3006.8787,3014.9618,2964.875,3038.1981
140234000,3014.9148,5893600,70861700,6179664400,61906309400,3006.8787,3015.4839,2964.875,3038.1981
140239000,3015.6829,5741800,46539600,6185406200,61952849000,3006.8787,3015.6829,2964.875,3038.1981
140243000,3016.0788,10789100,87726800,6196195300,62040575800,3006.8787,3016.1639,2964.875,3038.1981
140249000,3016.8451,6736700,62683300,6202932000,62103259100,3006.8787,3017.1506,2964.875,3038.1981
140254000,3017.4595,6750600,63555300,6209682600,62166814400,3006.8787,3018.1915,2964.875,3038.1981
140258000,3018.2867,5892700,60132500,6215575300,62226946900,3006.8787,3018.2867,2964.875,3038.1981
140304000,3018.5821,6245200,67240000,6221820500,62294186900,3006.8787,3018.899,2964.875,3038.1981
140309000,3018.8362,4189300,39381300,6226009800,62333568200,3006.8787,3019.0453,2964.875,3038.1981
140313000,3018.897,4471000,48985900,6230480800,62382554100,3006.8787,3019.0453,2964.875,3038.1981
140319000,3018.9945,4612100,43785900,6235092900,62426340000,3006.8787,3019.0453,2964.875,3038.1981
140324000,3018.925,4153400,47813800,6239246300,62474153800,3006.8787,3019.1283,2964.875,3038.1981
140328000,3019.0341,4061100,43687600,6243307400,62517841400,3006.8787,3019.3175,2964.875,3038.1981
140334000,3019.1499,6681600,68598900,6249989000,62586440300,3006.8787,3019.3175,2964.875,3038.1981
140339000,3018.9378,2421100,27824000,6252410100,62614264300,3006.8787,3019.3175,2964.875,3038.1981
140343000,3018.9651,4814900,52669700,6257225000,62666934000,3006.8787,3019.3175,2964.875,3038.1981
140349000,3019.2831,3271100,47334500,6260496100,62714268500,3006.8787,3019.3175,2964.875,3038.1981
140354000,3018.6433,3700500,43424100,6264196600,62757692600,3006.8787,3019.3175,2964.875,3038.1981
140358000,3018.6367,4073300,41367400,6268269900,62799060000,3006.8787,3019.3175,2964.875,3038.1981
140404000,3018.8649,6031500,63642800,6274301400,62862702800,3006.8787,3019.3175,2964.875,3038.1981
140409000,3018.802,3075300,31272000,6277376700,62893974800,3006.8787,3019.3175,2964.875,3038.1981
140413000,3018.7437,3729100,45414800,6281105800,62939389600,3006.8787,3019.3175,2964.875,3038.1981
140419000,3018.7931,3122700,32290300,6284228500,62971679900,3006.8787,3019.3175,2964.875,3038.1981
140424000,3018.9507,3203600,41495700,6287432100,63013175600,3006.8787,3019.3175,2964.875,3038.1981
140428000,3019.0222,3431800,36963900,6290863900,63050139500,3006.8787,3019.3175,2964.875,3038.1981
140434000,3018.537,4580300,54491000,6295444200,63104630500,3006.8787,3019.3175,2964.875,3038.1981
140439000,3018.5412,3247700,34112900,6298691900,63138743400,3006.8787,3019.3175,2964.875,3038.1981
140443000,3018.7699,2958700,33018700,6301650600,63171762100,3006.8787,3019.3175,2964.875,3038.1981
140449000,3019.6112,2715500,31255300,6304366100,63203017400,3006.8787,3019.6794,2964.875,3038.1981
140454000,3019.5633,3979800,41835900,6308345900,63244853300,3006.8787,3019.6794,2964.875,3038.1981
140458000,3019.3738,4210300,42575600,6312556200,63287428900,3006.8787,3019.6794,2964.875,3038.1981
140504000,3019.2702,4858300,41062800,6317414500,63328491700,3006.8787,3019.7253,2964.875,3038.1981
140509000,3019.6362,3069400,31132700,6320483900,63359624400,3006.8787,3019.7253,2964.875,3038.1981
140513000,3019.7632,3921100,36366300,6324405000,63395990700,3006.8787,3019.7632,2964.875,3038.1981
140519000,3019.4801,3285400,29870500,6327690400,63425861200,3006.8787,3019.7632,2964.875,3038.1981
140524000,3019.3769,3590100,42970000,6331280500,63468831200,3006.8787,3019.7632,2964.875,3038.1981
140528000,3019.472,3855200,28566400,6335135700,63497397600,3006.8787,3019.7632,2964.875,3038.1981
140534000,3019.3737,3645400,42551300,6338781100,63539948900,3006.8787,3019.7632,2964.875,3038.1981
140539000,3019.5053,2711700,32021000,6341492800,63571969900,3006.8787,3019.8091,2964.875,3038.1981
140543000,3019.7119,3914200,37423900,6345407000,63609393800,3006.8787,3019.8091,2964.875,3038.1981
140549000,3019.3437,3198500,27436200,6348605500,63636830000,3006.8787,3019.8091,2964.875,3038.1981
140554000,3019.1374,3484600,31312100,6352090100,63668142100,3006.8787,3019.8091,2964.875,3038.1981
140558000,3019.4745,3142200,34751300,6355232300,63702893400,3006.8787,3019.8091,2964.875,3038.1981
140604000,3019.1808,3589000,45413200,6358821300,63748306600,3006.8787,3019.8091,2964.875,3038.1981
140609000,3019.043,2393200,22508900,6361214500,63770815500,3006.8787,3019.8091,2964.875,3038.1981
140613000,3019.1253,3056400,40650400,6364270900,63811465900,3006.8787,3019.8091,2964.875,3038.1981
140619000,3019.0392,3186500,35533900,6367457400,63846999800,3006.8787,3019.8091,2964.875,3038.1981
140624000,3018.9074,2593100,30704400,6370050500,63877704200,3006.8787,3019.8091,2964.875,3038.1981
140628000,3017.6074,3022700,37619500,6373073200,63915323700,3006.8787,3019.8091,2964.875,3038.1981
140634000,3018.0018,4101400,46588900,6377174600,63961912600,3006.8787,3019.8091,2964.875,3038.1981
140639000,3017.8224,2192100,25252500,6379366700,63987165100,3006.8787,3019.8091,2964.875,3038.1981
140643000,3017.8598,2852200,35253900,6382218900,64022419000,3006.8787,3019.8091,2964.875,3038.1981
140649000,3017.2248,2055000,23013400,6384273900,64045432400,3006.8787,3019.8091,2964.875,3038.1981
140654000,3017.6355,2447600,31699100,6386721500,64077131500,3006.8787,3019.8091,2964.875,3038.1981
140658000,3017.3419,2626600,27909200,6389348100,64105040700,3006.8787,3019.8091,2964.875,3038.1981
140704000,3016.5324,3031300,34922800,6392379400,64139963500,3006.8787,3019.8091,2964.875,3038.1981
140709000,3016.8993,1952500,18957400,6394331900,64158920900,3006.8787,3019.8091,2964.875,3038.1981
140713000,3016.9779,3612500,34979300,6397944400,64193900200,3006.8787,3019.8091,2964.875,3038.1981
140719000,3016.446,2221800,20826200,6400166200,64214726400,3006.8787,3019.8091,2964.875,3038.1981
140724000,3016.734,2431300,22687800,6402597500,64237414200,3006.8787,3019.8091,2964.875,3038.1981
140728000,3016.569,1645800,18772900,6404243300,64256187100,3006.8787,3019.8091,2964.875,3038.1981
140734000,3016.8246,3712700,34376400,6407956000,64290563500,3006.8787,3019.8091,2964.875,3038.1981
140739000,3016.8197,1832900,19967300,6409788900,64310530800,3006.8787,3019.8091,2964.875,3038.1981
140743000,3016.7864,2197500,22860300,6411986400,64333391100,3006.8787,3019.8091,2964.875,3038.1981
140749000,3016.8586,1674000,21114700,6413660400,64354505800,3006.8787,3019.8091,2964.875,3038.1981
140754000,3015.9361,2328400,24498000,6415988800,64379003800,3006.8787,3019.8091,2964.875,3038.1981
140758000,3016.2555,2283100,23912900,6418271900,64402916700,3006.8787,3019.8091,2964.875,3038.1981
140804000,3016.335,2231400,26145400,6420503300,64429062100,3006.8787,3019.8091,2964.875,3038.1981
140809000,3016.3042,1922700,22401400,6422426000,64451463500,3006.8787,3019.8091,2964.875,3038.1981
140813000,3016.1479,1443600,18285200,6423869600,64469748700,3006.8787,3019.8091,2964.875,3038.1981
140819000,3016.4348,1717900,19151200,6425587500,64488899900,3006.8787,3019.8091,2964.875,3038.1981
140824000,3016.4736,1836300,19226000,6427423800,64508125900,3006.8787,3019.8091,2964.875,3038.1981
140828000,3016.3348,1953900,19577700,6429377700,64527703600,3006.8787,3019.8091,2964.875,3038.1981
140834000,3016.3596,2528400,27811300,6431906100,64555514900,3006.8787,3019.8091,2964.875,3038.1981
140839000,3016.3681,1275300,15027500,6433181400,64570542400,3006.8787,3019.8091,2964.875,3038.1981
140843000,3015.9882,1876600,24720400,6435058000,64595262800,3006.8787,3019.8091,2964.875,3038.1981
140849000,3016.0776,1292100,16114300,6436350100,64611377100,3006.8787,3019.8091,2964.875,3038.1981
140854000,3016.0201,2063300,24347300,6438413400,64635724400,3006.8787,3019.8091,2964.875,3038.1981
140858000,3016.657,1762300,20073100,6440175700,64655797500,3006.8787,3019.8091,2964.875,3038.1981
140904000,3016.5898,1916000,24423800,6442091700,64680221300,3006.8787,3019.8091,2964.875,3038.1981
140909000,3016.4879,1072800,12668600,6443164500,64692889900,3006.8787,3019.8091,2964.875,3038.1981
140913000,3016.2905,1722700,21219500,6444887200,64714109400,3006.8787,3019.8091,2964.875,3038.1981
140919000,3016.482,2727600,24430000,6447614800,64738539400,3006.8787,3019.8091,2964.875,3038.1981
140924000,3016.6999,1872200,21061500,6449487000,64759600900,3006.8787,3019.8091,2964.875,3038.1981
140928000,3016.4533,1563800,17976400,6451050800,64777577300,3006.8787,3019.8091,2964.875,3038.1981
140934000,3016.6845,1988600,26537000,6453039400,64804114300,3006.8787,3019.8091,2964.875,3038.1981
140939000,3016.8023,1258600,15482500,6454298000,64819596800,3006.8787,3019.8091,2964.875,3038.1981
140943000,3016.8608,1449900,17635300,6455747900,64837232100,3006.8787,3019.8091,2964.875,3038.1981
140949000,3016.2491,1364100,18887300,6457112000,64856119400,3006.8787,3019.8091,2964.875,3038.1981
140954000,3015.7937,1698600,21586900,6458810600,64877706300,3006.8787,3019.8091,2964.875,3038.1981
140958000,3016.1966,1846100,28727100,6460656700,64906433400,3006.8787,3019.8091,2964.875,3038.1981
141004000,3016.4642,1875100,25878500,6462531800,64932311900,3006.8787,3019.8091,2964.875,3038.1981
141009000,3016.7572,1505100,23355800,6464036900,64955667700,3006.8787,3019.8091,2964.875,3038.1981
141013000,3017.1236,2745500,32666500,6466782400,64988334200,3006.8787,3019.8091,2964.875,3038.1981
141019000,3017.8594,3103300,41033100,6469885700,65029367300,3006.8787,3019.8091,2964.875,3038.1981
141024000,3017.9432,2612500,31565900,6472498200,65060933200,3006.8787,3019.8091,2964.875,3038.1981
141028000,3018.1874,2033500,28733400,6474531700,65089666600,3006.8787,3019.8091,2964.875,3038.1981
141034000,3018.3544,3230900,41920400,6477762600,65131587000,3006.8787,3019.8091,2964.875,3038.1981
141039000,3018.5454,2385400,30552800,6480148000,65162139800,3006.8787,3019.8091,2964.875,3038.1981
141043000,3018.7414,3050500,34446500,6483198500,65196586300,3006.8787,3019.8091,2964.875,3038.1981
141049000,3018.9994,2731600,42141100,6485930100,65238727400,3006.8787,3019.8091,2964.875,3038.1981
141054000,3018.9688,2314600,31954600,6488244700,65270682000,3006.8787,3019.8091,2964.875,3038.1981
141058000,3019.6292,3305300,39969600,6491550000,65310651600,3006.8787,3020.0558,2964.875,3038.1981
141104000,3020.5277,3654300,47454800,6495204300,65358106400,3006.8787,3020.7247,2964.875,3038.1981
141109000,3020.9816,1960300,26278600,6497164600,65384385000,3006.8787,3020.9816,2964.875,3038.1981
141113000,3020.8473,3052800,36073400,6500217400,65420458400,3006.8787,3020.9816,2964.875,3038.1981
141119000,3020.9678,3202700,38915300,6503420100,65459373700,3006.8787,3021.1718,2964.875,3038.1981
141124000,3021.1108,3783300,42273500,6507203400,65501647200,3006.8787,3021.4419,2964.875,3038.1981
141128000,3021.2852,3153400,41369200,6510356800,65543016400,3006.8787,3021.4419,2964.875,3038.1981
141134000,3021.2891,4146100,47536000,6514502900,65590552400,3006.8787,3021.5578,2964.875,3038.1981
141139000,3021.3624,2057700,22983900,6516560600,65613536300,3006.8787,3021.5578,2964.875,3038.1981
141143000,3021.4842,3138000,34308800,6519698600,65647845100,3006.8787,3021.5939,2964.875,3038.1981
141149000,3021.6198,2561700,28110900,6522260300,65675956000,3006.8787,3021.6198,2964.875,3038.1981
141154000,3021.3346,3108300,39625600,6525368600,65715581600,3006.8787,3021.6198,2964.875,3038.1981
141158000,3021.2026,3112800,39048600,6528481400,65754630200,3006.8787,3021.6935,2964.875,3038.1981
141204000,3021.8305,3983200,41751900,6532464600,65796382100,3006.8787,3022.4436,2964.875,3038.1981
141209000,3022.5757,1833400,24521900,6534298000,65820904000,3006.8787,3022.7252,2964.875,3038.1981
141213000,3022.4293,2402400,36015700,6536700400,65856919700,3006.8787,3022.7252,2964.875,3038.1981
141219000,3022.3946,2304800,29689700,6539005200,65886609400,3006.8787,3022.7252,2964.875,3038.1981
141224000,3023.0433,2267600,33078800,6541272800,65919688200,3006.8787,3023.0433,2964.875,3038.1981
141228000,3022.4373,3045800,31049100,6544318600,65950737300,3006.8787,3023.0433,2964.875,3038.1981
141234000,3022.1767,3423700,38486100,6547742300,65989223400,3006.8787,3023.0433,2964.875,3038.1981
141239000,3022.6589,1638700,22874800,6549381000,66012098200,3006.8787,3023.0433,2964.875,3038.1981
141243000,3022.1661,2720900,28153800,6552101900,66040252000,3006.8787,3023.0433,2964.875,3038.1981
141249000,3021.8794,2178800,29882400,6554280700,66070134400,3006.8787,3023.0433,2964.875,3038.1981
141254000,3021.752,3487000,38498000,6557767700,66108632400,3006.8787,3023.0433,2964.875,3038.1981
141258000,3021.3941,3263700,38588700,6561031400,66147221100,3006.8787,3023.0433,2964.875,3038.1981
141304000,3022.041,4140900,43589200,6565172300,66190810300,3006.8787,3023.0433,2964.875,3038.1981
141309000,3021.9683,1687700,20258700,6566860000,66211069000,3006.8787,3023.0433,2964.875,3038.1981
141313000,3021.7379,2617900,29766800,6569477900,66240835800,3006.8787,3023.0433,2964.875,3038.1981
141319000,3021.6356,3310900,34389200,6572788800,66275225000,3006.8787,3023.0433,2964.875,3038.1981
141324000,3021.6553,2241800,26027700,6575030600,66301252700,3006.8787,3023.0433,2964.875,3038.1981
141328000,3021.652,2286600,25239300,6577317200,66326492000,3006.8787,3023.0433,2964.875,3038.1981
141334000,3021.2774,2848000,32909000,6580165200,66359401000,3006.8787,3023.0433,2964.875,3038.1981
141339000,3022.0851,1786500,22278700,6581951700,66381679700,3006.8787,3023.0433,2964.875,3038.1981
141343000,3021.8329,3223800,30439100,6585175500,66412118800,3006.8787,3023.0433,2964.875,3038.1981
141349000,3021.5154,2013600,23227000,6587189100,66435345800,3006.8787,3023.0433,2964.875,3038.1981
141354000,3020.9905,2691300,31318000,6589880400,66466663800,3006.8787,3023.0433,2964.875,3038.1981
141358000,3020.9569,2458100,27901400,6592338500,66494565200,3006.8787,3023.0433,2964.875,3038.1981
141404000,3021.0689,1985000,23909400,6594323500,66518474600,3006.8787,3023.0433,2964.875,3038.1981
141409000,3021.4194,1439100,16429900,6595762600,66534904500,3006.8787,3023.0433,2964.875,3038.1981
141413000,3021.1552,1820100,22771000,6597582700,66557675500,3006.8787,3023.0433,2964.875,3038.1981
141419000,3021.5947,2619100,25775100,6600201800,66583450600,3006.8787,3023.0433,2964.875,3038.1981
141424000,3021.6556,2739900,32881100,6602941700,66616331700,3006.8787,3023.0433,2964.875,3038.1981
141428000,3021.2948,1885400,21130300,6604827100,66637462000,3006.8787,3023.0433,2964.875,3038.1981
141434000,3021.0749,2065400,30538900,6606892500,66668000900,3006.8787,3023.0433,2964.875,3038.1981
141439000,3020.983,1719300,20062900,6608611800,66688063800,3006.8787,3023.0433,2964.875,3038.1981
141443000,3020.8988,1806000,26587800,6610417800,66714651600,3006.8787,3023.0433,2964.875,3038.1981
141449000,3020.9468,1526400,18091300,6611944200,66732742900,3006.8787,3023.0433,2964.875,3038.1981
141454000,3020.806,2273600,21516400,6614217800,66754259300,3006.8787,3023.0433,2964.875,3038.1981
141458000,3020.5159,2319200,24337300,6616537000,66778596600,3006.8787,3023.0433,2964.875,3038.1981
141504000,3020.8617,2261000,28043100,6618798000,66806639700,3006.8787,3023.0433,2964.875,3038.1981
141509000,3021.1193,1674200,23230500,6620472200,66829870200,3006.8787,3023.0433,2964.875,3038.1981
141513000,3021.5106,3320900,39679700,6623793100,66869549900,3006.8787,3023.0433,2964.875,3038.1981
141519000,3022.8806,5899600,66626000,6629692700,66936175900,3006.8787,3023.6762,2964.875,3038.1981
141524000,3024.2175,6583700,73438500,6636276400,67009614400,3006.8787,3024.4978,2964.875,3038.1981
141528000,3024.9574,5434500,57745900,6641710900,67067360300,3006.8787,3024.9574,2964.875,3038.1981
141534000,3024.9491,5892000,59079200,6647602900,67126439500,3006.8787,3025.2487,2964.875,3038.1981
141539000,3025.3793,5958000,46753400,6653560900,67173192900,3006.8787,3025.725,2964.875,3038.1981
141543000,3025.651,5024200,46144600,6658585100,67219337500,3006.8787,3025.725,2964.875,3038.1981
141549000,3025.6952,5351000,45381600,6663936100,67264719100,3006.8787,3026.0393,2964.875,3038.1981
141554000,3025.6854,5386600,46218400,6669322700,67310937500,3006.8787,3026.0393,2964.875,3038.1981
141558000,3026.1444,4375800,36609900,6673698500,67347547400,3006.8787,3026.8698,2964.875,3038.1981
141604000,3026.4942,7545800,70841100,6681244300,67418388500,3006.8787,3026.8698,2964.875,3038.1981
141609000,3026.8189,2418900,27064900,6683663200,67445453400,3006.8787,3026.9209,2964.875,3038.1981
141613000,3026.9977,3880200,42921200,6687543400,67488374600,3006.8787,3026.9977,2964.875,3038.1981
141619000,3027.3049,2676700,32148300,6690220100,67520522900,3006.8787,3027.3503,2964.875,3038.1981
141624000,3027.503,3341800,37133300,6693561900,67557656200,3006.8787,3027.9494,2964.875,3038.1981
141628000,3027.7501,2759900,41654200,6696321800,67599310400,3006.8787,3027.9494,2964.875,3038.1981
141634000,3027.9827,4244900,47781200,6700566700,67647091600,3006.8787,3028.0526,2964.875,3038.1981
141639000,3027.9604,3501600,38742100,6704068300,67685833700,3006.8787,3028.0526,2964.875,3038.1981
141643000,3027.7105,4751500,57361800,6708819800,67743195500,3006.8787,3028.0614,2964.875,3038.1981
141649000,3027.7745,3032500,37278200,6711852300,67780473700,3006.8787,3028.0614,2964.875,3038.1981
141654000,3027.8945,3535600,38920000,6715387900,67819393700,3006.8787,3028.145,2964.875,3038.1981
141658000,3028.0468,4395500,48863900,6719783400,67868257600,3006.8787,3028.5424,2964.875,3038.1981
141704000,3028.2896,3867700,44189300,6723651100,67912446900,3006.8787,3028.5739,2964.875,3038.1981
141709000,3028.5424,2398200,24402700,6726049300,67936849600,3006.8787,3028.7158,2964.875,3038.1981
141713000,3028.8145,2949500,31912600,6728998800,67968762200,3006.8787,3028.8145,2964.875,3038.1981
141719000,3028.6476,2660400,33463200,6731659200,68002225400,3006.8787,3029.0653,2964.875,3038.1981
141724000,3029.0545,3251100,39360100,6734910300,68041585500,3006.8787,3029.0735,2964.875,3038.1981
141728000,3029.0442,3211700,39887900,6738122000,68081473400,3006.8787,3029.2898,2964.875,3038.1981
141734000,3029.1165,3335700,39448300,6741457700,68120921700,3006.8787,3029.7524,2964.875,3038.1981
141739000,3029.6292,2127800,23934200,6743585500,68144855900,3006.8787,3029.7524,2964.875,3038.1981
141743000,3029.3943,3749200,42658200,6747334700,68187514100,3006.8787,3029.7524,2964.875,3038.1981
141749000,3029.4238,4905100,40963200,6752239800,68228477300,3006.8787,3029.7524,2964.875,3038.1981
141754000,3029.165,3900800,43498700,6756140600,68271976000,3006.8787,3029.7524,2964.875,3038.1981
141758000,3029.1275,3733000,42290600,6759873600,68314266600,3006.8787,3029.7524,2964.875,3038.1981
141804000,3029.3379,5020100,55514600,6764893700,68369781200,3006.8787,3029.7524,2964.875,3038.1981
141809000,3029.8767,2776000,33435100,6767669700,68403216300,3006.8787,3030.1418,2964.875,3038.1981
141813000,3029.9851,3414500,42753800,6771084200,68445970100,3006.8787,3030.1418,2964.875,3038.1981
141819000,3029.5957,2913900,26813200,6773998100,68472783300,3006.8787,3030.1418,2964.875,3038.1981
141824000,3029.978,2274900,34704800,6776273000,68507488100,3006.8787,3030.1418,2964.875,3038.1981
141828000,3029.9286,2528800,31811600,6778801800,68539299700,3006.8787,3030.1418,2964.875,3038.1981
141834000,3029.879,3069100,43617900,6781870900,68582917600,3006.8787,3030.1418,2964.875,3038.1981
141839000,3029.7604,2361300,28146200,6784232200,68611063800,3006.8787,3030.1418,2964.875,3038.1981
141843000,3029.5056,3213500,41979000,6787445700,68653042800,3006.8787,3030.1418,2964.875,3038.1981
141849000,3029.0621,2749800,33547000,6790195500,68686589800,3006.8787,3030.1418,2964.875,3038.1981
141854000,3029.2082,3008800,38683900,6793204300,68725273700,3006.8787,3030.1418,2964.875,3038.1981
141858000,3029.1132,3667800,39783700,6796872100,68765057400,3006.8787,3030.1418,2964.875,3038.1981
141904000,3029.5967,3065800,39454300,6799937900,68804511700,3006.8787,3030.1418,2964.875,3038.1981
141909000,3029.3872,1737100,21464300,6801675000,68825976000,3006.8787,3030.1418,2964.875,3038.1981
141913000,3029.4854,4018300,38052200,6805693300,68864028200,3006.8787,3030.1418,2964.875,3038.1981
141919000,3029.4804,2124500,23509800,6807817800,68887538000,3006.8787,3030.1418,2964.875,3038.1981
141924000,3029.5429,2660400,36845300,6810478200,68924383300,3006.8787,3030.1418,2964.875,3038.1981
141928000,3029.8111,2765700,35200600,6813243900,68959583900,3006.8787,3030.1418,2964.875,3038.1981
141934000,3029.6813,2704500,40155900,6815948400,68999739800,3006.8787,3030.1418,2964.875,3038.1981
141939000,3029.7839,2068200,25228800,6818016600,69024968600,3006.8787,3030.1418,2964.875,3038.1981
141943000,3029.6583,2405900,32351200,6820422500,69057319800,3006.8787,3030.1418,2964.875,3038.1981
141949000,3029.4495,2520600,29243000,6822943100,69086562800,3006.8787,3030.1418,2964.875,3038.1981
141954000,3029.73,2953500,32794000,6825896600,69119356800,3006.8787,3030.1418,2964.875,3038.1981
141958000,3028.9209,1944700,23815400,6827841300,69143172200,3006.8787,3030.1418,2964.875,3038.1981
142004000,3028.7199,2173200,29586600,6830014500,69172758800,3006.8787,3030.1418,2964.875,3038.1981
142009000,3028.8637,1438400,20329600,6831452900,69193088400,3006.8787,3030.1418,2964.875,3038.1981
142013000,3028.7821,2105700,26179600,6833558600,69219268000,3006.8787,3030.1418,2964.875,3038.1981
142019000,3028.4502,2509900,28316100,6836068500,69247584100,3006.8787,3030.1418,2964.875,3038.1981
142024000,3028.6166,1662800,20843000,6837731300,69268427100,3006.8787,3030.1418,2964.875,3038.1981
142028000,3028.4154,2087300,32147200,6839818600,69300574300,3006.8787,3030.1418,2964.875,3038.1981
142034000,3028.0259,3536100,45889500,6843354700,69346463800,3006.8787,3030.1418,2964.875,3038.1981
142039000,3027.8571,1751600,19173400,6845106300,69365637200,3006.8787,3030.1418,2964.875,3038.1981
142043000,3027.9596,2628400,34162700,6847734700,69399799900,3006.8787,3030.1418,2964.875,3038.1981
142049000,3028.1058,2350200,22437800,6850084900,69422237700,3006.8787,3030.1418,2964.875,3038.1981
142054000,3027.6633,2210300,26062700,6852295200,69448300400,3006.8787,3030.1418,2964.875,3038.1981
142058000,3027.457,2524500,31889600,6854819700,69480190000,3006.8787,3030.1418,2964.875,3038.1981
142104000,3027.5612,3737700,37913100,6858557400,69518103100,3006.8787,3030.1418,2964.875,3038.1981
142109000,3027.445,2037800,22120700,6860595200,69540223800,3006.8787,3030.1418,2964.875,3038.1981
142113000,3027.462,2003000,26206300,6862598200,69566430100,3006.8787,3030.1418,2964.875,3038.1981
142119000,3026.6371,2022700,22459900,6864620900,69588890000,3006.8787,3030.1418,2964.875,3038.1981
142124000,3026.5656,3091000,28831300,6867711900,69617721300,3006.8787,3030.1418,2964.875,3038.1981
142128000,3026.5858,1733000,22176200,6869444900,69639897500,3006.8787,3030.1418,2964.875,3038.1981
142134000,3026.5909,2279300,24970200,6871724200,69664867700,3006.8787,3030.1418,2964.875,3038.1981
142139000,3026.5225,2088300,19207600,6873812500,69684075300,3006.8787,3030.1418,2964.875,3038.1981
142143000,3026.5044,1759800,21450900,6875572300,69705526200,3006.8787,3030.1418,2964.875,3038.1981
142149000,3026.1962,1627100,18202300,6877199400,69723728500,3006.8787,3030.1418,2964.875,3038.1981
142154000,3025.6411,2519000,28241800,6879718400,69751970300,3006.8787,3030.1418,2964.875,3038.1981
142158000,3025.3529,2114100,20795500,6881832500,69772765800,3006.8787,3030.1418,2964.875,3038.1981
142204000,3025.4334,1979500,23254600,6883812000,69796020400,3006.8787,3030.1418,2964.875,3038.1981
142209000,3025.7569,1542000,16683900,6885354000,69812704300,3006.8787,3030.1418,2964.875,3038.1981
142213000,3025.7259,3559500,28292300,6888913500,69840996600,3006.8787,3030.1418,2964.875,3038.1981
142219000,3025.7036,2888100,28594500,6891801600,69869591100,3006.8787,3030.1418,2964.875,3038.1981
142224000,3025.0628,1824000,21751500,6893625600,69891342600,3006.8787,3030.1418,2964.875,3038.1981
142228000,3024.6349,2122600,23690400,6895748200,69915033000,3006.8787,3030.1418,2964.875,3038.1981
142234000,3024.8784,2016500,23394800,6897764700,69938427800,3006.8787,3030.1418,2964.875,3038.1981
142239000,3024.2398,2183100,24759500,6899947800,69963187300,3006.8787,3030.1418,2964.875,3038.1981
142243000,3024.4016,3945600,31535300,6903893400,69994722600,3006.8787,3030.1418,2964.875,3038.1981
142249000,3023.0199,7800500,50791800,6911693900,70045514400,3006.8787,3030.1418,2964.875,3038.1981
142254000,3022.9667,3012900,33578000,6914706800,70079092400,3006.8787,3030.1418,2964.875,3038.1981
142258000,3022.7155,3629900,36723700,6918336700,70115816100,3006.8787,3030.1418,2964.875,3038.1981
142304000,3022.537,3037400,30334700,6921374100,70146150800,3006.8787,3030.1418,2964.875,3038.1981
142309000,3022.238,2289100,25717900,6923663200,70171868700,3006.8787,3030.1418,2964.875,3038.1981
142313000,3022.0397,2537800,30497600,6926201000,70202366300,3006.8787,3030.1418,2964.875,3038.1981
142319000,3021.7099,2086800,25442200,6928287800,70227808500,3006.8787,3030.1418,2964.875,3038.1981
142324000,3021.9137,2414600,21176600,6930702400,70248985100,3006.8787,3030.1418,2964.875,3038.1981
142328000,3021.8935,2766600,25360200,6933469000,70274345300,3006.8787,3030.1418,2964.875,3038.1981
142334000,3021.5274,2714000,30733700,6936183000,70305079000,3006.8787,3030.1418,2964.875,3038.1981
142339000,3021.3574,2457800,20211500,6938640800,70325290500,3006.8787,3030.1418,2964.875,3038.1981
142343000,3021.1634,3758900,32503600,6942399700,70357794100,3006.8787,3030.1418,2964.875,3038.1981
142349000,3020.9196,2315800,21575500,6944715500,70379369600,3006.8787,3030.1418,2964.875,3038.1981
142354000,3020.6504,3588700,33344200,6948304200,70412713800,3006.8787,3030.1418,2964.875,3038.1981
142358000,3020.7361,2318700,26157200,6950622900,70438871000,3006.8787,3030.1418,2964.875,3038.1981
142404000,3020.9265,1687900,22962500,6952310800,70461833500,3006.8787,3030.1418,2964.875,3038.1981
142409000,3021.2211,1088800,15465100,6953399600,70477298600,3006.8787,3030.1418,2964.875,3038.1981
142413000,3021.1877,1323700,17951600,6954723300,70495250200,3006.8787,3030.1418,2964.875,3038.1981
142419000,3021.126,1140300,15837400,6955863600,70511087600,3006.8787,3030.1418,2964.875,3038.1981
142424000,3020.8604,1807700,23501200,6957671300,70534588800,3006.8787,3030.1418,2964.875,3038.1981
142428000,3020.5307,1535000,22845500,6959206300,70557434300,3006.8787,3030.1418,2964.875,3038.1981
142434000,3020.4433,2216400,23814300,6961422700,70581248600,3006.8787,3030.1418,2964.875,3038.1981
142439000,3020.7468,1448100,17287100,6962870800,70598535700,3006.8787,3030.1418,2964.875,3038.1981
142443000,3020.443,1577200,18985000,6964448000,70617520700,3006.8787,3030.1418,2964.875,3038.1981
142449000,3020.0577,1047300,13980600,6965495300,70631501300,3006.8787,3030.1418,2964.875,3038.1981
142454000,3020.1515,1760000,19994300,6967255300,70651495600,3006.8787,3030.1418,2964.875,3038.1981
142458000,3020.5837,1533300,20110400,6968788600,70671606000,3006.8787,3030.1418,2964.875,3038.1981
142504000,3020.2694,2138500,23237800,6970927100,70694843800,3006.8787,3030.1418,2964.875,3038.1981
142509000,3020.2051,1331300,13180200,6972258400,70708024000,3006.8787,3030.1418,2964.875,3038.1981
142513000,3019.9565,1832300,21194600,6974090700,70729218600,3006.8787,3030.1418,2964.875,3038.1981
142519000,3020.0744,1459100,20223600,6975549800,70749442200,3006.8787,3030.1418,2964.875,3038.1981
142524000,3019.8276,1467100,24175600,6977016900,70773617800,3006.8787,3030.1418,2964.875,3038.1981
142528000,3019.6543,1371300,18743300,6978388200,70792361100,3006.8787,3030.1418,2964.875,3038.1981
142534000,3019.8686,1858100,20349600,6980246300,70812710700,3006.8787,3030.1418,2964.875,3038.1981
142539000,3020.0174,1290900,14430300,6981537200,70827141000,3006.8787,3030.1418,2964.875,3038.1981
142543000,3020.058,1377000,16292000,6982914200,70843433000,3006.8787,3030.1418,2964.875,3038.1981
142549000,3020.5817,1861000,24915100,6984775200,70868348100,3006.8787,3030.1418,2964.875,3038.1981
142554000,3020.1512,2607400,27020100,6987382600,70895368200,3006.8787,3030.1418,2964.875,3038.1981
142558000,3019.0207,1808300,28799400,6989190900,70924167600,3006.8787,3030.1418,2964.875,3038.1981
142604000,3019.5923,1320200,21713600,6990511100,70945881200,3006.8787,3030.1418,2964.875,3038.1981
142609000,3019.9905,1202400,12784700,6991713500,70958665900,3006.8787,3030.1418,2964.875,3038.1981
142613000,3019.9635,2009100,23298300,6993722600,70981964200,3006.8787,3030.1418,2964.875,3038.1981
142619000,3019.9366,1794000,18452100,6995516600,71000416300,3006.8787,3030.1418,2964.875,3038.1981
142624000,3020.1941,1387600,16956700,6996904200,71017373000,3006.8787,3030.1418,2964.875,3038.1981
142628000,3019.9741,1364800,17964400,6998269000,71035337400,3006.8787,3030.1418,2964.875,3038.1981
142634000,3019.4006,2547000,28724800,7000816000,71064062200,3006.8787,3030.1418,2964.875,3038.1981
142639000,3019.3096,2200000,27636400,7003016000,71091698600,3006.8787,3030.1418,2964.875,3038.1981
142643000,3019.2234,1701200,22419800,7004717200,71114118400,3006.8787,3030.1418,2964.875,3038.1981
142649000,3018.9321,2456000,28989000,7007173200,71143107400,3006.8787,3030.1418,2964.875,3038.1981
142654000,3019.0733,2126700,28003300,7009299900,71171110700,3006.8787,3030.1418,2964.875,3038.1981
142658000,3018.5,2770700,34187300,7012070600,71205298000,3006.8787,3030.1418,2964.875,3038.1981
142704000,3018.5376,2463200,35479600,7014533800,71240777600,3006.8787,3030.1418,2964.875,3038.1981
142709000,3017.9366,1944200,21858100,7016478000,71262635700,3006.8787,3030.1418,2964.875,3038.1981
142713000,3018.0786,1254300,17044900,7017732300,71279680600,3006.8787,3030.1418,2964.875,3038.1981
142719000,3018.1501,1578800,18105700,7019311100,71297786300,3006.8787,3030.1418,2964.875,3038.1981
142724000,3018.6058,1794800,21221300,7021105900,71319007600,3006.8787,3030.1418,2964.875,3038.1981
142728000,3017.9845,1652300,17633200,7022758200,71336640800,3006.8787,3030.1418,2964.875,3038.1981
142734000,3018.0152,2220900,24988900,7024979100,71361629700,3006.8787,3030.1418,2964.875,3038.1981
142739000,3017.9698,1253600,14798000,7026232700,71376427700,3006.8787,3030.1418,2964.875,3038.1981
142743000,3018.2042,1593200,20134900,7027825900,71396562600,3006.8787,3030.1418,2964.875,3038.1981
142749000,3018.0448,1204500,14194700,7029030400,71410757300,3006.8787,3030.1418,2964.875,3038.1981
142754000,3018.0943,1968300,22258100,7030998700,71433015400,3006.8787,3030.1418,2964.875,3038.1981
142758000,3017.8559,1941500,26252800,7032940200,71459268200,3006.8787,3030.1418,2964.875,3038.1981
142804000,3017.9668,2026200,23024700,7034966400,71482292900,3006.8787,3030.1418,2964.875,3038.1981
142809000,3018.3677,1448700,14218200,7036415100,71496511100,3006.8787,3030.1418,2964.875,3038.1981
142813000,3018.1434,1927100,21919100,7038342200,71518430200,3006.8787,3030.1418,2964.875,3038.1981
142819000,3017.9782,1716900,17563700,7040059100,71535993900,3006.8787,3030.1418,2964.875,3038.1981
142824000,3018.2586,1669700,20140100,7041728800,71556134000,3006.8787,3030.1418,2964.875,3038.1981
142828000,3018.2052,1729700,19891000,7043458500,71576025000,3006.8787,3030.1418,2964.875,3038.1981
142834000,3018.6037,2731500,24285500,7046190000,71600310500,3006.8787,3030.1418,2964.875,3038.1981
142839000,3018.4209,1624500,16078400,7047814500,71616388900,3006.8787,3030.1418,2964.875,3038.1981
142843000,3018.4681,1369000,15943500,7049183500,71632332400,3006.8787,3030.1418,2964.875,3038.1981
142849000,3018.5088,2398100,21919600,7051581600,71654252000,3006.8787,3030.1418,2964.875,3038.1981
142854000,3018.3952,1644700,19529700,7053226300,71673781700,3006.8787,3030.1418,2964.875,3038.1981
142858000,3018.3777,2192700,27511700,7055419000,71701293400,3006.8787,3030.1418,2964.875,3038.1981
142904000,3018.5747,1631400,19974500,7057050400,71721267900,3006.8787,3030.1418,2964.875,3038.1981
142909000,3018.7868,1143100,11991900,7058193500,71733259800,3006.8787,3030.1418,2964.875,3038.1981
142913000,3019.2605,3032500,29361400,7061226000,71762621200,3006.8787,3030.1418,2964.875,3038.1981
142919000,3018.8294,1908000,20017200,7063134000,71782638400,3006.8787,3030.1418,2964.875,3038.1981
142924000,3019.2828,2252600,22667300,7065386600,71805305700,3006.8787,3030.1418,2964.875,3038.1981
142928000,3019.0267,2262100,24608300,7067648700,71829914000,3006.8787,3030.1418,2964.875,3038.1981
142934000,3018.8941,3110800,31050600,7070759500,71860964600,3006.8787,3030.1418,2964.875,3038.1981
142939000,3018.9556,1078800,12186500,7071838300,71873151100,3006.8787,3030.1418,2964.875,3038.1981
142943000,3018.8852,2327500,22645900,7074165800,71895797000,3006.8787,3030.1418,2964.875,3038.1981
142949000,3019.0138,2055900,24196200,7076221700,71919993200,3006.8787,3030.1418,2964.875,3038.1981
142954000,3019.0339,2610300,26926400,7078832000,71946919600,3006.8787,3030.1418,2964.875,3038.1981
142958000,3018.167,1646800,21483900,7080478800,71968403500,3006.8787,3030.1418,2964.875,3038.1981
143004000,3018.7165,1917000,19281800,7082395800,71987685300,3006.8787,3030.1418,2964.875,3038.1981
143009000,3018.5266,2556300,19872200,7084952100,72007557500,3006.8787,3030.1418,2964.875,3038.1981
143013000,3019.0513,2020900,26838200,7086973000,72034395700,3006.8787,3030.1418,2964.875,3038.1981
143019000,3018.6671,1446500,16043500,7088419500,72050439200,3006.8787,3030.1418,2964.875,3038.1981
143024000,3018.9944,2157600,17952600,7090577100,72068391800,3006.8787,3030.1418,2964.875,3038.1981
143028000,3018.8647,1817900,22032700,7092395000,72090424500,3006.8787,3030.1418,2964.875,3038.1981
143034000,3018.9832,1804700,20728600,7094199700,72111153100,3006.8787,3030.1418,2964.875,3038.1981
143039000,3018.7382,1806600,16729500,7096006300,72127882600,3006.8787,3030.1418,2964.875,3038.1981
143043000,3018.9492,1767600,17619800,7097773900,72145502400,3006.8787,3030.1418,2964.875,3038.1981
143049000,3018.8208,2021000,21099200,7099794900,72166601600,3006.8787,3030.1418,2964.875,3038.1981
143054000,3018.6665,1414200,11813100,7101209100,72178414700,3006.8787,3030.1418,2964.875,3038.1981
143058000,3018.6424,1043300,14721900,7102252400,72193136600,3006.8787,3030.1418,2964.875,3038.1981
143104000,3018.3935,2510200,22508200,7104762600,72215644800,3006.8787,3030.1418,2964.875,3038.1981
143109000,3018.546,1115000,15648600,7105877600,72231293400,3006.8787,3030.1418,2964.875,3038.1981
143113000,3018.9545,1817200,18823700,7107694800,72250117100,3006.8787,3030.1418,2964.875,3038.1981
143119000,3018.9926,2765800,23664000,7110460600,72273781100,3006.8787,3030.1418,2964.875,3038.1981
143124000,3018.7926,1319500,16261900,7111780100,72290043000,3006.8787,3030.1418,2964.875,3038.1981
143128000,3018.754,2751600,25973000,7114531700,72316016000,3006.8787,3030.1418,2964.875,3038.1981
143134000,3019.0408,2275300,21685300,7116807000,72337701300,3006.8787,3030.1418,2964.875,3038.1981
143139000,3018.8617,1310100,15658800,7118117100,72353360100,3006.8787,3030.1418,2964.875,3038.1981
143143000,3019.6603,1902200,22317800,7120019300,72375677900,3006.8787,3030.1418,2964.875,3038.1981
143149000,3019.4815,2109100,20633300,7122128400,72396311200,3006.8787,3030.1418,2964.875,3038.1981
143154000,3019.5203,2352200,22833300,7124480600,72419144500,3006.8787,3030.1418,2964.875,3038.1981
143158000,3018.8354,2888700,26893300,7127369300,72446037800,3006.8787,3030.1418,2964.875,3038.1981
143204000,3019.6687,3391000,29142600,7130760300,72475180400,3006.8787,3030.1418,2964.875,3038.1981
143209000,3019.5739,1489600,16173300,7132249900,72491353700,3006.8787,3030.1418,2964.875,3038.1981
143213000,3019.5662,2418000,24200400,7134667900,72515554100,3006.8787,3030.1418,2964.875,3038.1981
143219000,3019.7692,1615800,17443700,7136283700,72532997800,3006.8787,3030.1418,2964.875,3038.1981
143224000,3020.2355,2278100,20869400,7138561800,72553867200,3006.8787,3030.1418,2964.875,3038.1981
143228000,3020.3254,1908900,21247600,7140470700,72575114800,3006.8787,3030.1418,2964.875,3038.1981
143234000,3020.212,1972700,23732600,7142443400,72598847400,3006.8787,3030.1418,2964.875,3038.1981
143239000,3019.8409,1608500,17830700,7144051900,72616678100,3006.8787,3030.1418,2964.875,3038.1981
143243000,3019.923,1920100,23268600,7145972000,72639946700,3006.8787,3030.1418,2964.875,3038.1981
143249000,3019.9774,1911600,19868400,7147883600,72659815100,3006.8787,3030.1418,2964.875,3038.1981
143254000,3020.036,1895700,19470500,7149779300,72679285600,3006.8787,3030.1418,2964.875,3038.1981
143258000,3020.0785,2346800,26231300,7152126100,72705516900,3006.8787,3030.1418,2964.875,3038.1981
143304000,3020.4892,4027900,33904300,7156154000,72739421200,3006.8787,3030.1418,2964.875,3038.1981
143309000,3020.2569,2597100,23440500,7158751100,72762861700,3006.8787,3030.1418,2964.875,3038.1981
143313000,3020.7697,6943800,56084900,7165694900,72818946600,3006.8787,3030.1418,2964.875,3038.1981
143319000,3020.4186,2632200,25490200,7168327100,72844436800,3006.8787,3030.1418,2964.875,3038.1981
143324000,3020.423,1662900,15759300,7169990000,72860196100,3006.8787,3030.1418,2964.875,3038.1981
143328000,3020.6982,3233500,24957500,7173223500,72885153600,3006.8787,3030.1418,2964.875,3038.1981
143334000,3020.9761,2670800,24320500,7175894300,72909474100,3006.8787,3030.1418,2964.875,3038.1981
143339000,3020.7699,1606200,14809100,7177500500,72924283200,3006.8787,3030.1418,2964.875,3038.1981
143343000,3020.8575,1685300,16958600,7179185800,72941241800,3006.8787,3030.1418,2964.875,3038.1981
143349000,3020.4252,1974700,20024300,7181160500,72961266100,3006.8787,3030.1418,2964.875,3038.1981
143354000,3020.5318,2265900,27748300,7183426400,72989014400,3006.8787,3030.1418,2964.875,3038.1981
143358000,3019.8783,2897100,22293300,7186323500,73011307700,3006.8787,3030.1418,2964.875,3038.1981
143404000,3020.3215,1912500,24101800,7188236000,73035409500,3006.8787,3030.1418,2964.875,3038.1981
143409000,3020.638,1395700,15339200,7189631700,73050748700,3006.8787,3030.1418,2964.875,3038.1981
143413000,3020.8283,2117500,23741500,7191749200,73074490200,3006.8787,3030.1418,2964.875,3038.1981
143419000,3020.8056,3857900,28985200,7195607100,73103475400,3006.8787,3030.1418,2964.875,3038.1981
143424000,3021.3741,1827100,18554400,7197434200,73122029800,3006.8787,3030.1418,2964.875,3038.1981
143428000,3021.1197,1627800,17412400,7199062000,73139442200,3006.8787,3030.1418,2964.875,3038.1981
143434000,3021.1813,2482300,24896500,7201544300,73164338700,3006.8787,3030.1418,2964.875,3038.1981
143439000,3021.1138,1586200,18028700,7203130500,73182367400,3006.8787,3030.1418,2964.875,3038.1981
143443000,3021.146,2379200,30986100,7205509700,73213353500,3006.8787,3030.1418,2964.875,3038.1981
143449000,3020.9494,2048400,26231400,7207558100,73239584900,3006.8787,3030.1418,2964.875,3038.1981
143454000,3021.3642,2384600,29814000,7209942700,73269398900,3006.8787,3030.1418,2964.875,3038.1981
143458000,3021.505,2731400,24371300,7212674100,73293770200,3006.8787,3030.1418,2964.875,3038.1981
143504000,3022.3765,4127400,39989600,7216801500,73333759800,3006.8787,3030.1418,2964.875,3038.1981
143509000,3021.9794,1807400,18177500,7218608900,73351937300,3006.8787,3030.1418,2964.875,3038.1981
143513000,3022.3148,3333800,28787500,7221942700,73380724800,3006.8787,3030.1418,2964.875,3038.1981
143519000,3021.9262,3858800,28068500,7225801500,73408793300,3006.8787,3030.1418,2964.875,3038.1981
143524000,3022.1347,2302800,27293900,7228104300,73436087200,3006.8787,3030.1418,2964.875,3038.1981
143528000,3022.0488,1953500,21823800,7230057800,73457911000,3006.8787,3030.1418,2964.875,3038.1981
143534000,3022.3599,2792000,40221200,7232849800,73498132200,3006.8787,3030.1418,2964.875,3038.1981
143539000,3022.2838,1835000,20585400,7234684800,73518717600,3006.8787,3030.1418,2964.875,3038.1981
143543000,3022.2349,2892100,35482400,7237576900,73554200000,3006.8787,3030.1418,2964.875,3038.1981
143549000,3022.0404,2708000,25234800,7240284900,73579434800,3006.8787,3030.1418,2964.875,3038.1981
143554000,3022.0978,2296100,26818500,7242581000,73606253300,3006.8787,3030.1418,2964.875,3038.1981
143558000,3020.9887,2074000,24461700,7244655000,73630715000,3006.8787,3030.1418,2964.875,3038.1981
143604000,3021.684,2760200,28782800,7247415200,73659497800,3006.8787,3030.1418,2964.875,3038.1981
143609000,3021.2159,2226700,20201100,7249641900,73679698900,3006.8787,3030.1418,2964.875,3038.1981
143613000,3021.5388,2179000,26446900,7251820900,73706145800,3006.8787,3030.1418,2964.875,3038.1981
143619000,3021.725,2259700,22037100,7254080600,73728182900,3006.8787,3030.1418,2964.875,3038.1981
143624000,3021.7181,2665800,27731100,7256746400,73755914000,3006.8787,3030.1418,2964.875,3038.1981
143628000,3021.4157,2583200,29483100,7259329600,73785397100,3006.8787,3030.1418,2964.875,3038.1981
143634000,3021.0624,4166400,46137700,7263496000,73831534800,3006.8787,3030.1418,2964.875,3038.1981
143639000,3020.6513,3167800,35690300,7266663800,73867225100,3006.8787,3030.1418,2964.875,3038.1981
143643000,3019.9458,3871800,43449200,7270535600,73910674300,3006.8787,3030.1418,2964.875,3038.1981
143649000,3019.4816,3871000,41427200,7274406600,73952101500,3006.8787,3030.1418,2964.875,3038.1981
143654000,3018.8962,3927000,44440800,7278333600,73996542300,3006.8787,3030.1418,2964.875,3038.1981
143658000,3018.645,5297100,48584100,7283630700,74045126400,3006.8787,3030.1418,2964.875,3038.1981
143704000,3018.6888,5218300,48520500,7288849000,74093646900,3006.8787,3030.1418,2964.875,3038.1981
143709000,3018.2942,2088000,22533300,7290937000,74116180200,3006.8787,3030.1418,2964.875,3038.1981
143713000,3018.0077,3738000,33388500,7294675000,74149568700,3006.8787,3030.1418,2964.875,3038.1981
143719000,3018.2298,1642600,16897400,7296317600,74166466100,3006.8787,3030.1418,2964.875,3038.1981
143724000,3018.2056,1823600,21175500,7298141200,74187641600,3006.8787,3030.1418,2964.875,3038.1981
143728000,3018.097,2607500,30178800,7300748700,74217820400,3006.8787,3030.1418,2964.875,3038.1981
143734000,3017.8302,2432000,24274400,7303180700,74242094800,3006.8787,3030.1418,2964.875,3038.1981
143739000,3017.9443,1641000,18774600,7304821700,74260869400,3006.8787,3030.1418,2964.875,3038.1981
143743000,3017.4526,2814900,28460100,7307636600,74289329500,3006.8787,3030.1418,2964.875,3038.1981
143749000,3017.7346,2946900,24950400,7310583500,74314279900,3006.8787,3030.1418,2964.875,3038.1981
143754000,3017.7089,2306100,24240800,7312889600,74338520700,3006.8787,3030.1418,2964.875,3038.1981
143758000,3016.7288,2829500,35804900,7315719100,74374325600,3006.8787,3030.1418,2964.875,3038.1981
143804000,3016.9963,3100800,25136700,7318819900,74399462300,3006.8787,3030.1418,2964.875,3038.1981
143809000,3017.4094,1529900,16946500,7320349800,74416408800,3006.8787,3030.1418,2964.875,3038.1981
143813000,3017.3963,3658800,34591800,7324008600,74451000600,3006.8787,3030.1418,2964.875,3038.1981
143819000,3016.7952,1306300,16175800,7325314900,74467176400,3006.8787,3030.1418,2964.875,3038.1981
143824000,3016.9423,2590600,27118600,7327905500,74494295000,3006.8787,3030.1418,2964.875,3038.1981
143828000,3016.4964,1833300,22323300,7329738800,74516618300,3006.8787,3030.1418,2964.875,3038.1981
143834000,3016.7443,2568700,24270200,7332307500,74540888500,3006.8787,3030.1418,2964.875,3038.1981
143839000,3016.7864,1653400,18857300,7333960900,74559745800,3006.8787,3030.1418,2964.875,3038.1981
143843000,3016.5308,2068700,24064300,7336029600,74583810100,3006.8787,3030.1418,2964.875,3038.1981
143849000,3016.1637,2040100,22734600,7338069700,74606544700,3006.8787,3030.1418,2964.875,3038.1981
143854000,3016.1745,1599900,17188100,7339669600,74623732800,3006.8787,3030.1418,2964.875,3038.1981
143858000,3016.0146,2150600,23607900,7341820200,74647340700,3006.8787,3030.1418,2964.875,3038.1981
143904000,3015.7218,2297800,24290300,7344118000,74671631000,3006.8787,3030.1418,2964.875,3038.1981
143909000,3015.9522,1538300,18385600,7345656300,74690016600,3006.8787,3030.1418,2964.875,3038.1981
143913000,3015.4994,2366200,21461400,7348022500,74711478000,3006.8787,3030.1418,2964.875,3038.1981
143919000,3015.7665,1522900,16819500,7349545400,74728297500,3006.8787,3030.1418,2964.875,3038.1981
143924000,3016.2138,2081400,24600500,7351626800,74752898000,3006.8787,3030.1418,2964.875,3038.1981
143928000,3015.9123,2866800,28521400,7354493600,74781419400,3006.8787,3030.1418,2964.875,3038.1981
143934000,3015.9973,2004000,20826400,7356497600,74802245800,3006.8787,3030.1418,2964.875,3038.1981
143939000,3015.8511,1746900,16375100,7358244500,74818620900,3006.8787,3030.1418,2964.875,3038.1981
143943000,3015.4716,2107000,25664500,7360351500,74844285400,3006.8787,3030.1418,2964.875,3038.1981
143949000,3015.5611,1713800,20553700,7362065300,74864839100,3006.8787,3030.1418,2964.875,3038.1981
143954000,3015.8253,1701500,18989600,7363766800,74883828700,3006.8787,3030.1418,2964.875,3038.1981
143958000,3014.8544,2323500,28376900,7366090300,74912205600,3006.8787,3030.1418,2964.875,3038.1981
144004000,3015.5571,2429300,25002800,7368519600,74937208400,3006.8787,3030.1418,2964.875,3038.1981
144009000,3015.2096,1043200,11363300,7369562800,74948571700,3006.8787,3030.1418,2964.875,3038.1981
144013000,3015.4338,2089300,23841300,7371652100,74972413000,3006.8787,3030.1418,2964.875,3038.1981
144019000,3015.5284,2026700,22388800,7373678800,74994801800,3006.8787,3030.1418,2964.875,3038.1981
144024000,3015.2023,1803400,19631600,7375482200,75014433400,3006.8787,3030.1418,2964.875,3038.1981
144028000,3015.6231,2209900,30312400,7377692100,75044745800,3006.8787,3030.1418,2964.875,3038.1981
144034000,3015.7116,1605900,17337600,7379298000,75062083400,3006.8787,3030.1418,2964.875,3038.1981
144039000,3015.6973,1633000,16225500,7380931000,75078308900,3006.8787,3030.1418,2964.875,3038.1981
144043000,3015.6081,1973900,22415700,7382904900,75100724600,3006.8787,3030.1418,2964.875,3038.1981
144049000,3015.581,1720500,17804300,7384625400,75118528900,3006.8787,3030.1418,2964.875,3038.1981
144054000,3015.6109,1569700,18495900,7386195100,75137024800,3006.8787,3030.1418,2964.875,3038.1981
144058000,3015.7289,1674900,21459000,7387870000,75158483800,3006.8787,3030.1418,2964.875,3038.1981
144104000,3015.9413,2156900,24771400,7390026900,75183255200,3006.8787,3030.1418,2964.875,3038.1981
144109000,3015.7439,2263900,20500600,7392290800,75203755800,3006.8787,3030.1418,2964.875,3038.1981
144113000,3016.27,1951700,21898300,7394242500,75225654100,3006.8787,3030.1418,2964.875,3038.1981
144119000,3016.1551,1647000,20948000,7395889500,75246602100,3006.8787,3030.1418,2964.875,3038.1981
144124000,3016.1655,1783300,19472700,7397672800,75266074800,3006.8787,3030.1418,2964.875,3038.1981
144128000,3015.9371,1674700,23976100,7399347500,75290050900,3006.8787,3030.1418,2964.875,3038.1981
144134000,3016.9179,1869300,24695200,7401216800,75314746100,3006.8787,3030.1418,2964.875,3038.1981
144139000,3016.5325,1316300,13974100,7402533100,75328720200,3006.8787,3030.1418,2964.875,3038.1981
144143000,3017.2355,2092300,22235400,7404625400,75350955600,3006.8787,3030.1418,2964.875,3038.1981
144149000,3016.7754,1841500,24988000,7406466900,75375943600,3006.8787,3030.1418,2964.875,3038.1981
144154000,3016.8697,2351700,25353900,7408818600,75401297500,3006.8787,3030.1418,2964.875,3038.1981
144158000,3016.2496,2823100,31317600,7411641700,75432615100,3006.8787,3030.1418,2964.875,3038.1981
144204000,3017.0127,2639800,29079200,7414281500,75461694300,3006.8787,3030.1418,2964.875,3038.1981
144209000,3016.7788,1207500,13586400,7415489000,75475280700,3006.8787,3030.1418,2964.875,3038.1981
144213000,3016.8422,1748500,18310500,7417237500,75493591200,3006.8787,3030.1418,2964.875,3038.1981
144219000,3016.9474,1503300,16861100,7418740800,75510452300,3006.8787,3030.1418,2964.875,3038.1981
144224000,3017.293,1407200,17070600,7420148000,75527522900,3006.8787,3030.1418,2964.875,3038.1981
144228000,3017.2309,1646100,19502700,7421794100,75547025600,3006.8787,3030.1418,2964.875,3038.1981
144234000,3017.593,2003900,25986200,7423798000,75573011800,3006.8787,3030.1418,2964.875,3038.1981
144239000,3017.4269,1077500,12424300,7424875500,75585436100,3006.8787,3030.1418,2964.875,3038.1981
144243000,3017.295,1616200,18077400,7426491700,75603513500,3006.8787,3030.1418,2964.875,3038.1981
144249000,3017.2507,1915600,18692400,7428407300,75622205900,3006.8787,3030.1418,2964.875,3038.1981
144254000,3017.2357,1453800,16698900,7429861100,75638904800,3006.8787,3030.1418,2964.875,3038.1981
144258000,3017.2968,1490900,18705000,7431352000,75657609800,3006.8787,3030.1418,2964.875,3038.1981
144304000,3017.351,2123100,26496200,7433475100,75684106000,3006.8787,3030.1418,2964.875,3038.1981
144309000,3017.2727,961100,12115200,7434436200,75696221200,3006.8787,3030.1418,2964.875,3038.1981
144313000,3017.3479,1954200,27120800,7436390400,75723342000,3006.8787,3030.1418,2964.875,3038.1981
144319000,3017.4096,1573200,21350600,7437963600,75744692600,3006.8787,3030.1418,2964.875,3038.1981
144324000,3017.4442,1886700,21845300,7439850300,75766537900,3006.8787,3030.1418,2964.875,3038.1981
144328000,3017.374,2162700,26380300,7442013000,75792918200,3006.8787,3030.1418,2964.875,3038.1981
144334000,3017.2456,2150100,26443300,7444163100,75819361500,3006.8787,3030.1418,2964.875,3038.1981
144339000,3017.3031,1383200,12971800,7445546300,75832333300,3006.8787,3030.1418,2964.875,3038.1981
144343000,3017.5045,2618100,23460200,7448164400,75855793500,3006.8787,3030.1418,2964.875,3038.1981
144349000,3017.2349,1462200,18959500,7449626600,75874753000,3006.8787,3030.1418,2964.875,3038.1981
144354000,3017.2439,1525900,18005800,7451152500,75892758800,3006.8787,3030.1418,2964.875,3038.1981
144358000,3016.7565,2577100,27717400,7453729600,75920476200,3006.8787,3030.1418,2964.875,3038.1981
144404000,3017.0833,2618600,23974500,7456348200,75944450700,3006.8787,3030.1418,2964.875,3038.1981
144409000,3017.0498,1488900,13400500,7457837100,75957851200,3006.8787,3030.1418,2964.875,3038.1981
144413000,3016.8561,2007200,26433300,7459844300,75984284500,3006.8787,3030.1418,2964.875,3038.1981
144419000,3016.8976,1546100,16770300,7461390400,76001054800,3006.8787,3030.1418,2964.875,3038.1981
144424000,3016.3601,1746800,19179500,7463137200,76020234300,3006.8787,3030.1418,2964.875,3038.1981
144428000,3016.6024,1684100,20326200,7464821300,76040560500,3006.8787,3030.1418,2964.875,3038.1981
144434000,3016.4691,2067300,22084300,7466888600,76062644800,3006.8787,3030.1418,2964.875,3038.1981
144439000,3016.3659,859500,10162300,7467748100,76072807100,3006.8787,3030.1418,2964.875,3038.1981
144443000,3016.4326,2809400,26346800,7470557500,76099153900,3006.8787,3030.1418,2964.875,3038.1981
144449000,3016.0006,1706600,18222900,7472264100,76117376800,3006.8787,3030.1418,2964.875,3038.1981
144454000,3016.1174,1541600,18507100,7473805700,76135883900,3006.8787,3030.1418,2964.875,3038.1981
144458000,3016.0896,1978700,19789800,7475784400,76155673700,3006.8787,3030.1418,2964.875,3038.1981
144504000,3016.3713,3094900,25970900,7478879300,76181644600,3006.8787,3030.1418,2964.875,3038.1981
144509000,3016.0943,2094800,18342300,7480974100,76199986900,3006.8787,3030.1418,2964.875,3038.1981
144513000,3015.9915,1543400,21988800,7482517500,76221975700,3006.8787,3030.1418,2964.875,3038.1981
144519000,3016.0397,1686800,19337100,7484204300,76241312800,3006.8787,3030.1418,2964.875,3038.1981
144524000,3015.8114,1434400,18784800,7485638700,76260097600,3006.8787,3030.1418,2964.875,3038.1981
144528000,3015.5855,3065700,24033200,7488704400,76284130800,3006.8787,3030.1418,2964.875,3038.1981
144534000,3015.7877,4014400,30159400,7492718800,76314290200,3006.8787,3030.1418,2964.875,3038.1981
144539000,3015.6332,1194600,14395500,7493913400,76328685700,3006.8787,3030.1418,2964.875,3038.1981
144543000,3015.7856,2083600,20688700,7495997000,76349374400,3006.8787,3030.1418,2964.875,3038.1981
144549000,3015.3736,1317600,16473900,7497314600,76365848300,3006.8787,3030.1418,2964.875,3038.1981
144554000,3015.3699,2171800,21997900,7499486400,76387846200,3006.8787,3030.1418,2964.875,3038.1981
144558000,3014.6957,3460300,37090100,7502946700,76424936300,3006.8787,3030.1418,2964.875,3038.1981
144604000,3015.1149,2040800,22695500,7504987500,76447631800,3006.8787,3030.1418,2964.875,3038.1981
144609000,3015.2654,1852900,21273900,7506840400,76468905700,3006.8787,3030.1418,2964.875,3038.1981
144613000,3015.2159,1641400,18037400,7508481800,76486943100,3006.8787,3030.1418,2964.875,3038.1981
144619000,3015.1464,1742800,17905100,7510224600,76504848200,3006.8787,3030.1418,2964.875,3038.1981
144624000,3015.6458,1778800,18937800,7512003400,76523786000,3006.8787,3030.1418,2964.875,3038.1981
144628000,3015.255,1525900,17857200,7513529300,76541643200,3006.8787,3030.1418,2964.875,3038.1981
144634000,3015.2329,2121000,23947100,7515650300,76565590300,3006.8787,3030.1418,2964.875,3038.1981
144639000,3015.1165,1036100,12089700,7516686400,76577680000,3006.8787,3030.1418,2964.875,3038.1981
144643000,3015.0039,1828000,21197300,7518514400,76598877300,3006.8787,3030.1418,2964.875,3038.1981
144649000,3015.3501,1926500,19881800,7520440900,76618759100,3006.8787,3030.1418,2964.875,3038.1981
144654000,3015.2249,1690100,18757200,7522131000,76637516300,3006.8787,3030.1418,2964.875,3038.1981
144658000,3015.7809,2062900,25173800,7524193900,76662690100,3006.8787,3030.1418,2964.875,3038.1981
144704000,3015.1265,2937600,26251600,7527131500,76688941700,3006.8787,3030.1418,2964.875,3038.1981
144709000,3015.3406,1330800,15239600,7528462300,76704181300,3006.8787,3030.1418,2964.875,3038.1981
144713000,3015.1942,2154800,22651100,7530617100,76726832400,3006.8787,3030.1418,2964.875,3038.1981
144719000,3014.9092,2230200,23181400,7532847300,76750013800,3006.8787,3030.1418,2964.875,3038.1981
144724000,3014.9531,1794000,18745000,7534641300,76768758800,3006.8787,3030.1418,2964.875,3038.1981
144728000,3015.203,1877200,20391600,7536518500,76789150400,3006.8787,3030.1418,2964.875,3038.1981
144734000,3014.9859,3135700,31570800,7539654200,76820721200,3006.8787,3030.1418,2964.875,3038.1981
144739000,3015.1889,1088300,15422900,7540742500,76836144100,3006.8787,3030.1418,2964.875,3038.1981
144743000,3015.2603,2738800,27644200,7543481300,76863788300,3006.8787,3030.1418,2964.875,3038.1981
144749000,3015.4451,1418800,13460700,7544900100,76877249000,3006.8787,3030.1418,2964.875,3038.1981
144754000,3015.1755,2279700,23991200,7547179800,76901240200,3006.8787,3030.1418,2964.875,3038.1981
144758000,3015.4595,1801400,23569700,7548981200,76924809900,3006.8787,3030.1418,2964.875,3038.1981
144804000,3015.2763,1869300,22919200,7550850500,76947729100,3006.8787,3030.1418,2964.875,3038.1981
144809000,3015.6518,1286600,13641800,7552137100,76961370900,3006.8787,3030.1418,2964.875,3038.1981
144813000,3014.964,1938900,24188500,7554076000,76985559400,3006.8787,3030.1418,2964.875,3038.1981
144819000,3015.3889,1679300,17679900,7555755300,77003239300,3006.8787,3030.1418,2964.875,3038.1981
144824000,3015.4154,1596900,17810100,7557352200,77021049400,3006.8787,3030.1418,2964.875,3038.1981
144828000,3015.4266,1944700,19119000,7559296900,77040168400,3006.8787,3030.1418,2964.875,3038.1981
144834000,3015.4899,2716100,29047900,7562013000,77069216300,3006.8787,3030.1418,2964.875,3038.1981
144839000,3015.4139,1514500,14974600,7563527500,77084190900,3006.8787,3030.1418,2964.875,3038.1981
144843000,3015.5627,2127600,23379600,7565655100,77107570500,3006.8787,3030.1418,2964.875,3038.1981
144849000,3015.693,1639800,16714900,7567294900,77124285400,3006.8787,3030.1418,2964.875,3038.1981
144854000,3015.549,1723800,18633700,7569018700,77142919100,3006.8787,3030.1418,2964.875,3038.1981
144858000,3015.5935,1561200,22668300,7570579900,77165587400,3006.8787,3030.1418,2964.875,3038.1981
144904000,3015.7037,2354400,25187000,7572934300,77190774400,3006.8787,3030.1418,2964.875,3038.1981
144909000,3015.6805,1267900,15611600,7574202200,77206386000,3006.8787,3030.1418,2964.875,3038.1981
144913000,3015.7168,2242500,23438000,7576444700,77229824000,3006.8787,3030.1418,2964.875,3038.1981
144919000,3015.6601,2625900,23390200,7579070600,77253214200,3006.8787,3030.1418,2964.875,3038.1981
144924000,3015.5286,1639800,14960400,7580710400,77268174600,3006.8787,3030.1418,2964.875,3038.1981
144928000,3016.1427,2739900,25039700,7583450300,77293214300,3006.8787,3030.1418,2964.875,3038.1981
144934000,3016.3034,2901300,31968600,7586351600,77325182900,3006.8787,3030.1418,2964.875,3038.1981
144939000,3016.4902,1188300,15556600,7587539900,77340739500,3006.8787,3030.1418,2964.875,3038.1981
144943000,3016.311,2048200,29225800,7589588100,77369965300,3006.8787,3030.1418,2964.875,3038.1981
144949000,3016.4983,1720000,18648600,7591308100,77388613900,3006.8787,3030.1418,2964.875,3038.1981
144954000,3016.3526,1698100,18554500,7593006200,77407168400,3006.8787,3030.1418,2964.875,3038.1981
144958000,3016.1426,2036600,29270800,7595042800,77436439200,3006.8787,3030.1418,2964.875,3038.1981
145004000,3016.422,2453900,25880400,7597496700,77462319600,3006.8787,3030.1418,2964.875,3038.1981
145009000,3016.5521,1695600,20879100,7599192300,77483198700,3006.8787,3030.1418,2964.875,3038.1981
145013000,3015.885,2042600,28254400,7601234900,77511453100,3006.8787,3030.1418,2964.875,3038.1981
145019000,3015.8988,2216900,22506000,7603451800,77533959100,3006.8787,3030.1418,2964.875,3038.1981
145024000,3015.9236,2174100,25435300,7605625900,77559394400,3006.8787,3030.1418,2964.875,3038.1981
145028000,3016.3171,1920800,23279800,7607546700,77582674200,3006.8787,3030.1418,2964.875,3038.1981
145034000,3016.2347,2655400,28192800,7610202100,77610867000,3006.8787,3030.1418,2964.875,3038.1981
145039000,3016.2682,2201400,22410500,7612403500,77633277500,3006.8787,3030.1418,2964.875,3038.1981
145043000,3016.1077,2898600,34907400,7615302100,77668184900,3006.8787,3030.1418,2964.875,3038.1981
145049000,3016.6701,1658700,19499800,7616960800,77687684700,3006.8787,3030.1418,2964.875,3038.1981
145054000,3016.5589,1855800,21623600,7618816600,77709308300,3006.8787,3030.1418,2964.875,3038.1981
145058000,3016.1256,1564300,18065200,7620380900,77727373500,3006.8787,3030.1418,2964.875,3038.1981
145104000,3016.3556,2628800,31270700,7623009700,77758644200,3006.8787,3030.1418,2964.875,3038.1981
145109000,3016.5694,1657100,19148700,7624666800,77777792900,3006.8787,3030.1418,2964.875,3038.1981
145113000,3016.3189,2328900,25175900,7626995700,77802968800,3006.8787,3030.1418,2964.875,3038.1981
145119000,3016.6418,2075900,22262100,7629071600,77825230900,3006.8787,3030.1418,2964.875,3038.1981
145124000,3016.2272,2646800,30259200,7631718400,77855490100,3006.8787,3030.1418,2964.875,3038.1981
145128000,3016.6879,1816900,21016100,7633535300,77876506200,3006.8787,3030.1418,2964.875,3038.1981
145134000,3016.3961,2102600,25455000,7635637900,77901961200,3006.8787,3030.1418,2964.875,3038.1981
145139000,3016.3058,1731300,16915800,7637369200,77918877000,3006.8787,3030.1418,2964.875,3038.1981
145143000,3016.3241,2406000,28649900,7639775200,77947526900,3006.8787,3030.1418,2964.875,3038.1981
145149000,3016.6709,1720600,16803800,7641495800,77964330700,3006.8787,3030.1418,2964.875,3038.1981
145154000,3016.4444,2399300,24753700,7643895100,77989084400,3006.8787,3030.1418,2964.875,3038.1981
145158000,3016.6309,2254000,22772400,7646149100,78011856800,3006.8787,3030.1418,2964.875,3038.1981
145204000,3016.8485,2629400,22469200,7648778500,78034326000,3006.8787,3030.1418,2964.875,3038.1981
145209000,3016.7415,1597600,15365300,7650376100,78049691300,3006.8787,3030.1418,2964.875,3038.1981
145213000,3016.5986,2069200,22342300,7652445300,78072033600,3006.8787,3030.1418,2964.875,3038.1981
145219000,3016.5732,2644500,26341200,7655089800,78098374800,3006.8787,3030.1418,2964.875,3038.1981
145224000,3017.0382,2688300,26521000,7657778100,78124895800,3006.8787,3030.1418,2964.875,3038.1981
145228000,3017.4885,2236900,25994300,7660015000,78150890100,3006.8787,3030.1418,2964.875,3038.1981
145234000,3017.0713,2323700,27496600,7662338700,78178386700,3006.8787,3030.1418,2964.875,3038.1981
145239000,3016.9969,2530600,25635900,7664869300,78204022600,3006.8787,3030.1418,2964.875,3038.1981
145243000,3016.663,2437600,26381700,7667306900,78230404300,3006.8787,3030.1418,2964.875,3038.1981
145249000,3017.0056,2515100,23481000,7669822000,78253885300,3006.8787,3030.1418,2964.875,3038.1981
145254000,3016.9046,2752000,28221100,7672574000,78282106400,3006.8787,3030.1418,2964.875,3038.1981
145258000,3017.2396,2520300,30375900,7675094300,78312482300,3006.8787,3030.1418,2964.875,3038.1981
145304000,3017.1456,2775400,29658400,7677869700,78342140700,3006.8787,3030.1418,2964.875,3038.1981
145309000,3017.2518,2366700,26146200,7680236400,78368286900,3006.8787,3030.1418,2964.875,3038.1981
145313000,3017.1018,2060500,22393200,7682296900,78390680100,3006.8787,3030.1418,2964.875,3038.1981
145319000,3017.3327,2002800,22824700,7684299700,78413504800,3006.8787,3030.1418,2964.875,3038.1981
145324000,3017.3608,3522500,26831900,7687822200,78440336700,3006.8787,3030.1418,2964.875,3038.1981
145328000,3017.3396,2878500,29282300,7690700700,78469619000,3006.8787,3030.1418,2964.875,3038.1981
145334000,3017.5747,3541700,35242500,7694242400,78504861500,3006.8787,3030.1418,2964.875,3038.1981
145339000,3017.6602,2896100,27527100,7697138500,78532388600,3006.8787,3030.1418,2964.875,3038.1981
145343000,3017.4301,2685300,26526400,7699823800,78558915000,3006.8787,3030.1418,2964.875,3038.1981
145349000,3017.919,1745800,16951900,7701569600,78575866900,3006.8787,3030.1418,2964.875,3038.1981
145354000,3017.9563,1900100,25764700,7703469700,78601631600,3006.8787,3030.1418,2964.875,3038.1981
145358000,3017.858,2706900,28180100,7706176600,78629811700,3006.8787,3030.1418,2964.875,3038.1981
145404000,3017.8014,2806300,30194300,7708982900,78660006000,3006.8787,3030.1418,2964.875,3038.1981
145409000,3017.8438,1874000,26693000,7710856900,78686699000,3006.8787,3030.1418,2964.875,3038.1981
145413000,3017.8931,2583800,30127500,7713440700,78716826500,3006.8787,3030.1418,2964.875,3038.1981
145419000,3018.0992,2092900,22581400,7715533600,78739407900,3006.8787,3030.1418,2964.875,3038.1981
145424000,3017.6994,2514200,27371600,7718047800,78766779500,3006.8787,3030.1418,2964.875,3038.1981
145428000,3017.709,2916200,32147500,7720964000,78798927000,3006.8787,3030.1418,2964.875,3038.1981
145434000,3018.1636,2860800,31363200,7723824800,78830290200,3006.8787,3030.1418,2964.875,3038.1981
145439000,3018.3712,2057500,19447600,7725882300,78849737800,3006.8787,3030.1418,2964.875,3038.1981
145443000,3018.3532,2172300,31404600,7728054600,78881142400,3006.8787,3030.1418,2964.875,3038.1981
145449000,3018.2422,2084200,20456200,7730138800,78901598600,3006.8787,3030.1418,2964.875,3038.1981
145454000,3018.0885,2896500,25332700,7733035300,78926931300,3006.8787,3030.1418,2964.875,3038.1981
145458000,3017.7841,2215200,27680900,7735250500,78954612200,3006.8787,3030.1418,2964.875,3038.1981
145504000,3017.7378,2828400,32084700,7738078900,78986696900,3006.8787,3030.1418,2964.875,3038.1981
145509000,3017.425,2185400,25310200,7740264300,79012007100,3006.8787,3030.1418,2964.875,3038.1981
145513000,3017.7424,2904200,36758500,7743168500,79048765600,3006.8787,3030.1418,2964.875,3038.1981
145519000,3017.6601,2174600,25508100,7745343100,79074273700,3006.8787,3030.1418,2964.875,3038.1981
145524000,3017.4966,2343100,27265800,7747686200,79101539500,3006.8787,3030.1418,2964.875,3038.1981
145528000,3017.7002,4158900,37416700,7751845100,79138956200,3006.8787,3030.1418,2964.875,3038.1981
145534000,3017.416,2674000,30880700,7754519100,79169836900,3006.8787,3030.1418,2964.875,3038.1981
145539000,3017.3857,1956200,22477100,7756475300,79192314000,3006.8787,3030.1418,2964.875,3038.1981
145543000,3017.7229,3724500,34379400,7760199800,79226693400,3006.8787,3030.1418,2964.875,3038.1981
145549000,3017.2607,2782300,26918400,7762982100,79253611800,3006.8787,3030.1418,2964.875,3038.1981
145554000,3016.7596,3078500,33575700,7766060600,79287187500,3006.8787,3030.1418,2964.875,3038.1981
145558000,3017.7274,3481900,37318500,7769542500,79324506000,3006.8787,3030.1418,2964.875,3038.1981
145604000,3017.4026,2803900,30705000,7772346400,79355211000,3006.8787,3030.1418,2964.875,3038.1981
145609000,3017.5233,3210100,29112700,7775556500,79384323700,3006.8787,3030.1418,2964.875,3038.1981
145613000,3017.3981,2921700,31908400,7778478200,79416232100,3006.8787,3030.1418,2964.875,3038.1981
145619000,3017.6541,3319900,28206400,7781798100,79444438500,3006.8787,3030.1418,2964.875,3038.1981
145624000,3017.5186,2959200,33431200,7784757300,79477869700,3006.8787,3030.1418,2964.875,3038.1981
145628000,3017.6634,3357500,40830300,7788114800,79518700000,3006.8787,3030.1418,2964.875,3038.1981
145634000,3017.9786,3103400,35537900,7791218200,79554237900,3006.8787,3030.1418,2964.875,3038.1981
145639000,3018.0197,2687600,30806800,7793905800,79585044700,3006.8787,3030.1418,2964.875,3038.1981
145643000,3017.7874,2626500,33168100,7796532300,79618212800,3006.8787,3030.1418,2964.875,3038.1981
145649000,3017.5923,3029300,26898900,7799561600,79645111700,3006.8787,3030.1418,2964.875,3038.1981
145654000,3017.663,3364800,33551500,7802926400,79678663200,3006.8787,3030.1418,2964.875,3038.1981
145658000,3017.246,2062600,26117600,7804989000,79704780800,3006.8787,3030.1418,2964.875,3038.1981
145704000,3017.8725,278900,4941900,7805267900,79709722700,3006.8787,3030.1418,2964.875,3038.1981
145709000,3017.8901,0,0,7805267900,79709722700,3006.8787,3030.1418,2964.875,3038.1981
145958000,3017.8901,18166300,173071900,7823434200,79882794600,3006.8787,3030.1418,2964.875,3038.1981
150003000,3017.3231,41947300,511798800,7865381500,80394593400,3006.8787,3030.1418,2964.875,3038.1981
150003000,3017.2815,3561000,18973900,7868942500,80413567300,3006.8787,3030.1418,2964.875,3038.1981
