Time,Price,Volume,Turnover,AccVolume,AccTurnover,Open,High,Low,PreClose
92503000,3408.1502,83793800,1001812400,83793800,1001812400,3408.1502,3408.1502,3408.1502,3406.5735
93003000,3407.4718,25358300,268143800,109152100,1269956200,3408.1502,3408.2981,3407.4718,3406.5735
93007000,3408.2422,55786300,569011600,164938400,1838967800,3408.1502,3408.2981,3407.4718,3406.5735
93013000,3408.3502,8538800,112095500,173477200,1951063300,3408.1502,3408.4633,3407.4718,3406.5735
93018000,3408.4489,4080800,53646200,177558000,2004709500,3408.1502,3408.4633,3407.4718,3406.5735
93022000,3408.7596,6315900,92930400,183873900,2097639900,3408.1502,3408.7596,3407.4718,3406.5735
93028000,3409.6558,11267000,125791500,195140900,2223431400,3408.1502,3409.6558,3407.4718,3406.5735
93033000,3409.7698,4926500,61670200,200067400,2285101600,3408.1502,3409.7698,3407.4718,3406.5735
93037000,3409.5876,8192300,105012900,208259700,2390114500,3408.1502,3409.8982,3407.4718,3406.5735
93043000,3409.5764,9019000,127896900,217278700,2518011400,3408.1502,3409.8982,3407.4718,3406.5735
93048000,3408.944,5050000,64846700,222328700,2582858100,3408.1502,3409.8982,3407.4718,3406.5735
93052000,3408.9923,7810000,107623000,230138700,2690481100,3408.1502,3409.8982,3407.4718,3406.5735
93058000,3408.5959,8970900,121604100,239109600,2812085200,3408.1502,3409.8982,3407.4718,3406.5735
93103000,3408.7582,6072900,79205900,245182500,2891291100,3408.1502,3409.8982,3407.4718,3406.5735
93107000,3408.2757,10370000,128714000,255552500,3020005100,3408.1502,3409.8982,3407.4718,3406.5735
93113000,3407.6756,8205700,108081600,263758200,3128086700,3408.1502,3409.8982,3407.4718,3406.5735
93118000,3406.8519,5533500,70787200,269291700,3198873900,3408.1502,3409.8982,3406.8519,3406.5735
93122000,3406.2134,8867700,112007900,278159400,3310881800,3408.1502,3409.8982,3406.2134,3406.5735
93128000,3406.0157,8229600,108642800,286389000,3419524600,3408.1502,3409.8982,3405.9842,3406.5735
93133000,3405.7045,5325700,73167500,291714700,3492692100,3408.1502,3409.8982,3405.7045,3406.5735
93137000,3405.2439,7114700,90289400,298829400,3582981500,3408.1502,3409.8982,3405.2439,3406.5735
93143000,3405.249,8441800,104308000,307271200,3687289500,3408.1502,3409.8982,3404.9636,3406.5735
93148000,3404.8123,5848200,70839500,313119400,3758129000,3408.1502,3409.8982,3404.7946,3406.5735
93152000,3404.4632,7636300,87369600,320755700,3845498600,3408.1502,3409.8982,3404.4632,3406.5735
93158000,3403.9296,7908900,85214500,328664600,3930713100,3408.1502,3409.8982,3403.9296,3406.5735
93203000,3403.8503,4850300,63605300,333514900,3994318400,3408.1502,3409.8982,3403.747,3406.5735
93207000,3404.3659,8136400,111048800,341651300,4105367200,3408.1502,3409.8982,3403.7101,3406.5735
93213000,3403.6613,7613700,106935100,349265000,4212302300,3408.1502,3409.8982,3403.6613,3406.5735
93218000,3404.9239,5178500,71463000,354443500,4283765300,3408.1502,3409.8982,3403.6613,3406.5735
93222000,3405.9938,8990600,110108100,363434100,4393873400,3408.1502,3409.8982,3403.6613,3406.5735
93228000,3406.6049,9655900,124608500,373090000,4518481900,3408.1502,3409.8982,3403.6613,3406.5735
93233000,3406.9364,6229000,75756800,379319000,4594238700,3408.1502,3409.8982,3403.6613,3406.5735
93239000,3406.775,8619000,112589600,387938000,4706828300,3408.1502,3409.8982,3403.6613,3406.5735
93243000,3407.6425,9378800,123059200,397316800,4829887500,3408.1502,3409.8982,3403.6613,3406.5735
93249000,3407.9589,8771900,114219200,406088700,4944106700,3408.1502,3409.8982,3403.6613,3406.5735
93254000,3408.36,6363700,69030900,412452400,5013137600,3408.1502,3409.8982,3403.6613,3406.5735
93258000,3409.2107,6192100,83682300,418644500,5096819900,3408.1502,3409.8982,3403.6613,3406.5735
93304000,3409.2591,7925500,99633500,426570000,5196453400,3408.1502,3409.8982,3403.6613,3406.5735
93309000,3409.3839,3190900,49025300,429760900,5245478700,3408.1502,3409.8982,3403.6613,3406.5735
93313000,3409.7096,6722300,86543400,436483200,5332022100,3408.1502,3409.8982,3403.6613,3406.5735
93319000,3409.6612,8189300,90234100,444672500,5422256200,3408.1502,3409.8982,3403.6613,3406.5735
93324000,3409.5241,3975700,53136500,448648200,5475392700,3408.1502,3409.8982,3403.6613,3406.5735
93328000,3409.3661,5416500,69988700,454064700,5545381400,3408.1502,3409.8982,3403.6613,3406.5735
93334000,3409.6739,4921400,67560900,458986100,5612942300,3408.1502,3409.8982,3403.6613,3406.5735
93339000,3409.7531,5128100,66675700,464114200,5679618000,3408.1502,3409.8982,3403.6613,3406.5735
93343000,3410.0786,6242100,92461000,470356300,5772079000,3408.1502,3410.0786,3403.6613,3406.5735
93349000,3411.0172,6921200,90867900,477277500,5862946900,3408.1502,3411.0172,3403.6613,3406.5735
93354000,3411.465,4684300,65944200,481961800,5928891100,3408.1502,3411.465,3403.6613,3406.5735
93358000,3412.2616,8692100,108542900,490653900,6037434000,3408.1502,3412.2616,3403.6613,3406.5735
93404000,3411.8662,8606600,101860600,499260500,6139294600,3408.1502,3412.2616,3403.6613,3406.5735
93409000,3412.3135,3341400,54269300,502601900,6193563900,3408.1502,3412.3135,3403.6613,3406.5735
93413000,3412.0686,6847900,87900400,509449800,6281464300,3408.1502,3412.3135,3403.6613,3406.5735
93419000,3412.7526,7479300,97959800,516929100,6379424100,3408.1502,3412.826,3403.6613,3406.5735
93424000,3412.4984,4464000,60865200,521393100,6440289300,3408.1502,3412.826,3403.6613,3406.5735
93428000,3412.6187,6596800,92844000,527989900,6533133300,3408.1502,3412.826,3403.6613,3406.5735
93434000,3412.5191,7019400,108594000,535009300,6641727300,3408.1502,3412.826,3403.6613,3406.5735
93439000,3412.2801,4218000,63264100,539227300,6704991400,3408.1502,3412.826,3403.6613,3406.5735
93443000,3412.2426,6055400,93417600,545282700,6798409000,3408.1502,3412.826,3403.6613,3406.5735
93449000,3411.6655,7878200,120089900,553160900,6918498900,3408.1502,3412.826,3403.6613,3406.5735
93454000,3411.6792,4969400,67939300,558130300,6986438200,3408.1502,3412.826,3403.6613,3406.5735
93458000,3411.1486,8268400,119932600,566398700,7106370800,3408.1502,3412.826,3403.6613,3406.5735
93504000,3412.7055,10445300,121511300,576844000,7227882100,3408.1502,3412.826,3403.6613,3406.5735
93509000,3412.344,8413400,89546200,585257400,7317428300,3408.1502,3412.826,3403.6613,3406.5735
93513000,3412.7609,8849400,111381300,594106800,7428809600,3408.1502,3413.0156,3403.6613,3406.5735
93519000,3413.2081,8212300,104950800,602319100,7533760400,3408.1502,3413.2216,3403.6613,3406.5735
93524000,3413.0186,4346600,55772600,606665700,7589533000,3408.1502,3413.2216,3403.6613,3406.5735
93528000,3413.7815,7398400,100625800,614064100,7690158800,3408.1502,3413.7815,3403.6613,3406.5735
93534000,3413.9216,6750200,94342700,620814300,7784501500,3408.1502,3414.0047,3403.6613,3406.5735
93539000,3414.3042,3689300,52909900,624503600,7837411400,3408.1502,3414.3042,3403.6613,3406.5735
93543000,3414.1815,8343400,95862100,632847000,7933273500,3408.1502,3414.4528,3403.6613,3406.5735
93549000,3414.3345,6801300,93724400,639648300,8026997900,3408.1502,3414.8949,3403.6613,3406.5735
93555000,3414.5173,3871200,56215800,643519500,8083213700,3408.1502,3414.8949,3403.6613,3406.5735
93558000,3414.7755,6969700,92832400,650489200,8176046100,3408.1502,3414.8949,3403.6613,3406.5735
93604000,3414.5929,8238400,119032400,658727600,8295078500,3408.1502,3414.8949,3403.6613,3406.5735
93610000,3414.4138,7687700,108159100,666415300,8403237600,3408.1502,3414.8949,3403.6613,3406.5735
93613000,3414.1749,3213500,50690000,669628800,8453927600,3408.1502,3414.8949,3403.6613,3406.5735
93619000,3414.1441,7881100,99868000,677509900,8553795600,3408.1502,3414.8949,3403.6613,3406.5735
93625000,3413.659,10020300,123816600,687530200,8677612200,3408.1502,3414.8949,3403.6613,3406.5735
93630000,3413.5932,4191300,62812600,691721500,8740424800,3408.1502,3414.8949,3403.6613,3406.5735
93634000,3413.3439,7290700,105043700,699012200,8845468500,3408.1502,3414.8949,3403.6613,3406.5735
93640000,3412.6941,8909900,134802200,707922100,8980270700,3408.1502,3414.8949,3403.6613,3406.5735
93645000,3412.3772,7878900,97375100,715801000,9077645800,3408.1502,3414.8949,3403.6613,3406.5735
93649000,3412.0775,6743300,108101000,722544300,9185746800,3408.1502,3414.8949,3403.6613,3406.5735
93655000,3411.4942,6531000,113020700,729075300,9298767500,3408.1502,3414.8949,3403.6613,3406.5735
93700000,3411.01,4446400,66752900,733521700,9365520400,3408.1502,3414.8949,3403.6613,3406.5735
93704000,3410.546,10436600,115735900,743958300,9481256300,3408.1502,3414.8949,3403.6613,3406.5735
93710000,3410.2894,8320400,115268800,752278700,9596525100,3408.1502,3414.8949,3403.6613,3406.5735
93715000,3410.0686,3613000,59037900,755891700,9655563000,3408.1502,3414.8949,3403.6613,3406.5735
93719000,3409.9301,7218700,92375900,763110400,9747938900,3408.1502,3414.8949,3403.6613,3406.5735
93725000,3409.8156,6711600,99246300,769822000,9847185200,3408.1502,3414.8949,3403.6613,3406.5735
93730000,3410.2295,3828500,54694800,773650500,9901880000,3408.1502,3414.8949,3403.6613,3406.5735
93734000,3409.8322,6560500,87501700,780211000,9989381700,3408.1502,3414.8949,3403.6613,3406.5735
93740000,3409.9863,6676600,95374800,786887600,10084756500,3408.1502,3414.8949,3403.6613,3406.5735
93745000,3409.8421,4181000,49746000,791068600,10134502500,3408.1502,3414.8949,3403.6613,3406.5735
93749000,3409.6647,6430500,87265400,797499100,10221767900,3408.1502,3414.8949,3403.6613,3406.5735
93755000,3409.4374,8715200,98882500,806214300,10320650400,3408.1502,3414.8949,3403.6613,3406.5735
93800000,3409.1149,5811100,63833000,812025400,10384483400,3408.1502,3414.8949,3403.6613,3406.5735
93804000,3409.223,5691000,79732000,817716400,10464215400,3408.1502,3414.8949,3403.6613,3406.5735
93810000,3408.5658,8896500,110143000,826612900,10574358400,3408.1502,3414.8949,3403.6613,3406.5735
93815000,3408.5885,3933500,57163800,830546400,10631522200,3408.1502,3414.8949,3403.6613,3406.5735
93819000,3408.134,6569000,111205200,837115400,10742727400,3408.1502,3414.8949,3403.6613,3406.5735
93825000,3408.0113,6181500,93210900,843296900,10835938300,3408.1502,3414.8949,3403.6613,3406.5735
93830000,3407.729,4277600,47310300,847574500,10883248600,3408.1502,3414.8949,3403.6613,3406.5735
93834000,3407.3467,6823400,83979400,854397900,10967228000,3408.1502,3414.8949,3403.6613,3406.5735
93840000,3407.5177,6733900,100390400,861131800,11067618400,3408.1502,3414.8949,3403.6613,3406.5735
93845000,3407.4596,4307000,55478500,865438800,11123096900,3408.1502,3414.8949,3403.6613,3406.5735
93849000,3406.9429,7991300,108198500,873430100,11231295400,3408.1502,3414.8949,3403.6613,3406.5735
93855000,3407.0501,7532300,101232700,880962400,11332528100,3408.1502,3414.8949,3403.6613,3406.5735
93900000,3406.4064,5631300,72590500,886593700,11405118600,3408.1502,3414.8949,3403.6613,3406.5735
93904000,3406.0063,6744300,95858700,893338000,11500977300,3408.1502,3414.8949,3403.6613,3406.5735
93910000,3405.7851,8188900,103563100,901526900,11604540400,3408.1502,3414.8949,3403.6613,3406.5735
93915000,3405.5685,3748000,57741700,905274900,11662282100,3408.1502,3414.8949,3403.6613,3406.5735
93919000,3405.28,7406900,109333400,912681800,11771615500,3408.1502,3414.8949,3403.6613,3406.5735
93925000,3405.3301,5548700,90273500,918230500,11861889000,3408.1502,3414.8949,3403.6613,3406.5735
93930000,3405.1781,5051900,67901800,923282400,11929790800,3408.1502,3414.8949,3403.6613,3406.5735
93934000,3405.5195,5508400,86977600,928790800,12016768400,3408.1502,3414.8949,3403.6613,3406.5735
93940000,3405.5709,7043300,93618500,935834100,12110386900,3408.1502,3414.8949,3403.6613,3406.5735
93946000,3405.3459,6391700,90735300,942225800,12201122200,3408.1502,3414.8949,3403.6613,3406.5735
93949000,3405.402,3473200,48555200,945699000,12249677400,3408.1502,3414.8949,3403.6613,3406.5735
93955000,3405.2961,5788400,86760300,951487400,12336437700,3408.1502,3414.8949,3403.6613,3406.5735
94001000,3405.3883,6588500,93872000,958075900,12430309700,3408.1502,3414.8949,3403.6613,3406.5735
94006000,3405.4138,2858100,40444900,960934000,12470754600,3408.1502,3414.8949,3403.6613,3406.5735
94010000,3405.3843,5851400,93876300,966785400,12564630900,3408.1502,3414.8949,3403.6613,3406.5735
94016000,3404.8995,5797900,78937400,972583300,12643568300,3408.1502,3414.8949,3403.6613,3406.5735
94021000,3404.7815,4478300,63712900,977061600,12707281200,3408.1502,3414.8949,3403.6613,3406.5735
94025000,3405.1593,5758300,77614100,982819900,12784895300,3408.1502,3414.8949,3403.6613,3406.5735
94031000,3404.9737,5430900,73924400,988250800,12858819700,3408.1502,3414.8949,3403.6613,3406.5735
94036000,3405.0985,3388200,52696700,991639000,12911516400,3408.1502,3414.8949,3403.6613,3406.5735
94040000,3404.9591,4595500,74517000,996234500,12986033400,3408.1502,3414.8949,3403.6613,3406.5735
94046000,3404.8175,6078800,88728400,1002313300,13074761800,3408.1502,3414.8949,3403.6613,3406.5735
94051000,3404.8231,3867000,57028500,1006180300,13131790300,3408.1502,3414.8949,3403.6613,3406.5735
94055000,3405.0134,5292000,76239200,1011472300,13208029500,3408.1502,3414.8949,3403.6613,3406.5735
94101000,3404.4116,4740400,68509200,1016212700,13276538700,3408.1502,3414.8949,3403.6613,3406.5735
94106000,3404.0717,3964900,57057800,1020177600,13333596500,3408.1502,3414.8949,3403.6613,3406.5735
94110000,3404.2756,5402200,79830100,1025579800,13413426600,3408.1502,3414.8949,3403.6613,3406.5735
94116000,3405.0187,5353500,75771600,1030933300,13489198200,3408.1502,3414.8949,3403.6613,3406.5735
94121000,3405.0312,5246600,62105100,1036179900,13551303300,3408.1502,3414.8949,3403.6613,3406.5735
94125000,3405.4757,6565900,90760400,1042745800,13642063700,3408.1502,3414.8949,3403.6613,3406.5735
94131000,3406.2364,7900400,106248100,1050646200,13748311800,3408.1502,3414.8949,3403.6613,3406.5735
94136000,3406.6178,5803100,70791500,1056449300,13819103300,3408.1502,3414.8949,3403.6613,3406.5735
94140000,3407.423,9263500,104426400,1065712800,13923529700,3408.1502,3414.8949,3403.6613,3406.5735
94146000,3408.0776,5993400,84254000,1071706200,14007783700,3408.1502,3414.8949,3403.6613,3406.5735
94151000,3408.277,3964600,53783500,1075670800,14061567200,3408.1502,3414.8949,3403.6613,3406.5735
94155000,3407.5986,3997600,61556700,1079668400,14123123900,3408.1502,3414.8949,3403.6613,3406.5735
94201000,3408.5808,4417700,59772900,1084086100,14182896800,3408.1502,3414.8949,3403.6613,3406.5735
94206000,3408.7042,3134400,53562600,1087220500,14236459400,3408.1502,3414.8949,3403.6613,3406.5735
94210000,3408.9595,4133000,59489500,1091353500,14295948900,3408.1502,3414.8949,3403.6613,3406.5735
94216000,3408.6579,3958900,66224700,1095312400,14362173600,3408.1502,3414.8949,3403.6613,3406.5735
94221000,3408.7026,2825900,52844500,1098138300,14415018100,3408.1502,3414.8949,3403.6613,3406.5735
94225000,3409.1551,4880600,81808800,1103018900,14496826900,3408.1502,3414.8949,3403.6613,3406.5735
94231000,3409.4226,5180100,62537900,1108199000,14559364800,3408.1502,3414.8949,3403.6613,3406.5735
94236000,3409.4606,3938400,54367800,1112137400,14613732600,3408.1502,3414.8949,3403.6613,3406.5735
94240000,3409.2849,4157200,57435400,1116294600,14671168000,3408.1502,3414.8949,3403.6613,3406.5735
94246000,3409.5924,5277400,70958700,1121572000,14742126700,3408.1502,3414.8949,3403.6613,3406.5735
94251000,3409.4769,5029400,56170600,1126601400,14798297300,3408.1502,3414.8949,3403.6613,3406.5735
94255000,3409.8495,5050700,70631000,1131652100,14868928300,3408.1502,3414.8949,3403.6613,3406.5735
94301000,3410.037,4941900,68938100,1136594000,14937866400,3408.1502,3414.8949,3403.6613,3406.5735
94306000,3410.155,3346000,53585300,1139940000,14991451700,3408.1502,3414.8949,3403.6613,3406.5735
94312000,3410.2743,4430800,75572100,1144370800,15067023800,3408.1502,3414.8949,3403.6613,3406.5735
94316000,3409.6482,5305900,76980600,1149676700,15144004400,3408.1502,3414.8949,3403.6613,3406.5735
94322000,3409.2342,4231900,70887600,1153908600,15214892000,3408.1502,3414.8949,3403.6613,3406.5735
94327000,3409.4695,2994700,49010500,1156903300,15263902500,3408.1502,3414.8949,3403.6613,3406.5735
94331000,3409.6815,5395700,83740400,1162299000,15347642900,3408.1502,3414.8949,3403.6613,3406.5735
94337000,3409.6459,4377000,66290900,1166676000,15413933800,3408.1502,3414.8949,3403.6613,3406.5735
94342000,3409.5659,3199400,49415100,1169875400,15463348900,3408.1502,3414.8949,3403.6613,3406.5735
94346000,3410.2375,4756300,69723500,1174631700,15533072400,3408.1502,3414.8949,3403.6613,3406.5735
94352000,3409.5236,5433100,76565700,1180064800,15609638100,3408.1502,3414.8949,3403.6613,3406.5735
94357000,3409.5519,3371000,47958000,1183435800,15657596100,3408.1502,3414.8949,3403.6613,3406.5735
94401000,3409.361,5418800,68811100,1188854600,15726407200,3408.1502,3414.8949,3403.6613,3406.5735
94407000,3409.2611,4760300,56418200,1193614900,15782825400,3408.1502,3414.8949,3403.6613,3406.5735
94412000,3409.175,4388300,43189700,1198003200,15826015100,3408.1502,3414.8949,3403.6613,3406.5735
94416000,3409.0586,4498600,64477100,1202501800,15890492200,3408.1502,3414.8949,3403.6613,3406.5735
94422000,3409.0451,5208600,66824400,1207710400,15957316600,3408.1502,3414.8949,3403.6613,3406.5735
94427000,3408.9058,4460100,50444500,1212170500,16007761100,3408.1502,3414.8949,3403.6613,3406.5735
94431000,3409.2466,4510800,59604600,1216681300,16067365700,3408.1502,3414.8949,3403.6613,3406.5735
94437000,3408.7893,4287500,64558200,1220968800,16131923900,3408.1502,3414.8949,3403.6613,3406.5735
94442000,3409.4222,5739300,72358600,1226708100,16204282500,3408.1502,3414.8949,3403.6613,3406.5735
94446000,3409.2283,5789000,74727400,1232497100,16279009900,3408.1502,3414.8949,3403.6613,3406.5735
94452000,3409.4113,5448400,97951000,1237945500,16376960900,3408.1502,3414.8949,3403.6613,3406.5735
94457000,3409.8447,4396100,53964300,1242341600,16430925200,3408.1502,3414.8949,3403.6613,3406.5735
94501000,3409.2935,4813700,68865800,1247155300,16499791000,3408.1502,3414.8949,3403.6613,3406.5735
94507000,3409.4227,5072000,77625100,1252227300,16577416100,3408.1502,3414.8949,3403.6613,3406.5735
94512000,3409.1182,3499300,50161400,1255726600,16627577500,3408.1502,3414.8949,3403.6613,3406.5735
94516000,3409.1133,5245700,79291500,1260972300,16706869000,3408.1502,3414.8949,3403.6613,3406.5735
94522000,3408.0766,5591500,81246200,1266563800,16788115200,3408.1502,3414.8949,3403.6613,3406.5735
94527000,3407.8905,5734800,78260900,1272298600,16866376100,3408.1502,3414.8949,3403.6613,3406.5735
94531000,3407.47,6845200,108507900,1279143800,16974884000,3408.1502,3414.8949,3403.6613,3406.5735
94537000,3406.7337,5970700,98968100,1285114500,17073852100,3408.1502,3414.8949,3403.6613,3406.5735
94542000,3406.3507,4723800,58041000,1289838300,17131893100,3408.1502,3414.8949,3403.6613,3406.5735
94546000,3406.1461,6008500,83911200,1295846800,17215804300,3408.1502,3414.8949,3403.6613,3406.5735
94552000,3405.7662,6041500,80575200,1301888300,17296379500,3408.1502,3414.8949,3403.6613,3406.5735
94557000,3405.5152,4859000,62793100,1306747300,17359172600,3408.1502,3414.8949,3403.6613,3406.5735
94601000,3404.8787,5816600,73447900,1312563900,17432620500,3408.1502,3414.8949,3403.6613,3406.5735
94607000,3404.8202,5965000,86579200,1318528900,17519199700,3408.1502,3414.8949,3403.6613,3406.5735
94612000,3404.9828,3594400,62054800,1322123300,17581254500,3408.1502,3414.8949,3403.6613,3406.5735
94616000,3405.0776,5779800,69999700,1327903100,17651254200,3408.1502,3414.8949,3403.6613,3406.5735
94622000,3404.5981,6394300,78137800,1334297400,17729392000,3408.1502,3414.8949,3403.6613,3406.5735
94627000,3404.4133,4482900,51068100,1338780300,17780460100,3408.1502,3414.8949,3403.6613,3406.5735
94631000,3404.4456,4974700,65568200,1343755000,17846028300,3408.1502,3414.8949,3403.6613,3406.5735
94637000,3404.694,7151900,93184100,1350906900,17939212400,3408.1502,3414.8949,3403.6613,3406.5735
94643000,3404.4399,4307100,63484500,1355214000,18002696900,3408.1502,3414.8949,3403.6613,3406.5735
94648000,3404.8989,3975700,51003300,1359189700,18053700200,3408.1502,3414.8949,3403.6613,3406.5735
94652000,3404.6083,5669300,68222300,1364859000,18121922500,3408.1502,3414.8949,3403.6613,3406.5735
94658000,3406.1602,9342400,115920100,1374201400,18237842600,3408.1502,3414.8949,3403.6613,3406.5735
94703000,3406.0312,5115100,58767200,1379316500,18296609800,3408.1502,3414.8949,3403.6613,3406.5735
94707000,3406.4527,5716100,77788400,1385032600,18374398200,3408.1502,3414.8949,3403.6613,3406.5735
94713000,3406.6049,5221500,63756100,1390254100,18438154300,3408.1502,3414.8949,3403.6613,3406.5735
94718000,3406.7716,3041300,43271100,1393295400,18481425400,3408.1502,3414.8949,3403.6613,3406.5735
94722000,3406.2644,4177700,57514500,1397473100,18538939900,3408.1502,3414.8949,3403.6613,3406.5735
94728000,3406.4813,6107100,73440600,1403580200,18612380500,3408.1502,3414.8949,3403.6613,3406.5735
94733000,3406.8915,4165500,50702000,1407745700,18663082500,3408.1502,3414.8949,3403.6613,3406.5735
94737000,3406.5873,3934200,53793600,1411679900,18716876100,3408.1502,3414.8949,3403.6613,3406.5735
94743000,3407.3941,5092100,61272400,1416772000,18778148500,3408.1502,3414.8949,3403.6613,3406.5735
94748000,3406.8766,2695500,45231300,1419467500,18823379800,3408.1502,3414.8949,3403.6613,3406.5735
94752000,3407.363,4552900,61734300,1424020400,18885114100,3408.1502,3414.8949,3403.6613,3406.5735
94758000,3408.3049,5100600,64418800,1429121000,18949532900,3408.1502,3414.8949,3403.6613,3406.5735
94803000,3408.146,4575300,54357900,1433696300,19003890800,3408.1502,3414.8949,3403.6613,3406.5735
94807000,3408.3413,5970200,72908200,1439666500,19076799000,3408.1502,3414.8949,3403.6613,3406.5735
94813000,3408.67,5685200,79838200,1445351700,19156637200,3408.1502,3414.8949,3403.6613,3406.5735
94818000,3408.0084,4791000,49625400,1450142700,19206262600,3408.1502,3414.8949,3403.6613,3406.5735
94822000,3408.4842,3648000,50297400,1453790700,19256560000,3408.1502,3414.8949,3403.6613,3406.5735
94828000,3409.0898,4179500,58259000,1457970200,19314819000,3408.1502,3414.8949,3403.6613,3406.5735
94833000,3409.1448,4101600,46491000,1462071800,19361310000,3408.1502,3414.8949,3403.6613,3406.5735
94837000,3408.1641,5214100,63514300,1467285900,19424824300,3408.1502,3414.8949,3403.6613,3406.5735
94843000,3408.4991,3402400,49676100,1470688300,19474500400,3408.1502,3414.8949,3403.6613,3406.5735
94848000,3408.6691,2545000,35690500,1473233300,19510190900,3408.1502,3414.8949,3403.6613,3406.5735
94852000,3408.6692,4469400,60279300,1477702700,19570470200,3408.1502,3414.8949,3403.6613,3406.5735
94858000,3408.8389,4530500,63445200,1482233200,19633915400,3408.1502,3414.8949,3403.6613,3406.5735
94903000,3408.873,3287800,50959100,1485521000,19684874500,3408.1502,3414.8949,3403.6613,3406.5735
94907000,3409.5439,4981600,63197700,1490502600,19748072200,3408.1502,3414.8949,3403.6613,3406.5735
94913000,3409.3307,5693600,72549600,1496196200,19820621800,3408.1502,3414.8949,3403.6613,3406.5735
94918000,3409.6741,3476300,51359200,1499672500,19871981000,3408.1502,3414.8949,3403.6613,3406.5735
94922000,3410.2947,4205400,58902800,1503877900,19930883800,3408.1502,3414.8949,3403.6613,3406.5735
94928000,3410.612,5738300,75072100,1509616200,20005955900,3408.1502,3414.8949,3403.6613,3406.5735
94933000,3410.9232,4041100,56949400,1513657300,20062905300,3408.1502,3414.8949,3403.6613,3406.5735
94937000,3411.7019,5606400,75472500,1519263700,20138377800,3408.1502,3414.8949,3403.6613,3406.5735
94943000,3412.6498,5852100,83772000,1525115800,20222149800,3408.1502,3414.8949,3403.6613,3406.5735
94948000,3412.2327,3674200,44361600,1528790000,20266511400,3408.1502,3414.8949,3403.6613,3406.5735
94952000,3412.2528,5175500,66703300,1533965500,20333214700,3408.1502,3414.8949,3403.6613,3406.5735
94958000,3412.7911,5139900,64354800,1539105400,20397569500,3408.1502,3414.8949,3403.6613,3406.5735
95003000,3413.315,3536200,51288300,1542641600,20448857800,3408.1502,3414.8949,3403.6613,3406.5735
95007000,3413.03,5138700,70659900,1547780300,20519517700,3408.1502,3414.8949,3403.6613,3406.5735
95013000,3413.5937,7422700,88571700,1555203000,20608089400,3408.1502,3414.8949,3403.6613,3406.5735
95019000,3413.5527,5392700,67901400,1560595700,20675990800,3408.1502,3414.8949,3403.6613,3406.5735
95024000,3413.7432,5316400,57163300,1565912100,20733154100,3408.1502,3414.8949,3403.6613,3406.5735
95028000,3414.1622,4914500,67323900,1570826600,20800478000,3408.1502,3414.8949,3403.6613,3406.5735
95034000,3414.2554,5927900,72344000,1576754500,20872822000,3408.1502,3414.8949,3403.6613,3406.5735
95039000,3414.3717,6652400,61304600,1583406900,20934126600,3408.1502,3414.8949,3403.6613,3406.5735
95043000,3414.3629,6756500,72875800,1590163400,21007002400,3408.1502,3414.8949,3403.6613,3406.5735
95049000,3414.9475,4471900,61261900,1594635300,21068264300,3408.1502,3414.9475,3403.6613,3406.5735
95054000,3414.8254,4122200,41503700,1598757500,21109768000,3408.1502,3415.1957,3403.6613,3406.5735
95058000,3415.1897,6212300,76416400,1604969800,21186184400,3408.1502,3415.1957,3403.6613,3406.5735
95104000,3415.3329,6971000,80432100,1611940800,21266616500,3408.1502,3415.5433,3403.6613,3406.5735
95109000,3415.7096,5982300,64217100,1617923100,21330833600,3408.1502,3415.7096,3403.6613,3406.5735
95113000,3415.7003,5071500,68452200,1622994600,21399285800,3408.1502,3415.8091,3403.6613,3406.5735
95119000,3415.6867,5796100,64148100,1628790700,21463433900,3408.1502,3415.8091,3403.6613,3406.5735
95124000,3416.0346,4154600,45936100,1632945300,21509370000,3408.1502,3416.0346,3403.6613,3406.5735
95129000,3415.701,7449400,84415400,1640394700,21593785400,3408.1502,3416.0346,3403.6613,3406.5735
95134000,3415.4306,6122200,75089300,1646516900,21668874700,3408.1502,3416.0346,3403.6613,3406.5735
95139000,3415.82,4111500,50272800,1650628400,21719147500,3408.1502,3416.0346,3403.6613,3406.5735
95143000,3416.1142,7271200,68772400,1657899600,21787919900,3408.1502,3416.1142,3403.6613,3406.5735
95149000,3416.3536,8406800,91081100,1666306400,21879001000,3408.1502,3416.3635,3403.6613,3406.5735
95154000,3416.2427,4426500,50574300,1670732900,21929575300,3408.1502,3416.3806,3403.6613,3406.5735
95158000,3416.5688,7967300,77864200,1678700200,22007439500,3408.1502,3416.5688,3403.6613,3406.5735
95204000,3416.4443,5861600,63974500,1684561800,22071414000,3408.1502,3416.5688,3403.6613,3406.5735
95209000,3416.4193,5319700,64528600,1689881500,22135942600,3408.1502,3416.5688,3403.6613,3406.5735
95213000,3416.5564,7155700,77171600,1697037200,22213114200,3408.1502,3416.5929,3403.6613,3406.5735
95219000,3416.1589,5130900,60969700,1702168100,22274083900,3408.1502,3416.5929,3403.6613,3406.5735
95224000,3415.971,3768300,49809000,1705936400,22323892900,3408.1502,3416.5929,3403.6613,3406.5735
95228000,3416.1497,6016100,73860700,1711952500,22397753600,3408.1502,3416.5929,3403.6613,3406.5735
95234000,3416.1147,4919900,65988500,1716872400,22463742100,3408.1502,3416.5929,3403.6613,3406.5735
95239000,3416.3173,3995500,49891200,1720867900,22513633300,3408.1502,3416.5929,3403.6613,3406.5735
95243000,3416.3951,4421100,66637100,1725289000,22580270400,3408.1502,3416.5929,3403.6613,3406.5735
95249000,3415.6588,4840900,67759700,1730129900,22648030100,3408.1502,3416.5929,3403.6613,3406.5735
95254000,3416.3037,4403300,49746400,1734533200,22697776500,3408.1502,3416.5929,3403.6613,3406.5735
95258000,3416.5068,6756200,71952800,1741289400,22769729300,3408.1502,3416.5929,3403.6613,3406.5735
95304000,3415.931,5339900,65726000,1746629300,22835455300,3408.1502,3416.5929,3403.6613,3406.5735
95309000,3416.1247,3780100,45395900,1750409400,22880851200,3408.1502,3416.5929,3403.6613,3406.5735
95314000,3415.817,4971400,58146900,1755380800,22938998100,3408.1502,3416.5929,3403.6613,3406.5735
95319000,3415.9744,5842100,70862200,1761222900,23009860300,3408.1502,3416.5929,3403.6613,3406.5735
95324000,3415.8931,2731900,41635200,1763954800,23051495500,3408.1502,3416.5929,3403.6613,3406.5735
95329000,3415.4556,4464400,64761600,1768419200,23116257100,3408.1502,3416.5929,3403.6613,3406.5735
95334000,3415.3992,5005400,64577800,1773424600,23180834900,3408.1502,3416.5929,3403.6613,3406.5735
95340000,3415.1859,5972400,70739600,1779397000,23251574500,3408.1502,3416.5929,3403.6613,3406.5735
95345000,3415.4335,5136200,42252600,1784533200,23293827100,3408.1502,3416.5929,3403.6613,3406.5735
95349000,3415.3586,4284900,46435600,1788818100,23340262700,3408.1502,3416.5929,3403.6613,3406.5735
95355000,3415.0017,4975100,56934500,1793793200,23397197200,3408.1502,3416.5929,3403.6613,3406.5735
95400000,3414.6063,3711300,49129800,1797504500,23446327000,3408.1502,3416.5929,3403.6613,3406.5735
95405000,3414.597,5303500,62792300,1802808000,23509119300,3408.1502,3416.5929,3403.6613,3406.5735
95410000,3414.9021,7383400,66094000,1810191400,23575213300,3408.1502,3416.5929,3403.6613,3406.5735
95415000,3414.9431,3558900,44782000,1813750300,23619995300,3408.1502,3416.5929,3403.6613,3406.5735
95419000,3414.7448,4557200,53051000,1818307500,23673046300,3408.1502,3416.5929,3403.6613,3406.5735
95425000,3414.7067,5550400,69782300,1823857900,23742828600,3408.1502,3416.5929,3403.6613,3406.5735
95430000,3414.6831,2971000,44463300,1826828900,23787291900,3408.1502,3416.5929,3403.6613,3406.5735
95434000,3414.2967,3702900,46816400,1830531800,23834108300,3408.1502,3416.5929,3403.6613,3406.5735
95440000,3414.3954,5327100,59302600,1835858900,23893410900,3408.1502,3416.5929,3403.6613,3406.5735
95445000,3414.6288,2855400,33601600,1838714300,23927012500,3408.1502,3416.5929,3403.6613,3406.5735
95450000,3414.3627,3290300,40510500,1842004600,23967523000,3408.1502,3416.5929,3403.6613,3406.5735
95455000,3414.353,3622900,49676000,1845627500,24017199000,3408.1502,3416.5929,3403.6613,3406.5735
95500000,3414.5886,3124900,40190000,1848752400,24057389000,3408.1502,3416.5929,3403.6613,3406.5735
95504000,3414.5199,5503000,59769900,1854255400,24117158900,3408.1502,3416.5929,3403.6613,3406.5735
95510000,3414.622,4814700,57245300,1859070100,24174404200,3408.1502,3416.5929,3403.6613,3406.5735
95515000,3414.2732,2386200,33851200,1861456300,24208255400,3408.1502,3416.5929,3403.6613,3406.5735
95519000,3414.5008,3759700,56237300,1865216000,24264492700,3408.1502,3416.5929,3403.6613,3406.5735
95525000,3414.3014,3054100,44833300,1868270100,24309326000,3408.1502,3416.5929,3403.6613,3406.5735
95530000,3414.3767,3367700,40569600,1871637800,24349895600,3408.1502,3416.5929,3403.6613,3406.5735
95535000,3413.8459,3917800,60462700,1875555600,24410358300,3408.1502,3416.5929,3403.6613,3406.5735
95540000,3414.3996,4311400,53542300,1879867000,24463900600,3408.1502,3416.5929,3403.6613,3406.5735
95545000,3414.5353,3706000,40324300,1883573000,24504224900,3408.1502,3416.5929,3403.6613,3406.5735
95549000,3415.1223,7062700,82966700,1890635700,24587191600,3408.1502,3416.5929,3403.6613,3406.5735
95555000,3416.039,6611700,76618600,1897247400,24663810200,3408.1502,3416.5929,3403.6613,3406.5735
95600000,3415.6632,4387500,52053800,1901634900,24715864000,3408.1502,3416.5929,3403.6613,3406.5735
95605000,3415.5812,4271800,53232000,1905906700,24769096000,3408.1502,3416.5929,3403.6613,3406.5735
95610000,3415.3785,4874700,68515200,1910781400,24837611200,3408.1502,3416.5929,3403.6613,3406.5735
95615000,3415.9868,3654500,44278000,1914435900,24881889200,3408.1502,3416.5929,3403.6613,3406.5735
95620000,3415.9791,4521000,55673800,1918956900,24937563000,3408.1502,3416.5929,3403.6613,3406.5735
95625000,3415.5766,5141500,64061100,1924098400,25001624100,3408.1502,3416.5929,3403.6613,3406.5735
95630000,3415.8594,5221500,48718100,1929319900,25050342200,3408.1502,3416.5929,3403.6613,3406.5735
95634000,3415.0598,6644600,68724400,1935964500,25119066600,3408.1502,3416.5929,3403.6613,3406.5735
95640000,3414.18,5056600,68548000,1941021100,25187614600,3408.1502,3416.5929,3403.6613,3406.5735
95645000,3413.7361,4922100,61942400,1945943200,25249557000,3408.1502,3416.5929,3403.6613,3406.5735
95649000,3413.7837,8328200,99771800,1954271400,25349328800,3408.1502,3416.5929,3403.6613,3406.5735
95655000,3412.8264,5895400,85777100,1960166800,25435105900,3408.1502,3416.5929,3403.6613,3406.5735
95700000,3412.7083,4714800,69570600,1964881600,25504676500,3408.1502,3416.5929,3403.6613,3406.5735
95705000,3411.3224,7387700,94060500,1972269300,25598737000,3408.1502,3416.5929,3403.6613,3406.5735
95710000,3411.2117,5159800,94309300,1977429100,25693046300,3408.1502,3416.5929,3403.6613,3406.5735
95715000,3410.9886,4123000,63201400,1981552100,25756247700,3408.1502,3416.5929,3403.6613,3406.5735
95720000,3410.5659,7221500,80411400,1988773600,25836659100,3408.1502,3416.5929,3403.6613,3406.5735
95725000,3410.5653,5417000,69577800,1994190600,25906236900,3408.1502,3416.5929,3403.6613,3406.5735
95730000,3410.3312,4311000,52516700,1998501600,25958753600,3408.1502,3416.5929,3403.6613,3406.5735
95734000,3409.857,6295300,71286700,2004796900,26030040300,3408.1502,3416.5929,3403.6613,3406.5735
95741000,3409.5937,6719100,82138900,2011516000,26112179200,3408.1502,3416.5929,3403.6613,3406.5735
95746000,3409.4968,3657400,54007400,2015173400,26166186600,3408.1502,3416.5929,3403.6613,3406.5735
95751000,3409.1138,2684000,39709100,2017857400,26205895700,3408.1502,3416.5929,3403.6613,3406.5735
95756000,3408.7736,4829600,58597100,2022687000,26264492800,3408.1502,3416.5929,3403.6613,3406.5735
95801000,3409.2194,5037900,59476500,2027724900,26323969300,3408.1502,3416.5929,3403.6613,3406.5735
95806000,3408.6798,3411500,46751800,2031136400,26370721100,3408.1502,3416.5929,3403.6613,3406.5735
95811000,3408.6201,4136500,52385700,2035272900,26423106800,3408.1502,3416.5929,3403.6613,3406.5735
95816000,3408.3923,4118200,59164000,2039391100,26482270800,3408.1502,3416.5929,3403.6613,3406.5735
95821000,3408.3026,3564300,42278600,2042955400,26524549400,3408.1502,3416.5929,3403.6613,3406.5735
95825000,3408.3534,3689400,53906600,2046644800,26578456000,3408.1502,3416.5929,3403.6613,3406.5735
95831000,3408.677,4540000,72285300,2051184800,26650741300,3408.1502,3416.5929,3403.6613,3406.5735
95836000,3408.3726,3993000,38621300,2055177800,26689362600,3408.1502,3416.5929,3403.6613,3406.5735
95841000,3408.3019,4408600,46957500,2059586400,26736320100,3408.1502,3416.5929,3403.6613,3406.5735
95846000,3408.1916,5346500,59574100,2064932900,26795894200,3408.1502,3416.5929,3403.6613,3406.5735
95851000,3407.9854,2782700,35499800,2067715600,26831394000,3408.1502,3416.5929,3403.6613,3406.5735
95856000,3407.7027,3821700,49216300,2071537300,26880610300,3408.1502,3416.5929,3403.6613,3406.5735
95901000,3407.9946,2718200,36797800,2074255500,26917408100,3408.1502,3416.5929,3403.6613,3406.5735
95906000,3407.9375,4061500,59515100,2078317000,26976923200,3408.1502,3416.5929,3403.6613,3406.5735
95911000,3408.046,2680200,42585100,2080997200,27019508300,3408.1502,3416.5929,3403.6613,3406.5735
95916000,3408.3746,4958700,66422500,2085955900,27085930800,3408.1502,3416.5929,3403.6613,3406.5735
95921000,3407.8842,2924300,34005200,2088880200,27119936000,3408.1502,3416.5929,3403.6613,3406.5735
95926000,3407.9402,4187300,61928000,2093067500,27181864000,3408.1502,3416.5929,3403.6613,3406.5735
95931000,3408.1261,5151800,54999300,2098219300,27236863300,3408.1502,3416.5929,3403.6613,3406.5735
95936000,3408.2377,2048400,30415000,2100267700,27267278300,3408.1502,3416.5929,3403.6613,3406.5735
95940000,3407.9261,2403900,36671100,2102671600,27303949400,3408.1502,3416.5929,3403.6613,3406.5735
95946000,3407.9877,3660300,44640700,2106331900,27348590100,3408.1502,3416.5929,3403.6613,3406.5735
95951000,3407.8559,2265000,32008500,2108596900,27380598600,3408.1502,3416.5929,3403.6613,3406.5735
95955000,3407.6222,4227200,51480900,2112824100,27432079500,3408.1502,3416.5929,3403.6613,3406.5735
100001000,3408.1651,4346500,53515800,2117170600,27485595300,3408.1502,3416.5929,3403.6613,3406.5735
100006000,3407.78,2363700,31293500,2119534300,27516888800,3408.1502,3416.5929,3403.6613,3406.5735
100010000,3407.9656,3989900,47637800,2123524200,27564526600,3408.1502,3416.5929,3403.6613,3406.5735
100016000,3408.5279,3992900,55441000,2127517100,27619967600,3408.1502,3416.5929,3403.6613,3406.5735
100021000,3408.1456,2407600,29483000,2129924700,27649450600,3408.1502,3416.5929,3403.6613,3406.5735
100026000,3408.0475,3110200,52648600,2133034900,27702099200,3408.1502,3416.5929,3403.6613,3406.5735
100031000,3408.2516,2733600,46270400,2135768500,27748369600,3408.1502,3416.5929,3403.6613,3406.5735
100036000,3408.3551,2818600,40934900,2138587100,27789304500,3408.1502,3416.5929,3403.6613,3406.5735
100040000,3408.3587,3186000,51993200,2141773100,27841297700,3408.1502,3416.5929,3403.6613,3406.5735
100046000,3408.5978,3218600,47335300,2144991700,27888633000,3408.1502,3416.5929,3403.6613,3406.5735
100051000,3408.2383,2055100,28530900,2147046800,27917163900,3408.1502,3416.5929,3403.6613,3406.5735
100055000,3408.1059,3156000,42373800,2150202800,27959537700,3408.1502,3416.5929,3403.6613,3406.5735
100101000,3408.0974,2880200,42803600,2153083000,28002341300,3408.1502,3416.5929,3403.6613,3406.5735
100106000,3408.0252,2590700,35141700,2155673700,28037483000,3408.1502,3416.5929,3403.6613,3406.5735
100111000,3408.0279,5461200,60397600,2161134900,28097880600,3408.1502,3416.5929,3403.6613,3406.5735
100116000,3408.0241,3557800,45645200,2164692700,28143525800,3408.1502,3416.5929,3403.6613,3406.5735
100121000,3408.0791,2583000,40391000,2167275700,28183916800,3408.1502,3416.5929,3403.6613,3406.5735
100126000,3407.7282,4315600,51193400,2171591300,28235110200,3408.1502,3416.5929,3403.6613,3406.5735
100131000,3407.5708,3744100,58324300,2175335400,28293434500,3408.1502,3416.5929,3403.6613,3406.5735
100136000,3407.391,2806100,36788600,2178141500,28330223100,3408.1502,3416.5929,3403.6613,3406.5735
100142000,3406.6618,4683200,75119100,2182824700,28405342200,3408.1502,3416.5929,3403.6613,3406.5735
100147000,3406.8967,4945800,57783500,2187770500,28463125700,3408.1502,3416.5929,3403.6613,3406.5735
100152000,3406.1369,5112700,82803700,2192883200,28545929400,3408.1502,3416.5929,3403.6613,3406.5735
100157000,3405.7604,3577700,54761600,2196460900,28600691000,3408.1502,3416.5929,3403.6613,3406.5735
100201000,3405.7141,4118900,64547000,2200579800,28665238000,3408.1502,3416.5929,3403.6613,3406.5735
100207000,3405.4624,5298700,67725000,2205878500,28732963000,3408.1502,3416.5929,3403.6613,3406.5735
100212000,3405.1112,3000300,46482900,2208878800,28779445900,3408.1502,3416.5929,3403.6613,3406.5735
100217000,3405.6438,6058600,73395000,2214937400,28852840900,3408.1502,3416.5929,3403.6613,3406.5735
100222000,3405.4075,4906300,62394000,2219843700,28915234900,3408.1502,3416.5929,3403.6613,3406.5735
100227000,3405.0185,2904300,53601100,2222748000,28968836000,3408.1502,3416.5929,3403.6613,3406.5735
100232000,3405.2258,3942300,60624700,2226690300,29029460700,3408.1502,3416.5929,3403.6613,3406.5735
100237000,3404.8846,4937200,57923700,2231627500,29087384400,3408.1502,3416.5929,3403.6613,3406.5735
100242000,3404.7474,2362300,38046600,2233989800,29125431000,3408.1502,3416.5929,3403.6613,3406.5735
100247000,3404.5462,3333800,59013400,2237323600,29184444400,3408.1502,3416.5929,3403.6613,3406.5735
100252000,3404.6356,3498300,49328300,2240821900,29233772700,3408.1502,3416.5929,3403.6613,3406.5735
100257000,3405.0426,2845700,47337200,2243667600,29281109900,3408.1502,3416.5929,3403.6613,3406.5735
100302000,3404.756,4356500,49604000,2248024100,29330713900,3408.1502,3416.5929,3403.6613,3406.5735
100307000,3404.896,3808500,56216800,2251832600,29386930700,3408.1502,3416.5929,3403.6613,3406.5735
100312000,3404.3586,2450200,38334200,2254282800,29425264900,3408.1502,3416.5929,3403.6613,3406.5735
100317000,3404.2454,3949500,52124400,2258232300,29477389300,3408.1502,3416.5929,3403.6613,3406.5735
100322000,3404.6091,4242900,47378100,2262475200,29524767400,3408.1502,3416.5929,3403.6613,3406.5735
100327000,3404.3043,3555400,48685200,2266030600,29573452600,3408.1502,3416.5929,3403.6613,3406.5735
100332000,3404.0657,4530600,56937300,2270561200,29630389900,3408.1502,3416.5929,3403.6613,3406.5735
100337000,3403.9263,5943000,62856500,2276504200,29693246400,3408.1502,3416.5929,3403.6613,3406.5735
100342000,3404.6563,3631200,42023300,2280135400,29735269700,3408.1502,3416.5929,3403.6613,3406.5735
100347000,3404.0818,2646600,44292800,2282782000,29779562500,3408.1502,3416.5929,3403.6613,3406.5735
100352000,3404.0781,6601400,59013800,2289383400,29838576300,3408.1502,3416.5929,3403.6613,3406.5735
100357000,3404.214,3018600,31904200,2292402000,29870480500,3408.1502,3416.5929,3403.6613,3406.5735
100402000,3404.232,4393300,61261700,2296795300,29931742200,3408.1502,3416.5929,3403.6613,3406.5735
100407000,3404.2768,4348800,54969000,2301144100,29986711200,3408.1502,3416.5929,3403.6613,3406.5735
100412000,3404.6221,2363900,38189700,2303508000,30024900900,3408.1502,3416.5929,3403.6613,3406.5735
100417000,3404.9255,5734500,64975400,2309242500,30089876300,3408.1502,3416.5929,3403.6613,3406.5735
100422000,3405.4879,6074000,64185200,2315316500,30154061500,3408.1502,3416.5929,3403.6613,3406.5735
100427000,3405.4443,3140000,44821700,2318456500,30198883200,3408.1502,3416.5929,3403.6613,3406.5735
100432000,3405.1473,3759900,50312400,2322216400,30249195600,3408.1502,3416.5929,3403.6613,3406.5735
100437000,3405.178,4775100,59848900,2326991500,30309044500,3408.1502,3416.5929,3403.6613,3406.5735
100442000,3405.5179,2099300,32490700,2329090800,30341535200,3408.1502,3416.5929,3403.6613,3406.5735
100447000,3405.3861,3008600,42916200,2332099400,30384451400,3408.1502,3416.5929,3403.6613,3406.5735
100452000,3405.5902,3726300,43102100,2335825700,30427553500,3408.1502,3416.5929,3403.6613,3406.5735
100457000,3406.0404,2848900,33867000,2338674600,30461420500,3408.1502,3416.5929,3403.6613,3406.5735
100502000,3406.1245,3390200,40823500,2342064800,30502244000,3408.1502,3416.5929,3403.6613,3406.5735
100507000,3405.5829,3592700,51560800,2345657500,30553804800,3408.1502,3416.5929,3403.6613,3406.5735
100512000,3405.859,1769000,24900900,2347426500,30578705700,3408.1502,3416.5929,3403.6613,3406.5735
100517000,3406.0557,3120300,48280900,2350546800,30626986600,3408.1502,3416.5929,3403.6613,3406.5735
100522000,3406.1268,3456000,39506800,2354002800,30666493400,3408.1502,3416.5929,3403.6613,3406.5735
100527000,3405.7854,3187700,33583500,2357190500,30700076900,3408.1502,3416.5929,3403.6613,3406.5735
100532000,3405.9737,3611200,41275600,2360801700,30741352500,3408.1502,3416.5929,3403.6613,3406.5735
100538000,3405.6659,3268600,46694100,2364070300,30788046600,3408.1502,3416.5929,3403.6613,3406.5735
100542000,3405.5285,2328200,33578200,2366398500,30821624800,3408.1502,3416.5929,3403.6613,3406.5735
100548000,3405.7551,3024800,40798300,2369423300,30862423100,3408.1502,3416.5929,3403.6613,3406.5735
100553000,3405.4503,3409400,38636600,2372832700,30901059700,3408.1502,3416.5929,3403.6613,3406.5735
100558000,3405.423,4827400,49323700,2377660100,30950383400,3408.1502,3416.5929,3403.6613,3406.5735
100603000,3405.569,4228300,40018100,2381888400,30990401500,3408.1502,3416.5929,3403.6613,3406.5735
100608000,3405.1645,4494800,73086400,2386383200,31063487900,3408.1502,3416.5929,3403.6613,3406.5735
100613000,3405.3135,3714400,46674100,2390097600,31110162000,3408.1502,3416.5929,3403.6613,3406.5735
100618000,3405.3807,3633900,36678600,2393731500,31146840600,3408.1502,3416.5929,3403.6613,3406.5735
100623000,3405.285,3633600,43477200,2397365100,31190317800,3408.1502,3416.5929,3403.6613,3406.5735
100628000,3405.379,3404800,38406600,2400769900,31228724400,3408.1502,3416.5929,3403.6613,3406.5735
100633000,3405.3129,2147400,28028900,2402917300,31256753300,3408.1502,3416.5929,3403.6613,3406.5735
100638000,3405.178,2569900,33484700,2405487200,31290238000,3408.1502,3416.5929,3403.6613,3406.5735
100643000,3404.8583,3206600,47700200,2408693800,31337938200,3408.1502,3416.5929,3403.6613,3406.5735
100648000,3404.771,2122700,27424000,2410816500,31365362200,3408.1502,3416.5929,3403.6613,3406.5735
100653000,3404.5282,3094900,44060100,2413911400,31409422300,3408.1502,3416.5929,3403.6613,3406.5735
100658000,3404.4937,3163400,45753600,2417074800,31455175900,3408.1502,3416.5929,3403.6613,3406.5735
100703000,3404.5048,2789800,38948400,2419864600,31494124300,3408.1502,3416.5929,3403.6613,3406.5735
100708000,3405.0408,5165700,65182900,2425030300,31559307200,3408.1502,3416.5929,3403.6613,3406.5735
100713000,3404.4342,2873200,45805700,2427903500,31605112900,3408.1502,3416.5929,3403.6613,3406.5735
100718000,3404.7258,2893000,37511200,2430796500,31642624100,3408.1502,3416.5929,3403.6613,3406.5735
100723000,3405.4576,3888800,55704700,2434685300,31698328800,3408.1502,3416.5929,3403.6613,3406.5735
100728000,3404.893,3102500,44253500,2437787800,31742582300,3408.1502,3416.5929,3403.6613,3406.5735
100733000,3404.9148,2458200,32773600,2440246000,31775355900,3408.1502,3416.5929,3403.6613,3406.5735
100738000,3404.6782,3652500,52055800,2443898500,31827411700,3408.1502,3416.5929,3403.6613,3406.5735
100743000,3404.6352,4251900,48614700,2448150400,31876026400,3408.1502,3416.5929,3403.6613,3406.5735
100748000,3404.9992,2806100,32390900,2450956500,31908417300,3408.1502,3416.5929,3403.6613,3406.5735
100753000,3404.7832,4420400,68521900,2455376900,31976939200,3408.1502,3416.5929,3403.6613,3406.5735
100758000,3405.2033,3506100,48207200,2458883000,32025146400,3408.1502,3416.5929,3403.6613,3406.5735
100803000,3405.0053,2017000,33224500,2460900000,32058370900,3408.1502,3416.5929,3403.6613,3406.5735
100808000,3404.6437,5212100,60024100,2466112100,32118395000,3408.1502,3416.5929,3403.6613,3406.5735
100813000,3404.6084,4573900,55383400,2470686000,32173778400,3408.1502,3416.5929,3403.6613,3406.5735
100818000,3404.3481,2292400,29860800,2472978400,32203639200,3408.1502,3416.5929,3403.6613,3406.5735
100823000,3404.8593,5139500,58396500,2478117900,32262035700,3408.1502,3416.5929,3403.6613,3406.5735
100828000,3404.0961,6552000,65730100,2484669900,32327765800,3408.1502,3416.5929,3403.6613,3406.5735
100833000,3404.7011,3118800,36533500,2487788700,32364299300,3408.1502,3416.5929,3403.6613,3406.5735
100838000,3404.2052,4843300,56104900,2492632000,32420404200,3408.1502,3416.5929,3403.6613,3406.5735
100843000,3404.0192,3459500,53450600,2496091500,32473854800,3408.1502,3416.5929,3403.6613,3406.5735
100848000,3403.8251,2996500,36957500,2499088000,32510812300,3408.1502,3416.5929,3403.6613,3406.5735
100853000,3403.4937,4596300,52113200,2503684300,32562925500,3408.1502,3416.5929,3403.4937,3406.5735
100858000,3403.676,4343000,59936500,2508027300,32622862000,3408.1502,3416.5929,3403.3677,3406.5735
100903000,3403.9565,2285100,32320100,2510312400,32655182100,3408.1502,3416.5929,3403.3677,3406.5735
100908000,3403.5269,2920900,40676800,2513233300,32695858900,3408.1502,3416.5929,3403.1543,3406.5735
100913000,3403.4696,3309300,53792300,2516542600,32749651200,3408.1502,3416.5929,3403.1543,3406.5735
100918000,3403.4959,2351800,30871200,2518894400,32780522400,3408.1502,3416.5929,3403.1543,3406.5735
100923000,3403.7887,2814800,37988600,2521709200,32818511000,3408.1502,3416.5929,3403.1543,3406.5735
100928000,3403.4496,4374400,53189700,2526083600,32871700700,3408.1502,3416.5929,3403.1543,3406.5735
100933000,3403.5553,2913800,35976000,2528997400,32907676700,3408.1502,3416.5929,3403.1543,3406.5735
100939000,3403.4298,3785500,60003100,2532782900,32967679800,3408.1502,3416.5929,3403.1543,3406.5735
100944000,3403.6131,4915800,58315900,2537698700,33025995700,3408.1502,3416.5929,3403.1543,3406.5735
100949000,3403.4815,3479800,48193200,2541178500,33074188900,3408.1502,3416.5929,3403.1543,3406.5735
100954000,3402.8367,1885500,26998600,2543064000,33101187500,3408.1502,3416.5929,3402.7643,3406.5735
100959000,3402.629,3659400,44515700,2546723400,33145703200,3408.1502,3416.5929,3402.629,3406.5735
101004000,3402.6521,3628200,53941100,2550351600,33199644300,3408.1502,3416.5929,3402.629,3406.5735
101009000,3403.2737,3180400,43987200,2553532000,33243631500,3408.1502,3416.5929,3402.5359,3406.5735
101014000,3403.6447,4108600,55476800,2557640600,33299108300,3408.1502,3416.5929,3402.5359,3406.5735
101019000,3403.2654,4308000,59543400,2561948600,33358651700,3408.1502,3416.5929,3402.5359,3406.5735
101024000,3403.3795,2104400,30701100,2564053000,33389352800,3408.1502,3416.5929,3402.5359,3406.5735
101029000,3404.0277,4547200,58317000,2568600200,33447669800,3408.1502,3416.5929,3402.5359,3406.5735
101034000,3404.6933,4761300,64220300,2573361500,33511890100,3408.1502,3416.5929,3402.5359,3406.5735
101039000,3403.9953,2363900,35408300,2575725400,33547298400,3408.1502,3416.5929,3402.5359,3406.5735
101044000,3404.4482,4968900,64045600,2580694300,33611344000,3408.1502,3416.5929,3402.5359,3406.5735
101049000,3404.205,4902800,63216000,2585597100,33674560000,3408.1502,3416.5929,3402.5359,3406.5735
101054000,3404.1286,2532500,38924500,2588129600,33713484500,3408.1502,3416.5929,3402.5359,3406.5735
101059000,3403.7405,4341000,49790200,2592470600,33763274700,3408.1502,3416.5929,3402.5359,3406.5735
101104000,3403.2315,4967700,56607100,2597438300,33819881800,3408.1502,3416.5929,3402.5359,3406.5735
101109000,3403.2147,2623900,39726200,2600062200,33859608000,3408.1502,3416.5929,3402.5359,3406.5735
101114000,3403.6481,4184500,55868800,2604246700,33915476800,3408.1502,3416.5929,3402.5359,3406.5735
101119000,3403.3268,3139900,47344300,2607386600,33962821100,3408.1502,3416.5929,3402.5359,3406.5735
101124000,3402.8457,2852500,38351200,2610239100,34001172300,3408.1502,3416.5929,3402.5359,3406.5735
101129000,3402.8316,3327300,45942400,2613566400,34047114700,3408.1502,3416.5929,3402.5359,3406.5735
101134000,3402.4247,3136700,51643300,2616703100,34098758000,3408.1502,3416.5929,3402.4247,3406.5735
101139000,3402.0693,2367700,38106300,2619070800,34136864300,3408.1502,3416.5929,3402.0693,3406.5735
101144000,3402.4221,3314300,51581800,2622385100,34188446100,3408.1502,3416.5929,3402.0693,3406.5735
101149000,3402.1494,4443400,57321400,2626828500,34245767500,3408.1502,3416.5929,3402.0693,3406.5735
101154000,3401.8334,3491300,42584400,2630319800,34288351900,3408.1502,3416.5929,3401.8019,3406.5735
101159000,3401.1654,3545700,50835200,2633865500,34339187100,3408.1502,3416.5929,3401.1592,3406.5735
101204000,3401.1612,4636400,61989800,2638501900,34401176900,3408.1502,3416.5929,3401.1592,3406.5735
101209000,3401.9598,3743800,52570800,2642245700,34453747700,3408.1502,3416.5929,3401.0275,3406.5735
101214000,3401.3507,4900900,67841400,2647146600,34521589100,3408.1502,3416.5929,3401.0275,3406.5735
101219000,3401.5873,4037900,61366400,2651184500,34582955500,3408.1502,3416.5929,3400.9517,3406.5735
101224000,3401.3006,3058200,43150900,2654242700,34626106400,3408.1502,3416.5929,3400.9517,3406.5735
101229000,3401.692,3802200,49615100,2658044900,34675721500,3408.1502,3416.5929,3400.9517,3406.5735
101234000,3401.0569,3953700,55062700,2661998600,34730784200,3408.1502,3416.5929,3400.9517,3406.5735
101239000,3401.0341,2771300,37790600,2664769900,34768574800,3408.1502,3416.5929,3400.6064,3406.5735
101244000,3401.1711,3636800,53064800,2668406700,34821639600,3408.1502,3416.5929,3400.6064,3406.5735
101249000,3401.1405,3723300,44501700,2672130000,34866141300,3408.1502,3416.5929,3400.6064,3406.5735
101254000,3401.2561,2395000,34174500,2674525000,34900315800,3408.1502,3416.5929,3400.6064,3406.5735
101259000,3400.8789,2791200,36334900,2677316200,34936650700,3408.1502,3416.5929,3400.6064,3406.5735
101304000,3400.7119,2956700,46491800,2680272900,34983142500,3408.1502,3416.5929,3400.6064,3406.5735
101309000,3400.6776,3140200,33183900,2683413100,35016326400,3408.1502,3416.5929,3400.6064,3406.5735
101314000,3400.8122,3865800,55658500,2687278900,35071984900,3408.1502,3416.5929,3400.6064,3406.5735
101319000,3400.4902,3503500,43405700,2690782400,35115390600,3408.1502,3416.5929,3400.4902,3406.5735
101324000,3401.0037,3790300,43408100,2694572700,35158798700,3408.1502,3416.5929,3400.3529,3406.5735
101329000,3400.4582,3871200,47302000,2698443900,35206100700,3408.1502,3416.5929,3400.3529,3406.5735
101334000,3400.4196,3232700,54942900,2701676600,35261043600,3408.1502,3416.5929,3400.3529,3406.5735
101339000,3400.7924,2896700,39628100,2704573300,35300671700,3408.1502,3416.5929,3400.3529,3406.5735
101344000,3399.8314,3937100,48918000,2708510400,35349589700,3408.1502,3416.5929,3399.8314,3406.5735
101350000,3399.74,3768400,51277500,2712278800,35400867200,3408.1502,3416.5929,3399.5876,3406.5735
101355000,3400.38,3561700,52114300,2715840500,35452981500,3408.1502,3416.5929,3399.5876,3406.5735
101400000,3400.4533,2580500,33116100,2718421000,35486097600,3408.1502,3416.5929,3399.5876,3406.5735
101405000,3399.7886,3511700,49755200,2721932700,35535852800,3408.1502,3416.5929,3399.5876,3406.5735
101410000,3400.2513,3763500,50173400,2725696200,35586026200,3408.1502,3416.5929,3399.5876,3406.5735
101415000,3400.3674,2550500,32310200,2728246700,35618336400,3408.1502,3416.5929,3399.5876,3406.5735
101420000,3400.506,3099300,47442300,2731346000,35665778700,3408.1502,3416.5929,3399.5876,3406.5735
101425000,3400.7152,4167200,46015700,2735513200,35711794400,3408.1502,3416.5929,3399.5876,3406.5735
101430000,3400.2104,2638200,33965600,2738151400,35745760000,3408.1502,3416.5929,3399.5876,3406.5735
101435000,3400.4398,3760300,53940600,2741911700,35799700600,3408.1502,3416.5929,3399.5876,3406.5735
101440000,3400.2151,3642900,47713400,2745554600,35847414000,3408.1502,3416.5929,3399.5876,3406.5735
101445000,3400.7999,2743400,34488100,2748298000,35881902100,3408.1502,3416.5929,3399.5876,3406.5735
101450000,3399.9701,2888300,40040000,2751186300,35921942100,3408.1502,3416.5929,3399.5876,3406.5735
101455000,3400.6392,2577000,38407700,2753763300,35960349800,3408.1502,3416.5929,3399.5876,3406.5735
101500000,3400.6242,2251900,28015300,2756015200,35988365100,3408.1502,3416.5929,3399.5876,3406.5735
101505000,3400.8052,3590000,46484700,2759605200,36034849800,3408.1502,3416.5929,3399.5876,3406.5735
101510000,3400.0569,3288600,50014200,2762893800,36084864000,3408.1502,3416.5929,3399.5876,3406.5735
101515000,3400.4406,2724200,36455200,2765618000,36121319200,3408.1502,3416.5929,3399.5876,3406.5735
101520000,3399.9089,2810700,47377900,2768428700,36168697100,3408.1502,3416.5929,3399.5876,3406.5735
101525000,3400.4432,3320600,49569400,2771749300,36218266500,3408.1502,3416.5929,3399.5876,3406.5735
101530000,3400.3282,2279500,31513600,2774028800,36249780100,3408.1502,3416.5929,3399.5876,3406.5735
101535000,3400.225,3191300,45736400,2777220100,36295516500,3408.1502,3416.5929,3399.5876,3406.5735
101540000,3400.0044,3062900,47646500,2780283000,36343163000,3408.1502,3416.5929,3399.5876,3406.5735
101545000,3400.1931,1889500,28493000,2782172500,36371656000,3408.1502,3416.5929,3399.5876,3406.5735
101550000,3400.2424,2590600,36204900,2784763100,36407860900,3408.1502,3416.5929,3399.5876,3406.5735
101555000,3400.3343,2302700,35941500,2787065800,36443802400,3408.1502,3416.5929,3399.5876,3406.5735
101600000,3400.3148,1946500,23894500,2789012300,36467696900,3408.1502,3416.5929,3399.5876,3406.5735
101605000,3400.0032,3365300,41087400,2792377600,36508784300,3408.1502,3416.5929,3399.5876,3406.5735
101610000,3400.2971,3123100,43276500,2795500700,36552060800,3408.1502,3416.5929,3399.5876,3406.5735
101615000,3400.2657,2334800,29867500,2797835500,36581928300,3408.1502,3416.5929,3399.5876,3406.5735
101620000,3400.1531,2552400,40953400,2800387900,36622881700,3408.1502,3416.5929,3399.5876,3406.5735
101625000,3400.5262,3137300,38375500,2803525200,36661257200,3408.1502,3416.5929,3399.5876,3406.5735
101630000,3401.6874,2353200,30792500,2805878400,36692049700,3408.1502,3416.5929,3399.5876,3406.5735
101635000,3401.4074,3514600,51820800,2809393000,36743870500,3408.1502,3416.5929,3399.5876,3406.5735
101640000,3401.5216,3465400,50701300,2812858400,36794571800,3408.1502,3416.5929,3399.5876,3406.5735
101645000,3401.6058,2172900,26810000,2815031300,36821381800,3408.1502,3416.5929,3399.5876,3406.5735
101650000,3402.0834,3408700,46493300,2818440000,36867875100,3408.1502,3416.5929,3399.5876,3406.5735
101655000,3402.0075,3365300,38157100,2821805300,36906032200,3408.1502,3416.5929,3399.5876,3406.5735
101700000,3401.7648,2037500,27295300,2823842800,36933327500,3408.1502,3416.5929,3399.5876,3406.5735
101705000,3401.7752,4488600,59218500,2828331400,36992546000,3408.1502,3416.5929,3399.5876,3406.5735
101710000,3401.9603,2790900,38970100,2831122300,37031516100,3408.1502,3416.5929,3399.5876,3406.5735
101715000,3402.0859,2411300,25209600,2833533600,37056725700,3408.1502,3416.5929,3399.5876,3406.5735
101720000,3402.1092,2316100,29234500,2835849700,37085960200,3408.1502,3416.5929,3399.5876,3406.5735
101726000,3402.1794,3028000,45443500,2838877700,37131403700,3408.1502,3416.5929,3399.5876,3406.5735
101730000,3402.2304,1908100,26465400,2840785800,37157869100,3408.1502,3416.5929,3399.5876,3406.5735
101735000,3402.1593,2602400,37697000,2843388200,37195566100,3408.1502,3416.5929,3399.5876,3406.5735
101741000,3402.1704,3667500,39851200,2847055700,37235417300,3408.1502,3416.5929,3399.5876,3406.5735
101745000,3402.1627,2507700,29206400,2849563400,37264623700,3408.1502,3416.5929,3399.5876,3406.5735
101751000,3402.1478,2717100,39235600,2852280500,37303859300,3408.1502,3416.5929,3399.5876,3406.5735
101756000,3402.1781,3125700,38827300,2855406200,37342686600,3408.1502,3416.5929,3399.5876,3406.5735
101801000,3402.2655,2721800,36364400,2858128000,37379051000,3408.1502,3416.5929,3399.5876,3406.5735
101806000,3402.2409,2745600,36160900,2860873600,37415211900,3408.1502,3416.5929,3399.5876,3406.5735
101811000,3402.0386,3397600,40081400,2864271200,37455293300,3408.1502,3416.5929,3399.5876,3406.5735
101816000,3402.4763,3566900,45301100,2867838100,37500594400,3408.1502,3416.5929,3399.5876,3406.5735
101821000,3402.3317,1656500,27089300,2869494600,37527683700,3408.1502,3416.5929,3399.5876,3406.5735
101826000,3402.6073,3792200,40877700,2873286800,37568561400,3408.1502,3416.5929,3399.5876,3406.5735
101831000,3402.4947,2489200,33072400,2875776000,37601633800,3408.1502,3416.5929,3399.5876,3406.5735
101836000,3402.4655,1777100,23753600,2877553100,37625387400,3408.1502,3416.5929,3399.5876,3406.5735
101841000,3402.6964,2619800,31095200,2880172900,37656482600,3408.1502,3416.5929,3399.5876,3406.5735
101846000,3402.3671,2433800,35680400,2882606700,37692163000,3408.1502,3416.5929,3399.5876,3406.5735
101851000,3403.1721,2039100,24707900,2884645800,37716870900,3408.1502,3416.5929,3399.5876,3406.5735
101856000,3403.0557,2419300,35299500,2887065100,37752170400,3408.1502,3416.5929,3399.5876,3406.5735
101901000,3403.7612,2332000,33637700,2889397100,37785808100,3408.1502,3416.5929,3399.5876,3406.5735
101906000,3403.3492,2541000,32757800,2891938100,37818565900,3408.1502,3416.5929,3399.5876,3406.5735
101911000,3403.1881,4367600,49303700,2896305700,37867869600,3408.1502,3416.5929,3399.5876,3406.5735
101916000,3403.2076,4100600,49171300,2900406300,37917040900,3408.1502,3416.5929,3399.5876,3406.5735
101921000,3403.2714,1371900,23541600,2901778200,37940582500,3408.1502,3416.5929,3399.5876,3406.5735
101926000,3403.3193,1796900,27477800,2903575100,37968060300,3408.1502,3416.5929,3399.5876,3406.5735
101931000,3403.1676,3167200,43585000,2906742300,38011645300,3408.1502,3416.5929,3399.5876,3406.5735
101936000,3402.8957,1593700,24393600,2908336000,38036038900,3408.1502,3416.5929,3399.5876,3406.5735
101941000,3402.9356,2628300,33367800,2910964300,38069406700,3408.1502,3416.5929,3399.5876,3406.5735
101946000,3403.7075,3081800,38241000,2914046100,38107647700,3408.1502,3416.5929,3399.5876,3406.5735
101951000,3403.4116,1576300,21291400,2915622400,38128939100,3408.1502,3416.5929,3399.5876,3406.5735
101956000,3403.5638,2739200,37724900,2918361600,38166664000,3408.1502,3416.5929,3399.5876,3406.5735
102001000,3403.6917,2644800,32532500,2921006400,38199196500,3408.1502,3416.5929,3399.5876,3406.5735
102006000,3403.5084,2160800,28886700,2923167200,38228083200,3408.1502,3416.5929,3399.5876,3406.5735
102011000,3403.5554,3185000,43776400,2926352200,38271859600,3408.1502,3416.5929,3399.5876,3406.5735
102016000,3403.9873,3312300,45753900,2929664500,38317613500,3408.1502,3416.5929,3399.5876,3406.5735
102021000,3403.7182,2774600,38570800,2932439100,38356184300,3408.1502,3416.5929,3399.5876,3406.5735
102026000,3403.619,3508700,47712100,2935947800,38403896400,3408.1502,3416.5929,3399.5876,3406.5735
102031000,3403.3972,2912800,40262600,2938860600,38444159000,3408.1502,3416.5929,3399.5876,3406.5735
102036000,3403.7477,2018600,22244000,2940879200,38466403000,3408.1502,3416.5929,3399.5876,3406.5735
102041000,3403.7536,2520800,34740800,2943400000,38501143800,3408.1502,3416.5929,3399.5876,3406.5735
102046000,3404.2571,2763900,36739300,2946163900,38537883100,3408.1502,3416.5929,3399.5876,3406.5735
102051000,3403.9953,1970300,26194100,2948134200,38564077200,3408.1502,3416.5929,3399.5876,3406.5735
102056000,3404.16,3029100,32528800,2951163300,38596606000,3408.1502,3416.5929,3399.5876,3406.5735
102101000,3404.1104,3356400,48459800,2954519700,38645065800,3408.1502,3416.5929,3399.5876,3406.5735
102106000,3403.7912,2510800,34611700,2957030500,38679677500,3408.1502,3416.5929,3399.5876,3406.5735
102111000,3404.02,2837500,39081600,2959868000,38718759100,3408.1502,3416.5929,3399.5876,3406.5735
102116000,3404.1492,2888600,42048800,2962756600,38760807900,3408.1502,3416.5929,3399.5876,3406.5735
102121000,3404.1329,1674000,19463200,2964430600,38780271100,3408.1502,3416.5929,3399.5876,3406.5735
102126000,3403.9695,2138700,29207500,2966569300,38809478600,3408.1502,3416.5929,3399.5876,3406.5735
102131000,3404.0378,2141300,36300600,2968710600,38845779200,3408.1502,3416.5929,3399.5876,3406.5735
102136000,3403.6872,2043500,29054300,2970754100,38874833500,3408.1502,3416.5929,3399.5876,3406.5735
102142000,3403.5987,2878400,36633700,2973632500,38911467200,3408.1502,3416.5929,3399.5876,3406.5735
102147000,3403.637,3928900,41176700,2977561400,38952643900,3408.1502,3416.5929,3399.5876,3406.5735
102151000,3403.9074,1752100,21839400,2979313500,38974483300,3408.1502,3416.5929,3399.5876,3406.5735
102157000,3404.1369,2383700,33954500,2981697200,39008437800,3408.1502,3416.5929,3399.5876,3406.5735
102202000,3404.0828,2330900,35221400,2984028100,39043659200,3408.1502,3416.5929,3399.5876,3406.5735
102207000,3403.885,3113400,47194200,2987141500,39090853400,3408.1502,3416.5929,3399.5876,3406.5735
102212000,3403.9871,1203600,17382000,2988345100,39108235400,3408.1502,3416.5929,3399.5876,3406.5735
102217000,3404.3275,2450200,29156000,2990795300,39137391400,3408.1502,3416.5929,3399.5876,3406.5735
102222000,3404.2276,2347400,29090500,2993142700,39166481900,3408.1502,3416.5929,3399.5876,3406.5735
102227000,3404.3796,1848500,22797900,2994991200,39189279800,3408.1502,3416.5929,3399.5876,3406.5735
102232000,3404.5023,2583100,35791900,2997574300,39225071700,3408.1502,3416.5929,3399.5876,3406.5735
102237000,3404.4217,2888500,37756900,3000462800,39262828600,3408.1502,3416.5929,3399.5876,3406.5735
102242000,3404.4244,3814600,34294100,3004277400,39297122700,3408.1502,3416.5929,3399.5876,3406.5735
102247000,3404.4832,3530600,37158500,3007808000,39334281200,3408.1502,3416.5929,3399.5876,3406.5735
102252000,3404.5671,3899800,39296700,3011707800,39373577900,3408.1502,3416.5929,3399.5876,3406.5735
102257000,3404.83,2258800,22188900,3013966600,39395766800,3408.1502,3416.5929,3399.5876,3406.5735
102302000,3404.4733,3258300,35917400,3017224900,39431684200,3408.1502,3416.5929,3399.5876,3406.5735
102307000,3404.3277,3371500,38618200,3020596400,39470302400,3408.1502,3416.5929,3399.5876,3406.5735
102312000,3404.4912,2732900,26647500,3023329300,39496949900,3408.1502,3416.5929,3399.5876,3406.5735
102317000,3403.9879,3019000,39225000,3026348300,39536174900,3408.1502,3416.5929,3399.5876,3406.5735
102322000,3404.1565,2156200,35284900,3028504500,39571459800,3408.1502,3416.5929,3399.5876,3406.5735
102327000,3404.3627,1825000,27215700,3030329500,39598675500,3408.1502,3416.5929,3399.5876,3406.5735
102332000,3404.3591,6064400,45529800,3036393900,39644205300,3408.1502,3416.5929,3399.5876,3406.5735
102337000,3403.8218,2661500,42676500,3039055400,39686881800,3408.1502,3416.5929,3399.5876,3406.5735
102342000,3403.6109,2685700,30519600,3041741100,39717401400,3408.1502,3416.5929,3399.5876,3406.5735
102347000,3403.4715,2422000,34512900,3044163100,39751914300,3408.1502,3416.5929,3399.5876,3406.5735
102352000,3403.4021,2542200,35085100,3046705300,39786999400,3408.1502,3416.5929,3399.5876,3406.5735
102357000,3403.7717,2079000,28411800,3048784300,39815411200,3408.1502,3416.5929,3399.5876,3406.5735
102402000,3403.3731,3677600,52647800,3052461900,39868059000,3408.1502,3416.5929,3399.5876,3406.5735
102407000,3403.5754,3082500,40577900,3055544400,39908636900,3408.1502,3416.5929,3399.5876,3406.5735
102412000,3403.0723,2055800,24829800,3057600200,39933466700,3408.1502,3416.5929,3399.5876,3406.5735
102417000,3403.3656,3044400,44594400,3060644600,39978061100,3408.1502,3416.5929,3399.5876,3406.5735
102422000,3403.0781,2259800,31336200,3062904400,40009397300,3408.1502,3416.5929,3399.5876,3406.5735
102427000,3403.2246,2130600,32153700,3065035000,40041551000,3408.1502,3416.5929,3399.5876,3406.5735
102432000,3403.2848,4084700,40618200,3069119700,40082169200,3408.1502,3416.5929,3399.5876,3406.5735
102437000,3403.3485,2374400,37914200,3071494100,40120083400,3408.1502,3416.5929,3399.5876,3406.5735
102442000,3403.1584,1568400,20512900,3073062500,40140596300,3408.1502,3416.5929,3399.5876,3406.5735
102447000,3403.2347,2419700,38297800,3075482200,40178894100,3408.1502,3416.5929,3399.5876,3406.5735
102452000,3403.0328,2485500,35394700,3077967700,40214288800,3408.1502,3416.5929,3399.5876,3406.5735
102457000,3402.9905,1632800,34698900,3079600500,40248987700,3408.1502,3416.5929,3399.5876,3406.5735
102502000,3403.0244,2776200,49158300,3082376700,40298146000,3408.1502,3416.5929,3399.5876,3406.5735
102507000,3402.8946,2823600,46512300,3085200300,40344658300,3408.1502,3416.5929,3399.5876,3406.5735
102512000,3402.7834,1827700,30580200,3087028000,40375238500,3408.1502,3416.5929,3399.5876,3406.5735
102517000,3402.8725,2603700,48574800,3089631700,40423813300,3408.1502,3416.5929,3399.5876,3406.5735
102523000,3403.2624,3092100,38984100,3092723800,40462797400,3408.1502,3416.5929,3399.5876,3406.5735
102527000,3403.2907,1659100,19517600,3094382900,40482315000,3408.1502,3416.5929,3399.5876,3406.5735
102533000,3402.9396,3308300,51375500,3097691200,40533690500,3408.1502,3416.5929,3399.5876,3406.5735
102538000,3402.9508,3059000,48179200,3100750200,40581869700,3408.1502,3416.5929,3399.5876,3406.5735
102543000,3402.7806,2227900,40204900,3102978100,40622074600,3408.1502,3416.5929,3399.5876,3406.5735
102548000,3402.895,1707200,23608000,3104685300,40645682600,3408.1502,3416.5929,3399.5876,3406.5735
102553000,3402.8548,1798300,36189200,3106483600,40681871800,3408.1502,3416.5929,3399.5876,3406.5735
102558000,3402.6553,2792900,42813100,3109276500,40724684900,3408.1502,3416.5929,3399.5876,3406.5735
102603000,3402.8836,1887900,27706700,3111164400,40752391600,3408.1502,3416.5929,3399.5876,3406.5735
102608000,3402.399,2841500,42262600,3114005900,40794654200,3408.1502,3416.5929,3399.5876,3406.5735
102613000,3402.9029,2170700,33150400,3116176600,40827804600,3408.1502,3416.5929,3399.5876,3406.5735
102618000,3402.9455,3070800,38523100,3119247400,40866327700,3408.1502,3416.5929,3399.5876,3406.5735
102623000,3403.2636,2698600,34567700,3121946000,40900895400,3408.1502,3416.5929,3399.5876,3406.5735
102628000,3403.4312,3282700,39073200,3125228700,40939968600,3408.1502,3416.5929,3399.5876,3406.5735
102633000,3403.9309,2343700,28155900,3127572400,40968124500,3408.1502,3416.5929,3399.5876,3406.5735
102638000,3403.4691,1762400,23187500,3129334800,40991312000,3408.1502,3416.5929,3399.5876,3406.5735
102643000,3404.7922,3961000,51579600,3133295800,41042891600,3408.1502,3416.5929,3399.5876,3406.5735
102648000,3405.2343,6073600,69535900,3139369400,41112427500,3408.1502,3416.5929,3399.5876,3406.5735
102653000,3406.6273,7824800,91148200,3147194200,41203575700,3408.1502,3416.5929,3399.5876,3406.5735
102658000,3407.8549,9769000,96710700,3156963200,41300286400,3408.1502,3416.5929,3399.5876,3406.5735
102703000,3407.7938,5645000,61826900,3162608200,41362113300,3408.1502,3416.5929,3399.5876,3406.5735
102708000,3408.652,4603800,49284200,3167212000,41411397500,3408.1502,3416.5929,3399.5876,3406.5735
102713000,3408.8812,4261500,51834000,3171473500,41463231500,3408.1502,3416.5929,3399.5876,3406.5735
102718000,3409.2439,2628500,32655800,3174102000,41495887300,3408.1502,3416.5929,3399.5876,3406.5735
102723000,3409.1491,2696600,38849800,3176798600,41534737100,3408.1502,3416.5929,3399.5876,3406.5735
102728000,3408.9052,3141600,53210900,3179940200,41587948000,3408.1502,3416.5929,3399.5876,3406.5735
102733000,3408.7309,4170500,38986900,3184110700,41626934900,3408.1502,3416.5929,3399.5876,3406.5735
102738000,3409.1067,4164200,49336000,3188274900,41676270900,3408.1502,3416.5929,3399.5876,3406.5735
102743000,3409.1222,4131900,61107800,3192406800,41737378700,3408.1502,3416.5929,3399.5876,3406.5735
102748000,3409.183,2441700,32002200,3194848500,41769380900,3408.1502,3416.5929,3399.5876,3406.5735
102753000,3409.3722,3928500,48158200,3198777000,41817539100,3408.1502,3416.5929,3399.5876,3406.5735
102758000,3409.3894,4434600,49024100,3203211600,41866563200,3408.1502,3416.5929,3399.5876,3406.5735
102803000,3409.5814,3983400,33506900,3207195000,41900070100,3408.1502,3416.5929,3399.5876,3406.5735
102808000,3409.4924,4114300,46166900,3211309300,41946237000,3408.1502,3416.5929,3399.5876,3406.5735
102813000,3409.792,3553700,44341100,3214863000,41990578100,3408.1502,3416.5929,3399.5876,3406.5735
102818000,3409.6155,2174200,27445500,3217037200,42018023600,3408.1502,3416.5929,3399.5876,3406.5735
102823000,3409.8,2803600,37557600,3219840800,42055581200,3408.1502,3416.5929,3399.5876,3406.5735
102828000,3409.7843,3087200,38421000,3222928000,42094002200,3408.1502,3416.5929,3399.5876,3406.5735
102833000,3409.6791,2411600,30729700,3225339600,42124731900,3408.1502,3416.5929,3399.5876,3406.5735
102838000,3409.6361,2809500,34691500,3228149100,42159423400,3408.1502,3416.5929,3399.5876,3406.5735
102843000,3409.9484,2674000,36828200,3230823100,42196251600,3408.1502,3416.5929,3399.5876,3406.5735
102848000,3409.7827,3272300,36091100,3234095400,42232342700,3408.1502,3416.5929,3399.5876,3406.5735
102853000,3409.889,2691500,28314900,3236786900,42260657600,3408.1502,3416.5929,3399.5876,3406.5735
102859000,3410.3057,4593500,54313000,3241380400,42314970600,3408.1502,3416.5929,3399.5876,3406.5735
102904000,3409.9354,2236000,27857200,3243616400,42342827800,3408.1502,3416.5929,3399.5876,3406.5735
102909000,3409.7465,2313800,23903100,3245930200,42366730900,3408.1502,3416.5929,3399.5876,3406.5735
102914000,3410.0556,2691800,39106000,3248622000,42405836900,3408.1502,3416.5929,3399.5876,3406.5735
102919000,3410.2599,2755100,42641200,3251377100,42448478100,3408.1502,3416.5929,3399.5876,3406.5735
102924000,3409.8157,2285800,25615400,3253662900,42474093500,3408.1502,3416.5929,3399.5876,3406.5735
102929000,3409.886,2721100,35004800,3256384000,42509098300,3408.1502,3416.5929,3399.5876,3406.5735
102934000,3409.785,2287800,33551800,3258671800,42542650100,3408.1502,3416.5929,3399.5876,3406.5735
102939000,3409.8893,3237800,39401800,3261909600,42582051900,3408.1502,3416.5929,3399.5876,3406.5735
102944000,3409.8862,2570900,36168000,3264480500,42618219900,3408.1502,3416.5929,3399.5876,3406.5735
102949000,3409.5852,3004100,34813800,3267484600,42653033700,3408.1502,3416.5929,3399.5876,3406.5735
102954000,3409.412,2380900,28861600,3269865500,42681895300,3408.1502,3416.5929,3399.5876,3406.5735
102959000,3409.4283,2769600,32719300,3272635100,42714614600,3408.1502,3416.5929,3399.5876,3406.5735
103004000,3409.6459,3062200,33614300,3275697300,42748228900,3408.1502,3416.5929,3399.5876,3406.5735
103009000,3408.9955,3169500,32618300,3278866800,42780847200,3408.1502,3416.5929,3399.5876,3406.5735
103014000,3409.4639,2965900,39746900,3281832700,42820594100,3408.1502,3416.5929,3399.5876,3406.5735
103019000,3408.8541,2157700,33802500,3283990400,42854396600,3408.1502,3416.5929,3399.5876,3406.5735
103024000,3409.2579,2002600,25624700,3285993000,42880021300,3408.1502,3416.5929,3399.5876,3406.5735
103029000,3409.0623,2019000,28540300,3288012000,42908561600,3408.1502,3416.5929,3399.5876,3406.5735
103034000,3409.251,2894600,30039400,3290906600,42938601000,3408.1502,3416.5929,3399.5876,3406.5735
103039000,3408.7997,1692300,20732500,3292598900,42959333500,3408.1502,3416.5929,3399.5876,3406.5735
103044000,3409.0604,3352000,29816700,3295950900,42989150200,3408.1502,3416.5929,3399.5876,3406.5735
103049000,3408.7174,3000600,31628600,3298951500,43020778800,3408.1502,3416.5929,3399.5876,3406.5735
103054000,3408.9457,2043500,20788700,3300995000,43041567500,3408.1502,3416.5929,3399.5876,3406.5735
103059000,3408.785,2205100,27964700,3303200100,43069532200,3408.1502,3416.5929,3399.5876,3406.5735
103104000,3408.4256,3086000,34045400,3306286100,43103577600,3408.1502,3416.5929,3399.5876,3406.5735
103109000,3408.7401,2820600,29297200,3309106700,43132874800,3408.1502,3416.5929,3399.5876,3406.5735
103114000,3409.149,3617300,33346300,3312724000,43166221100,3408.1502,3416.5929,3399.5876,3406.5735
103119000,3408.8582,2030600,32672500,3314754600,43198893600,3408.1502,3416.5929,3399.5876,3406.5735
103124000,3408.5629,1659700,21409300,3316414300,43220302900,3408.1502,3416.5929,3399.5876,3406.5735
103129000,3408.591,1813700,23377700,3318228000,43243680600,3408.1502,3416.5929,3399.5876,3406.5735
103134000,3408.2948,1978300,30060500,3320206300,43273741100,3408.1502,3416.5929,3399.5876,3406.5735
103139000,3408.4053,2178400,21816100,3322384700,43295557200,3408.1502,3416.5929,3399.5876,3406.5735
103144000,3408.2522,2773900,33094900,3325158600,43328652100,3408.1502,3416.5929,3399.5876,3406.5735
103149000,3408.5024,3204000,31413900,3328362600,43360066000,3408.1502,3416.5929,3399.5876,3406.5735
103154000,3408.3497,2014800,23286400,3330377400,43383352400,3408.1502,3416.5929,3399.5876,3406.5735
103159000,3408.2229,1825600,24811100,3332203000,43408163500,3408.1502,3416.5929,3399.5876,3406.5735
103204000,3408.3988,2700700,35254000,3334903700,43443417500,3408.1502,3416.5929,3399.5876,3406.5735
103209000,3408.1364,2775800,30793000,3337679500,43474210500,3408.1502,3416.5929,3399.5876,3406.5735
103214000,3408.4005,2726500,29946600,3340406000,43504157100,3408.1502,3416.5929,3399.5876,3406.5735
103219000,3408.4229,1847700,25886500,3342253700,43530043600,3408.1502,3416.5929,3399.5876,3406.5735
103224000,3408.3736,1676500,21392200,3343930200,43551435800,3408.1502,3416.5929,3399.5876,3406.5735
103229000,3408.4732,1591300,22833500,3345521500,43574269300,3408.1502,3416.5929,3399.5876,3406.5735
103234000,3408.6707,1844300,25336300,3347365800,43599605600,3408.1502,3416.5929,3399.5876,3406.5735
103239000,3408.2104,2077300,21562200,3349443100,43621167800,3408.1502,3416.5929,3399.5876,3406.5735
103244000,3408.6558,3174700,34424200,3352617800,43655592000,3408.1502,3416.5929,3399.5876,3406.5735
103249000,3408.8228,2497200,29806100,3355115000,43685398100,3408.1502,3416.5929,3399.5876,3406.5735
103254000,3408.8542,1597300,21747100,3356712300,43707145200,3408.1502,3416.5929,3399.5876,3406.5735
103259000,3409.1518,2769100,34177700,3359481400,43741322900,3408.1502,3416.5929,3399.5876,3406.5735
103305000,3408.9465,2497800,31625500,3361979200,43772948400,3408.1502,3416.5929,3399.5876,3406.5735
103310000,3409.3729,2618900,30475100,3364598100,43803423500,3408.1502,3416.5929,3399.5876,3406.5735
103315000,3409.3173,3157500,32315500,3367755600,43835739000,3408.1502,3416.5929,3399.5876,3406.5735
103320000,3409.2756,2409000,34885200,3370164600,43870624200,3408.1502,3416.5929,3399.5876,3406.5735
103325000,3409.2661,2825800,37392800,3372990400,43908017000,3408.1502,3416.5929,3399.5876,3406.5735
103330000,3409.0189,2312500,34427900,3375302900,43942444900,3408.1502,3416.5929,3399.5876,3406.5735
103335000,3408.6234,1964000,31750900,3377266900,43974195800,3408.1502,3416.5929,3399.5876,3406.5735
103340000,3408.8538,2432300,31696500,3379699200,44005892300,3408.1502,3416.5929,3399.5876,3406.5735
103345000,3408.5033,1383800,19332000,3381083000,44025224300,3408.1502,3416.5929,3399.5876,3406.5735
103350000,3407.7608,3489100,46061600,3384572100,44071285900,3408.1502,3416.5929,3399.5876,3406.5735
103355000,3408.4124,2948600,40896500,3387520700,44112182400,3408.1502,3416.5929,3399.5876,3406.5735
103400000,3407.7557,1424700,20541600,3388945400,44132724000,3408.1502,3416.5929,3399.5876,3406.5735
103405000,3407.69,2111200,29107700,3391056600,44161831700,3408.1502,3416.5929,3399.5876,3406.5735
103410000,3407.7458,1961000,28911900,3393017600,44190743600,3408.1502,3416.5929,3399.5876,3406.5735
103415000,3407.7117,2913900,28302300,3395931500,44219045900,3408.1502,3416.5929,3399.5876,3406.5735
103420000,3407.7157,3231600,33047200,3399163100,44252093100,3408.1502,3416.5929,3399.5876,3406.5735
103425000,3407.8388,2260600,30594700,3401423700,44282687800,3408.1502,3416.5929,3399.5876,3406.5735
103430000,3407.8034,2161200,28141800,3403584900,44310829600,3408.1502,3416.5929,3399.5876,3406.5735
103435000,3407.8472,2358500,28396100,3405943400,44339225700,3408.1502,3416.5929,3399.5876,3406.5735
103440000,3407.6512,2055800,26977700,3407999200,44366203400,3408.1502,3416.5929,3399.5876,3406.5735
103445000,3407.6172,1966600,24099500,3409965800,44390302900,3408.1502,3416.5929,3399.5876,3406.5735
103450000,3407.4088,1833800,29419700,3411799600,44419722600,3408.1502,3416.5929,3399.5876,3406.5735
103455000,3407.0349,2657700,38104200,3414457300,44457826800,3408.1502,3416.5929,3399.5876,3406.5735
103500000,3407.2943,1572100,24692700,3416029400,44482519500,3408.1502,3416.5929,3399.5876,3406.5735
103505000,3407.4979,2516500,33801900,3418545900,44516321400,3408.1502,3416.5929,3399.5876,3406.5735
103510000,3407.2779,2450100,33685800,3420996000,44550007200,3408.1502,3416.5929,3399.5876,3406.5735
103515000,3407.329,1726700,22472400,3422722700,44572479600,3408.1502,3416.5929,3399.5876,3406.5735
103520000,3407.2565,1991400,33533600,3424714100,44606013200,3408.1502,3416.5929,3399.5876,3406.5735
103525000,3407.2703,2539500,39676800,3427253600,44645690000,3408.1502,3416.5929,3399.5876,3406.5735
103530000,3407.2285,1823500,23449200,3429077100,44669139200,3408.1502,3416.5929,3399.5876,3406.5735
103535000,3407.2115,2123500,30209000,3431200600,44699348200,3408.1502,3416.5929,3399.5876,3406.5735
103540000,3406.9387,3004900,35658900,3434205500,44735007100,3408.1502,3416.5929,3399.5876,3406.5735
103545000,3407.0181,1397300,19377700,3435602800,44754384800,3408.1502,3416.5929,3399.5876,3406.5735
103550000,3406.8875,1512100,21629600,3437114900,44776014400,3408.1502,3416.5929,3399.5876,3406.5735
103555000,3406.9243,2458500,36830500,3439573400,44812844900,3408.1502,3416.5929,3399.5876,3406.5735
103600000,3406.6792,1244700,18710800,3440818100,44831555700,3408.1502,3416.5929,3399.5876,3406.5735
103605000,3406.786,2453200,30943000,3443271300,44862498700,3408.1502,3416.5929,3399.5876,3406.5735
103610000,3406.8414,2222400,32510100,3445493700,44895008800,3408.1502,3416.5929,3399.5876,3406.5735
103615000,3407.1156,2565900,24951000,3448059600,44919959800,3408.1502,3416.5929,3399.5876,3406.5735
103620000,3407.063,2023400,26532200,3450083000,44946492000,3408.1502,3416.5929,3399.5876,3406.5735
103625000,3406.8311,1715100,24548600,3451798100,44971040600,3408.1502,3416.5929,3399.5876,3406.5735
103630000,3406.9082,1810600,23423100,3453608700,44994463700,3408.1502,3416.5929,3399.5876,3406.5735
103635000,3407.0411,1852500,27304800,3455461200,45021768500,3408.1502,3416.5929,3399.5876,3406.5735
103640000,3406.6638,1725400,24047300,3457186600,45045815800,3408.1502,3416.5929,3399.5876,3406.5735
103645000,3406.737,2219400,24779900,3459406000,45070595700,3408.1502,3416.5929,3399.5876,3406.5735
103650000,3406.6488,2395200,27913700,3461801200,45098509400,3408.1502,3416.5929,3399.5876,3406.5735
103655000,3406.2732,1806900,31249900,3463608100,45129759300,3408.1502,3416.5929,3399.5876,3406.5735
103700000,3406.6781,1924800,24174500,3465532900,45153933800,3408.1502,3416.5929,3399.5876,3406.5735
103706000,3406.5703,2585400,35722900,3468118300,45189656700,3408.1502,3416.5929,3399.5876,3406.5735
103710000,3406.6024,2831400,29543600,3470949700,45219200300,3408.1502,3416.5929,3399.5876,3406.5735
103716000,3406.7671,2072900,31982900,3473022600,45251183200,3408.1502,3416.5929,3399.5876,3406.5735
103721000,3406.5691,2741400,26880200,3475764000,45278063400,3408.1502,3416.5929,3399.5876,3406.5735
103726000,3406.8749,3866300,30898400,3479630300,45308961800,3408.1502,3416.5929,3399.5876,3406.5735
103731000,3406.6597,3160500,38249000,3482790800,45347210800,3408.1502,3416.5929,3399.5876,3406.5735
103736000,3406.7606,1419000,20825600,3484209800,45368036400,3408.1502,3416.5929,3399.5876,3406.5735
103741000,3406.9304,1875200,27369200,3486085000,45395405600,3408.1502,3416.5929,3399.5876,3406.5735
103746000,3406.7394,2108500,33316700,3488193500,45428722300,3408.1502,3416.5929,3399.5876,3406.5735
103751000,3406.499,1525700,19024300,3489719200,45447746600,3408.1502,3416.5929,3399.5876,3406.5735
103756000,3406.8072,1510500,23282600,3491229700,45471029200,3408.1502,3416.5929,3399.5876,3406.5735
103801000,3406.6167,1902700,30356500,3493132400,45501385700,3408.1502,3416.5929,3399.5876,3406.5735
103806000,3406.7561,1789400,23113400,3494921800,45524499100,3408.1502,3416.5929,3399.5876,3406.5735
103811000,3406.4772,1712100,22234600,3496633900,45546733700,3408.1502,3416.5929,3399.5876,3406.5735
103816000,3406.731,2736800,31995200,3499370700,45578728900,3408.1502,3416.5929,3399.5876,3406.5735
103821000,3406.8392,1612300,22111200,3500983000,45600840100,3408.1502,3416.5929,3399.5876,3406.5735
103826000,3407.1363,2497400,28046300,3503480400,45628886400,3408.1502,3416.5929,3399.5876,3406.5735
103831000,3407.028,1876400,32699600,3505356800,45661586000,3408.1502,3416.5929,3399.5876,3406.5735
103836000,3407.1844,1631300,24038200,3506988100,45685624200,3408.1502,3416.5929,3399.5876,3406.5735
103841000,3407.1373,1326500,20380100,3508314600,45706004300,3408.1502,3416.5929,3399.5876,3406.5735
103846000,3407.8749,2644200,29923300,3510958800,45735927600,3408.1502,3416.5929,3399.5876,3406.5735
103851000,3407.8899,1512200,20535200,3512471000,45756462800,3408.1502,3416.5929,3399.5876,3406.5735
103856000,3407.7286,2330400,26890000,3514801400,45783352800,3408.1502,3416.5929,3399.5876,3406.5735
103901000,3407.5966,2389100,32629600,3517190500,45815982400,3408.1502,3416.5929,3399.5876,3406.5735
103906000,3407.7743,1510700,20419000,3518701200,45836401400,3408.1502,3416.5929,3399.5876,3406.5735
103911000,3407.5532,1751900,22875600,3520453100,45859277000,3408.1502,3416.5929,3399.5876,3406.5735
103916000,3407.8603,2590500,38293000,3523043600,45897570000,3408.1502,3416.5929,3399.5876,3406.5735
103921000,3407.9089,3209600,31114700,3526253200,45928684700,3408.1502,3416.5929,3399.5876,3406.5735
103926000,3407.8587,2204800,24791200,3528458000,45953475900,3408.1502,3416.5929,3399.5876,3406.5735
103931000,3407.3787,1887600,24950200,3530345600,45978426100,3408.1502,3416.5929,3399.5876,3406.5735
103936000,3407.6325,1081000,16570300,3531426600,45994996400,3408.1502,3416.5929,3399.5876,3406.5735
103941000,3407.7097,1894000,23344700,3533320600,46018341100,3408.1502,3416.5929,3399.5876,3406.5735
103946000,3407.6279,2576400,32435600,3535897000,46050776700,3408.1502,3416.5929,3399.5876,3406.5735
103951000,3407.6007,1346400,18525700,3537243400,46069302400,3408.1502,3416.5929,3399.5876,3406.5735
103956000,3407.4146,2191700,28489300,3539435100,46097791700,3408.1502,3416.5929,3399.5876,3406.5735
104001000,3407.2467,1839500,28921100,3541274600,46126712800,3408.1502,3416.5929,3399.5876,3406.5735
104006000,3407.1699,1286800,16477000,3542561400,46143189800,3408.1502,3416.5929,3399.5876,3406.5735
104011000,3407.2355,1948000,27051400,3544509400,46170241200,3408.1502,3416.5929,3399.5876,3406.5735
104016000,3407.1579,2324100,27432100,3546833500,46197673300,3408.1502,3416.5929,3399.5876,3406.5735
104021000,3407.1638,2294100,28711800,3549127600,46226385100,3408.1502,3416.5929,3399.5876,3406.5735
104026000,3407.5603,1466200,25270300,3550593800,46251655400,3408.1502,3416.5929,3399.5876,3406.5735
104031000,3406.6273,2839200,30606000,3553433000,46282261400,3408.1502,3416.5929,3399.5876,3406.5735
104036000,3405.9698,1576400,25707000,3555009400,46307968400,3408.1502,3416.5929,3399.5876,3406.5735
104041000,3406.5069,1755900,28666800,3556765300,46336635200,3408.1502,3416.5929,3399.5876,3406.5735
104046000,3406.0327,2361400,36783200,3559126700,46373418400,3408.1502,3416.5929,3399.5876,3406.5735
104051000,3406.1596,1948900,26392300,3561075600,46399810700,3408.1502,3416.5929,3399.5876,3406.5735
104056000,3406.1726,1672400,32799800,3562748000,46432610500,3408.1502,3416.5929,3399.5876,3406.5735
104101000,3405.661,3208400,36639800,3565956400,46469250300,3408.1502,3416.5929,3399.5876,3406.5735
104107000,3405.5001,2851300,37651100,3568807700,46506901400,3408.1502,3416.5929,3399.5876,3406.5735
104112000,3405.721,1707700,22611900,3570515400,46529513300,3408.1502,3416.5929,3399.5876,3406.5735
104117000,3405.4649,2307300,32885100,3572822700,46562398400,3408.1502,3416.5929,3399.5876,3406.5735
104122000,3405.6691,2696200,34696600,3575518900,46597095000,3408.1502,3416.5929,3399.5876,3406.5735
104127000,3405.5686,1160100,14231100,3576679000,46611326100,3408.1502,3416.5929,3399.5876,3406.5735
104132000,3405.813,2157600,25625500,3578836600,46636951600,3408.1502,3416.5929,3399.5876,3406.5735
104137000,3405.7656,2239400,29755300,3581076000,46666706900,3408.1502,3416.5929,3399.5876,3406.5735
104142000,3405.7128,1538800,16593900,3582614800,46683300800,3408.1502,3416.5929,3399.5876,3406.5735
104147000,3405.1891,1736500,21436600,3584351300,46704737400,3408.1502,3416.5929,3399.5876,3406.5735
104152000,3405.6735,2331400,31888300,3586682700,46736625700,3408.1502,3416.5929,3399.5876,3406.5735
104157000,3405.5954,1413200,16373700,3588095900,46752999400,3408.1502,3416.5929,3399.5876,3406.5735
104202000,3405.3762,2780000,32598400,3590875900,46785597800,3408.1502,3416.5929,3399.5876,3406.5735
104207000,3405.534,2353600,29362900,3593229500,46814960700,3408.1502,3416.5929,3399.5876,3406.5735
104212000,3405.32,1746800,19611500,3594976300,46834572200,3408.1502,3416.5929,3399.5876,3406.5735
104217000,3405.3957,2197100,24414300,3597173400,46858986500,3408.1502,3416.5929,3399.5876,3406.5735
104222000,3405.5833,1604600,23860100,3598778000,46882846600,3408.1502,3416.5929,3399.5876,3406.5735
104227000,3405.6209,2624400,28088900,3601402400,46910935500,3408.1502,3416.5929,3399.5876,3406.5735
104232000,3405.1771,2661300,28677900,3604063700,46939613400,3408.1502,3416.5929,3399.5876,3406.5735
104237000,3405.2542,2336400,26876000,3606400100,46966489400,3408.1502,3416.5929,3399.5876,3406.5735
104242000,3405.5074,1115800,14235900,3607515900,46980725300,3408.1502,3416.5929,3399.5876,3406.5735
104247000,3404.9858,1926400,24760100,3609442300,47005485400,3408.1502,3416.5929,3399.5876,3406.5735
104252000,3404.8365,5115000,42140100,3614557300,47047625500,3408.1502,3416.5929,3399.5876,3406.5735
104257000,3405.0419,1403200,20875600,3615960500,47068501100,3408.1502,3416.5929,3399.5876,3406.5735
104302000,3404.6458,1942800,35835500,3617903300,47104336600,3408.1502,3416.5929,3399.5876,3406.5735
104307000,3404.5615,2531600,34202200,3620434900,47138538800,3408.1502,3416.5929,3399.5876,3406.5735
104312000,3404.6815,1176300,16327000,3621611200,47154865800,3408.1502,3416.5929,3399.5876,3406.5735
104317000,3404.4739,2030800,27930900,3623642000,47182796700,3408.1502,3416.5929,3399.5876,3406.5735
104322000,3404.3063,1988600,27933200,3625630600,47210729900,3408.1502,3416.5929,3399.5876,3406.5735
104327000,3404.2224,1158100,17775100,3626788700,47228505000,3408.1502,3416.5929,3399.5876,3406.5735
104332000,3404.3861,2438900,29108800,3629227600,47257613800,3408.1502,3416.5929,3399.5876,3406.5735
104337000,3403.7279,1827900,31394000,3631055500,47289007800,3408.1502,3416.5929,3399.5876,3406.5735
104342000,3404.0348,1178400,16970200,3632233900,47305978000,3408.1502,3416.5929,3399.5876,3406.5735
104347000,3404.3599,1336200,21760600,3633570100,47327738600,3408.1502,3416.5929,3399.5876,3406.5735
104352000,3404.279,1840900,29425600,3635411000,47357164200,3408.1502,3416.5929,3399.5876,3406.5735
104357000,3404.4858,1754800,30354000,3637165800,47387518200,3408.1502,3416.5929,3399.5876,3406.5735
104402000,3404.2711,1618200,25866200,3638784000,47413384400,3408.1502,3416.5929,3399.5876,3406.5735
104407000,3403.8777,2034500,35559200,3640818500,47448943600,3408.1502,3416.5929,3399.5876,3406.5735
104412000,3404.0499,2261200,30188900,3643079700,47479132500,3408.1502,3416.5929,3399.5876,3406.5735
104417000,3404.158,5540900,46504000,3648620600,47525636500,3408.1502,3416.5929,3399.5876,3406.5735
104422000,3404.1061,3143300,35009800,3651763900,47560646300,3408.1502,3416.5929,3399.5876,3406.5735
104427000,3404.0407,3071700,23667200,3654835600,47584313500,3408.1502,3416.5929,3399.5876,3406.5735
104432000,3404.2492,2370600,29805100,3657206200,47614118600,3408.1502,3416.5929,3399.5876,3406.5735
104437000,3404.0932,1712500,24012100,3658918700,47638130700,3408.1502,3416.5929,3399.5876,3406.5735
104442000,3403.7906,1269300,23819700,3660188000,47661950400,3408.1502,3416.5929,3399.5876,3406.5735
104447000,3403.917,2123100,27777500,3662311100,47689727900,3408.1502,3416.5929,3399.5876,3406.5735
104452000,3403.6916,2188700,31398400,3664499800,47721126300,3408.1502,3416.5929,3399.5876,3406.5735
104457000,3403.7585,1565000,23335800,3666064800,47744462100,3408.1502,3416.5929,3399.5876,3406.5735
104502000,3403.8916,2321900,26688500,3668386700,47771150600,3408.1502,3416.5929,3399.5876,3406.5735
104508000,3403.5737,2499000,32666900,3670885700,47803817500,3408.1502,3416.5929,3399.5876,3406.5735
104512000,3403.5672,1184500,20802100,3672070200,47824619600,3408.1502,3416.5929,3399.5876,3406.5735
104518000,3403.7127,2598100,30608400,3674668300,47855228000,3408.1502,3416.5929,3399.5876,3406.5735
104523000,3403.7873,1650700,19427700,3676319000,47874655700,3408.1502,3416.5929,3399.5876,3406.5735
104528000,3403.8089,2077300,24373800,3678396300,47899029500,3408.1502,3416.5929,3399.5876,3406.5735
104533000,3403.9644,1478100,16392700,3679874400,47915422200,3408.1502,3416.5929,3399.5876,3406.5735
104538000,3403.4544,1369300,19550500,3681243700,47934972700,3408.1502,3416.5929,3399.5876,3406.5735
104543000,3403.6094,2011900,26317500,3683255600,47961290200,3408.1502,3416.5929,3399.5876,3406.5735
104548000,3403.782,1553700,22998000,3684809300,47984288200,3408.1502,3416.5929,3399.5876,3406.5735
104553000,3403.2169,2077300,29946800,3686886600,48014235000,3408.1502,3416.5929,3399.5876,3406.5735
104558000,3403.355,2375800,29288500,3689262400,48043523500,3408.1502,3416.5929,3399.5876,3406.5735
104603000,3402.8286,5012100,49664300,3694274500,48093187800,3408.1502,3416.5929,3399.5876,3406.5735
104608000,3402.7088,2038900,28877300,3696313400,48122065100,3408.1502,3416.5929,3399.5876,3406.5735
104613000,3402.5229,3174400,38501500,3699487800,48160566600,3408.1502,3416.5929,3399.5876,3406.5735
104618000,3402.5767,1778500,20110400,3701266300,48180677000,3408.1502,3416.5929,3399.5876,3406.5735
104623000,3402.5397,2656100,44119900,3703922400,48224796900,3408.1502,3416.5929,3399.5876,3406.5735
104628000,3402.3202,2490200,38739800,3706412600,48263536700,3408.1502,3416.5929,3399.5876,3406.5735
104633000,3402.2636,1661700,25431900,3708074300,48288968600,3408.1502,3416.5929,3399.5876,3406.5735
104638000,3401.6273,1953400,33925300,3710027700,48322893900,3408.1502,3416.5929,3399.5876,3406.5735
104643000,3401.4393,2770800,45646600,3712798500,48368540500,3408.1502,3416.5929,3399.5876,3406.5735
104648000,3401.3991,1777900,27516100,3714576400,48396056600,3408.1502,3416.5929,3399.5876,3406.5735
104653000,3401.6114,2809700,40149800,3717386100,48436206400,3408.1502,3416.5929,3399.5876,3406.5735
104658000,3401.0354,5016200,49538000,3722402300,48485744400,3408.1502,3416.5929,3399.5876,3406.5735
104703000,3400.8755,4513100,39570300,3726915400,48525314700,3408.1502,3416.5929,3399.5876,3406.5735
104708000,3400.4518,2910000,37878200,3729825400,48563192900,3408.1502,3416.5929,3399.5876,3406.5735
104713000,3400.7752,3941200,43407700,3733766600,48606600600,3408.1502,3416.5929,3399.5876,3406.5735
104718000,3400.605,1877500,28568200,3735644100,48635168800,3408.1502,3416.5929,3399.5876,3406.5735
104723000,3400.4711,3166400,42113400,3738810500,48677282200,3408.1502,3416.5929,3399.5876,3406.5735
104728000,3400.11,2736600,49624300,3741547100,48726906500,3408.1502,3416.5929,3399.5876,3406.5735
104733000,3400.115,2041500,26620000,3743588600,48753526500,3408.1502,3416.5929,3399.5876,3406.5735
104738000,3399.9258,2295800,33822200,3745884400,48787348700,3408.1502,3416.5929,3399.5876,3406.5735
104743000,3399.5694,2120500,36090800,3748004900,48823439500,3408.1502,3416.5929,3399.5694,3406.5735
104748000,3399.7821,1897200,21654400,3749902100,48845093900,3408.1502,3416.5929,3399.3254,3406.5735
104753000,3399.5737,3804900,42528700,3753707000,48887622600,3408.1502,3416.5929,3399.3254,3406.5735
104758000,3399.5732,3599500,32015100,3757306500,48919637700,3408.1502,3416.5929,3399.3254,3406.5735
104803000,3399.4016,1797500,17949800,3759104000,48937587500,3408.1502,3416.5929,3399.3254,3406.5735
104808000,3399.273,2498500,30632700,3761602500,48968220200,3408.1502,3416.5929,3399.115,3406.5735
104813000,3398.7478,3583400,43363700,3765185900,49011583900,3408.1502,3416.5929,3398.7478,3406.5735
104818000,3399.2054,2558700,31985500,3767744600,49043569400,3408.1502,3416.5929,3398.7478,3406.5735
104823000,3399.1223,3997000,43689900,3771741600,49087259300,3408.1502,3416.5929,3398.7478,3406.5735
104828000,3398.9426,2644800,45232100,3774386400,49132491400,3408.1502,3416.5929,3398.7478,3406.5735
104833000,3398.9383,3006800,37126000,3777393200,49169617400,3408.1502,3416.5929,3398.7478,3406.5735
104838000,3398.6845,5746400,47391000,3783139600,49217008400,3408.1502,3416.5929,3398.5612,3406.5735
104843000,3398.4531,4463900,54821600,3787603500,49271830000,3408.1502,3416.5929,3398.4531,3406.5735
104848000,3398.1618,4515000,33805200,3792118500,49305635200,3408.1502,3416.5929,3398.1618,3406.5735
104853000,3398.3198,2855700,33233100,3794974200,49338868300,3408.1502,3416.5929,3398.1618,3406.5735
104858000,3397.9983,2275600,33205200,3797249800,49372073500,3408.1502,3416.5929,3397.9983,3406.5735
104903000,3397.9042,2934600,26986100,3800184400,49399059600,3408.1502,3416.5929,3397.7939,3406.5735
104908000,3397.4609,3590000,35695000,3803774400,49434754600,3408.1502,3416.5929,3397.2948,3406.5735
104913000,3398.5156,4261900,40977200,3808036300,49475731800,3408.1502,3416.5929,3397.2948,3406.5735
104918000,3398.0649,2925600,31447700,3810961900,49507179500,3408.1502,3416.5929,3397.2948,3406.5735
104924000,3398.5703,3289600,46086300,3814251500,49553265800,3408.1502,3416.5929,3397.2948,3406.5735
104929000,3397.7087,2747700,34595300,3816999200,49587861100,3408.1502,3416.5929,3397.2948,3406.5735
104934000,3398.1681,3640800,40583900,3820640000,49628445000,3408.1502,3416.5929,3397.2948,3406.5735
104939000,3397.759,1652300,24288100,3822292300,49652733100,3408.1502,3416.5929,3397.2948,3406.5735
104944000,3398.1809,2654700,33699700,3824947000,49686432800,3408.1502,3416.5929,3397.2948,3406.5735
104949000,3398.6023,2367200,37038100,3827314200,49723470900,3408.1502,3416.5929,3397.2948,3406.5735
104954000,3398.6418,2968800,35762000,3830283000,49759232900,3408.1502,3416.5929,3397.2948,3406.5735
104959000,3398.2535,2750800,37296600,3833033800,49796529500,3408.1502,3416.5929,3397.2948,3406.5735
105004000,3398.5675,3014400,33119200,3836048200,49829648700,3408.1502,3416.5929,3397.2948,3406.5735
105009000,3398.591,3218500,33868100,3839266700,49863516800,3408.1502,3416.5929,3397.2948,3406.5735
105014000,3398.4571,2245300,36566100,3841512000,49900082900,3408.1502,3416.5929,3397.2948,3406.5735
105019000,3398.2996,2533500,34562800,3844045500,49934645700,3408.1502,3416.5929,3397.2948,3406.5735
105024000,3398.629,1426700,24405500,3845472200,49959051200,3408.1502,3416.5929,3397.2948,3406.5735
105029000,3398.1982,2822300,30099000,3848294500,49989150200,3408.1502,3416.5929,3397.2948,3406.5735
105034000,3398.5371,2924800,38576600,3851219300,50027726800,3408.1502,3416.5929,3397.2948,3406.5735
105039000,3398.5272,4118800,32841600,3855338100,50060568400,3408.1502,3416.5929,3397.2948,3406.5735
105044000,3398.5467,2322600,34622400,3857660700,50095190800,3408.1502,3416.5929,3397.2948,3406.5735
105049000,3398.383,2671100,33158900,3860331800,50128349700,3408.1502,3416.5929,3397.2948,3406.5735
105054000,3398.1589,1923600,26392000,3862255400,50154741700,3408.1502,3416.5929,3397.2948,3406.5735
105059000,3398.2304,2404200,29613000,3864659600,50184354700,3408.1502,3416.5929,3397.2948,3406.5735
105104000,3398.4997,1857900,27630300,3866517500,50211985000,3408.1502,3416.5929,3397.2948,3406.5735
105109000,3398.4049,1357700,22636200,3867875200,50234621200,3408.1502,3416.5929,3397.2948,3406.5735
105114000,3398.5183,1757300,28928800,3869632500,50263550000,3408.1502,3416.5929,3397.2948,3406.5735
105119000,3398.8445,1877900,25831100,3871510400,50289381100,3408.1502,3416.5929,3397.2948,3406.5735
105124000,3399.1291,1659100,21368600,3873169500,50310749700,3408.1502,3416.5929,3397.2948,3406.5735
105129000,3398.9216,1927600,26350000,3875097100,50337099700,3408.1502,3416.5929,3397.2948,3406.5735
105134000,3398.8988,2695300,27357600,3877792400,50364457300,3408.1502,3416.5929,3397.2948,3406.5735
105139000,3398.6868,1514400,20427000,3879306800,50384884300,3408.1502,3416.5929,3397.2948,3406.5735
105144000,3399.0209,2177100,27765700,3881483900,50412650000,3408.1502,3416.5929,3397.2948,3406.5735
105149000,3398.9076,2155500,41250500,3883639400,50453900500,3408.1502,3416.5929,3397.2948,3406.5735
105154000,3399.1976,2336500,24784100,3885975900,50478684600,3408.1502,3416.5929,3397.2948,3406.5735
105159000,3399.1516,2308800,30773100,3888284700,50509457700,3408.1502,3416.5929,3397.2948,3406.5735
105204000,3399.0661,1735800,22847500,3890020500,50532305200,3408.1502,3416.5929,3397.2948,3406.5735
105209000,3399.1134,2079100,23659600,3892099600,50555964800,3408.1502,3416.5929,3397.2948,3406.5735
105214000,3398.9376,1736800,23389100,3893836400,50579353900,3408.1502,3416.5929,3397.2948,3406.5735
105219000,3398.8667,2034100,31317500,3895870500,50610671400,3408.1502,3416.5929,3397.2948,3406.5735
105224000,3398.8318,1884000,22256000,3897754500,50632927400,3408.1502,3416.5929,3397.2948,3406.5735
105229000,3398.7069,2047500,28018200,3899802000,50660945600,3408.1502,3416.5929,3397.2948,3406.5735
105234000,3398.9891,2661100,28861500,3902463100,50689807100,3408.1502,3416.5929,3397.2948,3406.5735
105239000,3398.9285,1817500,22369300,3904280600,50712176400,3408.1502,3416.5929,3397.2948,3406.5735
105244000,3399.3254,1987700,24943500,3906268300,50737119900,3408.1502,3416.5929,3397.2948,3406.5735
105249000,3399.228,3939600,32660200,3910207900,50769780100,3408.1502,3416.5929,3397.2948,3406.5735
105254000,3399.3258,2201000,22310000,3912408900,50792090100,3408.1502,3416.5929,3397.2948,3406.5735
105259000,3399.2533,2495800,27486900,3914904700,50819577000,3408.1502,3416.5929,3397.2948,3406.5735
105304000,3399.2418,2691200,32008200,3917595900,50851585200,3408.1502,3416.5929,3397.2948,3406.5735
105309000,3399.3791,2467000,24628300,3920062900,50876213500,3408.1502,3416.5929,3397.2948,3406.5735
105314000,3399.3447,1697700,20846200,3921760600,50897059700,3408.1502,3416.5929,3397.2948,3406.5735
105319000,3399.4025,1825600,29477100,3923586200,50926536800,3408.1502,3416.5929,3397.2948,3406.5735
105325000,3399.5408,3740000,38089000,3927326200,50964625800,3408.1502,3416.5929,3397.2948,3406.5735
105329000,3399.3484,2138400,21187900,3929464600,50985813700,3408.1502,3416.5929,3397.2948,3406.5735
105335000,3399.1522,1866200,23124900,3931330800,51008938600,3408.1502,3416.5929,3397.2948,3406.5735
105340000,3399.4025,3413600,32362800,3934744400,51041301400,3408.1502,3416.5929,3397.2948,3406.5735
105345000,3399.5018,3566100,27918900,3938310500,51069220300,3408.1502,3416.5929,3397.2948,3406.5735
105350000,3399.8024,1653700,21378300,3939964200,51090598600,3408.1502,3416.5929,3397.2948,3406.5735
105355000,3399.4355,3191800,27952200,3943156000,51118550800,3408.1502,3416.5929,3397.2948,3406.5735
105400000,3399.8003,2494400,23582600,3945650400,51142133400,3408.1502,3416.5929,3397.2948,3406.5735
105405000,3399.5593,3261800,34402400,3948912200,51176535800,3408.1502,3416.5929,3397.2948,3406.5735
105410000,3399.6557,2409000,25928000,3951321200,51202463800,3408.1502,3416.5929,3397.2948,3406.5735
105415000,3399.1933,1444500,17712500,3952765700,51220176300,3408.1502,3416.5929,3397.2948,3406.5735
105420000,3399.7533,1805600,21722900,3954571300,51241899200,3408.1502,3416.5929,3397.2948,3406.5735
105425000,3399.8812,2719600,29329800,3957290900,51271229000,3408.1502,3416.5929,3397.2948,3406.5735
105430000,3399.6196,1718200,21724400,3959009100,51292953400,3408.1502,3416.5929,3397.2948,3406.5735
105435000,3399.7174,2304700,30239000,3961313800,51323192400,3408.1502,3416.5929,3397.2948,3406.5735
105440000,3399.7016,1534000,23067100,3962847800,51346259500,3408.1502,3416.5929,3397.2948,3406.5735
105445000,3400.1271,1711900,18472700,3964559700,51364732200,3408.1502,3416.5929,3397.2948,3406.5735
105450000,3399.8302,2136000,27119000,3966695700,51391851200,3408.1502,3416.5929,3397.2948,3406.5735
105455000,3399.8174,2024000,26113400,3968719700,51417964600,3408.1502,3416.5929,3397.2948,3406.5735
105500000,3399.6054,1132600,15678200,3969852300,51433642800,3408.1502,3416.5929,3397.2948,3406.5735
105505000,3399.8156,3261500,30819300,3973113800,51464462100,3408.1502,3416.5929,3397.2948,3406.5735
105510000,3399.1453,2605000,26746600,3975718800,51491208700,3408.1502,3416.5929,3397.2948,3406.5735
105515000,3399.3553,2092600,29750500,3977811400,51520959200,3408.1502,3416.5929,3397.2948,3406.5735
105520000,3399.3597,2302100,28884300,3980113500,51549843500,3408.1502,3416.5929,3397.2948,3406.5735
105525000,3399.0434,2418400,30421700,3982531900,51580265200,3408.1502,3416.5929,3397.2948,3406.5735
105530000,3399.16,1891100,21622200,3984423000,51601887400,3408.1502,3416.5929,3397.2948,3406.5735
105535000,3398.9247,2289800,31802900,3986712800,51633690300,3408.1502,3416.5929,3397.2948,3406.5735
105540000,3399.0513,1896700,27050500,3988609500,51660740800,3408.1502,3416.5929,3397.2948,3406.5735
105545000,3398.8733,2771700,31527800,3991381200,51692268600,3408.1502,3416.5929,3397.2948,3406.5735
105550000,3398.4108,1504400,24980000,3992885600,51717248600,3408.1502,3416.5929,3397.2948,3406.5735
105555000,3398.2828,3057300,49076400,3995942900,51766325000,3408.1502,3416.5929,3397.2948,3406.5735
105600000,3398.4607,1832900,28443800,3997775800,51794768800,3408.1502,3416.5929,3397.2948,3406.5735
105605000,3398.1547,3065000,33813700,4000840800,51828582500,3408.1502,3416.5929,3397.2948,3406.5735
105610000,3398.1684,1734500,26959100,4002575300,51855541600,3408.1502,3416.5929,3397.2948,3406.5735
105615000,3397.804,1695100,27044800,4004270400,51882586400,3408.1502,3416.5929,3397.2948,3406.5735
105620000,3398.0436,2125500,31968600,4006395900,51914555000,3408.1502,3416.5929,3397.2948,3406.5735
105625000,3397.7167,1984000,34926600,4008379900,51949481600,3408.1502,3416.5929,3397.2948,3406.5735
105630000,3397.7283,1515500,20524900,4009895400,51970006500,3408.1502,3416.5929,3397.2948,3406.5735
105635000,3397.6735,2545900,27410100,4012441300,51997416600,3408.1502,3416.5929,3397.2948,3406.5735
105640000,3397.2129,1740200,25175100,4014181500,52022591700,3408.1502,3416.5929,3397.2129,3406.5735
105645000,3397.5127,1021600,15439600,4015203100,52038031300,3408.1502,3416.5929,3397.2129,3406.5735
105650000,3397.686,2491200,29369000,4017694300,52067400300,3408.1502,3416.5929,3397.2129,3406.5735
105655000,3397.5878,2041300,28656900,4019735600,52096057200,3408.1502,3416.5929,3397.2129,3406.5735
105700000,3397.4518,2378700,25970400,4022114300,52122027600,3408.1502,3416.5929,3397.2129,3406.5735
105705000,3397.4152,2443700,34323000,4024558000,52156350600,3408.1502,3416.5929,3397.176,3406.5735
105710000,3397.3131,2269900,33870100,4026827900,52190220700,3408.1502,3416.5929,3397.176,3406.5735
105715000,3397.1078,1929500,25367600,4028757400,52215588300,3408.1502,3416.5929,3397.0703,3406.5735
105720000,3397.1787,2727300,30644400,4031484700,52246232700,3408.1502,3416.5929,3397.0425,3406.5735
105726000,3397.173,2782100,38448800,4034266800,52284681500,3408.1502,3416.5929,3396.815,3406.5735
105730000,3397.2189,1747900,22354600,4036014700,52307036100,3408.1502,3416.5929,3396.815,3406.5735
105736000,3397.3223,1732300,24059900,4037747000,52331096000,3408.1502,3416.5929,3396.815,3406.5735
105741000,3396.9343,1638000,33384600,4039385000,52364480600,3408.1502,3416.5929,3396.815,3406.5735
105746000,3396.633,1654500,26434100,4041039500,52390914700,3408.1502,3416.5929,3396.633,3406.5735
105751000,3396.9205,1523200,21471200,4042562700,52412385900,3408.1502,3416.5929,3396.4918,3406.5735
105756000,3396.4142,1876500,23887600,4044439200,52436273500,3408.1502,3416.5929,3396.4142,3406.5735
105801000,3396.6399,1491900,22218500,4045931100,52458492000,3408.1502,3416.5929,3396.4142,3406.5735
105806000,3396.6794,1874700,21988300,4047805800,52480480300,3408.1502,3416.5929,3396.4142,3406.5735
105811000,3396.5164,3362400,34025100,4051168200,52514505400,3408.1502,3416.5929,3396.4142,3406.5735
105816000,3396.5441,1884800,22483600,4053053000,52536989000,3408.1502,3416.5929,3396.4142,3406.5735
105821000,3396.3666,1736300,21419000,4054789300,52558408000,3408.1502,3416.5929,3396.3666,3406.5735
105826000,3396.9564,3194100,33843300,4057983400,52592251300,3408.1502,3416.5929,3396.3666,3406.5735
105831000,3396.3351,2360300,33120200,4060343700,52625371500,3408.1502,3416.5929,3396.3351,3406.5735
105836000,3396.2665,2106500,25319600,4062450200,52650691100,3408.1502,3416.5929,3396.2665,3406.5735
105841000,3396.4669,2326600,31083300,4064776800,52681774400,3408.1502,3416.5929,3396.1898,3406.5735
105846000,3396.4463,1976800,23045100,4066753600,52704819500,3408.1502,3416.5929,3396.1898,3406.5735
105851000,3396.2904,1192900,17977600,4067946500,52722797100,3408.1502,3416.5929,3396.1898,3406.5735
105856000,3395.9817,1654800,24270900,4069601300,52747068000,3408.1502,3416.5929,3395.9817,3406.5735
105901000,3396.158,3221100,40419200,4072822400,52787487200,3408.1502,3416.5929,3395.9817,3406.5735
105906000,3395.8982,2489500,29071800,4075311900,52816559000,3408.1502,3416.5929,3395.8982,3406.5735
105911000,3396.0818,2213800,24299300,4077525700,52840858300,3408.1502,3416.5929,3395.8982,3406.5735
105916000,3396.0135,1304700,23349300,4078830400,52864207600,3408.1502,3416.5929,3395.8982,3406.5735
105921000,3396.0174,2262300,22549600,4081092700,52886757200,3408.1502,3416.5929,3395.8982,3406.5735
105926000,3395.7046,1479500,19886900,4082572200,52906644100,3408.1502,3416.5929,3395.4907,3406.5735
105931000,3395.4993,1850800,26823500,4084423000,52933467600,3408.1502,3416.5929,3395.4907,3406.5735
105936000,3394.4441,1661700,21236700,4086084700,52954704300,3408.1502,3416.5929,3394.4441,3406.5735
105941000,3395.2094,2100500,28452200,4088185200,52983156500,3408.1502,3416.5929,3394.4441,3406.5735
105946000,3395.0659,2301800,27141300,4090487000,53010297800,3408.1502,3416.5929,3394.4441,3406.5735
105951000,3394.8851,2085000,25357700,4092572000,53035655500,3408.1502,3416.5929,3394.4441,3406.5735
105956000,3394.332,3025700,44625500,4095597700,53080281000,3408.1502,3416.5929,3394.332,3406.5735
110001000,3394.1254,2350300,40181000,4097948000,53120462000,3408.1502,3416.5929,3393.9872,3406.5735
110006000,3394.1239,3277800,45275000,4101225800,53165737000,3408.1502,3416.5929,3393.931,3406.5735
110011000,3393.7624,2020200,33728300,4103246000,53199465300,3408.1502,3416.5929,3393.7624,3406.5735
110016000,3394.1851,2138300,30237600,4105384300,53229702900,3408.1502,3416.5929,3393.6833,3406.5735
110021000,3393.9838,2576800,33615800,4107961100,53263318700,3408.1502,3416.5929,3393.6833,3406.5735
110026000,3394.2262,2207200,27987900,4110168300,53291306600,3408.1502,3416.5929,3393.5705,3406.5735
110031000,3393.9361,4729800,51607200,4114898100,53342913800,3408.1502,3416.5929,3393.5705,3406.5735
110036000,3393.9071,1441700,20597500,4116339800,53363511300,3408.1502,3416.5929,3393.5705,3406.5735
110041000,3393.9579,2515400,33361900,4118855200,53396873200,3408.1502,3416.5929,3393.5705,3406.5735
110046000,3393.9258,2775300,49168000,4121630500,53446041200,3408.1502,3416.5929,3393.5705,3406.5735
110051000,3393.9161,1734800,22630000,4123365300,53468671200,3408.1502,3416.5929,3393.5705,3406.5735
110056000,3393.5027,2932200,38853400,4126297500,53507524600,3408.1502,3416.5929,3393.5027,3406.5735
110101000,3393.6129,2748100,36864900,4129045600,53544389500,3408.1502,3416.5929,3393.4761,3406.5735
110106000,3393.3039,2505900,28861700,4131551500,53573251200,3408.1502,3416.5929,3393.3039,3406.5735
110111000,3393.6418,2502900,29585700,4134054400,53602836900,3408.1502,3416.5929,3393.3039,3406.5735
110116000,3393.4828,2828200,36185900,4136882600,53639022800,3408.1502,3416.5929,3393.3039,3406.5735
110122000,3393.6849,2395200,31459100,4139277800,53670481900,3408.1502,3416.5929,3393.3039,3406.5735
110126000,3393.3279,1485000,19594800,4140762800,53690076700,3408.1502,3416.5929,3393.2811,3406.5735
110132000,3393.4275,2690300,30431200,4143453100,53720507900,3408.1502,3416.5929,3393.1643,3406.5735
110137000,3393.9932,3072700,38993500,4146525800,53759501400,3408.1502,3416.5929,3393.1643,3406.5735
110142000,3394.7622,1771200,26122900,4148297000,53785624300,3408.1502,3416.5929,3393.1643,3406.5735
110147000,3395.466,3263600,39731800,4151560600,53825356100,3408.1502,3416.5929,3393.1643,3406.5735
110152000,3395.2123,2634700,37868700,4154195300,53863224800,3408.1502,3416.5929,3393.1643,3406.5735
110157000,3395.4728,2567400,30214900,4156762700,53893439700,3408.1502,3416.5929,3393.1643,3406.5735
110202000,3396.0013,3340100,39957300,4160102800,53933397000,3408.1502,3416.5929,3393.1643,3406.5735
110207000,3396.1051,4501300,38085500,4164604100,53971482500,3408.1502,3416.5929,3393.1643,3406.5735
110212000,3396.8867,4367000,28446100,4168971100,53999928600,3408.1502,3416.5929,3393.1643,3406.5735
110217000,3396.0283,1934200,36423900,4170905300,54036352500,3408.1502,3416.5929,3393.1643,3406.5735
110222000,3396.7518,3424900,35749900,4174330200,54072102400,3408.1502,3416.5929,3393.1643,3406.5735
110227000,3396.3066,1991200,28237200,4176321400,54100339600,3408.1502,3416.5929,3393.1643,3406.5735
110232000,3396.7509,3822600,32155400,4180144000,54132495000,3408.1502,3416.5929,3393.1643,3406.5735
110237000,3396.263,1585600,22938100,4181729600,54155433100,3408.1502,3416.5929,3393.1643,3406.5735
110242000,3396.3553,2565200,23572100,4184294800,54179005200,3408.1502,3416.5929,3393.1643,3406.5735
110247000,3396.5906,1887100,22229400,4186181900,54201234600,3408.1502,3416.5929,3393.1643,3406.5735
110252000,3396.6658,1629200,21540400,4187811100,54222775000,3408.1502,3416.5929,3393.1643,3406.5735
110257000,3396.6749,1224000,17235300,4189035100,54240010300,3408.1502,3416.5929,3393.1643,3406.5735
110302000,3396.8441,2390200,27323800,4191425300,54267334100,3408.1502,3416.5929,3393.1643,3406.5735
110307000,3397.1117,2414000,26249500,4193839300,54293583600,3408.1502,3416.5929,3393.1643,3406.5735
110312000,3397.4758,1968500,20289700,4195807800,54313873300,3408.1502,3416.5929,3393.1643,3406.5735
110317000,3397.5005,2562800,29498300,4198370600,54343371600,3408.1502,3416.5929,3393.1643,3406.5735
110322000,3397.2934,2457500,26631400,4200828100,54370003000,3408.1502,3416.5929,3393.1643,3406.5735
110327000,3397.3617,1378400,20105700,4202206500,54390108700,3408.1502,3416.5929,3393.1643,3406.5735
110332000,3398.0621,2057400,21813400,4204263900,54411922100,3408.1502,3416.5929,3393.1643,3406.5735
110337000,3398.0194,2243100,28211700,4206507000,54440133800,3408.1502,3416.5929,3393.1643,3406.5735
110342000,3398.0007,1425400,15983900,4207932400,54456117700,3408.1502,3416.5929,3393.1643,3406.5735
110347000,3397.4937,1590300,18410300,4209522700,54474528000,3408.1502,3416.5929,3393.1643,3406.5735
110352000,3398.0796,1835900,21586100,4211358600,54496114100,3408.1502,3416.5929,3393.1643,3406.5735
110357000,3397.4476,1714900,15783300,4213073500,54511897400,3408.1502,3416.5929,3393.1643,3406.5735
110402000,3397.9824,2584700,27130900,4215658200,54539028300,3408.1502,3416.5929,3393.1643,3406.5735
110407000,3397.8814,1600400,22728600,4217258600,54561756900,3408.1502,3416.5929,3393.1643,3406.5735
110412000,3397.7182,1008600,13514900,4218267200,54575271800,3408.1502,3416.5929,3393.1643,3406.5735
110417000,3398.1632,2553500,28031800,4220820700,54603303600,3408.1502,3416.5929,3393.1643,3406.5735
110422000,3398.2523,1636600,20711700,4222457300,54624015300,3408.1502,3416.5929,3393.1643,3406.5735
110427000,3398.1864,1293400,16881600,4223750700,54640896900,3408.1502,3416.5929,3393.1643,3406.5735
110432000,3397.9455,1789600,22405200,4225540300,54663302100,3408.1502,3416.5929,3393.1643,3406.5735
110437000,3398.042,1377200,28567300,4226917500,54691869400,3408.1502,3416.5929,3393.1643,3406.5735
110442000,3398.1372,705200,9730300,4227622700,54701599700,3408.1502,3416.5929,3393.1643,3406.5735
110447000,3398.1606,1262900,17047600,4228885600,54718647300,3408.1502,3416.5929,3393.1643,3406.5735
110452000,3398.1896,1411800,22896100,4230297400,54741543400,3408.1502,3416.5929,3393.1643,3406.5735
110457000,3398.1402,1184400,12908000,4231481800,54754451400,3408.1502,3416.5929,3393.1643,3406.5735
110502000,3398.1029,1377200,16023600,4232859000,54770475000,3408.1502,3416.5929,3393.1643,3406.5735
110507000,3397.933,1368700,21192800,4234227700,54791667800,3408.1502,3416.5929,3393.1643,3406.5735
110512000,3397.7551,1054200,12438800,4235281900,54804106600,3408.1502,3416.5929,3393.1643,3406.5735
110517000,3398.0148,1351900,17471200,4236633800,54821577800,3408.1502,3416.5929,3393.1643,3406.5735
110522000,3398.4074,1801800,25657400,4238435600,54847235200,3408.1502,3416.5929,3393.1643,3406.5735
110527000,3398.0771,1008200,14129800,4239443800,54861365000,3408.1502,3416.5929,3393.1643,3406.5735
110533000,3398.2593,1158000,15140800,4240601800,54876505800,3408.1502,3416.5929,3393.1643,3406.5735
110537000,3398.3244,1055700,15248200,4241657500,54891754000,3408.1502,3416.5929,3393.1643,3406.5735
110543000,3397.963,1441200,18833500,4243098700,54910587500,3408.1502,3416.5929,3393.1643,3406.5735
110548000,3397.8835,1081800,13610100,4244180500,54924197600,3408.1502,3416.5929,3393.1643,3406.5735
110553000,3397.833,2199500,30695200,4246380000,54954892800,3408.1502,3416.5929,3393.1643,3406.5735
110558000,3397.746,1326800,19812800,4247706800,54974705600,3408.1502,3416.5929,3393.1643,3406.5735
110603000,3397.9103,1378400,17675700,4249085200,54992381300,3408.1502,3416.5929,3393.1643,3406.5735
110608000,3397.6604,2433700,23073400,4251518900,55015454700,3408.1502,3416.5929,3393.1643,3406.5735
110613000,3397.6179,1683000,22816500,4253201900,55038271200,3408.1502,3416.5929,3393.1643,3406.5735
110618000,3397.7685,1526500,17875000,4254728400,55056146200,3408.1502,3416.5929,3393.1643,3406.5735
110623000,3397.9457,2054000,24129800,4256782400,55080276000,3408.1502,3416.5929,3393.1643,3406.5735
110628000,3397.8948,1423400,18908600,4258205800,55099184600,3408.1502,3416.5929,3393.1643,3406.5735
110633000,3398.0867,1102200,11284700,4259308000,55110469300,3408.1502,3416.5929,3393.1643,3406.5735
110638000,3397.6291,2535900,19179900,4261843900,55129649200,3408.1502,3416.5929,3393.1643,3406.5735
110643000,3397.6916,1003300,15308800,4262847200,55144958000,3408.1502,3416.5929,3393.1643,3406.5735
110648000,3397.9386,1300100,15338500,4264147300,55160296500,3408.1502,3416.5929,3393.1643,3406.5735
110653000,3397.8477,1682700,23379300,4265830000,55183675800,3408.1502,3416.5929,3393.1643,3406.5735
110658000,3397.9524,1128300,20667700,4266958300,55204343500,3408.1502,3416.5929,3393.1643,3406.5735
110703000,3397.7225,1916000,16534300,4268874300,55220877800,3408.1502,3416.5929,3393.1643,3406.5735
110708000,3397.5881,2388500,22985300,4271262800,55243863100,3408.1502,3416.5929,3393.1643,3406.5735
110713000,3398.0574,1476200,20902100,4272739000,55264765200,3408.1502,3416.5929,3393.1643,3406.5735
110718000,3398.1984,965500,13413300,4273704500,55278178500,3408.1502,3416.5929,3393.1643,3406.5735
110723000,3398.0189,1544900,26247800,4275249400,55304426300,3408.1502,3416.5929,3393.1643,3406.5735
110728000,3397.8718,1003500,14607500,4276252900,55319033800,3408.1502,3416.5929,3393.1643,3406.5735
110733000,3397.9638,1307700,14671400,4277560600,55333705200,3408.1502,3416.5929,3393.1643,3406.5735
110738000,3397.6616,1805300,19610500,4279365900,55353315700,3408.1502,3416.5929,3393.1643,3406.5735
110743000,3397.4539,2149700,20232500,4281515600,55373548200,3408.1502,3416.5929,3393.1643,3406.5735
110748000,3397.6037,1055100,14530900,4282570700,55388079100,3408.1502,3416.5929,3393.1643,3406.5735
110753000,3397.6221,1982400,25972700,4284553100,55414051800,3408.1502,3416.5929,3393.1643,3406.5735
110758000,3397.548,1677700,21985200,4286230800,55436037000,3408.1502,3416.5929,3393.1643,3406.5735
110803000,3397.2517,2495800,23107900,4288726600,55459144900,3408.1502,3416.5929,3393.1643,3406.5735
110808000,3397.4609,1535500,20739500,4290262100,55479884400,3408.1502,3416.5929,3393.1643,3406.5735
110813000,3397.2346,1327200,20093900,4291589300,55499978300,3408.1502,3416.5929,3393.1643,3406.5735
110818000,3397.1566,1378700,16322200,4292968000,55516300500,3408.1502,3416.5929,3393.1643,3406.5735
110823000,3397.3938,2046100,24069300,4295014100,55540369800,3408.1502,3416.5929,3393.1643,3406.5735
110828000,3397.2171,1677000,23477000,4296691100,55563846800,3408.1502,3416.5929,3393.1643,3406.5735
110833000,3397.2168,1634900,25984200,4298326000,55589831000,3408.1502,3416.5929,3393.1643,3406.5735
110838000,3397.1475,1528700,23147200,4299854700,55612978200,3408.1502,3416.5929,3393.1643,3406.5735
110843000,3397.1463,2442500,25905700,4302297200,55638883900,3408.1502,3416.5929,3393.1643,3406.5735
110848000,3397.1593,1428200,12816400,4303725400,55651700300,3408.1502,3416.5929,3393.1643,3406.5735
110853000,3397.1001,1481200,21257100,4305206600,55672957400,3408.1502,3416.5929,3393.1643,3406.5735
110858000,3396.6392,937200,15564200,4306143800,55688521600,3408.1502,3416.5929,3393.1643,3406.5735
110903000,3396.3345,1348400,18249200,4307492200,55706770800,3408.1502,3416.5929,3393.1643,3406.5735
110908000,3396.4778,1312200,15644600,4308804400,55722415400,3408.1502,3416.5929,3393.1643,3406.5735
110913000,3396.4466,816400,13310300,4309620800,55735725700,3408.1502,3416.5929,3393.1643,3406.5735
110918000,3396.3271,951300,14300800,4310572100,55750026500,3408.1502,3416.5929,3393.1643,3406.5735
110923000,3396.6408,1805400,22300100,4312377500,55772326600,3408.1502,3416.5929,3393.1643,3406.5735
110928000,3396.8091,1206400,17427400,4313583900,55789754000,3408.1502,3416.5929,3393.1643,3406.5735
110933000,3396.5234,813100,11101200,4314397000,55800855200,3408.1502,3416.5929,3393.1643,3406.5735
110938000,3396.4361,1479100,17980400,4315876100,55818835600,3408.1502,3416.5929,3393.1643,3406.5735
110944000,3396.4748,2149400,28099200,4318025500,55846934800,3408.1502,3416.5929,3393.1643,3406.5735
110949000,3396.196,1261100,12183800,4319286600,55859118600,3408.1502,3416.5929,3393.1643,3406.5735
110954000,3396.2418,1250900,18463100,4320537500,55877581700,3408.1502,3416.5929,3393.1643,3406.5735
110959000,3396.1093,1121300,12769300,4321658800,55890351000,3408.1502,3416.5929,3393.1643,3406.5735
111004000,3396.1652,1134500,16696300,4322793300,55907047300,3408.1502,3416.5929,3393.1643,3406.5735
111009000,3396.1726,926100,12844000,4323719400,55919891300,3408.1502,3416.5929,3393.1643,3406.5735
111014000,3396.1665,2128600,23610200,4325848000,55943501500,3408.1502,3416.5929,3393.1643,3406.5735
111019000,3395.6443,1358400,17789700,4327206400,55961291200,3408.1502,3416.5929,3393.1643,3406.5735
111024000,3395.5981,1550000,18801500,4328756400,55980092700,3408.1502,3416.5929,3393.1643,3406.5735
111029000,3395.8,1748200,22658100,4330504600,56002750800,3408.1502,3416.5929,3393.1643,3406.5735
111034000,3395.7857,1437900,21494400,4331942500,56024245200,3408.1502,3416.5929,3393.1643,3406.5735
111039000,3395.6055,2017700,23439200,4333960200,56047684400,3408.1502,3416.5929,3393.1643,3406.5735
111044000,3395.338,1602700,22599600,4335562900,56070284000,3408.1502,3416.5929,3393.1643,3406.5735
111049000,3395.3783,1752000,22735100,4337314900,56093019100,3408.1502,3416.5929,3393.1643,3406.5735
111054000,3394.9999,2272500,28314600,4339587400,56121333700,3408.1502,3416.5929,3393.1643,3406.5735
111059000,3394.9576,2118400,31872400,4341705800,56153206100,3408.1502,3416.5929,3393.1643,3406.5735
111104000,3394.8136,1559600,24676700,4343265400,56177882800,3408.1502,3416.5929,3393.1643,3406.5735
111109000,3394.8801,1127500,16547500,4344392900,56194430300,3408.1502,3416.5929,3393.1643,3406.5735
111114000,3394.895,2230000,24839000,4346622900,56219269300,3408.1502,3416.5929,3393.1643,3406.5735
111119000,3394.7584,2566600,23802000,4349189500,56243071300,3408.1502,3416.5929,3393.1643,3406.5735
111124000,3394.955,1535100,19205900,4350724600,56262277200,3408.1502,3416.5929,3393.1643,3406.5735
111129000,3394.6417,1505600,22584000,4352230200,56284861200,3408.1502,3416.5929,3393.1643,3406.5735
111134000,3394.8214,1338200,18717200,4353568400,56303578400,3408.1502,3416.5929,3393.1643,3406.5735
111139000,3394.7065,1328800,20102500,4354897200,56323680900,3408.1502,3416.5929,3393.1643,3406.5735
111144000,3394.84,2882100,28424400,4357779300,56352105300,3408.1502,3416.5929,3393.1643,3406.5735
111149000,3394.8913,2397100,36332600,4360176400,56388437900,3408.1502,3416.5929,3393.1643,3406.5735
111154000,3394.9364,2319500,25289200,4362495900,56413727100,3408.1502,3416.5929,3393.1643,3406.5735
111159000,3394.9661,1910300,22256000,4364406200,56435983100,3408.1502,3416.5929,3393.1643,3406.5735
111204000,3395.0047,1593100,22440800,4365999300,56458423900,3408.1502,3416.5929,3393.1643,3406.5735
111209000,3394.6912,1438600,18977900,4367437900,56477401800,3408.1502,3416.5929,3393.1643,3406.5735
111214000,3394.8986,1647800,26275300,4369085700,56503677100,3408.1502,3416.5929,3393.1643,3406.5735
111219000,3394.8803,1576500,24236400,4370662200,56527913500,3408.1502,3416.5929,3393.1643,3406.5735
111224000,3395.0446,1580000,20109600,4372242200,56548023100,3408.1502,3416.5929,3393.1643,3406.5735
111229000,3395.1943,1610400,21856000,4373852600,56569879100,3408.1502,3416.5929,3393.1643,3406.5735
111234000,3395.3253,1170000,18179900,4375022600,56588059000,3408.1502,3416.5929,3393.1643,3406.5735
111239000,3395.1653,959500,15165800,4375982100,56603224800,3408.1502,3416.5929,3393.1643,3406.5735
111244000,3395.4019,2206000,23726300,4378188100,56626951100,3408.1502,3416.5929,3393.1643,3406.5735
111249000,3395.5492,2391900,27120500,4380580000,56654071600,3408.1502,3416.5929,3393.1643,3406.5735
111254000,3395.9622,1073800,15580200,4381653800,56669651800,3408.1502,3416.5929,3393.1643,3406.5735
111259000,3396.5101,1962800,28799200,4383616600,56698451000,3408.1502,3416.5929,3393.1643,3406.5735
111304000,3397.1983,2734100,42249500,4386350700,56740700500,3408.1502,3416.5929,3393.1643,3406.5735
111309000,3397.2909,2143500,23351500,4388494200,56764052000,3408.1502,3416.5929,3393.1643,3406.5735
111314000,3397.4458,2533100,26472500,4391027300,56790524500,3408.1502,3416.5929,3393.1643,3406.5735
111319000,3397.571,3193400,32150900,4394220700,56822675400,3408.1502,3416.5929,3393.1643,3406.5735
111324000,3397.6668,1719800,22467600,4395940500,56845143000,3408.1502,3416.5929,3393.1643,3406.5735
111329000,3397.848,1876300,24201100,4397816800,56869344100,3408.1502,3416.5929,3393.1643,3406.5735
111334000,3397.6262,1732200,26833700,4399549000,56896177800,3408.1502,3416.5929,3393.1643,3406.5735
111339000,3397.7813,1214900,15576400,4400763900,56911754200,3408.1502,3416.5929,3393.1643,3406.5735
111344000,3398.3621,1755900,21991700,4402519800,56933745900,3408.1502,3416.5929,3393.1643,3406.5735
111350000,3398.3578,3042900,26895700,4405562700,56960641600,3408.1502,3416.5929,3393.1643,3406.5735
111355000,3398.3034,2017000,22609800,4407579700,56983251400,3408.1502,3416.5929,3393.1643,3406.5735
111400000,3398.5643,3209600,25560400,4410789300,57008811800,3408.1502,3416.5929,3393.1643,3406.5735
111405000,3398.3794,2003400,22294100,4412792700,57031105900,3408.1502,3416.5929,3393.1643,3406.5735
111410000,3398.3264,1304700,15658000,4414097400,57046763900,3408.1502,3416.5929,3393.1643,3406.5735
111415000,3398.3206,1577200,16210100,4415674600,57062974000,3408.1502,3416.5929,3393.1643,3406.5735
111420000,3398.4847,1323000,18880000,4416997600,57081854000,3408.1502,3416.5929,3393.1643,3406.5735
111425000,3398.8879,2196900,24043200,4419194500,57105897200,3408.1502,3416.5929,3393.1643,3406.5735
111430000,3398.784,1755200,17660300,4420949700,57123557500,3408.1502,3416.5929,3393.1643,3406.5735
111435000,3399.1276,1672800,19655400,4422622500,57143212900,3408.1502,3416.5929,3393.1643,3406.5735
111440000,3399.0472,1126100,15213700,4423748600,57158426600,3408.1502,3416.5929,3393.1643,3406.5735
111445000,3399.0572,3166100,30872600,4426914700,57189299200,3408.1502,3416.5929,3393.1643,3406.5735
111450000,3399.2059,1275200,16406500,4428189900,57205705700,3408.1502,3416.5929,3393.1643,3406.5735
111455000,3399.2514,1635600,22588900,4429825500,57228294600,3408.1502,3416.5929,3393.1643,3406.5735
111500000,3399.2769,1652400,18105800,4431477900,57246400400,3408.1502,3416.5929,3393.1643,3406.5735
111505000,3399.4602,3177700,30032700,4434655600,57276433100,3408.1502,3416.5929,3393.1643,3406.5735
111510000,3399.4722,1371000,18304300,4436026600,57294737400,3408.1502,3416.5929,3393.1643,3406.5735
111515000,3399.3984,1651500,21584200,4437678100,57316321600,3408.1502,3416.5929,3393.1643,3406.5735
111520000,3399.688,1859700,24841200,4439537800,57341162800,3408.1502,3416.5929,3393.1643,3406.5735
111525000,3399.5788,1608800,23610800,4441146600,57364773600,3408.1502,3416.5929,3393.1643,3406.5735
111530000,3399.6977,1651400,17120500,4442798000,57381894100,3408.1502,3416.5929,3393.1643,3406.5735
111535000,3398.9895,2671800,25635800,4445469800,57407529900,3408.1502,3416.5929,3393.1643,3406.5735
111540000,3399.2618,2989900,25877700,4448459700,57433407600,3408.1502,3416.5929,3393.1643,3406.5735
111545000,3399.1945,2430400,15977000,4450890100,57449384600,3408.1502,3416.5929,3393.1643,3406.5735
111550000,3399.5363,2973000,21376300,4453863100,57470760900,3408.1502,3416.5929,3393.1643,3406.5735
111555000,3399.7976,3367700,24106700,4457230800,57494867600,3408.1502,3416.5929,3393.1643,3406.5735
111600000,3399.846,1807000,17360800,4459037800,57512228400,3408.1502,3416.5929,3393.1643,3406.5735
111605000,3400.2618,2198800,22480300,4461236600,57534708700,3408.1502,3416.5929,3393.1643,3406.5735
111610000,3400.1649,2611600,22587200,4463848200,57557295900,3408.1502,3416.5929,3393.1643,3406.5735
111615000,3400.1812,2712600,24179600,4466560800,57581475500,3408.1502,3416.5929,3393.1643,3406.5735
111620000,3400.4197,1863000,20315900,4468423800,57601791400,3408.1502,3416.5929,3393.1643,3406.5735
111625000,3400.4803,2180400,26248000,4470604200,57628039400,3408.1502,3416.5929,3393.1643,3406.5735
111630000,3400.567,2219600,20755700,4472823800,57648795100,3408.1502,3416.5929,3393.1643,3406.5735
111635000,3400.5226,1870600,23826000,4474694400,57672621100,3408.1502,3416.5929,3393.1643,3406.5735
111640000,3400.3797,1700600,20566500,4476395000,57693187600,3408.1502,3416.5929,3393.1643,3406.5735
111645000,3400.6161,1765500,18406600,4478160500,57711594200,3408.1502,3416.5929,3393.1643,3406.5735
111650000,3400.7244,2680900,26330000,4480841400,57737924200,3408.1502,3416.5929,3393.1643,3406.5735
111655000,3400.519,2736300,23931100,4483577700,57761855300,3408.1502,3416.5929,3393.1643,3406.5735
111700000,3400.0335,3735300,30878400,4487313000,57792733700,3408.1502,3416.5929,3393.1643,3406.5735
111705000,3400.2909,3939000,32312000,4491252000,57825045700,3408.1502,3416.5929,3393.1643,3406.5735
111710000,3400.109,2968700,23641800,4494220700,57848687500,3408.1502,3416.5929,3393.1643,3406.5735
111715000,3400.4606,2314200,17545700,4496534900,57866233200,3408.1502,3416.5929,3393.1643,3406.5735
111720000,3400.409,3574400,21055000,4500109300,57887288200,3408.1502,3416.5929,3393.1643,3406.5735
111725000,3400.4681,3101000,27070900,4503210300,57914359100,3408.1502,3416.5929,3393.1643,3406.5735
111730000,3400.3057,1698000,17402400,4504908300,57931761500,3408.1502,3416.5929,3393.1643,3406.5735
111736000,3400.7701,2414000,23603400,4507322300,57955364900,3408.1502,3416.5929,3393.1643,3406.5735
111741000,3400.1319,1671500,20003000,4508993800,57975367900,3408.1502,3416.5929,3393.1643,3406.5735
111746000,3400.8253,1657400,19230900,4510651200,57994598800,3408.1502,3416.5929,3393.1643,3406.5735
111751000,3400.7132,2358500,19641800,4513009700,58014240600,3408.1502,3416.5929,3393.1643,3406.5735
111756000,3400.7344,1621900,20128000,4514631600,58034368600,3408.1502,3416.5929,3393.1643,3406.5735
111801000,3400.5313,3805400,33596600,4518437000,58067965200,3408.1502,3416.5929,3393.1643,3406.5735
111806000,3400.5458,2274400,22028800,4520711400,58089994000,3408.1502,3416.5929,3393.1643,3406.5735
111811000,3400.6643,1493800,13875300,4522205200,58103869300,3408.1502,3416.5929,3393.1643,3406.5735
111816000,3400.6626,1422300,15689800,4523627500,58119559100,3408.1502,3416.5929,3393.1643,3406.5735
111821000,3400.8981,1541600,16009400,4525169100,58135568500,3408.1502,3416.5929,3393.1643,3406.5735
111826000,3400.8557,1876400,22279300,4527045500,58157847800,3408.1502,3416.5929,3393.1643,3406.5735
111831000,3401.0349,1665700,23673800,4528711200,58181521600,3408.1502,3416.5929,3393.1643,3406.5735
111836000,3400.7735,2250600,20457900,4530961800,58201979500,3408.1502,3416.5929,3393.1643,3406.5735
111841000,3401.0481,3143600,29054800,4534105400,58231034300,3408.1502,3416.5929,3393.1643,3406.5735
111846000,3400.9929,3047600,23168200,4537153000,58254202500,3408.1502,3416.5929,3393.1643,3406.5735
111851000,3400.8778,1113400,10710600,4538266400,58264913100,3408.1502,3416.5929,3393.1643,3406.5735
111856000,3400.8861,1709800,19565500,4539976200,58284478600,3408.1502,3416.5929,3393.1643,3406.5735
111901000,3401.1363,3337800,26650900,4543314000,58311129500,3408.1502,3416.5929,3393.1643,3406.5735
111906000,3401.5228,2081400,19114100,4545395400,58330243600,3408.1502,3416.5929,3393.1643,3406.5735
111911000,3401.1971,1617300,18004200,4547012700,58348247800,3408.1502,3416.5929,3393.1643,3406.5735
111916000,3400.8524,1417600,21318300,4548430300,58369566100,3408.1502,3416.5929,3393.1643,3406.5735
111921000,3401.1351,1542100,19493400,4549972400,58389059500,3408.1502,3416.5929,3393.1643,3406.5735
111926000,3401.4559,2962000,28088500,4552934400,58417148000,3408.1502,3416.5929,3393.1643,3406.5735
111931000,3401.5367,4531300,35745800,4557465700,58452893800,3408.1502,3416.5929,3393.1643,3406.5735
111936000,3401.8737,1878100,21592600,4559343800,58474486400,3408.1502,3416.5929,3393.1643,3406.5735
111941000,3401.6083,2794500,28146700,4562138300,58502633100,3408.1502,3416.5929,3393.1643,3406.5735
111946000,3402.0728,2438400,26543800,4564576700,58529176900,3408.1502,3416.5929,3393.1643,3406.5735
111951000,3402.3468,3061700,24039600,4567638400,58553216500,3408.1502,3416.5929,3393.1643,3406.5735
111956000,3402.4393,1632100,22015300,4569270500,58575231800,3408.1502,3416.5929,3393.1643,3406.5735
112001000,3402.5694,3731900,36748300,4573002400,58611980100,3408.1502,3416.5929,3393.1643,3406.5735
112006000,3403.3199,3097600,27997500,4576100000,58639977600,3408.1502,3416.5929,3393.1643,3406.5735
112011000,3403.476,2964900,30213500,4579064900,58670191100,3408.1502,3416.5929,3393.1643,3406.5735
112016000,3403.4144,3476100,33930400,4582541000,58704121500,3408.1502,3416.5929,3393.1643,3406.5735
112021000,3403.4376,2488600,24443700,4585029600,58728565200,3408.1502,3416.5929,3393.1643,3406.5735
112026000,3404.1064,2217600,21626400,4587247200,58750191600,3408.1502,3416.5929,3393.1643,3406.5735
112031000,3403.8692,2042500,20461100,4589289700,58770652700,3408.1502,3416.5929,3393.1643,3406.5735
112036000,3403.7054,2508900,23233300,4591798600,58793886000,3408.1502,3416.5929,3393.1643,3406.5735
112041000,3403.2594,2445400,31481600,4594244000,58825367600,3408.1502,3416.5929,3393.1643,3406.5735
112046000,3403.83,2603600,26297300,4596847600,58851664900,3408.1502,3416.5929,3393.1643,3406.5735
112051000,3403.9053,3224300,34584500,4600071900,58886249400,3408.1502,3416.5929,3393.1643,3406.5735
112056000,3404.1103,3504200,37092300,4603576100,58923341700,3408.1502,3416.5929,3393.1643,3406.5735
112101000,3403.9617,3047800,30585000,4606623900,58953926700,3408.1502,3416.5929,3393.1643,3406.5735
112106000,3403.8209,3066300,30890700,4609690200,58984817400,3408.1502,3416.5929,3393.1643,3406.5735
112111000,3403.9852,2047800,22715600,4611738000,59007533000,3408.1502,3416.5929,3393.1643,3406.5735
112116000,3404.0558,3238800,29573900,4614976800,59037106900,3408.1502,3416.5929,3393.1643,3406.5735
112121000,3403.539,1698400,21748100,4616675200,59058855000,3408.1502,3416.5929,3393.1643,3406.5735
112126000,3404.369,1973600,22858500,4618648800,59081713500,3408.1502,3416.5929,3393.1643,3406.5735
112131000,3404.1121,1887000,25244200,4620535800,59106957700,3408.1502,3416.5929,3393.1643,3406.5735
112136000,3404.1403,2003900,20990800,4622539700,59127948500,3408.1502,3416.5929,3393.1643,3406.5735
112141000,3404.3461,2498500,29489900,4625038200,59157438400,3408.1502,3416.5929,3393.1643,3406.5735
112146000,3404.2794,2956400,26129700,4627994600,59183568100,3408.1502,3416.5929,3393.1643,3406.5735
112152000,3404.6423,3259400,28573800,4631254000,59212141900,3408.1502,3416.5929,3393.1643,3406.5735
112157000,3404.4315,2130000,23948300,4633384000,59236090200,3408.1502,3416.5929,3393.1643,3406.5735
112201000,3404.4412,2548400,27700400,4635932400,59263790600,3408.1502,3416.5929,3393.1643,3406.5735
112207000,3404.5079,1817500,24776200,4637749900,59288566800,3408.1502,3416.5929,3393.1643,3406.5735
112212000,3404.4406,3114600,24495700,4640864500,59313062500,3408.1502,3416.5929,3393.1643,3406.5735
112217000,3404.7522,2262000,26814200,4643126500,59339876700,3408.1502,3416.5929,3393.1643,3406.5735
112222000,3404.5713,2086700,24206900,4645213200,59364083600,3408.1502,3416.5929,3393.1643,3406.5735
112227000,3405.0476,2500300,23068900,4647713500,59387152500,3408.1502,3416.5929,3393.1643,3406.5735
112232000,3404.93,2792300,27431400,4650505800,59414583900,3408.1502,3416.5929,3393.1643,3406.5735
112237000,3405.1894,2654100,29976700,4653159900,59444560600,3408.1502,3416.5929,3393.1643,3406.5735
112242000,3405.0131,1468100,18437800,4654628000,59462998400,3408.1502,3416.5929,3393.1643,3406.5735
112247000,3405.0416,1640000,22400400,4656268000,59485398800,3408.1502,3416.5929,3393.1643,3406.5735
112252000,3405.3016,1881100,24691200,4658149100,59510090000,3408.1502,3416.5929,3393.1643,3406.5735
112257000,3405.5719,2371900,25726300,4660521000,59535816300,3408.1502,3416.5929,3393.1643,3406.5735
112302000,3406.1137,3720300,34040900,4664241300,59569857200,3408.1502,3416.5929,3393.1643,3406.5735
112307000,3405.7949,1921500,21691600,4666162800,59591548800,3408.1502,3416.5929,3393.1643,3406.5735
112312000,3405.9997,1650000,18881400,4667812800,59610430200,3408.1502,3416.5929,3393.1643,3406.5735
112317000,3405.6925,2194800,25611600,4670007600,59636041800,3408.1502,3416.5929,3393.1643,3406.5735
112322000,3406.1117,1250400,15977100,4671258000,59652018900,3408.1502,3416.5929,3393.1643,3406.5735
112327000,3405.6916,1745800,16872600,4673003800,59668891500,3408.1502,3416.5929,3393.1643,3406.5735
112332000,3405.4513,1998900,20804200,4675002700,59689695700,3408.1502,3416.5929,3393.1643,3406.5735
112337000,3405.0734,2065000,22979600,4677067700,59712675300,3408.1502,3416.5929,3393.1643,3406.5735
112342000,3405.3054,2016600,17067300,4679084300,59729742600,3408.1502,3416.5929,3393.1643,3406.5735
112347000,3405.4826,3056100,23623200,4682140400,59753365800,3408.1502,3416.5929,3393.1643,3406.5735
112352000,3405.5613,1744800,20100300,4683885200,59773466100,3408.1502,3416.5929,3393.1643,3406.5735
112357000,3405.0582,2919800,26675600,4686805000,59800141700,3408.1502,3416.5929,3393.1643,3406.5735
112402000,3405.2789,2080200,24698900,4688885200,59824840600,3408.1502,3416.5929,3393.1643,3406.5735
112407000,3404.726,2041400,27113000,4690926600,59851953600,3408.1502,3416.5929,3393.1643,3406.5735
112412000,3404.9614,1843700,17951200,4692770300,59869904800,3408.1502,3416.5929,3393.1643,3406.5735
112417000,3404.8638,1652700,19007300,4694423000,59888912100,3408.1502,3416.5929,3393.1643,3406.5735
112422000,3404.9158,1291800,19642100,4695714800,59908554200,3408.1502,3416.5929,3393.1643,3406.5735
112427000,3405.1777,1608600,22830800,4697323400,59931385000,3408.1502,3416.5929,3393.1643,3406.5735
112432000,3405.3405,3497000,37548600,4700820400,59968933600,3408.1502,3416.5929,3393.1643,3406.5735
112437000,3405.2314,2338400,28291600,4703158800,59997225200,3408.1502,3416.5929,3393.1643,3406.5735
112442000,3405.2622,1959600,21426900,4705118400,60018652100,3408.1502,3416.5929,3393.1643,3406.5735
112447000,3404.7393,2078200,22069600,4707196600,60040721700,3408.1502,3416.5929,3393.1643,3406.5735
112452000,3405.4525,3374200,39614100,4710570800,60080335800,3408.1502,3416.5929,3393.1643,3406.5735
112457000,3405.3882,1476200,21446200,4712047000,60101782000,3408.1502,3416.5929,3393.1643,3406.5735
112502000,3405.2217,3689500,33945700,4715736500,60135727700,3408.1502,3416.5929,3393.1643,3406.5735
112506000,3405.2306,1286800,16805500,4717023300,60152533200,3408.1502,3416.5929,3393.1643,3406.5735
112512000,3405.0355,2513500,25171200,4719536800,60177704400,3408.1502,3416.5929,3393.1643,3406.5735
112517000,3405.0741,1506300,21267900,4721043100,60198972300,3408.1502,3416.5929,3393.1643,3406.5735
112522000,3405.2113,1789600,26015600,4722832700,60224987900,3408.1502,3416.5929,3393.1643,3406.5735
112527000,3405.3134,1749700,20292500,4724582400,60245280400,3408.1502,3416.5929,3393.1643,3406.5735
112532000,3405.3781,1659700,19915900,4726242100,60265196300,3408.1502,3416.5929,3393.1643,3406.5735
112537000,3405.3677,1362400,16372200,4727604500,60281568500,3408.1502,3416.5929,3393.1643,3406.5735
112542000,3405.532,1598100,20164200,4729202600,60301732700,3408.1502,3416.5929,3393.1643,3406.5735
112547000,3405.0339,1990400,21937300,4731193000,60323670000,3408.1502,3416.5929,3393.1643,3406.5735
112552000,3404.9764,1912100,27570700,4733105100,60351240700,3408.1502,3416.5929,3393.1643,3406.5735
112558000,3405.022,1868800,22343900,4734973900,60373584600,3408.1502,3416.5929,3393.1643,3406.5735
112602000,3404.8955,1236400,14779300,4736210300,60388363900,3408.1502,3416.5929,3393.1643,3406.5735
112608000,3404.9058,1876100,27230800,4738086400,60415594700,3408.1502,3416.5929,3393.1643,3406.5735
112613000,3404.601,1446300,24935700,4739532700,60440530400,3408.1502,3416.5929,3393.1643,3406.5735
112618000,3405.097,939600,15465700,4740472300,60455996100,3408.1502,3416.5929,3393.1643,3406.5735
112623000,3404.9809,1405100,23429100,4741877400,60479425200,3408.1502,3416.5929,3393.1643,3406.5735
112628000,3405.1655,1294800,15893500,4743172200,60495318700,3408.1502,3416.5929,3393.1643,3406.5735
112633000,3404.8542,1478600,24888600,4744650800,60520207300,3408.1502,3416.5929,3393.1643,3406.5735
112638000,3404.6773,1690900,22578800,4746341700,60542786100,3408.1502,3416.5929,3393.1643,3406.5735
112643000,3404.5354,1626100,21672100,4747967800,60564458200,3408.1502,3416.5929,3393.1643,3406.5735
112648000,3404.639,1098100,15524300,4749065900,60579982500,3408.1502,3416.5929,3393.1643,3406.5735
112653000,3404.4735,1390800,20269200,4750456700,60600251700,3408.1502,3416.5929,3393.1643,3406.5735
112657000,3404.4846,1495500,16732100,4751952200,60616983800,3408.1502,3416.5929,3393.1643,3406.5735
112703000,3404.1346,1713800,22671100,4753666000,60639654900,3408.1502,3416.5929,3393.1643,3406.5735
112708000,3404.2403,1655600,20301600,4755321600,60659956500,3408.1502,3416.5929,3393.1643,3406.5735
112713000,3403.9514,1205600,17496700,4756527200,60677453200,3408.1502,3416.5929,3393.1643,3406.5735
112718000,3403.9197,1573000,17463000,4758100200,60694916200,3408.1502,3416.5929,3393.1643,3406.5735
112723000,3404.2518,1545600,20559600,4759645800,60715475800,3408.1502,3416.5929,3393.1643,3406.5735
112727000,3404.2559,1015500,14434600,4760661300,60729910400,3408.1502,3416.5929,3393.1643,3406.5735
112733000,3404.4254,1233600,14973600,4761894900,60744884000,3408.1502,3416.5929,3393.1643,3406.5735
112738000,3404.469,1281500,16935200,4763176400,60761819200,3408.1502,3416.5929,3393.1643,3406.5735
112742000,3404.0845,1007000,18324600,4764183400,60780143800,3408.1502,3416.5929,3393.1643,3406.5735
112748000,3404.0016,1552700,22769200,4765736100,60802913000,3408.1502,3416.5929,3393.1643,3406.5735
112753000,3404.0527,1427400,18368200,4767163500,60821281200,3408.1502,3416.5929,3393.1643,3406.5735
112757000,3403.7524,1470900,21420500,4768634400,60842701700,3408.1502,3416.5929,3393.1643,3406.5735
112803000,3404.2731,1251300,17416900,4769885700,60860118600,3408.1502,3416.5929,3393.1643,3406.5735
112808000,3404.3776,1519300,19740000,4771405000,60879858600,3408.1502,3416.5929,3393.1643,3406.5735
112812000,3404.04,1569200,20980500,4772974200,60900839100,3408.1502,3416.5929,3393.1643,3406.5735
112818000,3403.9583,1461200,19595100,4774435400,60920434200,3408.1502,3416.5929,3393.1643,3406.5735
112823000,3404.0283,1228800,16806400,4775664200,60937240600,3408.1502,3416.5929,3393.1643,3406.5735
112827000,3404.0023,1342500,19873400,4777006700,60957114000,3408.1502,3416.5929,3393.1643,3406.5735
112833000,3404.4375,1962500,21518800,4778969200,60978632800,3408.1502,3416.5929,3393.1643,3406.5735
112838000,3404.3993,1174700,17586400,4780143900,60996219200,3408.1502,3416.5929,3393.1643,3406.5735
112842000,3404.2781,1464200,14903600,4781608100,61011122800,3408.1502,3416.5929,3393.1643,3406.5735
112848000,3404.0596,1400200,20172400,4783008300,61031295200,3408.1502,3416.5929,3393.1643,3406.5735
112853000,3404.1317,933100,15477000,4783941400,61046772200,3408.1502,3416.5929,3393.1643,3406.5735
112857000,3403.7678,1288500,17141100,4785229900,61063913300,3408.1502,3416.5929,3393.1643,3406.5735
112903000,3403.6509,1309800,17933000,4786539700,61081846300,3408.1502,3416.5929,3393.1643,3406.5735
112908000,3403.5696,2593900,24836400,4789133600,61106682700,3408.1502,3416.5929,3393.1643,3406.5735
112912000,3403.5177,1576400,19333100,4790710000,61126015800,3408.1502,3416.5929,3393.1643,3406.5735
112918000,3403.7012,2335500,22992800,4793045500,61149008600,3408.1502,3416.5929,3393.1643,3406.5735
112923000,3404.0673,1407500,20936200,4794453000,61169944800,3408.1502,3416.5929,3393.1643,3406.5735
112927000,3404.0243,2146400,21788200,4796599400,61191733000,3408.1502,3416.5929,3393.1643,3406.5735
112933000,3404.3933,1652400,20125900,4798251800,61211858900,3408.1502,3416.5929,3393.1643,3406.5735
112938000,3404.0883,1481100,16663400,4799732900,61228522300,3408.1502,3416.5929,3393.1643,3406.5735
112942000,3404.0188,1155700,18581800,4800888600,61247104100,3408.1502,3416.5929,3393.1643,3406.5735
112948000,3403.9365,1014100,14305900,4801902700,61261410000,3408.1502,3416.5929,3393.1643,3406.5735
112953000,3404.0382,1415600,17841300,4803318300,61279251300,3408.1502,3416.5929,3393.1643,3406.5735
112957000,3403.8693,1065400,12820400,4804383700,61292071700,3408.1502,3416.5929,3393.1643,3406.5735
113000000,3403.9034,1484900,24533500,4805868600,61316605200,3408.1502,3416.5929,3393.1643,3406.5735
113003000,3403.9134,1100,12900,4805869700,61316618100,3408.1502,3416.5929,3393.1643,3406.5735
130000000,3403.8585,677700,7183600,4806547400,61323801700,3408.1502,3416.5929,3393.1643,3406.5735
130006000,3403.5553,36324000,346133600,4842871400,61669935300,3408.1502,3416.5929,3393.1643,3406.5735
130011000,3403.402,3116500,38714800,4845987900,61708650100,3408.1502,3416.5929,3393.1643,3406.5735
130016000,3402.9824,1357000,17173600,4847344900,61725823700,3408.1502,3416.5929,3393.1643,3406.5735
130021000,3403.3937,1016100,20560400,4848361000,61746384100,3408.1502,3416.5929,3393.1643,3406.5735
130026000,3403.6073,1750800,23057600,4850111800,61769441700,3408.1502,3416.5929,3393.1643,3406.5735
130031000,3403.4737,1269900,20572200,4851381700,61790013900,3408.1502,3416.5929,3393.1643,3406.5735
130036000,3403.3925,1446000,19316100,4852827700,61809330000,3408.1502,3416.5929,3393.1643,3406.5735
130041000,3402.7773,1536500,22004000,4854364200,61831334000,3408.1502,3416.5929,3393.1643,3406.5735
130046000,3403.0084,1416300,19778900,4855780500,61851112900,3408.1502,3416.5929,3393.1643,3406.5735
130051000,3402.8054,1279000,17555600,4857059500,61868668500,3408.1502,3416.5929,3393.1643,3406.5735
130056000,3402.2147,1310000,20161800,4858369500,61888830300,3408.1502,3416.5929,3393.1643,3406.5735
130101000,3402.8421,1477900,23838600,4859847400,61912668900,3408.1502,3416.5929,3393.1643,3406.5735
130106000,3402.5749,1475700,23555400,4861323100,61936224300,3408.1502,3416.5929,3393.1643,3406.5735
130111000,3402.2011,2024400,30275900,4863347500,61966500200,3408.1502,3416.5929,3393.1643,3406.5735
130116000,3401.9078,1419400,20693600,4864766900,61987193800,3408.1502,3416.5929,3393.1643,3406.5735
130121000,3401.9834,1511000,16050100,4866277900,62003243900,3408.1502,3416.5929,3393.1643,3406.5735
130126000,3401.9836,1371900,18265200,4867649800,62021509100,3408.1502,3416.5929,3393.1643,3406.5735
130131000,3401.9486,929300,14784000,4868579100,62036293100,3408.1502,3416.5929,3393.1643,3406.5735
130136000,3401.9148,1331400,23597200,4869910500,62059890300,3408.1502,3416.5929,3393.1643,3406.5735
130141000,3402.1899,1647800,22636200,4871558300,62082526500,3408.1502,3416.5929,3393.1643,3406.5735
130146000,3401.5612,1412900,20203000,4872971200,62102729500,3408.1502,3416.5929,3393.1643,3406.5735
130151000,3401.6137,1084200,14139200,4874055400,62116868700,3408.1502,3416.5929,3393.1643,3406.5735
130156000,3401.4731,2894100,26438000,4876949500,62143306700,3408.1502,3416.5929,3393.1643,3406.5735
130201000,3401.2321,1927600,18355200,4878877100,62161661900,3408.1502,3416.5929,3393.1643,3406.5735
130206000,3401.4706,1601500,16115100,4880478600,62177777000,3408.1502,3416.5929,3393.1643,3406.5735
130211000,3401.6335,1558000,23688400,4882036600,62201465400,3408.1502,3416.5929,3393.1643,3406.5735
130216000,3401.4266,1884100,21398100,4883920700,62222863500,3408.1502,3416.5929,3393.1643,3406.5735
130221000,3401.695,1299700,16444000,4885220400,62239307500,3408.1502,3416.5929,3393.1643,3406.5735
130226000,3401.6621,1344100,20093700,4886564500,62259401200,3408.1502,3416.5929,3393.1643,3406.5735
130231000,3401.355,1994500,21978200,4888559000,62281379400,3408.1502,3416.5929,3393.1643,3406.5735
130236000,3401.5281,888600,13471500,4889447600,62294850900,3408.1502,3416.5929,3393.1643,3406.5735
130241000,3401.4734,1438600,19994900,4890886200,62314845800,3408.1502,3416.5929,3393.1643,3406.5735
130246000,3401.4283,1575400,14568700,4892461600,62329414500,3408.1502,3416.5929,3393.1643,3406.5735
130251000,3401.1771,992400,19667300,4893454000,62349081800,3408.1502,3416.5929,3393.1643,3406.5735
130256000,3401.5503,1290100,19085700,4894744100,62368167500,3408.1502,3416.5929,3393.1643,3406.5735
130301000,3401.7036,1080100,15298100,4895824200,62383465600,3408.1502,3416.5929,3393.1643,3406.5735
130306000,3401.6318,1098500,16763200,4896922700,62400228800,3408.1502,3416.5929,3393.1643,3406.5735
130311000,3401.5415,1880400,24025400,4898803100,62424254200,3408.1502,3416.5929,3393.1643,3406.5735
130316000,3401.4462,957400,12008700,4899760500,62436262900,3408.1502,3416.5929,3393.1643,3406.5735
130321000,3401.3252,1226400,15142700,4900986900,62451405600,3408.1502,3416.5929,3393.1643,3406.5735
130326000,3401.8597,1077500,16562500,4902064400,62467968100,3408.1502,3416.5929,3393.1643,3406.5735
130331000,3401.8741,897800,13010600,4902962200,62480978700,3408.1502,3416.5929,3393.1643,3406.5735
130336000,3401.6907,1102300,14297600,4904064500,62495276300,3408.1502,3416.5929,3393.1643,3406.5735
130341000,3401.6497,826700,12925300,4904891200,62508201600,3408.1502,3416.5929,3393.1643,3406.5735
130346000,3401.6557,1150300,15227500,4906041500,62523429100,3408.1502,3416.5929,3393.1643,3406.5735
130351000,3401.4475,643000,13845500,4906684500,62537274600,3408.1502,3416.5929,3393.1643,3406.5735
130357000,3401.3856,849800,14938800,4907534300,62552213400,3408.1502,3416.5929,3393.1643,3406.5735
130402000,3401.2683,1319300,21462600,4908853600,62573676000,3408.1502,3416.5929,3393.1643,3406.5735
130407000,3400.9835,1424500,25936600,4910278100,62599612600,3408.1502,3416.5929,3393.1643,3406.5735
130412000,3401.0876,831400,17534600,4911109500,62617147200,3408.1502,3416.5929,3393.1643,3406.5735
130417000,3401.0694,693500,13239000,4911803000,62630386200,3408.1502,3416.5929,3393.1643,3406.5735
130422000,3400.9339,1216000,14405500,4913019000,62644791700,3408.1502,3416.5929,3393.1643,3406.5735
130427000,3401.1942,693200,12104300,4913712200,62656896000,3408.1502,3416.5929,3393.1643,3406.5735
130432000,3400.9895,1283700,21298500,4914995900,62678194500,3408.1502,3416.5929,3393.1643,3406.5735
130437000,3400.9905,1022100,17351100,4916018000,62695545600,3408.1502,3416.5929,3393.1643,3406.5735
130442000,3401.2567,896400,12959100,4916914400,62708504700,3408.1502,3416.5929,3393.1643,3406.5735
130447000,3400.6257,1323600,19026800,4918238000,62727531500,3408.1502,3416.5929,3393.1643,3406.5735
130452000,3400.6762,971800,12788900,4919209800,62740320400,3408.1502,3416.5929,3393.1643,3406.5735
130457000,3400.7423,1036300,15679000,4920246100,62755999400,3408.1502,3416.5929,3393.1643,3406.5735
130502000,3400.8495,1221600,14971400,4921467700,62770970800,3408.1502,3416.5929,3393.1643,3406.5735
130507000,3400.6659,1474500,22181200,4922942200,62793152000,3408.1502,3416.5929,3393.1643,3406.5735
130512000,3400.5178,1159600,12807700,4924101800,62805959700,3408.1502,3416.5929,3393.1643,3406.5735
130517000,3400.3124,1413800,21806600,4925515600,62827766300,3408.1502,3416.5929,3393.1643,3406.5735
130522000,3400.1637,1537600,19890200,4927053200,62847656500,3408.1502,3416.5929,3393.1643,3406.5735
130527000,3400.327,956700,13835500,4928009900,62861492000,3408.1502,3416.5929,3393.1643,3406.5735
130532000,3400.4719,1180200,16311700,4929190100,62877803700,3408.1502,3416.5929,3393.1643,3406.5735
130537000,3400.3824,1479800,20904900,4930669900,62898708600,3408.1502,3416.5929,3393.1643,3406.5735
130542000,3400.1429,946900,10823000,4931616800,62909531600,3408.1502,3416.5929,3393.1643,3406.5735
130547000,3399.8682,905300,15532700,4932522100,62925064300,3408.1502,3416.5929,3393.1643,3406.5735
130552000,3400.0489,1172300,16616400,4933694400,62941680700,3408.1502,3416.5929,3393.1643,3406.5735
130557000,3399.9065,1062400,15122800,4934756800,62956803500,3408.1502,3416.5929,3393.1643,3406.5735
130602000,3399.7251,1178300,15868200,4935935100,62972671700,3408.1502,3416.5929,3393.1643,3406.5735
130607000,3399.8331,1689200,20644600,4937624300,62993316300,3408.1502,3416.5929,3393.1643,3406.5735
130612000,3399.1578,1412900,24020700,4939037200,63017337000,3408.1502,3416.5929,3393.1643,3406.5735
130617000,3399.2104,1420200,22702200,4940457400,63040039200,3408.1502,3416.5929,3393.1643,3406.5735
130622000,3399.2278,1225100,18085100,4941682500,63058124300,3408.1502,3416.5929,3393.1643,3406.5735
130627000,3399.2692,1097500,16947300,4942780000,63075071600,3408.1502,3416.5929,3393.1643,3406.5735
130632000,3399.2451,1099500,17145900,4943879500,63092217500,3408.1502,3416.5929,3393.1643,3406.5735
130636000,3399.2026,1163800,19686500,4945043300,63111904000,3408.1502,3416.5929,3393.1643,3406.5735
130642000,3399.3429,1379600,16350500,4946422900,63128254500,3408.1502,3416.5929,3393.1643,3406.5735
130647000,3399.2252,1401500,18582700,4947824400,63146837200,3408.1502,3416.5929,3393.1643,3406.5735
130652000,3399.142,1464100,17285300,4949288500,63164122500,3408.1502,3416.5929,3393.1643,3406.5735
130657000,3399.0635,1106800,13598200,4950395300,63177720700,3408.1502,3416.5929,3393.1643,3406.5735
130702000,3399.2758,1856800,20847600,4952252100,63198568300,3408.1502,3416.5929,3393.1643,3406.5735
130707000,3398.6693,1547000,22822000,4953799100,63221390300,3408.1502,3416.5929,3393.1643,3406.5735
130712000,3398.9575,943900,16104100,4954743000,63237494400,3408.1502,3416.5929,3393.1643,3406.5735
130717000,3398.6597,1354300,17951300,4956097300,63255445700,3408.1502,3416.5929,3393.1643,3406.5735
130722000,3398.8527,775200,13772000,4956872500,63269217700,3408.1502,3416.5929,3393.1643,3406.5735
130727000,3399.1326,1183600,13819300,4958056100,63283037000,3408.1502,3416.5929,3393.1643,3406.5735
130732000,3399.0734,955500,15543500,4959011600,63298580500,3408.1502,3416.5929,3393.1643,3406.5735
130737000,3398.8409,841400,13246800,4959853000,63311827300,3408.1502,3416.5929,3393.1643,3406.5735
130742000,3398.9681,902000,12781700,4960755000,63324609000,3408.1502,3416.5929,3393.1643,3406.5735
130747000,3399.272,1552800,17091800,4962307800,63341700800,3408.1502,3416.5929,3393.1643,3406.5735
130752000,3399.2662,1382900,17440600,4963690700,63359141400,3408.1502,3416.5929,3393.1643,3406.5735
130757000,3398.8672,1826500,17193600,4965517200,63376335000,3408.1502,3416.5929,3393.1643,3406.5735
130802000,3398.8484,1074300,15555500,4966591500,63391890500,3408.1502,3416.5929,3393.1643,3406.5735
130808000,3398.8876,2179400,32152000,4968770900,63424042500,3408.1502,3416.5929,3393.1643,3406.5735
130812000,3398.9397,1036300,14416600,4969807200,63438459100,3408.1502,3416.5929,3393.1643,3406.5735
130818000,3398.8184,1835200,35347700,4971642400,63473806800,3408.1502,3416.5929,3393.1643,3406.5735
130823000,3398.6032,1620200,19493700,4973262600,63493300500,3408.1502,3416.5929,3393.1643,3406.5735
130828000,3398.6707,1470200,18822000,4974732800,63512122500,3408.1502,3416.5929,3393.1643,3406.5735
130833000,3399.1489,1671800,20155300,4976404600,63532277800,3408.1502,3416.5929,3393.1643,3406.5735
130838000,3399.0836,2200300,31398000,4978604900,63563675800,3408.1502,3416.5929,3393.1643,3406.5735
130843000,3398.9287,1638600,20113800,4980243500,63583789600,3408.1502,3416.5929,3393.1643,3406.5735
130848000,3399.1396,7927700,44314600,4988171200,63628104200,3408.1502,3416.5929,3393.1643,3406.5735
130853000,3398.8264,2072300,20343300,4990243500,63648447500,3408.1502,3416.5929,3393.1643,3406.5735
130858000,3398.8678,2158100,26282600,4992401600,63674730100,3408.1502,3416.5929,3393.1643,3406.5735
130903000,3398.6107,1475700,16410500,4993877300,63691140600,3408.1502,3416.5929,3393.1643,3406.5735
130908000,3398.3288,1906900,23958400,4995784200,63715099000,3408.1502,3416.5929,3393.1643,3406.5735
130913000,3398.3164,1213100,14893300,4996997300,63729992300,3408.1502,3416.5929,3393.1643,3406.5735
130918000,3398.3529,909500,12732500,4997906800,63742724800,3408.1502,3416.5929,3393.1643,3406.5735
130923000,3398.31,1813000,21796900,4999719800,63764521700,3408.1502,3416.5929,3393.1643,3406.5735
130928000,3398.7518,1693500,19931100,5001413300,63784452800,3408.1502,3416.5929,3393.1643,3406.5735
130933000,3398.5353,1102600,14066400,5002515900,63798519200,3408.1502,3416.5929,3393.1643,3406.5735
130938000,3398.377,1226200,19394200,5003742100,63817913400,3408.1502,3416.5929,3393.1643,3406.5735
130943000,3398.1261,1404600,17220300,5005146700,63835133700,3408.1502,3416.5929,3393.1643,3406.5735
130948000,3398.5041,1283100,18527700,5006429800,63853661400,3408.1502,3416.5929,3393.1643,3406.5735
130953000,3398.3104,1693400,17226300,5008123200,63870887700,3408.1502,3416.5929,3393.1643,3406.5735
130958000,3398.4915,1450400,16482100,5009573600,63887369800,3408.1502,3416.5929,3393.1643,3406.5735
131003000,3398.3306,2220400,17874300,5011794000,63905244100,3408.1502,3416.5929,3393.1643,3406.5735
131008000,3398.3496,2693700,20192000,5014487700,63925436100,3408.1502,3416.5929,3393.1643,3406.5735
131013000,3398.4071,3234800,24697200,5017722500,63950133300,3408.1502,3416.5929,3393.1643,3406.5735
131018000,3398.406,1932100,14475100,5019654600,63964608400,3408.1502,3416.5929,3393.1643,3406.5735
131023000,3398.0171,1083700,17626400,5020738300,63982234800,3408.1502,3416.5929,3393.1643,3406.5735
131028000,3398.0453,1174700,19631800,5021913000,64001866600,3408.1502,3416.5929,3393.1643,3406.5735
131033000,3398.4095,1324200,19314300,5023237200,64021180900,3408.1502,3416.5929,3393.1643,3406.5735
131038000,3397.9984,1009600,17336600,5024246800,64038517500,3408.1502,3416.5929,3393.1643,3406.5735
131043000,3398.2569,1254200,18703500,5025501000,64057221000,3408.1502,3416.5929,3393.1643,3406.5735
131048000,3398.0882,865000,15180500,5026366000,64072401500,3408.1502,3416.5929,3393.1643,3406.5735
131053000,3397.8496,1807800,22178800,5028173800,64094580300,3408.1502,3416.5929,3393.1643,3406.5735
131058000,3397.8964,1760100,17533000,5029933900,64112113300,3408.1502,3416.5929,3393.1643,3406.5735
131103000,3398.2484,1133900,14587100,5031067800,64126700400,3408.1502,3416.5929,3393.1643,3406.5735
131108000,3398.2313,1137600,18149200,5032205400,64144849600,3408.1502,3416.5929,3393.1643,3406.5735
131113000,3398.0888,1544900,18404900,5033750300,64163254500,3408.1502,3416.5929,3393.1643,3406.5735
131118000,3398.0015,1226900,18474200,5034977200,64181728700,3408.1502,3416.5929,3393.1643,3406.5735
131123000,3397.9559,1492200,19116700,5036469400,64200845400,3408.1502,3416.5929,3393.1643,3406.5735
131128000,3397.9041,1116300,16681500,5037585700,64217526900,3408.1502,3416.5929,3393.1643,3406.5735
131133000,3397.6368,1238600,15345100,5038824300,64232872000,3408.1502,3416.5929,3393.1643,3406.5735
131138000,3397.5906,1189000,17226100,5040013300,64250098100,3408.1502,3416.5929,3393.1643,3406.5735
131143000,3397.7166,1525100,23160400,5041538400,64273258500,3408.1502,3416.5929,3393.1643,3406.5735
131148000,3397.6244,1405400,16220500,5042943800,64289479000,3408.1502,3416.5929,3393.1643,3406.5735
131153000,3397.2536,1052400,14954400,5043996200,64304433400,3408.1502,3416.5929,3393.1643,3406.5735
131158000,3397.2005,1417600,19128500,5045413800,64323561900,3408.1502,3416.5929,3393.1643,3406.5735
131203000,3397.348,1602700,16348700,5047016500,64339910600,3408.1502,3416.5929,3393.1643,3406.5735
131209000,3397.0009,1672600,21225800,5048689100,64361136400,3408.1502,3416.5929,3393.1643,3406.5735
131213000,3397.0653,857700,13361500,5049546800,64374497900,3408.1502,3416.5929,3393.1643,3406.5735
131218000,3396.8045,856500,14230300,5050403300,64388728200,3408.1502,3416.5929,3393.1643,3406.5735
131224000,3396.7623,2125800,27010400,5052529100,64415738600,3408.1502,3416.5929,3393.1643,3406.5735
131228000,3397.0756,1494900,17297300,5054024000,64433035900,3408.1502,3416.5929,3393.1643,3406.5735
131234000,3397.064,2492400,28804200,5056516400,64461840100,3408.1502,3416.5929,3393.1643,3406.5735
131239000,3396.8504,1221100,14784000,5057737500,64476624100,3408.1502,3416.5929,3393.1643,3406.5735
131244000,3396.7502,1620600,27210400,5059358100,64503834500,3408.1502,3416.5929,3393.1643,3406.5735
131249000,3396.6461,1352700,15618700,5060710800,64519453200,3408.1502,3416.5929,3393.1643,3406.5735
131254000,3396.7994,986600,12559800,5061697400,64532013000,3408.1502,3416.5929,3393.1643,3406.5735
131259000,3396.7026,1520700,20814200,5063218100,64552827200,3408.1502,3416.5929,3393.1643,3406.5735
131304000,3396.9101,2512900,30512800,5065731000,64583340000,3408.1502,3416.5929,3393.1643,3406.5735
131309000,3396.2759,1049600,14569300,5066780600,64597909300,3408.1502,3416.5929,3393.1643,3406.5735
131314000,3396.6926,1813800,19084700,5068594400,64616994000,3408.1502,3416.5929,3393.1643,3406.5735
131319000,3396.6779,905900,15694700,5069500300,64632688700,3408.1502,3416.5929,3393.1643,3406.5735
131324000,3396.7399,1826600,24164000,5071326900,64656852700,3408.1502,3416.5929,3393.1643,3406.5735
131329000,3396.5134,1441900,22516400,5072768800,64679369100,3408.1502,3416.5929,3393.1643,3406.5735
131334000,3397.1233,1535300,22478200,5074304100,64701847300,3408.1502,3416.5929,3393.1643,3406.5735
131339000,3396.9826,1901200,19569000,5076205300,64721416300,3408.1502,3416.5929,3393.1643,3406.5735
131344000,3397.1961,1791800,21260500,5077997100,64742676800,3408.1502,3416.5929,3393.1643,3406.5735
131349000,3397.1798,2160500,24565600,5080157600,64767242400,3408.1502,3416.5929,3393.1643,3406.5735
131354000,3397.4369,2019900,26546900,5082177500,64793789300,3408.1502,3416.5929,3393.1643,3406.5735
131359000,3397.4689,1566400,19193700,5083743900,64812983000,3408.1502,3416.5929,3393.1643,3406.5735
131404000,3397.85,1278200,19453800,5085022100,64832436800,3408.1502,3416.5929,3393.1643,3406.5735
131409000,3397.3519,1230000,18465700,5086252100,64850902500,3408.1502,3416.5929,3393.1643,3406.5735
131414000,3397.6887,2054400,21800700,5088306500,64872703200,3408.1502,3416.5929,3393.1643,3406.5735
131419000,3397.7895,1195800,16672400,5089502300,64889375600,3408.1502,3416.5929,3393.1643,3406.5735
131424000,3397.7539,758800,12217100,5090261100,64901592700,3408.1502,3416.5929,3393.1643,3406.5735
131429000,3397.6894,2028700,22213900,5092289800,64923806600,3408.1502,3416.5929,3393.1643,3406.5735
131434000,3397.7653,1516500,18232700,5093806300,64942039300,3408.1502,3416.5929,3393.1643,3406.5735
131439000,3397.4126,1438200,20943600,5095244500,64962982900,3408.1502,3416.5929,3393.1643,3406.5735
131444000,3397.937,1781100,18083600,5097025600,64981066500,3408.1502,3416.5929,3393.1643,3406.5735
131449000,3397.8738,1191500,15009000,5098217100,64996075500,3408.1502,3416.5929,3393.1643,3406.5735
131454000,3397.823,1466800,19549200,5099683900,65015624700,3408.1502,3416.5929,3393.1643,3406.5735
131459000,3397.7546,1591100,20360900,5101275000,65035985600,3408.1502,3416.5929,3393.1643,3406.5735
131504000,3397.9915,1651300,22266300,5102926300,65058251900,3408.1502,3416.5929,3393.1643,3406.5735
131509000,3398.0338,2087100,22229700,5105013400,65080481600,3408.1502,3416.5929,3393.1643,3406.5735
131514000,3398.1699,1333000,18171500,5106346400,65098653100,3408.1502,3416.5929,3393.1643,3406.5735
131519000,3397.9077,1567400,17402500,5107913800,65116055600,3408.1502,3416.5929,3393.1643,3406.5735
131524000,3398.1256,944400,13692100,5108858200,65129747700,3408.1502,3416.5929,3393.1643,3406.5735
131529000,3398.3057,1022400,15038300,5109880600,65144786000,3408.1502,3416.5929,3393.1643,3406.5735
131534000,3398.2268,1078800,15884400,5110959400,65160670400,3408.1502,3416.5929,3393.1643,3406.5735
131539000,3398.3142,1267500,16416100,5112226900,65177086500,3408.1502,3416.5929,3393.1643,3406.5735
131544000,3398.1383,1454300,19641600,5113681200,65196728100,3408.1502,3416.5929,3393.1643,3406.5735
131549000,3398.3155,1198400,17507500,5114879600,65214235600,3408.1502,3416.5929,3393.1643,3406.5735
131554000,3398.3028,949500,15986700,5115829100,65230222300,3408.1502,3416.5929,3393.1643,3406.5735
131559000,3398.5734,1643700,17800700,5117472800,65248023000,3408.1502,3416.5929,3393.1643,3406.5735
131604000,3398.3795,1569600,22021800,5119042400,65270044800,3408.1502,3416.5929,3393.1643,3406.5735
131609000,3398.3488,1004100,13966200,5120046500,65284011000,3408.1502,3416.5929,3393.1643,3406.5735
131614000,3398.4663,1252100,15698400,5121298600,65299709400,3408.1502,3416.5929,3393.1643,3406.5735
131620000,3398.5345,1736500,24691900,5123035100,65324401300,3408.1502,3416.5929,3393.1643,3406.5735
131625000,3398.4883,1269300,14422300,5124304400,65338823600,3408.1502,3416.5929,3393.1643,3406.5735
131630000,3398.2105,1020800,12405500,5125325200,65351229100,3408.1502,3416.5929,3393.1643,3406.5735
131635000,3398.0067,1272900,17589400,5126598100,65368818500,3408.1502,3416.5929,3393.1643,3406.5735
131640000,3398.1477,1487400,18218000,5128085500,65387036500,3408.1502,3416.5929,3393.1643,3406.5735
131645000,3398.3471,1399700,16862400,5129485200,65403898900,3408.1502,3416.5929,3393.1643,3406.5735
131650000,3398.4642,1960300,25510800,5131445500,65429409700,3408.1502,3416.5929,3393.1643,3406.5735
131655000,3397.7533,2771600,31178500,5134217100,65460588200,3408.1502,3416.5929,3393.1643,3406.5735
131700000,3397.9419,1942100,23811400,5136159200,65484399600,3408.1502,3416.5929,3393.1643,3406.5735
131705000,3398.1716,1425300,21259900,5137584500,65505659500,3408.1502,3416.5929,3393.1643,3406.5735
131710000,3397.5743,1890900,24542900,5139475400,65530202400,3408.1502,3416.5929,3393.1643,3406.5735
131715000,3397.7606,1357000,18866900,5140832400,65549069300,3408.1502,3416.5929,3393.1643,3406.5735
131720000,3397.9492,1313300,18552200,5142145700,65567621500,3408.1502,3416.5929,3393.1643,3406.5735
131725000,3397.8171,1375500,21560700,5143521200,65589182200,3408.1502,3416.5929,3393.1643,3406.5735
131730000,3398.1069,1472300,16591100,5144993500,65605773300,3408.1502,3416.5929,3393.1643,3406.5735
131735000,3397.7171,1410400,17765100,5146403900,65623538400,3408.1502,3416.5929,3393.1643,3406.5735
131740000,3397.4673,1132800,15674300,5147536700,65639212700,3408.1502,3416.5929,3393.1643,3406.5735
131745000,3397.613,1703300,23358300,5149240000,65662571000,3408.1502,3416.5929,3393.1643,3406.5735
131750000,3397.3536,1481600,22364600,5150721600,65684935600,3408.1502,3416.5929,3393.1643,3406.5735
131755000,3396.8251,1523900,19096100,5152245500,65704031700,3408.1502,3416.5929,3393.1643,3406.5735
131800000,3396.8148,984200,12619600,5153229700,65716651300,3408.1502,3416.5929,3393.1643,3406.5735
131805000,3397.7431,1522400,19417400,5154752100,65736068700,3408.1502,3416.5929,3393.1643,3406.5735
131810000,3397.3164,1294000,16004300,5156046100,65752073000,3408.1502,3416.5929,3393.1643,3406.5735
131815000,3397.3218,1173800,15662700,5157219900,65767735700,3408.1502,3416.5929,3393.1643,3406.5735
131820000,3397.5024,1247200,16063100,5158467100,65783798800,3408.1502,3416.5929,3393.1643,3406.5735
131825000,3397.1521,1154300,16582900,5159621400,65800381700,3408.1502,3416.5929,3393.1643,3406.5735
131830000,3397.3302,997100,16051400,5160618500,65816433100,3408.1502,3416.5929,3393.1643,3406.5735
131835000,3397.1978,1344700,15932700,5161963200,65832365800,3408.1502,3416.5929,3393.1643,3406.5735
131840000,3397.0604,1313700,17627600,5163276900,65849993400,3408.1502,3416.5929,3393.1643,3406.5735
131845000,3397.4001,1302800,14631200,5164579700,65864624600,3408.1502,3416.5929,3393.1643,3406.5735
131850000,3397.4484,1226700,14552300,5165806400,65879176900,3408.1502,3416.5929,3393.1643,3406.5735
131855000,3397.3507,1026800,12743500,5166833200,65891920400,3408.1502,3416.5929,3393.1643,3406.5735
131900000,3397.4937,1572600,16393800,5168405800,65908314200,3408.1502,3416.5929,3393.1643,3406.5735
131905000,3397.3075,1368100,17032800,5169773900,65925347000,3408.1502,3416.5929,3393.1643,3406.5735
131910000,3397.1636,1526200,18523000,5171300100,65943870000,3408.1502,3416.5929,3393.1643,3406.5735
131915000,3397.6242,1024700,11748600,5172324800,65955618600,3408.1502,3416.5929,3393.1643,3406.5735
131920000,3397.6798,1199200,16842000,5173524000,65972460600,3408.1502,3416.5929,3393.1643,3406.5735
131925000,3397.1321,1687000,26336000,5175211000,65998796600,3408.1502,3416.5929,3393.1643,3406.5735
131930000,3397.3516,1008500,11139200,5176219500,66009935800,3408.1502,3416.5929,3393.1643,3406.5735
131935000,3396.9596,1015100,12918400,5177234600,66022854200,3408.1502,3416.5929,3393.1643,3406.5735
131940000,3396.9638,1420800,18508900,5178655400,66041363100,3408.1502,3416.5929,3393.1643,3406.5735
131945000,3397.1381,1525400,21640500,5180180800,66063003600,3408.1502,3416.5929,3393.1643,3406.5735
131950000,3397.1633,1726800,24411500,5181907600,66087415100,3408.1502,3416.5929,3393.1643,3406.5735
131955000,3397.6437,1387800,17606500,5183295400,66105021600,3408.1502,3416.5929,3393.1643,3406.5735
132000000,3397.7068,1411200,21242500,5184706600,66126264100,3408.1502,3416.5929,3393.1643,3406.5735
132005000,3397.822,1656900,23082500,5186363500,66149346600,3408.1502,3416.5929,3393.1643,3406.5735
132010000,3397.5301,1173600,15640000,5187537100,66164986600,3408.1502,3416.5929,3393.1643,3406.5735
132015000,3397.8361,2353300,28114600,5189890400,66193101200,3408.1502,3416.5929,3393.1643,3406.5735
132020000,3397.8123,1245900,17692300,5191136300,66210793500,3408.1502,3416.5929,3393.1643,3406.5735
132025000,3397.6651,1280300,13749300,5192416600,66224542800,3408.1502,3416.5929,3393.1643,3406.5735
132030000,3397.8506,1536100,18006300,5193952700,66242549100,3408.1502,3416.5929,3393.1643,3406.5735
132035000,3397.6105,1838600,19427400,5195791300,66261976500,3408.1502,3416.5929,3393.1643,3406.5735
132041000,3397.6701,973900,18205800,5196765200,66280182300,3408.1502,3416.5929,3393.1643,3406.5735
132046000,3397.7427,989700,12710400,5197754900,66292892700,3408.1502,3416.5929,3393.1643,3406.5735
132051000,3397.6457,1427000,19701000,5199181900,66312593700,3408.1502,3416.5929,3393.1643,3406.5735
132056000,3397.5595,1601500,20609200,5200783400,66333202900,3408.1502,3416.5929,3393.1643,3406.5735
132101000,3397.859,1317000,18981700,5202100400,66352184600,3408.1502,3416.5929,3393.1643,3406.5735
132106000,3397.8151,1121200,12731200,5203221600,66364915800,3408.1502,3416.5929,3393.1643,3406.5735
132111000,3397.9578,966600,15120100,5204188200,66380035900,3408.1502,3416.5929,3393.1643,3406.5735
132116000,3398.1581,1271800,15117000,5205460000,66395152900,3408.1502,3416.5929,3393.1643,3406.5735
132121000,3397.666,1826700,18983700,5207286700,66414136600,3408.1502,3416.5929,3393.1643,3406.5735
132126000,3397.6291,1114200,16281200,5208400900,66430417800,3408.1502,3416.5929,3393.1643,3406.5735
132131000,3397.7624,2162700,21711800,5210563600,66452129600,3408.1502,3416.5929,3393.1643,3406.5735
132136000,3397.7926,1368800,15986500,5211932400,66468116100,3408.1502,3416.5929,3393.1643,3406.5735
132141000,3397.5263,1390300,21886100,5213322700,66490002200,3408.1502,3416.5929,3393.1643,3406.5735
132146000,3397.6724,1157100,15217200,5214479800,66505219400,3408.1502,3416.5929,3393.1643,3406.5735
132151000,3397.2952,1226600,16510200,5215706400,66521729600,3408.1502,3416.5929,3393.1643,3406.5735
132156000,3397.4832,1360200,17595800,5217066600,66539325400,3408.1502,3416.5929,3393.1643,3406.5735
132201000,3397.6879,1319100,17151100,5218385700,66556476500,3408.1502,3416.5929,3393.1643,3406.5735
132206000,3397.7042,2267800,21551700,5220653500,66578028200,3408.1502,3416.5929,3393.1643,3406.5735
132211000,3397.6446,1090100,16795600,5221743600,66594823800,3408.1502,3416.5929,3393.1643,3406.5735
132216000,3397.6949,1102200,13854000,5222845800,66608677800,3408.1502,3416.5929,3393.1643,3406.5735
132221000,3398.0138,723700,10750000,5223569500,66619427800,3408.1502,3416.5929,3393.1643,3406.5735
132226000,3397.4373,902700,14556700,5224472200,66633984500,3408.1502,3416.5929,3393.1643,3406.5735
132231000,3398.0113,1539200,21615800,5226011400,66655600300,3408.1502,3416.5929,3393.1643,3406.5735
132236000,3397.5729,1030100,14252700,5227041500,66669853000,3408.1502,3416.5929,3393.1643,3406.5735
132241000,3397.9162,1461200,19832800,5228502700,66689685800,3408.1502,3416.5929,3393.1643,3406.5735
132246000,3397.97,1942300,23777700,5230445000,66713463500,3408.1502,3416.5929,3393.1643,3406.5735
132251000,3398.4554,1579100,21159200,5232024100,66734622700,3408.1502,3416.5929,3393.1643,3406.5735
132256000,3398.624,1307000,28324500,5233331100,66762947200,3408.1502,3416.5929,3393.1643,3406.5735
132301000,3398.6181,1991800,26326900,5235322900,66789274100,3408.1502,3416.5929,3393.1643,3406.5735
132306000,3398.8414,1379300,16812800,5236702200,66806086900,3408.1502,3416.5929,3393.1643,3406.5735
132311000,3398.977,1389300,18638300,5238091500,66824725200,3408.1502,3416.5929,3393.1643,3406.5735
132316000,3398.9902,1594100,24290600,5239685600,66849015800,3408.1502,3416.5929,3393.1643,3406.5735
132321000,3399.2265,1391300,19554300,5241076900,66868570100,3408.1502,3416.5929,3393.1643,3406.5735
132326000,3398.7901,1158400,17434100,5242235300,66886004200,3408.1502,3416.5929,3393.1643,3406.5735
132331000,3398.92,1221700,19515400,5243457000,66905519600,3408.1502,3416.5929,3393.1643,3406.5735
132336000,3399.0733,1379300,18080900,5244836300,66923600500,3408.1502,3416.5929,3393.1643,3406.5735
132341000,3399.1896,1182600,16014100,5246018900,66939614600,3408.1502,3416.5929,3393.1643,3406.5735
132346000,3399.402,1733600,20522800,5247752500,66960137400,3408.1502,3416.5929,3393.1643,3406.5735
132351000,3399.3553,819100,12070800,5248571600,66972208200,3408.1502,3416.5929,3393.1643,3406.5735
132356000,3399.682,1201700,20825700,5249773300,66993033900,3408.1502,3416.5929,3393.1643,3406.5735
132401000,3399.4941,1921100,23876200,5251694400,67016910100,3408.1502,3416.5929,3393.1643,3406.5735
132406000,3399.4425,2188900,25129100,5253883300,67042039200,3408.1502,3416.5929,3393.1643,3406.5735
132411000,3399.4527,1404200,21709700,5255287500,67063748900,3408.1502,3416.5929,3393.1643,3406.5735
132416000,3399.2913,1506800,21335400,5256794300,67085084300,3408.1502,3416.5929,3393.1643,3406.5735
132421000,3399.7009,1086600,13503200,5257880900,67098587500,3408.1502,3416.5929,3393.1643,3406.5735
132426000,3399.5848,1314900,20370500,5259195800,67118958000,3408.1502,3416.5929,3393.1643,3406.5735
132431000,3399.4134,1244800,22533500,5260440600,67141491500,3408.1502,3416.5929,3393.1643,3406.5735
132436000,3399.4907,1115600,17603000,5261556200,67159094500,3408.1502,3416.5929,3393.1643,3406.5735
132442000,3399.2696,1596000,21437800,5263152200,67180532300,3408.1502,3416.5929,3393.1643,3406.5735
132446000,3399.7301,1117000,19901100,5264269200,67200433400,3408.1502,3416.5929,3393.1643,3406.5735
132452000,3399.934,1719800,26827800,5265989000,67227261200,3408.1502,3416.5929,3393.1643,3406.5735
132457000,3399.4925,1143200,14279200,5267132200,67241540400,3408.1502,3416.5929,3393.1643,3406.5735
132502000,3399.1646,1124400,16026200,5268256600,67257566600,3408.1502,3416.5929,3393.1643,3406.5735
132507000,3399.4279,1748900,24456400,5270005500,67282023000,3408.1502,3416.5929,3393.1643,3406.5735
132512000,3399.4628,1887800,23445200,5271893300,67305468200,3408.1502,3416.5929,3393.1643,3406.5735
132517000,3399.5901,1930300,28599100,5273823600,67334067300,3408.1502,3416.5929,3393.1643,3406.5735
132522000,3399.7574,1197000,15425200,5275020600,67349492500,3408.1502,3416.5929,3393.1643,3406.5735
132527000,3400.0846,982200,16961900,5276002800,67366454400,3408.1502,3416.5929,3393.1643,3406.5735
132532000,3399.8348,1255000,15802000,5277257800,67382256400,3408.1502,3416.5929,3393.1643,3406.5735
132537000,3399.9125,1397200,24804100,5278655000,67407060500,3408.1502,3416.5929,3393.1643,3406.5735
132542000,3399.6932,1283600,21384700,5279938600,67428445200,3408.1502,3416.5929,3393.1643,3406.5735
132547000,3399.8026,1248300,17352100,5281186900,67445797300,3408.1502,3416.5929,3393.1643,3406.5735
132552000,3399.4146,1232600,23609300,5282419500,67469406600,3408.1502,3416.5929,3393.1643,3406.5735
132557000,3399.9018,1080600,14273400,5283500100,67483680000,3408.1502,3416.5929,3393.1643,3406.5735
132602000,3399.8187,1344500,19691900,5284844600,67503371900,3408.1502,3416.5929,3393.1643,3406.5735
132607000,3399.9919,1463500,25156700,5286308100,67528528600,3408.1502,3416.5929,3393.1643,3406.5735
132612000,3399.9888,1065300,14678400,5287373400,67543207000,3408.1502,3416.5929,3393.1643,3406.5735
132617000,3399.9865,1253200,16186800,5288626600,67559393800,3408.1502,3416.5929,3393.1643,3406.5735
132622000,3400.4172,1182000,17977900,5289808600,67577371700,3408.1502,3416.5929,3393.1643,3406.5735
132627000,3399.978,1049600,15478100,5290858200,67592849800,3408.1502,3416.5929,3393.1643,3406.5735
132632000,3400.4088,1436000,26297400,5292294200,67619147200,3408.1502,3416.5929,3393.1643,3406.5735
132637000,3399.9783,1582100,20603300,5293876300,67639750500,3408.1502,3416.5929,3393.1643,3406.5735
132642000,3399.8457,1391400,24074900,5295267700,67663825400,3408.1502,3416.5929,3393.1643,3406.5735
132647000,3399.8831,1959900,22237000,5297227600,67686062400,3408.1502,3416.5929,3393.1643,3406.5735
132652000,3399.3792,2913100,33406800,5300140700,67719469200,3408.1502,3416.5929,3393.1643,3406.5735
132657000,3399.3827,2178600,21325000,5302319300,67740794200,3408.1502,3416.5929,3393.1643,3406.5735
132702000,3399.4737,2081500,25753000,5304400800,67766547200,3408.1502,3416.5929,3393.1643,3406.5735
132707000,3399.0157,1946200,28243700,5306347000,67794790900,3408.1502,3416.5929,3393.1643,3406.5735
132712000,3398.8811,1188200,18981500,5307535200,67813772400,3408.1502,3416.5929,3393.1643,3406.5735
132717000,3399.1919,984600,16697900,5308519800,67830470300,3408.1502,3416.5929,3393.1643,3406.5735
132722000,3399.3206,1778200,22632100,5310298000,67853102400,3408.1502,3416.5929,3393.1643,3406.5735
132727000,3399.4898,1520200,17903200,5311818200,67871005600,3408.1502,3416.5929,3393.1643,3406.5735
132732000,3399.2095,2401200,28509200,5314219400,67899514800,3408.1502,3416.5929,3393.1643,3406.5735
132737000,3398.827,2189000,25950800,5316408400,67925465600,3408.1502,3416.5929,3393.1643,3406.5735
132742000,3399.3744,1490000,15384700,5317898400,67940850300,3408.1502,3416.5929,3393.1643,3406.5735
132747000,3399.2241,1834600,18915100,5319733000,67959765400,3408.1502,3416.5929,3393.1643,3406.5735
132752000,3399.4831,1502400,17822000,5321235400,67977587400,3408.1502,3416.5929,3393.1643,3406.5735
132757000,3399.2366,1727400,20584500,5322962800,67998171900,3408.1502,3416.5929,3393.1643,3406.5735
132802000,3398.9136,2363600,24804200,5325326400,68022976100,3408.1502,3416.5929,3393.1643,3406.5735
132807000,3398.8601,2192700,22222500,5327519100,68045198600,3408.1502,3416.5929,3393.1643,3406.5735
132812000,3398.7958,1871400,22344900,5329390500,68067543500,3408.1502,3416.5929,3393.1643,3406.5735
132817000,3398.594,1349800,22930600,5330740300,68090474100,3408.1502,3416.5929,3393.1643,3406.5735
132822000,3398.7296,1270600,17611300,5332010900,68108085400,3408.1502,3416.5929,3393.1643,3406.5735
132827000,3398.9419,1660500,19655900,5333671400,68127741300,3408.1502,3416.5929,3393.1643,3406.5735
132832000,3398.7866,1246100,15671600,5334917500,68143412900,3408.1502,3416.5929,3393.1643,3406.5735
132837000,3399.0809,1813700,24373700,5336731200,68167786600,3408.1502,3416.5929,3393.1643,3406.5735
132842000,3399.0872,1320800,15802300,5338052000,68183588900,3408.1502,3416.5929,3393.1643,3406.5735
132847000,3398.8939,2060600,22965700,5340112600,68206554600,3408.1502,3416.5929,3393.1643,3406.5735
132853000,3398.6934,1967500,19435500,5342080100,68225990100,3408.1502,3416.5929,3393.1643,3406.5735
132858000,3398.7805,2495600,21415200,5344575700,68247405300,3408.1502,3416.5929,3393.1643,3406.5735
132902000,3398.8653,953100,11608700,5345528800,68259014000,3408.1502,3416.5929,3393.1643,3406.5735
132908000,3398.8833,2340000,25535500,5347868800,68284549500,3408.1502,3416.5929,3393.1643,3406.5735
132913000,3398.4842,1523300,20847700,5349392100,68305397200,3408.1502,3416.5929,3393.1643,3406.5735
132918000,3398.9123,1036100,15147500,5350428200,68320544700,3408.1502,3416.5929,3393.1643,3406.5735
132923000,3398.698,1204500,15248800,5351632700,68335793500,3408.1502,3416.5929,3393.1643,3406.5735
132928000,3398.704,1959700,19717500,5353592400,68355511000,3408.1502,3416.5929,3393.1643,3406.5735
132933000,3398.4726,1014700,14177200,5354607100,68369688200,3408.1502,3416.5929,3393.1643,3406.5735
132938000,3398.2889,2152300,31605400,5356759400,68401293600,3408.1502,3416.5929,3393.1643,3406.5735
132943000,3398.9346,1127400,19133300,5357886800,68420426900,3408.1502,3416.5929,3393.1643,3406.5735
132948000,3398.3392,2054700,24187800,5359941500,68444614700,3408.1502,3416.5929,3393.1643,3406.5735
132953000,3398.581,1130500,20202100,5361072000,68464816800,3408.1502,3416.5929,3393.1643,3406.5735
132958000,3398.3548,1897700,24763600,5362969700,68489580400,3408.1502,3416.5929,3393.1643,3406.5735
133003000,3398.8566,1076500,14125500,5364046200,68503705900,3408.1502,3416.5929,3393.1643,3406.5735
133008000,3398.9215,1390900,18883700,5365437100,68522589600,3408.1502,3416.5929,3393.1643,3406.5735
133013000,3398.4359,1472100,20577500,5366909200,68543167100,3408.1502,3416.5929,3393.1643,3406.5735
133018000,3398.2582,1049900,13778300,5367959100,68556945400,3408.1502,3416.5929,3393.1643,3406.5735
133023000,3398.3617,2115600,21314000,5370074700,68578259400,3408.1502,3416.5929,3393.1643,3406.5735
133028000,3398.4114,1662000,23575100,5371736700,68601834500,3408.1502,3416.5929,3393.1643,3406.5735
133033000,3398.4401,1965300,23788500,5373702000,68625623000,3408.1502,3416.5929,3393.1643,3406.5735
133038000,3398.2627,1261700,18082200,5374963700,68643705200,3408.1502,3416.5929,3393.1643,3406.5735
133043000,3398.3395,1396700,17830300,5376360400,68661535500,3408.1502,3416.5929,3393.1643,3406.5735
133048000,3398.5501,1229200,14726200,5377589600,68676261700,3408.1502,3416.5929,3393.1643,3406.5735
133053000,3398.425,1128500,18362700,5378718100,68694624400,3408.1502,3416.5929,3393.1643,3406.5735
133058000,3398.4895,1533200,20031700,5380251300,68714656100,3408.1502,3416.5929,3393.1643,3406.5735
133103000,3398.4133,1696900,19262500,5381948200,68733918600,3408.1502,3416.5929,3393.1643,3406.5735
133108000,3398.8445,1303400,25990000,5383251600,68759908600,3408.1502,3416.5929,3393.1643,3406.5735
133113000,3398.6823,1007100,18826200,5384258700,68778734800,3408.1502,3416.5929,3393.1643,3406.5735
133118000,3397.9951,1237900,18757500,5385496600,68797492300,3408.1502,3416.5929,3393.1643,3406.5735
133123000,3398.5209,1245300,18694200,5386741900,68816186500,3408.1502,3416.5929,3393.1643,3406.5735
133128000,3398.6948,2347700,27427300,5389089600,68843613800,3408.1502,3416.5929,3393.1643,3406.5735
133133000,3398.5996,1392700,20166600,5390482300,68863780400,3408.1502,3416.5929,3393.1643,3406.5735
133138000,3398.3825,1174100,21062300,5391656400,68884842700,3408.1502,3416.5929,3393.1643,3406.5735
133143000,3398.9252,1937700,27164100,5393594100,68912006800,3408.1502,3416.5929,3393.1643,3406.5735
133148000,3399.1006,975400,13509100,5394569500,68925515900,3408.1502,3416.5929,3393.1643,3406.5735
133153000,3398.9577,1184600,18933800,5395754100,68944449700,3408.1502,3416.5929,3393.1643,3406.5735
133158000,3399.4571,1296200,19175300,5397050300,68963625000,3408.1502,3416.5929,3393.1643,3406.5735
133203000,3398.9938,1266700,17021600,5398317000,68980646600,3408.1502,3416.5929,3393.1643,3406.5735
133208000,3398.9762,1273000,25358500,5399590000,69006005100,3408.1502,3416.5929,3393.1643,3406.5735
133213000,3399.1336,1864400,26382300,5401454400,69032387400,3408.1502,3416.5929,3393.1643,3406.5735
133218000,3399.1571,1210900,15268700,5402665300,69047656100,3408.1502,3416.5929,3393.1643,3406.5735
133223000,3399.5451,993700,16404700,5403659000,69064060800,3408.1502,3416.5929,3393.1643,3406.5735
133228000,3398.9751,1912300,22976800,5405571300,69087037600,3408.1502,3416.5929,3393.1643,3406.5735
133233000,3398.8218,995800,15850600,5406567100,69102888200,3408.1502,3416.5929,3393.1643,3406.5735
133238000,3398.7651,937600,16461800,5407504700,69119350000,3408.1502,3416.5929,3393.1643,3406.5735
133243000,3398.9117,1366800,18849800,5408871500,69138199800,3408.1502,3416.5929,3393.1643,3406.5735
133248000,3398.8971,967500,17084900,5409839000,69155284700,3408.1502,3416.5929,3393.1643,3406.5735
133254000,3398.7925,1837500,33965700,5411676500,69189250400,3408.1502,3416.5929,3393.1643,3406.5735
133258000,3399.1047,1352300,30474100,5413028800,69219724500,3408.1502,3416.5929,3393.1643,3406.5735
133303000,3399.0722,1966800,24046000,5414995600,69243770500,3408.1502,3416.5929,3393.1643,3406.5735
133309000,3399.3997,1630100,20628800,5416625700,69264399300,3408.1502,3416.5929,3393.1643,3406.5735
133313000,3399.2584,2143900,26421800,5418769600,69290821100,3408.1502,3416.5929,3393.1643,3406.5735
133319000,3399.7283,1544900,22657700,5420314500,69313478800,3408.1502,3416.5929,3393.1643,3406.5735
133324000,3399.949,832300,14121800,5421146800,69327600600,3408.1502,3416.5929,3393.1643,3406.5735
133329000,3399.7357,1413800,24928500,5422560600,69352529100,3408.1502,3416.5929,3393.1643,3406.5735
133334000,3399.2911,1680300,23477000,5424240900,69376006100,3408.1502,3416.5929,3393.1643,3406.5735
133339000,3399.4358,1068500,18023000,5425309400,69394029100,3408.1502,3416.5929,3393.1643,3406.5735
133344000,3399.522,1691300,25925600,5427000700,69419954700,3408.1502,3416.5929,3393.1643,3406.5735
133349000,3399.1837,1754700,22849200,5428755400,69442803900,3408.1502,3416.5929,3393.1643,3406.5735
133354000,3399.5066,1510100,15482800,5430265500,69458286700,3408.1502,3416.5929,3393.1643,3406.5735
133359000,3399.87,1283100,20690200,5431548600,69478976900,3408.1502,3416.5929,3393.1643,3406.5735
133404000,3399.7385,1195500,17714700,5432744100,69496691600,3408.1502,3416.5929,3393.1643,3406.5735
133409000,3399.9633,4709700,30492600,5437453800,69527184200,3408.1502,3416.5929,3393.1643,3406.5735
133414000,3399.9574,2066500,33622400,5439520300,69560806600,3408.1502,3416.5929,3393.1643,3406.5735
133419000,3399.691,1636400,28902800,5441156700,69589709400,3408.1502,3416.5929,3393.1643,3406.5735
133424000,3399.9537,1010500,16901400,5442167200,69606610800,3408.1502,3416.5929,3393.1643,3406.5735
133429000,3399.6663,1823700,31608600,5443990900,69638219400,3408.1502,3416.5929,3393.1643,3406.5735
133434000,3399.5263,3334800,25239000,5447325700,69663458400,3408.1502,3416.5929,3393.1643,3406.5735
133439000,3399.8717,1325600,13987300,5448651300,69677445700,3408.1502,3416.5929,3393.1643,3406.5735
133444000,3400.0486,2683100,29864400,5451334400,69707310100,3408.1502,3416.5929,3393.1643,3406.5735
133449000,3399.601,1298300,16168100,5452632700,69723478200,3408.1502,3416.5929,3393.1643,3406.5735
133454000,3399.6778,2542500,21228000,5455175200,69744706200,3408.1502,3416.5929,3393.1643,3406.5735
133459000,3399.8363,1257900,18947600,5456433100,69763653800,3408.1502,3416.5929,3393.1643,3406.5735
133504000,3399.9238,2005200,28187400,5458438300,69791841200,3408.1502,3416.5929,3393.1643,3406.5735
133509000,3399.6395,1149800,18460500,5459588100,69810301700,3408.1502,3416.5929,3393.1643,3406.5735
133514000,3400.0688,1913400,32390900,5461501500,69842692600,3408.1502,3416.5929,3393.1643,3406.5735
133519000,3400.0479,2044100,22861100,5463545600,69865553700,3408.1502,3416.5929,3393.1643,3406.5735
133524000,3400.2997,1325800,13601800,5464871400,69879155500,3408.1502,3416.5929,3393.1643,3406.5735
133529000,3399.8263,1568300,20264700,5466439700,69899420200,3408.1502,3416.5929,3393.1643,3406.5735
133534000,3399.4413,1571600,22009500,5468011300,69921429700,3408.1502,3416.5929,3393.1643,3406.5735
133539000,3399.8571,875600,13834000,5468886900,69935263700,3408.1502,3416.5929,3393.1643,3406.5735
133544000,3400.1667,776000,14065600,5469662900,69949329300,3408.1502,3416.5929,3393.1643,3406.5735
133549000,3399.8196,1116300,15669400,5470779200,69964998700,3408.1502,3416.5929,3393.1643,3406.5735
133554000,3399.8662,730200,9750200,5471509400,69974748900,3408.1502,3416.5929,3393.1643,3406.5735
133559000,3399.7906,1023800,15046700,5472533200,69989795600,3408.1502,3416.5929,3393.1643,3406.5735
133604000,3400.7829,2029300,23870800,5474562500,70013666400,3408.1502,3416.5929,3393.1643,3406.5735
133609000,3399.7812,1522900,17668800,5476085400,70031335200,3408.1502,3416.5929,3393.1643,3406.5735
133614000,3400.0989,1326400,22369300,5477411800,70053704500,3408.1502,3416.5929,3393.1643,3406.5735
133619000,3400.5271,1316700,20536800,5478728500,70074241300,3408.1502,3416.5929,3393.1643,3406.5735
133624000,3400.8871,1696500,24575500,5480425000,70098816800,3408.1502,3416.5929,3393.1643,3406.5735
133629000,3400.9257,1212000,19694100,5481637000,70118510900,3408.1502,3416.5929,3393.1643,3406.5735
133634000,3400.5206,1187900,20211500,5482824900,70138722400,3408.1502,3416.5929,3393.1643,3406.5735
133639000,3400.7526,1371100,16519500,5484196000,70155241900,3408.1502,3416.5929,3393.1643,3406.5735
133644000,3400.6539,1773400,28347800,5485969400,70183589700,3408.1502,3416.5929,3393.1643,3406.5735
133649000,3400.7704,1152500,13869100,5487121900,70197458800,3408.1502,3416.5929,3393.1643,3406.5735
133654000,3400.603,1129400,15294200,5488251300,70212753000,3408.1502,3416.5929,3393.1643,3406.5735
133659000,3401.1065,1659500,19598600,5489910800,70232351600,3408.1502,3416.5929,3393.1643,3406.5735
133704000,3401.3602,2278800,28563900,5492189600,70260915500,3408.1502,3416.5929,3393.1643,3406.5735
133710000,3401.2035,1960300,23531100,5494149900,70284446600,3408.1502,3416.5929,3393.1643,3406.5735
133715000,3401.8848,1571100,20940100,5495721000,70305386700,3408.1502,3416.5929,3393.1643,3406.5735
133720000,3402.7749,3334300,40915000,5499055300,70346301700,3408.1502,3416.5929,3393.1643,3406.5735
133725000,3402.6269,3051900,40616800,5502107200,70386918500,3408.1502,3416.5929,3393.1643,3406.5735
133730000,3404.1264,5672200,58213900,5507779400,70445132400,3408.1502,3416.5929,3393.1643,3406.5735
133735000,3404.7577,4172800,60902500,5511952200,70506034900,3408.1502,3416.5929,3393.1643,3406.5735
133740000,3405.2228,4379300,49890100,5516331500,70555925000,3408.1502,3416.5929,3393.1643,3406.5735
133745000,3404.9923,2317800,29793700,5518649300,70585718700,3408.1502,3416.5929,3393.1643,3406.5735
133750000,3405.2651,2798500,34203100,5521447800,70619921800,3408.1502,3416.5929,3393.1643,3406.5735
133755000,3405.6265,3825000,44039300,5525272800,70663961100,3408.1502,3416.5929,3393.1643,3406.5735
133800000,3405.6813,2718500,36188800,5527991300,70700149900,3408.1502,3416.5929,3393.1643,3406.5735
133805000,3406.341,3824200,41366700,5531815500,70741516600,3408.1502,3416.5929,3393.1643,3406.5735
133810000,3406.71,3689100,44703100,5535504600,70786219700,3408.1502,3416.5929,3393.1643,3406.5735
133815000,3406.6177,4031900,39566900,5539536500,70825786600,3408.1502,3416.5929,3393.1643,3406.5735
133820000,3406.8513,5057600,43365300,5544594100,70869151900,3408.1502,3416.5929,3393.1643,3406.5735
133825000,3406.9383,2736600,41679500,5547330700,70910831400,3408.1502,3416.5929,3393.1643,3406.5735
133830000,3407.534,3786100,37983500,5551116800,70948814900,3408.1502,3416.5929,3393.1643,3406.5735
133835000,3407.3828,2532400,33472100,5553649200,70982287000,3408.1502,3416.5929,3393.1643,3406.5735
133840000,3407.671,2588300,31251000,5556237500,71013538000,3408.1502,3416.5929,3393.1643,3406.5735
133845000,3407.6739,2133800,30821600,5558371300,71044359600,3408.1502,3416.5929,3393.1643,3406.5735
133850000,3407.7052,2278400,24531100,5560649700,71068890700,3408.1502,3416.5929,3393.1643,3406.5735
133855000,3407.7893,3470700,45172700,5564120400,71114063400,3408.1502,3416.5929,3393.1643,3406.5735
133900000,3408.0704,2024300,25358100,5566144700,71139421500,3408.1502,3416.5929,3393.1643,3406.5735
133905000,3407.9398,4487300,54204600,5570632000,71193626100,3408.1502,3416.5929,3393.1643,3406.5735
133910000,3408.1114,3585300,41225800,5574217300,71234851900,3408.1502,3416.5929,3393.1643,3406.5735
133915000,3408.4058,1598500,22049800,5575815800,71256901700,3408.1502,3416.5929,3393.1643,3406.5735
133920000,3408.1445,2680600,35780100,5578496400,71292681800,3408.1502,3416.5929,3393.1643,3406.5735
133925000,3408.4138,2147900,31172500,5580644300,71323854300,3408.1502,3416.5929,3393.1643,3406.5735
133930000,3408.5476,2485900,25561600,5583130200,71349415900,3408.1502,3416.5929,3393.1643,3406.5735
133935000,3408.3073,2262900,27287100,5585393100,71376703000,3408.1502,3416.5929,3393.1643,3406.5735
133940000,3408.2216,3614000,35582800,5589007100,71412285800,3408.1502,3416.5929,3393.1643,3406.5735
133945000,3408.2406,2980200,31506800,5591987300,71443792600,3408.1502,3416.5929,3393.1643,3406.5735
133950000,3408.1315,5417000,39305500,5597404300,71483098100,3408.1502,3416.5929,3393.1643,3406.5735
133955000,3408.223,1768700,25605800,5599173000,71508703900,3408.1502,3416.5929,3393.1643,3406.5735
134000000,3408.1243,1929200,21655500,5601102200,71530359400,3408.1502,3416.5929,3393.1643,3406.5735
134005000,3407.8917,2287500,35172800,5603389700,71565532200,3408.1502,3416.5929,3393.1643,3406.5735
134010000,3407.7819,3814100,40247900,5607203800,71605780100,3408.1502,3416.5929,3393.1643,3406.5735
134015000,3407.6457,2312100,26699900,5609515900,71632480000,3408.1502,3416.5929,3393.1643,3406.5735
134020000,3407.5012,2183100,27362300,5611699000,71659842300,3408.1502,3416.5929,3393.1643,3406.5735
134025000,3407.3843,2165200,30634600,5613864200,71690476900,3408.1502,3416.5929,3393.1643,3406.5735
134030000,3407.5491,1979600,25521400,5615843800,71715998300,3408.1502,3416.5929,3393.1643,3406.5735
134035000,3407.1666,1593800,23002000,5617437600,71739000300,3408.1502,3416.5929,3393.1643,3406.5735
134040000,3406.9922,2121900,24888500,5619559500,71763888800,3408.1502,3416.5929,3393.1643,3406.5735
134045000,3407.3361,1917300,25592700,5621476800,71789481500,3408.1502,3416.5929,3393.1643,3406.5735
134050000,3406.9551,1912600,29757300,5623389400,71819238800,3408.1502,3416.5929,3393.1643,3406.5735
134055000,3407.1309,1893200,24532200,5625282600,71843771000,3408.1502,3416.5929,3393.1643,3406.5735
134100000,3407.075,1204500,16852200,5626487100,71860623200,3408.1502,3416.5929,3393.1643,3406.5735
134105000,3406.9595,1926600,23098200,5628413700,71883721400,3408.1502,3416.5929,3393.1643,3406.5735
134110000,3407.0732,1889300,22045600,5630303000,71905767000,3408.1502,3416.5929,3393.1643,3406.5735
134115000,3405.9818,1751600,20791100,5632054600,71926558100,3408.1502,3416.5929,3393.1643,3406.5735
134121000,3406.637,2513200,30053300,5634567800,71956611400,3408.1502,3416.5929,3393.1643,3406.5735
134126000,3406.3889,1510700,22344100,5636078500,71978955500,3408.1502,3416.5929,3393.1643,3406.5735
134130000,3406.5063,1166200,14088200,5637244700,71993043700,3408.1502,3416.5929,3393.1643,3406.5735
134136000,3406.683,2053500,25137800,5639298200,72018181500,3408.1502,3416.5929,3393.1643,3406.5735
134141000,3407.0946,1756900,25933100,5641055100,72044114600,3408.1502,3416.5929,3393.1643,3406.5735
134146000,3406.9922,2080600,21786700,5643135700,72065901300,3408.1502,3416.5929,3393.1643,3406.5735
134151000,3406.5809,1521700,16515700,5644657400,72082417000,3408.1502,3416.5929,3393.1643,3406.5735
134156000,3406.5226,2099400,22304500,5646756800,72104721500,3408.1502,3416.5929,3393.1643,3406.5735
134201000,3406.6486,1577400,20583700,5648334200,72125305200,3408.1502,3416.5929,3393.1643,3406.5735
134206000,3406.7603,1900900,21297800,5650235100,72146603000,3408.1502,3416.5929,3393.1643,3406.5735
134211000,3406.9356,1340900,16174400,5651576000,72162777400,3408.1502,3416.5929,3393.1643,3406.5735
134216000,3406.433,1547800,18363000,5653123800,72181140400,3408.1502,3416.5929,3393.1643,3406.5735
134221000,3407.2169,1246900,15341900,5654370700,72196482300,3408.1502,3416.5929,3393.1643,3406.5735
134226000,3407.2998,1576300,20104300,5655947000,72216586600,3408.1502,3416.5929,3393.1643,3406.5735
134231000,3406.8192,1654200,19977000,5657601200,72236563600,3408.1502,3416.5929,3393.1643,3406.5735
134236000,3406.8047,4627400,26088700,5662228600,72262652300,3408.1502,3416.5929,3393.1643,3406.5735
134241000,3406.641,1646600,20131100,5663875200,72282783400,3408.1502,3416.5929,3393.1643,3406.5735
134246000,3406.7481,2091900,28876200,5665967100,72311659600,3408.1502,3416.5929,3393.1643,3406.5735
134251000,3406.9963,1581000,19135000,5667548100,72330794600,3408.1502,3416.5929,3393.1643,3406.5735
134256000,3406.4569,1742600,23047500,5669290700,72353842100,3408.1502,3416.5929,3393.1643,3406.5735
134301000,3406.7676,2089200,22937500,5671379900,72376779600,3408.1502,3416.5929,3393.1643,3406.5735
134306000,3406.531,1859400,18835200,5673239300,72395614800,3408.1502,3416.5929,3393.1643,3406.5735
134311000,3406.7017,1799600,22202600,5675038900,72417817400,3408.1502,3416.5929,3393.1643,3406.5735
134316000,3406.5603,1343500,19426500,5676382400,72437243900,3408.1502,3416.5929,3393.1643,3406.5735
134321000,3406.3891,1181700,13336000,5677564100,72450579900,3408.1502,3416.5929,3393.1643,3406.5735
134326000,3406.4898,1849100,25376700,5679413200,72475956600,3408.1502,3416.5929,3393.1643,3406.5735
134331000,3406.6457,1629400,21562100,5681042600,72497518700,3408.1502,3416.5929,3393.1643,3406.5735
134336000,3406.4823,1109800,15254900,5682152400,72512773600,3408.1502,3416.5929,3393.1643,3406.5735
134341000,3406.3882,1048800,14220400,5683201200,72526994000,3408.1502,3416.5929,3393.1643,3406.5735
134346000,3406.812,1292200,14647700,5684493400,72541641700,3408.1502,3416.5929,3393.1643,3406.5735
134351000,3406.7497,1813300,19400900,5686306700,72561042600,3408.1502,3416.5929,3393.1643,3406.5735
134356000,3406.708,1306000,15963200,5687612700,72577005800,3408.1502,3416.5929,3393.1643,3406.5735
134401000,3406.5877,1364200,16992700,5688976900,72593998500,3408.1502,3416.5929,3393.1643,3406.5735
134406000,3406.3906,1463300,14875700,5690440200,72608874200,3408.1502,3416.5929,3393.1643,3406.5735
134411000,3406.7086,1479200,18837300,5691919400,72627711500,3408.1502,3416.5929,3393.1643,3406.5735
134416000,3406.8667,1648100,18721400,5693567500,72646432900,3408.1502,3416.5929,3393.1643,3406.5735
134421000,3406.7307,1185600,13874900,5694753100,72660307800,3408.1502,3416.5929,3393.1643,3406.5735
134426000,3406.7757,1794300,20890300,5696547400,72681198100,3408.1502,3416.5929,3393.1643,3406.5735
134431000,3406.4757,1303700,17863800,5697851100,72699061900,3408.1502,3416.5929,3393.1643,3406.5735
134436000,3406.1451,1069000,13498800,5698920100,72712560700,3408.1502,3416.5929,3393.1643,3406.5735
134441000,3406.032,1285900,19087900,5700206000,72731648600,3408.1502,3416.5929,3393.1643,3406.5735
134446000,3406.2647,1897900,25189300,5702103900,72756837900,3408.1502,3416.5929,3393.1643,3406.5735
134451000,3406.1224,1159900,17492800,5703263800,72774330700,3408.1502,3416.5929,3393.1643,3406.5735
134456000,3406.2374,1209500,16923500,5704473300,72791254200,3408.1502,3416.5929,3393.1643,3406.5735
134501000,3405.9444,1323600,18007500,5705796900,72809261700,3408.1502,3416.5929,3393.1643,3406.5735
134506000,3406.2568,1452500,19240500,5707249400,72828502200,3408.1502,3416.5929,3393.1643,3406.5735
134511000,3406.4455,1386700,19143900,5708636100,72847646100,3408.1502,3416.5929,3393.1643,3406.5735
134516000,3405.8544,1606100,21258000,5710242200,72868904100,3408.1502,3416.5929,3393.1643,3406.5735
134521000,3405.8674,1463700,22348700,5711705900,72891252800,3408.1502,3416.5929,3393.1643,3406.5735
134526000,3406.3056,1479300,17661200,5713185200,72908914000,3408.1502,3416.5929,3393.1643,3406.5735
134531000,3406.1436,1830200,23377000,5715015400,72932291000,3408.1502,3416.5929,3393.1643,3406.5735
134536000,3405.6553,1484100,18824500,5716499500,72951115500,3408.1502,3416.5929,3393.1643,3406.5735
134542000,3405.3943,2367400,27301500,5718866900,72978417000,3408.1502,3416.5929,3393.1643,3406.5735
134547000,3405.6267,1173400,16270500,5720040300,72994687500,3408.1502,3416.5929,3393.1643,3406.5735
134552000,3405.3442,1418200,22714800,5721458500,73017402300,3408.1502,3416.5929,3393.1643,3406.5735
134557000,3405.3151,1174200,13981800,5722632700,73031384100,3408.1502,3416.5929,3393.1643,3406.5735
134602000,3405.2714,1196200,16854600,5723828900,73048238700,3408.1502,3416.5929,3393.1643,3406.5735
134607000,3405.352,2269300,24765700,5726098200,73073004400,3408.1502,3416.5929,3393.1643,3406.5735
134612000,3405.1699,1150300,19161600,5727248500,73092166000,3408.1502,3416.5929,3393.1643,3406.5735
134617000,3404.902,1302100,15583600,5728550600,73107749600,3408.1502,3416.5929,3393.1643,3406.5735
134622000,3404.9349,2252500,30277300,5730803100,73138026900,3408.1502,3416.5929,3393.1643,3406.5735
134627000,3405.069,1133200,19506600,5731936300,73157533500,3408.1502,3416.5929,3393.1643,3406.5735
134632000,3404.5031,2019200,20066000,5733955500,73177599500,3408.1502,3416.5929,3393.1643,3406.5735
134637000,3404.6473,1700100,19390000,5735655600,73196989500,3408.1502,3416.5929,3393.1643,3406.5735
134642000,3404.3319,1513400,21603700,5737169000,73218593200,3408.1502,3416.5929,3393.1643,3406.5735
134647000,3404.7991,1193400,18314700,5738362400,73236907900,3408.1502,3416.5929,3393.1643,3406.5735
134652000,3404.7882,1808800,21472500,5740171200,73258380400,3408.1502,3416.5929,3393.1643,3406.5735
134657000,3404.592,929400,12418800,5741100600,73270799200,3408.1502,3416.5929,3393.1643,3406.5735
134702000,3404.5892,1199800,14330100,5742300400,73285129300,3408.1502,3416.5929,3393.1643,3406.5735
134707000,3404.875,1675700,19595800,5743976100,73304725100,3408.1502,3416.5929,3393.1643,3406.5735
134712000,3404.1983,3242700,24213900,5747218800,73328939000,3408.1502,3416.5929,3393.1643,3406.5735
134717000,3404.2636,1190800,17316000,5748409600,73346255000,3408.1502,3416.5929,3393.1643,3406.5735
134722000,3404.647,2897700,24588700,5751307300,73370843700,3408.1502,3416.5929,3393.1643,3406.5735
134727000,3404.4467,1401000,16249000,5752708300,73387092700,3408.1502,3416.5929,3393.1643,3406.5735
134732000,3404.3505,1203700,17842500,5753912000,73404935200,3408.1502,3416.5929,3393.1643,3406.5735
134737000,3404.3859,1557200,20567300,5755469200,73425502500,3408.1502,3416.5929,3393.1643,3406.5735
134742000,3404.5359,1345900,14677300,5756815100,73440179800,3408.1502,3416.5929,3393.1643,3406.5735
134747000,3404.2457,1234400,20382800,5758049500,73460562600,3408.1502,3416.5929,3393.1643,3406.5735
134752000,3403.8177,1458200,18502900,5759507700,73479065500,3408.1502,3416.5929,3393.1643,3406.5735
134757000,3403.5352,871900,12671500,5760379600,73491737000,3408.1502,3416.5929,3393.1643,3406.5735
134802000,3403.9086,1608400,21166500,5761988000,73512903500,3408.1502,3416.5929,3393.1643,3406.5735
134807000,3403.0102,2189400,29459000,5764177400,73542362500,3408.1502,3416.5929,3393.1643,3406.5735
134812000,3403.0177,1201100,17144000,5765378500,73559506500,3408.1502,3416.5929,3393.1643,3406.5735
134817000,3402.3352,1699700,19699900,5767078200,73579206400,3408.1502,3416.5929,3393.1643,3406.5735
134822000,3402.3698,1885800,25842100,5768964000,73605048500,3408.1502,3416.5929,3393.1643,3406.5735
134827000,3402.2652,1717800,26723000,5770681800,73631771500,3408.1502,3416.5929,3393.1643,3406.5735
134832000,3402.2113,1593300,21650700,5772275100,73653422200,3408.1502,3416.5929,3393.1643,3406.5735
134837000,3401.9078,1271200,17847100,5773546300,73671269300,3408.1502,3416.5929,3393.1643,3406.5735
134842000,3402.1892,1494100,19143700,5775040400,73690413000,3408.1502,3416.5929,3393.1643,3406.5735
134847000,3401.641,1648000,23168500,5776688400,73713581500,3408.1502,3416.5929,3393.1643,3406.5735
134852000,3401.3673,2322800,31238800,5779011200,73744820300,3408.1502,3416.5929,3393.1643,3406.5735
134857000,3401.7891,2179400,21016000,5781190600,73765836300,3408.1502,3416.5929,3393.1643,3406.5735
134902000,3401.4546,2132800,29824400,5783323400,73795660700,3408.1502,3416.5929,3393.1643,3406.5735
134907000,3401.1879,2397800,27361800,5785721200,73823022500,3408.1502,3416.5929,3393.1643,3406.5735
134912000,3401.4133,1464500,15994900,5787185700,73839017400,3408.1502,3416.5929,3393.1643,3406.5735
134917000,3401.2892,1754700,19987700,5788940400,73859005100,3408.1502,3416.5929,3393.1643,3406.5735
134922000,3401.6919,1455300,22381000,5790395700,73881386100,3408.1502,3416.5929,3393.1643,3406.5735
134927000,3401.4378,2717200,27197500,5793112900,73908583600,3408.1502,3416.5929,3393.1643,3406.5735
134932000,3401.4238,1850300,20261000,5794963200,73928844600,3408.1502,3416.5929,3393.1643,3406.5735
134937000,3401.1819,1301300,18725200,5796264500,73947569800,3408.1502,3416.5929,3393.1643,3406.5735
134942000,3400.6186,1646900,16833000,5797911400,73964402800,3408.1502,3416.5929,3393.1643,3406.5735
134947000,3401.1372,1580500,21535700,5799491900,73985938500,3408.1502,3416.5929,3393.1643,3406.5735
134953000,3401.1602,1714700,23437000,5801206600,74009375500,3408.1502,3416.5929,3393.1643,3406.5735
134958000,3401.0116,1370400,16453000,5802577000,74025828500,3408.1502,3416.5929,3393.1643,3406.5735
135003000,3400.8208,3073400,24978100,5805650400,74050806600,3408.1502,3416.5929,3393.1643,3406.5735
135008000,3401.0108,2961200,23478500,5808611600,74074285100,3408.1502,3416.5929,3393.1643,3406.5735
135013000,3400.7628,1184700,16372800,5809796300,74090657900,3408.1502,3416.5929,3393.1643,3406.5735
135018000,3400.9968,1149000,13201600,5810945300,74103859500,3408.1502,3416.5929,3393.1643,3406.5735
135023000,3400.9291,1002900,19018100,5811948200,74122877600,3408.1502,3416.5929,3393.1643,3406.5735
135028000,3400.8716,1143400,14169300,5813091600,74137046900,3408.1502,3416.5929,3393.1643,3406.5735
135033000,3400.4695,1307900,14411600,5814399500,74151458500,3408.1502,3416.5929,3393.1643,3406.5735
135038000,3400.4422,1392900,22846900,5815792400,74174305400,3408.1502,3416.5929,3393.1643,3406.5735
135043000,3400.6392,918800,13484300,5816711200,74187789700,3408.1502,3416.5929,3393.1643,3406.5735
135048000,3400.9916,1337800,17002800,5818049000,74204792500,3408.1502,3416.5929,3393.1643,3406.5735
135053000,3400.9055,1214400,17031600,5819263400,74221824100,3408.1502,3416.5929,3393.1643,3406.5735
135058000,3400.8041,1267600,16919100,5820531000,74238743200,3408.1502,3416.5929,3393.1643,3406.5735
135103000,3400.7797,1420600,19006900,5821951600,74257750100,3408.1502,3416.5929,3393.1643,3406.5735
135108000,3400.8399,1591300,20417400,5823542900,74278167500,3408.1502,3416.5929,3393.1643,3406.5735
135113000,3401.0707,3208200,25978400,5826751100,74304145900,3408.1502,3416.5929,3393.1643,3406.5735
135118000,3400.8818,1208700,16225500,5827959800,74320371400,3408.1502,3416.5929,3393.1643,3406.5735
135123000,3400.8916,1012100,14210200,5828971900,74334581600,3408.1502,3416.5929,3393.1643,3406.5735
135128000,3401.0204,1239600,17266600,5830211500,74351848200,3408.1502,3416.5929,3393.1643,3406.5735
135133000,3401.1765,1278200,20847600,5831489700,74372695800,3408.1502,3416.5929,3393.1643,3406.5735
135138000,3401.2429,1303300,18097200,5832793000,74390793000,3408.1502,3416.5929,3393.1643,3406.5735
135143000,3400.962,2008400,28353700,5834801400,74419146700,3408.1502,3416.5929,3393.1643,3406.5735
135148000,3401.1776,774100,11087400,5835575500,74430234100,3408.1502,3416.5929,3393.1643,3406.5735
135153000,3400.9718,1041200,12815700,5836616700,74443049800,3408.1502,3416.5929,3393.1643,3406.5735
135158000,3401.0585,1256800,17920100,5837873500,74460969900,3408.1502,3416.5929,3393.1643,3406.5735
135203000,3401.1271,3233200,31606200,5841106700,74492576100,3408.1502,3416.5929,3393.1643,3406.5735
135208000,3401.3415,1211900,19998400,5842318600,74512574500,3408.1502,3416.5929,3393.1643,3406.5735
135213000,3401.1393,1070300,19414200,5843388900,74531988700,3408.1502,3416.5929,3393.1643,3406.5735
135218000,3401.1896,1566900,19259400,5844955800,74551248100,3408.1502,3416.5929,3393.1643,3406.5735
135223000,3401.4433,1630900,19014200,5846586700,74570262300,3408.1502,3416.5929,3393.1643,3406.5735
135228000,3401.3621,2481500,23364500,5849068200,74593626800,3408.1502,3416.5929,3393.1643,3406.5735
135233000,3401.3811,1583300,14611000,5850651500,74608237800,3408.1502,3416.5929,3393.1643,3406.5735
135238000,3401.3567,1488000,20281600,5852139500,74628519400,3408.1502,3416.5929,3393.1643,3406.5735
135243000,3401.3199,1068000,14323300,5853207500,74642842700,3408.1502,3416.5929,3393.1643,3406.5735
135248000,3401.618,932200,13717200,5854139700,74656559900,3408.1502,3416.5929,3393.1643,3406.5735
135253000,3401.4751,1213200,18008400,5855352900,74674568300,3408.1502,3416.5929,3393.1643,3406.5735
135258000,3401.3152,1209000,20342200,5856561900,74694910500,3408.1502,3416.5929,3393.1643,3406.5735
135303000,3401.5778,1929500,23573600,5858491400,74718484100,3408.1502,3416.5929,3393.1643,3406.5735
135308000,3401.4266,1458800,16846700,5859950200,74735330800,3408.1502,3416.5929,3393.1643,3406.5735
135313000,3401.2846,1596900,23799700,5861547100,74759130500,3408.1502,3416.5929,3393.1643,3406.5735
135318000,3401.2266,1076200,20306300,5862623300,74779436800,3408.1502,3416.5929,3393.1643,3406.5735
135323000,3401.4006,1021800,15227300,5863645100,74794664100,3408.1502,3416.5929,3393.1643,3406.5735
135328000,3401.3922,1557200,23404600,5865202300,74818068700,3408.1502,3416.5929,3393.1643,3406.5735
135333000,3401.4171,1707400,18312400,5866909700,74836381100,3408.1502,3416.5929,3393.1643,3406.5735
135338000,3401.1755,1313900,19858100,5868223600,74856239200,3408.1502,3416.5929,3393.1643,3406.5735
135343000,3401.3423,1464000,19081800,5869687600,74875321000,3408.1502,3416.5929,3393.1643,3406.5735
135348000,3401.3667,1379800,20426600,5871067400,74895747600,3408.1502,3416.5929,3393.1643,3406.5735
135353000,3401.2872,1224800,18141800,5872292200,74913889400,3408.1502,3416.5929,3393.1643,3406.5735
135358000,3401.5555,1069400,17144600,5873361600,74931034000,3408.1502,3416.5929,3393.1643,3406.5735
135404000,3401.4123,2379700,26968800,5875741300,74958002800,3408.1502,3416.5929,3393.1643,3406.5735
135409000,3401.3965,1199500,20679500,5876940800,74978682300,3408.1502,3416.5929,3393.1643,3406.5735
135414000,3401.109,1041300,13279300,5877982100,74991961600,3408.1502,3416.5929,3393.1643,3406.5735
135419000,3400.9593,1256900,16770000,5879239000,75008731600,3408.1502,3416.5929,3393.1643,3406.5735
135424000,3401.2612,857600,12855500,5880096600,75021587100,3408.1502,3416.5929,3393.1643,3406.5735
135429000,3400.9924,955200,13938800,5881051800,75035525900,3408.1502,3416.5929,3393.1643,3406.5735
135434000,3401.0446,1092300,15484900,5882144100,75051010800,3408.1502,3416.5929,3393.1643,3406.5735
135439000,3401.2953,1621300,19657400,5883765400,75070668200,3408.1502,3416.5929,3393.1643,3406.5735
135444000,3401.2727,1141500,15347500,5884906900,75086015700,3408.1502,3416.5929,3393.1643,3406.5735
135449000,3401.7605,1334000,18873600,5886240900,75104889300,3408.1502,3416.5929,3393.1643,3406.5735
135454000,3401.3921,1589100,15752600,5887830000,75120641900,3408.1502,3416.5929,3393.1643,3406.5735
135459000,3401.2473,1058000,13983400,5888888000,75134625300,3408.1502,3416.5929,3393.1643,3406.5735
135504000,3400.8268,1961600,27680500,5890849600,75162305800,3408.1502,3416.5929,3393.1643,3406.5735
135509000,3401.3796,1370200,14296400,5892219800,75176602200,3408.1502,3416.5929,3393.1643,3406.5735
135514000,3401.0903,1205000,16711200,5893424800,75193313400,3408.1502,3416.5929,3393.1643,3406.5735
135519000,3400.7452,1362100,19684300,5894786900,75212997700,3408.1502,3416.5929,3393.1643,3406.5735
135524000,3400.9069,1149700,17927300,5895936600,75230925000,3408.1502,3416.5929,3393.1643,3406.5735
135529000,3400.8309,1172000,18467300,5897108600,75249392300,3408.1502,3416.5929,3393.1643,3406.5735
135534000,3400.5592,1499400,23646200,5898608000,75273038500,3408.1502,3416.5929,3393.1643,3406.5735
135539000,3400.1802,1473000,20445700,5900081000,75293484200,3408.1502,3416.5929,3393.1643,3406.5735
135544000,3400.1261,1032400,18807200,5901113400,75312291400,3408.1502,3416.5929,3393.1643,3406.5735
135549000,3400.5259,1144300,14450700,5902257700,75326742100,3408.1502,3416.5929,3393.1643,3406.5735
135554000,3400.33,4013500,20219000,5906271200,75346961100,3408.1502,3416.5929,3393.1643,3406.5735
135559000,3400.1715,2171600,22842400,5908442800,75369803500,3408.1502,3416.5929,3393.1643,3406.5735
135604000,3400.1427,1628300,24866300,5910071100,75394669800,3408.1502,3416.5929,3393.1643,3406.5735
135609000,3400.4894,1425000,19633900,5911496100,75414303700,3408.1502,3416.5929,3393.1643,3406.5735
135614000,3400.4866,1122600,15261600,5912618700,75429565300,3408.1502,3416.5929,3393.1643,3406.5735
135619000,3400.1238,1652300,19570000,5914271000,75449135300,3408.1502,3416.5929,3393.1643,3406.5735
135624000,3400.3554,1677900,18809100,5915948900,75467944400,3408.1502,3416.5929,3393.1643,3406.5735
135629000,3400.1696,1065300,15413200,5917014200,75483357600,3408.1502,3416.5929,3393.1643,3406.5735
135634000,3399.8394,3229300,27826800,5920243500,75511184400,3408.1502,3416.5929,3393.1643,3406.5735
135639000,3400.2932,992000,14403000,5921235500,75525587400,3408.1502,3416.5929,3393.1643,3406.5735
135644000,3400.1881,892600,13673300,5922128100,75539260700,3408.1502,3416.5929,3393.1643,3406.5735
135649000,3400.2968,1465400,19318900,5923593500,75558579600,3408.1502,3416.5929,3393.1643,3406.5735
135654000,3400.4888,1543300,18663700,5925136800,75577243300,3408.1502,3416.5929,3393.1643,3406.5735
135659000,3400.4508,1451500,20703300,5926588300,75597946600,3408.1502,3416.5929,3393.1643,3406.5735
135704000,3400.2123,1633600,19221700,5928221900,75617168300,3408.1502,3416.5929,3393.1643,3406.5735
135709000,3400.4881,1090800,13462600,5929312700,75630630900,3408.1502,3416.5929,3393.1643,3406.5735
135714000,3400.5774,1322500,17039400,5930635200,75647670300,3408.1502,3416.5929,3393.1643,3406.5735
135719000,3401.0607,1309300,18195300,5931944500,75665865600,3408.1502,3416.5929,3393.1643,3406.5735
135724000,3400.8093,1241900,17930500,5933186400,75683796100,3408.1502,3416.5929,3393.1643,3406.5735
135729000,3400.498,1243600,21510500,5934430000,75705306600,3408.1502,3416.5929,3393.1643,3406.5735
135734000,3400.5533,1290500,25642000,5935720500,75730948600,3408.1502,3416.5929,3393.1643,3406.5735
135739000,3401.08,1026000,15653100,5936746500,75746601700,3408.1502,3416.5929,3393.1643,3406.5735
135744000,3401.0817,1431200,20347900,5938177700,75766949600,3408.1502,3416.5929,3393.1643,3406.5735
135749000,3400.9959,1982700,21547800,5940160400,75788497400,3408.1502,3416.5929,3393.1643,3406.5735
135754000,3401.0898,767100,11885800,5940927500,75800383200,3408.1502,3416.5929,3393.1643,3406.5735
135759000,3401.0586,927400,12920200,5941854900,75813303400,3408.1502,3416.5929,3393.1643,3406.5735
135804000,3400.9663,1944400,23196200,5943799300,75836499600,3408.1502,3416.5929,3393.1643,3406.5735
135810000,3401.3181,2553900,23329100,5946353200,75859828700,3408.1502,3416.5929,3393.1643,3406.5735
135814000,3400.8863,962000,14700900,5947315200,75874529600,3408.1502,3416.5929,3393.1643,3406.5735
135820000,3400.9953,1856900,20072200,5949172100,75894601800,3408.1502,3416.5929,3393.1643,3406.5735
135825000,3401.6784,1710800,36033400,5950882900,75930635200,3408.1502,3416.5929,3393.1643,3406.5735
135830000,3401.1399,1575400,30102700,5952458300,75960737900,3408.1502,3416.5929,3393.1643,3406.5735
135835000,3401.4019,1192600,17250300,5953650900,75977988200,3408.1502,3416.5929,3393.1643,3406.5735
135840000,3401.66,974700,13401600,5954625600,75991389800,3408.1502,3416.5929,3393.1643,3406.5735
135845000,3401.6941,1256100,18153100,5955881700,76009542900,3408.1502,3416.5929,3393.1643,3406.5735
135850000,3401.9478,1144300,16072900,5957026000,76025615800,3408.1502,3416.5929,3393.1643,3406.5735
135855000,3402.2279,1240700,17160500,5958266700,76042776300,3408.1502,3416.5929,3393.1643,3406.5735
135900000,3401.7445,1372300,22635400,5959639000,76065411700,3408.1502,3416.5929,3393.1643,3406.5735
135905000,3401.3049,2139500,29626700,5961778500,76095038400,3408.1502,3416.5929,3393.1643,3406.5735
135910000,3401.9492,1293100,15280600,5963071600,76110319000,3408.1502,3416.5929,3393.1643,3406.5735
135915000,3401.7253,1110500,27642000,5964182100,76137961000,3408.1502,3416.5929,3393.1643,3406.5735
135920000,3401.5516,1136600,15890300,5965318700,76153851300,3408.1502,3416.5929,3393.1643,3406.5735
135925000,3401.4433,1241000,14717000,5966559700,76168568300,3408.1502,3416.5929,3393.1643,3406.5735
135930000,3401.2499,1524800,22572800,5968084500,76191141100,3408.1502,3416.5929,3393.1643,3406.5735
135935000,3401.2735,1148300,18420600,5969232800,76209561700,3408.1502,3416.5929,3393.1643,3406.5735
135940000,3401.2651,2752000,29028100,5971984800,76238589800,3408.1502,3416.5929,3393.1643,3406.5735
135945000,3401.0924,880400,17752900,5972865200,76256342700,3408.1502,3416.5929,3393.1643,3406.5735
135950000,3401.0219,1218700,17083700,5974083900,76273426400,3408.1502,3416.5929,3393.1643,3406.5735
135955000,3401.0118,1358200,17745500,5975442100,76291171900,3408.1502,3416.5929,3393.1643,3406.5735
140000000,3401.0348,982600,11327000,5976424700,76302498900,3408.1502,3416.5929,3393.1643,3406.5735
140005000,3400.9197,1537100,20563700,5977961800,76323062600,3408.1502,3416.5929,3393.1643,3406.5735
140010000,3401.2739,1606500,19490000,5979568300,76342552600,3408.1502,3416.5929,3393.1643,3406.5735
140015000,3400.9007,1142800,18188400,5980711100,76360741000,3408.1502,3416.5929,3393.1643,3406.5735
140020000,3400.837,1055800,14707400,5981766900,76375448400,3408.1502,3416.5929,3393.1643,3406.5735
140025000,3401.1315,1832900,20029000,5983599800,76395477400,3408.1502,3416.5929,3393.1643,3406.5735
140030000,3400.8547,967500,13209900,5984567300,76408687300,3408.1502,3416.5929,3393.1643,3406.5735
140035000,3400.448,985100,13619500,5985552400,76422306800,3408.1502,3416.5929,3393.1643,3406.5735
140040000,3400.6818,1739200,25538300,5987291600,76447845100,3408.1502,3416.5929,3393.1643,3406.5735
140045000,3400.8317,1100200,18935900,5988391800,76466781000,3408.1502,3416.5929,3393.1643,3406.5735
140050000,3400.4076,822500,11258300,5989214300,76478039300,3408.1502,3416.5929,3393.1643,3406.5735
140055000,3400.2565,1807800,24825400,5991022100,76502864700,3408.1502,3416.5929,3393.1643,3406.5735
140100000,3400.7635,1659800,19806200,5992681900,76522670900,3408.1502,3416.5929,3393.1643,3406.5735
140105000,3400.7091,1527200,19005200,5994209100,76541676100,3408.1502,3416.5929,3393.1643,3406.5735
140110000,3400.1772,1864600,23231300,5996073700,76564907400,3408.1502,3416.5929,3393.1643,3406.5735
140115000,3400.7226,1355000,15446000,5997428700,76580353400,3408.1502,3416.5929,3393.1643,3406.5735
140120000,3400.4053,1313000,14861800,5998741700,76595215200,3408.1502,3416.5929,3393.1643,3406.5735
140125000,3400.7118,2465900,27999300,6001207600,76623214500,3408.1502,3416.5929,3393.1643,3406.5735
140130000,3400.5017,1214100,15758100,6002421700,76638972600,3408.1502,3416.5929,3393.1643,3406.5735
140135000,3400.2745,1035400,17602200,6003457100,76656574800,3408.1502,3416.5929,3393.1643,3406.5735
140140000,3400.4258,979600,15597100,6004436700,76672171900,3408.1502,3416.5929,3393.1643,3406.5735
140145000,3400.2118,1217900,15304100,6005654600,76687476000,3408.1502,3416.5929,3393.1643,3406.5735
140150000,3400.3188,1024900,13960900,6006679500,76701436900,3408.1502,3416.5929,3393.1643,3406.5735
140155000,3399.9954,2073800,24685000,6008753300,76726121900,3408.1502,3416.5929,3393.1643,3406.5735
140200000,3399.8314,1261100,17114300,6010014400,76743236200,3408.1502,3416.5929,3393.1643,3406.5735
140205000,3399.9705,1513300,25327300,6011527700,76768563500,3408.1502,3416.5929,3393.1643,3406.5735
140210000,3399.8504,2037700,22205600,6013565400,76790769100,3408.1502,3416.5929,3393.1643,3406.5735
140215000,3399.4565,1102600,14948700,6014668000,76805717800,3408.1502,3416.5929,3393.1643,3406.5735
140221000,3399.6687,1984200,21651800,6016652200,76827369600,3408.1502,3416.5929,3393.1643,3406.5735
140225000,3399.5768,1317100,17420600,6017969300,76844790200,3408.1502,3416.5929,3393.1643,3406.5735
140230000,3399.5531,1263700,15579600,6019233000,76860369800,3408.1502,3416.5929,3393.1643,3406.5735
140236000,3399.5111,1189400,17538300,6020422400,76877908100,3408.1502,3416.5929,3393.1643,3406.5735
140240000,3399.5717,1831000,16331200,6022253400,76894239300,3408.1502,3416.5929,3393.1643,3406.5735
140246000,3399.1447,1566000,17747200,6023819400,76911986500,3408.1502,3416.5929,3393.1643,3406.5735
140251000,3399.1253,2303500,22492100,6026122900,76934478600,3408.1502,3416.5929,3393.1643,3406.5735
140256000,3399.2729,1810200,23045300,6027933100,76957523900,3408.1502,3416.5929,3393.1643,3406.5735
140301000,3399.5852,2590100,24312200,6030523200,76981836100,3408.1502,3416.5929,3393.1643,3406.5735
140306000,3399.0208,1979800,16485600,6032503000,76998321700,3408.1502,3416.5929,3393.1643,3406.5735
140311000,3399.4281,1442900,21379700,6033945900,77019701400,3408.1502,3416.5929,3393.1643,3406.5735
140316000,3399.0627,2411200,29781500,6036357100,77049482900,3408.1502,3416.5929,3393.1643,3406.5735
140321000,3399.0025,1294600,16255700,6037651700,77065738600,3408.1502,3416.5929,3393.1643,3406.5735
140326000,3398.9093,1645600,18753500,6039297300,77084492100,3408.1502,3416.5929,3393.1643,3406.5735
140331000,3399.1946,2464300,19701700,6041761600,77104193800,3408.1502,3416.5929,3393.1643,3406.5735
140336000,3399.0709,1413300,17973200,6043174900,77122167000,3408.1502,3416.5929,3393.1643,3406.5735
140341000,3399.3533,1500300,20710800,6044675200,77142877800,3408.1502,3416.5929,3393.1643,3406.5735
140346000,3399.1693,1578900,18332400,6046254100,77161210200,3408.1502,3416.5929,3393.1643,3406.5735
140351000,3398.9616,1064500,16934400,6047318600,77178144600,3408.1502,3416.5929,3393.1643,3406.5735
140356000,3399.0216,1855000,23788000,6049173600,77201932600,3408.1502,3416.5929,3393.1643,3406.5735
140401000,3399.4812,2223000,28718800,6051396600,77230651400,3408.1502,3416.5929,3393.1643,3406.5735
140406000,3398.8743,1609400,19900500,6053006000,77250551900,3408.1502,3416.5929,3393.1643,3406.5735
140411000,3398.9339,1659600,20266500,6054665600,77270818400,3408.1502,3416.5929,3393.1643,3406.5735
140416000,3399.0728,1339000,16442900,6056004600,77287261300,3408.1502,3416.5929,3393.1643,3406.5735
140421000,3399.1795,1234900,14251500,6057239500,77301512800,3408.1502,3416.5929,3393.1643,3406.5735
140426000,3398.8378,1417000,19696200,6058656500,77321209000,3408.1502,3416.5929,3393.1643,3406.5735
140431000,3398.7656,2036600,20946500,6060693100,77342155500,3408.1502,3416.5929,3393.1643,3406.5735
140436000,3398.8039,1663600,16810400,6062356700,77358965900,3408.1502,3416.5929,3393.1643,3406.5735
140441000,3398.5211,2566000,24263700,6064922700,77383229600,3408.1502,3416.5929,3393.1643,3406.5735
140446000,3398.3279,2414500,20958600,6067337200,77404188200,3408.1502,3416.5929,3393.1643,3406.5735
140451000,3398.6935,823000,13103300,6068160200,77417291500,3408.1502,3416.5929,3393.1643,3406.5735
140456000,3398.9272,1634900,23444800,6069795100,77440736300,3408.1502,3416.5929,3393.1643,3406.5735
140501000,3398.5324,2247300,25583200,6072042400,77466319500,3408.1502,3416.5929,3393.1643,3406.5735
140506000,3398.829,1650300,16113600,6073692700,77482433100,3408.1502,3416.5929,3393.1643,3406.5735
140511000,3398.8235,1361400,19212300,6075054100,77501645400,3408.1502,3416.5929,3393.1643,3406.5735
140516000,3398.6149,1371200,19910100,6076425300,77521555500,3408.1502,3416.5929,3393.1643,3406.5735
140521000,3398.6866,1074700,12755200,6077500000,77534310700,3408.1502,3416.5929,3393.1643,3406.5735
140526000,3398.5722,1526900,17887900,6079026900,77552198600,3408.1502,3416.5929,3393.1643,3406.5735
140531000,3398.7387,1171200,17951000,6080198100,77570149600,3408.1502,3416.5929,3393.1643,3406.5735
140536000,3398.148,1051200,13564700,6081249300,77583714300,3408.1502,3416.5929,3393.1643,3406.5735
140541000,3398.772,1725500,21022000,6082974800,77604736300,3408.1502,3416.5929,3393.1643,3406.5735
140546000,3398.3057,1927700,23418200,6084902500,77628154500,3408.1502,3416.5929,3393.1643,3406.5735
140551000,3398.598,1009300,15091100,6085911800,77643245600,3408.1502,3416.5929,3393.1643,3406.5735
140556000,3398.3965,2156100,23258000,6088067900,77666503600,3408.1502,3416.5929,3393.1643,3406.5735
140601000,3398.7705,2116800,26012800,6090184700,77692516400,3408.1502,3416.5929,3393.1643,3406.5735
140606000,3398.8707,1861400,20716600,6092046100,77713233000,3408.1502,3416.5929,3393.1643,3406.5735
140611000,3398.9143,1580000,15945700,6093626100,77729178700,3408.1502,3416.5929,3393.1643,3406.5735
140616000,3398.6719,1381400,17364400,6095007500,77746543100,3408.1502,3416.5929,3393.1643,3406.5735
140621000,3398.6148,1438700,15083600,6096446200,77761626700,3408.1502,3416.5929,3393.1643,3406.5735
140626000,3398.8579,1056300,16092500,6097502500,77777719200,3408.1502,3416.5929,3393.1643,3406.5735
140631000,3398.7729,2178200,26835400,6099680700,77804554600,3408.1502,3416.5929,3393.1643,3406.5735
140637000,3398.5692,1738400,19202600,6101419100,77823757200,3408.1502,3416.5929,3393.1643,3406.5735
140641000,3399.0498,1280900,19569900,6102700000,77843327100,3408.1502,3416.5929,3393.1643,3406.5735
140647000,3398.658,1770200,21263100,6104470200,77864590200,3408.1502,3416.5929,3393.1643,3406.5735
140652000,3398.5078,1362300,20039200,6105832500,77884629400,3408.1502,3416.5929,3393.1643,3406.5735
140657000,3398.7215,1704800,21018600,6107537300,77905648000,3408.1502,3416.5929,3393.1643,3406.5735
140702000,3398.5914,1678500,19162400,6109215800,77924810400,3408.1502,3416.5929,3393.1643,3406.5735
140707000,3398.5781,1272600,18132200,6110488400,77942942600,3408.1502,3416.5929,3393.1643,3406.5735
140712000,3398.7357,1060400,12022200,6111548800,77954964800,3408.1502,3416.5929,3393.1643,3406.5735
140717000,3398.5495,1307800,14788500,6112856600,77969753300,3408.1502,3416.5929,3393.1643,3406.5735
140722000,3398.5385,1226300,18333600,6114082900,77988086900,3408.1502,3416.5929,3393.1643,3406.5735
140727000,3398.3794,1214400,15369800,6115297300,78003456700,3408.1502,3416.5929,3393.1643,3406.5735
140732000,3398.6811,1293500,20289200,6116590800,78023745900,3408.1502,3416.5929,3393.1643,3406.5735
140737000,3398.8122,1963300,22736400,6118554100,78046482300,3408.1502,3416.5929,3393.1643,3406.5735
140742000,3398.7765,1156700,17711900,6119710800,78064194200,3408.1502,3416.5929,3393.1643,3406.5735
140747000,3398.7874,2049400,21065900,6121760200,78085260100,3408.1502,3416.5929,3393.1643,3406.5735
140752000,3398.5304,1889100,30916700,6123649300,78116176800,3408.1502,3416.5929,3393.1643,3406.5735
140757000,3398.2007,1314900,18343100,6124964200,78134519900,3408.1502,3416.5929,3393.1643,3406.5735
140802000,3398.2006,1440800,20432600,6126405000,78154952500,3408.1502,3416.5929,3393.1643,3406.5735
140807000,3398.5504,1590800,18484700,6127995800,78173437200,3408.1502,3416.5929,3393.1643,3406.5735
140812000,3398.7953,1242900,13929800,6129238700,78187367000,3408.1502,3416.5929,3393.1643,3406.5735
140817000,3398.295,4379000,20845300,6133617700,78208212300,3408.1502,3416.5929,3393.1643,3406.5735
140822000,3398.4019,1612600,18069400,6135230300,78226281700,3408.1502,3416.5929,3393.1643,3406.5735
140827000,3398.4406,1405600,16207600,6136635900,78242489300,3408.1502,3416.5929,3393.1643,3406.5735
140832000,3398.284,1283900,18702300,6137919800,78261191600,3408.1502,3416.5929,3393.1643,3406.5735
140837000,3398.55,1351000,17805500,6139270800,78278997100,3408.1502,3416.5929,3393.1643,3406.5735
140842000,3398.5371,1708400,14715800,6140979200,78293712900,3408.1502,3416.5929,3393.1643,3406.5735
140847000,3398.59,1609400,14434700,6142588600,78308147600,3408.1502,3416.5929,3393.1643,3406.5735
140852000,3398.4959,1426900,12291000,6144015500,78320438600,3408.1502,3416.5929,3393.1643,3406.5735
140857000,3398.2865,1816700,20649200,6145832200,78341087800,3408.1502,3416.5929,3393.1643,3406.5735
140902000,3398.6648,3433900,34851500,6149266100,78375939300,3408.1502,3416.5929,3393.1643,3406.5735
140907000,3398.6749,1572800,17852900,6150838900,78393792200,3408.1502,3416.5929,3393.1643,3406.5735
140912000,3398.2741,1178800,10831800,6152017700,78404624000,3408.1502,3416.5929,3393.1643,3406.5735
140917000,3398.4475,1167200,15602500,6153184900,78420226500,3408.1502,3416.5929,3393.1643,3406.5735
140922000,3398.417,1346000,17808100,6154530900,78438034600,3408.1502,3416.5929,3393.1643,3406.5735
140927000,3398.2747,1490300,15792100,6156021200,78453826700,3408.1502,3416.5929,3393.1643,3406.5735
140932000,3398.3092,938100,12320900,6156959300,78466147600,3408.1502,3416.5929,3393.1643,3406.5735
140937000,3398.1969,1080000,16229200,6158039300,78482376800,3408.1502,3416.5929,3393.1643,3406.5735
140942000,3398.5571,1517800,17510200,6159557100,78499887000,3408.1502,3416.5929,3393.1643,3406.5735
140947000,3398.3405,1325100,20943200,6160882200,78520830200,3408.1502,3416.5929,3393.1643,3406.5735
140952000,3398.2716,1403100,16134600,6162285300,78536964800,3408.1502,3416.5929,3393.1643,3406.5735
140957000,3398.3889,1108500,15498200,6163393800,78552463000,3408.1502,3416.5929,3393.1643,3406.5735
141002000,3398.1064,2223600,39292700,6165617400,78591755700,3408.1502,3416.5929,3393.1643,3406.5735
141007000,3398.1908,1629900,19599800,6167247300,78611355500,3408.1502,3416.5929,3393.1643,3406.5735
141012000,3397.8027,804800,9804700,6168052100,78621160200,3408.1502,3416.5929,3393.1643,3406.5735
141017000,3397.9031,1544800,23010300,6169596900,78644170500,3408.1502,3416.5929,3393.1643,3406.5735
141022000,3397.831,1639800,19785400,6171236700,78663955900,3408.1502,3416.5929,3393.1643,3406.5735
141027000,3398.0864,1428000,20378600,6172664700,78684334500,3408.1502,3416.5929,3393.1643,3406.5735
141032000,3398.1411,2407300,26183000,6175072000,78710517500,3408.1502,3416.5929,3393.1643,3406.5735
141037000,3397.5742,1429500,20422300,6176501500,78730939800,3408.1502,3416.5929,3393.1643,3406.5735
141042000,3397.7916,1374000,15152800,6177875500,78746092600,3408.1502,3416.5929,3393.1643,3406.5735
141047000,3398.0685,1590800,20003600,6179466300,78766096200,3408.1502,3416.5929,3393.1643,3406.5735
141052000,3397.9389,2306400,22493000,6181772700,78788589200,3408.1502,3416.5929,3393.1643,3406.5735
141057000,3397.8318,1840700,18523500,6183613400,78807112700,3408.1502,3416.5929,3393.1643,3406.5735
141102000,3397.579,1516400,19436100,6185129800,78826548800,3408.1502,3416.5929,3393.1643,3406.5735
141108000,3397.7241,1943700,23842600,6187073500,78850391400,3408.1502,3416.5929,3393.1643,3406.5735
141113000,3397.8832,1754600,21280600,6188828100,78871672000,3408.1502,3416.5929,3393.1643,3406.5735
141118000,3397.6682,1409700,14529200,6190237800,78886201200,3408.1502,3416.5929,3393.1643,3406.5735
141123000,3397.9549,1328000,18205700,6191565800,78904406900,3408.1502,3416.5929,3393.1643,3406.5735
141128000,3397.7261,1505300,21384200,6193071100,78925791100,3408.1502,3416.5929,3393.1643,3406.5735
141133000,3398.1718,1307400,17409300,6194378500,78943200400,3408.1502,3416.5929,3393.1643,3406.5735
141138000,3398.1241,1964400,22652400,6196342900,78965852800,3408.1502,3416.5929,3393.1643,3406.5735
141143000,3398.152,2565600,29791600,6198908500,78995644400,3408.1502,3416.5929,3393.1643,3406.5735
141148000,3398.335,1601800,21210100,6200510300,79016854500,3408.1502,3416.5929,3393.1643,3406.5735
141153000,3398.8242,3267200,36756700,6203777500,79053611200,3408.1502,3416.5929,3393.1643,3406.5735
141158000,3399.1917,3252900,37247700,6207030400,79090858900,3408.1502,3416.5929,3393.1643,3406.5735
141203000,3398.6107,2363400,29962600,6209393800,79120821500,3408.1502,3416.5929,3393.1643,3406.5735
141208000,3398.5314,2511500,27303900,6211905300,79148125400,3408.1502,3416.5929,3393.1643,3406.5735
141213000,3398.7072,2300000,25444700,6214205300,79173570100,3408.1502,3416.5929,3393.1643,3406.5735
141218000,3398.7614,1877900,20572100,6216083200,79194142200,3408.1502,3416.5929,3393.1643,3406.5735
141223000,3398.7694,1473600,16462400,6217556800,79210604600,3408.1502,3416.5929,3393.1643,3406.5735
141228000,3399.1971,2106100,24090300,6219662900,79234694900,3408.1502,3416.5929,3393.1643,3406.5735
141233000,3398.8127,1459800,16679600,6221122700,79251374500,3408.1502,3416.5929,3393.1643,3406.5735
141238000,3398.8965,1508700,16728200,6222631400,79268102700,3408.1502,3416.5929,3393.1643,3406.5735
141243000,3399.022,1600200,17691100,6224231600,79285793800,3408.1502,3416.5929,3393.1643,3406.5735
141248000,3399.0493,1372100,15840700,6225603700,79301634500,3408.1502,3416.5929,3393.1643,3406.5735
141253000,3399.2966,1220500,14812600,6226824200,79316447100,3408.1502,3416.5929,3393.1643,3406.5735
141258000,3399.1422,1577700,23262000,6228401900,79339709100,3408.1502,3416.5929,3393.1643,3406.5735
141303000,3398.7884,1519600,20802200,6229921500,79360511300,3408.1502,3416.5929,3393.1643,3406.5735
141308000,3399.0223,1182100,14591700,6231103600,79375103000,3408.1502,3416.5929,3393.1643,3406.5735
141313000,3398.8605,1539400,22280100,6232643000,79397383100,3408.1502,3416.5929,3393.1643,3406.5735
141318000,3398.71,2082500,17166800,6234725500,79414549900,3408.1502,3416.5929,3393.1643,3406.5735
141323000,3398.7684,1471000,19721700,6236196500,79434271600,3408.1502,3416.5929,3393.1643,3406.5735
141328000,3399.0541,1430500,22067000,6237627000,79456338600,3408.1502,3416.5929,3393.1643,3406.5735
141333000,3398.7294,1995400,19921900,6239622400,79476260500,3408.1502,3416.5929,3393.1643,3406.5735
141338000,3398.6749,1277400,20211100,6240899800,79496471600,3408.1502,3416.5929,3393.1643,3406.5735
141343000,3398.67,1067000,12202100,6241966800,79508673700,3408.1502,3416.5929,3393.1643,3406.5735
141348000,3398.6129,1208100,17148000,6243174900,79525821700,3408.1502,3416.5929,3393.1643,3406.5735
141353000,3398.5042,3578900,34046200,6246753800,79559867900,3408.1502,3416.5929,3393.1643,3406.5735
141358000,3398.3673,3912600,39572800,6250666400,79599440700,3408.1502,3416.5929,3393.1643,3406.5735
141403000,3397.7534,2310000,23139100,6252976400,79622579800,3408.1502,3416.5929,3393.1643,3406.5735
141408000,3398.128,2820800,35651300,6255797200,79658231100,3408.1502,3416.5929,3393.1643,3406.5735
141413000,3398.1043,1476200,18891100,6257273400,79677122200,3408.1502,3416.5929,3393.1643,3406.5735
141418000,3398.0972,3063100,30294400,6260336500,79707416600,3408.1502,3416.5929,3393.1643,3406.5735
141423000,3398.1428,1654600,20900300,6261991100,79728316900,3408.1502,3416.5929,3393.1643,3406.5735
141428000,3398.3141,2070600,23584100,6264061700,79751901000,3408.1502,3416.5929,3393.1643,3406.5735
141433000,3397.8726,2259500,23368900,6266321200,79775269900,3408.1502,3416.5929,3393.1643,3406.5735
141438000,3397.5871,1607000,24615700,6267928200,79799885600,3408.1502,3416.5929,3393.1643,3406.5735
141443000,3397.2676,2206300,24604000,6270134500,79824489600,3408.1502,3416.5929,3393.1643,3406.5735
141448000,3396.896,1582700,20530700,6271717200,79845020300,3408.1502,3416.5929,3393.1643,3406.5735
141453000,3397.3211,2039900,26569100,6273757100,79871589400,3408.1502,3416.5929,3393.1643,3406.5735
141458000,3396.6801,2338000,31505600,6276095100,79903095000,3408.1502,3416.5929,3393.1643,3406.5735
141504000,3396.6402,2685300,37185600,6278780400,79940280600,3408.1502,3416.5929,3393.1643,3406.5735
141508000,3396.7731,1300800,15863500,6280081200,79956144100,3408.1502,3416.5929,3393.1643,3406.5735
141513000,3395.7748,2954300,36444300,6283035500,79992588400,3408.1502,3416.5929,3393.1643,3406.5735
141518000,3396.0026,1920800,23172200,6284956300,80015760600,3408.1502,3416.5929,3393.1643,3406.5735
141524000,3395.9124,2534300,36566600,6287490600,80052327200,3408.1502,3416.5929,3393.1643,3406.5735
141529000,3395.7316,2129900,29125700,6289620500,80081452900,3408.1502,3416.5929,3393.1643,3406.5735
141534000,3395.4682,2325200,32503400,6291945700,80113956300,3408.1502,3416.5929,3393.1643,3406.5735
141539000,3395.4125,1792800,29634800,6293738500,80143591100,3408.1502,3416.5929,3393.1643,3406.5735
141544000,3395.0435,2687500,28413000,6296426000,80172004100,3408.1502,3416.5929,3393.1643,3406.5735
141549000,3394.784,3933100,39408900,6300359100,80211413000,3408.1502,3416.5929,3393.1643,3406.5735
141554000,3394.8984,2222100,27724500,6302581200,80239137500,3408.1502,3416.5929,3393.1643,3406.5735
141559000,3394.9774,2558000,29772100,6305139200,80268909600,3408.1502,3416.5929,3393.1643,3406.5735
141604000,3394.7741,5252800,52209600,6310392000,80321119200,3408.1502,3416.5929,3393.1643,3406.5735
141609000,3394.4597,2883400,26316800,6313275400,80347436000,3408.1502,3416.5929,3393.1643,3406.5735
141614000,3394.5266,2162600,28138900,6315438000,80375574900,3408.1502,3416.5929,3393.1643,3406.5735
141619000,3394.2042,3557000,40906300,6318995000,80416481200,3408.1502,3416.5929,3393.1643,3406.5735
141624000,3393.8622,2328400,27886700,6321323400,80444367900,3408.1502,3416.5929,3393.1643,3406.5735
141629000,3394.0238,2006600,24970500,6323330000,80469338400,3408.1502,3416.5929,3393.1643,3406.5735
141634000,3394.0248,2194400,30067100,6325524400,80499405500,3408.1502,3416.5929,3393.1643,3406.5735
141639000,3393.8529,1891400,24850400,6327415800,80524255900,3408.1502,3416.5929,3393.1643,3406.5735
141644000,3394.0884,2642100,30905800,6330057900,80555161700,3408.1502,3416.5929,3393.1643,3406.5735
141649000,3393.6957,2516400,34271800,6332574300,80589433500,3408.1502,3416.5929,3393.1643,3406.5735
141654000,3393.7328,1886700,21457200,6334461000,80610890700,3408.1502,3416.5929,3393.1643,3406.5735
141659000,3393.7811,2533900,32527700,6336994900,80643418400,3408.1502,3416.5929,3393.1643,3406.5735
141704000,3394.0415,2678100,33982400,6339673000,80677400800,3408.1502,3416.5929,3393.1643,3406.5735
141709000,3393.7183,2763900,31275100,6342436900,80708675900,3408.1502,3416.5929,3393.1643,3406.5735
141714000,3393.559,1631300,28772700,6344068200,80737448600,3408.1502,3416.5929,3393.1643,3406.5735
141719000,3393.5753,2840700,36146200,6346908900,80773594800,3408.1502,3416.5929,3393.1643,3406.5735
141724000,3393.9094,2341100,28053100,6349250000,80801647900,3408.1502,3416.5929,3393.1643,3406.5735
141729000,3393.7383,2431900,30218400,6351681900,80831866300,3408.1502,3416.5929,3393.1643,3406.5735
141734000,3393.5596,4000900,53967700,6355682800,80885834000,3408.1502,3416.5929,3393.1643,3406.5735
141739000,3393.7258,1889800,20540500,6357572600,80906374500,3408.1502,3416.5929,3393.1643,3406.5735
141744000,3393.3053,1634600,22577600,6359207200,80928952100,3408.1502,3416.5929,3393.1643,3406.5735
141749000,3392.7242,2966100,31108500,6362173300,80960060600,3408.1502,3416.5929,3392.7242,3406.5735
141754000,3393.2473,3559800,35944600,6365733100,80996005200,3408.1502,3416.5929,3392.7242,3406.5735
141759000,3393.3222,2911000,26590300,6368644100,81022595500,3408.1502,3416.5929,3392.7242,3406.5735
141804000,3392.9702,2280600,28478300,6370924700,81051073800,3408.1502,3416.5929,3392.7242,3406.5735
141809000,3392.9731,1672600,22406000,6372597300,81073479800,3408.1502,3416.5929,3392.7242,3406.5735
141814000,3392.8518,3290100,27634100,6375887400,81101113900,3408.1502,3416.5929,3392.7242,3406.5735
141819000,3393.1043,2648300,34466900,6378535700,81135580800,3408.1502,3416.5929,3392.7242,3406.5735
141824000,3393.0587,1778000,20450900,6380313700,81156031700,3408.1502,3416.5929,3392.7242,3406.5735
141829000,3393.3065,1516200,23124000,6381829900,81179155700,3408.1502,3416.5929,3392.7242,3406.5735
141834000,3393.2233,2094500,29039200,6383924400,81208194900,3408.1502,3416.5929,3392.7242,3406.5735
141839000,3393.0494,1141900,16437500,6385066300,81224632400,3408.1502,3416.5929,3392.7242,3406.5735
141844000,3393.0398,1081200,11318100,6386147500,81235950500,3408.1502,3416.5929,3392.7242,3406.5735
141849000,3393.2744,2681300,34833900,6388828800,81270784400,3408.1502,3416.5929,3392.7242,3406.5735
141854000,3393.0844,1481500,15504300,6390310300,81286288700,3408.1502,3416.5929,3392.7242,3406.5735
141859000,3392.7647,1081600,15175100,6391391900,81301463800,3408.1502,3416.5929,3392.7242,3406.5735
141904000,3392.9228,1749500,23303700,6393141400,81324767500,3408.1502,3416.5929,3392.7242,3406.5735
141909000,3392.8533,1830400,18816800,6394971800,81343584300,3408.1502,3416.5929,3392.7121,3406.5735
141914000,3393.2737,1487600,17539300,6396459400,81361123600,3408.1502,3416.5929,3392.7121,3406.5735
141919000,3393.3148,2688200,27304500,6399147600,81388428100,3408.1502,3416.5929,3392.7121,3406.5735
141925000,3393.7037,2657300,31285900,6401804900,81419714000,3408.1502,3416.5929,3392.7121,3406.5735
141929000,3393.2374,878200,13520500,6402683100,81433234500,3408.1502,3416.5929,3392.7121,3406.5735
141935000,3393.2193,2242800,27127100,6404925900,81460361600,3408.1502,3416.5929,3392.7121,3406.5735
141940000,3393.1616,1970600,23837900,6406896500,81484199500,3408.1502,3416.5929,3392.7121,3406.5735
141945000,3393.3706,1467000,17406900,6408363500,81501606400,3408.1502,3416.5929,3392.7121,3406.5735
141950000,3393.3348,1100900,15589300,6409464400,81517195700,3408.1502,3416.5929,3392.7121,3406.5735
141955000,3393.3456,1922100,22260000,6411386500,81539455700,3408.1502,3416.5929,3392.7121,3406.5735
142000000,3393.4429,1496100,18550400,6412882600,81558006100,3408.1502,3416.5929,3392.7121,3406.5735
142005000,3393.2104,1022600,14109600,6413905200,81572115700,3408.1502,3416.5929,3392.7121,3406.5735
142010000,3393.2766,2234100,23428400,6416139300,81595544100,3408.1502,3416.5929,3392.7121,3406.5735
142015000,3393.469,2601100,23340000,6418740400,81618884100,3408.1502,3416.5929,3392.7121,3406.5735
142020000,3393.5655,1071900,13520800,6419812300,81632404900,3408.1502,3416.5929,3392.7121,3406.5735
142025000,3393.521,2230300,27992700,6422042600,81660397600,3408.1502,3416.5929,3392.7121,3406.5735
142030000,3393.4059,2137600,20379000,6424180200,81680776600,3408.1502,3416.5929,3392.7121,3406.5735
142035000,3393.0003,1397100,15775900,6425577300,81696552500,3408.1502,3416.5929,3392.7121,3406.5735
142040000,3393.7237,2012300,29915200,6427589600,81726467700,3408.1502,3416.5929,3392.7121,3406.5735
142045000,3393.4473,916700,13326000,6428506300,81739793700,3408.1502,3416.5929,3392.7121,3406.5735
142050000,3393.2691,1127500,14520800,6429633800,81754314500,3408.1502,3416.5929,3392.7121,3406.5735
142055000,3393.4073,1537500,16602700,6431171300,81770917200,3408.1502,3416.5929,3392.7121,3406.5735
142100000,3393.3728,2050800,22395300,6433222100,81793312500,3408.1502,3416.5929,3392.7121,3406.5735
142105000,3393.549,1978200,20942600,6435200300,81814255100,3408.1502,3416.5929,3392.7121,3406.5735
142110000,3393.4491,2550500,32773100,6437750800,81847028200,3408.1502,3416.5929,3392.7121,3406.5735
142115000,3393.5725,1743400,21641300,6439494200,81868669500,3408.1502,3416.5929,3392.7121,3406.5735
142120000,3393.5097,2019700,25317000,6441513900,81893986500,3408.1502,3416.5929,3392.7121,3406.5735
142125000,3393.5466,2684900,32406800,6444198800,81926393300,3408.1502,3416.5929,3392.7121,3406.5735
142130000,3393.8485,1507300,18827200,6445706100,81945220500,3408.1502,3416.5929,3392.7121,3406.5735
142135000,3393.9882,2103000,24515100,6447809100,81969735600,3408.1502,3416.5929,3392.7121,3406.5735
142140000,3393.757,2034600,25486700,6449843700,81995222300,3408.1502,3416.5929,3392.7121,3406.5735
142145000,3394.0999,1464800,16706300,6451308500,82011928600,3408.1502,3416.5929,3392.7121,3406.5735
142150000,3394.1414,1128200,15010200,6452436700,82026938800,3408.1502,3416.5929,3392.7121,3406.5735
142155000,3393.8812,1681400,21156800,6454118100,82048095600,3408.1502,3416.5929,3392.7121,3406.5735
142200000,3393.9033,1152300,20648300,6455270400,82068743900,3408.1502,3416.5929,3392.7121,3406.5735
142205000,3394.4389,2131600,32255200,6457402000,82100999100,3408.1502,3416.5929,3392.7121,3406.5735
142210000,3395.5048,2789200,36696100,6460191200,82137695200,3408.1502,3416.5929,3392.7121,3406.5735
142215000,3394.9709,2096500,24483600,6462287700,82162178800,3408.1502,3416.5929,3392.7121,3406.5735
142220000,3394.9937,1384900,15230200,6463672600,82177409000,3408.1502,3416.5929,3392.7121,3406.5735
142225000,3395.2814,2288400,27918100,6465961000,82205327100,3408.1502,3416.5929,3392.7121,3406.5735
142230000,3395.1642,1265100,15477600,6467226100,82220804700,3408.1502,3416.5929,3392.7121,3406.5735
142235000,3395.2736,1924600,20371000,6469150700,82241175700,3408.1502,3416.5929,3392.7121,3406.5735
142240000,3394.8779,2638700,29871500,6471789400,82271047200,3408.1502,3416.5929,3392.7121,3406.5735
142245000,3395.2638,2404600,32499100,6474194000,82303546300,3408.1502,3416.5929,3392.7121,3406.5735
142250000,3395.2579,1864600,18058600,6476058600,82321604900,3408.1502,3416.5929,3392.7121,3406.5735
142255000,3395.3464,2147300,25165900,6478205900,82346770800,3408.1502,3416.5929,3392.7121,3406.5735
142300000,3395.3544,1863300,18654600,6480069200,82365425400,3408.1502,3416.5929,3392.7121,3406.5735
142305000,3395.4723,1847900,22296900,6481917100,82387722300,3408.1502,3416.5929,3392.7121,3406.5735
142310000,3395.3995,1950300,24387000,6483867400,82412109300,3408.1502,3416.5929,3392.7121,3406.5735
142315000,3395.4593,1177400,16687400,6485044800,82428796700,3408.1502,3416.5929,3392.7121,3406.5735
142320000,3395.4146,1517600,17153500,6486562400,82445950200,3408.1502,3416.5929,3392.7121,3406.5735
142325000,3395.7025,2261400,24657500,6488823800,82470607700,3408.1502,3416.5929,3392.7121,3406.5735
142330000,3395.6486,1436100,17628400,6490259900,82488236100,3408.1502,3416.5929,3392.7121,3406.5735
142335000,3395.5145,2071800,24162400,6492331700,82512398500,3408.1502,3416.5929,3392.7121,3406.5735
142340000,3395.3891,1707100,23087900,6494038800,82535486400,3408.1502,3416.5929,3392.7121,3406.5735
142345000,3395.7625,1846900,22492600,6495885700,82557979000,3408.1502,3416.5929,3392.7121,3406.5735
142351000,3396.1061,1515500,21586000,6497401200,82579565000,3408.1502,3416.5929,3392.7121,3406.5735
142356000,3395.9841,1587400,20167400,6498988600,82599732400,3408.1502,3416.5929,3392.7121,3406.5735
142401000,3395.4996,3765700,31008500,6502754300,82630740900,3408.1502,3416.5929,3392.7121,3406.5735
142406000,3396.3719,1501300,17276000,6504255600,82648016900,3408.1502,3416.5929,3392.7121,3406.5735
142411000,3396.5254,1455500,19312000,6505711100,82667328900,3408.1502,3416.5929,3392.7121,3406.5735
142416000,3396.0751,1759400,22111900,6507470500,82689440800,3408.1502,3416.5929,3392.7121,3406.5735
142421000,3396.2186,1564900,16298200,6509035400,82705739000,3408.1502,3416.5929,3392.7121,3406.5735
142426000,3396.1993,1121700,15255900,6510157100,82720994900,3408.1502,3416.5929,3392.7121,3406.5735
142431000,3396.0861,2514800,23582000,6512671900,82744576900,3408.1502,3416.5929,3392.7121,3406.5735
142436000,3396.0344,1202800,16861900,6513874700,82761438800,3408.1502,3416.5929,3392.7121,3406.5735
142441000,3395.8231,2296300,23524200,6516171000,82784963000,3408.1502,3416.5929,3392.7121,3406.5735
142446000,3395.9086,1896300,23910300,6518067300,82808873300,3408.1502,3416.5929,3392.7121,3406.5735
142451000,3395.8827,2047400,18831900,6520114700,82827705200,3408.1502,3416.5929,3392.7121,3406.5735
142456000,3395.8094,1439500,17178500,6521554200,82844883700,3408.1502,3416.5929,3392.7121,3406.5735
142501000,3396.0376,1243300,16180700,6522797500,82861064400,3408.1502,3416.5929,3392.7121,3406.5735
142506000,3395.8945,1172700,18525000,6523970200,82879589400,3408.1502,3416.5929,3392.7121,3406.5735
142511000,3395.6242,1909900,19560000,6525880100,82899149400,3408.1502,3416.5929,3392.7121,3406.5735
142516000,3395.6039,2494500,29641100,6528374600,82928790500,3408.1502,3416.5929,3392.7121,3406.5735
142521000,3395.3443,1304600,15094900,6529679200,82943885400,3408.1502,3416.5929,3392.7121,3406.5735
142526000,3395.347,1905400,20512500,6531584600,82964397900,3408.1502,3416.5929,3392.7121,3406.5735
142531000,3395.144,1705800,22450600,6533290400,82986848500,3408.1502,3416.5929,3392.7121,3406.5735
142536000,3395.2668,1883300,21866800,6535173700,83008715300,3408.1502,3416.5929,3392.7121,3406.5735
142541000,3394.9132,1255300,16849500,6536429000,83025564800,3408.1502,3416.5929,3392.7121,3406.5735
142546000,3395.1679,1932400,24791400,6538361400,83050356200,3408.1502,3416.5929,3392.7121,3406.5735
142551000,3395.0884,1482200,24169700,6539843600,83074525900,3408.1502,3416.5929,3392.7121,3406.5735
142556000,3395.264,1109500,15726800,6540953100,83090252700,3408.1502,3416.5929,3392.7121,3406.5735
142601000,3395.0198,2144500,25578100,6543097600,83115830800,3408.1502,3416.5929,3392.7121,3406.5735
142606000,3394.9789,1671500,20435600,6544769100,83136266400,3408.1502,3416.5929,3392.7121,3406.5735
142611000,3394.7088,1478300,19243400,6546247400,83155509800,3408.1502,3416.5929,3392.7121,3406.5735
142616000,3394.6502,1552700,23454200,6547800100,83178964000,3408.1502,3416.5929,3392.7121,3406.5735
142621000,3394.6587,2316000,22901800,6550116100,83201865800,3408.1502,3416.5929,3392.7121,3406.5735
142626000,3394.8081,1096300,15161400,6551212400,83217027200,3408.1502,3416.5929,3392.7121,3406.5735
142631000,3394.762,1640000,21661500,6552852400,83238688700,3408.1502,3416.5929,3392.7121,3406.5735
142636000,3395.1341,1528900,16380200,6554381300,83255068900,3408.1502,3416.5929,3392.7121,3406.5735
142641000,3394.8019,1623300,21008900,6556004600,83276077800,3408.1502,3416.5929,3392.7121,3406.5735
142646000,3394.7623,2847800,36288800,6558852400,83312366600,3408.1502,3416.5929,3392.7121,3406.5735
142651000,3394.9529,1436300,17722900,6560288700,83330089500,3408.1502,3416.5929,3392.7121,3406.5735
142656000,3394.7775,1418000,20309600,6561706700,83350399100,3408.1502,3416.5929,3392.7121,3406.5735
142701000,3394.7408,1718500,22187900,6563425200,83372587000,3408.1502,3416.5929,3392.7121,3406.5735
142706000,3394.5484,1437500,18720300,6564862700,83391307300,3408.1502,3416.5929,3392.7121,3406.5735
142711000,3394.4455,1042900,15991300,6565905600,83407298600,3408.1502,3416.5929,3392.7121,3406.5735
142716000,3394.5097,2339000,29606200,6568244600,83436904800,3408.1502,3416.5929,3392.7121,3406.5735
142721000,3394.5693,2112100,21813300,6570356700,83458718100,3408.1502,3416.5929,3392.7121,3406.5735
142726000,3394.7162,1582900,16985300,6571939600,83475703400,3408.1502,3416.5929,3392.7121,3406.5735
142731000,3394.6179,2138100,31742200,6574077700,83507445600,3408.1502,3416.5929,3392.7121,3406.5735
142736000,3394.4748,1448700,22151900,6575526400,83529597500,3408.1502,3416.5929,3392.7121,3406.5735
142741000,3394.3208,1277200,17039000,6576803600,83546636500,3408.1502,3416.5929,3392.7121,3406.5735
142746000,3394.3998,1706300,25744400,6578509900,83572380900,3408.1502,3416.5929,3392.7121,3406.5735
142751000,3394.5727,1299600,15166000,6579809500,83587546900,3408.1502,3416.5929,3392.7121,3406.5735
142756000,3394.5907,971000,13685800,6580780500,83601232700,3408.1502,3416.5929,3392.7121,3406.5735
142802000,3394.1602,2706000,38972400,6583486500,83640205100,3408.1502,3416.5929,3392.7121,3406.5735
142806000,3394.1535,1961300,26354000,6585447800,83666559100,3408.1502,3416.5929,3392.7121,3406.5735
142812000,3394.2117,1741300,26835900,6587189100,83693395000,3408.1502,3416.5929,3392.7121,3406.5735
142817000,3394.1347,1301500,17722600,6588490600,83711117600,3408.1502,3416.5929,3392.7121,3406.5735
142822000,3394.4822,2058700,29234100,6590549300,83740351700,3408.1502,3416.5929,3392.7121,3406.5735
142827000,3394.4435,1285300,22035100,6591834600,83762386800,3408.1502,3416.5929,3392.7121,3406.5735
142832000,3394.2836,1086000,18202300,6592920600,83780589100,3408.1502,3416.5929,3392.7121,3406.5735
142837000,3394.481,1997200,24336000,6594917800,83804925100,3408.1502,3416.5929,3392.7121,3406.5735
142842000,3394.2261,1239500,17832000,6596157300,83822757100,3408.1502,3416.5929,3392.7121,3406.5735
142847000,3394.0552,2076300,22250400,6598233600,83845007500,3408.1502,3416.5929,3392.7121,3406.5735
142852000,3394.1233,2140500,23036000,6600374100,83868043500,3408.1502,3416.5929,3392.7121,3406.5735
142857000,3394.1532,1432700,19383900,6601806800,83887427400,3408.1502,3416.5929,3392.7121,3406.5735
142902000,3393.9904,1951300,25168100,6603758100,83912595500,3408.1502,3416.5929,3392.7121,3406.5735
142907000,3393.9392,2233700,26083500,6605991800,83938679000,3408.1502,3416.5929,3392.7121,3406.5735
142912000,3394.1172,1605700,18212800,6607597500,83956891800,3408.1502,3416.5929,3392.7121,3406.5735
142917000,3394.1021,1946200,19013300,6609543700,83975905100,3408.1502,3416.5929,3392.7121,3406.5735
142922000,3394.0746,1574500,21834000,6611118200,83997739100,3408.1502,3416.5929,3392.7121,3406.5735
142927000,3393.8125,816600,10699500,6611934800,84008438600,3408.1502,3416.5929,3392.7121,3406.5735
142932000,3393.909,938400,13636400,6612873200,84022075000,3408.1502,3416.5929,3392.7121,3406.5735
142937000,3394.0144,2715700,27147100,6615588900,84049222100,3408.1502,3416.5929,3392.7121,3406.5735
142942000,3394.1587,1279300,17578100,6616868200,84066800200,3408.1502,3416.5929,3392.7121,3406.5735
142947000,3394.0232,2022200,16256600,6618890400,84083056800,3408.1502,3416.5929,3392.7121,3406.5735
142952000,3393.988,3857700,35583100,6622748100,84118639900,3408.1502,3416.5929,3392.7121,3406.5735
142957000,3393.8826,1459400,18172800,6624207500,84136812700,3408.1502,3416.5929,3392.7121,3406.5735
143002000,3393.6922,1233500,16268500,6625441000,84153081200,3408.1502,3416.5929,3392.7121,3406.5735
143007000,3393.9877,2283700,27113900,6627724700,84180195100,3408.1502,3416.5929,3392.7121,3406.5735
143012000,3393.7658,2692000,24911500,6630416700,84205106600,3408.1502,3416.5929,3392.7121,3406.5735
143017000,3393.8126,1633200,20046700,6632049900,84225153300,3408.1502,3416.5929,3392.7121,3406.5735
143022000,3393.9966,2458000,29169800,6634507900,84254323100,3408.1502,3416.5929,3392.7121,3406.5735
143027000,3393.7525,2031100,29383600,6636539000,84283706700,3408.1502,3416.5929,3392.7121,3406.5735
143032000,3393.4261,1232400,16103500,6637771400,84299810200,3408.1502,3416.5929,3392.7121,3406.5735
143037000,3393.368,2025300,26705100,6639796700,84326515300,3408.1502,3416.5929,3392.7121,3406.5735
143042000,3393.4699,1130300,16646900,6640927000,84343162200,3408.1502,3416.5929,3392.7121,3406.5735
143047000,3393.5455,1185200,17072400,6642112200,84360234600,3408.1502,3416.5929,3392.7121,3406.5735
143052000,3393.3903,2153400,27306200,6644265600,84387540800,3408.1502,3416.5929,3392.7121,3406.5735
143057000,3393.3614,1844800,19494900,6646110400,84407035700,3408.1502,3416.5929,3392.7121,3406.5735
143102000,3393.4788,1606400,21781500,6647716800,84428817200,3408.1502,3416.5929,3392.7121,3406.5735
143107000,3393.0425,2593600,34828600,6650310400,84463645800,3408.1502,3416.5929,3392.7121,3406.5735
143112000,3392.8794,1769100,20316200,6652079500,84483962000,3408.1502,3416.5929,3392.7121,3406.5735
143117000,3393.3523,1813100,20054700,6653892600,84504016700,3408.1502,3416.5929,3392.7121,3406.5735
143122000,3393.0393,1910800,30697100,6655803400,84534713800,3408.1502,3416.5929,3392.7121,3406.5735
143127000,3393.1379,1753400,20095500,6657556800,84554809300,3408.1502,3416.5929,3392.7121,3406.5735
143132000,3393.0321,1530800,17771000,6659087600,84572580300,3408.1502,3416.5929,3392.7121,3406.5735
143137000,3392.6545,2138300,29311300,6661225900,84601891600,3408.1502,3416.5929,3392.6545,3406.5735
143142000,3392.7654,2557600,23839000,6663783500,84625730600,3408.1502,3416.5929,3392.5494,3406.5735
143147000,3392.9491,2964200,26950400,6666747700,84652681000,3408.1502,3416.5929,3392.5494,3406.5735
143152000,3392.4691,1538100,25876800,6668285800,84678557800,3408.1502,3416.5929,3392.4691,3406.5735
143157000,3392.4839,1666400,23321500,6669952200,84701879300,3408.1502,3416.5929,3392.2209,3406.5735
143203000,3392.1444,1803100,23317700,6671755300,84725197000,3408.1502,3416.5929,3392.1444,3406.5735
143207000,3391.9962,1030900,14878300,6672786200,84740075300,3408.1502,3416.5929,3391.9897,3406.5735
143212000,3391.9039,1749400,24565400,6674535600,84764640700,3408.1502,3416.5929,3391.5962,3406.5735
143218000,3391.7635,2259800,33790100,6676795400,84798430800,3408.1502,3416.5929,3391.5368,3406.5735
143222000,3391.529,2188000,32006700,6678983400,84830437500,3408.1502,3416.5929,3391.529,3406.5735
143228000,3391.6223,2512200,38655200,6681495600,84869092700,3408.1502,3416.5929,3391.4608,3406.5735
143233000,3392.0743,1260800,16444600,6682756400,84885537300,3408.1502,3416.5929,3391.4608,3406.5735
143238000,3391.1007,1688700,23482200,6684445100,84909019500,3408.1502,3416.5929,3391.1007,3406.5735
143243000,3391.1564,2558400,32649200,6687003500,84941668700,3408.1502,3416.5929,3390.9224,3406.5735
143248000,3391.4013,2224700,37389400,6689228200,84979058100,3408.1502,3416.5929,3390.9224,3406.5735
143253000,3391.1973,2490800,30626800,6691719000,85009684900,3408.1502,3416.5929,3390.9224,3406.5735
143258000,3391.068,2772600,35689200,6694491600,85045374100,3408.1502,3416.5929,3390.9224,3406.5735
143303000,3391.24,1875400,26261700,6696367000,85071635800,3408.1502,3416.5929,3390.9224,3406.5735
143308000,3390.7819,1936600,23044800,6698303600,85094680600,3408.1502,3416.5929,3390.6883,3406.5735
143313000,3391.1683,2115100,26797200,6700418700,85121477800,3408.1502,3416.5929,3390.6883,3406.5735
143318000,3390.9222,1913500,23490900,6702332200,85144968700,3408.1502,3416.5929,3390.6883,3406.5735
143323000,3390.5426,2364900,28904000,6704697100,85173872700,3408.1502,3416.5929,3390.4497,3406.5735
143328000,3390.5868,2499500,31981400,6707196600,85205854100,3408.1502,3416.5929,3390.3921,3406.5735
143333000,3390.446,3365500,35394100,6710562100,85241248200,3408.1502,3416.5929,3390.1296,3406.5735
143338000,3390.1354,2370700,30691800,6712932800,85271940000,3408.1502,3416.5929,3390.1296,3406.5735
143343000,3390.3037,3545600,40932600,6716478400,85312872600,3408.1502,3416.5929,3390.0831,3406.5735
143348000,3390.1719,2132100,25924600,6718610500,85338797200,3408.1502,3416.5929,3389.9466,3406.5735
143353000,3390.0584,1920200,25167900,6720530700,85363965100,3408.1502,3416.5929,3389.9466,3406.5735
143358000,3390.2212,2187000,34054300,6722717700,85398019400,3408.1502,3416.5929,3389.9343,3406.5735
143403000,3390.0821,2847200,38622000,6725564900,85436641400,3408.1502,3416.5929,3389.9343,3406.5735
143408000,3389.9297,2080800,31023300,6727645700,85467664700,3408.1502,3416.5929,3389.9297,3406.5735
143413000,3389.8755,2479600,29356400,6730125300,85497021100,3408.1502,3416.5929,3389.8755,3406.5735
143418000,3389.9518,2738400,24404700,6732863700,85521425800,3408.1502,3416.5929,3389.8559,3406.5735
143423000,3389.7065,8396600,45631800,6741260300,85567057600,3408.1502,3416.5929,3389.7065,3406.5735
143428000,3389.7415,3928200,32760300,6745188500,85599817900,3408.1502,3416.5929,3389.447,3406.5735
143433000,3389.8648,1875600,26235100,6747064100,85626053000,3408.1502,3416.5929,3389.447,3406.5735
143438000,3389.6277,1507600,22644100,6748571700,85648697100,3408.1502,3416.5929,3389.447,3406.5735
143443000,3389.4698,3233500,38208200,6751805200,85686905300,3408.1502,3416.5929,3389.447,3406.5735
143448000,3389.5508,2093500,28540800,6753898700,85715446100,3408.1502,3416.5929,3389.447,3406.5735
143453000,3389.4589,1785800,24885900,6755684500,85740332000,3408.1502,3416.5929,3389.3581,3406.5735
143458000,3389.4367,2627600,31847400,6758312100,85772179400,3408.1502,3416.5929,3389.2602,3406.5735
143503000,3388.9725,2446800,34590600,6760758900,85806770000,3408.1502,3416.5929,3388.9725,3406.5735
143508000,3389.1996,2154500,31243500,6762913400,85838013500,3408.1502,3416.5929,3388.8143,3406.5735
143513000,3389.0942,2716700,29777100,6765630100,85867790600,3408.1502,3416.5929,3388.8143,3406.5735
143518000,3389.5476,1912900,22686300,6767543000,85890476900,3408.1502,3416.5929,3388.8143,3406.5735
143523000,3389.4178,2175300,28804700,6769718300,85919281600,3408.1502,3416.5929,3388.8143,3406.5735
143528000,3389.3529,2451800,43745900,6772170100,85963027500,3408.1502,3416.5929,3388.8143,3406.5735
143533000,3389.1058,1742900,28252100,6773913000,85991279600,3408.1502,3416.5929,3388.8143,3406.5735
143538000,3388.9758,1755600,26423600,6775668600,86017703200,3408.1502,3416.5929,3388.8143,3406.5735
143543000,3389.4793,3750300,39899000,6779418900,86057602200,3408.1502,3416.5929,3388.8143,3406.5735
143548000,3389.4448,3232900,37524700,6782651800,86095126900,3408.1502,3416.5929,3388.8143,3406.5735
143553000,3389.1889,2177400,30112300,6784829200,86125239200,3408.1502,3416.5929,3388.8143,3406.5735
143558000,3389.43,3330700,34125600,6788159900,86159364800,3408.1502,3416.5929,3388.8143,3406.5735
143603000,3389.4582,2992100,32515800,6791152000,86191880600,3408.1502,3416.5929,3388.8143,3406.5735
143608000,3389.1142,1968300,21534700,6793120300,86213415300,3408.1502,3416.5929,3388.8143,3406.5735
143613000,3389.0926,2888600,33565800,6796008900,86246981100,3408.1502,3416.5929,3388.8143,3406.5735
143618000,3389.2655,1833300,28430000,6797842200,86275411100,3408.1502,3416.5929,3388.8143,3406.5735
143623000,3389.6077,1709000,23470200,6799551200,86298881300,3408.1502,3416.5929,3388.8143,3406.5735
143629000,3389.6195,2336200,26316400,6801887400,86325197700,3408.1502,3416.5929,3388.8143,3406.5735
143633000,3389.6333,2044700,21940200,6803932100,86347137900,3408.1502,3416.5929,3388.8143,3406.5735
143639000,3389.4388,2168700,28395600,6806100800,86375533500,3408.1502,3416.5929,3388.8143,3406.5735
143644000,3389.514,1638700,20633200,6807739500,86396166700,3408.1502,3416.5929,3388.8143,3406.5735
143649000,3389.7469,2652500,36406500,6810392000,86432573200,3408.1502,3416.5929,3388.8143,3406.5735
143654000,3389.6731,1908100,28384300,6812300100,86460957500,3408.1502,3416.5929,3388.8143,3406.5735
143659000,3390.0113,2250200,31459400,6814550300,86492416900,3408.1502,3416.5929,3388.8143,3406.5735
143704000,3390.5723,3365400,39077400,6817915700,86531494300,3408.1502,3416.5929,3388.8143,3406.5735
143709000,3390.3845,2495100,30502500,6820410800,86561996800,3408.1502,3416.5929,3388.8143,3406.5735
143714000,3390.6721,1924500,22934600,6822335300,86584931400,3408.1502,3416.5929,3388.8143,3406.5735
143719000,3390.6806,3303500,26837500,6825638800,86611768900,3408.1502,3416.5929,3388.8143,3406.5735
143724000,3390.6163,2040900,18403100,6827679700,86630172000,3408.1502,3416.5929,3388.8143,3406.5735
143729000,3390.5283,1411400,18762300,6829091100,86648934300,3408.1502,3416.5929,3388.8143,3406.5735
143734000,3390.5022,1836200,26195200,6830927300,86675129500,3408.1502,3416.5929,3388.8143,3406.5735
143739000,3389.822,2656900,22776500,6833584200,86697906000,3408.1502,3416.5929,3388.8143,3406.5735
143744000,3390.535,1994300,27476200,6835578500,86725382200,3408.1502,3416.5929,3388.8143,3406.5735
143749000,3390.3203,2939400,30266900,6838517900,86755649100,3408.1502,3416.5929,3388.8143,3406.5735
143754000,3390.876,1417400,16809600,6839935300,86772458700,3408.1502,3416.5929,3388.8143,3406.5735
143759000,3390.9042,2308100,26320700,6842243400,86798779400,3408.1502,3416.5929,3388.8143,3406.5735
143804000,3391.0592,2795200,37311800,6845038600,86836091200,3408.1502,3416.5929,3388.8143,3406.5735
143809000,3390.9754,2236000,25409900,6847274600,86861501100,3408.1502,3416.5929,3388.8143,3406.5735
143814000,3391.3293,1803700,22312400,6849078300,86883813500,3408.1502,3416.5929,3388.8143,3406.5735
143819000,3391.5305,2672300,30895300,6851750600,86914708800,3408.1502,3416.5929,3388.8143,3406.5735
143824000,3391.69,2687100,26375800,6854437700,86941084600,3408.1502,3416.5929,3388.8143,3406.5735
143829000,3391.8967,2269400,21542800,6856707100,86962627400,3408.1502,3416.5929,3388.8143,3406.5735
143834000,3391.6411,2083400,34502100,6858790500,86997129500,3408.1502,3416.5929,3388.8143,3406.5735
143839000,3391.6189,1379100,16568700,6860169600,87013698200,3408.1502,3416.5929,3388.8143,3406.5735
143844000,3392.1053,2746400,29377000,6862916000,87043075200,3408.1502,3416.5929,3388.8143,3406.5735
143849000,3392.1769,3161500,34331300,6866077500,87077406500,3408.1502,3416.5929,3388.8143,3406.5735
143854000,3392.1732,3040300,30389900,6869117800,87107796400,3408.1502,3416.5929,3388.8143,3406.5735
143859000,3392.5621,2157600,29680400,6871275400,87137476800,3408.1502,3416.5929,3388.8143,3406.5735
143904000,3392.9105,2379800,35530600,6873655200,87173007400,3408.1502,3416.5929,3388.8143,3406.5735
143909000,3392.4676,2679000,31465600,6876334200,87204473000,3408.1502,3416.5929,3388.8143,3406.5735
143914000,3392.6574,1785100,24548500,6878119300,87229021500,3408.1502,3416.5929,3388.8143,3406.5735
143919000,3393.0898,2460900,34756100,6880580200,87263777600,3408.1502,3416.5929,3388.8143,3406.5735
143924000,3392.9863,1786400,23501300,6882366600,87287278900,3408.1502,3416.5929,3388.8143,3406.5735
143929000,3393.2676,2071300,26116900,6884437900,87313395800,3408.1502,3416.5929,3388.8143,3406.5735
143934000,3393.1546,2751000,29305100,6887188900,87342700900,3408.1502,3416.5929,3388.8143,3406.5735
143939000,3392.93,1810400,21913100,6888999300,87364614000,3408.1502,3416.5929,3388.8143,3406.5735
143944000,3393.3251,1688000,24310800,6890687300,87388924800,3408.1502,3416.5929,3388.8143,3406.5735
143949000,3393.1903,1994900,29214200,6892682200,87418139000,3408.1502,3416.5929,3388.8143,3406.5735
143954000,3393.4906,1719800,19889100,6894402000,87438028100,3408.1502,3416.5929,3388.8143,3406.5735
143959000,3393.638,1558600,21874400,6895960600,87459902500,3408.1502,3416.5929,3388.8143,3406.5735
144004000,3394.0866,3143200,43526900,6899103800,87503429400,3408.1502,3416.5929,3388.8143,3406.5735
144009000,3393.9346,1912000,23236500,6901015800,87526665900,3408.1502,3416.5929,3388.8143,3406.5735
144014000,3393.8667,1976800,22159100,6902992600,87548825000,3408.1502,3416.5929,3388.8143,3406.5735
144019000,3394.235,2195800,34233000,6905188400,87583058000,3408.1502,3416.5929,3388.8143,3406.5735
144024000,3394.3218,1536400,20621300,6906724800,87603679300,3408.1502,3416.5929,3388.8143,3406.5735
144029000,3394.6579,2294800,26541100,6909019600,87630220400,3408.1502,3416.5929,3388.8143,3406.5735
144034000,3394.6087,3415000,38646000,6912434600,87668866400,3408.1502,3416.5929,3388.8143,3406.5735
144039000,3394.2337,1827200,22258800,6914261800,87691125200,3408.1502,3416.5929,3388.8143,3406.5735
144045000,3394.6071,1929600,25148300,6916191400,87716273500,3408.1502,3416.5929,3388.8143,3406.5735
144049000,3394.5907,1739600,19778100,6917931000,87736051600,3408.1502,3416.5929,3388.8143,3406.5735
144055000,3394.3623,1596500,23504300,6919527500,87759555900,3408.1502,3416.5929,3388.8143,3406.5735
144100000,3394.4457,1807100,22804300,6921334600,87782360200,3408.1502,3416.5929,3388.8143,3406.5735
144105000,3395.3509,1412100,15944700,6922746700,87798304900,3408.1502,3416.5929,3388.8143,3406.5735
144110000,3394.72,2162100,26025500,6924908800,87824330400,3408.1502,3416.5929,3388.8143,3406.5735
144115000,3395.1424,2989100,28909200,6927897900,87853239600,3408.1502,3416.5929,3388.8143,3406.5735
144120000,3394.9652,2821200,24469100,6930719100,87877708700,3408.1502,3416.5929,3388.8143,3406.5735
144125000,3395.2416,2402400,31495400,6933121500,87909204100,3408.1502,3416.5929,3388.8143,3406.5735
144130000,3395.3058,1739500,20847600,6934861000,87930051700,3408.1502,3416.5929,3388.8143,3406.5735
144135000,3395.4632,1942300,24343600,6936803300,87954395300,3408.1502,3416.5929,3388.8143,3406.5735
144140000,3395.4342,2479800,28682500,6939283100,87983077800,3408.1502,3416.5929,3388.8143,3406.5735
144145000,3395.406,3386000,32340000,6942669100,88015417800,3408.1502,3416.5929,3388.8143,3406.5735
144150000,3395.5834,2493000,25313400,6945162100,88040731200,3408.1502,3416.5929,3388.8143,3406.5735
144155000,3395.6785,1819400,24000300,6946981500,88064731500,3408.1502,3416.5929,3388.8143,3406.5735
144200000,3395.5111,1803700,22785200,6948785200,88087516700,3408.1502,3416.5929,3388.8143,3406.5735
144205000,3395.8492,2223100,27144800,6951008300,88114661500,3408.1502,3416.5929,3388.8143,3406.5735
144210000,3395.7537,3842400,42384100,6954850700,88157045600,3408.1502,3416.5929,3388.8143,3406.5735
144215000,3395.735,1560300,18834800,6956411000,88175880400,3408.1502,3416.5929,3388.8143,3406.5735
144220000,3395.8924,1877500,24098200,6958288500,88199978600,3408.1502,3416.5929,3388.8143,3406.5735
144225000,3396.1494,2471400,29524000,6960759900,88229502600,3408.1502,3416.5929,3388.8143,3406.5735
144230000,3396.1079,1879700,22169400,6962639600,88251672000,3408.1502,3416.5929,3388.8143,3406.5735
144235000,3395.9343,1257400,15997900,6963897000,88267669900,3408.1502,3416.5929,3388.8143,3406.5735
144240000,3396.2338,2526300,33602600,6966423300,88301272500,3408.1502,3416.5929,3388.8143,3406.5735
144245000,3396.3821,1511400,18915700,6967934700,88320188200,3408.1502,3416.5929,3388.8143,3406.5735
144250000,3396.4405,1632800,21786400,6969567500,88341974600,3408.1502,3416.5929,3388.8143,3406.5735
144255000,3396.252,2286100,31828800,6971853600,88373803400,3408.1502,3416.5929,3388.8143,3406.5735
144300000,3396.3946,1651100,20992100,6973504700,88394795500,3408.1502,3416.5929,3388.8143,3406.5735
144305000,3396.2564,1249100,18900400,6974753800,88413695900,3408.1502,3416.5929,3388.8143,3406.5735
144310000,3396.0075,2018800,32632000,6976772600,88446327900,3408.1502,3416.5929,3388.8143,3406.5735
144315000,3396.3125,2549000,28325300,6979321600,88474653200,3408.1502,3416.5929,3388.8143,3406.5735
144320000,3396.4925,2305000,35243400,6981626600,88509896600,3408.1502,3416.5929,3388.8143,3406.5735
144325000,3396.5409,2966800,36049600,6984593400,88545946200,3408.1502,3416.5929,3388.8143,3406.5735
144330000,3396.3761,2037200,28104900,6986630600,88574051100,3408.1502,3416.5929,3388.8143,3406.5735
144335000,3396.4513,2680400,26537100,6989311000,88600588200,3408.1502,3416.5929,3388.8143,3406.5735
144340000,3396.6185,2848100,41531400,6992159100,88642119600,3408.1502,3416.5929,3388.8143,3406.5735
144345000,3396.7496,1629200,22031400,6993788300,88664151000,3408.1502,3416.5929,3388.8143,3406.5735
144350000,3396.5521,1522900,20057500,6995311200,88684208500,3408.1502,3416.5929,3388.8143,3406.5735
144355000,3397.0292,2230600,29528300,6997541800,88713736800,3408.1502,3416.5929,3388.8143,3406.5735
144400000,3396.772,1716900,22657100,6999258700,88736393900,3408.1502,3416.5929,3388.8143,3406.5735
144405000,3396.803,1556800,20028200,7000815500,88756422100,3408.1502,3416.5929,3388.8143,3406.5735
144410000,3396.6279,3924700,46777700,7004740200,88803199800,3408.1502,3416.5929,3388.8143,3406.5735
144415000,3397.0521,2665400,27517600,7007405600,88830717400,3408.1502,3416.5929,3388.8143,3406.5735
144420000,3397.1362,1901900,26924600,7009307500,88857642000,3408.1502,3416.5929,3388.8143,3406.5735
144425000,3396.8697,3330000,36582700,7012637500,88894224700,3408.1502,3416.5929,3388.8143,3406.5735
144430000,3396.7366,1522500,18432800,7014160000,88912657500,3408.1502,3416.5929,3388.8143,3406.5735
144435000,3396.8121,2237000,29831600,7016397000,88942489100,3408.1502,3416.5929,3388.8143,3406.5735
144440000,3396.8571,2767700,35097900,7019164700,88977587000,3408.1502,3416.5929,3388.8143,3406.5735
144445000,3396.8266,1778200,25244700,7020942900,89002831700,3408.1502,3416.5929,3388.8143,3406.5735
144451000,3396.4941,2740700,35278800,7023683600,89038110500,3408.1502,3416.5929,3388.8143,3406.5735
144455000,3396.7791,1935300,22691000,7025618900,89060801500,3408.1502,3416.5929,3388.8143,3406.5735
144500000,3396.8642,1561500,20327300,7027180400,89081128800,3408.1502,3416.5929,3388.8143,3406.5735
144506000,3396.6853,3471700,36465600,7030652100,89117594400,3408.1502,3416.5929,3388.8143,3406.5735
144510000,3396.9946,2642400,29275000,7033294500,89146869400,3408.1502,3416.5929,3388.8143,3406.5735
144516000,3396.5329,2726900,38202600,7036021400,89185072000,3408.1502,3416.5929,3388.8143,3406.5735
144521000,3396.1644,1626200,20512200,7037647600,89205584200,3408.1502,3416.5929,3388.8143,3406.5735
144526000,3396.472,2803700,32510200,7040451300,89238094400,3408.1502,3416.5929,3388.8143,3406.5735
144531000,3396.67,3542400,37255700,7043993700,89275350100,3408.1502,3416.5929,3388.8143,3406.5735
144536000,3396.2826,1427800,17751000,7045421500,89293101100,3408.1502,3416.5929,3388.8143,3406.5735
144541000,3396.7133,2382800,25877900,7047804300,89318979000,3408.1502,3416.5929,3388.8143,3406.5735
144546000,3396.3921,2396800,26308400,7050201100,89345287400,3408.1502,3416.5929,3388.8143,3406.5735
144551000,3396.4579,1185900,16043700,7051387000,89361331100,3408.1502,3416.5929,3388.8143,3406.5735
144556000,3396.347,1629400,23112200,7053016400,89384443300,3408.1502,3416.5929,3388.8143,3406.5735
144601000,3396.5431,2626200,30339100,7055642600,89414782400,3408.1502,3416.5929,3388.8143,3406.5735
144606000,3396.1791,1740200,20687000,7057382800,89435469400,3408.1502,3416.5929,3388.8143,3406.5735
144611000,3396.2223,2582900,29950200,7059965700,89465419600,3408.1502,3416.5929,3388.8143,3406.5735
144616000,3396.2204,2201800,30506500,7062167500,89495926100,3408.1502,3416.5929,3388.8143,3406.5735
144621000,3396.305,1610500,18575100,7063778000,89514501200,3408.1502,3416.5929,3388.8143,3406.5735
144626000,3396.1565,1848100,24208000,7065626100,89538709200,3408.1502,3416.5929,3388.8143,3406.5735
144631000,3396.3691,2538200,29932600,7068164300,89568641800,3408.1502,3416.5929,3388.8143,3406.5735
144636000,3396.146,1283700,16032400,7069448000,89584674200,3408.1502,3416.5929,3388.8143,3406.5735
144641000,3396.1669,2051700,23939400,7071499700,89608613600,3408.1502,3416.5929,3388.8143,3406.5735
144646000,3396.3476,2411000,29767600,7073910700,89638381200,3408.1502,3416.5929,3388.8143,3406.5735
144651000,3396.0561,1963700,20722200,7075874400,89659103400,3408.1502,3416.5929,3388.8143,3406.5735
144656000,3395.9298,2413600,29753500,7078288000,89688856900,3408.1502,3416.5929,3388.8143,3406.5735
144701000,3396.0128,2421000,32572400,7080709000,89721429300,3408.1502,3416.5929,3388.8143,3406.5735
144706000,3395.925,1470500,19838200,7082179500,89741267500,3408.1502,3416.5929,3388.8143,3406.5735
144711000,3396.0886,2438600,29302900,7084618100,89770570400,3408.1502,3416.5929,3388.8143,3406.5735
144716000,3396.0768,2025700,22730600,7086643800,89793301000,3408.1502,3416.5929,3388.8143,3406.5735
144721000,3396.201,1268000,17535700,7087911800,89810836700,3408.1502,3416.5929,3388.8143,3406.5735
144726000,3396.3745,1783600,22928200,7089695400,89833764900,3408.1502,3416.5929,3388.8143,3406.5735
144731000,3396.3042,2054600,29313100,7091750000,89863078000,3408.1502,3416.5929,3388.8143,3406.5735
144736000,3395.9721,1425800,19479300,7093175800,89882557300,3408.1502,3416.5929,3388.8143,3406.5735
144741000,3396.2001,2603000,26853100,7095778800,89909410400,3408.1502,3416.5929,3388.8143,3406.5735
144746000,3396.3669,2903600,37711200,7098682400,89947121600,3408.1502,3416.5929,3388.8143,3406.5735
144751000,3396.1994,2192700,24759200,7100875100,89971880800,3408.1502,3416.5929,3388.8143,3406.5735
144756000,3396.3768,2411200,28000800,7103286300,89999881600,3408.1502,3416.5929,3388.8143,3406.5735
144801000,3396.1768,3842400,38016600,7107128700,90037898200,3408.1502,3416.5929,3388.8143,3406.5735
144806000,3396.5352,4704200,37383400,7111832900,90075281600,3408.1502,3416.5929,3388.8143,3406.5735
144811000,3396.3582,4210600,39103800,7116043500,90114385400,3408.1502,3416.5929,3388.8143,3406.5735
144816000,3396.6137,6813400,47100600,7122856900,90161486000,3408.1502,3416.5929,3388.8143,3406.5735
144821000,3396.5915,2121400,26122800,7124978300,90187608800,3408.1502,3416.5929,3388.8143,3406.5735
144826000,3396.6421,2558400,36064800,7127536700,90223673600,3408.1502,3416.5929,3388.8143,3406.5735
144831000,3396.4948,2620500,38280800,7130157200,90261954400,3408.1502,3416.5929,3388.8143,3406.5735
144836000,3396.5655,1759500,26470500,7131916700,90288424900,3408.1502,3416.5929,3388.8143,3406.5735
144841000,3396.5172,2117600,24067100,7134034300,90312492000,3408.1502,3416.5929,3388.8143,3406.5735
144846000,3396.4218,3142300,45340600,7137176600,90357832600,3408.1502,3416.5929,3388.8143,3406.5735
144851000,3396.4946,2085700,26149900,7139262300,90383982500,3408.1502,3416.5929,3388.8143,3406.5735
144856000,3396.6903,2194700,28770900,7141457000,90412753400,3408.1502,3416.5929,3388.8143,3406.5735
144901000,3396.6989,2122800,32564400,7143579800,90445317800,3408.1502,3416.5929,3388.8143,3406.5735
144906000,3396.8431,1834800,28235500,7145414600,90473553300,3408.1502,3416.5929,3388.8143,3406.5735
144911000,3396.9123,2735400,40406400,7148150000,90513959700,3408.1502,3416.5929,3388.8143,3406.5735
144916000,3397.273,2354800,30043200,7150504800,90544002900,3408.1502,3416.5929,3388.8143,3406.5735
144922000,3397.0427,2423900,37456900,7152928700,90581459800,3408.1502,3416.5929,3388.8143,3406.5735
144927000,3397.3906,2222500,27928700,7155151200,90609388500,3408.1502,3416.5929,3388.8143,3406.5735
144931000,3397.316,3345400,33831800,7158496600,90643220300,3408.1502,3416.5929,3388.8143,3406.5735
144937000,3397.0569,3310500,36274800,7161807100,90679495100,3408.1502,3416.5929,3388.8143,3406.5735
144942000,3397.122,2628400,26570400,7164435500,90706065500,3408.1502,3416.5929,3388.8143,3406.5735
144947000,3397.3141,3979500,41512500,7168415000,90747578000,3408.1502,3416.5929,3388.8143,3406.5735
144952000,3397.1165,4059000,32152000,7172474000,90779730000,3408.1502,3416.5929,3388.8143,3406.5735
144957000,3397.1493,2045500,22778100,7174519500,90802508100,3408.1502,3416.5929,3388.8143,3406.5735
145002000,3397.5182,2638400,33250700,7177157900,90835758800,3408.1502,3416.5929,3388.8143,3406.5735
145007000,3397.159,3567100,45366500,7180725000,90881125300,3408.1502,3416.5929,3388.8143,3406.5735
145012000,3397.2055,2092200,21810100,7182817200,90902935400,3408.1502,3416.5929,3388.8143,3406.5735
145017000,3397.2226,3621600,38719500,7186438800,90941654900,3408.1502,3416.5929,3388.8143,3406.5735
145022000,3397.3904,3048500,37929300,7189487300,90979584200,3408.1502,3416.5929,3388.8143,3406.5735
145027000,3397.3253,2220400,27275600,7191707700,91006859800,3408.1502,3416.5929,3388.8143,3406.5735
145032000,3397.7196,2863100,30275300,7194570800,91037135100,3408.1502,3416.5929,3388.8143,3406.5735
145037000,3397.1624,3037600,35379500,7197608400,91072514600,3408.1502,3416.5929,3388.8143,3406.5735
145042000,3397.8831,3903700,34353200,7201512100,91106867800,3408.1502,3416.5929,3388.8143,3406.5735
145047000,3397.9881,2926600,37827700,7204438700,91144695500,3408.1502,3416.5929,3388.8143,3406.5735
145052000,3398.0471,3731100,40407500,7208169800,91185103000,3408.1502,3416.5929,3388.8143,3406.5735
145057000,3398.1268,1554200,20570000,7209724000,91205673000,3408.1502,3416.5929,3388.8143,3406.5735
145102000,3397.9965,2713700,37781500,7212437700,91243454500,3408.1502,3416.5929,3388.8143,3406.5735
145107000,3398.167,2494200,36539400,7214931900,91279993900,3408.1502,3416.5929,3388.8143,3406.5735
145112000,3398.174,1840200,23988500,7216772100,91303982400,3408.1502,3416.5929,3388.8143,3406.5735
145117000,3398.2446,2984800,35596400,7219756900,91339578800,3408.1502,3416.5929,3388.8143,3406.5735
145122000,3398.2657,3627300,39525900,7223384200,91379104700,3408.1502,3416.5929,3388.8143,3406.5735
145127000,3398.0891,3367000,36118400,7226751200,91415223100,3408.1502,3416.5929,3388.8143,3406.5735
145132000,3398.1985,4321700,43332200,7231072900,91458555300,3408.1502,3416.5929,3388.8143,3406.5735
145137000,3398.2594,3227300,35404400,7234300200,91493959700,3408.1502,3416.5929,3388.8143,3406.5735
145142000,3398.0485,2600900,31960700,7236901100,91525920400,3408.1502,3416.5929,3388.8143,3406.5735
145147000,3398.0623,2552300,29184100,7239453400,91555104500,3408.1502,3416.5929,3388.8143,3406.5735
145152000,3397.9379,3527200,35222000,7242980600,91590326500,3408.1502,3416.5929,3388.8143,3406.5735
145157000,3397.5769,2052900,26518400,7245033500,91616844900,3408.1502,3416.5929,3388.8143,3406.5735
145202000,3398.3245,4196400,40312100,7249229900,91657157000,3408.1502,3416.5929,3388.8143,3406.5735
145207000,3398.324,3247600,35522600,7252477500,91692679600,3408.1502,3416.5929,3388.8143,3406.5735
145212000,3398.5128,2138100,22802500,7254615600,91715482100,3408.1502,3416.5929,3388.8143,3406.5735
145217000,3398.4904,2548800,27484300,7257164400,91742966400,3408.1502,3416.5929,3388.8143,3406.5735
145222000,3398.3385,4462500,45821300,7261626900,91788787700,3408.1502,3416.5929,3388.8143,3406.5735
145227000,3398.5782,2415400,30490100,7264042300,91819277800,3408.1502,3416.5929,3388.8143,3406.5735
145232000,3398.257,2750800,35803300,7266793100,91855081100,3408.1502,3416.5929,3388.8143,3406.5735
145237000,3398.0828,3117600,35701200,7269910700,91890782300,3408.1502,3416.5929,3388.8143,3406.5735
145242000,3398.3807,1829800,22252500,7271740500,91913034800,3408.1502,3416.5929,3388.8143,3406.5735
145247000,3398.6286,3504600,37341100,7275245100,91950375900,3408.1502,3416.5929,3388.8143,3406.5735
145252000,3398.5301,4798900,39092300,7280044000,91989468200,3408.1502,3416.5929,3388.8143,3406.5735
145257000,3398.4016,2402100,26375400,7282446100,92015843600,3408.1502,3416.5929,3388.8143,3406.5735
145302000,3398.7434,5446400,41089600,7287892500,92056933200,3408.1502,3416.5929,3388.8143,3406.5735
145307000,3398.5828,4594100,53735200,7292486600,92110668400,3408.1502,3416.5929,3388.8143,3406.5735
145312000,3398.6006,2266000,29408100,7294752600,92140076500,3408.1502,3416.5929,3388.8143,3406.5735
145317000,3398.5262,4453600,45106700,7299206200,92185183200,3408.1502,3416.5929,3388.8143,3406.5735
145322000,3398.6732,3747000,46297200,7302953200,92231480400,3408.1502,3416.5929,3388.8143,3406.5735
145327000,3399.1555,2848200,33254100,7305801400,92264734500,3408.1502,3416.5929,3388.8143,3406.5735
145333000,3398.6851,4251500,49745300,7310052900,92314479800,3408.1502,3416.5929,3388.8143,3406.5735
145337000,3398.7961,3074100,42378400,7313127000,92356858200,3408.1502,3416.5929,3388.8143,3406.5735
145343000,3398.7622,3444600,38620900,7316571600,92395479100,3408.1502,3416.5929,3388.8143,3406.5735
145348000,3398.6858,2091500,29167300,7318663100,92424646400,3408.1502,3416.5929,3388.8143,3406.5735
145353000,3399.0144,3343000,35445300,7322006100,92460091700,3408.1502,3416.5929,3388.8143,3406.5735
145358000,3399.5207,3782800,50268300,7325788900,92510360000,3408.1502,3416.5929,3388.8143,3406.5735
145403000,3399.3981,2642000,32293100,7328430900,92542653100,3408.1502,3416.5929,3388.8143,3406.5735
145408000,3398.966,3372600,38737800,7331803500,92581390900,3408.1502,3416.5929,3388.8143,3406.5735
145413000,3399.1877,3048800,37086800,7334852300,92618477700,3408.1502,3416.5929,3388.8143,3406.5735
145418000,3399.408,2142700,24702700,7336995000,92643180400,3408.1502,3416.5929,3388.8143,3406.5735
145423000,3399.2643,3814300,33118100,7340809300,92676298500,3408.1502,3416.5929,3388.8143,3406.5735
145428000,3399.376,3859200,41925900,7344668500,92718224400,3408.1502,3416.5929,3388.8143,3406.5735
145433000,3399.1045,2455700,31557000,7347124200,92749781400,3408.1502,3416.5929,3388.8143,3406.5735
145438000,3398.8195,3348500,36156400,7350472700,92785937800,3408.1502,3416.5929,3388.8143,3406.5735
145443000,3399.2793,3401600,43169500,7353874300,92829107300,3408.1502,3416.5929,3388.8143,3406.5735
145448000,3399.3179,3014600,25706200,7356888900,92854813500,3408.1502,3416.5929,3388.8143,3406.5735
145453000,3399.4821,5291400,43261100,7362180300,92898074600,3408.1502,3416.5929,3388.8143,3406.5735
145458000,3399.6919,2994200,44472300,7365174500,92942546900,3408.1502,3416.5929,3388.8143,3406.5735
145503000,3399.7856,3260700,32976400,7368435200,92975523300,3408.1502,3416.5929,3388.8143,3406.5735
145508000,3399.8168,5294200,45906200,7373729400,93021429500,3408.1502,3416.5929,3388.8143,3406.5735
145513000,3399.6373,3732000,42024500,7377461400,93063454000,3408.1502,3416.5929,3388.8143,3406.5735
145518000,3399.7945,3267800,37504000,7380729200,93100958000,3408.1502,3416.5929,3388.8143,3406.5735
145523000,3399.5117,2489100,29989500,7383218300,93130947500,3408.1502,3416.5929,3388.8143,3406.5735
145528000,3399.7689,3677100,44166800,7386895400,93175114300,3408.1502,3416.5929,3388.8143,3406.5735
145533000,3400.1194,3323200,36202900,7390218600,93211317200,3408.1502,3416.5929,3388.8143,3406.5735
145538000,3399.7294,4080200,44395200,7394298800,93255712400,3408.1502,3416.5929,3388.8143,3406.5735
145543000,3400.0532,4894400,48348500,7399193200,93304060900,3408.1502,3416.5929,3388.8143,3406.5735
145548000,3399.7569,2356000,31785600,7401549200,93335846500,3408.1502,3416.5929,3388.8143,3406.5735
145553000,3399.7989,3812300,39500000,7405361500,93375346500,3408.1502,3416.5929,3388.8143,3406.5735
145558000,3400.1811,4647900,47087100,7410009400,93422433600,3408.1502,3416.5929,3388.8143,3406.5735
145603000,3400.2863,3513500,38841100,7413522900,93461274700,3408.1502,3416.5929,3388.8143,3406.5735
145608000,3400.3524,4454400,50785100,7417977300,93512059800,3408.1502,3416.5929,3388.8143,3406.5735
145613000,3400.2282,5286500,55073200,7423263800,93567133000,3408.1502,3416.5929,3388.8143,3406.5735
145618000,3400.1892,2889700,36419900,7426153500,93603552900,3408.1502,3416.5929,3388.8143,3406.5735
145623000,3400.3711,4440800,44442100,7430594300,93647995000,3408.1502,3416.5929,3388.8143,3406.5735
145628000,3400.8047,5228700,58781400,7435823000,93706776400,3408.1502,3416.5929,3388.8143,3406.5735
145633000,3400.4869,3894200,49513100,7439717200,93756289500,3408.1502,3416.5929,3388.8143,3406.5735
145638000,3400.739,4081800,41553300,7443799000,93797842800,3408.1502,3416.5929,3388.8143,3406.5735
145643000,3400.2994,4595600,60194300,7448394600,93858037100,3408.1502,3416.5929,3388.8143,3406.5735
145648000,3400.3445,2723600,31230900,7451118200,93889268000,3408.1502,3416.5929,3388.8143,3406.5735
145653000,3400.3564,3612600,37599100,7454730800,93926867100,3408.1502,3416.5929,3388.8143,3406.5735
145658000,3400.1608,4000700,46886800,7458731500,93973753900,3408.1502,3416.5929,3388.8143,3406.5735
145702000,3400.1917,2740600,27369300,7461472100,94001123200,3408.1502,3416.5929,3388.8143,3406.5735
145708000,3400.2224,287100,3161700,7461759200,94004284900,3408.1502,3416.5929,3388.8143,3406.5735
150003000,3400.0106,63158200,676926500,7524917400,94681211400,3408.1502,3416.5929,3388.8143,3406.5735
150003000,3400.1705,19618900,264738400,7544536300,94945949800,3408.1502,3416.5929,3388.8143,3406.5735
