Time,Price,Volume,Turnover,AccVolume,AccTurnover,Open,High,Low,PreClose
92513000,3177.261,41591400,441470400,41591400,441470400,3177.261,3177.261,3177.261,3183.7777
93003000,3177.261,7797700,138935700,49389100,580406100,3177.261,3177.261,3176.3098,3183.7777
93008000,3176.8864,34792800,380656500,84181900,961062600,3177.261,3177.261,3176.0548,3183.7777
93013000,3176.5804,9055200,99584800,93237100,1060647400,3177.261,3177.261,3176.0548,3183.7777
93018000,3176.3068,5618600,66065000,98855700,1126712400,3177.261,3177.261,3175.2579,3183.7777
93023000,3175.899,4174700,50375700,103030400,1177088100,3177.261,3177.261,3175.2579,3183.7777
93028000,3175.2872,7669300,100970600,110699700,1278058700,3177.261,3177.261,3174.0827,3183.7777
93033000,3174.5015,4296200,53952600,114995900,1332011300,3177.261,3177.261,3174.0827,3183.7777
93038000,3174.7121,7196900,73801200,122192800,1405812500,3177.261,3177.261,3173.4166,3183.7777
93043000,3174.362,5186900,48094000,127379700,1453906500,3177.261,3177.261,3173.4166,3183.7777
93048000,3173.4779,5332800,59981000,132712500,1513887500,3177.261,3177.261,3173.1264,3183.7777
93053000,3173.7094,3431600,44278100,136144100,1558165600,3177.261,3177.261,3173.1264,3183.7777
93058000,3172.4688,6551400,72936200,142695500,1631101800,3177.261,3177.261,3172.4688,3183.7777
93103000,3173.42,4566600,54622400,147262100,1685724200,3177.261,3177.261,3172.4688,3183.7777
93108000,3174.0193,6653600,78222000,153915700,1763946200,3177.261,3177.261,3172.4688,3183.7777
93113000,3173.8186,5341000,63214000,159256700,1827160200,3177.261,3177.261,3172.4688,3183.7777
93118000,3173.5557,4661000,60910900,163917700,1888071100,3177.261,3177.261,3172.4688,3183.7777
93123000,3173.2862,4021600,49898800,167939300,1937969900,3177.261,3177.261,3172.4688,3183.7777
93128000,3172.6991,6552400,68580900,174491700,2006550800,3177.261,3177.261,3172.4688,3183.7777
93133000,3174.1073,6856300,66240500,181348000,2072791300,3177.261,3177.261,3172.4688,3183.7777
93138000,3174.7088,5782500,65325600,187130500,2138116900,3177.261,3177.261,3172.4688,3183.7777
93143000,3174.4776,4871900,60554400,192002400,2198671300,3177.261,3177.261,3172.4688,3183.7777
93148000,3174.9408,4502600,50805700,196505000,2249477000,3177.261,3177.261,3172.4688,3183.7777
93153000,3174.774,3097100,43853300,199602100,2293330300,3177.261,3177.261,3172.4688,3183.7777
93158000,3174.6801,6366400,74486900,205968500,2367817200,3177.261,3177.261,3172.4688,3183.7777
93203000,3175.0717,5808000,55842400,211776500,2423659600,3177.261,3177.261,3172.4688,3183.7777
93208000,3175.7853,6932600,80140700,218709100,2503800300,3177.261,3177.261,3172.4688,3183.7777
93213000,3176.0052,3813900,50727600,222523000,2554527900,3177.261,3177.261,3172.4688,3183.7777
93218000,3175.6614,4203300,50760000,226726300,2605287900,3177.261,3177.261,3172.4688,3183.7777
93223000,3175.3139,3910100,45757000,230636400,2651044900,3177.261,3177.261,3172.4688,3183.7777
93228000,3175.1009,5610700,70109600,236247100,2721154500,3177.261,3177.261,3172.4688,3183.7777
93233000,3175.6279,3701300,41421500,239948400,2762576000,3177.261,3177.261,3172.4688,3183.7777
93238000,3175.5826,4774500,76186100,244722900,2838762100,3177.261,3177.261,3172.4688,3183.7777
93243000,3175.8115,4382800,56923200,249105700,2895685300,3177.261,3177.261,3172.4688,3183.7777
93248000,3175.1569,3698100,47764800,252803800,2943450100,3177.261,3177.261,3172.4688,3183.7777
93253000,3174.9517,4233700,47578200,257037500,2991028300,3177.261,3177.261,3172.4688,3183.7777
93258000,3174.4831,4888200,70889500,261925700,3061917800,3177.261,3177.261,3172.4688,3183.7777
93303000,3173.7504,4135600,53788000,266061300,3115705800,3177.261,3177.261,3172.4688,3183.7777
93308000,3173.8877,6075000,84106500,272136300,3199812300,3177.261,3177.261,3172.4688,3183.7777
93313000,3173.5175,5149400,57545600,277285700,3257357900,3177.261,3177.261,3172.4688,3183.7777
93318000,3173.1115,4527100,61622100,281812800,3318980000,3177.261,3177.261,3172.4688,3183.7777
93323000,3172.8583,4418400,57608800,286231200,3376588800,3177.261,3177.261,3172.1743,3183.7777
93328000,3172.1472,6292800,78739600,292524000,3455328400,3177.261,3177.261,3172.1472,3183.7777
93333000,3172.0804,3989700,55945400,296513700,3511273800,3177.261,3177.261,3171.6847,3183.7777
93338000,3171.6775,6306400,77712000,302820100,3588985800,3177.261,3177.261,3171.3598,3183.7777
93343000,3170.6688,6200400,70448100,309020500,3659433900,3177.261,3177.261,3170.5401,3183.7777
93348000,3170.5027,5081500,65821000,314102000,3725254900,3177.261,3177.261,3170.1926,3183.7777
93353000,3169.9012,5226200,60210400,319328200,3785465300,3177.261,3177.261,3169.9012,3183.7777
93358000,3169.2097,6581500,82771000,325909700,3868236300,3177.261,3177.261,3168.9248,3183.7777
93403000,3168.8005,4911600,63630700,330821300,3931867000,3177.261,3177.261,3168.8005,3183.7777
93408000,3168.5623,9061900,123097300,339883200,4054964300,3177.261,3177.261,3167.3732,3183.7777
93413000,3167.5445,5429300,75974400,345312500,4130938700,3177.261,3177.261,3167.3614,3183.7777
93418000,3167.2542,5886300,72617700,351198800,4203556400,3177.261,3177.261,3166.1878,3183.7777
93423000,3166.1507,4712700,54845700,355911500,4258402100,3177.261,3177.261,3165.6118,3183.7777
93428000,3166.3851,7334700,79526400,363246200,4337928500,3177.261,3177.261,3165.6118,3183.7777
93433000,3166.5195,5410700,69203300,368656900,4407131800,3177.261,3177.261,3165.6118,3183.7777
93438000,3167.2285,6215400,74605500,374872300,4481737300,3177.261,3177.261,3165.6118,3183.7777
93443000,3167.1237,5746400,67187400,380618700,4548924700,3177.261,3177.261,3165.6118,3183.7777
93448000,3166.9568,4839900,63284400,385458600,4612209100,3177.261,3177.261,3165.6118,3183.7777
93453000,3167.7642,4714100,60572600,390172700,4672781700,3177.261,3177.261,3165.6118,3183.7777
93458000,3168.2176,6014800,82040900,396187500,4754822600,3177.261,3177.261,3165.6118,3183.7777
93503000,3168.6069,3419000,49666400,399606500,4804489000,3177.261,3177.261,3165.6118,3183.7777
93508000,3168.7247,5670000,69899800,405276500,4874388800,3177.261,3177.261,3165.6118,3183.7777
93513000,3169.6032,5331200,62870200,410607700,4937259000,3177.261,3177.261,3165.6118,3183.7777
93518000,3171.0655,5210100,75234900,415817800,5012493900,3177.261,3177.261,3165.6118,3183.7777
93523000,3171.5772,5077700,66045500,420895500,5078539400,3177.261,3177.261,3165.6118,3183.7777
93528000,3172.3434,6749300,93123000,427644800,5171662400,3177.261,3177.261,3165.6118,3183.7777
93533000,3172.7872,4520800,61791300,432165600,5233453700,3177.261,3177.261,3165.6118,3183.7777
93538000,3173.6389,4669400,59102900,436835000,5292556600,3177.261,3177.261,3165.6118,3183.7777
93543000,3174.245,3095200,45297400,439930200,5337854000,3177.261,3177.261,3165.6118,3183.7777
93548000,3173.4614,4300100,51430000,444230300,5389284000,3177.261,3177.261,3165.6118,3183.7777
93553000,3174.0376,2971100,40563000,447201400,5429847000,3177.261,3177.261,3165.6118,3183.7777
93558000,3173.9389,4076700,44741400,451278100,5474588400,3177.261,3177.261,3165.6118,3183.7777
93603000,3174.3132,3061000,39556900,454339100,5514145300,3177.261,3177.261,3165.6118,3183.7777
93608000,3173.8988,4011900,48298100,458351000,5562443400,3177.261,3177.261,3165.6118,3183.7777
93613000,3174.2131,3769400,43961200,462120400,5606404600,3177.261,3177.261,3165.6118,3183.7777
93618000,3174.5455,3088700,42494700,465209100,5648899300,3177.261,3177.261,3165.6118,3183.7777
93623000,3174.528,2860200,35815700,468069300,5684715000,3177.261,3177.261,3165.6118,3183.7777
93628000,3173.8767,4290800,56108700,472360100,5740823700,3177.261,3177.261,3165.6118,3183.7777
93633000,3173.2106,2599400,41727600,474959500,5782551300,3177.261,3177.261,3165.6118,3183.7777
93638000,3173.3281,4367800,60736200,479327300,5843287500,3177.261,3177.261,3165.6118,3183.7777
93643000,3172.9219,4279000,51148700,483606300,5894436200,3177.261,3177.261,3165.6118,3183.7777
93648000,3172.813,3518100,38594800,487124400,5933031000,3177.261,3177.261,3165.6118,3183.7777
93653000,3172.5687,3501900,41653500,490626300,5974684500,3177.261,3177.261,3165.6118,3183.7777
93658000,3173.1363,3718700,51281800,494345000,6025966300,3177.261,3177.261,3165.6118,3183.7777
93703000,3172.5218,3001400,41085300,497346400,6067051600,3177.261,3177.261,3165.6118,3183.7777
93708000,3172.7875,5109700,55598700,502456100,6122650300,3177.261,3177.261,3165.6118,3183.7777
93713000,3172.5967,3440800,41920400,505896900,6164570700,3177.261,3177.261,3165.6118,3183.7777
93718000,3172.4854,3142500,40939000,509039400,6205509700,3177.261,3177.261,3165.6118,3183.7777
93723000,3172.6277,2701500,36060500,511740900,6241570200,3177.261,3177.261,3165.6118,3183.7777
93728000,3173.0456,3345400,48034100,515086300,6289604300,3177.261,3177.261,3165.6118,3183.7777
93733000,3172.9993,2746100,38149500,517832400,6327753800,3177.261,3177.261,3165.6118,3183.7777
93738000,3172.6541,4144500,42797800,521976900,6370551600,3177.261,3177.261,3165.6118,3183.7777
93743000,3172.6153,2820400,34745700,524797300,6405297300,3177.261,3177.261,3165.6118,3183.7777
93748000,3172.2754,2866200,38275200,527663500,6443572500,3177.261,3177.261,3165.6118,3183.7777
93753000,3171.6916,3237700,38439100,530901200,6482011600,3177.261,3177.261,3165.6118,3183.7777
93758000,3171.3977,5469100,67375700,536370300,6549387300,3177.261,3177.261,3165.6118,3183.7777
93803000,3171.1379,3388100,41717900,539758400,6591105200,3177.261,3177.261,3165.6118,3183.7777
93808000,3171.4599,3894300,53415400,543652700,6644520600,3177.261,3177.261,3165.6118,3183.7777
93813000,3171.4377,3311200,44261700,546963900,6688782300,3177.261,3177.261,3165.6118,3183.7777
93818000,3171.6545,2808200,38495300,549772100,6727277600,3177.261,3177.261,3165.6118,3183.7777
93823000,3172.1077,2460800,35113400,552232900,6762391000,3177.261,3177.261,3165.6118,3183.7777
93828000,3172.1379,3916200,54247600,556149100,6816638600,3177.261,3177.261,3165.6118,3183.7777
93833000,3172.4744,2254200,35560100,558403300,6852198700,3177.261,3177.261,3165.6118,3183.7777
93838000,3173.4969,4691600,59625600,563094900,6911824300,3177.261,3177.261,3165.6118,3183.7777
93843000,3174.2314,4622000,66666600,567716900,6978490900,3177.261,3177.261,3165.6118,3183.7777
93848000,3175.3513,4352300,64192600,572069200,7042683500,3177.261,3177.261,3165.6118,3183.7777
93853000,3176.7704,5493500,64644000,577562700,7107327500,3177.261,3177.261,3165.6118,3183.7777
93858000,3177.1779,5719800,76285600,583282500,7183613100,3177.261,3177.4547,3165.6118,3183.7777
93903000,3177.5443,3254200,50724700,586536700,7234337800,3177.261,3178.413,3165.6118,3183.7777
93908000,3178.4736,4462200,57673700,590998900,7292011500,3177.261,3178.523,3165.6118,3183.7777
93913000,3178.2323,3726400,47897300,594725300,7339908800,3177.261,3178.523,3165.6118,3183.7777
93918000,3178.3171,2844000,42615200,597569300,7382524000,3177.261,3178.6593,3165.6118,3183.7777
93923000,3179.0496,2490300,35071500,600059600,7417595500,3177.261,3179.2027,3165.6118,3183.7777
93928000,3179.0911,3805300,54953900,603864900,7472549400,3177.261,3179.5063,3165.6118,3183.7777
93933000,3179.7776,3606400,48943700,607471300,7521493100,3177.261,3179.7776,3165.6118,3183.7777
93938000,3179.6088,4815200,65007200,612286500,7586500300,3177.261,3179.9581,3165.6118,3183.7777
93943000,3180.166,2909600,38944600,615196100,7625444900,3177.261,3180.3577,3165.6118,3183.7777
93948000,3180.4077,3506600,47117100,618702700,7672562000,3177.261,3180.9288,3165.6118,3183.7777
93953000,3180.8841,2832700,35931800,621535400,7708493800,3177.261,3181.2437,3165.6118,3183.7777
93958000,3181.5613,3318400,49422100,624853800,7757915900,3177.261,3181.5613,3165.6118,3183.7777
94003000,3181.0855,2759300,46614800,627613100,7804530700,3177.261,3181.8718,3165.6118,3183.7777
94008000,3181.9083,3566800,50193300,631179900,7854724000,3177.261,3181.9083,3165.6118,3183.7777
94013000,3181.2233,3938900,45906400,635118800,7900630400,3177.261,3181.9083,3165.6118,3183.7777
94018000,3181.4442,3760200,46308600,638879000,7946939000,3177.261,3181.9083,3165.6118,3183.7777
94023000,3181.0406,3753800,38060100,642632800,7984999100,3177.261,3181.9083,3165.6118,3183.7777
94028000,3180.6297,4647300,58447100,647280100,8043446200,3177.261,3181.9083,3165.6118,3183.7777
94033000,3180.7983,3732300,47029600,651012400,8090475800,3177.261,3181.9083,3165.6118,3183.7777
94038000,3181.1547,4156400,49278500,655168800,8139754300,3177.261,3181.9083,3165.6118,3183.7777
94043000,3181.4879,3308600,36142400,658477400,8175896700,3177.261,3181.9083,3165.6118,3183.7777
94048000,3181.8279,3783200,37970400,662260600,8213867100,3177.261,3181.9083,3165.6118,3183.7777
94053000,3181.9214,3821000,30498600,666081600,8244365700,3177.261,3182.1264,3165.6118,3183.7777
94058000,3181.9887,5640200,52280100,671721800,8296645800,3177.261,3182.1264,3165.6118,3183.7777
94103000,3181.7503,2292800,33543900,674014600,8330189700,3177.261,3182.1264,3165.6118,3183.7777
94108000,3181.9648,4176800,47857300,678191400,8378047000,3177.261,3182.1264,3165.6118,3183.7777
94113000,3181.6769,3605800,40249800,681797200,8418296800,3177.261,3182.1264,3165.6118,3183.7777
94118000,3181.5792,3547000,44550100,685344200,8462846900,3177.261,3182.1264,3165.6118,3183.7777
94123000,3181.339,2770600,29315900,688114800,8492162800,3177.261,3182.1264,3165.6118,3183.7777
94128000,3181.1042,4110300,56240200,692225100,8548403000,3177.261,3182.1264,3165.6118,3183.7777
94133000,3181.0675,2788300,31884800,695013400,8580287800,3177.261,3182.1264,3165.6118,3183.7777
94138000,3180.9627,3356100,42171900,698369500,8622459700,3177.261,3182.1264,3165.6118,3183.7777
94143000,3180.5476,3313000,35711700,701682500,8658171400,3177.261,3182.1264,3165.6118,3183.7777
94148000,3180.8008,2798400,31022900,704480900,8689194300,3177.261,3182.1264,3165.6118,3183.7777
94153000,3180.7888,3252200,30572700,707733100,8719767000,3177.261,3182.1264,3165.6118,3183.7777
94158000,3180.2446,5510500,58646000,713243600,8778413000,3177.261,3182.1264,3165.6118,3183.7777
94203000,3180.1903,2312400,27727300,715556000,8806140300,3177.261,3182.1264,3165.6118,3183.7777
94208000,3180.5159,3903200,42809100,719459200,8848949400,3177.261,3182.1264,3165.6118,3183.7777
94213000,3180.4318,2505300,24565900,721964500,8873515300,3177.261,3182.1264,3165.6118,3183.7777
94218000,3180.0614,2784700,26528100,724749200,8900043400,3177.261,3182.1264,3165.6118,3183.7777
94223000,3180.2899,3095100,33739300,727844300,8933782700,3177.261,3182.1264,3165.6118,3183.7777
94228000,3180.1042,3187700,38696900,731032000,8972479600,3177.261,3182.1264,3165.6118,3183.7777
94233000,3180.4717,3349700,32934600,734381700,9005414200,3177.261,3182.1264,3165.6118,3183.7777
94238000,3180.5044,4897100,35955400,739278800,9041369600,3177.261,3182.1264,3165.6118,3183.7777
94243000,3180.1216,3072300,35005800,742351100,9076375400,3177.261,3182.1264,3165.6118,3183.7777
94248000,3180.3257,2707100,31017500,745058200,9107392900,3177.261,3182.1264,3165.6118,3183.7777
94253000,3180.43,3614600,30156200,748672800,9137549100,3177.261,3182.1264,3165.6118,3183.7777
94258000,3180.6896,3038400,34621900,751711200,9172171000,3177.261,3182.1264,3165.6118,3183.7777
94303000,3180.9093,3248500,33078300,754959700,9205249300,3177.261,3182.1264,3165.6118,3183.7777
94308000,3180.4299,3027500,40825400,757987200,9246074700,3177.261,3182.1264,3165.6118,3183.7777
94313000,3180.5909,1937800,23944400,759925000,9270019100,3177.261,3182.1264,3165.6118,3183.7777
94318000,3180.7358,2038300,26989400,761963300,9297008500,3177.261,3182.1264,3165.6118,3183.7777
94323000,3181.0635,3171400,28981600,765134700,9325990100,3177.261,3182.1264,3165.6118,3183.7777
94328000,3180.9128,4057300,48098100,769192000,9374088200,3177.261,3182.1264,3165.6118,3183.7777
94333000,3181.1774,2910300,35693700,772102300,9409781900,3177.261,3182.1264,3165.6118,3183.7777
94338000,3181.4197,4571100,43723800,776673400,9453505700,3177.261,3182.1264,3165.6118,3183.7777
94343000,3181.0813,2228100,28034300,778901500,9481540000,3177.261,3182.1264,3165.6118,3183.7777
94348000,3181.0851,2806800,33914200,781708300,9515454200,3177.261,3182.1264,3165.6118,3183.7777
94353000,3181.2716,2608900,27910100,784317200,9543364300,3177.261,3182.1264,3165.6118,3183.7777
94358000,3181.5892,4232600,52981600,788549800,9596345900,3177.261,3182.1264,3165.6118,3183.7777
94403000,3181.7232,4318800,46281200,792868600,9642627100,3177.261,3182.1264,3165.6118,3183.7777
94408000,3181.8999,5615800,55190300,798484400,9697817400,3177.261,3182.2143,3165.6118,3183.7777
94413000,3182.5659,3769500,43128200,802253900,9740945600,3177.261,3182.7141,3165.6118,3183.7777
94418000,3182.7783,2938900,39719600,805192800,9780665200,3177.261,3182.7783,3165.6118,3183.7777
94423000,3182.8669,4254400,41274100,809447200,9821939300,3177.261,3182.8669,3165.6118,3183.7777
94428000,3182.4813,5282600,51035500,814729800,9872974800,3177.261,3182.8669,3165.6118,3183.7777
94433000,3182.8429,3157500,37062900,817887300,9910037700,3177.261,3183.1744,3165.6118,3183.7777
94438000,3183.3198,5187900,51889900,823075200,9961927600,3177.261,3183.3349,3165.6118,3183.7777
94443000,3183.559,4672000,42522800,827747200,10004450400,3177.261,3183.6699,3165.6118,3183.7777
94448000,3183.6247,2496900,27350300,830244100,10031800700,3177.261,3183.6699,3165.6118,3183.7777
94453000,3183.8341,3337900,30161500,833582000,10061962200,3177.261,3183.8642,3165.6118,3183.7777
94458000,3183.7864,3681600,41368900,837263600,10103331100,3177.261,3183.8856,3165.6118,3183.7777
94503000,3183.7424,3220300,35748300,840483900,10139079400,3177.261,3183.8856,3165.6118,3183.7777
94508000,3184.0823,4414200,47620100,844898100,10186699500,3177.261,3184.0823,3165.6118,3183.7777
94513000,3183.7159,3641200,36123500,848539300,10222823000,3177.261,3184.0823,3165.6118,3183.7777
94518000,3183.7416,3914700,38945200,852454000,10261768200,3177.261,3184.0823,3165.6118,3183.7777
94523000,3182.5623,3588400,37036600,856042400,10298804800,3177.261,3184.0823,3165.6118,3183.7777
94528000,3182.105,5579500,59022200,861621900,10357827000,3177.261,3184.0823,3165.6118,3183.7777
94533000,3181.3659,3911000,49931400,865532900,10407758400,3177.261,3184.0823,3165.6118,3183.7777
94538000,3181.0246,4018700,49153300,869551600,10456911700,3177.261,3184.0823,3165.6118,3183.7777
94543000,3180.7316,3299900,37786500,872851500,10494698200,3177.261,3184.0823,3165.6118,3183.7777
94548000,3179.8194,3097100,37836200,875948600,10532534400,3177.261,3184.0823,3165.6118,3183.7777
94553000,3179.6605,4179900,36209100,880128500,10568743500,3177.261,3184.0823,3165.6118,3183.7777
94558000,3180.058,3687800,45198900,883816300,10613942400,3177.261,3184.0823,3165.6118,3183.7777
94603000,3179.9571,3519500,37940700,887335800,10651883100,3177.261,3184.0823,3165.6118,3183.7777
94608000,3179.9945,4133600,44165700,891469400,10696048800,3177.261,3184.0823,3165.6118,3183.7777
94613000,3179.8638,3446700,33110300,894916100,10729159100,3177.261,3184.0823,3165.6118,3183.7777
94618000,3179.4624,2273300,25736300,897189400,10754895400,3177.261,3184.0823,3165.6118,3183.7777
94623000,3179.5219,2696000,28703100,899885400,10783598500,3177.261,3184.0823,3165.6118,3183.7777
94628000,3179.3368,2961800,34532000,902847200,10818130500,3177.261,3184.0823,3165.6118,3183.7777
94633000,3179.4761,2503600,28844600,905350800,10846975100,3177.261,3184.0823,3165.6118,3183.7777
94638000,3179.8661,4063500,39226600,909414300,10886201700,3177.261,3184.0823,3165.6118,3183.7777
94643000,3180.3126,2816500,29165600,912230800,10915367300,3177.261,3184.0823,3165.6118,3183.7777
94648000,3180.2547,2537100,28147500,914767900,10943514800,3177.261,3184.0823,3165.6118,3183.7777
94653000,3180.0372,2520300,33654900,917288200,10977169700,3177.261,3184.0823,3165.6118,3183.7777
94658000,3179.7552,3119400,34565900,920407600,11011735600,3177.261,3184.0823,3165.6118,3183.7777
94703000,3179.9641,2202600,23788500,922610200,11035524100,3177.261,3184.0823,3165.6118,3183.7777
94708000,3179.8385,4036800,49286800,926647000,11084810900,3177.261,3184.0823,3165.6118,3183.7777
94713000,3179.6457,2379700,24163900,929026700,11108974800,3177.261,3184.0823,3165.6118,3183.7777
94718000,3179.3845,2242900,30474500,931269600,11139449300,3177.261,3184.0823,3165.6118,3183.7777
94723000,3179.5439,2320400,27400700,933590000,11166850000,3177.261,3184.0823,3165.6118,3183.7777
94728000,3179.2403,2875800,34712700,936465800,11201562700,3177.261,3184.0823,3165.6118,3183.7777
94733000,3179.4102,1849300,27873000,938315100,11229435700,3177.261,3184.0823,3165.6118,3183.7777
94738000,3179.692,4994500,48845100,943309600,11278280800,3177.261,3184.0823,3165.6118,3183.7777
94743000,3179.5447,4250600,37209900,947560200,11315490700,3177.261,3184.0823,3165.6118,3183.7777
94748000,3179.3963,2180600,28798800,949740800,11344289500,3177.261,3184.0823,3165.6118,3183.7777
94753000,3179.4139,2989000,34150200,952729800,11378439700,3177.261,3184.0823,3165.6118,3183.7777
94758000,3179.0609,3998400,42809300,956728200,11421249000,3177.261,3184.0823,3165.6118,3183.7777
94803000,3179.486,2123300,26958900,958851500,11448207900,3177.261,3184.0823,3165.6118,3183.7777
94808000,3178.92,5181800,53094500,964033300,11501302400,3177.261,3184.0823,3165.6118,3183.7777
94813000,3179.4369,3075300,30694400,967108600,11531996800,3177.261,3184.0823,3165.6118,3183.7777
94818000,3178.9823,2716600,30958500,969825200,11562955300,3177.261,3184.0823,3165.6118,3183.7777
94823000,3178.5718,2986600,42200200,972811800,11605155500,3177.261,3184.0823,3165.6118,3183.7777
94828000,3178.395,3488200,47334300,976300000,11652489800,3177.261,3184.0823,3165.6118,3183.7777
94833000,3178.7174,2685000,33062300,978985000,11685552100,3177.261,3184.0823,3165.6118,3183.7777
94838000,3179.0227,4109100,51934200,983094100,11737486300,3177.261,3184.0823,3165.6118,3183.7777
94843000,3178.9206,3144000,39666400,986238100,11777152700,3177.261,3184.0823,3165.6118,3183.7777
94848000,3178.7065,3526700,44978100,989764800,11822130800,3177.261,3184.0823,3165.6118,3183.7777
94853000,3178.6692,3083000,34814200,992847800,11856945000,3177.261,3184.0823,3165.6118,3183.7777
94858000,3178.7209,2815300,38724200,995663100,11895669200,3177.261,3184.0823,3165.6118,3183.7777
94903000,3178.6333,2908800,34613400,998571900,11930282600,3177.261,3184.0823,3165.6118,3183.7777
94908000,3178.6099,3461200,36625700,1002033100,11966908300,3177.261,3184.0823,3165.6118,3183.7777
94913000,3178.8574,2590100,35265800,1004623200,12002174100,3177.261,3184.0823,3165.6118,3183.7777
94918000,3178.9496,2958400,35493200,1007581600,12037667300,3177.261,3184.0823,3165.6118,3183.7777
94923000,3179.001,2792700,30906800,1010374300,12068574100,3177.261,3184.0823,3165.6118,3183.7777
94928000,3178.0681,3744900,45202300,1014119200,12113776400,3177.261,3184.0823,3165.6118,3183.7777
94933000,3178.2517,4176300,34503100,1018295500,12148279500,3177.261,3184.0823,3165.6118,3183.7777
94938000,3178.3977,6730700,56066100,1025026200,12204345600,3177.261,3184.0823,3165.6118,3183.7777
94943000,3178.1237,4384700,46878800,1029410900,12251224400,3177.261,3184.0823,3165.6118,3183.7777
94948000,3177.9785,2890800,30431000,1032301700,12281655400,3177.261,3184.0823,3165.6118,3183.7777
94953000,3178.202,2859900,28544200,1035161600,12310199600,3177.261,3184.0823,3165.6118,3183.7777
94958000,3178.0162,4463400,49877800,1039625000,12360077400,3177.261,3184.0823,3165.6118,3183.7777
95003000,3177.9436,4430400,39399700,1044055400,12399477100,3177.261,3184.0823,3165.6118,3183.7777
95008000,3178.0111,5024100,54533800,1049079500,12454010900,3177.261,3184.0823,3165.6118,3183.7777
95013000,3177.8614,3160200,38252900,1052239700,12492263800,3177.261,3184.0823,3165.6118,3183.7777
95018000,3178.0038,3754000,40345300,1055993700,12532609100,3177.261,3184.0823,3165.6118,3183.7777
95023000,3177.9825,4117000,46813900,1060110700,12579423000,3177.261,3184.0823,3165.6118,3183.7777
95028000,3177.8336,5698600,65872400,1065809300,12645295400,3177.261,3184.0823,3165.6118,3183.7777
95033000,3178.1242,3011800,37595400,1068821100,12682890800,3177.261,3184.0823,3165.6118,3183.7777
95038000,3178.2395,3672200,50683400,1072493300,12733574200,3177.261,3184.0823,3165.6118,3183.7777
95043000,3178.5048,3869100,47100000,1076362400,12780674200,3177.261,3184.0823,3165.6118,3183.7777
95048000,3178.3114,3849300,45889200,1080211700,12826563400,3177.261,3184.0823,3165.6118,3183.7777
95053000,3178.4356,3479700,39126300,1083691400,12865689700,3177.261,3184.0823,3165.6118,3183.7777
95058000,3178.8065,6352800,75258800,1090044200,12940948500,3177.261,3184.0823,3165.6118,3183.7777
95103000,3179.7927,5104600,57617200,1095148800,12998565700,3177.261,3184.0823,3165.6118,3183.7777
95108000,3180.4767,8650100,89615600,1103798900,13088181300,3177.261,3184.0823,3165.6118,3183.7777
95113000,3181.3633,7196700,66883900,1110995600,13155065200,3177.261,3184.0823,3165.6118,3183.7777
95118000,3182.2333,5348900,64061900,1116344500,13219127100,3177.261,3184.0823,3165.6118,3183.7777
95123000,3183.1056,5450400,70002900,1121794900,13289130000,3177.261,3184.0823,3165.6118,3183.7777
95128000,3183.1525,6312900,78755300,1128107800,13367885300,3177.261,3184.0823,3165.6118,3183.7777
95133000,3183.5483,5012700,59147700,1133120500,13427033000,3177.261,3184.0823,3165.6118,3183.7777
95138000,3183.5566,5326100,60261200,1138446600,13487294200,3177.261,3184.5554,3165.6118,3183.7777
95143000,3184.8271,4672600,55070600,1143119200,13542364800,3177.261,3184.8271,3165.6118,3183.7777
95148000,3185.1599,3512400,48233300,1146631600,13590598100,3177.261,3185.9208,3165.6118,3183.7777
95153000,3186.48,4496300,49770100,1151127900,13640368200,3177.261,3186.48,3165.6118,3183.7777
95158000,3186.1725,5993800,70129700,1157121700,13710497900,3177.261,3186.48,3165.6118,3183.7777
95203000,3186.2195,5417600,51365600,1162539300,13761863500,3177.261,3186.5067,3165.6118,3183.7777
95208000,3186.9967,8281500,67369000,1170820800,13829232500,3177.261,3186.9967,3165.6118,3183.7777
95213000,3186.6748,4719800,44224400,1175540600,13873456900,3177.261,3186.9967,3165.6118,3183.7777
95218000,3186.505,5167500,47912500,1180708100,13921369400,3177.261,3186.9967,3165.6118,3183.7777
95223000,3186.5427,4428300,36887600,1185136400,13958257000,3177.261,3186.9967,3165.6118,3183.7777
95228000,3186.2886,4842100,62718200,1189978500,14020975200,3177.261,3186.9967,3165.6118,3183.7777
95233000,3186.0526,2467400,31562800,1192445900,14052538000,3177.261,3186.9967,3165.6118,3183.7777
95238000,3186.4313,4557500,49686500,1197003400,14102224500,3177.261,3186.9967,3165.6118,3183.7777
95243000,3186.4501,4335000,42247000,1201338400,14144471500,3177.261,3186.9967,3165.6118,3183.7777
95248000,3186.4908,4824000,44806500,1206162400,14189278000,3177.261,3186.9967,3165.6118,3183.7777
95253000,3186.6395,5893400,48111600,1212055800,14237389600,3177.261,3186.9967,3165.6118,3183.7777
95258000,3186.4038,5508000,51352200,1217563800,14288741800,3177.261,3186.9967,3165.6118,3183.7777
95303000,3186.8833,3180800,43533200,1220744600,14332275000,3177.261,3186.9967,3165.6118,3183.7777
95308000,3186.9108,4693600,51492200,1225438200,14383767200,3177.261,3186.9967,3165.6118,3183.7777
95313000,3186.9746,3129800,35758100,1228568000,14419525300,3177.261,3186.9967,3165.6118,3183.7777
95318000,3187.0448,2865300,31818600,1231433300,14451343900,3177.261,3187.2059,3165.6118,3183.7777
95323000,3186.945,3567900,37931400,1235001200,14489275300,3177.261,3187.2059,3165.6118,3183.7777
95328000,3187.2823,3667300,38004000,1238668500,14527279300,3177.261,3187.2823,3165.6118,3183.7777
95333000,3187.1431,3332800,35759500,1242001300,14563038800,3177.261,3187.2823,3165.6118,3183.7777
95338000,3187.3633,3787300,41877100,1245788600,14604915900,3177.261,3187.765,3165.6118,3183.7777
95343000,3187.7494,2768800,33169900,1248557400,14638085800,3177.261,3187.765,3165.6118,3183.7777
95348000,3187.6263,2443800,37530000,1251001200,14675615800,3177.261,3187.765,3165.6118,3183.7777
95353000,3187.5156,3964600,36015200,1254965800,14711631000,3177.261,3187.765,3165.6118,3183.7777
95358000,3187.8361,3588800,47322800,1258554600,14758953800,3177.261,3187.8361,3165.6118,3183.7777
95403000,3187.6813,3268400,34484300,1261823000,14793438100,3177.261,3187.8492,3165.6118,3183.7777
95408000,3187.6637,5207800,47635700,1267030800,14841073800,3177.261,3188.005,3165.6118,3183.7777
95413000,3188.0811,3459600,32351900,1270490400,14873425700,3177.261,3188.0811,3165.6118,3183.7777
95418000,3187.9911,2657900,29569800,1273148300,14902995500,3177.261,3188.0811,3165.6118,3183.7777
95423000,3187.7462,2945100,32108400,1276093400,14935103900,3177.261,3188.0811,3165.6118,3183.7777
95428000,3187.996,4357400,51134500,1280450800,14986238400,3177.261,3188.0811,3165.6118,3183.7777
95433000,3187.9778,2875500,33161700,1283326300,15019400100,3177.261,3188.4156,3165.6118,3183.7777
95438000,3188.3712,3683600,44471700,1287009900,15063871800,3177.261,3188.8114,3165.6118,3183.7777
95443000,3188.2296,2943700,33009700,1289953600,15096881500,3177.261,3188.8114,3165.6118,3183.7777
95448000,3188.6176,2154700,26226200,1292108300,15123107700,3177.261,3188.8114,3165.6118,3183.7777
95453000,3188.6917,3429800,33078300,1295538100,15156186000,3177.261,3188.8114,3165.6118,3183.7777
95458000,3188.8116,3430800,40611000,1298968900,15196797000,3177.261,3188.8116,3165.6118,3183.7777
95503000,3188.7418,2821700,32440800,1301790600,15229237800,3177.261,3189.0963,3165.6118,3183.7777
95508000,3189.2467,4211900,48106400,1306002500,15277344200,3177.261,3189.3029,3165.6118,3183.7777
95513000,3189.3139,3267200,39873500,1309269700,15317217700,3177.261,3189.3139,3165.6118,3183.7777
95518000,3189.1406,3185100,38710100,1312454800,15355927800,3177.261,3189.3139,3165.6118,3183.7777
95523000,3189.4607,2165900,28398800,1314620700,15384326600,3177.261,3189.4607,3165.6118,3183.7777
95528000,3188.9471,4013100,47138400,1318633800,15431465000,3177.261,3189.4607,3165.6118,3183.7777
95533000,3188.3846,2708900,33785700,1321342700,15465250700,3177.261,3189.4607,3165.6118,3183.7777
95538000,3188.7722,3994800,47710200,1325337500,15512960900,3177.261,3189.4607,3165.6118,3183.7777
95543000,3187.8149,3196600,41322300,1328534100,15554283200,3177.261,3189.4607,3165.6118,3183.7777
95548000,3187.8628,4376500,42673900,1332910600,15596957100,3177.261,3189.4607,3165.6118,3183.7777
95553000,3187.8937,3264200,31414800,1336174800,15628371900,3177.261,3189.4607,3165.6118,3183.7777
95558000,3187.9883,3357300,40074700,1339532100,15668446600,3177.261,3189.4607,3165.6118,3183.7777
95603000,3187.8444,2637200,36448900,1342169300,15704895500,3177.261,3189.4607,3165.6118,3183.7777
95608000,3188.3069,2788700,40065600,1344958000,15744961100,3177.261,3189.4607,3165.6118,3183.7777
95613000,3188.4088,3351300,34778200,1348309300,15779739300,3177.261,3189.4607,3165.6118,3183.7777
95618000,3188.5234,2879800,36520700,1351189100,15816260000,3177.261,3189.4607,3165.6118,3183.7777
95623000,3188.5043,3328700,35146600,1354517800,15851406600,3177.261,3189.4607,3165.6118,3183.7777
95628000,3188.8855,3276500,38008500,1357794300,15889415100,3177.261,3189.4607,3165.6118,3183.7777
95633000,3188.3161,2572100,34812400,1360366400,15924227500,3177.261,3189.4607,3165.6118,3183.7777
95638000,3188.8315,3253100,41585300,1363619500,15965812800,3177.261,3189.4607,3165.6118,3183.7777
95643000,3189.4521,4034900,37907800,1367654400,16003720600,3177.261,3189.4607,3165.6118,3183.7777
95648000,3189.3967,2379600,31875800,1370034000,16035596400,3177.261,3189.4607,3165.6118,3183.7777
95653000,3189.3126,3083400,30060900,1373117400,16065657300,3177.261,3189.4607,3165.6118,3183.7777
95658000,3189.1022,4194200,54363500,1377311600,16120020800,3177.261,3189.4607,3165.6118,3183.7777
95703000,3189.5145,2260000,29903900,1379571600,16149924700,3177.261,3189.6805,3165.6118,3183.7777
95708000,3189.4253,3147000,37372100,1382718600,16187296800,3177.261,3189.6805,3165.6118,3183.7777
95713000,3189.22,3380400,39979800,1386099000,16227276600,3177.261,3189.6805,3165.6118,3183.7777
95718000,3189.1854,2116400,28208700,1388215400,16255485300,3177.261,3189.6805,3165.6118,3183.7777
95723000,3188.706,2944500,35410000,1391159900,16290895300,3177.261,3189.6805,3165.6118,3183.7777
95728000,3187.8111,5846600,65145700,1397006500,16356041000,3177.261,3189.6805,3165.6118,3183.7777
95733000,3187.8692,3431400,51536300,1400437900,16407577300,3177.261,3189.6805,3165.6118,3183.7777
95738000,3186.9754,6880500,80567900,1407318400,16488145200,3177.261,3189.6805,3165.6118,3183.7777
95743000,3185.6789,4778400,56550000,1412096800,16544695200,3177.261,3189.6805,3165.6118,3183.7777
95748000,3186.0454,3634600,44600100,1415731400,16589295300,3177.261,3189.6805,3165.6118,3183.7777
95753000,3186.0836,3484600,38319800,1419216000,16627615100,3177.261,3189.6805,3165.6118,3183.7777
95758000,3186.3988,4668200,44063000,1423884200,16671678100,3177.261,3189.6805,3165.6118,3183.7777
95803000,3186.2843,2675100,30942200,1426559300,16702620300,3177.261,3189.6805,3165.6118,3183.7777
95808000,3186.0459,3115300,36337200,1429674600,16738957500,3177.261,3189.6805,3165.6118,3183.7777
95813000,3186.1263,3382300,40295200,1433056900,16779252700,3177.261,3189.6805,3165.6118,3183.7777
95818000,3186.197,2267800,28084200,1435324700,16807336900,3177.261,3189.6805,3165.6118,3183.7777
95823000,3186.0772,3267900,32119900,1438592600,16839456800,3177.261,3189.6805,3165.6118,3183.7777
95828000,3186.159,3710000,42931500,1442302600,16882388300,3177.261,3189.6805,3165.6118,3183.7777
95833000,3185.566,2924000,31901700,1445226600,16914290000,3177.261,3189.6805,3165.6118,3183.7777
95838000,3186.2244,5124300,41247800,1450350900,16955537800,3177.261,3189.6805,3165.6118,3183.7777
95843000,3186.0551,3099200,34883100,1453450100,16990420900,3177.261,3189.6805,3165.6118,3183.7777
95848000,3185.5889,2504600,28586600,1455954700,17019007500,3177.261,3189.6805,3165.6118,3183.7777
95853000,3185.8396,2960200,33302700,1458914900,17052310200,3177.261,3189.6805,3165.6118,3183.7777
95858000,3185.4723,3438900,36708100,1462353800,17089018300,3177.261,3189.6805,3165.6118,3183.7777
95903000,3185.8162,3143100,30734000,1465496900,17119752300,3177.261,3189.6805,3165.6118,3183.7777
95908000,3185.9428,4224500,39674300,1469721400,17159426600,3177.261,3189.6805,3165.6118,3183.7777
95913000,3185.9165,5048800,40449200,1474770200,17199875800,3177.261,3189.6805,3165.6118,3183.7777
95918000,3185.6661,3078000,32563200,1477848200,17232439000,3177.261,3189.6805,3165.6118,3183.7777
95923000,3185.5426,4236300,35932800,1482084500,17268371800,3177.261,3189.6805,3165.6118,3183.7777
95928000,3185.0861,4318600,43735500,1486403100,17312107300,3177.261,3189.6805,3165.6118,3183.7777
95933000,3185.0348,3232100,32584900,1489635200,17344692200,3177.261,3189.6805,3165.6118,3183.7777
95938000,3185.2797,3567300,33602200,1493202500,17378294400,3177.261,3189.6805,3165.6118,3183.7777
95943000,3184.677,2161600,40390700,1495364100,17418685100,3177.261,3189.6805,3165.6118,3183.7777
95948000,3184.9401,3035000,48541500,1498399100,17467226600,3177.261,3189.6805,3165.6118,3183.7777
95953000,3184.7298,3822600,33177900,1502221700,17500404500,3177.261,3189.6805,3165.6118,3183.7777
95958000,3184.7002,7524100,47703900,1509745800,17548108400,3177.261,3189.6805,3165.6118,3183.7777
100003000,3184.5178,10969800,51199200,1520715600,17599307600,3177.261,3189.6805,3165.6118,3183.7777
100008000,3184.9305,4368200,39995100,1525083800,17639302700,3177.261,3189.6805,3165.6118,3183.7777
100013000,3184.2632,3879100,37468300,1528962900,17676771000,3177.261,3189.6805,3165.6118,3183.7777
100018000,3184.1371,3468400,37787200,1532431300,17714558200,3177.261,3189.6805,3165.6118,3183.7777
100023000,3184.3038,4129200,36717600,1536560500,17751275800,3177.261,3189.6805,3165.6118,3183.7777
100028000,3184.0464,4758400,51048600,1541318900,17802324400,3177.261,3189.6805,3165.6118,3183.7777
100033000,3183.8285,4508600,42517100,1545827500,17844841500,3177.261,3189.6805,3165.6118,3183.7777
100038000,3183.8597,5002600,56518500,1550830100,17901360000,3177.261,3189.6805,3165.6118,3183.7777
100043000,3183.6484,3367300,38040100,1554197400,17939400100,3177.261,3189.6805,3165.6118,3183.7777
100048000,3183.5697,3957300,37580000,1558154700,17976980100,3177.261,3189.6805,3165.6118,3183.7777
100053000,3183.3356,2813600,32275600,1560968300,18009255700,3177.261,3189.6805,3165.6118,3183.7777
100058000,3183.0086,5558600,55888300,1566526900,18065144000,3177.261,3189.6805,3165.6118,3183.7777
100103000,3183.0912,4306200,36553800,1570833100,18101697800,3177.261,3189.6805,3165.6118,3183.7777
100108000,3183.2715,7157200,71068300,1577990300,18172766100,3177.261,3189.6805,3165.6118,3183.7777
100113000,3182.8725,4623000,42156500,1582613300,18214922600,3177.261,3189.6805,3165.6118,3183.7777
100118000,3182.7783,3823300,39840800,1586436600,18254763400,3177.261,3189.6805,3165.6118,3183.7777
100123000,3182.4084,4063200,41209100,1590499800,18295972500,3177.261,3189.6805,3165.6118,3183.7777
100128000,3182.3598,4405300,48062100,1594905100,18344034600,3177.261,3189.6805,3165.6118,3183.7777
100133000,3181.7718,3389200,37630600,1598294300,18381665200,3177.261,3189.6805,3165.6118,3183.7777
100138000,3182.4102,5868400,64084700,1604162700,18445749900,3177.261,3189.6805,3165.6118,3183.7777
100143000,3182.444,4037300,37806000,1608200000,18483555900,3177.261,3189.6805,3165.6118,3183.7777
100148000,3182.4389,3760700,39105200,1611960700,18522661100,3177.261,3189.6805,3165.6118,3183.7777
100153000,3182.226,3391300,34003900,1615352000,18556665000,3177.261,3189.6805,3165.6118,3183.7777
100158000,3182.3356,4602100,47045400,1619954100,18603710400,3177.261,3189.6805,3165.6118,3183.7777
100203000,3181.9831,4296800,43055700,1624250900,18646766100,3177.261,3189.6805,3165.6118,3183.7777
100208000,3181.9598,6006100,55183200,1630257000,18701949300,3177.261,3189.6805,3165.6118,3183.7777
100213000,3181.3416,5295000,50918900,1635552000,18752868200,3177.261,3189.6805,3165.6118,3183.7777
100218000,3181.2101,5247700,48951100,1640799700,18801819300,3177.261,3189.6805,3165.6118,3183.7777
100223000,3181.2847,4570400,51666700,1645370100,18853486000,3177.261,3189.6805,3165.6118,3183.7777
100228000,3181.316,7557000,62959200,1652927100,18916445200,3177.261,3189.6805,3165.6118,3183.7777
100233000,3180.7053,4429100,40561200,1657356200,18957006400,3177.261,3189.6805,3165.6118,3183.7777
100238000,3180.767,4681500,47583500,1662037700,19004589900,3177.261,3189.6805,3165.6118,3183.7777
100243000,3180.3875,5732600,36875500,1667770300,19041465400,3177.261,3189.6805,3165.6118,3183.7777
100248000,3180.8207,4958500,48269100,1672728800,19089734500,3177.261,3189.6805,3165.6118,3183.7777
100253000,3180.2159,5904200,53551900,1678633000,19143286400,3177.261,3189.6805,3165.6118,3183.7777
100258000,3179.6337,6133000,50024100,1684766000,19193310500,3177.261,3189.6805,3165.6118,3183.7777
100303000,3179.2398,4874500,50636500,1689640500,19243947000,3177.261,3189.6805,3165.6118,3183.7777
100308000,3178.8124,8126300,76543900,1697766800,19320490900,3177.261,3189.6805,3165.6118,3183.7777
100313000,3178.4114,6331700,49999000,1704098500,19370489900,3177.261,3189.6805,3165.6118,3183.7777
100318000,3178.3052,6125800,60000300,1710224300,19430490200,3177.261,3189.6805,3165.6118,3183.7777
100323000,3177.4236,6030100,58084400,1716254400,19488574600,3177.261,3189.6805,3165.6118,3183.7777
100328000,3178.0052,6731800,60242900,1722986200,19548817500,3177.261,3189.6805,3165.6118,3183.7777
100333000,3177.3583,5562400,59050600,1728548600,19607868100,3177.261,3189.6805,3165.6118,3183.7777
100338000,3177.6859,9564600,75681500,1738113200,19683549600,3177.261,3189.6805,3165.6118,3183.7777
100343000,3176.4782,10852900,71710300,1748966100,19755259900,3177.261,3189.6805,3165.6118,3183.7777
100348000,3176.7944,10564300,78309400,1759530400,19833569300,3177.261,3189.6805,3165.6118,3183.7777
100353000,3176.4219,6183700,56932600,1765714100,19890501900,3177.261,3189.6805,3165.6118,3183.7777
100358000,3176.0036,7421500,68896800,1773135600,19959398700,3177.261,3189.6805,3165.6118,3183.7777
100403000,3175.4359,7069000,62602500,1780204600,20022001200,3177.261,3189.6805,3165.6118,3183.7777
100408000,3175.086,10396500,76676200,1790601100,20098677400,3177.261,3189.6805,3165.6118,3183.7777
100413000,3174.4866,7186000,58693000,1797787100,20157370400,3177.261,3189.6805,3165.6118,3183.7777
100418000,3174.3734,6125200,61859600,1803912300,20219230000,3177.261,3189.6805,3165.6118,3183.7777
100423000,3174.0811,7713300,67105600,1811625600,20286335600,3177.261,3189.6805,3165.6118,3183.7777
100428000,3173.391,8804000,84574100,1820429600,20370909700,3177.261,3189.6805,3165.6118,3183.7777
100433000,3173.1668,6072300,62809500,1826501900,20433719200,3177.261,3189.6805,3165.6118,3183.7777
100438000,3173.085,10067900,82329500,1836569800,20516048700,3177.261,3189.6805,3165.6118,3183.7777
100443000,3172.4427,8542500,72017500,1845112300,20588066200,3177.261,3189.6805,3165.6118,3183.7777
100448000,3171.6135,9606200,83464800,1854718500,20671531000,3177.261,3189.6805,3165.6118,3183.7777
100453000,3170.9466,8061500,71519700,1862780000,20743050700,3177.261,3189.6805,3165.6118,3183.7777
100458000,3170.6231,13213800,96582700,1875993800,20839633400,3177.261,3189.6805,3165.6118,3183.7777
100503000,3170.187,9411600,93758800,1885405400,20933392200,3177.261,3189.6805,3165.6118,3183.7777
100508000,3170.1612,13883600,104635200,1899289000,21038027400,3177.261,3189.6805,3165.6118,3183.7777
100513000,3169.1571,14126600,78820300,1913415600,21116847700,3177.261,3189.6805,3165.6118,3183.7777
100518000,3169.128,9690900,80878700,1923106500,21197726400,3177.261,3189.6805,3165.6118,3183.7777
100523000,3168.2321,8291300,73021400,1931397800,21270747800,3177.261,3189.6805,3165.6118,3183.7777
100528000,3168.3567,10950100,99461700,1942347900,21370209500,3177.261,3189.6805,3165.6118,3183.7777
100533000,3167.9757,7981100,79081400,1950329000,21449290900,3177.261,3189.6805,3165.6118,3183.7777
100538000,3168.4053,9869300,96224700,1960198300,21545515600,3177.261,3189.6805,3165.6118,3183.7777
100543000,3167.7384,7648900,66643200,1967847200,21612158800,3177.261,3189.6805,3165.6118,3183.7777
100548000,3168.1105,8551800,83542700,1976399000,21695701500,3177.261,3189.6805,3165.6118,3183.7777
100553000,3167.693,6818000,65493300,1983217000,21761194800,3177.261,3189.6805,3165.6118,3183.7777
100558000,3167.2804,11039200,96285200,1994256200,21857480000,3177.261,3189.6805,3165.6118,3183.7777
100603000,3167.4082,8519000,87637100,2002775200,21945117100,3177.261,3189.6805,3165.6118,3183.7777
100608000,3167.1952,9135900,87894400,2011911100,22033011500,3177.261,3189.6805,3165.6118,3183.7777
100613000,3166.8472,8130000,76828700,2020041100,22109840200,3177.261,3189.6805,3165.6118,3183.7777
100618000,3167.0658,7788800,83333200,2027829900,22193173400,3177.261,3189.6805,3165.6118,3183.7777
100623000,3166.5758,7708000,66005600,2035537900,22259179000,3177.261,3189.6805,3165.6118,3183.7777
100628000,3166.8942,9850100,102843800,2045388000,22362022800,3177.261,3189.6805,3165.6118,3183.7777
100633000,3167.9852,8239500,83383200,2053627500,22445406000,3177.261,3189.6805,3165.6118,3183.7777
100638000,3167.8968,8673900,98006300,2062301400,22543412300,3177.261,3189.6805,3165.6118,3183.7777
100643000,3167.6361,6344400,63609000,2068645800,22607021300,3177.261,3189.6805,3165.6118,3183.7777
100648000,3167.8695,8234200,81653100,2076880000,22688674400,3177.261,3189.6805,3165.6118,3183.7777
100653000,3167.781,6178600,54664000,2083058600,22743338400,3177.261,3189.6805,3165.6118,3183.7777
100658000,3167.5688,8568900,77864000,2091627500,22821202400,3177.261,3189.6805,3165.6118,3183.7777
100703000,3167.6504,6388400,71970600,2098015900,22893173000,3177.261,3189.6805,3165.6118,3183.7777
100708000,3167.2522,10713600,89237600,2108729500,22982410600,3177.261,3189.6805,3165.6118,3183.7777
100713000,3166.8818,6190700,58456400,2114920200,23040867000,3177.261,3189.6805,3165.6118,3183.7777
100718000,3166.8041,6142300,61558200,2121062500,23102425200,3177.261,3189.6805,3165.6118,3183.7777
100723000,3166.234,5387200,52244700,2126449700,23154669900,3177.261,3189.6805,3165.6118,3183.7777
100728000,3165.8213,8118600,79654000,2134568300,23234323900,3177.261,3189.6805,3165.6118,3183.7777
100733000,3165.6824,7417200,75882800,2141985500,23310206700,3177.261,3189.6805,3165.3018,3183.7777
100738000,3165.2612,9122200,82556700,2151107700,23392763400,3177.261,3189.6805,3165.1217,3183.7777
100743000,3164.8235,6267900,62242400,2157375600,23455005800,3177.261,3189.6805,3164.5613,3183.7777
100748000,3164.6374,7233600,68746700,2164609200,23523752500,3177.261,3189.6805,3164.1458,3183.7777
100753000,3163.8685,8368700,72120100,2172977900,23595872600,3177.261,3189.6805,3163.5353,3183.7777
100758000,3163.1275,9823600,102445000,2182801500,23698317600,3177.261,3189.6805,3162.5233,3183.7777
100803000,3162.545,9073200,93520100,2191874700,23791837700,3177.261,3189.6805,3162.3224,3183.7777
100808000,3162.1164,9292100,94523100,2201166800,23886360800,3177.261,3189.6805,3161.6485,3183.7777
100813000,3161.4042,7304200,70059400,2208471000,23956420200,3177.261,3189.6805,3161.2787,3183.7777
100818000,3161.3111,7707300,83455000,2216178300,24039875200,3177.261,3189.6805,3160.8923,3183.7777
100823000,3160.6903,6908600,71907500,2223086900,24111782700,3177.261,3189.6805,3160.6903,3183.7777
100828000,3160.2857,8935700,92708000,2232022600,24204490700,3177.261,3189.6805,3159.8801,3183.7777
100833000,3159.7946,8752700,84753500,2240775300,24289244200,3177.261,3189.6805,3159.1841,3183.7777
100838000,3159.3009,8375200,91274200,2249150500,24380518400,3177.261,3189.6805,3159.1841,3183.7777
100843000,3159.8289,9055400,78372600,2258205900,24458891000,3177.261,3189.6805,3159.1841,3183.7777
100848000,3160.0949,7977700,91818300,2266183600,24550709300,3177.261,3189.6805,3159.0275,3183.7777
100853000,3159.0894,8292600,68970400,2274476200,24619679700,3177.261,3189.6805,3158.4577,3183.7777
100858000,3158.8476,10332800,85107700,2284809000,24704787400,3177.261,3189.6805,3158.1331,3183.7777
100903000,3157.8563,7457600,80773200,2292266600,24785560600,3177.261,3189.6805,3157.8563,3183.7777
100908000,3158.2494,9824200,96919700,2302090800,24882480300,3177.261,3189.6805,3157.8563,3183.7777
100913000,3157.9583,8096700,72632700,2310187500,24955113000,3177.261,3189.6805,3157.8563,3183.7777
100918000,3158.096,6633600,71140400,2316821100,25026253400,3177.261,3189.6805,3157.7852,3183.7777
100923000,3158.0862,8830700,78483400,2325651800,25104736800,3177.261,3189.6805,3157.7247,3183.7777
100928000,3157.4927,9369200,84844200,2335021000,25189581000,3177.261,3189.6805,3157.4927,3183.7777
100933000,3157.5036,7772900,80320600,2342793900,25269901600,3177.261,3189.6805,3157.4927,3183.7777
100938000,3157.7702,9599000,96827400,2352392900,25366729000,3177.261,3189.6805,3157.4927,3183.7777
100943000,3158.6698,6906000,72844500,2359298900,25439573500,3177.261,3189.6805,3157.4927,3183.7777
100948000,3157.9319,7809600,80960200,2367108500,25520533700,3177.261,3189.6805,3157.4927,3183.7777
100953000,3157.9651,6051700,65908800,2373160200,25586442500,3177.261,3189.6805,3157.4927,3183.7777
100958000,3157.819,7947500,75186500,2381107700,25661629000,3177.261,3189.6805,3157.4927,3183.7777
101003000,3157.4017,5789300,65882000,2386897000,25727511000,3177.261,3189.6805,3157.4017,3183.7777
101008000,3157.5701,8558300,85028000,2395455300,25812539000,3177.261,3189.6805,3157.4017,3183.7777
101013000,3158.2075,6698500,70862500,2402153800,25883401500,3177.261,3189.6805,3157.4017,3183.7777
101018000,3159.0686,8136400,83294600,2410290200,25966696100,3177.261,3189.6805,3157.4017,3183.7777
101023000,3158.6566,5862500,68182600,2416152700,26034878700,3177.261,3189.6805,3157.4017,3183.7777
101028000,3158.487,6715700,78131000,2422868400,26113009700,3177.261,3189.6805,3157.4017,3183.7777
101033000,3158.1916,5919600,65157600,2428788000,26178167300,3177.261,3189.6805,3157.4017,3183.7777
101038000,3158.6071,7704500,80705000,2436492500,26258872300,3177.261,3189.6805,3157.4017,3183.7777
101043000,3158.5945,4727400,55045900,2441219900,26313918200,3177.261,3189.6805,3157.4017,3183.7777
101048000,3158.6876,4565700,59813300,2445785600,26373731500,3177.261,3189.6805,3157.4017,3183.7777
101053000,3159.6915,4871000,51617100,2450656600,26425348600,3177.261,3189.6805,3157.4017,3183.7777
101058000,3158.7287,6330100,55825800,2456986700,26481174400,3177.261,3189.6805,3157.4017,3183.7777
101103000,3158.4823,5854000,62587400,2462840700,26543761800,3177.261,3189.6805,3157.4017,3183.7777
101108000,3158.0052,6493300,66817500,2469334000,26610579300,3177.261,3189.6805,3157.4017,3183.7777
101113000,3158.5865,5865100,53246100,2475199100,26663825400,3177.261,3189.6805,3157.4017,3183.7777
101118000,3158.314,5359500,53902000,2480558600,26717727400,3177.261,3189.6805,3157.4017,3183.7777
101123000,3158.0965,3714500,39946900,2484273100,26757674300,3177.261,3189.6805,3157.4017,3183.7777
101128000,3157.9717,5470000,58337700,2489743100,26816012000,3177.261,3189.6805,3157.4017,3183.7777
101133000,3158.1067,6024600,55072400,2495767700,26871084400,3177.261,3189.6805,3157.4017,3183.7777
101138000,3157.713,6999500,71266200,2502767200,26942350600,3177.261,3189.6805,3157.4017,3183.7777
101143000,3158.2202,4035500,42886800,2506802700,26985237400,3177.261,3189.6805,3157.4017,3183.7777
101148000,3158.1403,4532500,61869800,2511335200,27047107200,3177.261,3189.6805,3157.4017,3183.7777
101153000,3157.8683,4612000,49864700,2515947200,27096971900,3177.261,3189.6805,3157.4017,3183.7777
101158000,3158.1152,7192900,58599400,2523140100,27155571300,3177.261,3189.6805,3157.4017,3183.7777
101203000,3159.1992,5633800,59362400,2528773900,27214933700,3177.261,3189.6805,3157.4017,3183.7777
101208000,3158.263,5865500,60348200,2534639400,27275281900,3177.261,3189.6805,3157.4017,3183.7777
101213000,3158.0471,3008900,34194800,2537648300,27309476700,3177.261,3189.6805,3157.4017,3183.7777
101218000,3157.8646,5725200,51557700,2543373500,27361034400,3177.261,3189.6805,3157.4017,3183.7777
101223000,3157.4493,4556000,44086900,2547929500,27405121300,3177.261,3189.6805,3157.4017,3183.7777
101228000,3157.4495,4963700,47410700,2552893200,27452532000,3177.261,3189.6805,3157.3415,3183.7777
101233000,3157.7357,3843800,45790400,2556737000,27498322400,3177.261,3189.6805,3156.9706,3183.7777
101238000,3157.3033,5960600,61025300,2562697600,27559347700,3177.261,3189.6805,3156.9706,3183.7777
101243000,3157.4038,3342000,33004500,2566039600,27592352200,3177.261,3189.6805,3156.9706,3183.7777
101248000,3157.2494,5079600,63014500,2571119200,27655366700,3177.261,3189.6805,3156.9706,3183.7777
101253000,3156.8624,4559300,46430800,2575678500,27701797500,3177.261,3189.6805,3156.8624,3183.7777
101258000,3157.2024,4822700,52945900,2580501200,27754743400,3177.261,3189.6805,3156.8624,3183.7777
101303000,3156.766,3831800,44945200,2584333000,27799688600,3177.261,3189.6805,3156.766,3183.7777
101308000,3157.1967,5048900,56214300,2589381900,27855902900,3177.261,3189.6805,3156.5769,3183.7777
101313000,3157.3609,5001800,46642400,2594383700,27902545300,3177.261,3189.6805,3156.5769,3183.7777
101318000,3157.368,6309100,62260400,2600692800,27964805700,3177.261,3189.6805,3156.5769,3183.7777
101323000,3158.0275,8393000,59843200,2609085800,28024648900,3177.261,3189.6805,3156.5769,3183.7777
101328000,3159.065,10830800,98788400,2619916600,28123437300,3177.261,3189.6805,3156.5769,3183.7777
101333000,3160.0368,9588800,93575300,2629505400,28217012600,3177.261,3189.6805,3156.5769,3183.7777
101338000,3161.0005,7497500,83271700,2637002900,28300284300,3177.261,3189.6805,3156.5769,3183.7777
101343000,3161.524,5472000,54001500,2642474900,28354285800,3177.261,3189.6805,3156.5769,3183.7777
101348000,3161.999,5173600,64684200,2647648500,28418970000,3177.261,3189.6805,3156.5769,3183.7777
101353000,3162.9197,3679200,38774800,2651327700,28457744800,3177.261,3189.6805,3156.5769,3183.7777
101358000,3163.2957,6254400,56974800,2657582100,28514719600,3177.261,3189.6805,3156.5769,3183.7777
101403000,3163.2649,5120800,49488300,2662702900,28564207900,3177.261,3189.6805,3156.5769,3183.7777
101408000,3164.1325,4933400,57993500,2667636300,28622201400,3177.261,3189.6805,3156.5769,3183.7777
101413000,3164.1319,3709600,41237400,2671345900,28663438800,3177.261,3189.6805,3156.5769,3183.7777
101418000,3164.1316,4056700,45329300,2675402600,28708768100,3177.261,3189.6805,3156.5769,3183.7777
101423000,3164.5685,3521100,44061400,2678923700,28752829500,3177.261,3189.6805,3156.5769,3183.7777
101428000,3164.481,5840700,51006800,2684764400,28803836300,3177.261,3189.6805,3156.5769,3183.7777
101433000,3164.6487,3797000,39659100,2688561400,28843495400,3177.261,3189.6805,3156.5769,3183.7777
101438000,3164.3573,3574600,42206900,2692136000,28885702300,3177.261,3189.6805,3156.5769,3183.7777
101443000,3164.2276,2483200,27542600,2694619200,28913244900,3177.261,3189.6805,3156.5769,3183.7777
101448000,3164.6001,3466200,42684900,2698085400,28955929800,3177.261,3189.6805,3156.5769,3183.7777
101453000,3164.4626,3425600,34055200,2701511000,28989985000,3177.261,3189.6805,3156.5769,3183.7777
101458000,3164.4234,4805900,45990100,2706316900,29035975100,3177.261,3189.6805,3156.5769,3183.7777
101503000,3164.4154,2988200,35608300,2709305100,29071583400,3177.261,3189.6805,3156.5769,3183.7777
101508000,3164.0791,4022400,36591100,2713327500,29108174500,3177.261,3189.6805,3156.5769,3183.7777
101513000,3164.4719,2374500,27986800,2715702000,29136161300,3177.261,3189.6805,3156.5769,3183.7777
101518000,3164.0585,3532900,38387100,2719234900,29174548400,3177.261,3189.6805,3156.5769,3183.7777
101523000,3164.124,2970400,32340700,2722205300,29206889100,3177.261,3189.6805,3156.5769,3183.7777
101528000,3164.1017,3444400,38600500,2725649700,29245489600,3177.261,3189.6805,3156.5769,3183.7777
101533000,3163.9667,3949800,38962600,2729599500,29284452200,3177.261,3189.6805,3156.5769,3183.7777
101538000,3163.6764,3566200,36029900,2733165700,29320482100,3177.261,3189.6805,3156.5769,3183.7777
101543000,3163.9526,3197800,37852100,2736363500,29358334200,3177.261,3189.6805,3156.5769,3183.7777
101548000,3164.2225,3547600,38569700,2739911100,29396903900,3177.261,3189.6805,3156.5769,3183.7777
101553000,3163.8152,3434300,33739700,2743345400,29430643600,3177.261,3189.6805,3156.5769,3183.7777
101558000,3163.8157,5268800,40570500,2748614200,29471214100,3177.261,3189.6805,3156.5769,3183.7777
101603000,3163.6293,3450700,37633400,2752064900,29508847500,3177.261,3189.6805,3156.5769,3183.7777
101608000,3163.6285,3008400,35709600,2755073300,29544557100,3177.261,3189.6805,3156.5769,3183.7777
101613000,3163.4717,3147600,30363100,2758220900,29574920200,3177.261,3189.6805,3156.5769,3183.7777
101618000,3163.3731,2342000,28701200,2760562900,29603621400,3177.261,3189.6805,3156.5769,3183.7777
101623000,3163.3315,2221900,25911200,2762784800,29629532600,3177.261,3189.6805,3156.5769,3183.7777
101628000,3163.252,2173300,24684300,2764958100,29654216900,3177.261,3189.6805,3156.5769,3183.7777
101633000,3162.7766,3049900,37092000,2768008000,29691308900,3177.261,3189.6805,3156.5769,3183.7777
101638000,3162.3944,3590700,36310800,2771598700,29727619700,3177.261,3189.6805,3156.5769,3183.7777
101643000,3162.7527,3391800,32975100,2774990500,29760594800,3177.261,3189.6805,3156.5769,3183.7777
101648000,3162.4281,3397800,36478700,2778388300,29797073500,3177.261,3189.6805,3156.5769,3183.7777
101653000,3161.9575,3389100,34593700,2781777400,29831667200,3177.261,3189.6805,3156.5769,3183.7777
101658000,3162.1389,3093300,34587100,2784870700,29866254300,3177.261,3189.6805,3156.5769,3183.7777
101703000,3161.5172,3134700,33428500,2788005400,29899682800,3177.261,3189.6805,3156.5769,3183.7777
101708000,3161.3454,4140000,41054900,2792145400,29940737700,3177.261,3189.6805,3156.5769,3183.7777
101713000,3161.3917,2753800,34445100,2794899200,29975182800,3177.261,3189.6805,3156.5769,3183.7777
101718000,3161.4259,3500300,37928100,2798399500,30013110900,3177.261,3189.6805,3156.5769,3183.7777
101723000,3161.0709,3639600,43222700,2802039100,30056333600,3177.261,3189.6805,3156.5769,3183.7777
101728000,3161.8719,4623000,41967400,2806662100,30098301000,3177.261,3189.6805,3156.5769,3183.7777
101733000,3161.6035,4357500,40578000,2811019600,30138879000,3177.261,3189.6805,3156.5769,3183.7777
101738000,3160.9155,3711900,33977500,2814731500,30172856500,3177.261,3189.6805,3156.5769,3183.7777
101743000,3160.9249,4202000,34453200,2818933500,30207309700,3177.261,3189.6805,3156.5769,3183.7777
101748000,3160.9112,4632500,43238400,2823566000,30250548100,3177.261,3189.6805,3156.5769,3183.7777
101753000,3160.514,2304900,23257800,2825870900,30273805900,3177.261,3189.6805,3156.5769,3183.7777
101758000,3160.5909,3869600,36301000,2829740500,30310106900,3177.261,3189.6805,3156.5769,3183.7777
101803000,3160.277,2894100,32859200,2832634600,30342966100,3177.261,3189.6805,3156.5769,3183.7777
101808000,3160.0083,4679700,40636300,2837314300,30383602400,3177.261,3189.6805,3156.5769,3183.7777
101813000,3159.9283,2409600,23598100,2839723900,30407200500,3177.261,3189.6805,3156.5769,3183.7777
101818000,3159.8334,2845300,29273600,2842569200,30436474100,3177.261,3189.6805,3156.5769,3183.7777
101823000,3159.6558,3113000,30126300,2845682200,30466600400,3177.261,3189.6805,3156.5769,3183.7777
101828000,3159.4377,4119300,39845000,2849801500,30506445400,3177.261,3189.6805,3156.5769,3183.7777
101833000,3159.4175,2369200,27511400,2852170700,30533956800,3177.261,3189.6805,3156.5769,3183.7777
101838000,3158.8671,3326300,42347500,2855497000,30576304300,3177.261,3189.6805,3156.5769,3183.7777
101843000,3158.5534,2367600,24974400,2857864600,30601278700,3177.261,3189.6805,3156.5769,3183.7777
101848000,3158.8836,3043700,31149200,2860908300,30632427900,3177.261,3189.6805,3156.5769,3183.7777
101853000,3158.6891,2134700,19828400,2863043000,30652256300,3177.261,3189.6805,3156.5769,3183.7777
101858000,3158.7927,2699600,28694900,2865742600,30680951200,3177.261,3189.6805,3156.5769,3183.7777
101903000,3158.1615,4124000,34710700,2869866600,30715661900,3177.261,3189.6805,3156.5769,3183.7777
101908000,3158.5382,3289900,38381900,2873156500,30754043800,3177.261,3189.6805,3156.5769,3183.7777
101913000,3157.8957,2226300,23630000,2875382800,30777673800,3177.261,3189.6805,3156.5769,3183.7777
101918000,3157.9152,4198100,43091000,2879580900,30820764800,3177.261,3189.6805,3156.5769,3183.7777
101923000,3157.5617,3129100,25838100,2882710000,30846602900,3177.261,3189.6805,3156.5769,3183.7777
101928000,3157.6699,3612900,36854600,2886322900,30883457500,3177.261,3189.6805,3156.5769,3183.7777
101933000,3157.317,3725500,39151000,2890048400,30922608500,3177.261,3189.6805,3156.5769,3183.7777
101938000,3157.6752,5812700,55458600,2895861100,30978067100,3177.261,3189.6805,3156.5769,3183.7777
101943000,3158.5118,4215600,44169200,2900076700,31022236300,3177.261,3189.6805,3156.5769,3183.7777
101948000,3159.7859,5813100,61978400,2905889800,31084214700,3177.261,3189.6805,3156.5769,3183.7777
101953000,3160.6966,4171100,48699000,2910060900,31132913700,3177.261,3189.6805,3156.5769,3183.7777
101958000,3160.2661,3438500,35228000,2913499400,31168141700,3177.261,3189.6805,3156.5769,3183.7777
102003000,3159.4696,2919300,32477700,2916418700,31200619400,3177.261,3189.6805,3156.5769,3183.7777
102008000,3159.4439,3561400,32898700,2919980100,31233518100,3177.261,3189.6805,3156.5769,3183.7777
102013000,3159.0966,3124600,31888400,2923104700,31265406500,3177.261,3189.6805,3156.5769,3183.7777
102018000,3159.6152,2758400,32464600,2925863100,31297871100,3177.261,3189.6805,3156.5769,3183.7777
102023000,3159.2938,3266700,26677700,2929129800,31324548800,3177.261,3189.6805,3156.5769,3183.7777
102028000,3159.5761,4830800,43927600,2933960600,31368476400,3177.261,3189.6805,3156.5769,3183.7777
102033000,3159.6803,2621500,31868800,2936582100,31400345200,3177.261,3189.6805,3156.5769,3183.7777
102038000,3159.7986,2562900,31727500,2939145000,31432072700,3177.261,3189.6805,3156.5769,3183.7777
102043000,3159.9147,2692500,27991700,2941837500,31460064400,3177.261,3189.6805,3156.5769,3183.7777
102048000,3159.5665,2516700,25946100,2944354200,31486010500,3177.261,3189.6805,3156.5769,3183.7777
102053000,3159.0058,1918300,26098900,2946272500,31512109400,3177.261,3189.6805,3156.5769,3183.7777
102058000,3159.0028,2457100,27114800,2948729600,31539224200,3177.261,3189.6805,3156.5769,3183.7777
102103000,3158.9941,2509400,29862100,2951239000,31569086300,3177.261,3189.6805,3156.5769,3183.7777
102108000,3159.4607,3446600,31744100,2954685600,31600830400,3177.261,3189.6805,3156.5769,3183.7777
102113000,3159.1971,2728400,28675300,2957414000,31629505700,3177.261,3189.6805,3156.5769,3183.7777
102118000,3159.1626,2455600,31953400,2959869600,31661459100,3177.261,3189.6805,3156.5769,3183.7777
102123000,3159.6433,2512200,23997500,2962381800,31685456600,3177.261,3189.6805,3156.5769,3183.7777
102128000,3159.9933,4038600,37457800,2966420400,31722914400,3177.261,3189.6805,3156.5769,3183.7777
102133000,3159.4854,2774500,35425900,2969194900,31758340300,3177.261,3189.6805,3156.5769,3183.7777
102138000,3159.3037,3940600,38369300,2973135500,31796709600,3177.261,3189.6805,3156.5769,3183.7777
102143000,3159.5552,1807600,24113500,2974943100,31820823100,3177.261,3189.6805,3156.5769,3183.7777
102148000,3159.0224,2677200,31869600,2977620300,31852692700,3177.261,3189.6805,3156.5769,3183.7777
102153000,3159.5715,2405300,23189900,2980025600,31875882600,3177.261,3189.6805,3156.5769,3183.7777
102158000,3159.1519,2792600,27644900,2982818200,31903527500,3177.261,3189.6805,3156.5769,3183.7777
102203000,3159.2641,2590000,33020600,2985408200,31936548100,3177.261,3189.6805,3156.5769,3183.7777
102208000,3159.0547,3560600,32093400,2988968800,31968641500,3177.261,3189.6805,3156.5769,3183.7777
102213000,3159.1681,1690900,17859800,2990659700,31986501300,3177.261,3189.6805,3156.5769,3183.7777
102218000,3159.3035,2828000,33319900,2993487700,32019821200,3177.261,3189.6805,3156.5769,3183.7777
102223000,3159.1379,2186600,21748100,2995674300,32041569300,3177.261,3189.6805,3156.5769,3183.7777
102228000,3159.5788,2745900,28901900,2998420200,32070471200,3177.261,3189.6805,3156.5769,3183.7777
102233000,3159.1063,3406600,35376100,3001826800,32105847300,3177.261,3189.6805,3156.5769,3183.7777
102238000,3159.1675,3046800,29671800,3004873600,32135519100,3177.261,3189.6805,3156.5769,3183.7777
102243000,3159.3744,1962900,20566900,3006836500,32156086000,3177.261,3189.6805,3156.5769,3183.7777
102248000,3159.3053,2744800,30387800,3009581300,32186473800,3177.261,3189.6805,3156.5769,3183.7777
102253000,3159.3203,2103400,22232100,3011684700,32208705900,3177.261,3189.6805,3156.5769,3183.7777
102258000,3158.9894,2367600,25397100,3014052300,32234103000,3177.261,3189.6805,3156.5769,3183.7777
102303000,3158.7547,2730800,29560100,3016783100,32263663100,3177.261,3189.6805,3156.5769,3183.7777
102308000,3158.2658,5020400,52042100,3021803500,32315705200,3177.261,3189.6805,3156.5769,3183.7777
102313000,3157.5861,3214100,32870300,3025017600,32348575500,3177.261,3189.6805,3156.5769,3183.7777
102318000,3157.7896,3125700,38512400,3028143300,32387087900,3177.261,3189.6805,3156.5769,3183.7777
102323000,3157.6194,3207000,31645800,3031350300,32418733700,3177.261,3189.6805,3156.5769,3183.7777
102328000,3157.427,3989500,46434800,3035339800,32465168500,3177.261,3189.6805,3156.5769,3183.7777
102333000,3157.1211,4680800,55798700,3040020600,32520967200,3177.261,3189.6805,3156.5769,3183.7777
102338000,3156.5653,5386800,55030800,3045407400,32575998000,3177.261,3189.6805,3156.1505,3183.7777
102343000,3156.0015,5075400,40657600,3050482800,32616655600,3177.261,3189.6805,3156.0015,3183.7777
102348000,3155.923,5134200,58913300,3055617000,32675568900,3177.261,3189.6805,3155.5163,3183.7777
102353000,3155.4048,3637500,40314000,3059254500,32715882900,3177.261,3189.6805,3155.2703,3183.7777
102358000,3155.011,4666400,48372700,3063920900,32764255600,3177.261,3189.6805,3154.7369,3183.7777
102403000,3154.2832,4507300,54392300,3068428200,32818647900,3177.261,3189.6805,3154.1203,3183.7777
102408000,3153.9423,5742800,71132700,3074171000,32889780600,3177.261,3189.6805,3153.8119,3183.7777
102413000,3153.6253,3703300,35438200,3077874300,32925218800,3177.261,3189.6805,3153.5916,3183.7777
102418000,3153.8186,6461200,69232500,3084335500,32994451300,3177.261,3189.6805,3153.3123,3183.7777
102423000,3153.3072,4432400,49283500,3088767900,33043734800,3177.261,3189.6805,3153.0853,3183.7777
102428000,3153.0106,4786300,50773500,3093554200,33094508300,3177.261,3189.6805,3153.0106,3183.7777
102433000,3153.1564,4739000,48442500,3098293200,33142950800,3177.261,3189.6805,3152.5479,3183.7777
102438000,3152.3709,4786500,54304900,3103079700,33197255700,3177.261,3189.6805,3152.0184,3183.7777
102443000,3152.2144,3221500,41775500,3106301200,33239031200,3177.261,3189.6805,3152.0184,3183.7777
102448000,3152.2469,6094000,64596800,3112395200,33303628000,3177.261,3189.6805,3151.8033,3183.7777
102453000,3151.4725,4197400,38727800,3116592600,33342355800,3177.261,3189.6805,3151.4725,3183.7777
102458000,3151.3528,5265100,55148300,3121857700,33397504100,3177.261,3189.6805,3151.3465,3183.7777
102503000,3151.2816,4107100,47847900,3125964800,33445352000,3177.261,3189.6805,3151.2783,3183.7777
102508000,3151.029,6444700,57106100,3132409500,33502458100,3177.261,3189.6805,3150.8643,3183.7777
102513000,3150.7294,4333800,50361100,3136743300,33552819200,3177.261,3189.6805,3150.2629,3183.7777
102518000,3150.3289,5209200,55663300,3141952500,33608482500,3177.261,3189.6805,3150.1366,3183.7777
102523000,3150.1164,4028000,48873200,3145980500,33657355700,3177.261,3189.6805,3149.9232,3183.7777
102528000,3149.9816,5190100,53150000,3151170600,33710505700,3177.261,3189.6805,3149.741,3183.7777
102533000,3149.811,4538800,53384100,3155709400,33763889800,3177.261,3189.6805,3149.741,3183.7777
102538000,3149.2973,5822000,65519000,3161531400,33829408800,3177.261,3189.6805,3149.2973,3183.7777
102543000,3149.2885,3994300,36950300,3165525700,33866359100,3177.261,3189.6805,3149.0804,3183.7777
102548000,3148.812,4661700,55307400,3170187400,33921666500,3177.261,3189.6805,3148.812,3183.7777
102553000,3149.5024,4273000,42092800,3174460400,33963759300,3177.261,3189.6805,3148.812,3183.7777
102558000,3148.7269,6208200,58707100,3180668600,34022466400,3177.261,3189.6805,3148.7269,3183.7777
102603000,3148.8198,5237600,58215800,3185906200,34080682200,3177.261,3189.6805,3148.4539,3183.7777
102608000,3148.2345,5719200,54122300,3191625400,34134804500,3177.261,3189.6805,3148.2345,3183.7777
102613000,3149.143,4303700,42769600,3195929100,34177574100,3177.261,3189.6805,3148.2345,3183.7777
102618000,3148.7361,4796800,58838700,3200725900,34236412800,3177.261,3189.6805,3148.2345,3183.7777
102623000,3149.4801,5261300,53921900,3205987200,34290334700,3177.261,3189.6805,3148.2345,3183.7777
102628000,3149.6094,7176900,77243200,3213164100,34367577900,3177.261,3189.6805,3148.2345,3183.7777
102633000,3151.3734,6752500,80275500,3219916600,34447853400,3177.261,3189.6805,3148.2345,3183.7777
102638000,3151.2559,8370700,91737400,3228287300,34539590800,3177.261,3189.6805,3148.2345,3183.7777
102643000,3152.5516,4224100,51970600,3232511400,34591561400,3177.261,3189.6805,3148.2345,3183.7777
102648000,3152.3871,4833300,54204300,3237344700,34645765700,3177.261,3189.6805,3148.2345,3183.7777
102653000,3152.4186,4177400,48150800,3241522100,34693916500,3177.261,3189.6805,3148.2345,3183.7777
102658000,3152.3415,5459500,53358800,3246981600,34747275300,3177.261,3189.6805,3148.2345,3183.7777
102703000,3152.8016,4066100,45174200,3251047700,34792449500,3177.261,3189.6805,3148.2345,3183.7777
102708000,3153.4271,6847300,54265900,3257895000,34846715400,3177.261,3189.6805,3148.2345,3183.7777
102713000,3153.3681,3180300,29547300,3261075300,34876262700,3177.261,3189.6805,3148.2345,3183.7777
102718000,3153.5105,3046100,31897800,3264121400,34908160500,3177.261,3189.6805,3148.2345,3183.7777
102723000,3153.8618,3056400,34456800,3267177800,34942617300,3177.261,3189.6805,3148.2345,3183.7777
102728000,3153.8493,4105100,40581900,3271282900,34983199200,3177.261,3189.6805,3148.2345,3183.7777
102733000,3153.7493,2448200,27966400,3273731100,35011165600,3177.261,3189.6805,3148.2345,3183.7777
102738000,3154.0442,4808400,41552100,3278539500,35052717700,3177.261,3189.6805,3148.2345,3183.7777
102743000,3153.9383,5622000,32703200,3284161500,35085420900,3177.261,3189.6805,3148.2345,3183.7777
102748000,3154.408,3904300,37201300,3288065800,35122622200,3177.261,3189.6805,3148.2345,3183.7777
102753000,3154.1487,2600300,28583200,3290666100,35151205400,3177.261,3189.6805,3148.2345,3183.7777
102758000,3153.896,4040700,32676100,3294706800,35183881500,3177.261,3189.6805,3148.2345,3183.7777
102803000,3154.1909,4808900,33655500,3299515700,35217537000,3177.261,3189.6805,3148.2345,3183.7777
102808000,3154.0923,3540000,35059800,3303055700,35252596800,3177.261,3189.6805,3148.2345,3183.7777
102813000,3154.4462,2050400,19878700,3305106100,35272475500,3177.261,3189.6805,3148.2345,3183.7777
102818000,3154.0657,3152400,32802700,3308258500,35305278200,3177.261,3189.6805,3148.2345,3183.7777
102823000,3154.2149,1805000,19770500,3310063500,35325048700,3177.261,3189.6805,3148.2345,3183.7777
102828000,3154.0678,2727400,24007600,3312790900,35349056300,3177.261,3189.6805,3148.2345,3183.7777
102833000,3154.4541,3060600,30693700,3315851500,35379750000,3177.261,3189.6805,3148.2345,3183.7777
102838000,3154.3288,2456500,28626100,3318308000,35408376100,3177.261,3189.6805,3148.2345,3183.7777
102843000,3154.6923,2330500,22798900,3320638500,35431175000,3177.261,3189.6805,3148.2345,3183.7777
102848000,3154.5314,2072200,22832200,3322710700,35454007200,3177.261,3189.6805,3148.2345,3183.7777
102853000,3154.3054,2099200,18360000,3324809900,35472367200,3177.261,3189.6805,3148.2345,3183.7777
102858000,3154.174,2993500,31817400,3327803400,35504184600,3177.261,3189.6805,3148.2345,3183.7777
102903000,3154.2883,1967300,21052000,3329770700,35525236600,3177.261,3189.6805,3148.2345,3183.7777
102908000,3154.0284,2567000,30606200,3332337700,35555842800,3177.261,3189.6805,3148.2345,3183.7777
102913000,3154.1867,1967300,20874600,3334305000,35576717400,3177.261,3189.6805,3148.2345,3183.7777
102918000,3154.0375,2138800,26439600,3336443800,35603157000,3177.261,3189.6805,3148.2345,3183.7777
102923000,3153.9896,1864700,19125800,3338308500,35622282800,3177.261,3189.6805,3148.2345,3183.7777
102928000,3153.6399,2641600,28816100,3340950100,35651098900,3177.261,3189.6805,3148.2345,3183.7777
102933000,3153.5316,2358800,25868800,3343308900,35676967700,3177.261,3189.6805,3148.2345,3183.7777
102938000,3153.9483,2428300,27067500,3345737200,35704035200,3177.261,3189.6805,3148.2345,3183.7777
102943000,3153.3564,2015700,20863400,3347752900,35724898600,3177.261,3189.6805,3148.2345,3183.7777
102948000,3153.5513,2325700,27094900,3350078600,35751993500,3177.261,3189.6805,3148.2345,3183.7777
102953000,3153.4728,1835500,24343000,3351914100,35776336500,3177.261,3189.6805,3148.2345,3183.7777
102958000,3153.0058,3338300,33771000,3355252400,35810107500,3177.261,3189.6805,3148.2345,3183.7777
103003000,3152.7842,2513400,26324700,3357765800,35836432200,3177.261,3189.6805,3148.2345,3183.7777
103008000,3152.7839,3321200,33525700,3361087000,35869957900,3177.261,3189.6805,3148.2345,3183.7777
103013000,3152.533,2300500,24766500,3363387500,35894724400,3177.261,3189.6805,3148.2345,3183.7777
103018000,3152.4741,2570300,28389000,3365957800,35923113400,3177.261,3189.6805,3148.2345,3183.7777
103023000,3152.2036,1786500,20315000,3367744300,35943428400,3177.261,3189.6805,3148.2345,3183.7777
103028000,3152.4908,2134200,25886100,3369878500,35969314500,3177.261,3189.6805,3148.2345,3183.7777
103033000,3152.8178,2190200,27146100,3372068700,35996460600,3177.261,3189.6805,3148.2345,3183.7777
103038000,3152.2204,2342500,24592800,3374411200,36021053400,3177.261,3189.6805,3148.2345,3183.7777
103043000,3151.9554,1765300,18428800,3376176500,36039482200,3177.261,3189.6805,3148.2345,3183.7777
103048000,3152.6373,2496300,32603600,3378672800,36072085800,3177.261,3189.6805,3148.2345,3183.7777
103053000,3152.1851,2199100,25721800,3380871900,36097807600,3177.261,3189.6805,3148.2345,3183.7777
103058000,3152.9121,3733000,39876400,3384604900,36137684000,3177.261,3189.6805,3148.2345,3183.7777
103103000,3154.347,4728900,54944500,3389333800,36192628500,3177.261,3189.6805,3148.2345,3183.7777
103108000,3155.4944,4824100,58814900,3394157900,36251443400,3177.261,3189.6805,3148.2345,3183.7777
103113000,3155.3254,2305500,27809100,3396463400,36279252500,3177.261,3189.6805,3148.2345,3183.7777
103118000,3155.4133,2890600,27460500,3399354000,36306713000,3177.261,3189.6805,3148.2345,3183.7777
103123000,3154.7193,3337400,30507300,3402691400,36337220300,3177.261,3189.6805,3148.2345,3183.7777
103128000,3155.529,2170100,23927700,3404861500,36361148000,3177.261,3189.6805,3148.2345,3183.7777
103133000,3155.3304,2400000,26305500,3407261500,36387453500,3177.261,3189.6805,3148.2345,3183.7777
103138000,3155.2333,2641800,25635100,3409903300,36413088600,3177.261,3189.6805,3148.2345,3183.7777
103143000,3155.3219,1916200,19213300,3411819500,36432301900,3177.261,3189.6805,3148.2345,3183.7777
103148000,3155.6169,2259000,24038900,3414078500,36456340800,3177.261,3189.6805,3148.2345,3183.7777
103153000,3155.7028,2063800,22499600,3416142300,36478840400,3177.261,3189.6805,3148.2345,3183.7777
103158000,3155.6102,2462400,27572100,3418604700,36506412500,3177.261,3189.6805,3148.2345,3183.7777
103203000,3155.9874,2458200,26348900,3421062900,36532761400,3177.261,3189.6805,3148.2345,3183.7777
103208000,3156.5255,3390300,34465400,3424453200,36567226800,3177.261,3189.6805,3148.2345,3183.7777
103213000,3157.1203,2180000,22555400,3426633200,36589782200,3177.261,3189.6805,3148.2345,3183.7777
103218000,3156.9028,1863900,21228700,3428497100,36611010900,3177.261,3189.6805,3148.2345,3183.7777
103223000,3157.1367,2758500,22878800,3431255600,36633889700,3177.261,3189.6805,3148.2345,3183.7777
103228000,3157.1741,3379600,29746500,3434635200,36663636200,3177.261,3189.6805,3148.2345,3183.7777
103233000,3157.3541,2205100,25890800,3436840300,36689527000,3177.261,3189.6805,3148.2345,3183.7777
103238000,3156.9041,2931400,25678400,3439771700,36715205400,3177.261,3189.6805,3148.2345,3183.7777
103243000,3157.0477,2433100,20056700,3442204800,36735262100,3177.261,3189.6805,3148.2345,3183.7777
103248000,3157.1627,3303100,27052400,3445507900,36762314500,3177.261,3189.6805,3148.2345,3183.7777
103253000,3157.4854,2150400,19059300,3447658300,36781373800,3177.261,3189.6805,3148.2345,3183.7777
103258000,3157.652,2303700,25203100,3449962000,36806576900,3177.261,3189.6805,3148.2345,3183.7777
103303000,3157.7174,3035900,23555100,3452997900,36830132000,3177.261,3189.6805,3148.2345,3183.7777
103308000,3157.7642,2931800,26401100,3455929700,36856533100,3177.261,3189.6805,3148.2345,3183.7777
103313000,3157.7511,2111300,20549500,3458041000,36877082600,3177.261,3189.6805,3148.2345,3183.7777
103318000,3157.8789,2588600,27787400,3460629600,36904870000,3177.261,3189.6805,3148.2345,3183.7777
103323000,3157.9931,2150500,18255800,3462780100,36923125800,3177.261,3189.6805,3148.2345,3183.7777
103328000,3158.0037,2021800,22371000,3464801900,36945496800,3177.261,3189.6805,3148.2345,3183.7777
103333000,3157.9221,2856500,28627100,3467658400,36974123900,3177.261,3189.6805,3148.2345,3183.7777
103338000,3158.055,2243000,27496700,3469901400,37001620600,3177.261,3189.6805,3148.2345,3183.7777
103343000,3157.8597,1996900,20436900,3471898300,37022057500,3177.261,3189.6805,3148.2345,3183.7777
103348000,3157.7975,2080900,24729600,3473979200,37046787100,3177.261,3189.6805,3148.2345,3183.7777
103353000,3157.7729,2573200,26276200,3476552400,37073063300,3177.261,3189.6805,3148.2345,3183.7777
103358000,3157.7573,2468300,22192600,3479020700,37095255900,3177.261,3189.6805,3148.2345,3183.7777
103403000,3158.1413,1933000,19456600,3480953700,37114712500,3177.261,3189.6805,3148.2345,3183.7777
103408000,3158.2444,2440700,26253700,3483394400,37140966200,3177.261,3189.6805,3148.2345,3183.7777
103413000,3158.2016,2535600,23329100,3485930000,37164295300,3177.261,3189.6805,3148.2345,3183.7777
103418000,3157.9969,2180400,22381100,3488110400,37186676400,3177.261,3189.6805,3148.2345,3183.7777
103423000,3157.9475,2543500,25486800,3490653900,37212163200,3177.261,3189.6805,3148.2345,3183.7777
103428000,3157.5353,2193900,24034800,3492847800,37236198000,3177.261,3189.6805,3148.2345,3183.7777
103433000,3157.9671,2636200,25695000,3495484000,37261893000,3177.261,3189.6805,3148.2345,3183.7777
103438000,3158.3773,3187500,28915000,3498671500,37290808000,3177.261,3189.6805,3148.2345,3183.7777
103443000,3158.2474,1339900,15558500,3500011400,37306366500,3177.261,3189.6805,3148.2345,3183.7777
103448000,3158.2246,2389100,24241800,3502400500,37330608300,3177.261,3189.6805,3148.2345,3183.7777
103453000,3158.628,1947400,18296100,3504347900,37348904400,3177.261,3189.6805,3148.2345,3183.7777
103458000,3158.4298,2268400,27840600,3506616300,37376745000,3177.261,3189.6805,3148.2345,3183.7777
103503000,3157.9559,2016600,23480200,3508632900,37400225200,3177.261,3189.6805,3148.2345,3183.7777
103508000,3158.663,3466100,31136800,3512099000,37431362000,3177.261,3189.6805,3148.2345,3183.7777
103513000,3157.9319,2480900,22490200,3514579900,37453852200,3177.261,3189.6805,3148.2345,3183.7777
103518000,3158.2338,2623000,26042800,3517202900,37479895000,3177.261,3189.6805,3148.2345,3183.7777
103523000,3157.9793,2344500,23883900,3519547400,37503778900,3177.261,3189.6805,3148.2345,3183.7777
103528000,3157.8071,2627200,29072500,3522174600,37532851400,3177.261,3189.6805,3148.2345,3183.7777
103533000,3157.6972,4180500,25814800,3526355100,37558666200,3177.261,3189.6805,3148.2345,3183.7777
103538000,3157.2683,3355800,38555700,3529710900,37597221900,3177.261,3189.6805,3148.2345,3183.7777
103543000,3157.1433,2042200,22429700,3531753100,37619651600,3177.261,3189.6805,3148.2345,3183.7777
103548000,3157.5053,2066200,24251200,3533819300,37643902800,3177.261,3189.6805,3148.2345,3183.7777
103553000,3157.7263,3596400,26707900,3537415700,37670610700,3177.261,3189.6805,3148.2345,3183.7777
103558000,3157.1335,2726400,30197100,3540142100,37700807800,3177.261,3189.6805,3148.2345,3183.7777
103603000,3157.3015,1720700,23632000,3541862800,37724439800,3177.261,3189.6805,3148.2345,3183.7777
103608000,3157.3868,2320600,31286200,3544183400,37755726000,3177.261,3189.6805,3148.2345,3183.7777
103613000,3157.1065,2375400,23987800,3546558800,37779713800,3177.261,3189.6805,3148.2345,3183.7777
103618000,3156.5201,2734600,21836100,3549293400,37801549900,3177.261,3189.6805,3148.2345,3183.7777
103623000,3156.6877,1491000,17523000,3550784400,37819072900,3177.261,3189.6805,3148.2345,3183.7777
103628000,3156.5193,1824900,22439500,3552609300,37841512400,3177.261,3189.6805,3148.2345,3183.7777
103633000,3156.9419,1987100,23140300,3554596400,37864652700,3177.261,3189.6805,3148.2345,3183.7777
103638000,3156.7137,2223200,23727600,3556819600,37888380300,3177.261,3189.6805,3148.2345,3183.7777
103643000,3156.7744,1761000,17132000,3558580600,37905512300,3177.261,3189.6805,3148.2345,3183.7777
103648000,3157.1611,1783700,20215600,3560364300,37925727900,3177.261,3189.6805,3148.2345,3183.7777
103653000,3157.0124,2111200,23129100,3562475500,37948857000,3177.261,3189.6805,3148.2345,3183.7777
103658000,3157.095,2429700,29359100,3564905200,37978216100,3177.261,3189.6805,3148.2345,3183.7777
103703000,3156.7285,1557500,17797500,3566462700,37996013600,3177.261,3189.6805,3148.2345,3183.7777
103708000,3157.0507,1901100,26206400,3568363800,38022220000,3177.261,3189.6805,3148.2345,3183.7777
103713000,3156.7878,1863800,22209800,3570227600,38044429800,3177.261,3189.6805,3148.2345,3183.7777
103718000,3156.5659,2493600,26486900,3572721200,38070916700,3177.261,3189.6805,3148.2345,3183.7777
103723000,3156.5876,1624800,17865200,3574346000,38088781900,3177.261,3189.6805,3148.2345,3183.7777
103728000,3156.5669,1509100,22091300,3575855100,38110873200,3177.261,3189.6805,3148.2345,3183.7777
103733000,3156.659,1702500,21137900,3577557600,38132011100,3177.261,3189.6805,3148.2345,3183.7777
103738000,3156.7365,2086800,23160300,3579644400,38155171400,3177.261,3189.6805,3148.2345,3183.7777
103743000,3156.172,1392900,18535200,3581037300,38173706600,3177.261,3189.6805,3148.2345,3183.7777
103748000,3156.8475,1513400,18314000,3582550700,38192020600,3177.261,3189.6805,3148.2345,3183.7777
103753000,3156.2311,2848300,27253400,3585399000,38219274000,3177.261,3189.6805,3148.2345,3183.7777
103758000,3156.361,1841900,22219500,3587240900,38241493500,3177.261,3189.6805,3148.2345,3183.7777
103803000,3156.2596,1490800,17414500,3588731700,38258908000,3177.261,3189.6805,3148.2345,3183.7777
103808000,3156.2015,2195900,24184100,3590927600,38283092100,3177.261,3189.6805,3148.2345,3183.7777
103813000,3156.0702,1108800,14108000,3592036400,38297200100,3177.261,3189.6805,3148.2345,3183.7777
103818000,3156.1138,1879900,23944700,3593916300,38321144800,3177.261,3189.6805,3148.2345,3183.7777
103823000,3157.4863,2451800,28081600,3596368100,38349226400,3177.261,3189.6805,3148.2345,3183.7777
103828000,3157.168,2146000,24766500,3598514100,38373992900,3177.261,3189.6805,3148.2345,3183.7777
103833000,3156.7862,1651700,21218000,3600165800,38395210900,3177.261,3189.6805,3148.2345,3183.7777
103838000,3156.681,2071900,18754000,3602237700,38413964900,3177.261,3189.6805,3148.2345,3183.7777
103843000,3156.7711,1502500,19805700,3603740200,38433770600,3177.261,3189.6805,3148.2345,3183.7777
103848000,3156.4543,1452500,17269600,3605192700,38451040200,3177.261,3189.6805,3148.2345,3183.7777
103853000,3156.2165,1779800,19245800,3606972500,38470286000,3177.261,3189.6805,3148.2345,3183.7777
103858000,3155.8932,1473000,20413100,3608445500,38490699100,3177.261,3189.6805,3148.2345,3183.7777
103903000,3156.2666,1604900,19298800,3610050400,38509997900,3177.261,3189.6805,3148.2345,3183.7777
103908000,3156.3256,1841500,22712600,3611891900,38532710500,3177.261,3189.6805,3148.2345,3183.7777
103913000,3156.3924,951300,10757200,3612843200,38543467700,3177.261,3189.6805,3148.2345,3183.7777
103918000,3155.9988,1156900,16927100,3614000100,38560394800,3177.261,3189.6805,3148.2345,3183.7777
103923000,3155.8655,1522600,15228100,3615522700,38575622900,3177.261,3189.6805,3148.2345,3183.7777
103928000,3156.3356,1736400,21181800,3617259100,38596804700,3177.261,3189.6805,3148.2345,3183.7777
103933000,3156.7677,1952900,21869000,3619212000,38618673700,3177.261,3189.6805,3148.2345,3183.7777
103938000,3157.5542,3098100,33045400,3622310100,38651719100,3177.261,3189.6805,3148.2345,3183.7777
103943000,3158.4006,5191600,62686600,3627501700,38714405700,3177.261,3189.6805,3148.2345,3183.7777
103948000,3160.6513,6606900,90964300,3634108600,38805370000,3177.261,3189.6805,3148.2345,3183.7777
103953000,3160.8787,5726500,60563000,3639835100,38865933000,3177.261,3189.6805,3148.2345,3183.7777
103958000,3161.1736,4729300,52903900,3644564400,38918836900,3177.261,3189.6805,3148.2345,3183.7777
104003000,3161.0643,1994700,28118900,3646559100,38946955800,3177.261,3189.6805,3148.2345,3183.7777
104008000,3161.7157,3236600,28211500,3649795700,38975167300,3177.261,3189.6805,3148.2345,3183.7777
104013000,3161.1477,1783000,17999300,3651578700,38993166600,3177.261,3189.6805,3148.2345,3183.7777
104018000,3160.9708,2063200,29404800,3653641900,39022571400,3177.261,3189.6805,3148.2345,3183.7777
104023000,3160.929,1782400,20437700,3655424300,39043009100,3177.261,3189.6805,3148.2345,3183.7777
104028000,3160.7635,2696400,29746800,3658120700,39072755900,3177.261,3189.6805,3148.2345,3183.7777
104033000,3160.9744,2281800,22503800,3660402500,39095259700,3177.261,3189.6805,3148.2345,3183.7777
104038000,3160.8549,2404600,23605300,3662807100,39118865000,3177.261,3189.6805,3148.2345,3183.7777
104043000,3160.4713,1451900,18504700,3664259000,39137369700,3177.261,3189.6805,3148.2345,3183.7777
104048000,3161.3554,3009200,29766600,3667268200,39167136300,3177.261,3189.6805,3148.2345,3183.7777
104053000,3160.4254,2725500,23302900,3669993700,39190439200,3177.261,3189.6805,3148.2345,3183.7777
104058000,3160.8792,2303800,27747300,3672297500,39218186500,3177.261,3189.6805,3148.2345,3183.7777
104103000,3160.2922,1520900,20116100,3673818400,39238302600,3177.261,3189.6805,3148.2345,3183.7777
104108000,3160.5338,2327600,28213800,3676146000,39266516400,3177.261,3189.6805,3148.2345,3183.7777
104113000,3160.8317,1952400,22457200,3678098400,39288973600,3177.261,3189.6805,3148.2345,3183.7777
104118000,3161.1338,2114600,27446000,3680213000,39316419600,3177.261,3189.6805,3148.2345,3183.7777
104123000,3161.1621,1703500,21238800,3681916500,39337658400,3177.261,3189.6805,3148.2345,3183.7777
104128000,3160.9113,1473300,19913500,3683389800,39357571900,3177.261,3189.6805,3148.2345,3183.7777
104133000,3160.9428,1895900,26443000,3685285700,39384014900,3177.261,3189.6805,3148.2345,3183.7777
104138000,3161.5855,2184800,25148100,3687470500,39409163000,3177.261,3189.6805,3148.2345,3183.7777
104143000,3161.0165,1704200,17937200,3689174700,39427100200,3177.261,3189.6805,3148.2345,3183.7777
104148000,3161.1499,1879300,21807400,3691054000,39448907600,3177.261,3189.6805,3148.2345,3183.7777
104153000,3160.8535,1587800,20918800,3692641800,39469826400,3177.261,3189.6805,3148.2345,3183.7777
104158000,3161.4882,2180000,23041100,3694821800,39492867500,3177.261,3189.6805,3148.2345,3183.7777
104203000,3161.3653,1752000,22118900,3696573800,39514986400,3177.261,3189.6805,3148.2345,3183.7777
104208000,3161.5476,1978800,21818200,3698552600,39536804600,3177.261,3189.6805,3148.2345,3183.7777
104213000,3161.2356,1371400,16402200,3699924000,39553206800,3177.261,3189.6805,3148.2345,3183.7777
104218000,3161.8959,1428400,20042100,3701352400,39573248900,3177.261,3189.6805,3148.2345,3183.7777
104223000,3161.6807,1453300,17741600,3702805700,39590990500,3177.261,3189.6805,3148.2345,3183.7777
104228000,3161.4434,1560800,20451700,3704366500,39611442200,3177.261,3189.6805,3148.2345,3183.7777
104233000,3161.5553,2146800,22213000,3706513300,39633655200,3177.261,3189.6805,3148.2345,3183.7777
104238000,3161.5964,1532600,20211400,3708045900,39653866600,3177.261,3189.6805,3148.2345,3183.7777
104243000,3161.4435,1115000,11978000,3709160900,39665844600,3177.261,3189.6805,3148.2345,3183.7777
104248000,3161.383,1836900,18464200,3710997800,39684308800,3177.261,3189.6805,3148.2345,3183.7777
104253000,3161.445,1533000,18554100,3712530800,39702862900,3177.261,3189.6805,3148.2345,3183.7777
104258000,3161.7082,2260200,25050700,3714791000,39727913600,3177.261,3189.6805,3148.2345,3183.7777
104303000,3161.2189,1506700,17275500,3716297700,39745189100,3177.261,3189.6805,3148.2345,3183.7777
104308000,3161.1988,2004800,21636000,3718302500,39766825100,3177.261,3189.6805,3148.2345,3183.7777
104313000,3161.435,1289400,14839500,3719591900,39781664600,3177.261,3189.6805,3148.2345,3183.7777
104318000,3161.5152,1977900,23748700,3721569800,39805413300,3177.261,3189.6805,3148.2345,3183.7777
104323000,3161.5727,1534800,16736000,3723104600,39822149300,3177.261,3189.6805,3148.2345,3183.7777
104328000,3161.8278,1439800,16252100,3724544400,39838401400,3177.261,3189.6805,3148.2345,3183.7777
104333000,3161.6537,1901700,19274700,3726446100,39857676100,3177.261,3189.6805,3148.2345,3183.7777
104338000,3161.5527,1275900,15618600,3727722000,39873294700,3177.261,3189.6805,3148.2345,3183.7777
104343000,3161.2154,1464900,13329900,3729186900,39886624600,3177.261,3189.6805,3148.2345,3183.7777
104348000,3161.5254,1617200,21287300,3730804100,39907911900,3177.261,3189.6805,3148.2345,3183.7777
104353000,3161.8657,1828800,19937200,3732632900,39927849100,3177.261,3189.6805,3148.2345,3183.7777
104358000,3162.276,1608100,23867300,3734241000,39951716400,3177.261,3189.6805,3148.2345,3183.7777
104403000,3162.0029,1171400,14499300,3735412400,39966215700,3177.261,3189.6805,3148.2345,3183.7777
104408000,3162.2746,2026200,21049200,3737438600,39987264900,3177.261,3189.6805,3148.2345,3183.7777
104413000,3161.9963,1406700,15055400,3738845300,40002320300,3177.261,3189.6805,3148.2345,3183.7777
104418000,3161.9252,1505400,17999200,3740350700,40020319500,3177.261,3189.6805,3148.2345,3183.7777
104423000,3162.0178,1960900,20136100,3742311600,40040455600,3177.261,3189.6805,3148.2345,3183.7777
104428000,3162.0489,2465400,23222600,3744777000,40063678200,3177.261,3189.6805,3148.2345,3183.7777
104433000,3162.2311,1341100,17921400,3746118100,40081599600,3177.261,3189.6805,3148.2345,3183.7777
104438000,3162.5966,1789000,17471200,3747907100,40099070800,3177.261,3189.6805,3148.2345,3183.7777
104443000,3161.9292,1809100,18133700,3749716200,40117204500,3177.261,3189.6805,3148.2345,3183.7777
104448000,3161.9474,2076500,23811700,3751792700,40141016200,3177.261,3189.6805,3148.2345,3183.7777
104453000,3162.0871,1983400,18526700,3753776100,40159542900,3177.261,3189.6805,3148.2345,3183.7777
104458000,3161.7699,1956400,21386600,3755732500,40180929500,3177.261,3189.6805,3148.2345,3183.7777
104503000,3161.9232,1294500,19194700,3757027000,40200124200,3177.261,3189.6805,3148.2345,3183.7777
104508000,3162.2769,2196300,21983100,3759223300,40222107300,3177.261,3189.6805,3148.2345,3183.7777
104513000,3162.3626,1222600,14871900,3760445900,40236979200,3177.261,3189.6805,3148.2345,3183.7777
104518000,3162.1828,1691100,22506000,3762137000,40259485200,3177.261,3189.6805,3148.2345,3183.7777
104523000,3162.0992,1282700,16629300,3763419700,40276114500,3177.261,3189.6805,3148.2345,3183.7777
104528000,3162.9198,2744100,28751600,3766163800,40304866100,3177.261,3189.6805,3148.2345,3183.7777
104533000,3163.5513,3265300,34238000,3769429100,40339104100,3177.261,3189.6805,3148.2345,3183.7777
104538000,3164.0367,3403000,32248300,3772832100,40371352400,3177.261,3189.6805,3148.2345,3183.7777
104543000,3164.3485,4535000,48510200,3777367100,40419862600,3177.261,3189.6805,3148.2345,3183.7777
104548000,3164.3107,2176700,32535900,3779543800,40452398500,3177.261,3189.6805,3148.2345,3183.7777
104553000,3165.0685,2011000,24877700,3781554800,40477276200,3177.261,3189.6805,3148.2345,3183.7777
104558000,3165.9455,4058200,46887600,3785613000,40524163800,3177.261,3189.6805,3148.2345,3183.7777
104603000,3166.9924,3534700,44235000,3789147700,40568398800,3177.261,3189.6805,3148.2345,3183.7777
104608000,3167.0717,3794600,43385400,3792942300,40611784200,3177.261,3189.6805,3148.2345,3183.7777
104613000,3167.1576,2177100,23071000,3795119400,40634855200,3177.261,3189.6805,3148.2345,3183.7777
104618000,3167.2041,2306300,32166100,3797425700,40667021300,3177.261,3189.6805,3148.2345,3183.7777
104623000,3167.1599,3150900,25361200,3800576600,40692382500,3177.261,3189.6805,3148.2345,3183.7777
104628000,3167.513,2443500,29136500,3803020100,40721519000,3177.261,3189.6805,3148.2345,3183.7777
104633000,3167.2542,1929000,28134200,3804949100,40749653200,3177.261,3189.6805,3148.2345,3183.7777
104638000,3167.6847,2569000,31828200,3807518100,40781481400,3177.261,3189.6805,3148.2345,3183.7777
104643000,3167.0191,2074000,17120300,3809592100,40798601700,3177.261,3189.6805,3148.2345,3183.7777
104648000,3166.8547,2389100,29905200,3811981200,40828506900,3177.261,3189.6805,3148.2345,3183.7777
104653000,3167.0309,2235300,22024300,3814216500,40850531200,3177.261,3189.6805,3148.2345,3183.7777
104658000,3167.0927,2898600,31708900,3817115100,40882240100,3177.261,3189.6805,3148.2345,3183.7777
104703000,3167.0373,3206800,31996300,3820321900,40914236400,3177.261,3189.6805,3148.2345,3183.7777
104708000,3167.3737,2674800,33817800,3822996700,40948054200,3177.261,3189.6805,3148.2345,3183.7777
104713000,3167.71,1376600,16347500,3824373300,40964401700,3177.261,3189.6805,3148.2345,3183.7777
104718000,3168.0305,2255700,28417300,3826629000,40992819000,3177.261,3189.6805,3148.2345,3183.7777
104723000,3167.6823,2422400,22097900,3829051400,41014916900,3177.261,3189.6805,3148.2345,3183.7777
104728000,3167.9978,2358100,28222300,3831409500,41043139200,3177.261,3189.6805,3148.2345,3183.7777
104733000,3168.3658,2028700,26506700,3833438200,41069645900,3177.261,3189.6805,3148.2345,3183.7777
104738000,3168.1399,2230500,24206300,3835668700,41093852200,3177.261,3189.6805,3148.2345,3183.7777
104743000,3167.6888,1915500,18237200,3837584200,41112089400,3177.261,3189.6805,3148.2345,3183.7777
104748000,3167.9368,1888800,23331500,3839473000,41135420900,3177.261,3189.6805,3148.2345,3183.7777
104753000,3168.1895,1389300,19279800,3840862300,41154700700,3177.261,3189.6805,3148.2345,3183.7777
104758000,3168.1205,1730800,21546200,3842593100,41176246900,3177.261,3189.6805,3148.2345,3183.7777
104803000,3168.2304,1874600,27928100,3844467700,41204175000,3177.261,3189.6805,3148.2345,3183.7777
104808000,3168.3891,3069800,31512600,3847537500,41235687600,3177.261,3189.6805,3148.2345,3183.7777
104813000,3168.6958,1825200,17630800,3849362700,41253318400,3177.261,3189.6805,3148.2345,3183.7777
104818000,3168.7297,1601800,22921200,3850964500,41276239600,3177.261,3189.6805,3148.2345,3183.7777
104823000,3168.6649,1735000,22046700,3852699500,41298286300,3177.261,3189.6805,3148.2345,3183.7777
104828000,3168.7311,2457800,31178300,3855157300,41329464600,3177.261,3189.6805,3148.2345,3183.7777
104833000,3169.3498,1585500,22735400,3856742800,41352200000,3177.261,3189.6805,3148.2345,3183.7777
104838000,3169.2622,1947000,18893900,3858689800,41371093900,3177.261,3189.6805,3148.2345,3183.7777
104843000,3169.3646,1992700,17983000,3860682500,41389076900,3177.261,3189.6805,3148.2345,3183.7777
104848000,3168.7077,1683700,21571700,3862366200,41410648600,3177.261,3189.6805,3148.2345,3183.7777
104853000,3169.267,1569000,24644400,3863935200,41435293000,3177.261,3189.6805,3148.2345,3183.7777
104858000,3169.801,2625700,31571400,3866560900,41466864400,3177.261,3189.6805,3148.2345,3183.7777
104903000,3169.4327,2121800,25148000,3868682700,41492012400,3177.261,3189.6805,3148.2345,3183.7777
104908000,3169.4814,2737200,30943900,3871419900,41522956300,3177.261,3189.6805,3148.2345,3183.7777
104913000,3169.4701,2018800,22316000,3873438700,41545272300,3177.261,3189.6805,3148.2345,3183.7777
104918000,3169.4766,1575900,20841300,3875014600,41566113600,3177.261,3189.6805,3148.2345,3183.7777
104923000,3169.3318,1918600,21532000,3876933200,41587645600,3177.261,3189.6805,3148.2345,3183.7777
104928000,3169.5275,3754700,35137900,3880687900,41622783500,3177.261,3189.6805,3148.2345,3183.7777
104933000,3170.0212,2665900,26942000,3883353800,41649725500,3177.261,3189.6805,3148.2345,3183.7777
104938000,3169.9921,2591700,29116900,3885945500,41678842400,3177.261,3189.6805,3148.2345,3183.7777
104943000,3169.6509,2032000,21946100,3887977500,41700788500,3177.261,3189.6805,3148.2345,3183.7777
104948000,3169.0419,1974200,28918700,3889951700,41729707200,3177.261,3189.6805,3148.2345,3183.7777
104953000,3169.3122,1546300,14892600,3891498000,41744599800,3177.261,3189.6805,3148.2345,3183.7777
104958000,3169.4219,2988300,33279500,3894486300,41777879300,3177.261,3189.6805,3148.2345,3183.7777
105003000,3169.6058,2456000,34077300,3896942300,41811956600,3177.261,3189.6805,3148.2345,3183.7777
105008000,3169.3431,1806200,24171400,3898748500,41836128000,3177.261,3189.6805,3148.2345,3183.7777
105013000,3169.4662,1476800,17151400,3900225300,41853279400,3177.261,3189.6805,3148.2345,3183.7777
105018000,3169.6788,1159200,15911800,3901384500,41869191200,3177.261,3189.6805,3148.2345,3183.7777
105023000,3169.5259,1611500,17811600,3902996000,41887002800,3177.261,3189.6805,3148.2345,3183.7777
105028000,3169.6984,1776700,20143900,3904772700,41907146700,3177.261,3189.6805,3148.2345,3183.7777
105033000,3169.8927,2241900,25506200,3907014600,41932652900,3177.261,3189.6805,3148.2345,3183.7777
105038000,3169.6225,2441700,22001100,3909456300,41954654000,3177.261,3189.6805,3148.2345,3183.7777
105043000,3169.5174,1371000,15925800,3910827300,41970579800,3177.261,3189.6805,3148.2345,3183.7777
105048000,3169.0801,2142600,24216400,3912969900,41994796200,3177.261,3189.6805,3148.2345,3183.7777
105053000,3168.8799,2338500,21893300,3915308400,42016689500,3177.261,3189.6805,3148.2345,3183.7777
105058000,3169.0824,2134000,24717900,3917442400,42041407400,3177.261,3189.6805,3148.2345,3183.7777
105103000,3169.0073,2067000,20920800,3919509400,42062328200,3177.261,3189.6805,3148.2345,3183.7777
105108000,3169.1656,2356600,28866400,3921866000,42091194600,3177.261,3189.6805,3148.2345,3183.7777
105113000,3169.1987,3209500,29414300,3925075500,42120608900,3177.261,3189.6805,3148.2345,3183.7777
105118000,3169.2581,2121800,21610300,3927197300,42142219200,3177.261,3189.6805,3148.2345,3183.7777
105123000,3169.0596,1210500,16210600,3928407800,42158429800,3177.261,3189.6805,3148.2345,3183.7777
105128000,3169.2067,1633200,18580800,3930041000,42177010600,3177.261,3189.6805,3148.2345,3183.7777
105133000,3169.0818,1477700,17821800,3931518700,42194832400,3177.261,3189.6805,3148.2345,3183.7777
105138000,3169.1644,1790800,23411700,3933309500,42218244100,3177.261,3189.6805,3148.2345,3183.7777
105143000,3169.1547,1645600,30054600,3934955100,42248298700,3177.261,3189.6805,3148.2345,3183.7777
105148000,3168.2383,1645100,24562500,3936600200,42272861200,3177.261,3189.6805,3148.2345,3183.7777
105153000,3168.8977,2785900,23791800,3939386100,42296653000,3177.261,3189.6805,3148.2345,3183.7777
105158000,3168.4828,1441200,18386200,3940827300,42315039200,3177.261,3189.6805,3148.2345,3183.7777
105203000,3168.7269,2435800,30271000,3943263100,42345310200,3177.261,3189.6805,3148.2345,3183.7777
105208000,3168.0995,3308200,29560900,3946571300,42374871100,3177.261,3189.6805,3148.2345,3183.7777
105213000,3168.3719,1373600,14787500,3947944900,42389658600,3177.261,3189.6805,3148.2345,3183.7777
105218000,3168.5485,1481600,18274100,3949426500,42407932700,3177.261,3189.6805,3148.2345,3183.7777
105223000,3168.3069,1462000,15776900,3950888500,42423709600,3177.261,3189.6805,3148.2345,3183.7777
105228000,3167.8669,1459200,16607200,3952347700,42440316800,3177.261,3189.6805,3148.2345,3183.7777
105233000,3168.4876,1992600,21099800,3954340300,42461416600,3177.261,3189.6805,3148.2345,3183.7777
105238000,3168.3939,2136900,22052500,3956477200,42483469100,3177.261,3189.6805,3148.2345,3183.7777
105243000,3168.3833,1543800,13538200,3958021000,42497007300,3177.261,3189.6805,3148.2345,3183.7777
105248000,3167.8126,2132600,20168500,3960153600,42517175800,3177.261,3189.6805,3148.2345,3183.7777
105253000,3168.3993,1705800,14274500,3961859400,42531450300,3177.261,3189.6805,3148.2345,3183.7777
105258000,3168.4806,1722700,16133800,3963582100,42547584100,3177.261,3189.6805,3148.2345,3183.7777
105303000,3168.5931,2002800,17604100,3965584900,42565188200,3177.261,3189.6805,3148.2345,3183.7777
105308000,3168.5126,1594200,17472600,3967179100,42582660800,3177.261,3189.6805,3148.2345,3183.7777
105313000,3168.5406,873700,10158900,3968052800,42592819700,3177.261,3189.6805,3148.2345,3183.7777
105318000,3168.5103,2253400,20486500,3970306200,42613306200,3177.261,3189.6805,3148.2345,3183.7777
105323000,3168.2494,1122100,11634800,3971428300,42624941000,3177.261,3189.6805,3148.2345,3183.7777
105328000,3168.1691,1870600,19254700,3973298900,42644195700,3177.261,3189.6805,3148.2345,3183.7777
105333000,3168.3183,1800300,21926400,3975099200,42666122100,3177.261,3189.6805,3148.2345,3183.7777
105338000,3168.2749,1541400,22190700,3976640600,42688312800,3177.261,3189.6805,3148.2345,3183.7777
105343000,3168.3496,1111500,12985300,3977752100,42701298100,3177.261,3189.6805,3148.2345,3183.7777
105348000,3167.6264,1142000,14283000,3978894100,42715581100,3177.261,3189.6805,3148.2345,3183.7777
105353000,3167.8274,1192800,14387000,3980086900,42729968100,3177.261,3189.6805,3148.2345,3183.7777
105358000,3167.989,1876200,20067300,3981963100,42750035400,3177.261,3189.6805,3148.2345,3183.7777
105403000,3168.3254,1862000,20588700,3983825100,42770624100,3177.261,3189.6805,3148.2345,3183.7777
105408000,3168.2471,1430900,18638300,3985256000,42789262400,3177.261,3189.6805,3148.2345,3183.7777
105413000,3168.3906,1411400,19810400,3986667400,42809072800,3177.261,3189.6805,3148.2345,3183.7777
105418000,3168.6266,2681200,31058600,3989348600,42840131400,3177.261,3189.6805,3148.2345,3183.7777
105423000,3169.1655,1841800,23159700,3991190400,42863291100,3177.261,3189.6805,3148.2345,3183.7777
105428000,3169.822,2301100,25656900,3993491500,42888948000,3177.261,3189.6805,3148.2345,3183.7777
105433000,3169.4662,1500700,19590100,3994992200,42908538100,3177.261,3189.6805,3148.2345,3183.7777
105438000,3169.6368,2113200,21158900,3997105400,42929697000,3177.261,3189.6805,3148.2345,3183.7777
105443000,3169.5514,1775700,18271900,3998881100,42947968900,3177.261,3189.6805,3148.2345,3183.7777
105448000,3168.9769,2035500,19980000,4000916600,42967948900,3177.261,3189.6805,3148.2345,3183.7777
105453000,3168.9222,2592700,23547400,4003509300,42991496300,3177.261,3189.6805,3148.2345,3183.7777
105458000,3169.1223,2769900,22810200,4006279200,43014306500,3177.261,3189.6805,3148.2345,3183.7777
105503000,3168.9091,1394000,17444800,4007673200,43031751300,3177.261,3189.6805,3148.2345,3183.7777
105508000,3168.856,1025800,12941700,4008699000,43044693000,3177.261,3189.6805,3148.2345,3183.7777
105513000,3168.9025,1545800,18583100,4010244800,43063276100,3177.261,3189.6805,3148.2345,3183.7777
105518000,3168.768,1382500,18312200,4011627300,43081588300,3177.261,3189.6805,3148.2345,3183.7777
105523000,3168.6333,935900,11188300,4012563200,43092776600,3177.261,3189.6805,3148.2345,3183.7777
105528000,3168.7736,1222700,17854700,4013785900,43110631300,3177.261,3189.6805,3148.2345,3183.7777
105533000,3168.6195,1459200,20139700,4015245100,43130771000,3177.261,3189.6805,3148.2345,3183.7777
105538000,3168.3595,1640800,19357600,4016885900,43150128600,3177.261,3189.6805,3148.2345,3183.7777
105543000,3168.1462,1277700,16845600,4018163600,43166974200,3177.261,3189.6805,3148.2345,3183.7777
105548000,3167.6642,1157600,17221100,4019321200,43184195300,3177.261,3189.6805,3148.2345,3183.7777
105553000,3167.7004,1437900,15542900,4020759100,43199738200,3177.261,3189.6805,3148.2345,3183.7777
105558000,3168.1378,1432500,16944400,4022191600,43216682600,3177.261,3189.6805,3148.2345,3183.7777
105603000,3168.2101,1093300,17204400,4023284900,43233887000,3177.261,3189.6805,3148.2345,3183.7777
105608000,3167.8831,1844700,23678400,4025129600,43257565400,3177.261,3189.6805,3148.2345,3183.7777
105613000,3167.957,814300,11432400,4025943900,43268997800,3177.261,3189.6805,3148.2345,3183.7777
105618000,3167.8494,1262700,14280400,4027206600,43283278200,3177.261,3189.6805,3148.2345,3183.7777
105623000,3167.5434,1246800,15474800,4028453400,43298753000,3177.261,3189.6805,3148.2345,3183.7777
105628000,3167.7488,1005900,12638400,4029459300,43311391400,3177.261,3189.6805,3148.2345,3183.7777
105633000,3167.8398,1370600,16940400,4030829900,43328331800,3177.261,3189.6805,3148.2345,3183.7777
105638000,3167.8326,1189400,13957500,4032019300,43342289300,3177.261,3189.6805,3148.2345,3183.7777
105643000,3167.8945,1302300,14248900,4033321600,43356538200,3177.261,3189.6805,3148.2345,3183.7777
105648000,3167.3773,1281600,17526400,4034603200,43374064600,3177.261,3189.6805,3148.2345,3183.7777
105653000,3167.6556,1273900,13422100,4035877100,43387486700,3177.261,3189.6805,3148.2345,3183.7777
105658000,3167.6585,1098100,11597900,4036975200,43399084600,3177.261,3189.6805,3148.2345,3183.7777
105703000,3167.6989,930700,11089200,4037905900,43410173800,3177.261,3189.6805,3148.2345,3183.7777
105708000,3167.485,1966300,16798300,4039872200,43426972100,3177.261,3189.6805,3148.2345,3183.7777
105713000,3167.4689,1125400,13889300,4040997600,43440861400,3177.261,3189.6805,3148.2345,3183.7777
105718000,3167.5347,1079100,13031200,4042076700,43453892600,3177.261,3189.6805,3148.2345,3183.7777
105723000,3167.3034,775400,13393600,4042852100,43467286200,3177.261,3189.6805,3148.2345,3183.7777
105728000,3167.4723,982000,11011100,4043834100,43478297300,3177.261,3189.6805,3148.2345,3183.7777
105733000,3167.4925,1423900,16167800,4045258000,43494465100,3177.261,3189.6805,3148.2345,3183.7777
105738000,3167.613,1036200,15953200,4046294200,43510418300,3177.261,3189.6805,3148.2345,3183.7777
105743000,3167.1913,1113200,11218600,4047407400,43521636900,3177.261,3189.6805,3148.2345,3183.7777
105748000,3166.7739,2088000,21022500,4049495400,43542659400,3177.261,3189.6805,3148.2345,3183.7777
105753000,3166.9845,1015100,10034100,4050510500,43552693500,3177.261,3189.6805,3148.2345,3183.7777
105758000,3167.0813,825500,9926900,4051336000,43562620400,3177.261,3189.6805,3148.2345,3183.7777
105803000,3166.9384,1016900,12666800,4052352900,43575287200,3177.261,3189.6805,3148.2345,3183.7777
105808000,3167.0415,1621600,23139700,4053974500,43598426900,3177.261,3189.6805,3148.2345,3183.7777
105813000,3166.9641,1093900,12692900,4055068400,43611119800,3177.261,3189.6805,3148.2345,3183.7777
105818000,3166.852,1485800,18024600,4056554200,43629144400,3177.261,3189.6805,3148.2345,3183.7777
105823000,3166.6987,1052300,14083100,4057606500,43643227500,3177.261,3189.6805,3148.2345,3183.7777
105828000,3166.7421,1030000,12781600,4058636500,43656009100,3177.261,3189.6805,3148.2345,3183.7777
105833000,3167.0462,1376000,17787500,4060012500,43673796600,3177.261,3189.6805,3148.2345,3183.7777
105838000,3166.704,1242900,15246300,4061255400,43689042900,3177.261,3189.6805,3148.2345,3183.7777
105843000,3166.5503,2107100,19459500,4063362500,43708502400,3177.261,3189.6805,3148.2345,3183.7777
105848000,3166.3435,1006400,15391900,4064368900,43723894300,3177.261,3189.6805,3148.2345,3183.7777
105853000,3166.6232,2254200,17478700,4066623100,43741373000,3177.261,3189.6805,3148.2345,3183.7777
105858000,3166.2755,1663900,19450400,4068287000,43760823400,3177.261,3189.6805,3148.2345,3183.7777
105903000,3166.4549,1595100,18805100,4069882100,43779628500,3177.261,3189.6805,3148.2345,3183.7777
105908000,3166.1593,1402300,14062200,4071284400,43793690700,3177.261,3189.6805,3148.2345,3183.7777
105913000,3166.2221,1282100,13977100,4072566500,43807667800,3177.261,3189.6805,3148.2345,3183.7777
105918000,3166.2195,1068300,12063900,4073634800,43819731700,3177.261,3189.6805,3148.2345,3183.7777
105923000,3166.0852,1243100,13302900,4074877900,43833034600,3177.261,3189.6805,3148.2345,3183.7777
105928000,3166.0063,1617800,14500100,4076495700,43847534700,3177.261,3189.6805,3148.2345,3183.7777
105933000,3165.7769,1431500,19017200,4077927200,43866551900,3177.261,3189.6805,3148.2345,3183.7777
105938000,3166.6715,1199200,13690300,4079126400,43880242200,3177.261,3189.6805,3148.2345,3183.7777
105943000,3166.5949,1190100,12885700,4080316500,43893127900,3177.261,3189.6805,3148.2345,3183.7777
105948000,3165.7117,1079600,12500000,4081396100,43905627900,3177.261,3189.6805,3148.2345,3183.7777
105953000,3166.1691,1958000,16961900,4083354100,43922589800,3177.261,3189.6805,3148.2345,3183.7777
105958000,3166.3369,1139700,14781100,4084493800,43937370900,3177.261,3189.6805,3148.2345,3183.7777
110003000,3166.3588,1040000,12805900,4085533800,43950176800,3177.261,3189.6805,3148.2345,3183.7777
110008000,3166.5183,1528400,17689500,4087062200,43967866300,3177.261,3189.6805,3148.2345,3183.7777
110013000,3166.5731,1302200,14334400,4088364400,43982200700,3177.261,3189.6805,3148.2345,3183.7777
110018000,3167.3489,1322000,17228700,4089686400,43999429400,3177.261,3189.6805,3148.2345,3183.7777
110023000,3166.4056,1033700,11305400,4090720100,44010734800,3177.261,3189.6805,3148.2345,3183.7777
110028000,3166.9811,3363600,34723100,4094083700,44045457900,3177.261,3189.6805,3148.2345,3183.7777
110033000,3168.5972,4768200,58654200,4098851900,44104112100,3177.261,3189.6805,3148.2345,3183.7777
110038000,3170.1402,7181700,82928000,4106033600,44187040100,3177.261,3189.6805,3148.2345,3183.7777
110043000,3171.228,4728000,52432200,4110761600,44239472300,3177.261,3189.6805,3148.2345,3183.7777
110048000,3171.6977,2965400,36337800,4113727000,44275810100,3177.261,3189.6805,3148.2345,3183.7777
110053000,3171.4512,2218300,28630700,4115945300,44304440800,3177.261,3189.6805,3148.2345,3183.7777
110058000,3171.3327,2223000,26761700,4118168300,44331202500,3177.261,3189.6805,3148.2345,3183.7777
110103000,3171.5254,1812500,22913500,4119980800,44354116000,3177.261,3189.6805,3148.2345,3183.7777
110108000,3171.9331,2091900,23722800,4122072700,44377838800,3177.261,3189.6805,3148.2345,3183.7777
110113000,3171.3481,1629900,17807000,4123702600,44395645800,3177.261,3189.6805,3148.2345,3183.7777
110118000,3171.5151,1545600,21163300,4125248200,44416809100,3177.261,3189.6805,3148.2345,3183.7777
110123000,3171.0445,1747200,20353800,4126995400,44437162900,3177.261,3189.6805,3148.2345,3183.7777
110128000,3171.2102,1359800,20320100,4128355200,44457483000,3177.261,3189.6805,3148.2345,3183.7777
110133000,3171.3662,2189900,19130200,4130545100,44476613200,3177.261,3189.6805,3148.2345,3183.7777
110138000,3171.3218,2047700,19446200,4132592800,44496059400,3177.261,3189.6805,3148.2345,3183.7777
110143000,3171.6654,1191300,13500900,4133784100,44509560300,3177.261,3189.6805,3148.2345,3183.7777
110148000,3170.9913,910600,12235700,4134694700,44521796000,3177.261,3189.6805,3148.2345,3183.7777
110153000,3171.4813,1212100,19326800,4135906800,44541122800,3177.261,3189.6805,3148.2345,3183.7777
110158000,3171.0274,1611800,18383800,4137518600,44559506600,3177.261,3189.6805,3148.2345,3183.7777
110203000,3171.2456,1316600,16142600,4138835200,44575649200,3177.261,3189.6805,3148.2345,3183.7777
110208000,3171.7175,1685000,20988600,4140520200,44596637800,3177.261,3189.6805,3148.2345,3183.7777
110213000,3171.3991,1852900,14794700,4142373100,44611432500,3177.261,3189.6805,3148.2345,3183.7777
110218000,3171.5031,1433300,17359000,4143806400,44628791500,3177.261,3189.6805,3148.2345,3183.7777
110223000,3171.7373,1000700,13912400,4144807100,44642703900,3177.261,3189.6805,3148.2345,3183.7777
110228000,3171.9543,1557800,18408900,4146364900,44661112800,3177.261,3189.6805,3148.2345,3183.7777
110233000,3172.4205,2380800,27772000,4148745700,44688884800,3177.261,3189.6805,3148.2345,3183.7777
110238000,3173.0473,2492600,27691400,4151238300,44716576200,3177.261,3189.6805,3148.2345,3183.7777
110243000,3172.7913,1633000,23700500,4152871300,44740276700,3177.261,3189.6805,3148.2345,3183.7777
110248000,3172.6663,1528400,21324600,4154399700,44761601300,3177.261,3189.6805,3148.2345,3183.7777
110253000,3172.4645,1614900,15425500,4156014600,44777026800,3177.261,3189.6805,3148.2345,3183.7777
110258000,3172.8248,1844600,23457600,4157859200,44800484400,3177.261,3189.6805,3148.2345,3183.7777
110303000,3173.0196,1822300,19505900,4159681500,44819990300,3177.261,3189.6805,3148.2345,3183.7777
110308000,3173.0422,2270500,20339400,4161952000,44840329700,3177.261,3189.6805,3148.2345,3183.7777
110313000,3173.2397,1454800,13678800,4163406800,44854008500,3177.261,3189.6805,3148.2345,3183.7777
110318000,3173.0992,1624200,19286300,4165031000,44873294800,3177.261,3189.6805,3148.2345,3183.7777
110323000,3173.2892,2919100,22652300,4167950100,44895947100,3177.261,3189.6805,3148.2345,3183.7777
110328000,3173.4469,1599600,20429200,4169549700,44916376300,3177.261,3189.6805,3148.2345,3183.7777
110333000,3173.4145,1334700,21101500,4170884400,44937477800,3177.261,3189.6805,3148.2345,3183.7777
110338000,3173.2877,2338800,26761200,4173223200,44964239000,3177.261,3189.6805,3148.2345,3183.7777
110343000,3173.6113,1160800,17504100,4174384000,44981743100,3177.261,3189.6805,3148.2345,3183.7777
110348000,3173.2599,1247600,18588000,4175631600,45000331100,3177.261,3189.6805,3148.2345,3183.7777
110353000,3173.1039,1457500,21754700,4177089100,45022085800,3177.261,3189.6805,3148.2345,3183.7777
110358000,3173.1054,1411500,20471600,4178500600,45042557400,3177.261,3189.6805,3148.2345,3183.7777
110403000,3173.6551,1895100,23642000,4180395700,45066199400,3177.261,3189.6805,3148.2345,3183.7777
110408000,3173.9431,2034600,21688600,4182430300,45087888000,3177.261,3189.6805,3148.2345,3183.7777
110413000,3173.4854,1600900,13167300,4184031200,45101055300,3177.261,3189.6805,3148.2345,3183.7777
110418000,3173.7129,2022900,23064700,4186054100,45124120000,3177.261,3189.6805,3148.2345,3183.7777
110423000,3173.7136,2011800,23737500,4188065900,45147857500,3177.261,3189.6805,3148.2345,3183.7777
110428000,3173.7225,2398900,21450900,4190464800,45169308400,3177.261,3189.6805,3148.2345,3183.7777
110433000,3173.7811,1885900,22280400,4192350700,45191588800,3177.261,3189.6805,3148.2345,3183.7777
110438000,3174.1862,1969300,25597300,4194320000,45217186100,3177.261,3189.6805,3148.2345,3183.7777
110443000,3174.1285,852900,10942500,4195172900,45228128600,3177.261,3189.6805,3148.2345,3183.7777
110448000,3174.1092,1116700,14716100,4196289600,45242844700,3177.261,3189.6805,3148.2345,3183.7777
110453000,3173.8744,1715900,19817700,4198005500,45262662400,3177.261,3189.6805,3148.2345,3183.7777
110458000,3174.0695,1136400,16505200,4199141900,45279167600,3177.261,3189.6805,3148.2345,3183.7777
110503000,3174.27,1674900,19057400,4200816800,45298225000,3177.261,3189.6805,3148.2345,3183.7777
110508000,3174.3953,2090700,25402700,4202907500,45323627700,3177.261,3189.6805,3148.2345,3183.7777
110513000,3174.1787,1268700,15021300,4204176200,45338649000,3177.261,3189.6805,3148.2345,3183.7777
110518000,3175.2535,1897700,22457100,4206073900,45361106100,3177.261,3189.6805,3148.2345,3183.7777
110523000,3175.2207,3421300,31192100,4209495200,45392298200,3177.261,3189.6805,3148.2345,3183.7777
110528000,3175.4871,4742300,48826700,4214237500,45441124900,3177.261,3189.6805,3148.2345,3183.7777
110533000,3176.134,3170000,36492900,4217407500,45477617800,3177.261,3189.6805,3148.2345,3183.7777
110538000,3176.4698,2637400,33555100,4220044900,45511172900,3177.261,3189.6805,3148.2345,3183.7777
110543000,3176.4193,1122600,14540700,4221167500,45525713600,3177.261,3189.6805,3148.2345,3183.7777
110548000,3176.1316,1176400,16295500,4222343900,45542009100,3177.261,3189.6805,3148.2345,3183.7777
110553000,3175.6802,1548900,20233900,4223892800,45562243000,3177.261,3189.6805,3148.2345,3183.7777
110558000,3176.3156,1201200,16694200,4225094000,45578937200,3177.261,3189.6805,3148.2345,3183.7777
110603000,3176.0057,1090100,20643700,4226184100,45599580900,3177.261,3189.6805,3148.2345,3183.7777
110608000,3176.3707,1913000,25525400,4228097100,45625106300,3177.261,3189.6805,3148.2345,3183.7777
110613000,3176.0464,1129300,17594700,4229226400,45642701000,3177.261,3189.6805,3148.2345,3183.7777
110618000,3175.9279,1301300,18675400,4230527700,45661376400,3177.261,3189.6805,3148.2345,3183.7777
110623000,3175.9474,1677400,22623600,4232205100,45684000000,3177.261,3189.6805,3148.2345,3183.7777
110628000,3175.9959,2022400,25416300,4234227500,45709416300,3177.261,3189.6805,3148.2345,3183.7777
110633000,3176.1417,1464900,18026800,4235692400,45727443100,3177.261,3189.6805,3148.2345,3183.7777
110638000,3176.2156,1644400,25056600,4237336800,45752499700,3177.261,3189.6805,3148.2345,3183.7777
110643000,3176.2223,1068900,14696000,4238405700,45767195700,3177.261,3189.6805,3148.2345,3183.7777
110648000,3176.2802,1641300,25182900,4240047000,45792378600,3177.261,3189.6805,3148.2345,3183.7777
110653000,3175.9023,2149800,24029300,4242196800,45816407900,3177.261,3189.6805,3148.2345,3183.7777
110658000,3176.3979,1560400,23061500,4243757200,45839469400,3177.261,3189.6805,3148.2345,3183.7777
110703000,3176.6652,1890700,20219500,4245647900,45859688900,3177.261,3189.6805,3148.2345,3183.7777
110708000,3176.445,1783400,22745700,4247431300,45882434600,3177.261,3189.6805,3148.2345,3183.7777
110713000,3176.5407,1422300,17914400,4248853600,45900349000,3177.261,3189.6805,3148.2345,3183.7777
110718000,3176.4286,2668300,27134800,4251521900,45927483800,3177.261,3189.6805,3148.2345,3183.7777
110723000,3176.7062,1215700,16830800,4252737600,45944314600,3177.261,3189.6805,3148.2345,3183.7777
110728000,3176.6423,1106400,19989600,4253844000,45964304200,3177.261,3189.6805,3148.2345,3183.7777
110733000,3176.8699,1624100,20927900,4255468100,45985232100,3177.261,3189.6805,3148.2345,3183.7777
110738000,3176.8397,1869900,20847200,4257338000,46006079300,3177.261,3189.6805,3148.2345,3183.7777
110743000,3176.4363,967200,12639200,4258305200,46018718500,3177.261,3189.6805,3148.2345,3183.7777
110748000,3176.0759,1365300,19371600,4259670500,46038090100,3177.261,3189.6805,3148.2345,3183.7777
110753000,3175.5746,1437100,18452000,4261107600,46056542100,3177.261,3189.6805,3148.2345,3183.7777
110758000,3175.3002,1985600,25554500,4263093200,46082096600,3177.261,3189.6805,3148.2345,3183.7777
110803000,3175.3924,2458000,32778300,4265551200,46114874900,3177.261,3189.6805,3148.2345,3183.7777
110808000,3175.2629,3447400,49073200,4268998600,46163948100,3177.261,3189.6805,3148.2345,3183.7777
110813000,3174.6992,2096900,25428000,4271095500,46189376100,3177.261,3189.6805,3148.2345,3183.7777
110818000,3174.1598,2064500,27715200,4273160000,46217091300,3177.261,3189.6805,3148.2345,3183.7777
110823000,3173.7204,2013200,27190600,4275173200,46244281900,3177.261,3189.6805,3148.2345,3183.7777
110828000,3173.3538,1726900,22628300,4276900100,46266910200,3177.261,3189.6805,3148.2345,3183.7777
110833000,3173.409,1817900,24886100,4278718000,46291796300,3177.261,3189.6805,3148.2345,3183.7777
110838000,3173.4372,2332600,27390100,4281050600,46319186400,3177.261,3189.6805,3148.2345,3183.7777
110843000,3173.2253,1943300,25572500,4282993900,46344758900,3177.261,3189.6805,3148.2345,3183.7777
110848000,3172.8397,1620500,24219600,4284614400,46368978500,3177.261,3189.6805,3148.2345,3183.7777
110853000,3172.7679,2157300,27548300,4286771700,46396526800,3177.261,3189.6805,3148.2345,3183.7777
110858000,3173.5138,1655900,17638900,4288427600,46414165700,3177.261,3189.6805,3148.2345,3183.7777
110903000,3173.0291,1278200,16183800,4289705800,46430349500,3177.261,3189.6805,3148.2345,3183.7777
110908000,3172.9914,1368900,21917700,4291074700,46452267200,3177.261,3189.6805,3148.2345,3183.7777
110913000,3172.9252,785400,10218500,4291860100,46462485700,3177.261,3189.6805,3148.2345,3183.7777
110918000,3172.7243,1205700,18706200,4293065800,46481191900,3177.261,3189.6805,3148.2345,3183.7777
110923000,3172.5989,1383100,16125600,4294448900,46497317500,3177.261,3189.6805,3148.2345,3183.7777
110928000,3172.3621,1307400,17799000,4295756300,46515116500,3177.261,3189.6805,3148.2345,3183.7777
110933000,3172.5591,1048200,15922800,4296804500,46531039300,3177.261,3189.6805,3148.2345,3183.7777
110938000,3172.7071,1412000,17255200,4298216500,46548294500,3177.261,3189.6805,3148.2345,3183.7777
110943000,3172.9409,900500,13162900,4299117000,46561457400,3177.261,3189.6805,3148.2345,3183.7777
110948000,3172.9564,1059000,16447400,4300176000,46577904800,3177.261,3189.6805,3148.2345,3183.7777
110953000,3172.3491,936700,12716100,4301112700,46590620900,3177.261,3189.6805,3148.2345,3183.7777
110958000,3172.3728,1528100,18396100,4302640800,46609017000,3177.261,3189.6805,3148.2345,3183.7777
111003000,3172.3917,1188500,16932600,4303829300,46625949600,3177.261,3189.6805,3148.2345,3183.7777
111008000,3172.6688,1337000,18182000,4305166300,46644131600,3177.261,3189.6805,3148.2345,3183.7777
111013000,3172.7253,789300,9740300,4305955600,46653871900,3177.261,3189.6805,3148.2345,3183.7777
111018000,3172.5676,927100,13939400,4306882700,46667811300,3177.261,3189.6805,3148.2345,3183.7777
111023000,3172.4346,922800,13140600,4307805500,46680951900,3177.261,3189.6805,3148.2345,3183.7777
111028000,3172.5533,926000,14362000,4308731500,46695313900,3177.261,3189.6805,3148.2345,3183.7777
111033000,3172.6433,823700,12294300,4309555200,46707608200,3177.261,3189.6805,3148.2345,3183.7777
111038000,3172.4936,1221800,21132100,4310777000,46728740300,3177.261,3189.6805,3148.2345,3183.7777
111043000,3172.7356,721200,8589400,4311498200,46737329700,3177.261,3189.6805,3148.2345,3183.7777
111048000,3172.7721,1339800,17646100,4312838000,46754975800,3177.261,3189.6805,3148.2345,3183.7777
111053000,3171.9408,1845300,17256000,4314683300,46772231800,3177.261,3189.6805,3148.2345,3183.7777
111058000,3172.1909,1565700,16207300,4316249000,46788439100,3177.261,3189.6805,3148.2345,3183.7777
111103000,3172.2667,1070800,13791300,4317319800,46802230400,3177.261,3189.6805,3148.2345,3183.7777
111108000,3172.5296,1091700,16303500,4318411500,46818533900,3177.261,3189.6805,3148.2345,3183.7777
111113000,3172.3505,528900,14364600,4318940400,46832898500,3177.261,3189.6805,3148.2345,3183.7777
111118000,3172.4173,939200,15895400,4319879600,46848793900,3177.261,3189.6805,3148.2345,3183.7777
111123000,3172.5551,1249400,15882400,4321129000,46864676300,3177.261,3189.6805,3148.2345,3183.7777
111128000,3172.2352,900700,13076000,4322029700,46877752300,3177.261,3189.6805,3148.2345,3183.7777
111133000,3172.7559,747900,8723300,4322777600,46886475600,3177.261,3189.6805,3148.2345,3183.7777
111138000,3172.752,850600,16349500,4323628200,46902825100,3177.261,3189.6805,3148.2345,3183.7777
111143000,3172.7546,652300,7789800,4324280500,46910614900,3177.261,3189.6805,3148.2345,3183.7777
111148000,3173.059,1091500,16905200,4325372000,46927520100,3177.261,3189.6805,3148.2345,3183.7777
111153000,3172.3943,847700,10129400,4326219700,46937649500,3177.261,3189.6805,3148.2345,3183.7777
111158000,3172.8061,763800,9452500,4326983500,46947102000,3177.261,3189.6805,3148.2345,3183.7777
111203000,3172.5912,890000,10696600,4327873500,46957798600,3177.261,3189.6805,3148.2345,3183.7777
111208000,3172.4562,989100,13448800,4328862600,46971247400,3177.261,3189.6805,3148.2345,3183.7777
111213000,3172.5729,586400,8453200,4329449000,46979700600,3177.261,3189.6805,3148.2345,3183.7777
111218000,3173.0035,903800,13362500,4330352800,46993063100,3177.261,3189.6805,3148.2345,3183.7777
111223000,3172.7078,1375800,18608000,4331728600,47011671100,3177.261,3189.6805,3148.2345,3183.7777
111228000,3172.5671,1461000,17541100,4333189600,47029212200,3177.261,3189.6805,3148.2345,3183.7777
111233000,3172.7799,1447800,24458900,4334637400,47053671100,3177.261,3189.6805,3148.2345,3183.7777
111238000,3172.7944,1064700,12912100,4335702100,47066583200,3177.261,3189.6805,3148.2345,3183.7777
111243000,3172.692,1082300,15331900,4336784400,47081915100,3177.261,3189.6805,3148.2345,3183.7777
111248000,3172.4059,1216600,19337200,4338001000,47101252300,3177.261,3189.6805,3148.2345,3183.7777
111253000,3172.0596,1088200,10890400,4339089200,47112142700,3177.261,3189.6805,3148.2345,3183.7777
111258000,3171.9379,944700,10666900,4340033900,47122809600,3177.261,3189.6805,3148.2345,3183.7777
111303000,3172.2159,1138500,12213200,4341172400,47135022800,3177.261,3189.6805,3148.2345,3183.7777
111308000,3172.0767,1532300,18202100,4342704700,47153224900,3177.261,3189.6805,3148.2345,3183.7777
111313000,3171.909,599500,7397400,4343304200,47160622300,3177.261,3189.6805,3148.2345,3183.7777
111318000,3172.0733,912700,14490500,4344216900,47175112800,3177.261,3189.6805,3148.2345,3183.7777
111323000,3172.1749,689700,9803900,4344906600,47184916700,3177.261,3189.6805,3148.2345,3183.7777
111328000,3171.7329,1241400,13601300,4346148000,47198518000,3177.261,3189.6805,3148.2345,3183.7777
111333000,3171.7261,1152400,12821000,4347300400,47211339000,3177.261,3189.6805,3148.2345,3183.7777
111338000,3171.9992,1274700,14510100,4348575100,47225849100,3177.261,3189.6805,3148.2345,3183.7777
111343000,3171.7602,893900,9227200,4349469000,47235076300,3177.261,3189.6805,3148.2345,3183.7777
111348000,3171.9301,936900,13559700,4350405900,47248636000,3177.261,3189.6805,3148.2345,3183.7777
111353000,3171.3957,786200,9455000,4351192100,47258091000,3177.261,3189.6805,3148.2345,3183.7777
111358000,3171.5702,922600,13298300,4352114700,47271389300,3177.261,3189.6805,3148.2345,3183.7777
111403000,3171.8467,919700,13151700,4353034400,47284541000,3177.261,3189.6805,3148.2345,3183.7777
111408000,3171.9539,874900,12969000,4353909300,47297510000,3177.261,3189.6805,3148.2345,3183.7777
111413000,3171.8481,901800,11559300,4354811100,47309069300,3177.261,3189.6805,3148.2345,3183.7777
111418000,3171.5391,657600,8743100,4355468700,47317812400,3177.261,3189.6805,3148.2345,3183.7777
111423000,3171.3198,906700,12818800,4356375400,47330631200,3177.261,3189.6805,3148.2345,3183.7777
111428000,3171.4842,1266900,13168900,4357642300,47343800100,3177.261,3189.6805,3148.2345,3183.7777
111433000,3171.9306,1033100,12911600,4358675400,47356711700,3177.261,3189.6805,3148.2345,3183.7777
111438000,3171.5511,1978800,19270800,4360654200,47375982500,3177.261,3189.6805,3148.2345,3183.7777
111443000,3171.7767,815000,10623500,4361469200,47386606000,3177.261,3189.6805,3148.2345,3183.7777
111448000,3171.6515,1847600,17296200,4363316800,47403902200,3177.261,3189.6805,3148.2345,3183.7777
111453000,3171.7513,2712500,27966200,4366029300,47431868400,3177.261,3189.6805,3148.2345,3183.7777
111458000,3172.4842,1864300,24242200,4367893600,47456110600,3177.261,3189.6805,3148.2345,3183.7777
111503000,3173.1405,2149400,30465800,4370043000,47486576400,3177.261,3189.6805,3148.2345,3183.7777
111508000,3173.6918,4485500,53568700,4374528500,47540145100,3177.261,3189.6805,3148.2345,3183.7777
111513000,3174.1931,2441700,33219500,4376970200,47573364600,3177.261,3189.6805,3148.2345,3183.7777
111518000,3174.7919,2925700,29605800,4379895900,47602970400,3177.261,3189.6805,3148.2345,3183.7777
111523000,3174.7258,2747200,31742200,4382643100,47634712600,3177.261,3189.6805,3148.2345,3183.7777
111528000,3174.8145,1352900,22721500,4383996000,47657434100,3177.261,3189.6805,3148.2345,3183.7777
111533000,3174.8539,1473100,18507800,4385469100,47675941900,3177.261,3189.6805,3148.2345,3183.7777
111538000,3175.4001,1764200,20478900,4387233300,47696420800,3177.261,3189.6805,3148.2345,3183.7777
111543000,3175.1777,2071500,21797800,4389304800,47718218600,3177.261,3189.6805,3148.2345,3183.7777
111548000,3175.0501,1007500,12748800,4390312300,47730967400,3177.261,3189.6805,3148.2345,3183.7777
111553000,3174.5392,1440700,16475000,4391753000,47747442400,3177.261,3189.6805,3148.2345,3183.7777
111558000,3174.6148,1434400,16889500,4393187400,47764331900,3177.261,3189.6805,3148.2345,3183.7777
111603000,3174.8739,1054100,14820400,4394241500,47779152300,3177.261,3189.6805,3148.2345,3183.7777
111608000,3175.2522,2800200,32572700,4397041700,47811725000,3177.261,3189.6805,3148.2345,3183.7777
111613000,3175.8906,967900,12459100,4398009600,47824184100,3177.261,3189.6805,3148.2345,3183.7777
111618000,3175.0633,1053100,16087400,4399062700,47840271500,3177.261,3189.6805,3148.2345,3183.7777
111623000,3175.1245,1303500,16519900,4400366200,47856791400,3177.261,3189.6805,3148.2345,3183.7777
111628000,3175.0435,1271500,16103300,4401637700,47872894700,3177.261,3189.6805,3148.2345,3183.7777
111633000,3174.9821,1047600,13631800,4402685300,47886526500,3177.261,3189.6805,3148.2345,3183.7777
111638000,3175.0986,1316500,18483100,4404001800,47905009600,3177.261,3189.6805,3148.2345,3183.7777
111643000,3175.0629,780400,10930300,4404782200,47915939900,3177.261,3189.6805,3148.2345,3183.7777
111648000,3175.5144,1143500,16296700,4405925700,47932236600,3177.261,3189.6805,3148.2345,3183.7777
111653000,3175.0719,1289600,13385100,4407215300,47945621700,3177.261,3189.6805,3148.2345,3183.7777
111658000,3174.978,1230600,15440400,4408445900,47961062100,3177.261,3189.6805,3148.2345,3183.7777
111703000,3175.1085,1343700,12848900,4409789600,47973911000,3177.261,3189.6805,3148.2345,3183.7777
111708000,3175.1007,1568200,22424800,4411357800,47996335800,3177.261,3189.6805,3148.2345,3183.7777
111713000,3175.3282,1055600,17486300,4412413400,48013822100,3177.261,3189.6805,3148.2345,3183.7777
111718000,3174.9709,879500,10896600,4413292900,48024718700,3177.261,3189.6805,3148.2345,3183.7777
111723000,3174.93,1124700,13405200,4414417600,48038123900,3177.261,3189.6805,3148.2345,3183.7777
111728000,3174.4903,1181700,12955900,4415599300,48051079800,3177.261,3189.6805,3148.2345,3183.7777
111733000,3174.7913,944600,15173500,4416543900,48066253300,3177.261,3189.6805,3148.2345,3183.7777
111738000,3174.9078,943700,11624600,4417487600,48077877900,3177.261,3189.6805,3148.2345,3183.7777
111743000,3174.8351,650700,7145900,4418138300,48085023800,3177.261,3189.6805,3148.2345,3183.7777
111748000,3174.8651,871800,11619400,4419010100,48096643200,3177.261,3189.6805,3148.2345,3183.7777
111753000,3174.5948,804400,9595100,4419814500,48106238300,3177.261,3189.6805,3148.2345,3183.7777
111758000,3174.2387,1475400,17819400,4421289900,48124057700,3177.261,3189.6805,3148.2345,3183.7777
111803000,3173.84,1810600,27731600,4423100500,48151789300,3177.261,3189.6805,3148.2345,3183.7777
111808000,3173.7623,2536800,32011300,4425637300,48183800600,3177.261,3189.6805,3148.2345,3183.7777
111813000,3172.481,1635600,21930800,4427272900,48205731400,3177.261,3189.6805,3148.2345,3183.7777
111818000,3171.9475,2841000,40166700,4430113900,48245898100,3177.261,3189.6805,3148.2345,3183.7777
111823000,3170.9188,2981000,41572400,4433094900,48287470500,3177.261,3189.6805,3148.2345,3183.7777
111828000,3169.9542,2811400,41459600,4435906300,48328930100,3177.261,3189.6805,3148.2345,3183.7777
111833000,3169.7896,2394000,36399000,4438300300,48365329100,3177.261,3189.6805,3148.2345,3183.7777
111838000,3169.7147,2423500,32492700,4440723800,48397821800,3177.261,3189.6805,3148.2345,3183.7777
111843000,3169.3203,1293400,21984000,4442017200,48419805800,3177.261,3189.6805,3148.2345,3183.7777
111848000,3169.2392,1514200,19575800,4443531400,48439381600,3177.261,3189.6805,3148.2345,3183.7777
111853000,3168.6724,1086200,16381200,4444617600,48455762800,3177.261,3189.6805,3148.2345,3183.7777
111858000,3168.7601,1470800,17760500,4446088400,48473523300,3177.261,3189.6805,3148.2345,3183.7777
111903000,3168.7127,1865400,20575500,4447953800,48494098800,3177.261,3189.6805,3148.2345,3183.7777
111908000,3168.6448,2387800,27245900,4450341600,48521344700,3177.261,3189.6805,3148.2345,3183.7777
111913000,3168.9322,1127700,12108000,4451469300,48533452700,3177.261,3189.6805,3148.2345,3183.7777
111918000,3168.513,992300,14396800,4452461600,48547849500,3177.261,3189.6805,3148.2345,3183.7777
111923000,3168.5792,1490600,18191700,4453952200,48566041200,3177.261,3189.6805,3148.2345,3183.7777
111928000,3168.5447,2227200,16959200,4456179400,48583000400,3177.261,3189.6805,3148.2345,3183.7777
111933000,3168.4323,1113800,13193700,4457293200,48596194100,3177.261,3189.6805,3148.2345,3183.7777
111938000,3168.563,1450100,16985700,4458743300,48613179800,3177.261,3189.6805,3148.2345,3183.7777
111943000,3168.8532,729100,8476300,4459472400,48621656100,3177.261,3189.6805,3148.2345,3183.7777
111948000,3168.7199,1564900,20136100,4461037300,48641792200,3177.261,3189.6805,3148.2345,3183.7777
111953000,3168.2505,1051800,16940000,4462089100,48658732200,3177.261,3189.6805,3148.2345,3183.7777
111958000,3168.4583,1936300,17669200,4464025400,48676401400,3177.261,3189.6805,3148.2345,3183.7777
112003000,3168.7731,1702400,16111700,4465727800,48692513100,3177.261,3189.6805,3148.2345,3183.7777
112008000,3169.1803,1421100,20353300,4467148900,48712866400,3177.261,3189.6805,3148.2345,3183.7777
112013000,3169.5604,1909400,16464800,4469058300,48729331200,3177.261,3189.6805,3148.2345,3183.7777
112018000,3168.9038,1111100,13563400,4470169400,48742894600,3177.261,3189.6805,3148.2345,3183.7777
112023000,3168.7241,1773700,18051200,4471943100,48760945800,3177.261,3189.6805,3148.2345,3183.7777
112028000,3168.7297,1257500,14531900,4473200600,48775477700,3177.261,3189.6805,3148.2345,3183.7777
112033000,3168.5178,1028800,14278100,4474229400,48789755800,3177.261,3189.6805,3148.2345,3183.7777
112038000,3168.9833,1558500,20197000,4475787900,48809952800,3177.261,3189.6805,3148.2345,3183.7777
112043000,3168.921,780700,12141100,4476568600,48822093900,3177.261,3189.6805,3148.2345,3183.7777
112048000,3168.67,1011100,11863500,4477579700,48833957400,3177.261,3189.6805,3148.2345,3183.7777
112053000,3168.2266,1587900,14560300,4479167600,48848517700,3177.261,3189.6805,3148.2345,3183.7777
112058000,3167.8887,951500,12198300,4480119100,48860716000,3177.261,3189.6805,3148.2345,3183.7777
112103000,3168.4751,1307600,13856900,4481426700,48874572900,3177.261,3189.6805,3148.2345,3183.7777
112108000,3168.5194,934600,13102400,4482361300,48887675300,3177.261,3189.6805,3148.2345,3183.7777
112113000,3168.4143,1689100,13192100,4484050400,48900867400,3177.261,3189.6805,3148.2345,3183.7777
112118000,3168.2743,1490800,19307600,4485541200,48920175000,3177.261,3189.6805,3148.2345,3183.7777
112123000,3168.5519,1173400,15767900,4486714600,48935942900,3177.261,3189.6805,3148.2345,3183.7777
112128000,3168.8782,1401700,13565200,4488116300,48949508100,3177.261,3189.6805,3148.2345,3183.7777
112133000,3168.5845,1473600,15790500,4489589900,48965298600,3177.261,3189.6805,3148.2345,3183.7777
112138000,3168.6867,1373100,15015800,4490963000,48980314400,3177.261,3189.6805,3148.2345,3183.7777
112143000,3168.8386,580100,7478900,4491543100,48987793300,3177.261,3189.6805,3148.2345,3183.7777
112148000,3168.7899,871300,9371100,4492414400,48997164400,3177.261,3189.6805,3148.2345,3183.7777
112153000,3168.6527,1019700,11786300,4493434100,49008950700,3177.261,3189.6805,3148.2345,3183.7777
112158000,3168.1474,1340500,16311700,4494774600,49025262400,3177.261,3189.6805,3148.2345,3183.7777
112203000,3168.5799,895300,10824500,4495669900,49036086900,3177.261,3189.6805,3148.2345,3183.7777
112208000,3168.5752,1139400,15937100,4496809300,49052024000,3177.261,3189.6805,3148.2345,3183.7777
112213000,3168.2585,714800,6927400,4497524100,49058951400,3177.261,3189.6805,3148.2345,3183.7777
112218000,3168.5262,852400,10144800,4498376500,49069096200,3177.261,3189.6805,3148.2345,3183.7777
112223000,3168.9101,1078200,11596700,4499454700,49080692900,3177.261,3189.6805,3148.2345,3183.7777
112228000,3168.4507,1482200,15797100,4500936900,49096490000,3177.261,3189.6805,3148.2345,3183.7777
112233000,3168.4254,1505200,13918300,4502442100,49110408300,3177.261,3189.6805,3148.2345,3183.7777
112238000,3168.976,1362700,16177700,4503804800,49126586000,3177.261,3189.6805,3148.2345,3183.7777
112243000,3169.227,1571000,17143900,4505375800,49143729900,3177.261,3189.6805,3148.2345,3183.7777
112248000,3169.7122,1064900,15733700,4506440700,49159463600,3177.261,3189.6805,3148.2345,3183.7777
112253000,3170.004,1270800,13689200,4507711500,49173152800,3177.261,3189.6805,3148.2345,3183.7777
112258000,3169.4783,1327300,15259400,4509038800,49188412200,3177.261,3189.6805,3148.2345,3183.7777
112303000,3170.2686,1721200,23752900,4510760000,49212165100,3177.261,3189.6805,3148.2345,3183.7777
112308000,3170.7551,2636300,30687900,4513396300,49242853000,3177.261,3189.6805,3148.2345,3183.7777
112313000,3171.4641,1359400,14982700,4514755700,49257835700,3177.261,3189.6805,3148.2345,3183.7777
112318000,3171.3173,1575200,20032900,4516330900,49277868600,3177.261,3189.6805,3148.2345,3183.7777
112323000,3171.7511,1096400,12760700,4517427300,49290629300,3177.261,3189.6805,3148.2345,3183.7777
112328000,3171.5781,1660300,24356500,4519087600,49314985800,3177.261,3189.6805,3148.2345,3183.7777
112333000,3171.6562,3027700,38457400,4522115300,49353443200,3177.261,3189.6805,3148.2345,3183.7777
112338000,3173.1996,5504200,53162400,4527619500,49406605600,3177.261,3189.6805,3148.2345,3183.7777
112343000,3175.174,6586800,58385300,4534206300,49464990900,3177.261,3189.6805,3148.2345,3183.7777
112348000,3176.3119,9020100,78670100,4543226400,49543661000,3177.261,3189.6805,3148.2345,3183.7777
112353000,3177.5418,7413200,63595500,4550639600,49607256500,3177.261,3189.6805,3148.2345,3183.7777
112358000,3178.1573,4683100,49621200,4555322700,49656877700,3177.261,3189.6805,3148.2345,3183.7777
112403000,3178.2992,3948600,37660800,4559271300,49694538500,3177.261,3189.6805,3148.2345,3183.7777
112408000,3177.9654,3029400,35238800,4562300700,49729777300,3177.261,3189.6805,3148.2345,3183.7777
112413000,3177.6291,2671500,20840900,4564972200,49750618200,3177.261,3189.6805,3148.2345,3183.7777
112418000,3177.621,2181800,21814500,4567154000,49772432700,3177.261,3189.6805,3148.2345,3183.7777
112423000,3177.558,1978700,22278700,4569132700,49794711400,3177.261,3189.6805,3148.2345,3183.7777
112428000,3177.2006,2164500,31101400,4571297200,49825812800,3177.261,3189.6805,3148.2345,3183.7777
112433000,3177.2108,1608800,22642600,4572906000,49848455400,3177.261,3189.6805,3148.2345,3183.7777
112438000,3177.4481,1729300,21043700,4574635300,49869499100,3177.261,3189.6805,3148.2345,3183.7777
112443000,3177.1332,1336200,14949800,4575971500,49884448900,3177.261,3189.6805,3148.2345,3183.7777
112448000,3177.5526,1196400,13210100,4577167900,49897659000,3177.261,3189.6805,3148.2345,3183.7777
112453000,3177.1127,1227000,15513900,4578394900,49913172900,3177.261,3189.6805,3148.2345,3183.7777
112458000,3177.0916,1151000,13254900,4579545900,49926427800,3177.261,3189.6805,3148.2345,3183.7777
112503000,3177.2323,1698300,18749700,4581244200,49945177500,3177.261,3189.6805,3148.2345,3183.7777
112508000,3177.5252,1773500,20057100,4583017700,49965234600,3177.261,3189.6805,3148.2345,3183.7777
112513000,3176.9828,1237700,13803300,4584255400,49979037900,3177.261,3189.6805,3148.2345,3183.7777
112518000,3177.3035,1182100,16011900,4585437500,49995049800,3177.261,3189.6805,3148.2345,3183.7777
112523000,3177.0928,1779400,20183500,4587216900,50015233300,3177.261,3189.6805,3148.2345,3183.7777
112528000,3177.3998,1485200,17701900,4588702100,50032935200,3177.261,3189.6805,3148.2345,3183.7777
112533000,3177.334,2028400,21575000,4590730500,50054510200,3177.261,3189.6805,3148.2345,3183.7777
112538000,3177.3173,2232200,22115500,4592962700,50076625700,3177.261,3189.6805,3148.2345,3183.7777
112543000,3177.3354,1033000,11390600,4593995700,50088016300,3177.261,3189.6805,3148.2345,3183.7777
112548000,3177.6746,1748900,16270700,4595744600,50104287000,3177.261,3189.6805,3148.2345,3183.7777
112553000,3177.2907,2370000,24480000,4598114600,50128767000,3177.261,3189.6805,3148.2345,3183.7777
112558000,3177.3093,2488400,30211600,4600603000,50158978600,3177.261,3189.6805,3148.2345,3183.7777
112603000,3178.2975,1916100,18512700,4602519100,50177491300,3177.261,3189.6805,3148.2345,3183.7777
112608000,3178.5733,2843100,32210400,4605362200,50209701700,3177.261,3189.6805,3148.2345,3183.7777
112613000,3179.56,3751100,32456900,4609113300,50242158600,3177.261,3189.6805,3148.2345,3183.7777
112618000,3180.5933,4397600,41299300,4613510900,50283457900,3177.261,3189.6805,3148.2345,3183.7777
112623000,3181.0709,7118700,56993900,4620629600,50340451800,3177.261,3189.6805,3148.2345,3183.7777
112628000,3181.0118,3328400,36525300,4623958000,50376977100,3177.261,3189.6805,3148.2345,3183.7777
112633000,3181.1616,2941200,28833200,4626899200,50405810300,3177.261,3189.6805,3148.2345,3183.7777
112638000,3181.2012,6590000,40627300,4633489200,50446437600,3177.261,3189.6805,3148.2345,3183.7777
112643000,3180.9956,3075400,18063600,4636564600,50464501200,3177.261,3189.6805,3148.2345,3183.7777
112648000,3181.0915,2305700,20782800,4638870300,50485284000,3177.261,3189.6805,3148.2345,3183.7777
112653000,3181.0193,2132600,20352000,4641002900,50505636000,3177.261,3189.6805,3148.2345,3183.7777
112658000,3180.6724,3309700,27560300,4644312600,50533196300,3177.261,3189.6805,3148.2345,3183.7777
112703000,3181.1752,2998500,23629800,4647311100,50556826100,3177.261,3189.6805,3148.2345,3183.7777
112708000,3180.9216,3600400,27216300,4650911500,50584042400,3177.261,3189.6805,3148.2345,3183.7777
112713000,3180.802,2274700,19630900,4653186200,50603673300,3177.261,3189.6805,3148.2345,3183.7777
112718000,3180.9819,3824300,24659300,4657010500,50628332600,3177.261,3189.6805,3148.2345,3183.7777
112723000,3180.6119,5418400,27123700,4662428900,50655456300,3177.261,3189.6805,3148.2345,3183.7777
112728000,3180.6677,3058800,21110200,4665487700,50676566500,3177.261,3189.6805,3148.2345,3183.7777
112733000,3180.7889,4638800,26376700,4670126500,50702943200,3177.261,3189.6805,3148.2345,3183.7777
112738000,3180.8255,4637200,23438000,4674763700,50726381200,3177.261,3189.6805,3148.2345,3183.7777
112743000,3180.8863,2663400,15865400,4677427100,50742246600,3177.261,3189.6805,3148.2345,3183.7777
112748000,3181.0463,1220500,12081700,4678647600,50754328300,3177.261,3189.6805,3148.2345,3183.7777
112753000,3181.1037,1150300,14934300,4679797900,50769262600,3177.261,3189.6805,3148.2345,3183.7777
112758000,3180.5136,1877700,17399200,4681675600,50786661800,3177.261,3189.6805,3148.2345,3183.7777
112803000,3180.8056,1505700,14625000,4683181300,50801286800,3177.261,3189.6805,3148.2345,3183.7777
112808000,3181.1173,2452700,23591900,4685634000,50824878700,3177.261,3189.6805,3148.2345,3183.7777
112813000,3181.0738,1007200,13070500,4686641200,50837949200,3177.261,3189.6805,3148.2345,3183.7777
112818000,3180.9824,1541800,15322800,4688183000,50853272000,3177.261,3189.6805,3148.2345,3183.7777
112823000,3181.08,1012900,11079800,4689195900,50864351800,3177.261,3189.6805,3148.2345,3183.7777
112828000,3181.141,1658900,17140000,4690854800,50881491800,3177.261,3189.6805,3148.2345,3183.7777
112833000,3180.8296,1689200,16109000,4692544000,50897600800,3177.261,3189.6805,3148.2345,3183.7777
112838000,3180.8909,1271800,16660400,4693815800,50914261200,3177.261,3189.6805,3148.2345,3183.7777
112843000,3180.7927,1133600,12530900,4694949400,50926792100,3177.261,3189.6805,3148.2345,3183.7777
112848000,3181.2228,2042900,20608700,4696992300,50947400800,3177.261,3189.6805,3148.2345,3183.7777
112853000,3180.9925,1510300,14748900,4698502600,50962149700,3177.261,3189.6805,3148.2345,3183.7777
112858000,3180.6013,1403500,15954200,4699906100,50978103900,3177.261,3189.6805,3148.2345,3183.7777
112903000,3180.7776,1478800,16653500,4701384900,50994757400,3177.261,3189.6805,3148.2345,3183.7777
112908000,3181.2908,2081900,24428300,4703466800,51019185700,3177.261,3189.6805,3148.2345,3183.7777
112913000,3180.8421,1132700,14108400,4704599500,51033294100,3177.261,3189.6805,3148.2345,3183.7777
112918000,3180.6076,1274000,14377900,4705873500,51047672000,3177.261,3189.6805,3148.2345,3183.7777
112923000,3180.4817,971900,12543700,4706845400,51060215700,3177.261,3189.6805,3148.2345,3183.7777
112928000,3180.3852,1638400,21251400,4708483800,51081467100,3177.261,3189.6805,3148.2345,3183.7777
112933000,3180.8421,992700,11274700,4709476500,51092741800,3177.261,3189.6805,3148.2345,3183.7777
112938000,3180.7832,1886300,16705400,4711362800,51109447200,3177.261,3189.6805,3148.2345,3183.7777
112943000,3180.7535,760900,11174900,4712123700,51120622100,3177.261,3189.6805,3148.2345,3183.7777
112948000,3180.6521,1143800,12787900,4713267500,51133410000,3177.261,3189.6805,3148.2345,3183.7777
112953000,3180.2804,1138900,10655300,4714406400,51144065300,3177.261,3189.6805,3148.2345,3183.7777
112958000,3179.6693,934700,10733400,4715341100,51154798700,3177.261,3189.6805,3148.2345,3183.7777
113003000,3180.3877,884500,10095200,4716225600,51164893900,3177.261,3189.6805,3148.2345,3183.7777
113008000,3180.5707,14000,337300,4716239600,51165231200,3177.261,3189.6805,3148.2345,3183.7777
113013000,3180.5692,0,0,4716239600,51165231200,3177.261,3189.6805,3148.2345,3183.7777
130003000,3180.5692,7363300,65508400,4723602900,51230739600,3177.261,3189.6805,3148.2345,3183.7777
130008000,3179.8635,19714200,201641000,4743317100,51432380600,3177.261,3189.6805,3148.2345,3183.7777
130013000,3180.3335,3287400,34812000,4746604500,51467192600,3177.261,3189.6805,3148.2345,3183.7777
130018000,3180.3087,2769900,36621600,4749374400,51503814200,3177.261,3189.6805,3148.2345,3183.7777
130023000,3180.4385,2977900,32780600,4752352300,51536594800,3177.261,3189.6805,3148.2345,3183.7777
130028000,3180.0881,1770300,21132300,4754122600,51557727100,3177.261,3189.6805,3148.2345,3183.7777
130033000,3179.8933,1242800,17448600,4755365400,51575175700,3177.261,3189.6805,3148.2345,3183.7777
130038000,3180.1368,1457000,17937300,4756822400,51593113000,3177.261,3189.6805,3148.2345,3183.7777
130043000,3180.0464,818400,10650000,4757640800,51603763000,3177.261,3189.6805,3148.2345,3183.7777
130048000,3180.344,1002500,14756600,4758643300,51618519600,3177.261,3189.6805,3148.2345,3183.7777
130053000,3179.4181,1131700,15055300,4759775000,51633574900,3177.261,3189.6805,3148.2345,3183.7777
130058000,3179.0848,1681900,16530800,4761456900,51650105700,3177.261,3189.6805,3148.2345,3183.7777
130103000,3179.0018,1152800,12654100,4762609700,51662759800,3177.261,3189.6805,3148.2345,3183.7777
130108000,3178.866,862200,10648500,4763471900,51673408300,3177.261,3189.6805,3148.2345,3183.7777
130113000,3178.9549,770400,11048400,4764242300,51684456700,3177.261,3189.6805,3148.2345,3183.7777
130118000,3178.8575,919300,12687300,4765161600,51697144000,3177.261,3189.6805,3148.2345,3183.7777
130123000,3179.0503,991000,13559700,4766152600,51710703700,3177.261,3189.6805,3148.2345,3183.7777
130128000,3178.3726,993500,18379200,4767146100,51729082900,3177.261,3189.6805,3148.2345,3183.7777
130133000,3178.0784,2797300,28369600,4769943400,51757452500,3177.261,3189.6805,3148.2345,3183.7777
130138000,3177.6752,1392400,21628400,4771335800,51779080900,3177.261,3189.6805,3148.2345,3183.7777
130143000,3177.2829,1450000,17284200,4772785800,51796365100,3177.261,3189.6805,3148.2345,3183.7777
130148000,3176.8071,1045100,17454000,4773830900,51813819100,3177.261,3189.6805,3148.2345,3183.7777
130153000,3176.4434,1827200,17165300,4775658100,51830984400,3177.261,3189.6805,3148.2345,3183.7777
130158000,3175.483,1611100,19615800,4777269200,51850600200,3177.261,3189.6805,3148.2345,3183.7777
130203000,3175.7661,1586600,21725600,4778855800,51872325800,3177.261,3189.6805,3148.2345,3183.7777
130208000,3175.7751,1489500,21686200,4780345300,51894012000,3177.261,3189.6805,3148.2345,3183.7777
130213000,3175.3647,2095800,30835600,4782441100,51924847600,3177.261,3189.6805,3148.2345,3183.7777
130218000,3175.3845,795600,14532600,4783236700,51939380200,3177.261,3189.6805,3148.2345,3183.7777
130223000,3175.2216,739400,9215000,4783976100,51948595200,3177.261,3189.6805,3148.2345,3183.7777
130228000,3175.2331,1312700,19875200,4785288800,51968470400,3177.261,3189.6805,3148.2345,3183.7777
130233000,3175.1307,1654300,16373100,4786943100,51984843500,3177.261,3189.6805,3148.2345,3183.7777
130238000,3175.3603,1127400,15153000,4788070500,51999996500,3177.261,3189.6805,3148.2345,3183.7777
130243000,3175.3212,1114800,13158500,4789185300,52013155000,3177.261,3189.6805,3148.2345,3183.7777
130248000,3175.4983,966500,13152200,4790151800,52026307200,3177.261,3189.6805,3148.2345,3183.7777
130253000,3175.3781,810100,8829600,4790961900,52035136800,3177.261,3189.6805,3148.2345,3183.7777
130258000,3175.106,1146200,11988800,4792108100,52047125600,3177.261,3189.6805,3148.2345,3183.7777
130303000,3175.5416,1370700,15606400,4793478800,52062732000,3177.261,3189.6805,3148.2345,3183.7777
130308000,3175.5416,1180100,12603600,4794658900,52075335600,3177.261,3189.6805,3148.2345,3183.7777
130313000,3175.929,926900,10373400,4795585800,52085709000,3177.261,3189.6805,3148.2345,3183.7777
130318000,3176.0917,807600,9617000,4796393400,52095326000,3177.261,3189.6805,3148.2345,3183.7777
130323000,3176.167,506900,7353600,4796900300,52102679600,3177.261,3189.6805,3148.2345,3183.7777
130328000,3175.8206,669400,9789000,4797569700,52112468600,3177.261,3189.6805,3148.2345,3183.7777
130333000,3176.1556,1521200,12928400,4799090900,52125397000,3177.261,3189.6805,3148.2345,3183.7777
130338000,3176.1512,1273800,13932100,4800364700,52139329100,3177.261,3189.6805,3148.2345,3183.7777
130343000,3176.5216,855100,9555100,4801219800,52148884200,3177.261,3189.6805,3148.2345,3183.7777
130348000,3176.3663,1054400,11569000,4802274200,52160453200,3177.261,3189.6805,3148.2345,3183.7777
130353000,3176.2806,608300,5778800,4802882500,52166232000,3177.261,3189.6805,3148.2345,3183.7777
130358000,3176.048,1044700,13189100,4803927200,52179421100,3177.261,3189.6805,3148.2345,3183.7777
130403000,3175.6632,976600,11431100,4804903800,52190852200,3177.261,3189.6805,3148.2345,3183.7777
130408000,3176.3317,806900,10285000,4805710700,52201137200,3177.261,3189.6805,3148.2345,3183.7777
130413000,3176.0279,881200,10727900,4806591900,52211865100,3177.261,3189.6805,3148.2345,3183.7777
130418000,3175.9978,1102800,15567800,4807694700,52227432900,3177.261,3189.6805,3148.2345,3183.7777
130423000,3176.2714,603000,7051100,4808297700,52234484000,3177.261,3189.6805,3148.2345,3183.7777
130428000,3176.7842,1385500,15073900,4809683200,52249557900,3177.261,3189.6805,3148.2345,3183.7777
130433000,3176.4732,979300,13334000,4810662500,52262891900,3177.261,3189.6805,3148.2345,3183.7777
130438000,3176.4274,997900,12438900,4811660400,52275330800,3177.261,3189.6805,3148.2345,3183.7777
130443000,3176.3884,1915000,17968000,4813575400,52293298800,3177.261,3189.6805,3148.2345,3183.7777
130448000,3176.1419,1013000,13662700,4814588400,52306961500,3177.261,3189.6805,3148.2345,3183.7777
130453000,3176.2963,1096800,10337900,4815685200,52317299400,3177.261,3189.6805,3148.2345,3183.7777
130458000,3175.7026,1189000,14111000,4816874200,52331410400,3177.261,3189.6805,3148.2345,3183.7777
130503000,3175.3635,1003200,12555300,4817877400,52343965700,3177.261,3189.6805,3148.2345,3183.7777
130508000,3175.9189,1143700,13291000,4819021100,52357256700,3177.261,3189.6805,3148.2345,3183.7777
130513000,3175.6205,826400,10688100,4819847500,52367944800,3177.261,3189.6805,3148.2345,3183.7777
130518000,3175.7263,816700,11582400,4820664200,52379527200,3177.261,3189.6805,3148.2345,3183.7777
130523000,3175.5489,779700,9250400,4821443900,52388777600,3177.261,3189.6805,3148.2345,3183.7777
130528000,3175.7671,1360700,18055800,4822804600,52406833400,3177.261,3189.6805,3148.2345,3183.7777
130533000,3175.2877,890400,13181500,4823695000,52420014900,3177.261,3189.6805,3148.2345,3183.7777
130538000,3175.5766,1315200,17502200,4825010200,52437517100,3177.261,3189.6805,3148.2345,3183.7777
130543000,3175.7877,514300,8670900,4825524500,52446188000,3177.261,3189.6805,3148.2345,3183.7777
130548000,3175.7442,1216200,17292800,4826740700,52463480800,3177.261,3189.6805,3148.2345,3183.7777
130553000,3175.6367,733900,12059500,4827474600,52475540300,3177.261,3189.6805,3148.2345,3183.7777
130558000,3175.5059,1000200,15029400,4828474800,52490569700,3177.261,3189.6805,3148.2345,3183.7777
130603000,3175.0515,1079100,15196300,4829553900,52505766000,3177.261,3189.6805,3148.2345,3183.7777
130608000,3175.2354,1063200,12666300,4830617100,52518432300,3177.261,3189.6805,3148.2345,3183.7777
130613000,3175.205,967000,10576000,4831584100,52529008300,3177.261,3189.6805,3148.2345,3183.7777
130618000,3175.1394,910100,10495100,4832494200,52539503400,3177.261,3189.6805,3148.2345,3183.7777
130623000,3175.3671,525100,6272200,4833019300,52545775600,3177.261,3189.6805,3148.2345,3183.7777
130628000,3175.535,1322800,16688500,4834342100,52562464100,3177.261,3189.6805,3148.2345,3183.7777
130633000,3174.9103,944400,11290800,4835286500,52573754900,3177.261,3189.6805,3148.2345,3183.7777
130638000,3175.2491,954800,11560800,4836241300,52585315700,3177.261,3189.6805,3148.2345,3183.7777
130643000,3175.2578,726500,7947900,4836967800,52593263600,3177.261,3189.6805,3148.2345,3183.7777
130648000,3175.2005,1234800,11720100,4838202600,52604983700,3177.261,3189.6805,3148.2345,3183.7777
130653000,3175.4833,758900,13586700,4838961500,52618570400,3177.261,3189.6805,3148.2345,3183.7777
130658000,3175.028,919100,11559300,4839880600,52630129700,3177.261,3189.6805,3148.2345,3183.7777
130703000,3175.2332,989200,11542300,4840869800,52641672000,3177.261,3189.6805,3148.2345,3183.7777
130708000,3175.7165,1155800,14507700,4842025600,52656179700,3177.261,3189.6805,3148.2345,3183.7777
130713000,3175.5412,843800,9833800,4842869400,52666013500,3177.261,3189.6805,3148.2345,3183.7777
130718000,3175.5233,1371300,11036700,4844240700,52677050200,3177.261,3189.6805,3148.2345,3183.7777
130723000,3175.6573,820800,10142800,4845061500,52687193000,3177.261,3189.6805,3148.2345,3183.7777
130728000,3175.5793,886700,13568900,4845948200,52700761900,3177.261,3189.6805,3148.2345,3183.7777
130733000,3175.4708,1073700,14844900,4847021900,52715606800,3177.261,3189.6805,3148.2345,3183.7777
130738000,3175.6893,1004200,14079000,4848026100,52729685800,3177.261,3189.6805,3148.2345,3183.7777
130743000,3175.6347,509300,7346400,4848535400,52737032200,3177.261,3189.6805,3148.2345,3183.7777
130748000,3175.6983,894700,12565200,4849430100,52749597400,3177.261,3189.6805,3148.2345,3183.7777
130753000,3175.4799,1005600,12109200,4850435700,52761706600,3177.261,3189.6805,3148.2345,3183.7777
130758000,3174.9913,775900,10439900,4851211600,52772146500,3177.261,3189.6805,3148.2345,3183.7777
130803000,3175.1237,1109300,12934600,4852320900,52785081100,3177.261,3189.6805,3148.2345,3183.7777
130808000,3175.8257,919900,13525400,4853240800,52798606500,3177.261,3189.6805,3148.2345,3183.7777
130813000,3175.5783,649300,7313100,4853890100,52805919600,3177.261,3189.6805,3148.2345,3183.7777
130818000,3175.8083,1524700,14014600,4855414800,52819934200,3177.261,3189.6805,3148.2345,3183.7777
130823000,3175.659,519900,6872400,4855934700,52826806600,3177.261,3189.6805,3148.2345,3183.7777
130828000,3176.0053,1106700,16137800,4857041400,52842944400,3177.261,3189.6805,3148.2345,3183.7777
130833000,3175.7524,1348600,13435100,4858390000,52856379500,3177.261,3189.6805,3148.2345,3183.7777
130838000,3175.8616,1046600,15085000,4859436600,52871464500,3177.261,3189.6805,3148.2345,3183.7777
130843000,3175.9977,651000,7532000,4860087600,52878996500,3177.261,3189.6805,3148.2345,3183.7777
130848000,3175.7566,698200,10003200,4860785800,52888999700,3177.261,3189.6805,3148.2345,3183.7777
130853000,3175.9499,773100,6809600,4861558900,52895809300,3177.261,3189.6805,3148.2345,3183.7777
130858000,3175.5053,658200,10318700,4862217100,52906128000,3177.261,3189.6805,3148.2345,3183.7777
130903000,3176.205,1239700,14966400,4863456800,52921094400,3177.261,3189.6805,3148.2345,3183.7777
130908000,3176.4018,951500,13179500,4864408300,52934273900,3177.261,3189.6805,3148.2345,3183.7777
130913000,3176.5556,796800,8054600,4865205100,52942328500,3177.261,3189.6805,3148.2345,3183.7777
130918000,3176.4715,833500,11325200,4866038600,52953653700,3177.261,3189.6805,3148.2345,3183.7777
130923000,3176.6413,865600,10553000,4866904200,52964206700,3177.261,3189.6805,3148.2345,3183.7777
130928000,3176.3427,1004400,14093800,4867908600,52978300500,3177.261,3189.6805,3148.2345,3183.7777
130933000,3176.2328,1025400,15682700,4868934000,52993983200,3177.261,3189.6805,3148.2345,3183.7777
130938000,3176.1394,1052700,16473900,4869986700,53010457100,3177.261,3189.6805,3148.2345,3183.7777
130943000,3176.2794,907000,11460900,4870893700,53021918000,3177.261,3189.6805,3148.2345,3183.7777
130948000,3176.1147,1408600,15695800,4872302300,53037613800,3177.261,3189.6805,3148.2345,3183.7777
130953000,3176.1395,679500,9067000,4872981800,53046680800,3177.261,3189.6805,3148.2345,3183.7777
130958000,3176.1864,860200,10980400,4873842000,53057661200,3177.261,3189.6805,3148.2345,3183.7777
131003000,3176.0929,1298900,17568300,4875140900,53075229500,3177.261,3189.6805,3148.2345,3183.7777
131008000,3176.3005,1364900,17146700,4876505800,53092376200,3177.261,3189.6805,3148.2345,3183.7777
131013000,3175.7844,748800,10285400,4877254600,53102661600,3177.261,3189.6805,3148.2345,3183.7777
131018000,3176.1775,876600,12687900,4878131200,53115349500,3177.261,3189.6805,3148.2345,3183.7777
131023000,3176.3609,794700,11664300,4878925900,53127013800,3177.261,3189.6805,3148.2345,3183.7777
131028000,3176.3776,1350000,17040500,4880275900,53144054300,3177.261,3189.6805,3148.2345,3183.7777
131033000,3176.2345,1538700,19316900,4881814600,53163371200,3177.261,3189.6805,3148.2345,3183.7777
131038000,3176.2365,1186600,12546900,4883001200,53175918100,3177.261,3189.6805,3148.2345,3183.7777
131043000,3176.2455,1499200,15392500,4884500400,53191310600,3177.261,3189.6805,3148.2345,3183.7777
131048000,3176.3555,1625700,18642600,4886126100,53209953200,3177.261,3189.6805,3148.2345,3183.7777
131053000,3176.8051,1792000,17212000,4887918100,53227165200,3177.261,3189.6805,3148.2345,3183.7777
131058000,3177.0155,2164000,22947900,4890082100,53250113100,3177.261,3189.6805,3148.2345,3183.7777
131103000,3177.3819,2642300,29397600,4892724400,53279510700,3177.261,3189.6805,3148.2345,3183.7777
131108000,3177.303,1459400,23274600,4894183800,53302785300,3177.261,3189.6805,3148.2345,3183.7777
131113000,3177.2109,1117200,15470500,4895301000,53318255800,3177.261,3189.6805,3148.2345,3183.7777
131118000,3177.6373,2033500,27740900,4897334500,53345996700,3177.261,3189.6805,3148.2345,3183.7777
131123000,3178.2131,940600,15980200,4898275100,53361976900,3177.261,3189.6805,3148.2345,3183.7777
131128000,3177.9561,1055100,14530500,4899330200,53376507400,3177.261,3189.6805,3148.2345,3183.7777
131133000,3178.593,1834800,20405300,4901165000,53396912700,3177.261,3189.6805,3148.2345,3183.7777
131138000,3178.125,1397500,14781500,4902562500,53411694200,3177.261,3189.6805,3148.2345,3183.7777
131143000,3178.0015,1196000,14314700,4903758500,53426008900,3177.261,3189.6805,3148.2345,3183.7777
131148000,3178.1813,1005000,14344800,4904763500,53440353700,3177.261,3189.6805,3148.2345,3183.7777
131153000,3177.8672,1352000,13636400,4906115500,53453990100,3177.261,3189.6805,3148.2345,3183.7777
131158000,3177.7349,2689400,23889300,4908804900,53477879400,3177.261,3189.6805,3148.2345,3183.7777
131203000,3177.2833,1060400,15992200,4909865300,53493871600,3177.261,3189.6805,3148.2345,3183.7777
131208000,3177.8045,1738400,21916200,4911603700,53515787800,3177.261,3189.6805,3148.2345,3183.7777
131213000,3177.2825,783500,12354300,4912387200,53528142100,3177.261,3189.6805,3148.2345,3183.7777
131218000,3177.5908,2177100,22403200,4914564300,53550545300,3177.261,3189.6805,3148.2345,3183.7777
131223000,3177.8603,6173700,43140400,4920738000,53593685700,3177.261,3189.6805,3148.2345,3183.7777
131228000,3177.7003,3549900,33053400,4924287900,53626739100,3177.261,3189.6805,3148.2345,3183.7777
131233000,3178.3837,2023000,24126800,4926310900,53650865900,3177.261,3189.6805,3148.2345,3183.7777
131238000,3179.4572,3537100,37451000,4929848000,53688316900,3177.261,3189.6805,3148.2345,3183.7777
131243000,3179.8378,4814000,42060700,4934662000,53730377600,3177.261,3189.6805,3148.2345,3183.7777
131248000,3179.6215,3252400,29899200,4937914400,53760276800,3177.261,3189.6805,3148.2345,3183.7777
131253000,3179.9809,2415200,20247100,4940329600,53780523900,3177.261,3189.6805,3148.2345,3183.7777
131258000,3179.8188,3121400,21459200,4943451000,53801983100,3177.261,3189.6805,3148.2345,3183.7777
131303000,3179.7065,3809000,26446700,4947260000,53828429800,3177.261,3189.6805,3148.2345,3183.7777
131308000,3180.4903,1888000,23077400,4949148000,53851507200,3177.261,3189.6805,3148.2345,3183.7777
131313000,3180.8372,1407700,16866900,4950555700,53868374100,3177.261,3189.6805,3148.2345,3183.7777
131318000,3181.2584,1360600,17388200,4951916300,53885762300,3177.261,3189.6805,3148.2345,3183.7777
131323000,3180.753,1007100,11683900,4952923400,53897446200,3177.261,3189.6805,3148.2345,3183.7777
131328000,3180.5663,2058700,21746100,4954982100,53919192300,3177.261,3189.6805,3148.2345,3183.7777
131333000,3180.5483,1402400,18077300,4956384500,53937269600,3177.261,3189.6805,3148.2345,3183.7777
131338000,3180.4315,2446200,29196600,4958830700,53966466200,3177.261,3189.6805,3148.2345,3183.7777
131343000,3180.764,1062400,11840600,4959893100,53978306800,3177.261,3189.6805,3148.2345,3183.7777
131348000,3180.6704,1892000,20731800,4961785100,53999038600,3177.261,3189.6805,3148.2345,3183.7777
131353000,3180.9375,1037400,10486800,4962822500,54009525400,3177.261,3189.6805,3148.2345,3183.7777
131358000,3180.6984,1771000,20156200,4964593500,54029681600,3177.261,3189.6805,3148.2345,3183.7777
131403000,3180.771,1518000,21033900,4966111500,54050715500,3177.261,3189.6805,3148.2345,3183.7777
131408000,3181.035,1383500,15892500,4967495000,54066608000,3177.261,3189.6805,3148.2345,3183.7777
131413000,3180.6687,1376200,18916300,4968871200,54085524300,3177.261,3189.6805,3148.2345,3183.7777
131418000,3180.9961,1517600,19170800,4970388800,54104695100,3177.261,3189.6805,3148.2345,3183.7777
131423000,3181.0073,1250400,13894900,4971639200,54118590000,3177.261,3189.6805,3148.2345,3183.7777
131428000,3180.5467,1783200,18680400,4973422400,54137270400,3177.261,3189.6805,3148.2345,3183.7777
131433000,3180.9068,1564900,17592900,4974987300,54154863300,3177.261,3189.6805,3148.2345,3183.7777
131438000,3180.8162,2001900,20416000,4976989200,54175279300,3177.261,3189.6805,3148.2345,3183.7777
131443000,3180.9714,1048800,12030400,4978038000,54187309700,3177.261,3189.6805,3148.2345,3183.7777
131448000,3180.8275,1611900,17475500,4979649900,54204785200,3177.261,3189.6805,3148.2345,3183.7777
131453000,3181.3764,1232600,17315700,4980882500,54222100900,3177.261,3189.6805,3148.2345,3183.7777
131458000,3180.813,1401200,22002100,4982283700,54244103000,3177.261,3189.6805,3148.2345,3183.7777
131503000,3180.74,2211500,23617100,4984495200,54267720100,3177.261,3189.6805,3148.2345,3183.7777
131508000,3180.902,1665000,18830400,4986160200,54286550500,3177.261,3189.6805,3148.2345,3183.7777
131513000,3181.2045,875900,14528300,4987036100,54301078800,3177.261,3189.6805,3148.2345,3183.7777
131518000,3181.119,1929900,20155600,4988966000,54321234400,3177.261,3189.6805,3148.2345,3183.7777
131523000,3181.2134,837700,10929800,4989803700,54332164200,3177.261,3189.6805,3148.2345,3183.7777
131528000,3181.1035,1192400,25728500,4990996100,54357892700,3177.261,3189.6805,3148.2345,3183.7777
131533000,3180.9886,2337700,24605800,4993333800,54382498500,3177.261,3189.6805,3148.2345,3183.7777
131538000,3181.2377,2779100,29446600,4996112900,54411945100,3177.261,3189.6805,3148.2345,3183.7777
131543000,3181.2743,1324200,15977400,4997437100,54427922500,3177.261,3189.6805,3148.2345,3183.7777
131548000,3181.1093,1617700,18078300,4999054800,54446000800,3177.261,3189.6805,3148.2345,3183.7777
131553000,3181.1561,1461300,16991600,5000516100,54462992400,3177.261,3189.6805,3148.2345,3183.7777
131558000,3181.2869,2510300,28842900,5003026400,54491835300,3177.261,3189.6805,3148.2345,3183.7777
131603000,3180.8527,1883000,26903700,5004909400,54518739000,3177.261,3189.6805,3148.2345,3183.7777
131608000,3181.2316,2080100,24431500,5006989500,54543170500,3177.261,3189.6805,3148.2345,3183.7777
131613000,3181.52,1645800,17376400,5008635300,54560546900,3177.261,3189.6805,3148.2345,3183.7777
131618000,3181.3563,2237900,23189300,5010873200,54583736200,3177.261,3189.6805,3148.2345,3183.7777
131623000,3181.4635,981700,10945600,5011854900,54594681800,3177.261,3189.6805,3148.2345,3183.7777
131628000,3181.4317,1591000,16568400,5013445900,54611250200,3177.261,3189.6805,3148.2345,3183.7777
131633000,3181.5496,1995700,21719200,5015441600,54632969400,3177.261,3189.6805,3148.2345,3183.7777
131638000,3181.4847,2223600,23110100,5017665200,54656079500,3177.261,3189.6805,3148.2345,3183.7777
131643000,3181.3074,2270800,26429300,5019936000,54682508800,3177.261,3189.6805,3148.2345,3183.7777
131648000,3181.2561,3216100,31529900,5023152100,54714038700,3177.261,3189.6805,3148.2345,3183.7777
131653000,3181.225,2067600,20311000,5025219700,54734349700,3177.261,3189.6805,3148.2345,3183.7777
131658000,3181.2043,2249900,21888900,5027469600,54756238600,3177.261,3189.6805,3148.2345,3183.7777
131703000,3180.5482,2860100,24098500,5030329700,54780337100,3177.261,3189.6805,3148.2345,3183.7777
131708000,3180.8707,1663500,18034000,5031993200,54798371100,3177.261,3189.6805,3148.2345,3183.7777
131713000,3180.7693,909000,11678100,5032902200,54810049200,3177.261,3189.6805,3148.2345,3183.7777
131718000,3180.808,1147600,14455400,5034049800,54824504600,3177.261,3189.6805,3148.2345,3183.7777
131723000,3180.9847,757400,9075600,5034807200,54833580200,3177.261,3189.6805,3148.2345,3183.7777
131728000,3180.7891,1410400,16593900,5036217600,54850174100,3177.261,3189.6805,3148.2345,3183.7777
131733000,3181.066,1821600,24861300,5038039200,54875035400,3177.261,3189.6805,3148.2345,3183.7777
131738000,3181.1968,1973000,19724800,5040012200,54894760200,3177.261,3189.6805,3148.2345,3183.7777
131743000,3180.8082,1014200,14960200,5041026400,54909720400,3177.261,3189.6805,3148.2345,3183.7777
131748000,3180.903,1914300,18622800,5042940700,54928343200,3177.261,3189.6805,3148.2345,3183.7777
131753000,3181.1283,1196400,13788900,5044137100,54942132100,3177.261,3189.6805,3148.2345,3183.7777
131758000,3180.7398,2278300,22593700,5046415400,54964725800,3177.261,3189.6805,3148.2345,3183.7777
131803000,3179.9933,1345300,15613800,5047760700,54980339600,3177.261,3189.6805,3148.2345,3183.7777
131808000,3180.5208,2307100,24382900,5050067800,55004722500,3177.261,3189.6805,3148.2345,3183.7777
131813000,3180.2767,1128000,12029800,5051195800,55016752300,3177.261,3189.6805,3148.2345,3183.7777
131818000,3180.6147,2109800,23318000,5053305600,55040070300,3177.261,3189.6805,3148.2345,3183.7777
131823000,3180.4777,1399400,14153300,5054705000,55054223600,3177.261,3189.6805,3148.2345,3183.7777
131828000,3180.188,1221100,16322500,5055926100,55070546100,3177.261,3189.6805,3148.2345,3183.7777
131833000,3180.5991,3632200,26463700,5059558300,55097009800,3177.261,3189.6805,3148.2345,3183.7777
131838000,3180.1708,1637100,19824700,5061195400,55116834500,3177.261,3189.6805,3148.2345,3183.7777
131843000,3180.1738,1475400,13598500,5062670800,55130433000,3177.261,3189.6805,3148.2345,3183.7777
131848000,3180.2465,1513000,15702600,5064183800,55146135600,3177.261,3189.6805,3148.2345,3183.7777
131853000,3180.1093,1034200,12362000,5065218000,55158497600,3177.261,3189.6805,3148.2345,3183.7777
131858000,3180.2501,1118700,14393800,5066336700,55172891400,3177.261,3189.6805,3148.2345,3183.7777
131903000,3179.8173,1470800,17145800,5067807500,55190037200,3177.261,3189.6805,3148.2345,3183.7777
131908000,3180.2526,1356400,16713300,5069163900,55206750500,3177.261,3189.6805,3148.2345,3183.7777
131913000,3180.4211,955700,11126100,5070119600,55217876600,3177.261,3189.6805,3148.2345,3183.7777
131918000,3180.2561,2281100,20475600,5072400700,55238352200,3177.261,3189.6805,3148.2345,3183.7777
131923000,3180.3875,1836500,17275600,5074237200,55255627800,3177.261,3189.6805,3148.2345,3183.7777
131928000,3180.3274,1871800,17795500,5076109000,55273423300,3177.261,3189.6805,3148.2345,3183.7777
131933000,3179.9936,1623700,23364800,5077732700,55296788100,3177.261,3189.6805,3148.2345,3183.7777
131938000,3180.1474,2256100,28052100,5079988800,55324840200,3177.261,3189.6805,3148.2345,3183.7777
131943000,3180.187,1498300,19667200,5081487100,55344507400,3177.261,3189.6805,3148.2345,3183.7777
131948000,3180.1524,1464800,22011400,5082951900,55366518800,3177.261,3189.6805,3148.2345,3183.7777
131953000,3180.5345,845700,9863500,5083797600,55376382300,3177.261,3189.6805,3148.2345,3183.7777
131958000,3179.9692,2829600,29884000,5086627200,55406266300,3177.261,3189.6805,3148.2345,3183.7777
132003000,3179.4798,1511200,22025000,5088138400,55428291300,3177.261,3189.6805,3148.2345,3183.7777
132008000,3180.0719,2025800,22699100,5090164200,55450990400,3177.261,3189.6805,3148.2345,3183.7777
132013000,3179.8111,1654200,16553700,5091818400,55467544100,3177.261,3189.6805,3148.2345,3183.7777
132018000,3180.1988,1552600,15975000,5093371000,55483519100,3177.261,3189.6805,3148.2345,3183.7777
132023000,3179.5713,1103700,13727700,5094474700,55497246800,3177.261,3189.6805,3148.2345,3183.7777
132028000,3179.6782,2041400,23442100,5096516100,55520688900,3177.261,3189.6805,3148.2345,3183.7777
132033000,3179.6421,2048600,23556700,5098564700,55544245600,3177.261,3189.6805,3148.2345,3183.7777
132038000,3179.9351,1968800,24065000,5100533500,55568310600,3177.261,3189.6805,3148.2345,3183.7777
132043000,3179.9749,1146200,15585600,5101679700,55583896200,3177.261,3189.6805,3148.2345,3183.7777
132048000,3180.3608,2119500,24600600,5103799200,55608496800,3177.261,3189.6805,3148.2345,3183.7777
132053000,3180.3395,3265400,32615500,5107064600,55641112300,3177.261,3189.6805,3148.2345,3183.7777
132058000,3179.7092,2653100,25293800,5109717700,55666406100,3177.261,3189.6805,3148.2345,3183.7777
132103000,3179.7033,1793700,20805500,5111511400,55687211600,3177.261,3189.6805,3148.2345,3183.7777
132108000,3180.4358,1558100,21142600,5113069500,55708354200,3177.261,3189.6805,3148.2345,3183.7777
132113000,3180.274,1382500,14115700,5114452000,55722469900,3177.261,3189.6805,3148.2345,3183.7777
132118000,3180.6681,3423700,30614100,5117875700,55753084000,3177.261,3189.6805,3148.2345,3183.7777
132123000,3180.1866,833500,10472200,5118709200,55763556200,3177.261,3189.6805,3148.2345,3183.7777
132128000,3180.1515,1708800,19691000,5120418000,55783247200,3177.261,3189.6805,3148.2345,3183.7777
132133000,3180.3772,2606700,22203800,5123024700,55805451000,3177.261,3189.6805,3148.2345,3183.7777
132138000,3180.2027,1441500,17214700,5124466200,55822665700,3177.261,3189.6805,3148.2345,3183.7777
132143000,3180.6837,1968700,18146300,5126434900,55840812000,3177.261,3189.6805,3148.2345,3183.7777
132148000,3180.8544,3565500,30451700,5130000400,55871263700,3177.261,3189.6805,3148.2345,3183.7777
132153000,3180.6805,2866800,25060400,5132867200,55896324100,3177.261,3189.6805,3148.2345,3183.7777
132158000,3181.9335,3885300,45627900,5136752500,55941952000,3177.261,3189.6805,3148.2345,3183.7777
132203000,3181.7554,4369600,41247900,5141122100,55983199900,3177.261,3189.6805,3148.2345,3183.7777
132208000,3182.6918,5243100,45780600,5146365200,56028980500,3177.261,3189.6805,3148.2345,3183.7777
132213000,3183.1323,5075500,41703800,5151440700,56070684300,3177.261,3189.6805,3148.2345,3183.7777
132218000,3183.2811,4108800,33756900,5155549500,56104441200,3177.261,3189.6805,3148.2345,3183.7777
132223000,3183.3626,3714000,31145500,5159263500,56135586700,3177.261,3189.6805,3148.2345,3183.7777
132228000,3183.8786,4767300,33897900,5164030800,56169484600,3177.261,3189.6805,3148.2345,3183.7777
132233000,3183.8267,2347400,23214500,5166378200,56192699100,3177.261,3189.6805,3148.2345,3183.7777
132238000,3183.6748,2997000,26237500,5169375200,56218936600,3177.261,3189.6805,3148.2345,3183.7777
132243000,3183.6433,2649700,31716900,5172024900,56250653500,3177.261,3189.6805,3148.2345,3183.7777
132248000,3184.2093,2841700,35063500,5174866600,56285717000,3177.261,3189.6805,3148.2345,3183.7777
132253000,3184.0808,1609900,15656300,5176476500,56301373300,3177.261,3189.6805,3148.2345,3183.7777
132258000,3184.6361,3126700,31898800,5179603200,56333272100,3177.261,3189.6805,3148.2345,3183.7777
132303000,3184.378,3648600,33640200,5183251800,56366912300,3177.261,3189.6805,3148.2345,3183.7777
132308000,3184.6388,3055600,34046800,5186307400,56400959100,3177.261,3189.6805,3148.2345,3183.7777
132313000,3184.8271,1708600,19770700,5188016000,56420729800,3177.261,3189.6805,3148.2345,3183.7777
132318000,3184.9752,2162900,24821900,5190178900,56445551700,3177.261,3189.6805,3148.2345,3183.7777
132323000,3185.2416,2064300,20885400,5192243200,56466437100,3177.261,3189.6805,3148.2345,3183.7777
132328000,3185.1332,3961000,36161000,5196204200,56502598100,3177.261,3189.6805,3148.2345,3183.7777
132333000,3185.2449,2543800,26851100,5198748000,56529449200,3177.261,3189.6805,3148.2345,3183.7777
132338000,3185.0118,1492800,18819600,5200240800,56548268800,3177.261,3189.6805,3148.2345,3183.7777
132343000,3185.3861,2639000,23973100,5202879800,56572241900,3177.261,3189.6805,3148.2345,3183.7777
132348000,3185.2989,2221300,29165500,5205101100,56601407400,3177.261,3189.6805,3148.2345,3183.7777
132353000,3185.5778,1906500,18835600,5207007600,56620243000,3177.261,3189.6805,3148.2345,3183.7777
132358000,3185.7814,2213200,22554700,5209220800,56642797700,3177.261,3189.6805,3148.2345,3183.7777
132403000,3184.8804,2038600,22177200,5211259400,56664974900,3177.261,3189.6805,3148.2345,3183.7777
132408000,3185.2391,1969400,25852500,5213228800,56690827400,3177.261,3189.6805,3148.2345,3183.7777
132413000,3185.9429,2018500,20339200,5215247300,56711166600,3177.261,3189.6805,3148.2345,3183.7777
132418000,3185.9653,2590600,28072100,5217837900,56739238700,3177.261,3189.6805,3148.2345,3183.7777
132423000,3185.9579,1702200,17436900,5219540100,56756675600,3177.261,3189.6805,3148.2345,3183.7777
132428000,3185.9698,1725700,22669800,5221265800,56779345400,3177.261,3189.6805,3148.2345,3183.7777
132433000,3185.9699,2462300,30956700,5223728100,56810302100,3177.261,3189.6805,3148.2345,3183.7777
132438000,3186.2752,2233200,24988600,5225961300,56835290700,3177.261,3189.6805,3148.2345,3183.7777
132443000,3186.3083,2328300,24480200,5228289600,56859770900,3177.261,3189.6805,3148.2345,3183.7777
132448000,3186.509,2788900,29702800,5231078500,56889473700,3177.261,3189.6805,3148.2345,3183.7777
132453000,3186.8007,4403200,33140300,5235481700,56922614000,3177.261,3189.6805,3148.2345,3183.7777
132458000,3186.5063,2676300,25228600,5238158000,56947842600,3177.261,3189.6805,3148.2345,3183.7777
132503000,3186.4956,4747600,37843600,5242905600,56985686200,3177.261,3189.6805,3148.2345,3183.7777
132508000,3186.9268,4063600,33515500,5246969200,57019201700,3177.261,3189.6805,3148.2345,3183.7777
132513000,3187.2978,3099300,32310800,5250068500,57051512500,3177.261,3189.6805,3148.2345,3183.7777
132518000,3187.3278,2507700,29626300,5252576200,57081138800,3177.261,3189.6805,3148.2345,3183.7777
132523000,3187.7635,2636000,23547300,5255212200,57104686100,3177.261,3189.6805,3148.2345,3183.7777
132528000,3188.0024,3397300,35847900,5258609500,57140534000,3177.261,3189.6805,3148.2345,3183.7777
132533000,3187.9879,3060200,28826900,5261669700,57169360900,3177.261,3189.6805,3148.2345,3183.7777
132538000,3188.0373,4186800,40547500,5265856500,57209908400,3177.261,3189.6805,3148.2345,3183.7777
132543000,3188.3439,2512700,36118300,5268369200,57246026700,3177.261,3189.6805,3148.2345,3183.7777
132548000,3188.5749,2396600,27782400,5270765800,57273809100,3177.261,3189.6805,3148.2345,3183.7777
132553000,3188.5016,2772100,24573700,5273537900,57298382800,3177.261,3189.6805,3148.2345,3183.7777
132558000,3188.7958,2993200,33386400,5276531100,57331769200,3177.261,3189.6805,3148.2345,3183.7777
132603000,3188.6117,2505900,25354700,5279037000,57357123900,3177.261,3189.6805,3148.2345,3183.7777
132608000,3188.8377,2748800,33296800,5281785800,57390420700,3177.261,3189.6805,3148.2345,3183.7777
132613000,3189.1509,1748600,22137200,5283534400,57412557900,3177.261,3189.6805,3148.2345,3183.7777
132618000,3189.1262,3031200,32667900,5286565600,57445225800,3177.261,3189.6805,3148.2345,3183.7777
132623000,3188.9253,2598100,23096800,5289163700,57468322600,3177.261,3189.6805,3148.2345,3183.7777
132628000,3189.5955,2672300,27579700,5291836000,57495902300,3177.261,3189.8357,3148.2345,3183.7777
132633000,3189.4579,2884100,30678600,5294720100,57526580900,3177.261,3189.8357,3148.2345,3183.7777
132638000,3189.5923,3065600,34236600,5297785700,57560817500,3177.261,3189.8357,3148.2345,3183.7777
132643000,3189.359,2086900,21735200,5299872600,57582552700,3177.261,3189.8357,3148.2345,3183.7777
132648000,3189.3456,4428900,43258000,5304301500,57625810700,3177.261,3189.8357,3148.2345,3183.7777
132653000,3189.4857,2571700,21385500,5306873200,57647196200,3177.261,3189.8357,3148.2345,3183.7777
132658000,3189.596,2422400,25515700,5309295600,57672711900,3177.261,3189.8357,3148.2345,3183.7777
132703000,3189.2756,2984900,32511600,5312280500,57705223500,3177.261,3189.8357,3148.2345,3183.7777
132708000,3189.3446,5449300,44907500,5317729800,57750131000,3177.261,3189.8357,3148.2345,3183.7777
132713000,3189.9752,2994100,28289100,5320723900,57778420100,3177.261,3189.9752,3148.2345,3183.7777
132718000,3189.711,2864500,36875200,5323588400,57815295300,3177.261,3189.9752,3148.2345,3183.7777
132723000,3189.9381,1404000,17006200,5324992400,57832301500,3177.261,3189.9752,3148.2345,3183.7777
132728000,3189.781,2552800,23396800,5327545200,57855698300,3177.261,3189.9752,3148.2345,3183.7777
132733000,3189.6262,2125900,30000700,5329671100,57885699000,3177.261,3189.9752,3148.2345,3183.7777
132738000,3189.8592,2998500,27292400,5332669600,57912991400,3177.261,3190.0411,3148.2345,3183.7777
132743000,3189.9731,1646100,18587500,5334315700,57931578900,3177.261,3190.0411,3148.2345,3183.7777
132748000,3189.6332,3452700,37238400,5337768400,57968817300,3177.261,3190.0411,3148.2345,3183.7777
132753000,3189.9481,2113600,18590800,5339882000,57987408100,3177.261,3190.0411,3148.2345,3183.7777
132758000,3189.2929,2174700,25903700,5342056700,58013311800,3177.261,3190.0411,3148.2345,3183.7777
132803000,3189.3815,1928100,27220700,5343984800,58040532500,3177.261,3190.0411,3148.2345,3183.7777
132808000,3189.9551,2611100,25997900,5346595900,58066530400,3177.261,3190.0411,3148.2345,3183.7777
132813000,3189.8427,2116600,22857000,5348712500,58089387400,3177.261,3190.0411,3148.2345,3183.7777
132818000,3189.8976,2166000,30400100,5350878500,58119787500,3177.261,3190.0411,3148.2345,3183.7777
132823000,3189.9602,2330200,24203600,5353208700,58143991100,3177.261,3190.1205,3148.2345,3183.7777
132828000,3190.3276,2709200,28742800,5355917900,58172733900,3177.261,3190.3276,3148.2345,3183.7777
132833000,3190.0676,2543300,27517600,5358461200,58200251500,3177.261,3190.3276,3148.2345,3183.7777
132838000,3190.1218,2647300,30057300,5361108500,58230308800,3177.261,3190.7682,3148.2345,3183.7777
132843000,3190.6325,3164600,32726500,5364273100,58263035300,3177.261,3190.7682,3148.2345,3183.7777
132848000,3190.3605,2140000,24599500,5366413100,58287634800,3177.261,3190.7682,3148.2345,3183.7777
132853000,3190.6181,2173200,20593300,5368586300,58308228100,3177.261,3190.7682,3148.2345,3183.7777
132858000,3190.3048,2433100,26953100,5371019400,58335181200,3177.261,3190.7682,3148.2345,3183.7777
132903000,3190.8461,3300900,33618700,5374320300,58368799900,3177.261,3190.8461,3148.2345,3183.7777
132908000,3190.3372,2089600,24682700,5376409900,58393482600,3177.261,3190.8461,3148.2345,3183.7777
132913000,3190.8927,1574700,22600600,5377984600,58416083200,3177.261,3191.0149,3148.2345,3183.7777
132918000,3191.0338,4110600,37587100,5382095200,58453670300,3177.261,3191.0338,3148.2345,3183.7777
132923000,3190.8203,2804800,24118300,5384900000,58477788600,3177.261,3191.0338,3148.2345,3183.7777
132928000,3190.9482,3392600,31522200,5388292600,58509310800,3177.261,3191.144,3148.2345,3183.7777
132933000,3191.0422,2165900,26895000,5390458500,58536205800,3177.261,3191.144,3148.2345,3183.7777
132938000,3190.4159,3119300,32961400,5393577800,58569167200,3177.261,3191.144,3148.2345,3183.7777
132943000,3190.7486,3201400,27673000,5396779200,58596840200,3177.261,3191.144,3148.2345,3183.7777
132948000,3190.8653,2364900,23282600,5399144100,58620122800,3177.261,3191.144,3148.2345,3183.7777
132953000,3190.7356,2359500,22283200,5401503600,58642406000,3177.261,3191.144,3148.2345,3183.7777
132958000,3191.2653,3118400,30534900,5404622000,58672940900,3177.261,3191.2653,3148.2345,3183.7777
133003000,3191.2041,2094400,28014800,5406716400,58700955700,3177.261,3191.2653,3148.2345,3183.7777
133008000,3190.6391,2086000,27144700,5408802400,58728100400,3177.261,3191.2653,3148.2345,3183.7777
133013000,3191.0502,2014600,22549800,5410817000,58750650200,3177.261,3191.2653,3148.2345,3183.7777
133018000,3191.0643,2786000,29384600,5413603000,58780034800,3177.261,3191.3599,3148.2345,3183.7777
133023000,3191.2425,1999700,19592600,5415602700,58799627400,3177.261,3191.3599,3148.2345,3183.7777
133028000,3191.5354,2707700,25778000,5418310400,58825405400,3177.261,3191.5354,3148.2345,3183.7777
133033000,3191.5876,2925800,30439300,5421236200,58855844700,3177.261,3191.5876,3148.2345,3183.7777
133038000,3190.9889,2312600,29238900,5423548800,58885083600,3177.261,3191.5876,3148.2345,3183.7777
133043000,3191.3222,1986400,23105300,5425535200,58908188900,3177.261,3191.5876,3148.2345,3183.7777
133048000,3191.4302,2296100,26799600,5427831300,58934988500,3177.261,3191.5876,3148.2345,3183.7777
133053000,3191.5155,2388600,25333100,5430219900,58960321600,3177.261,3191.5876,3148.2345,3183.7777
133058000,3191.7346,2343900,23969300,5432563800,58984290900,3177.261,3191.822,3148.2345,3183.7777
133103000,3191.4089,2188300,27410600,5434752100,59011701500,3177.261,3191.822,3148.2345,3183.7777
133108000,3190.8392,3446400,32416900,5438198500,59044118400,3177.261,3191.822,3148.2345,3183.7777
133113000,3191.4712,1967600,18668000,5440166100,59062786400,3177.261,3191.822,3148.2345,3183.7777
133118000,3191.4142,1781100,24255400,5441947200,59087041800,3177.261,3191.822,3148.2345,3183.7777
133123000,3191.0903,1206800,14858500,5443154000,59101900300,3177.261,3191.822,3148.2345,3183.7777
133128000,3191.4641,1919100,23238600,5445073100,59125138900,3177.261,3191.822,3148.2345,3183.7777
133133000,3191.2117,2222500,23732700,5447295600,59148871600,3177.261,3191.822,3148.2345,3183.7777
133138000,3191.2927,2696000,32998800,5449991600,59181870400,3177.261,3191.822,3148.2345,3183.7777
133143000,3191.3878,3205300,26544500,5453196900,59208414900,3177.261,3191.822,3148.2345,3183.7777
133148000,3191.2504,1815800,21877000,5455012700,59230291900,3177.261,3191.822,3148.2345,3183.7777
133153000,3191.3292,1459200,18263200,5456471900,59248555100,3177.261,3191.822,3148.2345,3183.7777
133158000,3191.0578,2484400,30484000,5458956300,59279039100,3177.261,3191.822,3148.2345,3183.7777
133203000,3191.0731,1913300,21796000,5460869600,59300835100,3177.261,3191.822,3148.2345,3183.7777
133208000,3190.7921,2020400,26046900,5462890000,59326882000,3177.261,3191.822,3148.2345,3183.7777
133213000,3191.3552,1243700,16494100,5464133700,59343376100,3177.261,3191.822,3148.2345,3183.7777
133218000,3191.0281,1663500,20217500,5465797200,59363593600,3177.261,3191.822,3148.2345,3183.7777
133223000,3191.2342,1175000,13796300,5466972200,59377389900,3177.261,3191.822,3148.2345,3183.7777
133228000,3191.4944,2131400,25831200,5469103600,59403221100,3177.261,3191.822,3148.2345,3183.7777
133233000,3191.1831,2846300,29782700,5471949900,59433003800,3177.261,3191.822,3148.2345,3183.7777
133238000,3191.133,1477300,20078800,5473427200,59453082600,3177.261,3191.822,3148.2345,3183.7777
133243000,3191.4423,1584800,22870400,5475012000,59475953000,3177.261,3191.822,3148.2345,3183.7777
133248000,3191.2574,1813100,21487400,5476825100,59497440400,3177.261,3191.822,3148.2345,3183.7777
133253000,3191.6094,745500,10002100,5477570600,59507442500,3177.261,3191.822,3148.2345,3183.7777
133258000,3191.5119,3059000,33761400,5480629600,59541203900,3177.261,3191.822,3148.2345,3183.7777
133303000,3191.5774,1544700,19507700,5482174300,59560711600,3177.261,3191.822,3148.2345,3183.7777
133308000,3191.1504,2228300,25410500,5484402600,59586122100,3177.261,3191.9584,3148.2345,3183.7777
133313000,3191.8486,2219200,24641700,5486621800,59610763800,3177.261,3192.2144,3148.2345,3183.7777
133318000,3192.5152,2139800,27696500,5488761600,59638460300,3177.261,3192.5152,3148.2345,3183.7777
133323000,3192.3416,2410700,24942000,5491172300,59663402300,3177.261,3192.6357,3148.2345,3183.7777
133328000,3192.9564,2867600,34989300,5494039900,59698391600,3177.261,3192.9564,3148.2345,3183.7777
133333000,3192.817,4390500,45910000,5498430400,59744301600,3177.261,3193.3055,3148.2345,3183.7777
133338000,3193.1684,2720000,33277800,5501150400,59777579400,3177.261,3193.3188,3148.2345,3183.7777
133343000,3193.6016,2425000,26224700,5503575400,59803804100,3177.261,3193.8374,3148.2345,3183.7777
133348000,3193.9567,3653500,48922900,5507228900,59852727000,3177.261,3194.3473,3148.2345,3183.7777
133353000,3194.3128,2297300,31197100,5509526200,59883924100,3177.261,3194.3473,3148.2345,3183.7777
133358000,3194.2963,4333700,56290400,5513859900,59940214500,3177.261,3194.9209,3148.2345,3183.7777
133403000,3194.7024,5798400,74212300,5519658300,60014426800,3177.261,3194.9209,3148.2345,3183.7777
133408000,3194.5123,5539800,69442500,5525198100,60083869300,3177.261,3195.3968,3148.2345,3183.7777
133413000,3195.816,3514200,46023800,5528712300,60129893100,3177.261,3195.816,3148.2345,3183.7777
133418000,3195.8025,4637000,58501900,5533349300,60188395000,3177.261,3196.1829,3148.2345,3183.7777
133423000,3196.1587,3128600,39770600,5536477900,60228165600,3177.261,3196.4841,3148.2345,3183.7777
133428000,3196.5912,3527400,55917300,5540005300,60284082900,3177.261,3196.717,3148.2345,3183.7777
133433000,3196.8194,4502300,50302000,5544507600,60334384900,3177.261,3196.8194,3148.2345,3183.7777
133438000,3196.6651,4513500,49653400,5549021100,60384038300,3177.261,3197.0572,3148.2345,3183.7777
133443000,3196.8779,3010600,43246900,5552031700,60427285200,3177.261,3197.0572,3148.2345,3183.7777
133448000,3197.2021,5164100,56222900,5557195800,60483508100,3177.261,3197.2021,3148.2345,3183.7777
133453000,3197.0038,2832300,27475100,5560028100,60510983200,3177.261,3197.3781,3148.2345,3183.7777
133458000,3197.3418,3903800,39608300,5563931900,60550591500,3177.261,3197.3781,3148.2345,3183.7777
133503000,3197.2552,3578500,41004200,5567510400,60591595700,3177.261,3197.3781,3148.2345,3183.7777
133508000,3196.8859,6489200,50837200,5573999600,60642432900,3177.261,3197.3781,3148.2345,3183.7777
133513000,3196.8963,2070000,32265100,5576069600,60674698000,3177.261,3197.3781,3148.2345,3183.7777
133518000,3197.2913,4405400,44019000,5580475000,60718717000,3177.261,3197.4733,3148.2345,3183.7777
133523000,3197.4781,2828100,30358700,5583303100,60749075700,3177.261,3197.4781,3148.2345,3183.7777
133528000,3197.3815,2824300,31868100,5586127400,60780943800,3177.261,3197.6265,3148.2345,3183.7777
133533000,3197.6112,3544600,37234400,5589672000,60818178200,3177.261,3197.8192,3148.2345,3183.7777
133538000,3197.7417,3388100,40202600,5593060100,60858380800,3177.261,3197.8192,3148.2345,3183.7777
133543000,3197.6987,1955700,27450900,5595015800,60885831700,3177.261,3197.8192,3148.2345,3183.7777
133548000,3197.5906,4384400,46991100,5599400200,60932822800,3177.261,3198.2759,3148.2345,3183.7777
133553000,3198.3504,2043300,23086600,5601443500,60955909400,3177.261,3198.3504,3148.2345,3183.7777
133558000,3198.0235,3369900,37199100,5604813400,60993108500,3177.261,3198.3504,3148.2345,3183.7777
133603000,3198.0631,4069800,46530100,5608883200,61039638600,3177.261,3198.3504,3148.2345,3183.7777
133608000,3197.7035,3499100,40498900,5612382300,61080137500,3177.261,3198.568,3148.2345,3183.7777
133613000,3198.9754,3627300,47888100,5616009600,61128025600,3177.261,3199.2933,3148.2345,3183.7777
133618000,3199.4975,3123500,38199100,5619133100,61166224700,3177.261,3199.4975,3148.2345,3183.7777
133623000,3199.2194,2851700,26392800,5621984800,61192617500,3177.261,3199.4975,3148.2345,3183.7777
133628000,3199.2563,4241800,43587400,5626226600,61236204900,3177.261,3199.4975,3148.2345,3183.7777
133633000,3199.3011,5225100,48444300,5631451700,61284649200,3177.261,3199.9727,3148.2345,3183.7777
133638000,3199.6205,4114400,46939400,5635566100,61331588600,3177.261,3199.9727,3148.2345,3183.7777
133643000,3199.543,3541700,36852000,5639107800,61368440600,3177.261,3199.9727,3148.2345,3183.7777
133648000,3199.1409,5982700,49266100,5645090500,61417706700,3177.261,3199.9727,3148.2345,3183.7777
133653000,3199.4227,2470900,32839200,5647561400,61450545900,3177.261,3199.9727,3148.2345,3183.7777
133658000,3199.7055,2439900,35947100,5650001300,61486493000,3177.261,3199.9727,3148.2345,3183.7777
133703000,3199.9538,4212900,44162100,5654214200,61530655100,3177.261,3199.9727,3148.2345,3183.7777
133708000,3199.3318,4384300,40401400,5658598500,61571056500,3177.261,3199.9727,3148.2345,3183.7777
133713000,3199.9134,2249200,27013200,5660847700,61598069700,3177.261,3199.9727,3148.2345,3183.7777
133718000,3199.5813,4093400,41393000,5664941100,61639462700,3177.261,3199.9727,3148.2345,3183.7777
133723000,3199.2221,2065900,27480200,5667007000,61666942900,3177.261,3199.9727,3148.2345,3183.7777
133728000,3199.1717,4298600,55491700,5671305600,61722434600,3177.261,3199.9727,3148.2345,3183.7777
133733000,3199.1008,3224400,44510000,5674530000,61766944600,3177.261,3199.9727,3148.2345,3183.7777
133738000,3198.5015,3796700,48713400,5678326700,61815658000,3177.261,3199.9727,3148.2345,3183.7777
133743000,3198.6818,2860300,38525100,5681187000,61854183100,3177.261,3199.9727,3148.2345,3183.7777
133748000,3197.2072,3860400,43758700,5685047400,61897941800,3177.261,3199.9727,3148.2345,3183.7777
133753000,3197.9024,2841200,25882800,5687888600,61923824600,3177.261,3199.9727,3148.2345,3183.7777
133758000,3197.61,3353800,38127900,5691242400,61961952500,3177.261,3199.9727,3148.2345,3183.7777
133803000,3198.0306,3864500,37055000,5695106900,61999007500,3177.261,3199.9727,3148.2345,3183.7777
133808000,3197.0025,2972600,33664300,5698079500,62032671800,3177.261,3199.9727,3148.2345,3183.7777
133813000,3197.2947,1928400,25585300,5700007900,62058257100,3177.261,3199.9727,3148.2345,3183.7777
133818000,3197.2083,2773200,28583500,5702781100,62086840600,3177.261,3199.9727,3148.2345,3183.7777
133823000,3196.9563,2109200,20399300,5704890300,62107239900,3177.261,3199.9727,3148.2345,3183.7777
133828000,3197.2095,2224100,26407600,5707114400,62133647500,3177.261,3199.9727,3148.2345,3183.7777
133833000,3197.3166,2814000,28450500,5709928400,62162098000,3177.261,3199.9727,3148.2345,3183.7777
133838000,3197.3079,2668500,39872400,5712596900,62201970400,3177.261,3199.9727,3148.2345,3183.7777
133843000,3197.1928,1984100,21998200,5714581000,62223968600,3177.261,3199.9727,3148.2345,3183.7777
133848000,3197.1941,1838600,26332100,5716419600,62250300700,3177.261,3199.9727,3148.2345,3183.7777
133853000,3197.0271,1286400,14587000,5717706000,62264887700,3177.261,3199.9727,3148.2345,3183.7777
133858000,3196.9993,2888200,30883500,5720594200,62295771200,3177.261,3199.9727,3148.2345,3183.7777
133903000,3196.903,1864600,22536500,5722458800,62318307700,3177.261,3199.9727,3148.2345,3183.7777
133908000,3196.3262,1744700,22651700,5724203500,62340959400,3177.261,3199.9727,3148.2345,3183.7777
133913000,3196.8713,1668400,21294900,5725871900,62362254300,3177.261,3199.9727,3148.2345,3183.7777
133918000,3196.8229,1728700,23462900,5727600600,62385717200,3177.261,3199.9727,3148.2345,3183.7777
133923000,3196.498,1811900,20166000,5729412500,62405883200,3177.261,3199.9727,3148.2345,3183.7777
133928000,3196.8376,2783500,25623200,5732196000,62431506400,3177.261,3199.9727,3148.2345,3183.7777
133933000,3196.6955,2094900,22685900,5734290900,62454192300,3177.261,3199.9727,3148.2345,3183.7777
133938000,3196.5624,1826400,22772900,5736117300,62476965200,3177.261,3199.9727,3148.2345,3183.7777
133943000,3196.9003,1534300,15931000,5737651600,62492896200,3177.261,3199.9727,3148.2345,3183.7777
133948000,3196.5629,2107800,23606700,5739759400,62516502900,3177.261,3199.9727,3148.2345,3183.7777
133953000,3196.8711,1029200,14064700,5740788600,62530567600,3177.261,3199.9727,3148.2345,3183.7777
133958000,3196.3724,2676100,24297900,5743464700,62554865500,3177.261,3199.9727,3148.2345,3183.7777
134003000,3196.897,3184300,30645900,5746649000,62585511400,3177.261,3199.9727,3148.2345,3183.7777
134008000,3196.5039,2119500,26997700,5748768500,62612509100,3177.261,3199.9727,3148.2345,3183.7777
134013000,3196.3586,1902900,24995000,5750671400,62637504100,3177.261,3199.9727,3148.2345,3183.7777
134018000,3196.5977,2045400,24220800,5752716800,62661724900,3177.261,3199.9727,3148.2345,3183.7777
134023000,3196.5995,2428600,23437300,5755145400,62685162200,3177.261,3199.9727,3148.2345,3183.7777
134028000,3197.1985,1793300,22507700,5756938700,62707669900,3177.261,3199.9727,3148.2345,3183.7777
134033000,3196.7012,2117500,22929700,5759056200,62730599600,3177.261,3199.9727,3148.2345,3183.7777
134038000,3196.8564,1311900,16011600,5760368100,62746611200,3177.261,3199.9727,3148.2345,3183.7777
134043000,3196.6799,1419800,15309600,5761787900,62761920800,3177.261,3199.9727,3148.2345,3183.7777
134048000,3196.8929,1651300,19132400,5763439200,62781053200,3177.261,3199.9727,3148.2345,3183.7777
134053000,3196.7194,739800,11101300,5764179000,62792154500,3177.261,3199.9727,3148.2345,3183.7777
134058000,3196.7726,2188900,24564500,5766367900,62816719000,3177.261,3199.9727,3148.2345,3183.7777
134103000,3196.5754,1742700,22022200,5768110600,62838741200,3177.261,3199.9727,3148.2345,3183.7777
134108000,3195.902,2332800,23085600,5770443400,62861826800,3177.261,3199.9727,3148.2345,3183.7777
134113000,3196.2398,2426000,22086100,5772869400,62883912900,3177.261,3199.9727,3148.2345,3183.7777
134118000,3196.1592,2325100,26573800,5775194500,62910486700,3177.261,3199.9727,3148.2345,3183.7777
134123000,3196.2299,1975100,21108800,5777169600,62931595500,3177.261,3199.9727,3148.2345,3183.7777
134128000,3196.0185,2609400,32107500,5779779000,62963703000,3177.261,3199.9727,3148.2345,3183.7777
134133000,3196.3011,2099700,24956000,5781878700,62988659000,3177.261,3199.9727,3148.2345,3183.7777
134138000,3195.7458,2398400,26712500,5784277100,63015371500,3177.261,3199.9727,3148.2345,3183.7777
134143000,3195.8287,1624300,23260600,5785901400,63038632100,3177.261,3199.9727,3148.2345,3183.7777
134148000,3195.3783,2101000,26823800,5788002400,63065455900,3177.261,3199.9727,3148.2345,3183.7777
134153000,3195.2891,2114900,19827600,5790117300,63085283500,3177.261,3199.9727,3148.2345,3183.7777
134158000,3195.2773,1348100,17272500,5791465400,63102556000,3177.261,3199.9727,3148.2345,3183.7777
134203000,3195.1358,1537300,18033200,5793002700,63120589200,3177.261,3199.9727,3148.2345,3183.7777
134208000,3195.2181,2349100,24319600,5795351800,63144908800,3177.261,3199.9727,3148.2345,3183.7777
134213000,3194.9811,1959000,20239500,5797310800,63165148300,3177.261,3199.9727,3148.2345,3183.7777
134218000,3195.1322,1860900,20395200,5799171700,63185543500,3177.261,3199.9727,3148.2345,3183.7777
134223000,3194.8088,1770200,18099700,5800941900,63203643200,3177.261,3199.9727,3148.2345,3183.7777
134228000,3195.0618,1875800,21999300,5802817700,63225642500,3177.261,3199.9727,3148.2345,3183.7777
134233000,3194.8545,2177600,24372900,5804995300,63250015400,3177.261,3199.9727,3148.2345,3183.7777
134238000,3194.7712,1616900,21384900,5806612200,63271400300,3177.261,3199.9727,3148.2345,3183.7777
134243000,3194.4695,2237200,22985800,5808849400,63294386100,3177.261,3199.9727,3148.2345,3183.7777
134248000,3194.256,1826400,23127400,5810675800,63317513500,3177.261,3199.9727,3148.2345,3183.7777
134253000,3194.3217,1690300,16419200,5812366100,63333932700,3177.261,3199.9727,3148.2345,3183.7777
134258000,3193.8627,2462000,26530200,5814828100,63360462900,3177.261,3199.9727,3148.2345,3183.7777
134303000,3194.0257,2644000,26213500,5817472100,63386676400,3177.261,3199.9727,3148.2345,3183.7777
134308000,3193.5945,2423400,29986300,5819895500,63416662700,3177.261,3199.9727,3148.2345,3183.7777
134313000,3193.3405,1942200,21088400,5821837700,63437751100,3177.261,3199.9727,3148.2345,3183.7777
134318000,3192.9672,2365500,24980200,5824203200,63462731300,3177.261,3199.9727,3148.2345,3183.7777
134323000,3192.9084,1835000,20964900,5826038200,63483696200,3177.261,3199.9727,3148.2345,3183.7777
134328000,3192.8026,1788400,22912500,5827826600,63506608700,3177.261,3199.9727,3148.2345,3183.7777
134333000,3192.6163,2115100,28141500,5829941700,63534750200,3177.261,3199.9727,3148.2345,3183.7777
134338000,3192.5924,1964200,24343100,5831905900,63559093300,3177.261,3199.9727,3148.2345,3183.7777
134343000,3192.5948,1799800,19042400,5833705700,63578135700,3177.261,3199.9727,3148.2345,3183.7777
134348000,3192.54,2770900,22855900,5836476600,63600991600,3177.261,3199.9727,3148.2345,3183.7777
134353000,3192.115,1557600,16800300,5838034200,63617791900,3177.261,3199.9727,3148.2345,3183.7777
134358000,3192.6117,3000200,31665700,5841034400,63649457600,3177.261,3199.9727,3148.2345,3183.7777
134403000,3192.2213,2559600,22976900,5843594000,63672434500,3177.261,3199.9727,3148.2345,3183.7777
134408000,3192.2361,1556000,16937500,5845150000,63689372000,3177.261,3199.9727,3148.2345,3183.7777
134413000,3191.8161,1564600,15835700,5846714600,63705207700,3177.261,3199.9727,3148.2345,3183.7777
134418000,3191.8335,1631400,19326900,5848346000,63724534600,3177.261,3199.9727,3148.2345,3183.7777
134423000,3191.6528,1412900,13946700,5849758900,63738481300,3177.261,3199.9727,3148.2345,3183.7777
134428000,3191.6455,2627200,27820700,5852386100,63766302000,3177.261,3199.9727,3148.2345,3183.7777
134433000,3191.1991,2200600,25517500,5854586700,63791819500,3177.261,3199.9727,3148.2345,3183.7777
134438000,3191.623,1881800,21439200,5856468500,63813258700,3177.261,3199.9727,3148.2345,3183.7777
134443000,3191.9628,1447600,18787100,5857916100,63832045800,3177.261,3199.9727,3148.2345,3183.7777
134448000,3191.7282,1607300,17204900,5859523400,63849250700,3177.261,3199.9727,3148.2345,3183.7777
134453000,3191.6856,1291300,15097500,5860814700,63864348200,3177.261,3199.9727,3148.2345,3183.7777
134458000,3191.3911,2581000,24727900,5863395700,63889076100,3177.261,3199.9727,3148.2345,3183.7777
134503000,3191.3633,1552500,21014700,5864948200,63910090800,3177.261,3199.9727,3148.2345,3183.7777
134508000,3191.0844,1698900,19222400,5866647100,63929313200,3177.261,3199.9727,3148.2345,3183.7777
134513000,3191.6836,1541300,17957600,5868188400,63947270800,3177.261,3199.9727,3148.2345,3183.7777
134518000,3191.2466,1899700,22626000,5870088100,63969896800,3177.261,3199.9727,3148.2345,3183.7777
134523000,3191.4341,1316800,15801400,5871404900,63985698200,3177.261,3199.9727,3148.2345,3183.7777
134528000,3191.7242,1663500,17088900,5873068400,64002787100,3177.261,3199.9727,3148.2345,3183.7777
134533000,3191.9647,1736400,22836900,5874804800,64025624000,3177.261,3199.9727,3148.2345,3183.7777
134538000,3192.3382,1866800,21025900,5876671600,64046649900,3177.261,3199.9727,3148.2345,3183.7777
134543000,3191.9125,1469400,15987000,5878141000,64062636900,3177.261,3199.9727,3148.2345,3183.7777
134548000,3191.7949,1732800,19402800,5879873800,64082039700,3177.261,3199.9727,3148.2345,3183.7777
134553000,3191.7659,1449000,14018600,5881322800,64096058300,3177.261,3199.9727,3148.2345,3183.7777
134558000,3191.9114,1973100,25057600,5883295900,64121115900,3177.261,3199.9727,3148.2345,3183.7777
134603000,3191.6351,1332700,18967100,5884628600,64140083000,3177.261,3199.9727,3148.2345,3183.7777
134608000,3191.7782,1960500,18519200,5886589100,64158602200,3177.261,3199.9727,3148.2345,3183.7777
134613000,3191.0772,1860500,21039900,5888449600,64179642100,3177.261,3199.9727,3148.2345,3183.7777
134618000,3190.95,1763300,21010500,5890212900,64200652600,3177.261,3199.9727,3148.2345,3183.7777
134623000,3191.0646,2598400,22713500,5892811300,64223366100,3177.261,3199.9727,3148.2345,3183.7777
134628000,3191.2116,1843300,19241800,5894654600,64242607900,3177.261,3199.9727,3148.2345,3183.7777
134633000,3191.7272,3290500,33703100,5897945100,64276311000,3177.261,3199.9727,3148.2345,3183.7777
134638000,3191.4413,1847000,19689000,5899792100,64296000000,3177.261,3199.9727,3148.2345,3183.7777
134643000,3191.5197,1207300,14557800,5900999400,64310557800,3177.261,3199.9727,3148.2345,3183.7777
134648000,3191.2829,1155900,11567900,5902155300,64322125700,3177.261,3199.9727,3148.2345,3183.7777
134653000,3191.4627,1042400,11049100,5903197700,64333174800,3177.261,3199.9727,3148.2345,3183.7777
134658000,3191.4979,1246100,17452100,5904443800,64350626900,3177.261,3199.9727,3148.2345,3183.7777
134703000,3191.6723,1102900,14100600,5905546700,64364727500,3177.261,3199.9727,3148.2345,3183.7777
134708000,3191.5494,1376300,16155200,5906923000,64380882700,3177.261,3199.9727,3148.2345,3183.7777
134713000,3191.6333,1424400,17310600,5908347400,64398193300,3177.261,3199.9727,3148.2345,3183.7777
134718000,3191.3659,1521900,19755700,5909869300,64417949000,3177.261,3199.9727,3148.2345,3183.7777
134723000,3191.7816,994400,11190000,5910863700,64429139000,3177.261,3199.9727,3148.2345,3183.7777
134728000,3191.786,1583400,19734100,5912447100,64448873100,3177.261,3199.9727,3148.2345,3183.7777
134733000,3191.4697,2344900,19195600,5914792000,64468068700,3177.261,3199.9727,3148.2345,3183.7777
134738000,3191.6599,1459700,21818400,5916251700,64489887100,3177.261,3199.9727,3148.2345,3183.7777
134743000,3191.7671,1228500,14793800,5917480200,64504680900,3177.261,3199.9727,3148.2345,3183.7777
134748000,3191.6098,1263700,16277400,5918743900,64520958300,3177.261,3199.9727,3148.2345,3183.7777
134753000,3191.7298,1133600,11983300,5919877500,64532941600,3177.261,3199.9727,3148.2345,3183.7777
134758000,3192.0358,1342600,17749200,5921220100,64550690800,3177.261,3199.9727,3148.2345,3183.7777
134803000,3191.5575,2024200,24719200,5923244300,64575410000,3177.261,3199.9727,3148.2345,3183.7777
134808000,3192.3537,1472000,17179100,5924716300,64592589100,3177.261,3199.9727,3148.2345,3183.7777
134813000,3191.4919,1352600,15297600,5926068900,64607886700,3177.261,3199.9727,3148.2345,3183.7777
134818000,3191.8313,2243000,22352400,5928311900,64630239100,3177.261,3199.9727,3148.2345,3183.7777
134823000,3192.165,1748000,17303100,5930059900,64647542200,3177.261,3199.9727,3148.2345,3183.7777
134828000,3191.9358,2178100,25176700,5932238000,64672718900,3177.261,3199.9727,3148.2345,3183.7777
134833000,3192.1006,2716100,26605500,5934954100,64699324400,3177.261,3199.9727,3148.2345,3183.7777
134838000,3192.3279,1595500,16597900,5936549600,64715922300,3177.261,3199.9727,3148.2345,3183.7777
134843000,3192.0719,1644000,20815800,5938193600,64736738100,3177.261,3199.9727,3148.2345,3183.7777
134848000,3192.2187,2125000,19650600,5940318600,64756388700,3177.261,3199.9727,3148.2345,3183.7777
134853000,3192.0414,1346100,15461600,5941664700,64771850300,3177.261,3199.9727,3148.2345,3183.7777
134858000,3191.8793,1836200,22884000,5943500900,64794734300,3177.261,3199.9727,3148.2345,3183.7777
134903000,3191.7187,1994100,19969000,5945495000,64814703300,3177.261,3199.9727,3148.2345,3183.7777
134908000,3191.8709,1396300,16842000,5946891300,64831545300,3177.261,3199.9727,3148.2345,3183.7777
134913000,3191.3659,1062600,18325500,5947953900,64849870800,3177.261,3199.9727,3148.2345,3183.7777
134918000,3191.8399,1819700,18912900,5949773600,64868783700,3177.261,3199.9727,3148.2345,3183.7777
134923000,3191.939,1280700,15107000,5951054300,64883890700,3177.261,3199.9727,3148.2345,3183.7777
134928000,3192.2754,1465800,16712100,5952520100,64900602800,3177.261,3199.9727,3148.2345,3183.7777
134933000,3192.2683,1704600,18988000,5954224700,64919590800,3177.261,3199.9727,3148.2345,3183.7777
134938000,3192.3459,1637900,21734300,5955862600,64941325100,3177.261,3199.9727,3148.2345,3183.7777
134943000,3192.2073,1667200,18957300,5957529800,64960282400,3177.261,3199.9727,3148.2345,3183.7777
134948000,3192.2478,1684300,20341200,5959214100,64980623600,3177.261,3199.9727,3148.2345,3183.7777
134953000,3192.0579,1160200,16252600,5960374300,64996876200,3177.261,3199.9727,3148.2345,3183.7777
134958000,3192.2489,1390900,19102500,5961765200,65015978700,3177.261,3199.9727,3148.2345,3183.7777
135003000,3191.7046,2671400,19793500,5964436600,65035772200,3177.261,3199.9727,3148.2345,3183.7777
135008000,3191.9158,1552800,16869700,5965989400,65052641900,3177.261,3199.9727,3148.2345,3183.7777
135013000,3191.6621,958800,11513600,5966948200,65064155500,3177.261,3199.9727,3148.2345,3183.7777
135018000,3191.6729,1608000,19934500,5968556200,65084090000,3177.261,3199.9727,3148.2345,3183.7777
135023000,3191.7606,1636900,16011000,5970193100,65100101000,3177.261,3199.9727,3148.2345,3183.7777
135028000,3192.1284,2803100,29976600,5972996200,65130077600,3177.261,3199.9727,3148.2345,3183.7777
135033000,3191.767,1964100,18308500,5974960300,65148386100,3177.261,3199.9727,3148.2345,3183.7777
135038000,3191.7043,2157000,23091900,5977117300,65171478000,3177.261,3199.9727,3148.2345,3183.7777
135043000,3191.6081,1333800,14942300,5978451100,65186420300,3177.261,3199.9727,3148.2345,3183.7777
135048000,3191.6558,1606800,16854300,5980057900,65203274600,3177.261,3199.9727,3148.2345,3183.7777
135053000,3191.862,1314600,15362500,5981372500,65218637100,3177.261,3199.9727,3148.2345,3183.7777
135058000,3191.5312,1234000,17758800,5982606500,65236395900,3177.261,3199.9727,3148.2345,3183.7777
135103000,3191.5787,1825700,23435400,5984432200,65259831300,3177.261,3199.9727,3148.2345,3183.7777
135108000,3191.6599,1562800,26403700,5985995000,65286235000,3177.261,3199.9727,3148.2345,3183.7777
135113000,3191.3806,1100100,12877800,5987095100,65299112800,3177.261,3199.9727,3148.2345,3183.7777
135118000,3191.4621,2570100,23692400,5989665200,65322805200,3177.261,3199.9727,3148.2345,3183.7777
135123000,3191.496,1262800,16519400,5990928000,65339324600,3177.261,3199.9727,3148.2345,3183.7777
135128000,3191.414,1315000,16492300,5992243000,65355816900,3177.261,3199.9727,3148.2345,3183.7777
135133000,3191.6979,1625800,15170200,5993868800,65370987100,3177.261,3199.9727,3148.2345,3183.7777
135138000,3191.6018,1631800,19018600,5995500600,65390005700,3177.261,3199.9727,3148.2345,3183.7777
135143000,3191.2764,1580900,16227000,5997081500,65406232700,3177.261,3199.9727,3148.2345,3183.7777
135148000,3191.3362,1590800,17806800,5998672300,65424039500,3177.261,3199.9727,3148.2345,3183.7777
135153000,3191.6256,1353700,13849200,6000026000,65437888700,3177.261,3199.9727,3148.2345,3183.7777
135158000,3191.4552,1393000,17269000,6001419000,65455157700,3177.261,3199.9727,3148.2345,3183.7777
135203000,3191.1185,1552000,20303800,6002971000,65475461500,3177.261,3199.9727,3148.2345,3183.7777
135208000,3191.453,1415100,16236000,6004386100,65491697500,3177.261,3199.9727,3148.2345,3183.7777
135213000,3191.0987,1445900,14954500,6005832000,65506652000,3177.261,3199.9727,3148.2345,3183.7777
135218000,3191.1867,1393100,22103800,6007225100,65528755800,3177.261,3199.9727,3148.2345,3183.7777
135223000,3191.4714,1012200,13635400,6008237300,65542391200,3177.261,3199.9727,3148.2345,3183.7777
135228000,3191.4365,1256900,18046600,6009494200,65560437800,3177.261,3199.9727,3148.2345,3183.7777
135233000,3191.5133,2127700,21792100,6011621900,65582229900,3177.261,3199.9727,3148.2345,3183.7777
135238000,3191.3054,1714900,20394700,6013336800,65602624600,3177.261,3199.9727,3148.2345,3183.7777
135243000,3191.5187,1226000,13576300,6014562800,65616200900,3177.261,3199.9727,3148.2345,3183.7777
135248000,3191.2297,1503600,15110200,6016066400,65631311100,3177.261,3199.9727,3148.2345,3183.7777
135253000,3191.561,1058800,11061300,6017125200,65642372400,3177.261,3199.9727,3148.2345,3183.7777
135258000,3191.2637,1919900,23496200,6019045100,65665868600,3177.261,3199.9727,3148.2345,3183.7777
135303000,3191.5567,1451000,16594700,6020496100,65682463300,3177.261,3199.9727,3148.2345,3183.7777
135308000,3190.9951,1563100,17809000,6022059200,65700272300,3177.261,3199.9727,3148.2345,3183.7777
135313000,3190.7963,978800,12044300,6023038000,65712316600,3177.261,3199.9727,3148.2345,3183.7777
135318000,3191.1842,2026900,26603000,6025064900,65738919600,3177.261,3199.9727,3148.2345,3183.7777
135323000,3191.1784,1643800,13803900,6026708700,65752723500,3177.261,3199.9727,3148.2345,3183.7777
135328000,3191.021,1412900,19525300,6028121600,65772248800,3177.261,3199.9727,3148.2345,3183.7777
135333000,3191.2889,1923200,22693500,6030044800,65794942300,3177.261,3199.9727,3148.2345,3183.7777
135338000,3191.3741,1188600,13860000,6031233400,65808802300,3177.261,3199.9727,3148.2345,3183.7777
135343000,3191.0989,1108200,12810200,6032341600,65821612500,3177.261,3199.9727,3148.2345,3183.7777
135348000,3191.3145,1830600,19075900,6034172200,65840688400,3177.261,3199.9727,3148.2345,3183.7777
135353000,3191.2171,1352000,13792600,6035524200,65854481000,3177.261,3199.9727,3148.2345,3183.7777
135358000,3191.4056,2415600,27241500,6037939800,65881722500,3177.261,3199.9727,3148.2345,3183.7777
135403000,3191.1514,1886100,23456100,6039825900,65905178600,3177.261,3199.9727,3148.2345,3183.7777
135408000,3191.5106,1816000,21273600,6041641900,65926452200,3177.261,3199.9727,3148.2345,3183.7777
135413000,3191.1519,1355300,19715900,6042997200,65946168100,3177.261,3199.9727,3148.2345,3183.7777
135418000,3191.5122,2464500,28189800,6045461700,65974357900,3177.261,3199.9727,3148.2345,3183.7777
135423000,3191.1104,1248200,14204600,6046709900,65988562500,3177.261,3199.9727,3148.2345,3183.7777
135428000,3191.676,1838300,24275300,6048548200,66012837800,3177.261,3199.9727,3148.2345,3183.7777
135433000,3192.0505,1399800,17365400,6049948000,66030203200,3177.261,3199.9727,3148.2345,3183.7777
135438000,3192.1999,1683200,21280200,6051631200,66051483400,3177.261,3199.9727,3148.2345,3183.7777
135443000,3191.9237,1298700,15380300,6052929900,66066863700,3177.261,3199.9727,3148.2345,3183.7777
135448000,3191.5298,1822000,26598400,6054751900,66093462100,3177.261,3199.9727,3148.2345,3183.7777
135453000,3192.098,1311600,12979800,6056063500,66106441900,3177.261,3199.9727,3148.2345,3183.7777
135458000,3191.3779,1486500,20010100,6057550000,66126452000,3177.261,3199.9727,3148.2345,3183.7777
135503000,3192.0785,1725700,17557500,6059275700,66144009500,3177.261,3199.9727,3148.2345,3183.7777
135508000,3191.7262,1379500,16257000,6060655200,66160266500,3177.261,3199.9727,3148.2345,3183.7777
135513000,3191.6718,961700,11495600,6061616900,66171762100,3177.261,3199.9727,3148.2345,3183.7777
135518000,3191.9776,1697400,22418900,6063314300,66194181000,3177.261,3199.9727,3148.2345,3183.7777
135523000,3192.067,1645100,17528000,6064959400,66211709000,3177.261,3199.9727,3148.2345,3183.7777
135528000,3191.9326,2460300,25256500,6067419700,66236965500,3177.261,3199.9727,3148.2345,3183.7777
135533000,3192.2489,2055300,20188400,6069475000,66257153900,3177.261,3199.9727,3148.2345,3183.7777
135538000,3192.2598,1800200,21851700,6071275200,66279005600,3177.261,3199.9727,3148.2345,3183.7777
135543000,3192.1393,1377600,16785900,6072652800,66295791500,3177.261,3199.9727,3148.2345,3183.7777
135548000,3192.1969,1511800,17110600,6074164600,66312902100,3177.261,3199.9727,3148.2345,3183.7777
135553000,3192.4467,1222700,14278400,6075387300,66327180500,3177.261,3199.9727,3148.2345,3183.7777
135558000,3192.3743,2045500,23464300,6077432800,66350644800,3177.261,3199.9727,3148.2345,3183.7777
135603000,3192.5873,1866600,24520700,6079299400,66375165500,3177.261,3199.9727,3148.2345,3183.7777
135608000,3192.7076,1715100,18161300,6081014500,66393326800,3177.261,3199.9727,3148.2345,3183.7777
135613000,3192.4752,981200,11027200,6081995700,66404354000,3177.261,3199.9727,3148.2345,3183.7777
135618000,3192.8717,2383100,24691400,6084378800,66429045400,3177.261,3199.9727,3148.2345,3183.7777
135623000,3192.6912,1014700,13239000,6085393500,66442284400,3177.261,3199.9727,3148.2345,3183.7777
135628000,3192.7378,1145400,13977900,6086538900,66456262300,3177.261,3199.9727,3148.2345,3183.7777
135633000,3193.1254,2450600,25905700,6088989500,66482168000,3177.261,3199.9727,3148.2345,3183.7777
135638000,3192.7347,2867700,24960100,6091857200,66507128100,3177.261,3199.9727,3148.2345,3183.7777
135643000,3192.8691,1008200,11328300,6092865400,66518456400,3177.261,3199.9727,3148.2345,3183.7777
135648000,3192.5934,2209900,23032900,6095075300,66541489300,3177.261,3199.9727,3148.2345,3183.7777
135653000,3193.0775,897100,12363600,6095972400,66553852900,3177.261,3199.9727,3148.2345,3183.7777
135658000,3192.6333,1727300,17411400,6097699700,66571264300,3177.261,3199.9727,3148.2345,3183.7777
135703000,3192.9483,1785200,19407700,6099484900,66590672000,3177.261,3199.9727,3148.2345,3183.7777
135708000,3192.8034,1600900,25513400,6101085800,66616185400,3177.261,3199.9727,3148.2345,3183.7777
135713000,3192.7001,1277300,17561700,6102363100,66633747100,3177.261,3199.9727,3148.2345,3183.7777
135718000,3192.9484,1702900,20645300,6104066000,66654392400,3177.261,3199.9727,3148.2345,3183.7777
135723000,3192.9227,1265300,20893700,6105331300,66675286100,3177.261,3199.9727,3148.2345,3183.7777
135728000,3192.821,1258600,13871800,6106589900,66689157900,3177.261,3199.9727,3148.2345,3183.7777
135733000,3192.7208,1655100,19113400,6108245000,66708271300,3177.261,3199.9727,3148.2345,3183.7777
135738000,3193.1295,1445900,18183600,6109690900,66726454900,3177.261,3199.9727,3148.2345,3183.7777
135743000,3192.5603,1293000,15971400,6110983900,66742426300,3177.261,3199.9727,3148.2345,3183.7777
135748000,3192.8244,1871200,20226100,6112855100,66762652400,3177.261,3199.9727,3148.2345,3183.7777
135753000,3192.7253,796300,10459900,6113651400,66773112300,3177.261,3199.9727,3148.2345,3183.7777
135758000,3192.6946,1188500,15906100,6114839900,66789018400,3177.261,3199.9727,3148.2345,3183.7777
135803000,3192.5272,1610700,17120500,6116450600,66806138900,3177.261,3199.9727,3148.2345,3183.7777
135808000,3192.8281,1832700,24482500,6118283300,66830621400,3177.261,3199.9727,3148.2345,3183.7777
135813000,3192.212,1294900,16819500,6119578200,66847440900,3177.261,3199.9727,3148.2345,3183.7777
135818000,3191.8515,1975000,19552800,6121553200,66866993700,3177.261,3199.9727,3148.2345,3183.7777
135823000,3192.1483,1892800,20779200,6123446000,66887772900,3177.261,3199.9727,3148.2345,3183.7777
135828000,3191.5904,3044900,35486300,6126490900,66923259200,3177.261,3199.9727,3148.2345,3183.7777
135833000,3191.1175,3374500,41487000,6129865400,66964746200,3177.261,3199.9727,3148.2345,3183.7777
135838000,3190.7146,5302900,42767900,6135168300,67007514100,3177.261,3199.9727,3148.2345,3183.7777
135843000,3190.4762,1758800,24481600,6136927100,67031995700,3177.261,3199.9727,3148.2345,3183.7777
135848000,3190.3588,2976200,34234000,6139903300,67066229700,3177.261,3199.9727,3148.2345,3183.7777
135853000,3190.5898,1757400,23057500,6141660700,67089287200,3177.261,3199.9727,3148.2345,3183.7777
135858000,3190.1687,2415400,27263800,6144076100,67116551000,3177.261,3199.9727,3148.2345,3183.7777
135903000,3189.9815,1918400,21570700,6145994500,67138121700,3177.261,3199.9727,3148.2345,3183.7777
135908000,3189.6734,2446700,27364200,6148441200,67165485900,3177.261,3199.9727,3148.2345,3183.7777
135913000,3189.4893,1273500,14086800,6149714700,67179572700,3177.261,3199.9727,3148.2345,3183.7777
135918000,3189.8502,2911100,26277100,6152625800,67205849800,3177.261,3199.9727,3148.2345,3183.7777
135923000,3189.8496,1595200,20234900,6154221000,67226084700,3177.261,3199.9727,3148.2345,3183.7777
135928000,3189.8315,1437700,16539500,6155658700,67242624200,3177.261,3199.9727,3148.2345,3183.7777
135933000,3189.5109,1480600,17986900,6157139300,67260611100,3177.261,3199.9727,3148.2345,3183.7777
135938000,3189.8503,1644400,17569300,6158783700,67278180400,3177.261,3199.9727,3148.2345,3183.7777
135943000,3189.5398,1071700,12917000,6159855400,67291097400,3177.261,3199.9727,3148.2345,3183.7777
135948000,3189.2441,1565100,20427800,6161420500,67311525200,3177.261,3199.9727,3148.2345,3183.7777
135953000,3189.2335,1470600,20954100,6162891100,67332479300,3177.261,3199.9727,3148.2345,3183.7777
135958000,3188.5708,4121500,65586700,6167012600,67398066000,3177.261,3199.9727,3148.2345,3183.7777
140003000,3188.284,3307600,43195300,6170320200,67441261300,3177.261,3199.9727,3148.2345,3183.7777
140008000,3187.5353,2442300,29432600,6172762500,67470693900,3177.261,3199.9727,3148.2345,3183.7777
140013000,3187.3619,1590300,19273100,6174352800,67489967000,3177.261,3199.9727,3148.2345,3183.7777
140018000,3187.1129,1727600,21800200,6176080400,67511767200,3177.261,3199.9727,3148.2345,3183.7777
140023000,3187.1666,3555400,27305900,6179635800,67539073100,3177.261,3199.9727,3148.2345,3183.7777
140028000,3187.5026,1551200,18601800,6181187000,67557674900,3177.261,3199.9727,3148.2345,3183.7777
140033000,3187.3365,2387300,24263300,6183574300,67581938200,3177.261,3199.9727,3148.2345,3183.7777
140038000,3187.1304,2934500,23485700,6186508800,67605423900,3177.261,3199.9727,3148.2345,3183.7777
140043000,3187.2512,1376700,17598900,6187885500,67623022800,3177.261,3199.9727,3148.2345,3183.7777
140048000,3187.2806,1921900,20094600,6189807400,67643117400,3177.261,3199.9727,3148.2345,3183.7777
140053000,3187.3525,1520100,16330800,6191327500,67659448200,3177.261,3199.9727,3148.2345,3183.7777
140058000,3187.3591,2118200,22433300,6193445700,67681881500,3177.261,3199.9727,3148.2345,3183.7777
140103000,3187.2003,2394500,23604700,6195840200,67705486200,3177.261,3199.9727,3148.2345,3183.7777
140108000,3187.4998,2147800,20969300,6197988000,67726455500,3177.261,3199.9727,3148.2345,3183.7777
140113000,3187.3206,1499700,14795900,6199487700,67741251400,3177.261,3199.9727,3148.2345,3183.7777
140118000,3187.2969,1633300,23047000,6201121000,67764298400,3177.261,3199.9727,3148.2345,3183.7777
140123000,3187.181,2805200,19652500,6203926200,67783950900,3177.261,3199.9727,3148.2345,3183.7777
140128000,3187.3891,1701200,20111000,6205627400,67804061900,3177.261,3199.9727,3148.2345,3183.7777
140133000,3187.8215,1722100,18127100,6207349500,67822189000,3177.261,3199.9727,3148.2345,3183.7777
140138000,3187.7458,2126200,23911000,6209475700,67846100000,3177.261,3199.9727,3148.2345,3183.7777
140143000,3188.4451,1689900,19531400,6211165600,67865631400,3177.261,3199.9727,3148.2345,3183.7777
140148000,3188.3343,1773100,18887700,6212938700,67884519100,3177.261,3199.9727,3148.2345,3183.7777
140153000,3188.5921,1218400,14168900,6214157100,67898688000,3177.261,3199.9727,3148.2345,3183.7777
140158000,3188.1822,1483600,20174300,6215640700,67918862300,3177.261,3199.9727,3148.2345,3183.7777
140203000,3188.641,1886500,21038400,6217527200,67939900700,3177.261,3199.9727,3148.2345,3183.7777
140208000,3188.1707,1870900,22658200,6219398100,67962558900,3177.261,3199.9727,3148.2345,3183.7777
140213000,3188.3757,1602900,17669300,6221001000,67980228200,3177.261,3199.9727,3148.2345,3183.7777
140218000,3188.1115,1493900,17943600,6222494900,67998171800,3177.261,3199.9727,3148.2345,3183.7777
140223000,3188.6637,1703700,22864200,6224198600,68021036000,3177.261,3199.9727,3148.2345,3183.7777
140228000,3188.3185,1595500,19091100,6225794100,68040127100,3177.261,3199.9727,3148.2345,3183.7777
140233000,3188.2787,1086800,13129200,6226880900,68053256300,3177.261,3199.9727,3148.2345,3183.7777
140238000,3188.2728,1491600,17277800,6228372500,68070534100,3177.261,3199.9727,3148.2345,3183.7777
140243000,3188.2581,1465600,15135100,6229838100,68085669200,3177.261,3199.9727,3148.2345,3183.7777
140248000,3188.4317,1169400,15751500,6231007500,68101420700,3177.261,3199.9727,3148.2345,3183.7777
140253000,3188.0734,2046200,18786200,6233053700,68120206900,3177.261,3199.9727,3148.2345,3183.7777
140258000,3188.9589,2629000,21577700,6235682700,68141784600,3177.261,3199.9727,3148.2345,3183.7777
140303000,3188.7603,1414500,15813100,6237097200,68157597700,3177.261,3199.9727,3148.2345,3183.7777
140308000,3188.5559,1643700,19201600,6238740900,68176799300,3177.261,3199.9727,3148.2345,3183.7777
140313000,3189.2088,1670600,16304800,6240411500,68193104100,3177.261,3199.9727,3148.2345,3183.7777
140318000,3188.9949,1907300,23126900,6242318800,68216231000,3177.261,3199.9727,3148.2345,3183.7777
140323000,3189.1627,1909800,21682500,6244228600,68237913500,3177.261,3199.9727,3148.2345,3183.7777
140328000,3189.2253,1523400,20943600,6245752000,68258857100,3177.261,3199.9727,3148.2345,3183.7777
140333000,3189.7834,1878500,19952400,6247630500,68278809500,3177.261,3199.9727,3148.2345,3183.7777
140338000,3189.601,1647000,23442400,6249277500,68302251900,3177.261,3199.9727,3148.2345,3183.7777
140343000,3189.0322,1538600,17798100,6250816100,68320050000,3177.261,3199.9727,3148.2345,3183.7777
140348000,3189.2228,1595100,14557300,6252411200,68334607300,3177.261,3199.9727,3148.2345,3183.7777
140353000,3189.1394,1489100,14583100,6253900300,68349190400,3177.261,3199.9727,3148.2345,3183.7777
140358000,3189.1516,1832800,21809900,6255733100,68371000300,3177.261,3199.9727,3148.2345,3183.7777
140403000,3189.393,1652300,20329000,6257385400,68391329300,3177.261,3199.9727,3148.2345,3183.7777
140408000,3188.8091,2035700,21325400,6259421100,68412654700,3177.261,3199.9727,3148.2345,3183.7777
140413000,3188.8416,1281100,17642500,6260702200,68430297200,3177.261,3199.9727,3148.2345,3183.7777
140418000,3188.6979,1369800,16441500,6262072000,68446738700,3177.261,3199.9727,3148.2345,3183.7777
140423000,3189.0979,1419000,17514400,6263491000,68464253100,3177.261,3199.9727,3148.2345,3183.7777
140428000,3188.9812,989100,12914300,6264480100,68477167400,3177.261,3199.9727,3148.2345,3183.7777
140433000,3188.999,1499200,19262100,6265979300,68496429500,3177.261,3199.9727,3148.2345,3183.7777
140438000,3189.1151,1791500,24597200,6267770800,68521026700,3177.261,3199.9727,3148.2345,3183.7777
140443000,3189.4403,1287700,18665300,6269058500,68539692000,3177.261,3199.9727,3148.2345,3183.7777
140448000,3190.131,2510100,26548300,6271568600,68566240300,3177.261,3199.9727,3148.2345,3183.7777
140453000,3190.3761,1323100,16957500,6272891700,68583197800,3177.261,3199.9727,3148.2345,3183.7777
140458000,3190.4888,1691000,21168400,6274582700,68604366200,3177.261,3199.9727,3148.2345,3183.7777
140503000,3190.4437,2228900,25347200,6276811600,68629713400,3177.261,3199.9727,3148.2345,3183.7777
140508000,3190.5815,2701500,23909400,6279513100,68653622800,3177.261,3199.9727,3148.2345,3183.7777
140513000,3190.4363,3233400,26549800,6282746500,68680172600,3177.261,3199.9727,3148.2345,3183.7777
140518000,3190.6172,4024300,44833600,6286770800,68725006200,3177.261,3199.9727,3148.2345,3183.7777
140523000,3192.1722,3378200,28396500,6290149000,68753402700,3177.261,3199.9727,3148.2345,3183.7777
140528000,3192.2552,3649900,35537100,6293798900,68788939800,3177.261,3199.9727,3148.2345,3183.7777
140533000,3192.0158,3387100,40697700,6297186000,68829637500,3177.261,3199.9727,3148.2345,3183.7777
140538000,3191.7995,3328400,33758400,6300514400,68863395900,3177.261,3199.9727,3148.2345,3183.7777
140543000,3192.1393,3528900,32725600,6304043300,68896121500,3177.261,3199.9727,3148.2345,3183.7777
140548000,3192.1058,2119000,29845400,6306162300,68925966900,3177.261,3199.9727,3148.2345,3183.7777
140553000,3192.45,3968500,32795300,6310130800,68958762200,3177.261,3199.9727,3148.2345,3183.7777
140558000,3192.4089,2482000,34211300,6312612800,68992973500,3177.261,3199.9727,3148.2345,3183.7777
140603000,3192.5722,2969500,31581800,6315582300,69024555300,3177.261,3199.9727,3148.2345,3183.7777
140608000,3192.9515,2932200,42283100,6318514500,69066838400,3177.261,3199.9727,3148.2345,3183.7777
140613000,3193.7512,1906400,22986300,6320420900,69089824700,3177.261,3199.9727,3148.2345,3183.7777
140618000,3193.0852,2224800,25668200,6322645700,69115492900,3177.261,3199.9727,3148.2345,3183.7777
140623000,3193.0779,1246600,19202700,6323892300,69134695600,3177.261,3199.9727,3148.2345,3183.7777
140628000,3192.9881,3204700,32605000,6327097000,69167300600,3177.261,3199.9727,3148.2345,3183.7777
140633000,3193.3323,2905600,29884500,6330002600,69197185100,3177.261,3199.9727,3148.2345,3183.7777
140638000,3193.4384,2452200,28241300,6332454800,69225426400,3177.261,3199.9727,3148.2345,3183.7777
140643000,3193.4038,1731100,18004300,6334185900,69243430700,3177.261,3199.9727,3148.2345,3183.7777
140648000,3193.2751,3403000,33347600,6337588900,69276778300,3177.261,3199.9727,3148.2345,3183.7777
140653000,3193.0798,1949900,18939000,6339538800,69295717300,3177.261,3199.9727,3148.2345,3183.7777
140658000,3193.477,2417800,31156300,6341956600,69326873600,3177.261,3199.9727,3148.2345,3183.7777
140703000,3193.7677,3555500,35595800,6345512100,69362469400,3177.261,3199.9727,3148.2345,3183.7777
140708000,3194.3284,2481300,26980700,6347993400,69389450100,3177.261,3199.9727,3148.2345,3183.7777
140713000,3193.9733,2221600,24065800,6350215000,69413515900,3177.261,3199.9727,3148.2345,3183.7777
140718000,3194.0554,3099300,36144600,6353314300,69449660500,3177.261,3199.9727,3148.2345,3183.7777
140723000,3194.407,2339700,25545800,6355654000,69475206300,3177.261,3199.9727,3148.2345,3183.7777
140728000,3193.8412,1675200,19488500,6357329200,69494694800,3177.261,3199.9727,3148.2345,3183.7777
140733000,3193.987,2046000,22534800,6359375200,69517229600,3177.261,3199.9727,3148.2345,3183.7777
140738000,3194.0332,2346300,26289900,6361721500,69543519500,3177.261,3199.9727,3148.2345,3183.7777
140743000,3193.874,1585700,16169400,6363307200,69559688900,3177.261,3199.9727,3148.2345,3183.7777
140748000,3194.1226,2282500,25902600,6365589700,69585591500,3177.261,3199.9727,3148.2345,3183.7777
140753000,3193.8248,1541000,17541700,6367130700,69603133200,3177.261,3199.9727,3148.2345,3183.7777
140758000,3193.8046,1527200,18316400,6368657900,69621449600,3177.261,3199.9727,3148.2345,3183.7777
140803000,3193.9829,2054500,28826400,6370712400,69650276000,3177.261,3199.9727,3148.2345,3183.7777
140808000,3194.0994,1869100,21178400,6372581500,69671454400,3177.261,3199.9727,3148.2345,3183.7777
140813000,3193.6587,1060100,14463900,6373641600,69685918300,3177.261,3199.9727,3148.2345,3183.7777
140818000,3193.6212,1639700,24317500,6375281300,69710235800,3177.261,3199.9727,3148.2345,3183.7777
140823000,3193.7841,2041000,21059900,6377322300,69731295700,3177.261,3199.9727,3148.2345,3183.7777
140828000,3194.2818,1949500,31599100,6379271800,69762894800,3177.261,3199.9727,3148.2345,3183.7777
140833000,3193.9941,2529100,37199500,6381800900,69800094300,3177.261,3199.9727,3148.2345,3183.7777
140838000,3194.3394,2621300,43873800,6384422200,69843968100,3177.261,3199.9727,3148.2345,3183.7777
140843000,3194.4726,1535200,20510100,6385957400,69864478200,3177.261,3199.9727,3148.2345,3183.7777
140848000,3194.6668,1370000,21567700,6387327400,69886045900,3177.261,3199.9727,3148.2345,3183.7777
140853000,3194.8997,1458900,18843200,6388786300,69904889100,3177.261,3199.9727,3148.2345,3183.7777
140858000,3194.655,2485100,34467300,6391271400,69939356400,3177.261,3199.9727,3148.2345,3183.7777
140903000,3194.7292,1610000,24069300,6392881400,69963425700,3177.261,3199.9727,3148.2345,3183.7777
140908000,3194.6345,1365500,18071400,6394246900,69981497100,3177.261,3199.9727,3148.2345,3183.7777
140913000,3194.6054,1642900,21310700,6395889800,70002807800,3177.261,3199.9727,3148.2345,3183.7777
140918000,3194.6272,2128800,27488500,6398018600,70030296300,3177.261,3199.9727,3148.2345,3183.7777
140923000,3194.7874,1529800,15253600,6399548400,70045549900,3177.261,3199.9727,3148.2345,3183.7777
140928000,3194.7566,1648700,24664100,6401197100,70070214000,3177.261,3199.9727,3148.2345,3183.7777
140933000,3194.4051,1605600,22768300,6402802700,70092982300,3177.261,3199.9727,3148.2345,3183.7777
140938000,3194.7662,3921300,29783500,6406724000,70122765800,3177.261,3199.9727,3148.2345,3183.7777
140943000,3194.8176,2007300,23428500,6408731300,70146194300,3177.261,3199.9727,3148.2345,3183.7777
140948000,3194.3667,1987300,23002500,6410718600,70169196800,3177.261,3199.9727,3148.2345,3183.7777
140953000,3194.8202,1242400,13710800,6411961000,70182907600,3177.261,3199.9727,3148.2345,3183.7777
140958000,3194.6485,2788000,39544600,6414749000,70222452200,3177.261,3199.9727,3148.2345,3183.7777
141003000,3194.7722,3972400,36808400,6418721400,70259260600,3177.261,3199.9727,3148.2345,3183.7777
141008000,3194.541,1878600,21856000,6420600000,70281116600,3177.261,3199.9727,3148.2345,3183.7777
141013000,3194.6265,1368100,21967700,6421968100,70303084300,3177.261,3199.9727,3148.2345,3183.7777
141018000,3194.5695,2497000,25636000,6424465100,70328720300,3177.261,3199.9727,3148.2345,3183.7777
141023000,3194.6008,1999100,20912100,6426464200,70349632400,3177.261,3199.9727,3148.2345,3183.7777
141028000,3194.805,2194300,28046700,6428658500,70377679100,3177.261,3199.9727,3148.2345,3183.7777
141033000,3195.075,2937900,35793900,6431596400,70413473000,3177.261,3199.9727,3148.2345,3183.7777
141038000,3195.2165,2216000,26406900,6433812400,70439879900,3177.261,3199.9727,3148.2345,3183.7777
141043000,3194.8401,1561600,17856600,6435374000,70457736500,3177.261,3199.9727,3148.2345,3183.7777
141048000,3195.0898,2078300,22223100,6437452300,70479959600,3177.261,3199.9727,3148.2345,3183.7777
141053000,3195.591,1598800,22679600,6439051100,70502639200,3177.261,3199.9727,3148.2345,3183.7777
141058000,3195.4825,1469800,21490000,6440520900,70524129200,3177.261,3199.9727,3148.2345,3183.7777
141103000,3195.478,2735700,29191300,6443256600,70553320500,3177.261,3199.9727,3148.2345,3183.7777
141108000,3196.3111,2956700,37443200,6446213300,70590763700,3177.261,3199.9727,3148.2345,3183.7777
141113000,3196.0018,2283700,25491300,6448497000,70616255000,3177.261,3199.9727,3148.2345,3183.7777
141118000,3195.6956,2671500,32193200,6451168500,70648448200,3177.261,3199.9727,3148.2345,3183.7777
141123000,3196.2122,1435200,16296800,6452603700,70664745000,3177.261,3199.9727,3148.2345,3183.7777
141128000,3196.2819,2906700,30415100,6455510400,70695160100,3177.261,3199.9727,3148.2345,3183.7777
141133000,3196.489,3242900,33581500,6458753300,70728741600,3177.261,3199.9727,3148.2345,3183.7777
141138000,3196.6504,4189800,37023300,6462943100,70765764900,3177.261,3199.9727,3148.2345,3183.7777
141143000,3197.0433,3044000,31468600,6465987100,70797233500,3177.261,3199.9727,3148.2345,3183.7777
141148000,3197.2301,2554100,32174700,6468541200,70829408200,3177.261,3199.9727,3148.2345,3183.7777
141153000,3197.3246,2265000,28344600,6470806200,70857752800,3177.261,3199.9727,3148.2345,3183.7777
141158000,3197.9381,3042500,39687800,6473848700,70897440600,3177.261,3199.9727,3148.2345,3183.7777
141203000,3197.7581,3818300,46295700,6477667000,70943736300,3177.261,3199.9727,3148.2345,3183.7777
141208000,3198.4016,5849600,75994700,6483516600,71019731000,3177.261,3199.9727,3148.2345,3183.7777
141213000,3199.2893,7537400,62019600,6491054000,71081750600,3177.261,3199.9727,3148.2345,3183.7777
141218000,3199.0334,10747400,81502600,6501801400,71163253200,3177.261,3199.9727,3148.2345,3183.7777
141223000,3199.4829,5005700,46056000,6506807100,71209309200,3177.261,3199.9727,3148.2345,3183.7777
141228000,3199.6485,2888400,39388000,6509695500,71248697200,3177.261,3199.9727,3148.2345,3183.7777
141233000,3200.0252,3142100,50262000,6512837600,71298959200,3177.261,3200.0252,3148.2345,3183.7777
141238000,3199.9308,3927200,47884200,6516764800,71346843400,3177.261,3200.1786,3148.2345,3183.7777
141243000,3200.0147,2576300,37555100,6519341100,71384398500,3177.261,3200.1786,3148.2345,3183.7777
141248000,3199.5904,2947100,37986000,6522288200,71422384500,3177.261,3200.1786,3148.2345,3183.7777
141253000,3200.2644,2447300,28446400,6524735500,71450830900,3177.261,3200.48,3148.2345,3183.7777
141258000,3200.3708,2713000,33619000,6527448500,71484449900,3177.261,3200.5699,3148.2345,3183.7777
141303000,3200.3986,3693800,39606000,6531142300,71524055900,3177.261,3200.5699,3148.2345,3183.7777
141308000,3200.3433,2292400,30914500,6533434700,71554970400,3177.261,3200.5699,3148.2345,3183.7777
141313000,3200.7728,2053800,28120000,6535488500,71583090400,3177.261,3200.7728,3148.2345,3183.7777
141318000,3199.8369,3475200,42625100,6538963700,71625715500,3177.261,3200.7728,3148.2345,3183.7777
141323000,3200.4528,2129600,23584100,6541093300,71649299600,3177.261,3200.7728,3148.2345,3183.7777
141328000,3200.5782,2764000,31920500,6543857300,71681220100,3177.261,3200.7728,3148.2345,3183.7777
141333000,3200.3595,3147200,42381500,6547004500,71723601600,3177.261,3200.7728,3148.2345,3183.7777
141338000,3200.3592,2020000,28697300,6549024500,71752298900,3177.261,3200.7728,3148.2345,3183.7777
141343000,3200.357,1725100,24267900,6550749600,71776566800,3177.261,3200.7728,3148.2345,3183.7777
141348000,3200.3218,2741200,30700300,6553490800,71807267100,3177.261,3200.7728,3148.2345,3183.7777
141353000,3200.0926,2568400,25442600,6556059200,71832709700,3177.261,3200.7728,3148.2345,3183.7777
141358000,3200.3962,3640400,39369200,6559699600,71872078900,3177.261,3200.7728,3148.2345,3183.7777
141403000,3200.6094,3027100,33651000,6562726700,71905729900,3177.261,3200.7728,3148.2345,3183.7777
141408000,3200.404,2364200,29884900,6565090900,71935614800,3177.261,3200.7728,3148.2345,3183.7777
141413000,3200.3557,1436300,18757800,6566527200,71954372600,3177.261,3200.7728,3148.2345,3183.7777
141418000,3200.3709,3944600,34812700,6570471800,71989185300,3177.261,3200.7728,3148.2345,3183.7777
141423000,3200.3796,2691400,23664900,6573163200,72012850200,3177.261,3200.7728,3148.2345,3183.7777
141428000,3200.4515,4364000,37617500,6577527200,72050467700,3177.261,3200.7728,3148.2345,3183.7777
141433000,3200.3275,2485900,29293000,6580013100,72079760700,3177.261,3200.7728,3148.2345,3183.7777
141438000,3200.4323,2342000,26381100,6582355100,72106141800,3177.261,3200.7728,3148.2345,3183.7777
141443000,3200.3018,1232000,17120400,6583587100,72123262200,3177.261,3200.7728,3148.2345,3183.7777
141448000,3200.1198,2658800,31411900,6586245900,72154674100,3177.261,3200.7728,3148.2345,3183.7777
141453000,3200.3889,1613200,27097100,6587859100,72181771200,3177.261,3200.7728,3148.2345,3183.7777
141458000,3200.16,1793800,25953300,6589652900,72207724500,3177.261,3200.7728,3148.2345,3183.7777
141503000,3200.514,3109300,33759400,6592762200,72241483900,3177.261,3200.7728,3148.2345,3183.7777
141508000,3200.428,3739400,28301600,6596501600,72269785500,3177.261,3200.7728,3148.2345,3183.7777
141513000,3200.4278,1230200,16090200,6597731800,72285875700,3177.261,3200.7728,3148.2345,3183.7777
141518000,3200.472,3011300,33507400,6600743100,72319383100,3177.261,3200.7728,3148.2345,3183.7777
141523000,3200.7422,1722000,22186800,6602465100,72341569900,3177.261,3200.7728,3148.2345,3183.7777
141528000,3200.5327,2504900,24782000,6604970000,72366351900,3177.261,3200.7728,3148.2345,3183.7777
141533000,3200.7112,2421500,27823100,6607391500,72394175000,3177.261,3200.7728,3148.2345,3183.7777
141538000,3200.7098,2243300,31134900,6609634800,72425309900,3177.261,3200.7728,3148.2345,3183.7777
141543000,3200.5663,1541700,19931300,6611176500,72445241200,3177.261,3200.7728,3148.2345,3183.7777
141548000,3200.7503,2385200,29280700,6613561700,72474521900,3177.261,3200.9898,3148.2345,3183.7777
141553000,3200.5637,1870600,19357300,6615432300,72493879200,3177.261,3200.9898,3148.2345,3183.7777
141558000,3200.5183,2444400,28123500,6617876700,72522002700,3177.261,3200.9898,3148.2345,3183.7777
141603000,3200.8324,2887900,31894700,6620764600,72553897400,3177.261,3200.9898,3148.2345,3183.7777
141608000,3200.1061,1716500,20874400,6622481100,72574771800,3177.261,3200.9898,3148.2345,3183.7777
141613000,3200.6475,1318100,19710200,6623799200,72594482000,3177.261,3200.9898,3148.2345,3183.7777
141618000,3200.3054,2782000,29818600,6626581200,72624300600,3177.261,3200.9898,3148.2345,3183.7777
141623000,3200.6,1950300,19937300,6628531500,72644237900,3177.261,3200.9898,3148.2345,3183.7777
141628000,3200.5036,1737300,23656600,6630268800,72667894500,3177.261,3200.9898,3148.2345,3183.7777
141633000,3200.8884,2065900,22215200,6632334700,72690109700,3177.261,3200.9898,3148.2345,3183.7777
141638000,3200.7441,2553400,23559000,6634888100,72713668700,3177.261,3200.9898,3148.2345,3183.7777
141643000,3200.5077,1618200,18213100,6636506300,72731881800,3177.261,3200.9898,3148.2345,3183.7777
141648000,3200.5323,2004900,22496300,6638511200,72754378100,3177.261,3200.9898,3148.2345,3183.7777
141653000,3200.3503,2975600,27167200,6641486800,72781545300,3177.261,3200.9898,3148.2345,3183.7777
141658000,3200.4032,2287400,26334100,6643774200,72807879400,3177.261,3200.9898,3148.2345,3183.7777
141703000,3200.6295,1870400,29137600,6645644600,72837017000,3177.261,3200.9898,3148.2345,3183.7777
141708000,3200.5741,1510200,17792400,6647154800,72854809400,3177.261,3200.9898,3148.2345,3183.7777
141713000,3200.4526,1322200,18928400,6648477000,72873737800,3177.261,3200.9898,3148.2345,3183.7777
141718000,3199.947,2055100,26620300,6650532100,72900358100,3177.261,3200.9898,3148.2345,3183.7777
141723000,3200.7372,1329700,19506700,6651861800,72919864800,3177.261,3200.9898,3148.2345,3183.7777
141728000,3200.7333,1704600,26069000,6653566400,72945933800,3177.261,3200.9898,3148.2345,3183.7777
141733000,3200.184,2846600,28043200,6656413000,72973977000,3177.261,3200.9898,3148.2345,3183.7777
141738000,3200.5697,1865000,21291200,6658278000,72995268200,3177.261,3200.9898,3148.2345,3183.7777
141743000,3200.1042,986100,13413700,6659264100,73008681900,3177.261,3200.9898,3148.2345,3183.7777
141748000,3199.9174,2858800,28627500,6662122900,73037309400,3177.261,3200.9898,3148.2345,3183.7777
141753000,3200.1023,2113600,20457200,6664236500,73057766600,3177.261,3200.9898,3148.2345,3183.7777
141758000,3199.9964,1890000,22488700,6666126500,73080255300,3177.261,3200.9898,3148.2345,3183.7777
141803000,3200.0542,2327500,40012600,6668454000,73120267900,3177.261,3200.9898,3148.2345,3183.7777
141808000,3200.0973,2185000,23231700,6670639000,73143499600,3177.261,3200.9898,3148.2345,3183.7777
141813000,3200.415,1327000,16310100,6671966000,73159809700,3177.261,3200.9898,3148.2345,3183.7777
141818000,3200.0162,2618400,32581900,6674584400,73192391600,3177.261,3200.9898,3148.2345,3183.7777
141823000,3200.186,1360300,23130700,6675944700,73215522300,3177.261,3200.9898,3148.2345,3183.7777
141828000,3199.9062,1498900,19631000,6677443600,73235153300,3177.261,3200.9898,3148.2345,3183.7777
141833000,3199.9856,2497500,27961900,6679941100,73263115200,3177.261,3200.9898,3148.2345,3183.7777
141838000,3199.7356,2130700,25400200,6682071800,73288515400,3177.261,3200.9898,3148.2345,3183.7777
141843000,3199.9866,1623500,23188700,6683695300,73311704100,3177.261,3200.9898,3148.2345,3183.7777
141848000,3200.0541,1947700,26098200,6685643000,73337802300,3177.261,3200.9898,3148.2345,3183.7777
141853000,3200.0497,3015000,25481800,6688658000,73363284100,3177.261,3200.9898,3148.2345,3183.7777
141858000,3200.1817,1711600,24551400,6690369600,73387835500,3177.261,3200.9898,3148.2345,3183.7777
141903000,3200.0846,3686600,36085000,6694056200,73423920500,3177.261,3200.9898,3148.2345,3183.7777
141908000,3200.3874,2094100,26795000,6696150300,73450715500,3177.261,3200.9898,3148.2345,3183.7777
141913000,3200.3999,1169400,14599100,6697319700,73465314600,3177.261,3200.9898,3148.2345,3183.7777
141918000,3200.0892,1857800,20638700,6699177500,73485953300,3177.261,3200.9898,3148.2345,3183.7777
141923000,3200.0286,2906800,23933800,6702084300,73509887100,3177.261,3200.9898,3148.2345,3183.7777
141928000,3200.3265,1891300,24869300,6703975600,73534756400,3177.261,3200.9898,3148.2345,3183.7777
141933000,3200.0906,2618600,24861700,6706594200,73559618100,3177.261,3200.9898,3148.2345,3183.7777
141938000,3200.0662,1911500,26419900,6708505700,73586038000,3177.261,3200.9898,3148.2345,3183.7777
141943000,3200.0403,1520300,17778400,6710026000,73603816400,3177.261,3200.9898,3148.2345,3183.7777
141948000,3200.2497,1615400,20431500,6711641400,73624247900,3177.261,3200.9898,3148.2345,3183.7777
141953000,3200.1106,1543200,19450100,6713184600,73643698000,3177.261,3200.9898,3148.2345,3183.7777
141958000,3200.1832,3129100,27679300,6716313700,73671377300,3177.261,3200.9898,3148.2345,3183.7777
142003000,3200.2544,3117300,29011800,6719431000,73700389100,3177.261,3200.9898,3148.2345,3183.7777
142008000,3200.0214,2191900,25652200,6721622900,73726041300,3177.261,3200.9898,3148.2345,3183.7777
142013000,3199.7075,1839900,21408800,6723462800,73747450100,3177.261,3200.9898,3148.2345,3183.7777
142018000,3199.8636,2798200,26613100,6726261000,73774063200,3177.261,3200.9898,3148.2345,3183.7777
142023000,3199.4648,1695300,17938400,6727956300,73792001600,3177.261,3200.9898,3148.2345,3183.7777
142028000,3199.5247,1386400,16481600,6729342700,73808483200,3177.261,3200.9898,3148.2345,3183.7777
142033000,3199.597,1732100,24437300,6731074800,73832920500,3177.261,3200.9898,3148.2345,3183.7777
142038000,3199.9694,2637500,30496400,6733712300,73863416900,3177.261,3200.9898,3148.2345,3183.7777
142043000,3199.4235,1182400,16148600,6734894700,73879565500,3177.261,3200.9898,3148.2345,3183.7777
142048000,3199.4691,3068700,32628400,6737963400,73912193900,3177.261,3200.9898,3148.2345,3183.7777
142053000,3199.4262,1836600,21170800,6739800000,73933364700,3177.261,3200.9898,3148.2345,3183.7777
142058000,3199.1407,1818300,25662800,6741618300,73959027500,3177.261,3200.9898,3148.2345,3183.7777
142103000,3199.0989,1945200,27049500,6743563500,73986077000,3177.261,3200.9898,3148.2345,3183.7777
142108000,3199.1343,1829800,21838000,6745393300,74007915000,3177.261,3200.9898,3148.2345,3183.7777
142113000,3198.8482,888400,12978200,6746281700,74020893200,3177.261,3200.9898,3148.2345,3183.7777
142118000,3199.2839,2517100,30474000,6748798800,74051367200,3177.261,3200.9898,3148.2345,3183.7777
142123000,3199.0339,2025300,23621800,6750824100,74074989000,3177.261,3200.9898,3148.2345,3183.7777
142128000,3199.0492,2256300,28352600,6753080400,74103341600,3177.261,3200.9898,3148.2345,3183.7777
142133000,3198.9474,1834300,20439400,6754914700,74123781000,3177.261,3200.9898,3148.2345,3183.7777
142138000,3198.8594,1779600,24861300,6756694300,74148642300,3177.261,3200.9898,3148.2345,3183.7777
142143000,3198.9077,1778200,23060200,6758472500,74171702500,3177.261,3200.9898,3148.2345,3183.7777
142148000,3199.315,1918800,20080200,6760391300,74191782700,3177.261,3200.9898,3148.2345,3183.7777
142153000,3199.1831,1120500,15194100,6761511800,74206976800,3177.261,3200.9898,3148.2345,3183.7777
142158000,3198.9314,2124900,32330600,6763636700,74239307400,3177.261,3200.9898,3148.2345,3183.7777
142203000,3198.9574,1919000,24670600,6765555700,74263978000,3177.261,3200.9898,3148.2345,3183.7777
142208000,3199.1318,1843800,22537300,6767399500,74286515300,3177.261,3200.9898,3148.2345,3183.7777
142213000,3198.7952,1757700,22705400,6769157200,74309220700,3177.261,3200.9898,3148.2345,3183.7777
142218000,3198.7413,1671300,19988100,6770828500,74329208800,3177.261,3200.9898,3148.2345,3183.7777
142223000,3198.9246,1291200,13906600,6772119700,74343115400,3177.261,3200.9898,3148.2345,3183.7777
142228000,3199.1038,1972700,29478400,6774092400,74372593800,3177.261,3200.9898,3148.2345,3183.7777
142233000,3198.962,1684500,18026600,6775776900,74390620400,3177.261,3200.9898,3148.2345,3183.7777
142238000,3198.5878,2257900,26511100,6778034800,74417131500,3177.261,3200.9898,3148.2345,3183.7777
142243000,3198.5403,2641300,19896800,6780676100,74437028300,3177.261,3200.9898,3148.2345,3183.7777
142248000,3198.5682,2706200,29396600,6783382300,74466424900,3177.261,3200.9898,3148.2345,3183.7777
142253000,3198.633,1317100,15604400,6784699400,74482029300,3177.261,3200.9898,3148.2345,3183.7777
142258000,3198.4716,1096800,14963100,6785796200,74496992400,3177.261,3200.9898,3148.2345,3183.7777
142303000,3198.852,1566600,21221400,6787362800,74518213800,3177.261,3200.9898,3148.2345,3183.7777
142308000,3198.8412,1475900,18592900,6788838700,74536806700,3177.261,3200.9898,3148.2345,3183.7777
142313000,3198.8765,1386600,23512500,6790225300,74560319200,3177.261,3200.9898,3148.2345,3183.7777
142318000,3198.6062,1738300,21081700,6791963600,74581400900,3177.261,3200.9898,3148.2345,3183.7777
142323000,3198.4233,1733200,17911700,6793696800,74599312600,3177.261,3200.9898,3148.2345,3183.7777
142328000,3198.4593,2015900,30953400,6795712700,74630266000,3177.261,3200.9898,3148.2345,3183.7777
142333000,3198.4503,2498100,26591300,6798210800,74656857300,3177.261,3200.9898,3148.2345,3183.7777
142338000,3198.3961,1960400,23983400,6800171200,74680840700,3177.261,3200.9898,3148.2345,3183.7777
142343000,3198.32,1053600,14038100,6801224800,74694878800,3177.261,3200.9898,3148.2345,3183.7777
142348000,3198.1052,1428300,20499100,6802653100,74715377900,3177.261,3200.9898,3148.2345,3183.7777
142353000,3198.367,1450900,17922400,6804104000,74733300300,3177.261,3200.9898,3148.2345,3183.7777
142358000,3198.3773,1445500,19378900,6805549500,74752679200,3177.261,3200.9898,3148.2345,3183.7777
142403000,3198.4004,1922300,22781800,6807471800,74775461000,3177.261,3200.9898,3148.2345,3183.7777
142408000,3198.4294,3287900,25391100,6810759700,74800852100,3177.261,3200.9898,3148.2345,3183.7777
142413000,3197.7644,1268000,14903500,6812027700,74815755600,3177.261,3200.9898,3148.2345,3183.7777
142418000,3198.1135,2096900,26187900,6814124600,74841943500,3177.261,3200.9898,3148.2345,3183.7777
142423000,3198.1945,1105500,13046400,6815230100,74854989900,3177.261,3200.9898,3148.2345,3183.7777
142428000,3197.9639,2041100,23378000,6817271200,74878367900,3177.261,3200.9898,3148.2345,3183.7777
142433000,3198.3366,2112600,30928600,6819383800,74909296500,3177.261,3200.9898,3148.2345,3183.7777
142438000,3198.277,1781700,21502200,6821165500,74930798700,3177.261,3200.9898,3148.2345,3183.7777
142443000,3198.4004,1090900,15853900,6822256400,74946652600,3177.261,3200.9898,3148.2345,3183.7777
142448000,3197.9784,2166700,32102700,6824423100,74978755300,3177.261,3200.9898,3148.2345,3183.7777
142453000,3198.3894,970100,12657100,6825393200,74991412400,3177.261,3200.9898,3148.2345,3183.7777
142458000,3198.1113,1470600,20808100,6826863800,75012220500,3177.261,3200.9898,3148.2345,3183.7777
142503000,3197.9211,2467600,30371100,6829331400,75042591600,3177.261,3200.9898,3148.2345,3183.7777
142508000,3198.2779,1949800,24554300,6831281200,75067145900,3177.261,3200.9898,3148.2345,3183.7777
142513000,3198.4401,1365000,16282900,6832646200,75083428800,3177.261,3200.9898,3148.2345,3183.7777
142518000,3198.3642,1497100,25802700,6834143300,75109231500,3177.261,3200.9898,3148.2345,3183.7777
142523000,3198.0616,1540300,16497100,6835683600,75125728600,3177.261,3200.9898,3148.2345,3183.7777
142528000,3198.0776,1674000,20569700,6837357600,75146298300,3177.261,3200.9898,3148.2345,3183.7777
142533000,3198.0918,2035200,28291000,6839392800,75174589300,3177.261,3200.9898,3148.2345,3183.7777
142538000,3198.2984,1630000,22142500,6841022800,75196731800,3177.261,3200.9898,3148.2345,3183.7777
142543000,3198.2995,1615900,18665300,6842638700,75215397100,3177.261,3200.9898,3148.2345,3183.7777
142548000,3198.0027,1621600,18549400,6844260300,75233946500,3177.261,3200.9898,3148.2345,3183.7777
142553000,3198.3091,1558100,18909600,6845818400,75252856100,3177.261,3200.9898,3148.2345,3183.7777
142558000,3198.3175,1162600,17193700,6846981000,75270049800,3177.261,3200.9898,3148.2345,3183.7777
142603000,3198.1348,1651900,21956700,6848632900,75292006500,3177.261,3200.9898,3148.2345,3183.7777
142608000,3198.355,2122500,24898700,6850755400,75316905200,3177.261,3200.9898,3148.2345,3183.7777
142613000,3197.7583,1574600,15817500,6852330000,75332722700,3177.261,3200.9898,3148.2345,3183.7777
142618000,3197.9818,2500700,40207600,6854830700,75372930300,3177.261,3200.9898,3148.2345,3183.7777
142623000,3198.135,1737800,22661400,6856568500,75395591700,3177.261,3200.9898,3148.2345,3183.7777
142628000,3197.3789,3079400,29567800,6859647900,75425159500,3177.261,3200.9898,3148.2345,3183.7777
142633000,3197.1007,3360800,37491200,6863008700,75462650700,3177.261,3200.9898,3148.2345,3183.7777
142638000,3196.1115,3000500,31886900,6866009200,75494537600,3177.261,3200.9898,3148.2345,3183.7777
142643000,3196.1692,1506400,16915600,6867515600,75511453200,3177.261,3200.9898,3148.2345,3183.7777
142648000,3196.2704,2965800,25863500,6870481400,75537316700,3177.261,3200.9898,3148.2345,3183.7777
142653000,3196.426,2589100,26605300,6873070500,75563922000,3177.261,3200.9898,3148.2345,3183.7777
142658000,3195.894,2303100,23543700,6875373600,75587465700,3177.261,3200.9898,3148.2345,3183.7777
142703000,3195.9987,2333900,25368700,6877707500,75612834400,3177.261,3200.9898,3148.2345,3183.7777
142708000,3195.9105,1935600,22943600,6879643100,75635778000,3177.261,3200.9898,3148.2345,3183.7777
142713000,3196.0485,1534300,19554500,6881177400,75655332500,3177.261,3200.9898,3148.2345,3183.7777
142718000,3196.04,1776200,20072700,6882953600,75675405200,3177.261,3200.9898,3148.2345,3183.7777
142723000,3195.8904,1721600,19605800,6884675200,75695011000,3177.261,3200.9898,3148.2345,3183.7777
142728000,3195.9415,1690900,23897900,6886366100,75718908900,3177.261,3200.9898,3148.2345,3183.7777
142733000,3195.9162,2228600,25102300,6888594700,75744011200,3177.261,3200.9898,3148.2345,3183.7777
142738000,3196.0155,1716400,22188100,6890311100,75766199300,3177.261,3200.9898,3148.2345,3183.7777
142743000,3195.9403,1400800,17131800,6891711900,75783331100,3177.261,3200.9898,3148.2345,3183.7777
142748000,3195.4476,1788300,23796000,6893500200,75807127100,3177.261,3200.9898,3148.2345,3183.7777
142753000,3195.7532,1958300,20521700,6895458500,75827648800,3177.261,3200.9898,3148.2345,3183.7777
142758000,3195.9523,1294500,21897500,6896753000,75849546300,3177.261,3200.9898,3148.2345,3183.7777
142803000,3195.9068,2008100,19729500,6898761100,75869275800,3177.261,3200.9898,3148.2345,3183.7777
142808000,3195.9776,1732400,19611400,6900493500,75888887200,3177.261,3200.9898,3148.2345,3183.7777
142813000,3195.7212,2215400,19537200,6902708900,75908424400,3177.261,3200.9898,3148.2345,3183.7777
142818000,3195.4723,1775500,21014100,6904484400,75929438500,3177.261,3200.9898,3148.2345,3183.7777
142823000,3195.4467,1391700,15371500,6905876100,75944810000,3177.261,3200.9898,3148.2345,3183.7777
142828000,3195.4524,1099900,14046700,6906976000,75958856700,3177.261,3200.9898,3148.2345,3183.7777
142833000,3195.2818,1987500,23121300,6908963500,75981978000,3177.261,3200.9898,3148.2345,3183.7777
142838000,3195.1882,1835500,22749400,6910799000,76004727400,3177.261,3200.9898,3148.2345,3183.7777
142843000,3195.6045,1637700,18124200,6912436700,76022851600,3177.261,3200.9898,3148.2345,3183.7777
142848000,3195.2287,1844900,21148500,6914281600,76044000100,3177.261,3200.9898,3148.2345,3183.7777
142853000,3195.5959,1248900,13052900,6915530500,76057053000,3177.261,3200.9898,3148.2345,3183.7777
142858000,3195.5814,1879000,23191600,6917409500,76080244600,3177.261,3200.9898,3148.2345,3183.7777
142903000,3195.5116,1461100,17319400,6918870600,76097564000,3177.261,3200.9898,3148.2345,3183.7777
142908000,3195.7552,1739300,18878500,6920609900,76116442500,3177.261,3200.9898,3148.2345,3183.7777
142913000,3195.6703,1756800,18097300,6922366700,76134539800,3177.261,3200.9898,3148.2345,3183.7777
142918000,3195.4601,2201900,23674900,6924568600,76158214700,3177.261,3200.9898,3148.2345,3183.7777
142923000,3195.7433,1035200,15220400,6925603800,76173435100,3177.261,3200.9898,3148.2345,3183.7777
142928000,3195.5711,1556100,18140400,6927159900,76191575500,3177.261,3200.9898,3148.2345,3183.7777
142933000,3195.6842,2385900,28702100,6929545800,76220277600,3177.261,3200.9898,3148.2345,3183.7777
142938000,3195.5328,2009600,21115500,6931555400,76241393100,3177.261,3200.9898,3148.2345,3183.7777
142943000,3195.692,1785900,17300200,6933341300,76258693300,3177.261,3200.9898,3148.2345,3183.7777
142948000,3195.5189,1573700,21049800,6934915000,76279743100,3177.261,3200.9898,3148.2345,3183.7777
142953000,3195.7262,1502000,15986200,6936417000,76295729300,3177.261,3200.9898,3148.2345,3183.7777
142958000,3195.8362,1203500,16543700,6937620500,76312273000,3177.261,3200.9898,3148.2345,3183.7777
143003000,3195.6559,2088200,24226700,6939708700,76336499700,3177.261,3200.9898,3148.2345,3183.7777
143008000,3195.0641,2610100,25931800,6942318800,76362431500,3177.261,3200.9898,3148.2345,3183.7777
143013000,3195.2377,1449700,17658300,6943768500,76380089800,3177.261,3200.9898,3148.2345,3183.7777
143018000,3195.2815,2161400,24359100,6945929900,76404448900,3177.261,3200.9898,3148.2345,3183.7777
143023000,3195.4304,1213400,14569800,6947143300,76419018700,3177.261,3200.9898,3148.2345,3183.7777
143028000,3195.2503,2030400,20420400,6949173700,76439439100,3177.261,3200.9898,3148.2345,3183.7777
143033000,3195.6394,1510100,18649500,6950683800,76458088600,3177.261,3200.9898,3148.2345,3183.7777
143038000,3195.5257,2174600,23491000,6952858400,76481579600,3177.261,3200.9898,3148.2345,3183.7777
143043000,3195.5569,1291800,15436600,6954150200,76497016200,3177.261,3200.9898,3148.2345,3183.7777
143048000,3195.6718,1890900,20459100,6956041100,76517475300,3177.261,3200.9898,3148.2345,3183.7777
143053000,3195.5728,1682200,19909700,6957723300,76537385000,3177.261,3200.9898,3148.2345,3183.7777
143058000,3195.4558,1267500,15581800,6958990800,76552966800,3177.261,3200.9898,3148.2345,3183.7777
143103000,3195.4117,1715200,19269400,6960706000,76572236200,3177.261,3200.9898,3148.2345,3183.7777
143108000,3195.2797,2322600,21838000,6963028600,76594074200,3177.261,3200.9898,3148.2345,3183.7777
143113000,3195.3108,1493100,20899200,6964521700,76614973400,3177.261,3200.9898,3148.2345,3183.7777
143118000,3195.0105,2079300,24696400,6966601000,76639669800,3177.261,3200.9898,3148.2345,3183.7777
143123000,3195.1915,1103500,14536200,6967704500,76654206000,3177.261,3200.9898,3148.2345,3183.7777
143128000,3195.2829,1800500,21852900,6969505000,76676058900,3177.261,3200.9898,3148.2345,3183.7777
143133000,3194.8495,3504600,35128400,6973009600,76711187300,3177.261,3200.9898,3148.2345,3183.7777
143138000,3194.9184,1846300,22024500,6974855900,76733211800,3177.261,3200.9898,3148.2345,3183.7777
143143000,3194.7173,1429400,13560500,6976285300,76746772300,3177.261,3200.9898,3148.2345,3183.7777
143148000,3194.6549,2851600,26954700,6979136900,76773727000,3177.261,3200.9898,3148.2345,3183.7777
143153000,3194.7477,1095400,9852600,6980232300,76783579600,3177.261,3200.9898,3148.2345,3183.7777
143158000,3194.6555,2781800,23673200,6983014100,76807252800,3177.261,3200.9898,3148.2345,3183.7777
143203000,3194.527,1729000,19532800,6984743100,76826785600,3177.261,3200.9898,3148.2345,3183.7777
143208000,3194.6458,2162300,22291700,6986905400,76849077300,3177.261,3200.9898,3148.2345,3183.7777
143213000,3194.7811,2002500,14710300,6988907900,76863787600,3177.261,3200.9898,3148.2345,3183.7777
143218000,3194.7768,2124500,23961600,6991032400,76887749200,3177.261,3200.9898,3148.2345,3183.7777
143223000,3194.387,1143900,15663900,6992176300,76903413100,3177.261,3200.9898,3148.2345,3183.7777
143228000,3194.2737,1699900,25493100,6993876200,76928906200,3177.261,3200.9898,3148.2345,3183.7777
143233000,3194.7279,1582400,18926000,6995458600,76947832200,3177.261,3200.9898,3148.2345,3183.7777
143238000,3194.3845,3457900,33081800,6998916500,76980914000,3177.261,3200.9898,3148.2345,3183.7777
143243000,3194.5433,1205800,14112400,7000122300,76995026400,3177.261,3200.9898,3148.2345,3183.7777
143248000,3194.77,3644400,31288400,7003766700,77026314800,3177.261,3200.9898,3148.2345,3183.7777
143253000,3194.8719,2024100,18755000,7005790800,77045069800,3177.261,3200.9898,3148.2345,3183.7777
143258000,3195.1384,2278400,26007000,7008069200,77071076800,3177.261,3200.9898,3148.2345,3183.7777
143303000,3194.7247,2305800,22496800,7010375000,77093573600,3177.261,3200.9898,3148.2345,3183.7777
143308000,3194.7303,1506300,20171300,7011881300,77113744900,3177.261,3200.9898,3148.2345,3183.7777
143313000,3194.7661,1398700,15882700,7013280000,77129627600,3177.261,3200.9898,3148.2345,3183.7777
143318000,3194.519,2142500,22637100,7015422500,77152264700,3177.261,3200.9898,3148.2345,3183.7777
143323000,3194.88,1250800,13619300,7016673300,77165884000,3177.261,3200.9898,3148.2345,3183.7777
143328000,3194.5488,1701900,22539200,7018375200,77188423200,3177.261,3200.9898,3148.2345,3183.7777
143333000,3194.5891,3008900,27299800,7021384100,77215723000,3177.261,3200.9898,3148.2345,3183.7777
143338000,3194.7751,1932100,26724700,7023316200,77242447700,3177.261,3200.9898,3148.2345,3183.7777
143343000,3194.4848,2056000,22402000,7025372200,77264849700,3177.261,3200.9898,3148.2345,3183.7777
143348000,3194.5989,1676200,18484700,7027048400,77283334400,3177.261,3200.9898,3148.2345,3183.7777
143353000,3194.79,1082200,13321000,7028130600,77296655400,3177.261,3200.9898,3148.2345,3183.7777
143358000,3194.7943,1898200,19149100,7030028800,77315804500,3177.261,3200.9898,3148.2345,3183.7777
143403000,3195.0287,1827200,16916900,7031856000,77332721400,3177.261,3200.9898,3148.2345,3183.7777
143408000,3194.6501,2347200,22320700,7034203200,77355042100,3177.261,3200.9898,3148.2345,3183.7777
143413000,3194.7709,1649100,19878000,7035852300,77374920100,3177.261,3200.9898,3148.2345,3183.7777
143418000,3194.4579,1860900,18894300,7037713200,77393814400,3177.261,3200.9898,3148.2345,3183.7777
143423000,3195.0017,1623000,17607000,7039336200,77411421400,3177.261,3200.9898,3148.2345,3183.7777
143428000,3194.8876,1334500,19001000,7040670700,77430422400,3177.261,3200.9898,3148.2345,3183.7777
143433000,3195.0113,2287200,25919300,7042957900,77456341700,3177.261,3200.9898,3148.2345,3183.7777
143438000,3195.2152,1766000,20344900,7044723900,77476686600,3177.261,3200.9898,3148.2345,3183.7777
143443000,3195.0841,1971300,20496400,7046695200,77497183000,3177.261,3200.9898,3148.2345,3183.7777
143448000,3195.1306,1756900,20393700,7048452100,77517576700,3177.261,3200.9898,3148.2345,3183.7777
143453000,3195.3256,2085500,19948700,7050537600,77537525400,3177.261,3200.9898,3148.2345,3183.7777
143458000,3195.0568,1652700,19300500,7052190300,77556825900,3177.261,3200.9898,3148.2345,3183.7777
143503000,3195.1302,1774900,18389600,7053965200,77575215500,3177.261,3200.9898,3148.2345,3183.7777
143508000,3194.7569,1775600,19975700,7055740800,77595191200,3177.261,3200.9898,3148.2345,3183.7777
143513000,3195.2681,1050300,14934600,7056791100,77610125800,3177.261,3200.9898,3148.2345,3183.7777
143518000,3194.7918,2325600,27355400,7059116700,77637481200,3177.261,3200.9898,3148.2345,3183.7777
143523000,3194.817,1286000,13930800,7060402700,77651412000,3177.261,3200.9898,3148.2345,3183.7777
143528000,3194.6581,1989100,23122600,7062391800,77674534600,3177.261,3200.9898,3148.2345,3183.7777
143533000,3194.4494,2348100,25856800,7064739900,77700391400,3177.261,3200.9898,3148.2345,3183.7777
143538000,3194.6195,1957600,23178600,7066697500,77723570000,3177.261,3200.9898,3148.2345,3183.7777
143543000,3193.6604,2405200,31313300,7069102700,77754883300,3177.261,3200.9898,3148.2345,3183.7777
143548000,3193.7193,2707500,29373800,7071810200,77784257100,3177.261,3200.9898,3148.2345,3183.7777
143553000,3193.1709,2854700,30253800,7074664900,77814510900,3177.261,3200.9898,3148.2345,3183.7777
143558000,3193.0293,2370000,29834800,7077034900,77844345700,3177.261,3200.9898,3148.2345,3183.7777
143603000,3192.7225,2127500,25222200,7079162400,77869567900,3177.261,3200.9898,3148.2345,3183.7777
143608000,3192.5418,1835300,23112500,7080997700,77892680400,3177.261,3200.9898,3148.2345,3183.7777
143613000,3192.3028,1519000,19952400,7082516700,77912632800,3177.261,3200.9898,3148.2345,3183.7777
143618000,3192.4128,2341700,26605600,7084858400,77939238400,3177.261,3200.9898,3148.2345,3183.7777
143623000,3192.3971,1967000,20539500,7086825400,77959777900,3177.261,3200.9898,3148.2345,3183.7777
143628000,3192.3849,2776700,25098500,7089602100,77984876400,3177.261,3200.9898,3148.2345,3183.7777
143633000,3191.6772,2853300,29392000,7092455400,78014268400,3177.261,3200.9898,3148.2345,3183.7777
143638000,3192.1242,3355400,30450800,7095810800,78044719200,3177.261,3200.9898,3148.2345,3183.7777
143643000,3192.6418,1830000,22062000,7097640800,78066781200,3177.261,3200.9898,3148.2345,3183.7777
143648000,3192.0216,3702500,31628100,7101343300,78098409300,3177.261,3200.9898,3148.2345,3183.7777
143653000,3191.8584,3696000,28904400,7105039300,78127313700,3177.261,3200.9898,3148.2345,3183.7777
143658000,3191.2171,3550100,30546100,7108589400,78157859800,3177.261,3200.9898,3148.2345,3183.7777
143703000,3191.3704,2270400,35593500,7110859800,78193453300,3177.261,3200.9898,3148.2345,3183.7777
143708000,3191.2758,3251100,25749000,7114110900,78219202300,3177.261,3200.9898,3148.2345,3183.7777
143713000,3191.1367,1372300,17382900,7115483200,78236585200,3177.261,3200.9898,3148.2345,3183.7777
143718000,3190.5404,2457700,26442800,7117940900,78263028000,3177.261,3200.9898,3148.2345,3183.7777
143723000,3190.6699,2462700,20598700,7120403600,78283626700,3177.261,3200.9898,3148.2345,3183.7777
143728000,3190.5366,1565300,20309300,7121968900,78303936000,3177.261,3200.9898,3148.2345,3183.7777
143733000,3190.7093,2377300,23550000,7124346200,78327486000,3177.261,3200.9898,3148.2345,3183.7777
143738000,3190.7624,2090700,25690300,7126436900,78353176300,3177.261,3200.9898,3148.2345,3183.7777
143743000,3190.9084,1702000,21928200,7128138900,78375104500,3177.261,3200.9898,3148.2345,3183.7777
143748000,3190.9213,2461500,31249300,7130600400,78406353800,3177.261,3200.9898,3148.2345,3183.7777
143753000,3190.7815,1377700,13505800,7131978100,78419859600,3177.261,3200.9898,3148.2345,3183.7777
143758000,3190.8969,1884800,22175700,7133862900,78442035300,3177.261,3200.9898,3148.2345,3183.7777
143803000,3191.0779,2570000,26523400,7136432900,78468558700,3177.261,3200.9898,3148.2345,3183.7777
143808000,3190.7265,2349300,24997700,7138782200,78493556400,3177.261,3200.9898,3148.2345,3183.7777
143813000,3190.8706,1453700,19467300,7140235900,78513023700,3177.261,3200.9898,3148.2345,3183.7777
143818000,3190.4367,2519900,26614600,7142755800,78539638300,3177.261,3200.9898,3148.2345,3183.7777
143823000,3190.8839,1116600,13090800,7143872400,78552729100,3177.261,3200.9898,3148.2345,3183.7777
143828000,3190.693,1405400,22613100,7145277800,78575342200,3177.261,3200.9898,3148.2345,3183.7777
143833000,3190.5643,1714200,24555600,7146992000,78599897800,3177.261,3200.9898,3148.2345,3183.7777
143838000,3190.7671,2312500,23967300,7149304500,78623865100,3177.261,3200.9898,3148.2345,3183.7777
143843000,3190.8888,1462700,21115700,7150767200,78644980800,3177.261,3200.9898,3148.2345,3183.7777
143848000,3190.8459,2393400,28308800,7153160600,78673289600,3177.261,3200.9898,3148.2345,3183.7777
143853000,3190.75,1410600,17757000,7154571200,78691046600,3177.261,3200.9898,3148.2345,3183.7777
143858000,3190.6612,1798600,24433800,7156369800,78715480400,3177.261,3200.9898,3148.2345,3183.7777
143903000,3190.5234,1767500,24830400,7158137300,78740310800,3177.261,3200.9898,3148.2345,3183.7777
143908000,3190.8701,2603600,30723000,7160740900,78771033800,3177.261,3200.9898,3148.2345,3183.7777
143913000,3190.8977,1146000,17070800,7161886900,78788104600,3177.261,3200.9898,3148.2345,3183.7777
143918000,3190.9536,1977600,23949600,7163864500,78812054200,3177.261,3200.9898,3148.2345,3183.7777
143923000,3191.0755,1807300,26188900,7165671800,78838243100,3177.261,3200.9898,3148.2345,3183.7777
143928000,3191.0465,1736100,22338700,7167407900,78860581800,3177.261,3200.9898,3148.2345,3183.7777
143933000,3191.0878,2229800,25620000,7169637700,78886201800,3177.261,3200.9898,3148.2345,3183.7777
143938000,3191.4325,1959100,25726700,7171596800,78911928500,3177.261,3200.9898,3148.2345,3183.7777
143943000,3191.5447,1410800,22265600,7173007600,78934194100,3177.261,3200.9898,3148.2345,3183.7777
143948000,3191.6776,2126200,24690100,7175133800,78958884200,3177.261,3200.9898,3148.2345,3183.7777
143953000,3191.6159,1598200,18470300,7176732000,78977354500,3177.261,3200.9898,3148.2345,3183.7777
143958000,3191.5685,1389700,20265900,7178121700,78997620400,3177.261,3200.9898,3148.2345,3183.7777
144003000,3191.9806,2012800,24348700,7180134500,79021969100,3177.261,3200.9898,3148.2345,3183.7777
144008000,3191.5932,2752100,23858000,7182886600,79045827100,3177.261,3200.9898,3148.2345,3183.7777
144013000,3191.3629,2309400,20250500,7185196000,79066077600,3177.261,3200.9898,3148.2345,3183.7777
144018000,3191.4504,1833400,25233600,7187029400,79091311200,3177.261,3200.9898,3148.2345,3183.7777
144023000,3191.953,1341400,16942200,7188370800,79108253400,3177.261,3200.9898,3148.2345,3183.7777
144028000,3191.8259,1866200,24702100,7190237000,79132955500,3177.261,3200.9898,3148.2345,3183.7777
144033000,3191.5888,2174400,30079500,7192411400,79163035000,3177.261,3200.9898,3148.2345,3183.7777
144038000,3191.6168,2025900,21712600,7194437300,79184747600,3177.261,3200.9898,3148.2345,3183.7777
144043000,3191.758,1053000,14814900,7195490300,79199562500,3177.261,3200.9898,3148.2345,3183.7777
144048000,3191.62,2300200,25991300,7197790500,79225553800,3177.261,3200.9898,3148.2345,3183.7777
144053000,3191.9866,1232100,13635300,7199022600,79239189100,3177.261,3200.9898,3148.2345,3183.7777
144058000,3192.026,1729500,28003600,7200752100,79267192700,3177.261,3200.9898,3148.2345,3183.7777
144103000,3191.8315,2645500,26270900,7203397600,79293463600,3177.261,3200.9898,3148.2345,3183.7777
144108000,3191.8174,2422300,29138100,7205819900,79322601700,3177.261,3200.9898,3148.2345,3183.7777
144113000,3191.9039,1407800,19982600,7207227700,79342584300,3177.261,3200.9898,3148.2345,3183.7777
144118000,3191.6987,1912900,25031000,7209140600,79367615300,3177.261,3200.9898,3148.2345,3183.7777
144123000,3191.8912,1542100,19716700,7210682700,79387332000,3177.261,3200.9898,3148.2345,3183.7777
144128000,3191.98,2079800,22478100,7212762500,79409810100,3177.261,3200.9898,3148.2345,3183.7777
144133000,3191.9271,1379500,17655200,7214142000,79427465300,3177.261,3200.9898,3148.2345,3183.7777
144138000,3191.9407,1799100,23915700,7215941100,79451381000,3177.261,3200.9898,3148.2345,3183.7777
144143000,3191.6977,1373300,20535800,7217314400,79471916800,3177.261,3200.9898,3148.2345,3183.7777
144148000,3192.0953,2155500,23507300,7219469900,79495424100,3177.261,3200.9898,3148.2345,3183.7777
144153000,3191.9129,1641600,20730300,7221111500,79516154400,3177.261,3200.9898,3148.2345,3183.7777
144158000,3192.125,1762500,23916700,7222874000,79540071100,3177.261,3200.9898,3148.2345,3183.7777
144203000,3191.899,2509000,29383500,7225383000,79569454600,3177.261,3200.9898,3148.2345,3183.7777
144208000,3191.8451,2404900,27407600,7227787900,79596862200,3177.261,3200.9898,3148.2345,3183.7777
144213000,3191.7825,1403100,16429400,7229191000,79613291600,3177.261,3200.9898,3148.2345,3183.7777
144218000,3192.0148,2041500,25725000,7231232500,79639016600,3177.261,3200.9898,3148.2345,3183.7777
144223000,3192.0778,1391700,14935500,7232624200,79653952100,3177.261,3200.9898,3148.2345,3183.7777
144228000,3192.0763,1560100,20559200,7234184300,79674511300,3177.261,3200.9898,3148.2345,3183.7777
144233000,3192.3966,2067100,28883200,7236251400,79703394500,3177.261,3200.9898,3148.2345,3183.7777
144238000,3192.3431,1738600,18478600,7237990000,79721873100,3177.261,3200.9898,3148.2345,3183.7777
144243000,3192.0757,1814200,19875700,7239804200,79741748800,3177.261,3200.9898,3148.2345,3183.7777
144248000,3192.1665,2204700,24484800,7242008900,79766233600,3177.261,3200.9898,3148.2345,3183.7777
144253000,3192.0594,1311600,13206300,7243320500,79779439900,3177.261,3200.9898,3148.2345,3183.7777
144258000,3191.9268,1710500,23233000,7245031000,79802672900,3177.261,3200.9898,3148.2345,3183.7777
144303000,3192.4686,2435400,26225600,7247466400,79828898500,3177.261,3200.9898,3148.2345,3183.7777
144308000,3192.3901,2618600,27991500,7250085000,79856890000,3177.261,3200.9898,3148.2345,3183.7777
144313000,3192.4643,1620000,23074500,7251705000,79879964500,3177.261,3200.9898,3148.2345,3183.7777
144318000,3192.1658,2197000,24943700,7253902000,79904908200,3177.261,3200.9898,3148.2345,3183.7777
144323000,3192.3629,2043700,22709900,7255945700,79927618100,3177.261,3200.9898,3148.2345,3183.7777
144328000,3192.1362,2218300,28154700,7258164000,79955772800,3177.261,3200.9898,3148.2345,3183.7777
144333000,3192.1193,1952400,26895000,7260116400,79982667800,3177.261,3200.9898,3148.2345,3183.7777
144338000,3192.154,1630100,19218100,7261746500,80001885900,3177.261,3200.9898,3148.2345,3183.7777
144343000,3191.7649,1617400,19800300,7263363900,80021686200,3177.261,3200.9898,3148.2345,3183.7777
144348000,3191.9614,2277100,27942900,7265641000,80049629100,3177.261,3200.9898,3148.2345,3183.7777
144353000,3192.3084,1571600,18154900,7267212600,80067784000,3177.261,3200.9898,3148.2345,3183.7777
144358000,3192.5629,1734500,23316800,7268947100,80091100800,3177.261,3200.9898,3148.2345,3183.7777
144403000,3192.322,1987800,23888200,7270934900,80114989000,3177.261,3200.9898,3148.2345,3183.7777
144408000,3192.2374,2540500,29811900,7273475400,80144800900,3177.261,3200.9898,3148.2345,3183.7777
144413000,3192.0667,1154600,12362400,7274630000,80157163300,3177.261,3200.9898,3148.2345,3183.7777
144418000,3192.1226,2992100,36043100,7277622100,80193206400,3177.261,3200.9898,3148.2345,3183.7777
144423000,3192.3286,2672300,25991400,7280294400,80219197800,3177.261,3200.9898,3148.2345,3183.7777
144428000,3192.2125,1872300,22872100,7282166700,80242069900,3177.261,3200.9898,3148.2345,3183.7777
144433000,3192.0568,2153900,30603400,7284320600,80272673300,3177.261,3200.9898,3148.2345,3183.7777
144438000,3192.4656,2091500,24813700,7286412100,80297487000,3177.261,3200.9898,3148.2345,3183.7777
144443000,3192.1218,1621700,20822100,7288033800,80318309100,3177.261,3200.9898,3148.2345,3183.7777
144448000,3192.0562,2113900,28245600,7290147700,80346554700,3177.261,3200.9898,3148.2345,3183.7777
144453000,3192.2066,1226800,15146800,7291374500,80361701500,3177.261,3200.9898,3148.2345,3183.7777
144458000,3192.3024,2208200,29266900,7293582700,80390968400,3177.261,3200.9898,3148.2345,3183.7777
144503000,3192.8125,2998800,31421400,7296581500,80422389800,3177.261,3200.9898,3148.2345,3183.7777
144508000,3192.3258,2739000,43040600,7299320500,80465430400,3177.261,3200.9898,3148.2345,3183.7777
144513000,3192.2669,1581700,23823700,7300902200,80489254100,3177.261,3200.9898,3148.2345,3183.7777
144518000,3192.1046,2336900,27423300,7303239100,80516677400,3177.261,3200.9898,3148.2345,3183.7777
144523000,3192.0221,1668300,19027500,7304907400,80535704900,3177.261,3200.9898,3148.2345,3183.7777
144528000,3191.9922,1709800,20885700,7306617200,80556590600,3177.261,3200.9898,3148.2345,3183.7777
144533000,3192.5785,2244000,25885200,7308861200,80582475800,3177.261,3200.9898,3148.2345,3183.7777
144538000,3192.5694,1864700,21647300,7310725900,80604123100,3177.261,3200.9898,3148.2345,3183.7777
144543000,3191.8276,2865400,24250400,7313591300,80628373500,3177.261,3200.9898,3148.2345,3183.7777
144548000,3192.1355,1951400,24393400,7315542700,80652766900,3177.261,3200.9898,3148.2345,3183.7777
144553000,3191.8925,2902100,27367800,7318444800,80680134700,3177.261,3200.9898,3148.2345,3183.7777
144558000,3192.1367,1588700,23626400,7320033500,80703761100,3177.261,3200.9898,3148.2345,3183.7777
144603000,3192.5414,2555000,31332700,7322588500,80735093800,3177.261,3200.9898,3148.2345,3183.7777
144608000,3191.9638,2108800,24835300,7324697300,80759929100,3177.261,3200.9898,3148.2345,3183.7777
144613000,3192.1388,1962200,21432600,7326659500,80781361700,3177.261,3200.9898,3148.2345,3183.7777
144618000,3191.8086,2504600,29586500,7329164100,80810948200,3177.261,3200.9898,3148.2345,3183.7777
144623000,3191.6756,2432100,21139000,7331596200,80832087200,3177.261,3200.9898,3148.2345,3183.7777
144628000,3191.5052,2304800,35964500,7333901000,80868051700,3177.261,3200.9898,3148.2345,3183.7777
144633000,3191.7093,2972000,32759100,7336873000,80900810800,3177.261,3200.9898,3148.2345,3183.7777
144638000,3191.7888,2417700,24319100,7339290700,80925129900,3177.261,3200.9898,3148.2345,3183.7777
144643000,3191.5202,1528200,16267200,7340818900,80941397100,3177.261,3200.9898,3148.2345,3183.7777
144648000,3191.0791,2545100,42348600,7343364000,80983745700,3177.261,3200.9898,3148.2345,3183.7777
144653000,3191.0524,2524700,28292200,7345888700,81012037900,3177.261,3200.9898,3148.2345,3183.7777
144658000,3190.4356,3283900,35294400,7349172600,81047332300,3177.261,3200.9898,3148.2345,3183.7777
144703000,3190.5403,1735200,21861600,7350907800,81069193900,3177.261,3200.9898,3148.2345,3183.7777
144708000,3190.7727,2160500,30170400,7353068300,81099364300,3177.261,3200.9898,3148.2345,3183.7777
144713000,3190.5585,1114100,18545500,7354182400,81117909800,3177.261,3200.9898,3148.2345,3183.7777
144718000,3190.2925,3900200,36792000,7358082600,81154701800,3177.261,3200.9898,3148.2345,3183.7777
144723000,3190.2797,1989900,25098800,7360072500,81179800600,3177.261,3200.9898,3148.2345,3183.7777
144728000,3190.247,1555100,18562500,7361627600,81198363100,3177.261,3200.9898,3148.2345,3183.7777
144733000,3190.647,3096800,32148900,7364724400,81230512000,3177.261,3200.9898,3148.2345,3183.7777
144738000,3190.9004,2106600,24189200,7366831000,81254701200,3177.261,3200.9898,3148.2345,3183.7777
144743000,3190.5776,1823300,22382900,7368654300,81277084100,3177.261,3200.9898,3148.2345,3183.7777
144748000,3190.5286,2369100,28606200,7371023400,81305690300,3177.261,3200.9898,3148.2345,3183.7777
144753000,3190.4474,1673300,20533400,7372696700,81326223700,3177.261,3200.9898,3148.2345,3183.7777
144758000,3190.5883,2135600,27300100,7374832300,81353523800,3177.261,3200.9898,3148.2345,3183.7777
144803000,3190.9155,2926300,49305400,7377758600,81402829200,3177.261,3200.9898,3148.2345,3183.7777
144808000,3190.8354,1812000,24271600,7379570600,81427100800,3177.261,3200.9898,3148.2345,3183.7777
144813000,3190.6729,1214400,16808700,7380785000,81443909500,3177.261,3200.9898,3148.2345,3183.7777
144818000,3190.5487,2254100,27511200,7383039100,81471420700,3177.261,3200.9898,3148.2345,3183.7777
144823000,3191.1916,2535500,26121000,7385574600,81497541700,3177.261,3200.9898,3148.2345,3183.7777
144828000,3190.7951,2098500,27658100,7387673100,81525199800,3177.261,3200.9898,3148.2345,3183.7777
144833000,3191.2637,2534700,31407900,7390207800,81556607700,3177.261,3200.9898,3148.2345,3183.7777
144838000,3191.2897,1774300,23750200,7391982100,81580357900,3177.261,3200.9898,3148.2345,3183.7777
144843000,3190.9844,1645200,16325400,7393627300,81596683300,3177.261,3200.9898,3148.2345,3183.7777
144848000,3191.1219,2265200,32097300,7395892500,81628780600,3177.261,3200.9898,3148.2345,3183.7777
144853000,3191.1425,1635800,19921600,7397528300,81648702200,3177.261,3200.9898,3148.2345,3183.7777
144858000,3191.224,1661200,22284500,7399189500,81670986700,3177.261,3200.9898,3148.2345,3183.7777
144903000,3191.4566,2953800,35309800,7402143300,81706296500,3177.261,3200.9898,3148.2345,3183.7777
144908000,3191.1817,2966400,32566700,7405109700,81738863200,3177.261,3200.9898,3148.2345,3183.7777
144913000,3191.021,2453200,23679600,7407562900,81762542800,3177.261,3200.9898,3148.2345,3183.7777
144918000,3191.0268,2501500,28783000,7410064400,81791325800,3177.261,3200.9898,3148.2345,3183.7777
144923000,3191.2069,2489400,20406800,7412553800,81811732600,3177.261,3200.9898,3148.2345,3183.7777
144928000,3191.6181,2105500,26174800,7414659300,81837907400,3177.261,3200.9898,3148.2345,3183.7777
144933000,3191.4733,2652300,33794300,7417311600,81871701700,3177.261,3200.9898,3148.2345,3183.7777
144938000,3191.9777,2643900,33762600,7419955500,81905464300,3177.261,3200.9898,3148.2345,3183.7777
144943000,3191.2489,1963000,22144600,7421918500,81927608900,3177.261,3200.9898,3148.2345,3183.7777
144948000,3191.5736,2446200,32112200,7424364700,81959721100,3177.261,3200.9898,3148.2345,3183.7777
144953000,3191.5976,2912200,28802400,7427276900,81988523500,3177.261,3200.9898,3148.2345,3183.7777
144958000,3191.454,2752000,32222400,7430028900,82020745900,3177.261,3200.9898,3148.2345,3183.7777
145003000,3191.8226,2448400,27776800,7432477300,82048522700,3177.261,3200.9898,3148.2345,3183.7777
145008000,3191.6627,3620700,39111800,7436098000,82087634500,3177.261,3200.9898,3148.2345,3183.7777
145013000,3192.1394,3021300,29506200,7439119300,82117140700,3177.261,3200.9898,3148.2345,3183.7777
145018000,3192.0023,2909000,41269900,7442028300,82158410600,3177.261,3200.9898,3148.2345,3183.7777
145023000,3192.0527,2412000,22204800,7444440300,82180615400,3177.261,3200.9898,3148.2345,3183.7777
145028000,3192.5236,2408600,27605400,7446848900,82208220800,3177.261,3200.9898,3148.2345,3183.7777
145033000,3192.4423,3021200,34133300,7449870100,82242354100,3177.261,3200.9898,3148.2345,3183.7777
145038000,3192.3424,2941600,33362200,7452811700,82275716300,3177.261,3200.9898,3148.2345,3183.7777
145043000,3191.8513,2365500,45404000,7455177200,82321120300,3177.261,3200.9898,3148.2345,3183.7777
145048000,3192.1835,2567400,34045500,7457744600,82355165800,3177.261,3200.9898,3148.2345,3183.7777
145053000,3192.4179,2276200,24616300,7460020800,82379782100,3177.261,3200.9898,3148.2345,3183.7777
145058000,3192.2642,2464900,28996500,7462485700,82408778600,3177.261,3200.9898,3148.2345,3183.7777
145103000,3192.5863,3101400,38061700,7465587100,82446840300,3177.261,3200.9898,3148.2345,3183.7777
145108000,3192.3643,2614100,31019400,7468201200,82477859700,3177.261,3200.9898,3148.2345,3183.7777
145113000,3192.4737,2685400,22939800,7470886600,82500799500,3177.261,3200.9898,3148.2345,3183.7777
145118000,3192.3628,3231100,33937500,7474117700,82534737000,3177.261,3200.9898,3148.2345,3183.7777
145123000,3192.2808,2218100,24454700,7476335800,82559191700,3177.261,3200.9898,3148.2345,3183.7777
145128000,3192.3373,2504500,33877600,7478840300,82593069300,3177.261,3200.9898,3148.2345,3183.7777
145133000,3192.7546,3345700,40861500,7482186000,82633930800,3177.261,3200.9898,3148.2345,3183.7777
145138000,3192.9092,3050000,29750100,7485236000,82663680900,3177.261,3200.9898,3148.2345,3183.7777
145143000,3192.5055,2238500,27617900,7487474500,82691298800,3177.261,3200.9898,3148.2345,3183.7777
145148000,3192.4919,2672900,33225700,7490147400,82724524500,3177.261,3200.9898,3148.2345,3183.7777
145153000,3192.8173,2723900,35288600,7492871300,82759813100,3177.261,3200.9898,3148.2345,3183.7777
145158000,3192.3878,2031200,33071200,7494902500,82792884300,3177.261,3200.9898,3148.2345,3183.7777
145203000,3192.4929,2859400,45787700,7497761900,82838672000,3177.261,3200.9898,3148.2345,3183.7777
145208000,3192.8021,3253900,45334400,7501015800,82884006400,3177.261,3200.9898,3148.2345,3183.7777
145213000,3192.6228,2658200,30853700,7503674000,82914860100,3177.261,3200.9898,3148.2345,3183.7777
145218000,3192.4706,2860400,31658300,7506534400,82946518400,3177.261,3200.9898,3148.2345,3183.7777
145223000,3192.5029,2939200,35459900,7509473600,82981978300,3177.261,3200.9898,3148.2345,3183.7777
145228000,3192.7573,3290200,37077400,7512763800,83019055700,3177.261,3200.9898,3148.2345,3183.7777
145233000,3192.9677,2784000,40323200,7515547800,83059378900,3177.261,3200.9898,3148.2345,3183.7777
145238000,3193.0767,3193200,43206300,7518741000,83102585200,3177.261,3200.9898,3148.2345,3183.7777
145243000,3192.8632,2024000,25804700,7520765000,83128389900,3177.261,3200.9898,3148.2345,3183.7777
145248000,3192.8539,3094700,35520600,7523859700,83163910500,3177.261,3200.9898,3148.2345,3183.7777
145253000,3193.0557,2035900,23860100,7525895600,83187770600,3177.261,3200.9898,3148.2345,3183.7777
145258000,3192.9659,2843200,38731200,7528738800,83226501800,3177.261,3200.9898,3148.2345,3183.7777
145303000,3193.093,3466600,43353900,7532205400,83269855700,3177.261,3200.9898,3148.2345,3183.7777
145308000,3193.2176,3706200,38794900,7535911600,83308650600,3177.261,3200.9898,3148.2345,3183.7777
145313000,3193.2529,3179300,28204200,7539090900,83336854800,3177.261,3200.9898,3148.2345,3183.7777
145318000,3192.7726,4994400,46970100,7544085300,83383824900,3177.261,3200.9898,3148.2345,3183.7777
145323000,3192.8209,2806100,31078900,7546891400,83414903800,3177.261,3200.9898,3148.2345,3183.7777
145328000,3192.7443,6064700,36830900,7552956100,83451734700,3177.261,3200.9898,3148.2345,3183.7777
145333000,3193.2228,2734500,33716400,7555690600,83485451100,3177.261,3200.9898,3148.2345,3183.7777
145338000,3192.6415,3937200,42423800,7559627800,83527874900,3177.261,3200.9898,3148.2345,3183.7777
145343000,3192.3433,2277700,26227700,7561905500,83554102600,3177.261,3200.9898,3148.2345,3183.7777
145348000,3192.5442,4298100,44694100,7566203600,83598796700,3177.261,3200.9898,3148.2345,3183.7777
145353000,3192.7478,2478600,26852000,7568682200,83625648700,3177.261,3200.9898,3148.2345,3183.7777
145358000,3192.7875,4365900,41430600,7573048100,83667079300,3177.261,3200.9898,3148.2345,3183.7777
145403000,3193.0715,3327000,43818800,7576375100,83710898100,3177.261,3200.9898,3148.2345,3183.7777
145408000,3192.7751,3980600,48607900,7580355700,83759506000,3177.261,3200.9898,3148.2345,3183.7777
145413000,3192.5993,2826700,31919400,7583182400,83791425400,3177.261,3200.9898,3148.2345,3183.7777
145418000,3192.5263,2995400,37224200,7586177800,83828649600,3177.261,3200.9898,3148.2345,3183.7777
145423000,3192.5684,3633600,33950600,7589811400,83862600200,3177.261,3200.9898,3148.2345,3183.7777
145428000,3192.7732,3031500,36844300,7592842900,83899444500,3177.261,3200.9898,3148.2345,3183.7777
145433000,3192.8587,3935800,42721400,7596778700,83942165900,3177.261,3200.9898,3148.2345,3183.7777
145438000,3193.0889,3428000,33671400,7600206700,83975837300,3177.261,3200.9898,3148.2345,3183.7777
145443000,3192.742,2371700,34422100,7602578400,84010259400,3177.261,3200.9898,3148.2345,3183.7777
145448000,3192.6469,3286900,40274000,7605865300,84050533400,3177.261,3200.9898,3148.2345,3183.7777
145453000,3192.7822,2376500,28788400,7608241800,84079321800,3177.261,3200.9898,3148.2345,3183.7777
145458000,3192.956,2872700,34661000,7611114500,84113982800,3177.261,3200.9898,3148.2345,3183.7777
145503000,3192.8876,3974100,44260300,7615088600,84158243100,3177.261,3200.9898,3148.2345,3183.7777
145508000,3192.9041,4848700,48740300,7619937300,84206983400,3177.261,3200.9898,3148.2345,3183.7777
145513000,3192.9016,2299400,26063600,7622236700,84233047000,3177.261,3200.9898,3148.2345,3183.7777
145518000,3192.7916,3025400,46195600,7625262100,84279242600,3177.261,3200.9898,3148.2345,3183.7777
145523000,3192.7966,2096400,24942200,7627358500,84304184800,3177.261,3200.9898,3148.2345,3183.7777
145528000,3192.3527,3199400,36771700,7630557900,84340956500,3177.261,3200.9898,3148.2345,3183.7777
145533000,3192.7853,3521100,39933500,7634079000,84380890000,3177.261,3200.9898,3148.2345,3183.7777
145538000,3192.9637,3632800,49146900,7637711800,84430036900,3177.261,3200.9898,3148.2345,3183.7777
145543000,3192.6054,2171300,27358500,7639883100,84457395400,3177.261,3200.9898,3148.2345,3183.7777
145548000,3192.5323,3227700,37444500,7643110800,84494839900,3177.261,3200.9898,3148.2345,3183.7777
145553000,3192.8077,2473500,28882800,7645584300,84523722700,3177.261,3200.9898,3148.2345,3183.7777
145558000,3192.6254,3232200,37875900,7648816500,84561598600,3177.261,3200.9898,3148.2345,3183.7777
145603000,3192.8783,3393200,36177900,7652209700,84597776500,3177.261,3200.9898,3148.2345,3183.7777
145608000,3192.7711,3914600,43756300,7656124300,84641532800,3177.261,3200.9898,3148.2345,3183.7777
145613000,3192.5072,2589800,26186500,7658714100,84667719300,3177.261,3200.9898,3148.2345,3183.7777
145618000,3192.6594,3786400,47857500,7662500500,84715576800,3177.261,3200.9898,3148.2345,3183.7777
145623000,3192.7935,3958500,40701600,7666459000,84756278400,3177.261,3200.9898,3148.2345,3183.7777
145628000,3193.079,3281500,38400600,7669740500,84794679000,3177.261,3200.9898,3148.2345,3183.7777
145633000,3192.7362,4158700,41382300,7673899200,84836061300,3177.261,3200.9898,3148.2345,3183.7777
145638000,3192.9777,4415200,50600000,7678314400,84886661300,3177.261,3200.9898,3148.2345,3183.7777
145643000,3193.251,2158800,30613600,7680473200,84917274900,3177.261,3200.9898,3148.2345,3183.7777
145648000,3193.4373,4098700,43846800,7684571900,84961121700,3177.261,3200.9898,3148.2345,3183.7777
145653000,3193.313,3341600,35864300,7687913500,84996986000,3177.261,3200.9898,3148.2345,3183.7777
145658000,3193.2392,2957600,34146400,7690871100,85031132400,3177.261,3200.9898,3148.2345,3183.7777
145703000,3193.369,2677200,33874500,7693548300,85065006900,3177.261,3200.9898,3148.2345,3183.7777
145708000,3193.3721,191900,2011500,7693740200,85067018400,3177.261,3200.9898,3148.2345,3183.7777
145713000,3193.3701,0,0,7693740200,85067018400,3177.261,3200.9898,3148.2345,3183.7777
150003000,3193.3701,6376200,95499100,7700116400,85162517500,3177.261,3200.9898,3148.2345,3183.7777
150008000,3193.8671,59617400,746223100,7759733800,85908740600,3177.261,3200.9898,3148.2345,3183.7777
150013000,3193.9018,0,0,7759733800,85908740600,3177.261,3200.9898,3148.2345,3183.7777
150018000,3193.9698,6099600,35168000,7765833400,85943908600,3177.261,3200.9898,3148.2345,3183.7777
