Time,Price,Volume,Turnover,AccVolume,AccTurnover,Open,High,Low,PreClose
92511000,4076.2953,78453000,1068478700,78453000,1068478700,0.0,0.0,0.0,4072.0753
92516000,4076.2953,0,0,78453000,1068478700,4076.2953,4076.2953,4076.2953,4072.0753
93001000,4076.3435,165000,13098000,78618000,1081576700,4076.2953,4076.3435,4076.2953,4072.0753
93006000,4076.6944,60636300,764484700,139254300,1846061400,4076.2953,4076.6944,4076.1052,4072.0753
93011000,4076.3955,46688400,605509400,185942700,2451570800,4076.2953,4076.6944,4076.0486,4072.0753
93016000,4076.0952,11510500,150444000,197453200,2602014800,4076.2953,4076.6944,4076.0486,4072.0753
93021000,4076.6908,9714400,143085200,207167600,2745100000,4076.2953,4076.6944,4076.0486,4072.0753
93026000,4076.5696,7930600,114611800,215098200,2859711800,4076.2953,4076.6944,4075.8891,4072.0753
93031000,4076.1918,9128100,111486700,224226300,2971198500,4076.2953,4076.6944,4075.8891,4072.0753
93036000,4075.985,9723700,131743500,233950000,3102942000,4076.2953,4076.7523,4075.8891,4072.0753
93041000,4075.7922,8218100,128917500,242168100,3231859500,4076.2953,4076.7523,4075.7922,4072.0753
93046000,4075.2078,11737200,148445100,253905300,3380304600,4076.2953,4076.7523,4075.2078,4072.0753
93051000,4075.1927,10375500,143524400,264280800,3523829000,4076.2953,4076.7523,4075.1927,4072.0753
93056000,4074.256,11250600,170791500,275531400,3694620500,4076.2953,4076.7523,4074.1811,4072.0753
93101000,4074.8574,8445500,103209300,283976900,3797829800,4076.2953,4076.7523,4074.1811,4072.0753
93106000,4075.3639,12340000,170971700,296316900,3968801500,4076.2953,4076.7523,4074.1811,4072.0753
93111000,4076.6044,11361900,136147700,307678800,4104949200,4076.2953,4076.7523,4074.1811,4072.0753
93116000,4075.6562,11356900,171033100,319035700,4275982300,4076.2953,4076.7523,4074.1811,4072.0753
93121000,4076.2516,13462900,199661800,332498600,4475644100,4076.2953,4076.7523,4074.1811,4072.0753
93126000,4076.1117,11069400,179647800,343568000,4655291900,4076.2953,4076.7523,4074.1811,4072.0753
93131000,4077.3841,8454700,124789800,352022700,4780081700,4076.2953,4077.3841,4074.1811,4072.0753
93136000,4076.2785,12289600,176030600,364312300,4956112300,4076.2953,4077.3841,4074.1811,4072.0753
93141000,4077.9514,11317400,167875300,375629700,5123987600,4076.2953,4077.9514,4074.1811,4072.0753
93146000,4077.5848,10921000,147607000,386550700,5271594600,4076.2953,4077.9514,4074.1811,4072.0753
93151000,4077.7811,13442800,183131700,399993500,5454726300,4076.2953,4077.9514,4074.1811,4072.0753
93156000,4079.1758,10218200,153667100,410211700,5608393400,4076.2953,4079.2759,4074.1811,4072.0753
93201000,4078.8209,8866900,128043300,419078600,5736436700,4076.2953,4079.2759,4074.1811,4072.0753
93206000,4079.2671,11913000,166642300,430991600,5903079000,4076.2953,4079.2759,4074.1811,4072.0753
93211000,4078.3904,9040500,125720300,440032100,6028799300,4076.2953,4079.2759,4074.1811,4072.0753
93216000,4078.7288,9111500,141642600,449143600,6170441900,4076.2953,4079.2759,4074.1811,4072.0753
93221000,4078.169,12524900,179925500,461668500,6350367400,4076.2953,4079.2759,4074.1811,4072.0753
93226000,4078.2806,11499000,181737800,473167500,6532105200,4076.2953,4079.2759,4074.1811,4072.0753
93231000,4077.6835,8543700,112408900,481711200,6644514100,4076.2953,4079.2759,4074.1811,4072.0753
93236000,4076.8957,12040600,173468300,493751800,6817982400,4076.2953,4079.2759,4074.1811,4072.0753
93241000,4075.9989,9249000,140543500,503000800,6958525900,4076.2953,4079.2759,4074.1811,4072.0753
93246000,4075.1082,10528400,145440900,513529200,7103966800,4076.2953,4079.2759,4074.1811,4072.0753
93251000,4073.9855,11484900,142642100,525014100,7246608900,4076.2953,4079.2759,4073.9855,4072.0753
93256000,4074.9147,11200700,163606100,536214800,7410215000,4076.2953,4079.2759,4073.9855,4072.0753
93301000,4075.1892,7096000,97906700,543310800,7508121700,4076.2953,4079.2759,4073.9855,4072.0753
93306000,4074.6029,12302000,160986900,555612800,7669108600,4076.2953,4079.2759,4073.9855,4072.0753
93311000,4075.0225,7818400,122042600,563431200,7791151200,4076.2953,4079.2759,4073.9855,4072.0753
93316000,4076.1636,8710100,135399500,572141300,7926550700,4076.2953,4079.2759,4073.9855,4072.0753
93321000,4077.3927,11830700,179634500,583972000,8106185200,4076.2953,4079.2759,4073.9855,4072.0753
93326000,4078.7868,11520100,180143100,595492100,8286328300,4076.2953,4079.2759,4073.9855,4072.0753
93331000,4078.4596,8571300,129592500,604063400,8415920800,4076.2953,4079.2759,4073.9855,4072.0753
93336000,4078.5664,11935000,168840600,615998400,8584761400,4076.2953,4079.2759,4073.9855,4072.0753
93341000,4078.8757,7776900,108691900,623775300,8693453300,4076.2953,4079.2759,4073.9855,4072.0753
93346000,4078.8657,8961300,108128200,632736600,8801581500,4076.2953,4079.2759,4073.9855,4072.0753
93351000,4081.2971,9611500,135420000,642348100,8937001500,4076.2953,4081.2971,4073.9855,4072.0753
93356000,4081.1687,9194600,150720600,651542700,9087722100,4076.2953,4081.3313,4073.9855,4072.0753
93401000,4082.8949,9268200,116899600,660810900,9204621700,4076.2953,4082.8949,4073.9855,4072.0753
93406000,4082.306,12091200,170752300,672902100,9375374000,4076.2953,4082.8949,4073.9855,4072.0753
93411000,4081.5606,6939400,101858300,679841500,9477232300,4076.2953,4082.8949,4073.9855,4072.0753
93416000,4081.9955,7819000,108879900,687660500,9586112200,4076.2953,4082.8949,4073.9855,4072.0753
93421000,4081.7421,9938000,140702100,697598500,9726814300,4076.2953,4082.8949,4073.9855,4072.0753
93426000,4081.4973,8163000,124408900,705761500,9851223200,4076.2953,4082.8949,4073.9855,4072.0753
93431000,4082.0555,6282500,92014900,712044000,9943238100,4076.2953,4082.8949,4073.9855,4072.0753
93436000,4081.9187,9533000,128486100,721577000,10071724200,4076.2953,4082.8949,4073.9855,4072.0753
93441000,4081.4387,9460600,115884300,731037600,10187608500,4076.2953,4082.8949,4073.9855,4072.0753
93446000,4081.2651,7857400,98442600,738895000,10286051100,4076.2953,4082.8949,4073.9855,4072.0753
93451000,4081.8119,8719200,119531300,747614200,10405582400,4076.2953,4082.8949,4073.9855,4072.0753
93456000,4081.5212,9159600,134319700,756773800,10539902100,4076.2953,4082.8949,4073.9855,4072.0753
93501000,4081.9824,6388900,89681600,763162700,10629583700,4076.2953,4082.8949,4073.9855,4072.0753
93506000,4082.1863,9813600,135170000,772976300,10764753700,4076.2953,4082.8949,4073.9855,4072.0753
93511000,4082.5457,6516100,102761200,779492400,10867514900,4076.2953,4082.8949,4073.9855,4072.0753
93516000,4083.0064,9447900,132789600,788940300,11000304500,4076.2953,4083.0064,4073.9855,4072.0753
93521000,4082.2449,9652000,124183400,798592300,11124487900,4076.2953,4083.0064,4073.9855,4072.0753
93526000,4082.445,10129400,153498500,808721700,11277986400,4076.2953,4083.0064,4073.9855,4072.0753
93531000,4083.3091,9366400,127628900,818088100,11405615300,4076.2953,4083.3091,4073.9855,4072.0753
93536000,4084.1121,9759700,152030900,827847800,11557646200,4076.2953,4084.3776,4073.9855,4072.0753
93541000,4083.8365,6658600,105076700,834506400,11662722900,4076.2953,4084.3776,4073.9855,4072.0753
93546000,4083.6181,7060300,102887500,841566700,11765610400,4076.2953,4084.3776,4073.9855,4072.0753
93551000,4083.5253,10045400,137027600,851612100,11902638000,4076.2953,4084.3776,4073.9855,4072.0753
93556000,4083.0577,8848200,129087300,860460300,12031725300,4076.2953,4084.3776,4073.9855,4072.0753
93601000,4082.137,6772900,94091500,867233200,12125816800,4076.2953,4084.3776,4073.9855,4072.0753
93606000,4081.9025,9301300,137568300,876534500,12263385100,4076.2953,4084.3776,4073.9855,4072.0753
93611000,4080.9344,8260000,113778500,884794500,12377163600,4076.2953,4084.3776,4073.9855,4072.0753
93616000,4079.965,9176100,132188000,893970600,12509351600,4076.2953,4084.3776,4073.9855,4072.0753
93621000,4079.4015,9899500,144145200,903870100,12653496800,4076.2953,4084.3776,4073.9855,4072.0753
93626000,4079.4713,10748300,156377200,914618400,12809874000,4076.2953,4084.3776,4073.9855,4072.0753
93631000,4078.7777,6527700,85759400,921146100,12895633400,4076.2953,4084.3776,4073.9855,4072.0753
93636000,4078.0756,13576900,180303700,934723000,13075937100,4076.2953,4084.3776,4073.9855,4072.0753
93641000,4077.7101,9409700,150462600,944132700,13226399700,4076.2953,4084.3776,4073.9855,4072.0753
93646000,4077.0425,9875300,130196100,954008000,13356595800,4076.2953,4084.3776,4073.9855,4072.0753
93651000,4076.2056,11312400,150999800,965320400,13507595600,4076.2953,4084.3776,4073.9855,4072.0753
93656000,4075.4911,10532200,127349000,975852600,13634944600,4076.2953,4084.3776,4073.9855,4072.0753
93701000,4075.1331,8387500,104508200,984240100,13739452800,4076.2953,4084.3776,4073.9855,4072.0753
93706000,4074.8459,11933200,160405900,996173300,13899858700,4076.2953,4084.3776,4073.9855,4072.0753
93711000,4074.4569,8184600,130833100,1004357900,14030691800,4076.2953,4084.3776,4073.9855,4072.0753
93716000,4074.0835,11896800,140535300,1016254700,14171227100,4076.2953,4084.3776,4073.9855,4072.0753
93721000,4072.8334,12816500,183118400,1029071200,14354345500,4076.2953,4084.3776,4072.8334,4072.0753
93726000,4072.5381,11409600,155044700,1040480800,14509390200,4076.2953,4084.3776,4072.5381,4072.0753
93731000,4072.1048,7536400,107037400,1048017200,14616427600,4076.2953,4084.3776,4072.1048,4072.0753
93736000,4071.3984,12287700,162223500,1060304900,14778651100,4076.2953,4084.3776,4071.3984,4072.0753
93741000,4070.2206,9423900,131478500,1069728800,14910129600,4076.2953,4084.3776,4070.2206,4072.0753
93746000,4070.0052,10368600,139649300,1080097400,15049778900,4076.2953,4084.3776,4070.0052,4072.0753
93751000,4068.7289,11071000,155925500,1091168400,15205704400,4076.2953,4084.3776,4068.7289,4072.0753
93756000,4068.1259,12721700,161609300,1103890100,15367313700,4076.2953,4084.3776,4068.1259,4072.0753
93801000,4067.8291,8670900,104387000,1112561000,15471700700,4076.2953,4084.3776,4067.8291,4072.0753
93806000,4067.4375,10634000,141355200,1123195000,15613055900,4076.2953,4084.3776,4067.4375,4072.0753
93811000,4067.1817,11008400,152784700,1134203400,15765840600,4076.2953,4084.3776,4067.1817,4072.0753
93816000,4066.8588,10645500,133905300,1144848900,15899745900,4076.2953,4084.3776,4066.5557,4072.0753
93821000,4066.6678,13066100,149643200,1157915000,16049389100,4076.2953,4084.3776,4066.5557,4072.0753
93826000,4066.9765,9945000,132356700,1167860000,16181745800,4076.2953,4084.3776,4066.5557,4072.0753
93831000,4066.77,7003300,90451000,1174863300,16272196800,4076.2953,4084.3776,4066.5557,4072.0753
93836000,4066.5032,11031600,155628700,1185894900,16427825500,4076.2953,4084.3776,4066.1112,4072.0753
93841000,4066.7314,8203500,116589500,1194098400,16544415000,4076.2953,4084.3776,4066.1112,4072.0753
93846000,4066.4631,8076600,120623900,1202175000,16665038900,4076.2953,4084.3776,4066.1112,4072.0753
93851000,4066.718,10631700,134147500,1212806700,16799186400,4076.2953,4084.3776,4066.1112,4072.0753
93856000,4069.4582,12630000,191488700,1225436700,16990675100,4076.2953,4084.3776,4066.1112,4072.0753
93901000,4070.2926,13895700,155457300,1239332400,17146132400,4076.2953,4084.3776,4066.1112,4072.0753
93906000,4070.3411,11312500,182745000,1250644900,17328877400,4076.2953,4084.3776,4066.1112,4072.0753
93911000,4070.4673,6185200,95486600,1256830100,17424364000,4076.2953,4084.3776,4066.1112,4072.0753
93916000,4070.9974,6463500,87615700,1263293600,17511979700,4076.2953,4084.3776,4066.1112,4072.0753
93921000,4070.2738,9029400,120914700,1272323000,17632894400,4076.2953,4084.3776,4066.1112,4072.0753
93926000,4070.2141,7325400,103684500,1279648400,17736578900,4076.2953,4084.3776,4066.1112,4072.0753
93931000,4070.134,3792400,49970000,1283440800,17786548900,4076.2953,4084.3776,4066.1112,4072.0753
93936000,4069.881,7119500,98814800,1290560300,17885363700,4076.2953,4084.3776,4066.1112,4072.0753
93941000,4069.5253,5645200,85636300,1296205500,17971000000,4076.2953,4084.3776,4066.1112,4072.0753
93946000,4069.8428,5455800,78176900,1301661300,18049176900,4076.2953,4084.3776,4066.1112,4072.0753
93951000,4068.8569,7489400,105384000,1309150700,18154560900,4076.2953,4084.3776,4066.1112,4072.0753
93956000,4069.1612,7696200,114202000,1316846900,18268762900,4076.2953,4084.3776,4066.1112,4072.0753
94001000,4068.5181,5911600,79141600,1322758500,18347904500,4076.2953,4084.3776,4066.1112,4072.0753
94006000,4069.1081,9215000,131092800,1331973500,18478997300,4076.2953,4084.3776,4066.1112,4072.0753
94011000,4068.3823,7332400,105397400,1339305900,18584394700,4076.2953,4084.3776,4066.1112,4072.0753
94016000,4068.6857,6578600,101215000,1345884500,18685609700,4076.2953,4084.3776,4066.1112,4072.0753
94021000,4068.1905,10012900,143836700,1355897400,18829446400,4076.2953,4084.3776,4066.1112,4072.0753
94026000,4067.6497,8373700,127419600,1364271100,18956866000,4076.2953,4084.3776,4066.1112,4072.0753
94031000,4067.5773,5937700,85844000,1370208800,19042710000,4076.2953,4084.3776,4066.1112,4072.0753
94036000,4066.9819,9381900,138883700,1379590700,19181593700,4076.2953,4084.3776,4066.1112,4072.0753
94041000,4066.8631,5831900,93081400,1385422600,19274675100,4076.2953,4084.3776,4066.1112,4072.0753
94046000,4066.5929,7227900,107821700,1392650500,19382496800,4076.2953,4084.3776,4066.1112,4072.0753
94051000,4066.0548,7852900,111505700,1400503400,19494002500,4076.2953,4084.3776,4066.0548,4072.0753
94056000,4066.3037,8583800,147311200,1409087200,19641313700,4076.2953,4084.3776,4066.0548,4072.0753
94101000,4065.907,6932000,104323700,1416019200,19745637400,4076.2953,4084.3776,4065.907,4072.0753
94106000,4066.5117,10813100,151259800,1426832300,19896897200,4076.2953,4084.3776,4065.907,4072.0753
94111000,4066.9964,8724700,124188600,1435557000,20021085800,4076.2953,4084.3776,4065.907,4072.0753
94116000,4068.0744,10219200,146764500,1445776200,20167850300,4076.2953,4084.3776,4065.907,4072.0753
94121000,4069.1882,12409300,175192100,1458185500,20343042400,4076.2953,4084.3776,4065.907,4072.0753
94126000,4069.9665,10506600,149631800,1468692100,20492674200,4076.2953,4084.3776,4065.907,4072.0753
94131000,4070.5021,7515100,93483500,1476207200,20586157700,4076.2953,4084.3776,4065.907,4072.0753
94136000,4070.7644,10790800,130831700,1486998000,20716989400,4076.2953,4084.3776,4065.907,4072.0753
94141000,4071.4177,8499700,118425900,1495497700,20835415300,4076.2953,4084.3776,4065.907,4072.0753
94146000,4071.8393,7851500,106153800,1503349200,20941569100,4076.2953,4084.3776,4065.907,4072.0753
94151000,4071.7227,11290600,130510400,1514639800,21072079500,4076.2953,4084.3776,4065.907,4072.0753
94156000,4072.7738,7641200,113189500,1522281000,21185269000,4076.2953,4084.3776,4065.907,4072.0753
94201000,4073.7131,5632200,76263200,1527913200,21261532200,4076.2953,4084.3776,4065.907,4072.0753
94206000,4073.6935,9880400,126052200,1537793600,21387584400,4076.2953,4084.3776,4065.907,4072.0753
94211000,4074.1395,5619900,91733300,1543413500,21479317700,4076.2953,4084.3776,4065.907,4072.0753
94216000,4074.2334,7786100,112339400,1551199600,21591657100,4076.2953,4084.3776,4065.907,4072.0753
94221000,4074.4663,9048100,120668500,1560247700,21712325600,4076.2953,4084.3776,4065.907,4072.0753
94226000,4074.4767,6333300,91934500,1566581000,21804260100,4076.2953,4084.3776,4065.907,4072.0753
94231000,4074.679,5227300,65673400,1571808300,21869933500,4076.2953,4084.3776,4065.907,4072.0753
94236000,4074.1029,8648500,105448200,1580456800,21975381700,4076.2953,4084.3776,4065.907,4072.0753
94241000,4074.9956,4907700,79605100,1585364500,22054986800,4076.2953,4084.3776,4065.907,4072.0753
94246000,4074.9576,6038700,90298300,1591403200,22145285100,4076.2953,4084.3776,4065.907,4072.0753
94251000,4074.5523,6994000,101066600,1598397200,22246351700,4076.2953,4084.3776,4065.907,4072.0753
94256000,4074.3189,7882600,108199100,1606279800,22354550800,4076.2953,4084.3776,4065.907,4072.0753
94301000,4074.1159,4753500,69517200,1611033300,22424068000,4076.2953,4084.3776,4065.907,4072.0753
94306000,4074.5137,7521100,109694400,1618554400,22533762400,4076.2953,4084.3776,4065.907,4072.0753
94311000,4073.8652,5708800,70769500,1624263200,22604531900,4076.2953,4084.3776,4065.907,4072.0753
94316000,4074.5628,5564700,75278200,1629827900,22679810100,4076.2953,4084.3776,4065.907,4072.0753
94321000,4073.7573,8158000,108902700,1637985900,22788712800,4076.2953,4084.3776,4065.907,4072.0753
94326000,4073.8948,6571200,92360300,1644557100,22881073100,4076.2953,4084.3776,4065.907,4072.0753
94331000,4074.439,5363100,75404500,1649920200,22956477600,4076.2953,4084.3776,4065.907,4072.0753
94336000,4074.3085,7843700,109272500,1657763900,23065750100,4076.2953,4084.3776,4065.907,4072.0753
94341000,4073.9813,8284200,107503100,1666048100,23173253200,4076.2953,4084.3776,4065.907,4072.0753
94346000,4073.4723,4979100,72134800,1671027200,23245388000,4076.2953,4084.3776,4065.907,4072.0753
94351000,4073.8732,7229500,112040500,1678256700,23357428500,4076.2953,4084.3776,4065.907,4072.0753
94356000,4073.7352,9726800,133819900,1687983500,23491248400,4076.2953,4084.3776,4065.907,4072.0753
94401000,4074.1903,4967200,66510700,1692950700,23557759100,4076.2953,4084.3776,4065.907,4072.0753
94406000,4074.4544,8416000,105287500,1701366700,23663046600,4076.2953,4084.3776,4065.907,4072.0753
94411000,4074.5966,7000400,99600700,1708367100,23762647300,4076.2953,4084.3776,4065.907,4072.0753
94416000,4075.5663,8583000,111734600,1716950100,23874381900,4076.2953,4084.3776,4065.907,4072.0753
94421000,4075.6759,8089000,117285000,1725039100,23991666900,4076.2953,4084.3776,4065.907,4072.0753
94426000,4076.5013,9298800,137060200,1734337900,24128727100,4076.2953,4084.3776,4065.907,4072.0753
94431000,4076.8358,7176100,101599800,1741514000,24230326900,4076.2953,4084.3776,4065.907,4072.0753
94436000,4078.1897,10567100,151408000,1752081100,24381734900,4076.2953,4084.3776,4065.907,4072.0753
94441000,4078.3935,8234100,126137900,1760315200,24507872800,4076.2953,4084.3776,4065.907,4072.0753
94446000,4078.5982,9803100,129837600,1770118300,24637710400,4076.2953,4084.3776,4065.907,4072.0753
94451000,4080.5135,11215000,149485300,1781333300,24787195700,4076.2953,4084.3776,4065.907,4072.0753
94456000,4080.8192,9336400,128272500,1790669700,24915468200,4076.2953,4084.3776,4065.907,4072.0753
94501000,4081.4302,7623100,107105700,1798292800,25022573900,4076.2953,4084.3776,4065.907,4072.0753
94506000,4081.5094,12600300,161444100,1810893100,25184018000,4076.2953,4084.3776,4065.907,4072.0753
94511000,4081.8017,7703500,107178000,1818596600,25291196000,4076.2953,4084.3776,4065.907,4072.0753
94516000,4081.7779,8847800,100203000,1827444400,25391399000,4076.2953,4084.3776,4065.907,4072.0753
94521000,4082.0925,9996200,128473000,1837440600,25519872000,4076.2953,4084.3776,4065.907,4072.0753
94526000,4082.0959,8661700,128922800,1846102300,25648794800,4076.2953,4084.3776,4065.907,4072.0753
94531000,4082.1879,6762700,73079300,1852865000,25721874100,4076.2953,4084.3776,4065.907,4072.0753
94536000,4082.841,9158400,112509100,1862023400,25834383200,4076.2953,4084.3776,4065.907,4072.0753
94541000,4083.0731,7027700,115607700,1869051100,25949990900,4076.2953,4084.3776,4065.907,4072.0753
94546000,4083.674,8525000,114352700,1877576100,26064343600,4076.2953,4084.3776,4065.907,4072.0753
94551000,4083.6861,14434000,171801200,1892010100,26236144800,4076.2953,4084.3776,4065.907,4072.0753
94556000,4084.4137,10214900,140453500,1902225000,26376598300,4076.2953,4084.4137,4065.907,4072.0753
94601000,4084.7547,8560600,106274000,1910785600,26482872300,4076.2953,4084.7547,4065.907,4072.0753
94606000,4085.5087,10421500,154358500,1921207100,26637230800,4076.2953,4085.6338,4065.907,4072.0753
94611000,4085.5532,8499300,132324700,1929706400,26769555500,4076.2953,4085.6338,4065.907,4072.0753
94616000,4086.3574,10645500,122862100,1940351900,26892417600,4076.2953,4086.3574,4065.907,4072.0753
94621000,4086.4347,12459800,150954700,1952811700,27043372300,4076.2953,4086.7263,4065.907,4072.0753
94626000,4087.0703,9218400,145616900,1962030100,27188989200,4076.2953,4087.0703,4065.907,4072.0753
94631000,4086.8008,7237600,96116200,1969267700,27285105400,4076.2953,4087.0703,4065.907,4072.0753
94636000,4087.0837,12021500,151168000,1981289200,27436273400,4076.2953,4087.0837,4065.907,4072.0753
94641000,4087.1593,8719800,124689800,1990009000,27560963200,4076.2953,4087.1593,4065.907,4072.0753
94646000,4086.9117,7151600,107925000,1997160600,27668888200,4076.2953,4087.1593,4065.907,4072.0753
94651000,4087.2225,9177500,115685000,2006338100,27784573200,4076.2953,4087.2225,4065.907,4072.0753
94656000,4086.8952,9296100,146466200,2015634200,27931039400,4076.2953,4087.2225,4065.907,4072.0753
94701000,4086.9358,5762900,76400900,2021397100,28007440300,4076.2953,4087.2225,4065.907,4072.0753
94706000,4085.852,10076900,131784300,2031474000,28139224600,4076.2953,4087.2225,4065.907,4072.0753
94711000,4086.5748,7253800,103993900,2038727800,28243218500,4076.2953,4087.2225,4065.907,4072.0753
94716000,4085.6053,8516800,101571400,2047244600,28344789900,4076.2953,4087.2225,4065.907,4072.0753
94721000,4085.1729,13053800,155915000,2060298400,28500704900,4076.2953,4087.2225,4065.907,4072.0753
94726000,4084.8505,10277500,122034200,2070575900,28622739100,4076.2953,4087.2225,4065.907,4072.0753
94731000,4085.0338,6684500,83443500,2077260400,28706182600,4076.2953,4087.2225,4065.907,4072.0753
94736000,4084.4152,9875000,125030000,2087135400,28831212600,4076.2953,4087.2225,4065.907,4072.0753
94741000,4084.3073,6929100,101118300,2094064500,28932330900,4076.2953,4087.2225,4065.907,4072.0753
94746000,4083.7023,7800700,96365000,2101865200,29028695900,4076.2953,4087.2225,4065.907,4072.0753
94751000,4083.7368,8723100,107171900,2110588300,29135867800,4076.2953,4087.2225,4065.907,4072.0753
94756000,4083.2586,7964400,111211200,2118552700,29247079000,4076.2953,4087.2225,4065.907,4072.0753
94801000,4082.8554,5861200,74924500,2124413900,29322003500,4076.2953,4087.2225,4065.907,4072.0753
94806000,4082.8485,7135800,97963100,2131549700,29419966600,4076.2953,4087.2225,4065.907,4072.0753
94811000,4082.5465,6763100,97446000,2138312800,29517412600,4076.2953,4087.2225,4065.907,4072.0753
94816000,4082.3416,6704400,97951200,2145017200,29615363800,4076.2953,4087.2225,4065.907,4072.0753
94821000,4082.7056,8069000,108086800,2153086200,29723450600,4076.2953,4087.2225,4065.907,4072.0753
94826000,4083.4208,7095400,101640700,2160181600,29825091300,4076.2953,4087.2225,4065.907,4072.0753
94831000,4083.4283,6810300,90398700,2166991900,29915490000,4076.2953,4087.2225,4065.907,4072.0753
94836000,4083.8763,7922100,116070300,2174914000,30031560300,4076.2953,4087.2225,4065.907,4072.0753
94841000,4084.3326,8447000,121664600,2183361000,30153224900,4076.2953,4087.2225,4065.907,4072.0753
94846000,4084.1012,9082700,136755300,2192443700,30289980200,4076.2953,4087.2225,4065.907,4072.0753
94851000,4084.1071,7880100,115251200,2200323800,30405231400,4076.2953,4087.2225,4065.907,4072.0753
94856000,4085.4091,8999900,127128700,2209323700,30532360100,4076.2953,4087.2225,4065.907,4072.0753
94901000,4085.5549,9164700,109095500,2218488400,30641455600,4076.2953,4087.2225,4065.907,4072.0753
94906000,4085.8601,9161700,137461700,2227650100,30778917300,4076.2953,4087.2225,4065.907,4072.0753
94911000,4085.6504,6457000,94800800,2234107100,30873718100,4076.2953,4087.2225,4065.907,4072.0753
94916000,4085.9157,6489000,90755200,2240596100,30964473300,4076.2953,4087.2225,4065.907,4072.0753
94921000,4086.1465,8132700,112793800,2248728800,31077267100,4076.2953,4087.2225,4065.907,4072.0753
94926000,4086.0043,6634600,99336200,2255363400,31176603300,4076.2953,4087.2225,4065.907,4072.0753
94931000,4085.614,5750300,73401100,2261113700,31250004400,4076.2953,4087.2225,4065.907,4072.0753
94936000,4086.2027,7963400,112658500,2269077100,31362662900,4076.2953,4087.2225,4065.907,4072.0753
94941000,4085.9827,5474900,82332000,2274552000,31444994900,4076.2953,4087.2225,4065.907,4072.0753
94946000,4085.7627,6548500,94945000,2281100500,31539939900,4076.2953,4087.2225,4065.907,4072.0753
94951000,4086.6389,10986200,131636600,2292086700,31671576500,4076.2953,4087.2225,4065.907,4072.0753
94956000,4086.0908,7591700,108456700,2299678400,31780033200,4076.2953,4087.2225,4065.907,4072.0753
95001000,4086.4814,6739000,94662900,2306417400,31874696100,4076.2953,4087.2225,4065.907,4072.0753
95006000,4087.9111,10343000,138503800,2316760400,32013199900,4076.2953,4087.9111,4065.907,4072.0753
95011000,4089.9003,14304900,196908900,2331065300,32210108800,4076.2953,4089.9003,4065.907,4072.0753
95016000,4091.5678,21792800,282521600,2352858100,32492630400,4076.2953,4091.5678,4065.907,4072.0753
95021000,4092.7359,20782600,266632600,2373640700,32759263000,4076.2953,4092.7359,4065.907,4072.0753
95026000,4094.6848,14634300,213380400,2388275000,32972643400,4076.2953,4094.6848,4065.907,4072.0753
95031000,4095.3647,15488500,177481900,2403763500,33150125300,4076.2953,4095.3647,4065.907,4072.0753
95036000,4097.3009,20448300,235624900,2424211800,33385750200,4076.2953,4097.3009,4065.907,4072.0753
95041000,4098.828,15059300,201443400,2439271100,33587193600,4076.2953,4098.828,4065.907,4072.0753
95046000,4099.5471,16207400,189836400,2455478500,33777030000,4076.2953,4099.5471,4065.907,4072.0753
95051000,4100.4835,16682300,198255200,2472160800,33975285200,4076.2953,4100.4835,4065.907,4072.0753
95056000,4100.663,12889800,179350900,2485050600,34154636100,4076.2953,4100.7075,4065.907,4072.0753
95101000,4101.1724,8968300,114724000,2494018900,34269360100,4076.2953,4101.1724,4065.907,4072.0753
95106000,4101.2428,16794400,198693300,2510813300,34468053400,4076.2953,4101.4465,4065.907,4072.0753
95111000,4103.2062,14638600,188562800,2525451900,34656616200,4076.2953,4103.2062,4065.907,4072.0753
95116000,4104.6536,17750000,225469000,2543201900,34882085200,4076.2953,4104.6536,4065.907,4072.0753
95121000,4105.6461,23005700,276027300,2566207600,35158112500,4076.2953,4105.6461,4065.907,4072.0753
95126000,4106.6608,20998100,274443900,2587205700,35432556400,4076.2953,4106.6608,4065.907,4072.0753
95131000,4107.9564,14938700,193511300,2602144400,35626067700,4076.2953,4107.9564,4065.907,4072.0753
95136000,4109.0725,22536500,267257400,2624680900,35893325100,4076.2953,4109.0725,4065.907,4072.0753
95141000,4110.0469,15224200,190179800,2639905100,36083504900,4076.2953,4110.0469,4065.907,4072.0753
95146000,4110.3893,16262800,222646700,2656167900,36306151600,4076.2953,4110.3893,4065.907,4072.0753
95151000,4110.496,16552100,209526100,2672720000,36515677700,4076.2953,4110.7144,4065.907,4072.0753
95156000,4110.6513,15705300,183046600,2688425300,36698724300,4076.2953,4110.7144,4065.907,4072.0753
95201000,4111.1033,8247600,101227600,2696672900,36799951900,4076.2953,4111.1033,4065.907,4072.0753
95206000,4110.5662,13352700,180666900,2710025600,36980618800,4076.2953,4111.1033,4065.907,4072.0753
95211000,4110.5078,10312900,147366900,2720338500,37127985700,4076.2953,4111.1033,4065.907,4072.0753
95216000,4110.925,12649300,164324400,2732987800,37292310100,4076.2953,4111.1033,4065.907,4072.0753
95221000,4109.7955,14067600,162439400,2747055400,37454749500,4076.2953,4111.1033,4065.907,4072.0753
95226000,4109.1577,13490900,190220000,2760546300,37644969500,4076.2953,4111.1033,4065.907,4072.0753
95231000,4108.9436,8708500,117077100,2769254800,37762046600,4076.2953,4111.1033,4065.907,4072.0753
95236000,4108.5333,14300900,195056700,2783555700,37957103300,4076.2953,4111.1033,4065.907,4072.0753
95241000,4107.3427,8233700,116746800,2791789400,38073850100,4076.2953,4111.1033,4065.907,4072.0753
95246000,4106.9041,10989200,143483700,2802778600,38217333800,4076.2953,4111.1033,4065.907,4072.0753
95251000,4106.6222,11787000,155930700,2814565600,38373264500,4076.2953,4111.1033,4065.907,4072.0753
95256000,4106.2415,12484300,155208700,2827049900,38528473200,4076.2953,4111.1033,4065.907,4072.0753
95301000,4106.6347,7579100,92790900,2834629000,38621264100,4076.2953,4111.1033,4065.907,4072.0753
95306000,4105.8508,10537500,146611600,2845166500,38767875700,4076.2953,4111.1033,4065.907,4072.0753
95311000,4106.0757,7672900,105176200,2852839400,38873051900,4076.2953,4111.1033,4065.907,4072.0753
95316000,4107.2338,9241900,127330800,2862081300,39000382700,4076.2953,4111.1033,4065.907,4072.0753
95321000,4107.0116,14692700,167950700,2876774000,39168333400,4076.2953,4111.1033,4065.907,4072.0753
95326000,4106.4583,9244400,127890800,2886018400,39296224200,4076.2953,4111.1033,4065.907,4072.0753
95331000,4106.6362,7485900,97967700,2893504300,39394191900,4076.2953,4111.1033,4065.907,4072.0753
95336000,4106.4195,10182400,123759100,2903686700,39517951000,4076.2953,4111.1033,4065.907,4072.0753
95341000,4106.0435,8421800,114742000,2912108500,39632693000,4076.2953,4111.1033,4065.907,4072.0753
95346000,4106.2646,7460400,94680000,2919568900,39727373000,4076.2953,4111.1033,4065.907,4072.0753
95351000,4105.9359,7458700,97586700,2927027600,39824959700,4076.2953,4111.1033,4065.907,4072.0753
95356000,4105.2773,8079500,114377500,2935107100,39939337200,4076.2953,4111.1033,4065.907,4072.0753
95401000,4105.0251,6622600,80030500,2941729700,40019367700,4076.2953,4111.1033,4065.907,4072.0753
95406000,4104.5548,7292800,114558500,2949022500,40133926200,4076.2953,4111.1033,4065.907,4072.0753
95411000,4105.159,7960400,97600700,2956982900,40231526900,4076.2953,4111.1033,4065.907,4072.0753
95416000,4105.1679,12142300,136059000,2969125200,40367585900,4076.2953,4111.1033,4065.907,4072.0753
95421000,4105.7481,12189900,145650700,2981315100,40513236600,4076.2953,4111.1033,4065.907,4072.0753
95426000,4106.0417,12849100,164841500,2994164200,40678078100,4076.2953,4111.1033,4065.907,4072.0753
95431000,4106.3666,6074700,84212800,3000238900,40762290900,4076.2953,4111.1033,4065.907,4072.0753
95436000,4106.3372,11289300,146253300,3011528200,40908544200,4076.2953,4111.1033,4065.907,4072.0753
95441000,4106.6702,7427200,112893800,3018955400,41021438000,4076.2953,4111.1033,4065.907,4072.0753
95446000,4106.9978,8752400,124856300,3027707800,41146294300,4076.2953,4111.1033,4065.907,4072.0753
95451000,4106.9497,10760400,139165500,3038468200,41285459800,4076.2953,4111.1033,4065.907,4072.0753
95456000,4107.2814,7736400,125736400,3046204600,41411196200,4076.2953,4111.1033,4065.907,4072.0753
95501000,4108.0058,7435000,114551200,3053639600,41525747400,4076.2953,4111.1033,4065.907,4072.0753
95506000,4108.0143,9165300,121111500,3062804900,41646858900,4076.2953,4111.1033,4065.907,4072.0753
95511000,4108.4203,8166700,139748500,3070971600,41786607400,4076.2953,4111.1033,4065.907,4072.0753
95516000,4108.9267,9150000,132198200,3080121600,41918805600,4076.2953,4111.1033,4065.907,4072.0753
95521000,4108.6106,9837400,144040500,3089959000,42062846100,4076.2953,4111.1033,4065.907,4072.0753
95526000,4107.9362,8980700,150846000,3098939700,42213692100,4076.2953,4111.1033,4065.907,4072.0753
95531000,4107.2688,6361200,88361400,3105300900,42302053500,4076.2953,4111.1033,4065.907,4072.0753
95536000,4106.5897,8943500,145804300,3114244400,42447857800,4076.2953,4111.1033,4065.907,4072.0753
95541000,4106.4984,7561200,107835300,3121805600,42555693100,4076.2953,4111.1033,4065.907,4072.0753
95546000,4106.2156,8325100,106031600,3130130700,42661724700,4076.2953,4111.1033,4065.907,4072.0753
95551000,4106.5042,8151800,120267600,3138282500,42781992300,4076.2953,4111.1033,4065.907,4072.0753
95556000,4105.5264,8676300,124745900,3146958800,42906738200,4076.2953,4111.1033,4065.907,4072.0753
95601000,4105.1492,5319300,75785500,3152278100,42982523700,4076.2953,4111.1033,4065.907,4072.0753
95606000,4104.8223,8010100,117979500,3160288200,43100503200,4076.2953,4111.1033,4065.907,4072.0753
95611000,4104.5065,4277400,68271000,3164565600,43168774200,4076.2953,4111.1033,4065.907,4072.0753
95616000,4104.1875,7756100,96694000,3172321700,43265468200,4076.2953,4111.1033,4065.907,4072.0753
95621000,4104.4322,6897200,91338200,3179218900,43356806400,4076.2953,4111.1033,4065.907,4072.0753
95626000,4103.7759,8358700,117931100,3187577600,43474737500,4076.2953,4111.1033,4065.907,4072.0753
95631000,4103.6656,6760700,82653000,3194338300,43557390500,4076.2953,4111.1033,4065.907,4072.0753
95636000,4102.7682,8473300,108167300,3202811600,43665557800,4076.2953,4111.1033,4065.907,4072.0753
95641000,4102.8445,5250200,74776600,3208061800,43740334400,4076.2953,4111.1033,4065.907,4072.0753
95646000,4102.3507,8063800,106880600,3216125600,43847215000,4076.2953,4111.1033,4065.907,4072.0753
95651000,4101.9237,7404600,103577500,3223530200,43950792500,4076.2953,4111.1033,4065.907,4072.0753
95656000,4103.3178,7646000,105811300,3231176200,44056603800,4076.2953,4111.1033,4065.907,4072.0753
95701000,4102.4742,7206700,83387800,3238382900,44139991600,4076.2953,4111.1033,4065.907,4072.0753
95706000,4101.4916,7809700,109667500,3246192600,44249659100,4076.2953,4111.1033,4065.907,4072.0753
95711000,4101.4262,6216900,83077900,3252409500,44332737000,4076.2953,4111.1033,4065.907,4072.0753
95716000,4100.6367,6603800,87567600,3259013300,44420304600,4076.2953,4111.1033,4065.907,4072.0753
95721000,4099.751,7931700,106847500,3266945000,44527152100,4076.2953,4111.1033,4065.907,4072.0753
95726000,4098.8405,7559200,101201300,3274504200,44628353400,4076.2953,4111.1033,4065.907,4072.0753
95731000,4099.4028,7857700,93964200,3282361900,44722317600,4076.2953,4111.1033,4065.907,4072.0753
95736000,4098.7146,9763400,121340100,3292125300,44843657700,4076.2953,4111.1033,4065.907,4072.0753
95741000,4098.3253,4994800,66544600,3297120100,44910202300,4076.2953,4111.1033,4065.907,4072.0753
95746000,4098.103,7228600,93182900,3304348700,45003385200,4076.2953,4111.1033,4065.907,4072.0753
95751000,4097.8553,8039600,93148500,3312388300,45096533700,4076.2953,4111.1033,4065.907,4072.0753
95756000,4098.062,6636800,96784900,3319025100,45193318600,4076.2953,4111.1033,4065.907,4072.0753
95801000,4098.5784,6332100,79787400,3325357200,45273106000,4076.2953,4111.1033,4065.907,4072.0753
95806000,4099.6022,10184100,137992900,3335541300,45411098900,4076.2953,4111.1033,4065.907,4072.0753
95811000,4101.0808,9548100,128414900,3345089400,45539513800,4076.2953,4111.1033,4065.907,4072.0753
95816000,4102.4556,13050400,167732700,3358139800,45707246500,4076.2953,4111.1033,4065.907,4072.0753
95821000,4103.7577,11512000,158683100,3369651800,45865929600,4076.2953,4111.1033,4065.907,4072.0753
95826000,4104.1508,8173900,134246200,3377825700,46000175800,4076.2953,4111.1033,4065.907,4072.0753
95831000,4103.7952,6675900,89381600,3384501600,46089557400,4076.2953,4111.1033,4065.907,4072.0753
95836000,4104.2539,7314400,102557900,3391816000,46192115300,4076.2953,4111.1033,4065.907,4072.0753
95841000,4104.1269,9013000,114518900,3400829000,46306634200,4076.2953,4111.1033,4065.907,4072.0753
95846000,4103.3593,6900100,110980700,3407729100,46417614900,4076.2953,4111.1033,4065.907,4072.0753
95851000,4104.2454,6327900,91575400,3414057000,46509190300,4076.2953,4111.1033,4065.907,4072.0753
95856000,4104.192,5624400,82474900,3419681400,46591665200,4076.2953,4111.1033,4065.907,4072.0753
95901000,4104.4556,6004300,71068400,3425685700,46662733600,4076.2953,4111.1033,4065.907,4072.0753
95906000,4104.8974,7309900,120723900,3432995600,46783457500,4076.2953,4111.1033,4065.907,4072.0753
95911000,4105.4275,10986700,99124300,3443982300,46882581800,4076.2953,4111.1033,4065.907,4072.0753
95916000,4105.5071,9623700,124908000,3453606000,47007489800,4076.2953,4111.1033,4065.907,4072.0753
95921000,4105.5134,7387200,150180800,3460993200,47157670600,4076.2953,4111.1033,4065.907,4072.0753
95926000,4106.0539,7500700,111483300,3468493900,47269153900,4076.2953,4111.1033,4065.907,4072.0753
95931000,4105.3744,5938400,88865200,3474432300,47358019100,4076.2953,4111.1033,4065.907,4072.0753
95936000,4104.4156,11776300,140940200,3486208600,47498959300,4076.2953,4111.1033,4065.907,4072.0753
95941000,4104.4555,6356200,95028400,3492564800,47593987700,4076.2953,4111.1033,4065.907,4072.0753
95946000,4103.8708,9937800,138399200,3502502600,47732386900,4076.2953,4111.1033,4065.907,4072.0753
95951000,4104.2346,7683300,112074600,3510185900,47844461500,4076.2953,4111.1033,4065.907,4072.0753
95956000,4103.9165,6281500,90101600,3516467400,47934563100,4076.2953,4111.1033,4065.907,4072.0753
100001000,4103.807,6438000,78948600,3522905400,48013511700,4076.2953,4111.1033,4065.907,4072.0753
100006000,4103.2765,7841800,117042300,3530747200,48130554000,4076.2953,4111.1033,4065.907,4072.0753
100011000,4104.1119,4650000,70675100,3535397200,48201229100,4076.2953,4111.1033,4065.907,4072.0753
100016000,4103.765,8081800,109615400,3543479000,48310844500,4076.2953,4111.1033,4065.907,4072.0753
100021000,4103.6613,6204500,82686900,3549683500,48393531400,4076.2953,4111.1033,4065.907,4072.0753
100026000,4103.7265,5209200,79651800,3554892700,48473183200,4076.2953,4111.1033,4065.907,4072.0753
100031000,4103.2961,4307800,52771700,3559200500,48525954900,4076.2953,4111.1033,4065.907,4072.0753
100036000,4102.3606,6864500,95011100,3566065000,48620966000,4076.2953,4111.1033,4065.907,4072.0753
100041000,4102.0882,5472500,80236000,3571537500,48701202000,4076.2953,4111.1033,4065.907,4072.0753
100046000,4102.4249,6319400,91465100,3577856900,48792667100,4076.2953,4111.1033,4065.907,4072.0753
100051000,4102.145,6572200,83688100,3584429100,48876355200,4076.2953,4111.1033,4065.907,4072.0753
100056000,4102.238,6765800,98386200,3591194900,48974741400,4076.2953,4111.1033,4065.907,4072.0753
100101000,4101.0394,5517100,63384300,3596712000,49038125700,4076.2953,4111.1033,4065.907,4072.0753
100106000,4101.1684,6129000,85785500,3602841000,49123911200,4076.2953,4111.1033,4065.907,4072.0753
100111000,4100.787,5244000,76419200,3608085000,49200330400,4076.2953,4111.1033,4065.907,4072.0753
100116000,4100.0702,6247600,92290700,3614332600,49292621100,4076.2953,4111.1033,4065.907,4072.0753
100121000,4099.8621,5726700,92223800,3620059300,49384844900,4076.2953,4111.1033,4065.907,4072.0753
100126000,4100.113,5101400,80762000,3625160700,49465606900,4076.2953,4111.1033,4065.907,4072.0753
100131000,4099.9851,4690900,71151000,3629851600,49536757900,4076.2953,4111.1033,4065.907,4072.0753
100136000,4099.8102,7475500,130087300,3637327100,49666845200,4076.2953,4111.1033,4065.907,4072.0753
100141000,4099.0875,4296300,69473200,3641623400,49736318400,4076.2953,4111.1033,4065.907,4072.0753
100146000,4099.0396,6499100,81179100,3648122500,49817497500,4076.2953,4111.1033,4065.907,4072.0753
100151000,4098.8481,6823500,110351600,3654946000,49927849100,4076.2953,4111.1033,4065.907,4072.0753
100156000,4098.3653,6592700,94239200,3661538700,50022088300,4076.2953,4111.1033,4065.907,4072.0753
100201000,4098.1899,5912400,87487000,3667451100,50109575300,4076.2953,4111.1033,4065.907,4072.0753
100206000,4098.8028,6154000,95144100,3673605100,50204719400,4076.2953,4111.1033,4065.907,4072.0753
100211000,4099.5872,5741600,81158100,3679346700,50285877500,4076.2953,4111.1033,4065.907,4072.0753
100216000,4099.5985,7923200,121785200,3687269900,50407662700,4076.2953,4111.1033,4065.907,4072.0753
100221000,4100.1044,8983800,128625300,3696253700,50536288000,4076.2953,4111.1033,4065.907,4072.0753
100226000,4099.1151,4779800,75683900,3701033500,50611971900,4076.2953,4111.1033,4065.907,4072.0753
100231000,4098.7204,4628400,63788500,3705661900,50675760400,4076.2953,4111.1033,4065.907,4072.0753
100236000,4099.0955,6578300,85915500,3712240200,50761675900,4076.2953,4111.1033,4065.907,4072.0753
100241000,4099.3832,4108400,69085300,3716348600,50830761200,4076.2953,4111.1033,4065.907,4072.0753
100246000,4099.3367,5761300,80653000,3722109900,50911414200,4076.2953,4111.1033,4065.907,4072.0753
100251000,4099.4146,4576100,66686000,3726686000,50978100200,4076.2953,4111.1033,4065.907,4072.0753
100256000,4099.7539,4880500,68695000,3731566500,51046795200,4076.2953,4111.1033,4065.907,4072.0753
100301000,4098.4858,3903200,56518100,3735469700,51103313300,4076.2953,4111.1033,4065.907,4072.0753
100306000,4098.3372,4529500,65724400,3739999200,51169037700,4076.2953,4111.1033,4065.907,4072.0753
100311000,4098.7679,3336600,54416100,3743335800,51223453800,4076.2953,4111.1033,4065.907,4072.0753
100316000,4098.3157,4468900,63388600,3747804700,51286842400,4076.2953,4111.1033,4065.907,4072.0753
100321000,4098.506,5518600,74634000,3753323300,51361476400,4076.2953,4111.1033,4065.907,4072.0753
100326000,4098.0644,5059900,66551400,3758383200,51428027800,4076.2953,4111.1033,4065.907,4072.0753
100331000,4098.0334,3741700,55047500,3762124900,51483075300,4076.2953,4111.1033,4065.907,4072.0753
100336000,4097.2914,4901100,69186600,3767026000,51552261900,4076.2953,4111.1033,4065.907,4072.0753
100341000,4097.3893,3345800,46816300,3770371800,51599078200,4076.2953,4111.1033,4065.907,4072.0753
100346000,4096.9172,4625600,89093900,3774997400,51688172100,4076.2953,4111.1033,4065.907,4072.0753
100351000,4096.8117,6375100,89200800,3781372500,51777372900,4076.2953,4111.1033,4065.907,4072.0753
100356000,4096.2802,4667600,68836700,3786040100,51846209600,4076.2953,4111.1033,4065.907,4072.0753
100401000,4095.5579,4465100,65211800,3790505200,51911421400,4076.2953,4111.1033,4065.907,4072.0753
100406000,4095.5566,5893200,86489900,3796398400,51997911300,4076.2953,4111.1033,4065.907,4072.0753
100411000,4095.7028,4227200,62848500,3800625600,52060759800,4076.2953,4111.1033,4065.907,4072.0753
100416000,4095.3326,4492300,64207200,3805117900,52124967000,4076.2953,4111.1033,4065.907,4072.0753
100421000,4095.0043,6026400,90031300,3811144300,52214998300,4076.2953,4111.1033,4065.907,4072.0753
100426000,4094.8571,4270200,70244100,3815414500,52285242400,4076.2953,4111.1033,4065.907,4072.0753
100431000,4095.1686,3789300,51154200,3819203800,52336396600,4076.2953,4111.1033,4065.907,4072.0753
100436000,4094.6199,4671800,65849300,3823875600,52402245900,4076.2953,4111.1033,4065.907,4072.0753
100441000,4094.4862,3089900,49597900,3826965500,52451843800,4076.2953,4111.1033,4065.907,4072.0753
100446000,4093.9059,6790400,79005400,3833755900,52530849200,4076.2953,4111.1033,4065.907,4072.0753
100451000,4092.7732,7955900,96190300,3841711800,52627039500,4076.2953,4111.1033,4065.907,4072.0753
100456000,4092.0234,9847500,134396800,3851559300,52761436300,4076.2953,4111.1033,4065.907,4072.0753
100501000,4090.3696,9947500,123497600,3861506800,52884933900,4076.2953,4111.1033,4065.907,4072.0753
100506000,4088.3153,15116700,185646200,3876623500,53070580100,4076.2953,4111.1033,4065.907,4072.0753
100511000,4087.0859,8743600,116413000,3885367100,53186993100,4076.2953,4111.1033,4065.907,4072.0753
100516000,4085.6464,16256600,178023300,3901623700,53365016400,4076.2953,4111.1033,4065.907,4072.0753
100521000,4084.3092,17302000,188790600,3918925700,53553807000,4076.2953,4111.1033,4065.907,4072.0753
100526000,4083.0942,14881500,181552500,3933807200,53735359500,4076.2953,4111.1033,4065.907,4072.0753
100531000,4081.5762,12979400,148603400,3946786600,53883962900,4076.2953,4111.1033,4065.907,4072.0753
100536000,4079.9945,20871700,228823600,3967658300,54112786500,4076.2953,4111.1033,4065.907,4072.0753
100541000,4079.1558,14922200,153983600,3982580500,54266770100,4076.2953,4111.1033,4065.907,4072.0753
100546000,4077.7125,18010400,179857600,4000590900,54446627700,4076.2953,4111.1033,4065.907,4072.0753
100551000,4077.8901,16373200,188464800,4016964100,54635092500,4076.2953,4111.1033,4065.907,4072.0753
100556000,4077.2049,14990600,149705200,4031954700,54784797700,4076.2953,4111.1033,4065.907,4072.0753
100601000,4076.8124,9666900,119929700,4041621600,54904727400,4076.2953,4111.1033,4065.907,4072.0753
100606000,4076.8681,17176200,197223100,4058797800,55101950500,4076.2953,4111.1033,4065.907,4072.0753
100611000,4076.3986,8236800,85314400,4067034600,55187264900,4076.2953,4111.1033,4065.907,4072.0753
100616000,4077.0179,11128400,140817000,4078163000,55328081900,4076.2953,4111.1033,4065.907,4072.0753
100621000,4076.9837,12648900,135210700,4090811900,55463292600,4076.2953,4111.1033,4065.907,4072.0753
100626000,4076.5713,10445000,119505100,4101256900,55582797700,4076.2953,4111.1033,4065.907,4072.0753
100631000,4076.7882,7521500,87843600,4108778400,55670641300,4076.2953,4111.1033,4065.907,4072.0753
100636000,4077.039,11017900,127971800,4119796300,55798613100,4076.2953,4111.1033,4065.907,4072.0753
100641000,4077.3654,6442700,86937500,4126239000,55885550600,4076.2953,4111.1033,4065.907,4072.0753
100646000,4077.5472,8452900,105971700,4134691900,55991522300,4076.2953,4111.1033,4065.907,4072.0753
100651000,4078.1867,10046200,124270600,4144738100,56115792900,4076.2953,4111.1033,4065.907,4072.0753
100656000,4078.5968,7963500,106914300,4152701600,56222707200,4076.2953,4111.1033,4065.907,4072.0753
100701000,4079.9879,5262300,69269200,4157963900,56291976400,4076.2953,4111.1033,4065.907,4072.0753
100706000,4080.2539,8288100,100081800,4166252000,56392058200,4076.2953,4111.1033,4065.907,4072.0753
100711000,4080.3712,4684300,61944000,4170936300,56454002200,4076.2953,4111.1033,4065.907,4072.0753
100716000,4080.743,6964800,96578200,4177901100,56550580400,4076.2953,4111.1033,4065.907,4072.0753
100721000,4080.4317,5987600,78665900,4183888700,56629246300,4076.2953,4111.1033,4065.907,4072.0753
100726000,4081.5024,5153700,72874200,4189042400,56702120500,4076.2953,4111.1033,4065.907,4072.0753
100731000,4081.3448,4925700,62416400,4193968100,56764536900,4076.2953,4111.1033,4065.907,4072.0753
100736000,4081.9497,7252700,88068600,4201220800,56852605500,4076.2953,4111.1033,4065.907,4072.0753
100741000,4081.2154,4345000,64779000,4205565800,56917384500,4076.2953,4111.1033,4065.907,4072.0753
100746000,4082.2251,6469200,88326800,4212035000,57005711300,4076.2953,4111.1033,4065.907,4072.0753
100751000,4082.9125,5836700,82042100,4217871700,57087753400,4076.2953,4111.1033,4065.907,4072.0753
100756000,4083.3082,4362200,64481600,4222233900,57152235000,4076.2953,4111.1033,4065.907,4072.0753
100801000,4083.6865,3699000,49250800,4225932900,57201485800,4076.2953,4111.1033,4065.907,4072.0753
100806000,4083.2218,5609800,83312800,4231542700,57284798600,4076.2953,4111.1033,4065.907,4072.0753
100811000,4082.9207,6074300,100396500,4237617000,57385195100,4076.2953,4111.1033,4065.907,4072.0753
100816000,4081.3317,7098300,79668700,4244715300,57464863800,4076.2953,4111.1033,4065.907,4072.0753
100821000,4081.0557,7312900,103322200,4252028200,57568186000,4076.2953,4111.1033,4065.907,4072.0753
100826000,4080.8071,4659800,65848900,4256688000,57634034900,4076.2953,4111.1033,4065.907,4072.0753
100831000,4079.8937,4656100,75718300,4261344100,57709753200,4076.2953,4111.1033,4065.907,4072.0753
100836000,4079.5754,6618900,83756400,4267963000,57793509600,4076.2953,4111.1033,4065.907,4072.0753
100841000,4079.1829,4671300,64564800,4272634300,57858074400,4076.2953,4111.1033,4065.907,4072.0753
100846000,4078.6636,7318000,106176900,4279952300,57964251300,4076.2953,4111.1033,4065.907,4072.0753
100851000,4078.0877,6108600,83352400,4286060900,58047603700,4076.2953,4111.1033,4065.907,4072.0753
100856000,4078.001,5361500,78475000,4291422400,58126078700,4076.2953,4111.1033,4065.907,4072.0753
100901000,4078.1097,4805500,66347700,4296227900,58192426400,4076.2953,4111.1033,4065.907,4072.0753
100906000,4077.4218,5940700,77558200,4302168600,58269984600,4076.2953,4111.1033,4065.907,4072.0753
100911000,4076.9486,3255800,50956900,4305424400,58320941500,4076.2953,4111.1033,4065.907,4072.0753
100916000,4076.9348,5654300,74497200,4311078700,58395438700,4076.2953,4111.1033,4065.907,4072.0753
100921000,4076.5352,6120700,91657900,4317199400,58487096600,4076.2953,4111.1033,4065.907,4072.0753
100926000,4076.8909,4987300,68763900,4322186700,58555860500,4076.2953,4111.1033,4065.907,4072.0753
100931000,4076.9903,3858900,52505100,4326045600,58608365600,4076.2953,4111.1033,4065.907,4072.0753
100936000,4076.7981,4988300,81668800,4331033900,58690034400,4076.2953,4111.1033,4065.907,4072.0753
100941000,4076.897,4685800,68113900,4335719700,58758148300,4076.2953,4111.1033,4065.907,4072.0753
100946000,4077.2754,4576900,63622100,4340296600,58821770400,4076.2953,4111.1033,4065.907,4072.0753
100951000,4077.3214,5936000,74391400,4346232600,58896161800,4076.2953,4111.1033,4065.907,4072.0753
100956000,4077.177,3748200,57322300,4349980800,58953484100,4076.2953,4111.1033,4065.907,4072.0753
101001000,4076.9755,4271000,47769500,4354251800,59001253600,4076.2953,4111.1033,4065.907,4072.0753
101006000,4076.8164,5674900,71556300,4359926700,59072809900,4076.2953,4111.1033,4065.907,4072.0753
101011000,4076.0802,3877300,59215500,4363804000,59132025400,4076.2953,4111.1033,4065.907,4072.0753
101016000,4076.0328,4181000,57196400,4367985000,59189221800,4076.2953,4111.1033,4065.907,4072.0753
101021000,4075.9697,4352500,65841800,4372337500,59255063600,4076.2953,4111.1033,4065.907,4072.0753
101026000,4076.0915,6058600,78697600,4378396100,59333761200,4076.2953,4111.1033,4065.907,4072.0753
101031000,4075.7422,4890500,59568100,4383286600,59393329300,4076.2953,4111.1033,4065.907,4072.0753
101036000,4075.8064,7000200,87198300,4390286800,59480527600,4076.2953,4111.1033,4065.907,4072.0753
101041000,4075.6551,3843100,45787400,4394129900,59526315000,4076.2953,4111.1033,4065.907,4072.0753
101046000,4075.8756,4134100,58465800,4398264000,59584780800,4076.2953,4111.1033,4065.907,4072.0753
101051000,4075.55,5065300,69441700,4403329300,59654222500,4076.2953,4111.1033,4065.907,4072.0753
101056000,4075.1652,5787200,68093600,4409116500,59722316100,4076.2953,4111.1033,4065.907,4072.0753
101101000,4075.3619,4985300,63742000,4414101800,59786058100,4076.2953,4111.1033,4065.907,4072.0753
101106000,4075.1801,6739600,77307900,4420841400,59863366000,4076.2953,4111.1033,4065.907,4072.0753
101111000,4074.8361,4742000,48595600,4425583400,59911961600,4076.2953,4111.1033,4065.907,4072.0753
101116000,4074.5086,5117400,59447100,4430700800,59971408700,4076.2953,4111.1033,4065.907,4072.0753
101121000,4074.8202,5066000,59758700,4435766800,60031167400,4076.2953,4111.1033,4065.907,4072.0753
101126000,4074.7265,5395400,65832000,4441162200,60096999400,4076.2953,4111.1033,4065.907,4072.0753
101131000,4074.8968,4308600,54542100,4445470800,60151541500,4076.2953,4111.1033,4065.907,4072.0753
101136000,4074.8323,5524700,77553700,4450995500,60229095200,4076.2953,4111.1033,4065.907,4072.0753
101141000,4074.2741,4272700,90173800,4455268200,60319269000,4076.2953,4111.1033,4065.907,4072.0753
101146000,4074.7373,4221900,57161300,4459490100,60376430300,4076.2953,4111.1033,4065.907,4072.0753
101151000,4074.6638,7252900,81224800,4466743000,60457655100,4076.2953,4111.1033,4065.907,4072.0753
101156000,4074.9297,4488300,61375900,4471231300,60519031000,4076.2953,4111.1033,4065.907,4072.0753
101201000,4075.6952,3108400,45288200,4474339700,60564319200,4076.2953,4111.1033,4065.907,4072.0753
101206000,4076.0371,5284500,84144800,4479624200,60648464000,4076.2953,4111.1033,4065.907,4072.0753
101211000,4076.2757,4024000,53291600,4483648200,60701755600,4076.2953,4111.1033,4065.907,4072.0753
101216000,4077.0246,3849800,61166300,4487498000,60762921900,4076.2953,4111.1033,4065.907,4072.0753
101221000,4077.4572,4868500,70585900,4492366500,60833507800,4076.2953,4111.1033,4065.907,4072.0753
101226000,4077.6089,5318100,66066400,4497684600,60899574200,4076.2953,4111.1033,4065.907,4072.0753
101231000,4078.112,3325900,42996700,4501010500,60942570900,4076.2953,4111.1033,4065.907,4072.0753
101236000,4078.2945,5373300,71306400,4506383800,61013877300,4076.2953,4111.1033,4065.907,4072.0753
101241000,4078.5284,2950600,43850200,4509334400,61057727500,4076.2953,4111.1033,4065.907,4072.0753
101246000,4078.5755,4100400,59791400,4513434800,61117518900,4076.2953,4111.1033,4065.907,4072.0753
101251000,4078.9163,4011000,62685900,4517445800,61180204800,4076.2953,4111.1033,4065.907,4072.0753
101256000,4079.1721,3534000,47637700,4520979800,61227842500,4076.2953,4111.1033,4065.907,4072.0753
101301000,4079.3448,3062800,42502000,4524042600,61270344500,4076.2953,4111.1033,4065.907,4072.0753
101306000,4079.617,4076300,54435500,4528118900,61324780000,4076.2953,4111.1033,4065.907,4072.0753
101311000,4079.7568,3403600,42061100,4531522500,61366841100,4076.2953,4111.1033,4065.907,4072.0753
101316000,4079.2702,4165600,49326300,4535688100,61416167400,4076.2953,4111.1033,4065.907,4072.0753
101321000,4079.3142,4429000,58048000,4540117100,61474215400,4076.2953,4111.1033,4065.907,4072.0753
101326000,4078.8842,3779800,48923300,4543896900,61523138700,4076.2953,4111.1033,4065.907,4072.0753
101331000,4079.0365,3404500,42514000,4547301400,61565652700,4076.2953,4111.1033,4065.907,4072.0753
101336000,4079.4835,4088700,52094100,4551390100,61617746800,4076.2953,4111.1033,4065.907,4072.0753
101341000,4079.3677,3016200,38115100,4554406300,61655861900,4076.2953,4111.1033,4065.907,4072.0753
101346000,4079.0517,4525200,54467900,4558931500,61710329800,4076.2953,4111.1033,4065.907,4072.0753
101351000,4078.791,4009500,54211900,4562941000,61764541700,4076.2953,4111.1033,4065.907,4072.0753
101356000,4078.9313,3564000,51096000,4566505000,61815637700,4076.2953,4111.1033,4065.907,4072.0753
101401000,4079.1927,2409500,32709200,4568914500,61848346900,4076.2953,4111.1033,4065.907,4072.0753
101406000,4079.2858,3740600,50210900,4572655100,61898557800,4076.2953,4111.1033,4065.907,4072.0753
101411000,4079.3921,2415400,35132000,4575070500,61933689800,4076.2953,4111.1033,4065.907,4072.0753
101416000,4079.6997,4449900,63691200,4579520400,61997381000,4076.2953,4111.1033,4065.907,4072.0753
101421000,4079.0726,5173800,60391400,4584694200,62057772400,4076.2953,4111.1033,4065.907,4072.0753
101426000,4079.079,4657500,47352600,4589351700,62105125000,4076.2953,4111.1033,4065.907,4072.0753
101431000,4079.1266,3703400,42284700,4593055100,62147409700,4076.2953,4111.1033,4065.907,4072.0753
101436000,4079.097,5140700,61276800,4598195800,62208686500,4076.2953,4111.1033,4065.907,4072.0753
101441000,4079.333,2456900,37280500,4600652700,62245967000,4076.2953,4111.1033,4065.907,4072.0753
101446000,4078.9526,5817100,73140500,4606469800,62319107500,4076.2953,4111.1033,4065.907,4072.0753
101451000,4078.9324,2711400,42570500,4609181200,62361678000,4076.2953,4111.1033,4065.907,4072.0753
101456000,4079.0075,4627600,64343800,4613808800,62426021800,4076.2953,4111.1033,4065.907,4072.0753
101501000,4078.6939,3998100,48918400,4617806900,62474940200,4076.2953,4111.1033,4065.907,4072.0753
101506000,4078.5057,4355900,58419800,4622162800,62533360000,4076.2953,4111.1033,4065.907,4072.0753
101511000,4078.8197,2956600,44691300,4625119400,62578051300,4076.2953,4111.1033,4065.907,4072.0753
101516000,4078.7875,6496400,74396500,4631615800,62652447800,4076.2953,4111.1033,4065.907,4072.0753
101521000,4077.9502,4953700,66789300,4636569500,62719237100,4076.2953,4111.1033,4065.907,4072.0753
101526000,4077.8673,6015200,64917900,4642584700,62784155000,4076.2953,4111.1033,4065.907,4072.0753
101531000,4078.2308,5061900,50270200,4647646600,62834425200,4076.2953,4111.1033,4065.907,4072.0753
101536000,4077.7959,5760700,66983800,4653407300,62901409000,4076.2953,4111.1033,4065.907,4072.0753
101541000,4077.3727,3792300,53264900,4657199600,62954673900,4076.2953,4111.1033,4065.907,4072.0753
101546000,4077.1198,4474500,61243900,4661674100,63015917800,4076.2953,4111.1033,4065.907,4072.0753
101551000,4076.4784,5405800,78698500,4667079900,63094616300,4076.2953,4111.1033,4065.907,4072.0753
101556000,4076.5803,3191600,48211000,4670271500,63142827300,4076.2953,4111.1033,4065.907,4072.0753
101601000,4075.907,4394300,52677200,4674665800,63195504500,4076.2953,4111.1033,4065.907,4072.0753
101606000,4075.6564,5090200,66476300,4679756000,63261980800,4076.2953,4111.1033,4065.907,4072.0753
101611000,4075.5882,2694900,41690200,4682450900,63303671000,4076.2953,4111.1033,4065.907,4072.0753
101616000,4075.1316,3855700,55557400,4686306600,63359228400,4076.2953,4111.1033,4065.907,4072.0753
101621000,4075.2279,5028900,71101400,4691335500,63430329800,4076.2953,4111.1033,4065.907,4072.0753
101626000,4074.8935,3476700,48914600,4694812200,63479244400,4076.2953,4111.1033,4065.907,4072.0753
101631000,4074.7575,3650400,40694200,4698462600,63519938600,4076.2953,4111.1033,4065.907,4072.0753
101636000,4074.5906,4042200,51743800,4702504800,63571682400,4076.2953,4111.1033,4065.907,4072.0753
101641000,4074.6617,2984800,46045800,4705489600,63617728200,4076.2953,4111.1033,4065.907,4072.0753
101646000,4075.9105,4327600,62065200,4709817200,63679793400,4076.2953,4111.1033,4065.907,4072.0753
101651000,4075.6551,5901000,73586500,4715718200,63753379900,4076.2953,4111.1033,4065.907,4072.0753
101656000,4076.2697,5059800,74042800,4720778000,63827422700,4076.2953,4111.1033,4065.907,4072.0753
101701000,4076.0366,4375300,59469400,4725153300,63886892100,4076.2953,4111.1033,4065.907,4072.0753
101706000,4075.8372,5460400,67201900,4730613700,63954094000,4076.2953,4111.1033,4065.907,4072.0753
101711000,4076.12,2812200,41401300,4733425900,63995495300,4076.2953,4111.1033,4065.907,4072.0753
101716000,4076.0543,4967800,60430700,4738393700,64055926000,4076.2953,4111.1033,4065.907,4072.0753
101721000,4076.2444,3853500,49238100,4742247200,64105164100,4076.2953,4111.1033,4065.907,4072.0753
101726000,4076.0298,3650700,51752400,4745897900,64156916500,4076.2953,4111.1033,4065.907,4072.0753
101731000,4076.186,3130000,39686200,4749027900,64196602700,4076.2953,4111.1033,4065.907,4072.0753
101736000,4076.151,3959700,49217500,4752987600,64245820200,4076.2953,4111.1033,4065.907,4072.0753
101741000,4075.9648,1971100,31219100,4754958700,64277039300,4076.2953,4111.1033,4065.907,4072.0753
101746000,4076.2064,4198800,53186400,4759157500,64330225700,4076.2953,4111.1033,4065.907,4072.0753
101751000,4075.8915,3656600,47814300,4762814100,64378040000,4076.2953,4111.1033,4065.907,4072.0753
101756000,4075.5691,2589100,39451800,4765403200,64417491800,4076.2953,4111.1033,4065.907,4072.0753
101801000,4075.7756,3190000,38126400,4768593200,64455618200,4076.2953,4111.1033,4065.907,4072.0753
101806000,4075.7885,3298500,46750200,4771891700,64502368400,4076.2953,4111.1033,4065.907,4072.0753
101811000,4075.9716,1703400,26728200,4773595100,64529096600,4076.2953,4111.1033,4065.907,4072.0753
101816000,4075.486,4181300,47842600,4777776400,64576939200,4076.2953,4111.1033,4065.907,4072.0753
101821000,4075.6612,3359500,46420300,4781135900,64623359500,4076.2953,4111.1033,4065.907,4072.0753
101826000,4075.4892,3009600,42265800,4784145500,64665625300,4076.2953,4111.1033,4065.907,4072.0753
101831000,4075.3904,3554400,43313600,4787699900,64708938900,4076.2953,4111.1033,4065.907,4072.0753
101836000,4075.0639,3739500,50681400,4791439400,64759620300,4076.2953,4111.1033,4065.907,4072.0753
101841000,4075.2186,2144700,27772300,4793584100,64787392600,4076.2953,4111.1033,4065.907,4072.0753
101846000,4074.9206,4440100,54810400,4798024200,64842203000,4076.2953,4111.1033,4065.907,4072.0753
101851000,4075.4447,3111900,46780400,4801136100,64888983400,4076.2953,4111.1033,4065.907,4072.0753
101856000,4075.2147,2444400,38921900,4803580500,64927905300,4076.2953,4111.1033,4065.907,4072.0753
101901000,4075.1439,3646000,39185200,4807226500,64967090500,4076.2953,4111.1033,4065.907,4072.0753
101906000,4075.037,4102100,50616600,4811328600,65017707100,4076.2953,4111.1033,4065.907,4072.0753
101911000,4075.051,2291600,29964900,4813620200,65047672000,4076.2953,4111.1033,4065.907,4072.0753
101916000,4075.0687,3268200,44205500,4816888400,65091877500,4076.2953,4111.1033,4065.907,4072.0753
101921000,4075.0303,4441000,46361600,4821329400,65138239100,4076.2953,4111.1033,4065.907,4072.0753
101926000,4074.9362,3332200,45803700,4824661600,65184042800,4076.2953,4111.1033,4065.907,4072.0753
101931000,4075.1313,4523100,47643900,4829184700,65231686700,4076.2953,4111.1033,4065.907,4072.0753
101936000,4075.2229,5027500,60278300,4834212200,65291965000,4076.2953,4111.1033,4065.907,4072.0753
101941000,4075.2627,3955700,35816700,4838167900,65327781700,4076.2953,4111.1033,4065.907,4072.0753
101946000,4074.8391,5026400,54526900,4843194300,65382308600,4076.2953,4111.1033,4065.907,4072.0753
101951000,4074.5637,4106100,56587900,4847300400,65438896500,4076.2953,4111.1033,4065.907,4072.0753
101956000,4074.0428,3138200,56255900,4850438600,65495152400,4076.2953,4111.1033,4065.907,4072.0753
102001000,4073.9376,2890500,44862400,4853329100,65540014800,4076.2953,4111.1033,4065.907,4072.0753
102006000,4073.5769,4214500,58947600,4857543600,65598962400,4076.2953,4111.1033,4065.907,4072.0753
102011000,4074.0,3140100,47031900,4860683700,65645994300,4076.2953,4111.1033,4065.907,4072.0753
102016000,4073.2416,5577100,66373900,4866260800,65712368200,4076.2953,4111.1033,4065.907,4072.0753
102021000,4072.796,4365100,56944900,4870625900,65769313100,4076.2953,4111.1033,4065.907,4072.0753
102026000,4072.6383,3523500,57009800,4874149400,65826322900,4076.2953,4111.1033,4065.907,4072.0753
102031000,4072.7765,4752700,59123800,4878902100,65885446700,4076.2953,4111.1033,4065.907,4072.0753
102036000,4072.329,5116700,75965000,4884018800,65961411700,4076.2953,4111.1033,4065.907,4072.0753
102041000,4072.8248,3455400,53882900,4887474200,66015294600,4076.2953,4111.1033,4065.907,4072.0753
102046000,4072.025,4000800,62907500,4891475000,66078202100,4076.2953,4111.1033,4065.907,4072.0753
102051000,4071.8746,7234200,80084800,4898709200,66158286900,4076.2953,4111.1033,4065.907,4072.0753
102056000,4071.5611,3503900,47990400,4902213100,66206277300,4076.2953,4111.1033,4065.907,4072.0753
102101000,4071.2845,4860200,71524700,4907073300,66277802000,4076.2953,4111.1033,4065.907,4072.0753
102106000,4071.0603,5906000,74789400,4912979300,66352591400,4076.2953,4111.1033,4065.907,4072.0753
102111000,4070.7526,3110200,46234500,4916089500,66398825900,4076.2953,4111.1033,4065.907,4072.0753
102116000,4070.1635,6324100,80014700,4922413600,66478840600,4076.2953,4111.1033,4065.907,4072.0753
102121000,4070.1031,4510400,67165600,4926924000,66546006200,4076.2953,4111.1033,4065.907,4072.0753
102126000,4070.0563,6149300,64365800,4933073300,66610372000,4076.2953,4111.1033,4065.907,4072.0753
102131000,4069.9012,10569100,72689700,4943642400,66683061700,4076.2953,4111.1033,4065.907,4072.0753
102136000,4069.7723,10424100,83767400,4954066500,66766829100,4076.2953,4111.1033,4065.907,4072.0753
102141000,4069.7092,7433500,55018200,4961500000,66821847300,4076.2953,4111.1033,4065.907,4072.0753
102146000,4069.6992,12808000,85866900,4974308000,66907714200,4076.2953,4111.1033,4065.907,4072.0753
102151000,4069.8071,12113700,129700500,4986421700,67037414700,4076.2953,4111.1033,4065.907,4072.0753
102156000,4070.0561,5695600,87398500,4992117300,67124813200,4076.2953,4111.1033,4065.907,4072.0753
102201000,4070.9705,11231300,79418200,5003348600,67204231400,4076.2953,4111.1033,4065.907,4072.0753
102206000,4070.2186,8676500,101245000,5012025100,67305476400,4076.2953,4111.1033,4065.907,4072.0753
102211000,4070.8773,4249200,43541400,5016274300,67349017800,4076.2953,4111.1033,4065.907,4072.0753
102216000,4071.8797,8933500,85331300,5025207800,67434349100,4076.2953,4111.1033,4065.907,4072.0753
102221000,4071.0622,10071300,89657600,5035279100,67524006700,4076.2953,4111.1033,4065.907,4072.0753
102226000,4071.262,16116300,100911300,5051395400,67624918000,4076.2953,4111.1033,4065.907,4072.0753
102231000,4071.1431,5385100,55486700,5056780500,67680404700,4076.2953,4111.1033,4065.907,4072.0753
102236000,4071.517,6708500,62972700,5063489000,67743377400,4076.2953,4111.1033,4065.907,4072.0753
102241000,4071.5886,4033500,36161100,5067522500,67779538500,4076.2953,4111.1033,4065.907,4072.0753
102246000,4071.7766,7610100,65652300,5075132600,67845190800,4076.2953,4111.1033,4065.907,4072.0753
102251000,4071.1877,5684100,65387900,5080816700,67910578700,4076.2953,4111.1033,4065.907,4072.0753
102256000,4071.241,6205800,74460100,5087022500,67985038800,4076.2953,4111.1033,4065.907,4072.0753
102301000,4071.5203,6674500,56530500,5093697000,68041569300,4076.2953,4111.1033,4065.907,4072.0753
102306000,4071.7649,6257500,59219800,5099954500,68100789100,4076.2953,4111.1033,4065.907,4072.0753
102311000,4071.967,4290400,48604200,5104244900,68149393300,4076.2953,4111.1033,4065.907,4072.0753
102316000,4071.9751,6889600,65538200,5111134500,68214931500,4076.2953,4111.1033,4065.907,4072.0753
102321000,4071.9994,5481900,73410300,5116616400,68288341800,4076.2953,4111.1033,4065.907,4072.0753
102326000,4072.1931,4975300,62052600,5121591700,68350394400,4076.2953,4111.1033,4065.907,4072.0753
102331000,4072.1392,4826400,45907300,5126418100,68396301700,4076.2953,4111.1033,4065.907,4072.0753
102336000,4073.0089,6385900,59168100,5132804000,68455469800,4076.2953,4111.1033,4065.907,4072.0753
102341000,4073.3416,3678300,45914200,5136482300,68501384000,4076.2953,4111.1033,4065.907,4072.0753
102346000,4073.4416,5746200,70457000,5142228500,68571841000,4076.2953,4111.1033,4065.907,4072.0753
102351000,4074.5855,5596700,70248700,5147825200,68642089700,4076.2953,4111.1033,4065.907,4072.0753
102356000,4074.3638,4733700,58169300,5152558900,68700259000,4076.2953,4111.1033,4065.907,4072.0753
102401000,4074.6662,4631600,52181300,5157190500,68752440300,4076.2953,4111.1033,4065.907,4072.0753
102406000,4074.4444,4948100,61491000,5162138600,68813931300,4076.2953,4111.1033,4065.907,4072.0753
102411000,4074.9289,2978900,41341300,5165117500,68855272600,4076.2953,4111.1033,4065.907,4072.0753
102416000,4074.9629,4650700,57893400,5169768200,68913166000,4076.2953,4111.1033,4065.907,4072.0753
102421000,4074.7011,5891300,63879300,5175659500,68977045300,4076.2953,4111.1033,4065.907,4072.0753
102426000,4074.822,4060700,48319800,5179720200,69025365100,4076.2953,4111.1033,4065.907,4072.0753
102431000,4075.0443,3216700,37581000,5182936900,69062946100,4076.2953,4111.1033,4065.907,4072.0753
102436000,4075.0849,5503400,65732100,5188440300,69128678200,4076.2953,4111.1033,4065.907,4072.0753
102441000,4075.3276,2556700,34385900,5190997000,69163064100,4076.2953,4111.1033,4065.907,4072.0753
102446000,4075.1153,4467600,54166300,5195464600,69217230400,4076.2953,4111.1033,4065.907,4072.0753
102451000,4075.2892,4206000,50068000,5199670600,69267298400,4076.2953,4111.1033,4065.907,4072.0753
102456000,4075.6362,3474800,54749600,5203145400,69322048000,4076.2953,4111.1033,4065.907,4072.0753
102501000,4075.1534,3710000,42174800,5206855400,69364222800,4076.2953,4111.1033,4065.907,4072.0753
102506000,4075.602,3019100,46752300,5209874500,69410975100,4076.2953,4111.1033,4065.907,4072.0753
102511000,4075.6054,3043300,45333900,5212917800,69456309000,4076.2953,4111.1033,4065.907,4072.0753
102516000,4075.7884,3619000,42691000,5216536800,69499000000,4076.2953,4111.1033,4065.907,4072.0753
102521000,4075.5907,3500400,45078200,5220037200,69544078200,4076.2953,4111.1033,4065.907,4072.0753
102526000,4075.735,4019300,47376300,5224056500,69591454500,4076.2953,4111.1033,4065.907,4072.0753
102531000,4075.791,4348600,37661600,5228405100,69629116100,4076.2953,4111.1033,4065.907,4072.0753
102536000,4076.0074,5035500,49131000,5233440600,69678247100,4076.2953,4111.1033,4065.907,4072.0753
102541000,4076.2082,2997400,35690700,5236438000,69713937800,4076.2953,4111.1033,4065.907,4072.0753
102546000,4075.6252,4788100,54308500,5241226100,69768246300,4076.2953,4111.1033,4065.907,4072.0753
102551000,4075.4009,4118100,49674300,5245344200,69817920600,4076.2953,4111.1033,4065.907,4072.0753
102556000,4075.6727,5269300,46542700,5250613500,69864463300,4076.2953,4111.1033,4065.907,4072.0753
102601000,4076.1416,4138300,37956500,5254751800,69902419800,4076.2953,4111.1033,4065.907,4072.0753
102606000,4076.5048,5140700,49979100,5259892500,69952398900,4076.2953,4111.1033,4065.907,4072.0753
102611000,4076.5392,5195500,32543800,5265088000,69984942700,4076.2953,4111.1033,4065.907,4072.0753
102616000,4076.5135,6052400,64078300,5271140400,70049021000,4076.2953,4111.1033,4065.907,4072.0753
102621000,4076.1503,6077800,63591400,5277218200,70112612400,4076.2953,4111.1033,4065.907,4072.0753
102626000,4076.3073,3740200,39947200,5280958400,70152559600,4076.2953,4111.1033,4065.907,4072.0753
102631000,4076.4702,4964600,44851600,5285923000,70197411200,4076.2953,4111.1033,4065.907,4072.0753
102636000,4076.5093,8827900,68127800,5294750900,70265539000,4076.2953,4111.1033,4065.907,4072.0753
102641000,4076.3876,6854400,41891900,5301605300,70307430900,4076.2953,4111.1033,4065.907,4072.0753
102646000,4076.2896,7167600,74786500,5308772900,70382217400,4076.2953,4111.1033,4065.907,4072.0753
102651000,4076.3761,8358200,74236500,5317131100,70456453900,4076.2953,4111.1033,4065.907,4072.0753
102656000,4076.1625,4478200,44302700,5321609300,70500756600,4076.2953,4111.1033,4065.907,4072.0753
102701000,4076.6528,5348600,39755800,5326957900,70540512400,4076.2953,4111.1033,4065.907,4072.0753
102706000,4076.557,10130700,66717600,5337088600,70607230000,4076.2953,4111.1033,4065.907,4072.0753
102711000,4076.7054,7256400,42362100,5344345000,70649592100,4076.2953,4111.1033,4065.907,4072.0753
102716000,4076.0774,15112800,79941500,5359457800,70729533600,4076.2953,4111.1033,4065.907,4072.0753
102721000,4076.1209,9583500,68903500,5369041300,70798437100,4076.2953,4111.1033,4065.907,4072.0753
102726000,4075.695,4429400,64556200,5373470700,70862993300,4076.2953,4111.1033,4065.907,4072.0753
102731000,4075.7262,5650500,46547700,5379121200,70909541000,4076.2953,4111.1033,4065.907,4072.0753
102736000,4075.333,8726500,71942700,5387847700,70981483700,4076.2953,4111.1033,4065.907,4072.0753
102741000,4075.2113,3538000,43348700,5391385700,71024832400,4076.2953,4111.1033,4065.907,4072.0753
102746000,4074.5981,6843800,73963800,5398229500,71098796200,4076.2953,4111.1033,4065.907,4072.0753
102751000,4074.0825,5908400,55674000,5404137900,71154470200,4076.2953,4111.1033,4065.907,4072.0753
102756000,4074.1848,6075900,55519700,5410213800,71209989900,4076.2953,4111.1033,4065.907,4072.0753
102801000,4073.4217,4933100,44536500,5415146900,71254526400,4076.2953,4111.1033,4065.907,4072.0753
102806000,4073.6309,7252500,67651900,5422399400,71322178300,4076.2953,4111.1033,4065.907,4072.0753
102811000,4073.6444,5149100,44479600,5427548500,71366657900,4076.2953,4111.1033,4065.907,4072.0753
102816000,4073.9015,6654900,61426800,5434203400,71428084700,4076.2953,4111.1033,4065.907,4072.0753
102821000,4073.2881,5877600,50808600,5440081000,71478893300,4076.2953,4111.1033,4065.907,4072.0753
102826000,4073.4086,5098800,48706800,5445179800,71527600100,4076.2953,4111.1033,4065.907,4072.0753
102831000,4073.3398,5274000,42530800,5450453800,71570130900,4076.2953,4111.1033,4065.907,4072.0753
102836000,4073.9775,6222800,64904800,5456676600,71635035700,4076.2953,4111.1033,4065.907,4072.0753
102841000,4073.3698,3356400,33609000,5460033000,71668644700,4076.2953,4111.1033,4065.907,4072.0753
102846000,4073.3546,7089000,64878400,5467122000,71733523100,4076.2953,4111.1033,4065.907,4072.0753
102851000,4073.2155,4387400,46317700,5471509400,71779840800,4076.2953,4111.1033,4065.907,4072.0753
102856000,4073.3638,2856800,31920700,5474366200,71811761500,4076.2953,4111.1033,4065.907,4072.0753
102901000,4072.8122,4127000,35957500,5478493200,71847719000,4076.2953,4111.1033,4065.907,4072.0753
102906000,4073.3015,4365000,50032200,5482858200,71897751200,4076.2953,4111.1033,4065.907,4072.0753
102911000,4073.0297,2828800,29669100,5485687000,71927420300,4076.2953,4111.1033,4065.907,4072.0753
102916000,4073.3672,4790800,45576700,5490477800,71972997000,4076.2953,4111.1033,4065.907,4072.0753
102921000,4073.4995,4858900,46388100,5495336700,72019385100,4076.2953,4111.1033,4065.907,4072.0753
102926000,4072.5866,2942400,42894600,5498279100,72062279700,4076.2953,4111.1033,4065.907,4072.0753
102931000,4072.7593,4832700,38751000,5503111800,72101030700,4076.2953,4111.1033,4065.907,4072.0753
102936000,4072.4923,5069400,46173000,5508181200,72147203700,4076.2953,4111.1033,4065.907,4072.0753
102941000,4072.6423,3495700,32954000,5511676900,72180157700,4076.2953,4111.1033,4065.907,4072.0753
102946000,4072.1061,4500700,50280100,5516177600,72230437800,4076.2953,4111.1033,4065.907,4072.0753
102951000,4071.7137,6473100,73667000,5522650700,72304104800,4076.2953,4111.1033,4065.907,4072.0753
102956000,4071.159,7389400,88977100,5530040100,72393081900,4076.2953,4111.1033,4065.907,4072.0753
103001000,4069.6443,7763000,105021400,5537803100,72498103300,4076.2953,4111.1033,4065.907,4072.0753
103006000,4067.9219,13317400,160508900,5551120500,72658612200,4076.2953,4111.1033,4065.907,4072.0753
103011000,4067.7015,6515300,77659500,5557635800,72736271700,4076.2953,4111.1033,4065.907,4072.0753
103016000,4066.4396,14181200,149365200,5571817000,72885636900,4076.2953,4111.1033,4065.907,4072.0753
103021000,4065.5845,14583500,127592900,5586400500,73013229800,4076.2953,4111.1033,4065.5845,4072.0753
103026000,4065.2664,9264800,98913900,5595665300,73112143700,4076.2953,4111.1033,4065.1584,4072.0753
103031000,4065.1697,8644400,86484300,5604309700,73198628000,4076.2953,4111.1033,4065.1584,4072.0753
103036000,4064.0521,9405900,113194000,5613715600,73311822000,4076.2953,4111.1033,4064.0521,4072.0753
103041000,4063.4399,6733500,73079800,5620449100,73384901800,4076.2953,4111.1033,4063.4399,4072.0753
103046000,4063.1726,10200600,109798200,5630649700,73494700000,4076.2953,4111.1033,4063.1726,4072.0753
103051000,4062.5328,13573300,133552400,5644223000,73628252400,4076.2953,4111.1033,4062.5328,4072.0753
103056000,4062.4638,8323000,88480000,5652546000,73716732400,4076.2953,4111.1033,4062.4638,4072.0753
103101000,4062.0934,9587300,112383900,5662133300,73829116300,4076.2953,4111.1033,4062.0033,4072.0753
103106000,4061.7356,9227300,102370000,5671360600,73931486300,4076.2953,4111.1033,4061.7356,4072.0753
103111000,4061.3878,10393300,98323900,5681753900,74029810200,4076.2953,4111.1033,4061.2656,4072.0753
103116000,4061.2693,9804800,112269700,5691558700,74142079900,4076.2953,4111.1033,4061.0936,4072.0753
103121000,4061.2192,11356700,136252900,5702915400,74278332800,4076.2953,4111.1033,4060.8974,4072.0753
103126000,4060.7746,14982500,115280400,5717897900,74393613200,4076.2953,4111.1033,4060.7746,4072.0753
103131000,4061.0344,9278600,92989300,5727176500,74486602500,4076.2953,4111.1033,4060.7746,4072.0753
103136000,4061.0555,12503200,111378500,5739679700,74597981000,4076.2953,4111.1033,4060.7746,4072.0753
103141000,4060.8234,7992000,66880900,5747671700,74664861900,4076.2953,4111.1033,4060.7746,4072.0753
103146000,4060.8857,8725700,94204900,5756397400,74759066800,4076.2953,4111.1033,4060.7746,4072.0753
103151000,4060.9288,9460300,102257100,5765857700,74861323900,4076.2953,4111.1033,4060.7746,4072.0753
103156000,4061.3838,8462200,81285500,5774319900,74942609400,4076.2953,4111.1033,4060.7746,4072.0753
103201000,4060.9653,7121300,72956700,5781441200,75015566100,4076.2953,4111.1033,4060.7746,4072.0753
103206000,4060.2492,9911100,99136800,5791352300,75114702900,4076.2953,4111.1033,4060.2492,4072.0753
103211000,4060.6415,4388400,67193300,5795740700,75181896200,4076.2953,4111.1033,4060.2492,4072.0753
103216000,4060.3929,8253800,92143700,5803994500,75274039900,4076.2953,4111.1033,4060.2492,4072.0753
103221000,4060.3753,10932200,114405700,5814926700,75388445600,4076.2953,4111.1033,4060.2448,4072.0753
103226000,4060.205,7445300,84562300,5822372000,75473007900,4076.2953,4111.1033,4060.205,4072.0753
103231000,4059.7866,8855500,78348900,5831227500,75551356800,4076.2953,4111.1033,4059.7866,4072.0753
103236000,4059.4313,9532300,111461800,5840759800,75662818600,4076.2953,4111.1033,4059.4313,4072.0753
103241000,4059.4594,5624900,73524900,5846384700,75736343500,4076.2953,4111.1033,4059.4313,4072.0753
103246000,4059.3241,8497600,96829000,5854882300,75833172500,4076.2953,4111.1033,4059.3241,4072.0753
103251000,4059.4195,9604800,88587800,5864487100,75921760300,4076.2953,4111.1033,4059.0689,4072.0753
103256000,4059.074,5871700,106808000,5870358800,76028568300,4076.2953,4111.1033,4059.0689,4072.0753
103301000,4058.8409,6915100,89307700,5877273900,76117876000,4076.2953,4111.1033,4058.8409,4072.0753
103306000,4058.7862,8658600,87905100,5885932500,76205781100,4076.2953,4111.1033,4058.7862,4072.0753
103311000,4058.6228,6161400,57858000,5892093900,76263639100,4076.2953,4111.1033,4058.6228,4072.0753
103316000,4058.0571,8711800,84499100,5900805700,76348138200,4076.2953,4111.1033,4058.0571,4072.0753
103321000,4058.4845,8378100,82525000,5909183800,76430663200,4076.2953,4111.1033,4058.0571,4072.0753
103326000,4058.4451,5941700,70618600,5915125500,76501281800,4076.2953,4111.1033,4058.0571,4072.0753
103331000,4058.3269,6707200,63874800,5921832700,76565156600,4076.2953,4111.1033,4058.0571,4072.0753
103336000,4057.8338,6037600,74366500,5927870300,76639523100,4076.2953,4111.1033,4057.8338,4072.0753
103341000,4057.9495,4840100,53736800,5932710400,76693259900,4076.2953,4111.1033,4057.8338,4072.0753
103346000,4057.7864,7561700,77088700,5940272100,76770348600,4076.2953,4111.1033,4057.2763,4072.0753
103351000,4057.6425,8542400,90141300,5948814500,76860489900,4076.2953,4111.1033,4057.2763,4072.0753
103356000,4057.3883,6630100,68711100,5955444600,76929201000,4076.2953,4111.1033,4057.0632,4072.0753
103401000,4057.0639,7452600,70950000,5962897200,77000151000,4076.2953,4111.1033,4057.0632,4072.0753
103406000,4057.0621,9492700,105914900,5972389900,77106065900,4076.2953,4111.1033,4056.8944,4072.0753
103411000,4056.7831,6229700,58010600,5978619600,77164076500,4076.2953,4111.1033,4056.7666,4072.0753
103416000,4056.855,9823400,105329800,5988443000,77269406300,4076.2953,4111.1033,4056.7666,4072.0753
103421000,4057.1913,6876700,83371400,5995319700,77352777700,4076.2953,4111.1033,4056.7666,4072.0753
103426000,4057.4667,6293700,64278400,6001613400,77417056100,4076.2953,4111.1033,4056.7666,4072.0753
103431000,4057.7343,8189500,73449900,6009802900,77490506000,4076.2953,4111.1033,4056.7666,4072.0753
103436000,4058.0174,8468000,91798600,6018270900,77582304600,4076.2953,4111.1033,4056.7666,4072.0753
103441000,4057.9488,5025500,42510100,6023296400,77624814700,4076.2953,4111.1033,4056.7666,4072.0753
103446000,4058.6901,6600200,78508100,6029896600,77703322800,4076.2953,4111.1033,4056.7666,4072.0753
103451000,4058.9875,6816400,69093700,6036713000,77772416500,4076.2953,4111.1033,4056.7666,4072.0753
103456000,4059.9871,7353000,63081200,6044066000,77835497700,4076.2953,4111.1033,4056.7666,4072.0753
103501000,4059.9354,6044400,58838100,6050110400,77894335800,4076.2953,4111.1033,4056.7666,4072.0753
103506000,4060.4481,15460100,133293000,6065570500,78027628800,4076.2953,4111.1033,4056.7666,4072.0753
103511000,4061.4213,5508400,56463100,6071078900,78084091900,4076.2953,4111.1033,4056.7666,4072.0753
103516000,4061.6874,5972000,62786800,6077050900,78146878700,4076.2953,4111.1033,4056.7666,4072.0753
103521000,4062.1713,6241700,61161200,6083292600,78208039900,4076.2953,4111.1033,4056.7666,4072.0753
103526000,4062.3792,6531300,59647100,6089823900,78267687000,4076.2953,4111.1033,4056.7666,4072.0753
103531000,4062.1238,4987000,52448000,6094810900,78320135000,4076.2953,4111.1033,4056.7666,4072.0753
103536000,4061.686,7460400,75207400,6102271300,78395342400,4076.2953,4111.1033,4056.7666,4072.0753
103541000,4062.3224,3486700,46932600,6105758000,78442275000,4076.2953,4111.1033,4056.7666,4072.0753
103546000,4062.2193,5562600,51856300,6111320600,78494131300,4076.2953,4111.1033,4056.7666,4072.0753
103551000,4062.8629,8586400,70034500,6119907000,78564165800,4076.2953,4111.1033,4056.7666,4072.0753
103556000,4062.9335,3548600,43843600,6123455600,78608009400,4076.2953,4111.1033,4056.7666,4072.0753
103601000,4063.2678,4816700,47627200,6128272300,78655636600,4076.2953,4111.1033,4056.7666,4072.0753
103606000,4063.3586,5782200,57746200,6134054500,78713382800,4076.2953,4111.1033,4056.7666,4072.0753
103611000,4063.511,3516100,46744800,6137570600,78760127600,4076.2953,4111.1033,4056.7666,4072.0753
103616000,4064.0195,5437600,55973400,6143008200,78816101000,4076.2953,4111.1033,4056.7666,4072.0753
103621000,4063.6643,7455600,69702400,6150463800,78885803400,4076.2953,4111.1033,4056.7666,4072.0753
103626000,4063.9313,4191100,46468600,6154654900,78932272000,4076.2953,4111.1033,4056.7666,4072.0753
103631000,4063.5172,3930200,43224300,6158585100,78975496300,4076.2953,4111.1033,4056.7666,4072.0753
103636000,4063.299,4581700,56582900,6163166800,79032079200,4076.2953,4111.1033,4056.7666,4072.0753
103641000,4063.217,3296800,46832600,6166463600,79078911800,4076.2953,4111.1033,4056.7666,4072.0753
103646000,4063.7387,4752900,55642200,6171216500,79134554000,4076.2953,4111.1033,4056.7666,4072.0753
103651000,4063.0183,5103900,52246600,6176320400,79186800600,4076.2953,4111.1033,4056.7666,4072.0753
103656000,4062.477,5203000,64277000,6181523400,79251077600,4076.2953,4111.1033,4056.7666,4072.0753
103701000,4062.2791,5355200,62227900,6186878600,79313305500,4076.2953,4111.1033,4056.7666,4072.0753
103706000,4061.7138,6206900,81739200,6193085500,79395044700,4076.2953,4111.1033,4056.7666,4072.0753
103711000,4061.5094,3302500,45996200,6196388000,79441040900,4076.2953,4111.1033,4056.7666,4072.0753
103716000,4061.7678,7287800,84252500,6203675800,79525293400,4076.2953,4111.1033,4056.7666,4072.0753
103721000,4061.1538,4396700,59686000,6208072500,79584979400,4076.2953,4111.1033,4056.7666,4072.0753
103726000,4060.9297,4855900,50208300,6212928400,79635187700,4076.2953,4111.1033,4056.7666,4072.0753
103731000,4060.6411,5823600,74711700,6218752000,79709899400,4076.2953,4111.1033,4056.7666,4072.0753
103736000,4059.8746,5846300,58248600,6224598300,79768148000,4076.2953,4111.1033,4056.7666,4072.0753
103741000,4059.8519,2730000,31260300,6227328300,79799408300,4076.2953,4111.1033,4056.7666,4072.0753
103746000,4060.153,4653500,58444600,6231981800,79857852900,4076.2953,4111.1033,4056.7666,4072.0753
103751000,4060.4212,5689400,70727700,6237671200,79928580600,4076.2953,4111.1033,4056.7666,4072.0753
103756000,4060.2302,3434800,44745300,6241106000,79973325900,4076.2953,4111.1033,4056.7666,4072.0753
103801000,4060.3697,3485700,42970200,6244591700,80016296100,4076.2953,4111.1033,4056.7666,4072.0753
103806000,4060.2431,5191600,63314600,6249783300,80079610700,4076.2953,4111.1033,4056.7666,4072.0753
103811000,4060.1286,3098500,37218100,6252881800,80116828800,4076.2953,4111.1033,4056.7666,4072.0753
103816000,4060.0891,4778300,54907800,6257660100,80171736600,4076.2953,4111.1033,4056.7666,4072.0753
103821000,4059.9107,4112200,47255400,6261772300,80218992000,4076.2953,4111.1033,4056.7666,4072.0753
103826000,4059.9822,3892800,43791200,6265665100,80262783200,4076.2953,4111.1033,4056.7666,4072.0753
103831000,4060.1827,4161200,51886500,6269826300,80314669700,4076.2953,4111.1033,4056.7666,4072.0753
103836000,4060.127,5550400,59151100,6275376700,80373820800,4076.2953,4111.1033,4056.7666,4072.0753
103841000,4059.7531,2309200,25494100,6277685900,80399314900,4076.2953,4111.1033,4056.7666,4072.0753
103846000,4059.6144,4788800,51544500,6282474700,80450859400,4076.2953,4111.1033,4056.7666,4072.0753
103851000,4059.5155,4625700,57690700,6287100400,80508550100,4076.2953,4111.1033,4056.7666,4072.0753
103856000,4059.783,3447300,38469300,6290547700,80547019400,4076.2953,4111.1033,4056.7666,4072.0753
103901000,4059.6576,3646400,39289500,6294194100,80586308900,4076.2953,4111.1033,4056.7666,4072.0753
103906000,4059.5799,4290500,57123600,6298484600,80643432500,4076.2953,4111.1033,4056.7666,4072.0753
103911000,4059.2474,3494100,44080900,6301978700,80687513400,4076.2953,4111.1033,4056.7666,4072.0753
103916000,4059.4448,5274600,68643800,6307253300,80756157200,4076.2953,4111.1033,4056.7666,4072.0753
103921000,4059.5955,6591200,61606400,6313844500,80817763600,4076.2953,4111.1033,4056.7666,4072.0753
103926000,4059.8887,5605200,50183900,6319449700,80867947500,4076.2953,4111.1033,4056.7666,4072.0753
103931000,4059.8647,2785400,34637100,6322235100,80902584600,4076.2953,4111.1033,4056.7666,4072.0753
103936000,4059.9101,5259600,54284200,6327494700,80956868800,4076.2953,4111.1033,4056.7666,4072.0753
103941000,4059.8877,2450500,26342300,6329945200,80983211100,4076.2953,4111.1033,4056.7666,4072.0753
103946000,4059.6917,3907400,42256400,6333852600,81025467500,4076.2953,4111.1033,4056.7666,4072.0753
103951000,4060.0513,4008300,46573500,6337860900,81072041000,4076.2953,4111.1033,4056.7666,4072.0753
103956000,4059.8038,3342900,50572200,6341203800,81122613200,4076.2953,4111.1033,4056.7666,4072.0753
104001000,4059.662,3190000,41258100,6344393800,81163871300,4076.2953,4111.1033,4056.7666,4072.0753
104006000,4059.1511,4155500,51420400,6348549300,81215291700,4076.2953,4111.1033,4056.7666,4072.0753
104011000,4059.3397,2057300,26030900,6350606600,81241322600,4076.2953,4111.1033,4056.7666,4072.0753
104016000,4058.9288,5288300,54331200,6355894900,81295653800,4076.2953,4111.1033,4056.7666,4072.0753
104021000,4058.9986,4332300,53817500,6360227200,81349471300,4076.2953,4111.1033,4056.7666,4072.0753
104026000,4059.0745,5217000,60652100,6365444200,81410123400,4076.2953,4111.1033,4056.7666,4072.0753
104031000,4058.8129,4596500,50871600,6370040700,81460995000,4076.2953,4111.1033,4056.7666,4072.0753
104036000,4058.0794,4343200,73185200,6374383900,81534180200,4076.2953,4111.1033,4056.7666,4072.0753
104041000,4058.0339,2486500,30422000,6376870400,81564602200,4076.2953,4111.1033,4056.7666,4072.0753
104046000,4058.103,6398000,65356500,6383268400,81629958700,4076.2953,4111.1033,4056.7666,4072.0753
104051000,4058.4612,5705000,67790600,6388973400,81697749300,4076.2953,4111.1033,4056.7666,4072.0753
104056000,4058.6223,4988000,66854000,6393961400,81764603300,4076.2953,4111.1033,4056.7666,4072.0753
104101000,4058.4053,3130800,40241100,6397092200,81804844400,4076.2953,4111.1033,4056.7666,4072.0753
104106000,4058.9838,6097200,59703600,6403189400,81864548000,4076.2953,4111.1033,4056.7666,4072.0753
104111000,4058.7024,3756200,43890400,6406945600,81908438400,4076.2953,4111.1033,4056.7666,4072.0753
104116000,4058.8589,5378200,62102900,6412323800,81970541300,4076.2953,4111.1033,4056.7666,4072.0753
104121000,4059.2631,5237200,67681700,6417561000,82038223000,4076.2953,4111.1033,4056.7666,4072.0753
104126000,4059.9345,5422500,67421600,6422983500,82105644600,4076.2953,4111.1033,4056.7666,4072.0753
104131000,4059.7256,5776500,73684400,6428760000,82179329000,4076.2953,4111.1033,4056.7666,4072.0753
104136000,4060.2383,4800100,61784800,6433560100,82241113800,4076.2953,4111.1033,4056.7666,4072.0753
104141000,4060.7506,3647300,42928300,6437207400,82284042100,4076.2953,4111.1033,4056.7666,4072.0753
104146000,4061.3011,5179400,64099000,6442386800,82348141100,4076.2953,4111.1033,4056.7666,4072.0753
104151000,4062.1414,8416100,94021000,6450802900,82442162100,4076.2953,4111.1033,4056.7666,4072.0753
104156000,4063.6028,6728400,97395400,6457531300,82539557500,4076.2953,4111.1033,4056.7666,4072.0753
104201000,4064.3439,5776500,70773200,6463307800,82610330700,4076.2953,4111.1033,4056.7666,4072.0753
104206000,4064.9803,11134300,99626500,6474442100,82709957200,4076.2953,4111.1033,4056.7666,4072.0753
104211000,4065.3461,3990600,45972300,6478432700,82755929500,4076.2953,4111.1033,4056.7666,4072.0753
104216000,4065.626,7132300,70641900,6485565000,82826571400,4076.2953,4111.1033,4056.7666,4072.0753
104221000,4066.1022,7008000,71076600,6492573000,82897648000,4076.2953,4111.1033,4056.7666,4072.0753
104226000,4066.0935,4005500,43445100,6496578500,82941093100,4076.2953,4111.1033,4056.7666,4072.0753
104231000,4066.1027,4577300,49463700,6501155800,82990556800,4076.2953,4111.1033,4056.7666,4072.0753
104236000,4066.2511,4558100,58339400,6505713900,83048896200,4076.2953,4111.1033,4056.7666,4072.0753
104241000,4066.2021,2797800,40264800,6508511700,83089161000,4076.2953,4111.1033,4056.7666,4072.0753
104246000,4065.7525,5244000,53387400,6513755700,83142548400,4076.2953,4111.1033,4056.7666,4072.0753
104251000,4066.864,4655600,56596200,6518411300,83199144600,4076.2953,4111.1033,4056.7666,4072.0753
104256000,4066.8655,3267300,41126500,6521678600,83240271100,4076.2953,4111.1033,4056.7666,4072.0753
104301000,4066.6484,3352800,41061900,6525031400,83281333000,4076.2953,4111.1033,4056.7666,4072.0753
104306000,4066.5514,4712500,65616900,6529743900,83346949900,4076.2953,4111.1033,4056.7666,4072.0753
104311000,4067.1004,1964200,30352600,6531708100,83377302500,4076.2953,4111.1033,4056.7666,4072.0753
104316000,4066.0812,4143400,48456900,6535851500,83425759400,4076.2953,4111.1033,4056.7666,4072.0753
104321000,4066.1594,4579000,58674000,6540430500,83484433400,4076.2953,4111.1033,4056.7666,4072.0753
104326000,4066.5916,3403400,43397500,6543833900,83527830900,4076.2953,4111.1033,4056.7666,4072.0753
104331000,4066.909,2856300,34294400,6546690200,83562125300,4076.2953,4111.1033,4056.7666,4072.0753
104336000,4066.5223,3790100,45255000,6550480300,83607380300,4076.2953,4111.1033,4056.7666,4072.0753
104341000,4066.8937,2378700,31413000,6552859000,83638793300,4076.2953,4111.1033,4056.7666,4072.0753
104346000,4066.847,4585500,57875400,6557444500,83696668700,4076.2953,4111.1033,4056.7666,4072.0753
104351000,4066.3616,4254000,51146700,6561698500,83747815400,4076.2953,4111.1033,4056.7666,4072.0753
104356000,4066.6152,2678700,41572200,6564377200,83789387600,4076.2953,4111.1033,4056.7666,4072.0753
104401000,4065.625,2588400,38395500,6566965600,83827783100,4076.2953,4111.1033,4056.7666,4072.0753
104406000,4065.3589,5385700,70221600,6572351300,83898004700,4076.2953,4111.1033,4056.7666,4072.0753
104411000,4064.6911,4811200,56654900,6577162500,83954659600,4076.2953,4111.1033,4056.7666,4072.0753
104416000,4062.8568,7526200,100725300,6584688700,84055384900,4076.2953,4111.1033,4056.7666,4072.0753
104421000,4062.8709,7418100,91222400,6592106800,84146607300,4076.2953,4111.1033,4056.7666,4072.0753
104426000,4062.3101,5301200,71096600,6597408000,84217703900,4076.2953,4111.1033,4056.7666,4072.0753
104431000,4062.3993,4141100,47939300,6601549100,84265643200,4076.2953,4111.1033,4056.7666,4072.0753
104436000,4062.1068,3901100,50393000,6605450200,84316036200,4076.2953,4111.1033,4056.7666,4072.0753
104441000,4062.3303,2458600,29183600,6607908800,84345219800,4076.2953,4111.1033,4056.7666,4072.0753
104446000,4062.3959,3978300,53988800,6611887100,84399208600,4076.2953,4111.1033,4056.7666,4072.0753
104451000,4062.3918,3737900,42227700,6615625000,84441436300,4076.2953,4111.1033,4056.7666,4072.0753
104456000,4062.0575,4161600,52037600,6619786600,84493473900,4076.2953,4111.1033,4056.7666,4072.0753
104501000,4062.0642,2823600,38229700,6622610200,84531703600,4076.2953,4111.1033,4056.7666,4072.0753
104506000,4061.6064,4879500,47784300,6627489700,84579487900,4076.2953,4111.1033,4056.7666,4072.0753
104511000,4061.5278,4561000,40522700,6632050700,84620010600,4076.2953,4111.1033,4056.7666,4072.0753
104516000,4061.1235,4869300,50103100,6636920000,84670113700,4076.2953,4111.1033,4056.7666,4072.0753
104521000,4060.5384,4574800,54442900,6641494800,84724556600,4076.2953,4111.1033,4056.7666,4072.0753
104526000,4060.6439,3043800,39367000,6644538600,84763923600,4076.2953,4111.1033,4056.7666,4072.0753
104531000,4060.9986,2526600,43247100,6647065200,84807170700,4076.2953,4111.1033,4056.7666,4072.0753
104536000,4060.4147,3851800,43607500,6650917000,84850778200,4076.2953,4111.1033,4056.7666,4072.0753
104541000,4060.5561,5261100,37820500,6656178100,84888598700,4076.2953,4111.1033,4056.7666,4072.0753
104546000,4059.4701,8608600,91395000,6664786700,84979993700,4076.2953,4111.1033,4056.7666,4072.0753
104551000,4059.1461,5455500,61998100,6670242200,85041991800,4076.2953,4111.1033,4056.7666,4072.0753
104556000,4059.0295,3735200,49839400,6673977400,85091831200,4076.2953,4111.1033,4056.7666,4072.0753
104601000,4059.11,2672800,32009700,6676650200,85123840900,4076.2953,4111.1033,4056.7666,4072.0753
104606000,4059.2023,5622400,56221200,6682272600,85180062100,4076.2953,4111.1033,4056.7666,4072.0753
104611000,4059.3599,3081200,25967400,6685353800,85206029500,4076.2953,4111.1033,4056.7666,4072.0753
104616000,4058.7119,5530700,58870800,6690884500,85264900300,4076.2953,4111.1033,4056.7666,4072.0753
104621000,4059.0593,4978900,59228400,6695863400,85324128700,4076.2953,4111.1033,4056.7666,4072.0753
104626000,4059.1769,4220500,42277800,6700083900,85366406500,4076.2953,4111.1033,4056.7666,4072.0753
104631000,4059.2483,5592200,46517800,6705676100,85412924300,4076.2953,4111.1033,4056.7666,4072.0753
104636000,4059.1853,4236300,50662500,6709912400,85463586800,4076.2953,4111.1033,4056.7666,4072.0753
104641000,4059.3828,3088600,30598600,6713001000,85494185400,4076.2953,4111.1033,4056.7666,4072.0753
104646000,4059.1597,4475800,53312600,6717476800,85547498000,4076.2953,4111.1033,4056.7666,4072.0753
104651000,4059.5438,4713500,51437400,6722190300,85598935400,4076.2953,4111.1033,4056.7666,4072.0753
104656000,4059.8522,3096800,35469900,6725287100,85634405300,4076.2953,4111.1033,4056.7666,4072.0753
104701000,4059.7005,3897800,41056000,6729184900,85675461300,4076.2953,4111.1033,4056.7666,4072.0753
104706000,4059.8822,16333900,86842500,6745518800,85762303800,4076.2953,4111.1033,4056.7666,4072.0753
104711000,4060.0775,2507600,32646000,6748026400,85794949800,4076.2953,4111.1033,4056.7666,4072.0753
104716000,4059.7744,6636200,59683500,6754662600,85854633300,4076.2953,4111.1033,4056.7666,4072.0753
104721000,4060.3061,7369600,58572200,6762032200,85913205500,4076.2953,4111.1033,4056.7666,4072.0753
104726000,4060.4845,4740900,53374500,6766773100,85966580000,4076.2953,4111.1033,4056.7666,4072.0753
104731000,4060.4891,5056200,56662600,6771829300,86023242600,4076.2953,4111.1033,4056.7666,4072.0753
104736000,4060.493,8984800,69654100,6780814100,86092896700,4076.2953,4111.1033,4056.7666,4072.0753
104741000,4060.6577,5687800,38168200,6786501900,86131064900,4076.2953,4111.1033,4056.7666,4072.0753
104746000,4060.7455,5053800,43654100,6791555700,86174719000,4076.2953,4111.1033,4056.7666,4072.0753
104751000,4060.3966,7427600,64622000,6798983300,86239341000,4076.2953,4111.1033,4056.7666,4072.0753
104756000,4060.2991,5812100,54059900,6804795400,86293400900,4076.2953,4111.1033,4056.7666,4072.0753
104801000,4059.9159,8168200,72631000,6812963600,86366031900,4076.2953,4111.1033,4056.7666,4072.0753
104806000,4060.1437,5286500,56139400,6818250100,86422171300,4076.2953,4111.1033,4056.7666,4072.0753
104811000,4059.7,5624000,44059300,6823874100,86466230600,4076.2953,4111.1033,4056.7666,4072.0753
104816000,4059.4418,6609100,68163900,6830483200,86534394500,4076.2953,4111.1033,4056.7666,4072.0753
104821000,4058.8172,5365500,55332500,6835848700,86589727000,4076.2953,4111.1033,4056.7666,4072.0753
104826000,4058.9174,4513700,55565000,6840362400,86645292000,4076.2953,4111.1033,4056.7666,4072.0753
104831000,4059.607,4757000,42194200,6845119400,86687486200,4076.2953,4111.1033,4056.7666,4072.0753
104836000,4058.7943,4998500,53346900,6850117900,86740833100,4076.2953,4111.1033,4056.7666,4072.0753
104841000,4059.1723,3764000,35678400,6853881900,86776511500,4076.2953,4111.1033,4056.7666,4072.0753
104846000,4059.4987,4950000,48316100,6858831900,86824827600,4076.2953,4111.1033,4056.7666,4072.0753
104851000,4059.3954,6437900,48656600,6865269800,86873484200,4076.2953,4111.1033,4056.7666,4072.0753
104856000,4059.3437,6081800,58757800,6871351600,86932242000,4076.2953,4111.1033,4056.7666,4072.0753
104901000,4059.3099,6732200,57853200,6878083800,86990095200,4076.2953,4111.1033,4056.7666,4072.0753
104906000,4059.4608,8182200,57368200,6886266000,87047463400,4076.2953,4111.1033,4056.7666,4072.0753
104911000,4059.6099,5476900,42352800,6891742900,87089816200,4076.2953,4111.1033,4056.7666,4072.0753
104916000,4059.6835,7115200,72038000,6898858100,87161854200,4076.2953,4111.1033,4056.7666,4072.0753
104921000,4059.7363,6884800,55042000,6905742900,87216896200,4076.2953,4111.1033,4056.7666,4072.0753
104926000,4059.7123,4608800,42015300,6910351700,87258911500,4076.2953,4111.1033,4056.7666,4072.0753
104931000,4059.6498,4758100,42989600,6915109800,87301901100,4076.2953,4111.1033,4056.7666,4072.0753
104936000,4059.7511,4157300,42266800,6919267100,87344167900,4076.2953,4111.1033,4056.7666,4072.0753
104941000,4060.0155,2923700,28166800,6922190800,87372334700,4076.2953,4111.1033,4056.7666,4072.0753
104946000,4060.1921,4759600,50933800,6926950400,87423268500,4076.2953,4111.1033,4056.7666,4072.0753
104951000,4060.0554,6062100,58314000,6933012500,87481582500,4076.2953,4111.1033,4056.7666,4072.0753
104956000,4060.2549,3692200,41481000,6936704700,87523063500,4076.2953,4111.1033,4056.7666,4072.0753
105001000,4059.9769,4310900,40244700,6941015600,87563308200,4076.2953,4111.1033,4056.7666,4072.0753
105006000,4059.4077,4978200,55993100,6945993800,87619301300,4076.2953,4111.1033,4056.7666,4072.0753
105011000,4058.5377,4240400,46297400,6950234200,87665598700,4076.2953,4111.1033,4056.7666,4072.0753
105016000,4057.4463,6474700,73994700,6956708900,87739593400,4076.2953,4111.1033,4056.7666,4072.0753
105021000,4056.7854,6980700,93977700,6963689600,87833571100,4076.2953,4111.1033,4056.7666,4072.0753
105026000,4055.8979,5871600,88541700,6969561200,87922112800,4076.2953,4111.1033,4055.8979,4072.0753
105031000,4056.4385,5410500,78749500,6974971700,88000862300,4076.2953,4111.1033,4055.8979,4072.0753
105036000,4056.1653,8902500,113606600,6983874200,88114468900,4076.2953,4111.1033,4055.8979,4072.0753
105041000,4055.7422,4370500,77482700,6988244700,88191951600,4076.2953,4111.1033,4055.6701,4072.0753
105046000,4055.089,8773700,105484400,6997018400,88297436000,4076.2953,4111.1033,4055.0065,4072.0753
105051000,4054.0979,9416400,113019700,7006434800,88410455700,4076.2953,4111.1033,4054.0979,4072.0753
105056000,4053.453,7596600,105040700,7014031400,88515496400,4076.2953,4111.1033,4053.453,4072.0753
105101000,4052.9685,8598700,89628500,7022630100,88605124900,4076.2953,4111.1033,4052.9685,4072.0753
105106000,4052.0326,10019900,132873400,7032650000,88737998300,4076.2953,4111.1033,4052.0326,4072.0753
105111000,4051.4165,5089400,62692800,7037739400,88800691100,4076.2953,4111.1033,4051.3989,4072.0753
105116000,4051.2412,26426600,124197300,7064166000,88924888400,4076.2953,4111.1033,4051.2412,4072.0753
105121000,4051.0659,7975400,107176300,7072141400,89032064700,4076.2953,4111.1033,4051.0659,4072.0753
105126000,4050.5328,8010800,86974000,7080152200,89119038700,4076.2953,4111.1033,4050.5328,4072.0753
105131000,4050.0616,8979200,78577100,7089131400,89197615800,4076.2953,4111.1033,4050.0616,4072.0753
105136000,4049.0316,9257200,108160000,7098388600,89305775800,4076.2953,4111.1033,4049.0316,4072.0753
105141000,4049.0424,7871700,93372600,7106260300,89399148400,4076.2953,4111.1033,4048.9973,4072.0753
105146000,4048.4072,10868200,123690900,7117128500,89522839300,4076.2953,4111.1033,4048.4043,4072.0753
105151000,4047.699,12856400,142113600,7129984900,89664952900,4076.2953,4111.1033,4047.699,4072.0753
105156000,4047.1993,9488700,108774600,7139473600,89773727500,4076.2953,4111.1033,4047.1993,4072.0753
105201000,4046.2042,10809500,110680200,7150283100,89884407700,4076.2953,4111.1033,4046.2042,4072.0753
105206000,4046.6674,12306300,106630200,7162589400,89991037900,4076.2953,4111.1033,4046.2042,4072.0753
105211000,4046.2219,5668100,68850900,7168257500,90059888800,4076.2953,4111.1033,4046.2042,4072.0753
105216000,4046.771,9546000,115304700,7177803500,90175193500,4076.2953,4111.1033,4046.2042,4072.0753
105221000,4046.6567,10901900,107429800,7188705400,90282623300,4076.2953,4111.1033,4046.2042,4072.0753
105226000,4046.634,6679600,107465800,7195385000,90390089100,4076.2953,4111.1033,4046.2042,4072.0753
105231000,4046.8986,4749100,55310800,7200134100,90445399900,4076.2953,4111.1033,4046.2042,4072.0753
105236000,4047.2843,6271100,80377700,7206405200,90525777600,4076.2953,4111.1033,4046.2042,4072.0753
105241000,4047.8477,4540100,67778800,7210945300,90593556400,4076.2953,4111.1033,4046.2042,4072.0753
105246000,4047.9237,9099600,81473700,7220044900,90675030100,4076.2953,4111.1033,4046.2042,4072.0753
105251000,4048.6724,7403100,95226000,7227448000,90770256100,4076.2953,4111.1033,4046.2042,4072.0753
105256000,4048.8909,6143800,71560500,7233591800,90841816600,4076.2953,4111.1033,4046.2042,4072.0753
105301000,4049.0125,5655600,60535500,7239247400,90902352100,4076.2953,4111.1033,4046.2042,4072.0753
105306000,4049.1784,8246400,95362800,7247493800,90997714900,4076.2953,4111.1033,4046.2042,4072.0753
105311000,4050.0516,4225900,51645900,7251719700,91049360800,4076.2953,4111.1033,4046.2042,4072.0753
105316000,4049.5506,6447700,69147400,7258167400,91118508200,4076.2953,4111.1033,4046.2042,4072.0753
105321000,4049.3346,6597100,74826800,7264764500,91193335000,4076.2953,4111.1033,4046.2042,4072.0753
105326000,4049.4955,4356300,54006200,7269120800,91247341200,4076.2953,4111.1033,4046.2042,4072.0753
105331000,4049.754,5312800,70370800,7274433600,91317712000,4076.2953,4111.1033,4046.2042,4072.0753
105336000,4049.9552,5916100,79303200,7280349700,91397015200,4076.2953,4111.1033,4046.2042,4072.0753
105341000,4049.9554,3137400,34818200,7283487100,91431833400,4076.2953,4111.1033,4046.2042,4072.0753
105346000,4050.2344,4676000,52631700,7288163100,91484465100,4076.2953,4111.1033,4046.2042,4072.0753
105351000,4050.5167,4967600,54861500,7293130700,91539326600,4076.2953,4111.1033,4046.2042,4072.0753
105356000,4050.5605,3358000,42536000,7296488700,91581862600,4076.2953,4111.1033,4046.2042,4072.0753
105401000,4050.5584,3598800,45565500,7300087500,91627428100,4076.2953,4111.1033,4046.2042,4072.0753
105406000,4050.7043,5165600,61707100,7305253100,91689135200,4076.2953,4111.1033,4046.2042,4072.0753
105411000,4051.072,3187100,36306500,7308440200,91725441700,4076.2953,4111.1033,4046.2042,4072.0753
105416000,4051.0596,5827300,62116700,7314267500,91787558400,4076.2953,4111.1033,4046.2042,4072.0753
105421000,4051.3749,5410200,51599000,7319677700,91839157400,4076.2953,4111.1033,4046.2042,4072.0753
105426000,4051.2063,4347500,52184600,7324025200,91891342000,4076.2953,4111.1033,4046.2042,4072.0753
105431000,4051.3096,3624500,35866200,7327649700,91927208200,4076.2953,4111.1033,4046.2042,4072.0753
105436000,4051.6107,4826000,53870500,7332475700,91981078700,4076.2953,4111.1033,4046.2042,4072.0753
105441000,4051.5961,2389400,30458600,7334865100,92011537300,4076.2953,4111.1033,4046.2042,4072.0753
105446000,4051.4349,3137300,35929400,7338002400,92047466700,4076.2953,4111.1033,4046.2042,4072.0753
105451000,4051.8022,4108000,46967100,7342110400,92094433800,4076.2953,4111.1033,4046.2042,4072.0753
105456000,4051.7154,2891300,37365700,7345001700,92131799500,4076.2953,4111.1033,4046.2042,4072.0753
105501000,4052.1041,2759900,33846200,7347761600,92165645700,4076.2953,4111.1033,4046.2042,4072.0753
105506000,4052.3517,4292500,59821100,7352054100,92225466800,4076.2953,4111.1033,4046.2042,4072.0753
105511000,4052.5905,3054800,34652000,7355108900,92260118800,4076.2953,4111.1033,4046.2042,4072.0753
105516000,4052.452,4313200,44439900,7359422100,92304558700,4076.2953,4111.1033,4046.2042,4072.0753
105521000,4052.3865,3424000,39067400,7362846100,92343626100,4076.2953,4111.1033,4046.2042,4072.0753
105526000,4052.2858,2644100,34307600,7365490200,92377933700,4076.2953,4111.1033,4046.2042,4072.0753
105531000,4052.5444,2199700,27105700,7367689900,92405039400,4076.2953,4111.1033,4046.2042,4072.0753
105536000,4052.552,3963200,49095700,7371653100,92454135100,4076.2953,4111.1033,4046.2042,4072.0753
105541000,4052.6986,2220100,32488400,7373873200,92486623500,4076.2953,4111.1033,4046.2042,4072.0753
105546000,4052.7425,3778100,50859600,7377651300,92537483100,4076.2953,4111.1033,4046.2042,4072.0753
105551000,4052.7957,4133100,51854900,7381784400,92589338000,4076.2953,4111.1033,4046.2042,4072.0753
105556000,4053.2173,2930500,40983900,7384714900,92630321900,4076.2953,4111.1033,4046.2042,4072.0753
105601000,4053.0112,3174800,37774300,7387889700,92668096200,4076.2953,4111.1033,4046.2042,4072.0753
105606000,4053.0161,4643100,49685900,7392532800,92717782100,4076.2953,4111.1033,4046.2042,4072.0753
105611000,4053.2126,2447000,34746300,7394979800,92752528400,4076.2953,4111.1033,4046.2042,4072.0753
105616000,4053.6883,3219000,44611500,7398198800,92797139900,4076.2953,4111.1033,4046.2042,4072.0753
105621000,4053.4175,3858400,50759500,7402057200,92847899400,4076.2953,4111.1033,4046.2042,4072.0753
105626000,4053.264,3121300,40529700,7405178500,92888429100,4076.2953,4111.1033,4046.2042,4072.0753
105631000,4053.3879,3450000,34850300,7408628500,92923279400,4076.2953,4111.1033,4046.2042,4072.0753
105636000,4052.1686,4269500,51071400,7412898000,92974350800,4076.2953,4111.1033,4046.2042,4072.0753
105641000,4052.3596,2077900,26396100,7414975900,93000746900,4076.2953,4111.1033,4046.2042,4072.0753
105646000,4052.3067,3548000,47446700,7418523900,93048193600,4076.2953,4111.1033,4046.2042,4072.0753
105651000,4052.6911,5187300,60494900,7423711200,93108688500,4076.2953,4111.1033,4046.2042,4072.0753
105656000,4052.7298,2745300,46341900,7426456500,93155030400,4076.2953,4111.1033,4046.2042,4072.0753
105701000,4052.6416,2981100,34171200,7429437600,93189201600,4076.2953,4111.1033,4046.2042,4072.0753
105706000,4052.9709,4029500,47863800,7433467100,93237065400,4076.2953,4111.1033,4046.2042,4072.0753
105711000,4052.7612,2115500,25791700,7435582600,93262857100,4076.2953,4111.1033,4046.2042,4072.0753
105716000,4052.782,3406700,47568400,7438989300,93310425500,4076.2953,4111.1033,4046.2042,4072.0753
105721000,4052.5565,4092000,52222700,7443081300,93362648200,4076.2953,4111.1033,4046.2042,4072.0753
105726000,4051.9904,3213800,39528900,7446295100,93402177100,4076.2953,4111.1033,4046.2042,4072.0753
105731000,4052.6387,3481500,35556000,7449776600,93437733100,4076.2953,4111.1033,4046.2042,4072.0753
105736000,4052.3423,3361000,41779000,7453137600,93479512100,4076.2953,4111.1033,4046.2042,4072.0753
105741000,4052.4569,1717200,23338900,7454854800,93502851000,4076.2953,4111.1033,4046.2042,4072.0753
105746000,4052.7572,3682400,44569000,7458537200,93547420000,4076.2953,4111.1033,4046.2042,4072.0753
105751000,4052.7076,3546500,48140700,7462083700,93595560700,4076.2953,4111.1033,4046.2042,4072.0753
105756000,4052.6905,3297600,35567800,7465381300,93631128500,4076.2953,4111.1033,4046.2042,4072.0753
105801000,4052.4244,4114600,40448000,7469495900,93671576500,4076.2953,4111.1033,4046.2042,4072.0753
105806000,4052.3163,4885100,47427100,7474381000,93719003600,4076.2953,4111.1033,4046.2042,4072.0753
105811000,4052.8977,2946700,31807500,7477327700,93750811100,4076.2953,4111.1033,4046.2042,4072.0753
105816000,4052.2197,2994100,34373200,7480321800,93785184300,4076.2953,4111.1033,4046.2042,4072.0753
105821000,4052.2257,4912100,45217100,7485233900,93830401400,4076.2953,4111.1033,4046.2042,4072.0753
105826000,4052.5225,3089900,38594000,7488323800,93868995400,4076.2953,4111.1033,4046.2042,4072.0753
105831000,4052.6007,2828300,37197500,7491152100,93906192900,4076.2953,4111.1033,4046.2042,4072.0753
105836000,4052.5393,3521900,39550800,7494674000,93945743700,4076.2953,4111.1033,4046.2042,4072.0753
105841000,4052.6093,2273600,25455300,7496947600,93971199000,4076.2953,4111.1033,4046.2042,4072.0753
105846000,4052.6571,3246000,37266800,7500193600,94008465800,4076.2953,4111.1033,4046.2042,4072.0753
105851000,4052.8086,3479500,42959300,7503673100,94051425100,4076.2953,4111.1033,4046.2042,4072.0753
105856000,4052.5472,3408200,41246200,7507081300,94092671300,4076.2953,4111.1033,4046.2042,4072.0753
105901000,4052.9271,2777200,31984600,7509858500,94124655900,4076.2953,4111.1033,4046.2042,4072.0753
105906000,4052.6551,3255000,36131000,7513113500,94160786900,4076.2953,4111.1033,4046.2042,4072.0753
105911000,4052.7343,1269100,17234700,7514382600,94178021600,4076.2953,4111.1033,4046.2042,4072.0753
105916000,4052.9436,3262700,38199500,7517645300,94216221100,4076.2953,4111.1033,4046.2042,4072.0753
105921000,4052.7114,3059900,40457800,7520705200,94256678900,4076.2953,4111.1033,4046.2042,4072.0753
105926000,4052.8272,2599900,39469600,7523305100,94296148500,4076.2953,4111.1033,4046.2042,4072.0753
105931000,4052.6366,2932300,34373200,7526237400,94330521700,4076.2953,4111.1033,4046.2042,4072.0753
105936000,4052.7877,2920200,36892100,7529157600,94367413800,4076.2953,4111.1033,4046.2042,4072.0753
105941000,4052.9671,1788900,25117300,7530946500,94392531100,4076.2953,4111.1033,4046.2042,4072.0753
105946000,4052.1737,4131300,53661300,7535077800,94446192400,4076.2953,4111.1033,4046.2042,4072.0753
105951000,4051.0037,6400700,83476800,7541478500,94529669200,4076.2953,4111.1033,4046.2042,4072.0753
105956000,4051.0769,4349200,56371200,7545827700,94586040400,4076.2953,4111.1033,4046.2042,4072.0753
110001000,4051.1976,3850100,43089300,7549677800,94629129700,4076.2953,4111.1033,4046.2042,4072.0753
110006000,4051.4835,4432800,57489300,7554110600,94686619000,4076.2953,4111.1033,4046.2042,4072.0753
110011000,4051.4153,3228100,36547900,7557338700,94723166900,4076.2953,4111.1033,4046.2042,4072.0753
110016000,4050.6117,5003200,58490900,7562341900,94781657800,4076.2953,4111.1033,4046.2042,4072.0753
110021000,4050.3012,4627500,56554300,7566969400,94838212100,4076.2953,4111.1033,4046.2042,4072.0753
110026000,4051.0837,2869700,37322000,7569839100,94875534100,4076.2953,4111.1033,4046.2042,4072.0753
110031000,4051.057,3439700,36417100,7573278800,94911951200,4076.2953,4111.1033,4046.2042,4072.0753
110036000,4051.278,3808700,47276500,7577087500,94959227700,4076.2953,4111.1033,4046.2042,4072.0753
110041000,4051.5196,3791200,41656100,7580878700,95000883800,4076.2953,4111.1033,4046.2042,4072.0753
110046000,4050.8529,4905500,61424700,7585784200,95062308500,4076.2953,4111.1033,4046.2042,4072.0753
110051000,4050.7605,3732700,47570500,7589516900,95109879000,4076.2953,4111.1033,4046.2042,4072.0753
110056000,4050.5234,2999900,38366700,7592516800,95148245700,4076.2953,4111.1033,4046.2042,4072.0753
110101000,4050.856,3846700,39312600,7596363500,95187558300,4076.2953,4111.1033,4046.2042,4072.0753
110106000,4051.1272,5146800,55055900,7601510300,95242614200,4076.2953,4111.1033,4046.2042,4072.0753
110111000,4051.1429,1870500,32287100,7603380800,95274901300,4076.2953,4111.1033,4046.2042,4072.0753
110116000,4051.1637,3344600,46894000,7606725400,95321795300,4076.2953,4111.1033,4046.2042,4072.0753
110121000,4050.7318,3858600,44696600,7610584000,95366491900,4076.2953,4111.1033,4046.2042,4072.0753
110126000,4050.7981,2527000,34579900,7613111000,95401071800,4076.2953,4111.1033,4046.2042,4072.0753
110131000,4051.3206,2554700,37466300,7615665700,95438538100,4076.2953,4111.1033,4046.2042,4072.0753
110136000,4051.2131,3972700,53857800,7619638400,95492395900,4076.2953,4111.1033,4046.2042,4072.0753
110141000,4051.5892,2598700,32952100,7622237100,95525348000,4076.2953,4111.1033,4046.2042,4072.0753
110146000,4050.8597,3745700,40601800,7625982800,95565949800,4076.2953,4111.1033,4046.2042,4072.0753
110151000,4050.6229,3565700,40075500,7629548500,95606025300,4076.2953,4111.1033,4046.2042,4072.0753
110156000,4050.7755,3928600,35579500,7633477100,95641604800,4076.2953,4111.1033,4046.2042,4072.0753
110201000,4051.0949,3285200,43353300,7636762300,95684958100,4076.2953,4111.1033,4046.2042,4072.0753
110206000,4050.9197,3695400,49279200,7640457700,95734237300,4076.2953,4111.1033,4046.2042,4072.0753
110211000,4051.0539,2023300,25105600,7642481000,95759342900,4076.2953,4111.1033,4046.2042,4072.0753
110216000,4051.0475,3340200,43369800,7645821200,95802712700,4076.2953,4111.1033,4046.2042,4072.0753
110221000,4050.7324,2996900,37024000,7648818100,95839736700,4076.2953,4111.1033,4046.2042,4072.0753
110226000,4050.8377,2330100,29762000,7651148200,95869498700,4076.2953,4111.1033,4046.2042,4072.0753
110231000,4050.9248,4234600,44622700,7655382800,95914121400,4076.2953,4111.1033,4046.2042,4072.0753
110236000,4051.3387,2715600,36530000,7658098400,95950651400,4076.2953,4111.1033,4046.2042,4072.0753
110241000,4051.4481,2778400,29918200,7660876800,95980569600,4076.2953,4111.1033,4046.2042,4072.0753
110246000,4051.5331,4930100,59565700,7665806900,96040135300,4076.2953,4111.1033,4046.2042,4072.0753
110251000,4051.7027,3672300,45593700,7669479200,96085729000,4076.2953,4111.1033,4046.2042,4072.0753
110256000,4051.8716,3276900,43430900,7672756100,96129159900,4076.2953,4111.1033,4046.2042,4072.0753
110301000,4052.1075,2470300,31782900,7675226400,96160942800,4076.2953,4111.1033,4046.2042,4072.0753
110306000,4052.2132,3579400,49508800,7678805800,96210451600,4076.2953,4111.1033,4046.2042,4072.0753
110311000,4052.5391,2113100,28655300,7680918900,96239106900,4076.2953,4111.1033,4046.2042,4072.0753
110316000,4052.5763,2864600,39519200,7683783500,96278626100,4076.2953,4111.1033,4046.2042,4072.0753
110321000,4052.6719,2765500,31618300,7686549000,96310244400,4076.2953,4111.1033,4046.2042,4072.0753
110326000,4052.8846,5050000,51544900,7691599000,96361789300,4076.2953,4111.1033,4046.2042,4072.0753
110331000,4052.7042,2011400,24070500,7693610400,96385859800,4076.2953,4111.1033,4046.2042,4072.0753
110336000,4053.0858,2656900,35927300,7696267300,96421787100,4076.2953,4111.1033,4046.2042,4072.0753
110341000,4053.3271,2015000,30871300,7698282300,96452658400,4076.2953,4111.1033,4046.2042,4072.0753
110346000,4053.2194,2875000,42553400,7701157300,96495211800,4076.2953,4111.1033,4046.2042,4072.0753
110351000,4054.0893,4925600,50347400,7706082900,96545559200,4076.2953,4111.1033,4046.2042,4072.0753
110356000,4054.5853,3060600,47534400,7709143500,96593093600,4076.2953,4111.1033,4046.2042,4072.0753
110401000,4054.8538,3812700,42020200,7712956200,96635113800,4076.2953,4111.1033,4046.2042,4072.0753
110406000,4054.4375,5546600,58625600,7718502800,96693739400,4076.2953,4111.1033,4046.2042,4072.0753
110411000,4055.0148,2645500,32637100,7721148300,96726376500,4076.2953,4111.1033,4046.2042,4072.0753
110416000,4055.2791,3334300,44349900,7724482600,96770726400,4076.2953,4111.1033,4046.2042,4072.0753
110421000,4054.938,4246500,51460900,7728729100,96822187300,4076.2953,4111.1033,4046.2042,4072.0753
110426000,4055.5148,2260800,30193600,7730989900,96852380900,4076.2953,4111.1033,4046.2042,4072.0753
110431000,4056.4704,3634100,49205600,7734624000,96901586500,4076.2953,4111.1033,4046.2042,4072.0753
110436000,4056.4704,4233000,51952900,7738857000,96953539400,4076.2953,4111.1033,4046.2042,4072.0753
110441000,4056.4064,2370900,26096800,7741227900,96979636200,4076.2953,4111.1033,4046.2042,4072.0753
110446000,4056.8678,3732900,48186000,7744960800,97027822200,4076.2953,4111.1033,4046.2042,4072.0753
110451000,4057.0758,3992100,51531700,7748952900,97079353900,4076.2953,4111.1033,4046.2042,4072.0753
110456000,4057.3403,3233200,42697500,7752186100,97122051400,4076.2953,4111.1033,4046.2042,4072.0753
110501000,4057.5329,3654300,35499800,7755840400,97157551200,4076.2953,4111.1033,4046.2042,4072.0753
110506000,4056.8519,4081600,45247000,7759922000,97202798200,4076.2953,4111.1033,4046.2042,4072.0753
110511000,4057.2106,3747900,39270900,7763669900,97242069100,4076.2953,4111.1033,4046.2042,4072.0753
110516000,4057.3441,4298100,60309500,7767968000,97302378600,4076.2953,4111.1033,4046.2042,4072.0753
110521000,4056.4114,4517400,46475000,7772485400,97348853600,4076.2953,4111.1033,4046.2042,4072.0753
110526000,4056.9184,2562600,38057700,7775048000,97386911300,4076.2953,4111.1033,4046.2042,4072.0753
110531000,4057.191,3046600,41628300,7778094600,97428539600,4076.2953,4111.1033,4046.2042,4072.0753
110536000,4056.5738,4475800,49388700,7782570400,97477928300,4076.2953,4111.1033,4046.2042,4072.0753
110541000,4056.3122,3066900,33712200,7785637300,97511640500,4076.2953,4111.1033,4046.2042,4072.0753
110546000,4056.0833,3770800,48951100,7789408100,97560591600,4076.2953,4111.1033,4046.2042,4072.0753
110551000,4056.5613,2920700,35789700,7792328800,97596381300,4076.2953,4111.1033,4046.2042,4072.0753
110556000,4057.1483,2663800,30614900,7794992600,97626996200,4076.2953,4111.1033,4046.2042,4072.0753
110601000,4057.4505,3027500,31499500,7798020100,97658495700,4076.2953,4111.1033,4046.2042,4072.0753
110606000,4057.9375,3832500,42376100,7801852600,97700871800,4076.2953,4111.1033,4046.2042,4072.0753
110611000,4057.8758,1770400,23727900,7803623000,97724599700,4076.2953,4111.1033,4046.2042,4072.0753
110616000,4057.8944,3473800,41940100,7807096800,97766539800,4076.2953,4111.1033,4046.2042,4072.0753
110621000,4058.2021,2545700,30823200,7809642500,97797363000,4076.2953,4111.1033,4046.2042,4072.0753
110626000,4058.4957,2972500,41038000,7812615000,97838401000,4076.2953,4111.1033,4046.2042,4072.0753
110631000,4059.0091,3064800,36746800,7815679800,97875147800,4076.2953,4111.1033,4046.2042,4072.0753
110636000,4059.0495,3884900,49569500,7819564700,97924717300,4076.2953,4111.1033,4046.2042,4072.0753
110641000,4059.5339,2710400,34890100,7822275100,97959607400,4076.2953,4111.1033,4046.2042,4072.0753
110646000,4060.3715,4515500,60397600,7826790600,98020005000,4076.2953,4111.1033,4046.2042,4072.0753
110651000,4061.5385,5727900,77236800,7832518500,98097241800,4076.2953,4111.1033,4046.2042,4072.0753
110656000,4062.2425,4636600,67373900,7837155100,98164615700,4076.2953,4111.1033,4046.2042,4072.0753
110701000,4062.1099,3948400,47745500,7841103500,98212361200,4076.2953,4111.1033,4046.2042,4072.0753
110706000,4062.5237,4937900,66293400,7846041400,98278654600,4076.2953,4111.1033,4046.2042,4072.0753
110711000,4062.4661,3154900,29727000,7849196300,98308381600,4076.2953,4111.1033,4046.2042,4072.0753
110716000,4062.9149,4120200,50222000,7853316500,98358603600,4076.2953,4111.1033,4046.2042,4072.0753
110721000,4063.3721,4575300,48619700,7857891800,98407223300,4076.2953,4111.1033,4046.2042,4072.0753
110726000,4063.6573,2844600,36840900,7860736400,98444064200,4076.2953,4111.1033,4046.2042,4072.0753
110731000,4063.4661,2306900,30860200,7863043300,98474924400,4076.2953,4111.1033,4046.2042,4072.0753
110736000,4063.7044,4669500,54166300,7867712800,98529090700,4076.2953,4111.1033,4046.2042,4072.0753
110741000,4063.933,1880300,24902900,7869593100,98553993600,4076.2953,4111.1033,4046.2042,4072.0753
110746000,4063.8837,2969500,39273800,7872562600,98593267400,4076.2953,4111.1033,4046.2042,4072.0753
110751000,4063.8312,3993100,47977600,7876555700,98641245000,4076.2953,4111.1033,4046.2042,4072.0753
110756000,4064.0103,3506100,36264900,7880061800,98677509900,4076.2953,4111.1033,4046.2042,4072.0753
110801000,4064.0594,2340700,37671700,7882402500,98715181600,4076.2953,4111.1033,4046.2042,4072.0753
110806000,4063.6679,2842400,34768900,7885244900,98749950500,4076.2953,4111.1033,4046.2042,4072.0753
110811000,4063.5317,2297100,30455500,7887542000,98780406000,4076.2953,4111.1033,4046.2042,4072.0753
110816000,4063.4102,6246300,53801100,7893788300,98834207100,4076.2953,4111.1033,4046.2042,4072.0753
110821000,4063.1964,5013000,55590700,7898801300,98889797800,4076.2953,4111.1033,4046.2042,4072.0753
110826000,4062.8709,4014700,45797500,7902816000,98935595300,4076.2953,4111.1033,4046.2042,4072.0753
110831000,4062.9645,3716900,34704900,7906532900,98970300200,4076.2953,4111.1033,4046.2042,4072.0753
110836000,4063.61,6713500,49821900,7913246400,99020122100,4076.2953,4111.1033,4046.2042,4072.0753
110841000,4062.592,3371500,29314300,7916617900,99049436400,4076.2953,4111.1033,4046.2042,4072.0753
110846000,4062.6318,6914600,55308500,7923532500,99104744900,4076.2953,4111.1033,4046.2042,4072.0753
110851000,4062.0852,4172000,41890300,7927704500,99146635200,4076.2953,4111.1033,4046.2042,4072.0753
110856000,4061.9214,2678600,36394500,7930383100,99183029700,4076.2953,4111.1033,4046.2042,4072.0753
110901000,4062.7099,2334400,31261800,7932717500,99214291500,4076.2953,4111.1033,4046.2042,4072.0753
110906000,4062.2345,3905400,39305200,7936622900,99253596700,4076.2953,4111.1033,4046.2042,4072.0753
110911000,4062.2682,1250100,15802800,7937873000,99269399500,4076.2953,4111.1033,4046.2042,4072.0753
110916000,4062.076,3205300,38944300,7941078300,99308343800,4076.2953,4111.1033,4046.2042,4072.0753
110921000,4062.1201,3514500,44378200,7944592800,99352722000,4076.2953,4111.1033,4046.2042,4072.0753
110926000,4062.0372,2598200,36224000,7947191000,99388946000,4076.2953,4111.1033,4046.2042,4072.0753
110931000,4061.1085,2546500,31479900,7949737500,99420425900,4076.2953,4111.1033,4046.2042,4072.0753
110936000,4061.4967,2393400,30911300,7952130900,99451337200,4076.2953,4111.1033,4046.2042,4072.0753
110941000,4061.6324,1769400,19082100,7953900300,99470419300,4076.2953,4111.1033,4046.2042,4072.0753
110946000,4061.0749,2785600,32278500,7956685900,99502697800,4076.2953,4111.1033,4046.2042,4072.0753
110951000,4061.3324,2666300,44749400,7959352200,99547447200,4076.2953,4111.1033,4046.2042,4072.0753
110956000,4061.7496,2125400,28451500,7961477600,99575898700,4076.2953,4111.1033,4046.2042,4072.0753
111001000,4061.4285,1574100,19905000,7963051700,99595803700,4076.2953,4111.1033,4046.2042,4072.0753
111006000,4061.7144,2838900,35863900,7965890600,99631667600,4076.2953,4111.1033,4046.2042,4072.0753
111011000,4061.8451,1237100,18318900,7967127700,99649986500,4076.2953,4111.1033,4046.2042,4072.0753
111016000,4061.6979,2785000,35035200,7969912700,99685021700,4076.2953,4111.1033,4046.2042,4072.0753
111021000,4061.6143,3980400,39012900,7973893100,99724034600,4076.2953,4111.1033,4046.2042,4072.0753
111026000,4062.7987,2098000,32541100,7975991100,99756575700,4076.2953,4111.1033,4046.2042,4072.0753
111031000,4063.0283,3195700,39068400,7979186800,99795644100,4076.2953,4111.1033,4046.2042,4072.0753
111036000,4063.2382,3868700,53983400,7983055500,99849627500,4076.2953,4111.1033,4046.2042,4072.0753
111041000,4062.8991,1940100,21843600,7984995600,99871471100,4076.2953,4111.1033,4046.2042,4072.0753
111046000,4062.3692,2874500,35023600,7987870100,99906494700,4076.2953,4111.1033,4046.2042,4072.0753
111051000,4062.1099,2840700,32741400,7990710800,99939236100,4076.2953,4111.1033,4046.2042,4072.0753
111056000,4062.5821,1489600,20895500,7992200400,99960131600,4076.2953,4111.1033,4046.2042,4072.0753
111101000,4062.5795,2609700,29987900,7994810100,99990119500,4076.2953,4111.1033,4046.2042,4072.0753
111106000,4062.1593,2289100,30401300,7997099200,100020520800,4076.2953,4111.1033,4046.2042,4072.0753
111111000,4062.5581,1116600,16102900,7998215800,100036623700,4076.2953,4111.1033,4046.2042,4072.0753
111116000,4063.0227,3436000,45117700,8001651800,100081741400,4076.2953,4111.1033,4046.2042,4072.0753
111121000,4062.8879,3227000,41723400,8004878800,100123464800,4076.2953,4111.1033,4046.2042,4072.0753
111126000,4063.1001,1832100,27516700,8006710900,100150981500,4076.2953,4111.1033,4046.2042,4072.0753
111131000,4063.4338,2257900,23456200,8008968800,100174437700,4076.2953,4111.1033,4046.2042,4072.0753
111136000,4063.4916,2676600,31929900,8011645400,100206367600,4076.2953,4111.1033,4046.2042,4072.0753
111141000,4063.6802,1637100,21050200,8013282500,100227417800,4076.2953,4111.1033,4046.2042,4072.0753
111146000,4064.2924,2821900,38487000,8016104400,100265904800,4076.2953,4111.1033,4046.2042,4072.0753
111151000,4064.4573,4132600,51855100,8020237000,100317759900,4076.2953,4111.1033,4046.2042,4072.0753
111156000,4064.2408,2383500,34406400,8022620500,100352166300,4076.2953,4111.1033,4046.2042,4072.0753
111201000,4064.5482,3397200,29879600,8026017700,100382045900,4076.2953,4111.1033,4046.2042,4072.0753
111206000,4064.6625,3137300,32898400,8029155000,100414944300,4076.2953,4111.1033,4046.2042,4072.0753
111211000,4064.7625,1258900,18965800,8030413900,100433910100,4076.2953,4111.1033,4046.2042,4072.0753
111216000,4063.9923,3194300,44903200,8033608200,100478813300,4076.2953,4111.1033,4046.2042,4072.0753
111221000,4064.2635,3906800,53440800,8037515000,100532254100,4076.2953,4111.1033,4046.2042,4072.0753
111226000,4064.3316,3052100,38092500,8040567100,100570346600,4076.2953,4111.1033,4046.2042,4072.0753
111231000,4063.4989,2148000,25444500,8042715100,100595791100,4076.2953,4111.1033,4046.2042,4072.0753
111236000,4063.4586,3511400,61458800,8046226500,100657249900,4076.2953,4111.1033,4046.2042,4072.0753
111241000,4062.7414,3311400,38082000,8049537900,100695331900,4076.2953,4111.1033,4046.2042,4072.0753
111246000,4063.1851,2791000,35150500,8052328900,100730482400,4076.2953,4111.1033,4046.2042,4072.0753
111251000,4062.7268,3611200,50238800,8055940100,100780721200,4076.2953,4111.1033,4046.2042,4072.0753
111256000,4063.4829,2238700,30814200,8058178800,100811535400,4076.2953,4111.1033,4046.2042,4072.0753
111301000,4063.1785,2413400,28405400,8060592200,100839940800,4076.2953,4111.1033,4046.2042,4072.0753
111306000,4063.3001,2852900,38977900,8063445100,100878918700,4076.2953,4111.1033,4046.2042,4072.0753
111311000,4062.7835,1564400,21510700,8065009500,100900429400,4076.2953,4111.1033,4046.2042,4072.0753
111316000,4062.6498,2643600,31961900,8067653100,100932391300,4076.2953,4111.1033,4046.2042,4072.0753
111321000,4062.6399,2575900,31751200,8070229000,100964142500,4076.2953,4111.1033,4046.2042,4072.0753
111326000,4062.4524,1629100,19586300,8071858100,100983728800,4076.2953,4111.1033,4046.2042,4072.0753
111331000,4062.1804,1611900,20589600,8073470000,101004318400,4076.2953,4111.1033,4046.2042,4072.0753
111336000,4062.5604,2510400,32575100,8075980400,101036893500,4076.2953,4111.1033,4046.2042,4072.0753
111341000,4062.8423,1767400,17948800,8077747800,101054842300,4076.2953,4111.1033,4046.2042,4072.0753
111346000,4062.4872,2775100,33259000,8080522900,101088101300,4076.2953,4111.1033,4046.2042,4072.0753
111351000,4062.6517,2916700,37576400,8083439600,101125677700,4076.2953,4111.1033,4046.2042,4072.0753
111356000,4062.2036,2121800,27970400,8085561400,101153648100,4076.2953,4111.1033,4046.2042,4072.0753
111401000,4062.0533,2094400,21491000,8087655800,101175139100,4076.2953,4111.1033,4046.2042,4072.0753
111406000,4062.0668,2323700,30471800,8089979500,101205610900,4076.2953,4111.1033,4046.2042,4072.0753
111411000,4062.4445,1283900,18076700,8091263400,101223687600,4076.2953,4111.1033,4046.2042,4072.0753
111416000,4062.2966,3203700,30982200,8094467100,101254669800,4076.2953,4111.1033,4046.2042,4072.0753
111421000,4062.4079,3319800,40721700,8097786900,101295391500,4076.2953,4111.1033,4046.2042,4072.0753
111426000,4062.5906,1982200,30785400,8099769100,101326176900,4076.2953,4111.1033,4046.2042,4072.0753
111431000,4062.6325,1924700,22318600,8101693800,101348495500,4076.2953,4111.1033,4046.2042,4072.0753
111436000,4062.9862,2424500,30048300,8104118300,101378543800,4076.2953,4111.1033,4046.2042,4072.0753
111441000,4062.9235,1656000,20945600,8105774300,101399489400,4076.2953,4111.1033,4046.2042,4072.0753
111446000,4062.9337,2265700,23755000,8108040000,101423244400,4076.2953,4111.1033,4046.2042,4072.0753
111451000,4062.9874,2846400,31469100,8110886400,101454713500,4076.2953,4111.1033,4046.2042,4072.0753
111456000,4063.32,1661200,26529400,8112547600,101481242900,4076.2953,4111.1033,4046.2042,4072.0753
111501000,4062.8541,2563000,28133900,8115110600,101509376800,4076.2953,4111.1033,4046.2042,4072.0753
111506000,4062.8787,3199900,37800600,8118310500,101547177400,4076.2953,4111.1033,4046.2042,4072.0753
111511000,4063.0444,1134000,15920300,8119444500,101563097700,4076.2953,4111.1033,4046.2042,4072.0753
111516000,4063.1244,2183800,27062700,8121628300,101590160400,4076.2953,4111.1033,4046.2042,4072.0753
111521000,4062.0254,2425700,29672800,8124054000,101619833200,4076.2953,4111.1033,4046.2042,4072.0753
111526000,4062.3184,2298000,25240800,8126352000,101645074000,4076.2953,4111.1033,4046.2042,4072.0753
111531000,4062.4384,1873300,21130400,8128225300,101666204400,4076.2953,4111.1033,4046.2042,4072.0753
111536000,4062.0274,2910700,33574800,8131136000,101699779200,4076.2953,4111.1033,4046.2042,4072.0753
111541000,4061.3329,1475500,19664100,8132611500,101719443300,4076.2953,4111.1033,4046.2042,4072.0753
111546000,4061.4107,4617500,44267500,8137229000,101763710800,4076.2953,4111.1033,4046.2042,4072.0753
111551000,4061.4129,2781700,30913100,8140010700,101794623900,4076.2953,4111.1033,4046.2042,4072.0753
111556000,4061.2099,2475500,28700100,8142486200,101823324000,4076.2953,4111.1033,4046.2042,4072.0753
111601000,4061.9478,5330500,47295400,8147816700,101870619400,4076.2953,4111.1033,4046.2042,4072.0753
111606000,4061.2197,3462600,39906100,8151279300,101910525500,4076.2953,4111.1033,4046.2042,4072.0753
111611000,4061.8988,2164700,25995700,8153444000,101936521200,4076.2953,4111.1033,4046.2042,4072.0753
111616000,4061.7936,3050000,34641500,8156494000,101971162700,4076.2953,4111.1033,4046.2042,4072.0753
111621000,4061.5675,3287100,32984600,8159781100,102004147300,4076.2953,4111.1033,4046.2042,4072.0753
111626000,4061.8622,2029100,24230400,8161810200,102028377700,4076.2953,4111.1033,4046.2042,4072.0753
111631000,4062.2102,2899600,27343900,8164709800,102055721600,4076.2953,4111.1033,4046.2042,4072.0753
111636000,4061.9234,3414000,30444400,8168123800,102086166000,4076.2953,4111.1033,4046.2042,4072.0753
111641000,4062.0652,1074700,14704000,8169198500,102100870000,4076.2953,4111.1033,4046.2042,4072.0753
111646000,4061.8816,2310700,29506200,8171509200,102130376200,4076.2953,4111.1033,4046.2042,4072.0753
111651000,4062.0884,3546400,40200800,8175055600,102170577000,4076.2953,4111.1033,4046.2042,4072.0753
111656000,4062.628,3012300,38845400,8178067900,102209422400,4076.2953,4111.1033,4046.2042,4072.0753
111701000,4062.6836,2625700,33180500,8180693600,102242602900,4076.2953,4111.1033,4046.2042,4072.0753
111706000,4062.9892,3198500,37210100,8183892100,102279813000,4076.2953,4111.1033,4046.2042,4072.0753
111711000,4062.9796,1420800,22258400,8185312900,102302071400,4076.2953,4111.1033,4046.2042,4072.0753
111716000,4063.1046,3729500,31040700,8189042400,102333112100,4076.2953,4111.1033,4046.2042,4072.0753
111721000,4063.1146,2408500,30651900,8191450900,102363764000,4076.2953,4111.1033,4046.2042,4072.0753
111726000,4063.7821,1648800,20938800,8193099700,102384702800,4076.2953,4111.1033,4046.2042,4072.0753
111731000,4063.5384,1607600,19179200,8194707300,102403882000,4076.2953,4111.1033,4046.2042,4072.0753
111736000,4063.3513,2217800,25280900,8196925100,102429162900,4076.2953,4111.1033,4046.2042,4072.0753
111741000,4063.2169,1363700,16000900,8198288800,102445163800,4076.2953,4111.1033,4046.2042,4072.0753
111746000,4063.6804,2649900,33228600,8200938700,102478392400,4076.2953,4111.1033,4046.2042,4072.0753
111751000,4063.3963,2467400,24953800,8203406100,102503346200,4076.2953,4111.1033,4046.2042,4072.0753
111756000,4063.5654,1567900,20209800,8204974000,102523556000,4076.2953,4111.1033,4046.2042,4072.0753
111801000,4062.7056,2211300,22821200,8207185300,102546377200,4076.2953,4111.1033,4046.2042,4072.0753
111806000,4063.1729,3028800,31606600,8210214100,102577983800,4076.2953,4111.1033,4046.2042,4072.0753
111811000,4062.8676,2277300,23020500,8212491400,102601004300,4076.2953,4111.1033,4046.2042,4072.0753
111816000,4063.1536,4944400,45953100,8217435800,102646957400,4076.2953,4111.1033,4046.2042,4072.0753
111821000,4063.8152,5919500,55896700,8223355300,102702854100,4076.2953,4111.1033,4046.2042,4072.0753
111826000,4063.5655,4319800,39333500,8227675100,102742187600,4076.2953,4111.1033,4046.2042,4072.0753
111831000,4063.4816,3659800,28560600,8231334900,102770748200,4076.2953,4111.1033,4046.2042,4072.0753
111836000,4063.7277,9364600,77734600,8240699500,102848482800,4076.2953,4111.1033,4046.2042,4072.0753
111841000,4064.2145,1907000,20575000,8242606500,102869057800,4076.2953,4111.1033,4046.2042,4072.0753
111846000,4064.3607,2691700,37046300,8245298200,102906104100,4076.2953,4111.1033,4046.2042,4072.0753
111851000,4064.6325,3067000,41440800,8248365200,102947544900,4076.2953,4111.1033,4046.2042,4072.0753
111856000,4064.8507,3282000,36127400,8251647200,102983672300,4076.2953,4111.1033,4046.2042,4072.0753
111901000,4065.195,3717700,41527800,8255364900,103025200100,4076.2953,4111.1033,4046.2042,4072.0753
111906000,4065.3131,5737800,49755800,8261102700,103074955900,4076.2953,4111.1033,4046.2042,4072.0753
111911000,4065.8842,2425800,29274300,8263528500,103104230200,4076.2953,4111.1033,4046.2042,4072.0753
111916000,4066.137,4881100,53269800,8268409600,103157500000,4076.2953,4111.1033,4046.2042,4072.0753
111921000,4066.6316,4384600,53677800,8272794200,103211177800,4076.2953,4111.1033,4046.2042,4072.0753
111926000,4066.6318,5106900,50501700,8277901100,103261679500,4076.2953,4111.1033,4046.2042,4072.0753
111931000,4067.9714,6849400,74425000,8284750500,103336104500,4076.2953,4111.1033,4046.2042,4072.0753
111936000,4070.0281,11384300,129409900,8296134800,103465514400,4076.2953,4111.1033,4046.2042,4072.0753
111941000,4070.8945,9320800,83789100,8305455600,103549303500,4076.2953,4111.1033,4046.2042,4072.0753
111946000,4071.9992,12942100,123945900,8318397700,103673249400,4076.2953,4111.1033,4046.2042,4072.0753
111951000,4073.1544,8328000,101114800,8326725700,103774364200,4076.2953,4111.1033,4046.2042,4072.0753
111956000,4073.4754,5289000,66055500,8332014700,103840419700,4076.2953,4111.1033,4046.2042,4072.0753
112001000,4073.413,5655600,70602000,8337670300,103911021700,4076.2953,4111.1033,4046.2042,4072.0753
112006000,4073.3886,6605600,72805000,8344275900,103983826700,4076.2953,4111.1033,4046.2042,4072.0753
112011000,4073.5061,5505300,50129500,8349781200,104033956200,4076.2953,4111.1033,4046.2042,4072.0753
112016000,4073.8421,5646800,62974500,8355428000,104096930700,4076.2953,4111.1033,4046.2042,4072.0753
112021000,4073.7001,6743000,73225300,8362171000,104170156000,4076.2953,4111.1033,4046.2042,4072.0753
112026000,4073.7441,5139100,55696500,8367310100,104225852500,4076.2953,4111.1033,4046.2042,4072.0753
112031000,4073.8832,4137200,47698900,8371447300,104273551400,4076.2953,4111.1033,4046.2042,4072.0753
112036000,4073.9342,4145300,53301200,8375592600,104326852600,4076.2953,4111.1033,4046.2042,4072.0753
112041000,4073.6881,2162900,32819600,8377755500,104359672200,4076.2953,4111.1033,4046.2042,4072.0753
112046000,4074.1993,6065900,68193000,8383821400,104427865200,4076.2953,4111.1033,4046.2042,4072.0753
112051000,4074.2128,3618400,46853500,8387439800,104474718700,4076.2953,4111.1033,4046.2042,4072.0753
112056000,4073.9239,3032600,39799500,8390472400,104514518200,4076.2953,4111.1033,4046.2042,4072.0753
112101000,4073.9892,4393400,44602800,8394865800,104559121000,4076.2953,4111.1033,4046.2042,4072.0753
112106000,4074.1708,3906500,60980800,8398772300,104620101800,4076.2953,4111.1033,4046.2042,4072.0753
112111000,4073.778,2367900,32994000,8401140200,104653095800,4076.2953,4111.1033,4046.2042,4072.0753
112116000,4074.0077,5458100,63502500,8406598300,104716598300,4076.2953,4111.1033,4046.2042,4072.0753
112121000,4074.3073,7048800,68348200,8413647100,104784946500,4076.2953,4111.1033,4046.2042,4072.0753
112126000,4074.3617,5381400,54073200,8419028500,104839019700,4076.2953,4111.1033,4046.2042,4072.0753
112131000,4074.3837,5790700,55930800,8424819200,104894950500,4076.2953,4111.1033,4046.2042,4072.0753
112136000,4075.2965,4443500,47595600,8429262700,104942546100,4076.2953,4111.1033,4046.2042,4072.0753
112141000,4074.6132,1903900,23457300,8431166600,104966003400,4076.2953,4111.1033,4046.2042,4072.0753
112146000,4074.4244,4478600,47563500,8435645200,105013566900,4076.2953,4111.1033,4046.2042,4072.0753
112151000,4074.5394,4432200,52477500,8440077400,105066044400,4076.2953,4111.1033,4046.2042,4072.0753
112156000,4074.3467,2477100,35449300,8442554500,105101493700,4076.2953,4111.1033,4046.2042,4072.0753
112201000,4074.1286,2115500,25162000,8444670000,105126655700,4076.2953,4111.1033,4046.2042,4072.0753
112206000,4074.1821,2952800,40920100,8447622800,105167575800,4076.2953,4111.1033,4046.2042,4072.0753
112211000,4074.7533,1936000,23000400,8449558800,105190576200,4076.2953,4111.1033,4046.2042,4072.0753
112216000,4073.8295,3384100,34069400,8452942900,105224645600,4076.2953,4111.1033,4046.2042,4072.0753
112221000,4074.2138,3095600,37915500,8456038500,105262561100,4076.2953,4111.1033,4046.2042,4072.0753
112226000,4074.5157,2245500,28188300,8458284000,105290749400,4076.2953,4111.1033,4046.2042,4072.0753
112231000,4074.5593,2701700,31000900,8460985700,105321750300,4076.2953,4111.1033,4046.2042,4072.0753
112236000,4074.0097,3712700,41974100,8464698400,105363724400,4076.2953,4111.1033,4046.2042,4072.0753
112241000,4074.2963,3719200,32753400,8468417600,105396477800,4076.2953,4111.1033,4046.2042,4072.0753
112246000,4074.5887,3053400,35583800,8471471000,105432061600,4076.2953,4111.1033,4046.2042,4072.0753
112251000,4075.2372,5248100,62189100,8476719100,105494250700,4076.2953,4111.1033,4046.2042,4072.0753
112256000,4075.0767,1838300,23806600,8478557400,105518057300,4076.2953,4111.1033,4046.2042,4072.0753
112301000,4074.1286,2677900,30792100,8481235300,105548849400,4076.2953,4111.1033,4046.2042,4072.0753
112306000,4074.2356,2691200,36575800,8483926500,105585425200,4076.2953,4111.1033,4046.2042,4072.0753
112311000,4074.4552,1417500,19717800,8485344000,105605143000,4076.2953,4111.1033,4046.2042,4072.0753
112316000,4074.5625,4507600,51119800,8489851600,105656262800,4076.2953,4111.1033,4046.2042,4072.0753
112321000,4075.2793,2855800,43115100,8492707400,105699377900,4076.2953,4111.1033,4046.2042,4072.0753
112326000,4075.1648,2330000,34811500,8495037400,105734189400,4076.2953,4111.1033,4046.2042,4072.0753
112331000,4075.624,3538900,46880200,8498576300,105781069600,4076.2953,4111.1033,4046.2042,4072.0753
112336000,4076.0919,5053700,54862500,8503630000,105835932100,4076.2953,4111.1033,4046.2042,4072.0753
112341000,4075.9653,1841700,24368500,8505471700,105860300600,4076.2953,4111.1033,4046.2042,4072.0753
112346000,4076.4049,5005500,55638200,8510477200,105915938800,4076.2953,4111.1033,4046.2042,4072.0753
112351000,4076.1225,3253500,41678300,8513730700,105957617100,4076.2953,4111.1033,4046.2042,4072.0753
112356000,4076.9506,2306700,28431300,8516037400,105986048400,4076.2953,4111.1033,4046.2042,4072.0753
112401000,4077.0545,2024900,25698500,8518062300,106011746900,4076.2953,4111.1033,4046.2042,4072.0753
112406000,4076.8866,2774100,40681000,8520836400,106052427900,4076.2953,4111.1033,4046.2042,4072.0753
112411000,4076.6923,1564400,22411800,8522400800,106074839700,4076.2953,4111.1033,4046.2042,4072.0753
112416000,4076.7832,4469400,55241100,8526870200,106130080800,4076.2953,4111.1033,4046.2042,4072.0753
112421000,4076.9815,2635300,33836200,8529505500,106163917000,4076.2953,4111.1033,4046.2042,4072.0753
112426000,4076.9325,2767300,31036800,8532272800,106194953800,4076.2953,4111.1033,4046.2042,4072.0753
112431000,4076.5453,2800400,38027600,8535073200,106232981400,4076.2953,4111.1033,4046.2042,4072.0753
112436000,4075.9,3247200,47904700,8538320400,106280886100,4076.2953,4111.1033,4046.2042,4072.0753
112441000,4075.424,2234000,29091600,8540554400,106309977700,4076.2953,4111.1033,4046.2042,4072.0753
112446000,4075.518,3328900,42541700,8543883300,106352519400,4076.2953,4111.1033,4046.2042,4072.0753
112451000,4075.3786,4665400,46219100,8548548700,106398738500,4076.2953,4111.1033,4046.2042,4072.0753
112456000,4075.1857,2596500,33474800,8551145200,106432213300,4076.2953,4111.1033,4046.2042,4072.0753
112501000,4074.8715,2893300,36001500,8554038500,106468214800,4076.2953,4111.1033,4046.2042,4072.0753
112506000,4075.1199,3621200,40607600,8557659700,106508822400,4076.2953,4111.1033,4046.2042,4072.0753
112511000,4074.9329,1971600,22687400,8559631300,106531509800,4076.2953,4111.1033,4046.2042,4072.0753
112516000,4075.1513,4713900,62045100,8564345200,106593554900,4076.2953,4111.1033,4046.2042,4072.0753
112521000,4074.7795,2752100,36649000,8567097300,106630203900,4076.2953,4111.1033,4046.2042,4072.0753
112526000,4074.4685,2500100,24829100,8569597400,106655033000,4076.2953,4111.1033,4046.2042,4072.0753
112531000,4074.8068,2433600,29389400,8572031000,106684422400,4076.2953,4111.1033,4046.2042,4072.0753
112536000,4075.3156,2847200,29436400,8574878200,106713858800,4076.2953,4111.1033,4046.2042,4072.0753
112541000,4075.2371,1378500,16156400,8576256700,106730015200,4076.2953,4111.1033,4046.2042,4072.0753
112546000,4074.7766,2703300,29344400,8578960000,106759359600,4076.2953,4111.1033,4046.2042,4072.0753
112551000,4074.7722,2531000,32382500,8581491000,106791742100,4076.2953,4111.1033,4046.2042,4072.0753
112556000,4074.8571,1603400,23546100,8583094400,106815288200,4076.2953,4111.1033,4046.2042,4072.0753
112601000,4074.3637,1632800,19873800,8584727200,106835162000,4076.2953,4111.1033,4046.2042,4072.0753
112606000,4074.4059,2033200,24720000,8586760400,106859882000,4076.2953,4111.1033,4046.2042,4072.0753
112611000,4074.4284,1633400,18824700,8588393800,106878706700,4076.2953,4111.1033,4046.2042,4072.0753
112616000,4074.5569,4242900,49180300,8592636700,106927887000,4076.2953,4111.1033,4046.2042,4072.0753
112621000,4074.7799,2594000,45725300,8595230700,106973612300,4076.2953,4111.1033,4046.2042,4072.0753
112626000,4074.5732,1948000,30695400,8597178700,107004307700,4076.2953,4111.1033,4046.2042,4072.0753
112631000,4074.2204,2929600,30834000,8600108300,107035141700,4076.2953,4111.1033,4046.2042,4072.0753
112636000,4075.0302,2641100,34374200,8602749400,107069515900,4076.2953,4111.1033,4046.2042,4072.0753
112641000,4074.8787,1160900,13537700,8603910300,107083053600,4076.2953,4111.1033,4046.2042,4072.0753
112646000,4074.7228,2995500,39248700,8606905800,107122302300,4076.2953,4111.1033,4046.2042,4072.0753
112651000,4074.8592,4484200,57040400,8611390000,107179342700,4076.2953,4111.1033,4046.2042,4072.0753
112656000,4074.5497,2332800,25818800,8613722800,107205161500,4076.2953,4111.1033,4046.2042,4072.0753
112701000,4075.0033,3318800,41738500,8617041600,107246900000,4076.2953,4111.1033,4046.2042,4072.0753
112706000,4074.9097,4728900,46626000,8621770500,107293526000,4076.2953,4111.1033,4046.2042,4072.0753
112711000,4074.5768,2221600,26175100,8623992100,107319701100,4076.2953,4111.1033,4046.2042,4072.0753
112716000,4074.9803,28776400,215874700,8652768500,107535575800,4076.2953,4111.1033,4046.2042,4072.0753
112721000,4075.1694,23676800,181545600,8676445300,107717121400,4076.2953,4111.1033,4046.2042,4072.0753
112726000,4075.5595,7826500,67659000,8684271800,107784780400,4076.2953,4111.1033,4046.2042,4072.0753
112731000,4074.9178,4322900,41083500,8688594700,107825863900,4076.2953,4111.1033,4046.2042,4072.0753
112736000,4075.1028,5345400,50820200,8693940100,107876684100,4076.2953,4111.1033,4046.2042,4072.0753
112741000,4075.3298,1088200,13767500,8695028300,107890451600,4076.2953,4111.1033,4046.2042,4072.0753
112746000,4075.1939,2377400,28777600,8697405700,107919229200,4076.2953,4111.1033,4046.2042,4072.0753
112751000,4075.8953,4143300,44136900,8701549000,107963366100,4076.2953,4111.1033,4046.2042,4072.0753
112756000,4075.7988,2602900,32186000,8704151900,107995552100,4076.2953,4111.1033,4046.2042,4072.0753
112801000,4075.9983,2588200,33126800,8706740100,108028678900,4076.2953,4111.1033,4046.2042,4072.0753
112806000,4075.8567,2822800,32914300,8709562900,108061593200,4076.2953,4111.1033,4046.2042,4072.0753
112811000,4076.2973,1841400,21174200,8711404300,108082767400,4076.2953,4111.1033,4046.2042,4072.0753
112816000,4075.9202,3072400,36632900,8714476700,108119400300,4076.2953,4111.1033,4046.2042,4072.0753
112821000,4075.9587,3294900,41270700,8717771600,108160671000,4076.2953,4111.1033,4046.2042,4072.0753
112826000,4075.785,1963500,26047000,8719735100,108186718000,4076.2953,4111.1033,4046.2042,4072.0753
112831000,4075.6212,2185000,28730600,8721920100,108215448600,4076.2953,4111.1033,4046.2042,4072.0753
112836000,4075.5549,4199800,46552500,8726119900,108262001100,4076.2953,4111.1033,4046.2042,4072.0753
112841000,4075.8319,1596800,21420100,8727716700,108283421200,4076.2953,4111.1033,4046.2042,4072.0753
112846000,4075.8522,2983000,41499100,8730699700,108324920300,4076.2953,4111.1033,4046.2042,4072.0753
112851000,4075.6412,3364100,37204600,8734063800,108362124900,4076.2953,4111.1033,4046.2042,4072.0753
112856000,4075.4718,2326200,27608900,8736390000,108389733800,4076.2953,4111.1033,4046.2042,4072.0753
112901000,4075.7722,2287100,25999400,8738677100,108415733200,4076.2953,4111.1033,4046.2042,4072.0753
112906000,4075.4531,2501900,30722000,8741179000,108446455200,4076.2953,4111.1033,4046.2042,4072.0753
112911000,4075.2745,1493000,21040600,8742672000,108467495800,4076.2953,4111.1033,4046.2042,4072.0753
112916000,4075.4995,2809400,34153700,8745481400,108501649500,4076.2953,4111.1033,4046.2042,4072.0753
112921000,4075.3305,2729600,36217300,8748211000,108537866800,4076.2953,4111.1033,4046.2042,4072.0753
112926000,4075.2448,1796800,23306800,8750007800,108561173600,4076.2953,4111.1033,4046.2042,4072.0753
112931000,4075.4593,2088800,26882300,8752096600,108588055900,4076.2953,4111.1033,4046.2042,4072.0753
112936000,4075.4948,2428400,33089000,8754525000,108621144900,4076.2953,4111.1033,4046.2042,4072.0753
112941000,4075.2889,1081900,15427200,8755606900,108636572100,4076.2953,4111.1033,4046.2042,4072.0753
112946000,4075.286,2056400,28252900,8757663300,108664825000,4076.2953,4111.1033,4046.2042,4072.0753
112951000,4074.9066,2708400,31578800,8760371700,108696403800,4076.2953,4111.1033,4046.2042,4072.0753
112956000,4075.0011,1623000,17629200,8761994700,108714033000,4076.2953,4111.1033,4046.2042,4072.0753
113001000,4075.2591,1920400,20953400,8763915100,108734986400,4076.2953,4111.1033,4046.2042,4072.0753
113006000,4075.1607,435400,7139800,8764350500,108742126200,4076.2953,4111.1033,4046.2042,4072.0753
130001000,4075.14,983100,11004700,8765333600,108753130900,4076.2953,4111.1033,4046.2042,4072.0753
130006000,4075.6892,44528200,480001800,8809861800,109233132700,4076.2953,4111.1033,4046.2042,4072.0753
130011000,4076.4752,15898900,166659500,8825760700,109399792200,4076.2953,4111.1033,4046.2042,4072.0753
130016000,4076.9574,5333800,65301100,8831094500,109465093300,4076.2953,4111.1033,4046.2042,4072.0753
130021000,4076.4674,1947500,25910800,8833042000,109491004100,4076.2953,4111.1033,4046.2042,4072.0753
130026000,4076.5018,2783300,29335400,8835825300,109520339500,4076.2953,4111.1033,4046.2042,4072.0753
130031000,4076.7884,2146900,22272600,8837972200,109542612100,4076.2953,4111.1033,4046.2042,4072.0753
130036000,4076.9161,1894300,27161600,8839866500,109569773700,4076.2953,4111.1033,4046.2042,4072.0753
130041000,4076.8688,1844400,27818400,8841710900,109597592100,4076.2953,4111.1033,4046.2042,4072.0753
130046000,4076.9296,2703200,34349100,8844414100,109631941200,4076.2953,4111.1033,4046.2042,4072.0753
130051000,4076.6249,2207300,30237800,8846621400,109662179000,4076.2953,4111.1033,4046.2042,4072.0753
130056000,4077.1371,2227300,25475500,8848848700,109687654500,4076.2953,4111.1033,4046.2042,4072.0753
130101000,4077.0918,2502300,32103100,8851351000,109719757600,4076.2953,4111.1033,4046.2042,4072.0753
130106000,4076.7081,2012900,34811100,8853363900,109754568700,4076.2953,4111.1033,4046.2042,4072.0753
130111000,4076.3463,2230700,24670200,8855594600,109779238900,4076.2953,4111.1033,4046.2042,4072.0753
130116000,4076.4895,4052500,45246800,8859647100,109824485700,4076.2953,4111.1033,4046.2042,4072.0753
130121000,4076.2005,2177900,27622000,8861825000,109852107700,4076.2953,4111.1033,4046.2042,4072.0753
130126000,4076.2431,2348300,30429100,8864173300,109882536800,4076.2953,4111.1033,4046.2042,4072.0753
130131000,4076.0008,2095400,30168600,8866268700,109912705400,4076.2953,4111.1033,4046.2042,4072.0753
130136000,4075.5563,3344600,37875200,8869613300,109950580600,4076.2953,4111.1033,4046.2042,4072.0753
130141000,4075.4184,1777000,24190800,8871390300,109974771400,4076.2953,4111.1033,4046.2042,4072.0753
130146000,4075.9857,2043500,30373200,8873433800,110005144600,4076.2953,4111.1033,4046.2042,4072.0753
130151000,4075.4742,2064800,30018500,8875498600,110035163100,4076.2953,4111.1033,4046.2042,4072.0753
130156000,4075.3603,4137400,47004800,8879636000,110082167900,4076.2953,4111.1033,4046.2042,4072.0753
130201000,4074.549,2389200,29457800,8882025200,110111625700,4076.2953,4111.1033,4046.2042,4072.0753
130206000,4074.5624,1818500,27695200,8883843700,110139320900,4076.2953,4111.1033,4046.2042,4072.0753
130211000,4074.2041,2714400,23821100,8886558100,110163142000,4076.2953,4111.1033,4046.2042,4072.0753
130216000,4074.3143,2239000,27500000,8888797100,110190642000,4076.2953,4111.1033,4046.2042,4072.0753
130221000,4074.5514,1830000,23945100,8890627100,110214587100,4076.2953,4111.1033,4046.2042,4072.0753
130226000,4074.9544,1875500,24747000,8892502600,110239334100,4076.2953,4111.1033,4046.2042,4072.0753
130231000,4074.5215,1754500,20657300,8894257100,110259991400,4076.2953,4111.1033,4046.2042,4072.0753
130236000,4074.5098,1470500,20802000,8895727600,110280793400,4076.2953,4111.1033,4046.2042,4072.0753
130241000,4074.5005,1988600,22108500,8897716200,110302901900,4076.2953,4111.1033,4046.2042,4072.0753
130246000,4074.6865,2614500,37320900,8900330700,110340222800,4076.2953,4111.1033,4046.2042,4072.0753
130251000,4074.0499,2052600,27082600,8902383300,110367305400,4076.2953,4111.1033,4046.2042,4072.0753
130256000,4074.2457,2630700,28773000,8905014000,110396078400,4076.2953,4111.1033,4046.2042,4072.0753
130301000,4074.17,2234200,27339400,8907248200,110423417800,4076.2953,4111.1033,4046.2042,4072.0753
130306000,4074.3716,1884600,27639600,8909132800,110451057400,4076.2953,4111.1033,4046.2042,4072.0753
130311000,4073.9368,1731500,19436000,8910864300,110470493400,4076.2953,4111.1033,4046.2042,4072.0753
130316000,4073.7806,2376900,32578600,8913241200,110503072000,4076.2953,4111.1033,4046.2042,4072.0753
130321000,4073.6808,1829200,24702200,8915070400,110527774200,4076.2953,4111.1033,4046.2042,4072.0753
130326000,4074.115,2059700,25355100,8917130100,110553129300,4076.2953,4111.1033,4046.2042,4072.0753
130331000,4073.9918,2581100,26631500,8919711200,110579760800,4076.2953,4111.1033,4046.2042,4072.0753
130336000,4073.8442,1673400,22681600,8921384600,110602442400,4076.2953,4111.1033,4046.2042,4072.0753
130341000,4073.6011,1475900,18711100,8922860500,110621153500,4076.2953,4111.1033,4046.2042,4072.0753
130346000,4073.327,2628400,38125000,8925488900,110659278500,4076.2953,4111.1033,4046.2042,4072.0753
130351000,4073.5806,1951100,25382000,8927440000,110684660500,4076.2953,4111.1033,4046.2042,4072.0753
130356000,4074.0811,2606600,28239900,8930046600,110712900400,4076.2953,4111.1033,4046.2042,4072.0753
130401000,4073.5951,1996100,25142700,8932042700,110738043100,4076.2953,4111.1033,4046.2042,4072.0753
130406000,4073.592,2277700,32570700,8934320400,110770613800,4076.2953,4111.1033,4046.2042,4072.0753
130411000,4073.6527,1741900,20271800,8936062300,110790885600,4076.2953,4111.1033,4046.2042,4072.0753
130416000,4073.6308,2471900,36368800,8938534200,110827254400,4076.2953,4111.1033,4046.2042,4072.0753
130421000,4073.5291,1434200,22896400,8939968400,110850150800,4076.2953,4111.1033,4046.2042,4072.0753
130426000,4073.4516,1953600,25694100,8941922000,110875844900,4076.2953,4111.1033,4046.2042,4072.0753
130431000,4073.6716,2569000,28614600,8944491000,110904459500,4076.2953,4111.1033,4046.2042,4072.0753
130436000,4073.1356,1639900,25859000,8946130900,110930318500,4076.2953,4111.1033,4046.2042,4072.0753
130441000,4073.3267,2078300,30420100,8948209200,110960738600,4076.2953,4111.1033,4046.2042,4072.0753
130446000,4073.1737,2170700,31775600,8950379900,110992514200,4076.2953,4111.1033,4046.2042,4072.0753
130451000,4072.9545,3193700,30333700,8953573600,111022847900,4076.2953,4111.1033,4046.2042,4072.0753
130456000,4072.7508,1948700,29891000,8955522300,111052738900,4076.2953,4111.1033,4046.2042,4072.0753
130501000,4073.1885,2381500,28781300,8957903800,111081520200,4076.2953,4111.1033,4046.2042,4072.0753
130506000,4072.1386,2681200,29232000,8960585000,111110752200,4076.2953,4111.1033,4046.2042,4072.0753
130511000,4072.6316,1677400,24884100,8962262400,111135636300,4076.2953,4111.1033,4046.2042,4072.0753
130516000,4072.2444,3086700,33844800,8965349100,111169481100,4076.2953,4111.1033,4046.2042,4072.0753
130521000,4072.0843,1934400,26144100,8967283500,111195625200,4076.2953,4111.1033,4046.2042,4072.0753
130526000,4072.1496,3776100,32829600,8971059600,111228454800,4076.2953,4111.1033,4046.2042,4072.0753
130531000,4071.9123,2922200,34621500,8973981800,111263076300,4076.2953,4111.1033,4046.2042,4072.0753
130536000,4072.1394,2141900,33257200,8976123700,111296333500,4076.2953,4111.1033,4046.2042,4072.0753
130541000,4072.3056,1735900,21225800,8977859600,111317559300,4076.2953,4111.1033,4046.2042,4072.0753
130546000,4072.3855,5191100,40564400,8983050700,111358123700,4076.2953,4111.1033,4046.2042,4072.0753
130551000,4072.2551,1839400,23349900,8984890100,111381473600,4076.2953,4111.1033,4046.2042,4072.0753
130556000,4072.1344,3654400,33326100,8988544500,111414799700,4076.2953,4111.1033,4046.2042,4072.0753
130601000,4072.0625,1762800,24932500,8990307300,111439732200,4076.2953,4111.1033,4046.2042,4072.0753
130606000,4071.8951,2259400,39308900,8992566700,111479041100,4076.2953,4111.1033,4046.2042,4072.0753
130611000,4071.9234,2538100,27253000,8995104800,111506294100,4076.2953,4111.1033,4046.2042,4072.0753
130616000,4071.3711,2618900,37537500,8997723700,111543831600,4076.2953,4111.1033,4046.2042,4072.0753
130621000,4071.6745,1814100,25410000,8999537800,111569241600,4076.2953,4111.1033,4046.2042,4072.0753
130626000,4071.7429,3547300,40788400,9003085100,111610030000,4076.2953,4111.1033,4046.2042,4072.0753
130631000,4071.8955,2318600,28313300,9005403700,111638343300,4076.2953,4111.1033,4046.2042,4072.0753
130636000,4071.8451,1918800,31788400,9007322500,111670131700,4076.2953,4111.1033,4046.2042,4072.0753
130641000,4071.5484,2860100,26108800,9010182600,111696240500,4076.2953,4111.1033,4046.2042,4072.0753
130646000,4071.6524,3301900,42661300,9013484500,111738901800,4076.2953,4111.1033,4046.2042,4072.0753
130651000,4071.3108,2215900,28359400,9015700400,111767261200,4076.2953,4111.1033,4046.2042,4072.0753
130656000,4071.5501,2045200,27802900,9017745600,111795064100,4076.2953,4111.1033,4046.2042,4072.0753
130701000,4071.3321,2593400,28451000,9020339000,111823515100,4076.2953,4111.1033,4046.2042,4072.0753
130706000,4071.2627,2410100,37495400,9022749100,111861010500,4076.2953,4111.1033,4046.2042,4072.0753
130711000,4071.4633,1816400,24666500,9024565500,111885677000,4076.2953,4111.1033,4046.2042,4072.0753
130716000,4071.4389,2624100,33409900,9027189600,111919086900,4076.2953,4111.1033,4046.2042,4072.0753
130721000,4070.9043,1631000,26790000,9028820600,111945876900,4076.2953,4111.1033,4046.2042,4072.0753
130726000,4071.8036,3030600,33698200,9031851200,111979575100,4076.2953,4111.1033,4046.2042,4072.0753
130731000,4071.6574,1498200,23096600,9033349400,112002671700,4076.2953,4111.1033,4046.2042,4072.0753
130736000,4071.9128,2229600,31579300,9035579000,112034251000,4076.2953,4111.1033,4046.2042,4072.0753
130741000,4071.4821,2123600,23244300,9037702600,112057495300,4076.2953,4111.1033,4046.2042,4072.0753
130746000,4071.5902,3145500,35041600,9040848100,112092536900,4076.2953,4111.1033,4046.2042,4072.0753
130751000,4071.2407,2315000,28935900,9043163100,112121472800,4076.2953,4111.1033,4046.2042,4072.0753
130756000,4071.5072,3339300,33939000,9046502400,112155411800,4076.2953,4111.1033,4046.2042,4072.0753
130801000,4071.4877,3762800,42157100,9050265200,112197568900,4076.2953,4111.1033,4046.2042,4072.0753
130806000,4071.4943,2579200,31443800,9052844400,112229012700,4076.2953,4111.1033,4046.2042,4072.0753
130811000,4071.5117,2181000,25622300,9055025400,112254635000,4076.2953,4111.1033,4046.2042,4072.0753
130816000,4071.4568,2975800,38453800,9058001200,112293088800,4076.2953,4111.1033,4046.2042,4072.0753
130821000,4071.1519,2159200,34668500,9060160400,112327757300,4076.2953,4111.1033,4046.2042,4072.0753
130826000,4071.4939,3161800,52692400,9063322200,112380449700,4076.2953,4111.1033,4046.2042,4072.0753
130831000,4071.4694,2792400,44024200,9066114600,112424473900,4076.2953,4111.1033,4046.2042,4072.0753
130836000,4071.8485,3756600,61575700,9069871200,112486049600,4076.2953,4111.1033,4046.2042,4072.0753
130841000,4072.222,4480300,52206600,9074351500,112538256200,4076.2953,4111.1033,4046.2042,4072.0753
130846000,4073.6765,4987800,63438300,9079339300,112601694500,4076.2953,4111.1033,4046.2042,4072.0753
130851000,4073.6099,2927700,51129100,9082267000,112652823600,4076.2953,4111.1033,4046.2042,4072.0753
130856000,4075.1421,3103800,48975600,9085370800,112701799200,4076.2953,4111.1033,4046.2042,4072.0753
130901000,4073.817,5398100,84628300,9090768900,112786427500,4076.2953,4111.1033,4046.2042,4072.0753
130906000,4073.8987,2348100,39262100,9093117000,112825689600,4076.2953,4111.1033,4046.2042,4072.0753
130911000,4073.7524,3872300,47742100,9096989300,112873431700,4076.2953,4111.1033,4046.2042,4072.0753
130916000,4074.1274,3077200,44691500,9100066500,112918123200,4076.2953,4111.1033,4046.2042,4072.0753
130921000,4074.6459,2956100,40021000,9103022600,112958144200,4076.2953,4111.1033,4046.2042,4072.0753
130926000,4074.6588,2534700,38809100,9105557300,112996953300,4076.2953,4111.1033,4046.2042,4072.0753
130931000,4074.8033,2669000,40378700,9108226300,113037332000,4076.2953,4111.1033,4046.2042,4072.0753
130936000,4075.1824,2461300,39833200,9110687600,113077165200,4076.2953,4111.1033,4046.2042,4072.0753
130941000,4074.5904,2573700,36535200,9113261300,113113700400,4076.2953,4111.1033,4046.2042,4072.0753
130946000,4074.9231,3945500,51394300,9117206800,113165094700,4076.2953,4111.1033,4046.2042,4072.0753
130951000,4075.4397,2532800,37675700,9119739600,113202770400,4076.2953,4111.1033,4046.2042,4072.0753
130956000,4075.4822,4275000,46798900,9124014600,113249569300,4076.2953,4111.1033,4046.2042,4072.0753
131001000,4075.0567,3178100,43073200,9127192700,113292642500,4076.2953,4111.1033,4046.2042,4072.0753
131006000,4074.4481,2880400,49461600,9130073100,113342104100,4076.2953,4111.1033,4046.2042,4072.0753
131011000,4074.6172,2639400,38769100,9132712500,113380873200,4076.2953,4111.1033,4046.2042,4072.0753
131016000,4075.1236,3576400,49510600,9136288900,113430383800,4076.2953,4111.1033,4046.2042,4072.0753
131021000,4075.1738,2450000,31549100,9138738900,113461932900,4076.2953,4111.1033,4046.2042,4072.0753
131026000,4075.289,2358500,33332200,9141097400,113495265100,4076.2953,4111.1033,4046.2042,4072.0753
131031000,4075.2269,3108200,48317500,9144205600,113543582600,4076.2953,4111.1033,4046.2042,4072.0753
131036000,4075.1552,2720900,41666800,9146926500,113585249400,4076.2953,4111.1033,4046.2042,4072.0753
131041000,4075.0728,2008600,35609400,9148935100,113620858800,4076.2953,4111.1033,4046.2042,4072.0753
131046000,4075.3205,2989100,52202800,9151924200,113673061600,4076.2953,4111.1033,4046.2042,4072.0753
131051000,4075.2669,3284200,36433300,9155208400,113709494900,4076.2953,4111.1033,4046.2042,4072.0753
131056000,4075.3232,3619200,47066300,9158827600,113756561200,4076.2953,4111.1033,4046.2042,4072.0753
131101000,4075.2352,3507500,53982800,9162335100,113810544000,4076.2953,4111.1033,4046.2042,4072.0753
131106000,4075.0187,2458700,36086800,9164793800,113846630800,4076.2953,4111.1033,4046.2042,4072.0753
131111000,4075.5597,2920700,48126600,9167714500,113894757400,4076.2953,4111.1033,4046.2042,4072.0753
131116000,4075.4164,2731800,37699700,9170446300,113932457100,4076.2953,4111.1033,4046.2042,4072.0753
131121000,4075.2847,2921200,49143300,9173367500,113981600400,4076.2953,4111.1033,4046.2042,4072.0753
131126000,4075.2881,4041900,52660900,9177409400,114034261300,4076.2953,4111.1033,4046.2042,4072.0753
131131000,4075.4184,2275700,38795000,9179685100,114073056300,4076.2953,4111.1033,4046.2042,4072.0753
131136000,4075.4734,2306900,40519500,9181992000,114113575800,4076.2953,4111.1033,4046.2042,4072.0753
131141000,4075.3493,1845600,25278300,9183837600,114138854100,4076.2953,4111.1033,4046.2042,4072.0753
131146000,4075.2692,2697000,38479700,9186534600,114177333800,4076.2953,4111.1033,4046.2042,4072.0753
131151000,4075.1233,2691200,44184700,9189225800,114221518500,4076.2953,4111.1033,4046.2042,4072.0753
131156000,4075.3881,2307800,36018600,9191533600,114257537100,4076.2953,4111.1033,4046.2042,4072.0753
131201000,4075.1518,2737500,56971600,9194271100,114314508700,4076.2953,4111.1033,4046.2042,4072.0753
131206000,4075.1112,2382100,43716300,9196653200,114358225000,4076.2953,4111.1033,4046.2042,4072.0753
131211000,4075.3761,2838800,36102000,9199492000,114394327000,4076.2953,4111.1033,4046.2042,4072.0753
131216000,4075.661,3509700,48892300,9203001700,114443219300,4076.2953,4111.1033,4046.2042,4072.0753
131221000,4075.552,2293000,38769000,9205294700,114481988300,4076.2953,4111.1033,4046.2042,4072.0753
131226000,4075.5462,3277000,43404400,9208571700,114525392700,4076.2953,4111.1033,4046.2042,4072.0753
131231000,4075.4544,2361200,41023100,9210932900,114566415800,4076.2953,4111.1033,4046.2042,4072.0753
131236000,4075.5641,2147000,36883900,9213079900,114603299700,4076.2953,4111.1033,4046.2042,4072.0753
131241000,4075.223,1716200,24592400,9214796100,114627892100,4076.2953,4111.1033,4046.2042,4072.0753
131246000,4075.4436,2502500,37314500,9217298600,114665206600,4076.2953,4111.1033,4046.2042,4072.0753
131251000,4075.2052,2815000,36020200,9220113600,114701226800,4076.2953,4111.1033,4046.2042,4072.0753
131256000,4075.1874,2144600,29610800,9222258200,114730837600,4076.2953,4111.1033,4046.2042,4072.0753
131301000,4074.8335,3926100,39636200,9226184300,114770473800,4076.2953,4111.1033,4046.2042,4072.0753
131306000,4074.8561,3766400,53184600,9229950700,114823658400,4076.2953,4111.1033,4046.2042,4072.0753
131311000,4075.2182,2078900,28497900,9232029600,114852156300,4076.2953,4111.1033,4046.2042,4072.0753
131316000,4075.4093,4411900,48973800,9236441500,114901130100,4076.2953,4111.1033,4046.2042,4072.0753
131321000,4075.1775,2929600,30794300,9239371100,114931924400,4076.2953,4111.1033,4046.2042,4072.0753
131326000,4075.3255,3576900,34260700,9242948000,114966185100,4076.2953,4111.1033,4046.2042,4072.0753
131331000,4074.9621,3254500,38179100,9246202500,115004364200,4076.2953,4111.1033,4046.2042,4072.0753
131336000,4075.0148,3294100,38838400,9249496600,115043202600,4076.2953,4111.1033,4046.2042,4072.0753
131341000,4074.9288,2305000,27803700,9251801600,115071006300,4076.2953,4111.1033,4046.2042,4072.0753
131346000,4075.0475,3012900,48560600,9254814500,115119566900,4076.2953,4111.1033,4046.2042,4072.0753
131351000,4075.2589,3446700,36463900,9258261200,115156030800,4076.2953,4111.1033,4046.2042,4072.0753
131356000,4075.0199,3595700,35492600,9261856900,115191523400,4076.2953,4111.1033,4046.2042,4072.0753
131401000,4075.027,2742400,33721600,9264599300,115225245000,4076.2953,4111.1033,4046.2042,4072.0753
131406000,4074.8028,2729500,33713200,9267328800,115258958200,4076.2953,4111.1033,4046.2042,4072.0753
131411000,4075.0763,3400000,30724600,9270728800,115289682800,4076.2953,4111.1033,4046.2042,4072.0753
131416000,4074.8999,3301800,43847500,9274030600,115333530300,4076.2953,4111.1033,4046.2042,4072.0753
131421000,4075.0014,2539500,36844200,9276570100,115370374500,4076.2953,4111.1033,4046.2042,4072.0753
131426000,4075.1899,2858100,38876300,9279428200,115409250800,4076.2953,4111.1033,4046.2042,4072.0753
131431000,4074.8092,2876000,36336600,9282304200,115445587400,4076.2953,4111.1033,4046.2042,4072.0753
131436000,4075.3783,3294700,48643100,9285598900,115494230500,4076.2953,4111.1033,4046.2042,4072.0753
131441000,4075.2008,3385000,31566200,9288983900,115525796700,4076.2953,4111.1033,4046.2042,4072.0753
131446000,4075.1551,3713100,38075200,9292697000,115563871900,4076.2953,4111.1033,4046.2042,4072.0753
131451000,4075.5226,2567000,41578000,9295264000,115605449900,4076.2953,4111.1033,4046.2042,4072.0753
131456000,4075.2408,2358500,35605600,9297622500,115641055500,4076.2953,4111.1033,4046.2042,4072.0753
131501000,4075.2405,3429100,35934200,9301051600,115676989700,4076.2953,4111.1033,4046.2042,4072.0753
131506000,4075.2019,2616300,35985800,9303667900,115712975500,4076.2953,4111.1033,4046.2042,4072.0753
131511000,4075.3826,4835300,36213100,9308503200,115749188600,4076.2953,4111.1033,4046.2042,4072.0753
131516000,4075.7028,4149100,51409400,9312652300,115800598000,4076.2953,4111.1033,4046.2042,4072.0753
131521000,4075.7425,2575000,33861700,9315227300,115834459700,4076.2953,4111.1033,4046.2042,4072.0753
131526000,4076.0559,2241100,30713600,9317468400,115865173300,4076.2953,4111.1033,4046.2042,4072.0753
131531000,4075.481,3243200,33152600,9320711600,115898325900,4076.2953,4111.1033,4046.2042,4072.0753
131536000,4075.7658,3129300,39422400,9323840900,115937748300,4076.2953,4111.1033,4046.2042,4072.0753
131541000,4075.9467,4717700,38515600,9328558600,115976263900,4076.2953,4111.1033,4046.2042,4072.0753
131546000,4075.9513,3780900,41633000,9332339500,116017896900,4076.2953,4111.1033,4046.2042,4072.0753
131551000,4075.9441,3991200,35507600,9336330700,116053404500,4076.2953,4111.1033,4046.2042,4072.0753
131556000,4076.5378,4669300,46690500,9341000000,116100095000,4076.2953,4111.1033,4046.2042,4072.0753
131601000,4076.9739,3730500,43654400,9344730500,116143749400,4076.2953,4111.1033,4046.2042,4072.0753
131606000,4076.6304,3322000,45629300,9348052500,116189378700,4076.2953,4111.1033,4046.2042,4072.0753
131611000,4076.6371,4537600,35954900,9352590100,116225333600,4076.2953,4111.1033,4046.2042,4072.0753
131616000,4076.9797,3623000,43085500,9356213100,116268419100,4076.2953,4111.1033,4046.2042,4072.0753
131621000,4076.5922,3857600,46133400,9360070700,116314552500,4076.2953,4111.1033,4046.2042,4072.0753
131626000,4077.2085,3916800,46485100,9363987500,116361037600,4076.2953,4111.1033,4046.2042,4072.0753
131631000,4077.2116,2825600,31695900,9366813100,116392733500,4076.2953,4111.1033,4046.2042,4072.0753
131636000,4077.2032,2757300,38475900,9369570400,116431209400,4076.2953,4111.1033,4046.2042,4072.0753
131641000,4077.3331,2555400,35403300,9372125800,116466612700,4076.2953,4111.1033,4046.2042,4072.0753
131646000,4076.9484,2828900,40739900,9374954700,116507352600,4076.2953,4111.1033,4046.2042,4072.0753
131651000,4077.3947,2108800,29915600,9377063500,116537268200,4076.2953,4111.1033,4046.2042,4072.0753
131656000,4077.2917,2549100,34563700,9379612600,116571831900,4076.2953,4111.1033,4046.2042,4072.0753
131701000,4077.5544,2589500,31062800,9382202100,116602894700,4076.2953,4111.1033,4046.2042,4072.0753
131706000,4077.5879,2918600,42544000,9385120700,116645438700,4076.2953,4111.1033,4046.2042,4072.0753
131711000,4077.3833,4701100,35902400,9389821800,116681341100,4076.2953,4111.1033,4046.2042,4072.0753
131716000,4077.7725,3076200,45307300,9392898000,116726648400,4076.2953,4111.1033,4046.2042,4072.0753
131721000,4077.7508,2503200,35441100,9395401200,116762089500,4076.2953,4111.1033,4046.2042,4072.0753
131726000,4077.2852,4562800,47821500,9399964000,116809911000,4076.2953,4111.1033,4046.2042,4072.0753
131731000,4077.2136,2697200,36150100,9402661200,116846061100,4076.2953,4111.1033,4046.2042,4072.0753
131736000,4077.3804,2560000,36178100,9405221200,116882239200,4076.2953,4111.1033,4046.2042,4072.0753
131741000,4077.7183,2885400,33539200,9408106600,116915778400,4076.2953,4111.1033,4046.2042,4072.0753
131746000,4077.2094,3393300,55644700,9411499900,116971423100,4076.2953,4111.1033,4046.2042,4072.0753
131751000,4077.2414,2126100,32439300,9413626000,117003862400,4076.2953,4111.1033,4046.2042,4072.0753
131756000,4077.1529,2717100,37673700,9416343100,117041536100,4076.2953,4111.1033,4046.2042,4072.0753
131801000,4077.1852,2865100,44390000,9419208200,117085926100,4076.2953,4111.1033,4046.2042,4072.0753
131806000,4077.3387,2394500,39963700,9421602700,117125889800,4076.2953,4111.1033,4046.2042,4072.0753
131811000,4077.0067,3185000,44609600,9424787700,117170499400,4076.2953,4111.1033,4046.2042,4072.0753
131816000,4077.1687,3210000,62493000,9427997700,117232992400,4076.2953,4111.1033,4046.2042,4072.0753
131821000,4077.0879,2868000,52764300,9430865700,117285756700,4076.2953,4111.1033,4046.2042,4072.0753
131826000,4077.2439,3273900,62965200,9434139600,117348721900,4076.2953,4111.1033,4046.2042,4072.0753
131831000,4077.5179,3160200,40301200,9437299800,117389023100,4076.2953,4111.1033,4046.2042,4072.0753
131836000,4077.204,2089900,41855400,9439389700,117430878500,4076.2953,4111.1033,4046.2042,4072.0753
131841000,4077.257,1962300,26549400,9441352000,117457427900,4076.2953,4111.1033,4046.2042,4072.0753
131846000,4077.1805,3691700,54884000,9445043700,117512311900,4076.2953,4111.1033,4046.2042,4072.0753
131851000,4076.9747,2193800,30845000,9447237500,117543156900,4076.2953,4111.1033,4046.2042,4072.0753
131856000,4077.265,3781600,40520400,9451019100,117583677300,4076.2953,4111.1033,4046.2042,4072.0753
131901000,4077.0574,3972000,41156400,9454991100,117624833700,4076.2953,4111.1033,4046.2042,4072.0753
131906000,4076.7113,3461200,47497600,9458452300,117672331300,4076.2953,4111.1033,4046.2042,4072.0753
131911000,4077.179,2323600,30635400,9460775900,117702966700,4076.2953,4111.1033,4046.2042,4072.0753
131916000,4077.2452,3030800,47484200,9463806700,117750450900,4076.2953,4111.1033,4046.2042,4072.0753
131921000,4077.0313,3320700,38156800,9467127400,117788607700,4076.2953,4111.1033,4046.2042,4072.0753
131926000,4077.1355,2648200,39794500,9469775600,117828402200,4076.2953,4111.1033,4046.2042,4072.0753
131931000,4076.9492,2741100,37708900,9472516700,117866111100,4076.2953,4111.1033,4046.2042,4072.0753
131936000,4076.7644,2645100,38209800,9475161800,117904320900,4076.2953,4111.1033,4046.2042,4072.0753
131941000,4077.1001,1740000,23019800,9476901800,117927340700,4076.2953,4111.1033,4046.2042,4072.0753
131946000,4077.1157,2690300,39697400,9479592100,117967038100,4076.2953,4111.1033,4046.2042,4072.0753
131951000,4076.7989,2627700,33322100,9482219800,118000360200,4076.2953,4111.1033,4046.2042,4072.0753
131956000,4076.7635,2699800,38094300,9484919600,118038454500,4076.2953,4111.1033,4046.2042,4072.0753
132001000,4077.2469,2743400,35717800,9487663000,118074172300,4076.2953,4111.1033,4046.2042,4072.0753
132006000,4076.0884,2579900,30330500,9490242900,118104502800,4076.2953,4111.1033,4046.2042,4072.0753
132011000,4076.3688,2045500,28663000,9492288400,118133165800,4076.2953,4111.1033,4046.2042,4072.0753
132016000,4076.7716,2444100,40964700,9494732500,118174130500,4076.2953,4111.1033,4046.2042,4072.0753
132021000,4076.0851,2632000,35943800,9497364500,118210074300,4076.2953,4111.1033,4046.2042,4072.0753
132026000,4076.4169,3824000,46181200,9501188500,118256255500,4076.2953,4111.1033,4046.2042,4072.0753
132031000,4076.4539,2736000,31826700,9503924500,118288082200,4076.2953,4111.1033,4046.2042,4072.0753
132036000,4076.823,2482300,40377300,9506406800,118328459500,4076.2953,4111.1033,4046.2042,4072.0753
132041000,4077.0728,1883000,26034800,9508289800,118354494300,4076.2953,4111.1033,4046.2042,4072.0753
132046000,4077.078,3219700,41784600,9511509500,118396278900,4076.2953,4111.1033,4046.2042,4072.0753
132051000,4077.236,2888300,36965900,9514397800,118433244800,4076.2953,4111.1033,4046.2042,4072.0753
132056000,4077.2721,2814000,37614800,9517211800,118470859600,4076.2953,4111.1033,4046.2042,4072.0753
132101000,4077.1335,3163300,36370700,9520375100,118507230300,4076.2953,4111.1033,4046.2042,4072.0753
132106000,4077.3537,2304500,30563300,9522679600,118537793600,4076.2953,4111.1033,4046.2042,4072.0753
132111000,4077.3466,2180400,27412200,9524860000,118565205800,4076.2953,4111.1033,4046.2042,4072.0753
132116000,4077.6358,2962800,39814600,9527822800,118605020400,4076.2953,4111.1033,4046.2042,4072.0753
132121000,4077.8339,3099000,34372300,9530921800,118639392700,4076.2953,4111.1033,4046.2042,4072.0753
132126000,4078.0705,3595300,49030900,9534517100,118688423600,4076.2953,4111.1033,4046.2042,4072.0753
132131000,4078.5996,3972900,45469000,9538490000,118733892600,4076.2953,4111.1033,4046.2042,4072.0753
132136000,4078.4485,3997400,44506200,9542487400,118778398800,4076.2953,4111.1033,4046.2042,4072.0753
132141000,4078.1964,2232800,32209900,9544720200,118810608700,4076.2953,4111.1033,4046.2042,4072.0753
132146000,4078.4197,4142300,55994900,9548862500,118866603600,4076.2953,4111.1033,4046.2042,4072.0753
132151000,4078.9844,2956500,45290400,9551819000,118911894000,4076.2953,4111.1033,4046.2042,4072.0753
132156000,4079.1455,4562800,61556600,9556381800,118973450600,4076.2953,4111.1033,4046.2042,4072.0753
132201000,4079.699,3168500,43352900,9559550300,119016803500,4076.2953,4111.1033,4046.2042,4072.0753
132206000,4080.3056,4355700,57847200,9563906000,119074650700,4076.2953,4111.1033,4046.2042,4072.0753
132211000,4080.9667,3454800,42277700,9567360800,119116928400,4076.2953,4111.1033,4046.2042,4072.0753
132216000,4080.9802,6426600,81394200,9573787400,119198322600,4076.2953,4111.1033,4046.2042,4072.0753
132221000,4081.6189,3245400,47072200,9577032800,119245394800,4076.2953,4111.1033,4046.2042,4072.0753
132226000,4082.3105,5751100,72228600,9582783900,119317623400,4076.2953,4111.1033,4046.2042,4072.0753
132231000,4083.5432,4987700,66517800,9587771600,119384141200,4076.2953,4111.1033,4046.2042,4072.0753
132236000,4083.1819,4746500,75780200,9592518100,119459921400,4076.2953,4111.1033,4046.2042,4072.0753
132241000,4083.5665,3620100,59504400,9596138200,119519425800,4076.2953,4111.1033,4046.2042,4072.0753
132246000,4083.9186,7047300,71978900,9603185500,119591404700,4076.2953,4111.1033,4046.2042,4072.0753
132251000,4084.5701,5105100,53005400,9608290600,119644410100,4076.2953,4111.1033,4046.2042,4072.0753
132256000,4085.0711,6639600,61855900,9614930200,119706266000,4076.2953,4111.1033,4046.2042,4072.0753
132301000,4084.971,3816300,49312800,9618746500,119755578800,4076.2953,4111.1033,4046.2042,4072.0753
132306000,4085.4001,3527900,56755900,9622274400,119812334700,4076.2953,4111.1033,4046.2042,4072.0753
132311000,4085.7157,4234100,48687500,9626508500,119861022200,4076.2953,4111.1033,4046.2042,4072.0753
132316000,4085.5653,5358500,73585000,9631867000,119934607200,4076.2953,4111.1033,4046.2042,4072.0753
132321000,4086.0364,4117400,55537700,9635984400,119990144900,4076.2953,4111.1033,4046.2042,4072.0753
132326000,4086.0516,5490500,65229900,9641474900,120055374800,4076.2953,4111.1033,4046.2042,4072.0753
132331000,4086.4578,4781600,54352900,9646256500,120109727700,4076.2953,4111.1033,4046.2042,4072.0753
132336000,4086.2854,3888800,52921500,9650145300,120162649200,4076.2953,4111.1033,4046.2042,4072.0753
132341000,4086.8374,4475100,52349300,9654620400,120214998500,4076.2953,4111.1033,4046.2042,4072.0753
132346000,4086.6049,4841000,60587800,9659461400,120275586300,4076.2953,4111.1033,4046.2042,4072.0753
132351000,4086.8671,3896300,51345600,9663357700,120326931900,4076.2953,4111.1033,4046.2042,4072.0753
132356000,4087.0589,4212400,56145100,9667570100,120383077000,4076.2953,4111.1033,4046.2042,4072.0753
132401000,4087.6383,3292700,47049300,9670862800,120430126300,4076.2953,4111.1033,4046.2042,4072.0753
132406000,4087.6274,3517400,55788900,9674380200,120485915200,4076.2953,4111.1033,4046.2042,4072.0753
132411000,4087.4916,3282300,44518900,9677662500,120530434100,4076.2953,4111.1033,4046.2042,4072.0753
132416000,4087.6829,7945500,96875200,9685608000,120627309300,4076.2953,4111.1033,4046.2042,4072.0753
132421000,4087.5065,4084600,52036000,9689692600,120679345300,4076.2953,4111.1033,4046.2042,4072.0753
132426000,4087.9109,4773400,58750600,9694466000,120738095900,4076.2953,4111.1033,4046.2042,4072.0753
132431000,4087.7896,3873400,58499700,9698339400,120796595600,4076.2953,4111.1033,4046.2042,4072.0753
132436000,4087.8756,3767700,57492900,9702107100,120854088500,4076.2953,4111.1033,4046.2042,4072.0753
132441000,4087.6436,2760000,36477400,9704867100,120890565900,4076.2953,4111.1033,4046.2042,4072.0753
132446000,4087.7117,5927700,67138800,9710794800,120957704700,4076.2953,4111.1033,4046.2042,4072.0753
132451000,4087.3943,3081600,43784300,9713876400,121001489000,4076.2953,4111.1033,4046.2042,4072.0753
132456000,4087.2235,3782800,48992200,9717659200,121050481200,4076.2953,4111.1033,4046.2042,4072.0753
132501000,4087.4248,3536500,49285800,9721195700,121099767000,4076.2953,4111.1033,4046.2042,4072.0753
132506000,4086.816,2670300,46063800,9723866000,121145830800,4076.2953,4111.1033,4046.2042,4072.0753
132511000,4086.8904,4181100,39583700,9728047100,121185414500,4076.2953,4111.1033,4046.2042,4072.0753
132516000,4086.9215,5332800,67189100,9733379900,121252603600,4076.2953,4111.1033,4046.2042,4072.0753
132521000,4086.6074,3182300,40086300,9736562200,121292689900,4076.2953,4111.1033,4046.2042,4072.0753
132526000,4086.8152,5503300,52848900,9742065500,121345538800,4076.2953,4111.1033,4046.2042,4072.0753
132531000,4086.863,2975300,35748500,9745040800,121381287300,4076.2953,4111.1033,4046.2042,4072.0753
132536000,4086.7101,3062800,43599200,9748103600,121424886500,4076.2953,4111.1033,4046.2042,4072.0753
132541000,4086.7956,2627500,37320100,9750731100,121462206600,4076.2953,4111.1033,4046.2042,4072.0753
132546000,4086.8447,4364800,71952500,9755095900,121534159100,4076.2953,4111.1033,4046.2042,4072.0753
132551000,4086.6013,2638100,41169300,9757734000,121575328400,4076.2953,4111.1033,4046.2042,4072.0753
132556000,4086.3994,4341100,52369300,9762075100,121627697700,4076.2953,4111.1033,4046.2042,4072.0753
132601000,4086.758,2888700,47463300,9764963800,121675161000,4076.2953,4111.1033,4046.2042,4072.0753
132606000,4086.5847,2866200,39106000,9767830000,121714267000,4076.2953,4111.1033,4046.2042,4072.0753
132611000,4086.3523,3031200,34252800,9770861200,121748519800,4076.2953,4111.1033,4046.2042,4072.0753
132616000,4086.3746,3468600,59575300,9774329800,121808095100,4076.2953,4111.1033,4046.2042,4072.0753
132621000,4086.4286,2191300,33978500,9776521100,121842073600,4076.2953,4111.1033,4046.2042,4072.0753
132626000,4086.5047,3235400,45069900,9779756500,121887143500,4076.2953,4111.1033,4046.2042,4072.0753
132631000,4086.2901,3312300,38071000,9783068800,121925214500,4076.2953,4111.1033,4046.2042,4072.0753
132636000,4086.6485,4203800,59178100,9787272600,121984392600,4076.2953,4111.1033,4046.2042,4072.0753
132641000,4086.3773,2317300,33072900,9789589900,122017465500,4076.2953,4111.1033,4046.2042,4072.0753
132646000,4086.0662,4019900,59470900,9793609800,122076936400,4076.2953,4111.1033,4046.2042,4072.0753
132651000,4086.4934,2822800,42586600,9796432600,122119523000,4076.2953,4111.1033,4046.2042,4072.0753
132656000,4086.894,3575300,48331300,9800007900,122167854300,4076.2953,4111.1033,4046.2042,4072.0753
132701000,4086.6787,2511700,36796200,9802519600,122204650500,4076.2953,4111.1033,4046.2042,4072.0753
132706000,4086.8475,2875900,37411000,9805395500,122242061500,4076.2953,4111.1033,4046.2042,4072.0753
132711000,4086.5521,3211000,36049500,9808606500,122278111000,4076.2953,4111.1033,4046.2042,4072.0753
132716000,4086.6029,3930700,42054800,9812537200,122320165800,4076.2953,4111.1033,4046.2042,4072.0753
132721000,4086.5068,2185100,27721600,9814722300,122347887400,4076.2953,4111.1033,4046.2042,4072.0753
132726000,4086.592,2866000,38687000,9817588300,122386574400,4076.2953,4111.1033,4046.2042,4072.0753
132731000,4086.5636,2184900,30653400,9819773200,122417227800,4076.2953,4111.1033,4046.2042,4072.0753
132736000,4086.3023,2967700,47517500,9822740900,122464745300,4076.2953,4111.1033,4046.2042,4072.0753
132741000,4086.3917,2350800,29510300,9825091700,122494255600,4076.2953,4111.1033,4046.2042,4072.0753
132746000,4086.2242,3605400,44266800,9828697100,122538522400,4076.2953,4111.1033,4046.2042,4072.0753
132751000,4086.1682,2979400,39732600,9831676500,122578255000,4076.2953,4111.1033,4046.2042,4072.0753
132756000,4086.4211,3131700,45169300,9834808200,122623424300,4076.2953,4111.1033,4046.2042,4072.0753
132801000,4086.4332,2783500,41479800,9837591700,122664904100,4076.2953,4111.1033,4046.2042,4072.0753
132806000,4086.6289,2006100,98592700,9839597800,122763496800,4076.2953,4111.1033,4046.2042,4072.0753
132811000,4086.3631,2487800,36179500,9842085600,122799676300,4076.2953,4111.1033,4046.2042,4072.0753
132816000,4086.0974,2458800,35567300,9844544400,122835243600,4076.2953,4111.1033,4046.2042,4072.0753
132821000,4086.3056,2550700,43312100,9847095100,122878555700,4076.2953,4111.1033,4046.2042,4072.0753
132826000,4086.3235,2348900,39736800,9849444000,122918292500,4076.2953,4111.1033,4046.2042,4072.0753
132831000,4086.3118,2092900,28807800,9851536900,122947100300,4076.2953,4111.1033,4046.2042,4072.0753
132836000,4086.1698,2333400,41786600,9853870300,122988886900,4076.2953,4111.1033,4046.2042,4072.0753
132841000,4085.9463,2271000,32730500,9856141300,123021617400,4076.2953,4111.1033,4046.2042,4072.0753
132846000,4085.6373,4640900,51203500,9860782200,123072820900,4076.2953,4111.1033,4046.2042,4072.0753
132851000,4086.0348,2495000,47681700,9863277200,123120502600,4076.2953,4111.1033,4046.2042,4072.0753
132856000,4085.6863,2983600,48246500,9866260800,123168749100,4076.2953,4111.1033,4046.2042,4072.0753
132901000,4085.4313,2645200,35801600,9868906000,123204550700,4076.2953,4111.1033,4046.2042,4072.0753
132906000,4085.6555,2201000,37801400,9871107000,123242352100,4076.2953,4111.1033,4046.2042,4072.0753
132911000,4085.2736,1964700,30589500,9873071700,123272941600,4076.2953,4111.1033,4046.2042,4072.0753
132916000,4085.1936,2487700,39801100,9875559400,123312742700,4076.2953,4111.1033,4046.2042,4072.0753
132921000,4085.2306,1940400,27283400,9877499800,123340026100,4076.2953,4111.1033,4046.2042,4072.0753
132926000,4084.9811,4032500,53351800,9881532300,123393377900,4076.2953,4111.1033,4046.2042,4072.0753
132931000,4084.8366,2942200,34009500,9884474500,123427387400,4076.2953,4111.1033,4046.2042,4072.0753
132936000,4084.8667,2338600,32609600,9886813100,123459997000,4076.2953,4111.1033,4046.2042,4072.0753
132941000,4084.7678,2255300,34113600,9889068400,123494110600,4076.2953,4111.1033,4046.2042,4072.0753
132946000,4084.2656,3990900,50315500,9893059300,123544426100,4076.2953,4111.1033,4046.2042,4072.0753
132951000,4084.3035,2743000,35890500,9895802300,123580316600,4076.2953,4111.1033,4046.2042,4072.0753
132956000,4084.4311,3551700,48476800,9899354000,123628793400,4076.2953,4111.1033,4046.2042,4072.0753
133001000,4084.1052,3013800,39172200,9902367800,123667965600,4076.2953,4111.1033,4046.2042,4072.0753
133006000,4083.7147,2408700,32641500,9904776500,123700607100,4076.2953,4111.1033,4046.2042,4072.0753
133011000,4083.7148,2686600,36211800,9907463100,123736818900,4076.2953,4111.1033,4046.2042,4072.0753
133016000,4083.8424,3671500,53910500,9911134600,123790729400,4076.2953,4111.1033,4046.2042,4072.0753
133021000,4083.6851,2555600,35270900,9913690200,123826000300,4076.2953,4111.1033,4046.2042,4072.0753
133026000,4083.1524,3590700,45057800,9917280900,123871058100,4076.2953,4111.1033,4046.2042,4072.0753
133031000,4083.3593,3495100,41319300,9920776000,123912377400,4076.2953,4111.1033,4046.2042,4072.0753
133036000,4083.1769,1587500,24240600,9922363500,123936618000,4076.2953,4111.1033,4046.2042,4072.0753
133041000,4083.4245,2315900,33429800,9924679400,123970047800,4076.2953,4111.1033,4046.2042,4072.0753
133046000,4083.27,2793600,41786900,9927473000,124011834700,4076.2953,4111.1033,4046.2042,4072.0753
133051000,4083.1475,2684200,34277000,9930157200,124046111700,4076.2953,4111.1033,4046.2042,4072.0753
133056000,4082.5759,2495800,31021700,9932653000,124077133400,4076.2953,4111.1033,4046.2042,4072.0753
133101000,4083.1812,2641700,33637600,9935294700,124110771000,4076.2953,4111.1033,4046.2042,4072.0753
133106000,4082.6767,3020900,36357700,9938315600,124147128700,4076.2953,4111.1033,4046.2042,4072.0753
133111000,4082.8031,1893500,23861700,9940209100,124170990400,4076.2953,4111.1033,4046.2042,4072.0753
133116000,4082.5524,3224800,37902300,9943433900,124208892700,4076.2953,4111.1033,4046.2042,4072.0753
133121000,4082.5082,2457700,29408400,9945891600,124238301100,4076.2953,4111.1033,4046.2042,4072.0753
133126000,4082.469,2619000,29645600,9948510600,124267946700,4076.2953,4111.1033,4046.2042,4072.0753
133131000,4082.394,1832400,25060700,9950343000,124293007400,4076.2953,4111.1033,4046.2042,4072.0753
133136000,4082.6897,3183000,32440300,9953526000,124325447700,4076.2953,4111.1033,4046.2042,4072.0753
133141000,4082.3121,1833600,26258900,9955359600,124351706600,4076.2953,4111.1033,4046.2042,4072.0753
133146000,4082.5009,3637000,40547300,9958996600,124392253900,4076.2953,4111.1033,4046.2042,4072.0753
133151000,4082.503,3005500,31390100,9962002100,124423644000,4076.2953,4111.1033,4046.2042,4072.0753
133156000,4082.4219,2226300,27934500,9964228400,124451578500,4076.2953,4111.1033,4046.2042,4072.0753
133201000,4082.5255,2183800,31208000,9966412200,124482786500,4076.2953,4111.1033,4046.2042,4072.0753
133206000,4082.6028,2974300,41656500,9969386500,124524443000,4076.2953,4111.1033,4046.2042,4072.0753
133211000,4082.4908,2158000,25771700,9971544500,124550214700,4076.2953,4111.1033,4046.2042,4072.0753
133216000,4083.0659,2458300,32810700,9974002800,124583025400,4076.2953,4111.1033,4046.2042,4072.0753
133221000,4082.7393,1645500,26075900,9975648300,124609101300,4076.2953,4111.1033,4046.2042,4072.0753
133226000,4082.2856,2697600,38295400,9978345900,124647396700,4076.2953,4111.1033,4046.2042,4072.0753
133231000,4082.7203,2692700,31432300,9981038600,124678829000,4076.2953,4111.1033,4046.2042,4072.0753
133236000,4082.6766,2007200,26326500,9983045800,124705155500,4076.2953,4111.1033,4046.2042,4072.0753
133241000,4082.6614,1905700,25653500,9984951500,124730809000,4076.2953,4111.1033,4046.2042,4072.0753
133246000,4083.0747,2341200,33291200,9987292700,124764100200,4076.2953,4111.1033,4046.2042,4072.0753
133251000,4082.9584,2240200,29462700,9989532900,124793562900,4076.2953,4111.1033,4046.2042,4072.0753
133256000,4082.8813,2500100,29725400,9992033000,124823288300,4076.2953,4111.1033,4046.2042,4072.0753
133301000,4082.9066,1631100,23577100,9993664100,124846865400,4076.2953,4111.1033,4046.2042,4072.0753
133306000,4082.8897,1955900,28741100,9995620000,124875606500,4076.2953,4111.1033,4046.2042,4072.0753
133311000,4082.6711,1969500,26972200,9997589500,124902578700,4076.2953,4111.1033,4046.2042,4072.0753
133316000,4083.1691,2630100,35419800,10000219600,124937998500,4076.2953,4111.1033,4046.2042,4072.0753
133321000,4082.9698,2795500,34567500,10003015100,124972566000,4076.2953,4111.1033,4046.2042,4072.0753
133326000,4082.6778,3273500,39697100,10006288600,125012263100,4076.2953,4111.1033,4046.2042,4072.0753
133331000,4082.6208,2225900,27047300,10008514500,125039310400,4076.2953,4111.1033,4046.2042,4072.0753
133336000,4082.621,1890900,29789800,10010405400,125069100200,4076.2953,4111.1033,4046.2042,4072.0753
133341000,4082.3018,2123000,30184000,10012528400,125099284200,4076.2953,4111.1033,4046.2042,4072.0753
133346000,4082.3048,2439800,31069200,10014968200,125130353400,4076.2953,4111.1033,4046.2042,4072.0753
133351000,4082.4297,2183500,31132100,10017151700,125161485500,4076.2953,4111.1033,4046.2042,4072.0753
133356000,4082.225,2176800,32163900,10019328500,125193649400,4076.2953,4111.1033,4046.2042,4072.0753
133401000,4082.5115,2763600,32731500,10022092100,125226380900,4076.2953,4111.1033,4046.2042,4072.0753
133406000,4082.4787,2169700,32125300,10024261800,125258506200,4076.2953,4111.1033,4046.2042,4072.0753
133411000,4082.1393,2974000,33727200,10027235800,125292233400,4076.2953,4111.1033,4046.2042,4072.0753
133416000,4083.0927,3004200,37225200,10030240000,125329458600,4076.2953,4111.1033,4046.2042,4072.0753
133421000,4082.4598,2103300,28058200,10032343300,125357516800,4076.2953,4111.1033,4046.2042,4072.0753
133426000,4082.9392,3436500,32938700,10035779800,125390455500,4076.2953,4111.1033,4046.2042,4072.0753
133431000,4082.9946,2529800,34897400,10038309600,125425352900,4076.2953,4111.1033,4046.2042,4072.0753
133436000,4082.6335,1822300,25999600,10040131900,125451352500,4076.2953,4111.1033,4046.2042,4072.0753
133441000,4082.9419,1780300,24405500,10041912200,125475758000,4076.2953,4111.1033,4046.2042,4072.0753
133446000,4082.8121,2219100,29144300,10044131300,125504902300,4076.2953,4111.1033,4046.2042,4072.0753
133451000,4083.1857,3002800,31156300,10047134100,125536058600,4076.2953,4111.1033,4046.2042,4072.0753
133456000,4082.9246,2040400,26851900,10049174500,125562910500,4076.2953,4111.1033,4046.2042,4072.0753
133501000,4083.2386,6289500,54184200,10055464000,125617094700,4076.2953,4111.1033,4046.2042,4072.0753
133506000,4082.6703,2198400,27632000,10057662400,125644726700,4076.2953,4111.1033,4046.2042,4072.0753
133511000,4083.1843,3219500,32662100,10060881900,125677388800,4076.2953,4111.1033,4046.2042,4072.0753
133516000,4083.3068,2457300,34638900,10063339200,125712027700,4076.2953,4111.1033,4046.2042,4072.0753
133521000,4083.3953,3711700,35016400,10067050900,125747044100,4076.2953,4111.1033,4046.2042,4072.0753
133526000,4083.8492,2065900,30423900,10069116800,125777468000,4076.2953,4111.1033,4046.2042,4072.0753
133531000,4084.8942,2939700,39374300,10072056500,125816842300,4076.2953,4111.1033,4046.2042,4072.0753
133536000,4085.4528,3872200,41640800,10075928700,125858483100,4076.2953,4111.1033,4046.2042,4072.0753
133541000,4084.9873,2670500,32218600,10078599200,125890701700,4076.2953,4111.1033,4046.2042,4072.0753
133546000,4085.3916,3192500,48045900,10081791700,125938747600,4076.2953,4111.1033,4046.2042,4072.0753
133551000,4085.5272,2765900,40220400,10084557600,125978968000,4076.2953,4111.1033,4046.2042,4072.0753
133556000,4085.8915,4595200,58915500,10089152800,126037883500,4076.2953,4111.1033,4046.2042,4072.0753
133601000,4086.158,3632100,48424600,10092784900,126086308100,4076.2953,4111.1033,4046.2042,4072.0753
133606000,4086.0161,3468100,48537200,10096253000,126134845300,4076.2953,4111.1033,4046.2042,4072.0753
133611000,4086.8798,2973000,39473500,10099226000,126174318800,4076.2953,4111.1033,4046.2042,4072.0753
133616000,4086.3976,3545200,42061100,10102771200,126216379900,4076.2953,4111.1033,4046.2042,4072.0753
133621000,4086.8408,3594200,44995500,10106365400,126261375400,4076.2953,4111.1033,4046.2042,4072.0753
133626000,4087.0541,2961900,40698700,10109327300,126302074100,4076.2953,4111.1033,4046.2042,4072.0753
133631000,4087.2373,2542300,39440800,10111869600,126341514900,4076.2953,4111.1033,4046.2042,4072.0753
133636000,4087.4214,2357200,36965100,10114226800,126378480000,4076.2953,4111.1033,4046.2042,4072.0753
133641000,4087.6708,2461900,33296000,10116688700,126411776000,4076.2953,4111.1033,4046.2042,4072.0753
133646000,4087.4161,2851900,35508200,10119540600,126447284200,4076.2953,4111.1033,4046.2042,4072.0753
133651000,4087.6482,2146800,34751400,10121687400,126482035600,4076.2953,4111.1033,4046.2042,4072.0753
133656000,4087.5661,3635700,42825200,10125323100,126524860800,4076.2953,4111.1033,4046.2042,4072.0753
133701000,4087.6369,2109000,32330200,10127432100,126557191000,4076.2953,4111.1033,4046.2042,4072.0753
133706000,4087.8388,3073400,46008900,10130505500,126603199900,4076.2953,4111.1033,4046.2042,4072.0753
133711000,4087.7795,1851000,23103400,10132356500,126626303300,4076.2953,4111.1033,4046.2042,4072.0753
133716000,4087.9783,2961700,38440700,10135318200,126664744000,4076.2953,4111.1033,4046.2042,4072.0753
133721000,4088.1811,2620200,31675500,10137938400,126696419500,4076.2953,4111.1033,4046.2042,4072.0753
133726000,4088.4195,3875100,48162000,10141813500,126744581500,4076.2953,4111.1033,4046.2042,4072.0753
133731000,4088.1381,2785700,38592900,10144599200,126783174400,4076.2953,4111.1033,4046.2042,4072.0753
133736000,4088.2768,2621400,33560400,10147220600,126816734800,4076.2953,4111.1033,4046.2042,4072.0753
133741000,4088.5133,2080300,28328400,10149300900,126845063200,4076.2953,4111.1033,4046.2042,4072.0753
133746000,4088.2823,2502900,42136400,10151803800,126887199600,4076.2953,4111.1033,4046.2042,4072.0753
133751000,4088.0123,3227300,39110700,10155031100,126926310300,4076.2953,4111.1033,4046.2042,4072.0753
133756000,4088.566,3034100,50101500,10158065200,126976411800,4076.2953,4111.1033,4046.2042,4072.0753
133801000,4088.9745,2602500,35813300,10160667700,127012225100,4076.2953,4111.1033,4046.2042,4072.0753
133806000,4088.7387,2326200,35191400,10162993900,127047416500,4076.2953,4111.1033,4046.2042,4072.0753
133811000,4088.5342,2253100,31234700,10165247000,127078651200,4076.2953,4111.1033,4046.2042,4072.0753
133816000,4088.6422,3711000,58682100,10168958000,127137333300,4076.2953,4111.1033,4046.2042,4072.0753
133821000,4088.7402,2008000,28666500,10170966000,127165999800,4076.2953,4111.1033,4046.2042,4072.0753
133826000,4088.9912,3052200,42995800,10174018200,127208995600,4076.2953,4111.1033,4046.2042,4072.0753
133831000,4088.7659,2584900,37085800,10176603100,127246081400,4076.2953,4111.1033,4046.2042,4072.0753
133836000,4088.9924,2325200,39570300,10178928300,127285651700,4076.2953,4111.1033,4046.2042,4072.0753
133841000,4089.1707,2041600,36418900,10180969900,127322070600,4076.2953,4111.1033,4046.2042,4072.0753
133846000,4088.9132,2589100,34621400,10183559000,127356692000,4076.2953,4111.1033,4046.2042,4072.0753
133851000,4088.8019,2076100,26940000,10185635100,127383632000,4076.2953,4111.1033,4046.2042,4072.0753
133856000,4089.5174,2872200,35433000,10188507300,127419065000,4076.2953,4111.1033,4046.2042,4072.0753
133901000,4089.5633,3859800,41301500,10192367100,127460366500,4076.2953,4111.1033,4046.2042,4072.0753
133906000,4089.6673,1630700,27847400,10193997800,127488213900,4076.2953,4111.1033,4046.2042,4072.0753
133911000,4089.3909,2293600,34514700,10196291400,127522728600,4076.2953,4111.1033,4046.2042,4072.0753
133916000,4089.4198,3291900,47888700,10199583300,127570617300,4076.2953,4111.1033,4046.2042,4072.0753
133921000,4088.9483,2145600,34122300,10201728900,127604739600,4076.2953,4111.1033,4046.2042,4072.0753
133926000,4089.543,3269200,45397500,10204998100,127650137100,4076.2953,4111.1033,4046.2042,4072.0753
133931000,4089.2388,2893700,37278500,10207891800,127687415600,4076.2953,4111.1033,4046.2042,4072.0753
133936000,4089.3206,1981200,24976800,10209873000,127712392400,4076.2953,4111.1033,4046.2042,4072.0753
133941000,4089.3129,3127000,43836600,10213000000,127756229000,4076.2953,4111.1033,4046.2042,4072.0753
133946000,4089.2141,2659900,40004400,10215659900,127796233400,4076.2953,4111.1033,4046.2042,4072.0753
133951000,4089.3496,2264000,33735300,10217923900,127829968700,4076.2953,4111.1033,4046.2042,4072.0753
133956000,4089.3517,2899300,41037700,10220823200,127871006400,4076.2953,4111.1033,4046.2042,4072.0753
134001000,4089.1424,2150000,29014900,10222973200,127900021300,4076.2953,4111.1033,4046.2042,4072.0753
134006000,4088.6163,2669400,44218900,10225642600,127944240200,4076.2953,4111.1033,4046.2042,4072.0753
134011000,4089.1909,2183800,29854300,10227826400,127974094500,4076.2953,4111.1033,4046.2042,4072.0753
134016000,4089.7635,3473600,46967500,10231300000,128021062000,4076.2953,4111.1033,4046.2042,4072.0753
134021000,4089.2559,1444900,24120700,10232744900,128045182700,4076.2953,4111.1033,4046.2042,4072.0753
134026000,4089.6381,2371100,36359200,10235116000,128081541900,4076.2953,4111.1033,4046.2042,4072.0753
134031000,4089.7123,2363400,35717900,10237479400,128117259800,4076.2953,4111.1033,4046.2042,4072.0753
134036000,4089.3683,2488700,47112000,10239968100,128164371800,4076.2953,4111.1033,4046.2042,4072.0753
134041000,4090.3794,3023100,34318700,10242991200,128198690500,4076.2953,4111.1033,4046.2042,4072.0753
134046000,4090.0435,3478500,49183000,10246469700,128247873500,4076.2953,4111.1033,4046.2042,4072.0753
134051000,4089.7776,2370600,35051500,10248840300,128282925000,4076.2953,4111.1033,4046.2042,4072.0753
134056000,4090.1509,2809300,43978000,10251649600,128326903000,4076.2953,4111.1033,4046.2042,4072.0753
134101000,4090.0608,3054600,40138200,10254704200,128367041200,4076.2953,4111.1033,4046.2042,4072.0753
134106000,4089.8847,2734900,43824700,10257439100,128410865900,4076.2953,4111.1033,4046.2042,4072.0753
134111000,4090.5163,4154300,48204800,10261593400,128459070700,4076.2953,4111.1033,4046.2042,4072.0753
134116000,4090.3911,3911000,62212600,10265504400,128521283300,4076.2953,4111.1033,4046.2042,4072.0753
134121000,4090.2964,3446200,48392500,10268950600,128569675800,4076.2953,4111.1033,4046.2042,4072.0753
134126000,4090.6037,4199800,50166600,10273150400,128619842400,4076.2953,4111.1033,4046.2042,4072.0753
134131000,4090.5221,5712000,63496100,10278862400,128683338500,4076.2953,4111.1033,4046.2042,4072.0753
134136000,4090.256,4867600,47801700,10283730000,128731140200,4076.2953,4111.1033,4046.2042,4072.0753
134141000,4090.3927,2803100,36969300,10286533100,128768109500,4076.2953,4111.1033,4046.2042,4072.0753
134146000,4090.6953,4934600,65754200,10291467700,128833863700,4076.2953,4111.1033,4046.2042,4072.0753
134151000,4090.237,3494200,41544500,10294961900,128875408200,4076.2953,4111.1033,4046.2042,4072.0753
134156000,4090.8241,3529800,45122600,10298491700,128920530800,4076.2953,4111.1033,4046.2042,4072.0753
134201000,4090.6662,2960700,40155100,10301452400,128960685900,4076.2953,4111.1033,4046.2042,4072.0753
134206000,4090.4959,2732400,38388700,10304184800,128999074600,4076.2953,4111.1033,4046.2042,4072.0753
134211000,4090.652,4043400,44983000,10308228200,129044057600,4076.2953,4111.1033,4046.2042,4072.0753
134216000,4090.5886,3998000,59273800,10312226200,129103331400,4076.2953,4111.1033,4046.2042,4072.0753
134221000,4090.5975,2624800,40108200,10314851000,129143439600,4076.2953,4111.1033,4046.2042,4072.0753
134226000,4090.5006,4370300,59130600,10319221300,129202570200,4076.2953,4111.1033,4046.2042,4072.0753
134231000,4090.4089,3771500,40309400,10322992800,129242879600,4076.2953,4111.1033,4046.2042,4072.0753
134236000,4090.0877,3496400,40885400,10326489200,129283765000,4076.2953,4111.1033,4046.2042,4072.0753
134241000,4090.247,3301400,45597000,10329790600,129329362000,4076.2953,4111.1033,4046.2042,4072.0753
134246000,4089.5903,4804600,62818000,10334595200,129392180000,4076.2953,4111.1033,4046.2042,4072.0753
134251000,4090.0821,2395900,36666500,10336991100,129428846500,4076.2953,4111.1033,4046.2042,4072.0753
134256000,4089.7326,3470900,49290000,10340462000,129478136500,4076.2953,4111.1033,4046.2042,4072.0753
134301000,4090.0141,2214900,36796400,10342676900,129514932900,4076.2953,4111.1033,4046.2042,4072.0753
134306000,4089.9181,2180300,40107700,10344857200,129555040600,4076.2953,4111.1033,4046.2042,4072.0753
134311000,4090.024,4599100,46526400,10349456300,129601567000,4076.2953,4111.1033,4046.2042,4072.0753
134316000,4089.544,3982300,52941300,10353438600,129654508300,4076.2953,4111.1033,4046.2042,4072.0753
134321000,4089.7471,2324800,34388900,10355763400,129688897200,4076.2953,4111.1033,4046.2042,4072.0753
134326000,4089.3596,3126700,40335500,10358890100,129729232700,4076.2953,4111.1033,4046.2042,4072.0753
134331000,4089.7165,3113800,43572400,10362003900,129772805100,4076.2953,4111.1033,4046.2042,4072.0753
134336000,4089.7174,2559900,40186500,10364563800,129812991600,4076.2953,4111.1033,4046.2042,4072.0753
134341000,4089.6357,2013800,33114000,10366577600,129846105600,4076.2953,4111.1033,4046.2042,4072.0753
134346000,4089.2851,2416100,37332600,10368993700,129883438200,4076.2953,4111.1033,4046.2042,4072.0753
134351000,4089.503,2159400,42313200,10371153100,129925751400,4076.2953,4111.1033,4046.2042,4072.0753
134356000,4089.277,3485800,72173500,10374638900,129997924900,4076.2953,4111.1033,4046.2042,4072.0753
134401000,4089.4102,2545600,39326600,10377184500,130037251500,4076.2953,4111.1033,4046.2042,4072.0753
134406000,4089.3331,2479600,41276900,10379664100,130078528400,4076.2953,4111.1033,4046.2042,4072.0753
134411000,4089.5727,3384600,35026800,10383048700,130113555200,4076.2953,4111.1033,4046.2042,4072.0753
134416000,4089.5863,2784200,54885100,10385832900,130168440300,4076.2953,4111.1033,4046.2042,4072.0753
134421000,4089.3032,2027000,28315500,10387859900,130196755800,4076.2953,4111.1033,4046.2042,4072.0753
134426000,4089.0969,4629200,55499400,10392489100,130252255200,4076.2953,4111.1033,4046.2042,4072.0753
134431000,4089.3038,3115300,39746500,10395604400,130292001700,4076.2953,4111.1033,4046.2042,4072.0753
134436000,4089.2939,2342200,29177000,10397946600,130321178700,4076.2953,4111.1033,4046.2042,4072.0753
134441000,4089.0072,3597300,38225000,10401543900,130359403700,4076.2953,4111.1033,4046.2042,4072.0753
134446000,4089.258,3941500,40807100,10405485400,130400210800,4076.2953,4111.1033,4046.2042,4072.0753
134451000,4088.7146,2073600,31106800,10407559000,130431317600,4076.2953,4111.1033,4046.2042,4072.0753
134456000,4089.1863,3222600,47902300,10410781600,130479219900,4076.2953,4111.1033,4046.2042,4072.0753
134501000,4089.0542,2823000,44440300,10413604600,130523660200,4076.2953,4111.1033,4046.2042,4072.0753
134506000,4088.7564,3042800,38462600,10416647400,130562122800,4076.2953,4111.1033,4046.2042,4072.0753
134511000,4088.6166,3212100,38337000,10419859500,130600459800,4076.2953,4111.1033,4046.2042,4072.0753
134516000,4088.901,2565700,35745900,10422425200,130636205700,4076.2953,4111.1033,4046.2042,4072.0753
134521000,4088.9472,2035900,27242200,10424461100,130663447900,4076.2953,4111.1033,4046.2042,4072.0753
134526000,4088.8025,3041400,42424400,10427502500,130705872300,4076.2953,4111.1033,4046.2042,4072.0753
134531000,4088.8174,2590700,33231500,10430093200,130739103800,4076.2953,4111.1033,4046.2042,4072.0753
134536000,4088.9331,2612500,36378700,10432705700,130775482500,4076.2953,4111.1033,4046.2042,4072.0753
134541000,4088.8624,2322500,30168700,10435028200,130805651200,4076.2953,4111.1033,4046.2042,4072.0753
134546000,4088.5153,2489500,35603000,10437517700,130841254200,4076.2953,4111.1033,4046.2042,4072.0753
134551000,4088.7963,2090300,31473200,10439608000,130872727400,4076.2953,4111.1033,4046.2042,4072.0753
134556000,4088.7334,3403000,43646200,10443011000,130916373600,4076.2953,4111.1033,4046.2042,4072.0753
134601000,4088.8458,3089500,50258200,10446100500,130966631800,4076.2953,4111.1033,4046.2042,4072.0753
134606000,4088.2576,2443900,34626000,10448544400,131001257800,4076.2953,4111.1033,4046.2042,4072.0753
134611000,4088.7192,3142500,39265200,10451686900,131040523000,4076.2953,4111.1033,4046.2042,4072.0753
134616000,4088.5102,3614100,44532300,10455301000,131085055300,4076.2953,4111.1033,4046.2042,4072.0753
134621000,4088.4168,2330600,33753800,10457631600,131118809100,4076.2953,4111.1033,4046.2042,4072.0753
134626000,4088.0697,2742600,39385700,10460374200,131158194800,4076.2953,4111.1033,4046.2042,4072.0753
134631000,4087.8875,2136400,36673300,10462510600,131194868100,4076.2953,4111.1033,4046.2042,4072.0753
134636000,4087.1852,2850800,41921700,10465361400,131236789800,4076.2953,4111.1033,4046.2042,4072.0753
134641000,4087.7902,2886600,40348200,10468248000,131277138000,4076.2953,4111.1033,4046.2042,4072.0753
134646000,4087.2604,4654800,57262200,10472902800,131334400200,4076.2953,4111.1033,4046.2042,4072.0753
134651000,4087.0337,3186800,49902600,10476089600,131384302800,4076.2953,4111.1033,4046.2042,4072.0753
134656000,4087.0093,3862800,55753600,10479952400,131440056400,4076.2953,4111.1033,4046.2042,4072.0753
134701000,4087.1476,4284200,51508700,10484236600,131491565100,4076.2953,4111.1033,4046.2042,4072.0753
134706000,4086.6078,3498100,55384000,10487734700,131546949100,4076.2953,4111.1033,4046.2042,4072.0753
134711000,4086.7256,3950600,40713700,10491685300,131587662800,4076.2953,4111.1033,4046.2042,4072.0753
134716000,4086.394,4117300,62700800,10495802600,131650363600,4076.2953,4111.1033,4046.2042,4072.0753
134721000,4086.5322,4174900,52409500,10499977500,131702773100,4076.2953,4111.1033,4046.2042,4072.0753
134726000,4086.6085,4943200,50635800,10504920700,131753408900,4076.2953,4111.1033,4046.2042,4072.0753
134731000,4086.9328,3372400,42375200,10508293100,131795784100,4076.2953,4111.1033,4046.2042,4072.0753
134736000,4086.2754,4308600,51008100,10512601700,131846792200,4076.2953,4111.1033,4046.2042,4072.0753
134741000,4086.5595,2075300,29576900,10514677000,131876369100,4076.2953,4111.1033,4046.2042,4072.0753
134746000,4086.1497,3516400,50451500,10518193400,131926820600,4076.2953,4111.1033,4046.2042,4072.0753
134751000,4086.136,3273600,59857400,10521467000,131986678000,4076.2953,4111.1033,4046.2042,4072.0753
134756000,4086.0032,3363000,52005600,10524830000,132038683600,4076.2953,4111.1033,4046.2042,4072.0753
134801000,4086.0235,1974200,31070200,10526804200,132069753800,4076.2953,4111.1033,4046.2042,4072.0753
134806000,4085.6239,3259500,43486500,10530063700,132113240300,4076.2953,4111.1033,4046.2042,4072.0753
134811000,4085.7737,2713500,32846100,10532777200,132146086400,4076.2953,4111.1033,4046.2042,4072.0753
134816000,4085.8322,4535900,57006500,10537313100,132203092900,4076.2953,4111.1033,4046.2042,4072.0753
134821000,4085.6452,2999200,38684600,10540312300,132241777500,4076.2953,4111.1033,4046.2042,4072.0753
134826000,4085.2572,3063700,37522900,10543376000,132279300400,4076.2953,4111.1033,4046.2042,4072.0753
134831000,4085.5785,3376600,40500400,10546752600,132319800800,4076.2953,4111.1033,4046.2042,4072.0753
134836000,4085.4008,2981400,34864500,10549734000,132354665300,4076.2953,4111.1033,4046.2042,4072.0753
134841000,4085.417,2550900,32663900,10552284900,132387329200,4076.2953,4111.1033,4046.2042,4072.0753
134846000,4085.4281,4261300,46658100,10556546200,132433987300,4076.2953,4111.1033,4046.2042,4072.0753
134851000,4085.6273,3528900,49253500,10560075100,132483240800,4076.2953,4111.1033,4046.2042,4072.0753
134856000,4085.2391,3210100,36270500,10563285200,132519511300,4076.2953,4111.1033,4046.2042,4072.0753
134901000,4085.2431,3545600,43617100,10566830800,132563128400,4076.2953,4111.1033,4046.2042,4072.0753
134906000,4085.2679,2647400,33056800,10569478200,132596185200,4076.2953,4111.1033,4046.2042,4072.0753
134911000,4085.3715,7371900,49871600,10576850100,132646056800,4076.2953,4111.1033,4046.2042,4072.0753
134916000,4085.1477,3368000,44106600,10580218100,132690163400,4076.2953,4111.1033,4046.2042,4072.0753
134921000,4085.1134,3710900,40136700,10583929000,132730300100,4076.2953,4111.1033,4046.2042,4072.0753
134926000,4084.8347,3695000,43211500,10587624000,132773511600,4076.2953,4111.1033,4046.2042,4072.0753
134931000,4085.2957,2098200,27853700,10589722200,132801365300,4076.2953,4111.1033,4046.2042,4072.0753
134936000,4085.1545,2269400,32320400,10591991600,132833685700,4076.2953,4111.1033,4046.2042,4072.0753
134941000,4085.0209,2785000,30848900,10594776600,132864534600,4076.2953,4111.1033,4046.2042,4072.0753
134946000,4084.4373,3215900,47316500,10597992500,132911851100,4076.2953,4111.1033,4046.2042,4072.0753
134951000,4084.901,3527800,44610200,10601520300,132956461300,4076.2953,4111.1033,4046.2042,4072.0753
134956000,4084.6373,4338800,49144800,10605859100,133005606100,4076.2953,4111.1033,4046.2042,4072.0753
135001000,4085.5452,4059400,42142400,10609918500,133047748500,4076.2953,4111.1033,4046.2042,4072.0753
135006000,4084.5399,3293300,38046900,10613211800,133085795400,4076.2953,4111.1033,4046.2042,4072.0753
135011000,4084.4642,3625900,41114500,10616837700,133126909900,4076.2953,4111.1033,4046.2042,4072.0753
135016000,4084.1955,5440100,58981000,10622277800,133185890900,4076.2953,4111.1033,4046.2042,4072.0753
135021000,4084.4824,2913500,35075100,10625191300,133220966000,4076.2953,4111.1033,4046.2042,4072.0753
135026000,4084.1316,2231400,31438000,10627422700,133252404000,4076.2953,4111.1033,4046.2042,4072.0753
135031000,4084.3548,1997900,24949700,10629420600,133277353700,4076.2953,4111.1033,4046.2042,4072.0753
135036000,4084.604,2731000,30984600,10632151600,133308338300,4076.2953,4111.1033,4046.2042,4072.0753
135041000,4084.203,2771300,34043900,10634922900,133342382200,4076.2953,4111.1033,4046.2042,4072.0753
135046000,4083.6361,4072200,47668200,10638995100,133390050400,4076.2953,4111.1033,4046.2042,4072.0753
135051000,4083.513,1924300,29576500,10640919400,133419626900,4076.2953,4111.1033,4046.2042,4072.0753
135056000,4083.7172,3255800,42825200,10644175200,133462452100,4076.2953,4111.1033,4046.2042,4072.0753
135101000,4083.7245,2440200,28627300,10646615400,133491079400,4076.2953,4111.1033,4046.2042,4072.0753
135106000,4083.5098,2384300,33312500,10648999700,133524391900,4076.2953,4111.1033,4046.2042,4072.0753
135111000,4083.4225,2174600,24143100,10651174300,133548535000,4076.2953,4111.1033,4046.2042,4072.0753
135116000,4083.7025,2528400,36193600,10653702700,133584728600,4076.2953,4111.1033,4046.2042,4072.0753
135121000,4083.6803,2624700,30342600,10656327400,133615071200,4076.2953,4111.1033,4046.2042,4072.0753
135126000,4083.6804,2603600,35743300,10658931000,133650814500,4076.2953,4111.1033,4046.2042,4072.0753
135131000,4083.9105,2547000,29678100,10661478000,133680492600,4076.2953,4111.1033,4046.2042,4072.0753
135136000,4083.632,2231800,31009700,10663709800,133711502300,4076.2953,4111.1033,4046.2042,4072.0753
135141000,4083.5826,1850700,24372000,10665560500,133735874300,4076.2953,4111.1033,4046.2042,4072.0753
135146000,4083.5978,2537900,34901500,10668098400,133770775800,4076.2953,4111.1033,4046.2042,4072.0753
135151000,4083.7984,3401900,38036900,10671500300,133808812700,4076.2953,4111.1033,4046.2042,4072.0753
135156000,4083.4001,4021400,37387600,10675521700,133846200300,4076.2953,4111.1033,4046.2042,4072.0753
135201000,4083.5143,2110800,26090500,10677632500,133872290800,4076.2953,4111.1033,4046.2042,4072.0753
135206000,4083.3943,1773400,30930300,10679405900,133903221100,4076.2953,4111.1033,4046.2042,4072.0753
135211000,4083.0865,1737400,23607400,10681143300,133926828500,4076.2953,4111.1033,4046.2042,4072.0753
135216000,4083.3041,3903500,43863700,10685046800,133970692200,4076.2953,4111.1033,4046.2042,4072.0753
135221000,4083.4241,1878300,28480800,10686925100,133999173000,4076.2953,4111.1033,4046.2042,4072.0753
135226000,4083.304,2661900,32972300,10689587000,134032145300,4076.2953,4111.1033,4046.2042,4072.0753
135231000,4083.2393,2585000,36626500,10692172000,134068771800,4076.2953,4111.1033,4046.2042,4072.0753
135236000,4083.174,2172100,28513400,10694344100,134097285200,4076.2953,4111.1033,4046.2042,4072.0753
135241000,4082.5055,1779300,28020100,10696123400,134125305300,4076.2953,4111.1033,4046.2042,4072.0753
135246000,4082.6166,2678200,34431300,10698801600,134159736600,4076.2953,4111.1033,4046.2042,4072.0753
135251000,4082.5433,2007600,33478500,10700809200,134193215100,4076.2953,4111.1033,4046.2042,4072.0753
135256000,4082.8052,2860600,40126800,10703669800,134233341900,4076.2953,4111.1033,4046.2042,4072.0753
135301000,4083.0689,3463400,37123100,10707133200,134270465000,4076.2953,4111.1033,4046.2042,4072.0753
135306000,4082.8925,2510200,37693000,10709643400,134308158000,4076.2953,4111.1033,4046.2042,4072.0753
135311000,4082.525,2762900,28928700,10712406300,134337086700,4076.2953,4111.1033,4046.2042,4072.0753
135316000,4082.5244,2986500,38350500,10715392800,134375437200,4076.2953,4111.1033,4046.2042,4072.0753
135321000,4082.5078,1625700,25981400,10717018500,134401418600,4076.2953,4111.1033,4046.2042,4072.0753
135326000,4082.4692,3156100,36246700,10720174600,134437665300,4076.2953,4111.1033,4046.2042,4072.0753
135331000,4082.4327,2241400,34534600,10722416000,134472199900,4076.2953,4111.1033,4046.2042,4072.0753
135336000,4082.1798,2627200,29937000,10725043200,134502136900,4076.2953,4111.1033,4046.2042,4072.0753
135341000,4082.0282,3424400,39181700,10728467600,134541318600,4076.2953,4111.1033,4046.2042,4072.0753
135346000,4082.0189,2934100,37457000,10731401700,134578775600,4076.2953,4111.1033,4046.2042,4072.0753
135351000,4081.7682,2626700,36684400,10734028400,134615460000,4076.2953,4111.1033,4046.2042,4072.0753
135356000,4081.759,3611400,47732600,10737639800,134663192600,4076.2953,4111.1033,4046.2042,4072.0753
135401000,4081.112,3457000,48309300,10741096800,134711501900,4076.2953,4111.1033,4046.2042,4072.0753
135406000,4080.3119,4807100,69224800,10745903900,134780726700,4076.2953,4111.1033,4046.2042,4072.0753
135411000,4079.6058,6027100,79085600,10751931000,134859812300,4076.2953,4111.1033,4046.2042,4072.0753
135416000,4079.4645,4946200,62428500,10756877200,134922240800,4076.2953,4111.1033,4046.2042,4072.0753
135421000,4079.6663,3955300,51121300,10760832500,134973362100,4076.2953,4111.1033,4046.2042,4072.0753
135426000,4079.1909,4835400,76601200,10765667900,135049963300,4076.2953,4111.1033,4046.2042,4072.0753
135431000,4079.008,3040300,40576300,10768708200,135090539600,4076.2953,4111.1033,4046.2042,4072.0753
135436000,4078.7134,2874100,43144500,10771582300,135133684100,4076.2953,4111.1033,4046.2042,4072.0753
135441000,4078.163,3953100,45839500,10775535400,135179523600,4076.2953,4111.1033,4046.2042,4072.0753
135446000,4077.6948,5231500,66309700,10780766900,135245833300,4076.2953,4111.1033,4046.2042,4072.0753
135451000,4077.3471,4391400,70663100,10785158300,135316496400,4076.2953,4111.1033,4046.2042,4072.0753
135456000,4076.3208,4101700,54220800,10789260000,135370717200,4076.2953,4111.1033,4046.2042,4072.0753
135501000,4075.8016,4942000,63559900,10794202000,135434277100,4076.2953,4111.1033,4046.2042,4072.0753
135506000,4075.1815,6099100,79371400,10800301100,135513648500,4076.2953,4111.1033,4046.2042,4072.0753
135511000,4074.5106,6637500,78920700,10806938600,135592569200,4076.2953,4111.1033,4046.2042,4072.0753
135516000,4074.314,6609700,86239700,10813548300,135678808900,4076.2953,4111.1033,4046.2042,4072.0753
135521000,4074.069,4659300,60316100,10818207600,135739125000,4076.2953,4111.1033,4046.2042,4072.0753
135526000,4074.2883,4749800,55168200,10822957400,135794293200,4076.2953,4111.1033,4046.2042,4072.0753
135531000,4074.1734,3934700,52681900,10826892100,135846975100,4076.2953,4111.1033,4046.2042,4072.0753
135536000,4074.6257,3721400,56845800,10830613500,135903820900,4076.2953,4111.1033,4046.2042,4072.0753
135541000,4074.2585,3418000,37334500,10834031500,135941155400,4076.2953,4111.1033,4046.2042,4072.0753
135546000,4074.737,3920600,54923100,10837952100,135996078500,4076.2953,4111.1033,4046.2042,4072.0753
135551000,4073.9157,3516000,49630400,10841468100,136045708900,4076.2953,4111.1033,4046.2042,4072.0753
135556000,4073.8211,4597800,61337300,10846065900,136107046200,4076.2953,4111.1033,4046.2042,4072.0753
135601000,4074.3973,4192500,47651500,10850258400,136154697700,4076.2953,4111.1033,4046.2042,4072.0753
135606000,4073.9197,2431700,40616400,10852690100,136195314100,4076.2953,4111.1033,4046.2042,4072.0753
135611000,4073.7711,2749300,39911800,10855439400,136235225900,4076.2953,4111.1033,4046.2042,4072.0753
135616000,4073.9159,8509200,62774300,10863948600,136298000200,4076.2953,4111.1033,4046.2042,4072.0753
135621000,4073.9017,3437400,46314500,10867386000,136344314700,4076.2953,4111.1033,4046.2042,4072.0753
135626000,4073.8038,3639900,40024800,10871025900,136384339500,4076.2953,4111.1033,4046.2042,4072.0753
135631000,4073.7098,2349400,37714300,10873375300,136422053800,4076.2953,4111.1033,4046.2042,4072.0753
135636000,4074.1386,2615200,43080100,10875990500,136465133900,4076.2953,4111.1033,4046.2042,4072.0753
135641000,4073.8942,3426900,38036000,10879417400,136503169900,4076.2953,4111.1033,4046.2042,4072.0753
135646000,4073.8002,3197600,36811200,10882615000,136539981100,4076.2953,4111.1033,4046.2042,4072.0753
135651000,4074.0748,2766400,43648300,10885381400,136583629400,4076.2953,4111.1033,4046.2042,4072.0753
135656000,4073.9723,3862400,45781700,10889243800,136629411100,4076.2953,4111.1033,4046.2042,4072.0753
135701000,4074.2396,3479400,40684000,10892723200,136670095100,4076.2953,4111.1033,4046.2042,4072.0753
135706000,4074.5738,2933000,37220000,10895656200,136707315100,4076.2953,4111.1033,4046.2042,4072.0753
135711000,4074.0975,3098000,32801600,10898754200,136740116700,4076.2953,4111.1033,4046.2042,4072.0753
135716000,4074.1196,2483200,36561900,10901237400,136776678600,4076.2953,4111.1033,4046.2042,4072.0753
135721000,4074.3665,2261300,41264200,10903498700,136817942800,4076.2953,4111.1033,4046.2042,4072.0753
135726000,4074.3698,3598000,53819600,10907096700,136871762400,4076.2953,4111.1033,4046.2042,4072.0753
135731000,4074.1997,3309700,38564500,10910406400,136910326900,4076.2953,4111.1033,4046.2042,4072.0753
135736000,4074.543,2866700,41874100,10913273100,136952201000,4076.2953,4111.1033,4046.2042,4072.0753
135741000,4074.8041,2702300,38527500,10915975400,136990728500,4076.2953,4111.1033,4046.2042,4072.0753
135746000,4074.845,3159600,39882900,10919135000,137030611400,4076.2953,4111.1033,4046.2042,4072.0753
135751000,4074.6456,2289200,32021000,10921424200,137062632400,4076.2953,4111.1033,4046.2042,4072.0753
135756000,4074.7174,3139800,41177100,10924564000,137103809500,4076.2953,4111.1033,4046.2042,4072.0753
135801000,4074.7944,3284000,38903800,10927848000,137142713300,4076.2953,4111.1033,4046.2042,4072.0753
135806000,4074.7345,2664700,35792600,10930512700,137178505900,4076.2953,4111.1033,4046.2042,4072.0753
135811000,4074.877,2297300,34337300,10932810000,137212843200,4076.2953,4111.1033,4046.2042,4072.0753
135816000,4074.6116,3133300,36216600,10935943300,137249059800,4076.2953,4111.1033,4046.2042,4072.0753
135821000,4074.7791,1950700,25499300,10937894000,137274559100,4076.2953,4111.1033,4046.2042,4072.0753
135826000,4074.9069,3859900,58836100,10941753900,137333395200,4076.2953,4111.1033,4046.2042,4072.0753
135831000,4074.6179,2749900,28780000,10944503800,137362175200,4076.2953,4111.1033,4046.2042,4072.0753
135836000,4074.8355,2048300,30810000,10946552100,137392985200,4076.2953,4111.1033,4046.2042,4072.0753
135841000,4074.3205,2857000,39688000,10949409100,137432673200,4076.2953,4111.1033,4046.2042,4072.0753
135846000,4074.6236,2922000,39762200,10952331100,137472435400,4076.2953,4111.1033,4046.2042,4072.0753
135851000,4074.9459,2634000,35594800,10954965100,137508030200,4076.2953,4111.1033,4046.2042,4072.0753
135856000,4074.9628,2386600,38346300,10957351700,137546376500,4076.2953,4111.1033,4046.2042,4072.0753
135901000,4075.2369,1984800,26874900,10959336500,137573251400,4076.2953,4111.1033,4046.2042,4072.0753
135906000,4075.2163,2222200,31670900,10961558700,137604922300,4076.2953,4111.1033,4046.2042,4072.0753
135911000,4075.2068,2835100,39283100,10964393800,137644205400,4076.2953,4111.1033,4046.2042,4072.0753
135916000,4075.7829,3020600,42506400,10967414400,137686711800,4076.2953,4111.1033,4046.2042,4072.0753
135921000,4076.3689,2509800,33139600,10969924200,137719851400,4076.2953,4111.1033,4046.2042,4072.0753
135926000,4075.981,3118300,36781800,10973042500,137756633200,4076.2953,4111.1033,4046.2042,4072.0753
135931000,4076.1089,2654500,29545800,10975697000,137786179000,4076.2953,4111.1033,4046.2042,4072.0753
135936000,4076.1716,2380600,39977400,10978077600,137826156400,4076.2953,4111.1033,4046.2042,4072.0753
135941000,4075.2611,2716900,41981800,10980794500,137868138200,4076.2953,4111.1033,4046.2042,4072.0753
135946000,4075.8076,3812800,55735100,10984607300,137923873300,4076.2953,4111.1033,4046.2042,4072.0753
135951000,4075.8296,2684300,35822400,10987291600,137959695700,4076.2953,4111.1033,4046.2042,4072.0753
135956000,4075.7349,2323500,34658900,10989615100,137994354600,4076.2953,4111.1033,4046.2042,4072.0753
140001000,4075.8977,1843800,25666500,10991458900,138020021100,4076.2953,4111.1033,4046.2042,4072.0753
140006000,4075.2962,2294400,36358700,10993753300,138056379800,4076.2953,4111.1033,4046.2042,4072.0753
140011000,4075.6794,3273800,39766900,10997027100,138096146700,4076.2953,4111.1033,4046.2042,4072.0753
140016000,4076.2288,2144600,28474100,10999171700,138124620800,4076.2953,4111.1033,4046.2042,4072.0753
140021000,4076.4724,2506400,40931200,11001678100,138165552000,4076.2953,4111.1033,4046.2042,4072.0753
140026000,4076.14,2230800,31270700,11003908900,138196822700,4076.2953,4111.1033,4046.2042,4072.0753
140031000,4076.2896,2175800,28584400,11006084700,138225407100,4076.2953,4111.1033,4046.2042,4072.0753
140036000,4075.9872,2272800,28644400,11008357500,138254051500,4076.2953,4111.1033,4046.2042,4072.0753
140041000,4076.1032,1883600,29482700,11010241100,138283534200,4076.2953,4111.1033,4046.2042,4072.0753
140046000,4076.3555,2300200,36380100,11012541300,138319914300,4076.2953,4111.1033,4046.2042,4072.0753
140051000,4076.6372,3324500,55042900,11015865800,138374957200,4076.2953,4111.1033,4046.2042,4072.0753
140056000,4076.5858,3124900,58035300,11018990700,138432992500,4076.2953,4111.1033,4046.2042,4072.0753
140101000,4076.5685,2181900,28166100,11021172600,138461158600,4076.2953,4111.1033,4046.2042,4072.0753
140106000,4076.7214,1854300,27555500,11023026900,138488714100,4076.2953,4111.1033,4046.2042,4072.0753
140111000,4076.9502,2146500,27545500,11025173400,138516259600,4076.2953,4111.1033,4046.2042,4072.0753
140116000,4077.0089,3953700,40178200,11029127100,138556437800,4076.2953,4111.1033,4046.2042,4072.0753
140121000,4077.0283,3026900,42787600,11032154000,138599225400,4076.2953,4111.1033,4046.2042,4072.0753
140126000,4077.4592,2540500,40424700,11034694500,138639650100,4076.2953,4111.1033,4046.2042,4072.0753
140131000,4077.0963,2511500,42189000,11037206000,138681839100,4076.2953,4111.1033,4046.2042,4072.0753
140136000,4077.5765,2602400,43583300,11039808400,138725422400,4076.2953,4111.1033,4046.2042,4072.0753
140141000,4077.693,2062500,29578800,11041870900,138755001200,4076.2953,4111.1033,4046.2042,4072.0753
140146000,4077.9833,3533500,65770700,11045404400,138820771900,4076.2953,4111.1033,4046.2042,4072.0753
140151000,4077.7674,3029300,47500500,11048433700,138868272400,4076.2953,4111.1033,4046.2042,4072.0753
140156000,4079.1061,2406900,36091400,11050840600,138904363800,4076.2953,4111.1033,4046.2042,4072.0753
140201000,4078.7767,2342200,31725800,11053182800,138936089600,4076.2953,4111.1033,4046.2042,4072.0753
140206000,4078.6626,3041000,46300600,11056223800,138982390200,4076.2953,4111.1033,4046.2042,4072.0753
140211000,4078.8196,1915000,33262000,11058138800,139015652200,4076.2953,4111.1033,4046.2042,4072.0753
140216000,4078.2078,3432000,60162500,11061570800,139075814700,4076.2953,4111.1033,4046.2042,4072.0753
140221000,4078.3726,2590600,49343400,11064161400,139125158100,4076.2953,4111.1033,4046.2042,4072.0753
140226000,4077.8301,3300200,48571900,11067461600,139173730000,4076.2953,4111.1033,4046.2042,4072.0753
140231000,4078.2842,2145900,26357200,11069607500,139200087200,4076.2953,4111.1033,4046.2042,4072.0753
140236000,4078.1025,2405200,37566200,11072012700,139237653400,4076.2953,4111.1033,4046.2042,4072.0753
140241000,4078.1801,1956500,28027500,11073969200,139265680900,4076.2953,4111.1033,4046.2042,4072.0753
140246000,4077.9101,3489800,37789300,11077459000,139303470200,4076.2953,4111.1033,4046.2042,4072.0753
140251000,4078.8393,2240400,29931800,11079699400,139333402000,4076.2953,4111.1033,4046.2042,4072.0753
140256000,4078.474,2149400,37424500,11081848800,139370826500,4076.2953,4111.1033,4046.2042,4072.0753
140301000,4078.2842,3351200,56475700,11085200000,139427302200,4076.2953,4111.1033,4046.2042,4072.0753
140306000,4078.8527,1817800,32141300,11087017800,139459443500,4076.2953,4111.1033,4046.2042,4072.0753
140311000,4079.2326,1730700,29146400,11088748500,139488589900,4076.2953,4111.1033,4046.2042,4072.0753
140316000,4079.2175,3329600,44423500,11092078100,139533013400,4076.2953,4111.1033,4046.2042,4072.0753
140321000,4079.155,2121800,31976000,11094199900,139564989400,4076.2953,4111.1033,4046.2042,4072.0753
140326000,4079.4763,2480700,40392300,11096680600,139605381700,4076.2953,4111.1033,4046.2042,4072.0753
140331000,4079.0068,1719500,24420900,11098400100,139629802600,4076.2953,4111.1033,4046.2042,4072.0753
140336000,4079.0459,1442100,29102900,11099842200,139658905500,4076.2953,4111.1033,4046.2042,4072.0753
140341000,4079.2394,1582300,22261400,11101424500,139681166900,4076.2953,4111.1033,4046.2042,4072.0753
140346000,4079.1938,2387000,38129800,11103811500,139719296700,4076.2953,4111.1033,4046.2042,4072.0753
140351000,4079.3144,1779000,27724800,11105590500,139747021500,4076.2953,4111.1033,4046.2042,4072.0753
140356000,4079.0012,2220700,36041900,11107811200,139783063400,4076.2953,4111.1033,4046.2042,4072.0753
140401000,4079.9677,1804200,26106700,11109615400,139809170100,4076.2953,4111.1033,4046.2042,4072.0753
140406000,4079.5784,2455100,35615400,11112070500,139844785500,4076.2953,4111.1033,4046.2042,4072.0753
140411000,4079.3343,2852600,25919300,11114923100,139870704800,4076.2953,4111.1033,4046.2042,4072.0753
140416000,4079.3093,3605200,51362800,11118528300,139922067600,4076.2953,4111.1033,4046.2042,4072.0753
140421000,4079.2955,2202500,34134300,11120730800,139956201900,4076.2953,4111.1033,4046.2042,4072.0753
140426000,4079.5921,2525100,34511600,11123255900,139990713500,4076.2953,4111.1033,4046.2042,4072.0753
140431000,4079.2009,2308600,37687600,11125564500,140028401100,4076.2953,4111.1033,4046.2042,4072.0753
140436000,4079.808,2223600,25051400,11127788100,140053452500,4076.2953,4111.1033,4046.2042,4072.0753
140441000,4079.8041,1700500,28191700,11129488600,140081644200,4076.2953,4111.1033,4046.2042,4072.0753
140446000,4079.7468,2547100,35367100,11132035700,140117011300,4076.2953,4111.1033,4046.2042,4072.0753
140451000,4080.2611,2252700,43927400,11134288400,140160938700,4076.2953,4111.1033,4046.2042,4072.0753
140456000,4080.4771,2152600,33455700,11136441000,140194394400,4076.2953,4111.1033,4046.2042,4072.0753
140501000,4080.6561,1924800,33062000,11138365800,140227456400,4076.2953,4111.1033,4046.2042,4072.0753
140506000,4080.4058,2417900,41421100,11140783700,140268877500,4076.2953,4111.1033,4046.2042,4072.0753
140511000,4081.4207,2757600,43151100,11143541300,140312028600,4076.2953,4111.1033,4046.2042,4072.0753
140516000,4082.3191,3230600,65874400,11146771900,140377903000,4076.2953,4111.1033,4046.2042,4072.0753
140521000,4081.663,2606100,39628800,11149378000,140417531800,4076.2953,4111.1033,4046.2042,4072.0753
140526000,4082.573,3230300,49918500,11152608300,140467450300,4076.2953,4111.1033,4046.2042,4072.0753
140531000,4083.8195,5692800,81288100,11158301100,140548738400,4076.2953,4111.1033,4046.2042,4072.0753
140536000,4084.6687,5996300,71364500,11164297400,140620102900,4076.2953,4111.1033,4046.2042,4072.0753
140541000,4085.7639,8091200,102127400,11172388600,140722230300,4076.2953,4111.1033,4046.2042,4072.0753
140546000,4087.5601,12010900,133018600,11184399500,140855248900,4076.2953,4111.1033,4046.2042,4072.0753
140551000,4088.6155,9041000,150056300,11193440500,141005305200,4076.2953,4111.1033,4046.2042,4072.0753
140556000,4089.9579,10591400,198364300,11204031900,141203669500,4076.2953,4111.1033,4046.2042,4072.0753
140601000,4090.2739,4591500,74090600,11208623400,141277760100,4076.2953,4111.1033,4046.2042,4072.0753
140606000,4090.5781,5583500,92188200,11214206900,141369948300,4076.2953,4111.1033,4046.2042,4072.0753
140611000,4090.6961,3320100,57941200,11217527000,141427889500,4076.2953,4111.1033,4046.2042,4072.0753
140616000,4090.9889,4944600,94891300,11222471600,141522780800,4076.2953,4111.1033,4046.2042,4072.0753
140621000,4091.0315,3533200,58826000,11226004800,141581606800,4076.2953,4111.1033,4046.2042,4072.0753
140626000,4092.2609,4192000,76047500,11230196800,141657654300,4076.2953,4111.1033,4046.2042,4072.0753
140631000,4091.5414,3425500,64562400,11233622300,141722216700,4076.2953,4111.1033,4046.2042,4072.0753
140636000,4091.5902,4155800,82983200,11237778100,141805199900,4076.2953,4111.1033,4046.2042,4072.0753
140641000,4092.0166,3793800,65197700,11241571900,141870397600,4076.2953,4111.1033,4046.2042,4072.0753
140646000,4092.5096,4385600,70169600,11245957500,141940567200,4076.2953,4111.1033,4046.2042,4072.0753
140651000,4092.4667,3762500,57557100,11249720000,141998124300,4076.2953,4111.1033,4046.2042,4072.0753
140656000,4092.7042,4661300,64806700,11254381300,142062931000,4076.2953,4111.1033,4046.2042,4072.0753
140701000,4093.1631,4335000,63564200,11258716300,142126495200,4076.2953,4111.1033,4046.2042,4072.0753
140706000,4093.0521,2851000,71231800,11261567300,142197727000,4076.2953,4111.1033,4046.2042,4072.0753
140711000,4093.4571,3216800,48844400,11264784100,142246571400,4076.2953,4111.1033,4046.2042,4072.0753
140716000,4093.5199,4258100,58517900,11269042200,142305089300,4076.2953,4111.1033,4046.2042,4072.0753
140721000,4093.5325,2748300,49723000,11271790500,142354812300,4076.2953,4111.1033,4046.2042,4072.0753
140726000,4094.07,4088500,64179100,11275879000,142418991400,4076.2953,4111.1033,4046.2042,4072.0753
140731000,4093.8975,2715900,39629600,11278594900,142458621000,4076.2953,4111.1033,4046.2042,4072.0753
140736000,4094.0334,4200400,62854600,11282795300,142521475600,4076.2953,4111.1033,4046.2042,4072.0753
140741000,4094.1594,3555500,47493400,11286350800,142568969000,4076.2953,4111.1033,4046.2042,4072.0753
140746000,4094.0886,3662100,59154500,11290012900,142628123500,4076.2953,4111.1033,4046.2042,4072.0753
140751000,4094.1486,3159400,57608200,11293172300,142685731700,4076.2953,4111.1033,4046.2042,4072.0753
140756000,4094.5304,3919700,63568800,11297092000,142749300500,4076.2953,4111.1033,4046.2042,4072.0753
140801000,4094.2396,2142300,35369700,11299234300,142784670200,4076.2953,4111.1033,4046.2042,4072.0753
140806000,4094.3739,2903500,45508700,11302137800,142830178900,4076.2953,4111.1033,4046.2042,4072.0753
140811000,4094.3143,2542400,43268500,11304680200,142873447400,4076.2953,4111.1033,4046.2042,4072.0753
140816000,4094.0558,3442000,54787500,11308122200,142928234900,4076.2953,4111.1033,4046.2042,4072.0753
140821000,4093.7828,2312300,38387800,11310434500,142966622700,4076.2953,4111.1033,4046.2042,4072.0753
140826000,4093.5524,3090100,48116100,11313524600,143014738800,4076.2953,4111.1033,4046.2042,4072.0753
140831000,4092.9989,3833400,46311400,11317358000,143061050200,4076.2953,4111.1033,4046.2042,4072.0753
140836000,4092.951,3812100,47415000,11321170100,143108465200,4076.2953,4111.1033,4046.2042,4072.0753
140841000,4091.7914,4799400,57710400,11325969500,143166175600,4076.2953,4111.1033,4046.2042,4072.0753
140846000,4092.1265,4395800,56159900,11330365300,143222335500,4076.2953,4111.1033,4046.2042,4072.0753
140851000,4091.0213,3237300,50460900,11333602600,143272796400,4076.2953,4111.1033,4046.2042,4072.0753
140856000,4090.982,3982200,74534800,11337584800,143347331200,4076.2953,4111.1033,4046.2042,4072.0753
140901000,4090.752,4145300,59113000,11341730100,143406444200,4076.2953,4111.1033,4046.2042,4072.0753
140906000,4090.8939,3312400,58332800,11345042500,143464777000,4076.2953,4111.1033,4046.2042,4072.0753
140911000,4091.4099,2978900,39015000,11348021400,143503792000,4076.2953,4111.1033,4046.2042,4072.0753
140916000,4091.2803,3124800,50831100,11351146200,143554623100,4076.2953,4111.1033,4046.2042,4072.0753
140921000,4091.1254,3054400,47153900,11354200600,143601777000,4076.2953,4111.1033,4046.2042,4072.0753
140926000,4090.8196,3277200,59139000,11357477800,143660916000,4076.2953,4111.1033,4046.2042,4072.0753
140931000,4091.0597,2457500,38663100,11359935300,143699579100,4076.2953,4111.1033,4046.2042,4072.0753
140936000,4090.7352,2569900,48240800,11362505200,143747819900,4076.2953,4111.1033,4046.2042,4072.0753
140941000,4090.8856,2105900,31052100,11364611100,143778872000,4076.2953,4111.1033,4046.2042,4072.0753
140946000,4090.9427,3578800,67990200,11368189900,143846862200,4076.2953,4111.1033,4046.2042,4072.0753
140951000,4091.0259,3161900,59220500,11371351800,143906082700,4076.2953,4111.1033,4046.2042,4072.0753
140956000,4090.6322,3039500,47024900,11374391300,143953107600,4076.2953,4111.1033,4046.2042,4072.0753
141001000,4090.568,2434300,39994000,11376825600,143993101600,4076.2953,4111.1033,4046.2042,4072.0753
141006000,4090.8822,5680900,53780300,11382506500,144046881900,4076.2953,4111.1033,4046.2042,4072.0753
141011000,4091.0431,3225700,28558000,11385732200,144075439900,4076.2953,4111.1033,4046.2042,4072.0753
141016000,4091.3402,4526800,45004700,11390259000,144120444600,4076.2953,4111.1033,4046.2042,4072.0753
141021000,4090.8264,2560900,36267400,11392819900,144156712000,4076.2953,4111.1033,4046.2042,4072.0753
141026000,4091.0175,6517100,61705400,11399337000,144218417400,4076.2953,4111.1033,4046.2042,4072.0753
141031000,4090.9977,4656600,42683100,11403993600,144261100500,4076.2953,4111.1033,4046.2042,4072.0753
141036000,4090.8135,2544300,45307000,11406537900,144306407500,4076.2953,4111.1033,4046.2042,4072.0753
141041000,4090.7728,2595700,38914100,11409133600,144345321600,4076.2953,4111.1033,4046.2042,4072.0753
141046000,4090.6406,3807100,44794700,11412940700,144390116300,4076.2953,4111.1033,4046.2042,4072.0753
141051000,4090.9337,2788500,44389200,11415729200,144434505500,4076.2953,4111.1033,4046.2042,4072.0753
141056000,4090.6788,3510900,44456800,11419240100,144478962300,4076.2953,4111.1033,4046.2042,4072.0753
141101000,4090.5574,3112400,36657700,11422352500,144515620000,4076.2953,4111.1033,4046.2042,4072.0753
141106000,4090.5646,2196200,35582200,11424548700,144551202200,4076.2953,4111.1033,4046.2042,4072.0753
141111000,4090.1452,2413700,31713100,11426962400,144582915300,4076.2953,4111.1033,4046.2042,4072.0753
141116000,4090.881,3056900,35846700,11430019300,144618762000,4076.2953,4111.1033,4046.2042,4072.0753
141121000,4090.6585,2645100,47122100,11432664400,144665884100,4076.2953,4111.1033,4046.2042,4072.0753
141126000,4090.6384,2871500,44413000,11435535900,144710297100,4076.2953,4111.1033,4046.2042,4072.0753
141131000,4091.0141,2761900,37547900,11438297800,144747845000,4076.2953,4111.1033,4046.2042,4072.0753
141136000,4090.9467,2224400,33964400,11440522200,144781809400,4076.2953,4111.1033,4046.2042,4072.0753
141141000,4091.0563,2572900,30111200,11443095100,144811920600,4076.2953,4111.1033,4046.2042,4072.0753
141146000,4090.8207,3352900,41145200,11446448000,144853065800,4076.2953,4111.1033,4046.2042,4072.0753
141151000,4091.2204,2726000,41404700,11449174000,144894470500,4076.2953,4111.1033,4046.2042,4072.0753
141156000,4091.3316,3329300,52898500,11452503300,144947369000,4076.2953,4111.1033,4046.2042,4072.0753
141201000,4091.6365,2190000,39504500,11454693300,144986873500,4076.2953,4111.1033,4046.2042,4072.0753
141206000,4091.4687,2354400,57163200,11457047700,145044036700,4076.2953,4111.1033,4046.2042,4072.0753
141211000,4091.9158,3029000,61286900,11460076700,145105323600,4076.2953,4111.1033,4046.2042,4072.0753
141216000,4091.7981,2810900,46244100,11462887600,145151567700,4076.2953,4111.1033,4046.2042,4072.0753
141221000,4092.9799,2307200,44510000,11465194800,145196077700,4076.2953,4111.1033,4046.2042,4072.0753
141226000,4093.1042,3065600,64686100,11468260400,145260763800,4076.2953,4111.1033,4046.2042,4072.0753
141231000,4093.2563,3370500,53438500,11471630900,145314202300,4076.2953,4111.1033,4046.2042,4072.0753
141236000,4092.8796,2436200,62898300,11474067100,145377100600,4076.2953,4111.1033,4046.2042,4072.0753
141241000,4093.4594,2452500,47645900,11476519600,145424746500,4076.2953,4111.1033,4046.2042,4072.0753
141246000,4094.1573,2949600,57564100,11479469200,145482310600,4076.2953,4111.1033,4046.2042,4072.0753
141251000,4094.1844,2771000,75962000,11482240200,145558272600,4076.2953,4111.1033,4046.2042,4072.0753
141256000,4094.4637,4788800,112631000,11487029000,145670903600,4076.2953,4111.1033,4046.2042,4072.0753
141301000,4094.4374,3419000,78036900,11490448000,145748940500,4076.2953,4111.1033,4046.2042,4072.0753
141306000,4095.1922,3338900,75672400,11493786900,145824612900,4076.2953,4111.1033,4046.2042,4072.0753
141311000,4094.9994,3566500,53370200,11497353400,145877983100,4076.2953,4111.1033,4046.2042,4072.0753
141316000,4095.7823,3975600,57611300,11501329000,145935594400,4076.2953,4111.1033,4046.2042,4072.0753
141321000,4095.3604,3804200,69812700,11505133200,146005407100,4076.2953,4111.1033,4046.2042,4072.0753
141326000,4096.038,3789600,70287100,11508922800,146075694200,4076.2953,4111.1033,4046.2042,4072.0753
141331000,4095.53,2595900,41171400,11511518700,146116865600,4076.2953,4111.1033,4046.2042,4072.0753
141336000,4095.9846,3902800,76574900,11515421500,146193440500,4076.2953,4111.1033,4046.2042,4072.0753
141341000,4095.9989,4792100,70996300,11520213600,146264436800,4076.2953,4111.1033,4046.2042,4072.0753
141346000,4096.2474,6116700,87890400,11526330300,146352327200,4076.2953,4111.1033,4046.2042,4072.0753
141351000,4096.3817,3393500,58908300,11529723800,146411235500,4076.2953,4111.1033,4046.2042,4072.0753
141356000,4096.9888,4631700,77516900,11534355500,146488752400,4076.2953,4111.1033,4046.2042,4072.0753
141401000,4096.9879,3185000,43248400,11537540500,146532000800,4076.2953,4111.1033,4046.2042,4072.0753
141406000,4096.8625,4612300,116088500,11542152800,146648089300,4076.2953,4111.1033,4046.2042,4072.0753
141411000,4096.4179,3107700,55168100,11545260500,146703257400,4076.2953,4111.1033,4046.2042,4072.0753
141416000,4096.4103,6403300,86425200,11551663800,146789682600,4076.2953,4111.1033,4046.2042,4072.0753
141421000,4096.2977,3953200,77180100,11555617000,146866862700,4076.2953,4111.1033,4046.2042,4072.0753
141426000,4096.7796,5489300,80313600,11561106300,146947176300,4076.2953,4111.1033,4046.2042,4072.0753
141431000,4096.6347,8446200,93392500,11569552500,147040568800,4076.2953,4111.1033,4046.2042,4072.0753
141436000,4096.892,11501800,114516300,11581054300,147155085100,4076.2953,4111.1033,4046.2042,4072.0753
141441000,4097.2829,4181800,62073900,11585236100,147217159000,4076.2953,4111.1033,4046.2042,4072.0753
141446000,4097.2413,3789700,67017600,11589025800,147284176600,4076.2953,4111.1033,4046.2042,4072.0753
141451000,4097.1772,3347600,67814500,11592373400,147351991100,4076.2953,4111.1033,4046.2042,4072.0753
141456000,4097.3353,6575900,93622200,11598949300,147445613300,4076.2953,4111.1033,4046.2042,4072.0753
141501000,4097.7882,4309900,58415500,11603259200,147504028800,4076.2953,4111.1033,4046.2042,4072.0753
141506000,4097.4161,4360900,62552700,11607620100,147566581500,4076.2953,4111.1033,4046.2042,4072.0753
141511000,4097.4594,3662700,52297100,11611282800,147618878600,4076.2953,4111.1033,4046.2042,4072.0753
141516000,4097.9884,5665500,71591000,11616948300,147690469600,4076.2953,4111.1033,4046.2042,4072.0753
141521000,4097.9251,3908200,48831900,11620856500,147739301500,4076.2953,4111.1033,4046.2042,4072.0753
141526000,4097.9842,4451300,80459600,11625307800,147819761100,4076.2953,4111.1033,4046.2042,4072.0753
141531000,4097.615,3567400,53346800,11628875200,147873107900,4076.2953,4111.1033,4046.2042,4072.0753
141536000,4097.4415,3102200,51315000,11631977400,147924422900,4076.2953,4111.1033,4046.2042,4072.0753
141541000,4098.1239,3897700,58121100,11635875100,147982544000,4076.2953,4111.1033,4046.2042,4072.0753
141546000,4097.7976,3555700,55957800,11639430800,148038501800,4076.2953,4111.1033,4046.2042,4072.0753
141551000,4097.6531,3764000,66255900,11643194800,148104757700,4076.2953,4111.1033,4046.2042,4072.0753
141556000,4097.6836,4979100,75770100,11648173900,148180527800,4076.2953,4111.1033,4046.2042,4072.0753
141601000,4097.7557,3501200,46024100,11651675100,148226551900,4076.2953,4111.1033,4046.2042,4072.0753
141606000,4097.9124,3516800,65509800,11655191900,148292061700,4076.2953,4111.1033,4046.2042,4072.0753
141611000,4097.8804,4298300,53644500,11659490200,148345706200,4076.2953,4111.1033,4046.2042,4072.0753
141616000,4098.1135,3602300,67566300,11663092500,148413272500,4076.2953,4111.1033,4046.2042,4072.0753
141621000,4097.4028,3634200,69344300,11666726700,148482616800,4076.2953,4111.1033,4046.2042,4072.0753
141626000,4097.5906,4697300,80732800,11671424000,148563349600,4076.2953,4111.1033,4046.2042,4072.0753
141631000,4097.5583,2652300,38950500,11674076300,148602300100,4076.2953,4111.1033,4046.2042,4072.0753
141636000,4097.4412,3377500,64556500,11677453800,148666856600,4076.2953,4111.1033,4046.2042,4072.0753
141641000,4097.1056,5029200,70488800,11682483000,148737345400,4076.2953,4111.1033,4046.2042,4072.0753
141646000,4096.9079,3312500,121235100,11685795500,148858580500,4076.2953,4111.1033,4046.2042,4072.0753
141651000,4096.8629,3052100,69886600,11688847600,148928467100,4076.2953,4111.1033,4046.2042,4072.0753
141656000,4096.7579,3257300,58018800,11692104900,148986485900,4076.2953,4111.1033,4046.2042,4072.0753
141701000,4097.0244,2630700,44338700,11694735600,149030824600,4076.2953,4111.1033,4046.2042,4072.0753
141706000,4096.9256,3193000,66034900,11697928600,149096859500,4076.2953,4111.1033,4046.2042,4072.0753
141711000,4097.1105,2920300,45710800,11700848900,149142570300,4076.2953,4111.1033,4046.2042,4072.0753
141716000,4096.8949,3606100,61192100,11704455000,149203762400,4076.2953,4111.1033,4046.2042,4072.0753
141721000,4096.6956,3388800,60882700,11707843800,149264645100,4076.2953,4111.1033,4046.2042,4072.0753
141726000,4096.4163,3636800,49808200,11711480600,149314453300,4076.2953,4111.1033,4046.2042,4072.0753
141731000,4097.0893,2996500,45663400,11714477100,149360116700,4076.2953,4111.1033,4046.2042,4072.0753
141736000,4096.724,2806200,56471600,11717283300,149416588300,4076.2953,4111.1033,4046.2042,4072.0753
141741000,4096.8239,2234600,40727700,11719517900,149457316000,4076.2953,4111.1033,4046.2042,4072.0753
141746000,4097.4642,3611800,60417300,11723129700,149517733300,4076.2953,4111.1033,4046.2042,4072.0753
141751000,4097.4414,3038600,59445500,11726168300,149577178800,4076.2953,4111.1033,4046.2042,4072.0753
141756000,4097.2606,4920500,81682100,11731088800,149658860900,4076.2953,4111.1033,4046.2042,4072.0753
141801000,4097.5732,5203800,95417600,11736292600,149754278500,4076.2953,4111.1033,4046.2042,4072.0753
141806000,4097.8912,3319700,76047600,11739612300,149830326100,4076.2953,4111.1033,4046.2042,4072.0753
141811000,4098.2427,3829900,64630800,11743442200,149894956900,4076.2953,4111.1033,4046.2042,4072.0753
141816000,4098.245,5128300,77026000,11748570500,149971982900,4076.2953,4111.1033,4046.2042,4072.0753
141821000,4099.0579,4826300,93863400,11753396800,150065846300,4076.2953,4111.1033,4046.2042,4072.0753
141826000,4099.9152,5290500,88044400,11758687300,150153890700,4076.2953,4111.1033,4046.2042,4072.0753
141831000,4099.17,3041900,55584500,11761729200,150209475200,4076.2953,4111.1033,4046.2042,4072.0753
141836000,4100.4749,3563000,72029900,11765292200,150281505100,4076.2953,4111.1033,4046.2042,4072.0753
141841000,4100.5265,4241000,82000400,11769533200,150363505500,4076.2953,4111.1033,4046.2042,4072.0753
141846000,4100.7587,5371600,101542600,11774904800,150465048100,4076.2953,4111.1033,4046.2042,4072.0753
141851000,4101.1878,4057700,108180300,11778962500,150573228400,4076.2953,4111.1033,4046.2042,4072.0753
141856000,4102.0315,5635900,87763100,11784598400,150660991500,4076.2953,4111.1033,4046.2042,4072.0753
141901000,4102.4686,6092500,100881000,11790690900,150761872500,4076.2953,4111.1033,4046.2042,4072.0753
141906000,4102.618,4637400,101452900,11795328300,150863325400,4076.2953,4111.1033,4046.2042,4072.0753
141911000,4104.1727,5218800,85110200,11800547100,150948435600,4076.2953,4111.1033,4046.2042,4072.0753
141916000,4104.0877,5935200,78182700,11806482300,151026618300,4076.2953,4111.1033,4046.2042,4072.0753
141921000,4104.376,4924100,81943800,11811406400,151108562100,4076.2953,4111.1033,4046.2042,4072.0753
141926000,4104.6805,4728300,82242400,11816134700,151190804500,4076.2953,4111.1033,4046.2042,4072.0753
141931000,4104.6341,5811400,88386800,11821946100,151279191300,4076.2953,4111.1033,4046.2042,4072.0753
141936000,4105.2922,4750300,81395400,11826696400,151360586700,4076.2953,4111.1033,4046.2042,4072.0753
141941000,4105.6982,4901600,88877100,11831598000,151449463800,4076.2953,4111.1033,4046.2042,4072.0753
141946000,4105.9198,6367800,111484100,11837965800,151560947900,4076.2953,4111.1033,4046.2042,4072.0753
141951000,4106.4407,5148500,106050300,11843114300,151666998200,4076.2953,4111.1033,4046.2042,4072.0753
141956000,4106.5522,5319800,104559700,11848434100,151771557900,4076.2953,4111.1033,4046.2042,4072.0753
142001000,4107.1582,4301800,90705400,11852735900,151862263300,4076.2953,4111.1033,4046.2042,4072.0753
142006000,4106.6805,5663500,101481400,11858399400,151963744700,4076.2953,4111.1033,4046.2042,4072.0753
142011000,4107.646,4896800,85184000,11863296200,152048928700,4076.2953,4111.1033,4046.2042,4072.0753
142016000,4107.4974,6166000,99549200,11869462200,152148477900,4076.2953,4111.1033,4046.2042,4072.0753
142021000,4108.0325,6123600,105136800,11875585800,152253614700,4076.2953,4111.1033,4046.2042,4072.0753
142026000,4107.94,14419200,133129800,11890005000,152386744500,4076.2953,4111.1033,4046.2042,4072.0753
142031000,4108.0776,4744200,71892200,11894749200,152458636700,4076.2953,4111.1033,4046.2042,4072.0753
142036000,4108.621,6836500,97779900,11901585700,152556416600,4076.2953,4111.1033,4046.2042,4072.0753
142041000,4108.2441,5181000,77725000,11906766700,152634141600,4076.2953,4111.1033,4046.2042,4072.0753
142046000,4108.5328,6188000,91488300,11912954700,152725629900,4076.2953,4111.1033,4046.2042,4072.0753
142051000,4108.3439,4697300,73237700,11917652000,152798867600,4076.2953,4111.1033,4046.2042,4072.0753
142056000,4108.2515,5089500,77725800,11922741500,152876593400,4076.2953,4111.1033,4046.2042,4072.0753
142101000,4109.3162,5674500,76166000,11928416000,152952759400,4076.2953,4111.1033,4046.2042,4072.0753
142106000,4109.186,3970000,73386900,11932386000,153026146300,4076.2953,4111.1033,4046.2042,4072.0753
142111000,4109.1809,5166100,75520600,11937552100,153101666900,4076.2953,4111.1033,4046.2042,4072.0753
142116000,4109.5389,5962800,82064300,11943514900,153183731200,4076.2953,4111.1033,4046.2042,4072.0753
142121000,4109.9717,3976500,65462900,11947491400,153249194100,4076.2953,4111.1033,4046.2042,4072.0753
142126000,4110.0284,4754400,74767200,11952245800,153323961300,4076.2953,4111.1033,4046.2042,4072.0753
142131000,4109.8618,5473500,63237900,11957719300,153387199200,4076.2953,4111.1033,4046.2042,4072.0753
142136000,4110.3353,4395700,95994200,11962115000,153483193400,4076.2953,4111.1033,4046.2042,4072.0753
142141000,4110.1792,7072500,107904000,11969187500,153591097400,4076.2953,4111.1033,4046.2042,4072.0753
142146000,4110.337,4967600,96926900,11974155100,153688024300,4076.2953,4111.1033,4046.2042,4072.0753
142151000,4110.8406,4392200,78946300,11978547300,153766970600,4076.2953,4111.1033,4046.2042,4072.0753
142156000,4110.8988,5419400,75401400,11983966700,153842372000,4076.2953,4111.2697,4046.2042,4072.0753
142201000,4110.9565,5119100,69098000,11989085800,153911470000,4076.2953,4111.2697,4046.2042,4072.0753
142206000,4110.8591,4490900,90200100,11993576700,154001670100,4076.2953,4111.2697,4046.2042,4072.0753
142211000,4111.6904,3933200,61235400,11997509900,154062905500,4076.2953,4111.6904,4046.2042,4072.0753
142216000,4111.6499,6316400,88997700,12003826300,154151903200,4076.2953,4112.012,4046.2042,4072.0753
142221000,4111.851,4640800,70065000,12008467100,154221968200,4076.2953,4112.012,4046.2042,4072.0753
142226000,4111.9344,8316800,103190400,12016783900,154325158600,4076.2953,4112.012,4046.2042,4072.0753
142231000,4112.5752,5784800,70433500,12022568700,154395592100,4076.2953,4112.5752,4046.2042,4072.0753
142236000,4112.2437,5412900,90768800,12027981600,154486360900,4076.2953,4112.5752,4046.2042,4072.0753
142241000,4112.0112,6445400,82368500,12034427000,154568729400,4076.2953,4112.5752,4046.2042,4072.0753
142246000,4112.3239,5847700,90964700,12040274700,154659694100,4076.2953,4112.5752,4046.2042,4072.0753
142251000,4112.1433,6151300,96715100,12046426000,154756409200,4076.2953,4112.5752,4046.2042,4072.0753
142256000,4111.5425,7358600,121221000,12053784600,154877630200,4076.2953,4112.5752,4046.2042,4072.0753
142301000,4111.0932,4667200,73242900,12058451800,154950873100,4076.2953,4112.5752,4046.2042,4072.0753
142306000,4111.4495,5300700,79809800,12063752500,155030682900,4076.2953,4112.5752,4046.2042,4072.0753
142311000,4111.7212,5327300,68795900,12069079800,155099478800,4076.2953,4112.5752,4046.2042,4072.0753
142316000,4112.3651,8860900,130129300,12077940700,155229608100,4076.2953,4112.5752,4046.2042,4072.0753
142321000,4111.9327,6380100,77910300,12084320800,155307518400,4076.2953,4112.5752,4046.2042,4072.0753
142326000,4112.275,9727200,89363900,12094048000,155396882300,4076.2953,4112.5752,4046.2042,4072.0753
142331000,4111.7116,25822900,123529100,12119870900,155520411400,4076.2953,4112.5752,4046.2042,4072.0753
142336000,4111.5679,60926600,209863100,12180797500,155730274500,4076.2953,4112.5752,4046.2042,4072.0753
142341000,4112.0706,33440000,140455100,12214237500,155870729600,4076.2953,4112.5752,4046.2042,4072.0753
142346000,4112.2292,5402400,69134900,12219639900,155939864500,4076.2953,4112.5752,4046.2042,4072.0753
142351000,4111.8644,4090500,62629500,12223730400,156002494000,4076.2953,4112.5752,4046.2042,4072.0753
142356000,4111.8274,6356500,89758900,12230086900,156092252900,4076.2953,4112.5752,4046.2042,4072.0753
142401000,4111.7421,4862000,52638400,12234948900,156144891300,4076.2953,4112.5752,4046.2042,4072.0753
142406000,4111.9644,5072400,68064700,12240021300,156212956000,4076.2953,4112.5752,4046.2042,4072.0753
142411000,4111.5991,4347600,55219700,12244368900,156268175700,4076.2953,4112.5752,4046.2042,4072.0753
142416000,4111.7798,5355400,80692400,12249724300,156348868100,4076.2953,4112.5752,4046.2042,4072.0753
142421000,4111.0973,4450400,62201800,12254174700,156411069900,4076.2953,4112.5752,4046.2042,4072.0753
142426000,4110.6912,7079600,107214200,12261254300,156518284100,4076.2953,4112.5752,4046.2042,4072.0753
142431000,4109.9761,8576100,102838600,12269830400,156621122700,4076.2953,4112.5752,4046.2042,4072.0753
142436000,4110.1305,5042600,79291700,12274873000,156700414400,4076.2953,4112.5752,4046.2042,4072.0753
142441000,4109.6463,7370500,79881200,12282243500,156780295600,4076.2953,4112.5752,4046.2042,4072.0753
142446000,4109.6444,6309500,89969300,12288553000,156870264900,4076.2953,4112.5752,4046.2042,4072.0753
142451000,4109.0624,7245100,105968000,12295798100,156976232900,4076.2953,4112.5752,4046.2042,4072.0753
142456000,4108.9991,5502000,89273100,12301300100,157065506000,4076.2953,4112.5752,4046.2042,4072.0753
142501000,4108.2277,5211600,77253400,12306511700,157142759400,4076.2953,4112.5752,4046.2042,4072.0753
142506000,4108.4357,5688100,76372500,12312199800,157219131900,4076.2953,4112.5752,4046.2042,4072.0753
142511000,4107.9888,4213400,57104000,12316413200,157276235900,4076.2953,4112.5752,4046.2042,4072.0753
142516000,4108.4001,7636000,116928400,12324049200,157393164300,4076.2953,4112.5752,4046.2042,4072.0753
142521000,4107.8222,5414000,91778900,12329463200,157484943200,4076.2953,4112.5752,4046.2042,4072.0753
142526000,4107.431,6958700,86489200,12336421900,157571432400,4076.2953,4112.5752,4046.2042,4072.0753
142531000,4106.614,5475900,61839300,12341897800,157633271700,4076.2953,4112.5752,4046.2042,4072.0753
142536000,4106.6498,4893000,75603300,12346790800,157708875000,4076.2953,4112.5752,4046.2042,4072.0753
142541000,4104.4383,7206600,97777400,12353997400,157806652400,4076.2953,4112.5752,4046.2042,4072.0753
142546000,4102.5302,14895700,182310700,12368893100,157988963100,4076.2953,4112.5752,4046.2042,4072.0753
142551000,4101.4762,10374700,154967000,12379267800,158143930100,4076.2953,4112.5752,4046.2042,4072.0753
142556000,4099.9763,10931200,150587800,12390199000,158294517900,4076.2953,4112.5752,4046.2042,4072.0753
142601000,4099.5323,7856500,104831700,12398055500,158399349600,4076.2953,4112.5752,4046.2042,4072.0753
142606000,4097.9438,5821200,90159300,12403876700,158489508900,4076.2953,4112.5752,4046.2042,4072.0753
142611000,4097.9807,5373500,72091100,12409250200,158561600000,4076.2953,4112.5752,4046.2042,4072.0753
142616000,4098.1107,8035900,102754200,12417286100,158664354200,4076.2953,4112.5752,4046.2042,4072.0753
142621000,4097.3876,4667300,75837300,12421953400,158740191500,4076.2953,4112.5752,4046.2042,4072.0753
142626000,4097.7694,6996200,90356300,12428949600,158830547800,4076.2953,4112.5752,4046.2042,4072.0753
142631000,4097.5151,5114600,60369300,12434064200,158890917100,4076.2953,4112.5752,4046.2042,4072.0753
142636000,4098.1443,4390500,64810200,12438454700,158955727300,4076.2953,4112.5752,4046.2042,4072.0753
142641000,4098.2319,4030500,53553500,12442485200,159009280800,4076.2953,4112.5752,4046.2042,4072.0753
142646000,4098.1916,5539600,81809000,12448024800,159091089800,4076.2953,4112.5752,4046.2042,4072.0753
142651000,4098.421,3714800,59423800,12451739600,159150513600,4076.2953,4112.5752,4046.2042,4072.0753
142656000,4098.1993,4610200,67276200,12456349800,159217789800,4076.2953,4112.5752,4046.2042,4072.0753
142701000,4098.666,4505300,53314700,12460855100,159271104500,4076.2953,4112.5752,4046.2042,4072.0753
142706000,4098.5434,3579100,58962500,12464434200,159330067000,4076.2953,4112.5752,4046.2042,4072.0753
142711000,4098.6262,2967900,47600300,12467402100,159377667300,4076.2953,4112.5752,4046.2042,4072.0753
142716000,4099.0512,4709900,63781000,12472112000,159441448300,4076.2953,4112.5752,4046.2042,4072.0753
142721000,4099.0727,4023500,59570900,12476135500,159501019200,4076.2953,4112.5752,4046.2042,4072.0753
142726000,4098.7729,5141600,70435400,12481277100,159571454600,4076.2953,4112.5752,4046.2042,4072.0753
142731000,4099.1667,4071300,49548700,12485348400,159621003300,4076.2953,4112.5752,4046.2042,4072.0753
142736000,4098.9848,5213100,66926300,12490561500,159687929600,4076.2953,4112.5752,4046.2042,4072.0753
142741000,4099.5156,4995000,59616200,12495556500,159747545800,4076.2953,4112.5752,4046.2042,4072.0753
142746000,4099.2645,4613700,56411900,12500170200,159803957700,4076.2953,4112.5752,4046.2042,4072.0753
142751000,4098.9565,3654400,48980200,12503824600,159852937900,4076.2953,4112.5752,4046.2042,4072.0753
142756000,4098.8771,4737200,66116600,12508561800,159919054500,4076.2953,4112.5752,4046.2042,4072.0753
142801000,4099.1218,3617300,55315000,12512179100,159974369500,4076.2953,4112.5752,4046.2042,4072.0753
142806000,4099.2199,5323500,67108400,12517502600,160041477900,4076.2953,4112.5752,4046.2042,4072.0753
142811000,4098.9995,2967000,44592100,12520469600,160086070000,4076.2953,4112.5752,4046.2042,4072.0753
142816000,4099.062,5705600,69710000,12526175200,160155780000,4076.2953,4112.5752,4046.2042,4072.0753
142821000,4098.9793,3838000,61087400,12530013200,160216867400,4076.2953,4112.5752,4046.2042,4072.0753
142826000,4099.3472,4393300,62224200,12534406500,160279091600,4076.2953,4112.5752,4046.2042,4072.0753
142831000,4099.1737,2977600,57544200,12537384100,160336635800,4076.2953,4112.5752,4046.2042,4072.0753
142836000,4099.5857,3389600,54191600,12540773700,160390827400,4076.2953,4112.5752,4046.2042,4072.0753
142841000,4099.6421,3751800,54445700,12544525500,160445273100,4076.2953,4112.5752,4046.2042,4072.0753
142846000,4099.518,6319700,77015200,12550845200,160522288300,4076.2953,4112.5752,4046.2042,4072.0753
142851000,4099.4707,3626800,45108600,12554472000,160567396900,4076.2953,4112.5752,4046.2042,4072.0753
142856000,4099.4545,5444800,71321200,12559916800,160638718100,4076.2953,4112.5752,4046.2042,4072.0753
142901000,4099.3382,2569600,34643200,12562486400,160673361300,4076.2953,4112.5752,4046.2042,4072.0753
142906000,4099.5202,3415500,53458900,12565901900,160726820200,4076.2953,4112.5752,4046.2042,4072.0753
142911000,4100.1931,3536000,50766000,12569437900,160777586200,4076.2953,4112.5752,4046.2042,4072.0753
142916000,4100.0767,4333300,61227500,12573771200,160838813700,4076.2953,4112.5752,4046.2042,4072.0753
142921000,4100.2642,3523500,46466700,12577294700,160885280400,4076.2953,4112.5752,4046.2042,4072.0753
142926000,4101.0236,5366600,73344300,12582661300,160958624700,4076.2953,4112.5752,4046.2042,4072.0753
142931000,4101.0901,3910000,55766800,12586571300,161014391500,4076.2953,4112.5752,4046.2042,4072.0753
142936000,4101.5369,4365200,73066300,12590936500,161087457800,4076.2953,4112.5752,4046.2042,4072.0753
142941000,4102.0818,2842600,41439200,12593779100,161128897000,4076.2953,4112.5752,4046.2042,4072.0753
142946000,4102.035,3407900,52375600,12597187000,161181272600,4076.2953,4112.5752,4046.2042,4072.0753
142951000,4101.7974,3223800,57574100,12600410800,161238846700,4076.2953,4112.5752,4046.2042,4072.0753
142956000,4101.4503,3686700,65701500,12604097500,161304548200,4076.2953,4112.5752,4046.2042,4072.0753
143001000,4101.4436,4033300,43380500,12608130800,161347928700,4076.2953,4112.5752,4046.2042,4072.0753
143006000,4101.4522,5063500,59469800,12613194300,161407398500,4076.2953,4112.5752,4046.2042,4072.0753
143011000,4101.7088,4324800,57143700,12617519100,161464542200,4076.2953,4112.5752,4046.2042,4072.0753
143016000,4101.5588,3531700,45708400,12621050800,161510250600,4076.2953,4112.5752,4046.2042,4072.0753
143021000,4101.6552,2858800,43839200,12623909600,161554089800,4076.2953,4112.5752,4046.2042,4072.0753
143026000,4101.926,4579700,61353700,12628489300,161615443500,4076.2953,4112.5752,4046.2042,4072.0753
143031000,4102.4412,3030000,40921100,12631519300,161656364600,4076.2953,4112.5752,4046.2042,4072.0753
143036000,4101.8477,3988900,61216600,12635508200,161717581200,4076.2953,4112.5752,4046.2042,4072.0753
143041000,4102.3294,3604300,45879100,12639112500,161763460300,4076.2953,4112.5752,4046.2042,4072.0753
143046000,4102.7582,4432400,68037600,12643544900,161831497900,4076.2953,4112.5752,4046.2042,4072.0753
143051000,4102.715,3773900,60443700,12647318800,161891941600,4076.2953,4112.5752,4046.2042,4072.0753
143056000,4102.6805,6211300,79550100,12653530100,161971491700,4076.2953,4112.5752,4046.2042,4072.0753
143101000,4102.7431,3687500,47112000,12657217600,162018603700,4076.2953,4112.5752,4046.2042,4072.0753
143106000,4102.5961,5106500,63307200,12662324100,162081910900,4076.2953,4112.5752,4046.2042,4072.0753
143111000,4102.6444,4201200,59953600,12666525300,162141864500,4076.2953,4112.5752,4046.2042,4072.0753
143116000,4102.9983,4141800,52705000,12670667100,162194569500,4076.2953,4112.5752,4046.2042,4072.0753
143121000,4102.4035,3255800,47953800,12673922900,162242523300,4076.2953,4112.5752,4046.2042,4072.0753
143126000,4102.492,4520900,66451000,12678443800,162308974300,4076.2953,4112.5752,4046.2042,4072.0753
143131000,4103.0186,4039900,44626200,12682483700,162353600500,4076.2953,4112.5752,4046.2042,4072.0753
143136000,4102.6901,4559000,54460400,12687042700,162408060900,4076.2953,4112.5752,4046.2042,4072.0753
143141000,4102.4443,3434200,47416800,12690476900,162455477700,4076.2953,4112.5752,4046.2042,4072.0753
143146000,4102.8982,4306500,54289900,12694783400,162509767600,4076.2953,4112.5752,4046.2042,4072.0753
143151000,4102.6578,4228500,52398000,12699011900,162562165600,4076.2953,4112.5752,4046.2042,4072.0753
143156000,4102.907,4044800,57274500,12703056700,162619440100,4076.2953,4112.5752,4046.2042,4072.0753
143201000,4102.5574,6124800,67278400,12709181500,162686718500,4076.2953,4112.5752,4046.2042,4072.0753
143206000,4102.5644,3458700,53133300,12712640200,162739851800,4076.2953,4112.5752,4046.2042,4072.0753
143211000,4102.442,6253000,60760500,12718893200,162800612300,4076.2953,4112.5752,4046.2042,4072.0753
143216000,4102.5401,6902800,70403100,12725796000,162871015400,4076.2953,4112.5752,4046.2042,4072.0753
143221000,4102.7548,4778700,78640800,12730574700,162949656200,4076.2953,4112.5752,4046.2042,4072.0753
143226000,4103.015,4443600,64228500,12735018300,163013884700,4076.2953,4112.5752,4046.2042,4072.0753
143231000,4103.1908,3234800,46065200,12738253100,163059949900,4076.2953,4112.5752,4046.2042,4072.0753
143236000,4103.7365,5499400,70356800,12743752500,163130306700,4076.2953,4112.5752,4046.2042,4072.0753
143241000,4103.2733,4106400,51101900,12747858900,163181408600,4076.2953,4112.5752,4046.2042,4072.0753
143246000,4103.428,5381700,69213900,12753240600,163250622500,4076.2953,4112.5752,4046.2042,4072.0753
143251000,4103.2743,5731200,71218400,12758971800,163321840900,4076.2953,4112.5752,4046.2042,4072.0753
143256000,4103.4135,6850000,81277000,12765821800,163403117900,4076.2953,4112.5752,4046.2042,4072.0753
143301000,4103.4891,6264400,65404200,12772086200,163468522100,4076.2953,4112.5752,4046.2042,4072.0753
143306000,4103.634,4062400,62606000,12776148600,163531128100,4076.2953,4112.5752,4046.2042,4072.0753
143311000,4103.9354,4072300,61225400,12780220900,163592353500,4076.2953,4112.5752,4046.2042,4072.0753
143316000,4104.1734,4926000,73191800,12785146900,163665545300,4076.2953,4112.5752,4046.2042,4072.0753
143321000,4103.9782,3720500,60625600,12788867400,163726170900,4076.2953,4112.5752,4046.2042,4072.0753
143326000,4104.6795,5151500,70557400,12794018900,163796728300,4076.2953,4112.5752,4046.2042,4072.0753
143331000,4104.3948,4958200,57381700,12798977100,163854110000,4076.2953,4112.5752,4046.2042,4072.0753
143336000,4105.0313,5807100,66683800,12804784200,163920793800,4076.2953,4112.5752,4046.2042,4072.0753
143341000,4105.5024,6473200,78244500,12811257400,163999038300,4076.2953,4112.5752,4046.2042,4072.0753
143346000,4105.6072,7744100,97703300,12819001500,164096741600,4076.2953,4112.5752,4046.2042,4072.0753
143351000,4106.2138,6231000,87419000,12825232500,164184160600,4076.2953,4112.5752,4046.2042,4072.0753
143356000,4106.9128,9275600,102208500,12834508100,164286369100,4076.2953,4112.5752,4046.2042,4072.0753
143401000,4107.1635,5861600,66116000,12840369700,164352485100,4076.2953,4112.5752,4046.2042,4072.0753
143406000,4106.9938,5561900,77242800,12845931600,164429727900,4076.2953,4112.5752,4046.2042,4072.0753
143411000,4107.1111,4849600,57065300,12850781200,164486793200,4076.2953,4112.5752,4046.2042,4072.0753
143416000,4107.1103,4720200,70572600,12855501400,164557365800,4076.2953,4112.5752,4046.2042,4072.0753
143421000,4107.2564,6352700,76398700,12861854100,164633764500,4076.2953,4112.5752,4046.2042,4072.0753
143426000,4107.6927,5665400,78032900,12867519500,164711797400,4076.2953,4112.5752,4046.2042,4072.0753
143431000,4107.5795,4615300,45329400,12872134800,164757126800,4076.2953,4112.5752,4046.2042,4072.0753
143436000,4107.4924,6645900,75306200,12878780700,164832433000,4076.2953,4112.5752,4046.2042,4072.0753
143441000,4107.4111,6688000,67835900,12885468700,164900268900,4076.2953,4112.5752,4046.2042,4072.0753
143446000,4106.9135,6329800,68512000,12891798500,164968780900,4076.2953,4112.5752,4046.2042,4072.0753
143451000,4107.8212,4360300,67253200,12896158800,165036034100,4076.2953,4112.5752,4046.2042,4072.0753
143456000,4107.1199,6947600,99485300,12903106400,165135519400,4076.2953,4112.5752,4046.2042,4072.0753
143501000,4107.4057,6216900,65267200,12909323300,165200786600,4076.2953,4112.5752,4046.2042,4072.0753
143506000,4107.4103,4611900,75650100,12913935200,165276436700,4076.2953,4112.5752,4046.2042,4072.0753
143511000,4107.4917,6168900,62618700,12920104100,165339055400,4076.2953,4112.5752,4046.2042,4072.0753
143516000,4108.0522,7985900,92525600,12928090000,165431581000,4076.2953,4112.5752,4046.2042,4072.0753
143521000,4108.7737,5092200,67830600,12933182200,165499411600,4076.2953,4112.5752,4046.2042,4072.0753
143526000,4108.9521,7768600,87154300,12940950800,165586565900,4076.2953,4112.5752,4046.2042,4072.0753
143531000,4108.9314,3957000,50852400,12944907800,165637418300,4076.2953,4112.5752,4046.2042,4072.0753
143536000,4109.2657,10024800,104007000,12954932600,165741425300,4076.2953,4112.5752,4046.2042,4072.0753
143541000,4109.5025,9604700,83422000,12964537300,165824847300,4076.2953,4112.5752,4046.2042,4072.0753
143546000,4109.4922,6921000,83496200,12971458300,165908343500,4076.2953,4112.5752,4046.2042,4072.0753
143551000,4110.1753,19173900,119707400,12990632200,166028050900,4076.2953,4112.5752,4046.2042,4072.0753
143556000,4109.6987,6185800,105841400,12996818000,166133892300,4076.2953,4112.5752,4046.2042,4072.0753
143601000,4110.3318,5520200,71658200,13002338200,166205550500,4076.2953,4112.5752,4046.2042,4072.0753
143606000,4110.266,5174700,92067900,13007512900,166297618400,4076.2953,4112.5752,4046.2042,4072.0753
143611000,4110.4083,4548500,68407000,13012061400,166366025400,4076.2953,4112.5752,4046.2042,4072.0753
143616000,4109.9329,6415100,86458000,13018476500,166452483400,4076.2953,4112.5752,4046.2042,4072.0753
143621000,4110.3416,5057800,78989400,13023534300,166531472800,4076.2953,4112.5752,4046.2042,4072.0753
143626000,4109.9115,7184600,86347200,13030718900,166617820000,4076.2953,4112.5752,4046.2042,4072.0753
143631000,4110.2861,4880500,67862800,13035599400,166685682800,4076.2953,4112.5752,4046.2042,4072.0753
143636000,4110.2709,6966900,82500700,13042566300,166768183500,4076.2953,4112.5752,4046.2042,4072.0753
143641000,4110.4386,3945400,56196700,13046511700,166824380200,4076.2953,4112.5752,4046.2042,4072.0753
143646000,4109.5565,7073500,84876300,13053585200,166909256500,4076.2953,4112.5752,4046.2042,4072.0753
143651000,4109.9305,6996000,83212500,13060581200,166992469000,4076.2953,4112.5752,4046.2042,4072.0753
143656000,4109.7878,7550000,73427800,13068131200,167065896800,4076.2953,4112.5752,4046.2042,4072.0753
143701000,4109.9604,4828900,61536300,13072960100,167127433100,4076.2953,4112.5752,4046.2042,4072.0753
143706000,4110.1753,5971600,70038400,13078931700,167197471500,4076.2953,4112.5752,4046.2042,4072.0753
143711000,4110.0148,11633500,81492100,13090565200,167278963600,4076.2953,4112.5752,4046.2042,4072.0753
143716000,4109.7759,9913000,73715600,13100478200,167352679200,4076.2953,4112.5752,4046.2042,4072.0753
143721000,4109.9362,8807700,79029100,13109285900,167431708300,4076.2953,4112.5752,4046.2042,4072.0753
143726000,4109.7581,5624300,64644100,13114910200,167496352400,4076.2953,4112.5752,4046.2042,4072.0753
143731000,4110.0342,3503500,44047900,13118413700,167540400300,4076.2953,4112.5752,4046.2042,4072.0753
143736000,4110.1242,5410900,71155400,13123824600,167611555700,4076.2953,4112.5752,4046.2042,4072.0753
143741000,4109.8004,5062000,70119900,13128886600,167681675600,4076.2953,4112.5752,4046.2042,4072.0753
143746000,4110.032,4144400,56999000,13133031000,167738674600,4076.2953,4112.5752,4046.2042,4072.0753
143751000,4110.001,4076300,62842000,13137107300,167801516600,4076.2953,4112.5752,4046.2042,4072.0753
143756000,4110.3635,6301800,81472900,13143409100,167882989500,4076.2953,4112.5752,4046.2042,4072.0753
143801000,4110.4259,5008900,56874200,13148418000,167939863700,4076.2953,4112.5752,4046.2042,4072.0753
143806000,4110.1909,5078000,64055400,13153496000,168003919100,4076.2953,4112.5752,4046.2042,4072.0753
143811000,4109.9348,4717600,59068300,13158213600,168062987400,4076.2953,4112.5752,4046.2042,4072.0753
143816000,4109.4875,5537800,67298100,13163751400,168130285500,4076.2953,4112.5752,4046.2042,4072.0753
143821000,4109.565,3494700,46909500,13167246100,168177195000,4076.2953,4112.5752,4046.2042,4072.0753
143826000,4109.593,5472500,69968500,13172718600,168247163500,4076.2953,4112.5752,4046.2042,4072.0753
143831000,4109.4168,3182400,43510800,13175901000,168290674300,4076.2953,4112.5752,4046.2042,4072.0753
143836000,4108.3649,6031400,85324100,13181932400,168375998400,4076.2953,4112.5752,4046.2042,4072.0753
143841000,4107.9429,5282100,75887500,13187214500,168451885900,4076.2953,4112.5752,4046.2042,4072.0753
143846000,4108.3664,4923900,65586700,13192138400,168517472600,4076.2953,4112.5752,4046.2042,4072.0753
143851000,4108.6016,3943000,62358700,13196081400,168579831300,4076.2953,4112.5752,4046.2042,4072.0753
143856000,4108.2123,5203100,72127000,13201284500,168651958300,4076.2953,4112.5752,4046.2042,4072.0753
143901000,4108.0489,4099600,51176800,13205384100,168703135100,4076.2953,4112.5752,4046.2042,4072.0753
143906000,4107.779,3779500,56963200,13209163600,168760098300,4076.2953,4112.5752,4046.2042,4072.0753
143911000,4107.5941,4433300,61013100,13213596900,168821111400,4076.2953,4112.5752,4046.2042,4072.0753
143916000,4107.552,6364700,73892400,13219961600,168895003800,4076.2953,4112.5752,4046.2042,4072.0753
143921000,4107.4071,7390300,87494000,13227351900,168982497800,4076.2953,4112.5752,4046.2042,4072.0753
143926000,4107.334,7582800,86049300,13234934700,169068547100,4076.2953,4112.5752,4046.2042,4072.0753
143931000,4107.262,6775900,51904400,13241710600,169120451500,4076.2953,4112.5752,4046.2042,4072.0753
143936000,4107.0213,6454200,67549600,13248164800,169188001100,4076.2953,4112.5752,4046.2042,4072.0753
143941000,4107.1672,4681400,54448600,13252846200,169242449700,4076.2953,4112.5752,4046.2042,4072.0753
143946000,4106.5277,6659800,86207300,13259506000,169328657000,4076.2953,4112.5752,4046.2042,4072.0753
143951000,4106.6512,5791900,73486300,13265297900,169402143300,4076.2953,4112.5752,4046.2042,4072.0753
143956000,4106.5769,6935700,78512500,13272233600,169480655800,4076.2953,4112.5752,4046.2042,4072.0753
144001000,4106.8267,5112700,60368000,13277346300,169541023800,4076.2953,4112.5752,4046.2042,4072.0753
144006000,4106.494,7980100,137573800,13285326400,169678597600,4076.2953,4112.5752,4046.2042,4072.0753
144011000,4107.185,5140900,60129100,13290467300,169738726700,4076.2953,4112.5752,4046.2042,4072.0753
144016000,4106.9659,5126100,69137100,13295593400,169807863800,4076.2953,4112.5752,4046.2042,4072.0753
144021000,4107.1408,6029100,96522400,13301622500,169904386200,4076.2953,4112.5752,4046.2042,4072.0753
144026000,4107.0119,7212200,87682500,13308834700,169992068700,4076.2953,4112.5752,4046.2042,4072.0753
144031000,4107.4521,4647300,62200300,13313482000,170054269000,4076.2953,4112.5752,4046.2042,4072.0753
144036000,4107.7748,6066100,84691700,13319548100,170138960700,4076.2953,4112.5752,4046.2042,4072.0753
144041000,4107.8223,5087300,56580700,13324635400,170195541400,4076.2953,4112.5752,4046.2042,4072.0753
144046000,4107.7679,5694400,66715500,13330329800,170262256900,4076.2953,4112.5752,4046.2042,4072.0753
144051000,4108.1814,4654900,74534500,13334984700,170336791400,4076.2953,4112.5752,4046.2042,4072.0753
144056000,4107.9959,5880600,79451200,13340865300,170416242600,4076.2953,4112.5752,4046.2042,4072.0753
144101000,4108.5815,5746200,69268400,13346611500,170485511000,4076.2953,4112.5752,4046.2042,4072.0753
144106000,4108.1775,5473800,74176300,13352085300,170559687300,4076.2953,4112.5752,4046.2042,4072.0753
144111000,4108.1142,5839300,80903400,13357924600,170640590700,4076.2953,4112.5752,4046.2042,4072.0753
144116000,4108.1417,5538100,87862400,13363462700,170728453100,4076.2953,4112.5752,4046.2042,4072.0753
144121000,4107.8713,5590400,114959500,13369053100,170843412600,4076.2953,4112.5752,4046.2042,4072.0753
144126000,4107.8338,5183000,81773900,13374236100,170925186500,4076.2953,4112.5752,4046.2042,4072.0753
144131000,4107.6051,5275200,72965500,13379511300,170998152000,4076.2953,4112.5752,4046.2042,4072.0753
144136000,4107.7997,4347500,61140500,13383858800,171059292500,4076.2953,4112.5752,4046.2042,4072.0753
144141000,4107.8075,4280400,57043400,13388139200,171116335900,4076.2953,4112.5752,4046.2042,4072.0753
144146000,4107.607,5334400,76322500,13393473600,171192658400,4076.2953,4112.5752,4046.2042,4072.0753
144151000,4107.3928,4389100,63367700,13397862700,171256026100,4076.2953,4112.5752,4046.2042,4072.0753
144156000,4107.4226,6033000,78605900,13403895700,171334632000,4076.2953,4112.5752,4046.2042,4072.0753
144201000,4107.1332,3550800,49996100,13407446500,171384628100,4076.2953,4112.5752,4046.2042,4072.0753
144206000,4107.1845,5970000,70815600,13413416500,171455443700,4076.2953,4112.5752,4046.2042,4072.0753
144211000,4107.2708,3941700,47572600,13417358200,171503016300,4076.2953,4112.5752,4046.2042,4072.0753
144216000,4107.0729,5269000,75297100,13422627200,171578313400,4076.2953,4112.5752,4046.2042,4072.0753
144221000,4107.0652,4286900,62075800,13426914100,171640389200,4076.2953,4112.5752,4046.2042,4072.0753
144226000,4107.3184,7124800,87743200,13434038900,171728132400,4076.2953,4112.5752,4046.2042,4072.0753
144231000,4107.079,3885000,54404800,13437923900,171782537200,4076.2953,4112.5752,4046.2042,4072.0753
144236000,4107.3285,4573600,59725300,13442497500,171842262500,4076.2953,4112.5752,4046.2042,4072.0753
144241000,4107.6323,3952300,55388000,13446449800,171897650500,4076.2953,4112.5752,4046.2042,4072.0753
144246000,4107.1647,4744400,70236800,13451194200,171967887300,4076.2953,4112.5752,4046.2042,4072.0753
144251000,4107.0112,3913700,61441600,13455107900,172029328900,4076.2953,4112.5752,4046.2042,4072.0753
144256000,4107.4156,6831400,98596100,13461939300,172127925000,4076.2953,4112.5752,4046.2042,4072.0753
144301000,4107.4108,3195400,48736000,13465134700,172176661000,4076.2953,4112.5752,4046.2042,4072.0753
144306000,4107.061,6306200,98694800,13471440900,172275355800,4076.2953,4112.5752,4046.2042,4072.0753
144311000,4106.671,6155700,67073100,13477596600,172342428900,4076.2953,4112.5752,4046.2042,4072.0753
144316000,4106.6917,4514800,64377900,13482111400,172406806800,4076.2953,4112.5752,4046.2042,4072.0753
144321000,4106.409,5355900,70095500,13487467300,172476902300,4076.2953,4112.5752,4046.2042,4072.0753
144326000,4106.7102,6493900,97515000,13493961200,172574417300,4076.2953,4112.5752,4046.2042,4072.0753
144331000,4106.78,5977800,80987300,13499939000,172655404600,4076.2953,4112.5752,4046.2042,4072.0753
144336000,4106.6883,5728400,84694700,13505667400,172740099300,4076.2953,4112.5752,4046.2042,4072.0753
144341000,4106.8214,7139400,85324500,13512806800,172825423800,4076.2953,4112.5752,4046.2042,4072.0753
144346000,4106.483,7702300,102924500,13520509100,172928348300,4076.2953,4112.5752,4046.2042,4072.0753
144351000,4106.2564,5530300,75632700,13526039400,173003981000,4076.2953,4112.5752,4046.2042,4072.0753
144356000,4106.3612,8038800,101343200,13534078200,173105324200,4076.2953,4112.5752,4046.2042,4072.0753
144401000,4106.362,5556800,65141300,13539635000,173170465500,4076.2953,4112.5752,4046.2042,4072.0753
144406000,4105.9869,5741300,78643700,13545376300,173249109200,4076.2953,4112.5752,4046.2042,4072.0753
144411000,4106.3602,5597300,84757100,13550973600,173333866300,4076.2953,4112.5752,4046.2042,4072.0753
144416000,4105.8246,7835300,102268700,13558808900,173436135000,4076.2953,4112.5752,4046.2042,4072.0753
144421000,4106.4216,5885500,78079500,13564694400,173514214500,4076.2953,4112.5752,4046.2042,4072.0753
144426000,4106.8288,7377900,93205900,13572072300,173607420400,4076.2953,4112.5752,4046.2042,4072.0753
144431000,4106.6331,7165400,100758000,13579237700,173708178400,4076.2953,4112.5752,4046.2042,4072.0753
144436000,4106.4878,7948300,94174100,13587186000,173802352500,4076.2953,4112.5752,4046.2042,4072.0753
144441000,4106.6791,7674600,96579700,13594860600,173898932200,4076.2953,4112.5752,4046.2042,4072.0753
144446000,4106.5974,9456800,110034900,13604317400,174008967100,4076.2953,4112.5752,4046.2042,4072.0753
144451000,4106.7447,7006000,91688300,13611323400,174100655400,4076.2953,4112.5752,4046.2042,4072.0753
144456000,4107.3282,9606800,114019100,13620930200,174214674500,4076.2953,4112.5752,4046.2042,4072.0753
144501000,4107.2451,11360100,111169000,13632290300,174325843500,4076.2953,4112.5752,4046.2042,4072.0753
144506000,4107.2937,18683800,195079400,13650974100,174520922900,4076.2953,4112.5752,4046.2042,4072.0753
144511000,4107.6018,7730700,106852400,13658704800,174627775300,4076.2953,4112.5752,4046.2042,4072.0753
144516000,4107.9149,8533900,114363800,13667238700,174742139100,4076.2953,4112.5752,4046.2042,4072.0753
144521000,4107.7838,5776800,103599900,13673015500,174845739000,4076.2953,4112.5752,4046.2042,4072.0753
144526000,4108.3767,7375200,94798200,13680390700,174940537200,4076.2953,4112.5752,4046.2042,4072.0753
144531000,4108.588,6268300,80908900,13686659000,175021446100,4076.2953,4112.5752,4046.2042,4072.0753
144536000,4108.7834,5928100,81123700,13692587100,175102569800,4076.2953,4112.5752,4046.2042,4072.0753
144541000,4108.9376,8305600,107474100,13700892700,175210043900,4076.2953,4112.5752,4046.2042,4072.0753
144546000,4109.1348,8083600,109964300,13708976300,175320008200,4076.2953,4112.5752,4046.2042,4072.0753
144551000,4110.0121,6736900,100419700,13715713200,175420427900,4076.2953,4112.5752,4046.2042,4072.0753
144556000,4109.9098,7450800,118582300,13723164000,175539010200,4076.2953,4112.5752,4046.2042,4072.0753
144601000,4110.3873,9711500,111652400,13732875500,175650662600,4076.2953,4112.5752,4046.2042,4072.0753
144606000,4110.8245,8081400,105754600,13740956900,175756417200,4076.2953,4112.5752,4046.2042,4072.0753
144611000,4111.0748,6547500,92213700,13747504400,175848630900,4076.2953,4112.5752,4046.2042,4072.0753
144616000,4110.9024,8791500,130413400,13756295900,175979044300,4076.2953,4112.5752,4046.2042,4072.0753
144621000,4110.9192,6566300,88587000,13762862200,176067631300,4076.2953,4112.5752,4046.2042,4072.0753
144626000,4111.294,10417500,126376000,13773279700,176194007300,4076.2953,4112.5752,4046.2042,4072.0753
144631000,4111.7514,5167400,66019100,13778447100,176260026400,4076.2953,4112.5752,4046.2042,4072.0753
144636000,4111.596,5526900,92776400,13783974000,176352802800,4076.2953,4112.5752,4046.2042,4072.0753
144641000,4111.8347,5905600,81129500,13789879600,176433932300,4076.2953,4112.5752,4046.2042,4072.0753
144646000,4112.3396,7253100,106033600,13797132700,176539965900,4076.2953,4112.5752,4046.2042,4072.0753
144651000,4112.457,7372400,90449000,13804505100,176630414900,4076.2953,4112.5752,4046.2042,4072.0753
144656000,4112.896,6219100,94460000,13810724200,176724874900,4076.2953,4112.896,4046.2042,4072.0753
144701000,4113.0529,5353400,75655900,13816077600,176800530800,4076.2953,4113.0529,4046.2042,4072.0753
144706000,4112.9955,5793600,80225900,13821871200,176880756700,4076.2953,4113.0529,4046.2042,4072.0753
144711000,4112.9538,9796600,105209000,13831667800,176985965700,4076.2953,4113.0529,4046.2042,4072.0753
144716000,4113.4268,5777700,86821300,13837445500,177072787000,4076.2953,4113.4268,4046.2042,4072.0753
144721000,4113.6246,5024600,76864600,13842470100,177149651600,4076.2953,4113.6622,4046.2042,4072.0753
144726000,4113.7453,8634400,150148200,13851104500,177299799800,4076.2953,4113.7453,4046.2042,4072.0753
144731000,4114.0623,5298300,77144600,13856402800,177376944400,4076.2953,4114.0623,4046.2042,4072.0753
144736000,4114.0529,6664800,100035900,13863067600,177476980300,4076.2953,4114.1533,4046.2042,4072.0753
144741000,4114.8891,6083700,88063600,13869151300,177565043900,4076.2953,4114.8891,4046.2042,4072.0753
144746000,4114.9978,8645300,112111300,13877796600,177677155200,4076.2953,4114.9978,4046.2042,4072.0753
144751000,4115.2555,5963600,82329600,13883760200,177759484800,4076.2953,4115.2555,4046.2042,4072.0753
144756000,4115.7772,8332200,135328300,13892092400,177894813100,4076.2953,4115.7772,4046.2042,4072.0753
144801000,4115.6954,6894100,99262300,13898986500,177994075400,4076.2953,4115.7772,4046.2042,4072.0753
144806000,4115.8382,6296500,98362500,13905283000,178092437900,4076.2953,4115.8382,4046.2042,4072.0753
144811000,4116.0958,10476400,242958000,13915759400,178335395900,4076.2953,4116.0958,4046.2042,4072.0753
144816000,4115.9786,8227500,129616600,13923986900,178465012500,4076.2953,4116.0958,4046.2042,4072.0753
144821000,4116.2978,7266000,134880600,13931252900,178599893100,4076.2953,4116.4071,4046.2042,4072.0753
144826000,4117.0267,9510200,148094100,13940763100,178747987200,4076.2953,4117.0267,4046.2042,4072.0753
144831000,4116.8301,7374100,92925900,13948137200,178840913100,4076.2953,4117.0729,4046.2042,4072.0753
144836000,4117.7805,8085400,104791100,13956222600,178945704200,4076.2953,4117.7805,4046.2042,4072.0753
144841000,4117.6493,8612400,110414100,13964835000,179056118300,4076.2953,4117.7805,4046.2042,4072.0753
144846000,4117.6204,6852500,111693400,13971687500,179167811700,4076.2953,4117.7805,4046.2042,4072.0753
144851000,4117.5412,8664500,132404600,13980352000,179300216300,4076.2953,4117.7805,4046.2042,4072.0753
144856000,4118.1483,8869100,151403100,13989221100,179451619400,4076.2953,4118.1483,4046.2042,4072.0753
144901000,4118.2727,6139800,85811500,13995360900,179537430900,4076.2953,4118.2727,4046.2042,4072.0753
144906000,4118.1857,7010900,95985700,14002371800,179633416600,4076.2953,4118.4149,4046.2042,4072.0753
144911000,4118.1549,7311100,99387500,14009682900,179732804100,4076.2953,4118.4149,4046.2042,4072.0753
144916000,4118.3693,9067300,111295100,14018750200,179844099200,4076.2953,4118.4149,4046.2042,4072.0753
144921000,4118.2384,6789900,97975300,14025540100,179942074500,4076.2953,4118.5741,4046.2042,4072.0753
144926000,4118.4455,8111200,123048000,14033651300,180065122500,4076.2953,4118.5741,4046.2042,4072.0753
144931000,4118.6398,5017000,77899800,14038668300,180143022300,4076.2953,4118.6398,4046.2042,4072.0753
144936000,4118.9235,6905800,105692500,14045574100,180248714800,4076.2953,4118.9235,4046.2042,4072.0753
144941000,4118.5822,6405300,81668000,14051979400,180330382800,4076.2953,4118.9235,4046.2042,4072.0753
144946000,4118.9933,7763000,99326800,14059742400,180429709600,4076.2953,4118.9933,4046.2042,4072.0753
144951000,4118.7219,6149400,82418800,14065891800,180512128400,4076.2953,4118.9933,4046.2042,4072.0753
144956000,4118.9849,9837900,139637500,14075729700,180651765900,4076.2953,4118.9933,4046.2042,4072.0753
145001000,4118.9176,6425600,82056300,14082155300,180733822200,4076.2953,4118.9933,4046.2042,4072.0753
145006000,4118.413,10361100,133938500,14092516400,180867760700,4076.2953,4118.9933,4046.2042,4072.0753
145011000,4119.0476,7066100,90779200,14099582500,180958539900,4076.2953,4119.0852,4046.2042,4072.0753
145016000,4119.085,8802100,129616500,14108384600,181088156400,4076.2953,4119.3122,4046.2042,4072.0753
145021000,4118.6877,6454700,95115800,14114839300,181183272200,4076.2953,4119.3122,4046.2042,4072.0753
145026000,4118.6885,10833200,141329700,14125672500,181324601900,4076.2953,4119.3122,4046.2042,4072.0753
145031000,4118.8687,7296300,94910300,14132968800,181419512200,4076.2953,4119.3122,4046.2042,4072.0753
145036000,4117.9409,8356800,98140200,14141325600,181517652400,4076.2953,4119.3122,4046.2042,4072.0753
145041000,4117.3896,11288700,134615400,14152614300,181652267800,4076.2953,4119.3122,4046.2042,4072.0753
145046000,4117.019,10676600,139230800,14163290900,181791498600,4076.2953,4119.3122,4046.2042,4072.0753
145051000,4116.3952,7437700,107595500,14170728600,181899094100,4076.2953,4119.3122,4046.2042,4072.0753
145056000,4116.5484,9686500,131573900,14180415100,182030668000,4076.2953,4119.3122,4046.2042,4072.0753
145101000,4116.3541,6949700,107592000,14187364800,182138260000,4076.2953,4119.3122,4046.2042,4072.0753
145106000,4116.2844,7683500,92924000,14195048300,182231184000,4076.2953,4119.3122,4046.2042,4072.0753
145111000,4116.3045,6525900,93538300,14201574200,182324722300,4076.2953,4119.3122,4046.2042,4072.0753
145116000,4116.3839,7704600,102324200,14209278800,182427046500,4076.2953,4119.3122,4046.2042,4072.0753
145121000,4116.3741,8469200,109447000,14217748000,182536493500,4076.2953,4119.3122,4046.2042,4072.0753
145126000,4116.3844,8186000,128382100,14225934000,182664875600,4076.2953,4119.3122,4046.2042,4072.0753
145131000,4116.356,6752300,84700700,14232686300,182749576300,4076.2953,4119.3122,4046.2042,4072.0753
145136000,4116.4643,5424900,82612300,14238111200,182832188600,4076.2953,4119.3122,4046.2042,4072.0753
145141000,4116.5723,7782700,99375100,14245893900,182931563700,4076.2953,4119.3122,4046.2042,4072.0753
145146000,4116.9544,9476100,137704200,14255370000,183069267900,4076.2953,4119.3122,4046.2042,4072.0753
145151000,4116.5707,5587400,90625400,14260957400,183159893300,4076.2953,4119.3122,4046.2042,4072.0753
145156000,4116.4934,9059900,102500200,14270017300,183262393500,4076.2953,4119.3122,4046.2042,4072.0753
145201000,4116.7911,6504900,84387300,14276522200,183346780800,4076.2953,4119.3122,4046.2042,4072.0753
145206000,4116.77,8442700,108945700,14284964900,183455726500,4076.2953,4119.3122,4046.2042,4072.0753
145211000,4117.1314,6208800,99389700,14291173700,183555116200,4076.2953,4119.3122,4046.2042,4072.0753
145216000,4116.5657,9746600,121547500,14300920300,183676663700,4076.2953,4119.3122,4046.2042,4072.0753
145221000,4117.2197,6716700,100966900,14307637000,183777630600,4076.2953,4119.3122,4046.2042,4072.0753
145226000,4117.3505,11272100,148660400,14318909100,183926291000,4076.2953,4119.3122,4046.2042,4072.0753
145231000,4117.0118,7507100,112092100,14326416200,184038383100,4076.2953,4119.3122,4046.2042,4072.0753
145236000,4117.6371,7370600,106222600,14333786800,184144605700,4076.2953,4119.3122,4046.2042,4072.0753
145241000,4117.7028,8539800,117334900,14342326600,184261940600,4076.2953,4119.3122,4046.2042,4072.0753
145246000,4117.8684,10396200,151207100,14352722800,184413147700,4076.2953,4119.3122,4046.2042,4072.0753
145251000,4117.7079,8336200,119787800,14361059000,184532935500,4076.2953,4119.3122,4046.2042,4072.0753
145256000,4117.9294,11459200,143939400,14372518200,184676874900,4076.2953,4119.3122,4046.2042,4072.0753
145301000,4117.6264,7547500,113861600,14380065700,184790736500,4076.2953,4119.3122,4046.2042,4072.0753
145306000,4117.9211,7142900,111802300,14387208600,184902538800,4076.2953,4119.3122,4046.2042,4072.0753
145311000,4117.8542,10080000,136633900,14397288600,185039172700,4076.2953,4119.3122,4046.2042,4072.0753
145316000,4117.6261,10565900,141904500,14407854500,185181077200,4076.2953,4119.3122,4046.2042,4072.0753
145321000,4118.354,7969400,139819000,14415823900,185320896200,4076.2953,4119.3122,4046.2042,4072.0753
145326000,4117.8444,9298100,134481100,14425122000,185455377300,4076.2953,4119.3122,4046.2042,4072.0753
145331000,4118.1519,9412100,116696400,14434534100,185572073700,4076.2953,4119.3122,4046.2042,4072.0753
145336000,4118.4106,6212900,105398900,14440747000,185677472600,4076.2953,4119.3122,4046.2042,4072.0753
145341000,4118.2893,8720500,131955300,14449467500,185809427900,4076.2953,4119.3122,4046.2042,4072.0753
145346000,4118.5313,10911900,164782300,14460379400,185974210200,4076.2953,4119.3122,4046.2042,4072.0753
145351000,4118.2254,8828300,104454500,14469207700,186078664700,4076.2953,4119.3122,4046.2042,4072.0753
145356000,4118.3844,10330500,169808600,14479538200,186248473300,4076.2953,4119.3122,4046.2042,4072.0753
145401000,4118.0867,6912800,91324200,14486451000,186339797500,4076.2953,4119.3122,4046.2042,4072.0753
145406000,4118.0648,9110200,126350200,14495561200,186466147700,4076.2953,4119.3122,4046.2042,4072.0753
145411000,4118.4044,7965800,94618100,14503527000,186560765800,4076.2953,4119.3122,4046.2042,4072.0753
145416000,4118.6657,9420200,125706000,14512947200,186686471800,4076.2953,4119.3122,4046.2042,4072.0753
145421000,4118.2597,8398000,108694000,14521345200,186795165800,4076.2953,4119.3122,4046.2042,4072.0753
145426000,4118.2111,13578000,160946600,14534923200,186956112400,4076.2953,4119.3122,4046.2042,4072.0753
145431000,4118.4258,7842100,98237300,14542765300,187054349700,4076.2953,4119.3122,4046.2042,4072.0753
145436000,4119.0575,9640100,120824600,14552405400,187175174300,4076.2953,4119.3122,4046.2042,4072.0753
145441000,4118.4055,8174300,107863100,14560579700,187283037400,4076.2953,4119.3122,4046.2042,4072.0753
145446000,4118.6486,9545600,132119100,14570125300,187415156500,4076.2953,4119.3122,4046.2042,4072.0753
145451000,4118.902,9794700,132867500,14579920000,187548024000,4076.2953,4119.3122,4046.2042,4072.0753
145456000,4118.7509,10866600,156344900,14590786600,187704368900,4076.2953,4119.3122,4046.2042,4072.0753
145501000,4118.6286,6417600,81571800,14597204200,187785940700,4076.2953,4119.3122,4046.2042,4072.0753
145506000,4118.989,9320400,112037200,14606524600,187897977900,4076.2953,4119.3122,4046.2042,4072.0753
145511000,4118.811,9623100,119853400,14616147700,188017831300,4076.2953,4119.3122,4046.2042,4072.0753
145516000,4118.7195,11836000,159899200,14627983700,188177730500,4076.2953,4119.3122,4046.2042,4072.0753
145521000,4118.8085,7957000,111650800,14635940700,188289381300,4076.2953,4119.3122,4046.2042,4072.0753
145526000,4118.5836,12330800,160288900,14648271500,188449670200,4076.2953,4119.3122,4046.2042,4072.0753
145531000,4118.4664,8762800,116104000,14657034300,188565774200,4076.2953,4119.3122,4046.2042,4072.0753
145536000,4118.184,11663000,155289400,14668697300,188721063600,4076.2953,4119.3122,4046.2042,4072.0753
145541000,4118.0702,12234400,152368200,14680931700,188873431800,4076.2953,4119.3122,4046.2042,4072.0753
145546000,4117.9288,10435800,161462100,14691367500,189034893900,4076.2953,4119.3122,4046.2042,4072.0753
145551000,4117.5487,7621300,115773300,14698988800,189150667200,4076.2953,4119.3122,4046.2042,4072.0753
145556000,4118.0648,13599200,196438100,14712588000,189347105300,4076.2953,4119.3122,4046.2042,4072.0753
145601000,4117.527,8658100,109689900,14721246100,189456795200,4076.2953,4119.3122,4046.2042,4072.0753
145606000,4118.0761,11735200,146264600,14732981300,189603059800,4076.2953,4119.3122,4046.2042,4072.0753
145611000,4118.0343,9746700,125880400,14742728000,189728940200,4076.2953,4119.3122,4046.2042,4072.0753
145616000,4117.6185,10438800,145317500,14753166800,189874257700,4076.2953,4119.3122,4046.2042,4072.0753
145621000,4118.2307,8386000,141477200,14761552800,190015734900,4076.2953,4119.3122,4046.2042,4072.0753
145626000,4117.7028,13936400,198827000,14775489200,190214561900,4076.2953,4119.3122,4046.2042,4072.0753
145631000,4118.4884,7835900,109686200,14783325100,190324248100,4076.2953,4119.3122,4046.2042,4072.0753
145636000,4118.074,9726000,130978100,14793051100,190455226200,4076.2953,4119.3122,4046.2042,4072.0753
145641000,4118.5795,10319300,138020600,14803370400,190593246800,4076.2953,4119.3122,4046.2042,4072.0753
145646000,4118.5494,11156700,149268400,14814527100,190742515200,4076.2953,4119.3122,4046.2042,4072.0753
145651000,4118.4125,8374200,133959600,14822901300,190876474800,4076.2953,4119.3122,4046.2042,4072.0753
145656000,4118.6998,13531600,169654400,14836432900,191046129200,4076.2953,4119.3122,4046.2042,4072.0753
145701000,4118.8405,6430500,119360000,14842863400,191165489200,4076.2953,4119.3122,4046.2042,4072.0753
145706000,4119.016,4283700,63684000,14847147100,191229173200,4076.2953,4119.3122,4046.2042,4072.0753
150006000,4120.6356,225766000,3433475100,15072913100,194662648300,4076.2953,4120.6356,4046.2042,4072.0753
150016000,4120.6078,6577900,39042500,15079491000,194701690800,4076.2953,4120.6356,4046.2042,4072.0753
