Time,Price,Volume,Turnover,AccVolume,AccTurnover,Open,High,Low,PreClose
92512000,3699.2157,200416500,2202747600,200416500,2202747600,0.0,0.0,0.0,3669.3703
92517000,3699.2157,0,0,200416500,2202747600,3699.2157,3699.2157,3699.2157,3669.3703
93002000,3700.9431,56363400,463370200,256779900,2666117800,3699.2157,3700.9431,3699.2157,3669.3703
93007000,3703.1317,113980600,1161042900,370760500,3827160700,3699.2157,3703.1317,3699.2157,3669.3703
93012000,3704.5205,83061500,1082795600,453822000,4909956300,3699.2157,3704.5205,3699.2157,3669.3703
93017000,3705.309,22536200,282047000,476358200,5192003300,3699.2157,3705.309,3699.2157,3669.3703
93022000,3706.1169,23068300,302156800,499426500,5494160100,3699.2157,3706.1169,3699.2157,3669.3703
93027000,3706.2858,26077800,335019100,525504300,5829179200,3699.2157,3706.2858,3699.2157,3669.3703
93032000,3706.4149,20541900,255977200,546046200,6085156400,3699.2157,3706.4149,3699.2157,3669.3703
93037000,3706.6561,17027900,217664800,563074100,6302821200,3699.2157,3706.6561,3699.2157,3669.3703
93042000,3705.9878,26671300,323919500,589745400,6626740700,3699.2157,3706.6561,3699.2157,3669.3703
93047000,3706.2356,18490800,229593600,608236200,6856334300,3699.2157,3706.6561,3699.2157,3669.3703
93052000,3705.258,21661800,271704500,629898000,7128038800,3699.2157,3706.6561,3699.2157,3669.3703
93057000,3705.8837,24640800,285256600,654538800,7413295400,3699.2157,3706.6561,3699.2157,3669.3703
93102000,3704.1511,22087200,277150200,676626000,7690445600,3699.2157,3706.6561,3699.2157,3669.3703
93107000,3703.2339,21675500,253283400,698301500,7943729000,3699.2157,3706.6561,3699.2157,3669.3703
93112000,3702.9083,28610400,352427400,726911900,8296156400,3699.2157,3706.6561,3699.2157,3669.3703
93117000,3700.5626,22782500,261236000,749694400,8557392400,3699.2157,3706.6561,3699.2157,3669.3703
93122000,3700.3064,27332800,302049000,777027200,8859441400,3699.2157,3706.6561,3699.2157,3669.3703
93127000,3699.5001,25763900,328216500,802791100,9187657900,3699.2157,3706.6561,3699.2157,3669.3703
93132000,3698.5132,24375200,302093200,827166300,9489751100,3699.2157,3706.6561,3698.5132,3669.3703
93137000,3698.3905,21643200,250936300,848809500,9740687400,3699.2157,3706.6561,3698.3905,3669.3703
93142000,3696.7993,25889500,285958400,874699000,10026645800,3699.2157,3706.6561,3696.7993,3669.3703
93147000,3697.1044,16099700,190458900,890798700,10217104700,3699.2157,3706.6561,3696.7993,3669.3703
93152000,3696.7069,22322600,254074100,913121300,10471178800,3699.2157,3706.6561,3696.7069,3669.3703
93157000,3696.8115,22196900,251805900,935318200,10722984700,3699.2157,3706.6561,3696.7069,3669.3703
93202000,3696.2825,18262700,235968500,953580900,10958953200,3699.2157,3706.6561,3696.2825,3669.3703
93207000,3695.809,13095200,154164800,966676100,11113118000,3699.2157,3706.6561,3695.809,3669.3703
93212000,3695.5172,22793900,254840900,989470000,11367958900,3699.2157,3706.6561,3695.5172,3669.3703
93217000,3694.8387,14024800,190984200,1003494800,11558943100,3699.2157,3706.6561,3694.8387,3669.3703
93222000,3694.3655,19608900,222986200,1023103700,11781929300,3699.2157,3706.6561,3694.3655,3669.3703
93227000,3693.8449,18036700,203904800,1041140400,11985834100,3699.2157,3706.6561,3693.8449,3669.3703
93232000,3693.5335,15182000,197376000,1056322400,12183210100,3699.2157,3706.6561,3693.5335,3669.3703
93237000,3693.1585,14650000,174992900,1070972400,12358203000,3699.2157,3706.6561,3693.1585,3669.3703
93242000,3693.5101,20004700,220868900,1090977100,12579071900,3699.2157,3706.6561,3693.1585,3669.3703
93247000,3693.0108,15403900,155004400,1106381000,12734076300,3699.2157,3706.6561,3693.0108,3669.3703
93252000,3692.4858,24248100,241020500,1130629100,12975096800,3699.2157,3706.6561,3692.4858,3669.3703
93257000,3692.5598,21977900,243482500,1152607000,13218579300,3699.2157,3706.6561,3692.4858,3669.3703
93302000,3691.8346,16121800,186805400,1168728800,13405384700,3699.2157,3706.6561,3691.8346,3669.3703
93307000,3690.9745,13621000,160010500,1182349800,13565395200,3699.2157,3706.6561,3690.9745,3669.3703
93312000,3690.5592,18304200,235350900,1200654000,13800746100,3699.2157,3706.6561,3690.5592,3669.3703
93317000,3690.5416,10262900,138431600,1210916900,13939177700,3699.2157,3706.6561,3690.5416,3669.3703
93322000,3690.1794,16168600,185812300,1227085500,14124990000,3699.2157,3706.6561,3690.1794,3669.3703
93327000,3689.7094,20668500,221586600,1247754000,14346576600,3699.2157,3706.6561,3689.7094,3669.3703
93332000,3688.9912,19515800,229025800,1267269800,14575602400,3699.2157,3706.6561,3688.9912,3669.3703
93337000,3688.83,15348300,153898600,1282618100,14729501000,3699.2157,3706.6561,3688.83,3669.3703
93342000,3688.8962,15026500,190912300,1297644600,14920413300,3699.2157,3706.6561,3688.83,3669.3703
93347000,3688.6456,12547500,132294000,1310192100,15052707300,3699.2157,3706.6561,3688.6456,3669.3703
93352000,3688.6408,15541400,191112000,1325733500,15243819300,3699.2157,3706.6561,3688.6408,3669.3703
93357000,3688.8837,17284200,211067700,1343017700,15454887000,3699.2157,3706.6561,3688.6408,3669.3703
93402000,3688.8455,16588500,192452500,1359606200,15647339500,3699.2157,3706.6561,3688.6408,3669.3703
93407000,3687.9823,11408000,132521300,1371014200,15779860800,3699.2157,3706.6561,3687.9823,3669.3703
93412000,3688.3876,15904700,187350900,1386918900,15967211700,3699.2157,3706.6561,3687.9823,3669.3703
93417000,3689.4775,11785100,152535300,1398704000,16119747000,3699.2157,3706.6561,3687.9823,3669.3703
93422000,3689.7644,15802700,188003300,1414506700,16307750300,3699.2157,3706.6561,3687.9823,3669.3703
93427000,3690.0606,18599800,224265000,1433106500,16532015300,3699.2157,3706.6561,3687.9823,3669.3703
93432000,3690.5042,14005500,187955100,1447112000,16719970400,3699.2157,3706.6561,3687.9823,3669.3703
93437000,3690.4809,12464000,150619300,1459576000,16870589700,3699.2157,3706.6561,3687.9823,3669.3703
93442000,3689.9653,15487200,191730700,1475063200,17062320400,3699.2157,3706.6561,3687.9823,3669.3703
93447000,3690.6279,10185600,122523900,1485248800,17184844300,3699.2157,3706.6561,3687.9823,3669.3703
93452000,3690.9318,15178400,164333600,1500427200,17349177900,3699.2157,3706.6561,3687.9823,3669.3703
93457000,3690.6119,15861400,199260500,1516288600,17548438400,3699.2157,3706.6561,3687.9823,3669.3703
93502000,3691.2983,12713000,158708200,1529001600,17707146600,3699.2157,3706.6561,3687.9823,3669.3703
93507000,3691.1943,9550300,126859500,1538551900,17834006100,3699.2157,3706.6561,3687.9823,3669.3703
93512000,3691.9071,14712400,172307200,1553264300,18006313300,3699.2157,3706.6561,3687.9823,3669.3703
93517000,3691.6224,7952800,101097900,1561217100,18107411200,3699.2157,3706.6561,3687.9823,3669.3703
93522000,3691.706,12690000,159920200,1573907100,18267331400,3699.2157,3706.6561,3687.9823,3669.3703
93527000,3691.4687,14602400,183204800,1588509500,18450536200,3699.2157,3706.6561,3687.9823,3669.3703
93532000,3691.13,15507500,188222200,1604017000,18638758400,3699.2157,3706.6561,3687.9823,3669.3703
93537000,3691.5581,8786000,113360900,1612803000,18752119300,3699.2157,3706.6561,3687.9823,3669.3703
93542000,3691.5057,12591300,178926200,1625394300,18931045500,3699.2157,3706.6561,3687.9823,3669.3703
93547000,3691.007,8363700,121734000,1633758000,19052779500,3699.2157,3706.6561,3687.9823,3669.3703
93552000,3691.7747,13447000,166110300,1647205000,19218889800,3699.2157,3706.6561,3687.9823,3669.3703
93557000,3691.4436,15755700,187059900,1662960700,19405949700,3699.2157,3706.6561,3687.9823,3669.3703
93602000,3691.4389,13140500,181269200,1676101200,19587218900,3699.2157,3706.6561,3687.9823,3669.3703
93607000,3690.9841,12059700,133763800,1688160900,19720982700,3699.2157,3706.6561,3687.9823,3669.3703
93612000,3690.9789,18737500,200908800,1706898400,19921891500,3699.2157,3706.6561,3687.9823,3669.3703
93617000,3690.6493,9917100,119484500,1716815500,20041376000,3699.2157,3706.6561,3687.9823,3669.3703
93622000,3689.3584,15148400,186133600,1731963900,20227509600,3699.2157,3706.6561,3687.9823,3669.3703
93627000,3689.2864,15429800,201011600,1747393700,20428521200,3699.2157,3706.6561,3687.9823,3669.3703
93632000,3688.5202,14335600,195868400,1761729300,20624389600,3699.2157,3706.6561,3687.9823,3669.3703
93637000,3688.0816,12461700,149272900,1774191000,20773662500,3699.2157,3706.6561,3687.9823,3669.3703
93642000,3687.0292,19905300,226595800,1794096300,21000258300,3699.2157,3706.6561,3687.0292,3669.3703
93647000,3686.6035,12587100,154768300,1806683400,21155026600,3699.2157,3706.6561,3686.6035,3669.3703
93652000,3685.2451,15423200,188925200,1822106600,21343951800,3699.2157,3706.6561,3685.2451,3669.3703
93657000,3684.6392,19345500,202529200,1841452100,21546481000,3699.2157,3706.6561,3684.6392,3669.3703
93702000,3684.1775,12675900,167743500,1854128000,21714224500,3699.2157,3706.6561,3684.1775,3669.3703
93707000,3683.5454,14746800,166954200,1868874800,21881178700,3699.2157,3706.6561,3683.5454,3669.3703
93712000,3682.7168,17831300,179995500,1886706100,22061174200,3699.2157,3706.6561,3682.7168,3669.3703
93717000,3682.8584,12882700,137959200,1899588800,22199133400,3699.2157,3706.6561,3682.7168,3669.3703
93722000,3682.3988,23198900,178805000,1922787700,22377938400,3699.2157,3706.6561,3682.3988,3669.3703
93727000,3681.5701,17972500,179873500,1940760200,22557811900,3699.2157,3706.6561,3681.5701,3669.3703
93732000,3681.4842,14194300,160899400,1954954500,22718711300,3699.2157,3706.6561,3681.4842,3669.3703
93737000,3681.5976,12151900,121184700,1967106400,22839896000,3699.2157,3706.6561,3681.4842,3669.3703
93742000,3681.9402,16577800,186457100,1983684200,23026353100,3699.2157,3706.6561,3681.4842,3669.3703
93747000,3681.4753,9377500,133396600,1993061700,23159749700,3699.2157,3706.6561,3681.4753,3669.3703
93752000,3681.3048,11857000,139805500,2004918700,23299555200,3699.2157,3706.6561,3681.3048,3669.3703
93757000,3681.0526,12980200,168174000,2017898900,23467729200,3699.2157,3706.6561,3681.0526,3669.3703
93802000,3681.5497,12867700,146144400,2030766600,23613873600,3699.2157,3706.6561,3681.0526,3669.3703
93807000,3680.3464,9547600,104348500,2040314200,23718222100,3699.2157,3706.6561,3680.3464,3669.3703
93812000,3680.6324,12887100,153898900,2053201300,23872121000,3699.2157,3706.6561,3680.3464,3669.3703
93817000,3680.0944,8835100,121925600,2062036400,23994046600,3699.2157,3706.6561,3680.0944,3669.3703
93822000,3680.5334,13511800,144696800,2075548200,24138743400,3699.2157,3706.6561,3680.0944,3669.3703
93827000,3679.6793,12900400,154882200,2088448600,24293625600,3699.2157,3706.6561,3679.6793,3669.3703
93832000,3679.3999,10347600,149996200,2098796200,24443621800,3699.2157,3706.6561,3679.3999,3669.3703
93837000,3679.6449,9454700,103144900,2108250900,24546766700,3699.2157,3706.6561,3679.3999,3669.3703
93842000,3679.6064,10596600,147260100,2118847500,24694026800,3699.2157,3706.6561,3679.3999,3669.3703
93847000,3679.2027,7686500,87443300,2126534000,24781470100,3699.2157,3706.6561,3679.2027,3669.3703
93852000,3679.4236,10571000,132822100,2137105000,24914292200,3699.2157,3706.6561,3679.2027,3669.3703
93857000,3678.8113,13394700,156269900,2150499700,25070562100,3699.2157,3706.6561,3678.8113,3669.3703
93902000,3679.0012,12156600,139165700,2162656300,25209727800,3699.2157,3706.6561,3678.8113,3669.3703
93907000,3677.8868,10504500,117790500,2173160800,25327518300,3699.2157,3706.6561,3677.8868,3669.3703
93912000,3678.0387,15020700,173676000,2188181500,25501194300,3699.2157,3706.6561,3677.8868,3669.3703
93917000,3677.86,9302000,108014600,2197483500,25609208900,3699.2157,3706.6561,3677.86,3669.3703
93922000,3677.6682,12850300,154143500,2210333800,25763352400,3699.2157,3706.6561,3677.6682,3669.3703
93927000,3677.4176,12811400,146611000,2223145200,25909963400,3699.2157,3706.6561,3677.4176,3669.3703
93932000,3676.6913,9316600,124732800,2232461800,26034696200,3699.2157,3706.6561,3676.6913,3669.3703
93937000,3676.4593,9013600,94700200,2241475400,26129396400,3699.2157,3706.6561,3676.4593,3669.3703
93942000,3675.8743,12707800,145309600,2254183200,26274706000,3699.2157,3706.6561,3675.8743,3669.3703
93947000,3676.2032,8964400,107682600,2263147600,26382388600,3699.2157,3706.6561,3675.8743,3669.3703
93952000,3675.4931,12447100,131043800,2275594700,26513432400,3699.2157,3706.6561,3675.4931,3669.3703
93957000,3674.6825,15643200,191339400,2291237900,26704771800,3699.2157,3706.6561,3674.6825,3669.3703
94002000,3674.705,12018100,150136400,2303256000,26854908200,3699.2157,3706.6561,3674.6825,3669.3703
94007000,3674.6103,11107200,116167700,2314363200,26971075900,3699.2157,3706.6561,3674.6103,3669.3703
94012000,3674.6618,15904300,149398900,2330267500,27120474800,3699.2157,3706.6561,3674.6103,3669.3703
94017000,3674.488,9479800,104406800,2339747300,27224881600,3699.2157,3706.6561,3674.488,3669.3703
94022000,3674.5506,12671000,147839700,2352418300,27372721300,3699.2157,3706.6561,3674.488,3669.3703
94027000,3675.247,12530600,151072400,2364948900,27523793700,3699.2157,3706.6561,3674.488,3669.3703
94032000,3676.3444,12424800,163900200,2377373700,27687693900,3699.2157,3706.6561,3674.488,3669.3703
94037000,3677.703,14085000,157310200,2391458700,27845004100,3699.2157,3706.6561,3674.488,3669.3703
94042000,3678.7767,16868600,204292900,2408327300,28049297000,3699.2157,3706.6561,3674.488,3669.3703
94047000,3679.5211,11797400,141683800,2420124700,28190980800,3699.2157,3706.6561,3674.488,3669.3703
94052000,3680.3377,14307900,159369800,2434432600,28350350600,3699.2157,3706.6561,3674.488,3669.3703
94057000,3682.0263,16658400,165612400,2451091000,28515963000,3699.2157,3706.6561,3674.488,3669.3703
94102000,3683.0952,13461500,149627700,2464552500,28665590700,3699.2157,3706.6561,3674.488,3669.3703
94107000,3683.5273,9901300,109735200,2474453800,28775325900,3699.2157,3706.6561,3674.488,3669.3703
94112000,3684.61,13129600,158297000,2487583400,28933622900,3699.2157,3706.6561,3674.488,3669.3703
94117000,3685.3056,9529500,99192200,2497112900,29032815100,3699.2157,3706.6561,3674.488,3669.3703
94122000,3685.7564,10042500,118273400,2507155400,29151088500,3699.2157,3706.6561,3674.488,3669.3703
94127000,3685.9412,12115000,139535800,2519270400,29290624300,3699.2157,3706.6561,3674.488,3669.3703
94132000,3686.737,10025500,126149600,2529295900,29416773900,3699.2157,3706.6561,3674.488,3669.3703
94137000,3686.676,9907900,105062900,2539203800,29521836800,3699.2157,3706.6561,3674.488,3669.3703
94142000,3687.3728,10772700,129960400,2549976500,29651797200,3699.2157,3706.6561,3674.488,3669.3703
94147000,3687.9928,5321400,81357000,2555297900,29733154200,3699.2157,3706.6561,3674.488,3669.3703
94152000,3687.9145,9809800,116510900,2565107700,29849665100,3699.2157,3706.6561,3674.488,3669.3703
94157000,3687.7866,10182300,119595900,2575290000,29969261000,3699.2157,3706.6561,3674.488,3669.3703
94202000,3687.8027,8369100,128550600,2583659100,30097811600,3699.2157,3706.6561,3674.488,3669.3703
94207000,3687.2973,7149500,99105500,2590808600,30196917100,3699.2157,3706.6561,3674.488,3669.3703
94212000,3687.7444,10622300,132486200,2601430900,30329403300,3699.2157,3706.6561,3674.488,3669.3703
94217000,3687.7215,6455200,76342800,2607886100,30405746100,3699.2157,3706.6561,3674.488,3669.3703
94222000,3687.5732,10208500,110671700,2618094600,30516417800,3699.2157,3706.6561,3674.488,3669.3703
94227000,3686.5059,11967900,156466800,2630062500,30672884600,3699.2157,3706.6561,3674.488,3669.3703
94232000,3686.7519,9909800,138757100,2639972300,30811641700,3699.2157,3706.6561,3674.488,3669.3703
94237000,3686.6303,7247900,104110700,2647220200,30915752400,3699.2157,3706.6561,3674.488,3669.3703
94242000,3686.1111,12622000,142088800,2659842200,31057841200,3699.2157,3706.6561,3674.488,3669.3703
94247000,3686.2635,8485200,109049900,2668327400,31166891100,3699.2157,3706.6561,3674.488,3669.3703
94252000,3686.6986,8473800,109257000,2676801200,31276148100,3699.2157,3706.6561,3674.488,3669.3703
94257000,3685.6513,11459500,129471600,2688260700,31405619700,3699.2157,3706.6561,3674.488,3669.3703
94302000,3686.5375,10738400,151502800,2698999100,31557122500,3699.2157,3706.6561,3674.488,3669.3703
94307000,3685.2425,9801500,101192800,2708800600,31658315300,3699.2157,3706.6561,3674.488,3669.3703
94312000,3686.0768,11249200,121884400,2720049800,31780199700,3699.2157,3706.6561,3674.488,3669.3703
94317000,3685.3998,8146100,99851200,2728195900,31880050900,3699.2157,3706.6561,3674.488,3669.3703
94322000,3685.5465,8864100,97940100,2737060000,31977991000,3699.2157,3706.6561,3674.488,3669.3703
94327000,3685.7222,8677500,116764900,2745737500,32094755900,3699.2157,3706.6561,3674.488,3669.3703
94332000,3684.8868,7672700,101305600,2753410200,32196061500,3699.2157,3706.6561,3674.488,3669.3703
94337000,3685.4773,7676100,82542400,2761086300,32278603900,3699.2157,3706.6561,3674.488,3669.3703
94342000,3685.5502,10119700,115286200,2771206000,32393890100,3699.2157,3706.6561,3674.488,3669.3703
94347000,3684.5902,6938000,89506100,2778144000,32483396200,3699.2157,3706.6561,3674.488,3669.3703
94352000,3684.9247,12252300,143438100,2790396300,32626834300,3699.2157,3706.6561,3674.488,3669.3703
94357000,3685.464,9999300,125340500,2800395600,32752174800,3699.2157,3706.6561,3674.488,3669.3703
94402000,3685.1127,11039500,139679600,2811435100,32891854400,3699.2157,3706.6561,3674.488,3669.3703
94407000,3685.0839,9161700,97878700,2820596800,32989733100,3699.2157,3706.6561,3674.488,3669.3703
94412000,3685.3482,9834500,106117900,2830431300,33095851000,3699.2157,3706.6561,3674.488,3669.3703
94417000,3686.2354,7925100,101807700,2838356400,33197658700,3699.2157,3706.6561,3674.488,3669.3703
94422000,3686.0327,9076600,145012200,2847433000,33342670900,3699.2157,3706.6561,3674.488,3669.3703
94427000,3686.7126,11778200,156897900,2859211200,33499568800,3699.2157,3706.6561,3674.488,3669.3703
94432000,3687.8781,9680000,144922000,2868891200,33644490800,3699.2157,3706.6561,3674.488,3669.3703
94437000,3687.9264,8207700,106479100,2877098900,33750969900,3699.2157,3706.6561,3674.488,3669.3703
94442000,3689.2071,16046400,173428200,2893145300,33924398100,3699.2157,3706.6561,3674.488,3669.3703
94447000,3690.1067,7847900,110862600,2900993200,34035260700,3699.2157,3706.6561,3674.488,3669.3703
94452000,3691.1907,14346300,186009600,2915339500,34221270300,3699.2157,3706.6561,3674.488,3669.3703
94457000,3692.3655,14872000,193783300,2930211500,34415053600,3699.2157,3706.6561,3674.488,3669.3703
94502000,3693.2204,12391300,180782800,2942602800,34595836400,3699.2157,3706.6561,3674.488,3669.3703
94507000,3693.3987,14890200,179625100,2957493000,34775461500,3699.2157,3706.6561,3674.488,3669.3703
94512000,3694.3634,14903100,183100600,2972396100,34958562100,3699.2157,3706.6561,3674.488,3669.3703
94517000,3694.8731,9490400,127371900,2981886500,35085934000,3699.2157,3706.6561,3674.488,3669.3703
94522000,3695.0802,12714600,152077900,2994601100,35238011900,3699.2157,3706.6561,3674.488,3669.3703
94527000,3695.4794,11890900,147901400,3006492000,35385913300,3699.2157,3706.6561,3674.488,3669.3703
94532000,3695.422,12386500,162152500,3018878500,35548065800,3699.2157,3706.6561,3674.488,3669.3703
94537000,3694.7329,11652100,134734200,3030530600,35682800000,3699.2157,3706.6561,3674.488,3669.3703
94542000,3693.9194,14203000,170511600,3044733600,35853311600,3699.2157,3706.6561,3674.488,3669.3703
94547000,3694.914,8130400,116519100,3052864000,35969830700,3699.2157,3706.6561,3674.488,3669.3703
94552000,3695.0526,11798800,154472400,3064662800,36124303100,3699.2157,3706.6561,3674.488,3669.3703
94557000,3695.0597,11344100,144683800,3076006900,36268986900,3699.2157,3706.6561,3674.488,3669.3703
94602000,3695.4418,9278400,132216700,3085285300,36401203600,3699.2157,3706.6561,3674.488,3669.3703
94607000,3695.808,9254600,106538200,3094539900,36507741800,3699.2157,3706.6561,3674.488,3669.3703
94612000,3695.655,14545000,175530400,3109084900,36683272200,3699.2157,3706.6561,3674.488,3669.3703
94617000,3694.6857,7774500,122386300,3116859400,36805658500,3699.2157,3706.6561,3674.488,3669.3703
94622000,3694.226,14828700,189054900,3131688100,36994713400,3699.2157,3706.6561,3674.488,3669.3703
94627000,3693.3585,12276300,174430300,3143964400,37169143700,3699.2157,3706.6561,3674.488,3669.3703
94632000,3691.8361,14745700,195801900,3158710100,37364945600,3699.2157,3706.6561,3674.488,3669.3703
94637000,3691.0111,13814100,157280100,3172524200,37522225700,3699.2157,3706.6561,3674.488,3669.3703
94642000,3690.8461,14492800,181085300,3187017000,37703311000,3699.2157,3706.6561,3674.488,3669.3703
94647000,3690.6038,8012300,118011400,3195029300,37821322400,3699.2157,3706.6561,3674.488,3669.3703
94652000,3690.9302,12199200,151605200,3207228500,37972927600,3699.2157,3706.6561,3674.488,3669.3703
94657000,3691.048,9998900,137189000,3217227400,38110116600,3699.2157,3706.6561,3674.488,3669.3703
94702000,3691.1924,8754500,125513200,3225981900,38235629800,3699.2157,3706.6561,3674.488,3669.3703
94707000,3690.7955,9020500,101774600,3235002400,38337404400,3699.2157,3706.6561,3674.488,3669.3703
94712000,3690.5524,10948400,133433000,3245950800,38470837400,3699.2157,3706.6561,3674.488,3669.3703
94717000,3691.2518,7383900,100333900,3253334700,38571171300,3699.2157,3706.6561,3674.488,3669.3703
94722000,3691.3649,8659700,113823200,3261994400,38684994500,3699.2157,3706.6561,3674.488,3669.3703
94727000,3690.9102,11069700,128229000,3273064100,38813223500,3699.2157,3706.6561,3674.488,3669.3703
94732000,3691.1263,8695300,104823800,3281759400,38918047300,3699.2157,3706.6561,3674.488,3669.3703
94737000,3690.7522,7163700,88591200,3288923100,39006638500,3699.2157,3706.6561,3674.488,3669.3703
94742000,3691.1888,10705300,123452900,3299628400,39130091400,3699.2157,3706.6561,3674.488,3669.3703
94747000,3691.6227,12245300,117428500,3311873700,39247519900,3699.2157,3706.6561,3674.488,3669.3703
94752000,3691.4219,9126000,104810700,3320999700,39352330600,3699.2157,3706.6561,3674.488,3669.3703
94757000,3691.6536,11494100,131497800,3332493800,39483828400,3699.2157,3706.6561,3674.488,3669.3703
94802000,3691.3686,10442500,104015800,3342936300,39587844200,3699.2157,3706.6561,3674.488,3669.3703
94807000,3691.2208,10304000,110355400,3353240300,39698199600,3699.2157,3706.6561,3674.488,3669.3703
94812000,3690.9458,14360800,161695300,3367601100,39859894900,3699.2157,3706.6561,3674.488,3669.3703
94817000,3691.8495,10555300,119341300,3378156400,39979236200,3699.2157,3706.6561,3674.488,3669.3703
94822000,3691.3731,11395400,120453100,3389551800,40099689300,3699.2157,3706.6561,3674.488,3669.3703
94827000,3690.6029,12351100,128827600,3401902900,40228516900,3699.2157,3706.6561,3674.488,3669.3703
94832000,3689.3986,13151500,159089700,3415054400,40387606600,3699.2157,3706.6561,3674.488,3669.3703
94837000,3688.5395,9466000,117590100,3424520400,40505196700,3699.2157,3706.6561,3674.488,3669.3703
94842000,3688.6504,11522900,160695800,3436043300,40665892500,3699.2157,3706.6561,3674.488,3669.3703
94847000,3688.1399,8817800,115514600,3444861100,40781407100,3699.2157,3706.6561,3674.488,3669.3703
94852000,3687.3208,13709900,167864800,3458571000,40949271900,3699.2157,3706.6561,3674.488,3669.3703
94857000,3687.1874,13897200,168592700,3472468200,41117864600,3699.2157,3706.6561,3674.488,3669.3703
94902000,3687.321,9307400,117417400,3481775600,41235282000,3699.2157,3706.6561,3674.488,3669.3703
94907000,3686.1562,11245800,117847100,3493021400,41353129100,3699.2157,3706.6561,3674.488,3669.3703
94912000,3686.2433,11788900,143355700,3504810300,41496484800,3699.2157,3706.6561,3674.488,3669.3703
94917000,3686.3419,7185200,87391700,3511995500,41583876500,3699.2157,3706.6561,3674.488,3669.3703
94922000,3685.8606,11310900,118469200,3523306400,41702345700,3699.2157,3706.6561,3674.488,3669.3703
94927000,3685.3092,10388200,139421400,3533694600,41841767100,3699.2157,3706.6561,3674.488,3669.3703
94932000,3685.1157,8517000,121361800,3542211600,41963128900,3699.2157,3706.6561,3674.488,3669.3703
94937000,3685.2025,8576500,92737400,3550788100,42055866300,3699.2157,3706.6561,3674.488,3669.3703
94942000,3684.7839,8187400,112719600,3558975500,42168585900,3699.2157,3706.6561,3674.488,3669.3703
94947000,3684.5419,7606200,85747000,3566581700,42254332900,3699.2157,3706.6561,3674.488,3669.3703
94952000,3684.428,7053400,109621900,3573635100,42363954800,3699.2157,3706.6561,3674.488,3669.3703
94957000,3683.9711,10623100,124193300,3584258200,42488148100,3699.2157,3706.6561,3674.488,3669.3703
95002000,3683.6047,8081900,108557100,3592340100,42596705200,3699.2157,3706.6561,3674.488,3669.3703
95007000,3682.9008,8730400,95253500,3601070500,42691958700,3699.2157,3706.6561,3674.488,3669.3703
95012000,3682.7377,10509200,135368300,3611579700,42827327000,3699.2157,3706.6561,3674.488,3669.3703
95017000,3682.5031,8912400,107885800,3620492100,42935212800,3699.2157,3706.6561,3674.488,3669.3703
95022000,3681.5453,9412200,116050700,3629904300,43051263500,3699.2157,3706.6561,3674.488,3669.3703
95027000,3681.8085,13122500,146798500,3643026800,43198062000,3699.2157,3706.6561,3674.488,3669.3703
95032000,3681.3866,8473900,106680200,3651500700,43304742200,3699.2157,3706.6561,3674.488,3669.3703
95037000,3681.6076,6920900,79939300,3658421600,43384681500,3699.2157,3706.6561,3674.488,3669.3703
95042000,3681.8776,12520100,149251400,3670941700,43533932900,3699.2157,3706.6561,3674.488,3669.3703
95047000,3681.3391,10896900,101756900,3681838600,43635689800,3699.2157,3706.6561,3674.488,3669.3703
95052000,3681.0929,7856800,105720400,3689695400,43741410200,3699.2157,3706.6561,3674.488,3669.3703
95057000,3681.0914,8909600,140791100,3698605000,43882201300,3699.2157,3706.6561,3674.488,3669.3703
95102000,3681.8116,6786700,109845800,3705391700,43992047100,3699.2157,3706.6561,3674.488,3669.3703
95107000,3681.2485,9191700,99068600,3714583400,44091115700,3699.2157,3706.6561,3674.488,3669.3703
95112000,3680.7688,10764100,129321200,3725347500,44220436900,3699.2157,3706.6561,3674.488,3669.3703
95117000,3680.937,8539600,88574300,3733887100,44309011200,3699.2157,3706.6561,3674.488,3669.3703
95122000,3680.7519,7242500,87422500,3741129600,44396433700,3699.2157,3706.6561,3674.488,3669.3703
95127000,3680.8672,9405000,114634100,3750534600,44511067800,3699.2157,3706.6561,3674.488,3669.3703
95132000,3681.0756,7851400,106618200,3758386000,44617686000,3699.2157,3706.6561,3674.488,3669.3703
95137000,3681.261,9065700,106807000,3767451700,44724493000,3699.2157,3706.6561,3674.488,3669.3703
95142000,3682.0359,9169600,112264400,3776621300,44836757400,3699.2157,3706.6561,3674.488,3669.3703
95147000,3682.7212,8515300,110265000,3785136600,44947022400,3699.2157,3706.6561,3674.488,3669.3703
95152000,3682.4984,11481400,120873200,3796618000,45067895600,3699.2157,3706.6561,3674.488,3669.3703
95157000,3683.0799,10020900,129923800,3806638900,45197819400,3699.2157,3706.6561,3674.488,3669.3703
95202000,3683.1354,8837900,111849800,3815476800,45309669200,3699.2157,3706.6561,3674.488,3669.3703
95207000,3682.8143,8910500,92594200,3824387300,45402263400,3699.2157,3706.6561,3674.488,3669.3703
95212000,3682.6859,12044200,124716000,3836431500,45526979400,3699.2157,3706.6561,3674.488,3669.3703
95217000,3682.6919,5919600,75370600,3842351100,45602350000,3699.2157,3706.6561,3674.488,3669.3703
95222000,3682.1203,9727900,121861000,3852079000,45724211000,3699.2157,3706.6561,3674.488,3669.3703
95227000,3682.7593,8961300,113539700,3861040300,45837750700,3699.2157,3706.6561,3674.488,3669.3703
95232000,3682.2646,7208600,107587500,3868248900,45945338200,3699.2157,3706.6561,3674.488,3669.3703
95237000,3682.2889,6845200,74048000,3875094100,46019386200,3699.2157,3706.6561,3674.488,3669.3703
95242000,3682.432,9976400,118895700,3885070500,46138281900,3699.2157,3706.6561,3674.488,3669.3703
95247000,3682.5912,5047400,69536500,3890117900,46207818400,3699.2157,3706.6561,3674.488,3669.3703
95252000,3682.2594,6995800,100293800,3897113700,46308112200,3699.2157,3706.6561,3674.488,3669.3703
95257000,3682.1221,9845800,129395600,3906959500,46437507800,3699.2157,3706.6561,3674.488,3669.3703
95302000,3681.982,8978200,121586900,3915937700,46559094700,3699.2157,3706.6561,3674.488,3669.3703
95307000,3681.2541,5711200,78598600,3921648900,46637693300,3699.2157,3706.6561,3674.488,3669.3703
95312000,3680.1791,8970100,115626800,3930619000,46753320100,3699.2157,3706.6561,3674.488,3669.3703
95317000,3680.8402,6690300,81232900,3937309300,46834553000,3699.2157,3706.6561,3674.488,3669.3703
95322000,3680.1554,8695300,123830700,3946004600,46958383700,3699.2157,3706.6561,3674.488,3669.3703
95327000,3679.3182,13376300,144177100,3959380900,47102560800,3699.2157,3706.6561,3674.488,3669.3703
95332000,3679.36,9198500,118098600,3968579400,47220659400,3699.2157,3706.6561,3674.488,3669.3703
95337000,3679.1682,7145400,83354100,3975724800,47304013500,3699.2157,3706.6561,3674.488,3669.3703
95342000,3679.3141,8425200,117459200,3984150000,47421472700,3699.2157,3706.6561,3674.488,3669.3703
95347000,3678.5369,6427300,98794600,3990577300,47520267300,3699.2157,3706.6561,3674.488,3669.3703
95352000,3678.0558,8890300,113071700,3999467600,47633339000,3699.2157,3706.6561,3674.488,3669.3703
95357000,3677.4849,9798500,119761500,4009266100,47753100500,3699.2157,3706.6561,3674.488,3669.3703
95402000,3677.4974,14207500,154542500,4023473600,47907643000,3699.2157,3706.6561,3674.488,3669.3703
95407000,3676.7422,8087500,95063900,4031561100,48002706900,3699.2157,3706.6561,3674.488,3669.3703
95412000,3676.9488,12255400,146514700,4043816500,48149221600,3699.2157,3706.6561,3674.488,3669.3703
95417000,3676.3453,7646300,79848000,4051462800,48229069600,3699.2157,3706.6561,3674.488,3669.3703
95422000,3676.2675,8888500,119491100,4060351300,48348560700,3699.2157,3706.6561,3674.488,3669.3703
95427000,3676.3572,10797400,138689000,4071148700,48487249700,3699.2157,3706.6561,3674.488,3669.3703
95432000,3675.7997,11499000,128019900,4082647700,48615269600,3699.2157,3706.6561,3674.488,3669.3703
95437000,3675.7932,7509500,86886600,4090157200,48702156200,3699.2157,3706.6561,3674.488,3669.3703
95442000,3675.193,8619100,105622300,4098776300,48807778500,3699.2157,3706.6561,3674.488,3669.3703
95447000,3675.7934,7134400,83316700,4105910700,48891095200,3699.2157,3706.6561,3674.488,3669.3703
95452000,3675.3513,9973400,121106300,4115884100,49012201500,3699.2157,3706.6561,3674.488,3669.3703
95457000,3675.4395,10708600,137039800,4126592700,49149241300,3699.2157,3706.6561,3674.488,3669.3703
95502000,3675.5533,10212600,124172000,4136805300,49273413300,3699.2157,3706.6561,3674.488,3669.3703
95507000,3675.3085,9411200,98864800,4146216500,49372278100,3699.2157,3706.6561,3674.488,3669.3703
95512000,3675.6123,12197000,123808500,4158413500,49496086600,3699.2157,3706.6561,3674.488,3669.3703
95517000,3675.8148,7668600,94377200,4166082100,49590463800,3699.2157,3706.6561,3674.488,3669.3703
95522000,3675.804,11258500,118362200,4177340600,49708826000,3699.2157,3706.6561,3674.488,3669.3703
95527000,3675.7177,10056800,132988600,4187397400,49841814600,3699.2157,3706.6561,3674.488,3669.3703
95532000,3675.9122,9008800,113355300,4196406200,49955169900,3699.2157,3706.6561,3674.488,3669.3703
95537000,3675.5985,9152500,77963700,4205558700,50033133600,3699.2157,3706.6561,3674.488,3669.3703
95542000,3676.1619,10832000,126043200,4216390700,50159176800,3699.2157,3706.6561,3674.488,3669.3703
95547000,3675.7975,5906500,78694100,4222297200,50237870900,3699.2157,3706.6561,3674.488,3669.3703
95552000,3675.7342,9291400,107554600,4231588600,50345425500,3699.2157,3706.6561,3674.488,3669.3703
95557000,3676.0339,8951700,112187400,4240540300,50457612900,3699.2157,3706.6561,3674.488,3669.3703
95602000,3675.4552,7745600,100604200,4248285900,50558217100,3699.2157,3706.6561,3674.488,3669.3703
95607000,3676.0269,8063300,90507300,4256349200,50648724400,3699.2157,3706.6561,3674.488,3669.3703
95612000,3675.6924,10835100,115677200,4267184300,50764401600,3699.2157,3706.6561,3674.488,3669.3703
95617000,3675.2514,7693500,90361200,4274877800,50854762800,3699.2157,3706.6561,3674.488,3669.3703
95622000,3675.3946,9441000,110611100,4284318800,50965373900,3699.2157,3706.6561,3674.488,3669.3703
95627000,3674.9017,11368800,113891500,4295687600,51079265400,3699.2157,3706.6561,3674.488,3669.3703
95632000,3674.3527,8611000,107029600,4304298600,51186295000,3699.2157,3706.6561,3674.3527,3669.3703
95637000,3674.6733,6669400,71181300,4310968000,51257476300,3699.2157,3706.6561,3674.3527,3669.3703
95642000,3673.9059,9310100,100503900,4320278100,51357980200,3699.2157,3706.6561,3673.9059,3669.3703
95647000,3674.3324,6079000,72535200,4326357100,51430515400,3699.2157,3706.6561,3673.9059,3669.3703
95652000,3673.2794,9252300,106913200,4335609400,51537428600,3699.2157,3706.6561,3673.2794,3669.3703
95657000,3672.2747,10099000,115900300,4345708400,51653328900,3699.2157,3706.6561,3672.2747,3669.3703
95702000,3671.8099,8957300,118837400,4354665700,51772166300,3699.2157,3706.6561,3671.8099,3669.3703
95707000,3671.3243,7969400,95812200,4362635100,51867978500,3699.2157,3706.6561,3671.3243,3669.3703
95712000,3671.1034,12317200,136153600,4374952300,52004132100,3699.2157,3706.6561,3671.1034,3669.3703
95717000,3670.6901,6075700,79971500,4381028000,52084103600,3699.2157,3706.6561,3670.6901,3669.3703
95722000,3670.5881,10091400,119221100,4391119400,52203324700,3699.2157,3706.6561,3670.5881,3669.3703
95727000,3670.5815,11375200,115706700,4402494600,52319031400,3699.2157,3706.6561,3670.5815,3669.3703
95732000,3670.4559,10398200,123725900,4412892800,52442757300,3699.2157,3706.6561,3670.4559,3669.3703
95737000,3669.6056,10524800,106251200,4423417600,52549008500,3699.2157,3706.6561,3669.6056,3669.3703
95742000,3669.5851,13094300,132280000,4436511900,52681288500,3699.2157,3706.6561,3669.5851,3669.3703
95747000,3670.0462,7073100,98226500,4443585000,52779515000,3699.2157,3706.6561,3669.5851,3669.3703
95752000,3669.6215,9267300,110506900,4452852300,52890021900,3699.2157,3706.6561,3669.5851,3669.3703
95757000,3669.5742,12393800,132524600,4465246100,53022546500,3699.2157,3706.6561,3669.5742,3669.3703
95802000,3669.5196,8063000,101863900,4473309100,53124410400,3699.2157,3706.6561,3669.5196,3669.3703
95807000,3669.412,7737600,86627800,4481046700,53211038200,3699.2157,3706.6561,3669.412,3669.3703
95812000,3668.945,9215500,107168700,4490262200,53318206900,3699.2157,3706.6561,3668.945,3669.3703
95817000,3668.7653,5650000,68000900,4495912200,53386207800,3699.2157,3706.6561,3668.7653,3669.3703
95822000,3668.8532,8514700,102181500,4504426900,53488389300,3699.2157,3706.6561,3668.7653,3669.3703
95827000,3669.1404,10745400,122587500,4515172300,53610976800,3699.2157,3706.6561,3668.7653,3669.3703
95832000,3669.3947,11451700,140667300,4526624000,53751644100,3699.2157,3706.6561,3668.7653,3669.3703
95837000,3669.7255,10891600,109061400,4537515600,53860705500,3699.2157,3706.6561,3668.7653,3669.3703
95842000,3669.9176,12189700,141579500,4549705300,54002285000,3699.2157,3706.6561,3668.7653,3669.3703
95847000,3670.0453,8369400,77619300,4558074700,54079904300,3699.2157,3706.6561,3668.7653,3669.3703
95852000,3669.474,14501500,135917700,4572576200,54215822000,3699.2157,3706.6561,3668.7653,3669.3703
95857000,3670.3033,12532300,130083700,4585108500,54345905700,3699.2157,3706.6561,3668.7653,3669.3703
95902000,3669.8986,9705800,103099900,4594814300,54449005600,3699.2157,3706.6561,3668.7653,3669.3703
95907000,3670.6206,8100800,82109500,4602915100,54531115100,3699.2157,3706.6561,3668.7653,3669.3703
95912000,3670.3548,9969800,107577900,4612884900,54638693000,3699.2157,3706.6561,3668.7653,3669.3703
95917000,3670.6494,7453700,85458200,4620338600,54724151200,3699.2157,3706.6561,3668.7653,3669.3703
95922000,3670.6411,9562600,112475300,4629901200,54836626500,3699.2157,3706.6561,3668.7653,3669.3703
95927000,3671.1448,10872500,114695200,4640773700,54951321700,3699.2157,3706.6561,3668.7653,3669.3703
95932000,3671.3213,8496200,104107400,4649269900,55055429100,3699.2157,3706.6561,3668.7653,3669.3703
95937000,3671.3923,6444100,72763200,4655714000,55128192300,3699.2157,3706.6561,3668.7653,3669.3703
95942000,3671.8871,9358200,110790500,4665072200,55238982800,3699.2157,3706.6561,3668.7653,3669.3703
95947000,3672.2049,5294000,67393400,4670366200,55306376200,3699.2157,3706.6561,3668.7653,3669.3703
95952000,3672.8001,11312600,109159700,4681678800,55415535900,3699.2157,3706.6561,3668.7653,3669.3703
95957000,3673.3581,9516300,112632700,4691195100,55528168600,3699.2157,3706.6561,3668.7653,3669.3703
100002000,3673.7532,8327800,113940200,4699522900,55642108800,3699.2157,3706.6561,3668.7653,3669.3703
100007000,3673.7728,6010900,69428100,4705533800,55711536900,3699.2157,3706.6561,3668.7653,3669.3703
100012000,3674.0343,8934300,101383700,4714468100,55812920600,3699.2157,3706.6561,3668.7653,3669.3703
100017000,3674.5876,5409100,60168700,4719877200,55873089300,3699.2157,3706.6561,3668.7653,3669.3703
100022000,3674.4653,5979000,69303400,4725856200,55942392700,3699.2157,3706.6561,3668.7653,3669.3703
100027000,3674.5902,8084000,99391400,4733940200,56041784100,3699.2157,3706.6561,3668.7653,3669.3703
100032000,3675.1785,8065500,96450700,4742005700,56138234800,3699.2157,3706.6561,3668.7653,3669.3703
100037000,3675.0951,6517500,67583500,4748523200,56205818300,3699.2157,3706.6561,3668.7653,3669.3703
100042000,3674.9414,7906400,87355200,4756429600,56293173500,3699.2157,3706.6561,3668.7653,3669.3703
100047000,3675.4265,6167900,71438100,4762597500,56364611600,3699.2157,3706.6561,3668.7653,3669.3703
100052000,3675.485,8911400,88453200,4771508900,56453064800,3699.2157,3706.6561,3668.7653,3669.3703
100057000,3675.6477,7402300,92121100,4778911200,56545185900,3699.2157,3706.6561,3668.7653,3669.3703
100102000,3675.1568,5599400,72500600,4784510600,56617686500,3699.2157,3706.6561,3668.7653,3669.3703
100107000,3675.3847,6179200,68758300,4790689800,56686444800,3699.2157,3706.6561,3668.7653,3669.3703
100112000,3675.3121,8397900,90926400,4799087700,56777371200,3699.2157,3706.6561,3668.7653,3669.3703
100117000,3675.5512,4979300,72063500,4804067000,56849434700,3699.2157,3706.6561,3668.7653,3669.3703
100122000,3675.5136,5341200,69947900,4809408200,56919382600,3699.2157,3706.6561,3668.7653,3669.3703
100127000,3675.0684,8128300,95721000,4817536500,57015103600,3699.2157,3706.6561,3668.7653,3669.3703
100132000,3675.442,7114100,85065700,4824650600,57100169300,3699.2157,3706.6561,3668.7653,3669.3703
100137000,3675.0547,5581500,58998400,4830232100,57159167700,3699.2157,3706.6561,3668.7653,3669.3703
100142000,3675.5631,6506100,83279800,4836738200,57242447500,3699.2157,3706.6561,3668.7653,3669.3703
100147000,3675.4251,5153000,58534500,4841891200,57300982000,3699.2157,3706.6561,3668.7653,3669.3703
100152000,3675.5506,8951900,108895800,4850843100,57409877800,3699.2157,3706.6561,3668.7653,3669.3703
100157000,3675.5207,8601400,90977500,4859444500,57500855300,3699.2157,3706.6561,3668.7653,3669.3703
100202000,3676.2979,8086600,95760300,4867531100,57596615600,3699.2157,3706.6561,3668.7653,3669.3703
100207000,3675.9651,9420900,81358200,4876952000,57677973800,3699.2157,3706.6561,3668.7653,3669.3703
100212000,3675.8297,8773900,101732400,4885725900,57779706200,3699.2157,3706.6561,3668.7653,3669.3703
100217000,3676.2259,5021100,61861600,4890747000,57841567800,3699.2157,3706.6561,3668.7653,3669.3703
100222000,3676.4127,6275700,80685700,4897022700,57922253500,3699.2157,3706.6561,3668.7653,3669.3703
100227000,3676.3963,7009400,81859300,4904032100,58004112800,3699.2157,3706.6561,3668.7653,3669.3703
100232000,3676.4209,5987200,82070000,4910019300,58086182800,3699.2157,3706.6561,3668.7653,3669.3703
100237000,3676.3562,6084200,68492300,4916103500,58154675100,3699.2157,3706.6561,3668.7653,3669.3703
100242000,3676.6755,7053300,87634900,4923156800,58242310000,3699.2157,3706.6561,3668.7653,3669.3703
100247000,3676.7653,5299300,54483400,4928456100,58296793400,3699.2157,3706.6561,3668.7653,3669.3703
100252000,3676.866,5586800,67378200,4934042900,58364171600,3699.2157,3706.6561,3668.7653,3669.3703
100257000,3676.915,9169900,98999800,4943212800,58463171400,3699.2157,3706.6561,3668.7653,3669.3703
100302000,3677.1754,5872900,74771700,4949085700,58537943100,3699.2157,3706.6561,3668.7653,3669.3703
100307000,3677.0318,5360600,61618500,4954446300,58599561600,3699.2157,3706.6561,3668.7653,3669.3703
100312000,3676.9939,9119600,90817800,4963565900,58690379400,3699.2157,3706.6561,3668.7653,3669.3703
100317000,3677.1521,6084000,65347700,4969649900,58755727100,3699.2157,3706.6561,3668.7653,3669.3703
100322000,3677.489,6564500,83860000,4976214400,58839587100,3699.2157,3706.6561,3668.7653,3669.3703
100327000,3677.4106,7435800,88725200,4983650200,58928312300,3699.2157,3706.6561,3668.7653,3669.3703
100332000,3677.2209,5517500,73769100,4989167700,59002081400,3699.2157,3706.6561,3668.7653,3669.3703
100337000,3677.1582,5758200,61100200,4994925900,59063181600,3699.2157,3706.6561,3668.7653,3669.3703
100342000,3677.0908,8203300,83371900,5003129200,59146553500,3699.2157,3706.6561,3668.7653,3669.3703
100347000,3676.8149,4866800,65373500,5007996000,59211927000,3699.2157,3706.6561,3668.7653,3669.3703
100352000,3676.9523,5967700,78400400,5013963700,59290327400,3699.2157,3706.6561,3668.7653,3669.3703
100357000,3676.9223,7731100,97081300,5021694800,59387408700,3699.2157,3706.6561,3668.7653,3669.3703
100402000,3677.3784,5389400,71439300,5027084200,59458848000,3699.2157,3706.6561,3668.7653,3669.3703
100407000,3676.8557,7037400,74749900,5034121600,59533597900,3699.2157,3706.6561,3668.7653,3669.3703
100412000,3677.5223,10238700,104540800,5044360300,59638138700,3699.2157,3706.6561,3668.7653,3669.3703
100417000,3677.8239,5604600,60147200,5049964900,59698285900,3699.2157,3706.6561,3668.7653,3669.3703
100422000,3678.2632,6984200,83727800,5056949100,59782013700,3699.2157,3706.6561,3668.7653,3669.3703
100427000,3678.6317,7985200,87365500,5064934300,59869379200,3699.2157,3706.6561,3668.7653,3669.3703
100432000,3678.8201,8749200,95826800,5073683500,59965206000,3699.2157,3706.6561,3668.7653,3669.3703
100437000,3679.1641,6709800,66242200,5080393300,60031448200,3699.2157,3706.6561,3668.7653,3669.3703
100442000,3679.16,8987800,97935500,5089381100,60129383700,3699.2157,3706.6561,3668.7653,3669.3703
100447000,3679.8642,5180600,55242800,5094561700,60184626500,3699.2157,3706.6561,3668.7653,3669.3703
100452000,3679.8641,6969900,76132400,5101531600,60260758900,3699.2157,3706.6561,3668.7653,3669.3703
100457000,3680.3643,11025200,108610900,5112556800,60369369800,3699.2157,3706.6561,3668.7653,3669.3703
100502000,3680.8226,9905100,97773800,5122461900,60467143600,3699.2157,3706.6561,3668.7653,3669.3703
100507000,3680.5156,10190200,72448000,5132652100,60539591600,3699.2157,3706.6561,3668.7653,3669.3703
100512000,3680.9016,8621500,100722100,5141273600,60640313700,3699.2157,3706.6561,3668.7653,3669.3703
100517000,3680.961,5055600,67800700,5146329200,60708114400,3699.2157,3706.6561,3668.7653,3669.3703
100522000,3681.3604,6833600,80814900,5153162800,60788929300,3699.2157,3706.6561,3668.7653,3669.3703
100527000,3681.4742,8663800,95455300,5161826600,60884384600,3699.2157,3706.6561,3668.7653,3669.3703
100532000,3681.1667,6429700,83019500,5168256300,60967404100,3699.2157,3706.6561,3668.7653,3669.3703
100537000,3681.2876,5834800,60041500,5174091100,61027445600,3699.2157,3706.6561,3668.7653,3669.3703
100542000,3681.673,9532300,104335900,5183623400,61131781500,3699.2157,3706.6561,3668.7653,3669.3703
100547000,3682.3272,5854800,72907200,5189478200,61204688700,3699.2157,3706.6561,3668.7653,3669.3703
100552000,3682.5468,6964400,86378700,5196442600,61291067400,3699.2157,3706.6561,3668.7653,3669.3703
100557000,3682.3123,8737000,91290300,5205179600,61382357700,3699.2157,3706.6561,3668.7653,3669.3703
100602000,3682.7139,7723700,83248400,5212903300,61465606100,3699.2157,3706.6561,3668.7653,3669.3703
100607000,3683.1156,7128500,72565400,5220031800,61538171500,3699.2157,3706.6561,3668.7653,3669.3703
100612000,3682.9687,8562700,91118000,5228594500,61629289500,3699.2157,3706.6561,3668.7653,3669.3703
100617000,3683.5029,5690600,70906800,5234285100,61700196300,3699.2157,3706.6561,3668.7653,3669.3703
100622000,3683.4284,10422100,102481600,5244707200,61802677900,3699.2157,3706.6561,3668.7653,3669.3703
100627000,3683.9516,8709000,85840600,5253416200,61888518500,3699.2157,3706.6561,3668.7653,3669.3703
100632000,3683.6774,7585500,88932500,5261001700,61977451000,3699.2157,3706.6561,3668.7653,3669.3703
100637000,3684.0311,7063300,69838500,5268065000,62047289500,3699.2157,3706.6561,3668.7653,3669.3703
100642000,3684.9893,13322100,121999500,5281387100,62169289000,3699.2157,3706.6561,3668.7653,3669.3703
100647000,3684.5468,6021000,74988000,5287408100,62244277000,3699.2157,3706.6561,3668.7653,3669.3703
100652000,3684.9468,8727800,93338000,5296135900,62337615000,3699.2157,3706.6561,3668.7653,3669.3703
100657000,3684.4617,11628600,115371600,5307764500,62452986600,3699.2157,3706.6561,3668.7653,3669.3703
100702000,3685.2435,8881800,97811100,5316646300,62550797700,3699.2157,3706.6561,3668.7653,3669.3703
100707000,3685.0427,5937400,59690700,5322583700,62610488400,3699.2157,3706.6561,3668.7653,3669.3703
100712000,3684.9682,11011400,102426000,5333595100,62712914400,3699.2157,3706.6561,3668.7653,3669.3703
100717000,3685.078,5793100,63818100,5339388200,62776732500,3699.2157,3706.6561,3668.7653,3669.3703
100722000,3684.9514,8939900,86285800,5348328100,62863018300,3699.2157,3706.6561,3668.7653,3669.3703
100727000,3683.1507,15972000,142537800,5364300100,63005556100,3699.2157,3706.6561,3668.7653,3669.3703
100732000,3682.26,12163800,136302000,5376463900,63141858100,3699.2157,3706.6561,3668.7653,3669.3703
100737000,3681.0743,11798100,121831100,5388262000,63263689200,3699.2157,3706.6561,3668.7653,3669.3703
100742000,3679.4332,14688600,156053600,5402950600,63419742800,3699.2157,3706.6561,3668.7653,3669.3703
100747000,3679.4416,7175300,85838900,5410125900,63505581700,3699.2157,3706.6561,3668.7653,3669.3703
100752000,3678.6467,8882900,100412300,5419008800,63605994000,3699.2157,3706.6561,3668.7653,3669.3703
100757000,3677.8303,9678100,119597700,5428686900,63725591700,3699.2157,3706.6561,3668.7653,3669.3703
100802000,3678.1965,7418900,87708600,5436105800,63813300300,3699.2157,3706.6561,3668.7653,3669.3703
100807000,3677.8516,6364400,68382100,5442470200,63881682400,3699.2157,3706.6561,3668.7653,3669.3703
100812000,3677.3166,7380900,86814500,5449851100,63968496900,3699.2157,3706.6561,3668.7653,3669.3703
100817000,3677.471,4588600,54995000,5454439700,64023491900,3699.2157,3706.6561,3668.7653,3669.3703
100822000,3677.629,7151600,74453800,5461591300,64097945700,3699.2157,3706.6561,3668.7653,3669.3703
100827000,3677.2415,7223000,83892900,5468814300,64181838600,3699.2157,3706.6561,3668.7653,3669.3703
100832000,3677.1981,5279300,67178600,5474093600,64249017200,3699.2157,3706.6561,3668.7653,3669.3703
100837000,3676.9119,6366000,65484900,5480459600,64314502100,3699.2157,3706.6561,3668.7653,3669.3703
100842000,3676.9963,8636600,80826500,5489096200,64395328600,3699.2157,3706.6561,3668.7653,3669.3703
100847000,3676.7098,7740300,70671400,5496836500,64466000000,3699.2157,3706.6561,3668.7653,3669.3703
100852000,3676.9472,8236200,83358300,5505072700,64549358300,3699.2157,3706.6561,3668.7653,3669.3703
100857000,3676.4971,7352800,78538200,5512425500,64627896500,3699.2157,3706.6561,3668.7653,3669.3703
100902000,3676.7058,6267400,67716100,5518692900,64695612600,3699.2157,3706.6561,3668.7653,3669.3703
100907000,3676.2119,4086900,45728700,5522779800,64741341300,3699.2157,3706.6561,3668.7653,3669.3703
100912000,3676.4068,6936600,79546900,5529716400,64820888200,3699.2157,3706.6561,3668.7653,3669.3703
100917000,3676.0818,3396100,44915500,5533112500,64865803700,3699.2157,3706.6561,3668.7653,3669.3703
100922000,3675.8395,6203100,66170500,5539315600,64931974200,3699.2157,3706.6561,3668.7653,3669.3703
100927000,3675.6815,9479300,88902300,5548794900,65020876500,3699.2157,3706.6561,3668.7653,3669.3703
100932000,3675.7046,6368200,62990100,5555163100,65083866600,3699.2157,3706.6561,3668.7653,3669.3703
100937000,3675.9695,3523100,45446200,5558686200,65129312800,3699.2157,3706.6561,3668.7653,3669.3703
100942000,3675.6396,6771700,81549300,5565457900,65210862100,3699.2157,3706.6561,3668.7653,3669.3703
100947000,3675.2877,4684300,62947100,5570142200,65273809200,3699.2157,3706.6561,3668.7653,3669.3703
100952000,3674.6906,4980000,63825700,5575122200,65337634900,3699.2157,3706.6561,3668.7653,3669.3703
100957000,3674.7046,5606700,80842000,5580728900,65418476900,3699.2157,3706.6561,3668.7653,3669.3703
101002000,3674.6009,5479700,69930800,5586208600,65488407700,3699.2157,3706.6561,3668.7653,3669.3703
101007000,3674.7998,4258200,45743200,5590466800,65534150900,3699.2157,3706.6561,3668.7653,3669.3703
101012000,3674.3846,5268900,63900200,5595735700,65598051100,3699.2157,3706.6561,3668.7653,3669.3703
101017000,3674.609,4206900,51679400,5599942600,65649730500,3699.2157,3706.6561,3668.7653,3669.3703
101022000,3674.2552,8443800,84855600,5608386400,65734586100,3699.2157,3706.6561,3668.7653,3669.3703
101027000,3674.4551,6231700,74978800,5614618100,65809564900,3699.2157,3706.6561,3668.7653,3669.3703
101032000,3674.1425,5392900,65295700,5620011000,65874860600,3699.2157,3706.6561,3668.7653,3669.3703
101037000,3674.3615,3592200,41579800,5623603200,65916440400,3699.2157,3706.6561,3668.7653,3669.3703
101042000,3674.4628,5172800,67756000,5628776000,65984196400,3699.2157,3706.6561,3668.7653,3669.3703
101047000,3674.4074,4696600,46478100,5633472600,66030674500,3699.2157,3706.6561,3668.7653,3669.3703
101052000,3674.2775,8679200,86704300,5642151800,66117378800,3699.2157,3706.6561,3668.7653,3669.3703
101057000,3674.5211,6677800,74557400,5648829600,66191936200,3699.2157,3706.6561,3668.7653,3669.3703
101102000,3674.5659,4731300,63958500,5653560900,66255894700,3699.2157,3706.6561,3668.7653,3669.3703
101107000,3674.9959,5731000,61319800,5659291900,66317214500,3699.2157,3706.6561,3668.7653,3669.3703
101112000,3675.0407,7896600,86644400,5667188500,66403858900,3699.2157,3706.6561,3668.7653,3669.3703
101117000,3675.2812,4009000,44979100,5671197500,66448838000,3699.2157,3706.6561,3668.7653,3669.3703
101122000,3675.0344,5765500,65858100,5676963000,66514696100,3699.2157,3706.6561,3668.7653,3669.3703
101127000,3675.5359,7263800,74204200,5684226800,66588900300,3699.2157,3706.6561,3668.7653,3669.3703
101132000,3675.8947,6497200,87134500,5690724000,66676034800,3699.2157,3706.6561,3668.7653,3669.3703
101137000,3676.1995,5604600,63022000,5696328600,66739056800,3699.2157,3706.6561,3668.7653,3669.3703
101142000,3676.5881,9062700,103523600,5705391300,66842580400,3699.2157,3706.6561,3668.7653,3669.3703
101147000,3676.8746,6017100,71581300,5711408400,66914161700,3699.2157,3706.6561,3668.7653,3669.3703
101152000,3677.0942,8016000,93301200,5719424400,67007462900,3699.2157,3706.6561,3668.7653,3669.3703
101157000,3677.806,11842000,127374300,5731266400,67134837200,3699.2157,3706.6561,3668.7653,3669.3703
101202000,3679.9438,11080400,145696400,5742346800,67280533600,3699.2157,3706.6561,3668.7653,3669.3703
101207000,3680.6657,8837200,104489000,5751184000,67385022600,3699.2157,3706.6561,3668.7653,3669.3703
101212000,3681.0634,10825700,120481300,5762009700,67505503900,3699.2157,3706.6561,3668.7653,3669.3703
101217000,3681.0549,7693500,81426300,5769703200,67586930200,3699.2157,3706.6561,3668.7653,3669.3703
101222000,3681.5495,8186000,91549800,5777889200,67678480000,3699.2157,3706.6561,3668.7653,3669.3703
101227000,3681.9949,8104200,102063300,5785993400,67780543300,3699.2157,3706.6561,3668.7653,3669.3703
101232000,3682.4565,7118200,81520600,5793111600,67862063900,3699.2157,3706.6561,3668.7653,3669.3703
101237000,3682.5661,5909700,65285600,5799021300,67927349500,3699.2157,3706.6561,3668.7653,3669.3703
101242000,3682.7687,11024000,128384900,5810045300,68055734400,3699.2157,3706.6561,3668.7653,3669.3703
101247000,3683.3082,7756200,92413800,5817801500,68148148200,3699.2157,3706.6561,3668.7653,3669.3703
101252000,3683.2512,9243500,113159500,5827045000,68261307700,3699.2157,3706.6561,3668.7653,3669.3703
101257000,3683.5778,12210400,126702400,5839255400,68388010100,3699.2157,3706.6561,3668.7653,3669.3703
101302000,3684.3416,8350200,94122300,5847605600,68482132400,3699.2157,3706.6561,3668.7653,3669.3703
101307000,3684.0016,7904600,65733800,5855510200,68547866200,3699.2157,3706.6561,3668.7653,3669.3703
101312000,3684.2347,9784800,110240700,5865295000,68658106900,3699.2157,3706.6561,3668.7653,3669.3703
101317000,3684.4147,8696300,91144800,5873991300,68749251700,3699.2157,3706.6561,3668.7653,3669.3703
101322000,3683.8783,9121100,87916600,5883112400,68837168300,3699.2157,3706.6561,3668.7653,3669.3703
101327000,3684.5693,11097200,108824200,5894209600,68945992500,3699.2157,3706.6561,3668.7653,3669.3703
101332000,3684.2963,9507100,114597800,5903716700,69060590300,3699.2157,3706.6561,3668.7653,3669.3703
101337000,3684.5106,6460800,79562900,5910177500,69140153200,3699.2157,3706.6561,3668.7653,3669.3703
101342000,3684.3782,9939800,111073900,5920117300,69251227100,3699.2157,3706.6561,3668.7653,3669.3703
101347000,3684.2917,5416100,60934400,5925533400,69312161500,3699.2157,3706.6561,3668.7653,3669.3703
101352000,3684.2208,7694900,86496100,5933228300,69398657600,3699.2157,3706.6561,3668.7653,3669.3703
101357000,3684.7907,7293000,93020100,5940521300,69491677700,3699.2157,3706.6561,3668.7653,3669.3703
101402000,3684.8855,6878500,78713100,5947399800,69570390800,3699.2157,3706.6561,3668.7653,3669.3703
101407000,3684.8252,7463600,78100000,5954863400,69648490800,3699.2157,3706.6561,3668.7653,3669.3703
101412000,3684.9456,8501900,98206100,5963365300,69746696900,3699.2157,3706.6561,3668.7653,3669.3703
101417000,3684.7584,6570700,72769200,5969936000,69819466100,3699.2157,3706.6561,3668.7653,3669.3703
101422000,3684.4501,8583200,87764600,5978519200,69907230700,3699.2157,3706.6561,3668.7653,3669.3703
101427000,3684.0303,11115300,133019500,5989634500,70040250200,3699.2157,3706.6561,3668.7653,3669.3703
101432000,3683.6897,9379600,111922900,5999014100,70152173100,3699.2157,3706.6561,3668.7653,3669.3703
101437000,3682.9523,8264900,83964200,6007279000,70236137300,3699.2157,3706.6561,3668.7653,3669.3703
101442000,3682.5319,9804700,115124800,6017083700,70351262100,3699.2157,3706.6561,3668.7653,3669.3703
101447000,3682.5622,6621200,87305700,6023704900,70438567800,3699.2157,3706.6561,3668.7653,3669.3703
101452000,3682.3826,10010700,99246700,6033715600,70537814500,3699.2157,3706.6561,3668.7653,3669.3703
101457000,3682.9186,8515100,93710800,6042230700,70631525300,3699.2157,3706.6561,3668.7653,3669.3703
101502000,3682.2183,8061800,85916800,6050292500,70717442100,3699.2157,3706.6561,3668.7653,3669.3703
101507000,3682.2068,5896200,58764000,6056188700,70776206100,3699.2157,3706.6561,3668.7653,3669.3703
101512000,3682.1883,7430100,91464700,6063618800,70867670800,3699.2157,3706.6561,3668.7653,3669.3703
101517000,3682.1806,5751600,64858300,6069370400,70932529100,3699.2157,3706.6561,3668.7653,3669.3703
101522000,3682.2667,5884700,63921900,6075255100,70996451000,3699.2157,3706.6561,3668.7653,3669.3703
101527000,3682.4115,5874500,64371600,6081129600,71060822600,3699.2157,3706.6561,3668.7653,3669.3703
101532000,3682.4389,4731900,58936900,6085861500,71119759500,3699.2157,3706.6561,3668.7653,3669.3703
101537000,3682.2707,5019100,48640800,6090880600,71168400300,3699.2157,3706.6561,3668.7653,3669.3703
101542000,3681.9712,6207100,82456200,6097087700,71250856500,3699.2157,3706.6561,3668.7653,3669.3703
101547000,3682.0757,3906700,46899300,6100994400,71297755800,3699.2157,3706.6561,3668.7653,3669.3703
101552000,3682.4518,5029300,63301100,6106023700,71361056900,3699.2157,3706.6561,3668.7653,3669.3703
101557000,3682.571,6725200,78379400,6112748900,71439436300,3699.2157,3706.6561,3668.7653,3669.3703
101602000,3682.2513,4121400,55375200,6116870300,71494811500,3699.2157,3706.6561,3668.7653,3669.3703
101607000,3682.3477,5623800,64390300,6122494100,71559201800,3699.2157,3706.6561,3668.7653,3669.3703
101612000,3682.0828,5518400,64695400,6128012500,71623897200,3699.2157,3706.6561,3668.7653,3669.3703
101617000,3682.3509,4440200,46802900,6132452700,71670700100,3699.2157,3706.6561,3668.7653,3669.3703
101622000,3682.7426,5489100,53901900,6137941800,71724602000,3699.2157,3706.6561,3668.7653,3669.3703
101627000,3682.5557,5354300,67476700,6143296100,71792078700,3699.2157,3706.6561,3668.7653,3669.3703
101632000,3682.5409,6550800,69720300,6149846900,71861799000,3699.2157,3706.6561,3668.7653,3669.3703
101637000,3682.2843,4290200,49859600,6154137100,71911658600,3699.2157,3706.6561,3668.7653,3669.3703
101642000,3681.856,6248600,78396300,6160385700,71990054900,3699.2157,3706.6561,3668.7653,3669.3703
101647000,3682.2711,4303600,54295300,6164689300,72044350200,3699.2157,3706.6561,3668.7653,3669.3703
101652000,3682.5574,5562700,61968000,6170252000,72106318200,3699.2157,3706.6561,3668.7653,3669.3703
101657000,3682.8048,6467800,72077000,6176719800,72178395200,3699.2157,3706.6561,3668.7653,3669.3703
101702000,3682.5208,5095000,65320800,6181814800,72243716000,3699.2157,3706.6561,3668.7653,3669.3703
101707000,3682.5574,4274800,54191800,6186089600,72297907800,3699.2157,3706.6561,3668.7653,3669.3703
101712000,3683.2183,6356900,69019500,6192446500,72366927300,3699.2157,3706.6561,3668.7653,3669.3703
101717000,3683.4697,5649700,56564600,6198096200,72423491900,3699.2157,3706.6561,3668.7653,3669.3703
101722000,3683.3005,6748500,63695600,6204844700,72487187500,3699.2157,3706.6561,3668.7653,3669.3703
101727000,3683.651,6610500,69089500,6211455200,72556277000,3699.2157,3706.6561,3668.7653,3669.3703
101732000,3683.4863,10600500,85494400,6222055700,72641771400,3699.2157,3706.6561,3668.7653,3669.3703
101737000,3683.935,4903800,66134800,6226959500,72707906200,3699.2157,3706.6561,3668.7653,3669.3703
101742000,3683.9189,6013900,66187500,6232973400,72774093700,3699.2157,3706.6561,3668.7653,3669.3703
101747000,3684.0814,4956100,49175700,6237929500,72823269400,3699.2157,3706.6561,3668.7653,3669.3703
101752000,3684.2738,6455300,60583200,6244384800,72883852600,3699.2157,3706.6561,3668.7653,3669.3703
101757000,3684.1257,6032300,68597800,6250417100,72952450400,3699.2157,3706.6561,3668.7653,3669.3703
101802000,3684.5144,5327000,58400800,6255744100,73010851200,3699.2157,3706.6561,3668.7653,3669.3703
101807000,3684.5835,4033700,50618800,6259777800,73061470000,3699.2157,3706.6561,3668.7653,3669.3703
101812000,3684.76,6536800,70106000,6266314600,73131576000,3699.2157,3706.6561,3668.7653,3669.3703
101817000,3684.2881,4913300,68015100,6271227900,73199591100,3699.2157,3706.6561,3668.7653,3669.3703
101822000,3684.1883,7335700,90281200,6278563600,73289872300,3699.2157,3706.6561,3668.7653,3669.3703
101827000,3684.3506,8697900,96685000,6287261500,73386557300,3699.2157,3706.6561,3668.7653,3669.3703
101832000,3684.0334,7195500,105414600,6294457000,73491971900,3699.2157,3706.6561,3668.7653,3669.3703
101837000,3684.6999,4796000,52948200,6299253000,73544920100,3699.2157,3706.6561,3668.7653,3669.3703
101842000,3684.3562,5609200,69056000,6304862200,73613976100,3699.2157,3706.6561,3668.7653,3669.3703
101847000,3684.3677,3907900,51643500,6308770100,73665619600,3699.2157,3706.6561,3668.7653,3669.3703
101852000,3684.1543,5094200,63208700,6313864300,73728828300,3699.2157,3706.6561,3668.7653,3669.3703
101857000,3683.57,8053500,100312600,6321917800,73829140900,3699.2157,3706.6561,3668.7653,3669.3703
101902000,3684.1757,6774300,80530200,6328692100,73909671100,3699.2157,3706.6561,3668.7653,3669.3703
101907000,3684.2141,3753200,51713100,6332445300,73961384200,3699.2157,3706.6561,3668.7653,3669.3703
101912000,3684.2995,6416900,77223800,6338862200,74038608000,3699.2157,3706.6561,3668.7653,3669.3703
101917000,3684.263,4231800,55290000,6343094000,74093898000,3699.2157,3706.6561,3668.7653,3669.3703
101922000,3684.323,6897000,68518100,6349991000,74162416100,3699.2157,3706.6561,3668.7653,3669.3703
101927000,3684.4939,4684300,65714200,6354675300,74228130300,3699.2157,3706.6561,3668.7653,3669.3703
101932000,3684.6564,5776700,64465800,6360452000,74292596100,3699.2157,3706.6561,3668.7653,3669.3703
101937000,3684.7202,3988900,49097200,6364440900,74341693300,3699.2157,3706.6561,3668.7653,3669.3703
101942000,3685.2325,8095200,102655800,6372536100,74444349100,3699.2157,3706.6561,3668.7653,3669.3703
101947000,3685.2714,6316100,82522700,6378852200,74526871800,3699.2157,3706.6561,3668.7653,3669.3703
101952000,3685.6807,6070900,77124900,6384923100,74603996700,3699.2157,3706.6561,3668.7653,3669.3703
101957000,3686.0902,7635100,118635400,6392558200,74722632100,3699.2157,3706.6561,3668.7653,3669.3703
102002000,3686.539,8797800,130181700,6401356000,74852813800,3699.2157,3706.6561,3668.7653,3669.3703
102007000,3686.2106,5876400,81274800,6407232400,74934088600,3699.2157,3706.6561,3668.7653,3669.3703
102012000,3687.0707,9243300,126553500,6416475700,75060642100,3699.2157,3706.6561,3668.7653,3669.3703
102017000,3687.2836,5162800,65501800,6421638500,75126143900,3699.2157,3706.6561,3668.7653,3669.3703
102022000,3687.7207,7088900,100453900,6428727400,75226597800,3699.2157,3706.6561,3668.7653,3669.3703
102027000,3687.5569,10102000,139256300,6438829400,75365854100,3699.2157,3706.6561,3668.7653,3669.3703
102032000,3688.1949,6637500,85199900,6445466900,75451054000,3699.2157,3706.6561,3668.7653,3669.3703
102037000,3688.209,6638100,86079300,6452105000,75537133300,3699.2157,3706.6561,3668.7653,3669.3703
102042000,3688.4765,8703500,109228400,6460808500,75646361700,3699.2157,3706.6561,3668.7653,3669.3703
102047000,3689.1105,7898000,86445800,6468706500,75732807500,3699.2157,3706.6561,3668.7653,3669.3703
102052000,3688.749,8807500,110087600,6477514000,75842895100,3699.2157,3706.6561,3668.7653,3669.3703
102057000,3688.9569,9000200,116217900,6486514200,75959113000,3699.2157,3706.6561,3668.7653,3669.3703
102102000,3689.0654,8003100,96500500,6494517300,76055613500,3699.2157,3706.6561,3668.7653,3669.3703
102107000,3689.1339,8303700,87768000,6502821000,76143381500,3699.2157,3706.6561,3668.7653,3669.3703
102112000,3688.1147,9194200,111900800,6512015200,76255282300,3699.2157,3706.6561,3668.7653,3669.3703
102117000,3688.2572,5811600,75305400,6517826800,76330587700,3699.2157,3706.6561,3668.7653,3669.3703
102122000,3687.3111,8685300,92597300,6526512100,76423185000,3699.2157,3706.6561,3668.7653,3669.3703
102127000,3686.2905,10822900,133414100,6537335000,76556599100,3699.2157,3706.6561,3668.7653,3669.3703
102132000,3684.7027,12424700,145338600,6549759700,76701937700,3699.2157,3706.6561,3668.7653,3669.3703
102137000,3684.5158,9455000,106455700,6559214700,76808393400,3699.2157,3706.6561,3668.7653,3669.3703
102142000,3682.8011,13736000,153653000,6572950700,76962046400,3699.2157,3706.6561,3668.7653,3669.3703
102147000,3682.937,7027400,85629700,6579978100,77047676100,3699.2157,3706.6561,3668.7653,3669.3703
102152000,3682.5741,7316300,95835900,6587294400,77143512000,3699.2157,3706.6561,3668.7653,3669.3703
102157000,3682.7738,8923300,98536800,6596217700,77242048800,3699.2157,3706.6561,3668.7653,3669.3703
102202000,3682.3811,7435400,88227100,6603653100,77330275900,3699.2157,3706.6561,3668.7653,3669.3703
102207000,3682.3917,6289500,64828300,6609942600,77395104200,3699.2157,3706.6561,3668.7653,3669.3703
102212000,3682.1976,6912000,88577200,6616854600,77483681400,3699.2157,3706.6561,3668.7653,3669.3703
102217000,3682.32,3787900,51480200,6620642500,77535161600,3699.2157,3706.6561,3668.7653,3669.3703
102222000,3682.2492,6863900,91391800,6627506400,77626553400,3699.2157,3706.6561,3668.7653,3669.3703
102227000,3682.2685,5605500,66770900,6633111900,77693324300,3699.2157,3706.6561,3668.7653,3669.3703
102232000,3682.3838,4741400,60738400,6637853300,77754062700,3699.2157,3706.6561,3668.7653,3669.3703
102237000,3682.0203,3587800,51620100,6641441100,77805682800,3699.2157,3706.6561,3668.7653,3669.3703
102242000,3681.3964,5954400,76599600,6647395500,77882282400,3699.2157,3706.6561,3668.7653,3669.3703
102247000,3681.1739,5106600,55355400,6652502100,77937637800,3699.2157,3706.6561,3668.7653,3669.3703
102252000,3681.2135,6285500,83779600,6658787600,78021417400,3699.2157,3706.6561,3668.7653,3669.3703
102257000,3680.7038,6747900,81946200,6665535500,78103363600,3699.2157,3706.6561,3668.7653,3669.3703
102302000,3680.8696,7309500,93978400,6672845000,78197342000,3699.2157,3706.6561,3668.7653,3669.3703
102307000,3680.736,3519600,45193800,6676364600,78242535800,3699.2157,3706.6561,3668.7653,3669.3703
102312000,3680.759,5949300,78406100,6682313900,78320941900,3699.2157,3706.6561,3668.7653,3669.3703
102317000,3680.6315,4124100,47363500,6686438000,78368305400,3699.2157,3706.6561,3668.7653,3669.3703
102322000,3680.5505,4895500,65044600,6691333500,78433350000,3699.2157,3706.6561,3668.7653,3669.3703
102327000,3680.7211,6101000,83559800,6697434500,78516909800,3699.2157,3706.6561,3668.7653,3669.3703
102332000,3680.1066,4261000,57913700,6701695500,78574823500,3699.2157,3706.6561,3668.7653,3669.3703
102337000,3680.2805,3506600,43630100,6705202100,78618453600,3699.2157,3706.6561,3668.7653,3669.3703
102342000,3679.6447,5672400,73680300,6710874500,78692133900,3699.2157,3706.6561,3668.7653,3669.3703
102347000,3679.5704,2795100,58311900,6713669600,78750445800,3699.2157,3706.6561,3668.7653,3669.3703
102352000,3679.3653,3818800,50418800,6717488400,78800864600,3699.2157,3706.6561,3668.7653,3669.3703
102357000,3679.3802,7479400,93045600,6724967800,78893910200,3699.2157,3706.6561,3668.7653,3669.3703
102402000,3679.407,5308300,66181200,6730276100,78960091400,3699.2157,3706.6561,3668.7653,3669.3703
102407000,3679.2757,3901400,44510700,6734177500,79004602100,3699.2157,3706.6561,3668.7653,3669.3703
102412000,3679.2153,5679200,74963300,6739856700,79079565400,3699.2157,3706.6561,3668.7653,3669.3703
102417000,3679.4531,4436400,64316000,6744293100,79143881400,3699.2157,3706.6561,3668.7653,3669.3703
102422000,3679.3553,6074400,66035300,6750367500,79209916700,3699.2157,3706.6561,3668.7653,3669.3703
102427000,3679.1271,9474900,78555100,6759842400,79288471800,3699.2157,3706.6561,3668.7653,3669.3703
102432000,3679.2887,6609100,65130900,6766451500,79353602700,3699.2157,3706.6561,3668.7653,3669.3703
102437000,3679.0881,5761500,57018600,6772213000,79410621300,3699.2157,3706.6561,3668.7653,3669.3703
102442000,3678.8698,5673400,66399300,6777886400,79477020600,3699.2157,3706.6561,3668.7653,3669.3703
102447000,3678.5934,3890500,55463700,6781776900,79532484300,3699.2157,3706.6561,3668.7653,3669.3703
102452000,3678.6852,4981500,57771400,6786758400,79590255700,3699.2157,3706.6561,3668.7653,3669.3703
102457000,3678.7332,6556700,67879500,6793315100,79658135200,3699.2157,3706.6561,3668.7653,3669.3703
102502000,3678.9981,5816500,74827300,6799131600,79732962500,3699.2157,3706.6561,3668.7653,3669.3703
102507000,3679.0245,4092300,48284300,6803223900,79781246800,3699.2157,3706.6561,3668.7653,3669.3703
102512000,3678.9544,4941600,59484300,6808165500,79840731100,3699.2157,3706.6561,3668.7653,3669.3703
102517000,3678.8732,3056900,42974100,6811222400,79883705200,3699.2157,3706.6561,3668.7653,3669.3703
102522000,3679.1487,6570800,72275100,6817793200,79955980300,3699.2157,3706.6561,3668.7653,3669.3703
102527000,3679.8202,6474300,88836000,6824267500,80044816300,3699.2157,3706.6561,3668.7653,3669.3703
102532000,3680.7847,4680700,64363100,6828948200,80109179400,3699.2157,3706.6561,3668.7653,3669.3703
102537000,3679.6739,2952600,36162200,6831900800,80145341600,3699.2157,3706.6561,3668.7653,3669.3703
102542000,3680.0614,4262300,63628700,6836163100,80208970300,3699.2157,3706.6561,3668.7653,3669.3703
102547000,3680.4657,2647400,37198500,6838810500,80246168800,3699.2157,3706.6561,3668.7653,3669.3703
102552000,3680.525,4209600,51686200,6843020100,80297855000,3699.2157,3706.6561,3668.7653,3669.3703
102557000,3680.9214,4424800,54943600,6847444900,80352798600,3699.2157,3706.6561,3668.7653,3669.3703
102602000,3680.9339,3444000,51756400,6850888900,80404555000,3699.2157,3706.6561,3668.7653,3669.3703
102607000,3680.7244,3365200,44666100,6854254100,80449221100,3699.2157,3706.6561,3668.7653,3669.3703
102612000,3681.1651,5117200,59699300,6859371300,80508920400,3699.2157,3706.6561,3668.7653,3669.3703
102617000,3681.2631,2301400,30895700,6861672700,80539816100,3699.2157,3706.6561,3668.7653,3669.3703
102622000,3681.0643,6669500,56407200,6868342200,80596223300,3699.2157,3706.6561,3668.7653,3669.3703
102627000,3680.8531,6559100,69270400,6874901300,80665493700,3699.2157,3706.6561,3668.7653,3669.3703
102632000,3680.5225,6868700,68610200,6881770000,80734103900,3699.2157,3706.6561,3668.7653,3669.3703
102637000,3680.3203,5791000,51766600,6887561000,80785870500,3699.2157,3706.6561,3668.7653,3669.3703
102642000,3680.4926,7136500,80277200,6894697500,80866147700,3699.2157,3706.6561,3668.7653,3669.3703
102647000,3679.6635,3591400,45036800,6898288900,80911184500,3699.2157,3706.6561,3668.7653,3669.3703
102652000,3679.9614,5257200,67103000,6903546100,80978287500,3699.2157,3706.6561,3668.7653,3669.3703
102657000,3680.1868,5546800,69149300,6909092900,81047436800,3699.2157,3706.6561,3668.7653,3669.3703
102702000,3680.0079,4993700,64693300,6914086600,81112130100,3699.2157,3706.6561,3668.7653,3669.3703
102707000,3679.5034,4368700,51061600,6918455300,81163191700,3699.2157,3706.6561,3668.7653,3669.3703
102712000,3679.6138,4914500,56887800,6923369800,81220079500,3699.2157,3706.6561,3668.7653,3669.3703
102717000,3679.5523,4082100,48701300,6927451900,81268780800,3699.2157,3706.6561,3668.7653,3669.3703
102722000,3679.2384,4795000,55142000,6932246900,81323922800,3699.2157,3706.6561,3668.7653,3669.3703
102727000,3679.679,4308600,49083500,6936555500,81373006300,3699.2157,3706.6561,3668.7653,3669.3703
102732000,3679.7243,3911900,49888300,6940467400,81422894600,3699.2157,3706.6561,3668.7653,3669.3703
102737000,3679.7716,2651300,28593900,6943118700,81451488500,3699.2157,3706.6561,3668.7653,3669.3703
102742000,3679.8261,5173700,51192300,6948292400,81502680800,3699.2157,3706.6561,3668.7653,3669.3703
102747000,3679.4328,2580100,33316700,6950872500,81535997500,3699.2157,3706.6561,3668.7653,3669.3703
102752000,3679.44,4019200,55868600,6954891700,81591866100,3699.2157,3706.6561,3668.7653,3669.3703
102757000,3679.4548,4896000,57194400,6959787700,81649060500,3699.2157,3706.6561,3668.7653,3669.3703
102802000,3679.5698,3339500,46415700,6963127200,81695476200,3699.2157,3706.6561,3668.7653,3669.3703
102807000,3679.147,3344400,45113900,6966471600,81740590100,3699.2157,3706.6561,3668.7653,3669.3703
102812000,3679.394,5147300,59612400,6971618900,81800202500,3699.2157,3706.6561,3668.7653,3669.3703
102817000,3679.0679,3005000,44025500,6974623900,81844228000,3699.2157,3706.6561,3668.7653,3669.3703
102822000,3678.5016,4630800,57587000,6979254700,81901815000,3699.2157,3706.6561,3668.7653,3669.3703
102827000,3678.4355,5886500,70419200,6985141200,81972234200,3699.2157,3706.6561,3668.7653,3669.3703
102832000,3677.7357,3616800,45349300,6988758000,82017583500,3699.2157,3706.6561,3668.7653,3669.3703
102837000,3678.2268,3824500,51534500,6992582500,82069118000,3699.2157,3706.6561,3668.7653,3669.3703
102842000,3678.3047,6107100,75325400,6998689600,82144443400,3699.2157,3706.6561,3668.7653,3669.3703
102847000,3677.9767,2426400,33838300,7001116000,82178281700,3699.2157,3706.6561,3668.7653,3669.3703
102852000,3677.8196,3743300,42111200,7004859300,82220392900,3699.2157,3706.6561,3668.7653,3669.3703
102857000,3677.6546,5301400,65306100,7010160700,82285699000,3699.2157,3706.6561,3668.7653,3669.3703
102902000,3677.5178,3504700,50153000,7013665400,82335852000,3699.2157,3706.6561,3668.7653,3669.3703
102907000,3676.9857,3636200,45158200,7017301600,82381010200,3699.2157,3706.6561,3668.7653,3669.3703
102912000,3677.2362,4547700,62619200,7021849300,82443629400,3699.2157,3706.6561,3668.7653,3669.3703
102917000,3677.2293,3341200,46818300,7025190500,82490447700,3699.2157,3706.6561,3668.7653,3669.3703
102922000,3677.0312,4746600,49322000,7029937100,82539769700,3699.2157,3706.6561,3668.7653,3669.3703
102927000,3676.9963,6026800,74629700,7035963900,82614399400,3699.2157,3706.6561,3668.7653,3669.3703
102932000,3676.8141,3468300,53678900,7039432200,82668078300,3699.2157,3706.6561,3668.7653,3669.3703
102937000,3677.3481,3101100,32609200,7042533300,82700687500,3699.2157,3706.6561,3668.7653,3669.3703
102942000,3676.8339,4280100,53429700,7046813400,82754117200,3699.2157,3706.6561,3668.7653,3669.3703
102947000,3676.8026,2808300,43379000,7049621700,82797496200,3699.2157,3706.6561,3668.7653,3669.3703
102952000,3676.8156,3499100,48086700,7053120800,82845582900,3699.2157,3706.6561,3668.7653,3669.3703
102957000,3676.4617,3828700,50792400,7056949500,82896375300,3699.2157,3706.6561,3668.7653,3669.3703
103002000,3676.2725,6155000,62851700,7063104500,82959227000,3699.2157,3706.6561,3668.7653,3669.3703
103007000,3676.4746,3427100,37772000,7066531600,82996999000,3699.2157,3706.6561,3668.7653,3669.3703
103012000,3676.4135,5425700,49707400,7071957300,83046706400,3699.2157,3706.6561,3668.7653,3669.3703
103017000,3676.0629,3315800,38326500,7075273100,83085032900,3699.2157,3706.6561,3668.7653,3669.3703
103022000,3676.3205,3901900,58422200,7079175000,83143455100,3699.2157,3706.6561,3668.7653,3669.3703
103027000,3676.1986,5422500,70367100,7084597500,83213822200,3699.2157,3706.6561,3668.7653,3669.3703
103032000,3676.9414,3868700,61893900,7088466200,83275716100,3699.2157,3706.6561,3668.7653,3669.3703
103037000,3677.5017,3840900,47231200,7092307100,83322947300,3699.2157,3706.6561,3668.7653,3669.3703
103042000,3678.5458,6699500,104030600,7099006600,83426977900,3699.2157,3706.6561,3668.7653,3669.3703
103047000,3679.2228,4496200,67941000,7103502800,83494918900,3699.2157,3706.6561,3668.7653,3669.3703
103052000,3679.651,5828400,71757600,7109331200,83566676500,3699.2157,3706.6561,3668.7653,3669.3703
103057000,3679.5733,5431500,70742500,7114762700,83637419000,3699.2157,3706.6561,3668.7653,3669.3703
103102000,3679.7049,4521600,54523200,7119284300,83691942200,3699.2157,3706.6561,3668.7653,3669.3703
103107000,3680.0312,3205300,34146600,7122489600,83726088800,3699.2157,3706.6561,3668.7653,3669.3703
103112000,3679.8666,5105400,63050500,7127595000,83789139300,3699.2157,3706.6561,3668.7653,3669.3703
103117000,3679.7805,2189700,35631000,7129784700,83824770300,3699.2157,3706.6561,3668.7653,3669.3703
103122000,3680.1529,5069100,52732500,7134853800,83877502800,3699.2157,3706.6561,3668.7653,3669.3703
103127000,3680.5212,4402900,56493900,7139256700,83933996700,3699.2157,3706.6561,3668.7653,3669.3703
103132000,3680.6532,3450700,48285700,7142707400,83982282400,3699.2157,3706.6561,3668.7653,3669.3703
103137000,3680.4274,3517400,43987900,7146224800,84026270300,3699.2157,3706.6561,3668.7653,3669.3703
103142000,3680.6881,4194900,66122400,7150419700,84092392700,3699.2157,3706.6561,3668.7653,3669.3703
103147000,3680.9562,4314800,46760800,7154734500,84139153500,3699.2157,3706.6561,3668.7653,3669.3703
103152000,3680.89,3291400,41186200,7158025900,84180339700,3699.2157,3706.6561,3668.7653,3669.3703
103157000,3681.1944,4136200,48930900,7162162100,84229270600,3699.2157,3706.6561,3668.7653,3669.3703
103202000,3681.5031,3583000,47431000,7165745100,84276701600,3699.2157,3706.6561,3668.7653,3669.3703
103207000,3681.1823,2568500,30816100,7168313600,84307517700,3699.2157,3706.6561,3668.7653,3669.3703
103212000,3681.6364,3115200,49121100,7171428800,84356638800,3699.2157,3706.6561,3668.7653,3669.3703
103217000,3681.9472,3287000,49042500,7174715800,84405681300,3699.2157,3706.6561,3668.7653,3669.3703
103222000,3681.607,4621100,50656200,7179336900,84456337500,3699.2157,3706.6561,3668.7653,3669.3703
103227000,3681.5319,3562600,51768300,7182899500,84508105800,3699.2157,3706.6561,3668.7653,3669.3703
103232000,3682.2616,3929100,52596100,7186828600,84560701900,3699.2157,3706.6561,3668.7653,3669.3703
103237000,3682.255,3351300,36564300,7190179900,84597266200,3699.2157,3706.6561,3668.7653,3669.3703
103242000,3682.637,4708200,57555900,7194888100,84654822100,3699.2157,3706.6561,3668.7653,3669.3703
103247000,3682.393,2749000,35746800,7197637100,84690568900,3699.2157,3706.6561,3668.7653,3669.3703
103252000,3682.8352,3409700,46771200,7201046800,84737340100,3699.2157,3706.6561,3668.7653,3669.3703
103257000,3682.5975,3931700,51099400,7204978500,84788439500,3699.2157,3706.6561,3668.7653,3669.3703
103302000,3682.9112,3541000,44926500,7208519500,84833366000,3699.2157,3706.6561,3668.7653,3669.3703
103307000,3682.8434,2507300,31499900,7211026800,84864865900,3699.2157,3706.6561,3668.7653,3669.3703
103312000,3683.0575,6094600,63102100,7217121400,84927968000,3699.2157,3706.6561,3668.7653,3669.3703
103317000,3683.3809,2546000,36502600,7219667400,84964470600,3699.2157,3706.6561,3668.7653,3669.3703
103322000,3683.0336,4232100,48430300,7223899500,85012900900,3699.2157,3706.6561,3668.7653,3669.3703
103327000,3683.0256,5703300,51103500,7229602800,85064004400,3699.2157,3706.6561,3668.7653,3669.3703
103332000,3682.6118,3596200,38909200,7233199000,85102913600,3699.2157,3706.6561,3668.7653,3669.3703
103337000,3683.0809,3066100,36969000,7236265100,85139882600,3699.2157,3706.6561,3668.7653,3669.3703
103342000,3683.2601,3927200,47508200,7240192300,85187390800,3699.2157,3706.6561,3668.7653,3669.3703
103347000,3683.5203,2894600,33170300,7243086900,85220561100,3699.2157,3706.6561,3668.7653,3669.3703
103352000,3683.7721,3092300,41570100,7246179200,85262131200,3699.2157,3706.6561,3668.7653,3669.3703
103357000,3683.868,4235100,62675600,7250414300,85324806800,3699.2157,3706.6561,3668.7653,3669.3703
103402000,3684.3818,4264800,61804600,7254679100,85386611400,3699.2157,3706.6561,3668.7653,3669.3703
103407000,3684.1219,4030500,43046500,7258709600,85429657900,3699.2157,3706.6561,3668.7653,3669.3703
103412000,3684.0771,7105200,74330300,7265814800,85503988200,3699.2157,3706.6561,3668.7653,3669.3703
103417000,3684.4179,3567800,37382400,7269382600,85541370600,3699.2157,3706.6561,3668.7653,3669.3703
103422000,3684.8016,4605000,51621400,7273987600,85592992000,3699.2157,3706.6561,3668.7653,3669.3703
103427000,3684.8287,4688400,65410800,7278676000,85658402800,3699.2157,3706.6561,3668.7653,3669.3703
103432000,3684.7881,3444400,40969900,7282120400,85699372700,3699.2157,3706.6561,3668.7653,3669.3703
103437000,3684.9351,2524400,33778800,7284644800,85733151500,3699.2157,3706.6561,3668.7653,3669.3703
103442000,3685.0733,5489300,61755300,7290134100,85794906800,3699.2157,3706.6561,3668.7653,3669.3703
103447000,3684.9123,2985200,36583800,7293119300,85831490600,3699.2157,3706.6561,3668.7653,3669.3703
103452000,3684.8666,3977500,51194000,7297096800,85882684600,3699.2157,3706.6561,3668.7653,3669.3703
103457000,3685.0843,4628700,54948100,7301725500,85937632700,3699.2157,3706.6561,3668.7653,3669.3703
103502000,3684.7223,4554400,55521100,7306279900,85993153800,3699.2157,3706.6561,3668.7653,3669.3703
103507000,3684.694,3055600,34721400,7309335500,86027875200,3699.2157,3706.6561,3668.7653,3669.3703
103512000,3685.1579,6039400,71009000,7315374900,86098884200,3699.2157,3706.6561,3668.7653,3669.3703
103517000,3684.9421,2732800,33514800,7318107700,86132399000,3699.2157,3706.6561,3668.7653,3669.3703
103522000,3685.1581,6988600,84204100,7325096300,86216603100,3699.2157,3706.6561,3668.7653,3669.3703
103527000,3685.1692,5712800,67471000,7330809100,86284074100,3699.2157,3706.6561,3668.7653,3669.3703
103532000,3685.6039,5512400,80176500,7336321500,86364250600,3699.2157,3706.6561,3668.7653,3669.3703
103537000,3685.6171,3407600,49024800,7339729100,86413275400,3699.2157,3706.6561,3668.7653,3669.3703
103542000,3685.8624,4840400,62531600,7344569500,86475807000,3699.2157,3706.6561,3668.7653,3669.3703
103547000,3685.7077,2950100,35098400,7347519600,86510905400,3699.2157,3706.6561,3668.7653,3669.3703
103552000,3686.2482,5825200,77342900,7353344800,86588248300,3699.2157,3706.6561,3668.7653,3669.3703
103557000,3686.1626,7982400,86260300,7361327200,86674508600,3699.2157,3706.6561,3668.7653,3669.3703
103602000,3686.1567,4086700,53295100,7365413900,86727803700,3699.2157,3706.6561,3668.7653,3669.3703
103607000,3686.1434,4003400,45398400,7369417300,86773202100,3699.2157,3706.6561,3668.7653,3669.3703
103612000,3686.4863,5570600,69410600,7374987900,86842612700,3699.2157,3706.6561,3668.7653,3669.3703
103617000,3686.3201,5520300,74594400,7380508200,86917207100,3699.2157,3706.6561,3668.7653,3669.3703
103622000,3686.0804,5636400,64841700,7386144600,86982048800,3699.2157,3706.6561,3668.7653,3669.3703
103627000,3685.7409,6208100,79243100,7392352700,87061291900,3699.2157,3706.6561,3668.7653,3669.3703
103632000,3686.0838,5159800,56927100,7397512500,87118219000,3699.2157,3706.6561,3668.7653,3669.3703
103637000,3685.2709,3953600,53454500,7401466100,87171673500,3699.2157,3706.6561,3668.7653,3669.3703
103642000,3685.3525,6199500,73509600,7407665600,87245183100,3699.2157,3706.6561,3668.7653,3669.3703
103647000,3684.4212,5355300,63851400,7413020900,87309034500,3699.2157,3706.6561,3668.7653,3669.3703
103652000,3685.1095,6288000,68740300,7419308900,87377774800,3699.2157,3706.6561,3668.7653,3669.3703
103657000,3684.497,5764600,73858500,7425073500,87451633300,3699.2157,3706.6561,3668.7653,3669.3703
103702000,3684.482,5334000,57774700,7430407500,87509408000,3699.2157,3706.6561,3668.7653,3669.3703
103707000,3684.3753,4213400,40831600,7434620900,87550239600,3699.2157,3706.6561,3668.7653,3669.3703
103712000,3684.415,6141100,65978000,7440762000,87616217600,3699.2157,3706.6561,3668.7653,3669.3703
103717000,3684.5363,3493800,39165200,7444255800,87655382800,3699.2157,3706.6561,3668.7653,3669.3703
103722000,3684.3769,3453400,43044300,7447709200,87698427100,3699.2157,3706.6561,3668.7653,3669.3703
103727000,3684.3525,4139200,45914900,7451848400,87744342000,3699.2157,3706.6561,3668.7653,3669.3703
103732000,3684.6374,3870400,40445800,7455718800,87784787800,3699.2157,3706.6561,3668.7653,3669.3703
103737000,3684.7532,2086500,25268400,7457805300,87810056200,3699.2157,3706.6561,3668.7653,3669.3703
103742000,3684.6049,5216300,54638900,7463021600,87864695100,3699.2157,3706.6561,3668.7653,3669.3703
103747000,3684.4309,4436500,42402100,7467458100,87907097200,3699.2157,3706.6561,3668.7653,3669.3703
103752000,3684.8223,4367400,47475600,7471825500,87954572800,3699.2157,3706.6561,3668.7653,3669.3703
103757000,3684.4382,4345200,54989800,7476170700,88009562600,3699.2157,3706.6561,3668.7653,3669.3703
103802000,3684.383,3334500,37419300,7479505200,88046981900,3699.2157,3706.6561,3668.7653,3669.3703
103807000,3684.2318,2746000,32631200,7482251200,88079613100,3699.2157,3706.6561,3668.7653,3669.3703
103812000,3684.5884,4534400,68910300,7486785600,88148523400,3699.2157,3706.6561,3668.7653,3669.3703
103817000,3684.7687,3037300,40426600,7489822900,88188950000,3699.2157,3706.6561,3668.7653,3669.3703
103822000,3685.1019,6196200,71367800,7496019100,88260317800,3699.2157,3706.6561,3668.7653,3669.3703
103827000,3684.8296,4786200,63068100,7500805300,88323385900,3699.2157,3706.6561,3668.7653,3669.3703
103832000,3685.0206,3174800,38081700,7503980100,88361467600,3699.2157,3706.6561,3668.7653,3669.3703
103837000,3685.5356,2479300,34643200,7506459400,88396110800,3699.2157,3706.6561,3668.7653,3669.3703
103842000,3685.6377,4773200,58427400,7511232600,88454538200,3699.2157,3706.6561,3668.7653,3669.3703
103847000,3686.0941,4600400,65633400,7515833000,88520171600,3699.2157,3706.6561,3668.7653,3669.3703
103852000,3686.2571,3371900,45178800,7519204900,88565350400,3699.2157,3706.6561,3668.7653,3669.3703
103857000,3686.9915,5615600,78023700,7524820500,88643374100,3699.2157,3706.6561,3668.7653,3669.3703
103902000,3687.1662,4970400,69219000,7529790900,88712593100,3699.2157,3706.6561,3668.7653,3669.3703
103907000,3687.1139,2846600,34848800,7532637500,88747441900,3699.2157,3706.6561,3668.7653,3669.3703
103912000,3687.9587,4834700,70948300,7537472200,88818390200,3699.2157,3706.6561,3668.7653,3669.3703
103917000,3687.4668,4150600,51825500,7541622800,88870215700,3699.2157,3706.6561,3668.7653,3669.3703
103922000,3688.0653,3937700,53436000,7545560500,88923651700,3699.2157,3706.6561,3668.7653,3669.3703
103927000,3688.0427,5961900,84800400,7551522400,89008452100,3699.2157,3706.6561,3668.7653,3669.3703
103932000,3688.5331,3387000,55266300,7554909400,89063718400,3699.2157,3706.6561,3668.7653,3669.3703
103937000,3688.5443,5022500,52829900,7559931900,89116548300,3699.2157,3706.6561,3668.7653,3669.3703
103942000,3689.0925,6147100,64122800,7566079000,89180671100,3699.2157,3706.6561,3668.7653,3669.3703
103947000,3688.8658,4127300,57195000,7570206300,89237866100,3699.2157,3706.6561,3668.7653,3669.3703
103952000,3689.1974,6176300,58494300,7576382600,89296360400,3699.2157,3706.6561,3668.7653,3669.3703
103957000,3689.3067,7433900,88285000,7583816500,89384645400,3699.2157,3706.6561,3668.7653,3669.3703
104002000,3689.736,6357100,78788500,7590173600,89463433900,3699.2157,3706.6561,3668.7653,3669.3703
104007000,3689.8461,5883900,58719400,7596057500,89522153300,3699.2157,3706.6561,3668.7653,3669.3703
104012000,3689.6902,7841400,91615700,7603898900,89613769000,3699.2157,3706.6561,3668.7653,3669.3703
104017000,3690.1754,4691200,52823700,7608590100,89666592700,3699.2157,3706.6561,3668.7653,3669.3703
104022000,3690.3357,6280300,69272700,7614870400,89735865400,3699.2157,3706.6561,3668.7653,3669.3703
104027000,3690.0457,6878500,75110200,7621748900,89810975600,3699.2157,3706.6561,3668.7653,3669.3703
104032000,3690.4708,5604400,72240800,7627353300,89883216400,3699.2157,3706.6561,3668.7653,3669.3703
104037000,3690.6387,5517900,60541100,7632871200,89943757500,3699.2157,3706.6561,3668.7653,3669.3703
104042000,3691.1063,5331700,54224300,7638202900,89997981800,3699.2157,3706.6561,3668.7653,3669.3703
104047000,3690.7685,5378100,59462200,7643581000,90057444000,3699.2157,3706.6561,3668.7653,3669.3703
104052000,3691.1354,8260200,80831700,7651841200,90138275700,3699.2157,3706.6561,3668.7653,3669.3703
104057000,3691.3278,10707600,106343100,7662548800,90244618800,3699.2157,3706.6561,3668.7653,3669.3703
104102000,3692.1733,6651500,89007100,7669200300,90333625900,3699.2157,3706.6561,3668.7653,3669.3703
104107000,3692.3744,4411500,50653500,7673611800,90384279400,3699.2157,3706.6561,3668.7653,3669.3703
104112000,3692.4521,6679500,89476100,7680291300,90473755500,3699.2157,3706.6561,3668.7653,3669.3703
104117000,3692.9375,5435300,70748700,7685726600,90544504200,3699.2157,3706.6561,3668.7653,3669.3703
104122000,3693.2887,6258700,74529600,7691985300,90619033800,3699.2157,3706.6561,3668.7653,3669.3703
104127000,3693.302,8039700,106077200,7700025000,90725111000,3699.2157,3706.6561,3668.7653,3669.3703
104132000,3693.5317,5513400,71932700,7705538400,90797043700,3699.2157,3706.6561,3668.7653,3669.3703
104137000,3693.4727,5749000,60866100,7711287400,90857909800,3699.2157,3706.6561,3668.7653,3669.3703
104142000,3694.0176,7422800,92672700,7718710200,90950582500,3699.2157,3706.6561,3668.7653,3669.3703
104147000,3693.868,7420900,99152600,7726131100,91049735100,3699.2157,3706.6561,3668.7653,3669.3703
104152000,3694.3466,7422500,94106800,7733553600,91143841900,3699.2157,3706.6561,3668.7653,3669.3703
104157000,3695.3783,9969100,104426600,7743522700,91248268500,3699.2157,3706.6561,3668.7653,3669.3703
104202000,3694.8955,7581900,96219000,7751104600,91344487500,3699.2157,3706.6561,3668.7653,3669.3703
104207000,3695.5993,6092600,80658900,7757197200,91425146400,3699.2157,3706.6561,3668.7653,3669.3703
104212000,3695.3873,8654800,101148700,7765852000,91526295100,3699.2157,3706.6561,3668.7653,3669.3703
104217000,3695.816,4728600,57364500,7770580600,91583659600,3699.2157,3706.6561,3668.7653,3669.3703
104222000,3696.2777,7230900,83668700,7777811500,91667328300,3699.2157,3706.6561,3668.7653,3669.3703
104227000,3695.9142,11265700,136369700,7789077200,91803698000,3699.2157,3706.6561,3668.7653,3669.3703
104232000,3696.5082,9968400,112996600,7799045600,91916694600,3699.2157,3706.6561,3668.7653,3669.3703
104237000,3696.4786,8471200,86705100,7807516800,92003399700,3699.2157,3706.6561,3668.7653,3669.3703
104242000,3696.9532,8516900,90197000,7816033700,92093596700,3699.2157,3706.6561,3668.7653,3669.3703
104247000,3697.2282,4502100,54973800,7820535800,92148570500,3699.2157,3706.6561,3668.7653,3669.3703
104252000,3697.2109,7053800,89101500,7827589600,92237672000,3699.2157,3706.6561,3668.7653,3669.3703
104257000,3697.496,7716000,99707900,7835305600,92337379900,3699.2157,3706.6561,3668.7653,3669.3703
104302000,3697.2753,9096000,109433300,7844401600,92446813200,3699.2157,3706.6561,3668.7653,3669.3703
104307000,3697.9157,5582900,61804000,7849984500,92508617200,3699.2157,3706.6561,3668.7653,3669.3703
104312000,3697.9229,11907400,138565600,7861891900,92647182800,3699.2157,3706.6561,3668.7653,3669.3703
104317000,3697.8773,4876500,62419300,7866768400,92709602100,3699.2157,3706.6561,3668.7653,3669.3703
104322000,3698.3395,7304900,77554800,7874073300,92787156900,3699.2157,3706.6561,3668.7653,3669.3703
104327000,3697.8026,6953300,79935500,7881026600,92867092400,3699.2157,3706.6561,3668.7653,3669.3703
104332000,3698.2891,7850100,100382900,7888876700,92967475300,3699.2157,3706.6561,3668.7653,3669.3703
104337000,3698.2162,4917600,67116500,7893794300,93034591800,3699.2157,3706.6561,3668.7653,3669.3703
104342000,3698.1029,7532500,99101200,7901326800,93133693000,3699.2157,3706.6561,3668.7653,3669.3703
104347000,3697.998,6839200,77567100,7908166000,93211260100,3699.2157,3706.6561,3668.7653,3669.3703
104352000,3698.3911,7580100,97538400,7915746100,93308798500,3699.2157,3706.6561,3668.7653,3669.3703
104357000,3697.6427,10083800,119488100,7925829900,93428286600,3699.2157,3706.6561,3668.7653,3669.3703
104402000,3698.1615,6310300,75689500,7932140200,93503976100,3699.2157,3706.6561,3668.7653,3669.3703
104407000,3698.852,7292100,110854700,7939432300,93614830800,3699.2157,3706.6561,3668.7653,3669.3703
104412000,3698.7409,7100000,91378500,7946532300,93706209300,3699.2157,3706.6561,3668.7653,3669.3703
104417000,3698.3531,5526800,74534200,7952059100,93780743500,3699.2157,3706.6561,3668.7653,3669.3703
104422000,3699.2011,5469100,68520200,7957528200,93849263700,3699.2157,3706.6561,3668.7653,3669.3703
104427000,3698.8442,10361600,106736000,7967889800,93955999700,3699.2157,3706.6561,3668.7653,3669.3703
104432000,3699.4574,6853500,85025500,7974743300,94041025200,3699.2157,3706.6561,3668.7653,3669.3703
104437000,3699.5763,4905500,67029400,7979648800,94108054600,3699.2157,3706.6561,3668.7653,3669.3703
104442000,3699.7573,11382200,126705700,7991031000,94234760300,3699.2157,3706.6561,3668.7653,3669.3703
104447000,3699.8876,11437900,187733700,8002468900,94422494000,3699.2157,3706.6561,3668.7653,3669.3703
104452000,3700.3872,14134000,177353800,8016602900,94599847800,3699.2157,3706.6561,3668.7653,3669.3703
104457000,3701.0477,15560400,167202100,8032163300,94767049900,3699.2157,3706.6561,3668.7653,3669.3703
104502000,3701.7721,13091300,155528100,8045254600,94922578000,3699.2157,3706.6561,3668.7653,3669.3703
104507000,3703.4725,11281300,147684900,8056535900,95070262900,3699.2157,3706.6561,3668.7653,3669.3703
104512000,3703.7224,16651200,197089000,8073187100,95267351900,3699.2157,3706.6561,3668.7653,3669.3703
104517000,3704.9868,9256200,116318300,8082443300,95383670200,3699.2157,3706.6561,3668.7653,3669.3703
104522000,3704.8893,10243300,120754600,8092686600,95504424800,3699.2157,3706.6561,3668.7653,3669.3703
104527000,3704.9561,11436000,135421700,8104122600,95639846500,3699.2157,3706.6561,3668.7653,3669.3703
104532000,3705.6009,22962600,194525300,8127085200,95834371800,3699.2157,3706.6561,3668.7653,3669.3703
104537000,3705.6111,8181700,91534900,8135266900,95925906700,3699.2157,3706.6561,3668.7653,3669.3703
104542000,3706.243,10826000,129054900,8146092900,96054961600,3699.2157,3706.6561,3668.7653,3669.3703
104547000,3706.2392,7372400,99052200,8153465300,96154013800,3699.2157,3706.6561,3668.7653,3669.3703
104552000,3707.0728,18756600,168909000,8172221900,96322922800,3699.2157,3707.0728,3668.7653,3669.3703
104557000,3707.1794,12332600,147672500,8184554500,96470595300,3699.2157,3707.1794,3668.7653,3669.3703
104602000,3707.7395,12576700,139291700,8197131200,96609887000,3699.2157,3707.7395,3668.7653,3669.3703
104607000,3708.5845,14422200,163877600,8211553400,96773764600,3699.2157,3708.5845,3668.7653,3669.3703
104612000,3709.5246,23071200,242960400,8234624600,97016725000,3699.2157,3709.5246,3668.7653,3669.3703
104617000,3709.1733,12582900,134300400,8247207500,97151025400,3699.2157,3709.5246,3668.7653,3669.3703
104622000,3709.4053,15976900,146386600,8263184400,97297412000,3699.2157,3709.5246,3668.7653,3669.3703
104627000,3709.5597,15187400,166416300,8278371800,97463828300,3699.2157,3709.5597,3668.7653,3669.3703
104632000,3709.611,12645700,128560200,8291017500,97592388500,3699.2157,3709.611,3668.7653,3669.3703
104637000,3709.6951,12936600,106993100,8303954100,97699381600,3699.2157,3709.6951,3668.7653,3669.3703
104642000,3709.9852,13329400,138386100,8317283500,97837767700,3699.2157,3709.9852,3668.7653,3669.3703
104647000,3709.7089,10217100,110075500,8327500600,97947843200,3699.2157,3709.9852,3668.7653,3669.3703
104652000,3709.4868,10488900,114778500,8337989500,98062621700,3699.2157,3709.9852,3668.7653,3669.3703
104657000,3709.2871,14115500,149965700,8352105000,98212587400,3699.2157,3709.9852,3668.7653,3669.3703
104702000,3708.6863,10751100,124757300,8362856100,98337344700,3699.2157,3709.9852,3668.7653,3669.3703
104707000,3709.5426,8757100,88685500,8371613200,98426030200,3699.2157,3709.9852,3668.7653,3669.3703
104712000,3709.1676,14261700,155057100,8385874900,98581087300,3699.2157,3709.9852,3668.7653,3669.3703
104717000,3708.767,9781200,134023300,8395656100,98715110600,3699.2157,3709.9852,3668.7653,3669.3703
104722000,3709.206,11348600,132607800,8407004700,98847718400,3699.2157,3709.9852,3668.7653,3669.3703
104727000,3708.5753,13794300,147518100,8420799000,98995236500,3699.2157,3709.9852,3668.7653,3669.3703
104732000,3708.6457,9666600,127479000,8430465600,99122715500,3699.2157,3709.9852,3668.7653,3669.3703
104737000,3708.6105,7856300,87987700,8438321900,99210703200,3699.2157,3709.9852,3668.7653,3669.3703
104742000,3708.0227,13784900,148224400,8452106800,99358927600,3699.2157,3709.9852,3668.7653,3669.3703
104747000,3707.5761,9866000,95341700,8461972800,99454269300,3699.2157,3709.9852,3668.7653,3669.3703
104752000,3707.2485,9678500,120290400,8471651300,99574559700,3699.2157,3709.9852,3668.7653,3669.3703
104757000,3706.5966,13096600,151800200,8484747900,99726359900,3699.2157,3709.9852,3668.7653,3669.3703
104802000,3705.6209,11882300,164636700,8496630200,99890996600,3699.2157,3709.9852,3668.7653,3669.3703
104807000,3705.9829,7465400,88197400,8504095600,99979194000,3699.2157,3709.9852,3668.7653,3669.3703
104812000,3705.3204,12486800,135774400,8516582400,100114968400,3699.2157,3709.9852,3668.7653,3669.3703
104817000,3705.1564,8747600,93085700,8525330000,100208054100,3699.2157,3709.9852,3668.7653,3669.3703
104822000,3704.9247,8698500,97553400,8534028500,100305607500,3699.2157,3709.9852,3668.7653,3669.3703
104827000,3705.1193,13797200,145882900,8547825700,100451490400,3699.2157,3709.9852,3668.7653,3669.3703
104832000,3703.7587,8301100,103273600,8556126800,100554764000,3699.2157,3709.9852,3668.7653,3669.3703
104837000,3703.9295,7362400,95864700,8563489200,100650628700,3699.2157,3709.9852,3668.7653,3669.3703
104842000,3703.691,11149800,144611500,8574639000,100795240200,3699.2157,3709.9852,3668.7653,3669.3703
104847000,3703.6636,6462500,90808400,8581101500,100886048600,3699.2157,3709.9852,3668.7653,3669.3703
104852000,3703.4569,6521600,79856800,8587623100,100965905400,3699.2157,3709.9852,3668.7653,3669.3703
104857000,3702.6597,8844400,115838900,8596467500,101081744300,3699.2157,3709.9852,3668.7653,3669.3703
104902000,3702.6815,6479500,82863200,8602947000,101164607500,3699.2157,3709.9852,3668.7653,3669.3703
104907000,3702.3751,5573700,68171200,8608520700,101232778700,3699.2157,3709.9852,3668.7653,3669.3703
104912000,3702.0118,8237000,86503200,8616757700,101319281900,3699.2157,3709.9852,3668.7653,3669.3703
104917000,3701.8391,4526900,64317100,8621284600,101383599000,3699.2157,3709.9852,3668.7653,3669.3703
104922000,3702.4257,5733700,75373300,8627018300,101458972300,3699.2157,3709.9852,3668.7653,3669.3703
104927000,3702.316,8370000,97983700,8635388300,101556956000,3699.2157,3709.9852,3668.7653,3669.3703
104932000,3702.3481,6399100,78672200,8641787400,101635628200,3699.2157,3709.9852,3668.7653,3669.3703
104937000,3702.3214,4219100,51607200,8646006500,101687235400,3699.2157,3709.9852,3668.7653,3669.3703
104942000,3702.4593,6445900,76441300,8652452400,101763676700,3699.2157,3709.9852,3668.7653,3669.3703
104947000,3702.5922,4870900,63583700,8657323300,101827260400,3699.2157,3709.9852,3668.7653,3669.3703
104952000,3702.1995,5945200,72052300,8663268500,101899312700,3699.2157,3709.9852,3668.7653,3669.3703
104957000,3702.9626,7278500,96288300,8670547000,101995601000,3699.2157,3709.9852,3668.7653,3669.3703
105002000,3702.6973,3819500,50693100,8674366500,102046294100,3699.2157,3709.9852,3668.7653,3669.3703
105007000,3702.9883,5109100,50114700,8679475600,102096408800,3699.2157,3709.9852,3668.7653,3669.3703
105012000,3703.7987,8305500,111800200,8687781100,102208209000,3699.2157,3709.9852,3668.7653,3669.3703
105017000,3703.3348,6160900,78760000,8693942000,102286969000,3699.2157,3709.9852,3668.7653,3669.3703
105022000,3704.0482,5846800,71012800,8699788800,102357981800,3699.2157,3709.9852,3668.7653,3669.3703
105027000,3703.6141,7230800,106201300,8707019600,102464183100,3699.2157,3709.9852,3668.7653,3669.3703
105032000,3704.1418,5068000,61924900,8712087600,102526108000,3699.2157,3709.9852,3668.7653,3669.3703
105037000,3704.4003,4465700,51637900,8716553300,102577745900,3699.2157,3709.9852,3668.7653,3669.3703
105042000,3704.7878,5543400,70729500,8722096700,102648475400,3699.2157,3709.9852,3668.7653,3669.3703
105047000,3704.5796,4236800,64141600,8726333500,102712617000,3699.2157,3709.9852,3668.7653,3669.3703
105052000,3704.639,5108500,71133900,8731442000,102783750900,3699.2157,3709.9852,3668.7653,3669.3703
105057000,3704.7362,7389200,104412400,8738831200,102888163300,3699.2157,3709.9852,3668.7653,3669.3703
105102000,3705.1205,5600600,78867300,8744431800,102967030600,3699.2157,3709.9852,3668.7653,3669.3703
105107000,3704.9479,4344800,49983300,8748776600,103017013900,3699.2157,3709.9852,3668.7653,3669.3703
105112000,3705.2214,8764100,116674200,8757540700,103133688100,3699.2157,3709.9852,3668.7653,3669.3703
105117000,3704.8829,4923200,65612200,8762463900,103199300300,3699.2157,3709.9852,3668.7653,3669.3703
105122000,3705.241,8516300,103013400,8770980200,103302313700,3699.2157,3709.9852,3668.7653,3669.3703
105127000,3705.0086,8482200,119158200,8779462400,103421471900,3699.2157,3709.9852,3668.7653,3669.3703
105132000,3705.0278,5184500,75054300,8784646900,103496526200,3699.2157,3709.9852,3668.7653,3669.3703
105137000,3705.2006,4161200,51579200,8788808100,103548105400,3699.2157,3709.9852,3668.7653,3669.3703
105142000,3705.0104,6612400,84706400,8795420500,103632811800,3699.2157,3709.9852,3668.7653,3669.3703
105147000,3704.9346,4364500,49547300,8799785000,103682359100,3699.2157,3709.9852,3668.7653,3669.3703
105152000,3704.793,6785200,78476200,8806570200,103760835300,3699.2157,3709.9852,3668.7653,3669.3703
105157000,3705.051,6502700,91294100,8813072900,103852129400,3699.2157,3709.9852,3668.7653,3669.3703
105202000,3704.3819,5949800,73466900,8819022700,103925596300,3699.2157,3709.9852,3668.7653,3669.3703
105207000,3704.6797,6548800,76105600,8825571500,104001701900,3699.2157,3709.9852,3668.7653,3669.3703
105212000,3704.6821,8068100,89228500,8833639600,104090930400,3699.2157,3709.9852,3668.7653,3669.3703
105217000,3704.2857,4661100,61872100,8838300700,104152802500,3699.2157,3709.9852,3668.7653,3669.3703
105222000,3704.5845,5767100,62973800,8844067800,104215776300,3699.2157,3709.9852,3668.7653,3669.3703
105227000,3704.3654,5991800,70569700,8850059600,104286346000,3699.2157,3709.9852,3668.7653,3669.3703
105232000,3704.4952,6320100,80950500,8856379700,104367296500,3699.2157,3709.9852,3668.7653,3669.3703
105237000,3704.8508,6215800,63243700,8862595500,104430540200,3699.2157,3709.9852,3668.7653,3669.3703
105242000,3704.1258,6366800,73469300,8868962300,104504009500,3699.2157,3709.9852,3668.7653,3669.3703
105247000,3704.4487,5402700,62248900,8874365000,104566258400,3699.2157,3709.9852,3668.7653,3669.3703
105252000,3704.4458,6336500,79643700,8880701500,104645902100,3699.2157,3709.9852,3668.7653,3669.3703
105257000,3704.7419,6346500,73656100,8887048000,104719558200,3699.2157,3709.9852,3668.7653,3669.3703
105302000,3704.5138,6559400,83008700,8893607400,104802566900,3699.2157,3709.9852,3668.7653,3669.3703
105307000,3704.9792,4966400,54292900,8898573800,104856859800,3699.2157,3709.9852,3668.7653,3669.3703
105312000,3704.9288,8407500,111832800,8906981300,104968692600,3699.2157,3709.9852,3668.7653,3669.3703
105317000,3704.9247,4619400,62363300,8911600700,105031055900,3699.2157,3709.9852,3668.7653,3669.3703
105322000,3705.2671,7831200,85039500,8919431900,105116095400,3699.2157,3709.9852,3668.7653,3669.3703
105327000,3706.3748,9278000,127798500,8928709900,105243893900,3699.2157,3709.9852,3668.7653,3669.3703
105332000,3706.9108,8155700,109809300,8936865600,105353703200,3699.2157,3709.9852,3668.7653,3669.3703
105337000,3707.5367,7353100,87498600,8944218700,105441201800,3699.2157,3709.9852,3668.7653,3669.3703
105342000,3708.0013,11552900,145345100,8955771600,105586546900,3699.2157,3709.9852,3668.7653,3669.3703
105347000,3708.8323,6598400,100087900,8962370000,105686634800,3699.2157,3709.9852,3668.7653,3669.3703
105352000,3709.3208,7993300,106720300,8970363300,105793355100,3699.2157,3709.9852,3668.7653,3669.3703
105357000,3709.9536,10247300,141652800,8980610600,105935007900,3699.2157,3709.9852,3668.7653,3669.3703
105402000,3710.1495,6968100,92501200,8987578700,106027509100,3699.2157,3710.1495,3668.7653,3669.3703
105407000,3710.48,7782200,82125500,8995360900,106109634600,3699.2157,3710.48,3668.7653,3669.3703
105412000,3711.1853,9553600,129204800,9004914500,106238839400,3699.2157,3711.1853,3668.7653,3669.3703
105417000,3711.5629,5779600,81635900,9010694100,106320475300,3699.2157,3711.5629,3668.7653,3669.3703
105422000,3712.0232,8357100,112708500,9019051200,106433183800,3699.2157,3712.0232,3668.7653,3669.3703
105427000,3712.1585,9630300,197071400,9028681500,106630255200,3699.2157,3712.1585,3668.7653,3669.3703
105432000,3712.7719,7198200,100125400,9035879700,106730380600,3699.2157,3712.7719,3668.7653,3669.3703
105437000,3713.1121,10288900,95223500,9046168600,106825604100,3699.2157,3713.1121,3668.7653,3669.3703
105442000,3714.0858,15150100,189720000,9061318700,107015324100,3699.2157,3714.0858,3668.7653,3669.3703
105447000,3714.3313,8804700,101054800,9070123400,107116378900,3699.2157,3714.3313,3668.7653,3669.3703
105452000,3715.0528,12097500,142214100,9082220900,107258593000,3699.2157,3715.0528,3668.7653,3669.3703
105457000,3715.5995,11765000,134752500,9093985900,107393345500,3699.2157,3715.5995,3668.7653,3669.3703
105502000,3716.7109,10601000,132257200,9104586900,107525602700,3699.2157,3716.7109,3668.7653,3669.3703
105507000,3716.7156,8156600,91618500,9112743500,107617221200,3699.2157,3716.7156,3668.7653,3669.3703
105512000,3717.1252,13460300,165923500,9126203800,107783144700,3699.2157,3717.1252,3668.7653,3669.3703
105517000,3716.88,9496500,99988200,9135700300,107883132900,3699.2157,3717.1252,3668.7653,3669.3703
105522000,3717.0143,8974100,105062500,9144674400,107988195400,3699.2157,3717.1252,3668.7653,3669.3703
105527000,3717.0013,12942400,169260700,9157616800,108157456100,3699.2157,3717.1252,3668.7653,3669.3703
105532000,3716.9597,14227800,149750900,9171844600,108307207000,3699.2157,3717.1252,3668.7653,3669.3703
105537000,3717.1162,11591200,116444100,9183435800,108423651100,3699.2157,3717.1252,3668.7653,3669.3703
105542000,3717.4392,15097800,168707600,9198533600,108592358700,3699.2157,3717.4392,3668.7653,3669.3703
105547000,3717.6572,7597500,97071300,9206131100,108689430000,3699.2157,3717.6572,3668.7653,3669.3703
105552000,3717.5142,9957900,147382200,9216089000,108836812200,3699.2157,3717.6572,3668.7653,3669.3703
105557000,3717.8833,14387200,168521800,9230476200,109005334000,3699.2157,3717.8833,3668.7653,3669.3703
105602000,3718.1078,9148800,118165300,9239625000,109123499300,3699.2157,3718.1078,3668.7653,3669.3703
105607000,3718.4916,10471700,96925200,9250096700,109220424500,3699.2157,3718.4916,3668.7653,3669.3703
105612000,3718.896,14453500,150470900,9264550200,109370895400,3699.2157,3718.896,3668.7653,3669.3703
105617000,3718.8194,9572700,114746300,9274122900,109485641700,3699.2157,3718.896,3668.7653,3669.3703
105622000,3719.149,13832400,140072000,9287955300,109625713700,3699.2157,3719.149,3668.7653,3669.3703
105627000,3718.8414,12207800,143278200,9300163100,109768991900,3699.2157,3719.149,3668.7653,3669.3703
105632000,3719.5592,10312400,132576800,9310475500,109901568700,3699.2157,3719.5592,3668.7653,3669.3703
105637000,3719.4073,5948200,68609100,9316423700,109970177800,3699.2157,3719.5592,3668.7653,3669.3703
105642000,3719.3488,11090300,136791700,9327514000,110106969500,3699.2157,3719.5592,3668.7653,3669.3703
105647000,3719.2856,7770100,91125800,9335284100,110198095300,3699.2157,3719.5592,3668.7653,3669.3703
105652000,3719.5462,10562000,120410300,9345846100,110318505600,3699.2157,3719.5592,3668.7653,3669.3703
105657000,3718.7356,11702700,136409500,9357548800,110454915100,3699.2157,3719.5592,3668.7653,3669.3703
105702000,3718.4076,8969200,107785000,9366518000,110562700100,3699.2157,3719.5592,3668.7653,3669.3703
105707000,3719.14,7649600,85969300,9374167600,110648669400,3699.2157,3719.5592,3668.7653,3669.3703
105712000,3718.2733,10381100,133112400,9384548700,110781781800,3699.2157,3719.5592,3668.7653,3669.3703
105717000,3719.2313,7835000,97220600,9392383700,110879002400,3699.2157,3719.5592,3668.7653,3669.3703
105722000,3718.8766,8645200,107016000,9401028900,110986018400,3699.2157,3719.5592,3668.7653,3669.3703
105727000,3719.2125,12575500,156705300,9413604400,111142723700,3699.2157,3719.5592,3668.7653,3669.3703
105732000,3718.9225,7931900,97744700,9421536300,111240468400,3699.2157,3719.5592,3668.7653,3669.3703
105737000,3718.9074,7192300,78260700,9428728600,111318729100,3699.2157,3719.5592,3668.7653,3669.3703
105742000,3719.2635,9316500,121221300,9438045100,111439950400,3699.2157,3719.5592,3668.7653,3669.3703
105747000,3719.4242,4672100,63608000,9442717200,111503558400,3699.2157,3719.5592,3668.7653,3669.3703
105752000,3719.153,8692900,101423500,9451410100,111604981900,3699.2157,3719.5592,3668.7653,3669.3703
105757000,3719.3203,10573700,132109500,9461983800,111737091400,3699.2157,3719.5592,3668.7653,3669.3703
105802000,3718.8104,7814300,95628000,9469798100,111832719400,3699.2157,3719.5592,3668.7653,3669.3703
105807000,3719.2934,6771000,80682400,9476569100,111913401800,3699.2157,3719.5592,3668.7653,3669.3703
105812000,3717.9891,11526500,128669300,9488095600,112042071100,3699.2157,3719.5592,3668.7653,3669.3703
105817000,3718.7699,8351800,118227400,9496447400,112160298500,3699.2157,3719.5592,3668.7653,3669.3703
105822000,3718.5941,9201200,110777000,9505648600,112271075500,3699.2157,3719.5592,3668.7653,3669.3703
105827000,3717.7026,10888100,147054600,9516536700,112418130100,3699.2157,3719.5592,3668.7653,3669.3703
105832000,3718.3048,8644100,115337600,9525180800,112533467700,3699.2157,3719.5592,3668.7653,3669.3703
105837000,3718.0261,5491000,62877600,9530671800,112596345300,3699.2157,3719.5592,3668.7653,3669.3703
105842000,3717.5383,9555800,125474700,9540227600,112721820000,3699.2157,3719.5592,3668.7653,3669.3703
105847000,3717.4614,6669600,84817000,9546897200,112806637000,3699.2157,3719.5592,3668.7653,3669.3703
105852000,3717.5658,8248200,96654300,9555145400,112903291300,3699.2157,3719.5592,3668.7653,3669.3703
105857000,3716.7135,10087300,130183100,9565232700,113033474400,3699.2157,3719.5592,3668.7653,3669.3703
105902000,3716.4546,10756800,103963700,9575989500,113137438100,3699.2157,3719.5592,3668.7653,3669.3703
105907000,3717.0215,7175200,80969100,9583164700,113218407200,3699.2157,3719.5592,3668.7653,3669.3703
105912000,3716.2107,10263000,130829700,9593427700,113349236900,3699.2157,3719.5592,3668.7653,3669.3703
105917000,3715.5781,7929300,96505300,9601357000,113445742200,3699.2157,3719.5592,3668.7653,3669.3703
105922000,3715.694,8110800,97827600,9609467800,113543569800,3699.2157,3719.5592,3668.7653,3669.3703
105927000,3715.1938,9188500,108550100,9618656300,113652119900,3699.2157,3719.5592,3668.7653,3669.3703
105932000,3715.3433,8359100,93312400,9627015400,113745432300,3699.2157,3719.5592,3668.7653,3669.3703
105937000,3715.0564,8121100,76324400,9635136500,113821756700,3699.2157,3719.5592,3668.7653,3669.3703
105942000,3714.8838,9182400,102738200,9644318900,113924494900,3699.2157,3719.5592,3668.7653,3669.3703
105947000,3714.7674,5257000,70944700,9649575900,113995439600,3699.2157,3719.5592,3668.7653,3669.3703
105952000,3714.843,6852900,100101700,9656428800,114095541300,3699.2157,3719.5592,3668.7653,3669.3703
105957000,3714.9516,9767300,113128500,9666196100,114208669800,3699.2157,3719.5592,3668.7653,3669.3703
110002000,3714.6099,7762000,94621500,9673958100,114303291300,3699.2157,3719.5592,3668.7653,3669.3703
110007000,3715.0276,7615700,74075800,9681573800,114377367100,3699.2157,3719.5592,3668.7653,3669.3703
110012000,3714.7883,9010400,109492400,9690584200,114486859500,3699.2157,3719.5592,3668.7653,3669.3703
110017000,3714.6816,4692300,60143600,9695276500,114547003100,3699.2157,3719.5592,3668.7653,3669.3703
110022000,3714.5239,6997200,82731000,9702273700,114629734100,3699.2157,3719.5592,3668.7653,3669.3703
110027000,3715.1212,7820600,92691700,9710094300,114722425800,3699.2157,3719.5592,3668.7653,3669.3703
110032000,3714.7056,6576600,77686000,9716670900,114800111800,3699.2157,3719.5592,3668.7653,3669.3703
110037000,3715.0587,5795600,58467900,9722466500,114858579700,3699.2157,3719.5592,3668.7653,3669.3703
110042000,3714.7626,11028000,113853800,9733494500,114972433500,3699.2157,3719.5592,3668.7653,3669.3703
110047000,3714.36,5756700,76707600,9739251200,115049141100,3699.2157,3719.5592,3668.7653,3669.3703
110052000,3714.7393,6951900,85892000,9746203100,115135033100,3699.2157,3719.5592,3668.7653,3669.3703
110057000,3714.3546,8542300,104972000,9754745400,115240005100,3699.2157,3719.5592,3668.7653,3669.3703
110102000,3714.5052,7825400,102437300,9762570800,115342442400,3699.2157,3719.5592,3668.7653,3669.3703
110107000,3714.2102,5644500,62751700,9768215300,115405194100,3699.2157,3719.5592,3668.7653,3669.3703
110112000,3714.3084,10123400,116780200,9778338700,115521974300,3699.2157,3719.5592,3668.7653,3669.3703
110117000,3714.4486,6293600,88619400,9784632300,115610593700,3699.2157,3719.5592,3668.7653,3669.3703
110122000,3714.0328,6905400,81146100,9791537700,115691739800,3699.2157,3719.5592,3668.7653,3669.3703
110127000,3714.0405,7646200,90689400,9799183900,115782429200,3699.2157,3719.5592,3668.7653,3669.3703
110132000,3714.39,5321300,72519700,9804505200,115854948900,3699.2157,3719.5592,3668.7653,3669.3703
110137000,3714.4023,4573700,56275800,9809078900,115911224700,3699.2157,3719.5592,3668.7653,3669.3703
110142000,3713.9587,7092400,86124500,9816171300,115997349200,3699.2157,3719.5592,3668.7653,3669.3703
110147000,3714.0228,5260400,58719200,9821431700,116056068400,3699.2157,3719.5592,3668.7653,3669.3703
110152000,3713.8209,6200600,72541800,9827632300,116128610200,3699.2157,3719.5592,3668.7653,3669.3703
110157000,3713.793,6979200,88584800,9834611500,116217195000,3699.2157,3719.5592,3668.7653,3669.3703
110202000,3713.5423,4990900,62917700,9839602400,116280112700,3699.2157,3719.5592,3668.7653,3669.3703
110207000,3713.1574,5189200,58715300,9844791600,116338828000,3699.2157,3719.5592,3668.7653,3669.3703
110212000,3713.4905,7114300,79865400,9851905900,116418693400,3699.2157,3719.5592,3668.7653,3669.3703
110217000,3713.4201,6651100,81924300,9858557000,116500617700,3699.2157,3719.5592,3668.7653,3669.3703
110222000,3714.3157,6832200,79883300,9865389200,116580501000,3699.2157,3719.5592,3668.7653,3669.3703
110227000,3715.0332,8184500,104201300,9873573700,116684702300,3699.2157,3719.5592,3668.7653,3669.3703
110232000,3716.0002,9163700,129204500,9882737400,116813906800,3699.2157,3719.5592,3668.7653,3669.3703
110237000,3716.6566,9289800,108337700,9892027200,116922244500,3699.2157,3719.5592,3668.7653,3669.3703
110242000,3717.5807,12523100,169172800,9904550300,117091417300,3699.2157,3719.5592,3668.7653,3669.3703
110247000,3717.9247,8030100,107199300,9912580400,117198616600,3699.2157,3719.5592,3668.7653,3669.3703
110252000,3718.8621,11561900,152104200,9924142300,117350720800,3699.2157,3719.5592,3668.7653,3669.3703
110257000,3719.7761,13049000,158952500,9937191300,117509673300,3699.2157,3719.7761,3668.7653,3669.3703
110302000,3719.893,9842500,133550900,9947033800,117643224200,3699.2157,3719.893,3668.7653,3669.3703
110307000,3720.1533,9259600,96635300,9956293400,117739859500,3699.2157,3720.1533,3668.7653,3669.3703
110312000,3720.4393,8834100,103744100,9965127500,117843603600,3699.2157,3720.4393,3668.7653,3669.3703
110317000,3720.3662,7570400,90998400,9972697900,117934602000,3699.2157,3720.4393,3668.7653,3669.3703
110322000,3720.929,10466500,105622800,9983164400,118040224800,3699.2157,3720.929,3668.7653,3669.3703
110327000,3720.3476,11582900,133438900,9994747300,118173663700,3699.2157,3720.929,3668.7653,3669.3703
110332000,3720.4957,8249900,101921200,10002997200,118275584900,3699.2157,3720.929,3668.7653,3669.3703
110337000,3719.3521,9679100,114544400,10012676300,118390129300,3699.2157,3720.929,3668.7653,3669.3703
110342000,3718.8259,11233800,137684700,10023910100,118527814000,3699.2157,3720.929,3668.7653,3669.3703
110347000,3716.6472,14063700,173433600,10037973800,118701247600,3699.2157,3720.929,3668.7653,3669.3703
110352000,3714.042,22570700,264690200,10060544500,118965937800,3699.2157,3720.929,3668.7653,3669.3703
110357000,3712.6908,20295900,248059000,10080840400,119213996800,3699.2157,3720.929,3668.7653,3669.3703
110402000,3711.3429,13307300,163497900,10094147700,119377494700,3699.2157,3720.929,3668.7653,3669.3703
110407000,3709.8821,13068400,135152100,10107216100,119512646800,3699.2157,3720.929,3668.7653,3669.3703
110412000,3710.1035,15117900,176489400,10122334000,119689136200,3699.2157,3720.929,3668.7653,3669.3703
110417000,3709.4464,7563300,100049000,10129897300,119789185200,3699.2157,3720.929,3668.7653,3669.3703
110422000,3709.5882,8309400,88571100,10138206700,119877756300,3699.2157,3720.929,3668.7653,3669.3703
110427000,3709.3496,10625500,125364800,10148832200,120003121100,3699.2157,3720.929,3668.7653,3669.3703
110432000,3709.0727,9928600,103505600,10158760800,120106626700,3699.2157,3720.929,3668.7653,3669.3703
110437000,3708.9405,8599600,87064300,10167360400,120193691000,3699.2157,3720.929,3668.7653,3669.3703
110442000,3708.673,9748000,104390200,10177108400,120298081200,3699.2157,3720.929,3668.7653,3669.3703
110447000,3708.8577,5459200,71741500,10182567600,120369822700,3699.2157,3720.929,3668.7653,3669.3703
110452000,3708.6063,7732500,91747700,10190300100,120461570400,3699.2157,3720.929,3668.7653,3669.3703
110457000,3709.4988,8702200,102493600,10199002300,120564064000,3699.2157,3720.929,3668.7653,3669.3703
110502000,3708.8677,6245200,82460700,10205247500,120646524700,3699.2157,3720.929,3668.7653,3669.3703
110507000,3708.7283,6201400,61236900,10211448900,120707761600,3699.2157,3720.929,3668.7653,3669.3703
110512000,3709.0924,6911800,98189400,10218360700,120805951000,3699.2157,3720.929,3668.7653,3669.3703
110517000,3709.2613,5010500,68068000,10223371200,120874019000,3699.2157,3720.929,3668.7653,3669.3703
110522000,3708.8774,6230800,84725100,10229602000,120958744100,3699.2157,3720.929,3668.7653,3669.3703
110527000,3708.6977,7118800,81316800,10236720800,121040060900,3699.2157,3720.929,3668.7653,3669.3703
110532000,3708.7318,4745900,67278000,10241466700,121107338900,3699.2157,3720.929,3668.7653,3669.3703
110537000,3708.4625,5284300,56737500,10246751000,121164076400,3699.2157,3720.929,3668.7653,3669.3703
110542000,3708.4877,6771800,81345100,10253522800,121245421500,3699.2157,3720.929,3668.7653,3669.3703
110547000,3708.6609,5300800,56132200,10258823600,121301553700,3699.2157,3720.929,3668.7653,3669.3703
110552000,3707.8163,5599000,59622200,10264422600,121361175900,3699.2157,3720.929,3668.7653,3669.3703
110557000,3708.2154,7070400,78671700,10271493000,121439847600,3699.2157,3720.929,3668.7653,3669.3703
110602000,3708.2795,7568900,84247800,10279061900,121524095400,3699.2157,3720.929,3668.7653,3669.3703
110607000,3707.7557,4763800,56994000,10283825700,121581089400,3699.2157,3720.929,3668.7653,3669.3703
110612000,3708.4751,8708300,87260500,10292534000,121668349900,3699.2157,3720.929,3668.7653,3669.3703
110617000,3707.9733,4571100,63878200,10297105100,121732228100,3699.2157,3720.929,3668.7653,3669.3703
110622000,3707.9299,4949900,61639200,10302055000,121793867300,3699.2157,3720.929,3668.7653,3669.3703
110627000,3707.9734,7196800,94785800,10309251800,121888653100,3699.2157,3720.929,3668.7653,3669.3703
110632000,3707.9105,6861000,82398600,10316112800,121971051700,3699.2157,3720.929,3668.7653,3669.3703
110637000,3708.7185,6690500,72306400,10322803300,122043358100,3699.2157,3720.929,3668.7653,3669.3703
110642000,3707.7337,6107600,74537500,10328910900,122117895600,3699.2157,3720.929,3668.7653,3669.3703
110647000,3707.9394,4746000,66869900,10333656900,122184765500,3699.2157,3720.929,3668.7653,3669.3703
110652000,3707.6415,6454800,60575700,10340111700,122245341200,3699.2157,3720.929,3668.7653,3669.3703
110657000,3707.551,6283400,77973300,10346395100,122323314500,3699.2157,3720.929,3668.7653,3669.3703
110702000,3707.665,6536000,74563400,10352931100,122397877900,3699.2157,3720.929,3668.7653,3669.3703
110707000,3707.2174,5359200,57459000,10358290300,122455336900,3699.2157,3720.929,3668.7653,3669.3703
110712000,3707.1383,5793900,77378400,10364084200,122532715300,3699.2157,3720.929,3668.7653,3669.3703
110717000,3707.1322,4968200,64831200,10369052400,122597546500,3699.2157,3720.929,3668.7653,3669.3703
110722000,3707.0589,4101700,60940000,10373154100,122658486500,3699.2157,3720.929,3668.7653,3669.3703
110727000,3706.734,6226900,69776600,10379381000,122728263100,3699.2157,3720.929,3668.7653,3669.3703
110732000,3706.722,5326900,72105300,10384707900,122800368400,3699.2157,3720.929,3668.7653,3669.3703
110737000,3706.5996,4834100,54442700,10389542000,122854811100,3699.2157,3720.929,3668.7653,3669.3703
110742000,3706.5315,6615200,80733500,10396157200,122935544600,3699.2157,3720.929,3668.7653,3669.3703
110747000,3706.4874,5092000,69613400,10401249200,123005158000,3699.2157,3720.929,3668.7653,3669.3703
110752000,3706.3037,8711300,112552100,10409960500,123117710100,3699.2157,3720.929,3668.7653,3669.3703
110757000,3706.7239,7594300,103840500,10417554800,123221550600,3699.2157,3720.929,3668.7653,3669.3703
110802000,3706.3776,6524200,86757600,10424079000,123308308200,3699.2157,3720.929,3668.7653,3669.3703
110807000,3706.1484,4493400,56519600,10428572400,123364827800,3699.2157,3720.929,3668.7653,3669.3703
110812000,3706.1105,4955800,73214700,10433528200,123438042500,3699.2157,3720.929,3668.7653,3669.3703
110817000,3705.6591,6841200,66434200,10440369400,123504476700,3699.2157,3720.929,3668.7653,3669.3703
110822000,3705.6862,5041600,64671500,10445411000,123569148200,3699.2157,3720.929,3668.7653,3669.3703
110827000,3705.2246,5596500,74099700,10451007500,123643247900,3699.2157,3720.929,3668.7653,3669.3703
110832000,3704.6746,8654200,88805000,10459661700,123732052900,3699.2157,3720.929,3668.7653,3669.3703
110837000,3703.6964,9019000,91802200,10468680700,123823855100,3699.2157,3720.929,3668.7653,3669.3703
110842000,3703.0042,9000300,126439100,10477681000,123950294200,3699.2157,3720.929,3668.7653,3669.3703
110847000,3702.3022,7601400,86553700,10485282400,124036847900,3699.2157,3720.929,3668.7653,3669.3703
110852000,3702.1445,6668900,80866300,10491951300,124117714200,3699.2157,3720.929,3668.7653,3669.3703
110857000,3701.6733,9117000,111809300,10501068300,124229523500,3699.2157,3720.929,3668.7653,3669.3703
110902000,3701.1032,7253300,99567400,10508321600,124329090900,3699.2157,3720.929,3668.7653,3669.3703
110907000,3701.1194,5234100,63880800,10513555700,124392971700,3699.2157,3720.929,3668.7653,3669.3703
110912000,3700.5042,10385300,102831000,10523941000,124495802700,3699.2157,3720.929,3668.7653,3669.3703
110917000,3700.7932,6181800,68253000,10530122800,124564055700,3699.2157,3720.929,3668.7653,3669.3703
110922000,3700.4847,6926400,80080100,10537049200,124644135800,3699.2157,3720.929,3668.7653,3669.3703
110927000,3700.4334,6397400,90196400,10543446600,124734332200,3699.2157,3720.929,3668.7653,3669.3703
110932000,3700.3895,8195400,101273100,10551642000,124835605300,3699.2157,3720.929,3668.7653,3669.3703
110937000,3700.4636,4775300,65134600,10556417300,124900739900,3699.2157,3720.929,3668.7653,3669.3703
110942000,3700.0498,5649800,76274000,10562067100,124977013900,3699.2157,3720.929,3668.7653,3669.3703
110947000,3700.3786,4587900,63258600,10566655000,125040272500,3699.2157,3720.929,3668.7653,3669.3703
110952000,3700.403,6224600,89503800,10572879600,125129776300,3699.2157,3720.929,3668.7653,3669.3703
110957000,3700.2959,7894500,87044900,10580774100,125216821200,3699.2157,3720.929,3668.7653,3669.3703
111002000,3699.815,7066200,78618600,10587840300,125295439800,3699.2157,3720.929,3668.7653,3669.3703
111007000,3699.8847,4257800,51670000,10592098100,125347109800,3699.2157,3720.929,3668.7653,3669.3703
111012000,3700.1243,7006100,72759500,10599104200,125419869300,3699.2157,3720.929,3668.7653,3669.3703
111017000,3700.4884,4835200,65983000,10603939400,125485852300,3699.2157,3720.929,3668.7653,3669.3703
111022000,3700.2081,6285000,69738100,10610224400,125555590400,3699.2157,3720.929,3668.7653,3669.3703
111027000,3701.0197,7744400,89714200,10617968800,125645304600,3699.2157,3720.929,3668.7653,3669.3703
111032000,3701.693,5116100,76773600,10623084900,125722078200,3699.2157,3720.929,3668.7653,3669.3703
111037000,3701.8374,3789300,50663100,10626874200,125772741300,3699.2157,3720.929,3668.7653,3669.3703
111042000,3702.6748,6067200,87321700,10632941400,125860063000,3699.2157,3720.929,3668.7653,3669.3703
111047000,3702.6771,4434000,70715100,10637375400,125930778100,3699.2157,3720.929,3668.7653,3669.3703
111052000,3703.7939,7966700,76027300,10645342100,126006805400,3699.2157,3720.929,3668.7653,3669.3703
111057000,3704.4873,6117800,79379400,10651459900,126086184800,3699.2157,3720.929,3668.7653,3669.3703
111102000,3704.3686,6261600,68552400,10657721500,126154737200,3699.2157,3720.929,3668.7653,3669.3703
111107000,3703.9118,4164400,42522600,10661885900,126197259800,3699.2157,3720.929,3668.7653,3669.3703
111112000,3704.3423,5551900,69266100,10667437800,126266525900,3699.2157,3720.929,3668.7653,3669.3703
111117000,3704.4031,3637900,47293600,10671075700,126313819500,3699.2157,3720.929,3668.7653,3669.3703
111122000,3704.0246,4332400,63174600,10675408100,126376994100,3699.2157,3720.929,3668.7653,3669.3703
111127000,3704.209,5322700,75496300,10680730800,126452490400,3699.2157,3720.929,3668.7653,3669.3703
111132000,3703.6277,5334000,65674500,10686064800,126518164900,3699.2157,3720.929,3668.7653,3669.3703
111137000,3704.0168,3021400,40284300,10689086200,126558449200,3699.2157,3720.929,3668.7653,3669.3703
111142000,3702.959,5928300,74163000,10695014500,126632612200,3699.2157,3720.929,3668.7653,3669.3703
111147000,3702.9604,4243900,71959900,10699258400,126704572100,3699.2157,3720.929,3668.7653,3669.3703
111152000,3702.9129,4070700,56305200,10703329100,126760877300,3699.2157,3720.929,3668.7653,3669.3703
111157000,3702.6749,4313800,53926200,10707642900,126814803500,3699.2157,3720.929,3668.7653,3669.3703
111202000,3702.4933,6126500,88803200,10713769400,126903606700,3699.2157,3720.929,3668.7653,3669.3703
111207000,3701.8018,3837900,48115100,10717607300,126951721800,3699.2157,3720.929,3668.7653,3669.3703
111212000,3702.1363,4921300,63335200,10722528600,127015057000,3699.2157,3720.929,3668.7653,3669.3703
111217000,3702.0463,4003100,47503100,10726531700,127062560100,3699.2157,3720.929,3668.7653,3669.3703
111222000,3701.3443,4134400,56003300,10730666100,127118563400,3699.2157,3720.929,3668.7653,3669.3703
111227000,3700.3212,4344300,66143000,10735010400,127184706400,3699.2157,3720.929,3668.7653,3669.3703
111232000,3700.3548,6366700,70634100,10741377100,127255340500,3699.2157,3720.929,3668.7653,3669.3703
111237000,3700.7306,3506400,44316000,10744883500,127299656500,3699.2157,3720.929,3668.7653,3669.3703
111242000,3700.2369,5493300,65676700,10750376800,127365333200,3699.2157,3720.929,3668.7653,3669.3703
111247000,3700.2098,5166500,71443500,10755543300,127436776700,3699.2157,3720.929,3668.7653,3669.3703
111252000,3700.3001,4735300,55965600,10760278600,127492742300,3699.2157,3720.929,3668.7653,3669.3703
111257000,3699.9104,5473000,75265800,10765751600,127568008100,3699.2157,3720.929,3668.7653,3669.3703
111302000,3699.5313,7206600,85702200,10772958200,127653710300,3699.2157,3720.929,3668.7653,3669.3703
111307000,3699.4639,5331300,58538800,10778289500,127712249100,3699.2157,3720.929,3668.7653,3669.3703
111312000,3699.5273,6938700,90036700,10785228200,127802285800,3699.2157,3720.929,3668.7653,3669.3703
111317000,3699.5391,4276000,51244200,10789504200,127853530000,3699.2157,3720.929,3668.7653,3669.3703
111322000,3699.808,5022500,57899700,10794526700,127911429700,3699.2157,3720.929,3668.7653,3669.3703
111327000,3699.5195,5285000,68110900,10799811700,127979540600,3699.2157,3720.929,3668.7653,3669.3703
111332000,3699.7258,4379800,54844600,10804191500,128034385200,3699.2157,3720.929,3668.7653,3669.3703
111337000,3699.8357,3675800,44754100,10807867300,128079139300,3699.2157,3720.929,3668.7653,3669.3703
111342000,3699.5436,7057000,80277400,10814924300,128159416700,3699.2157,3720.929,3668.7653,3669.3703
111347000,3699.7169,4351200,48965700,10819275500,128208382400,3699.2157,3720.929,3668.7653,3669.3703
111352000,3699.5033,4081200,62643700,10823356700,128271026100,3699.2157,3720.929,3668.7653,3669.3703
111357000,3699.6752,5345100,69767200,10828701800,128340793300,3699.2157,3720.929,3668.7653,3669.3703
111402000,3699.695,5165000,63363200,10833866800,128404156500,3699.2157,3720.929,3668.7653,3669.3703
111407000,3699.3803,3273700,42734200,10837140500,128446890700,3699.2157,3720.929,3668.7653,3669.3703
111412000,3699.3671,3234500,41722600,10840375000,128488613300,3699.2157,3720.929,3668.7653,3669.3703
111417000,3699.2317,3641400,47848300,10844016400,128536461600,3699.2157,3720.929,3668.7653,3669.3703
111422000,3699.4483,3384000,44921700,10847400400,128581383300,3699.2157,3720.929,3668.7653,3669.3703
111427000,3699.686,4190400,51820400,10851590800,128633203700,3699.2157,3720.929,3668.7653,3669.3703
111432000,3699.2181,3251500,37218600,10854842300,128670422300,3699.2157,3720.929,3668.7653,3669.3703
111437000,3699.1197,3129100,36683900,10857971400,128707106200,3699.2157,3720.929,3668.7653,3669.3703
111442000,3699.4716,4930300,62734200,10862901700,128769840400,3699.2157,3720.929,3668.7653,3669.3703
111447000,3699.3995,5229700,59767900,10868131400,128829608300,3699.2157,3720.929,3668.7653,3669.3703
111452000,3699.2392,6974900,73148100,10875106300,128902756400,3699.2157,3720.929,3668.7653,3669.3703
111457000,3699.2199,5786800,65143700,10880893100,128967900100,3699.2157,3720.929,3668.7653,3669.3703
111502000,3699.0833,5073500,60052000,10885966600,129027952100,3699.2157,3720.929,3668.7653,3669.3703
111507000,3698.8912,5457400,48363900,10891424000,129076316000,3699.2157,3720.929,3668.7653,3669.3703
111512000,3698.8797,6042200,78182500,10897466200,129154498500,3699.2157,3720.929,3668.7653,3669.3703
111517000,3698.8988,4993600,56336700,10902459800,129210835200,3699.2157,3720.929,3668.7653,3669.3703
111522000,3697.9266,5251100,54948500,10907710900,129265783700,3699.2157,3720.929,3668.7653,3669.3703
111527000,3698.5193,6124400,73224000,10913835300,129339007700,3699.2157,3720.929,3668.7653,3669.3703
111532000,3698.6704,4062500,56748000,10917897800,129395755700,3699.2157,3720.929,3668.7653,3669.3703
111537000,3698.2243,3528800,48879900,10921426600,129444635600,3699.2157,3720.929,3668.7653,3669.3703
111542000,3698.5451,5470400,53082500,10926897000,129497718100,3699.2157,3720.929,3668.7653,3669.3703
111547000,3698.7425,3724900,37284500,10930621900,129535002600,3699.2157,3720.929,3668.7653,3669.3703
111552000,3698.5588,4882400,58532100,10935504300,129593534700,3699.2157,3720.929,3668.7653,3669.3703
111557000,3698.455,5081900,55320400,10940586200,129648855100,3699.2157,3720.929,3668.7653,3669.3703
111602000,3698.523,4519000,52062900,10945105200,129700918000,3699.2157,3720.929,3668.7653,3669.3703
111607000,3698.4105,2791600,42053000,10947896800,129742971000,3699.2157,3720.929,3668.7653,3669.3703
111612000,3698.6241,4216200,59323600,10952113000,129802294600,3699.2157,3720.929,3668.7653,3669.3703
111617000,3698.4718,3118000,40892800,10955231000,129843187400,3699.2157,3720.929,3668.7653,3669.3703
111622000,3698.0703,5075200,62861200,10960306200,129906048600,3699.2157,3720.929,3668.7653,3669.3703
111627000,3698.413,4083800,57578000,10964390000,129963626600,3699.2157,3720.929,3668.7653,3669.3703
111632000,3698.4535,4228600,55293500,10968618600,130018920100,3699.2157,3720.929,3668.7653,3669.3703
111637000,3698.7864,3766800,41259600,10972385400,130060179700,3699.2157,3720.929,3668.7653,3669.3703
111642000,3698.6555,4489000,56051700,10976874400,130116231400,3699.2157,3720.929,3668.7653,3669.3703
111647000,3698.382,3537800,43419700,10980412200,130159651100,3699.2157,3720.929,3668.7653,3669.3703
111652000,3698.6373,3850200,47744400,10984262400,130207395500,3699.2157,3720.929,3668.7653,3669.3703
111657000,3699.0208,4203600,57789800,10988466000,130265185300,3699.2157,3720.929,3668.7653,3669.3703
111702000,3699.377,4225500,65840300,10992691500,130331025600,3699.2157,3720.929,3668.7653,3669.3703
111707000,3698.7549,2882900,34730600,10995574400,130365756200,3699.2157,3720.929,3668.7653,3669.3703
111712000,3698.893,4976900,65987300,11000551300,130431743500,3699.2157,3720.929,3668.7653,3669.3703
111717000,3699.2745,2897200,32288400,11003448500,130464031900,3699.2157,3720.929,3668.7653,3669.3703
111722000,3699.3283,5516100,59022700,11008964600,130523054600,3699.2157,3720.929,3668.7653,3669.3703
111727000,3699.5705,5230100,66196200,11014194700,130589250800,3699.2157,3720.929,3668.7653,3669.3703
111732000,3699.934,5115900,60399000,11019310600,130649649800,3699.2157,3720.929,3668.7653,3669.3703
111737000,3699.6501,3557800,56923400,11022868400,130706573200,3699.2157,3720.929,3668.7653,3669.3703
111742000,3699.6445,4407000,55346200,11027275400,130761919400,3699.2157,3720.929,3668.7653,3669.3703
111747000,3699.4723,3323700,44138700,11030599100,130806058100,3699.2157,3720.929,3668.7653,3669.3703
111752000,3699.5507,4405000,52659000,11035004100,130858717100,3699.2157,3720.929,3668.7653,3669.3703
111757000,3699.0549,6067100,67935800,11041071200,130926652900,3699.2157,3720.929,3668.7653,3669.3703
111802000,3698.6568,5821600,87308000,11046892800,131013960900,3699.2157,3720.929,3668.7653,3669.3703
111807000,3698.1742,4407000,58231100,11051299800,131072192000,3699.2157,3720.929,3668.7653,3669.3703
111812000,3696.7487,9336900,113249300,11060636700,131185441300,3699.2157,3720.929,3668.7653,3669.3703
111817000,3696.4043,5992000,70789100,11066628700,131256230400,3699.2157,3720.929,3668.7653,3669.3703
111822000,3695.9942,7860100,86068000,11074488800,131342298400,3699.2157,3720.929,3668.7653,3669.3703
111827000,3695.0077,7286400,81387100,11081775200,131423685500,3699.2157,3720.929,3668.7653,3669.3703
111832000,3694.3672,9228900,104646000,11091004100,131528331500,3699.2157,3720.929,3668.7653,3669.3703
111837000,3693.4038,6218600,74022700,11097222700,131602354200,3699.2157,3720.929,3668.7653,3669.3703
111842000,3692.7974,8471600,107807200,11105694300,131710161400,3699.2157,3720.929,3668.7653,3669.3703
111847000,3691.3443,9526700,106494800,11115221000,131816656200,3699.2157,3720.929,3668.7653,3669.3703
111852000,3690.3923,10978300,124596700,11126199300,131941252900,3699.2157,3720.929,3668.7653,3669.3703
111857000,3689.4331,12408200,152947500,11138607500,132094200400,3699.2157,3720.929,3668.7653,3669.3703
111902000,3688.6575,11000900,118426300,11149608400,132212626700,3699.2157,3720.929,3668.7653,3669.3703
111907000,3688.3923,5687700,59545400,11155296100,132272172100,3699.2157,3720.929,3668.7653,3669.3703
111912000,3688.0738,7926100,100475800,11163222200,132372647900,3699.2157,3720.929,3668.7653,3669.3703
111917000,3687.6955,5119400,62838100,11168341600,132435486000,3699.2157,3720.929,3668.7653,3669.3703
111922000,3687.5821,7624700,85941700,11175966300,132521427700,3699.2157,3720.929,3668.7653,3669.3703
111927000,3687.5035,7268700,90094800,11183235000,132611522500,3699.2157,3720.929,3668.7653,3669.3703
111932000,3687.6681,8125500,97133800,11191360500,132708656300,3699.2157,3720.929,3668.7653,3669.3703
111937000,3687.3181,4668700,59578000,11196029200,132768234300,3699.2157,3720.929,3668.7653,3669.3703
111942000,3687.3898,6419900,78973200,11202449100,132847207500,3699.2157,3720.929,3668.7653,3669.3703
111947000,3687.2695,4612100,68041900,11207061200,132915249400,3699.2157,3720.929,3668.7653,3669.3703
111952000,3687.2635,4004800,54378600,11211066000,132969628000,3699.2157,3720.929,3668.7653,3669.3703
111957000,3687.0004,6730100,75606600,11217796100,133045234600,3699.2157,3720.929,3668.7653,3669.3703
112002000,3686.4257,6112400,72832600,11223908500,133118067200,3699.2157,3720.929,3668.7653,3669.3703
112007000,3686.2408,10715900,80263200,11234624400,133198330400,3699.2157,3720.929,3668.7653,3669.3703
112012000,3685.9206,6908100,73727000,11241532500,133272057400,3699.2157,3720.929,3668.7653,3669.3703
112017000,3686.2929,5340400,61709000,11246872900,133333766400,3699.2157,3720.929,3668.7653,3669.3703
112022000,3685.9178,7836100,82013700,11254709000,133415780100,3699.2157,3720.929,3668.7653,3669.3703
112027000,3685.1911,6240500,72956200,11260949500,133488736300,3699.2157,3720.929,3668.7653,3669.3703
112032000,3684.7995,7247700,88833500,11268197200,133577569800,3699.2157,3720.929,3668.7653,3669.3703
112037000,3684.7311,6123100,66363100,11274320300,133643932900,3699.2157,3720.929,3668.7653,3669.3703
112042000,3684.8262,7525400,80954100,11281845700,133724887000,3699.2157,3720.929,3668.7653,3669.3703
112047000,3684.9053,4265900,61095000,11286111600,133785982000,3699.2157,3720.929,3668.7653,3669.3703
112052000,3684.7727,6972300,91001400,11293083900,133876983400,3699.2157,3720.929,3668.7653,3669.3703
112057000,3684.9089,6073500,76288600,11299157400,133953272000,3699.2157,3720.929,3668.7653,3669.3703
112102000,3685.1816,4875600,65880800,11304033000,134019152800,3699.2157,3720.929,3668.7653,3669.3703
112107000,3684.7999,3958500,41895900,11307991500,134061048700,3699.2157,3720.929,3668.7653,3669.3703
112112000,3685.3584,6004900,75607600,11313996400,134136656300,3699.2157,3720.929,3668.7653,3669.3703
112117000,3685.1882,2862400,40897600,11316858800,134177553900,3699.2157,3720.929,3668.7653,3669.3703
112122000,3685.5049,5325600,77901700,11322184400,134255455600,3699.2157,3720.929,3668.7653,3669.3703
112127000,3686.0774,6576200,71915500,11328760600,134327371100,3699.2157,3720.929,3668.7653,3669.3703
112132000,3686.6503,5318900,62705100,11334079500,134390076200,3699.2157,3720.929,3668.7653,3669.3703
112137000,3686.986,2902400,35816500,11336981900,134425892700,3699.2157,3720.929,3668.7653,3669.3703
112142000,3686.9792,5112600,66202600,11342094500,134492095300,3699.2157,3720.929,3668.7653,3669.3703
112147000,3687.7146,3161600,41489900,11345256100,134533585200,3699.2157,3720.929,3668.7653,3669.3703
112152000,3688.0394,4754200,57022200,11350010300,134590607400,3699.2157,3720.929,3668.7653,3669.3703
112157000,3687.9696,5445800,64968800,11355456100,134655576200,3699.2157,3720.929,3668.7653,3669.3703
112202000,3688.1234,4452800,57594900,11359908900,134713171100,3699.2157,3720.929,3668.7653,3669.3703
112207000,3687.963,3972400,41361000,11363881300,134754532100,3699.2157,3720.929,3668.7653,3669.3703
112212000,3688.6069,4502600,57212600,11368383900,134811744700,3699.2157,3720.929,3668.7653,3669.3703
112217000,3688.7923,3893000,40495600,11372276900,134852240300,3699.2157,3720.929,3668.7653,3669.3703
112222000,3688.948,4477300,51208900,11376754200,134903449200,3699.2157,3720.929,3668.7653,3669.3703
112227000,3689.1179,4068000,55328300,11380822200,134958777500,3699.2157,3720.929,3668.7653,3669.3703
112232000,3689.3012,3212000,44212200,11384034200,135002989700,3699.2157,3720.929,3668.7653,3669.3703
112237000,3689.0411,3157200,39260900,11387191400,135042250600,3699.2157,3720.929,3668.7653,3669.3703
112242000,3689.3056,4233600,51106800,11391425000,135093357400,3699.2157,3720.929,3668.7653,3669.3703
112247000,3688.9647,2413100,35273300,11393838100,135128630700,3699.2157,3720.929,3668.7653,3669.3703
112252000,3689.3342,4376000,45271500,11398214100,135173902200,3699.2157,3720.929,3668.7653,3669.3703
112257000,3689.491,4396400,58007700,11402610500,135231909900,3699.2157,3720.929,3668.7653,3669.3703
112302000,3690.1027,3020700,41042800,11405631200,135272952700,3699.2157,3720.929,3668.7653,3669.3703
112307000,3690.074,3085600,35292400,11408716800,135308245100,3699.2157,3720.929,3668.7653,3669.3703
112312000,3690.2555,3093400,37500200,11411810200,135345745300,3699.2157,3720.929,3668.7653,3669.3703
112317000,3690.1517,2425000,31735400,11414235200,135377480700,3699.2157,3720.929,3668.7653,3669.3703
112322000,3690.3635,4018100,46711100,11418253300,135424191800,3699.2157,3720.929,3668.7653,3669.3703
112327000,3690.7139,4947800,54589100,11423201100,135478780900,3699.2157,3720.929,3668.7653,3669.3703
112332000,3690.7523,2766600,35773900,11425967700,135514554800,3699.2157,3720.929,3668.7653,3669.3703
112337000,3690.8899,2715800,38172100,11428683500,135552726900,3699.2157,3720.929,3668.7653,3669.3703
112342000,3690.5671,3174400,43457700,11431857900,135596184600,3699.2157,3720.929,3668.7653,3669.3703
112347000,3690.7937,2322100,32324000,11434180000,135628508600,3699.2157,3720.929,3668.7653,3669.3703
112352000,3690.4702,3746600,47698400,11437926600,135676207000,3699.2157,3720.929,3668.7653,3669.3703
112357000,3689.5373,5902400,79576900,11443829000,135755783900,3699.2157,3720.929,3668.7653,3669.3703
112402000,3689.382,2808300,37438800,11446637300,135793222700,3699.2157,3720.929,3668.7653,3669.3703
112407000,3688.4885,4546200,59110000,11451183500,135852332700,3699.2157,3720.929,3668.7653,3669.3703
112412000,3688.4636,4909300,56042500,11456092800,135908375200,3699.2157,3720.929,3668.7653,3669.3703
112417000,3688.1183,2727100,37823000,11458819900,135946198200,3699.2157,3720.929,3668.7653,3669.3703
112422000,3687.7851,4769700,61360400,11463589600,136007558600,3699.2157,3720.929,3668.7653,3669.3703
112427000,3687.7558,3491300,53883500,11467080900,136061442100,3699.2157,3720.929,3668.7653,3669.3703
112432000,3686.932,2562600,36652000,11469643500,136098094100,3699.2157,3720.929,3668.7653,3669.3703
112437000,3687.4392,3137500,43793100,11472781000,136141887200,3699.2157,3720.929,3668.7653,3669.3703
112442000,3687.0018,3975000,48785900,11476756000,136190673100,3699.2157,3720.929,3668.7653,3669.3703
112447000,3685.78,5457900,56632500,11482213900,136247305600,3699.2157,3720.929,3668.7653,3669.3703
112452000,3685.282,5761700,72142800,11487975600,136319448400,3699.2157,3720.929,3668.7653,3669.3703
112457000,3685.3067,6062000,69484500,11494037600,136388932900,3699.2157,3720.929,3668.7653,3669.3703
112502000,3684.3519,4768700,71909100,11498806300,136460842000,3699.2157,3720.929,3668.7653,3669.3703
112507000,3684.3405,6771000,75427500,11505577300,136536269500,3699.2157,3720.929,3668.7653,3669.3703
112512000,3684.3661,6117900,81198300,11511695200,136617467800,3699.2157,3720.929,3668.7653,3669.3703
112517000,3683.8475,3102600,52272500,11514797800,136669740300,3699.2157,3720.929,3668.7653,3669.3703
112522000,3683.9547,5256100,62985300,11520053900,136732725600,3699.2157,3720.929,3668.7653,3669.3703
112527000,3684.0323,5591700,72867500,11525645600,136805593100,3699.2157,3720.929,3668.7653,3669.3703
112532000,3683.6614,3860700,50739100,11529506300,136856332200,3699.2157,3720.929,3668.7653,3669.3703
112537000,3683.4946,3292000,43876700,11532798300,136900208900,3699.2157,3720.929,3668.7653,3669.3703
112542000,3683.634,5645200,66078300,11538443500,136966287200,3699.2157,3720.929,3668.7653,3669.3703
112547000,3684.0639,3606400,46067100,11542049900,137012354300,3699.2157,3720.929,3668.7653,3669.3703
112552000,3683.5579,3781800,54175700,11545831700,137066530000,3699.2157,3720.929,3668.7653,3669.3703
112557000,3683.6412,4567200,53960400,11550398900,137120490400,3699.2157,3720.929,3668.7653,3669.3703
112602000,3683.2802,2562300,42114000,11552961200,137162604400,3699.2157,3720.929,3668.7653,3669.3703
112607000,3682.4378,4099600,67008400,11557060800,137229612800,3699.2157,3720.929,3668.7653,3669.3703
112612000,3682.7986,4624900,61378800,11561685700,137290991600,3699.2157,3720.929,3668.7653,3669.3703
112617000,3682.6576,3304000,44850900,11564989700,137335842500,3699.2157,3720.929,3668.7653,3669.3703
112622000,3682.8861,3493900,61529200,11568483600,137397371700,3699.2157,3720.929,3668.7653,3669.3703
112627000,3682.9654,3460500,57342500,11571944100,137454714200,3699.2157,3720.929,3668.7653,3669.3703
112632000,3683.3088,2616600,39402600,11574560700,137494116800,3699.2157,3720.929,3668.7653,3669.3703
112637000,3683.7629,3049900,43658500,11577610600,137537775300,3699.2157,3720.929,3668.7653,3669.3703
112642000,3683.7412,3713300,46010400,11581323900,137583785700,3699.2157,3720.929,3668.7653,3669.3703
112647000,3683.8123,3940600,42037800,11585264500,137625823500,3699.2157,3720.929,3668.7653,3669.3703
112652000,3684.3722,5058300,57739500,11590322800,137683563000,3699.2157,3720.929,3668.7653,3669.3703
112657000,3684.5356,4224000,50029400,11594546800,137733592400,3699.2157,3720.929,3668.7653,3669.3703
112702000,3684.9135,3715800,58280700,11598262600,137791873100,3699.2157,3720.929,3668.7653,3669.3703
112707000,3684.5787,3034000,37958000,11601296600,137829831100,3699.2157,3720.929,3668.7653,3669.3703
112712000,3685.0326,5739600,72171200,11607036200,137902002300,3699.2157,3720.929,3668.7653,3669.3703
112717000,3685.2446,1871300,25746100,11608907500,137927748400,3699.2157,3720.929,3668.7653,3669.3703
112722000,3685.5142,2530400,36579600,11611437900,137964328000,3699.2157,3720.929,3668.7653,3669.3703
112727000,3685.1407,3257700,50798100,11614695600,138015126100,3699.2157,3720.929,3668.7653,3669.3703
112732000,3685.8384,3299300,49093800,11617994900,138064219900,3699.2157,3720.929,3668.7653,3669.3703
112737000,3686.0832,3436100,35606500,11621431000,138099826400,3699.2157,3720.929,3668.7653,3669.3703
112742000,3686.0685,6847400,63816000,11628278400,138163642400,3699.2157,3720.929,3668.7653,3669.3703
112747000,3685.976,1971900,26215400,11630250300,138189857800,3699.2157,3720.929,3668.7653,3669.3703
112752000,3686.033,4652200,50109000,11634902500,138239966800,3699.2157,3720.929,3668.7653,3669.3703
112757000,3685.8087,5012600,48862900,11639915100,138288829700,3699.2157,3720.929,3668.7653,3669.3703
112802000,3686.1882,3891700,37847300,11643806800,138326677000,3699.2157,3720.929,3668.7653,3669.3703
112807000,3686.0905,2885200,29887600,11646692000,138356564600,3699.2157,3720.929,3668.7653,3669.3703
112812000,3686.1811,3749600,39327100,11650441600,138395891700,3699.2157,3720.929,3668.7653,3669.3703
112817000,3686.1643,1800200,25021300,11652241800,138420913000,3699.2157,3720.929,3668.7653,3669.3703
112822000,3686.2905,3217100,38025900,11655458900,138458938900,3699.2157,3720.929,3668.7653,3669.3703
112827000,3685.7987,5115700,48579700,11660574600,138507518600,3699.2157,3720.929,3668.7653,3669.3703
112832000,3686.1952,6176600,46140100,11666751200,138553658700,3699.2157,3720.929,3668.7653,3669.3703
112837000,3686.3016,2455300,28217300,11669206500,138581876000,3699.2157,3720.929,3668.7653,3669.3703
112842000,3686.2625,3285800,43687700,11672492300,138625563700,3699.2157,3720.929,3668.7653,3669.3703
112847000,3686.8404,1958700,24188900,11674451000,138649752600,3699.2157,3720.929,3668.7653,3669.3703
112852000,3686.5815,14721900,83919400,11689172900,138733672000,3699.2157,3720.929,3668.7653,3669.3703
112857000,3686.3603,4068700,47937700,11693241600,138781609700,3699.2157,3720.929,3668.7653,3669.3703
112902000,3686.6795,4093200,35544100,11697334800,138817153800,3699.2157,3720.929,3668.7653,3669.3703
112907000,3686.2624,3935200,41304400,11701270000,138858458200,3699.2157,3720.929,3668.7653,3669.3703
112912000,3686.0351,8111300,59658200,11709381300,138918116400,3699.2157,3720.929,3668.7653,3669.3703
112917000,3686.2414,4190400,37977600,11713571700,138956094000,3699.2157,3720.929,3668.7653,3669.3703
112922000,3685.6514,4313900,49947700,11717885600,139006041700,3699.2157,3720.929,3668.7653,3669.3703
112927000,3685.5427,5016200,44094300,11722901800,139050136000,3699.2157,3720.929,3668.7653,3669.3703
112932000,3685.8319,3803600,39556400,11726705400,139089692400,3699.2157,3720.929,3668.7653,3669.3703
112937000,3685.9091,2150700,26609600,11728856100,139116302000,3699.2157,3720.929,3668.7653,3669.3703
112942000,3686.3004,3187700,36185500,11732043800,139152487500,3699.2157,3720.929,3668.7653,3669.3703
112947000,3685.9456,1780100,20513900,11733823900,139173001400,3699.2157,3720.929,3668.7653,3669.3703
112952000,3685.8994,2505700,23002900,11736329600,139196004300,3699.2157,3720.929,3668.7653,3669.3703
112957000,3685.2643,3217500,42859800,11739547100,139238864100,3699.2157,3720.929,3668.7653,3669.3703
113002000,3685.6086,1881000,20064500,11741428100,139258928600,3699.2157,3720.929,3668.7653,3669.3703
113007000,3685.7327,157200,2694600,11741585300,139261623200,3699.2157,3720.929,3668.7653,3669.3703
130002000,3685.8203,2210000,27231400,11743795300,139288854600,3699.2157,3720.929,3668.7653,3669.3703
130007000,3686.0213,70015800,656206400,11813811100,139945061000,3699.2157,3720.929,3668.7653,3669.3703
130012000,3686.6119,12640500,151908300,11826451600,140096969300,3699.2157,3720.929,3668.7653,3669.3703
130017000,3686.6857,3659300,43101500,11830110900,140140070800,3699.2157,3720.929,3668.7653,3669.3703
130022000,3687.266,2473000,36449400,11832583900,140176520200,3699.2157,3720.929,3668.7653,3669.3703
130027000,3687.4889,3444400,40063400,11836028300,140216583600,3699.2157,3720.929,3668.7653,3669.3703
130032000,3687.3008,2518300,33294900,11838546600,140249878500,3699.2157,3720.929,3668.7653,3669.3703
130037000,3688.5416,2529500,33653000,11841076100,140283531500,3699.2157,3720.929,3668.7653,3669.3703
130042000,3688.0994,2443100,30716200,11843519200,140314247700,3699.2157,3720.929,3668.7653,3669.3703
130047000,3687.8245,2848800,37480300,11846368000,140351728000,3699.2157,3720.929,3668.7653,3669.3703
130052000,3688.2317,3242700,38549100,11849610700,140390277100,3699.2157,3720.929,3668.7653,3669.3703
130057000,3687.8631,2777700,31564500,11852388400,140421841600,3699.2157,3720.929,3668.7653,3669.3703
130102000,3688.0753,2829100,36055600,11855217500,140457897200,3699.2157,3720.929,3668.7653,3669.3703
130107000,3687.7859,2284000,24599700,11857501500,140482496900,3699.2157,3720.929,3668.7653,3669.3703
130112000,3687.7524,5764000,48748100,11863265500,140531245000,3699.2157,3720.929,3668.7653,3669.3703
130117000,3687.5784,2155700,20137500,11865421200,140551382500,3699.2157,3720.929,3668.7653,3669.3703
130122000,3687.0244,2457800,32954900,11867879000,140584337400,3699.2157,3720.929,3668.7653,3669.3703
130127000,3686.8413,2265700,29437800,11870144700,140613775200,3699.2157,3720.929,3668.7653,3669.3703
130132000,3687.4357,2474700,26821300,11872619400,140640596500,3699.2157,3720.929,3668.7653,3669.3703
130137000,3685.9977,3113700,39111000,11875733100,140679707500,3699.2157,3720.929,3668.7653,3669.3703
130142000,3685.8285,3591400,46919200,11879324500,140726626700,3699.2157,3720.929,3668.7653,3669.3703
130147000,3685.355,2714700,30545100,11882039200,140757171800,3699.2157,3720.929,3668.7653,3669.3703
130152000,3685.4493,3919600,38887100,11885958800,140796058900,3699.2157,3720.929,3668.7653,3669.3703
130157000,3685.2129,2650700,34254500,11888609500,140830313400,3699.2157,3720.929,3668.7653,3669.3703
130202000,3685.4253,2631700,32518800,11891241200,140862832200,3699.2157,3720.929,3668.7653,3669.3703
130207000,3684.9248,3163600,39656800,11894404800,140902489000,3699.2157,3720.929,3668.7653,3669.3703
130212000,3685.2348,2775200,35901600,11897180000,140938390600,3699.2157,3720.929,3668.7653,3669.3703
130217000,3685.1197,2489000,26178900,11899669000,140964569500,3699.2157,3720.929,3668.7653,3669.3703
130222000,3684.777,3216500,43315300,11902885500,141007884800,3699.2157,3720.929,3668.7653,3669.3703
130227000,3685.1638,2422800,31748300,11905308300,141039633100,3699.2157,3720.929,3668.7653,3669.3703
130232000,3684.8582,2463600,40119600,11907771900,141079752700,3699.2157,3720.929,3668.7653,3669.3703
130237000,3684.3886,2756800,35100100,11910528700,141114852800,3699.2157,3720.929,3668.7653,3669.3703
130242000,3684.0204,2565900,31283000,11913094600,141146135800,3699.2157,3720.929,3668.7653,3669.3703
130247000,3683.7802,2533800,31384600,11915628400,141177520400,3699.2157,3720.929,3668.7653,3669.3703
130252000,3683.5321,3439600,49493100,11919068000,141227013500,3699.2157,3720.929,3668.7653,3669.3703
130257000,3683.9137,2824900,35427700,11921892900,141262441200,3699.2157,3720.929,3668.7653,3669.3703
130302000,3683.4969,2535400,38010300,11924428300,141300451500,3699.2157,3720.929,3668.7653,3669.3703
130307000,3683.5676,3938300,39064200,11928366600,141339515700,3699.2157,3720.929,3668.7653,3669.3703
130312000,3683.4654,3393100,45258800,11931759700,141384774500,3699.2157,3720.929,3668.7653,3669.3703
130317000,3683.3621,2811100,33118500,11934570800,141417893000,3699.2157,3720.929,3668.7653,3669.3703
130322000,3683.1142,4527300,50228400,11939098100,141468121400,3699.2157,3720.929,3668.7653,3669.3703
130327000,3682.9554,2117200,30016200,11941215300,141498137600,3699.2157,3720.929,3668.7653,3669.3703
130332000,3683.0849,3061700,34363300,11944277000,141532500900,3699.2157,3720.929,3668.7653,3669.3703
130337000,3683.1373,2275500,30493000,11946552500,141562993900,3699.2157,3720.929,3668.7653,3669.3703
130342000,3682.8433,2528600,32391000,11949081100,141595384900,3699.2157,3720.929,3668.7653,3669.3703
130347000,3683.0801,2375000,25271900,11951456100,141620656800,3699.2157,3720.929,3668.7653,3669.3703
130352000,3682.5692,3380200,33078800,11954836300,141653735600,3699.2157,3720.929,3668.7653,3669.3703
130357000,3682.9541,3162500,39662000,11957998800,141693397600,3699.2157,3720.929,3668.7653,3669.3703
130402000,3682.9292,2607300,29850700,11960606100,141723248300,3699.2157,3720.929,3668.7653,3669.3703
130407000,3682.8839,2176300,27913800,11962782400,141751162100,3699.2157,3720.929,3668.7653,3669.3703
130412000,3682.6958,2473100,34146200,11965255500,141785308300,3699.2157,3720.929,3668.7653,3669.3703
130417000,3682.6081,2407700,30608100,11967663200,141815916400,3699.2157,3720.929,3668.7653,3669.3703
130422000,3682.2283,2733500,40047300,11970396700,141855963700,3699.2157,3720.929,3668.7653,3669.3703
130427000,3682.2809,1894600,29214800,11972291300,141885178500,3699.2157,3720.929,3668.7653,3669.3703
130432000,3682.629,2141700,29407700,11974433000,141914586200,3699.2157,3720.929,3668.7653,3669.3703
130437000,3682.6001,2782000,31673000,11977215000,141946259200,3699.2157,3720.929,3668.7653,3669.3703
130442000,3682.3445,3688800,37704600,11980903800,141983963800,3699.2157,3720.929,3668.7653,3669.3703
130447000,3682.461,3001300,38760100,11983905100,142022723900,3699.2157,3720.929,3668.7653,3669.3703
130452000,3682.2009,4445400,43504000,11988350500,142066227900,3699.2157,3720.929,3668.7653,3669.3703
130457000,3682.3288,3460300,33290000,11991810800,142099517900,3699.2157,3720.929,3668.7653,3669.3703
130502000,3682.3142,5935700,60957800,11997746500,142160475700,3699.2157,3720.929,3668.7653,3669.3703
130507000,3681.5979,3979300,48402000,12001725800,142208877700,3699.2157,3720.929,3668.7653,3669.3703
130512000,3681.9007,3372300,36163200,12005098100,142245040900,3699.2157,3720.929,3668.7653,3669.3703
130517000,3681.2976,2020800,26716700,12007118900,142271757600,3699.2157,3720.929,3668.7653,3669.3703
130522000,3681.5052,3613900,34553900,12010732800,142306311500,3699.2157,3720.929,3668.7653,3669.3703
130527000,3681.4162,2638100,38389700,12013370900,142344701200,3699.2157,3720.929,3668.7653,3669.3703
130532000,3681.6944,3726700,38427700,12017097600,142383128900,3699.2157,3720.929,3668.7653,3669.3703
130537000,3681.3881,2087900,27011400,12019185500,142410140300,3699.2157,3720.929,3668.7653,3669.3703
130542000,3681.3963,2205400,32812400,12021390900,142442952700,3699.2157,3720.929,3668.7653,3669.3703
130547000,3681.972,2595400,31241500,12023986300,142474194200,3699.2157,3720.929,3668.7653,3669.3703
130552000,3682.3406,4035000,47586800,12028021300,142521781000,3699.2157,3720.929,3668.7653,3669.3703
130557000,3682.1156,3070200,38868900,12031091500,142560649900,3699.2157,3720.929,3668.7653,3669.3703
130602000,3682.1481,2373500,29721000,12033465000,142590370900,3699.2157,3720.929,3668.7653,3669.3703
130607000,3682.2646,2292600,30899000,12035757600,142621269900,3699.2157,3720.929,3668.7653,3669.3703
130612000,3682.9572,2498300,37478300,12038255900,142658748200,3699.2157,3720.929,3668.7653,3669.3703
130617000,3683.059,2023500,26398600,12040279400,142685146800,3699.2157,3720.929,3668.7653,3669.3703
130622000,3683.4196,3720600,42900500,12044000000,142728047300,3699.2157,3720.929,3668.7653,3669.3703
130627000,3683.4382,2309200,30573500,12046309200,142758620800,3699.2157,3720.929,3668.7653,3669.3703
130632000,3683.9199,2716500,35012100,12049025700,142793632900,3699.2157,3720.929,3668.7653,3669.3703
130637000,3683.5882,2853800,30960400,12051879500,142824593300,3699.2157,3720.929,3668.7653,3669.3703
130642000,3684.2436,2975200,42663300,12054854700,142867256600,3699.2157,3720.929,3668.7653,3669.3703
130647000,3684.3326,3239100,33211500,12058093800,142900468100,3699.2157,3720.929,3668.7653,3669.3703
130652000,3684.1403,3522700,36635300,12061616500,142937103400,3699.2157,3720.929,3668.7653,3669.3703
130657000,3684.1612,2581300,39614100,12064197800,142976717500,3699.2157,3720.929,3668.7653,3669.3703
130702000,3684.8557,2953100,35580600,12067150900,143012298100,3699.2157,3720.929,3668.7653,3669.3703
130707000,3684.3619,2616000,33747000,12069766900,143046045100,3699.2157,3720.929,3668.7653,3669.3703
130712000,3685.3015,2864300,40685500,12072631200,143086730600,3699.2157,3720.929,3668.7653,3669.3703
130717000,3684.9396,3129400,34526400,12075760600,143121257000,3699.2157,3720.929,3668.7653,3669.3703
130722000,3686.2595,3999000,48495900,12079759600,143169752900,3699.2157,3720.929,3668.7653,3669.3703
130727000,3686.0931,3474300,40663300,12083233900,143210416200,3699.2157,3720.929,3668.7653,3669.3703
130732000,3685.828,3031700,37226200,12086265600,143247642400,3699.2157,3720.929,3668.7653,3669.3703
130737000,3686.0704,2674100,29345100,12088939700,143276987500,3699.2157,3720.929,3668.7653,3669.3703
130742000,3686.261,2574000,38818800,12091513700,143315806300,3699.2157,3720.929,3668.7653,3669.3703
130747000,3686.1643,2474100,25873300,12093987800,143341679600,3699.2157,3720.929,3668.7653,3669.3703
130752000,3686.2365,2606000,33859300,12096593800,143375538900,3699.2157,3720.929,3668.7653,3669.3703
130757000,3686.4041,2882000,40915400,12099475800,143416454300,3699.2157,3720.929,3668.7653,3669.3703
130802000,3686.523,2528600,31247000,12102004400,143447701300,3699.2157,3720.929,3668.7653,3669.3703
130807000,3686.4041,2766900,26110300,12104771300,143473811600,3699.2157,3720.929,3668.7653,3669.3703
130812000,3686.6707,3802100,36609300,12108573400,143510420900,3699.2157,3720.929,3668.7653,3669.3703
130817000,3686.5741,2382900,28670900,12110956300,143539091800,3699.2157,3720.929,3668.7653,3669.3703
130822000,3686.5428,2511000,28462000,12113467300,143567553800,3699.2157,3720.929,3668.7653,3669.3703
130827000,3686.3831,2486300,36919900,12115953600,143604473700,3699.2157,3720.929,3668.7653,3669.3703
130832000,3685.9723,2882600,37703900,12118836200,143642177600,3699.2157,3720.929,3668.7653,3669.3703
130837000,3686.3766,3176300,32991700,12122012500,143675169300,3699.2157,3720.929,3668.7653,3669.3703
130842000,3686.3257,2421300,34886800,12124433800,143710056100,3699.2157,3720.929,3668.7653,3669.3703
130847000,3686.8813,3067500,33936100,12127501300,143743992200,3699.2157,3720.929,3668.7653,3669.3703
130852000,3686.8405,2467100,33470500,12129968400,143777462700,3699.2157,3720.929,3668.7653,3669.3703
130857000,3687.1086,2279900,31152200,12132248300,143808614900,3699.2157,3720.929,3668.7653,3669.3703
130902000,3686.2557,2337700,32815400,12134586000,143841430300,3699.2157,3720.929,3668.7653,3669.3703
130907000,3686.3404,3835300,37714900,12138421300,143879145200,3699.2157,3720.929,3668.7653,3669.3703
130912000,3686.5723,3006200,38930000,12141427500,143918075200,3699.2157,3720.929,3668.7653,3669.3703
130917000,3686.2588,2117100,28239700,12143544600,143946314900,3699.2157,3720.929,3668.7653,3669.3703
130922000,3686.485,3327200,46022800,12146871800,143992337700,3699.2157,3720.929,3668.7653,3669.3703
130927000,3686.0879,2327500,29675300,12149199300,144022013000,3699.2157,3720.929,3668.7653,3669.3703
130932000,3686.5382,3317500,41075900,12152516800,144063088900,3699.2157,3720.929,3668.7653,3669.3703
130937000,3686.6248,2391900,32953000,12154908700,144096041900,3699.2157,3720.929,3668.7653,3669.3703
130942000,3686.6434,3821200,48413100,12158729900,144144455000,3699.2157,3720.929,3668.7653,3669.3703
130947000,3686.6902,2494400,33159800,12161224300,144177614800,3699.2157,3720.929,3668.7653,3669.3703
130952000,3686.3788,2744200,32974400,12163968500,144210589200,3699.2157,3720.929,3668.7653,3669.3703
130957000,3686.4747,2326100,31889400,12166294600,144242478600,3699.2157,3720.929,3668.7653,3669.3703
131002000,3686.8338,2547700,33504900,12168842300,144275983500,3699.2157,3720.929,3668.7653,3669.3703
131007000,3686.3765,2597500,34213600,12171439800,144310197100,3699.2157,3720.929,3668.7653,3669.3703
131012000,3687.1644,1990800,31759900,12173430600,144341957000,3699.2157,3720.929,3668.7653,3669.3703
131017000,3686.6725,1709600,19773500,12175140200,144361730500,3699.2157,3720.929,3668.7653,3669.3703
131022000,3687.1975,2871900,36486800,12178012100,144398217300,3699.2157,3720.929,3668.7653,3669.3703
131027000,3688.0851,2933100,36603700,12180945200,144434821000,3699.2157,3720.929,3668.7653,3669.3703
131032000,3688.0202,3656000,37774400,12184601200,144472595400,3699.2157,3720.929,3668.7653,3669.3703
131037000,3687.759,3320600,38298800,12187921800,144510894200,3699.2157,3720.929,3668.7653,3669.3703
131042000,3688.026,3036400,40204100,12190958200,144551098300,3699.2157,3720.929,3668.7653,3669.3703
131047000,3688.1499,1863700,24002700,12192821900,144575101000,3699.2157,3720.929,3668.7653,3669.3703
131052000,3688.1642,3534800,42284600,12196356700,144617385600,3699.2157,3720.929,3668.7653,3669.3703
131057000,3688.2681,4193100,45480000,12200549800,144662865600,3699.2157,3720.929,3668.7653,3669.3703
131102000,3688.1646,3189900,36241500,12203739700,144699107100,3699.2157,3720.929,3668.7653,3669.3703
131107000,3688.0974,3402500,30097600,12207142200,144729204700,3699.2157,3720.929,3668.7653,3669.3703
131112000,3688.1634,2628500,32826500,12209770700,144762031200,3699.2157,3720.929,3668.7653,3669.3703
131117000,3688.4637,2379000,26915100,12212149700,144788946300,3699.2157,3720.929,3668.7653,3669.3703
131122000,3688.5831,3787600,41183500,12215937300,144830129800,3699.2157,3720.929,3668.7653,3669.3703
131127000,3688.6336,1771500,26154900,12217708800,144856284700,3699.2157,3720.929,3668.7653,3669.3703
131132000,3688.6633,2547800,34085700,12220256600,144890370400,3699.2157,3720.929,3668.7653,3669.3703
131137000,3688.5569,2028000,26057200,12222284600,144916427600,3699.2157,3720.929,3668.7653,3669.3703
131142000,3688.7783,4063600,46386200,12226348200,144962813800,3699.2157,3720.929,3668.7653,3669.3703
131147000,3688.7544,2367900,27401600,12228716100,144990215400,3699.2157,3720.929,3668.7653,3669.3703
131152000,3688.9696,3147000,35588700,12231863100,145025804100,3699.2157,3720.929,3668.7653,3669.3703
131157000,3688.7482,3288100,31668500,12235151200,145057472600,3699.2157,3720.929,3668.7653,3669.3703
131202000,3688.7017,2627300,34436700,12237778500,145091909300,3699.2157,3720.929,3668.7653,3669.3703
131207000,3688.8561,3685100,37941400,12241463600,145129850700,3699.2157,3720.929,3668.7653,3669.3703
131212000,3688.9915,3603400,42949900,12245067000,145172800600,3699.2157,3720.929,3668.7653,3669.3703
131217000,3688.8494,3090200,33131200,12248157200,145205931800,3699.2157,3720.929,3668.7653,3669.3703
131222000,3688.7408,3078100,33946100,12251235300,145239877900,3699.2157,3720.929,3668.7653,3669.3703
131227000,3688.2913,3789000,42217300,12255024300,145282095200,3699.2157,3720.929,3668.7653,3669.3703
131232000,3688.6844,2814500,33401800,12257838800,145315497000,3699.2157,3720.929,3668.7653,3669.3703
131237000,3688.2744,3266200,38151500,12261105000,145353648500,3699.2157,3720.929,3668.7653,3669.3703
131242000,3687.6673,4867100,58316900,12265972100,145411965400,3699.2157,3720.929,3668.7653,3669.3703
131247000,3687.2819,2859700,32899500,12268831800,145444864900,3699.2157,3720.929,3668.7653,3669.3703
131252000,3687.2625,4680100,51237700,12273511900,145496102600,3699.2157,3720.929,3668.7653,3669.3703
131257000,3686.8307,3490200,45189900,12277002100,145541292500,3699.2157,3720.929,3668.7653,3669.3703
131302000,3687.207,3356900,36640000,12280359000,145577932500,3699.2157,3720.929,3668.7653,3669.3703
131307000,3686.7337,3150700,33776700,12283509700,145611709200,3699.2157,3720.929,3668.7653,3669.3703
131312000,3687.1803,3459900,42047300,12286969600,145653756500,3699.2157,3720.929,3668.7653,3669.3703
131317000,3686.6931,3522100,36355400,12290491700,145690111900,3699.2157,3720.929,3668.7653,3669.3703
131322000,3686.7185,3765700,41248200,12294257400,145731360100,3699.2157,3720.929,3668.7653,3669.3703
131327000,3686.0203,2597500,34425600,12296854900,145765785700,3699.2157,3720.929,3668.7653,3669.3703
131332000,3685.9216,2664300,31950000,12299519200,145797735700,3699.2157,3720.929,3668.7653,3669.3703
131337000,3685.3822,3441300,37518700,12302960500,145835254400,3699.2157,3720.929,3668.7653,3669.3703
131342000,3685.8336,2383600,32467000,12305344100,145867721400,3699.2157,3720.929,3668.7653,3669.3703
131347000,3685.7786,3296300,34033300,12308640400,145901754700,3699.2157,3720.929,3668.7653,3669.3703
131352000,3685.7015,3118900,34725000,12311759300,145936479700,3699.2157,3720.929,3668.7653,3669.3703
131357000,3685.4936,2750300,32253100,12314509600,145968732800,3699.2157,3720.929,3668.7653,3669.3703
131402000,3685.3511,2577500,35194500,12317087100,146003927300,3699.2157,3720.929,3668.7653,3669.3703
131407000,3684.9536,2884500,35556000,12319971600,146039483300,3699.2157,3720.929,3668.7653,3669.3703
131412000,3685.3411,3762300,46449800,12323733900,146085933100,3699.2157,3720.929,3668.7653,3669.3703
131417000,3685.0175,2410900,24941000,12326144800,146110874100,3699.2157,3720.929,3668.7653,3669.3703
131422000,3685.0639,2320700,30237300,12328465500,146141111400,3699.2157,3720.929,3668.7653,3669.3703
131427000,3685.0691,2291800,31317700,12330757300,146172429100,3699.2157,3720.929,3668.7653,3669.3703
131432000,3684.7739,3228700,36885100,12333986000,146209314200,3699.2157,3720.929,3668.7653,3669.3703
131437000,3684.4887,2883300,37640200,12336869300,146246954400,3699.2157,3720.929,3668.7653,3669.3703
131442000,3684.2225,2691600,36323700,12339560900,146283278100,3699.2157,3720.929,3668.7653,3669.3703
131447000,3684.5843,2216500,27323200,12341777400,146310601300,3699.2157,3720.929,3668.7653,3669.3703
131452000,3684.2051,3057100,36387300,12344834500,146346988600,3699.2157,3720.929,3668.7653,3669.3703
131457000,3684.1954,3148700,39097100,12347983200,146386085700,3699.2157,3720.929,3668.7653,3669.3703
131502000,3684.0692,3297600,37643200,12351280800,146423728900,3699.2157,3720.929,3668.7653,3669.3703
131507000,3683.8952,2763500,29342300,12354044300,146453071200,3699.2157,3720.929,3668.7653,3669.3703
131512000,3683.6066,2865000,37184000,12356909300,146490255200,3699.2157,3720.929,3668.7653,3669.3703
131517000,3683.878,3408300,32170000,12360317600,146522425200,3699.2157,3720.929,3668.7653,3669.3703
131522000,3683.3221,3085800,40788300,12363403400,146563213500,3699.2157,3720.929,3668.7653,3669.3703
131527000,3683.1971,4021900,41143300,12367425300,146604356800,3699.2157,3720.929,3668.7653,3669.3703
131532000,3683.4187,3216800,36476400,12370642100,146640833200,3699.2157,3720.929,3668.7653,3669.3703
131537000,3683.1477,2597100,29569900,12373239200,146670403100,3699.2157,3720.929,3668.7653,3669.3703
131542000,3683.2608,2439100,32149800,12375678300,146702552900,3699.2157,3720.929,3668.7653,3669.3703
131547000,3683.4508,3431000,38465800,12379109300,146741018700,3699.2157,3720.929,3668.7653,3669.3703
131552000,3683.0716,3110000,40348000,12382219300,146781366700,3699.2157,3720.929,3668.7653,3669.3703
131557000,3683.451,2596200,40928800,12384815500,146822295500,3699.2157,3720.929,3668.7653,3669.3703
131602000,3682.9732,3589300,36533500,12388404800,146858829000,3699.2157,3720.929,3668.7653,3669.3703
131607000,3682.6383,1989400,27751900,12390394200,146886580900,3699.2157,3720.929,3668.7653,3669.3703
131612000,3683.056,2689200,32417600,12393083400,146918998500,3699.2157,3720.929,3668.7653,3669.3703
131617000,3683.0602,2290900,26111900,12395374300,146945110400,3699.2157,3720.929,3668.7653,3669.3703
131622000,3683.0398,2292700,34473200,12397667000,146979583600,3699.2157,3720.929,3668.7653,3669.3703
131627000,3683.242,2959800,43224300,12400626800,147022807900,3699.2157,3720.929,3668.7653,3669.3703
131632000,3683.3437,2845500,36330100,12403472300,147059138000,3699.2157,3720.929,3668.7653,3669.3703
131637000,3682.7497,2033600,26622500,12405505900,147085760500,3699.2157,3720.929,3668.7653,3669.3703
131642000,3682.6332,2307600,30767500,12407813500,147116528000,3699.2157,3720.929,3668.7653,3669.3703
131647000,3682.9716,2474100,30517500,12410287600,147147045500,3699.2157,3720.929,3668.7653,3669.3703
131652000,3683.1396,2530000,31049000,12412817600,147178094500,3699.2157,3720.929,3668.7653,3669.3703
131657000,3683.0507,2306600,35491300,12415124200,147213585800,3699.2157,3720.929,3668.7653,3669.3703
131702000,3683.3428,2785400,31676900,12417909600,147245262700,3699.2157,3720.929,3668.7653,3669.3703
131707000,3682.7068,2664300,33081700,12420573900,147278344400,3699.2157,3720.929,3668.7653,3669.3703
131712000,3682.9308,2262500,29674100,12422836400,147308018500,3699.2157,3720.929,3668.7653,3669.3703
131717000,3683.0518,2363900,28158100,12425200300,147336176600,3699.2157,3720.929,3668.7653,3669.3703
131722000,3682.44,3384300,43221600,12428584600,147379398200,3699.2157,3720.929,3668.7653,3669.3703
131727000,3682.7179,2759500,41263500,12431344100,147420661700,3699.2157,3720.929,3668.7653,3669.3703
131732000,3682.6716,2502400,36912200,12433846500,147457573900,3699.2157,3720.929,3668.7653,3669.3703
131737000,3682.3878,1932600,26775100,12435779100,147484349000,3699.2157,3720.929,3668.7653,3669.3703
131742000,3682.7692,2740600,37585400,12438519700,147521934400,3699.2157,3720.929,3668.7653,3669.3703
131747000,3682.7759,2513100,28982600,12441032800,147550917000,3699.2157,3720.929,3668.7653,3669.3703
131752000,3682.6164,3272800,40466100,12444305600,147591383100,3699.2157,3720.929,3668.7653,3669.3703
131757000,3682.8222,3277600,32980600,12447583200,147624363700,3699.2157,3720.929,3668.7653,3669.3703
131802000,3683.19,2282400,34092800,12449865600,147658456500,3699.2157,3720.929,3668.7653,3669.3703
131807000,3682.3598,2781500,30151200,12452647100,147688607700,3699.2157,3720.929,3668.7653,3669.3703
131812000,3682.6775,3105100,42527200,12455752200,147731134900,3699.2157,3720.929,3668.7653,3669.3703
131817000,3682.658,2040400,26796100,12457792600,147757931000,3699.2157,3720.929,3668.7653,3669.3703
131822000,3682.8011,2227100,32673900,12460019700,147790604900,3699.2157,3720.929,3668.7653,3669.3703
131827000,3682.4046,2507100,31306900,12462526800,147821911800,3699.2157,3720.929,3668.7653,3669.3703
131832000,3682.9252,2121000,25692200,12464647800,147847604000,3699.2157,3720.929,3668.7653,3669.3703
131837000,3682.6655,2735500,24519500,12467383300,147872123500,3699.2157,3720.929,3668.7653,3669.3703
131842000,3682.7793,3061500,38454400,12470444800,147910577900,3699.2157,3720.929,3668.7653,3669.3703
131847000,3682.5857,2497600,28877500,12472942400,147939455400,3699.2157,3720.929,3668.7653,3669.3703
131852000,3682.2504,2619100,34034300,12475561500,147973489700,3699.2157,3720.929,3668.7653,3669.3703
131857000,3682.3769,2689000,38061400,12478250500,148011551100,3699.2157,3720.929,3668.7653,3669.3703
131902000,3682.4445,2414700,32259500,12480665200,148043810600,3699.2157,3720.929,3668.7653,3669.3703
131907000,3682.1913,2936500,27755200,12483601700,148071565800,3699.2157,3720.929,3668.7653,3669.3703
131912000,3682.4233,2783500,36092300,12486385200,148107658100,3699.2157,3720.929,3668.7653,3669.3703
131917000,3682.5609,1974700,25882300,12488359900,148133540400,3699.2157,3720.929,3668.7653,3669.3703
131922000,3682.3062,3477700,42294300,12491837600,148175834700,3699.2157,3720.929,3668.7653,3669.3703
131927000,3682.3651,2875200,40422700,12494712800,148216257400,3699.2157,3720.929,3668.7653,3669.3703
131932000,3682.5165,3128900,36127200,12497841700,148252384600,3699.2157,3720.929,3668.7653,3669.3703
131937000,3682.7564,2822600,27336000,12500664300,148279720600,3699.2157,3720.929,3668.7653,3669.3703
131942000,3682.4083,2771000,33043600,12503435300,148312764200,3699.2157,3720.929,3668.7653,3669.3703
131947000,3682.4844,2664200,31562800,12506099500,148344327000,3699.2157,3720.929,3668.7653,3669.3703
131952000,3682.7238,3243400,39031300,12509342900,148383358300,3699.2157,3720.929,3668.7653,3669.3703
131957000,3682.9025,2541500,32244800,12511884400,148415603100,3699.2157,3720.929,3668.7653,3669.3703
132002000,3682.8043,3043400,37336700,12514927800,148452939800,3699.2157,3720.929,3668.7653,3669.3703
132007000,3682.5518,2450800,32021700,12517378600,148484961500,3699.2157,3720.929,3668.7653,3669.3703
132012000,3683.6865,3657000,48534900,12521035600,148533496400,3699.2157,3720.929,3668.7653,3669.3703
132017000,3684.19,3680200,44524000,12524715800,148578020400,3699.2157,3720.929,3668.7653,3669.3703
132022000,3685.3773,5490500,71605300,12530206300,148649625700,3699.2157,3720.929,3668.7653,3669.3703
132027000,3685.8997,4780700,74058500,12534987000,148723684200,3699.2157,3720.929,3668.7653,3669.3703
132032000,3685.6506,4565300,59087300,12539552300,148782771500,3699.2157,3720.929,3668.7653,3669.3703
132037000,3685.72,2765500,37285500,12542317800,148820057000,3699.2157,3720.929,3668.7653,3669.3703
132042000,3685.9914,3577900,39391900,12545895700,148859448900,3699.2157,3720.929,3668.7653,3669.3703
132047000,3686.2095,2640900,32856200,12548536600,148892305100,3699.2157,3720.929,3668.7653,3669.3703
132052000,3686.3926,2879100,34383400,12551415700,148926688500,3699.2157,3720.929,3668.7653,3669.3703
132057000,3686.3602,3911400,42571400,12555327100,148969259900,3699.2157,3720.929,3668.7653,3669.3703
132102000,3686.7922,5056600,56905100,12560383700,149026165000,3699.2157,3720.929,3668.7653,3669.3703
132107000,3686.4671,3129100,35001300,12563512800,149061166300,3699.2157,3720.929,3668.7653,3669.3703
132112000,3687.2695,3211500,35957200,12566724300,149097123500,3699.2157,3720.929,3668.7653,3669.3703
132117000,3687.3797,3132700,37525400,12569857000,149134648900,3699.2157,3720.929,3668.7653,3669.3703
132122000,3687.1256,4514100,49997900,12574371100,149184646800,3699.2157,3720.929,3668.7653,3669.3703
132127000,3687.5712,3911500,41353300,12578282600,149226000100,3699.2157,3720.929,3668.7653,3669.3703
132132000,3687.7638,4861100,46405700,12583143700,149272405800,3699.2157,3720.929,3668.7653,3669.3703
132137000,3687.408,2489400,24314000,12585633100,149296719800,3699.2157,3720.929,3668.7653,3669.3703
132142000,3687.6628,3954100,37323200,12589587200,149334043000,3699.2157,3720.929,3668.7653,3669.3703
132147000,3688.0994,2062300,25335100,12591649500,149359378100,3699.2157,3720.929,3668.7653,3669.3703
132152000,3687.9037,4563500,43411100,12596213000,149402789200,3699.2157,3720.929,3668.7653,3669.3703
132157000,3688.2734,3851900,39641200,12600064900,149442430400,3699.2157,3720.929,3668.7653,3669.3703
132202000,3688.4224,4600800,38076500,12604665700,149480506900,3699.2157,3720.929,3668.7653,3669.3703
132207000,3687.9675,4406200,35644900,12609071900,149516151800,3699.2157,3720.929,3668.7653,3669.3703
132212000,3688.3529,4490400,46987100,12613562300,149563138900,3699.2157,3720.929,3668.7653,3669.3703
132217000,3688.7863,3479400,34484300,12617041700,149597623200,3699.2157,3720.929,3668.7653,3669.3703
132222000,3688.4243,3517000,35100200,12620558700,149632723400,3699.2157,3720.929,3668.7653,3669.3703
132227000,3688.4294,3352100,32922900,12623910800,149665646300,3699.2157,3720.929,3668.7653,3669.3703
132232000,3689.0742,3286000,36620500,12627196800,149702266800,3699.2157,3720.929,3668.7653,3669.3703
132237000,3688.3282,3236800,36424300,12630433600,149738691100,3699.2157,3720.929,3668.7653,3669.3703
132242000,3688.1464,3207300,38392100,12633640900,149777083200,3699.2157,3720.929,3668.7653,3669.3703
132247000,3688.7105,2440700,25073200,12636081600,149802156400,3699.2157,3720.929,3668.7653,3669.3703
132252000,3688.6836,3789900,39953100,12639871500,149842109500,3699.2157,3720.929,3668.7653,3669.3703
132257000,3688.3885,3382700,36515600,12643254200,149878625100,3699.2157,3720.929,3668.7653,3669.3703
132302000,3688.8625,3580000,39886100,12646834200,149918511200,3699.2157,3720.929,3668.7653,3669.3703
132307000,3688.4301,3374900,36815900,12650209100,149955327100,3699.2157,3720.929,3668.7653,3669.3703
132312000,3688.3283,3074000,37912000,12653283100,149993239100,3699.2157,3720.929,3668.7653,3669.3703
132317000,3688.4903,2678000,32466900,12655961100,150025706000,3699.2157,3720.929,3668.7653,3669.3703
132322000,3688.4216,3391900,36747900,12659353000,150062453900,3699.2157,3720.929,3668.7653,3669.3703
132327000,3688.162,2767600,38910100,12662120600,150101364000,3699.2157,3720.929,3668.7653,3669.3703
132332000,3687.9931,3477500,47062000,12665598100,150148426000,3699.2157,3720.929,3668.7653,3669.3703
132337000,3688.1511,6566900,105491100,12672165000,150253917100,3699.2157,3720.929,3668.7653,3669.3703
132342000,3688.4619,3402600,37437200,12675567600,150291354300,3699.2157,3720.929,3668.7653,3669.3703
132347000,3688.5433,2315300,28622000,12677882900,150319976300,3699.2157,3720.929,3668.7653,3669.3703
132352000,3688.3276,3682900,41322400,12681565800,150361298700,3699.2157,3720.929,3668.7653,3669.3703
132357000,3688.2963,2653400,29635500,12684219200,150390934200,3699.2157,3720.929,3668.7653,3669.3703
132402000,3688.5065,2559300,30904300,12686778500,150421838500,3699.2157,3720.929,3668.7653,3669.3703
132407000,3688.5589,3116100,37697600,12689894600,150459536100,3699.2157,3720.929,3668.7653,3669.3703
132412000,3688.4331,3245300,39586700,12693139900,150499122800,3699.2157,3720.929,3668.7653,3669.3703
132417000,3688.6983,2487100,32890000,12695627000,150532012800,3699.2157,3720.929,3668.7653,3669.3703
132422000,3688.9262,4224200,55614400,12699851200,150587627200,3699.2157,3720.929,3668.7653,3669.3703
132427000,3688.8688,3649400,42888700,12703500600,150630515900,3699.2157,3720.929,3668.7653,3669.3703
132432000,3689.1378,2973500,34473600,12706474100,150664989500,3699.2157,3720.929,3668.7653,3669.3703
132437000,3689.2464,2535500,40733000,12709009600,150705722500,3699.2157,3720.929,3668.7653,3669.3703
132442000,3689.7333,3860000,44381900,12712869600,150750104400,3699.2157,3720.929,3668.7653,3669.3703
132447000,3690.5119,3407200,42036000,12716276800,150792140400,3699.2157,3720.929,3668.7653,3669.3703
132452000,3691.1727,6988500,80346600,12723265300,150872487000,3699.2157,3720.929,3668.7653,3669.3703
132457000,3691.2608,3927800,47121200,12727193100,150919608200,3699.2157,3720.929,3668.7653,3669.3703
132502000,3691.0949,4336000,58062700,12731529100,150977670900,3699.2157,3720.929,3668.7653,3669.3703
132507000,3691.3009,3456900,47273400,12734986000,151024944300,3699.2157,3720.929,3668.7653,3669.3703
132512000,3691.7385,3172100,42513900,12738158100,151067458200,3699.2157,3720.929,3668.7653,3669.3703
132517000,3691.4556,4011300,38495900,12742169400,151105954100,3699.2157,3720.929,3668.7653,3669.3703
132522000,3691.6985,6171700,55834900,12748341100,151161789000,3699.2157,3720.929,3668.7653,3669.3703
132527000,3691.788,4008300,57446700,12752349400,151219235700,3699.2157,3720.929,3668.7653,3669.3703
132532000,3692.1174,3383400,40949200,12755732800,151260184900,3699.2157,3720.929,3668.7653,3669.3703
132537000,3691.7684,3595100,42222700,12759327900,151302407600,3699.2157,3720.929,3668.7653,3669.3703
132542000,3692.1285,3869600,46567300,12763197500,151348974900,3699.2157,3720.929,3668.7653,3669.3703
132547000,3692.033,3552700,42637800,12766750200,151391612700,3699.2157,3720.929,3668.7653,3669.3703
132552000,3692.0119,3285400,40274300,12770035600,151431887000,3699.2157,3720.929,3668.7653,3669.3703
132557000,3691.7579,3971500,47555300,12774007100,151479442300,3699.2157,3720.929,3668.7653,3669.3703
132602000,3691.4257,3868500,45709900,12777875600,151525152200,3699.2157,3720.929,3668.7653,3669.3703
132607000,3691.8622,3838700,42409700,12781714300,151567561900,3699.2157,3720.929,3668.7653,3669.3703
132612000,3692.1015,3622600,38017000,12785336900,151605578900,3699.2157,3720.929,3668.7653,3669.3703
132617000,3691.9632,3134200,35876500,12788471100,151641455400,3699.2157,3720.929,3668.7653,3669.3703
132622000,3692.0487,3923400,40291800,12792394500,151681747200,3699.2157,3720.929,3668.7653,3669.3703
132627000,3692.0999,3999400,44104600,12796393900,151725851800,3699.2157,3720.929,3668.7653,3669.3703
132632000,3692.2417,3233000,36861200,12799626900,151762713000,3699.2157,3720.929,3668.7653,3669.3703
132637000,3692.0269,2783500,32966000,12802410400,151795679000,3699.2157,3720.929,3668.7653,3669.3703
132642000,3691.9676,2472400,30185700,12804882800,151825864700,3699.2157,3720.929,3668.7653,3669.3703
132647000,3691.9762,3198700,33792300,12808081500,151859657000,3699.2157,3720.929,3668.7653,3669.3703
132652000,3691.8581,4498600,50330200,12812580100,151909987200,3699.2157,3720.929,3668.7653,3669.3703
132657000,3691.7319,4078100,43419300,12816658200,151953406500,3699.2157,3720.929,3668.7653,3669.3703
132702000,3691.6231,3361300,39922600,12820019500,151993329100,3699.2157,3720.929,3668.7653,3669.3703
132707000,3691.1563,3808200,53764900,12823827700,152047094000,3699.2157,3720.929,3668.7653,3669.3703
132712000,3691.3134,3830400,42895500,12827658100,152089989500,3699.2157,3720.929,3668.7653,3669.3703
132717000,3691.2026,3215400,35784900,12830873500,152125774400,3699.2157,3720.929,3668.7653,3669.3703
132722000,3691.013,4615900,56444600,12835489400,152182219000,3699.2157,3720.929,3668.7653,3669.3703
132727000,3690.8285,3445700,42618200,12838935100,152224837200,3699.2157,3720.929,3668.7653,3669.3703
132732000,3690.9264,4044400,48925500,12842979500,152273762700,3699.2157,3720.929,3668.7653,3669.3703
132737000,3690.3886,2863800,31601800,12845843300,152305364500,3699.2157,3720.929,3668.7653,3669.3703
132742000,3690.7557,3589600,36842900,12849432900,152342207400,3699.2157,3720.929,3668.7653,3669.3703
132747000,3690.3713,2489700,31544100,12851922600,152373751500,3699.2157,3720.929,3668.7653,3669.3703
132752000,3690.3618,4082900,44993700,12856005500,152418745200,3699.2157,3720.929,3668.7653,3669.3703
132757000,3689.5114,3430500,41519100,12859436000,152460264300,3699.2157,3720.929,3668.7653,3669.3703
132802000,3689.7957,3597300,38501900,12863033300,152498766200,3699.2157,3720.929,3668.7653,3669.3703
132807000,3688.9187,4839700,54351600,12867873000,152553117800,3699.2157,3720.929,3668.7653,3669.3703
132812000,3688.7869,4757900,62380900,12872630900,152615498700,3699.2157,3720.929,3668.7653,3669.3703
132817000,3689.0408,2973600,34898600,12875604500,152650397300,3699.2157,3720.929,3668.7653,3669.3703
132822000,3688.5189,3662800,49209200,12879267300,152699606500,3699.2157,3720.929,3668.7653,3669.3703
132827000,3688.4243,3978200,57945800,12883245500,152757552300,3699.2157,3720.929,3668.7653,3669.3703
132832000,3687.3228,3515700,42626200,12886761200,152800178500,3699.2157,3720.929,3668.7653,3669.3703
132837000,3687.7753,6190100,57828100,12892951300,152858006600,3699.2157,3720.929,3668.7653,3669.3703
132842000,3687.6772,4693200,52398800,12897644500,152910405400,3699.2157,3720.929,3668.7653,3669.3703
132847000,3687.6507,2613900,35072400,12900258400,152945477800,3699.2157,3720.929,3668.7653,3669.3703
132852000,3687.5294,3620300,46286900,12903878700,152991764700,3699.2157,3720.929,3668.7653,3669.3703
132857000,3687.8364,2914000,34828500,12906792700,153026593200,3699.2157,3720.929,3668.7653,3669.3703
132902000,3687.4145,3169600,35766900,12909962300,153062360100,3699.2157,3720.929,3668.7653,3669.3703
132907000,3686.3664,6278700,58893100,12916241000,153121253200,3699.2157,3720.929,3668.7653,3669.3703
132912000,3687.0189,4200600,43392000,12920441600,153164645200,3699.2157,3720.929,3668.7653,3669.3703
132917000,3686.2651,3156500,38362700,12923598100,153203007900,3699.2157,3720.929,3668.7653,3669.3703
132922000,3686.4977,5003500,47667500,12928601600,153250675400,3699.2157,3720.929,3668.7653,3669.3703
132927000,3686.5781,3350200,40205900,12931951800,153290881300,3699.2157,3720.929,3668.7653,3669.3703
132932000,3686.1952,4113300,45728400,12936065100,153336609700,3699.2157,3720.929,3668.7653,3669.3703
132937000,3685.9489,3127900,37234200,12939193000,153373843900,3699.2157,3720.929,3668.7653,3669.3703
132942000,3685.8118,4391000,55664900,12943584000,153429508800,3699.2157,3720.929,3668.7653,3669.3703
132947000,3685.8347,2854900,34354500,12946438900,153463863300,3699.2157,3720.929,3668.7653,3669.3703
132952000,3685.6766,3774100,38134200,12950213000,153501997500,3699.2157,3720.929,3668.7653,3669.3703
132957000,3685.2359,3334500,39704000,12953547500,153541701500,3699.2157,3720.929,3668.7653,3669.3703
133002000,3684.9453,3547500,43530500,12957095000,153585232000,3699.2157,3720.929,3668.7653,3669.3703
133007000,3684.993,3184600,35881000,12960279600,153621113000,3699.2157,3720.929,3668.7653,3669.3703
133012000,3685.2491,2468900,26991900,12962748500,153648104900,3699.2157,3720.929,3668.7653,3669.3703
133017000,3685.1846,1805400,22399800,12964553900,153670504700,3699.2157,3720.929,3668.7653,3669.3703
133022000,3684.742,4355300,43246700,12968909200,153713751400,3699.2157,3720.929,3668.7653,3669.3703
133027000,3684.8339,2908700,36706700,12971817900,153750458100,3699.2157,3720.929,3668.7653,3669.3703
133032000,3684.9732,2644200,33200000,12974462100,153783658100,3699.2157,3720.929,3668.7653,3669.3703
133037000,3684.3103,2998200,31802500,12977460300,153815460600,3699.2157,3720.929,3668.7653,3669.3703
133042000,3684.4819,2674700,33691500,12980135000,153849152100,3699.2157,3720.929,3668.7653,3669.3703
133047000,3684.4479,2842300,33708300,12982977300,153882860400,3699.2157,3720.929,3668.7653,3669.3703
133052000,3684.3827,4675200,50295500,12987652500,153933155900,3699.2157,3720.929,3668.7653,3669.3703
133057000,3684.2855,3882200,38839500,12991534700,153971995400,3699.2157,3720.929,3668.7653,3669.3703
133102000,3684.4235,2737400,33026000,12994272100,154005021400,3699.2157,3720.929,3668.7653,3669.3703
133107000,3683.798,3388100,38224300,12997660200,154043245700,3699.2157,3720.929,3668.7653,3669.3703
133112000,3684.3449,2904700,30473200,13000564900,154073718900,3699.2157,3720.929,3668.7653,3669.3703
133117000,3683.9056,4403800,39184400,13004968700,154112903300,3699.2157,3720.929,3668.7653,3669.3703
133122000,3683.6703,3116200,42474000,13008084900,154155377300,3699.2157,3720.929,3668.7653,3669.3703
133127000,3683.9068,3509000,42066900,13011593900,154197444200,3699.2157,3720.929,3668.7653,3669.3703
133132000,3683.6236,2734100,29994800,13014328000,154227439000,3699.2157,3720.929,3668.7653,3669.3703
133137000,3683.3718,3386700,31545500,13017714700,154258984500,3699.2157,3720.929,3668.7653,3669.3703
133142000,3683.7852,4138300,42588800,13021853000,154301573300,3699.2157,3720.929,3668.7653,3669.3703
133147000,3683.4618,2261800,27070100,13024114800,154328643400,3699.2157,3720.929,3668.7653,3669.3703
133152000,3683.4099,3535100,38884800,13027649900,154367528200,3699.2157,3720.929,3668.7653,3669.3703
133157000,3683.4962,2858300,32769000,13030508200,154400297200,3699.2157,3720.929,3668.7653,3669.3703
133202000,3683.2741,2624400,34456500,13033132600,154434753700,3699.2157,3720.929,3668.7653,3669.3703
133207000,3683.0561,2191500,26962200,13035324100,154461715900,3699.2157,3720.929,3668.7653,3669.3703
133212000,3683.2647,2718600,36262500,13038042700,154497978400,3699.2157,3720.929,3668.7653,3669.3703
133217000,3683.0038,2038500,28195800,13040081200,154526174200,3699.2157,3720.929,3668.7653,3669.3703
133222000,3683.0607,2885400,55353400,13042966600,154581527600,3699.2157,3720.929,3668.7653,3669.3703
133227000,3683.076,2578400,34566600,13045545000,154616094200,3699.2157,3720.929,3668.7653,3669.3703
133232000,3682.8111,2314400,39738500,13047859400,154655832700,3699.2157,3720.929,3668.7653,3669.3703
133237000,3682.9736,2165900,25055300,13050025300,154680888000,3699.2157,3720.929,3668.7653,3669.3703
133242000,3683.2574,2341500,30115200,13052366800,154711003200,3699.2157,3720.929,3668.7653,3669.3703
133247000,3683.3534,2850100,36961500,13055216900,154747964700,3699.2157,3720.929,3668.7653,3669.3703
133252000,3683.4907,2464200,33420000,13057681100,154781384700,3699.2157,3720.929,3668.7653,3669.3703
133257000,3683.1497,2818100,39494500,13060499200,154820879200,3699.2157,3720.929,3668.7653,3669.3703
133302000,3683.2847,3361100,42474400,13063860300,154863353600,3699.2157,3720.929,3668.7653,3669.3703
133307000,3682.9905,1780800,23505800,13065641100,154886859400,3699.2157,3720.929,3668.7653,3669.3703
133312000,3683.593,2877500,36807400,13068518600,154923666800,3699.2157,3720.929,3668.7653,3669.3703
133317000,3683.3435,2176400,27962000,13070695000,154951628800,3699.2157,3720.929,3668.7653,3669.3703
133322000,3683.2904,2508100,35300700,13073203100,154986929500,3699.2157,3720.929,3668.7653,3669.3703
133327000,3683.3694,2756900,34405700,13075960000,155021335200,3699.2157,3720.929,3668.7653,3669.3703
133332000,3683.2279,3569600,43142100,13079529600,155064477300,3699.2157,3720.929,3668.7653,3669.3703
133337000,3682.7328,2221000,28040200,13081750600,155092517500,3699.2157,3720.929,3668.7653,3669.3703
133342000,3683.1541,3498100,37189100,13085248700,155129706600,3699.2157,3720.929,3668.7653,3669.3703
133347000,3683.4383,2177600,31794000,13087426300,155161500600,3699.2157,3720.929,3668.7653,3669.3703
133352000,3683.1668,3435300,42100100,13090861600,155203600700,3699.2157,3720.929,3668.7653,3669.3703
133357000,3683.6584,2622800,31676400,13093484400,155235277100,3699.2157,3720.929,3668.7653,3669.3703
133402000,3683.8402,2478400,29100700,13095962800,155264377800,3699.2157,3720.929,3668.7653,3669.3703
133407000,3683.241,2956100,40894200,13098918900,155305272000,3699.2157,3720.929,3668.7653,3669.3703
133412000,3684.8147,2686800,37962900,13101605700,155343234900,3699.2157,3720.929,3668.7653,3669.3703
133417000,3686.2695,5771300,69753600,13107377000,155412988500,3699.2157,3720.929,3668.7653,3669.3703
133422000,3687.0322,4778600,67866100,13112155600,155480854600,3699.2157,3720.929,3668.7653,3669.3703
133427000,3687.3848,3118800,43142900,13115274400,155523997500,3699.2157,3720.929,3668.7653,3669.3703
133432000,3687.0179,2921800,38616800,13118196200,155562614300,3699.2157,3720.929,3668.7653,3669.3703
133437000,3687.0248,2310000,27753800,13120506200,155590368100,3699.2157,3720.929,3668.7653,3669.3703
133442000,3686.7577,2169700,31547400,13122675900,155621915500,3699.2157,3720.929,3668.7653,3669.3703
133447000,3687.2571,2729200,26787800,13125405100,155648703300,3699.2157,3720.929,3668.7653,3669.3703
133452000,3687.4765,2666400,44844100,13128071500,155693547400,3699.2157,3720.929,3668.7653,3669.3703
133457000,3687.4532,2183600,25492800,13130255100,155719040200,3699.2157,3720.929,3668.7653,3669.3703
133502000,3687.8776,2568400,29586900,13132823500,155748627100,3699.2157,3720.929,3668.7653,3669.3703
133507000,3687.328,3048100,31222900,13135871600,155779850000,3699.2157,3720.929,3668.7653,3669.3703
133512000,3688.1108,2434900,28236000,13138306500,155808086000,3699.2157,3720.929,3668.7653,3669.3703
133517000,3687.6321,1786000,20899200,13140092500,155828985200,3699.2157,3720.929,3668.7653,3669.3703
133522000,3687.9184,3015600,32435200,13143108100,155861420400,3699.2157,3720.929,3668.7653,3669.3703
133527000,3688.2369,2633000,29103600,13145741100,155890524000,3699.2157,3720.929,3668.7653,3669.3703
133532000,3687.8197,1856500,23721500,13147597600,155914245500,3699.2157,3720.929,3668.7653,3669.3703
133537000,3687.4674,2651400,33460600,13150249000,155947706100,3699.2157,3720.929,3668.7653,3669.3703
133542000,3687.5575,3997300,44953100,13154246300,155992659200,3699.2157,3720.929,3668.7653,3669.3703
133547000,3687.4995,1559900,23395800,13155806200,156016055000,3699.2157,3720.929,3668.7653,3669.3703
133552000,3687.8086,3284100,35812100,13159090300,156051867100,3699.2157,3720.929,3668.7653,3669.3703
133557000,3687.6322,2357600,29583400,13161447900,156081450500,3699.2157,3720.929,3668.7653,3669.3703
133602000,3687.5564,2408500,29737100,13163856400,156111187600,3699.2157,3720.929,3668.7653,3669.3703
133607000,3687.0304,2227900,25275100,13166084300,156136462700,3699.2157,3720.929,3668.7653,3669.3703
133612000,3687.0554,2575000,29743900,13168659300,156166206600,3699.2157,3720.929,3668.7653,3669.3703
133617000,3686.9968,2446400,28742100,13171105700,156194948700,3699.2157,3720.929,3668.7653,3669.3703
133622000,3686.7811,2561200,34027500,13173666900,156228976200,3699.2157,3720.929,3668.7653,3669.3703
133627000,3687.2159,2189200,28383900,13175856100,156257360100,3699.2157,3720.929,3668.7653,3669.3703
133632000,3687.3739,2527400,33200700,13178383500,156290560800,3699.2157,3720.929,3668.7653,3669.3703
133637000,3687.1289,2855100,28989100,13181238600,156319549900,3699.2157,3720.929,3668.7653,3669.3703
133642000,3686.9711,2521000,28670300,13183759600,156348220200,3699.2157,3720.929,3668.7653,3669.3703
133647000,3687.3165,2132400,21614000,13185892000,156369834200,3699.2157,3720.929,3668.7653,3669.3703
133652000,3686.8729,1907500,25769400,13187799500,156395603600,3699.2157,3720.929,3668.7653,3669.3703
133657000,3687.1133,2654700,27050900,13190454200,156422654500,3699.2157,3720.929,3668.7653,3669.3703
133702000,3687.9184,2907400,34874500,13193361600,156457529000,3699.2157,3720.929,3668.7653,3669.3703
133707000,3687.2875,2519400,31118200,13195881000,156488647200,3699.2157,3720.929,3668.7653,3669.3703
133712000,3687.8503,2128100,30650000,13198009100,156519297200,3699.2157,3720.929,3668.7653,3669.3703
133717000,3687.482,1766400,22666100,13199775500,156541963300,3699.2157,3720.929,3668.7653,3669.3703
133722000,3687.8464,2750400,31760300,13202525900,156573723600,3699.2157,3720.929,3668.7653,3669.3703
133727000,3687.1709,1931500,31126400,13204457400,156604850000,3699.2157,3720.929,3668.7653,3669.3703
133732000,3687.0768,3852000,37999600,13208309400,156642849600,3699.2157,3720.929,3668.7653,3669.3703
133737000,3687.2605,2342300,27594400,13210651700,156670444000,3699.2157,3720.929,3668.7653,3669.3703
133742000,3687.5045,2364300,27454500,13213016000,156697898500,3699.2157,3720.929,3668.7653,3669.3703
133747000,3687.7935,2044800,27209400,13215060800,156725107900,3699.2157,3720.929,3668.7653,3669.3703
133752000,3687.2547,3062100,34884100,13218122900,156759992000,3699.2157,3720.929,3668.7653,3669.3703
133757000,3687.2437,2157400,24844100,13220280300,156784836100,3699.2157,3720.929,3668.7653,3669.3703
133802000,3687.8697,3596200,36471900,13223876500,156821308000,3699.2157,3720.929,3668.7653,3669.3703
133807000,3687.0515,2704500,27985800,13226581000,156849293800,3699.2157,3720.929,3668.7653,3669.3703
133812000,3687.0997,2167900,28700700,13228748900,156877994500,3699.2157,3720.929,3668.7653,3669.3703
133817000,3687.0684,1835000,25958600,13230583900,156903953100,3699.2157,3720.929,3668.7653,3669.3703
133822000,3687.2387,2343200,32086000,13232927100,156936039100,3699.2157,3720.929,3668.7653,3669.3703
133827000,3686.8662,2129000,28374500,13235056100,156964413600,3699.2157,3720.929,3668.7653,3669.3703
133832000,3686.7476,3464900,43631900,13238521000,157008045500,3699.2157,3720.929,3668.7653,3669.3703
133837000,3686.3072,2880900,38405500,13241401900,157046451000,3699.2157,3720.929,3668.7653,3669.3703
133842000,3685.1443,4883600,66173300,13246285500,157112624300,3699.2157,3720.929,3668.7653,3669.3703
133847000,3684.5509,4944500,61656700,13251230000,157174281000,3699.2157,3720.929,3668.7653,3669.3703
133852000,3684.2766,7269700,92923200,13258499700,157267204200,3699.2157,3720.929,3668.7653,3669.3703
133857000,3683.8423,5631300,72725000,13264131000,157339929200,3699.2157,3720.929,3668.7653,3669.3703
133902000,3683.7018,7000000,85231300,13271131000,157425160500,3699.2157,3720.929,3668.7653,3669.3703
133907000,3682.5717,6264000,69878400,13277395000,157495038900,3699.2157,3720.929,3668.7653,3669.3703
133912000,3682.4652,6276200,67602100,13283671200,157562641000,3699.2157,3720.929,3668.7653,3669.3703
133917000,3682.3517,4334000,49429300,13288005200,157612070300,3699.2157,3720.929,3668.7653,3669.3703
133922000,3682.501,6133100,67648300,13294138300,157679718600,3699.2157,3720.929,3668.7653,3669.3703
133927000,3682.2578,5059500,60236700,13299197800,157739955300,3699.2157,3720.929,3668.7653,3669.3703
133932000,3682.3968,7019500,69448700,13306217300,157809404000,3699.2157,3720.929,3668.7653,3669.3703
133937000,3681.6467,3411200,47013000,13309628500,157856417000,3699.2157,3720.929,3668.7653,3669.3703
133942000,3681.8556,3155200,44447300,13312783700,157900864300,3699.2157,3720.929,3668.7653,3669.3703
133947000,3681.84,8308200,70812800,13321091900,157971677100,3699.2157,3720.929,3668.7653,3669.3703
133952000,3681.4374,5204200,66659000,13326296100,158038336100,3699.2157,3720.929,3668.7653,3669.3703
133957000,3681.3188,4439100,55130900,13330735200,158093467000,3699.2157,3720.929,3668.7653,3669.3703
134002000,3681.1667,4863700,68271100,13335598900,158161738100,3699.2157,3720.929,3668.7653,3669.3703
134007000,3680.77,6037700,70419500,13341636600,158232157600,3699.2157,3720.929,3668.7653,3669.3703
134012000,3681.1255,6283000,86758300,13347919600,158318915900,3699.2157,3720.929,3668.7653,3669.3703
134017000,3680.7964,3557700,46924300,13351477300,158365840200,3699.2157,3720.929,3668.7653,3669.3703
134022000,3680.9926,5050200,67443400,13356527500,158433283600,3699.2157,3720.929,3668.7653,3669.3703
134027000,3680.6133,3452800,47330200,13359980300,158480613800,3699.2157,3720.929,3668.7653,3669.3703
134032000,3680.2721,3968900,53762800,13363949200,158534376600,3699.2157,3720.929,3668.7653,3669.3703
134037000,3680.0531,3981400,45593300,13367930600,158579969900,3699.2157,3720.929,3668.7653,3669.3703
134042000,3679.9118,5685800,67375500,13373616400,158647345400,3699.2157,3720.929,3668.7653,3669.3703
134047000,3680.0424,3452600,38533200,13377069000,158685878600,3699.2157,3720.929,3668.7653,3669.3703
134052000,3679.748,5418600,66046900,13382487600,158751925500,3699.2157,3720.929,3668.7653,3669.3703
134057000,3679.9822,6265900,65517400,13388753500,158817442900,3699.2157,3720.929,3668.7653,3669.3703
134102000,3679.2932,5722900,61130300,13394476400,158878573200,3699.2157,3720.929,3668.7653,3669.3703
134107000,3678.9207,5091500,73098100,13399567900,158951671300,3699.2157,3720.929,3668.7653,3669.3703
134112000,3679.0225,5590500,65515300,13405158400,159017186600,3699.2157,3720.929,3668.7653,3669.3703
134117000,3679.2027,3969900,50306200,13409128300,159067492800,3699.2157,3720.929,3668.7653,3669.3703
134122000,3678.9745,3556000,47923500,13412684300,159115416300,3699.2157,3720.929,3668.7653,3669.3703
134127000,3678.7716,4057400,48621300,13416741700,159164037600,3699.2157,3720.929,3668.7653,3669.3703
134132000,3678.5496,4604000,60758100,13421345700,159224795700,3699.2157,3720.929,3668.7653,3669.3703
134137000,3678.3165,2421500,35888600,13423767200,159260684300,3699.2157,3720.929,3668.7653,3669.3703
134142000,3678.4049,4231800,54477600,13427999000,159315161900,3699.2157,3720.929,3668.7653,3669.3703
134147000,3678.5148,4664200,50305500,13432663200,159365467400,3699.2157,3720.929,3668.7653,3669.3703
134152000,3678.3864,4287700,58236300,13436950900,159423703700,3699.2157,3720.929,3668.7653,3669.3703
134157000,3678.284,3653100,50752900,13440604000,159474456600,3699.2157,3720.929,3668.7653,3669.3703
134202000,3678.111,3792600,57890900,13444396600,159532347500,3699.2157,3720.929,3668.7653,3669.3703
134207000,3677.8531,3828400,45877400,13448225000,159578224900,3699.2157,3720.929,3668.7653,3669.3703
134212000,3677.9695,5602100,61607500,13453827100,159639832400,3699.2157,3720.929,3668.7653,3669.3703
134217000,3677.9896,3448000,37783300,13457275100,159677615700,3699.2157,3720.929,3668.7653,3669.3703
134222000,3678.0831,5445400,60922900,13462720500,159738538600,3699.2157,3720.929,3668.7653,3669.3703
134227000,3678.0076,3914100,48007400,13466634600,159786546000,3699.2157,3720.929,3668.7653,3669.3703
134232000,3677.6721,4207900,53413300,13470842500,159839959300,3699.2157,3720.929,3668.7653,3669.3703
134237000,3677.5705,4068400,44706400,13474910900,159884665700,3699.2157,3720.929,3668.7653,3669.3703
134242000,3677.3703,3717700,55864300,13478628600,159940530000,3699.2157,3720.929,3668.7653,3669.3703
134247000,3677.5165,3640200,42152700,13482268800,159982682700,3699.2157,3720.929,3668.7653,3669.3703
134252000,3677.3411,4654400,55300700,13486923200,160037983400,3699.2157,3720.929,3668.7653,3669.3703
134257000,3677.6127,3122700,43605000,13490045900,160081588400,3699.2157,3720.929,3668.7653,3669.3703
134302000,3677.3537,5804200,58939600,13495850100,160140528000,3699.2157,3720.929,3668.7653,3669.3703
134307000,3677.2728,4531000,53256500,13500381100,160193784500,3699.2157,3720.929,3668.7653,3669.3703
134312000,3677.0881,3834300,52851400,13504215400,160246635900,3699.2157,3720.929,3668.7653,3669.3703
134317000,3677.1131,3339200,44504500,13507554600,160291140400,3699.2157,3720.929,3668.7653,3669.3703
134322000,3678.1369,7678300,75244400,13515232900,160366384800,3699.2157,3720.929,3668.7653,3669.3703
134327000,3678.7254,5441500,74313300,13520674400,160440698100,3699.2157,3720.929,3668.7653,3669.3703
134332000,3678.4137,4502300,57449500,13525176700,160498147600,3699.2157,3720.929,3668.7653,3669.3703
134337000,3678.9129,2978500,41681800,13528155200,160539829400,3699.2157,3720.929,3668.7653,3669.3703
134342000,3678.8585,4037700,49933000,13532192900,160589762400,3699.2157,3720.929,3668.7653,3669.3703
134347000,3679.0688,4504100,41234900,13536697000,160630997300,3699.2157,3720.929,3668.7653,3669.3703
134352000,3678.7517,4635100,59975500,13541332100,160690972800,3699.2157,3720.929,3668.7653,3669.3703
134357000,3678.9757,4347000,49878600,13545679100,160740851400,3699.2157,3720.929,3668.7653,3669.3703
134402000,3679.0931,3815300,42176500,13549494400,160783027900,3699.2157,3720.929,3668.7653,3669.3703
134407000,3678.8002,4204000,43147100,13553698400,160826175000,3699.2157,3720.929,3668.7653,3669.3703
134412000,3678.8304,3721100,48291100,13557419500,160874466100,3699.2157,3720.929,3668.7653,3669.3703
134417000,3678.9392,4137700,37636100,13561557200,160912102200,3699.2157,3720.929,3668.7653,3669.3703
134422000,3679.83,4963500,58162500,13566520700,160970264700,3699.2157,3720.929,3668.7653,3669.3703
134427000,3679.6591,3761500,49628600,13570282200,161019893300,3699.2157,3720.929,3668.7653,3669.3703
134432000,3679.7097,4726100,50362100,13575008300,161070255400,3699.2157,3720.929,3668.7653,3669.3703
134437000,3679.657,4372600,49280500,13579380900,161119535900,3699.2157,3720.929,3668.7653,3669.3703
134442000,3679.5993,4174800,52251100,13583555700,161171787000,3699.2157,3720.929,3668.7653,3669.3703
134447000,3680.0932,2607300,34281200,13586163000,161206068200,3699.2157,3720.929,3668.7653,3669.3703
134452000,3680.37,3640500,48356800,13589803500,161254425000,3699.2157,3720.929,3668.7653,3669.3703
134457000,3680.4669,3237600,42395200,13593041100,161296820200,3699.2157,3720.929,3668.7653,3669.3703
134502000,3680.5538,3655800,45370500,13596696900,161342190700,3699.2157,3720.929,3668.7653,3669.3703
134507000,3680.1142,3333100,34428400,13600030000,161376619100,3699.2157,3720.929,3668.7653,3669.3703
134512000,3680.4769,3620300,57298000,13603650300,161433917100,3699.2157,3720.929,3668.7653,3669.3703
134517000,3680.6277,2654600,32568600,13606304900,161466485700,3699.2157,3720.929,3668.7653,3669.3703
134522000,3680.7961,3569500,41181600,13609874400,161507667300,3699.2157,3720.929,3668.7653,3669.3703
134527000,3680.7732,2287200,29017300,13612161600,161536684600,3699.2157,3720.929,3668.7653,3669.3703
134532000,3680.5904,3106500,51318200,13615268100,161588002800,3699.2157,3720.929,3668.7653,3669.3703
134537000,3680.7607,2868300,50698800,13618136400,161638701600,3699.2157,3720.929,3668.7653,3669.3703
134542000,3681.1941,3230600,40124500,13621367000,161678826100,3699.2157,3720.929,3668.7653,3669.3703
134547000,3681.2888,2952500,33124900,13624319500,161711951000,3699.2157,3720.929,3668.7653,3669.3703
134552000,3681.5768,3237300,43547300,13627556800,161755498300,3699.2157,3720.929,3668.7653,3669.3703
134557000,3682.1568,4043300,50551500,13631600100,161806049800,3699.2157,3720.929,3668.7653,3669.3703
134602000,3681.8348,3306400,41614200,13634906500,161847664000,3699.2157,3720.929,3668.7653,3669.3703
134607000,3681.6507,2159600,26457200,13637066100,161874121200,3699.2157,3720.929,3668.7653,3669.3703
134612000,3681.6013,2802500,42822600,13639868600,161916943800,3699.2157,3720.929,3668.7653,3669.3703
134617000,3681.757,2193800,28861300,13642062400,161945805100,3699.2157,3720.929,3668.7653,3669.3703
134622000,3681.1843,5106100,56935800,13647168500,162002740900,3699.2157,3720.929,3668.7653,3669.3703
134627000,3681.4768,3083000,34377700,13650251500,162037118600,3699.2157,3720.929,3668.7653,3669.3703
134632000,3681.7356,4345200,52137500,13654596700,162089256100,3699.2157,3720.929,3668.7653,3669.3703
134637000,3681.4292,2040700,25271600,13656637400,162114527700,3699.2157,3720.929,3668.7653,3669.3703
134642000,3681.2333,4832100,52970100,13661469500,162167497800,3699.2157,3720.929,3668.7653,3669.3703
134647000,3681.2426,3130200,39590200,13664599700,162207088000,3699.2157,3720.929,3668.7653,3669.3703
134652000,3681.5493,3661700,46194300,13668261400,162253282300,3699.2157,3720.929,3668.7653,3669.3703
134657000,3681.5742,2991200,41830100,13671252600,162295112400,3699.2157,3720.929,3668.7653,3669.3703
134702000,3681.3451,3354400,53484800,13674607000,162348597200,3699.2157,3720.929,3668.7653,3669.3703
134707000,3681.4802,3492700,53735400,13678099700,162402332600,3699.2157,3720.929,3668.7653,3669.3703
134712000,3681.4864,3967900,39155500,13682067600,162441488100,3699.2157,3720.929,3668.7653,3669.3703
134717000,3681.3791,3742000,47314700,13685809600,162488802800,3699.2157,3720.929,3668.7653,3669.3703
134722000,3681.6386,5675300,59980000,13691484900,162548782800,3699.2157,3720.929,3668.7653,3669.3703
134727000,3682.1824,3256200,45375700,13694741100,162594158500,3699.2157,3720.929,3668.7653,3669.3703
134732000,3682.3122,2939500,43405700,13697680600,162637564200,3699.2157,3720.929,3668.7653,3669.3703
134737000,3682.2335,3306100,42541600,13700986700,162680105800,3699.2157,3720.929,3668.7653,3669.3703
134742000,3682.0871,3179600,42069100,13704166300,162722174900,3699.2157,3720.929,3668.7653,3669.3703
134747000,3682.4115,3322200,48835600,13707488500,162771010500,3699.2157,3720.929,3668.7653,3669.3703
134752000,3682.6943,3146600,43428400,13710635100,162814438900,3699.2157,3720.929,3668.7653,3669.3703
134757000,3683.1671,3028400,43165300,13713663500,162857604200,3699.2157,3720.929,3668.7653,3669.3703
134802000,3682.8231,4751200,60164500,13718414700,162917768700,3699.2157,3720.929,3668.7653,3669.3703
134807000,3682.8298,3705300,36710200,13722120000,162954478900,3699.2157,3720.929,3668.7653,3669.3703
134812000,3682.7227,2968900,34465200,13725088900,162988944100,3699.2157,3720.929,3668.7653,3669.3703
134817000,3683.2065,2175400,24583500,13727264300,163013527600,3699.2157,3720.929,3668.7653,3669.3703
134822000,3683.0745,3460100,43067800,13730724400,163056595400,3699.2157,3720.929,3668.7653,3669.3703
134827000,3683.6721,2839800,39322200,13733564200,163095917600,3699.2157,3720.929,3668.7653,3669.3703
134832000,3683.3656,3554400,42406400,13737118600,163138324000,3699.2157,3720.929,3668.7653,3669.3703
134837000,3683.1877,2681000,38571800,13739799600,163176895800,3699.2157,3720.929,3668.7653,3669.3703
134842000,3683.1715,3029600,36134300,13742829200,163213030100,3699.2157,3720.929,3668.7653,3669.3703
134847000,3683.4201,2953300,31580800,13745782500,163244610900,3699.2157,3720.929,3668.7653,3669.3703
134852000,3683.4046,3965500,50050100,13749748000,163294661000,3699.2157,3720.929,3668.7653,3669.3703
134857000,3683.4049,3997100,38595300,13753745100,163333256300,3699.2157,3720.929,3668.7653,3669.3703
134902000,3683.0785,3257700,43366300,13757002800,163376622600,3699.2157,3720.929,3668.7653,3669.3703
134907000,3682.9358,3052700,29163900,13760055500,163405786500,3699.2157,3720.929,3668.7653,3669.3703
134912000,3683.1616,2485200,27972000,13762540700,163433758500,3699.2157,3720.929,3668.7653,3669.3703
134917000,3683.0144,2415100,26978600,13764955800,163460737100,3699.2157,3720.929,3668.7653,3669.3703
134922000,3682.7929,3204700,36147700,13768160500,163496884800,3699.2157,3720.929,3668.7653,3669.3703
134927000,3683.2784,3521800,29561200,13771682300,163526446000,3699.2157,3720.929,3668.7653,3669.3703
134932000,3683.2054,3645100,38008200,13775327400,163564454200,3699.2157,3720.929,3668.7653,3669.3703
134937000,3682.8621,2413600,26986800,13777741000,163591441000,3699.2157,3720.929,3668.7653,3669.3703
134942000,3682.4415,2576700,35130700,13780317700,163626571700,3699.2157,3720.929,3668.7653,3669.3703
134947000,3683.3166,2227400,25168600,13782545100,163651740300,3699.2157,3720.929,3668.7653,3669.3703
134952000,3683.0167,2324900,28887600,13784870000,163680627900,3699.2157,3720.929,3668.7653,3669.3703
134957000,3683.3552,2206800,30086400,13787076800,163710714300,3699.2157,3720.929,3668.7653,3669.3703
135002000,3682.9579,3294400,33503200,13790371200,163744217500,3699.2157,3720.929,3668.7653,3669.3703
135007000,3682.7649,2743700,35161400,13793114900,163779378900,3699.2157,3720.929,3668.7653,3669.3703
135012000,3683.0464,3997200,40670600,13797112100,163820049500,3699.2157,3720.929,3668.7653,3669.3703
135017000,3683.0036,2127800,24806600,13799239900,163844856100,3699.2157,3720.929,3668.7653,3669.3703
135022000,3683.1181,2927900,38533300,13802167800,163883389400,3699.2157,3720.929,3668.7653,3669.3703
135027000,3683.1534,3454400,41215200,13805622200,163924604600,3699.2157,3720.929,3668.7653,3669.3703
135032000,3682.8117,2786100,39483800,13808408300,163964088400,3699.2157,3720.929,3668.7653,3669.3703
135037000,3682.6648,2212100,29565800,13810620400,163993654200,3699.2157,3720.929,3668.7653,3669.3703
135042000,3682.3863,2998700,30180600,13813619100,164023834800,3699.2157,3720.929,3668.7653,3669.3703
135047000,3682.8349,2500300,26884400,13816119400,164050719200,3699.2157,3720.929,3668.7653,3669.3703
135052000,3682.578,4413400,44941100,13820532800,164095660300,3699.2157,3720.929,3668.7653,3669.3703
135057000,3682.7723,2179500,32240000,13822712300,164127900300,3699.2157,3720.929,3668.7653,3669.3703
135102000,3682.6375,3980900,47041400,13826693200,164174941700,3699.2157,3720.929,3668.7653,3669.3703
135107000,3682.4913,2920500,35915400,13829613700,164210857100,3699.2157,3720.929,3668.7653,3669.3703
135112000,3682.8259,14595700,85762800,13844209400,164296619900,3699.2157,3720.929,3668.7653,3669.3703
135117000,3682.882,3286800,30806700,13847496200,164327426600,3699.2157,3720.929,3668.7653,3669.3703
135122000,3683.3834,5316900,50074400,13852813100,164377501000,3699.2157,3720.929,3668.7653,3669.3703
135127000,3684.3453,14138300,94571400,13866951400,164472072400,3699.2157,3720.929,3668.7653,3669.3703
135132000,3684.0218,6188800,58717300,13873140200,164530789700,3699.2157,3720.929,3668.7653,3669.3703
135137000,3684.0232,6666500,53391500,13879806700,164584181200,3699.2157,3720.929,3668.7653,3669.3703
135142000,3684.8501,12989300,98166600,13892796000,164682347800,3699.2157,3720.929,3668.7653,3669.3703
135147000,3684.9535,6097700,63342100,13898893700,164745689900,3699.2157,3720.929,3668.7653,3669.3703
135152000,3685.8933,7291100,81097500,13906184800,164826787400,3699.2157,3720.929,3668.7653,3669.3703
135157000,3685.8053,11386700,123776700,13917571500,164950564100,3699.2157,3720.929,3668.7653,3669.3703
135202000,3686.3339,7416100,88160200,13924987600,165038724300,3699.2157,3720.929,3668.7653,3669.3703
135207000,3686.3898,5787000,59719500,13930774600,165098443800,3699.2157,3720.929,3668.7653,3669.3703
135212000,3687.2861,5895700,55954400,13936670300,165154398200,3699.2157,3720.929,3668.7653,3669.3703
135217000,3687.2062,4487800,46709600,13941158100,165201107800,3699.2157,3720.929,3668.7653,3669.3703
135222000,3687.3629,9326200,84871700,13950484300,165285979500,3699.2157,3720.929,3668.7653,3669.3703
135227000,3688.053,11943400,79216800,13962427700,165365196300,3699.2157,3720.929,3668.7653,3669.3703
135232000,3688.8765,8337300,101324900,13970765000,165466521200,3699.2157,3720.929,3668.7653,3669.3703
135237000,3689.0584,6174300,50181300,13976939300,165516702500,3699.2157,3720.929,3668.7653,3669.3703
135242000,3689.4149,8578200,72197800,13985517500,165588900300,3699.2157,3720.929,3668.7653,3669.3703
135247000,3689.7647,8321200,64417800,13993838700,165653318100,3699.2157,3720.929,3668.7653,3669.3703
135252000,3690.4347,13158500,98106000,14006997200,165751424100,3699.2157,3720.929,3668.7653,3669.3703
135257000,3690.7598,9164000,75910200,14016161200,165827334300,3699.2157,3720.929,3668.7653,3669.3703
135302000,3690.9354,8054700,79325500,14024215900,165906659800,3699.2157,3720.929,3668.7653,3669.3703
135307000,3691.2187,12811200,104876500,14037027100,166011536300,3699.2157,3720.929,3668.7653,3669.3703
135312000,3691.7219,13761900,94843100,14050789000,166106379400,3699.2157,3720.929,3668.7653,3669.3703
135317000,3691.993,10214200,79392800,14061003200,166185772200,3699.2157,3720.929,3668.7653,3669.3703
135322000,3692.0348,17948200,112551700,14078951400,166298323900,3699.2157,3720.929,3668.7653,3669.3703
135327000,3692.3713,10409200,74658800,14089360600,166372982700,3699.2157,3720.929,3668.7653,3669.3703
135332000,3692.3665,7714300,67882800,14097074900,166440865500,3699.2157,3720.929,3668.7653,3669.3703
135337000,3692.3875,5551900,58812000,14102626800,166499677500,3699.2157,3720.929,3668.7653,3669.3703
135342000,3692.7606,5078200,58086900,14107705000,166557764400,3699.2157,3720.929,3668.7653,3669.3703
135347000,3693.2716,3440100,37478200,14111145100,166595242600,3699.2157,3720.929,3668.7653,3669.3703
135352000,3693.0097,6719500,80182900,14117864600,166675425500,3699.2157,3720.929,3668.7653,3669.3703
135357000,3693.0192,5278900,57103900,14123143500,166732529400,3699.2157,3720.929,3668.7653,3669.3703
135402000,3693.0835,6272100,56126300,14129415600,166788655700,3699.2157,3720.929,3668.7653,3669.3703
135407000,3693.118,5128600,55283400,14134544200,166843939100,3699.2157,3720.929,3668.7653,3669.3703
135412000,3693.3808,5821800,60013400,14140366000,166903952500,3699.2157,3720.929,3668.7653,3669.3703
135417000,3693.5622,4600800,42248100,14144966800,166946200600,3699.2157,3720.929,3668.7653,3669.3703
135422000,3693.4732,9352000,78071400,14154318800,167024272000,3699.2157,3720.929,3668.7653,3669.3703
135427000,3693.567,3622700,43216500,14157941500,167067488500,3699.2157,3720.929,3668.7653,3669.3703
135432000,3693.6134,8214900,67203600,14166156400,167134692100,3699.2157,3720.929,3668.7653,3669.3703
135437000,3693.6454,4323800,41215200,14170480200,167175907300,3699.2157,3720.929,3668.7653,3669.3703
135442000,3693.8704,7236100,53079500,14177716300,167228986800,3699.2157,3720.929,3668.7653,3669.3703
135447000,3693.9598,5033900,45651500,14182750200,167274638300,3699.2157,3720.929,3668.7653,3669.3703
135452000,3694.2603,6582300,88248000,14189332500,167362886300,3699.2157,3720.929,3668.7653,3669.3703
135457000,3694.8763,8170400,66986900,14197502900,167429873200,3699.2157,3720.929,3668.7653,3669.3703
135502000,3694.271,8104400,83545300,14205607300,167513418500,3699.2157,3720.929,3668.7653,3669.3703
135507000,3694.6153,8163100,59855500,14213770400,167573274000,3699.2157,3720.929,3668.7653,3669.3703
135512000,3694.3719,6215200,54744600,14219985600,167628018600,3699.2157,3720.929,3668.7653,3669.3703
135517000,3694.6459,4830600,49720400,14224816200,167677739000,3699.2157,3720.929,3668.7653,3669.3703
135522000,3694.512,6361900,55269700,14231178100,167733008700,3699.2157,3720.929,3668.7653,3669.3703
135527000,3694.1975,5561300,63191200,14236739400,167796199900,3699.2157,3720.929,3668.7653,3669.3703
135532000,3694.1684,7235000,69214000,14243974400,167865413900,3699.2157,3720.929,3668.7653,3669.3703
135537000,3694.0747,4599200,41802400,14248573600,167907216300,3699.2157,3720.929,3668.7653,3669.3703
135542000,3694.1407,5579200,50042600,14254152800,167957258900,3699.2157,3720.929,3668.7653,3669.3703
135547000,3694.5472,2817500,33814000,14256970300,167991072900,3699.2157,3720.929,3668.7653,3669.3703
135552000,3694.2597,4265100,43750300,14261235400,168034823200,3699.2157,3720.929,3668.7653,3669.3703
135557000,3694.2448,4196300,44339300,14265431700,168079162500,3699.2157,3720.929,3668.7653,3669.3703
135602000,3694.1416,6010600,55539600,14271442300,168134702100,3699.2157,3720.929,3668.7653,3669.3703
135607000,3693.8721,2543300,29645200,14273985600,168164347300,3699.2157,3720.929,3668.7653,3669.3703
135612000,3693.8733,4933700,42107100,14278919300,168206454400,3699.2157,3720.929,3668.7653,3669.3703
135617000,3693.9122,3224900,36652200,14282144200,168243106600,3699.2157,3720.929,3668.7653,3669.3703
135622000,3693.6554,8065100,60444200,14290209300,168303550800,3699.2157,3720.929,3668.7653,3669.3703
135627000,3693.6414,4932400,46178200,14295141700,168349729000,3699.2157,3720.929,3668.7653,3669.3703
135632000,3693.5463,6851100,52721400,14301992800,168402450400,3699.2157,3720.929,3668.7653,3669.3703
135637000,3693.4346,5064800,42106800,14307057600,168444557200,3699.2157,3720.929,3668.7653,3669.3703
135642000,3693.4896,6818000,52628000,14313875600,168497185200,3699.2157,3720.929,3668.7653,3669.3703
135647000,3693.3387,4950600,46941200,14318826200,168544126400,3699.2157,3720.929,3668.7653,3669.3703
135652000,3693.243,6189800,53520500,14325016000,168597646900,3699.2157,3720.929,3668.7653,3669.3703
135657000,3693.0738,5093900,40638700,14330109900,168638285600,3699.2157,3720.929,3668.7653,3669.3703
135702000,3692.8689,5827600,48067300,14335937500,168686352900,3699.2157,3720.929,3668.7653,3669.3703
135707000,3692.6829,3738400,35051100,14339675900,168721404000,3699.2157,3720.929,3668.7653,3669.3703
135712000,3692.5398,6701100,53146800,14346377000,168774550800,3699.2157,3720.929,3668.7653,3669.3703
135717000,3692.5406,4161500,39768400,14350538500,168814319200,3699.2157,3720.929,3668.7653,3669.3703
135722000,3692.4045,6172900,49564300,14356711400,168863883500,3699.2157,3720.929,3668.7653,3669.3703
135727000,3692.2203,4482400,42037500,14361193800,168905921000,3699.2157,3720.929,3668.7653,3669.3703
135732000,3692.2843,6704000,48531500,14367897800,168954452500,3699.2157,3720.929,3668.7653,3669.3703
135737000,3692.5597,4704500,39753600,14372602300,168994206100,3699.2157,3720.929,3668.7653,3669.3703
135742000,3692.3788,4983200,44152500,14377585500,169038358600,3699.2157,3720.929,3668.7653,3669.3703
135747000,3692.4648,2863800,30336600,14380449300,169068695200,3699.2157,3720.929,3668.7653,3669.3703
135752000,3692.4497,6494200,52814200,14386943500,169121509400,3699.2157,3720.929,3668.7653,3669.3703
135757000,3692.1611,6736300,47383200,14393679800,169168892600,3699.2157,3720.929,3668.7653,3669.3703
135802000,3692.3384,3896900,34013100,14397576700,169202905700,3699.2157,3720.929,3668.7653,3669.3703
135807000,3692.267,2818500,29570300,14400395200,169232476000,3699.2157,3720.929,3668.7653,3669.3703
135812000,3692.4818,5389900,47071100,14405785100,169279547100,3699.2157,3720.929,3668.7653,3669.3703
135817000,3692.2089,2488600,29456300,14408273700,169309003400,3699.2157,3720.929,3668.7653,3669.3703
135822000,3692.357,5131000,45546200,14413404700,169354549600,3699.2157,3720.929,3668.7653,3669.3703
135827000,3692.8522,4004700,36979200,14417409400,169391528800,3699.2157,3720.929,3668.7653,3669.3703
135832000,3692.6617,6865000,52129000,14424274400,169443657800,3699.2157,3720.929,3668.7653,3669.3703
135837000,3692.2207,9112600,60222700,14433387000,169503880500,3699.2157,3720.929,3668.7653,3669.3703
135842000,3692.4708,3441400,44458400,14436828400,169548338900,3699.2157,3720.929,3668.7653,3669.3703
135847000,3692.3117,3893600,33886100,14440722000,169582225000,3699.2157,3720.929,3668.7653,3669.3703
135852000,3692.7431,6912000,63323500,14447634000,169645548500,3699.2157,3720.929,3668.7653,3669.3703
135857000,3692.7541,5516100,52016600,14453150100,169697565100,3699.2157,3720.929,3668.7653,3669.3703
135902000,3692.5971,14818500,88998300,14467968600,169786563400,3699.2157,3720.929,3668.7653,3669.3703
135907000,3692.6839,4036400,37692300,14472005000,169824255700,3699.2157,3720.929,3668.7653,3669.3703
135912000,3692.6436,4850700,45641600,14476855700,169869897300,3699.2157,3720.929,3668.7653,3669.3703
135917000,3693.8855,3866600,39709000,14480722300,169909606300,3699.2157,3720.929,3668.7653,3669.3703
135922000,3694.0982,9482300,80925500,14490204600,169990531800,3699.2157,3720.929,3668.7653,3669.3703
135927000,3694.2186,9819900,80121000,14500024500,170070652800,3699.2157,3720.929,3668.7653,3669.3703
135932000,3693.6899,10193900,70373500,14510218400,170141026300,3699.2157,3720.929,3668.7653,3669.3703
135937000,3694.3239,4128900,50972500,14514347300,170191998800,3699.2157,3720.929,3668.7653,3669.3703
135942000,3694.8875,11050500,85121400,14525397800,170277120200,3699.2157,3720.929,3668.7653,3669.3703
135947000,3695.0893,5379100,52040800,14530776900,170329161000,3699.2157,3720.929,3668.7653,3669.3703
135952000,3695.3779,10833200,79415900,14541610100,170408576900,3699.2157,3720.929,3668.7653,3669.3703
135957000,3695.6556,8606900,71679200,14550217000,170480256100,3699.2157,3720.929,3668.7653,3669.3703
140002000,3696.2408,7407800,73737400,14557624800,170553993500,3699.2157,3720.929,3668.7653,3669.3703
140007000,3696.0979,4891100,50118700,14562515900,170604112200,3699.2157,3720.929,3668.7653,3669.3703
140012000,3696.7389,8688600,74614600,14571204500,170678726800,3699.2157,3720.929,3668.7653,3669.3703
140017000,3697.5559,5203300,66156000,14576407800,170744882800,3699.2157,3720.929,3668.7653,3669.3703
140022000,3697.2511,5468800,54003200,14581876600,170798886000,3699.2157,3720.929,3668.7653,3669.3703
140027000,3697.6978,7920400,75443400,14589797000,170874329400,3699.2157,3720.929,3668.7653,3669.3703
140032000,3697.4905,6526200,73104900,14596323200,170947434300,3699.2157,3720.929,3668.7653,3669.3703
140037000,3697.772,5618100,64660500,14601941300,171012094800,3699.2157,3720.929,3668.7653,3669.3703
140042000,3697.9582,7126100,67265300,14609067400,171079360100,3699.2157,3720.929,3668.7653,3669.3703
140047000,3698.0048,5959400,54392500,14615026800,171133752600,3699.2157,3720.929,3668.7653,3669.3703
140052000,3698.0418,7293600,70885900,14622320400,171204638500,3699.2157,3720.929,3668.7653,3669.3703
140057000,3698.0752,7313200,64774300,14629633600,171269412800,3699.2157,3720.929,3668.7653,3669.3703
140102000,3698.3195,8683500,78317200,14638317100,171347730000,3699.2157,3720.929,3668.7653,3669.3703
140107000,3698.2692,5697900,53841900,14644015000,171401571900,3699.2157,3720.929,3668.7653,3669.3703
140112000,3698.6959,4985800,53441200,14649000800,171455013100,3699.2157,3720.929,3668.7653,3669.3703
140117000,3698.4475,4870800,42247400,14653871600,171497260500,3699.2157,3720.929,3668.7653,3669.3703
140122000,3698.9531,7081200,66389300,14660952800,171563649800,3699.2157,3720.929,3668.7653,3669.3703
140127000,3698.7881,5303800,57092900,14666256600,171620742700,3699.2157,3720.929,3668.7653,3669.3703
140132000,3698.7578,7214500,59643800,14673471100,171680386500,3699.2157,3720.929,3668.7653,3669.3703
140137000,3698.5506,4974100,58840000,14678445200,171739226500,3699.2157,3720.929,3668.7653,3669.3703
140142000,3698.8216,5956000,70926700,14684401200,171810153200,3699.2157,3720.929,3668.7653,3669.3703
140147000,3698.8611,4126700,45035400,14688527900,171855188600,3699.2157,3720.929,3668.7653,3669.3703
140152000,3698.97,4680200,54622700,14693208100,171909811300,3699.2157,3720.929,3668.7653,3669.3703
140157000,3699.0167,5440300,52437700,14698648400,171962249000,3699.2157,3720.929,3668.7653,3669.3703
140202000,3699.1595,5039200,50957200,14703687600,172013206200,3699.2157,3720.929,3668.7653,3669.3703
140207000,3698.7128,5177500,50917600,14708865100,172064123800,3699.2157,3720.929,3668.7653,3669.3703
140212000,3698.7593,4508700,49895200,14713373800,172114019000,3699.2157,3720.929,3668.7653,3669.3703
140217000,3698.8871,4211800,49273700,14717585600,172163292700,3699.2157,3720.929,3668.7653,3669.3703
140222000,3699.2777,4202000,49760500,14721787600,172213053200,3699.2157,3720.929,3668.7653,3669.3703
140227000,3698.7268,5512500,55716400,14727300100,172268769600,3699.2157,3720.929,3668.7653,3669.3703
140232000,3698.8766,7904600,66034800,14735204700,172334804400,3699.2157,3720.929,3668.7653,3669.3703
140237000,3698.2965,5007300,53303500,14740212000,172388107900,3699.2157,3720.929,3668.7653,3669.3703
140242000,3698.4499,5825500,56037200,14746037500,172444145100,3699.2157,3720.929,3668.7653,3669.3703
140247000,3698.7165,3630300,42438400,14749667800,172486583500,3699.2157,3720.929,3668.7653,3669.3703
140252000,3698.5031,5072600,50398700,14754740400,172536982200,3699.2157,3720.929,3668.7653,3669.3703
140257000,3698.0178,5453300,55977400,14760193700,172592959600,3699.2157,3720.929,3668.7653,3669.3703
140302000,3697.8361,5484900,62522200,14765678600,172655481800,3699.2157,3720.929,3668.7653,3669.3703
140307000,3697.3796,5618500,48768300,14771297100,172704250100,3699.2157,3720.929,3668.7653,3669.3703
140312000,3697.6636,5298800,56923300,14776595900,172761173400,3699.2157,3720.929,3668.7653,3669.3703
140317000,3697.7273,4123300,44101400,14780719200,172805274800,3699.2157,3720.929,3668.7653,3669.3703
140322000,3697.1945,7094700,66043900,14787813900,172871318700,3699.2157,3720.929,3668.7653,3669.3703
140327000,3697.7573,5633300,50059900,14793447200,172921378600,3699.2157,3720.929,3668.7653,3669.3703
140332000,3697.6402,5210400,52105700,14798657600,172973484300,3699.2157,3720.929,3668.7653,3669.3703
140337000,3697.0179,2876600,34342100,14801534200,173007826400,3699.2157,3720.929,3668.7653,3669.3703
140342000,3696.585,3294300,51926100,14804828500,173059752500,3699.2157,3720.929,3668.7653,3669.3703
140347000,3696.6114,4033900,40819900,14808862400,173100572400,3699.2157,3720.929,3668.7653,3669.3703
140352000,3695.5114,4636700,57213200,14813499100,173157785600,3699.2157,3720.929,3668.7653,3669.3703
140357000,3695.4602,4138300,55520600,14817637400,173213306200,3699.2157,3720.929,3668.7653,3669.3703
140402000,3694.7664,6787700,75616600,14824425100,173288922800,3699.2157,3720.929,3668.7653,3669.3703
140407000,3694.3206,6044200,49544800,14830469300,173338467600,3699.2157,3720.929,3668.7653,3669.3703
140412000,3694.2598,4641400,47850900,14835110700,173386318500,3699.2157,3720.929,3668.7653,3669.3703
140417000,3694.858,2391600,31069400,14837502300,173417387900,3699.2157,3720.929,3668.7653,3669.3703
140422000,3694.5482,4703800,53154200,14842206100,173470542100,3699.2157,3720.929,3668.7653,3669.3703
140427000,3694.2955,5063900,46418100,14847270000,173516960200,3699.2157,3720.929,3668.7653,3669.3703
140432000,3694.1222,4843400,40159000,14852113400,173557119200,3699.2157,3720.929,3668.7653,3669.3703
140437000,3693.7166,2930900,30112600,14855044300,173587231800,3699.2157,3720.929,3668.7653,3669.3703
140442000,3694.1969,4194200,36128800,14859238500,173623360600,3699.2157,3720.929,3668.7653,3669.3703
140447000,3693.9707,2610100,33381200,14861848600,173656741800,3699.2157,3720.929,3668.7653,3669.3703
140452000,3694.0177,5276500,49842200,14867125100,173706584000,3699.2157,3720.929,3668.7653,3669.3703
140457000,3693.7786,2758700,39712800,14869883800,173746296800,3699.2157,3720.929,3668.7653,3669.3703
140502000,3693.8923,3996000,46793800,14873879800,173793090600,3699.2157,3720.929,3668.7653,3669.3703
140507000,3693.4523,4901800,51283100,14878781600,173844373700,3699.2157,3720.929,3668.7653,3669.3703
140512000,3693.6669,3084600,34125100,14881866200,173878498800,3699.2157,3720.929,3668.7653,3669.3703
140517000,3693.308,3403500,38495600,14885269700,173916994400,3699.2157,3720.929,3668.7653,3669.3703
140522000,3693.6715,4435300,51679500,14889705000,173968673900,3699.2157,3720.929,3668.7653,3669.3703
140527000,3693.4837,2637500,33137800,14892342500,174001811700,3699.2157,3720.929,3668.7653,3669.3703
140532000,3693.168,5632300,45537600,14897974800,174047349300,3699.2157,3720.929,3668.7653,3669.3703
140537000,3692.9672,4199200,37720000,14902174000,174085069300,3699.2157,3720.929,3668.7653,3669.3703
140542000,3693.0156,2752300,29513800,14904926300,174114583100,3699.2157,3720.929,3668.7653,3669.3703
140547000,3693.7509,3716300,49496400,14908642600,174164079500,3699.2157,3720.929,3668.7653,3669.3703
140552000,3693.8218,6299700,68483700,14914942300,174232563200,3699.2157,3720.929,3668.7653,3669.3703
140557000,3694.6496,5147100,57286500,14920089400,174289849700,3699.2157,3720.929,3668.7653,3669.3703
140602000,3694.7629,4052400,53311800,14924141800,174343161500,3699.2157,3720.929,3668.7653,3669.3703
140607000,3694.5617,5242100,61378500,14929383900,174404540000,3699.2157,3720.929,3668.7653,3669.3703
140612000,3694.9208,4538700,43820100,14933922600,174448360100,3699.2157,3720.929,3668.7653,3669.3703
140617000,3694.8501,2534200,28283200,14936456800,174476643300,3699.2157,3720.929,3668.7653,3669.3703
140622000,3695.0384,4013200,36844000,14940470000,174513487300,3699.2157,3720.929,3668.7653,3669.3703
140627000,3694.9796,3432400,37028100,14943902400,174550515400,3699.2157,3720.929,3668.7653,3669.3703
140632000,3694.6078,3142500,42584600,14947044900,174593100000,3699.2157,3720.929,3668.7653,3669.3703
140637000,3694.5837,2765900,29367900,14949810800,174622467900,3699.2157,3720.929,3668.7653,3669.3703
140642000,3694.8155,2745500,33108500,14952556300,174655576400,3699.2157,3720.929,3668.7653,3669.3703
140647000,3694.5481,3449500,26281800,14956005800,174681858200,3699.2157,3720.929,3668.7653,3669.3703
140652000,3695.0457,3968300,40760000,14959974100,174722618200,3699.2157,3720.929,3668.7653,3669.3703
140657000,3694.7376,3300000,35501300,14963274100,174758119500,3699.2157,3720.929,3668.7653,3669.3703
140702000,3694.0993,3481300,38818500,14966755400,174796938000,3699.2157,3720.929,3668.7653,3669.3703
140707000,3694.2177,3419700,32046700,14970175100,174828984700,3699.2157,3720.929,3668.7653,3669.3703
140712000,3694.2494,3005400,38409900,14973180500,174867394600,3699.2157,3720.929,3668.7653,3669.3703
140717000,3694.5437,2754200,28996000,14975934700,174896390600,3699.2157,3720.929,3668.7653,3669.3703
140722000,3694.6918,4825500,44993400,14980760200,174941384000,3699.2157,3720.929,3668.7653,3669.3703
140727000,3694.1375,3058800,29630900,14983819000,174971014900,3699.2157,3720.929,3668.7653,3669.3703
140732000,3694.2367,2972100,35512300,14986791100,175006527200,3699.2157,3720.929,3668.7653,3669.3703
140737000,3693.771,3331500,33489700,14990122600,175040016900,3699.2157,3720.929,3668.7653,3669.3703
140742000,3693.5511,3361000,41582600,14993483600,175081599500,3699.2157,3720.929,3668.7653,3669.3703
140747000,3693.7304,2439500,26268200,14995923100,175107867700,3699.2157,3720.929,3668.7653,3669.3703
140752000,3693.4068,3103100,38077100,14999026200,175145944800,3699.2157,3720.929,3668.7653,3669.3703
140757000,3693.6555,3571100,33263100,15002597300,175179207900,3699.2157,3720.929,3668.7653,3669.3703
140802000,3693.7509,4969700,44962600,15007567000,175224170500,3699.2157,3720.929,3668.7653,3669.3703
140807000,3693.3507,3818500,31042900,15011385500,175255213400,3699.2157,3720.929,3668.7653,3669.3703
140812000,3693.1747,2885200,29258900,15014270700,175284472300,3699.2157,3720.929,3668.7653,3669.3703
140817000,3693.4961,2831000,27787300,15017101700,175312259600,3699.2157,3720.929,3668.7653,3669.3703
140822000,3693.6486,3400600,35085900,15020502300,175347345500,3699.2157,3720.929,3668.7653,3669.3703
140827000,3693.6333,3371000,31038100,15023873300,175378383600,3699.2157,3720.929,3668.7653,3669.3703
140832000,3693.2985,4014600,43771300,15027887900,175422154900,3699.2157,3720.929,3668.7653,3669.3703
140837000,3693.2977,2347000,22069600,15030234900,175444224500,3699.2157,3720.929,3668.7653,3669.3703
140842000,3693.2351,3141100,36190100,15033376000,175480414600,3699.2157,3720.929,3668.7653,3669.3703
140847000,3693.6253,3483800,30527100,15036859800,175510941700,3699.2157,3720.929,3668.7653,3669.3703
140852000,3693.283,3752300,44851200,15040612100,175555792900,3699.2157,3720.929,3668.7653,3669.3703
140857000,3693.004,2386500,32442200,15042998600,175588235100,3699.2157,3720.929,3668.7653,3669.3703
140902000,3693.2392,2895800,35659500,15045894400,175623894600,3699.2157,3720.929,3668.7653,3669.3703
140907000,3692.6055,2325900,22529100,15048220300,175646423700,3699.2157,3720.929,3668.7653,3669.3703
140912000,3692.9159,3467200,35372200,15051687500,175681795900,3699.2157,3720.929,3668.7653,3669.3703
140917000,3693.5541,2731600,31359100,15054419100,175713155000,3699.2157,3720.929,3668.7653,3669.3703
140922000,3694.514,7040500,72587900,15061459600,175785742900,3699.2157,3720.929,3668.7653,3669.3703
140927000,3695.1246,6732400,92294100,15068192000,175878037000,3699.2157,3720.929,3668.7653,3669.3703
140932000,3697.1208,11133700,143342100,15079325700,176021379100,3699.2157,3720.929,3668.7653,3669.3703
140937000,3697.4951,8363000,87982100,15087688700,176109361200,3699.2157,3720.929,3668.7653,3669.3703
140942000,3698.5238,10154900,128235600,15097843600,176237596800,3699.2157,3720.929,3668.7653,3669.3703
140947000,3698.789,6695700,75587400,15104539300,176313184200,3699.2157,3720.929,3668.7653,3669.3703
140952000,3699.6748,9835900,98462000,15114375200,176411646200,3699.2157,3720.929,3668.7653,3669.3703
140957000,3701.1174,10026000,90953800,15124401200,176502600000,3699.2157,3720.929,3668.7653,3669.3703
141002000,3700.81,8146200,83221800,15132547400,176585821800,3699.2157,3720.929,3668.7653,3669.3703
141007000,3701.2326,8217800,72770900,15140765200,176658592700,3699.2157,3720.929,3668.7653,3669.3703
141012000,3701.3223,9522200,97999400,15150287400,176756592100,3699.2157,3720.929,3668.7653,3669.3703
141017000,3701.9341,8534400,77314400,15158821800,176833906500,3699.2157,3720.929,3668.7653,3669.3703
141022000,3702.2222,7678800,77293400,15166500600,176911199900,3699.2157,3720.929,3668.7653,3669.3703
141027000,3702.2459,7443000,64477900,15173943600,176975677800,3699.2157,3720.929,3668.7653,3669.3703
141032000,3703.3919,8527900,87953300,15182471500,177063631100,3699.2157,3720.929,3668.7653,3669.3703
141037000,3703.2571,9910100,84987900,15192381600,177148619000,3699.2157,3720.929,3668.7653,3669.3703
141042000,3703.6349,11178300,89599200,15203559900,177238218200,3699.2157,3720.929,3668.7653,3669.3703
141047000,3704.3567,9280400,70933900,15212840300,177309152100,3699.2157,3720.929,3668.7653,3669.3703
141052000,3704.9507,11487200,109247900,15224327500,177418400000,3699.2157,3720.929,3668.7653,3669.3703
141057000,3704.7441,7051400,85034500,15231378900,177503434500,3699.2157,3720.929,3668.7653,3669.3703
141102000,3705.316,11325800,100121200,15242704700,177603555700,3699.2157,3720.929,3668.7653,3669.3703
141107000,3705.4376,8479000,68283300,15251183700,177671839000,3699.2157,3720.929,3668.7653,3669.3703
141112000,3705.8373,7765100,70375200,15258948800,177742214200,3699.2157,3720.929,3668.7653,3669.3703
141117000,3706.177,9107300,71095200,15268056100,177813309400,3699.2157,3720.929,3668.7653,3669.3703
141122000,3705.979,10330700,86608300,15278386800,177899917700,3699.2157,3720.929,3668.7653,3669.3703
141127000,3706.4207,9987500,94606600,15288374300,177994524300,3699.2157,3720.929,3668.7653,3669.3703
141132000,3706.7486,8225600,86177500,15296599900,178080701800,3699.2157,3720.929,3668.7653,3669.3703
141137000,3706.3557,9019600,66505500,15305619500,178147207300,3699.2157,3720.929,3668.7653,3669.3703
141142000,3706.9947,5641700,51648100,15311261200,178198855400,3699.2157,3720.929,3668.7653,3669.3703
141147000,3706.9772,5973800,55842400,15317235000,178254697800,3699.2157,3720.929,3668.7653,3669.3703
141152000,3707.4083,6398800,69397900,15323633800,178324095700,3699.2157,3720.929,3668.7653,3669.3703
141157000,3707.9974,6342000,64536500,15329975800,178388632200,3699.2157,3720.929,3668.7653,3669.3703
141202000,3707.7913,6250200,71700100,15336226000,178460332300,3699.2157,3720.929,3668.7653,3669.3703
141207000,3707.4904,6584100,70769700,15342810100,178531102000,3699.2157,3720.929,3668.7653,3669.3703
141212000,3708.4337,4723400,50633600,15347533500,178581735600,3699.2157,3720.929,3668.7653,3669.3703
141217000,3708.2858,6721800,107701000,15354255300,178689436600,3699.2157,3720.929,3668.7653,3669.3703
141222000,3708.1159,6576300,68471200,15360831600,178757907800,3699.2157,3720.929,3668.7653,3669.3703
141227000,3708.3663,4553700,55004800,15365385300,178812912600,3699.2157,3720.929,3668.7653,3669.3703
141232000,3708.4531,6055400,63701800,15371440700,178876614400,3699.2157,3720.929,3668.7653,3669.3703
141237000,3708.366,5947300,60655300,15377388000,178937269700,3699.2157,3720.929,3668.7653,3669.3703
141242000,3708.6008,6521200,66833600,15383909200,179004103300,3699.2157,3720.929,3668.7653,3669.3703
141247000,3708.7651,4778400,45047500,15388687600,179049150800,3699.2157,3720.929,3668.7653,3669.3703
141252000,3708.2441,7123400,74594900,15395811000,179123745700,3699.2157,3720.929,3668.7653,3669.3703
141257000,3708.4155,5503600,60098900,15401314600,179183844600,3699.2157,3720.929,3668.7653,3669.3703
141302000,3708.441,7026400,68519800,15408341000,179252364400,3699.2157,3720.929,3668.7653,3669.3703
141307000,3708.2079,5425600,54505900,15413766600,179306870300,3699.2157,3720.929,3668.7653,3669.3703
141312000,3708.4117,5358100,61701100,15419124700,179368571400,3699.2157,3720.929,3668.7653,3669.3703
141317000,3708.0985,4940300,62347000,15424065000,179430918400,3699.2157,3720.929,3668.7653,3669.3703
141322000,3707.9132,5405500,57984900,15429470500,179488903300,3699.2157,3720.929,3668.7653,3669.3703
141327000,3707.7765,4778800,49342700,15434249300,179538246000,3699.2157,3720.929,3668.7653,3669.3703
141332000,3707.4553,8283800,83087600,15442533100,179621333600,3699.2157,3720.929,3668.7653,3669.3703
141337000,3706.9173,6153000,59824000,15448686100,179681157600,3699.2157,3720.929,3668.7653,3669.3703
141342000,3706.5573,4687800,52920100,15453373900,179734077700,3699.2157,3720.929,3668.7653,3669.3703
141347000,3706.6219,4795200,53606800,15458169100,179787684500,3699.2157,3720.929,3668.7653,3669.3703
141352000,3706.4602,7091800,71360500,15465260900,179859045000,3699.2157,3720.929,3668.7653,3669.3703
141357000,3706.0102,6218400,80455300,15471479300,179939500300,3699.2157,3720.929,3668.7653,3669.3703
141402000,3706.1798,5527500,63665400,15477006800,180003165700,3699.2157,3720.929,3668.7653,3669.3703
141407000,3705.7149,3092200,38986100,15480099000,180042151800,3699.2157,3720.929,3668.7653,3669.3703
141412000,3705.6175,3765400,50110900,15483864400,180092262700,3699.2157,3720.929,3668.7653,3669.3703
141417000,3705.3137,4287600,45494300,15488152000,180137757000,3699.2157,3720.929,3668.7653,3669.3703
141422000,3705.1606,3897100,46112000,15492049100,180183869000,3699.2157,3720.929,3668.7653,3669.3703
141427000,3704.9674,4309100,44481200,15496358200,180228350200,3699.2157,3720.929,3668.7653,3669.3703
141432000,3704.9003,4612000,49877000,15500970200,180278227200,3699.2157,3720.929,3668.7653,3669.3703
141437000,3704.7869,3513200,42868000,15504483400,180321095200,3699.2157,3720.929,3668.7653,3669.3703
141442000,3704.9346,6350400,65684100,15510833800,180386779300,3699.2157,3720.929,3668.7653,3669.3703
141447000,3704.7523,3417900,34173000,15514251700,180420952300,3699.2157,3720.929,3668.7653,3669.3703
141452000,3704.5819,4664100,69637100,15518915800,180490589400,3699.2157,3720.929,3668.7653,3669.3703
141457000,3704.3078,3316600,38270200,15522232400,180528859600,3699.2157,3720.929,3668.7653,3669.3703
141502000,3704.0031,5105500,49917900,15527337900,180578777500,3699.2157,3720.929,3668.7653,3669.3703
141507000,3703.988,3506700,39316000,15530844600,180618093500,3699.2157,3720.929,3668.7653,3669.3703
141512000,3703.4742,5044100,53440000,15535888700,180671533500,3699.2157,3720.929,3668.7653,3669.3703
141517000,3703.4452,2964900,32437600,15538853600,180703971100,3699.2157,3720.929,3668.7653,3669.3703
141522000,3703.5992,3914900,44626900,15542768500,180748598000,3699.2157,3720.929,3668.7653,3669.3703
141527000,3703.334,3228400,39332100,15545996900,180787930100,3699.2157,3720.929,3668.7653,3669.3703
141532000,3703.1355,3493600,38357300,15549490500,180826287400,3699.2157,3720.929,3668.7653,3669.3703
141537000,3702.6163,3946700,33214600,15553437200,180859502000,3699.2157,3720.929,3668.7653,3669.3703
141542000,3702.659,9638400,56957500,15563075600,180916459500,3699.2157,3720.929,3668.7653,3669.3703
141547000,3702.5962,5066200,47837800,15568141800,180964297300,3699.2157,3720.929,3668.7653,3669.3703
141552000,3702.1393,5660900,49865900,15573802700,181014163200,3699.2157,3720.929,3668.7653,3669.3703
141557000,3702.1498,2756300,39174700,15576559000,181053337900,3699.2157,3720.929,3668.7653,3669.3703
141602000,3701.7553,3258700,39751400,15579817700,181093089300,3699.2157,3720.929,3668.7653,3669.3703
141607000,3701.6032,4353700,44067400,15584171400,181137156700,3699.2157,3720.929,3668.7653,3669.3703
141612000,3701.5107,3818500,44316200,15587989900,181181472900,3699.2157,3720.929,3668.7653,3669.3703
141617000,3701.6904,3261900,40806700,15591251800,181222279600,3699.2157,3720.929,3668.7653,3669.3703
141622000,3701.4898,3610600,42205000,15594862400,181264484600,3699.2157,3720.929,3668.7653,3669.3703
141627000,3701.5673,3669400,38738700,15598531800,181303223300,3699.2157,3720.929,3668.7653,3669.3703
141632000,3701.458,3336200,38289000,15601868000,181341512300,3699.2157,3720.929,3668.7653,3669.3703
141637000,3701.2689,2453200,31172100,15604321200,181372684400,3699.2157,3720.929,3668.7653,3669.3703
141642000,3701.6813,2437900,32861000,15606759100,181405545400,3699.2157,3720.929,3668.7653,3669.3703
141647000,3701.5442,3331400,43672300,15610090500,181449217700,3699.2157,3720.929,3668.7653,3669.3703
141652000,3701.3549,3581600,40631400,15613672100,181489849100,3699.2157,3720.929,3668.7653,3669.3703
141657000,3701.918,3112500,41031700,15616784600,181530880800,3699.2157,3720.929,3668.7653,3669.3703
141702000,3702.0838,3933100,40297700,15620717700,181571178500,3699.2157,3720.929,3668.7653,3669.3703
141707000,3701.7099,2685500,28201600,15623403200,181599380100,3699.2157,3720.929,3668.7653,3669.3703
141712000,3702.1867,4660100,50063400,15628063300,181649443500,3699.2157,3720.929,3668.7653,3669.3703
141717000,3703.4843,6569600,71669300,15634632900,181721112800,3699.2157,3720.929,3668.7653,3669.3703
141722000,3703.969,8359500,103411200,15642992400,181824524000,3699.2157,3720.929,3668.7653,3669.3703
141727000,3704.3601,5207700,82690300,15648200100,181907214300,3699.2157,3720.929,3668.7653,3669.3703
141732000,3704.6547,5681200,88886400,15653881300,181996100700,3699.2157,3720.929,3668.7653,3669.3703
141737000,3704.9996,3272900,37339100,15657154200,182033439800,3699.2157,3720.929,3668.7653,3669.3703
141742000,3705.4378,4341900,53765800,15661496100,182087205600,3699.2157,3720.929,3668.7653,3669.3703
141747000,3705.5852,3470300,42744900,15664966400,182129950500,3699.2157,3720.929,3668.7653,3669.3703
141752000,3705.7345,4088300,66679900,15669054700,182196630400,3699.2157,3720.929,3668.7653,3669.3703
141757000,3705.7522,4478800,65805400,15673533500,182262435800,3699.2157,3720.929,3668.7653,3669.3703
141802000,3706.041,4055700,53392400,15677589200,182315828200,3699.2157,3720.929,3668.7653,3669.3703
141807000,3706.0898,3676100,42305200,15681265300,182358133400,3699.2157,3720.929,3668.7653,3669.3703
141812000,3706.1328,2916200,53037000,15684181500,182411170400,3699.2157,3720.929,3668.7653,3669.3703
141817000,3706.0084,2758700,32813800,15686940200,182443984200,3699.2157,3720.929,3668.7653,3669.3703
141822000,3705.7406,4823900,58044700,15691764100,182502028900,3699.2157,3720.929,3668.7653,3669.3703
141827000,3705.7363,4224700,42645900,15695988800,182544674800,3699.2157,3720.929,3668.7653,3669.3703
141832000,3705.6921,3895800,45835900,15699884600,182590510700,3699.2157,3720.929,3668.7653,3669.3703
141837000,3705.0622,3015400,32874300,15702900000,182623385000,3699.2157,3720.929,3668.7653,3669.3703
141842000,3705.0195,3671800,45657500,15706571800,182669042500,3699.2157,3720.929,3668.7653,3669.3703
141847000,3704.5883,3720500,40798800,15710292300,182709841300,3699.2157,3720.929,3668.7653,3669.3703
141852000,3704.4585,6071100,59244300,15716363400,182769085600,3699.2157,3720.929,3668.7653,3669.3703
141857000,3704.4385,3483600,41021500,15719847000,182810107100,3699.2157,3720.929,3668.7653,3669.3703
141902000,3704.1824,4972400,48083900,15724819400,182858191000,3699.2157,3720.929,3668.7653,3669.3703
141907000,3703.9325,3707200,35624200,15728526600,182893815200,3699.2157,3720.929,3668.7653,3669.3703
141912000,3704.2176,3974000,37866100,15732500600,182931681300,3699.2157,3720.929,3668.7653,3669.3703
141917000,3704.2182,2744900,35477900,15735245500,182967159200,3699.2157,3720.929,3668.7653,3669.3703
141922000,3703.809,4635400,45723100,15739880900,183012882300,3699.2157,3720.929,3668.7653,3669.3703
141927000,3703.9899,5082300,57036500,15744963200,183069918800,3699.2157,3720.929,3668.7653,3669.3703
141932000,3703.9615,5060500,53652800,15750023700,183123571600,3699.2157,3720.929,3668.7653,3669.3703
141937000,3703.727,4459600,44475700,15754483300,183168047300,3699.2157,3720.929,3668.7653,3669.3703
141942000,3703.839,3306600,36677900,15757789900,183204725200,3699.2157,3720.929,3668.7653,3669.3703
141947000,3703.5432,3836900,51147300,15761626800,183255872500,3699.2157,3720.929,3668.7653,3669.3703
141952000,3703.3976,3174100,41720600,15764800900,183297593100,3699.2157,3720.929,3668.7653,3669.3703
141957000,3703.5692,3698500,40382400,15768499400,183337975500,3699.2157,3720.929,3668.7653,3669.3703
142002000,3703.5177,4532400,48162900,15773031800,183386138400,3699.2157,3720.929,3668.7653,3669.3703
142007000,3703.2588,3181900,36949500,15776213700,183423087900,3699.2157,3720.929,3668.7653,3669.3703
142012000,3703.7123,2388200,32573100,15778601900,183455661000,3699.2157,3720.929,3668.7653,3669.3703
142017000,3703.3546,3007600,39459900,15781609500,183495120900,3699.2157,3720.929,3668.7653,3669.3703
142022000,3703.3209,3076200,37924000,15784685700,183533044900,3699.2157,3720.929,3668.7653,3669.3703
142027000,3703.5258,2483400,42949200,15787169100,183575994100,3699.2157,3720.929,3668.7653,3669.3703
142032000,3703.5427,3604200,43713400,15790773300,183619707500,3699.2157,3720.929,3668.7653,3669.3703
142037000,3703.358,3390700,37253100,15794164000,183656960600,3699.2157,3720.929,3668.7653,3669.3703
142042000,3703.7338,3720200,80706700,15797884200,183737667300,3699.2157,3720.929,3668.7653,3669.3703
142047000,3704.3432,3566400,41485800,15801450600,183779153100,3699.2157,3720.929,3668.7653,3669.3703
142052000,3704.2125,4351900,66048500,15805802500,183845201600,3699.2157,3720.929,3668.7653,3669.3703
142057000,3704.4122,4044700,53363700,15809847200,183898565300,3699.2157,3720.929,3668.7653,3669.3703
142102000,3704.2361,4979600,50319700,15814826800,183948885000,3699.2157,3720.929,3668.7653,3669.3703
142107000,3704.1676,3172600,40513200,15817999400,183989398200,3699.2157,3720.929,3668.7653,3669.3703
142112000,3704.4162,3988800,46309500,15821988200,184035707700,3699.2157,3720.929,3668.7653,3669.3703
142117000,3704.2392,2879500,75713100,15824867700,184111420800,3699.2157,3720.929,3668.7653,3669.3703
142122000,3704.0963,4511800,58796100,15829379500,184170216900,3699.2157,3720.929,3668.7653,3669.3703
142127000,3703.9686,2820000,36378900,15832199500,184206595800,3699.2157,3720.929,3668.7653,3669.3703
142132000,3703.8832,3998800,46951000,15836198300,184253546800,3699.2157,3720.929,3668.7653,3669.3703
142137000,3704.3608,2989100,27468100,15839187400,184281014900,3699.2157,3720.929,3668.7653,3669.3703
142142000,3704.1391,3881100,42854900,15843068500,184323869800,3699.2157,3720.929,3668.7653,3669.3703
142147000,3704.1987,7352000,67229000,15850420500,184391098800,3699.2157,3720.929,3668.7653,3669.3703
142152000,3704.1925,5123900,51421700,15855544400,184442520500,3699.2157,3720.929,3668.7653,3669.3703
142157000,3704.5789,3374400,41781800,15858918800,184484302300,3699.2157,3720.929,3668.7653,3669.3703
142202000,3704.7993,4340800,46415000,15863259600,184530717300,3699.2157,3720.929,3668.7653,3669.3703
142207000,3704.5363,3809800,39897800,15867069400,184570615100,3699.2157,3720.929,3668.7653,3669.3703
142212000,3704.7384,3748400,52061700,15870817800,184622676800,3699.2157,3720.929,3668.7653,3669.3703
142217000,3704.861,3040100,35060900,15873857900,184657737700,3699.2157,3720.929,3668.7653,3669.3703
142222000,3705.0221,4600100,52990800,15878458000,184710728500,3699.2157,3720.929,3668.7653,3669.3703
142227000,3705.3202,3093000,44767600,15881551000,184755496100,3699.2157,3720.929,3668.7653,3669.3703
142232000,3705.3464,3732200,56479000,15885283200,184811975100,3699.2157,3720.929,3668.7653,3669.3703
142237000,3704.9803,3138300,37196300,15888421500,184849171400,3699.2157,3720.929,3668.7653,3669.3703
142242000,3704.9551,4085300,52638000,15892506800,184901809400,3699.2157,3720.929,3668.7653,3669.3703
142247000,3705.1694,3549900,44659200,15896056700,184946468600,3699.2157,3720.929,3668.7653,3669.3703
142252000,3704.8878,2832400,40797700,15898889100,184987266300,3699.2157,3720.929,3668.7653,3669.3703
142257000,3704.8066,3685900,43253700,15902575000,185030520000,3699.2157,3720.929,3668.7653,3669.3703
142302000,3704.8901,6444300,67310500,15909019300,185097830500,3699.2157,3720.929,3668.7653,3669.3703
142307000,3705.0805,2346100,28149400,15911365400,185125979900,3699.2157,3720.929,3668.7653,3669.3703
142312000,3704.9029,2979300,43747500,15914344700,185169727400,3699.2157,3720.929,3668.7653,3669.3703
142317000,3705.16,2482900,34748800,15916827600,185204476200,3699.2157,3720.929,3668.7653,3669.3703
142322000,3705.4671,5089100,66502900,15921916700,185270979100,3699.2157,3720.929,3668.7653,3669.3703
142327000,3705.9271,2957300,42106200,15924874000,185313085300,3699.2157,3720.929,3668.7653,3669.3703
142332000,3705.8691,5063800,54732500,15929937800,185367817800,3699.2157,3720.929,3668.7653,3669.3703
142337000,3705.733,3326900,37685400,15933264700,185405503200,3699.2157,3720.929,3668.7653,3669.3703
142342000,3705.8822,4410000,47424500,15937674700,185452927700,3699.2157,3720.929,3668.7653,3669.3703
142347000,3706.0017,3633900,42076800,15941308600,185495004500,3699.2157,3720.929,3668.7653,3669.3703
142352000,3706.541,4388500,53523300,15945697100,185548527800,3699.2157,3720.929,3668.7653,3669.3703
142357000,3706.3748,5414400,53536700,15951111500,185602064500,3699.2157,3720.929,3668.7653,3669.3703
142402000,3706.3937,7267000,73127600,15958378500,185675192100,3699.2157,3720.929,3668.7653,3669.3703
142407000,3706.3609,4336200,47484500,15962714700,185722676600,3699.2157,3720.929,3668.7653,3669.3703
142412000,3706.6853,4093900,60001500,15966808600,185782678100,3699.2157,3720.929,3668.7653,3669.3703
142417000,3706.5276,4796000,48297800,15971604600,185830975900,3699.2157,3720.929,3668.7653,3669.3703
142422000,3706.6757,4810600,52546900,15976415200,185883522800,3699.2157,3720.929,3668.7653,3669.3703
142427000,3707.2233,3311300,42469500,15979726500,185925992300,3699.2157,3720.929,3668.7653,3669.3703
142432000,3707.1837,3971800,51888000,15983698300,185977880300,3699.2157,3720.929,3668.7653,3669.3703
142437000,3707.2764,3372600,47216600,15987070900,186025096900,3699.2157,3720.929,3668.7653,3669.3703
142442000,3707.1194,3647800,44552200,15990718700,186069649100,3699.2157,3720.929,3668.7653,3669.3703
142447000,3707.4474,5848700,57367700,15996567400,186127016800,3699.2157,3720.929,3668.7653,3669.3703
142452000,3707.4027,5019200,70703700,16001586600,186197720500,3699.2157,3720.929,3668.7653,3669.3703
142457000,3707.5075,3734500,47611300,16005321100,186245331800,3699.2157,3720.929,3668.7653,3669.3703
142502000,3707.8719,4530800,52486900,16009851900,186297818700,3699.2157,3720.929,3668.7653,3669.3703
142507000,3707.7286,3594000,42691100,16013445900,186340509800,3699.2157,3720.929,3668.7653,3669.3703
142512000,3708.0447,4330800,53677600,16017776700,186394187400,3699.2157,3720.929,3668.7653,3669.3703
142517000,3708.1704,5775900,55382600,16023552600,186449570000,3699.2157,3720.929,3668.7653,3669.3703
142522000,3708.1412,7757000,75986600,16031309600,186525556600,3699.2157,3720.929,3668.7653,3669.3703
142527000,3708.4354,3795800,46144300,16035105400,186571700900,3699.2157,3720.929,3668.7653,3669.3703
142532000,3708.264,5878100,63590600,16040983500,186635291500,3699.2157,3720.929,3668.7653,3669.3703
142537000,3707.9385,3284200,42758300,16044267700,186678049800,3699.2157,3720.929,3668.7653,3669.3703
142542000,3707.8203,5209400,59509100,16049477100,186737558900,3699.2157,3720.929,3668.7653,3669.3703
142547000,3707.6013,3539100,51755000,16053016200,186789313900,3699.2157,3720.929,3668.7653,3669.3703
142552000,3707.5168,5243300,61720700,16058259500,186851034600,3699.2157,3720.929,3668.7653,3669.3703
142557000,3707.3104,4316500,55769500,16062576000,186906804100,3699.2157,3720.929,3668.7653,3669.3703
142602000,3707.2593,6717100,67093000,16069293100,186973897100,3699.2157,3720.929,3668.7653,3669.3703
142607000,3707.7303,5880200,56918500,16075173300,187030815600,3699.2157,3720.929,3668.7653,3669.3703
142612000,3707.3582,5176900,47086900,16080350200,187077902500,3699.2157,3720.929,3668.7653,3669.3703
142617000,3707.6871,3303000,43007300,16083653200,187120909800,3699.2157,3720.929,3668.7653,3669.3703
142622000,3707.7634,5230100,52602700,16088883300,187173512500,3699.2157,3720.929,3668.7653,3669.3703
142627000,3707.561,3957200,42883500,16092840500,187216396000,3699.2157,3720.929,3668.7653,3669.3703
142632000,3707.614,5952200,66530500,16098792700,187282926500,3699.2157,3720.929,3668.7653,3669.3703
142637000,3707.5391,4460100,43515600,16103252800,187326442100,3699.2157,3720.929,3668.7653,3669.3703
142642000,3707.1559,5257900,48602100,16108510700,187375044200,3699.2157,3720.929,3668.7653,3669.3703
142647000,3707.4202,3196600,43498400,16111707300,187418542600,3699.2157,3720.929,3668.7653,3669.3703
142652000,3707.375,4737700,52549300,16116445000,187471091900,3699.2157,3720.929,3668.7653,3669.3703
142657000,3707.621,4612300,39228200,16121057300,187510320100,3699.2157,3720.929,3668.7653,3669.3703
142702000,3707.5859,4946800,52752500,16126004100,187563072600,3699.2157,3720.929,3668.7653,3669.3703
142707000,3707.8008,3109400,34993900,16129113500,187598066500,3699.2157,3720.929,3668.7653,3669.3703
142712000,3708.1576,4117300,43179100,16133230800,187641245600,3699.2157,3720.929,3668.7653,3669.3703
142717000,3708.2498,6836200,86468200,16140067000,187727713800,3699.2157,3720.929,3668.7653,3669.3703
142722000,3708.456,10925200,104509600,16150992200,187832223400,3699.2157,3720.929,3668.7653,3669.3703
142727000,3708.5994,5286700,64233200,16156278900,187896456600,3699.2157,3720.929,3668.7653,3669.3703
142732000,3709.1753,11154500,96477300,16167433400,187992933900,3699.2157,3720.929,3668.7653,3669.3703
142737000,3709.6367,9548000,90658600,16176981400,188083592500,3699.2157,3720.929,3668.7653,3669.3703
142742000,3709.9721,8991900,104147400,16185973300,188187739900,3699.2157,3720.929,3668.7653,3669.3703
142747000,3710.7843,10836700,115393100,16196810000,188303133000,3699.2157,3720.929,3668.7653,3669.3703
142752000,3711.0728,9995500,115713500,16206805500,188418846500,3699.2157,3720.929,3668.7653,3669.3703
142757000,3711.9007,8451300,115376200,16215256800,188534222700,3699.2157,3720.929,3668.7653,3669.3703
142802000,3712.0922,9523200,100927100,16224780000,188635149800,3699.2157,3720.929,3668.7653,3669.3703
142807000,3712.3675,10427100,96693500,16235207100,188731843300,3699.2157,3720.929,3668.7653,3669.3703
142812000,3712.9711,16520800,137912900,16251727900,188869756200,3699.2157,3720.929,3668.7653,3669.3703
142817000,3713.2125,14981800,108746400,16266709700,188978502600,3699.2157,3720.929,3668.7653,3669.3703
142822000,3713.6581,23699700,158437100,16290409400,189136939700,3699.2157,3720.929,3668.7653,3669.3703
142827000,3714.2441,12511900,143986400,16302921300,189280926100,3699.2157,3720.929,3668.7653,3669.3703
142832000,3714.4672,15785300,144208100,16318706600,189425134200,3699.2157,3720.929,3668.7653,3669.3703
142837000,3714.7618,14736000,100890400,16333442600,189526024600,3699.2157,3720.929,3668.7653,3669.3703
142842000,3715.0999,22375200,152389100,16355817800,189678413700,3699.2157,3720.929,3668.7653,3669.3703
142847000,3714.9532,14656800,110197200,16370474600,189788610900,3699.2157,3720.929,3668.7653,3669.3703
142852000,3715.9097,15762000,133908200,16386236600,189922519100,3699.2157,3720.929,3668.7653,3669.3703
142857000,3716.491,10078500,105749300,16396315100,190028268400,3699.2157,3720.929,3668.7653,3669.3703
142902000,3716.6713,15638900,137574400,16411954000,190165842800,3699.2157,3720.929,3668.7653,3669.3703
142907000,3716.6691,12195100,102613800,16424149100,190268456600,3699.2157,3720.929,3668.7653,3669.3703
142912000,3717.2806,9341400,96258000,16433490500,190364714600,3699.2157,3720.929,3668.7653,3669.3703
142917000,3717.6495,10273000,90993700,16443763500,190455708300,3699.2157,3720.929,3668.7653,3669.3703
142922000,3717.7809,14042600,140796100,16457806100,190596504400,3699.2157,3720.929,3668.7653,3669.3703
142927000,3718.0254,14864900,130612900,16472671000,190727117300,3699.2157,3720.929,3668.7653,3669.3703
142932000,3718.1769,10259600,107472900,16482930600,190834590200,3699.2157,3720.929,3668.7653,3669.3703
142937000,3718.5273,7968900,86675000,16490899500,190921265200,3699.2157,3720.929,3668.7653,3669.3703
142942000,3718.5079,9133800,99953200,16500033300,191021218400,3699.2157,3720.929,3668.7653,3669.3703
142947000,3718.5861,10210700,179876700,16510244000,191201095100,3699.2157,3720.929,3668.7653,3669.3703
142952000,3719.2253,10223500,122772600,16520467500,191323867700,3699.2157,3720.929,3668.7653,3669.3703
142957000,3719.0488,8316400,91044500,16528783900,191414912200,3699.2157,3720.929,3668.7653,3669.3703
143002000,3719.1847,12565500,127380500,16541349400,191542292700,3699.2157,3720.929,3668.7653,3669.3703
143007000,3719.7816,9074400,92750000,16550423800,191635042700,3699.2157,3720.929,3668.7653,3669.3703
143012000,3720.0971,8763700,98960700,16559187500,191734003400,3699.2157,3720.929,3668.7653,3669.3703
143017000,3720.4887,9139100,90853000,16568326600,191824856400,3699.2157,3720.929,3668.7653,3669.3703
143022000,3720.3664,8807400,102265600,16577134000,191927122000,3699.2157,3720.929,3668.7653,3669.3703
143027000,3720.0701,11183400,107543100,16588317400,192034665100,3699.2157,3720.929,3668.7653,3669.3703
143032000,3720.4637,17956500,138597300,16606273900,192173262400,3699.2157,3720.929,3668.7653,3669.3703
143037000,3720.676,10728200,90784700,16617002100,192264047100,3699.2157,3720.929,3668.7653,3669.3703
143042000,3720.5253,9302200,94612200,16626304300,192358659300,3699.2157,3720.929,3668.7653,3669.3703
143047000,3720.4559,7383600,77851400,16633687900,192436510700,3699.2157,3720.929,3668.7653,3669.3703
143052000,3720.6432,10192500,106900100,16643880400,192543410800,3699.2157,3720.929,3668.7653,3669.3703
143057000,3720.622,7083700,81251800,16650964100,192624662600,3699.2157,3720.929,3668.7653,3669.3703
143102000,3720.6534,9475100,98849800,16660439200,192723512400,3699.2157,3720.929,3668.7653,3669.3703
143107000,3720.6984,7792600,80020100,16668231800,192803532500,3699.2157,3720.929,3668.7653,3669.3703
143112000,3721.2033,9153600,88913400,16677385400,192892445900,3699.2157,3721.2033,3668.7653,3669.3703
143117000,3720.9508,7984900,80309800,16685370300,192972755700,3699.2157,3721.2033,3668.7653,3669.3703
143122000,3720.9571,12559100,107151700,16697929400,193079907400,3699.2157,3721.2033,3668.7653,3669.3703
143127000,3720.8932,6201300,77431800,16704130700,193157339200,3699.2157,3721.2033,3668.7653,3669.3703
143132000,3720.8397,8255800,86790100,16712386500,193244129300,3699.2157,3721.2033,3668.7653,3669.3703
143137000,3720.8368,7264900,78818300,16719651400,193322947600,3699.2157,3721.2033,3668.7653,3669.3703
143142000,3720.8823,7891900,92260300,16727543300,193415207900,3699.2157,3721.2033,3668.7653,3669.3703
143147000,3720.5031,7055700,83220300,16734599000,193498428200,3699.2157,3721.2033,3668.7653,3669.3703
143152000,3720.3945,9354900,93436500,16743953900,193591864700,3699.2157,3721.2033,3668.7653,3669.3703
143157000,3720.6709,7288700,86400600,16751242600,193678265300,3699.2157,3721.2033,3668.7653,3669.3703
143202000,3720.4045,8464200,86390900,16759706800,193764656200,3699.2157,3721.2033,3668.7653,3669.3703
143207000,3720.4105,6273500,64580500,16765980300,193829236700,3699.2157,3721.2033,3668.7653,3669.3703
143212000,3720.5674,7772900,90119000,16773753200,193919355700,3699.2157,3721.2033,3668.7653,3669.3703
143217000,3719.9905,5309500,55849600,16779062700,193975205300,3699.2157,3721.2033,3668.7653,3669.3703
143222000,3719.8805,10173900,102711900,16789236600,194077917200,3699.2157,3721.2033,3668.7653,3669.3703
143227000,3719.7159,8872400,96381300,16798109000,194174298500,3699.2157,3721.2033,3668.7653,3669.3703
143232000,3719.634,6333800,73979000,16804442800,194248277500,3699.2157,3721.2033,3668.7653,3669.3703
143237000,3719.5762,5947500,66600100,16810390300,194314877600,3699.2157,3721.2033,3668.7653,3669.3703
143242000,3719.786,5586200,72959400,16815976500,194387837000,3699.2157,3721.2033,3668.7653,3669.3703
143247000,3719.5083,5410800,70693100,16821387300,194458530100,3699.2157,3721.2033,3668.7653,3669.3703
143252000,3719.517,9081200,95840500,16830468500,194554370600,3699.2157,3721.2033,3668.7653,3669.3703
143257000,3719.1824,5617300,62158000,16836085800,194616528600,3699.2157,3721.2033,3668.7653,3669.3703
143302000,3719.0403,9812500,106097700,16845898300,194722626300,3699.2157,3721.2033,3668.7653,3669.3703
143307000,3719.0991,7691500,72190200,16853589800,194794816500,3699.2157,3721.2033,3668.7653,3669.3703
143312000,3718.8503,4676800,63626800,16858266600,194858443300,3699.2157,3721.2033,3668.7653,3669.3703
143317000,3718.7004,7311700,74138900,16865578300,194932582200,3699.2157,3721.2033,3668.7653,3669.3703
143322000,3718.3096,8707400,88851600,16874285700,195021433800,3699.2157,3721.2033,3668.7653,3669.3703
143327000,3718.3488,7640700,76754200,16881926400,195098188000,3699.2157,3721.2033,3668.7653,3669.3703
143332000,3718.1344,7515400,93342800,16889441800,195191530800,3699.2157,3721.2033,3668.7653,3669.3703
143337000,3717.7812,5347300,62268800,16894789100,195253799600,3699.2157,3721.2033,3668.7653,3669.3703
143342000,3717.6631,4955900,62129500,16899745000,195315929100,3699.2157,3721.2033,3668.7653,3669.3703
143347000,3717.2552,6194500,68531200,16905939500,195384460300,3699.2157,3721.2033,3668.7653,3669.3703
143352000,3716.8037,9581100,106626800,16915520600,195491087100,3699.2157,3721.2033,3668.7653,3669.3703
143357000,3716.4844,4762700,64448900,16920283300,195555536000,3699.2157,3721.2033,3668.7653,3669.3703
143402000,3716.168,6721800,86416600,16927005100,195641952600,3699.2157,3721.2033,3668.7653,3669.3703
143407000,3716.3007,4501800,51203000,16931506900,195693155600,3699.2157,3721.2033,3668.7653,3669.3703
143412000,3716.1827,4488600,62543100,16935995500,195755698700,3699.2157,3721.2033,3668.7653,3669.3703
143417000,3715.7952,6291500,64766500,16942287000,195820465200,3699.2157,3721.2033,3668.7653,3669.3703
143422000,3715.6222,6647200,67776900,16948934200,195888242100,3699.2157,3721.2033,3668.7653,3669.3703
143427000,3715.7098,4354600,62987500,16953288800,195951229600,3699.2157,3721.2033,3668.7653,3669.3703
143432000,3715.6132,5471400,67964700,16958760200,196019194300,3699.2157,3721.2033,3668.7653,3669.3703
143437000,3715.2424,4715700,58758300,16963475900,196077952600,3699.2157,3721.2033,3668.7653,3669.3703
143442000,3715.0864,5293600,63982100,16968769500,196141934700,3699.2157,3721.2033,3668.7653,3669.3703
143447000,3715.2722,8618100,83937500,16977387600,196225872200,3699.2157,3721.2033,3668.7653,3669.3703
143452000,3714.8641,8643200,89665700,16986030800,196315537900,3699.2157,3721.2033,3668.7653,3669.3703
143457000,3715.1096,11082400,114163100,16997113200,196429701000,3699.2157,3721.2033,3668.7653,3669.3703
143502000,3715.2658,6877600,70843700,17003990800,196500544700,3699.2157,3721.2033,3668.7653,3669.3703
143507000,3715.1513,5488600,58050900,17009479400,196558595600,3699.2157,3721.2033,3668.7653,3669.3703
143512000,3715.0981,4215000,56069500,17013694400,196614665100,3699.2157,3721.2033,3668.7653,3669.3703
143517000,3715.2554,6252900,80737000,17019947300,196695402100,3699.2157,3721.2033,3668.7653,3669.3703
143522000,3715.9726,8176700,81153600,17028124000,196776555700,3699.2157,3721.2033,3668.7653,3669.3703
143527000,3716.3142,6645900,84949900,17034769900,196861505600,3699.2157,3721.2033,3668.7653,3669.3703
143532000,3717.7203,13257400,175412700,17048027300,197036918300,3699.2157,3721.2033,3668.7653,3669.3703
143537000,3718.7328,10275100,122134000,17058302400,197159052300,3699.2157,3721.2033,3668.7653,3669.3703
143542000,3719.0138,7419800,115866100,17065722200,197274918400,3699.2157,3721.2033,3668.7653,3669.3703
143547000,3719.4461,10152700,111978400,17075874900,197386896800,3699.2157,3721.2033,3668.7653,3669.3703
143552000,3719.825,11703600,134731000,17087578500,197521627800,3699.2157,3721.2033,3668.7653,3669.3703
143557000,3720.405,8312000,127881200,17095890500,197649509000,3699.2157,3721.2033,3668.7653,3669.3703
143602000,3720.4938,8104100,99729900,17103994600,197749238900,3699.2157,3721.2033,3668.7653,3669.3703
143607000,3720.8479,7437000,89632300,17111431600,197838871200,3699.2157,3721.2033,3668.7653,3669.3703
143612000,3721.4181,6505600,104667900,17117937200,197943539100,3699.2157,3721.4181,3668.7653,3669.3703
143617000,3721.3934,6461300,92995500,17124398500,198036534600,3699.2157,3721.4181,3668.7653,3669.3703
143622000,3721.7589,9974300,137917000,17134372800,198174451600,3699.2157,3721.7589,3668.7653,3669.3703
143627000,3721.8555,8545800,93012700,17142918600,198267464300,3699.2157,3721.8555,3668.7653,3669.3703
143632000,3722.6696,11008700,147177900,17153927300,198414642200,3699.2157,3722.6696,3668.7653,3669.3703
143637000,3722.3351,6453800,82779300,17160381100,198497421500,3699.2157,3722.6696,3668.7653,3669.3703
143642000,3723.6325,7769300,95756700,17168150400,198593178200,3699.2157,3723.6325,3668.7653,3669.3703
143647000,3723.6861,9720700,117874800,17177871100,198711053000,3699.2157,3723.6861,3668.7653,3669.3703
143652000,3724.5372,12769200,148270200,17190640300,198859323200,3699.2157,3724.5372,3668.7653,3669.3703
143657000,3724.4008,10035500,128027900,17200675800,198987351100,3699.2157,3724.5372,3668.7653,3669.3703
143702000,3725.6917,15198600,188490100,17215874400,199175841200,3699.2157,3725.6917,3668.7653,3669.3703
143707000,3725.8103,15130300,149985600,17231004700,199325826800,3699.2157,3725.8103,3668.7653,3669.3703
143712000,3727.1181,10696400,135686900,17241701100,199461513700,3699.2157,3727.1181,3668.7653,3669.3703
143717000,3726.9158,7868700,100768500,17249569800,199562282200,3699.2157,3727.1181,3668.7653,3669.3703
143722000,3727.2525,14215000,141077200,17263784800,199703359400,3699.2157,3727.2525,3668.7653,3669.3703
143727000,3728.6354,12594300,132615400,17276379100,199835974800,3699.2157,3728.6354,3668.7653,3669.3703
143732000,3729.1585,17197200,274901100,17293576300,200110875900,3699.2157,3729.1585,3668.7653,3669.3703
143737000,3729.9562,17609600,186665400,17311185900,200297541300,3699.2157,3729.9562,3668.7653,3669.3703
143742000,3730.3615,19558800,207831800,17330744700,200505373100,3699.2157,3730.3615,3668.7653,3669.3703
143747000,3731.2463,14942300,151248300,17345687000,200656621400,3699.2157,3731.2463,3668.7653,3669.3703
143752000,3732.0296,19306300,200833100,17364993300,200857454500,3699.2157,3732.0296,3668.7653,3669.3703
143757000,3732.1679,15935500,181295000,17380928800,201038749500,3699.2157,3732.1679,3668.7653,3669.3703
143802000,3733.185,22019000,252277200,17402947800,201291026700,3699.2157,3733.185,3668.7653,3669.3703
143807000,3734.0647,17663900,190096200,17420611700,201481122900,3699.2157,3734.0647,3668.7653,3669.3703
143812000,3733.924,12093500,141529800,17432705200,201622652700,3699.2157,3734.0647,3668.7653,3669.3703
143817000,3734.4968,15075000,196354500,17447780200,201819007200,3699.2157,3734.4968,3668.7653,3669.3703
143822000,3734.7927,17304300,180225500,17465084500,201999232700,3699.2157,3734.7927,3668.7653,3669.3703
143827000,3735.0293,10608700,136675100,17475693200,202135907800,3699.2157,3735.0293,3668.7653,3669.3703
143832000,3735.6131,14095700,183952300,17489788900,202319860100,3699.2157,3735.6131,3668.7653,3669.3703
143837000,3735.5625,12568200,134285800,17502357100,202454145900,3699.2157,3735.6131,3668.7653,3669.3703
143842000,3736.0271,10736200,121235200,17513093300,202575381100,3699.2157,3736.0271,3668.7653,3669.3703
143847000,3736.1873,10264200,118014400,17523357500,202693395500,3699.2157,3736.1873,3668.7653,3669.3703
143852000,3736.1653,11689600,126333800,17535047100,202819729300,3699.2157,3736.1873,3668.7653,3669.3703
143857000,3736.3169,10624500,123608900,17545671600,202943338200,3699.2157,3736.3169,3668.7653,3669.3703
143902000,3736.7189,8884200,116848900,17554555800,203060187100,3699.2157,3736.7189,3668.7653,3669.3703
143907000,3736.1726,10613900,111903400,17565169700,203172090500,3699.2157,3736.7189,3668.7653,3669.3703
143912000,3736.8812,10661900,142013600,17575831600,203314104100,3699.2157,3736.8812,3668.7653,3669.3703
143917000,3736.8571,9393000,108543100,17585224600,203422647200,3699.2157,3736.8812,3668.7653,3669.3703
143922000,3737.2909,13624300,144305900,17598848900,203566953100,3699.2157,3737.2909,3668.7653,3669.3703
143927000,3737.9911,11223900,157910800,17610072800,203724863900,3699.2157,3737.9911,3668.7653,3669.3703
143932000,3738.2499,12581700,145386800,17622654500,203870250700,3699.2157,3738.2499,3668.7653,3669.3703
143937000,3738.0582,14073400,133777500,17636727900,204004028200,3699.2157,3738.2499,3668.7653,3669.3703
143942000,3738.3073,10326500,129153000,17647054400,204133181200,3699.2157,3738.3073,3668.7653,3669.3703
143947000,3738.1175,9989500,107883700,17657043900,204241064900,3699.2157,3738.3073,3668.7653,3669.3703
143952000,3738.1435,10746400,138283900,17667790300,204379348800,3699.2157,3738.3073,3668.7653,3669.3703
143957000,3738.4555,8769400,88688600,17676559700,204468037400,3699.2157,3738.4555,3668.7653,3669.3703
144002000,3738.9533,13451000,152691000,17690010700,204620728400,3699.2157,3738.9533,3668.7653,3669.3703
144007000,3739.2791,14062500,167895900,17704073200,204788624300,3699.2157,3739.2791,3668.7653,3669.3703
144012000,3739.3774,10873600,134742000,17714946800,204923366300,3699.2157,3739.3774,3668.7653,3669.3703
144017000,3739.2163,9399800,111904200,17724346600,205035270500,3699.2157,3739.3774,3668.7653,3669.3703
144022000,3739.0666,14790500,157388400,17739137100,205192658900,3699.2157,3739.3774,3668.7653,3669.3703
144027000,3738.9779,9805200,110325300,17748942300,205302984200,3699.2157,3739.3774,3668.7653,3669.3703
144032000,3738.3634,11132200,120169100,17760074500,205423153300,3699.2157,3739.3774,3668.7653,3669.3703
144037000,3738.0726,9772200,113853100,17769846700,205537006400,3699.2157,3739.3774,3668.7653,3669.3703
144042000,3738.4732,12222000,132362700,17782068700,205669369100,3699.2157,3739.3774,3668.7653,3669.3703
144047000,3738.0683,11551300,120343100,17793620000,205789712200,3699.2157,3739.3774,3668.7653,3669.3703
144052000,3737.6154,12857800,169805000,17806477800,205959517200,3699.2157,3739.3774,3668.7653,3669.3703
144057000,3737.0446,13052800,141288500,17819530600,206100805700,3699.2157,3739.3774,3668.7653,3669.3703
144102000,3736.3919,14214400,138356900,17833745000,206239162600,3699.2157,3739.3774,3668.7653,3669.3703
144107000,3736.2291,11475500,108155300,17845220500,206347317900,3699.2157,3739.3774,3668.7653,3669.3703
144112000,3736.0197,8740600,112342300,17853961100,206459660200,3699.2157,3739.3774,3668.7653,3669.3703
144117000,3736.2409,8366500,93986700,17862327600,206553646900,3699.2157,3739.3774,3668.7653,3669.3703
144122000,3735.9869,11538800,120276500,17873866400,206673923400,3699.2157,3739.3774,3668.7653,3669.3703
144127000,3735.4485,8829500,104626800,17882695900,206778550200,3699.2157,3739.3774,3668.7653,3669.3703
144132000,3735.2569,9438100,114157900,17892134000,206892708100,3699.2157,3739.3774,3668.7653,3669.3703
144137000,3734.406,7269500,79621200,17899403500,206972329300,3699.2157,3739.3774,3668.7653,3669.3703
144142000,3734.7523,12294600,105760700,17911698100,207078090000,3699.2157,3739.3774,3668.7653,3669.3703
144147000,3734.5866,8578500,84522200,17920276600,207162612200,3699.2157,3739.3774,3668.7653,3669.3703
144152000,3734.3235,13127100,130743000,17933403700,207293355200,3699.2157,3739.3774,3668.7653,3669.3703
144157000,3733.0846,6749400,92692400,17940153100,207386047600,3699.2157,3739.3774,3668.7653,3669.3703
144202000,3732.991,10528100,115427600,17950681200,207501475200,3699.2157,3739.3774,3668.7653,3669.3703
144207000,3732.8898,7793300,91119400,17958474500,207592594600,3699.2157,3739.3774,3668.7653,3669.3703
144212000,3733.511,8829000,100669200,17967303500,207693263800,3699.2157,3739.3774,3668.7653,3669.3703
144217000,3733.0705,8588500,95093200,17975892000,207788357000,3699.2157,3739.3774,3668.7653,3669.3703
144222000,3733.1094,8523000,95346100,17984415000,207883703100,3699.2157,3739.3774,3668.7653,3669.3703
144227000,3733.1498,8668900,93490400,17993083900,207977193500,3699.2157,3739.3774,3668.7653,3669.3703
144232000,3732.828,9751500,104583100,18002835400,208081776600,3699.2157,3739.3774,3668.7653,3669.3703
144237000,3732.834,8609300,85686300,18011444700,208167462900,3699.2157,3739.3774,3668.7653,3669.3703
144242000,3733.1672,8858000,107044100,18020302700,208274507000,3699.2157,3739.3774,3668.7653,3669.3703
144247000,3732.9731,8707200,91603500,18029009900,208366110500,3699.2157,3739.3774,3668.7653,3669.3703
144252000,3732.9862,8016200,97637300,18037026100,208463747800,3699.2157,3739.3774,3668.7653,3669.3703
144257000,3733.039,8627800,92916400,18045653900,208556664200,3699.2157,3739.3774,3668.7653,3669.3703
144302000,3733.2141,8936700,108134200,18054590600,208664798400,3699.2157,3739.3774,3668.7653,3669.3703
144307000,3732.9684,9249500,106226500,18063840100,208771024900,3699.2157,3739.3774,3668.7653,3669.3703
144312000,3733.1772,8848300,97157700,18072688400,208868182600,3699.2157,3739.3774,3668.7653,3669.3703
144317000,3732.8811,6565600,74490500,18079254000,208942673100,3699.2157,3739.3774,3668.7653,3669.3703
144322000,3732.7489,7449100,94610900,18086703100,209037284000,3699.2157,3739.3774,3668.7653,3669.3703
144327000,3732.2644,7192000,91994100,18093895100,209129278100,3699.2157,3739.3774,3668.7653,3669.3703
144332000,3732.8616,8045600,101233600,18101940700,209230511700,3699.2157,3739.3774,3668.7653,3669.3703
144337000,3732.1808,8547900,97797000,18110488600,209328308700,3699.2157,3739.3774,3668.7653,3669.3703
144342000,3732.3576,8068000,87261100,18118556600,209415569800,3699.2157,3739.3774,3668.7653,3669.3703
144347000,3732.128,6917600,83553800,18125474200,209499123600,3699.2157,3739.3774,3668.7653,3669.3703
144352000,3731.6929,10072000,140017700,18135546200,209639141300,3699.2157,3739.3774,3668.7653,3669.3703
144357000,3731.6788,8006600,132718000,18143552800,209771859300,3699.2157,3739.3774,3668.7653,3669.3703
144402000,3731.7473,8660700,120200100,18152213500,209892059400,3699.2157,3739.3774,3668.7653,3669.3703
144407000,3731.932,10019900,136129700,18162233400,210028189100,3699.2157,3739.3774,3668.7653,3669.3703
144412000,3731.6034,6437400,94415100,18168670800,210122604200,3699.2157,3739.3774,3668.7653,3669.3703
144417000,3732.1041,6764000,85484200,18175434800,210208088400,3699.2157,3739.3774,3668.7653,3669.3703
144422000,3732.3799,10154700,135589400,18185589500,210343677800,3699.2157,3739.3774,3668.7653,3669.3703
144427000,3732.3362,8365400,120225000,18193954900,210463902800,3699.2157,3739.3774,3668.7653,3669.3703
144432000,3732.8437,10412100,146172200,18204367000,210610075000,3699.2157,3739.3774,3668.7653,3669.3703
144437000,3733.7876,12244100,160166800,18216611100,210770241800,3699.2157,3739.3774,3668.7653,3669.3703
144442000,3734.2282,9433400,127851100,18226044500,210898092900,3699.2157,3739.3774,3668.7653,3669.3703
144447000,3734.0926,10941300,137642900,18236985800,211035735800,3699.2157,3739.3774,3668.7653,3669.3703
144452000,3734.5233,9637300,144619200,18246623100,211180355000,3699.2157,3739.3774,3668.7653,3669.3703
144457000,3734.7845,7855300,110641200,18254478400,211290996200,3699.2157,3739.3774,3668.7653,3669.3703
144502000,3734.7799,10454700,127800400,18264933100,211418796600,3699.2157,3739.3774,3668.7653,3669.3703
144507000,3735.2927,10004500,108942600,18274937600,211527739200,3699.2157,3739.3774,3668.7653,3669.3703
144512000,3735.0656,10117000,114337200,18285054600,211642076400,3699.2157,3739.3774,3668.7653,3669.3703
144517000,3735.3166,9556000,112022200,18294610600,211754098600,3699.2157,3739.3774,3668.7653,3669.3703
144522000,3735.2559,11397600,141257100,18306008200,211895355700,3699.2157,3739.3774,3668.7653,3669.3703
144527000,3735.2945,10214700,111996600,18316222900,212007352300,3699.2157,3739.3774,3668.7653,3669.3703
144532000,3735.7735,14515900,156025500,18330738800,212163377800,3699.2157,3739.3774,3668.7653,3669.3703
144537000,3735.5638,9474900,106893000,18340213700,212270270800,3699.2157,3739.3774,3668.7653,3669.3703
144542000,3735.894,7976500,101787400,18348190200,212372058200,3699.2157,3739.3774,3668.7653,3669.3703
144547000,3735.6874,6559500,85229100,18354749700,212457287300,3699.2157,3739.3774,3668.7653,3669.3703
144552000,3735.7975,13596500,135056000,18368346200,212592343300,3699.2157,3739.3774,3668.7653,3669.3703
144557000,3736.0002,7389700,98399400,18375735900,212690742700,3699.2157,3739.3774,3668.7653,3669.3703
144602000,3735.6489,13716000,158840700,18389451900,212849583400,3699.2157,3739.3774,3668.7653,3669.3703
144607000,3735.9109,10055700,104741500,18399507600,212954324900,3699.2157,3739.3774,3668.7653,3669.3703
144612000,3735.8756,14015400,134589700,18413523000,213088914600,3699.2157,3739.3774,3668.7653,3669.3703
144617000,3736.064,7914100,86086200,18421437100,213175000800,3699.2157,3739.3774,3668.7653,3669.3703
144622000,3735.576,10731600,148480700,18432168700,213323481500,3699.2157,3739.3774,3668.7653,3669.3703
144627000,3735.4304,8920000,107666000,18441088700,213431147500,3699.2157,3739.3774,3668.7653,3669.3703
144632000,3734.8672,11359100,146583600,18452447800,213577731100,3699.2157,3739.3774,3668.7653,3669.3703
144637000,3734.831,12052400,112862200,18464500200,213690593300,3699.2157,3739.3774,3668.7653,3669.3703
144642000,3734.7809,7179900,89064800,18471680100,213779658100,3699.2157,3739.3774,3668.7653,3669.3703
144647000,3734.73,7113700,78752500,18478793800,213858410600,3699.2157,3739.3774,3668.7653,3669.3703
144652000,3734.5415,8527400,108931400,18487321200,213967342000,3699.2157,3739.3774,3668.7653,3669.3703
144657000,3734.3688,7381200,89780200,18494702400,214057122200,3699.2157,3739.3774,3668.7653,3669.3703
144702000,3734.5759,9485100,101462700,18504187500,214158584900,3699.2157,3739.3774,3668.7653,3669.3703
144707000,3734.0587,7956300,89902400,18512143800,214248487300,3699.2157,3739.3774,3668.7653,3669.3703
144712000,3734.5318,7688900,103118800,18519832700,214351606100,3699.2157,3739.3774,3668.7653,3669.3703
144717000,3734.3715,7038400,76022700,18526871100,214427628800,3699.2157,3739.3774,3668.7653,3669.3703
144722000,3734.2233,9450700,103057000,18536321800,214530685800,3699.2157,3739.3774,3668.7653,3669.3703
144727000,3733.959,6765000,99779100,18543086800,214630464900,3699.2157,3739.3774,3668.7653,3669.3703
144732000,3733.6737,9085700,91251400,18552172500,214721716300,3699.2157,3739.3774,3668.7653,3669.3703
144737000,3734.1199,6766000,77827500,18558938500,214799543800,3699.2157,3739.3774,3668.7653,3669.3703
144742000,3734.0838,8316900,111209400,18567255400,214910753200,3699.2157,3739.3774,3668.7653,3669.3703
144747000,3733.9129,10406400,126043200,18577661800,215036796400,3699.2157,3739.3774,3668.7653,3669.3703
144752000,3734.4143,8149900,102807900,18585811700,215139604300,3699.2157,3739.3774,3668.7653,3669.3703
144757000,3734.5497,8602600,96476200,18594414300,215236080500,3699.2157,3739.3774,3668.7653,3669.3703
144802000,3734.5705,10160100,117847800,18604574400,215353928300,3699.2157,3739.3774,3668.7653,3669.3703
144807000,3734.5325,9298900,100032800,18613873300,215453961100,3699.2157,3739.3774,3668.7653,3669.3703
144812000,3734.341,6255800,83438100,18620129100,215537399200,3699.2157,3739.3774,3668.7653,3669.3703
144817000,3734.5631,9012800,97271400,18629141900,215634670600,3699.2157,3739.3774,3668.7653,3669.3703
144822000,3734.2033,8822300,104391900,18637964200,215739062500,3699.2157,3739.3774,3668.7653,3669.3703
144827000,3734.4184,8305400,91661900,18646269600,215830724400,3699.2157,3739.3774,3668.7653,3669.3703
144832000,3734.3468,9289400,112739100,18655559000,215943463500,3699.2157,3739.3774,3668.7653,3669.3703
144837000,3734.2781,10492200,90553000,18666051200,216034016500,3699.2157,3739.3774,3668.7653,3669.3703
144842000,3734.2199,9440900,108999500,18675492100,216143016000,3699.2157,3739.3774,3668.7653,3669.3703
144847000,3734.5938,10247700,115069700,18685739800,216258085700,3699.2157,3739.3774,3668.7653,3669.3703
144852000,3734.4824,10021100,113609200,18695760900,216371694900,3699.2157,3739.3774,3668.7653,3669.3703
144857000,3734.6594,9029300,108640300,18704790200,216480335200,3699.2157,3739.3774,3668.7653,3669.3703
144902000,3734.6781,7920700,103513600,18712710900,216583848800,3699.2157,3739.3774,3668.7653,3669.3703
144907000,3734.6256,7622500,88781400,18720333400,216672630200,3699.2157,3739.3774,3668.7653,3669.3703
144912000,3734.9873,6066400,83433900,18726399800,216756064100,3699.2157,3739.3774,3668.7653,3669.3703
144917000,3734.7121,6937400,84776800,18733337200,216840840900,3699.2157,3739.3774,3668.7653,3669.3703
144922000,3735.1127,11799600,146191900,18745136800,216987032800,3699.2157,3739.3774,3668.7653,3669.3703
144927000,3735.7481,10341800,137108500,18755478600,217124141300,3699.2157,3739.3774,3668.7653,3669.3703
144932000,3736.4199,11280900,121205200,18766759500,217245346500,3699.2157,3739.3774,3668.7653,3669.3703
144937000,3735.9504,8703800,92862400,18775463300,217338208900,3699.2157,3739.3774,3668.7653,3669.3703
144942000,3736.9466,13464100,190542900,18788927400,217528751800,3699.2157,3739.3774,3668.7653,3669.3703
144947000,3736.614,13124000,124158300,18802051400,217652910100,3699.2157,3739.3774,3668.7653,3669.3703
144952000,3736.9687,15494500,152645000,18817545900,217805555100,3699.2157,3739.3774,3668.7653,3669.3703
144957000,3737.2654,10144300,127813600,18827690200,217933368700,3699.2157,3739.3774,3668.7653,3669.3703
145002000,3737.4827,14005300,204981700,18841695500,218138350400,3699.2157,3739.3774,3668.7653,3669.3703
145007000,3737.9453,14932800,141623500,18856628300,218279973900,3699.2157,3739.3774,3668.7653,3669.3703
145012000,3738.4937,11213000,140637500,18867841300,218420611400,3699.2157,3739.3774,3668.7653,3669.3703
145017000,3738.5684,10694200,127337300,18878535500,218547948700,3699.2157,3739.3774,3668.7653,3669.3703
145022000,3738.8007,16082300,158557800,18894617800,218706506500,3699.2157,3739.3774,3668.7653,3669.3703
145027000,3738.9231,10051200,114029700,18904669000,218820536200,3699.2157,3739.3774,3668.7653,3669.3703
145032000,3739.4822,12234900,185891700,18916903900,219006427900,3699.2157,3739.4822,3668.7653,3669.3703
145037000,3739.8654,11316800,150730800,18928220700,219157158700,3699.2157,3739.8654,3668.7653,3669.3703
145042000,3740.1411,11793400,119428700,18940014100,219276587400,3699.2157,3740.1411,3668.7653,3669.3703
145047000,3739.9787,9173900,102473900,18949188000,219379061300,3699.2157,3740.1411,3668.7653,3669.3703
145052000,3740.5959,13858900,145181800,18963046900,219524243100,3699.2157,3740.5959,3668.7653,3669.3703
145057000,3740.2899,10285300,145808200,18973332200,219670051300,3699.2157,3740.5959,3668.7653,3669.3703
145102000,3740.3955,16417300,175395500,18989749500,219845446800,3699.2157,3740.5959,3668.7653,3669.3703
145107000,3740.4464,14564000,154878000,19004313500,220000324800,3699.2157,3740.5959,3668.7653,3669.3703
145112000,3740.6036,12768600,144419000,19017082100,220144743800,3699.2157,3740.6036,3668.7653,3669.3703
145117000,3740.5978,10014600,111545300,19027096700,220256289100,3699.2157,3740.6036,3668.7653,3669.3703
145122000,3740.613,13306200,152228900,19040402900,220408518000,3699.2157,3740.613,3668.7653,3669.3703
145127000,3740.5196,11702900,140822900,19052105800,220549340900,3699.2157,3740.613,3668.7653,3669.3703
145132000,3740.4204,12087200,156025700,19064193000,220705366600,3699.2157,3740.613,3668.7653,3669.3703
145137000,3740.0152,12020600,118923500,19076213600,220824290100,3699.2157,3740.613,3668.7653,3669.3703
145142000,3740.54,11066900,119723200,19087280500,220944013300,3699.2157,3740.613,3668.7653,3669.3703
145147000,3739.8468,11145100,114318200,19098425600,221058331500,3699.2157,3740.613,3668.7653,3669.3703
145152000,3739.6702,14710900,144703900,19113136500,221203035400,3699.2157,3740.613,3668.7653,3669.3703
145157000,3739.6331,10094200,120848800,19123230700,221323884200,3699.2157,3740.613,3668.7653,3669.3703
145202000,3739.9259,13386900,128951500,19136617600,221452835700,3699.2157,3740.613,3668.7653,3669.3703
145207000,3739.9984,10679400,111492100,19147297000,221564327800,3699.2157,3740.613,3668.7653,3669.3703
145212000,3739.8609,10551500,122901400,19157848500,221687229200,3699.2157,3740.613,3668.7653,3669.3703
145217000,3740.1353,11729200,124377500,19169577700,221811606700,3699.2157,3740.613,3668.7653,3669.3703
145222000,3740.3058,21885600,158974000,19191463300,221970580700,3699.2157,3740.613,3668.7653,3669.3703
145227000,3740.393,11274500,122801600,19202737800,222093382300,3699.2157,3740.613,3668.7653,3669.3703
145232000,3740.6262,14694500,162887300,19217432300,222256269600,3699.2157,3740.6262,3668.7653,3669.3703
145237000,3740.8998,13597600,134709700,19231029900,222390979300,3699.2157,3740.8998,3668.7653,3669.3703
145242000,3740.9432,9478100,114863200,19240508000,222505842500,3699.2157,3740.9432,3668.7653,3669.3703
145247000,3741.3539,12542400,115404700,19253050400,222621247200,3699.2157,3741.3539,3668.7653,3669.3703
145252000,3741.1489,12673200,139665400,19265723600,222760912600,3699.2157,3741.3539,3668.7653,3669.3703
145257000,3741.1525,14159500,151874200,19279883100,222912786800,3699.2157,3741.3539,3668.7653,3669.3703
145302000,3741.23,16113600,157619900,19295996700,223070406700,3699.2157,3741.3539,3668.7653,3669.3703
145307000,3741.5451,10612100,124157400,19306608800,223194564100,3699.2157,3741.5451,3668.7653,3669.3703
145312000,3741.7048,11812300,127955700,19318421100,223322519800,3699.2157,3741.7048,3668.7653,3669.3703
145317000,3741.6234,11481300,128821400,19329902400,223451341200,3699.2157,3741.7048,3668.7653,3669.3703
145322000,3741.9895,16251400,171834300,19346153800,223623175500,3699.2157,3741.9895,3668.7653,3669.3703
145327000,3741.9183,12671100,134982500,19358824900,223758158000,3699.2157,3741.9895,3668.7653,3669.3703
145332000,3742.2261,17873700,195771300,19376698600,223953929300,3699.2157,3742.2261,3668.7653,3669.3703
145337000,3742.4532,16587900,168930200,19393286500,224122859500,3699.2157,3742.4532,3668.7653,3669.3703
145342000,3742.8318,15473400,157974500,19408759900,224280834000,3699.2157,3742.8318,3668.7653,3669.3703
145347000,3743.1146,18663200,164704200,19427423100,224445538200,3699.2157,3743.1146,3668.7653,3669.3703
145352000,3743.4945,17839600,170264800,19445262700,224615803000,3699.2157,3743.4945,3668.7653,3669.3703
145357000,3744.032,20247200,183839200,19465509900,224799642200,3699.2157,3744.032,3668.7653,3669.3703
145402000,3744.0166,22182200,212051700,19487692100,225011693900,3699.2157,3744.032,3668.7653,3669.3703
145407000,3744.2712,18796600,175645300,19506488700,225187339200,3699.2157,3744.2712,3668.7653,3669.3703
145412000,3744.0763,14059000,151974600,19520547700,225339313800,3699.2157,3744.2712,3668.7653,3669.3703
145417000,3744.5266,19008100,183011000,19539555800,225522324800,3699.2157,3744.5266,3668.7653,3669.3703
145422000,3744.5203,21518900,200253500,19561074700,225722578300,3699.2157,3744.5266,3668.7653,3669.3703
145427000,3744.5346,14213500,161921000,19575288200,225884499300,3699.2157,3744.5346,3668.7653,3669.3703
145432000,3744.5815,19541400,186388900,19594829600,226070888200,3699.2157,3744.5815,3668.7653,3669.3703
145437000,3744.6037,13513600,143827500,19608343200,226214715700,3699.2157,3744.6037,3668.7653,3669.3703
145442000,3744.6327,13822300,170024700,19622165500,226384740400,3699.2157,3744.6327,3668.7653,3669.3703
145447000,3744.7005,16354100,170833600,19638519600,226555574000,3699.2157,3744.7005,3668.7653,3669.3703
145452000,3744.9808,19969900,182861300,19658489500,226738435300,3699.2157,3744.9808,3668.7653,3669.3703
145457000,3745.1909,13320800,137517300,19671810300,226875952600,3699.2157,3745.1909,3668.7653,3669.3703
145502000,3745.1064,16878700,163782200,19688689000,227039734800,3699.2157,3745.1909,3668.7653,3669.3703
145507000,3745.3218,14731200,156804300,19703420200,227196539100,3699.2157,3745.3218,3668.7653,3669.3703
145512000,3745.1071,12895300,168132600,19716315500,227364671700,3699.2157,3745.3218,3668.7653,3669.3703
145517000,3745.0873,20696200,226735900,19737011700,227591407600,3699.2157,3745.3218,3668.7653,3669.3703
145522000,3745.3401,23045700,220491900,19760057400,227811899500,3699.2157,3745.3401,3668.7653,3669.3703
145527000,3745.6273,16606700,173214000,19776664100,227985113500,3699.2157,3745.6273,3668.7653,3669.3703
145532000,3745.7939,15426800,169224300,19792090900,228154337800,3699.2157,3745.7939,3668.7653,3669.3703
145537000,3745.3878,15845200,149089500,19807936100,228303427300,3699.2157,3745.7939,3668.7653,3669.3703
145542000,3746.2711,14859300,151005400,19822795400,228454432700,3699.2157,3746.2711,3668.7653,3669.3703
145547000,3746.2377,14749300,200315200,19837544700,228654747900,3699.2157,3746.2711,3668.7653,3669.3703
145552000,3745.9581,17184400,181879000,19854729100,228836626900,3699.2157,3746.2711,3668.7653,3669.3703
145557000,3746.1849,15591400,155212800,19870320500,228991839700,3699.2157,3746.2711,3668.7653,3669.3703
145602000,3746.7365,25959800,267635100,19896280300,229259474800,3699.2157,3746.7365,3668.7653,3669.3703
145607000,3746.3137,17628300,169157800,19913908600,229428632600,3699.2157,3746.7365,3668.7653,3669.3703
145612000,3746.7839,14015100,155376600,19927923700,229584009200,3699.2157,3746.7839,3668.7653,3669.3703
145617000,3746.7478,14806600,153068300,19942730300,229737077500,3699.2157,3746.7839,3668.7653,3669.3703
145622000,3746.8277,22049400,221497100,19964779700,229958574600,3699.2157,3746.8277,3668.7653,3669.3703
145627000,3746.8786,16373900,192576100,19981153600,230151150700,3699.2157,3746.8786,3668.7653,3669.3703
145632000,3747.1517,19150400,190095100,20000304000,230341245800,3699.2157,3747.1517,3668.7653,3669.3703
145637000,3747.1044,17756800,210940300,20018060800,230552186100,3699.2157,3747.1517,3668.7653,3669.3703
145642000,3747.1735,15385800,167952800,20033446600,230720138900,3699.2157,3747.1735,3668.7653,3669.3703
145647000,3747.5048,16804400,152588100,20050251000,230872727000,3699.2157,3747.5048,3668.7653,3669.3703
145652000,3747.221,18854200,209595400,20069105200,231082322400,3699.2157,3747.5048,3668.7653,3669.3703
145657000,3747.727,16533800,225435200,20085639000,231307757600,3699.2157,3747.727,3668.7653,3669.3703
145702000,3747.7616,15905100,147955400,20101544100,231455713000,3699.2157,3747.7616,3668.7653,3669.3703
145707000,3747.5357,2050600,26718500,20103594700,231482431500,3699.2157,3747.7616,3668.7653,3669.3703
150002000,3747.6495,118322000,893513000,20221916700,232375944500,3699.2157,3747.7616,3668.7653,3669.3703
150007000,3749.6311,246156600,3199552300,20468073300,235575496800,3699.2157,3749.6311,3668.7653,3669.3703
150017000,3749.7143,3027100,45126700,20471100400,235620623500,3699.2157,3749.7143,3668.7653,3669.3703
