Time,Price,Volume,Turnover,AccVolume,AccTurnover,Open,High,Low,PreClose
92513000,3769.8787,80387000,832455200,80387000,832455200,3769.8787,3769.8787,3769.8787,3766.3257
93001000,3772.6379,27280300,258905000,107667300,1091360200,3769.8787,3772.6379,3769.8787,3766.3257
93006000,3774.7423,58018000,593470600,165685300,1684830800,3769.8787,3774.7454,3769.8787,3766.3257
93010000,3775.1069,17912800,220833500,183598100,1905664300,3769.8787,3775.1069,3769.8787,3766.3257
93016000,3776.7177,10746000,112912800,194344100,2018577100,3769.8787,3776.7177,3769.8787,3766.3257
93019000,3777.3148,5674100,62695700,200018200,2081272800,3769.8787,3777.3148,3769.8787,3766.3257
93025000,3777.7698,12210100,143304800,212228300,2224577600,3769.8787,3777.9058,3769.8787,3766.3257
93031000,3778.7591,11413800,142326500,223642100,2366904100,3769.8787,3778.7591,3769.8787,3766.3257
93036000,3779.174,6977300,92283900,230619400,2459188000,3769.8787,3779.174,3769.8787,3766.3257
93040000,3779.4641,13175800,144785100,243795200,2603973100,3769.8787,3779.5828,3769.8787,3766.3257
93046000,3780.8631,13310100,168553600,257105300,2772526700,3769.8787,3780.8631,3769.8787,3766.3257
93049000,3781.5347,6838600,79831000,263943900,2852357700,3769.8787,3781.5347,3769.8787,3766.3257
93055000,3781.1865,9851000,134150200,273794900,2986507900,3769.8787,3781.5347,3769.8787,3766.3257
93101000,3782.2464,11390100,143214700,285185000,3129722600,3769.8787,3782.2464,3769.8787,3766.3257
93104000,3782.0326,5584700,77348300,290769700,3207070900,3769.8787,3782.2464,3769.8787,3766.3257
93110000,3782.2513,10713200,137854800,301482900,3344925700,3769.8787,3782.2513,3769.8787,3766.3257
93116000,3782.4016,11446600,142038300,312929500,3486964000,3769.8787,3782.4016,3769.8787,3766.3257
93119000,3782.1362,7021600,82790800,319951100,3569754800,3769.8787,3782.4016,3769.8787,3766.3257
93125000,3782.4968,13231700,161221900,333182800,3730976700,3769.8787,3782.4968,3769.8787,3766.3257
93131000,3782.7398,11316900,140521500,344499700,3871498200,3769.8787,3782.7398,3769.8787,3766.3257
93134000,3782.0258,6152600,69777300,350652300,3941275500,3769.8787,3782.7398,3769.8787,3766.3257
93140000,3782.3083,13227300,151628200,363879600,4092903700,3769.8787,3782.7398,3769.8787,3766.3257
93146000,3782.3316,13537300,155844900,377416900,4248748600,3769.8787,3782.7398,3769.8787,3766.3257
93149000,3781.6871,6686200,83550600,384103100,4332299200,3769.8787,3782.7398,3769.8787,3766.3257
93155000,3782.0389,12640800,139127800,396743900,4471427000,3769.8787,3782.7398,3769.8787,3766.3257
93201000,3782.1398,12017700,137086000,408761600,4608513000,3769.8787,3782.7398,3769.8787,3766.3257
93206000,3782.2428,8256100,99623600,417017700,4708136600,3769.8787,3782.7398,3769.8787,3766.3257
93210000,3783.1489,12328700,162821200,429346400,4870957800,3769.8787,3783.1489,3769.8787,3766.3257
93216000,3783.1432,12395900,157222600,441742300,5028180400,3769.8787,3783.1489,3769.8787,3766.3257
93219000,3783.5061,6267000,77697500,448009300,5105877900,3769.8787,3783.5061,3769.8787,3766.3257
93225000,3784.2159,12940900,142455500,460950200,5248333400,3769.8787,3784.5184,3769.8787,3766.3257
93231000,3784.5069,14320200,184910400,475270400,5433243800,3769.8787,3784.6577,3769.8787,3766.3257
93234000,3785.4478,5317200,68327500,480587600,5501571300,3769.8787,3785.4478,3769.8787,3766.3257
93240000,3785.8998,11306000,145630100,491893600,5647201400,3769.8787,3785.8998,3769.8787,3766.3257
93246000,3786.5376,9715200,121556000,501608800,5768757400,3769.8787,3786.6872,3769.8787,3766.3257
93251000,3787.562,5925900,80797600,507534700,5849555000,3769.8787,3787.562,3769.8787,3766.3257
93255000,3787.9091,10994500,137573000,518529200,5987128000,3769.8787,3787.9091,3769.8787,3766.3257
93301000,3789.0213,14161200,161993600,532690400,6149121600,3769.8787,3789.0213,3769.8787,3766.3257
93304000,3788.9488,7570100,70152000,540260500,6219273600,3769.8787,3789.0213,3769.8787,3766.3257
93310000,3790.1074,9829600,142440700,550090100,6361714300,3769.8787,3790.1074,3769.8787,3766.3257
93316000,3790.4935,11804600,155732700,561894700,6517447000,3769.8787,3790.4935,3769.8787,3766.3257
93322000,3790.9627,12095600,150503000,573990300,6667950000,3769.8787,3790.9627,3769.8787,3766.3257
93327000,3791.0333,6541400,76345900,580531700,6744295900,3769.8787,3791.0333,3769.8787,3766.3257
93331000,3791.2498,14002900,159853400,594534600,6904149300,3769.8787,3791.2498,3769.8787,3766.3257
93337000,3791.2988,9625500,126420200,604160100,7030569500,3769.8787,3791.2988,3769.8787,3766.3257
93340000,3791.5718,3934400,57223600,608094500,7087793100,3769.8787,3791.5718,3769.8787,3766.3257
93346000,3791.3747,10217900,148726600,618312400,7236519700,3769.8787,3791.5718,3769.8787,3766.3257
93352000,3791.4894,12181600,133079000,630494000,7369598700,3769.8787,3791.5718,3769.8787,3766.3257
93355000,3791.7894,5017400,64661500,635511400,7434260200,3769.8787,3791.7894,3769.8787,3766.3257
93401000,3792.1756,10614000,137994200,646125400,7572254400,3769.8787,3792.1756,3769.8787,3766.3257
93407000,3792.1676,11732100,145315600,657857500,7717570000,3769.8787,3792.1756,3769.8787,3766.3257
93410000,3791.7434,5274600,74693600,663132100,7792263600,3769.8787,3792.1756,3769.8787,3766.3257
93416000,3792.2365,12345500,143160500,675477600,7935424100,3769.8787,3792.2365,3769.8787,3766.3257
93422000,3792.4718,13736700,147753700,689214300,8083177800,3769.8787,3792.4718,3769.8787,3766.3257
93427000,3792.4495,4307300,62127800,693521600,8145305600,3769.8787,3792.4718,3769.8787,3766.3257
93431000,3793.1444,11785400,137622100,705307000,8282927700,3769.8787,3793.1444,3769.8787,3766.3257
93437000,3793.027,11932700,157559100,717239700,8440486800,3769.8787,3793.1444,3769.8787,3766.3257
93442000,3793.3935,4806700,62878200,722046400,8503365000,3769.8787,3793.3935,3769.8787,3766.3257
93446000,3793.6976,10773600,133094300,732820000,8636459300,3769.8787,3793.6976,3769.8787,3766.3257
93452000,3793.7753,9305800,122044700,742125800,8758504000,3769.8787,3793.7753,3769.8787,3766.3257
93455000,3793.9277,5181400,69678100,747307200,8828182100,3769.8787,3793.9277,3769.8787,3766.3257
93501000,3794.5481,9404500,121448000,756711700,8949630100,3769.8787,3794.5481,3769.8787,3766.3257
93507000,3795.1026,10886900,143904000,767598600,9093534100,3769.8787,3795.1026,3769.8787,3766.3257
93510000,3795.1912,5969900,61532200,773568500,9155066300,3769.8787,3795.1912,3769.8787,3766.3257
93516000,3795.4341,11237700,143608600,784806200,9298674900,3769.8787,3795.4341,3769.8787,3766.3257
93522000,3795.1449,9780000,135408900,794586200,9434083800,3769.8787,3795.4341,3769.8787,3766.3257
93525000,3795.3836,7347100,81681900,801933300,9515765700,3769.8787,3795.4341,3769.8787,3766.3257
93531000,3795.6374,12858200,147893700,814791500,9663659400,3769.8787,3795.6374,3769.8787,3766.3257
93537000,3796.0148,11786800,141741900,826578300,9805401300,3769.8787,3796.0148,3769.8787,3766.3257
93542000,3795.9891,5306400,69207900,831884700,9874609200,3769.8787,3796.0148,3769.8787,3766.3257
93546000,3796.4025,10452700,137174400,842337400,10011783600,3769.8787,3796.4025,3769.8787,3766.3257
93552000,3796.0724,11653000,134893500,853990400,10146677100,3769.8787,3796.4025,3769.8787,3766.3257
93555000,3795.9193,4729400,64540800,858719800,10211217900,3769.8787,3796.4025,3769.8787,3766.3257
93601000,3795.722,13968300,147134800,872688100,10358352700,3769.8787,3796.4025,3769.8787,3766.3257
93607000,3795.9428,9738800,125036200,882426900,10483388900,3769.8787,3796.4025,3769.8787,3766.3257
93612000,3795.9551,6294900,74426200,888721800,10557815100,3769.8787,3796.4025,3769.8787,3766.3257
93616000,3795.359,14255800,151686700,902977600,10709501800,3769.8787,3796.4025,3769.8787,3766.3257
93622000,3795.2736,10414400,128958200,913392000,10838460000,3769.8787,3796.4025,3769.8787,3766.3257
93625000,3795.171,5543000,64470400,918935000,10902930400,3769.8787,3796.4025,3769.8787,3766.3257
93631000,3794.9792,8776700,118817800,927711700,11021748200,3769.8787,3796.4025,3769.8787,3766.3257
93637000,3794.7594,12574300,150093000,940286000,11171841200,3769.8787,3796.4025,3769.8787,3766.3257
93640000,3794.773,6569100,75136000,946855100,11246977200,3769.8787,3796.4025,3769.8787,3766.3257
93646000,3795.0793,11488400,136222600,958343500,11383199800,3769.8787,3796.4025,3769.8787,3766.3257
93652000,3794.8752,11396300,135599900,969739800,11518799700,3769.8787,3796.4025,3769.8787,3766.3257
93655000,3795.1146,5034000,62454900,974773800,11581254600,3769.8787,3796.4025,3769.8787,3766.3257
93701000,3795.4011,10125400,118640700,984899200,11699895300,3769.8787,3796.4025,3769.8787,3766.3257
93707000,3795.0786,9329500,119047100,994228700,11818942400,3769.8787,3796.4025,3769.8787,3766.3257
93710000,3795.6739,6345200,75483200,1000573900,11894425600,3769.8787,3796.4025,3769.8787,3766.3257
93716000,3796.2369,11806600,143420400,1012380500,12037846000,3769.8787,3796.4025,3769.8787,3766.3257
93722000,3796.5766,11148400,133302400,1023528900,12171148400,3769.8787,3796.5766,3769.8787,3766.3257
93725000,3796.0606,4703400,54600400,1028232300,12225748800,3769.8787,3796.5766,3769.8787,3766.3257
93733000,3796.7587,9686100,126218700,1037918400,12351967500,3769.8787,3796.7587,3769.8787,3766.3257
93737000,3796.7411,8220500,112732200,1046138900,12464699700,3769.8787,3796.7587,3769.8787,3766.3257
93743000,3796.8798,8992800,121995100,1055131700,12586694800,3769.8787,3796.8798,3769.8787,3766.3257
93746000,3797.2111,6138100,66713400,1061269800,12653408200,3769.8787,3797.2111,3769.8787,3766.3257
93752000,3797.6329,10553400,144081000,1071823200,12797489200,3769.8787,3797.6329,3769.8787,3766.3257
93758000,3797.9073,11600200,128343100,1083423400,12925832300,3769.8787,3797.9073,3769.8787,3766.3257
93801000,3798.6268,5145700,70695100,1088569100,12996527400,3769.8787,3798.6268,3769.8787,3766.3257
93807000,3798.584,11639300,154704900,1100208400,13151232300,3769.8787,3798.6939,3769.8787,3766.3257
93813000,3799.5418,11582700,145626500,1111791100,13296858800,3769.8787,3799.5418,3769.8787,3766.3257
93816000,3800.059,3987500,62678000,1115778600,13359536800,3769.8787,3800.059,3769.8787,3766.3257
93822000,3800.3536,10418400,121255600,1126197000,13480792400,3769.8787,3800.3536,3769.8787,3766.3257
93828000,3800.8986,9425100,131044100,1135622100,13611836500,3769.8787,3800.8986,3769.8787,3766.3257
93833000,3800.9809,5470300,75251700,1141092400,13687088200,3769.8787,3800.9809,3769.8787,3766.3257
93837000,3801.2716,11139100,134661600,1152231500,13821749800,3769.8787,3801.2716,3769.8787,3766.3257
93843000,3801.2979,8786000,122451700,1161017500,13944201500,3769.8787,3801.2979,3769.8787,3766.3257
93848000,3801.7188,5381000,59578900,1166398500,14003780400,3769.8787,3801.7188,3769.8787,3766.3257
93852000,3801.2609,9886600,118631300,1176285100,14122411700,3769.8787,3801.7188,3769.8787,3766.3257
93858000,3801.2428,8721600,128059700,1185006700,14250471400,3769.8787,3801.7188,3769.8787,3766.3257
93901000,3801.3213,5718900,69302100,1190725600,14319773500,3769.8787,3801.7188,3769.8787,3766.3257
93907000,3800.7241,10391900,152518000,1201117500,14472291500,3769.8787,3801.7188,3769.8787,3766.3257
93913000,3799.9152,12460100,169558600,1213577600,14641850100,3769.8787,3801.7188,3769.8787,3766.3257
93916000,3799.5536,6271900,78700800,1219849500,14720550900,3769.8787,3801.7188,3769.8787,3766.3257
93922000,3799.3526,11928600,160344000,1231778100,14880894900,3769.8787,3801.7188,3769.8787,3766.3257
93928000,3799.0312,12135600,153545900,1243913700,15034440800,3769.8787,3801.7188,3769.8787,3766.3257
93931000,3798.5927,4551500,72129700,1248465200,15106570500,3769.8787,3801.7188,3769.8787,3766.3257
93937000,3798.0951,9960500,145376200,1258425700,15251946700,3769.8787,3801.7188,3769.8787,3766.3257
93943000,3798.1086,10342300,140603500,1268768000,15392550200,3769.8787,3801.7188,3769.8787,3766.3257
93946000,3798.135,5642300,67418500,1274410300,15459968700,3769.8787,3801.7188,3769.8787,3766.3257
93952000,3797.594,11352000,132251800,1285762300,15592220500,3769.8787,3801.7188,3769.8787,3766.3257
93958000,3797.7122,9922700,124965100,1295685000,15717185600,3769.8787,3801.7188,3769.8787,3766.3257
94001000,3797.6373,5906600,64811300,1301591600,15781996900,3769.8787,3801.7188,3769.8787,3766.3257
94007000,3797.1984,11578800,125299700,1313170400,15907296600,3769.8787,3801.7188,3769.8787,3766.3257
94013000,3797.1989,12021200,140162300,1325191600,16047458900,3769.8787,3801.7188,3769.8787,3766.3257
94018000,3797.3,5158300,58164000,1330349900,16105622900,3769.8787,3801.7188,3769.8787,3766.3257
94022000,3796.5742,9541200,114299600,1339891100,16219922500,3769.8787,3801.7188,3769.8787,3766.3257
94028000,3796.254,11700000,136143500,1351591100,16356066000,3769.8787,3801.7188,3769.8787,3766.3257
94031000,3796.0452,4596400,59481900,1356187500,16415547900,3769.8787,3801.7188,3769.8787,3766.3257
94037000,3795.7885,10658700,125261200,1366846200,16540809100,3769.8787,3801.7188,3769.8787,3766.3257
94043000,3795.1145,8257000,98706400,1375103200,16639515500,3769.8787,3801.7188,3769.8787,3766.3257
94048000,3794.7285,6104000,81976200,1381207200,16721491700,3769.8787,3801.7188,3769.8787,3766.3257
94052000,3794.0233,9740000,132498900,1390947200,16853990600,3769.8787,3801.7188,3769.8787,3766.3257
94058000,3794.7032,9179500,111441000,1400126700,16965431600,3769.8787,3801.7188,3769.8787,3766.3257
94101000,3794.1778,5761500,69555300,1405888200,17034986900,3769.8787,3801.7188,3769.8787,3766.3257
94107000,3794.1845,11981200,137713500,1417869400,17172700400,3769.8787,3801.7188,3769.8787,3766.3257
94113000,3793.5786,9299300,113970700,1427168700,17286671100,3769.8787,3801.7188,3769.8787,3766.3257
94116000,3793.6144,4310400,49588900,1431479100,17336260000,3769.8787,3801.7188,3769.8787,3766.3257
94122000,3794.099,8460900,117870800,1439940000,17454130800,3769.8787,3801.7188,3769.8787,3766.3257
94128000,3793.8865,7377900,110003200,1447317900,17564134000,3769.8787,3801.7188,3769.8787,3766.3257
94133000,3793.8282,4003900,48025400,1451321800,17612159400,3769.8787,3801.7188,3769.8787,3766.3257
94137000,3794.0293,10954900,122492700,1462276700,17734652100,3769.8787,3801.7188,3769.8787,3766.3257
94143000,3793.8776,9387600,115626700,1471664300,17850278800,3769.8787,3801.7188,3769.8787,3766.3257
94148000,3794.1227,2713300,46268700,1474377600,17896547500,3769.8787,3801.7188,3769.8787,3766.3257
94152000,3793.9692,8489300,114635000,1482866900,18011182500,3769.8787,3801.7188,3769.8787,3766.3257
94158000,3794.0223,8209300,99305800,1491076200,18110488300,3769.8787,3801.7188,3769.8787,3766.3257
94204000,3794.1374,7940700,92518600,1499016900,18203006900,3769.8787,3801.7188,3769.8787,3766.3257
94207000,3793.9586,3020000,42035600,1502036900,18245042500,3769.8787,3801.7188,3769.8787,3766.3257
94213000,3794.3693,6576800,112551400,1508613700,18357593900,3769.8787,3801.7188,3769.8787,3766.3257
94219000,3794.0581,6252400,83278900,1514866100,18440872800,3769.8787,3801.7188,3769.8787,3766.3257
94222000,3794.0156,2810400,44883200,1517676500,18485756000,3769.8787,3801.7188,3769.8787,3766.3257
94228000,3794.5047,7046900,111952600,1524723400,18597708600,3769.8787,3801.7188,3769.8787,3766.3257
94234000,3794.0341,8774700,106517200,1533498100,18704225800,3769.8787,3801.7188,3769.8787,3766.3257
94237000,3794.518,3932400,50751400,1537430500,18754977200,3769.8787,3801.7188,3769.8787,3766.3257
94243000,3794.7096,6585500,112304800,1544016000,18867282000,3769.8787,3801.7188,3769.8787,3766.3257
94249000,3794.9511,7868400,102809100,1551884400,18970091100,3769.8787,3801.7188,3769.8787,3766.3257
94252000,3795.3056,4105900,59997900,1555990300,19030089000,3769.8787,3801.7188,3769.8787,3766.3257
94258000,3795.5351,7073500,104076500,1563063800,19134165500,3769.8787,3801.7188,3769.8787,3766.3257
94304000,3796.0475,6203300,94591300,1569267100,19228756800,3769.8787,3801.7188,3769.8787,3766.3257
94309000,3796.3845,3376300,45844200,1572643400,19274601000,3769.8787,3801.7188,3769.8787,3766.3257
94313000,3797.7074,8227700,124471300,1580871100,19399072300,3769.8787,3801.7188,3769.8787,3766.3257
94319000,3797.3085,5960000,97595600,1586831100,19496667900,3769.8787,3801.7188,3769.8787,3766.3257
94322000,3797.533,3195400,47087200,1590026500,19543755100,3769.8787,3801.7188,3769.8787,3766.3257
94328000,3797.7471,7984200,112934600,1598010700,19656689700,3769.8787,3801.7188,3769.8787,3766.3257
94334000,3797.8082,7383600,107743100,1605394300,19764432800,3769.8787,3801.7188,3769.8787,3766.3257
94337000,3797.5843,3202900,50518800,1608597200,19814951600,3769.8787,3801.7188,3769.8787,3766.3257
94343000,3798.102,7429200,119200500,1616026400,19934152100,3769.8787,3801.7188,3769.8787,3766.3257
94349000,3798.6957,6158800,104943800,1622185200,20039095900,3769.8787,3801.7188,3769.8787,3766.3257
94352000,3799.0847,2998300,45394000,1625183500,20084489900,3769.8787,3801.7188,3769.8787,3766.3257
94358000,3799.6916,6753000,96962100,1631936500,20181452000,3769.8787,3801.7188,3769.8787,3766.3257
94404000,3800.1977,7693500,108043000,1639630000,20289495000,3769.8787,3801.7188,3769.8787,3766.3257
94409000,3800.2395,5357300,78000300,1644987300,20367495300,3769.8787,3801.7188,3769.8787,3766.3257
94413000,3800.5118,6231100,93854700,1651218400,20461350000,3769.8787,3801.7188,3769.8787,3766.3257
94419000,3800.7264,7482800,108318000,1658701200,20569668000,3769.8787,3801.7188,3769.8787,3766.3257
94422000,3800.8188,4021900,55970800,1662723100,20625638800,3769.8787,3801.7188,3769.8787,3766.3257
94428000,3801.4107,7391600,122540200,1670114700,20748179000,3769.8787,3801.7188,3769.8787,3766.3257
94434000,3801.6784,11953000,128485400,1682067700,20876664400,3769.8787,3801.7188,3769.8787,3766.3257
94437000,3801.633,3499600,53500100,1685567300,20930164500,3769.8787,3801.7188,3769.8787,3766.3257
94443000,3802.3306,6845200,100108600,1692412500,21030273100,3769.8787,3802.3306,3769.8787,3766.3257
94449000,3802.3229,8241000,111442900,1700653500,21141716000,3769.8787,3802.3306,3769.8787,3766.3257
94454000,3802.6059,3274600,45786300,1703928100,21187502300,3769.8787,3802.6059,3769.8787,3766.3257
94458000,3803.3493,8069800,97127500,1711997900,21284629800,3769.8787,3803.3493,3769.8787,3766.3257
94504000,3803.3056,10492400,133547000,1722490300,21418176800,3769.8787,3803.3493,3769.8787,3766.3257
94507000,3803.809,4476800,60893400,1726967100,21479070200,3769.8787,3803.809,3769.8787,3766.3257
94513000,3803.7385,9224700,104148800,1736191800,21583219000,3769.8787,3803.8109,3769.8787,3766.3257
94519000,3803.8263,7347000,90504600,1743538800,21673723600,3769.8787,3803.9948,3769.8787,3766.3257
94524000,3803.824,4051000,51214900,1747589800,21724938500,3769.8787,3803.9948,3769.8787,3766.3257
94528000,3804.1869,8912200,112804800,1756502000,21837743300,3769.8787,3804.1869,3769.8787,3766.3257
94534000,3804.2815,8109000,106293100,1764611000,21944036400,3769.8787,3804.2933,3769.8787,3766.3257
94537000,3804.7002,3464500,51903400,1768075500,21995939800,3769.8787,3804.7002,3769.8787,3766.3257
94543000,3804.5345,9105700,111012100,1777181200,22106951900,3769.8787,3804.7002,3769.8787,3766.3257
94549000,3805.3045,7668300,99442800,1784849500,22206394700,3769.8787,3805.3045,3769.8787,3766.3257
94552000,3804.9737,6099200,70826500,1790948700,22277221200,3769.8787,3805.3045,3769.8787,3766.3257
94558000,3805.882,10261900,135218700,1801210600,22412439900,3769.8787,3805.882,3769.8787,3766.3257
94604000,3806.3016,8169000,111142600,1809379600,22523582500,3769.8787,3806.3016,3769.8787,3766.3257
94607000,3806.8275,4675700,63457600,1814055300,22587040100,3769.8787,3806.8275,3769.8787,3766.3257
94613000,3807.0488,19468300,171884100,1833523600,22758924200,3769.8787,3807.0488,3769.8787,3766.3257
94619000,3807.7246,8194400,115356200,1841718000,22874280400,3769.8787,3807.7246,3769.8787,3766.3257
94625000,3807.8514,7659800,100002900,1849377800,22974283300,3769.8787,3807.8514,3769.8787,3766.3257
94630000,3808.0741,3507000,50019900,1852884800,23024303200,3769.8787,3808.0741,3769.8787,3766.3257
94634000,3809.2622,9180900,141666200,1862065700,23165969400,3769.8787,3809.2622,3769.8787,3766.3257
94640000,3809.4556,9268100,106557600,1871333800,23272527000,3769.8787,3809.4556,3769.8787,3766.3257
94643000,3809.8649,4746000,58203600,1876079800,23330730600,3769.8787,3809.8649,3769.8787,3766.3257
94649000,3810.1374,7704000,106139100,1883783800,23436869700,3769.8787,3810.1374,3769.8787,3766.3257
94655000,3810.9885,9356000,121460300,1893139800,23558330000,3769.8787,3810.9885,3769.8787,3766.3257
94700000,3811.1887,5205100,64416800,1898344900,23622746800,3769.8787,3811.1887,3769.8787,3766.3257
94704000,3812.1468,13297000,153365900,1911641900,23776112700,3769.8787,3812.1468,3769.8787,3766.3257
94710000,3812.32,10742700,133124000,1922384600,23909236700,3769.8787,3812.32,3769.8787,3766.3257
94713000,3812.3329,4059200,52301300,1926443800,23961538000,3769.8787,3812.3329,3769.8787,3766.3257
94719000,3812.7634,10032000,175998500,1936475800,24137536500,3769.8787,3812.7634,3769.8787,3766.3257
94725000,3812.8206,7909400,138672000,1944385200,24276208500,3769.8787,3812.9971,3769.8787,3766.3257
94728000,3812.7109,5992000,65261100,1950377200,24341469600,3769.8787,3812.9971,3769.8787,3766.3257
94734000,3812.7314,10249400,142863200,1960626600,24484332800,3769.8787,3812.9971,3769.8787,3766.3257
94740000,3812.3682,9944600,122807800,1970571200,24607140600,3769.8787,3812.9971,3769.8787,3766.3257
94743000,3811.9397,4792200,65235600,1975363400,24672376200,3769.8787,3812.9971,3769.8787,3766.3257
94749000,3811.7105,11447800,135651100,1986811200,24808027300,3769.8787,3812.9971,3769.8787,3766.3257
94755000,3812.4105,9291500,112115000,1996102700,24920142300,3769.8787,3812.9971,3769.8787,3766.3257
94800000,3812.2259,5393600,62739400,2001496300,24982881700,3769.8787,3812.9971,3769.8787,3766.3257
94804000,3812.4366,8416700,103468900,2009913000,25086350600,3769.8787,3812.9971,3769.8787,3766.3257
94810000,3813.0035,7975200,109119800,2017888200,25195470400,3769.8787,3813.0035,3769.8787,3766.3257
94815000,3812.6283,4426000,58476900,2022314200,25253947300,3769.8787,3813.0035,3769.8787,3766.3257
94819000,3812.7893,6760300,104197800,2029074500,25358145100,3769.8787,3813.0035,3769.8787,3766.3257
94825000,3813.1057,7153600,97207400,2036228100,25455352500,3769.8787,3813.1057,3769.8787,3766.3257
94830000,3812.8381,4200800,48372600,2040428900,25503725100,3769.8787,3813.1057,3769.8787,3766.3257
94834000,3812.7956,7934900,104279100,2048363800,25608004200,3769.8787,3813.1057,3769.8787,3766.3257
94840000,3812.9122,12487500,112309200,2060851300,25720313400,3769.8787,3813.1389,3769.8787,3766.3257
94845000,3812.9486,3468200,52069900,2064319500,25772383300,3769.8787,3813.1389,3769.8787,3766.3257
94849000,3812.9753,8043600,109151000,2072363100,25881534300,3769.8787,3813.1389,3769.8787,3766.3257
94855000,3813.2872,9571400,121050100,2081934500,26002584400,3769.8787,3813.2872,3769.8787,3766.3257
94900000,3813.2246,6631900,82030000,2088566400,26084614400,3769.8787,3813.2872,3769.8787,3766.3257
94904000,3813.9279,7367200,99980600,2095933600,26184595000,3769.8787,3813.9279,3769.8787,3766.3257
94910000,3813.8186,9573300,102714200,2105506900,26287309200,3769.8787,3813.9279,3769.8787,3766.3257
94915000,3813.5864,2517100,35146300,2108024000,26322455500,3769.8787,3813.9279,3769.8787,3766.3257
94919000,3813.9893,10879500,121751100,2118903500,26444206600,3769.8787,3814.0324,3769.8787,3766.3257
94925000,3814.0926,9903100,116095100,2128806600,26560301700,3769.8787,3814.1679,3769.8787,3766.3257
94930000,3814.2012,3781100,51786300,2132587700,26612088000,3769.8787,3814.2012,3769.8787,3766.3257
94934000,3814.7151,11340900,120548700,2143928600,26732636700,3769.8787,3814.7151,3769.8787,3766.3257
94940000,3814.6909,8026800,96637600,2151955400,26829274300,3769.8787,3814.7151,3769.8787,3766.3257
94943000,3814.6706,4162900,51632300,2156118300,26880906600,3769.8787,3814.7151,3769.8787,3766.3257
94949000,3814.8619,6738100,89425200,2162856400,26970331800,3769.8787,3814.8619,3769.8787,3766.3257
94955000,3815.3068,8774500,106851900,2171630900,27077183700,3769.8787,3815.3068,3769.8787,3766.3257
94958000,3815.4962,4091000,56678000,2175721900,27133861700,3769.8787,3815.4962,3769.8787,3766.3257
95004000,3815.8851,7695000,106634900,2183416900,27240496600,3769.8787,3815.8851,3769.8787,3766.3257
95010000,3815.9976,8363100,113763600,2191780000,27354260200,3769.8787,3816.1143,3769.8787,3766.3257
95013000,3816.2984,3472400,46791000,2195252400,27401051200,3769.8787,3816.2984,3769.8787,3766.3257
95019000,3816.7818,7698100,98725400,2202950500,27499776600,3769.8787,3816.7818,3769.8787,3766.3257
95025000,3816.8529,8093900,118236300,2211044400,27618012900,3769.8787,3816.9037,3769.8787,3766.3257
95031000,3816.4177,6282300,87719600,2217326700,27705732500,3769.8787,3816.9037,3769.8787,3766.3257
95034000,3816.6361,4949400,68675700,2222276100,27774408200,3769.8787,3816.9037,3769.8787,3766.3257
95040000,3816.824,8058100,99874200,2230334200,27874282400,3769.8787,3816.9037,3769.8787,3766.3257
95046000,3817.1979,9757300,145622200,2240091500,28019904600,3769.8787,3817.4096,3769.8787,3766.3257
95051000,3817.1175,3871200,47541800,2243962700,28067446400,3769.8787,3817.4096,3769.8787,3766.3257
95055000,3817.6193,7364500,96825300,2251327200,28164271700,3769.8787,3817.6193,3769.8787,3766.3257
95101000,3817.6962,8196300,125733800,2259523500,28290005500,3769.8787,3817.6962,3769.8787,3766.3257
95104000,3817.7202,5152200,65044300,2264675700,28355049800,3769.8787,3817.7202,3769.8787,3766.3257
95110000,3818.27,9229300,120064000,2273905000,28475113800,3769.8787,3818.27,3769.8787,3766.3257
95116000,3818.0967,9662700,138758900,2283567700,28613872700,3769.8787,3818.27,3769.8787,3766.3257
95119000,3818.1432,3748800,54483000,2287316500,28668355700,3769.8787,3818.27,3769.8787,3766.3257
95125000,3818.3327,8251400,103286800,2295567900,28771642500,3769.8787,3818.3327,3769.8787,3766.3257
95131000,3818.3227,7005400,100884500,2302573300,28872527000,3769.8787,3818.7941,3769.8787,3766.3257
95134000,3817.834,3899200,52710500,2306472500,28925237500,3769.8787,3818.7941,3769.8787,3766.3257
95140000,3818.3062,7775400,110536100,2314247900,29035773600,3769.8787,3818.7941,3769.8787,3766.3257
95146000,3818.2938,7702000,113939600,2321949900,29149713200,3769.8787,3818.7941,3769.8787,3766.3257
95151000,3818.2438,3868000,60363400,2325817900,29210076600,3769.8787,3818.7941,3769.8787,3766.3257
95155000,3818.6086,7295600,97881300,2333113500,29307957900,3769.8787,3818.7941,3769.8787,3766.3257
95201000,3818.463,7219600,93291500,2340333100,29401249400,3769.8787,3818.7941,3769.8787,3766.3257
95204000,3818.7763,5252400,58838500,2345585500,29460087900,3769.8787,3818.7941,3769.8787,3766.3257
95210000,3819.3318,6720100,95902100,2352305600,29555990000,3769.8787,3819.3318,3769.8787,3766.3257
95216000,3819.0087,7964400,108315900,2360270000,29664305900,3769.8787,3819.3318,3769.8787,3766.3257
95221000,3818.9112,3764500,56849700,2364034500,29721155600,3769.8787,3819.3318,3769.8787,3766.3257
95225000,3818.865,6256300,91635400,2370290800,29812791000,3769.8787,3819.3318,3769.8787,3766.3257
95231000,3818.9961,7871000,134190900,2378161800,29946981900,3769.8787,3819.3318,3769.8787,3766.3257
95234000,3818.6022,4146200,57611500,2382308000,30004593400,3769.8787,3819.3318,3769.8787,3766.3257
95240000,3819.2113,9342100,107376700,2391650100,30111970100,3769.8787,3819.3318,3769.8787,3766.3257
95246000,3819.1975,6375200,87319200,2398025300,30199289300,3769.8787,3819.3318,3769.8787,3766.3257
95251000,3819.723,4029600,51023900,2402054900,30250313200,3769.8787,3819.723,3769.8787,3766.3257
95255000,3819.2615,6903800,91488800,2408958700,30341802000,3769.8787,3819.723,3769.8787,3766.3257
95301000,3819.8989,9159200,107505900,2418117900,30449307900,3769.8787,3819.8989,3769.8787,3766.3257
95304000,3819.6225,4004900,51490600,2422122800,30500798500,3769.8787,3819.8989,3769.8787,3766.3257
95310000,3819.3277,7810000,105285600,2429932800,30606084100,3769.8787,3819.9013,3769.8787,3766.3257
95316000,3819.7032,6282600,84472100,2436215400,30690556200,3769.8787,3820.0679,3769.8787,3766.3257
95319000,3819.9351,2281700,35629300,2438497100,30726185500,3769.8787,3820.0679,3769.8787,3766.3257
95325000,3819.5606,7311800,98851000,2445808900,30825036500,3769.8787,3820.0679,3769.8787,3766.3257
95331000,3819.4403,10030000,129940400,2455838900,30954976900,3769.8787,3820.0679,3769.8787,3766.3257
95334000,3819.2061,4732500,64679400,2460571400,31019656300,3769.8787,3820.0679,3769.8787,3766.3257
95340000,3818.7122,7007000,98692100,2467578400,31118348400,3769.8787,3820.0679,3769.8787,3766.3257
95346000,3818.6238,6246200,103918500,2473824600,31222266900,3769.8787,3820.0679,3769.8787,3766.3257
95349000,3819.052,3737300,46406300,2477561900,31268673200,3769.8787,3820.0679,3769.8787,3766.3257
95355000,3818.6644,6494000,99330100,2484055900,31368003300,3769.8787,3820.0679,3769.8787,3766.3257
95401000,3818.1298,6270100,101116200,2490326000,31469119500,3769.8787,3820.0679,3769.8787,3766.3257
95406000,3818.1889,4694600,66713400,2495020600,31535832900,3769.8787,3820.0679,3769.8787,3766.3257
95410000,3818.0641,7908500,110251400,2502929100,31646084300,3769.8787,3820.0679,3769.8787,3766.3257
95416000,3818.4954,8272800,99487200,2511201900,31745571500,3769.8787,3820.0679,3769.8787,3766.3257
95419000,3817.9901,3928700,52398900,2515130600,31797970400,3769.8787,3820.0679,3769.8787,3766.3257
95425000,3817.7238,9224500,105662800,2524355100,31903633200,3769.8787,3820.0679,3769.8787,3766.3257
95431000,3818.1998,5608900,86693600,2529964000,31990326800,3769.8787,3820.0679,3769.8787,3766.3257
95436000,3817.674,3416900,50995500,2533380900,32041322300,3769.8787,3820.0679,3769.8787,3766.3257
95440000,3817.544,6838200,100464300,2540219100,32141786600,3769.8787,3820.0679,3769.8787,3766.3257
95446000,3817.7095,6487900,125899600,2546707000,32267686200,3769.8787,3820.0679,3769.8787,3766.3257
95452000,3817.817,7816200,103885000,2554523200,32371571200,3769.8787,3820.0679,3769.8787,3766.3257
95457000,3817.9555,3836900,51718900,2558360100,32423290100,3769.8787,3820.0679,3769.8787,3766.3257
95501000,3818.606,5570700,94342300,2563930800,32517632400,3769.8787,3820.0679,3769.8787,3766.3257
95507000,3818.1769,6232700,99546900,2570163500,32617179300,3769.8787,3820.0679,3769.8787,3766.3257
95510000,3818.1973,3492300,54598000,2573655800,32671777300,3769.8787,3820.0679,3769.8787,3766.3257
95516000,3819.292,7522600,96149200,2581178400,32767926500,3769.8787,3820.0679,3769.8787,3766.3257
95522000,3819.1477,7299200,89626400,2588477600,32857552900,3769.8787,3820.0679,3769.8787,3766.3257
95527000,3819.7028,3283700,43112100,2591761300,32900665000,3769.8787,3820.0679,3769.8787,3766.3257
95531000,3820.3429,7516900,103911800,2599278200,33004576800,3769.8787,3820.3429,3769.8787,3766.3257
95537000,3820.502,6722300,98972600,2606000500,33103549400,3769.8787,3820.502,3769.8787,3766.3257
95540000,3820.9024,4084300,58753300,2610084800,33162302700,3769.8787,3820.9024,3769.8787,3766.3257
95546000,3821.1329,7977800,121583800,2618062600,33283886500,3769.8787,3821.5314,3769.8787,3766.3257
95552000,3822.1094,11721300,129253900,2629783900,33413140400,3769.8787,3822.1094,3769.8787,3766.3257
95557000,3822.6297,4299800,59676000,2634083700,33472816400,3769.8787,3822.6297,3769.8787,3766.3257
95601000,3823.1758,10635100,155990900,2644718800,33628807300,3769.8787,3823.1758,3769.8787,3766.3257
95607000,3823.8904,12259500,149404000,2656978300,33778211300,3769.8787,3823.8904,3769.8787,3766.3257
95610000,3823.9249,6264400,86074200,2663242700,33864285500,3769.8787,3823.9249,3769.8787,3766.3257
95616000,3824.2466,10415400,118207800,2673658100,33982493300,3769.8787,3824.2466,3769.8787,3766.3257
95622000,3824.7429,8947200,115321300,2682605300,34097814600,3769.8787,3824.7429,3769.8787,3766.3257
95625000,3825.0159,7148700,59281300,2689754000,34157095900,3769.8787,3825.0159,3769.8787,3766.3257
95631000,3825.6586,12477000,127402300,2702231000,34284498200,3769.8787,3825.6586,3769.8787,3766.3257
95637000,3825.8943,8613200,108360000,2710844200,34392858200,3769.8787,3825.9247,3769.8787,3766.3257
95642000,3826.1189,4658400,56871100,2715502600,34449729300,3769.8787,3826.1189,3769.8787,3766.3257
95646000,3826.5186,9545000,119020100,2725047600,34568749400,3769.8787,3826.5275,3769.8787,3766.3257
95652000,3826.7832,9522400,108065200,2734570000,34676814600,3769.8787,3826.7832,3769.8787,3766.3257
95657000,3827.1641,4295300,53747900,2738865300,34730562500,3769.8787,3827.1641,3769.8787,3766.3257
95701000,3827.4561,9608500,119008400,2748473800,34849570900,3769.8787,3827.4561,3769.8787,3766.3257
95707000,3827.4089,8534500,126882300,2757008300,34976453200,3769.8787,3827.5093,3769.8787,3766.3257
95712000,3827.8314,6755800,68767100,2763764100,35045220300,3769.8787,3827.8314,3769.8787,3766.3257
95716000,3827.7159,8902800,118714200,2772666900,35163934500,3769.8787,3827.9733,3769.8787,3766.3257
95722000,3828.0619,7805300,110373300,2780472200,35274307800,3769.8787,3828.0619,3769.8787,3766.3257
95725000,3827.8157,5342400,61158700,2785814600,35335466500,3769.8787,3828.0619,3769.8787,3766.3257
95731000,3828.3099,7000200,101352200,2792814800,35436818700,3769.8787,3828.3099,3769.8787,3766.3257
95737000,3828.613,7854500,117008600,2800669300,35553827300,3769.8787,3828.613,3769.8787,3766.3257
95742000,3828.8492,3258100,39765300,2803927400,35593592600,3769.8787,3828.8492,3769.8787,3766.3257
95746000,3828.9367,10702700,134575800,2814630100,35728168400,3769.8787,3828.9367,3769.8787,3766.3257
95752000,3828.7503,11350100,120607500,2825980200,35848775900,3769.8787,3828.9367,3769.8787,3766.3257
95755000,3828.669,4476900,50054600,2830457100,35898830500,3769.8787,3828.9367,3769.8787,3766.3257
95801000,3828.5071,7734700,120321800,2838191800,36019152300,3769.8787,3828.9367,3769.8787,3766.3257
95807000,3828.0367,8489500,108845000,2846681300,36127997300,3769.8787,3828.9367,3769.8787,3766.3257
95812000,3827.9509,4007100,47506800,2850688400,36175504100,3769.8787,3828.9367,3769.8787,3766.3257
95816000,3827.1094,9668100,148667700,2860356500,36324171800,3769.8787,3828.9367,3769.8787,3766.3257
95822000,3826.793,9951500,132336000,2870308000,36456507800,3769.8787,3828.9367,3769.8787,3766.3257
95827000,3826.1505,4957400,51752600,2875265400,36508260400,3769.8787,3828.9367,3769.8787,3766.3257
95831000,3826.164,8170000,97786800,2883435400,36606047200,3769.8787,3828.9367,3769.8787,3766.3257
95837000,3826.2765,7993000,100383200,2891428400,36706430400,3769.8787,3828.9367,3769.8787,3766.3257
95840000,3826.2967,3723400,44787800,2895151800,36751218200,3769.8787,3828.9367,3769.8787,3766.3257
95846000,3826.0858,7754000,96220700,2902905800,36847438900,3769.8787,3828.9367,3769.8787,3766.3257
95852000,3825.9131,6596800,94850500,2909502600,36942289400,3769.8787,3828.9367,3769.8787,3766.3257
95855000,3825.7527,2897900,37909500,2912400500,36980198900,3769.8787,3828.9367,3769.8787,3766.3257
95901000,3825.433,8459100,103096700,2920859600,37083295600,3769.8787,3828.9367,3769.8787,3766.3257
95907000,3824.8465,9220600,114472200,2930080200,37197767800,3769.8787,3828.9367,3769.8787,3766.3257
95913000,3825.2284,6778400,86287200,2936858600,37284055000,3769.8787,3828.9367,3769.8787,3766.3257
95916000,3825.1049,5876900,57703800,2942735500,37341758800,3769.8787,3828.9367,3769.8787,3766.3257
95922000,3824.9866,7625800,93235400,2950361300,37434994200,3769.8787,3828.9367,3769.8787,3766.3257
95928000,3825.2376,6760300,95815600,2957121600,37530809800,3769.8787,3828.9367,3769.8787,3766.3257
95933000,3825.0504,2865100,39889700,2959986700,37570699500,3769.8787,3828.9367,3769.8787,3766.3257
95937000,3824.748,5992400,76315700,2965979100,37647015200,3769.8787,3828.9367,3769.8787,3766.3257
95943000,3825.1384,6785600,83907500,2972764700,37730922700,3769.8787,3828.9367,3769.8787,3766.3257
95946000,3825.0585,2426700,33179200,2975191400,37764101900,3769.8787,3828.9367,3769.8787,3766.3257
95952000,3824.5024,5978400,74299000,2981169800,37838400900,3769.8787,3828.9367,3769.8787,3766.3257
95958000,3824.6055,5418100,75943900,2986587900,37914344800,3769.8787,3828.9367,3769.8787,3766.3257
100001000,3824.672,2448700,38699000,2989036600,37953043800,3769.8787,3828.9367,3769.8787,3766.3257
100007000,3824.8565,6307100,89553100,2995343700,38042596900,3769.8787,3828.9367,3769.8787,3766.3257
100013000,3825.2815,7434400,93565300,3002778100,38136162200,3769.8787,3828.9367,3769.8787,3766.3257
100016000,3826.0692,3373000,49914600,3006151100,38186076800,3769.8787,3828.9367,3769.8787,3766.3257
100022000,3826.4861,8019400,97533400,3014170500,38283610200,3769.8787,3828.9367,3769.8787,3766.3257
100028000,3827.8708,8442000,112148900,3022612500,38395759100,3769.8787,3828.9367,3769.8787,3766.3257
100031000,3827.9726,3788500,54784700,3026401000,38450543800,3769.8787,3828.9367,3769.8787,3766.3257
100037000,3828.373,10029300,116674900,3036430300,38567218700,3769.8787,3828.9367,3769.8787,3766.3257
100043000,3828.7728,7591000,99598100,3044021300,38666816800,3769.8787,3829.0055,3769.8787,3766.3257
100048000,3829.1234,3347500,58363400,3047368800,38725180200,3769.8787,3829.1234,3769.8787,3766.3257
100052000,3829.1818,6650700,110429100,3054019500,38835609300,3769.8787,3829.2691,3769.8787,3766.3257
100058000,3829.8442,5925300,86638700,3059944800,38922248000,3769.8787,3829.8442,3769.8787,3766.3257
100101000,3829.5001,2591600,39407100,3062536400,38961655100,3769.8787,3829.8442,3769.8787,3766.3257
100107000,3829.616,7547600,91180500,3070084000,39052835600,3769.8787,3829.8442,3769.8787,3766.3257
100113000,3829.9928,8834400,101872800,3078918400,39154708400,3769.8787,3829.9928,3769.8787,3766.3257
100116000,3830.2411,2796700,40922400,3081715100,39195630800,3769.8787,3830.2411,3769.8787,3766.3257
100122000,3830.1023,7398700,96816500,3089113800,39292447300,3769.8787,3830.2411,3769.8787,3766.3257
100128000,3830.4256,7979700,104338100,3097093500,39396785400,3769.8787,3830.4256,3769.8787,3766.3257
100131000,3829.6834,4478800,55047200,3101572300,39451832600,3769.8787,3830.4256,3769.8787,3766.3257
100137000,3829.4084,7852100,111533800,3109424400,39563366400,3769.8787,3830.4256,3769.8787,3766.3257
100143000,3829.4868,7676000,102947200,3117100400,39666313600,3769.8787,3830.4256,3769.8787,3766.3257
100148000,3828.9401,3404900,51847100,3120505300,39718160700,3769.8787,3830.4256,3769.8787,3766.3257
100152000,3828.8157,6275700,95296300,3126781000,39813457000,3769.8787,3830.4256,3769.8787,3766.3257
100158000,3828.368,6424900,91708700,3133205900,39905165700,3769.8787,3830.4256,3769.8787,3766.3257
100201000,3827.7096,4132200,54203100,3137338100,39959368800,3769.8787,3830.4256,3769.8787,3766.3257
100207000,3827.6534,8470500,102279300,3145808600,40061648100,3769.8787,3830.4256,3769.8787,3766.3257
100213000,3827.3162,5707400,81845100,3151516000,40143493200,3769.8787,3830.4256,3769.8787,3766.3257
100216000,3827.0263,2857600,40221000,3154373600,40183714200,3769.8787,3830.4256,3769.8787,3766.3257
100222000,3826.8916,5998600,79596100,3160372200,40263310300,3769.8787,3830.4256,3769.8787,3766.3257
100228000,3826.8969,7053400,96435800,3167425600,40359746100,3769.8787,3830.4256,3769.8787,3766.3257
100233000,3826.8386,2179600,33489100,3169605200,40393235200,3769.8787,3830.4256,3769.8787,3766.3257
100237000,3826.5875,5260300,75832100,3174865500,40469067300,3769.8787,3830.4256,3769.8787,3766.3257
100243000,3826.5252,4827900,67604600,3179693400,40536671900,3769.8787,3830.4256,3769.8787,3766.3257
100249000,3826.4838,6241800,90744900,3185935200,40627416800,3769.8787,3830.4256,3769.8787,3766.3257
100252000,3826.6106,2359600,33890300,3188294800,40661307100,3769.8787,3830.4256,3769.8787,3766.3257
100258000,3825.8043,5870500,84913400,3194165300,40746220500,3769.8787,3830.4256,3769.8787,3766.3257
100304000,3825.9349,5042400,78210000,3199207700,40824430500,3769.8787,3830.4256,3769.8787,3766.3257
100307000,3825.5426,4588700,47694400,3203796400,40872124900,3769.8787,3830.4256,3769.8787,3766.3257
100313000,3825.3405,4474800,64306600,3208271200,40936431500,3769.8787,3830.4256,3769.8787,3766.3257
100319000,3825.2515,5293700,69607000,3213564900,41006038500,3769.8787,3830.4256,3769.8787,3766.3257
100324000,3825.2378,2794800,31844700,3216359700,41037883200,3769.8787,3830.4256,3769.8787,3766.3257
100328000,3825.4482,5364900,72820200,3221724600,41110703400,3769.8787,3830.4256,3769.8787,3766.3257
100334000,3825.4276,5518000,82692400,3227242600,41193395800,3769.8787,3830.4256,3769.8787,3766.3257
100337000,3825.7844,2878200,40269200,3230120800,41233665000,3769.8787,3830.4256,3769.8787,3766.3257
100343000,3826.5229,7197200,92230900,3237318000,41325895900,3769.8787,3830.4256,3769.8787,3766.3257
100349000,3826.7186,8522500,97816700,3245840500,41423712600,3769.8787,3830.4256,3769.8787,3766.3257
100352000,3827.5392,3670300,46666600,3249510800,41470379200,3769.8787,3830.4256,3769.8787,3766.3257
100358000,3826.9746,7234800,84971800,3256745600,41555351000,3769.8787,3830.4256,3769.8787,3766.3257
100404000,3827.0768,6635400,103857400,3263381000,41659208400,3769.8787,3830.4256,3769.8787,3766.3257
100407000,3827.0335,2432400,32753200,3265813400,41691961600,3769.8787,3830.4256,3769.8787,3766.3257
100413000,3827.2704,5399000,73004400,3271212400,41764966000,3769.8787,3830.4256,3769.8787,3766.3257
100419000,3827.2624,5777500,58071600,3276989900,41823037600,3769.8787,3830.4256,3769.8787,3766.3257
100422000,3826.7044,2204800,30213200,3279194700,41853250800,3769.8787,3830.4256,3769.8787,3766.3257
100428000,3826.1699,6564900,88836600,3285759600,41942087400,3769.8787,3830.4256,3769.8787,3766.3257
100434000,3825.8414,4232400,64796900,3289992000,42006884300,3769.8787,3830.4256,3769.8787,3766.3257
100437000,3825.5856,1757200,27595400,3291749200,42034479700,3769.8787,3830.4256,3769.8787,3766.3257
100443000,3825.8273,5009200,72636300,3296758400,42107116000,3769.8787,3830.4256,3769.8787,3766.3257
100449000,3825.647,5150800,75915500,3301909200,42183031500,3769.8787,3830.4256,3769.8787,3766.3257
100454000,3825.5227,3159900,39685800,3305069100,42222717300,3769.8787,3830.4256,3769.8787,3766.3257
100458000,3824.9048,6218700,82993200,3311287800,42305710500,3769.8787,3830.4256,3769.8787,3766.3257
100504000,3824.8097,4374400,65496300,3315662200,42371206800,3769.8787,3830.4256,3769.8787,3766.3257
100509000,3824.5725,2077800,28349100,3317740000,42399555900,3769.8787,3830.4256,3769.8787,3766.3257
100513000,3824.4907,4312800,58615600,3322052800,42458171500,3769.8787,3830.4256,3769.8787,3766.3257
100519000,3824.5219,4876700,65851700,3326929500,42524023200,3769.8787,3830.4256,3769.8787,3766.3257
100524000,3824.8438,2068000,33924900,3328997500,42557948100,3769.8787,3830.4256,3769.8787,3766.3257
100528000,3824.6286,5052000,71494500,3334049500,42629442600,3769.8787,3830.4256,3769.8787,3766.3257
100534000,3824.5321,5219400,66901300,3339268900,42696343900,3769.8787,3830.4256,3769.8787,3766.3257
100539000,3824.6121,5673000,54790400,3344941900,42751134300,3769.8787,3830.4256,3769.8787,3766.3257
100543000,3825.0199,5674300,75489400,3350616200,42826623700,3769.8787,3830.4256,3769.8787,3766.3257
100549000,3824.8394,4387900,66928600,3355004100,42893552300,3769.8787,3830.4256,3769.8787,3766.3257
100554000,3825.1493,2945600,42288000,3357949700,42935840300,3769.8787,3830.4256,3769.8787,3766.3257
100558000,3825.0609,4604800,72160200,3362554500,43008000500,3769.8787,3830.4256,3769.8787,3766.3257
100604000,3826.076,5728500,77690700,3368283000,43085691200,3769.8787,3830.4256,3769.8787,3766.3257
100607000,3825.746,3308700,45160000,3371591700,43130851200,3769.8787,3830.4256,3769.8787,3766.3257
100613000,3826.2111,8365900,96691200,3379957600,43227542400,3769.8787,3830.4256,3769.8787,3766.3257
100619000,3826.5291,9602300,102329700,3389559900,43329872100,3769.8787,3830.4256,3769.8787,3766.3257
100622000,3826.9222,2324300,49325400,3391884200,43379197500,3769.8787,3830.4256,3769.8787,3766.3257
100628000,3826.9849,4598800,67013800,3396483000,43446211300,3769.8787,3830.4256,3769.8787,3766.3257
100634000,3827.1738,7140400,89684500,3403623400,43535895800,3769.8787,3830.4256,3769.8787,3766.3257
100637000,3827.2934,2365800,38671000,3405989200,43574566800,3769.8787,3830.4256,3769.8787,3766.3257
100643000,3827.1488,5327500,69886600,3411316700,43644453400,3769.8787,3830.4256,3769.8787,3766.3257
100649000,3827.6599,8242000,86641700,3419558700,43731095100,3769.8787,3830.4256,3769.8787,3766.3257
100652000,3827.8628,2581500,30131900,3422140200,43761227000,3769.8787,3830.4256,3769.8787,3766.3257
100658000,3828.2009,6438400,78059300,3428578600,43839286300,3769.8787,3830.4256,3769.8787,3766.3257
100704000,3828.1709,7276500,97948300,3435855100,43937234600,3769.8787,3830.4256,3769.8787,3766.3257
100707000,3828.2442,3840700,43120600,3439695800,43980355200,3769.8787,3830.4256,3769.8787,3766.3257
100715000,3828.5089,7862500,95907000,3447558300,44076262200,3769.8787,3830.4256,3769.8787,3766.3257
100719000,3828.7119,7006300,84232200,3454564600,44160494400,3769.8787,3830.4256,3769.8787,3766.3257
100725000,3828.8191,5755400,74230500,3460320000,44234724900,3769.8787,3830.4256,3769.8787,3766.3257
100730000,3828.7359,2665700,29710000,3462985700,44264434900,3769.8787,3830.4256,3769.8787,3766.3257
100734000,3828.6977,6298700,83356000,3469284400,44347790900,3769.8787,3830.4256,3769.8787,3766.3257
100740000,3829.079,4734600,70502700,3474019000,44418293600,3769.8787,3830.4256,3769.8787,3766.3257
100743000,3829.1706,2257700,32045200,3476276700,44450338800,3769.8787,3830.4256,3769.8787,3766.3257
100749000,3829.196,5448100,70163200,3481724800,44520502000,3769.8787,3830.4256,3769.8787,3766.3257
100755000,3829.2166,6285400,73770700,3488010200,44594272700,3769.8787,3830.4256,3769.8787,3766.3257
100800000,3829.1796,3205400,37949700,3491215600,44632222400,3769.8787,3830.4256,3769.8787,3766.3257
100804000,3829.3709,5374400,60429700,3496590000,44692652100,3769.8787,3830.4256,3769.8787,3766.3257
100810000,3828.9188,4958100,68976100,3501548100,44761628200,3769.8787,3830.4256,3769.8787,3766.3257
100815000,3829.1835,2101900,28467600,3503650000,44790095800,3769.8787,3830.4256,3769.8787,3766.3257
100819000,3829.3875,5670100,71633900,3509320100,44861729700,3769.8787,3830.4256,3769.8787,3766.3257
100825000,3829.1745,6102900,82172500,3515423000,44943902200,3769.8787,3830.4256,3769.8787,3766.3257
100828000,3829.5009,1967200,33607300,3517390200,44977509500,3769.8787,3830.4256,3769.8787,3766.3257
100834000,3829.4369,5431800,80169800,3522822000,45057679300,3769.8787,3830.4256,3769.8787,3766.3257
100840000,3829.4388,5668400,62084900,3528490400,45119764200,3769.8787,3830.4256,3769.8787,3766.3257
100845000,3828.8328,2737000,34034500,3531227400,45153798700,3769.8787,3830.4256,3769.8787,3766.3257
100849000,3829.2744,4773100,60008700,3536000500,45213807400,3769.8787,3830.4256,3769.8787,3766.3257
100855000,3829.0535,3980200,61173000,3539980700,45274980400,3769.8787,3830.4256,3769.8787,3766.3257
100858000,3828.3002,2841600,42505400,3542822300,45317485800,3769.8787,3830.4256,3769.8787,3766.3257
100904000,3827.8415,4851000,62173000,3547673300,45379658800,3769.8787,3830.4256,3769.8787,3766.3257
100910000,3827.5596,3871900,70356300,3551545200,45450015100,3769.8787,3830.4256,3769.8787,3766.3257
100913000,3828.0454,1796800,27300000,3553342000,45477315100,3769.8787,3830.4256,3769.8787,3766.3257
100919000,3827.8673,3867800,52962900,3557209800,45530278000,3769.8787,3830.4256,3769.8787,3766.3257
100925000,3827.8493,6742000,73389400,3563951800,45603667400,3769.8787,3830.4256,3769.8787,3766.3257
100930000,3828.2146,1887400,25097200,3565839200,45628764600,3769.8787,3830.4256,3769.8787,3766.3257
100934000,3827.4905,7023400,72110700,3572862600,45700875300,3769.8787,3830.4256,3769.8787,3766.3257
100940000,3827.4641,5785000,66173700,3578647600,45767049000,3769.8787,3830.4256,3769.8787,3766.3257
100943000,3827.3063,1896800,27165000,3580544400,45794214000,3769.8787,3830.4256,3769.8787,3766.3257
100949000,3827.3055,5403300,56393900,3585947700,45850607900,3769.8787,3830.4256,3769.8787,3766.3257
100955000,3827.3986,6076200,65748200,3592023900,45916356100,3769.8787,3830.4256,3769.8787,3766.3257
100958000,3827.3138,2645700,28941700,3594669600,45945297800,3769.8787,3830.4256,3769.8787,3766.3257
101004000,3827.0532,5882800,62125700,3600552400,46007423500,3769.8787,3830.4256,3769.8787,3766.3257
101010000,3827.053,5603200,70651300,3606155600,46078074800,3769.8787,3830.4256,3769.8787,3766.3257
101013000,3827.1478,4035800,42036800,3610191400,46120111600,3769.8787,3830.4256,3769.8787,3766.3257
101019000,3826.8905,5734300,65119100,3615925700,46185230700,3769.8787,3830.4256,3769.8787,3766.3257
101025000,3826.5608,4580100,56006500,3620505800,46241237200,3769.8787,3830.4256,3769.8787,3766.3257
101030000,3826.3938,1379100,26298000,3621884900,46267535200,3769.8787,3830.4256,3769.8787,3766.3257
101034000,3826.1984,5695400,58429400,3627580300,46325964600,3769.8787,3830.4256,3769.8787,3766.3257
101040000,3826.1775,4338900,62460200,3631919200,46388424800,3769.8787,3830.4256,3769.8787,3766.3257
101045000,3826.1376,3272200,43953600,3635191400,46432378400,3769.8787,3830.4256,3769.8787,3766.3257
101049000,3826.0776,4868700,64194800,3640060100,46496573200,3769.8787,3830.4256,3769.8787,3766.3257
101055000,3825.9188,5294100,61412800,3645354200,46557986000,3769.8787,3830.4256,3769.8787,3766.3257
101100000,3825.652,2512700,34232600,3647866900,46592218600,3769.8787,3830.4256,3769.8787,3766.3257
101104000,3825.8384,5151300,65864900,3653018200,46658083500,3769.8787,3830.4256,3769.8787,3766.3257
101110000,3825.8844,4172600,60905000,3657190800,46718988500,3769.8787,3830.4256,3769.8787,3766.3257
101113000,3826.2962,2401400,29297700,3659592200,46748286200,3769.8787,3830.4256,3769.8787,3766.3257
101119000,3825.6307,3970800,57190800,3663563000,46805477000,3769.8787,3830.4256,3769.8787,3766.3257
101125000,3825.7879,7275100,70541900,3670838100,46876018900,3769.8787,3830.4256,3769.8787,3766.3257
101128000,3826.204,2044700,27583700,3672882800,46903602600,3769.8787,3830.4256,3769.8787,3766.3257
101134000,3825.9929,4182900,65691600,3677065700,46969294200,3769.8787,3830.4256,3769.8787,3766.3257
101140000,3825.7562,4629400,61284700,3681695100,47030578900,3769.8787,3830.4256,3769.8787,3766.3257
101146000,3825.8243,4152400,53732600,3685847500,47084311500,3769.8787,3830.4256,3769.8787,3766.3257
101151000,3826.0616,2970300,31165100,3688817800,47115476600,3769.8787,3830.4256,3769.8787,3766.3257
101155000,3826.0105,7024600,64229300,3695842400,47179705900,3769.8787,3830.4256,3769.8787,3766.3257
101201000,3825.57,3377800,44157200,3699220200,47223863100,3769.8787,3830.4256,3769.8787,3766.3257
101206000,3825.4133,3026000,29595000,3702246200,47253458100,3769.8787,3830.4256,3769.8787,3766.3257
101210000,3826.0668,5266200,61643800,3707512400,47315101900,3769.8787,3830.4256,3769.8787,3766.3257
101216000,3825.6454,4781100,49244300,3712293500,47364346200,3769.8787,3830.4256,3769.8787,3766.3257
101219000,3825.6365,1673500,18105000,3713967000,47382451200,3769.8787,3830.4256,3769.8787,3766.3257
101225000,3825.5593,4736100,61659300,3718703100,47444110500,3769.8787,3830.4256,3769.8787,3766.3257
101231000,3825.136,3068500,44373900,3721771600,47488484400,3769.8787,3830.4256,3769.8787,3766.3257
101236000,3825.5127,1515600,24856000,3723287200,47513340400,3769.8787,3830.4256,3769.8787,3766.3257
101240000,3825.3663,3149200,41023700,3726436400,47554364100,3769.8787,3830.4256,3769.8787,3766.3257
101246000,3825.4649,3863000,61405100,3730299400,47615769200,3769.8787,3830.4256,3769.8787,3766.3257
101249000,3825.7094,2324300,28526500,3732623700,47644295700,3769.8787,3830.4256,3769.8787,3766.3257
101255000,3825.596,3850500,54525900,3736474200,47698821600,3769.8787,3830.4256,3769.8787,3766.3257
101301000,3825.2199,4301300,66011300,3740775500,47764832900,3769.8787,3830.4256,3769.8787,3766.3257
101304000,3825.6516,4902900,41640100,3745678400,47806473000,3769.8787,3830.4256,3769.8787,3766.3257
101310000,3825.6016,3572800,52911000,3749251200,47859384000,3769.8787,3830.4256,3769.8787,3766.3257
101316000,3825.6718,4251200,55691600,3753502400,47915075600,3769.8787,3830.4256,3769.8787,3766.3257
101319000,3826.1677,3358800,43053300,3756861200,47958128900,3769.8787,3830.4256,3769.8787,3766.3257
101325000,3826.4327,4574600,75180200,3761435800,48033309100,3769.8787,3830.4256,3769.8787,3766.3257
101331000,3827.4135,5481400,79921000,3766917200,48113230100,3769.8787,3830.4256,3769.8787,3766.3257
101334000,3827.2421,3779300,51434200,3770696500,48164664300,3769.8787,3830.4256,3769.8787,3766.3257
101340000,3827.8654,7377900,96184100,3778074400,48260848400,3769.8787,3830.4256,3769.8787,3766.3257
101346000,3828.1878,7935100,95694800,3786009500,48356543200,3769.8787,3830.4256,3769.8787,3766.3257
101349000,3828.6188,4424900,58734600,3790434400,48415277800,3769.8787,3830.4256,3769.8787,3766.3257
101355000,3828.9891,7451300,91316900,3797885700,48506594700,3769.8787,3830.4256,3769.8787,3766.3257
101401000,3830.9304,10538400,156388000,3808424100,48662982700,3769.8787,3830.9304,3769.8787,3766.3257
101406000,3831.4189,4835100,85135000,3813259200,48748117700,3769.8787,3831.4189,3769.8787,3766.3257
101410000,3831.2012,13045100,146693100,3826304300,48894810800,3769.8787,3831.6851,3769.8787,3766.3257
101416000,3831.7808,10660600,110739600,3836964900,49005550400,3769.8787,3831.7808,3769.8787,3766.3257
101421000,3831.8227,3760500,45015400,3840725400,49050565800,3769.8787,3831.8227,3769.8787,3766.3257
101425000,3832.4977,7640300,101583800,3848365700,49152149600,3769.8787,3832.4977,3769.8787,3766.3257
101431000,3832.8107,8089100,104739200,3856454800,49256888800,3769.8787,3832.8107,3769.8787,3766.3257
101436000,3832.9628,5466000,62272200,3861920800,49319161000,3769.8787,3832.9628,3769.8787,3766.3257
101440000,3833.3784,9068500,100860600,3870989300,49420021600,3769.8787,3833.3784,3769.8787,3766.3257
101446000,3833.6157,8811300,100545200,3879800600,49520566800,3769.8787,3833.7089,3769.8787,3766.3257
101451000,3833.7504,4586000,71555300,3884386600,49592122100,3769.8787,3833.7504,3769.8787,3766.3257
101455000,3834.4189,10485700,114821100,3894872300,49706943200,3769.8787,3834.4189,3769.8787,3766.3257
101501000,3834.7525,7920300,133325700,3902792600,49840268900,3769.8787,3834.7665,3769.8787,3766.3257
101504000,3835.2256,4857500,75057500,3907650100,49915326400,3769.8787,3835.2256,3769.8787,3766.3257
101510000,3835.798,7685000,95109500,3915335100,50010435900,3769.8787,3835.798,3769.8787,3766.3257
101516000,3835.8843,6651200,83338800,3921986300,50093774700,3769.8787,3835.9671,3769.8787,3766.3257
101519000,3836.0776,3712200,45421300,3925698500,50139196000,3769.8787,3836.0776,3769.8787,3766.3257
101525000,3836.0998,7138300,109645900,3932836800,50248841900,3769.8787,3836.2789,3769.8787,3766.3257
101531000,3836.4836,9239200,120880800,3942076000,50369722700,3769.8787,3836.4836,3769.8787,3766.3257
101534000,3836.4771,2479700,35337400,3944555700,50405060100,3769.8787,3836.4836,3769.8787,3766.3257
101540000,3836.8603,8858000,124065300,3953413700,50529125400,3769.8787,3836.8603,3769.8787,3766.3257
101546000,3837.3117,7258700,93442100,3960672400,50622567500,3769.8787,3837.3117,3769.8787,3766.3257
101552000,3837.3376,7048200,85540300,3967720600,50708107800,3769.8787,3837.3376,3769.8787,3766.3257
101557000,3837.3931,4742400,54700100,3972463000,50762807900,3769.8787,3837.3931,3769.8787,3766.3257
101601000,3837.7106,11090800,134104100,3983553800,50896912000,3769.8787,3837.7316,3769.8787,3766.3257
101607000,3837.9783,8392100,107058700,3991945900,51003970700,3769.8787,3837.9783,3769.8787,3766.3257
101610000,3838.3145,6071000,73990000,3998016900,51077960700,3769.8787,3838.3145,3769.8787,3766.3257
101616000,3838.4375,7400300,86616600,4005417200,51164577300,3769.8787,3838.4668,3769.8787,3766.3257
101622000,3838.7293,9608300,107302600,4015025500,51271879900,3769.8787,3838.7293,3769.8787,3766.3257
101625000,3838.529,4796600,49515300,4019822100,51321395200,3769.8787,3838.7293,3769.8787,3766.3257
101631000,3838.1847,6535700,82976300,4026357800,51404371500,3769.8787,3838.7293,3769.8787,3766.3257
101637000,3837.295,10091800,129751800,4036449600,51534123300,3769.8787,3838.7293,3769.8787,3766.3257
101640000,3837.4758,5768600,63143900,4042218200,51597267200,3769.8787,3838.7293,3769.8787,3766.3257
101646000,3837.0044,8204000,113933600,4050422200,51711200800,3769.8787,3838.7293,3769.8787,3766.3257
101652000,3836.8636,8495300,93179400,4058917500,51804380200,3769.8787,3838.7293,3769.8787,3766.3257
101655000,3836.0683,4520300,54378100,4063437800,51858758300,3769.8787,3838.7293,3769.8787,3766.3257
101701000,3835.8202,7458100,96835500,4070895900,51955593800,3769.8787,3838.7293,3769.8787,3766.3257
101707000,3836.2257,8337300,107807900,4079233200,52063401700,3769.8787,3838.7293,3769.8787,3766.3257
101710000,3836.2324,3376800,36917800,4082610000,52100319500,3769.8787,3838.7293,3769.8787,3766.3257
101716000,3836.4332,6347800,78453900,4088957800,52178773400,3769.8787,3838.7293,3769.8787,3766.3257
101722000,3836.5179,6735800,89767200,4095693600,52268540600,3769.8787,3838.7293,3769.8787,3766.3257
101725000,3836.5328,3080000,34511600,4098773600,52303052200,3769.8787,3838.7293,3769.8787,3766.3257
101731000,3836.2955,7416800,67598500,4106190400,52370650700,3769.8787,3838.7293,3769.8787,3766.3257
101737000,3836.3511,12033000,100057500,4118223400,52470708200,3769.8787,3838.7293,3769.8787,3766.3257
101742000,3836.5365,2036600,30555900,4120260000,52501264100,3769.8787,3838.7293,3769.8787,3766.3257
101746000,3836.8516,5751600,74455300,4126011600,52575719400,3769.8787,3838.7293,3769.8787,3766.3257
101752000,3837.1198,4583300,56408400,4130594900,52632127800,3769.8787,3838.7293,3769.8787,3766.3257
101757000,3837.1763,2536600,31391200,4133131500,52663519000,3769.8787,3838.7293,3769.8787,3766.3257
101801000,3836.7847,9458600,86189600,4142590100,52749708600,3769.8787,3838.7293,3769.8787,3766.3257
101807000,3837.1417,5825400,76939600,4148415500,52826648200,3769.8787,3838.7293,3769.8787,3766.3257
101810000,3837.573,3397000,38439500,4151812500,52865087700,3769.8787,3838.7293,3769.8787,3766.3257
101816000,3837.6586,5292800,64241000,4157105300,52929328700,3769.8787,3838.7293,3769.8787,3766.3257
101822000,3837.2194,10032200,97488800,4167137500,53026817500,3769.8787,3838.7293,3769.8787,3766.3257
101827000,3837.4401,2196000,25981200,4169333500,53052798700,3769.8787,3838.7293,3769.8787,3766.3257
101831000,3836.8309,4342300,57735600,4173675800,53110534300,3769.8787,3838.7293,3769.8787,3766.3257
101837000,3837.0634,7164100,83724900,4180839900,53194259200,3769.8787,3838.7293,3769.8787,3766.3257
101840000,3836.7556,2586200,35729200,4183426100,53229988400,3769.8787,3838.7293,3769.8787,3766.3257
101846000,3836.5278,6406700,69278300,4189832800,53299266700,3769.8787,3838.7293,3769.8787,3766.3257
101852000,3837.094,4585800,57831400,4194418600,53357098100,3769.8787,3838.7293,3769.8787,3766.3257
101855000,3836.749,2343600,33342100,4196762200,53390440200,3769.8787,3838.7293,3769.8787,3766.3257
101901000,3836.5287,6731900,89291900,4203494100,53479732100,3769.8787,3838.7293,3769.8787,3766.3257
101907000,3836.5648,6281400,81253500,4209775500,53560985600,3769.8787,3838.7293,3769.8787,3766.3257
101910000,3836.3378,2701400,33467200,4212476900,53594452800,3769.8787,3838.7293,3769.8787,3766.3257
101916000,3836.5885,3438500,48802300,4215915400,53643255100,3769.8787,3838.7293,3769.8787,3766.3257
101922000,3836.2756,5560300,59261500,4221475700,53702516600,3769.8787,3838.7293,3769.8787,3766.3257
101925000,3836.5153,2250000,28787500,4223725700,53731304100,3769.8787,3838.7293,3769.8787,3766.3257
101931000,3835.9993,5063600,65084700,4228789300,53796388800,3769.8787,3838.7293,3769.8787,3766.3257
101937000,3836.0328,6390400,61733700,4235179700,53858122500,3769.8787,3838.7293,3769.8787,3766.3257
101940000,3836.0404,2014000,29577300,4237193700,53887699800,3769.8787,3838.7293,3769.8787,3766.3257
101946000,3835.9606,4837900,55743200,4242031600,53943443000,3769.8787,3838.7293,3769.8787,3766.3257
101952000,3835.6569,4911600,60373100,4246943200,54003816100,3769.8787,3838.7293,3769.8787,3766.3257
101955000,3835.7507,2033700,22861000,4248976900,54026677100,3769.8787,3838.7293,3769.8787,3766.3257
102001000,3835.9787,6762800,71148500,4255739700,54097825600,3769.8787,3838.7293,3769.8787,3766.3257
102007000,3835.9464,4545300,64588500,4260285000,54162414100,3769.8787,3838.7293,3769.8787,3766.3257
102012000,3835.9543,2741200,32610500,4263026200,54195024600,3769.8787,3838.7293,3769.8787,3766.3257
102018000,3835.7708,5183500,69949100,4268209700,54264973700,3769.8787,3838.7293,3769.8787,3766.3257
102022000,3835.7373,5173500,59286500,4273383200,54324260200,3769.8787,3838.7293,3769.8787,3766.3257
102028000,3835.8395,4140900,66507800,4277524100,54390768000,3769.8787,3838.7293,3769.8787,3766.3257
102031000,3835.1901,3411700,35781200,4280935800,54426549200,3769.8787,3838.7293,3769.8787,3766.3257
102037000,3835.418,5528200,64882700,4286464000,54491431900,3769.8787,3838.7293,3769.8787,3766.3257
102043000,3835.6564,3557700,59929100,4290021700,54551361000,3769.8787,3838.7293,3769.8787,3766.3257
102046000,3835.5082,3178100,39171300,4293199800,54590532300,3769.8787,3838.7293,3769.8787,3766.3257
102052000,3835.0431,6190600,60921400,4299390400,54651453700,3769.8787,3838.7293,3769.8787,3766.3257
102058000,3835.6534,3701500,62499900,4303091900,54713953600,3769.8787,3838.7293,3769.8787,3766.3257
102101000,3835.3456,2239800,24707300,4305331700,54738660900,3769.8787,3838.7293,3769.8787,3766.3257
102107000,3835.6428,3699300,51802300,4309031000,54790463200,3769.8787,3838.7293,3769.8787,3766.3257
102113000,3835.6991,5156600,64007000,4314187600,54854470200,3769.8787,3838.7293,3769.8787,3766.3257
102116000,3835.4731,2607900,25791200,4316795500,54880261400,3769.8787,3838.7293,3769.8787,3766.3257
102122000,3835.3555,4203100,55808700,4320998600,54936070100,3769.8787,3838.7293,3769.8787,3766.3257
102128000,3834.9263,4159900,59189000,4325158500,54995259100,3769.8787,3838.7293,3769.8787,3766.3257
102133000,3835.3039,2052000,28148900,4327210500,55023408000,3769.8787,3838.7293,3769.8787,3766.3257
102137000,3835.0355,5484400,74567000,4332694900,55097975000,3769.8787,3838.7293,3769.8787,3766.3257
102143000,3835.5588,7608100,77063100,4340303000,55175038100,3769.8787,3838.7293,3769.8787,3766.3257
102146000,3835.6657,1837900,30812500,4342140900,55205850600,3769.8787,3838.7293,3769.8787,3766.3257
102152000,3835.7691,4553300,58698500,4346694200,55264549100,3769.8787,3838.7293,3769.8787,3766.3257
102158000,3835.7243,4312500,53601100,4351006700,55318150200,3769.8787,3838.7293,3769.8787,3766.3257
102201000,3835.263,1590900,21759500,4352597600,55339909700,3769.8787,3838.7293,3769.8787,3766.3257
102207000,3835.4569,5218500,63991800,4357816100,55403901500,3769.8787,3838.7293,3769.8787,3766.3257
102213000,3835.5703,3975900,50111400,4361792000,55454012900,3769.8787,3838.7293,3769.8787,3766.3257
102216000,3835.734,2145200,23556900,4363937200,55477569800,3769.8787,3838.7293,3769.8787,3766.3257
102222000,3835.1351,4185800,50362600,4368123000,55527932400,3769.8787,3838.7293,3769.8787,3766.3257
102228000,3835.1772,5055900,49089300,4373178900,55577021700,3769.8787,3838.7293,3769.8787,3766.3257
102233000,3834.6022,2615900,30430600,4375794800,55607452300,3769.8787,3838.7293,3769.8787,3766.3257
102237000,3834.3116,5282800,70534000,4381077600,55677986300,3769.8787,3838.7293,3769.8787,3766.3257
102243000,3834.7064,6384900,81043300,4387462500,55759029600,3769.8787,3838.7293,3769.8787,3766.3257
102248000,3834.3286,3197400,32307500,4390659900,55791337100,3769.8787,3838.7293,3769.8787,3766.3257
102252000,3834.1791,6000600,76022600,4396660500,55867359700,3769.8787,3838.7293,3769.8787,3766.3257
102258000,3833.7766,5892200,78809000,4402552700,55946168700,3769.8787,3838.7293,3769.8787,3766.3257
102301000,3833.42,3166200,36078500,4405718900,55982247200,3769.8787,3838.7293,3769.8787,3766.3257
102307000,3833.7073,5710300,59126400,4411429200,56041373600,3769.8787,3838.7293,3769.8787,3766.3257
102313000,3832.9628,5683900,57384000,4417113100,56098757600,3769.8787,3838.7293,3769.8787,3766.3257
102316000,3833.3438,2449600,31154700,4419562700,56129912300,3769.8787,3838.7293,3769.8787,3766.3257
102322000,3832.7998,4043000,53101800,4423605700,56183014100,3769.8787,3838.7293,3769.8787,3766.3257
102328000,3833.3056,4598700,56193300,4428204400,56239207400,3769.8787,3838.7293,3769.8787,3766.3257
102331000,3832.7316,3016600,40711100,4431221000,56279918500,3769.8787,3838.7293,3769.8787,3766.3257
102337000,3832.7609,4455400,59062300,4435676400,56338980800,3769.8787,3838.7293,3769.8787,3766.3257
102343000,3832.6052,5979100,68988400,4441655500,56407969200,3769.8787,3838.7293,3769.8787,3766.3257
102346000,3832.7887,3860300,37894300,4445515800,56445863500,3769.8787,3838.7293,3769.8787,3766.3257
102352000,3832.571,5796000,64954200,4451311800,56510817700,3769.8787,3838.7293,3769.8787,3766.3257
102358000,3832.2063,5808100,66637700,4457119900,56577455400,3769.8787,3838.7293,3769.8787,3766.3257
102401000,3831.8851,2144300,23693000,4459264200,56601148400,3769.8787,3838.7293,3769.8787,3766.3257
102407000,3832.2647,5910600,65699200,4465174800,56666847600,3769.8787,3838.7293,3769.8787,3766.3257
102413000,3831.6111,4982200,63392000,4470157000,56730239600,3769.8787,3838.7293,3769.8787,3766.3257
102418000,3831.8869,1957900,27572000,4472114900,56757811600,3769.8787,3838.7293,3769.8787,3766.3257
102422000,3831.7301,3930900,54789300,4476045800,56812600900,3769.8787,3838.7293,3769.8787,3766.3257
102428000,3831.4137,4517300,54016600,4480563100,56866617500,3769.8787,3838.7293,3769.8787,3766.3257
102434000,3831.2261,4445100,54785400,4485008200,56921402900,3769.8787,3838.7293,3769.8787,3766.3257
102437000,3831.371,2174000,27951000,4487182200,56949353900,3769.8787,3838.7293,3769.8787,3766.3257
102443000,3831.0155,4121000,50604000,4491303200,56999957900,3769.8787,3838.7293,3769.8787,3766.3257
102449000,3830.7551,4356800,55549400,4495660000,57055507300,3769.8787,3838.7293,3769.8787,3766.3257
102454000,3830.4702,2614800,29945900,4498274800,57085453200,3769.8787,3838.7293,3769.8787,3766.3257
102458000,3830.9367,6889200,69027700,4505164000,57154480900,3769.8787,3838.7293,3769.8787,3766.3257
102504000,3830.605,5279400,54976200,4510443400,57209457100,3769.8787,3838.7293,3769.8787,3766.3257
102507000,3830.3786,2709100,38235500,4513152500,57247692600,3769.8787,3838.7293,3769.8787,3766.3257
102513000,3830.4448,4496100,49444600,4517648600,57297137200,3769.8787,3838.7293,3769.8787,3766.3257
102519000,3830.4582,6348600,67569500,4523997200,57364706700,3769.8787,3838.7293,3769.8787,3766.3257
102522000,3830.3362,2246700,24243000,4526243900,57388949700,3769.8787,3838.7293,3769.8787,3766.3257
102528000,3830.5949,4453000,59862900,4530696900,57448812600,3769.8787,3838.7293,3769.8787,3766.3257
102534000,3830.3047,4332300,44082200,4535029200,57492894800,3769.8787,3838.7293,3769.8787,3766.3257
102537000,3830.2658,1990700,20593100,4537019900,57513487900,3769.8787,3838.7293,3769.8787,3766.3257
102543000,3830.3502,3684000,48886900,4540703900,57562374800,3769.8787,3838.7293,3769.8787,3766.3257
102549000,3830.0263,5073500,62675200,4545777400,57625050000,3769.8787,3838.7293,3769.8787,3766.3257
102552000,3830.3413,2642600,29770400,4548420000,57654820400,3769.8787,3838.7293,3769.8787,3766.3257
102558000,3830.0916,5384500,72034100,4553804500,57726854500,3769.8787,3838.7293,3769.8787,3766.3257
102604000,3829.9745,3750500,45115700,4557555000,57771970200,3769.8787,3838.7293,3769.8787,3766.3257
102607000,3830.2508,2318300,26473700,4559873300,57798443900,3769.8787,3838.7293,3769.8787,3766.3257
102613000,3830.1595,4126000,44361500,4563999300,57842805400,3769.8787,3838.7293,3769.8787,3766.3257
102619000,3830.1785,4549100,60216700,4568548400,57903022100,3769.8787,3838.7293,3769.8787,3766.3257
102622000,3830.4312,1474000,23641200,4570022400,57926663300,3769.8787,3838.7293,3769.8787,3766.3257
102628000,3830.2053,4638300,56626600,4574660700,57983289900,3769.8787,3838.7293,3769.8787,3766.3257
102634000,3830.0758,3859400,47104200,4578520100,58030394100,3769.8787,3838.7293,3769.8787,3766.3257
102637000,3830.2619,1987500,27075300,4580507600,58057469400,3769.8787,3838.7293,3769.8787,3766.3257
102643000,3830.1868,8265200,84594200,4588772800,58142063600,3769.8787,3838.7293,3769.8787,3766.3257
102649000,3830.6147,3567900,44933500,4592340700,58186997100,3769.8787,3838.7293,3769.8787,3766.3257
102654000,3830.6231,1218200,15735700,4593558900,58202732800,3769.8787,3838.7293,3769.8787,3766.3257
102658000,3830.8915,2824000,41824600,4596382900,58244557400,3769.8787,3838.7293,3769.8787,3766.3257
102704000,3830.536,3253200,44164100,4599636100,58288721500,3769.8787,3838.7293,3769.8787,3766.3257
102707000,3830.6597,1555400,25104600,4601191500,58313826100,3769.8787,3838.7293,3769.8787,3766.3257
102713000,3830.9929,3239100,39487800,4604430600,58353313900,3769.8787,3838.7293,3769.8787,3766.3257
102719000,3830.8504,5222600,55796200,4609653200,58409110100,3769.8787,3838.7293,3769.8787,3766.3257
102724000,3830.913,2524200,21717900,4612177400,58430828000,3769.8787,3838.7293,3769.8787,3766.3257
102728000,3830.8128,3155100,46124400,4615332500,58476952400,3769.8787,3838.7293,3769.8787,3766.3257
102734000,3830.717,3498900,43767700,4618831400,58520720100,3769.8787,3838.7293,3769.8787,3766.3257
102737000,3830.5987,1778400,21439200,4620609800,58542159300,3769.8787,3838.7293,3769.8787,3766.3257
102743000,3830.6778,3341500,46251000,4623951300,58588410300,3769.8787,3838.7293,3769.8787,3766.3257
102749000,3830.896,3399700,43837000,4627351000,58632247300,3769.8787,3838.7293,3769.8787,3766.3257
102752000,3830.7889,1956500,23779800,4629307500,58656027100,3769.8787,3838.7293,3769.8787,3766.3257
102758000,3830.9772,3561100,43443100,4632868600,58699470200,3769.8787,3838.7293,3769.8787,3766.3257
102804000,3830.5615,3554100,44828800,4636422700,58744299000,3769.8787,3838.7293,3769.8787,3766.3257
102809000,3831.1871,1550500,25254200,4637973200,58769553200,3769.8787,3838.7293,3769.8787,3766.3257
102813000,3831.2146,2818700,40864600,4640791900,58810417800,3769.8787,3838.7293,3769.8787,3766.3257
102819000,3831.1435,1790700,27927800,4642582600,58838345600,3769.8787,3838.7293,3769.8787,3766.3257
102825000,3831.1456,2830500,45980300,4645413100,58884325900,3769.8787,3838.7293,3769.8787,3766.3257
102828000,3831.122,1711300,20963500,4647124400,58905289400,3769.8787,3838.7293,3769.8787,3766.3257
102834000,3831.3154,3548600,56317400,4650673000,58961606800,3769.8787,3838.7293,3769.8787,3766.3257
102840000,3831.5542,2773900,38956900,4653446900,59000563700,3769.8787,3838.7293,3769.8787,3766.3257
102843000,3831.7844,2504400,35074100,4655951300,59035637800,3769.8787,3838.7293,3769.8787,3766.3257
102849000,3831.5988,3833600,45909000,4659784900,59081546800,3769.8787,3838.7293,3769.8787,3766.3257
102855000,3831.8171,2966000,38696200,4662750900,59120243000,3769.8787,3838.7293,3769.8787,3766.3257
102858000,3831.6757,2231400,26492400,4664982300,59146735400,3769.8787,3838.7293,3769.8787,3766.3257
102904000,3831.5167,3867200,56175600,4668849500,59202911000,3769.8787,3838.7293,3769.8787,3766.3257
102910000,3832.2532,3402300,52770200,4672251800,59255681200,3769.8787,3838.7293,3769.8787,3766.3257
102915000,3832.0004,1455200,22576200,4673707000,59278257400,3769.8787,3838.7293,3769.8787,3766.3257
102919000,3831.8917,4286700,60013300,4677993700,59338270700,3769.8787,3838.7293,3769.8787,3766.3257
102925000,3832.4838,3288200,52116200,4681281900,59390386900,3769.8787,3838.7293,3769.8787,3766.3257
102928000,3832.4775,1244300,19438300,4682526200,59409825200,3769.8787,3838.7293,3769.8787,3766.3257
102934000,3831.7332,4072800,49621300,4686599000,59459446500,3769.8787,3838.7293,3769.8787,3766.3257
102940000,3832.1573,3680300,48672200,4690279300,59508118700,3769.8787,3838.7293,3769.8787,3766.3257
102943000,3832.2441,2372200,22753200,4692651500,59530871900,3769.8787,3838.7293,3769.8787,3766.3257
102949000,3832.4658,3642200,57090800,4696293700,59587962700,3769.8787,3838.7293,3769.8787,3766.3257
102955000,3832.5206,3335300,55558400,4699629000,59643521100,3769.8787,3838.7293,3769.8787,3766.3257
103000000,3832.3039,1581900,21812200,4701210900,59665333300,3769.8787,3838.7293,3769.8787,3766.3257
103004000,3832.2909,3380600,49379600,4704591500,59714712900,3769.8787,3838.7293,3769.8787,3766.3257
103010000,3832.8533,4500700,56167800,4709092200,59770880700,3769.8787,3838.7293,3769.8787,3766.3257
103013000,3832.6926,2723800,30033500,4711816000,59800914200,3769.8787,3838.7293,3769.8787,3766.3257
103019000,3832.9871,3938100,61292000,4715754100,59862206200,3769.8787,3838.7293,3769.8787,3766.3257
103025000,3833.4742,3614500,53140600,4719368600,59915346800,3769.8787,3838.7293,3769.8787,3766.3257
103028000,3833.9424,2351200,29211000,4721719800,59944557800,3769.8787,3838.7293,3769.8787,3766.3257
103034000,3833.5677,3533500,58953500,4725253300,60003511300,3769.8787,3838.7293,3769.8787,3766.3257
103040000,3834.0396,3351300,57635700,4728604600,60061147000,3769.8787,3838.7293,3769.8787,3766.3257
103043000,3833.746,2315700,36804700,4730920300,60097951700,3769.8787,3838.7293,3769.8787,3766.3257
103049000,3834.5067,3520700,57286100,4734441000,60155237800,3769.8787,3838.7293,3769.8787,3766.3257
103055000,3835.1874,6647800,76228700,4741088800,60231466500,3769.8787,3838.7293,3769.8787,3766.3257
103058000,3835.5499,2397700,32708800,4743486500,60264175300,3769.8787,3838.7293,3769.8787,3766.3257
103104000,3835.6168,7214500,76130000,4750701000,60340305300,3769.8787,3838.7293,3769.8787,3766.3257
103110000,3836.0267,6860300,78606500,4757561300,60418911800,3769.8787,3838.7293,3769.8787,3766.3257
103113000,3836.0995,3059400,36426600,4760620700,60455338400,3769.8787,3838.7293,3769.8787,3766.3257
103119000,3835.8735,6906500,77190900,4767527200,60532529300,3769.8787,3838.7293,3769.8787,3766.3257
103125000,3835.8662,11259900,97817300,4778787100,60630346600,3769.8787,3838.7293,3769.8787,3766.3257
103128000,3836.1471,4132700,35063900,4782919800,60665410500,3769.8787,3838.7293,3769.8787,3766.3257
103134000,3835.9925,7376600,80010900,4790296400,60745421400,3769.8787,3838.7293,3769.8787,3766.3257
103140000,3836.7677,4901000,95039400,4795197400,60840460800,3769.8787,3838.7293,3769.8787,3766.3257
103143000,3837.1458,2419500,36129000,4797616900,60876589800,3769.8787,3838.7293,3769.8787,3766.3257
103149000,3837.112,6851800,80517400,4804468700,60957107200,3769.8787,3838.7293,3769.8787,3766.3257
103155000,3837.868,6266600,80628300,4810735300,61037735500,3769.8787,3838.7293,3769.8787,3766.3257
103158000,3837.8273,1701200,22576500,4812436500,61060312000,3769.8787,3838.7293,3769.8787,3766.3257
103204000,3837.9725,4349300,63188900,4816785800,61123500900,3769.8787,3838.7293,3769.8787,3766.3257
103210000,3838.3157,4784500,74623600,4821570300,61198124500,3769.8787,3838.7293,3769.8787,3766.3257
103213000,3838.1832,2975800,36725600,4824546100,61234850100,3769.8787,3838.7293,3769.8787,3766.3257
103219000,3838.1326,4817700,58843700,4829363800,61293693800,3769.8787,3838.7293,3769.8787,3766.3257
103225000,3838.4229,5377000,69772700,4834740800,61363466500,3769.8787,3838.7293,3769.8787,3766.3257
103228000,3838.161,1935300,25835800,4836676100,61389302300,3769.8787,3838.7293,3769.8787,3766.3257
103234000,3838.2586,7432100,78823300,4844108200,61468125600,3769.8787,3838.7293,3769.8787,3766.3257
103240000,3838.5729,6941700,74322100,4851049900,61542447700,3769.8787,3838.7293,3769.8787,3766.3257
103246000,3838.0868,9894300,82875300,4860944200,61625323000,3769.8787,3838.7293,3769.8787,3766.3257
103249000,3837.6639,1894500,29578200,4862838700,61654901200,3769.8787,3838.7293,3769.8787,3766.3257
103255000,3838.357,5116800,67923200,4867955500,61722824400,3769.8787,3838.7293,3769.8787,3766.3257
103301000,3838.6177,4905200,59445700,4872860700,61782270100,3769.8787,3838.7564,3769.8787,3766.3257
103304000,3838.2588,2153200,25011400,4875013900,61807281500,3769.8787,3838.7564,3769.8787,3766.3257
103310000,3839.1227,5609700,62117000,4880623600,61869398500,3769.8787,3839.1227,3769.8787,3766.3257
103316000,3838.9506,5341900,58074500,4885965500,61927473000,3769.8787,3839.1227,3769.8787,3766.3257
103319000,3838.7959,3833100,35887100,4889798600,61963360100,3769.8787,3839.1227,3769.8787,3766.3257
103325000,3839.3958,4476600,61660000,4894275200,62025020100,3769.8787,3839.3958,3769.8787,3766.3257
103331000,3839.6982,5472000,65848500,4899747200,62090868600,3769.8787,3839.7008,3769.8787,3766.3257
103334000,3839.8673,2135900,26827300,4901883100,62117695900,3769.8787,3839.8673,3769.8787,3766.3257
103340000,3839.9273,10390800,98039100,4912273900,62215735000,3769.8787,3840.0867,3769.8787,3766.3257
103346000,3840.1184,6490500,94868800,4918764400,62310603800,3769.8787,3840.1888,3769.8787,3766.3257
103349000,3840.0362,2894500,54523400,4921658900,62365127200,3769.8787,3840.1888,3769.8787,3766.3257
103355000,3841.0023,6105700,77803200,4927764600,62442930400,3769.8787,3841.0023,3769.8787,3766.3257
103401000,3841.209,5063700,75792300,4932828300,62518722700,3769.8787,3841.209,3769.8787,3766.3257
103404000,3840.8309,3423600,49918700,4936251900,62568641400,3769.8787,3841.209,3769.8787,3766.3257
103410000,3841.3071,4516100,63224800,4940768000,62631866200,3769.8787,3841.3071,3769.8787,3766.3257
103416000,3840.9452,5621700,73166300,4946389700,62705032500,3769.8787,3841.3071,3769.8787,3766.3257
103421000,3841.3753,2114400,28009300,4948504100,62733041800,3769.8787,3841.3753,3769.8787,3766.3257
103425000,3841.3577,6081500,75610700,4954585600,62808652500,3769.8787,3841.3753,3769.8787,3766.3257
103431000,3841.3053,7418400,80077800,4962004000,62888730300,3769.8787,3841.5621,3769.8787,3766.3257
103434000,3841.1062,3268600,41501900,4965272600,62930232200,3769.8787,3841.5621,3769.8787,3766.3257
103440000,3841.4469,4841900,64290100,4970114500,62994522300,3769.8787,3841.5621,3769.8787,3766.3257
103446000,3841.4116,4635300,76028000,4974749800,63070550300,3769.8787,3841.6475,3769.8787,3766.3257
103449000,3841.1875,2795200,30847800,4977545000,63101398100,3769.8787,3841.6475,3769.8787,3766.3257
103455000,3841.6386,4176700,61992100,4981721700,63163390200,3769.8787,3841.8703,3769.8787,3766.3257
103501000,3841.6089,4587600,63994900,4986309300,63227385100,3769.8787,3841.8703,3769.8787,3766.3257
103506000,3841.5745,2519600,32022200,4988828900,63259407300,3769.8787,3841.8703,3769.8787,3766.3257
103510000,3841.7435,4807900,56511800,4993636800,63315919100,3769.8787,3841.8703,3769.8787,3766.3257
103516000,3841.5699,4597000,63060700,4998233800,63378979800,3769.8787,3841.8703,3769.8787,3766.3257
103519000,3841.5206,2202100,33657100,5000435900,63412636900,3769.8787,3841.8703,3769.8787,3766.3257
103525000,3841.4235,4557900,65994900,5004993800,63478631800,3769.8787,3841.8703,3769.8787,3766.3257
103531000,3841.3313,4999200,58981500,5009993000,63537613300,3769.8787,3841.8703,3769.8787,3766.3257
103534000,3841.6023,4065800,40353100,5014058800,63577966400,3769.8787,3841.8703,3769.8787,3766.3257
103540000,3841.354,5264000,77655800,5019322800,63655622200,3769.8787,3841.8703,3769.8787,3766.3257
103546000,3841.3476,5206200,66223500,5024529000,63721845700,3769.8787,3841.8703,3769.8787,3766.3257
103549000,3841.4268,3045700,34412000,5027574700,63756257700,3769.8787,3841.8703,3769.8787,3766.3257
103555000,3841.7884,6010500,78887700,5033585200,63835145400,3769.8787,3841.8703,3769.8787,3766.3257
103601000,3842.668,6721600,88838200,5040306800,63923983600,3769.8787,3842.668,3769.8787,3766.3257
103606000,3842.2612,2361600,38118200,5042668400,63962101800,3769.8787,3842.668,3769.8787,3766.3257
103610000,3842.126,4401400,59450200,5047069800,64021552000,3769.8787,3842.668,3769.8787,3766.3257
103616000,3842.3205,5679000,73395100,5052748800,64094947100,3769.8787,3842.668,3769.8787,3766.3257
103619000,3842.5544,2116700,28967600,5054865500,64123914700,3769.8787,3842.668,3769.8787,3766.3257
103625000,3842.8929,6051300,71044000,5060916800,64194958700,3769.8787,3842.8965,3769.8787,3766.3257
103631000,3842.997,5027300,64078000,5065944100,64259036700,3769.8787,3842.997,3769.8787,3766.3257
103636000,3842.84,3082400,30699200,5069026500,64289735900,3769.8787,3842.997,3769.8787,3766.3257
103640000,3842.8773,6375100,72720700,5075401600,64362456600,3769.8787,3842.997,3769.8787,3766.3257
103646000,3843.0114,4690300,63186500,5080091900,64425643100,3769.8787,3843.0161,3769.8787,3766.3257
103651000,3843.1061,2026400,24647900,5082118300,64450291000,3769.8787,3843.1061,3769.8787,3766.3257
103655000,3843.4063,7659200,77779100,5089777500,64528070100,3769.8787,3843.4063,3769.8787,3766.3257
103701000,3843.9182,9901600,101354600,5099679100,64629424700,3769.8787,3843.9182,3769.8787,3766.3257
103706000,3844.0953,4411200,53806600,5104090300,64683231300,3769.8787,3844.0953,3769.8787,3766.3257
103710000,3844.8446,5535600,78929600,5109625900,64762160900,3769.8787,3844.8472,3769.8787,3766.3257
103716000,3844.8115,6992100,90982700,5116618000,64853143600,3769.8787,3844.8472,3769.8787,3766.3257
103722000,3845.1809,5167600,72615600,5121785600,64925759200,3769.8787,3845.1809,3769.8787,3766.3257
103725000,3844.8385,2398000,31713400,5124183600,64957472600,3769.8787,3845.1809,3769.8787,3766.3257
103731000,3845.3986,6213800,81426600,5130397400,65038899200,3769.8787,3845.3986,3769.8787,3766.3257
103737000,3845.0383,6412700,67523900,5136810100,65106423100,3769.8787,3845.3986,3769.8787,3766.3257
103740000,3845.2171,2101500,25181600,5138911600,65131604700,3769.8787,3845.3986,3769.8787,3766.3257
103746000,3844.7291,6140600,91224800,5145052200,65222829500,3769.8787,3845.3986,3769.8787,3766.3257
103752000,3844.7105,8717900,81122900,5153770100,65303952400,3769.8787,3845.3986,3769.8787,3766.3257
103755000,3844.7889,3211600,42828800,5156981700,65346781200,3769.8787,3845.3986,3769.8787,3766.3257
103801000,3845.0918,5270500,70378600,5162252200,65417159800,3769.8787,3845.3986,3769.8787,3766.3257
103807000,3844.7592,5370000,65160900,5167622200,65482320700,3769.8787,3845.3986,3769.8787,3766.3257
103810000,3844.8943,3022900,35662300,5170645100,65517983000,3769.8787,3845.3986,3769.8787,3766.3257
103816000,3844.8502,5217300,60843700,5175862400,65578826700,3769.8787,3845.3986,3769.8787,3766.3257
103822000,3844.8988,4704500,62167100,5180566900,65640993800,3769.8787,3845.3986,3769.8787,3766.3257
103827000,3844.758,3859500,46953000,5184426400,65687946800,3769.8787,3845.3986,3769.8787,3766.3257
103831000,3845.0551,3360100,46976400,5187786500,65734923200,3769.8787,3845.3986,3769.8787,3766.3257
103837000,3844.0336,3625900,49807300,5191412400,65784730500,3769.8787,3845.3986,3769.8787,3766.3257
103840000,3844.1869,2078900,26760500,5193491300,65811491000,3769.8787,3845.3986,3769.8787,3766.3257
103846000,3843.1849,6760100,82444600,5200251400,65893935600,3769.8787,3845.3986,3769.8787,3766.3257
103852000,3843.1157,5870500,76618400,5206121900,65970554000,3769.8787,3845.3986,3769.8787,3766.3257
103855000,3843.1328,3342500,43159100,5209464400,66013713100,3769.8787,3845.3986,3769.8787,3766.3257
103901000,3842.652,5102100,68113800,5214566500,66081826900,3769.8787,3845.3986,3769.8787,3766.3257
103907000,3842.6171,3655800,53772700,5218222300,66135599600,3769.8787,3845.3986,3769.8787,3766.3257
103910000,3843.1057,3084200,45852300,5221306500,66181451900,3769.8787,3845.3986,3769.8787,3766.3257
103916000,3842.6256,4114300,63509300,5225420800,66244961200,3769.8787,3845.3986,3769.8787,3766.3257
103922000,3843.2638,4096100,53043300,5229516900,66298004500,3769.8787,3845.3986,3769.8787,3766.3257
103925000,3843.056,1805800,22925900,5231322700,66320930400,3769.8787,3845.3986,3769.8787,3766.3257
103931000,3842.9573,3550100,45796500,5234872800,66366726900,3769.8787,3845.3986,3769.8787,3766.3257
103937000,3842.6994,4149700,56580100,5239022500,66423307000,3769.8787,3845.3986,3769.8787,3766.3257
103940000,3842.8377,2072200,28539900,5241094700,66451846900,3769.8787,3845.3986,3769.8787,3766.3257
103946000,3842.454,3831200,48526900,5244925900,66500373800,3769.8787,3845.3986,3769.8787,3766.3257
103952000,3842.6255,4979000,60387400,5249904900,66560761200,3769.8787,3845.3986,3769.8787,3766.3257
103955000,3842.7764,2944800,36812800,5252849700,66597574000,3769.8787,3845.3986,3769.8787,3766.3257
104001000,3842.6165,4677000,53586700,5257526700,66651160700,3769.8787,3845.3986,3769.8787,3766.3257
104007000,3842.5614,3594100,51339000,5261120800,66702499700,3769.8787,3845.3986,3769.8787,3766.3257
104010000,3842.3527,2435700,28605400,5263556500,66731105100,3769.8787,3845.3986,3769.8787,3766.3257
104016000,3842.6876,2830100,35372700,5266386600,66766477800,3769.8787,3845.3986,3769.8787,3766.3257
104022000,3842.6502,3378800,55391800,5269765400,66821869600,3769.8787,3845.3986,3769.8787,3766.3257
104025000,3842.6284,2504200,28818000,5272269600,66850687600,3769.8787,3845.3986,3769.8787,3766.3257
104031000,3842.4298,3381300,46158700,5275650900,66896846300,3769.8787,3845.3986,3769.8787,3766.3257
104037000,3842.2409,2989300,37374400,5278640200,66934220700,3769.8787,3845.3986,3769.8787,3766.3257
104040000,3842.3324,1449100,23286500,5280089300,66957507200,3769.8787,3845.3986,3769.8787,3766.3257
104046000,3842.4578,3481800,49832100,5283571100,67007339300,3769.8787,3845.3986,3769.8787,3766.3257
104052000,3842.6794,3456000,53137000,5287027100,67060476300,3769.8787,3845.3986,3769.8787,3766.3257
104055000,3842.587,1480000,22212600,5288507100,67082688900,3769.8787,3845.3986,3769.8787,3766.3257
104101000,3842.4938,4544500,51464500,5293051600,67134153400,3769.8787,3845.3986,3769.8787,3766.3257
104107000,3842.1336,3279200,46852200,5296330800,67181005600,3769.8787,3845.3986,3769.8787,3766.3257
104113000,3842.2403,3800200,49128700,5300131000,67230134300,3769.8787,3845.3986,3769.8787,3766.3257
104116000,3842.0869,2057600,22785000,5302188600,67252919300,3769.8787,3845.3986,3769.8787,3766.3257
104122000,3842.1231,4870000,52461600,5307058600,67305380900,3769.8787,3845.3986,3769.8787,3766.3257
104128000,3841.8756,4173200,45852400,5311231800,67351233300,3769.8787,3845.3986,3769.8787,3766.3257
104133000,3842.0289,2129600,22736300,5313361400,67373969600,3769.8787,3845.3986,3769.8787,3766.3257
104137000,3841.4494,4263300,51058900,5317624700,67425028500,3769.8787,3845.3986,3769.8787,3766.3257
104143000,3841.7428,4651700,49349500,5322276400,67474378000,3769.8787,3845.3986,3769.8787,3766.3257
104146000,3841.6342,1639300,21396300,5323915700,67495774300,3769.8787,3845.3986,3769.8787,3766.3257
104152000,3841.531,3479700,42224900,5327395400,67537999200,3769.8787,3845.3986,3769.8787,3766.3257
104158000,3841.1563,4107000,52074300,5331502400,67590073500,3769.8787,3845.3986,3769.8787,3766.3257
104201000,3841.1731,2311800,25948900,5333814200,67616022400,3769.8787,3845.3986,3769.8787,3766.3257
104207000,3841.3045,3731000,52396600,5337545200,67668419000,3769.8787,3845.3986,3769.8787,3766.3257
104213000,3840.5127,2885100,37207600,5340430300,67705626600,3769.8787,3845.3986,3769.8787,3766.3257
104216000,3840.9369,2204600,29500300,5342634900,67735126900,3769.8787,3845.3986,3769.8787,3766.3257
104222000,3840.436,3374700,54816700,5346009600,67789943600,3769.8787,3845.3986,3769.8787,3766.3257
104228000,3840.4741,2482600,45933200,5348492200,67835876800,3769.8787,3845.3986,3769.8787,3766.3257
104232000,3840.3727,2264700,27897600,5350756900,67863774400,3769.8787,3845.3986,3769.8787,3766.3257
104237000,3839.9668,3897700,46192100,5354654600,67909966500,3769.8787,3845.3986,3769.8787,3766.3257
104243000,3840.0449,2342700,33756600,5356997300,67943723100,3769.8787,3845.3986,3769.8787,3766.3257
104248000,3840.0834,2315400,35467400,5359312700,67979190500,3769.8787,3845.3986,3769.8787,3766.3257
104252000,3839.8705,4076400,51249700,5363389100,68030440200,3769.8787,3845.3986,3769.8787,3766.3257
104258000,3839.6622,4088700,48466100,5367477800,68078906300,3769.8787,3845.3986,3769.8787,3766.3257
104301000,3838.574,2729300,36773700,5370207100,68115680000,3769.8787,3845.3986,3769.8787,3766.3257
104307000,3838.9867,3351100,50370200,5373558200,68166050200,3769.8787,3845.3986,3769.8787,3766.3257
104313000,3839.3972,3341900,49580100,5376900100,68215630300,3769.8787,3845.3986,3769.8787,3766.3257
104316000,3839.3515,2371700,54993500,5379271800,68270623800,3769.8787,3845.3986,3769.8787,3766.3257
104322000,3838.8129,3636400,62912300,5382908200,68333536100,3769.8787,3845.3986,3769.8787,3766.3257
104328000,3838.6584,5046000,56678200,5387954200,68390214300,3769.8787,3845.3986,3769.8787,3766.3257
104333000,3838.7925,2220500,28038600,5390174700,68418252900,3769.8787,3845.3986,3769.8787,3766.3257
104337000,3838.027,3319100,53093800,5393493800,68471346700,3769.8787,3845.3986,3769.8787,3766.3257
104343000,3838.056,2574800,46039500,5396068600,68517386200,3769.8787,3845.3986,3769.8787,3766.3257
104346000,3838.0472,1738700,24511500,5397807300,68541897700,3769.8787,3845.3986,3769.8787,3766.3257
104352000,3838.2724,3246900,54872600,5401054200,68596770300,3769.8787,3845.3986,3769.8787,3766.3257
104358000,3838.4187,3549500,47394600,5404603700,68644164900,3769.8787,3845.3986,3769.8787,3766.3257
104401000,3837.9708,1570100,29174200,5406173800,68673339100,3769.8787,3845.3986,3769.8787,3766.3257
104407000,3838.2539,4008200,50700300,5410182000,68724039400,3769.8787,3845.3986,3769.8787,3766.3257
104413000,3838.0406,2623700,35584100,5412805700,68759623500,3769.8787,3845.3986,3769.8787,3766.3257
104416000,3838.0281,1808400,24712200,5414614100,68784335700,3769.8787,3845.3986,3769.8787,3766.3257
104422000,3837.9212,2956300,53063000,5417570400,68837398700,3769.8787,3845.3986,3769.8787,3766.3257
104428000,3837.8768,3440300,39575100,5421010700,68876973800,3769.8787,3845.3986,3769.8787,3766.3257
104431000,3837.9486,2576800,30299500,5423587500,68907273300,3769.8787,3845.3986,3769.8787,3766.3257
104437000,3837.6703,2543900,39855400,5426131400,68947128700,3769.8787,3845.3986,3769.8787,3766.3257
104443000,3837.8247,2301900,42628300,5428433300,68989757000,3769.8787,3845.3986,3769.8787,3766.3257
104446000,3837.569,1395900,20655200,5429829200,69010412200,3769.8787,3845.3986,3769.8787,3766.3257
104452000,3837.6602,2698300,44400800,5432527500,69054813000,3769.8787,3845.3986,3769.8787,3766.3257
104458000,3837.7003,2964700,35861100,5435492200,69090674100,3769.8787,3845.3986,3769.8787,3766.3257
104501000,3838.3494,1663100,33819200,5437155300,69124493300,3769.8787,3845.3986,3769.8787,3766.3257
104507000,3837.7885,4552700,46060000,5441708000,69170553300,3769.8787,3845.3986,3769.8787,3766.3257
104513000,3837.6431,3148500,39245500,5444856500,69209798800,3769.8787,3845.3986,3769.8787,3766.3257
104518000,3837.4553,1528900,25565500,5446385400,69235364300,3769.8787,3845.3986,3769.8787,3766.3257
104524000,3837.3133,5190200,55718000,5451575600,69291082300,3769.8787,3845.3986,3769.8787,3766.3257
104529000,3837.1551,3726400,48382500,5455302000,69339464800,3769.8787,3845.3986,3769.8787,3766.3257
104532000,3837.6909,1689900,19716900,5456991900,69359181700,3769.8787,3845.3986,3769.8787,3766.3257
104539000,3837.1099,3026700,41763200,5460018600,69400944900,3769.8787,3845.3986,3769.8787,3766.3257
104543000,3837.4596,3329300,45797100,5463347900,69446742000,3769.8787,3845.3986,3769.8787,3766.3257
104549000,3837.1768,2399800,35731900,5465747700,69482473900,3769.8787,3845.3986,3769.8787,3766.3257
104552000,3837.396,1551700,21514800,5467299400,69503988700,3769.8787,3845.3986,3769.8787,3766.3257
104558000,3837.1907,4529100,51108900,5471828500,69555097600,3769.8787,3845.3986,3769.8787,3766.3257
104604000,3837.4978,2358900,46868700,5474187400,69601966300,3769.8787,3845.3986,3769.8787,3766.3257
104607000,3838.0086,1950800,35992400,5476138200,69637958700,3769.8787,3845.3986,3769.8787,3766.3257
104613000,3837.8728,3524300,42169000,5479662500,69680127700,3769.8787,3845.3986,3769.8787,3766.3257
104619000,3837.7439,2134400,41395100,5481796900,69721522800,3769.8787,3845.3986,3769.8787,3766.3257
104624000,3837.7674,1926800,24483000,5483723700,69746005800,3769.8787,3845.3986,3769.8787,3766.3257
104628000,3837.7437,2008500,31245100,5485732200,69777250900,3769.8787,3845.3986,3769.8787,3766.3257
104634000,3838.1896,1743700,29944200,5487475900,69807195100,3769.8787,3845.3986,3769.8787,3766.3257
104637000,3837.9207,2396200,26493500,5489872100,69833688600,3769.8787,3845.3986,3769.8787,3766.3257
104644000,3838.0691,3816800,41941900,5493688900,69875630500,3769.8787,3845.3986,3769.8787,3766.3257
104649000,3838.1971,2595700,34968900,5496284600,69910599400,3769.8787,3845.3986,3769.8787,3766.3257
104652000,3838.8324,3800900,43715000,5500085500,69954314400,3769.8787,3845.3986,3769.8787,3766.3257
104658000,3838.6591,3000300,40936800,5503085800,69995251200,3769.8787,3845.3986,3769.8787,3766.3257
104704000,3838.7904,3007600,40165700,5506093400,70035416900,3769.8787,3845.3986,3769.8787,3766.3257
104707000,3838.8062,2595700,24963600,5508689100,70060380500,3769.8787,3845.3986,3769.8787,3766.3257
104713000,3838.6093,2383200,35784000,5511072300,70096164500,3769.8787,3845.3986,3769.8787,3766.3257
104719000,3838.5476,2137000,31338900,5513209300,70127503400,3769.8787,3845.3986,3769.8787,3766.3257
104724000,3838.89,1900100,22269800,5515109400,70149773200,3769.8787,3845.3986,3769.8787,3766.3257
104728000,3838.8274,3185000,45992200,5518294400,70195765400,3769.8787,3845.3986,3769.8787,3766.3257
104734000,3838.7632,2118900,38938100,5520413300,70234703500,3769.8787,3845.3986,3769.8787,3766.3257
104739000,3838.6232,1384600,19722100,5521797900,70254425600,3769.8787,3845.3986,3769.8787,3766.3257
104744000,3838.4401,2543200,39314900,5524341100,70293740500,3769.8787,3845.3986,3769.8787,3766.3257
104749000,3838.9992,3044800,50754900,5527385900,70344495400,3769.8787,3845.3986,3769.8787,3766.3257
104752000,3838.9025,1865200,23278000,5529251100,70367773400,3769.8787,3845.3986,3769.8787,3766.3257
104759000,3839.1335,2597200,39285100,5531848300,70407058500,3769.8787,3845.3986,3769.8787,3766.3257
104804000,3838.9095,2782500,42025500,5534630800,70449084000,3769.8787,3845.3986,3769.8787,3766.3257
104807000,3839.0942,2372800,28971300,5537003600,70478055300,3769.8787,3845.3986,3769.8787,3766.3257
104814000,3839.2105,2377300,39712600,5539380900,70517767900,3769.8787,3845.3986,3769.8787,3766.3257
104819000,3839.0609,1719500,25858900,5541100400,70543626800,3769.8787,3845.3986,3769.8787,3766.3257
104824000,3839.0327,2071900,24623900,5543172300,70568250700,3769.8787,3845.3986,3769.8787,3766.3257
104829000,3839.1024,3059300,47383300,5546231600,70615634000,3769.8787,3845.3986,3769.8787,3766.3257
104834000,3839.0412,1999800,58178000,5548231400,70673812000,3769.8787,3845.3986,3769.8787,3766.3257
104837000,3838.8112,1832000,21856200,5550063400,70695668200,3769.8787,3845.3986,3769.8787,3766.3257
104843000,3838.6575,3408800,50190300,5553472200,70745858500,3769.8787,3845.3986,3769.8787,3766.3257
104849000,3838.6551,2455500,35440600,5555927700,70781299100,3769.8787,3845.3986,3769.8787,3766.3257
104854000,3838.3396,1844100,25498700,5557771800,70806797800,3769.8787,3845.3986,3769.8787,3766.3257
104859000,3838.6436,3432000,45706300,5561203800,70852504100,3769.8787,3845.3986,3769.8787,3766.3257
104904000,3838.6385,2322200,32789900,5563526000,70885294000,3769.8787,3845.3986,3769.8787,3766.3257
104907000,3838.3718,1660800,24378400,5565186800,70909672400,3769.8787,3845.3986,3769.8787,3766.3257
104914000,3838.0891,2486900,35628300,5567673700,70945300700,3769.8787,3845.3986,3769.8787,3766.3257
104919000,3837.6257,2490800,40447600,5570164500,70985748300,3769.8787,3845.3986,3769.8787,3766.3257
104923000,3838.0549,1780000,24893300,5571944500,71010641600,3769.8787,3845.3986,3769.8787,3766.3257
104928000,3837.1911,2857700,36258600,5574802200,71046900200,3769.8787,3845.3986,3769.8787,3766.3257
104935000,3837.6139,2582700,33695600,5577384900,71080595800,3769.8787,3845.3986,3769.8787,3766.3257
104940000,3837.1975,2140900,31366300,5579525800,71111962100,3769.8787,3845.3986,3769.8787,3766.3257
104944000,3837.5351,1769900,23472500,5581295700,71135434600,3769.8787,3845.3986,3769.8787,3766.3257
104950000,3837.052,2667500,36696800,5583963200,71172131400,3769.8787,3845.3986,3769.8787,3766.3257
104955000,3837.3348,2457000,40237800,5586420200,71212369200,3769.8787,3845.3986,3769.8787,3766.3257
105000000,3837.0404,2542900,39897700,5588963100,71252266900,3769.8787,3845.3986,3769.8787,3766.3257
105004000,3836.9425,3053900,43008800,5592017000,71295275700,3769.8787,3845.3986,3769.8787,3766.3257
105010000,3835.9781,3027400,37365700,5595044400,71332641400,3769.8787,3845.3986,3769.8787,3766.3257
105015000,3836.2057,1828400,22083300,5596872800,71354724700,3769.8787,3845.3986,3769.8787,3766.3257
105019000,3835.8881,3102500,39822500,5599975300,71394547200,3769.8787,3845.3986,3769.8787,3766.3257
105025000,3835.9891,2676900,45753800,5602652200,71440301000,3769.8787,3845.3986,3769.8787,3766.3257
105028000,3835.6106,1534200,21869900,5604186400,71462170900,3769.8787,3845.3986,3769.8787,3766.3257
105035000,3836.1644,3100100,47749100,5607286500,71509920000,3769.8787,3845.3986,3769.8787,3766.3257
105040000,3835.5421,2630500,38499900,5609917000,71548419900,3769.8787,3845.3986,3769.8787,3766.3257
105043000,3835.4155,1699300,25820000,5611616300,71574239900,3769.8787,3845.3986,3769.8787,3766.3257
105050000,3835.7433,3812500,53490700,5615428800,71627730600,3769.8787,3845.3986,3769.8787,3766.3257
105055000,3835.6758,2893100,41943100,5618321900,71669673700,3769.8787,3845.3986,3769.8787,3766.3257
105100000,3834.8705,2203200,27030000,5620525100,71696703700,3769.8787,3845.3986,3769.8787,3766.3257
105105000,3835.4021,2639200,44860100,5623164300,71741563800,3769.8787,3845.3986,3769.8787,3766.3257
105110000,3835.3886,2980200,44599200,5626144500,71786163000,3769.8787,3845.3986,3769.8787,3766.3257
105114000,3835.5269,2000500,26505100,5628145000,71812668100,3769.8787,3845.3986,3769.8787,3766.3257
105120000,3835.413,3893200,43405100,5632038200,71856073200,3769.8787,3845.3986,3769.8787,3766.3257
105125000,3835.6081,2312400,31000700,5634350600,71887073900,3769.8787,3845.3986,3769.8787,3766.3257
105128000,3835.3695,1666000,19968400,5636016600,71907042300,3769.8787,3845.3986,3769.8787,3766.3257
105135000,3835.1889,3176300,39965300,5639192900,71947007600,3769.8787,3845.3986,3769.8787,3766.3257
105140000,3835.2352,2759000,36020600,5641951900,71983028200,3769.8787,3845.3986,3769.8787,3766.3257
105144000,3835.9407,1679200,29125900,5643631100,72012154100,3769.8787,3845.3986,3769.8787,3766.3257
105150000,3836.2047,4674200,46749300,5648305300,72058903400,3769.8787,3845.3986,3769.8787,3766.3257
105155000,3836.5218,2903000,41298200,5651208300,72100201600,3769.8787,3845.3986,3769.8787,3766.3257
105159000,3836.3743,2643500,34283400,5653851800,72134485000,3769.8787,3845.3986,3769.8787,3766.3257
105205000,3836.272,4363100,51982100,5658214900,72186467100,3769.8787,3845.3986,3769.8787,3766.3257
105210000,3836.262,3051700,39548000,5661266600,72226015100,3769.8787,3845.3986,3769.8787,3766.3257
105214000,3836.2993,1643200,23782800,5662909800,72249797900,3769.8787,3845.3986,3769.8787,3766.3257
105220000,3836.4955,3574300,43695300,5666484100,72293493200,3769.8787,3845.3986,3769.8787,3766.3257
105225000,3836.4352,2114800,32721300,5668598900,72326214500,3769.8787,3845.3986,3769.8787,3766.3257
105229000,3836.6548,2901500,33702700,5671500400,72359917200,3769.8787,3845.3986,3769.8787,3766.3257
105235000,3836.7905,2805000,39711400,5674305400,72399628600,3769.8787,3845.3986,3769.8787,3766.3257
105240000,3836.336,3123000,46643700,5677428400,72446272300,3769.8787,3845.3986,3769.8787,3766.3257
105244000,3836.2117,2125600,27736100,5679554000,72474008400,3769.8787,3845.3986,3769.8787,3766.3257
105250000,3836.1115,2313900,30410000,5681867900,72504418400,3769.8787,3845.3986,3769.8787,3766.3257
105255000,3836.5625,3695100,53878200,5685563000,72558296600,3769.8787,3845.3986,3769.8787,3766.3257
105259000,3836.7804,2866500,37857900,5688429500,72596154500,3769.8787,3845.3986,3769.8787,3766.3257
105305000,3836.9751,3827300,55891600,5692256800,72652046100,3769.8787,3845.3986,3769.8787,3766.3257
105310000,3836.6395,2042800,31280000,5694299600,72683326100,3769.8787,3845.3986,3769.8787,3766.3257
105315000,3837.052,3840000,54306600,5698139600,72737632700,3769.8787,3845.3986,3769.8787,3766.3257
105320000,3837.2924,3011700,61851500,5701151300,72799484200,3769.8787,3845.3986,3769.8787,3766.3257
105325000,3837.6698,2545400,36536500,5703696700,72836020700,3769.8787,3845.3986,3769.8787,3766.3257
105330000,3837.4647,2356300,29461600,5706053000,72865482300,3769.8787,3845.3986,3769.8787,3766.3257
105335000,3838.1306,3601700,59356800,5709654700,72924839100,3769.8787,3845.3986,3769.8787,3766.3257
105340000,3837.4331,2616500,46082900,5712271200,72970922000,3769.8787,3845.3986,3769.8787,3766.3257
105344000,3837.794,1669200,22101700,5713940400,72993023700,3769.8787,3845.3986,3769.8787,3766.3257
105350000,3837.6548,3015000,40681700,5716955400,73033705400,3769.8787,3845.3986,3769.8787,3766.3257
105355000,3837.7216,2063400,31650800,5719018800,73065356200,3769.8787,3845.3986,3769.8787,3766.3257
105401000,3838.0185,2853400,39485100,5721872200,73104841300,3769.8787,3845.3986,3769.8787,3766.3257
105405000,3837.9302,1881100,30702700,5723753300,73135544000,3769.8787,3845.3986,3769.8787,3766.3257
105411000,3837.3585,2613100,41205000,5726366400,73176749000,3769.8787,3845.3986,3769.8787,3766.3257
105416000,3837.912,2232700,36761800,5728599100,73213510800,3769.8787,3845.3986,3769.8787,3766.3257
105420000,3837.7758,1348800,19821500,5729947900,73233332300,3769.8787,3845.3986,3769.8787,3766.3257
105426000,3837.9321,2482200,39985500,5732430100,73273317800,3769.8787,3845.3986,3769.8787,3766.3257
105431000,3838.1024,2006000,29160500,5734436100,73302478300,3769.8787,3845.3986,3769.8787,3766.3257
105435000,3837.8903,1718300,28061500,5736154400,73330539800,3769.8787,3845.3986,3769.8787,3766.3257
105441000,3837.5908,3773200,49880500,5739927600,73380420300,3769.8787,3845.3986,3769.8787,3766.3257
105446000,3837.9314,2508300,49331100,5742435900,73429751400,3769.8787,3845.3986,3769.8787,3766.3257
105450000,3838.838,2304200,34249800,5744740100,73464001200,3769.8787,3845.3986,3769.8787,3766.3257
105456000,3838.9033,4108400,54588300,5748848500,73518589500,3769.8787,3845.3986,3769.8787,3766.3257
105501000,3838.8699,2851300,43097400,5751699800,73561686900,3769.8787,3845.3986,3769.8787,3766.3257
105506000,3839.0471,2795100,31201300,5754494900,73592888200,3769.8787,3845.3986,3769.8787,3766.3257
105510000,3839.3566,4939300,66391200,5759434200,73659279400,3769.8787,3845.3986,3769.8787,3766.3257
105516000,3839.9388,3761600,67641800,5763195800,73726921200,3769.8787,3845.3986,3769.8787,3766.3257
105520000,3840.3336,2658300,43226900,5765854100,73770148100,3769.8787,3845.3986,3769.8787,3766.3257
105526000,3840.2685,5572600,116680200,5771426700,73886828300,3769.8787,3845.3986,3769.8787,3766.3257
105531000,3840.4303,2937100,39166700,5774363800,73925995000,3769.8787,3845.3986,3769.8787,3766.3257
105535000,3840.5959,2037900,29426900,5776401700,73955421900,3769.8787,3845.3986,3769.8787,3766.3257
105541000,3840.6384,3461200,53909300,5779862900,74009331200,3769.8787,3845.3986,3769.8787,3766.3257
105546000,3841.255,3421000,49860300,5783283900,74059191500,3769.8787,3845.3986,3769.8787,3766.3257
105550000,3841.5903,2553900,37870800,5785837800,74097062300,3769.8787,3845.3986,3769.8787,3766.3257
105556000,3842.0287,2886900,44836100,5788724700,74141898400,3769.8787,3845.3986,3769.8787,3766.3257
105601000,3841.6628,2939700,44371900,5791664400,74186270300,3769.8787,3845.3986,3769.8787,3766.3257
105605000,3841.4623,3004000,46464200,5794668400,74232734500,3769.8787,3845.3986,3769.8787,3766.3257
105610000,3841.6473,3463500,45639300,5798131900,74278373800,3769.8787,3845.3986,3769.8787,3766.3257
105616000,3842.3784,2858100,48947500,5800990000,74327321300,3769.8787,3845.3986,3769.8787,3766.3257
105620000,3842.0379,2022900,28982700,5803012900,74356304000,3769.8787,3845.3986,3769.8787,3766.3257
105626000,3842.4089,3108200,51814500,5806121100,74408118500,3769.8787,3845.3986,3769.8787,3766.3257
105631000,3842.417,3522300,56573800,5809643400,74464692300,3769.8787,3845.3986,3769.8787,3766.3257
105636000,3842.4719,2049500,26799200,5811692900,74491491500,3769.8787,3845.3986,3769.8787,3766.3257
105641000,3842.0956,3232800,41176900,5814925700,74532668400,3769.8787,3845.3986,3769.8787,3766.3257
105646000,3842.5844,2352600,38256500,5817278300,74570924900,3769.8787,3845.3986,3769.8787,3766.3257
105650000,3842.5564,1593500,26359400,5818871800,74597284300,3769.8787,3845.3986,3769.8787,3766.3257
105656000,3842.2598,3847800,57490700,5822719600,74654775000,3769.8787,3845.3986,3769.8787,3766.3257
105701000,3842.6078,1830100,35247000,5824549700,74690022000,3769.8787,3845.3986,3769.8787,3766.3257
105705000,3842.4855,1794900,28564500,5826344600,74718586500,3769.8787,3845.3986,3769.8787,3766.3257
105711000,3842.584,3141500,52805600,5829486100,74771392100,3769.8787,3845.3986,3769.8787,3766.3257
105716000,3842.7094,2271100,32353700,5831757200,74803745800,3769.8787,3845.3986,3769.8787,3766.3257
105720000,3842.7086,2073800,24716700,5833831000,74828462500,3769.8787,3845.3986,3769.8787,3766.3257
105726000,3842.9637,2650100,38154000,5836481100,74866616500,3769.8787,3845.3986,3769.8787,3766.3257
105731000,3842.6017,2547300,37007500,5839028400,74903624000,3769.8787,3845.3986,3769.8787,3766.3257
105735000,3842.197,1450000,20934800,5840478400,74924558800,3769.8787,3845.3986,3769.8787,3766.3257
105741000,3842.3867,3231700,41474300,5843710100,74966033100,3769.8787,3845.3986,3769.8787,3766.3257
105746000,3842.0964,1781600,29204800,5845491700,74995237900,3769.8787,3845.3986,3769.8787,3766.3257
105750000,3842.3113,2185200,27073200,5847676900,75022311100,3769.8787,3845.3986,3769.8787,3766.3257
105756000,3842.1249,2982100,40519800,5850659000,75062830900,3769.8787,3845.3986,3769.8787,3766.3257
105801000,3842.1297,2093500,35343700,5852752500,75098174600,3769.8787,3845.3986,3769.8787,3766.3257
105807000,3841.8163,5369500,73756300,5858122000,75171930900,3769.8787,3845.3986,3769.8787,3766.3257
105812000,3841.9539,2525000,33268600,5860647000,75205199500,3769.8787,3845.3986,3769.8787,3766.3257
105816000,3842.0798,2415200,38771000,5863062200,75243970500,3769.8787,3845.3986,3769.8787,3766.3257
105822000,3842.0111,3161400,42770200,5866223600,75286740700,3769.8787,3845.3986,3769.8787,3766.3257
105826000,3842.3694,2693100,40216700,5868916700,75326957400,3769.8787,3845.3986,3769.8787,3766.3257
105832000,3842.3782,2901000,37267300,5871817700,75364224700,3769.8787,3845.3986,3769.8787,3766.3257
105837000,3842.1761,2725600,37866500,5874543300,75402091200,3769.8787,3845.3986,3769.8787,3766.3257
105841000,3842.1618,1700300,27731700,5876243600,75429822900,3769.8787,3845.3986,3769.8787,3766.3257
105847000,3842.6918,3340800,46273900,5879584400,75476096800,3769.8787,3845.3986,3769.8787,3766.3257
105852000,3842.8595,2940700,48246000,5882525100,75524342800,3769.8787,3845.3986,3769.8787,3766.3257
105856000,3843.1553,3294300,42722600,5885819400,75567065400,3769.8787,3845.3986,3769.8787,3766.3257
105902000,3843.3668,3982800,58750600,5889802200,75625816000,3769.8787,3845.3986,3769.8787,3766.3257
105907000,3843.3144,4161200,54110300,5893963400,75679926300,3769.8787,3845.3986,3769.8787,3766.3257
105911000,3843.2783,2699100,35111100,5896662500,75715037400,3769.8787,3845.3986,3769.8787,3766.3257
105917000,3843.6328,3749700,55627400,5900412200,75770664800,3769.8787,3845.3986,3769.8787,3766.3257
105922000,3844.2782,3528500,40967000,5903940700,75811631800,3769.8787,3845.3986,3769.8787,3766.3257
105926000,3844.0654,2774900,34756400,5906715600,75846388200,3769.8787,3845.3986,3769.8787,3766.3257
105932000,3844.2919,3124200,43409100,5909839800,75889797300,3769.8787,3845.3986,3769.8787,3766.3257
105937000,3844.5537,2142700,46723500,5911982500,75936520800,3769.8787,3845.3986,3769.8787,3766.3257
105941000,3844.4696,1593000,24199900,5913575500,75960720700,3769.8787,3845.3986,3769.8787,3766.3257
105947000,3844.8587,4153100,62674300,5917728600,76023395000,3769.8787,3845.3986,3769.8787,3766.3257
105952000,3845.4901,3846900,56750500,5921575500,76080145500,3769.8787,3845.4901,3769.8787,3766.3257
105956000,3845.5966,2604400,34575700,5924179900,76114721200,3769.8787,3845.5966,3769.8787,3766.3257
110002000,3846.2932,3413300,61982500,5927593200,76176703700,3769.8787,3846.2932,3769.8787,3766.3257
110007000,3845.6293,3146300,54169900,5930739500,76230873600,3769.8787,3846.2932,3769.8787,3766.3257
110012000,3845.9472,2612700,41791200,5933352200,76272664800,3769.8787,3846.2932,3769.8787,3766.3257
110017000,3845.7235,4415400,68318700,5937767600,76340983500,3769.8787,3846.2932,3769.8787,3766.3257
110022000,3845.9559,2824200,56552600,5940591800,76397536100,3769.8787,3846.2932,3769.8787,3766.3257
110026000,3846.0002,2422200,45807600,5943014000,76443343700,3769.8787,3846.2932,3769.8787,3766.3257
110032000,3845.941,3489900,56042900,5946503900,76499386600,3769.8787,3846.2932,3769.8787,3766.3257
110037000,3845.6594,3138800,41048300,5949642700,76540434900,3769.8787,3846.2932,3769.8787,3766.3257
110042000,3845.5701,2087700,37733600,5951730400,76578168500,3769.8787,3846.2932,3769.8787,3766.3257
110047000,3845.5878,3759200,57692700,5955489600,76635861200,3769.8787,3846.2932,3769.8787,3766.3257
110052000,3845.6255,3083500,44767200,5958573100,76680628400,3769.8787,3846.2932,3769.8787,3766.3257
110056000,3844.9441,2020500,26816500,5960593600,76707444900,3769.8787,3846.2932,3769.8787,3766.3257
110102000,3844.6314,3532500,47770000,5964126100,76755214900,3769.8787,3846.2932,3769.8787,3766.3257
110107000,3845.2452,2327800,37192800,5966453900,76792407700,3769.8787,3846.2932,3769.8787,3766.3257
110112000,3845.2578,1506000,25888000,5967959900,76818295700,3769.8787,3846.2932,3769.8787,3766.3257
110117000,3845.3642,4853500,51768300,5972813400,76870064000,3769.8787,3846.2932,3769.8787,3766.3257
110122000,3845.1546,2224300,34796000,5975037700,76904860000,3769.8787,3846.2932,3769.8787,3766.3257
110127000,3845.51,1896300,26778700,5976934000,76931638700,3769.8787,3846.2932,3769.8787,3766.3257
110132000,3845.1887,3793300,43970600,5980727300,76975609300,3769.8787,3846.2932,3769.8787,3766.3257
110137000,3845.1406,2187400,35329500,5982914700,77010938800,3769.8787,3846.2932,3769.8787,3766.3257
110141000,3845.1391,2989700,31397900,5985904400,77042336700,3769.8787,3846.2932,3769.8787,3766.3257
110147000,3845.2276,3610300,46413500,5989514700,77088750200,3769.8787,3846.2932,3769.8787,3766.3257
110152000,3845.4047,3227300,35028500,5992742000,77123778700,3769.8787,3846.2932,3769.8787,3766.3257
110156000,3845.5298,2029700,25250700,5994771700,77149029400,3769.8787,3846.2932,3769.8787,3766.3257
110202000,3845.1832,3107100,36087900,5997878800,77185117300,3769.8787,3846.2932,3769.8787,3766.3257
110207000,3845.6181,1632800,30411700,5999511600,77215529000,3769.8787,3846.2932,3769.8787,3766.3257
110211000,3845.3464,1951800,23669700,6001463400,77239198700,3769.8787,3846.2932,3769.8787,3766.3257
110217000,3845.1616,3776800,42839300,6005240200,77282038000,3769.8787,3846.2932,3769.8787,3766.3257
110223000,3845.2919,2403500,35805400,6007643700,77317843400,3769.8787,3846.2932,3769.8787,3766.3257
110226000,3845.1247,1392900,26291100,6009036600,77344134500,3769.8787,3846.2932,3769.8787,3766.3257
110233000,3844.6422,3878600,52900100,6012915200,77397034600,3769.8787,3846.2932,3769.8787,3766.3257
110238000,3844.3014,3321400,45616300,6016236600,77442650900,3769.8787,3846.2932,3769.8787,3766.3257
110243000,3843.6165,2877700,44451800,6019114300,77487102700,3769.8787,3846.2932,3769.8787,3766.3257
110247000,3843.7696,2289700,31441300,6021404000,77518544000,3769.8787,3846.2932,3769.8787,3766.3257
110253000,3843.3154,2723000,44040400,6024127000,77562584400,3769.8787,3846.2932,3769.8787,3766.3257
110258000,3843.6249,2429700,37727100,6026556700,77600311500,3769.8787,3846.2932,3769.8787,3766.3257
110302000,3842.8907,2307300,28621900,6028864000,77628933400,3769.8787,3846.2932,3769.8787,3766.3257
110308000,3843.0939,2801200,45751600,6031665200,77674685000,3769.8787,3846.2932,3769.8787,3766.3257
110313000,3842.7155,2134800,30071900,6033800000,77704756900,3769.8787,3846.2932,3769.8787,3766.3257
110317000,3843.0443,2174100,27896200,6035974100,77732653100,3769.8787,3846.2932,3769.8787,3766.3257
110323000,3843.3179,2419900,40566700,6038394000,77773219800,3769.8787,3846.2932,3769.8787,3766.3257
110328000,3842.8325,2321900,36137200,6040715900,77809357000,3769.8787,3846.2932,3769.8787,3766.3257
110332000,3843.1413,993300,14427500,6041709200,77823784500,3769.8787,3846.2932,3769.8787,3766.3257
110338000,3842.9095,2301800,33138800,6044011000,77856923300,3769.8787,3846.2932,3769.8787,3766.3257
110343000,3843.0194,2342100,32485200,6046353100,77889408500,3769.8787,3846.2932,3769.8787,3766.3257
110347000,3842.958,1192700,18447800,6047545800,77907856300,3769.8787,3846.2932,3769.8787,3766.3257
110353000,3842.9999,2598300,51288300,6050144100,77959144600,3769.8787,3846.2932,3769.8787,3766.3257
110358000,3843.0528,1703900,26181600,6051848000,77985326200,3769.8787,3846.2932,3769.8787,3766.3257
110402000,3843.0259,2036600,23819800,6053884600,78009146000,3769.8787,3846.2932,3769.8787,3766.3257
110408000,3842.5326,3115500,49107300,6057000100,78058253300,3769.8787,3846.2932,3769.8787,3766.3257
110413000,3843.1165,2274400,32523100,6059274500,78090776400,3769.8787,3846.2932,3769.8787,3766.3257
110418000,3843.1969,1488000,21251700,6060762500,78112028100,3769.8787,3846.2932,3769.8787,3766.3257
110423000,3843.2668,2211900,33049100,6062974400,78145077200,3769.8787,3846.2932,3769.8787,3766.3257
110428000,3843.4357,1796800,31872200,6064771200,78176949400,3769.8787,3846.2932,3769.8787,3766.3257
110432000,3843.0325,1127200,17873100,6065898400,78194822500,3769.8787,3846.2932,3769.8787,3766.3257
110438000,3842.8416,3107900,45827600,6069006300,78240650100,3769.8787,3846.2932,3769.8787,3766.3257
110443000,3843.0688,2144300,26464500,6071150600,78267114600,3769.8787,3846.2932,3769.8787,3766.3257
110447000,3843.2487,2105300,27055600,6073255900,78294170200,3769.8787,3846.2932,3769.8787,3766.3257
110453000,3843.4146,2117800,36497900,6075373700,78330668100,3769.8787,3846.2932,3769.8787,3766.3257
110458000,3843.5233,1922000,29682100,6077295700,78360350200,3769.8787,3846.2932,3769.8787,3766.3257
110502000,3843.8791,1545200,19755800,6078840900,78380106000,3769.8787,3846.2932,3769.8787,3766.3257
110508000,3843.9671,3678500,47811300,6082519400,78427917300,3769.8787,3846.2932,3769.8787,3766.3257
110513000,3843.5566,2061400,30090700,6084580800,78458008000,3769.8787,3846.2932,3769.8787,3766.3257
110518000,3843.8136,2516300,28666200,6087097100,78486674200,3769.8787,3846.2932,3769.8787,3766.3257
110523000,3843.6843,2489100,34930400,6089586200,78521604600,3769.8787,3846.2932,3769.8787,3766.3257
110528000,3843.6583,2275200,37326200,6091861400,78558930800,3769.8787,3846.2932,3769.8787,3766.3257
110532000,3844.0735,1733600,26496300,6093595000,78585427100,3769.8787,3846.2932,3769.8787,3766.3257
110538000,3844.2231,2893500,36941800,6096488500,78622368900,3769.8787,3846.2932,3769.8787,3766.3257
110543000,3843.7829,1761700,26331800,6098250200,78648700700,3769.8787,3846.2932,3769.8787,3766.3257
110548000,3843.9281,2175200,27632500,6100425400,78676333200,3769.8787,3846.2932,3769.8787,3766.3257
110553000,3844.33,2263600,34336300,6102689000,78710669500,3769.8787,3846.2932,3769.8787,3766.3257
110558000,3844.1518,3928700,107483800,6106617700,78818153300,3769.8787,3846.2932,3769.8787,3766.3257
110602000,3844.3244,1936500,32363500,6108554200,78850516800,3769.8787,3846.2932,3769.8787,3766.3257
110608000,3844.9039,3178500,44674800,6111732700,78895191600,3769.8787,3846.2932,3769.8787,3766.3257
110613000,3844.7359,3093900,44231100,6114826600,78939422700,3769.8787,3846.2932,3769.8787,3766.3257
110618000,3844.7334,2240500,29039000,6117067100,78968461700,3769.8787,3846.2932,3769.8787,3766.3257
110623000,3844.6179,2548600,35557700,6119615700,79004019400,3769.8787,3846.2932,3769.8787,3766.3257
110628000,3844.7725,1885100,31264900,6121500800,79035284300,3769.8787,3846.2932,3769.8787,3766.3257
110632000,3844.6458,1554800,34126000,6123055600,79069410300,3769.8787,3846.2932,3769.8787,3766.3257
110638000,3845.1305,3116700,47074100,6126172300,79116484400,3769.8787,3846.2932,3769.8787,3766.3257
110644000,3845.3293,4848700,60273500,6131021000,79176757900,3769.8787,3846.2932,3769.8787,3766.3257
110649000,3844.9775,2454500,32924500,6133475500,79209682400,3769.8787,3846.2932,3769.8787,3766.3257
110653000,3845.3471,1580800,21108900,6135056300,79230791300,3769.8787,3846.2932,3769.8787,3766.3257
110659000,3845.5223,1998600,31439500,6137054900,79262230800,3769.8787,3846.2932,3769.8787,3766.3257
110704000,3845.405,1614000,27657800,6138668900,79289888600,3769.8787,3846.2932,3769.8787,3766.3257
110708000,3845.2337,1737700,25348400,6140406600,79315237000,3769.8787,3846.2932,3769.8787,3766.3257
110714000,3845.4256,3180000,38552700,6143586600,79353789700,3769.8787,3846.2932,3769.8787,3766.3257
110719000,3845.0408,2589900,35443200,6146176500,79389232900,3769.8787,3846.2932,3769.8787,3766.3257
110723000,3845.1641,1819200,25883100,6147995700,79415116000,3769.8787,3846.2932,3769.8787,3766.3257
110729000,3845.2213,3939000,60848900,6151934700,79475964900,3769.8787,3846.2932,3769.8787,3766.3257
110734000,3845.4371,1793200,30908700,6153727900,79506873600,3769.8787,3846.2932,3769.8787,3766.3257
110738000,3845.0124,1977300,29403000,6155705200,79536276600,3769.8787,3846.2932,3769.8787,3766.3257
110744000,3845.1938,3621700,52454300,6159326900,79588730900,3769.8787,3846.2932,3769.8787,3766.3257
110749000,3845.3744,1928400,28997000,6161255300,79617727900,3769.8787,3846.2932,3769.8787,3766.3257
110753000,3845.8613,1772500,27807300,6163027800,79645535200,3769.8787,3846.2932,3769.8787,3766.3257
110759000,3845.9293,3719900,43818000,6166747700,79689353200,3769.8787,3846.2932,3769.8787,3766.3257
110804000,3846.2357,3174400,50635500,6169922100,79739988700,3769.8787,3846.2932,3769.8787,3766.3257
110808000,3846.0368,1904600,23487000,6171826700,79763475700,3769.8787,3846.2932,3769.8787,3766.3257
110814000,3845.5325,2718900,37578600,6174545600,79801054300,3769.8787,3846.3584,3769.8787,3766.3257
110819000,3846.0445,2236000,39775700,6176781600,79840830000,3769.8787,3846.3584,3769.8787,3766.3257
110823000,3846.2753,1583300,23390700,6178364900,79864220700,3769.8787,3846.3584,3769.8787,3766.3257
110829000,3846.5651,2967900,33270800,6181332800,79897491500,3769.8787,3846.5651,3769.8787,3766.3257
110834000,3846.4026,2949300,37322500,6184282100,79934814000,3769.8787,3846.5651,3769.8787,3766.3257
110838000,3846.4384,2377800,28947100,6186659900,79963761100,3769.8787,3846.6385,3769.8787,3766.3257
110844000,3846.076,2847700,40157300,6189507600,80003918400,3769.8787,3846.6385,3769.8787,3766.3257
110849000,3846.3272,2620100,36193200,6192127700,80040111600,3769.8787,3846.6385,3769.8787,3766.3257
110853000,3846.6214,2206700,26731400,6194334400,80066843000,3769.8787,3846.6385,3769.8787,3766.3257
110859000,3846.7545,4972200,53504600,6199306600,80120347600,3769.8787,3846.9496,3769.8787,3766.3257
110904000,3846.9036,2215600,31434500,6201522200,80151782100,3769.8787,3846.9496,3769.8787,3766.3257
110908000,3847.1001,2371200,44675900,6203893400,80196458000,3769.8787,3847.1001,3769.8787,3766.3257
110914000,3846.9857,8784500,67535600,6212677900,80263993600,3769.8787,3847.1001,3769.8787,3766.3257
110919000,3846.879,2178500,28346600,6214856400,80292340200,3769.8787,3847.16,3769.8787,3766.3257
110924000,3847.3432,2447100,25598100,6217303500,80317938300,3769.8787,3847.3432,3769.8787,3766.3257
110929000,3847.3492,4505500,43289200,6221809000,80361227500,3769.8787,3847.3492,3769.8787,3766.3257
110934000,3847.369,5201800,46859500,6227010800,80408087000,3769.8787,3847.369,3769.8787,3766.3257
110939000,3847.439,1824700,21062100,6228835500,80429149100,3769.8787,3847.4521,3769.8787,3766.3257
110944000,3847.3623,3128400,38304100,6231963900,80467453200,3769.8787,3847.5091,3769.8787,3766.3257
110949000,3847.4025,2338600,33336500,6234302500,80500789700,3769.8787,3847.5091,3769.8787,3766.3257
110954000,3847.6117,1751300,29813700,6236053800,80530603400,3769.8787,3847.6117,3769.8787,3766.3257
110959000,3848.0311,2708000,36060300,6238761800,80566663700,3769.8787,3848.0311,3769.8787,3766.3257
111004000,3848.0575,1951100,40993000,6240712900,80607656700,3769.8787,3848.0575,3769.8787,3766.3257
111009000,3848.0797,1896000,23327400,6242608900,80630984100,3769.8787,3848.0797,3769.8787,3766.3257
111014000,3847.8677,2764000,33016400,6245372900,80664000500,3769.8787,3848.0797,3769.8787,3766.3257
111019000,3847.7649,3159900,39731500,6248532800,80703732000,3769.8787,3848.0797,3769.8787,3766.3257
111023000,3847.9167,3347500,34395400,6251880300,80738127400,3769.8787,3848.0797,3769.8787,3766.3257
111029000,3848.1616,2557300,38269000,6254437600,80776396400,3769.8787,3848.2756,3769.8787,3766.3257
111034000,3848.0836,3210600,40040000,6257648200,80816436400,3769.8787,3848.2756,3769.8787,3766.3257
111038000,3848.0644,1807400,25305000,6259455600,80841741400,3769.8787,3848.2756,3769.8787,3766.3257
111044000,3848.2137,3381400,37134600,6262837000,80878876000,3769.8787,3848.2756,3769.8787,3766.3257
111049000,3847.9383,2427400,35049100,6265264400,80913925100,3769.8787,3848.3987,3769.8787,3766.3257
111055000,3848.1521,3543900,41463700,6268808300,80955388800,3769.8787,3848.3987,3769.8787,3766.3257
111059000,3848.2675,2414300,29266300,6271222600,80984655100,3769.8787,3848.3987,3769.8787,3766.3257
111105000,3848.4548,3726700,42203200,6274949300,81026858300,3769.8787,3848.5239,3769.8787,3766.3257
111110000,3848.3174,4659000,59069600,6279608300,81085927900,3769.8787,3848.6756,3769.8787,3766.3257
111115000,3848.3159,1959500,26795000,6281567800,81112722900,3769.8787,3848.6756,3769.8787,3766.3257
111120000,3848.3892,3144500,35877800,6284712300,81148600700,3769.8787,3848.6756,3769.8787,3766.3257
111125000,3848.3577,2972400,35581900,6287684700,81184182600,3769.8787,3848.6756,3769.8787,3766.3257
111129000,3848.5611,1400400,20207300,6289085100,81204389900,3769.8787,3848.6756,3769.8787,3766.3257
111135000,3848.3105,2864800,49241600,6291949900,81253631500,3769.8787,3848.6756,3769.8787,3766.3257
111140000,3848.713,3824800,45187200,6295774700,81298818700,3769.8787,3848.713,3769.8787,3766.3257
111144000,3848.6413,2157100,29958300,6297931800,81328777000,3769.8787,3848.713,3769.8787,3766.3257
111150000,3848.4369,2989700,40497000,6300921500,81369274000,3769.8787,3848.713,3769.8787,3766.3257
111155000,3848.7464,2239700,26352300,6303161200,81395626300,3769.8787,3848.7464,3769.8787,3766.3257
111159000,3848.6219,1593400,25796200,6304754600,81421422500,3769.8787,3848.85,3769.8787,3766.3257
111205000,3849.0534,3369600,41754500,6308124200,81463177000,3769.8787,3849.068,3769.8787,3766.3257
111210000,3848.9139,2451900,40272000,6310576100,81503449000,3769.8787,3849.0787,3769.8787,3766.3257
111214000,3848.947,1771800,25128500,6312347900,81528577500,3769.8787,3849.0787,3769.8787,3766.3257
111220000,3848.9163,3719000,47701200,6316066900,81576278700,3769.8787,3849.0787,3769.8787,3766.3257
111225000,3848.7264,3334400,37625500,6319401300,81613904200,3769.8787,3849.1318,3769.8787,3766.3257
111230000,3848.9398,1653700,20719300,6321055000,81634623500,3769.8787,3849.1318,3769.8787,3766.3257
111235000,3848.5762,3091300,47570900,6324146300,81682194400,3769.8787,3849.1318,3769.8787,3766.3257
111240000,3848.905,2201300,33784700,6326347600,81715979100,3769.8787,3849.1318,3769.8787,3766.3257
111244000,3848.7761,2389100,29155800,6328736700,81745134900,3769.8787,3849.1318,3769.8787,3766.3257
111250000,3848.7777,2857200,40890400,6331593900,81786025300,3769.8787,3849.1318,3769.8787,3766.3257
111255000,3848.9144,2723300,37191900,6334317200,81823217200,3769.8787,3849.1318,3769.8787,3766.3257
111259000,3848.9923,2212500,24901000,6336529700,81848118200,3769.8787,3849.1318,3769.8787,3766.3257
111305000,3848.8843,5034300,51999300,6341564000,81900117500,3769.8787,3849.1318,3769.8787,3766.3257
111310000,3848.8586,2835800,41591200,6344399800,81941708700,3769.8787,3849.1318,3769.8787,3766.3257
111314000,3848.8751,4327300,33150600,6348727100,81974859300,3769.8787,3849.1318,3769.8787,3766.3257
111320000,3849.1275,5026200,51123700,6353753300,82025983000,3769.8787,3849.1339,3769.8787,3766.3257
111325000,3849.1588,2559700,36681300,6356313000,82062664300,3769.8787,3849.1924,3769.8787,3766.3257
111329000,3849.4776,1282100,16205500,6357595100,82078869800,3769.8787,3849.4776,3769.8787,3766.3257
111335000,3849.0364,3988000,39885200,6361583100,82118755000,3769.8787,3849.4776,3769.8787,3766.3257
111340000,3849.0587,2470400,29721000,6364053500,82148476000,3769.8787,3849.4776,3769.8787,3766.3257
111344000,3849.2465,1731300,23208900,6365784800,82171684900,3769.8787,3849.4776,3769.8787,3766.3257
111350000,3848.7688,3656600,39907200,6369441400,82211592100,3769.8787,3849.4776,3769.8787,3766.3257
111355000,3848.9709,2560100,35098200,6372001500,82246690300,3769.8787,3849.4776,3769.8787,3766.3257
111359000,3849.1467,1873000,29135300,6373874500,82275825600,3769.8787,3849.4776,3769.8787,3766.3257
111405000,3849.5041,2642600,35366800,6376517100,82311192400,3769.8787,3849.5041,3769.8787,3766.3257
111410000,3848.9678,2711300,29987900,6379228400,82341180300,3769.8787,3849.5041,3769.8787,3766.3257
111415000,3849.0582,2848800,34911100,6382077200,82376091400,3769.8787,3849.5041,3769.8787,3766.3257
111420000,3849.4416,3652800,48210600,6385730000,82424302000,3769.8787,3849.5041,3769.8787,3766.3257
111425000,3849.0834,2771400,42381000,6388501400,82466683000,3769.8787,3849.5041,3769.8787,3766.3257
111430000,3849.2532,2294300,26566600,6390795700,82493249600,3769.8787,3849.5041,3769.8787,3766.3257
111435000,3849.1387,4736200,43590600,6395531900,82536840200,3769.8787,3849.5041,3769.8787,3766.3257
111440000,3849.4568,2433600,38273000,6397965500,82575113200,3769.8787,3849.5041,3769.8787,3766.3257
111445000,3849.1325,2312000,29202400,6400277500,82604315600,3769.8787,3849.5041,3769.8787,3766.3257
111450000,3848.9315,3767400,41541900,6404044900,82645857500,3769.8787,3849.5041,3769.8787,3766.3257
111455000,3849.0825,3285400,30821800,6407330300,82676679300,3769.8787,3849.5041,3769.8787,3766.3257
111459000,3849.289,1491900,20259800,6408822200,82696939100,3769.8787,3849.5041,3769.8787,3766.3257
111505000,3849.3385,4433300,56038000,6413255500,82752977100,3769.8787,3849.5606,3769.8787,3766.3257
111511000,3848.8786,2849100,39970300,6416104600,82792947400,3769.8787,3849.5606,3769.8787,3766.3257
111516000,3849.0673,2550400,36197500,6418655000,82829144900,3769.8787,3849.5606,3769.8787,3766.3257
111520000,3849.0319,1328800,17535100,6419983800,82846680000,3769.8787,3849.5606,3769.8787,3766.3257
111526000,3849.0745,2692400,33787100,6422676200,82880467100,3769.8787,3849.5606,3769.8787,3766.3257
111531000,3849.0981,2189800,29479500,6424866000,82909946600,3769.8787,3849.5606,3769.8787,3766.3257
111535000,3849.2583,1736000,19712600,6426602000,82929659200,3769.8787,3849.5606,3769.8787,3766.3257
111541000,3849.196,4728800,45368000,6431330800,82975027200,3769.8787,3849.5606,3769.8787,3766.3257
111546000,3849.3254,1771000,26986100,6433101800,83002013300,3769.8787,3849.5606,3769.8787,3766.3257
111551000,3849.0722,2055700,25264000,6435157500,83027277300,3769.8787,3849.5606,3769.8787,3766.3257
111556000,3849.5852,2163800,31589900,6437321300,83058867200,3769.8787,3849.6628,3769.8787,3766.3257
111601000,3849.3615,1870900,30546400,6439192200,83089413600,3769.8787,3849.6628,3769.8787,3766.3257
111606000,3849.4127,1119200,15506900,6440311400,83104920500,3769.8787,3849.6628,3769.8787,3766.3257
111611000,3849.2725,2739000,40007700,6443050400,83144928200,3769.8787,3849.6628,3769.8787,3766.3257
111616000,3849.2131,1868600,27739500,6444919000,83172667700,3769.8787,3849.6628,3769.8787,3766.3257
111621000,3849.2177,2249900,38852100,6447168900,83211519800,3769.8787,3849.6628,3769.8787,3766.3257
111626000,3849.1713,2761900,41076000,6449930800,83252595800,3769.8787,3849.6628,3769.8787,3766.3257
111631000,3849.2187,1483400,23727900,6451414200,83276323700,3769.8787,3849.6628,3769.8787,3766.3257
111635000,3849.6042,1660200,28991400,6453074400,83305315100,3769.8787,3849.6628,3769.8787,3766.3257
111641000,3848.9953,2564700,38388000,6455639100,83343703100,3769.8787,3849.6628,3769.8787,3766.3257
111646000,3849.3379,2072800,29310500,6457711900,83373013600,3769.8787,3849.6628,3769.8787,3766.3257
111650000,3849.3092,1233900,23857900,6458945800,83396871500,3769.8787,3849.6628,3769.8787,3766.3257
111656000,3849.4564,3087500,43252800,6462033300,83440124300,3769.8787,3849.6628,3769.8787,3766.3257
111701000,3849.2423,2267200,31275300,6464300500,83471399600,3769.8787,3849.946,3769.8787,3766.3257
111705000,3849.6868,1390000,18113900,6465690500,83489513500,3769.8787,3849.946,3769.8787,3766.3257
111711000,3849.4582,5407500,51554600,6471098000,83541068100,3769.8787,3849.946,3769.8787,3766.3257
111716000,3850.0866,2862200,40276200,6473960200,83581344300,3769.8787,3850.0866,3769.8787,3766.3257
111721000,3849.8643,4137500,42624700,6478097700,83623969000,3769.8787,3850.0866,3769.8787,3766.3257
111726000,3850.3291,4220900,50886300,6482318600,83674855300,3769.8787,3850.3291,3769.8787,3766.3257
111731000,3849.9369,3373200,45542700,6485691800,83720398000,3769.8787,3850.3581,3769.8787,3766.3257
111735000,3850.0488,2602100,41860000,6488293900,83762258000,3769.8787,3850.3581,3769.8787,3766.3257
111741000,3850.2469,3305600,49664700,6491599500,83811922700,3769.8787,3850.3581,3769.8787,3766.3257
111746000,3850.7041,4605400,54737300,6496204900,83866660000,3769.8787,3850.7041,3769.8787,3766.3257
111750000,3850.5063,2328200,34083400,6498533100,83900743400,3769.8787,3850.7172,3769.8787,3766.3257
111756000,3850.7161,5621000,83026400,6504154100,83983769800,3769.8787,3850.7172,3769.8787,3766.3257
111801000,3850.7051,3634400,46019000,6507788500,84029788800,3769.8787,3850.7172,3769.8787,3766.3257
111805000,3850.8281,5653300,65421700,6513441800,84095210500,3769.8787,3850.9803,3769.8787,3766.3257
111811000,3850.6145,5755200,77652100,6519197000,84172862600,3769.8787,3850.9803,3769.8787,3766.3257
111816000,3850.7947,3131700,51915500,6522328700,84224778100,3769.8787,3850.9803,3769.8787,3766.3257
111820000,3851.2845,2958900,36677500,6525287600,84261455600,3769.8787,3851.2845,3769.8787,3766.3257
111826000,3851.6318,5374700,70578300,6530662300,84332033900,3769.8787,3851.6318,3769.8787,3766.3257
111831000,3851.4492,3290600,45722200,6533952900,84377756100,3769.8787,3851.6318,3769.8787,3766.3257
111835000,3851.2163,2735000,32217300,6536687900,84409973400,3769.8787,3851.6318,3769.8787,3766.3257
111841000,3851.4596,3820500,56835400,6540508400,84466808800,3769.8787,3851.6318,3769.8787,3766.3257
111846000,3851.7368,4601100,60180200,6545109500,84526989000,3769.8787,3851.7368,3769.8787,3766.3257
111850000,3851.4962,2492000,44270700,6547601500,84571259700,3769.8787,3851.7368,3769.8787,3766.3257
111856000,3851.8331,5393600,73061400,6552995100,84644321100,3769.8787,3851.9383,3769.8787,3766.3257
111901000,3852.3054,3192200,43140300,6556187300,84687461400,3769.8787,3852.3054,3769.8787,3766.3257
111905000,3852.0611,3258200,41154000,6559445500,84728615400,3769.8787,3852.3054,3769.8787,3766.3257
111911000,3852.3196,5252300,72765600,6564697800,84801381000,3769.8787,3852.3196,3769.8787,3766.3257
111917000,3852.318,6163300,77454700,6570861100,84878835700,3769.8787,3852.3201,3769.8787,3766.3257
111921000,3852.0459,2615000,33885000,6573476100,84912720700,3769.8787,3852.3201,3769.8787,3766.3257
111927000,3852.5824,4133200,57817200,6577609300,84970537900,3769.8787,3852.5824,3769.8787,3766.3257
111932000,3852.7696,4561300,50474400,6582170600,85021012300,3769.8787,3853.0798,3769.8787,3766.3257
111937000,3852.7259,3685500,45910600,6585856100,85066922900,3769.8787,3853.0798,3769.8787,3766.3257
111941000,3852.4691,3470400,38289700,6589326500,85105212600,3769.8787,3853.0798,3769.8787,3766.3257
111947000,3852.4552,6229800,70244000,6595556300,85175456600,3769.8787,3853.0798,3769.8787,3766.3257
111952000,3852.0906,4539700,51355100,6600096000,85226811700,3769.8787,3853.0798,3769.8787,3766.3257
111956000,3852.6233,4195400,40417700,6604291400,85267229400,3769.8787,3853.0798,3769.8787,3766.3257
112002000,3852.7926,4188500,52724800,6608479900,85319954200,3769.8787,3853.0798,3769.8787,3766.3257
112007000,3853.0462,5591600,68239000,6614071500,85388193200,3769.8787,3853.0798,3769.8787,3766.3257
112011000,3853.132,3511400,38824000,6617582900,85427017200,3769.8787,3853.25,3769.8787,3766.3257
112017000,3853.3819,5912900,59479700,6623495800,85486496900,3769.8787,3853.3819,3769.8787,3766.3257
112022000,3853.4379,4026100,50413200,6627521900,85536910100,3769.8787,3853.7106,3769.8787,3766.3257
112027000,3853.2532,3171700,43400100,6630693600,85580310200,3769.8787,3853.7106,3769.8787,3766.3257
112032000,3853.1343,5333500,63496700,6636027100,85643806900,3769.8787,3853.7106,3769.8787,3766.3257
112037000,3853.4198,2837700,38472600,6638864800,85682279500,3769.8787,3853.7106,3769.8787,3766.3257
112041000,3853.4916,7935000,64980300,6646799800,85747259800,3769.8787,3853.7106,3769.8787,3766.3257
112047000,3853.6982,4890300,66634900,6651690100,85813894700,3769.8787,3853.8228,3769.8787,3766.3257
112052000,3853.3353,5281900,58721200,6656972000,85872615900,3769.8787,3853.8228,3769.8787,3766.3257
112056000,3853.5169,2120500,30910300,6659092500,85903526200,3769.8787,3853.8228,3769.8787,3766.3257
112102000,3853.5388,6592300,67083900,6665684800,85970610100,3769.8787,3853.8228,3769.8787,3766.3257
112107000,3853.7348,3850000,42120500,6669534800,86012730600,3769.8787,3853.8228,3769.8787,3766.3257
112111000,3853.8489,3179900,45849800,6672714700,86058580400,3769.8787,3853.9254,3769.8787,3766.3257
112117000,3853.9307,3546200,46880200,6676260900,86105460600,3769.8787,3854.0035,3769.8787,3766.3257
112122000,3853.7968,3606000,48071400,6679866900,86153532000,3769.8787,3854.0035,3769.8787,3766.3257
112126000,3853.7372,2568300,35677000,6682435200,86189209000,3769.8787,3854.0035,3769.8787,3766.3257
112132000,3853.601,3193300,47090600,6685628500,86236299600,3769.8787,3854.0035,3769.8787,3766.3257
112137000,3853.5649,2630600,39441300,6688259100,86275740900,3769.8787,3854.0035,3769.8787,3766.3257
112141000,3853.4791,2995000,33340000,6691254100,86309080900,3769.8787,3854.0035,3769.8787,3766.3257
112147000,3853.9997,4843800,58532100,6696097900,86367613000,3769.8787,3854.0035,3769.8787,3766.3257
112152000,3853.8655,3683000,47132800,6699780900,86414745800,3769.8787,3854.0875,3769.8787,3766.3257
112156000,3853.7238,4738300,52612300,6704519200,86467358100,3769.8787,3854.0875,3769.8787,3766.3257
112202000,3853.9391,3910100,52148100,6708429300,86519506200,3769.8787,3854.1843,3769.8787,3766.3257
112207000,3854.1601,4010400,40578700,6712439700,86560084900,3769.8787,3854.1843,3769.8787,3766.3257
112211000,3854.2239,3032300,39687100,6715472000,86599772000,3769.8787,3854.2239,3769.8787,3766.3257
112217000,3854.0047,2986600,45892900,6718458600,86645664900,3769.8787,3854.4292,3769.8787,3766.3257
112222000,3854.2038,9555900,61748000,6728014500,86707412900,3769.8787,3854.4292,3769.8787,3766.3257
112226000,3853.5023,2989000,43766200,6731003500,86751179100,3769.8787,3854.4292,3769.8787,3766.3257
112232000,3853.454,5314700,52274300,6736318200,86803453400,3769.8787,3854.4292,3769.8787,3766.3257
112237000,3853.4817,3954000,48481500,6740272200,86851934900,3769.8787,3854.4292,3769.8787,3766.3257
112241000,3853.6225,4345200,63182200,6744617400,86915117100,3769.8787,3854.4292,3769.8787,3766.3257
112247000,3853.25,5201800,73882300,6749819200,86988999400,3769.8787,3854.4292,3769.8787,3766.3257
112252000,3853.4757,3557800,43982600,6753377000,87032982000,3769.8787,3854.4292,3769.8787,3766.3257
112256000,3853.2642,2785700,31204800,6756162700,87064186800,3769.8787,3854.4292,3769.8787,3766.3257
112302000,3852.6557,5015600,52250500,6761178300,87116437300,3769.8787,3854.4292,3769.8787,3766.3257
112307000,3852.5885,2518400,31539100,6763696700,87147976400,3769.8787,3854.4292,3769.8787,3766.3257
112311000,3852.9376,2741200,22698000,6766437900,87170674400,3769.8787,3854.4292,3769.8787,3766.3257
112317000,3852.7173,4229100,44250400,6770667000,87214924800,3769.8787,3854.4292,3769.8787,3766.3257
112322000,3852.1822,3323300,37595500,6773990300,87252520300,3769.8787,3854.4292,3769.8787,3766.3257
112328000,3851.6988,4298800,49403500,6778289100,87301923800,3769.8787,3854.4292,3769.8787,3766.3257
112332000,3851.9751,3046500,31007500,6781335600,87332931300,3769.8787,3854.4292,3769.8787,3766.3257
112338000,3851.7153,3647900,44838300,6784983500,87377769600,3769.8787,3854.4292,3769.8787,3766.3257
112343000,3851.3889,2523900,37296200,6787507400,87415065800,3769.8787,3854.4292,3769.8787,3766.3257
112348000,3851.3161,2391300,29620500,6789898700,87444686300,3769.8787,3854.4292,3769.8787,3766.3257
112353000,3851.2587,4898600,51133700,6794797300,87495820000,3769.8787,3854.4292,3769.8787,3766.3257
112358000,3850.8531,3448800,39836800,6798246100,87535656800,3769.8787,3854.4292,3769.8787,3766.3257
112402000,3850.984,1791000,24958200,6800037100,87560615000,3769.8787,3854.4292,3769.8787,3766.3257
112408000,3850.7039,3112000,37031400,6803149100,87597646400,3769.8787,3854.4292,3769.8787,3766.3257
112413000,3850.6987,3994000,41583400,6807143100,87639229800,3769.8787,3854.4292,3769.8787,3766.3257
112418000,3850.6713,2847800,31514900,6809990900,87670744700,3769.8787,3854.4292,3769.8787,3766.3257
112423000,3850.7412,3116000,35861300,6813106900,87706606000,3769.8787,3854.4292,3769.8787,3766.3257
112428000,3850.3631,3214300,41569300,6816321200,87748175300,3769.8787,3854.4292,3769.8787,3766.3257
112432000,3850.2482,1612700,23572600,6817933900,87771747900,3769.8787,3854.4292,3769.8787,3766.3257
112438000,3850.2114,3422900,45342800,6821356800,87817090700,3769.8787,3854.4292,3769.8787,3766.3257
112443000,3849.9468,3858500,39705300,6825215300,87856796000,3769.8787,3854.4292,3769.8787,3766.3257
112447000,3849.8197,3127000,36813300,6828342300,87893609300,3769.8787,3854.4292,3769.8787,3766.3257
112453000,3849.7101,4382000,60442300,6832724300,87954051600,3769.8787,3854.4292,3769.8787,3766.3257
112458000,3850.0517,2895900,36447300,6835620200,87990498900,3769.8787,3854.4292,3769.8787,3766.3257
112502000,3849.7837,1721500,23921000,6837341700,88014419900,3769.8787,3854.4292,3769.8787,3766.3257
112508000,3849.8009,3361500,41437800,6840703200,88055857700,3769.8787,3854.4292,3769.8787,3766.3257
112513000,3849.8047,1886000,25994200,6842589200,88081851900,3769.8787,3854.4292,3769.8787,3766.3257
112517000,3849.6663,1952800,26376900,6844542000,88108228800,3769.8787,3854.4292,3769.8787,3766.3257
112523000,3850.2111,2555600,41885100,6847097600,88150113900,3769.8787,3854.4292,3769.8787,3766.3257
112528000,3849.6379,2076500,27599500,6849174100,88177713400,3769.8787,3854.4292,3769.8787,3766.3257
112532000,3849.8445,2878600,33206500,6852052700,88210919900,3769.8787,3854.4292,3769.8787,3766.3257
112538000,3849.497,2641800,32181900,6854694500,88243101800,3769.8787,3854.4292,3769.8787,3766.3257
112543000,3850.0166,3332600,38679900,6858027100,88281781700,3769.8787,3854.4292,3769.8787,3766.3257
112547000,3849.9901,2086500,23801900,6860113600,88305583600,3769.8787,3854.4292,3769.8787,3766.3257
112553000,3849.6283,2643000,40020800,6862756600,88345604400,3769.8787,3854.4292,3769.8787,3766.3257
112558000,3849.6367,2328100,30277300,6865084700,88375881700,3769.8787,3854.4292,3769.8787,3766.3257
112602000,3849.6899,3108600,30588200,6868193300,88406469900,3769.8787,3854.4292,3769.8787,3766.3257
112608000,3849.4315,2894900,37182100,6871088200,88443652000,3769.8787,3854.4292,3769.8787,3766.3257
112613000,3849.7084,2679800,30036600,6873768000,88473688600,3769.8787,3854.4292,3769.8787,3766.3257
112618000,3849.6093,2871400,28737900,6876639400,88502426500,3769.8787,3854.4292,3769.8787,3766.3257
112623000,3849.3684,2509500,32279700,6879148900,88534706200,3769.8787,3854.4292,3769.8787,3766.3257
112628000,3849.6049,3172100,41241400,6882321000,88575947600,3769.8787,3854.4292,3769.8787,3766.3257
112632000,3849.5159,2039300,24623400,6884360300,88600571000,3769.8787,3854.4292,3769.8787,3766.3257
112638000,3849.818,3090000,39321900,6887450300,88639892900,3769.8787,3854.4292,3769.8787,3766.3257
112643000,3849.6017,2736200,33810800,6890186500,88673703700,3769.8787,3854.4292,3769.8787,3766.3257
112648000,3850.0512,1805000,16651400,6891991500,88690355100,3769.8787,3854.4292,3769.8787,3766.3257
112653000,3849.5048,2406700,32432800,6894398200,88722787900,3769.8787,3854.4292,3769.8787,3766.3257
112658000,3849.6626,2316600,29494700,6896714800,88752282600,3769.8787,3854.4292,3769.8787,3766.3257
112702000,3849.755,2214500,21734300,6898929300,88774016900,3769.8787,3854.4292,3769.8787,3766.3257
112708000,3849.6537,2844800,35206100,6901774100,88809223000,3769.8787,3854.4292,3769.8787,3766.3257
112713000,3848.5185,3799500,39939900,6905573600,88849162900,3769.8787,3854.4292,3769.8787,3766.3257
112718000,3848.3065,3676800,38171000,6909250400,88887333900,3769.8787,3854.4292,3769.8787,3766.3257
112723000,3848.946,3755900,38350200,6913006300,88925684100,3769.8787,3854.4292,3769.8787,3766.3257
112728000,3848.2147,2934200,34547000,6915940500,88960231100,3769.8787,3854.4292,3769.8787,3766.3257
112733000,3848.2638,1799600,25359200,6917740100,88985590300,3769.8787,3854.4292,3769.8787,3766.3257
112738000,3847.7425,3246500,43907300,6920986600,89029497600,3769.8787,3854.4292,3769.8787,3766.3257
112744000,3847.4064,3633200,48315100,6924619800,89077812700,3769.8787,3854.4292,3769.8787,3766.3257
112749000,3847.1678,2338600,37451800,6926958400,89115264500,3769.8787,3854.4292,3769.8787,3766.3257
112753000,3846.7444,2237900,25800700,6929196300,89141065200,3769.8787,3854.4292,3769.8787,3766.3257
112759000,3847.0796,2922900,41841600,6932119200,89182906800,3769.8787,3854.4292,3769.8787,3766.3257
112804000,3846.9109,2235400,30568500,6934354600,89213475300,3769.8787,3854.4292,3769.8787,3766.3257
112808000,3847.0451,1629900,22728200,6935984500,89236203500,3769.8787,3854.4292,3769.8787,3766.3257
112814000,3847.1382,2198900,27125000,6938183400,89263328500,3769.8787,3854.4292,3769.8787,3766.3257
112819000,3846.662,1619400,30243900,6939802800,89293572400,3769.8787,3854.4292,3769.8787,3766.3257
112823000,3846.822,2044600,23315400,6941847400,89316887800,3769.8787,3854.4292,3769.8787,3766.3257
112829000,3846.9704,2793600,35591900,6944641000,89352479700,3769.8787,3854.4292,3769.8787,3766.3257
112834000,3846.8563,1750800,25625200,6946391800,89378104900,3769.8787,3854.4292,3769.8787,3766.3257
112838000,3846.7017,1220800,18885300,6947612600,89396990200,3769.8787,3854.4292,3769.8787,3766.3257
112844000,3846.9864,2233800,28561300,6949846400,89425551500,3769.8787,3854.4292,3769.8787,3766.3257
112849000,3846.7101,2649400,37660800,6952495800,89463212300,3769.8787,3854.4292,3769.8787,3766.3257
112854000,3846.6546,1595700,19448200,6954091500,89482660500,3769.8787,3854.4292,3769.8787,3766.3257
112859000,3846.8661,2603500,33983600,6956695000,89516644100,3769.8787,3854.4292,3769.8787,3766.3257
112904000,3846.9213,2977100,29938500,6959672100,89546582600,3769.8787,3854.4292,3769.8787,3766.3257
112908000,3846.6074,1200600,17870100,6960872700,89564452700,3769.8787,3854.4292,3769.8787,3766.3257
112914000,3847.0335,2370900,30819100,6963243600,89595271800,3769.8787,3854.4292,3769.8787,3766.3257
112919000,3846.7941,2205500,28474200,6965449100,89623746000,3769.8787,3854.4292,3769.8787,3766.3257
112923000,3846.9267,1888200,20543000,6967337300,89644289000,3769.8787,3854.4292,3769.8787,3766.3257
112929000,3846.8389,2392700,31220500,6969730000,89675509500,3769.8787,3854.4292,3769.8787,3766.3257
112934000,3846.8947,3147300,28955400,6972877300,89704464900,3769.8787,3854.4292,3769.8787,3766.3257
112938000,3847.1876,1755000,19397200,6974632300,89723862100,3769.8787,3854.4292,3769.8787,3766.3257
112944000,3847.2687,1712700,26117700,6976345000,89749979800,3769.8787,3854.4292,3769.8787,3766.3257
112949000,3846.7853,1758200,22170500,6978103200,89772150300,3769.8787,3854.4292,3769.8787,3766.3257
112953000,3846.86,1367700,17419900,6979470900,89789570200,3769.8787,3854.4292,3769.8787,3766.3257
112959000,3846.5358,2665900,31801300,6982136800,89821371500,3769.8787,3854.4292,3769.8787,3766.3257
113003000,3846.7719,580100,8914800,6982716900,89830286300,3769.8787,3854.4292,3769.8787,3766.3257
130005000,3847.9881,44204700,436226700,7026921600,90266513000,3769.8787,3854.4292,3769.8787,3766.3257
130010000,3848.7063,9703100,118229500,7036624700,90384742500,3769.8787,3854.4292,3769.8787,3766.3257
130015000,3849.1799,4508600,51377800,7041133300,90436120300,3769.8787,3854.4292,3769.8787,3766.3257
130020000,3849.4671,4103400,44480000,7045236700,90480600300,3769.8787,3854.4292,3769.8787,3766.3257
130025000,3849.7283,1770600,25113200,7047007300,90505713500,3769.8787,3854.4292,3769.8787,3766.3257
130029000,3850.4189,1508400,20888000,7048515700,90526601500,3769.8787,3854.4292,3769.8787,3766.3257
130035000,3850.3634,2610300,40968400,7051126000,90567569900,3769.8787,3854.4292,3769.8787,3766.3257
130041000,3850.389,2140200,26909700,7053266200,90594479600,3769.8787,3854.4292,3769.8787,3766.3257
130044000,3850.8533,1639900,19652600,7054906100,90614132200,3769.8787,3854.4292,3769.8787,3766.3257
130050000,3850.8833,2556000,40822400,7057462100,90654954600,3769.8787,3854.4292,3769.8787,3766.3257
130056000,3850.9998,2746600,32918200,7060208700,90687872800,3769.8787,3854.4292,3769.8787,3766.3257
130101000,3851.0801,1396400,20723300,7061605100,90708596100,3769.8787,3854.4292,3769.8787,3766.3257
130106000,3851.3984,2848800,33626900,7064453900,90742223000,3769.8787,3854.4292,3769.8787,3766.3257
130111000,3851.6493,2166600,26564500,7066620500,90768787500,3769.8787,3854.4292,3769.8787,3766.3257
130116000,3851.6129,1452800,18331800,7068073300,90787119300,3769.8787,3854.4292,3769.8787,3766.3257
130120000,3852.156,2398400,25235200,7070471700,90812354500,3769.8787,3854.4292,3769.8787,3766.3257
130126000,3851.5193,1434800,23192400,7071906500,90835546900,3769.8787,3854.4292,3769.8787,3766.3257
130131000,3851.3153,1680700,19260100,7073587200,90854807000,3769.8787,3854.4292,3769.8787,3766.3257
130135000,3851.5235,2375000,26994800,7075962200,90881801800,3769.8787,3854.4292,3769.8787,3766.3257
130141000,3851.8332,1742700,25816500,7077704900,90907618300,3769.8787,3854.4292,3769.8787,3766.3257
130146000,3851.2219,2887100,26213600,7080592000,90933831900,3769.8787,3854.4292,3769.8787,3766.3257
130151000,3850.8249,1634700,21189500,7082226700,90955021400,3769.8787,3854.4292,3769.8787,3766.3257
130156000,3851.1571,2612300,27371200,7084839000,90982392600,3769.8787,3854.4292,3769.8787,3766.3257
130201000,3851.2305,1767300,19426300,7086606300,91001818900,3769.8787,3854.4292,3769.8787,3766.3257
130205000,3851.0657,1770500,28998700,7088376800,91030817600,3769.8787,3854.4292,3769.8787,3766.3257
130211000,3850.5195,2873200,37048300,7091250000,91067865900,3769.8787,3854.4292,3769.8787,3766.3257
130216000,3850.6969,1954900,23112500,7093204900,91090978400,3769.8787,3854.4292,3769.8787,3766.3257
130220000,3849.8175,1916600,25136200,7095121500,91116114600,3769.8787,3854.4292,3769.8787,3766.3257
130226000,3849.5877,2757000,33380700,7097878500,91149495300,3769.8787,3854.4292,3769.8787,3766.3257
130231000,3849.6392,1905100,23536100,7099783600,91173031400,3769.8787,3854.4292,3769.8787,3766.3257
130236000,3850.2329,2026300,26156600,7101809900,91199188000,3769.8787,3854.4292,3769.8787,3766.3257
130241000,3849.9142,2003300,27256300,7103813200,91226444300,3769.8787,3854.4292,3769.8787,3766.3257
130246000,3850.2499,3050900,34738200,7106864100,91261182500,3769.8787,3854.4292,3769.8787,3766.3257
130250000,3849.9967,2097900,24924100,7108962000,91286106600,3769.8787,3854.4292,3769.8787,3766.3257
130256000,3849.9112,2014900,26696600,7110976900,91312803200,3769.8787,3854.4292,3769.8787,3766.3257
130301000,3849.9143,2210400,25244100,7113187300,91338047300,3769.8787,3854.4292,3769.8787,3766.3257
130306000,3849.899,1788200,24376900,7114975500,91362424200,3769.8787,3854.4292,3769.8787,3766.3257
130311000,3849.7167,2532000,28627400,7117507500,91391051600,3769.8787,3854.4292,3769.8787,3766.3257
130316000,3849.6645,1485500,17416700,7118993000,91408468300,3769.8787,3854.4292,3769.8787,3766.3257
130321000,3849.3193,1671600,24813100,7120664600,91433281400,3769.8787,3854.4292,3769.8787,3766.3257
130326000,3849.2683,3227900,36061300,7123892500,91469342700,3769.8787,3854.4292,3769.8787,3766.3257
130331000,3849.2245,1435600,19925200,7125328100,91489267900,3769.8787,3854.4292,3769.8787,3766.3257
130335000,3849.3973,1688900,21601900,7127017000,91510869800,3769.8787,3854.4292,3769.8787,3766.3257
130341000,3849.2016,1366600,21954600,7128383600,91532824400,3769.8787,3854.4292,3769.8787,3766.3257
130346000,3849.2706,1970600,27606200,7130354200,91560430600,3769.8787,3854.4292,3769.8787,3766.3257
130350000,3849.0616,2842400,28680700,7133196600,91589111300,3769.8787,3854.4292,3769.8787,3766.3257
130356000,3848.6875,2301700,27098000,7135498300,91616209300,3769.8787,3854.4292,3769.8787,3766.3257
130401000,3849.1535,2157300,28438100,7137655600,91644647400,3769.8787,3854.4292,3769.8787,3766.3257
130405000,3848.9501,1668400,22333800,7139324000,91666981200,3769.8787,3854.4292,3769.8787,3766.3257
130411000,3848.7021,1984600,28183600,7141308600,91695164800,3769.8787,3854.4292,3769.8787,3766.3257
130416000,3848.965,1364100,23873100,7142672700,91719037900,3769.8787,3854.4292,3769.8787,3766.3257
130420000,3848.7686,1975200,25264400,7144647900,91744302300,3769.8787,3854.4292,3769.8787,3766.3257
130426000,3848.6017,1778100,23872300,7146426000,91768174600,3769.8787,3854.4292,3769.8787,3766.3257
130431000,3848.3422,2836000,30711400,7149262000,91798886000,3769.8787,3854.4292,3769.8787,3766.3257
130435000,3848.764,3863700,33967400,7153125700,91832853400,3769.8787,3854.4292,3769.8787,3766.3257
130441000,3848.4732,3194700,39798400,7156320400,91872651800,3769.8787,3854.4292,3769.8787,3766.3257
130446000,3848.4689,1501900,17402500,7157822300,91890054300,3769.8787,3854.4292,3769.8787,3766.3257
130450000,3848.41,2142000,26534100,7159964300,91916588400,3769.8787,3854.4292,3769.8787,3766.3257
130456000,3848.2179,3358100,34625200,7163322400,91951213600,3769.8787,3854.4292,3769.8787,3766.3257
130502000,3848.5714,3295600,38968200,7166618000,91990181800,3769.8787,3854.4292,3769.8787,3766.3257
130505000,3848.3129,1947400,25110800,7168565400,92015292600,3769.8787,3854.4292,3769.8787,3766.3257
130512000,3848.3263,2187600,32528500,7170753000,92047821100,3769.8787,3854.4292,3769.8787,3766.3257
130517000,3847.969,2651200,32456800,7173404200,92080277900,3769.8787,3854.4292,3769.8787,3766.3257
130522000,3847.8148,2143500,31833000,7175547700,92112110900,3769.8787,3854.4292,3769.8787,3766.3257
130526000,3848.3273,2806900,33022000,7178354600,92145132900,3769.8787,3854.4292,3769.8787,3766.3257
130532000,3847.9663,3173100,35025800,7181527700,92180158700,3769.8787,3854.4292,3769.8787,3766.3257
130537000,3847.9908,1332700,21556100,7182860400,92201714800,3769.8787,3854.4292,3769.8787,3766.3257
130541000,3847.6431,2137700,27680000,7184998100,92229394800,3769.8787,3854.4292,3769.8787,3766.3257
130547000,3847.5008,2340300,27127900,7187338400,92256522700,3769.8787,3854.4292,3769.8787,3766.3257
130552000,3847.8146,2128400,26946000,7189466800,92283468700,3769.8787,3854.4292,3769.8787,3766.3257
130556000,3847.5696,1661000,20501400,7191127800,92303970100,3769.8787,3854.4292,3769.8787,3766.3257
130602000,3847.3498,4676000,40885700,7195803800,92344855800,3769.8787,3854.4292,3769.8787,3766.3257
130607000,3846.9083,3005300,31764300,7198809100,92376620100,3769.8787,3854.4292,3769.8787,3766.3257
130611000,3847.2554,3062700,33991000,7201871800,92410611100,3769.8787,3854.4292,3769.8787,3766.3257
130617000,3847.5717,2287200,32248000,7204159000,92442859100,3769.8787,3854.4292,3769.8787,3766.3257
130622000,3847.2443,1885900,25449500,7206044900,92468308600,3769.8787,3854.4292,3769.8787,3766.3257
130626000,3846.8961,2018200,24003500,7208063100,92492312100,3769.8787,3854.4292,3769.8787,3766.3257
130632000,3846.8258,3528600,39531500,7211591700,92531843600,3769.8787,3854.4292,3769.8787,3766.3257
130637000,3846.1523,4156600,41787900,7215748300,92573631500,3769.8787,3854.4292,3769.8787,3766.3257
130641000,3846.3114,2435700,26345900,7218184000,92599977400,3769.8787,3854.4292,3769.8787,3766.3257
130647000,3846.1442,1986900,35838000,7220170900,92635815400,3769.8787,3854.4292,3769.8787,3766.3257
130652000,3845.9901,1846500,24816000,7222017400,92660631400,3769.8787,3854.4292,3769.8787,3766.3257
130656000,3846.1245,2373300,25149000,7224390700,92685780400,3769.8787,3854.4292,3769.8787,3766.3257
130702000,3845.7988,2922800,39545700,7227313500,92725326100,3769.8787,3854.4292,3769.8787,3766.3257
130707000,3845.9322,2572100,25337400,7229885600,92750663500,3769.8787,3854.4292,3769.8787,3766.3257
130712000,3845.7893,3082700,34368800,7232968300,92785032300,3769.8787,3854.4292,3769.8787,3766.3257
130717000,3845.6661,3611300,31309800,7236579600,92816342100,3769.8787,3854.4292,3769.8787,3766.3257
130722000,3845.2767,2006500,25716400,7238586100,92842058500,3769.8787,3854.4292,3769.8787,3766.3257
130727000,3845.6962,3143500,29892100,7241729600,92871950600,3769.8787,3854.4292,3769.8787,3766.3257
130732000,3845.6242,3112600,31078900,7244842200,92903029500,3769.8787,3854.4292,3769.8787,3766.3257
130737000,3845.0147,1998900,24760200,7246841100,92927789700,3769.8787,3854.4292,3769.8787,3766.3257
130741000,3844.8996,1913700,25936600,7248754800,92953726300,3769.8787,3854.4292,3769.8787,3766.3257
130747000,3845.1328,1877500,27094900,7250632300,92980821200,3769.8787,3854.4292,3769.8787,3766.3257
130752000,3844.7435,1541600,22457600,7252173900,93003278800,3769.8787,3854.4292,3769.8787,3766.3257
130756000,3844.6585,1794200,22344100,7253968100,93025622900,3769.8787,3854.4292,3769.8787,3766.3257
130802000,3844.5762,5176500,51679500,7259144600,93077302400,3769.8787,3854.4292,3769.8787,3766.3257
130807000,3844.1187,5042400,39234200,7264187000,93116536600,3769.8787,3854.4292,3769.8787,3766.3257
130811000,3844.2759,2829800,32783600,7267016800,93149320200,3769.8787,3854.4292,3769.8787,3766.3257
130817000,3843.8993,2207400,31601300,7269224200,93180921500,3769.8787,3854.4292,3769.8787,3766.3257
130822000,3843.9238,1820300,26266900,7271044500,93207188400,3769.8787,3854.4292,3769.8787,3766.3257
130826000,3843.7766,2549800,29321500,7273594300,93236509900,3769.8787,3854.4292,3769.8787,3766.3257
130832000,3843.7289,3241400,41657800,7276835700,93278167700,3769.8787,3854.4292,3769.8787,3766.3257
130837000,3843.6284,2177000,29704300,7279012700,93307872000,3769.8787,3854.4292,3769.8787,3766.3257
130841000,3843.547,2334300,21680100,7281347000,93329552100,3769.8787,3854.4292,3769.8787,3766.3257
130847000,3843.4358,3997100,44327100,7285344100,93373879200,3769.8787,3854.4292,3769.8787,3766.3257
130852000,3843.2135,2347100,26089300,7287691200,93399968500,3769.8787,3854.4292,3769.8787,3766.3257
130856000,3843.272,1974900,27629800,7289666100,93427598300,3769.8787,3854.4292,3769.8787,3766.3257
130902000,3842.8094,2968700,33093800,7292634800,93460692100,3769.8787,3854.4292,3769.8787,3766.3257
130907000,3842.5673,3271600,38024700,7295906400,93498716800,3769.8787,3854.4292,3769.8787,3766.3257
130913000,3842.4815,2827300,34381000,7298733700,93533097800,3769.8787,3854.4292,3769.8787,3766.3257
130917000,3842.7442,3151500,33868400,7301885200,93566966200,3769.8787,3854.4292,3769.8787,3766.3257
130923000,3842.3025,2585100,32588300,7304470300,93599554500,3769.8787,3854.4292,3769.8787,3766.3257
130928000,3842.3051,1851400,23093800,7306321700,93622648300,3769.8787,3854.4292,3769.8787,3766.3257
130932000,3842.178,2233800,27702900,7308555500,93650351200,3769.8787,3854.4292,3769.8787,3766.3257
130938000,3842.2543,2412300,32395100,7310967800,93682746300,3769.8787,3854.4292,3769.8787,3766.3257
130943000,3842.5052,1400600,25977400,7312368400,93708723700,3769.8787,3854.4292,3769.8787,3766.3257
130948000,3841.9169,2355000,27447000,7314723400,93736170700,3769.8787,3854.4292,3769.8787,3766.3257
130953000,3841.8173,3311500,42135800,7318034900,93778306500,3769.8787,3854.4292,3769.8787,3766.3257
130958000,3841.3478,2101500,32063000,7320136400,93810369500,3769.8787,3854.4292,3769.8787,3766.3257
131002000,3841.6835,1871200,22823500,7322007600,93833193000,3769.8787,3854.4292,3769.8787,3766.3257
131008000,3841.376,3659400,44788600,7325667000,93877981600,3769.8787,3854.4292,3769.8787,3766.3257
131013000,3841.2014,1794600,25754900,7327461600,93903736500,3769.8787,3854.4292,3769.8787,3766.3257
131017000,3841.5535,2215500,30555700,7329677100,93934292200,3769.8787,3854.4292,3769.8787,3766.3257
131023000,3841.2959,2115200,32891900,7331792300,93967184100,3769.8787,3854.4292,3769.8787,3766.3257
131028000,3841.0818,1881500,27669600,7333673800,93994853700,3769.8787,3854.4292,3769.8787,3766.3257
131032000,3841.2278,1849000,23822300,7335522800,94018676000,3769.8787,3854.4292,3769.8787,3766.3257
131038000,3840.5881,4265800,49804200,7339788600,94068480200,3769.8787,3854.4292,3769.8787,3766.3257
131043000,3840.7521,1320700,31825900,7341109300,94100306100,3769.8787,3854.4292,3769.8787,3766.3257
131047000,3841.1149,2799700,40677900,7343909000,94140984000,3769.8787,3854.4292,3769.8787,3766.3257
131053000,3840.7658,2516400,43817200,7346425400,94184801200,3769.8787,3854.4292,3769.8787,3766.3257
131058000,3840.6571,1697600,25898800,7348123000,94210700000,3769.8787,3854.4292,3769.8787,3766.3257
131102000,3841.0493,1756900,25910000,7349879900,94236610000,3769.8787,3854.4292,3769.8787,3766.3257
131108000,3840.7424,3441700,46607300,7353321600,94283217300,3769.8787,3854.4292,3769.8787,3766.3257
131113000,3841.053,2230600,26651000,7355552200,94309868300,3769.8787,3854.4292,3769.8787,3766.3257
131117000,3840.5279,3081900,36743900,7358634100,94346612200,3769.8787,3854.4292,3769.8787,3766.3257
131123000,3840.7979,1882400,29424400,7360516500,94376036600,3769.8787,3854.4292,3769.8787,3766.3257
131128000,3840.6495,2019200,23736600,7362535700,94399773200,3769.8787,3854.4292,3769.8787,3766.3257
131133000,3840.837,2067700,26246600,7364603400,94426019800,3769.8787,3854.4292,3769.8787,3766.3257
131138000,3840.3934,3185500,48371200,7367788900,94474391000,3769.8787,3854.4292,3769.8787,3766.3257
131143000,3840.5941,2012500,31277200,7369801400,94505668200,3769.8787,3854.4292,3769.8787,3766.3257
131148000,3840.5451,2495200,33054600,7372296600,94538722800,3769.8787,3854.4292,3769.8787,3766.3257
131153000,3840.457,3649100,45004100,7375945700,94583726900,3769.8787,3854.4292,3769.8787,3766.3257
131158000,3840.4115,2722700,35092200,7378668400,94618819100,3769.8787,3854.4292,3769.8787,3766.3257
131202000,3841.1378,1955100,21214700,7380623500,94640033800,3769.8787,3854.4292,3769.8787,3766.3257
131208000,3840.7504,2703500,39872600,7383327000,94679906400,3769.8787,3854.4292,3769.8787,3766.3257
131213000,3840.4118,1673900,26329000,7385000900,94706235400,3769.8787,3854.4292,3769.8787,3766.3257
131218000,3840.8938,2152000,26161400,7387152900,94732396800,3769.8787,3854.4292,3769.8787,3766.3257
131223000,3841.3548,3510900,42416300,7390663800,94774813100,3769.8787,3854.4292,3769.8787,3766.3257
131228000,3841.2435,1386200,21663100,7392050000,94796476200,3769.8787,3854.4292,3769.8787,3766.3257
131232000,3841.1639,2089400,25702900,7394139400,94822179100,3769.8787,3854.4292,3769.8787,3766.3257
131238000,3840.8092,2760200,34764000,7396899600,94856943100,3769.8787,3854.4292,3769.8787,3766.3257
131243000,3840.747,2110700,25431200,7399010300,94882374300,3769.8787,3854.4292,3769.8787,3766.3257
131247000,3840.8638,1311600,21767200,7400321900,94904141500,3769.8787,3854.4292,3769.8787,3766.3257
131253000,3841.8318,3281100,40184000,7403603000,94944325500,3769.8787,3854.4292,3769.8787,3766.3257
131258000,3842.0407,2164500,28595500,7405767500,94972921000,3769.8787,3854.4292,3769.8787,3766.3257
131302000,3841.9693,2563800,29134300,7408331300,95002055300,3769.8787,3854.4292,3769.8787,3766.3257
131308000,3841.7319,3111800,43139600,7411443100,95045194900,3769.8787,3854.4292,3769.8787,3766.3257
131313000,3841.7923,1643600,23283700,7413086700,95068478600,3769.8787,3854.4292,3769.8787,3766.3257
131317000,3841.9943,2289500,30544700,7415376200,95099023300,3769.8787,3854.4292,3769.8787,3766.3257
131323000,3841.7507,3584000,36637600,7418960200,95135660900,3769.8787,3854.4292,3769.8787,3766.3257
131329000,3841.8201,2934800,28635800,7421895000,95164296700,3769.8787,3854.4292,3769.8787,3766.3257
131332000,3841.8715,1277000,13465700,7423172000,95177762400,3769.8787,3854.4292,3769.8787,3766.3257
131338000,3841.993,3404300,38961100,7426576300,95216723500,3769.8787,3854.4292,3769.8787,3766.3257
131343000,3841.7612,1333000,19032400,7427909300,95235755900,3769.8787,3854.4292,3769.8787,3766.3257
131349000,3841.5506,2377400,25707900,7430286700,95261463800,3769.8787,3854.4292,3769.8787,3766.3257
131353000,3841.4761,1599400,20108700,7431886100,95281572500,3769.8787,3854.4292,3769.8787,3766.3257
131359000,3841.2742,3865800,41537600,7435751900,95323110100,3769.8787,3854.4292,3769.8787,3766.3257
131404000,3841.3168,1864700,30442000,7437616600,95353552100,3769.8787,3854.4292,3769.8787,3766.3257
131408000,3841.4632,1484200,25519000,7439100800,95379071100,3769.8787,3854.4292,3769.8787,3766.3257
131414000,3841.4157,3001800,40168300,7442102600,95419239400,3769.8787,3854.4292,3769.8787,3766.3257
131419000,3841.2247,2471900,26902500,7444574500,95446141900,3769.8787,3854.4292,3769.8787,3766.3257
131423000,3841.6705,2264600,27858000,7446839100,95473999900,3769.8787,3854.4292,3769.8787,3766.3257
131429000,3840.8069,1702600,24983800,7448541700,95498983700,3769.8787,3854.4292,3769.8787,3766.3257
131434000,3840.8702,1768000,21452300,7450309700,95520436000,3769.8787,3854.4292,3769.8787,3766.3257
131439000,3841.3385,2244400,27598400,7452554100,95548034400,3769.8787,3854.4292,3769.8787,3766.3257
131444000,3841.0308,4435500,45692100,7456989600,95593726500,3769.8787,3854.4292,3769.8787,3766.3257
131449000,3840.5956,3053000,34412200,7460042600,95628138700,3769.8787,3854.4292,3769.8787,3766.3257
131453000,3840.6234,3127100,32496500,7463169700,95660635200,3769.8787,3854.4292,3769.8787,3766.3257
131459000,3840.4459,3106100,31196600,7466275800,95691831800,3769.8787,3854.4292,3769.8787,3766.3257
131504000,3840.8736,2344000,38243400,7468619800,95730075200,3769.8787,3854.4292,3769.8787,3766.3257
131509000,3840.106,3725800,34497200,7472345600,95764572400,3769.8787,3854.4292,3769.8787,3766.3257
131514000,3840.0758,3514000,36963100,7475859600,95801535500,3769.8787,3854.4292,3769.8787,3766.3257
131519000,3840.0797,1587600,24348000,7477447200,95825883500,3769.8787,3854.4292,3769.8787,3766.3257
131524000,3839.8376,2428400,33915800,7479875600,95859799300,3769.8787,3854.4292,3769.8787,3766.3257
131529000,3839.9699,4058400,46922100,7483934000,95906721400,3769.8787,3854.4292,3769.8787,3766.3257
131534000,3839.4026,3504500,41381600,7487438500,95948103000,3769.8787,3854.4292,3769.8787,3766.3257
131539000,3839.3427,1828100,26867300,7489266600,95974970300,3769.8787,3854.4292,3769.8787,3766.3257
131544000,3839.1023,2896000,40553500,7492162600,96015523800,3769.8787,3854.4292,3769.8787,3766.3257
131549000,3838.7427,2088000,27115400,7494250600,96042639200,3769.8787,3854.4292,3769.8787,3766.3257
131553000,3838.9281,2398600,33036200,7496649200,96075675400,3769.8787,3854.4292,3769.8787,3766.3257
131559000,3838.6403,2227200,36666600,7498876400,96112342000,3769.8787,3854.4292,3769.8787,3766.3257
131604000,3838.6758,2305500,32883500,7501181900,96145225500,3769.8787,3854.4292,3769.8787,3766.3257
131608000,3838.4861,2127300,25798400,7503309200,96171023900,3769.8787,3854.4292,3769.8787,3766.3257
131614000,3838.5823,3909100,49032000,7507218300,96220055900,3769.8787,3854.4292,3769.8787,3766.3257
131619000,3838.5254,1829300,28353100,7509047600,96248409000,3769.8787,3854.4292,3769.8787,3766.3257
131624000,3838.5158,2533700,36654800,7511581300,96285063800,3769.8787,3854.4292,3769.8787,3766.3257
131629000,3838.0529,2497900,33383600,7514079200,96318447400,3769.8787,3854.4292,3769.8787,3766.3257
131634000,3838.3454,1916300,25990300,7515995500,96344437700,3769.8787,3854.4292,3769.8787,3766.3257
131638000,3838.1592,1651400,23517700,7517646900,96367955400,3769.8787,3854.4292,3769.8787,3766.3257
131644000,3837.9967,2688600,42901400,7520335500,96410856800,3769.8787,3854.4292,3769.8787,3766.3257
131649000,3837.9481,1427700,20775400,7521763200,96431632200,3769.8787,3854.4292,3769.8787,3766.3257
131654000,3838.055,2221200,29693900,7523984400,96461326100,3769.8787,3854.4292,3769.8787,3766.3257
131659000,3838.0572,4109800,39424800,7528094200,96500750900,3769.8787,3854.4292,3769.8787,3766.3257
131704000,3838.1021,1908500,29228300,7530002700,96529979200,3769.8787,3854.4292,3769.8787,3766.3257
131708000,3838.1033,2077000,26141600,7532079700,96556120800,3769.8787,3854.4292,3769.8787,3766.3257
131714000,3838.2364,3116900,39078000,7535196600,96595198800,3769.8787,3854.4292,3769.8787,3766.3257
131719000,3838.1031,1700100,23334500,7536896700,96618533300,3769.8787,3854.4292,3769.8787,3766.3257
131724000,3837.9704,3180400,37656000,7540077100,96656189300,3769.8787,3854.4292,3769.8787,3766.3257
131729000,3837.9441,2794800,35876900,7542871900,96692066200,3769.8787,3854.4292,3769.8787,3766.3257
131734000,3837.9369,2199800,29356900,7545071700,96721423100,3769.8787,3854.4292,3769.8787,3766.3257
131738000,3838.1784,1556300,21421500,7546628000,96742844600,3769.8787,3854.4292,3769.8787,3766.3257
131744000,3837.7056,2960500,38550000,7549588500,96781394600,3769.8787,3854.4292,3769.8787,3766.3257
131750000,3837.8054,3619300,40269000,7553207800,96821663600,3769.8787,3854.4292,3769.8787,3766.3257
131755000,3837.5102,2835600,34889700,7556043400,96856553300,3769.8787,3854.4292,3769.8787,3766.3257
131759000,3837.974,1615000,21736200,7557658400,96878289500,3769.8787,3854.4292,3769.8787,3766.3257
131805000,3838.4423,3235900,45155100,7560894300,96923444600,3769.8787,3854.4292,3769.8787,3766.3257
131810000,3838.5243,1679200,21607300,7562573500,96945051900,3769.8787,3854.4292,3769.8787,3766.3257
131814000,3838.0982,2379000,29053600,7564952500,96974105500,3769.8787,3854.4292,3769.8787,3766.3257
131820000,3837.7604,2292600,31962800,7567245100,97006068300,3769.8787,3854.4292,3769.8787,3766.3257
131825000,3838.224,1560600,22100100,7568805700,97028168400,3769.8787,3854.4292,3769.8787,3766.3257
131829000,3837.8122,2404700,29241100,7571210400,97057409500,3769.8787,3854.4292,3769.8787,3766.3257
131835000,3837.7154,2637300,29832000,7573847700,97087241500,3769.8787,3854.4292,3769.8787,3766.3257
131840000,3837.7159,2589800,29324300,7576437500,97116565800,3769.8787,3854.4292,3769.8787,3766.3257
131844000,3837.5008,3642500,38321800,7580080000,97154887600,3769.8787,3854.4292,3769.8787,3766.3257
131850000,3837.2444,2310700,32978000,7582390700,97187865600,3769.8787,3854.4292,3769.8787,3766.3257
131855000,3837.5183,4659900,44031600,7587050600,97231897200,3769.8787,3854.4292,3769.8787,3766.3257
131900000,3837.778,3199400,35271200,7590250000,97267168400,3769.8787,3854.4292,3769.8787,3766.3257
131905000,3837.469,3472100,39403000,7593722100,97306571400,3769.8787,3854.4292,3769.8787,3766.3257
131910000,3837.8194,2342900,30157000,7596065000,97336728400,3769.8787,3854.4292,3769.8787,3766.3257
131914000,3837.6303,2535700,30240600,7598600700,97366969000,3769.8787,3854.4292,3769.8787,3766.3257
131920000,3837.5812,3113200,38010200,7601713900,97404979200,3769.8787,3854.4292,3769.8787,3766.3257
131925000,3838.0172,1830400,28807700,7603544300,97433786900,3769.8787,3854.4292,3769.8787,3766.3257
131929000,3837.7873,3744800,35735400,7607289100,97469522300,3769.8787,3854.4292,3769.8787,3766.3257
131935000,3837.4302,3388100,41778600,7610677200,97511300900,3769.8787,3854.4292,3769.8787,3766.3257
131940000,3837.7242,3165000,38712600,7613842200,97550013500,3769.8787,3854.4292,3769.8787,3766.3257
131944000,3837.7758,2533200,31727100,7616375400,97581740600,3769.8787,3854.4292,3769.8787,3766.3257
131950000,3837.6911,3863900,43836000,7620239300,97625576600,3769.8787,3854.4292,3769.8787,3766.3257
131955000,3837.873,2154300,30587100,7622393600,97656163700,3769.8787,3854.4292,3769.8787,3766.3257
131959000,3838.0761,2004100,28951900,7624397700,97685115600,3769.8787,3854.4292,3769.8787,3766.3257
132005000,3838.5356,3615700,42332400,7628013400,97727448000,3769.8787,3854.4292,3769.8787,3766.3257
132010000,3838.4404,2699600,36491800,7630713000,97763939800,3769.8787,3854.4292,3769.8787,3766.3257
132014000,3838.9556,2151300,26659800,7632864300,97790599600,3769.8787,3854.4292,3769.8787,3766.3257
132020000,3838.6917,5345500,49600200,7638209800,97840199800,3769.8787,3854.4292,3769.8787,3766.3257
132025000,3839.3245,4446500,56383300,7642656300,97896583100,3769.8787,3854.4292,3769.8787,3766.3257
132029000,3839.0104,3439800,39059800,7646096100,97935642900,3769.8787,3854.4292,3769.8787,3766.3257
132035000,3838.9726,3577800,46801400,7649673900,97982444300,3769.8787,3854.4292,3769.8787,3766.3257
132040000,3839.2734,4082700,43937500,7653756600,98026381800,3769.8787,3854.4292,3769.8787,3766.3257
132044000,3839.6512,2531300,30795100,7656287900,98057176900,3769.8787,3854.4292,3769.8787,3766.3257
132050000,3839.0302,3108900,43645600,7659396800,98100822500,3769.8787,3854.4292,3769.8787,3766.3257
132055000,3839.5623,1448600,18618800,7660845400,98119441300,3769.8787,3854.4292,3769.8787,3766.3257
132059000,3839.4342,1958500,26627400,7662803900,98146068700,3769.8787,3854.4292,3769.8787,3766.3257
132105000,3839.3709,1932600,32707900,7664736500,98178776600,3769.8787,3854.4292,3769.8787,3766.3257
132110000,3839.6191,1670100,24384700,7666406600,98203161300,3769.8787,3854.4292,3769.8787,3766.3257
132115000,3839.6847,1772900,26009100,7668179500,98229170400,3769.8787,3854.4292,3769.8787,3766.3257
132120000,3839.7961,2534100,33494000,7670713600,98262664400,3769.8787,3854.4292,3769.8787,3766.3257
132125000,3839.8467,2477300,33209200,7673190900,98295873600,3769.8787,3854.4292,3769.8787,3766.3257
132129000,3839.6161,2313600,30153300,7675504500,98326026900,3769.8787,3854.4292,3769.8787,3766.3257
132135000,3839.6878,2231500,28460100,7677736000,98354487000,3769.8787,3854.4292,3769.8787,3766.3257
132140000,3839.0928,2195400,27947800,7679931400,98382434800,3769.8787,3854.4292,3769.8787,3766.3257
132144000,3839.1928,1654600,25509300,7681586000,98407944100,3769.8787,3854.4292,3769.8787,3766.3257
132150000,3838.8042,2356200,36838300,7683942200,98444782400,3769.8787,3854.4292,3769.8787,3766.3257
132155000,3839.2659,1408700,23163200,7685350900,98467945600,3769.8787,3854.4292,3769.8787,3766.3257
132201000,3839.6495,2979700,38765700,7688330600,98506711300,3769.8787,3854.4292,3769.8787,3766.3257
132205000,3839.4366,1819900,23593900,7690150500,98530305200,3769.8787,3854.4292,3769.8787,3766.3257
132211000,3839.3049,3125900,47255600,7693276400,98577560800,3769.8787,3854.4292,3769.8787,3766.3257
132216000,3839.0565,1841800,22959600,7695118200,98600520400,3769.8787,3854.4292,3769.8787,3766.3257
132221000,3839.1352,1812000,23702000,7696930200,98624222400,3769.8787,3854.4292,3769.8787,3766.3257
132226000,3839.1712,3130700,32069500,7700060900,98656291900,3769.8787,3854.4292,3769.8787,3766.3257
132231000,3838.6337,2535800,35354700,7702596700,98691646600,3769.8787,3854.4292,3769.8787,3766.3257
132235000,3838.5478,1490900,20177700,7704087600,98711824300,3769.8787,3854.4292,3769.8787,3766.3257
132241000,3838.4614,2408400,34867400,7706496000,98746691700,3769.8787,3854.4292,3769.8787,3766.3257
132246000,3838.3704,1772400,30512900,7708268400,98777204600,3769.8787,3854.4292,3769.8787,3766.3257
132251000,3838.2644,4657100,48156000,7712925500,98825360600,3769.8787,3854.4292,3769.8787,3766.3257
132256000,3838.2304,1599600,29825600,7714525100,98855186200,3769.8787,3854.4292,3769.8787,3766.3257
132301000,3838.0931,1822700,33696300,7716347800,98888882500,3769.8787,3854.4292,3769.8787,3766.3257
132305000,3837.8814,2464500,26944200,7718812300,98915826700,3769.8787,3854.4292,3769.8787,3766.3257
132311000,3837.7293,3205300,44820600,7722017600,98960647300,3769.8787,3854.4292,3769.8787,3766.3257
132316000,3837.8274,1285700,17695300,7723303300,98978342600,3769.8787,3854.4292,3769.8787,3766.3257
132320000,3837.7968,2304300,32343800,7725607600,99010686400,3769.8787,3854.4292,3769.8787,3766.3257
132326000,3837.6726,2125800,30005900,7727733400,99040692300,3769.8787,3854.4292,3769.8787,3766.3257
132331000,3837.6967,2028000,31394300,7729761400,99072086600,3769.8787,3854.4292,3769.8787,3766.3257
132336000,3837.4886,1438000,25706600,7731199400,99097793200,3769.8787,3854.4292,3769.8787,3766.3257
132341000,3837.4295,3012300,38129300,7734211700,99135922500,3769.8787,3854.4292,3769.8787,3766.3257
132346000,3837.6998,1213200,16133300,7735424900,99152055800,3769.8787,3854.4292,3769.8787,3766.3257
132350000,3836.9666,2235100,34763500,7737660000,99186819300,3769.8787,3854.4292,3769.8787,3766.3257
132356000,3837.4086,2878300,38739400,7740538300,99225558700,3769.8787,3854.4292,3769.8787,3766.3257
132401000,3838.4007,2596900,36675700,7743135200,99262234400,3769.8787,3854.4292,3769.8787,3766.3257
132405000,3837.5869,2649800,28907000,7745785000,99291141400,3769.8787,3854.4292,3769.8787,3766.3257
132411000,3837.1821,3706400,36380500,7749491400,99327521900,3769.8787,3854.4292,3769.8787,3766.3257
132416000,3837.138,1597300,26153300,7751088700,99353675200,3769.8787,3854.4292,3769.8787,3766.3257
132420000,3837.3618,2425100,33388400,7753513800,99387063600,3769.8787,3854.4292,3769.8787,3766.3257
132426000,3837.3261,2477800,35055200,7755991600,99422118800,3769.8787,3854.4292,3769.8787,3766.3257
132431000,3837.1016,2599900,32121900,7758591500,99454240700,3769.8787,3854.4292,3769.8787,3766.3257
132435000,3837.3459,1538500,19233400,7760130000,99473474100,3769.8787,3854.4292,3769.8787,3766.3257
132441000,3836.6151,3137500,32965800,7763267500,99506439900,3769.8787,3854.4292,3769.8787,3766.3257
132446000,3836.7701,1964200,24544600,7765231700,99530984500,3769.8787,3854.4292,3769.8787,3766.3257
132450000,3836.5293,2579400,32789500,7767811100,99563774000,3769.8787,3854.4292,3769.8787,3766.3257
132456000,3836.6618,2095600,31629700,7769906700,99595403700,3769.8787,3854.4292,3769.8787,3766.3257
132501000,3836.4283,1378200,21589300,7771284900,99616993000,3769.8787,3854.4292,3769.8787,3766.3257
132505000,3836.7723,3512000,31610000,7774796900,99648603000,3769.8787,3854.4292,3769.8787,3766.3257
132511000,3836.3786,2450100,29470500,7777247000,99678073500,3769.8787,3854.4292,3769.8787,3766.3257
132516000,3836.5219,1309600,21459400,7778556600,99699532900,3769.8787,3854.4292,3769.8787,3766.3257
132520000,3836.6196,2612400,33460900,7781169000,99732993800,3769.8787,3854.4292,3769.8787,3766.3257
132526000,3837.6495,3104400,43973800,7784273400,99776967600,3769.8787,3854.4292,3769.8787,3766.3257
132530000,3837.366,1984800,29309000,7786258200,99806276600,3769.8787,3854.4292,3769.8787,3766.3257
132535000,3838.3857,3647700,45682500,7789905900,99851959100,3769.8787,3854.4292,3769.8787,3766.3257
132541000,3837.4747,3808800,53838200,7793714700,99905797300,3769.8787,3854.4292,3769.8787,3766.3257
132546000,3838.2207,2091700,32393600,7795806400,99938190900,3769.8787,3854.4292,3769.8787,3766.3257
132550000,3837.5394,2049300,28627200,7797855700,99966818100,3769.8787,3854.4292,3769.8787,3766.3257
132556000,3838.4424,2887700,39408200,7800743400,100006226300,3769.8787,3854.4292,3769.8787,3766.3257
132601000,3838.2958,1025400,14201400,7801768800,100020427700,3769.8787,3854.4292,3769.8787,3766.3257
132605000,3838.4391,1968700,24972400,7803737500,100045400100,3769.8787,3854.4292,3769.8787,3766.3257
132611000,3838.1333,3301600,41725800,7807039100,100087125900,3769.8787,3854.4292,3769.8787,3766.3257
132616000,3838.1818,1380900,23967300,7808420000,100111093200,3769.8787,3854.4292,3769.8787,3766.3257
132622000,3838.6154,1665200,28193700,7810085200,100139286900,3769.8787,3854.4292,3769.8787,3766.3257
132626000,3839.0653,1970000,29245800,7812055200,100168532700,3769.8787,3854.4292,3769.8787,3766.3257
132632000,3838.526,2729200,41223000,7814784400,100209755700,3769.8787,3854.4292,3769.8787,3766.3257
132637000,3839.0307,1592600,26276000,7816377000,100236031700,3769.8787,3854.4292,3769.8787,3766.3257
132641000,3839.1595,2066900,26704900,7818443900,100262736600,3769.8787,3854.4292,3769.8787,3766.3257
132647000,3838.9119,2338100,32775700,7820782000,100295512300,3769.8787,3854.4292,3769.8787,3766.3257
132652000,3839.3647,3258300,35131200,7824040300,100330643500,3769.8787,3854.4292,3769.8787,3766.3257
132656000,3839.6908,2752200,39636700,7826792500,100370280200,3769.8787,3854.4292,3769.8787,3766.3257
132702000,3839.2157,2611200,37743600,7829403700,100408023800,3769.8787,3854.4292,3769.8787,3766.3257
132707000,3839.8095,2294400,29085300,7831698100,100437109100,3769.8787,3854.4292,3769.8787,3766.3257
132711000,3839.0395,1654400,25279700,7833352500,100462388800,3769.8787,3854.4292,3769.8787,3766.3257
132717000,3839.9289,2818400,35614200,7836170900,100498003000,3769.8787,3854.4292,3769.8787,3766.3257
132722000,3839.9894,1888200,32037000,7838059100,100530040000,3769.8787,3854.4292,3769.8787,3766.3257
132726000,3840.5876,2482900,39680800,7840542000,100569720800,3769.8787,3854.4292,3769.8787,3766.3257
132732000,3840.256,2672700,38286200,7843214700,100608007000,3769.8787,3854.4292,3769.8787,3766.3257
132737000,3840.0329,2237700,36934900,7845452400,100644941900,3769.8787,3854.4292,3769.8787,3766.3257
132741000,3839.9982,3039100,29893500,7848491500,100674835400,3769.8787,3854.4292,3769.8787,3766.3257
132747000,3840.0346,4464200,43304000,7852955700,100718139400,3769.8787,3854.4292,3769.8787,3766.3257
132752000,3840.0578,1838800,28679200,7854794500,100746818600,3769.8787,3854.4292,3769.8787,3766.3257
132756000,3839.8051,1745400,28195400,7856539900,100775014000,3769.8787,3854.4292,3769.8787,3766.3257
132802000,3839.7399,2568300,34381800,7859108200,100809395800,3769.8787,3854.4292,3769.8787,3766.3257
132807000,3839.9903,1490600,23839200,7860598800,100833235000,3769.8787,3854.4292,3769.8787,3766.3257
132811000,3839.5376,1852600,26506900,7862451400,100859741900,3769.8787,3854.4292,3769.8787,3766.3257
132817000,3839.7418,2392300,28311600,7864843700,100888053500,3769.8787,3854.4292,3769.8787,3766.3257
132822000,3839.9405,1841900,27519700,7866685600,100915573200,3769.8787,3854.4292,3769.8787,3766.3257
132826000,3839.5778,1880700,27880000,7868566300,100943453200,3769.8787,3854.4292,3769.8787,3766.3257
132832000,3839.4062,1734400,26222900,7870300700,100969676100,3769.8787,3854.4292,3769.8787,3766.3257
132837000,3839.3365,1824500,32901800,7872125200,101002577900,3769.8787,3854.4292,3769.8787,3766.3257
132841000,3839.0964,2261700,26808500,7874386900,101029386400,3769.8787,3854.4292,3769.8787,3766.3257
132847000,3838.135,2578300,34679900,7876965200,101064066300,3769.8787,3854.4292,3769.8787,3766.3257
132852000,3838.7078,2981000,31696200,7879946200,101095762500,3769.8787,3854.4292,3769.8787,3766.3257
132856000,3838.5109,2107400,27583900,7882053600,101123346400,3769.8787,3854.4292,3769.8787,3766.3257
132902000,3838.2244,2224400,28690500,7884278000,101152036900,3769.8787,3854.4292,3769.8787,3766.3257
132907000,3837.7629,2490400,33142100,7886768400,101185179000,3769.8787,3854.4292,3769.8787,3766.3257
132912000,3837.9429,1913200,26384300,7888681600,101211563300,3769.8787,3854.4292,3769.8787,3766.3257
132917000,3838.105,2398400,30765200,7891080000,101242328500,3769.8787,3854.4292,3769.8787,3766.3257
132922000,3837.1627,1401400,22381300,7892481400,101264709800,3769.8787,3854.4292,3769.8787,3766.3257
132926000,3837.8176,1437600,21547000,7893919000,101286256800,3769.8787,3854.4292,3769.8787,3766.3257
132932000,3837.8256,2246200,32397000,7896165200,101318653800,3769.8787,3854.4292,3769.8787,3766.3257
132937000,3837.4849,2474100,26809700,7898639300,101345463500,3769.8787,3854.4292,3769.8787,3766.3257
132941000,3837.7776,1664600,19954100,7900303900,101365417600,3769.8787,3854.4292,3769.8787,3766.3257
132947000,3837.336,2271100,32874900,7902575000,101398292500,3769.8787,3854.4292,3769.8787,3766.3257
132952000,3837.0958,2782700,34373100,7905357700,101432665600,3769.8787,3854.4292,3769.8787,3766.3257
132956000,3837.225,2340700,27500900,7907698400,101460166500,3769.8787,3854.4292,3769.8787,3766.3257
133002000,3836.8818,2352100,33916800,7910050500,101494083300,3769.8787,3854.4292,3769.8787,3766.3257
133007000,3836.7928,2697100,38180900,7912747600,101532264200,3769.8787,3854.4292,3769.8787,3766.3257
133011000,3836.7534,2873800,29374800,7915621400,101561639000,3769.8787,3854.4292,3769.8787,3766.3257
133018000,3836.7153,2123000,32343300,7917744400,101593982300,3769.8787,3854.4292,3769.8787,3766.3257
133022000,3837.0597,2020400,26199000,7919764800,101620181300,3769.8787,3854.4292,3769.8787,3766.3257
133026000,3837.1483,2147100,30890400,7921911900,101651071700,3769.8787,3854.4292,3769.8787,3766.3257
133032000,3837.103,3128900,32825700,7925040800,101683897400,3769.8787,3854.4292,3769.8787,3766.3257
133038000,3836.6058,2525100,35346900,7927565900,101719244300,3769.8787,3854.4292,3769.8787,3766.3257
133043000,3836.5747,1886600,23912900,7929452500,101743157200,3769.8787,3854.4292,3769.8787,3766.3257
133047000,3836.4971,1956400,25036100,7931408900,101768193300,3769.8787,3854.4292,3769.8787,3766.3257
133053000,3836.3732,3050000,38398300,7934458900,101806591600,3769.8787,3854.4292,3769.8787,3766.3257
133058000,3836.441,1642600,23846200,7936101500,101830437800,3769.8787,3854.4292,3769.8787,3766.3257
133102000,3836.317,2975800,33509700,7939077300,101863947500,3769.8787,3854.4292,3769.8787,3766.3257
133108000,3836.0575,3352800,36067400,7942430100,101900014900,3769.8787,3854.4292,3769.8787,3766.3257
133113000,3835.8356,1468000,18180700,7943898100,101918195600,3769.8787,3854.4292,3769.8787,3766.3257
133118000,3835.8791,5694400,42531700,7949592500,101960727300,3769.8787,3854.4292,3769.8787,3766.3257
133123000,3836.3162,3098700,36652100,7952691200,101997379400,3769.8787,3854.4292,3769.8787,3766.3257
133128000,3835.9269,1668600,23309000,7954359800,102020688400,3769.8787,3854.4292,3769.8787,3766.3257
133133000,3835.956,2370200,27982000,7956730000,102048670400,3769.8787,3854.4292,3769.8787,3766.3257
133138000,3835.7331,2132400,31416500,7958862400,102080086900,3769.8787,3854.4292,3769.8787,3766.3257
133143000,3835.8334,1312100,20630900,7960174500,102100717800,3769.8787,3854.4292,3769.8787,3766.3257
133147000,3835.8843,2256800,30394700,7962431300,102131112500,3769.8787,3854.4292,3769.8787,3766.3257
133153000,3835.4454,2721800,34149700,7965153100,102165262200,3769.8787,3854.4292,3769.8787,3766.3257
133158000,3835.0504,2099600,30369300,7967252700,102195631500,3769.8787,3854.4292,3769.8787,3766.3257
133202000,3835.736,1806200,30050500,7969058900,102225682000,3769.8787,3854.4292,3769.8787,3766.3257
133208000,3835.3329,2361800,33869100,7971420700,102259551100,3769.8787,3854.4292,3769.8787,3766.3257
133213000,3835.943,2446700,41423700,7973867400,102300974800,3769.8787,3854.4292,3769.8787,3766.3257
133218000,3835.6678,2358800,28621300,7976226200,102329596100,3769.8787,3854.4292,3769.8787,3766.3257
133223000,3835.8418,2515800,34673300,7978742000,102364269400,3769.8787,3854.4292,3769.8787,3766.3257
133228000,3836.1744,2014600,28121900,7980756600,102392391300,3769.8787,3854.4292,3769.8787,3766.3257
133232000,3836.6933,3311300,45131000,7984067900,102437522300,3769.8787,3854.4292,3769.8787,3766.3257
133238000,3837.1691,5818600,65281900,7989886500,102502804200,3769.8787,3854.4292,3769.8787,3766.3257
133243000,3837.6531,3191000,38266500,7993077500,102541070700,3769.8787,3854.4292,3769.8787,3766.3257
133247000,3837.485,3038300,34073600,7996115800,102575144300,3769.8787,3854.4292,3769.8787,3766.3257
133253000,3838.1983,3920100,47237200,8000035900,102622381500,3769.8787,3854.4292,3769.8787,3766.3257
133258000,3838.5577,2438100,34668800,8002474000,102657050300,3769.8787,3854.4292,3769.8787,3766.3257
133302000,3838.3323,2026600,34491400,8004500600,102691541700,3769.8787,3854.4292,3769.8787,3766.3257
133308000,3838.7317,4313400,50821500,8008814000,102742363200,3769.8787,3854.4292,3769.8787,3766.3257
133313000,3838.3359,1657400,24549600,8010471400,102766912800,3769.8787,3854.4292,3769.8787,3766.3257
133317000,3838.2773,2274900,29446500,8012746300,102796359300,3769.8787,3854.4292,3769.8787,3766.3257
133323000,3837.9745,2557300,32859600,8015303600,102829218900,3769.8787,3854.4292,3769.8787,3766.3257
133328000,3838.3878,2097600,31137400,8017401200,102860356300,3769.8787,3854.4292,3769.8787,3766.3257
133333000,3838.3987,2490200,23481200,8019891400,102883837500,3769.8787,3854.4292,3769.8787,3766.3257
133338000,3837.9212,2552500,31461000,8022443900,102915298500,3769.8787,3854.4292,3769.8787,3766.3257
133343000,3837.9884,1319100,17934100,8023763000,102933232600,3769.8787,3854.4292,3769.8787,3766.3257
133347000,3837.945,2159800,29034700,8025922800,102962267300,3769.8787,3854.4292,3769.8787,3766.3257
133353000,3837.5948,2177700,26880300,8028100500,102989147600,3769.8787,3854.4292,3769.8787,3766.3257
133358000,3838.0052,2132300,25755700,8030232800,103014903300,3769.8787,3854.4292,3769.8787,3766.3257
133402000,3838.1015,1411300,18694800,8031644100,103033598100,3769.8787,3854.4292,3769.8787,3766.3257
133408000,3837.8503,1907900,28916800,8033552000,103062514900,3769.8787,3854.4292,3769.8787,3766.3257
133413000,3837.9188,1481800,23845400,8035033800,103086360300,3769.8787,3854.4292,3769.8787,3766.3257
133418000,3837.9911,1473500,21681000,8036507300,103108041300,3769.8787,3854.4292,3769.8787,3766.3257
133423000,3838.069,3036400,34621900,8039543700,103142663200,3769.8787,3854.4292,3769.8787,3766.3257
133429000,3837.9389,3191100,34793800,8042734800,103177457000,3769.8787,3854.4292,3769.8787,3766.3257
133432000,3837.8938,1275000,13100400,8044009800,103190557400,3769.8787,3854.4292,3769.8787,3766.3257
133438000,3837.6427,2591400,30796400,8046601200,103221353800,3769.8787,3854.4292,3769.8787,3766.3257
133444000,3837.697,2475900,29956700,8049077100,103251310500,3769.8787,3854.4292,3769.8787,3766.3257
133449000,3837.4064,1478400,21845600,8050555500,103273156100,3769.8787,3854.4292,3769.8787,3766.3257
133453000,3837.2003,2421600,23921600,8052977100,103297077700,3769.8787,3854.4292,3769.8787,3766.3257
133459000,3837.376,2930600,38641500,8055907700,103335719200,3769.8787,3854.4292,3769.8787,3766.3257
133504000,3837.4202,1095900,19580900,8057003600,103355300100,3769.8787,3854.4292,3769.8787,3766.3257
133508000,3837.4527,1242900,18815500,8058246500,103374115600,3769.8787,3854.4292,3769.8787,3766.3257
133514000,3837.0249,3535800,43443500,8061782300,103417559100,3769.8787,3854.4292,3769.8787,3766.3257
133519000,3837.0952,2008200,24696000,8063790500,103442255100,3769.8787,3854.4292,3769.8787,3766.3257
133524000,3837.4031,1801300,22185200,8065591800,103464440300,3769.8787,3854.4292,3769.8787,3766.3257
133529000,3837.3495,2479400,32110800,8068071200,103496551100,3769.8787,3854.4292,3769.8787,3766.3257
133534000,3837.1733,2764400,37482200,8070835600,103534033300,3769.8787,3854.4292,3769.8787,3766.3257
133538000,3837.1881,1495300,17520600,8072330900,103551553900,3769.8787,3854.4292,3769.8787,3766.3257
133544000,3836.756,2413900,37055300,8074744800,103588609200,3769.8787,3854.4292,3769.8787,3766.3257
133549000,3836.6197,1272000,19964000,8076016800,103608573200,3769.8787,3854.4292,3769.8787,3766.3257
133553000,3836.4134,2328200,31329500,8078345000,103639902700,3769.8787,3854.4292,3769.8787,3766.3257
133559000,3836.5794,2297000,36303200,8080642000,103676205900,3769.8787,3854.4292,3769.8787,3766.3257
133604000,3836.547,1831600,28012400,8082473600,103704218300,3769.8787,3854.4292,3769.8787,3766.3257
133608000,3836.822,1931800,24511300,8084405400,103728729600,3769.8787,3854.4292,3769.8787,3766.3257
133614000,3836.2543,2901100,39321100,8087306500,103768050700,3769.8787,3854.4292,3769.8787,3766.3257
133619000,3836.9072,1695100,22474800,8089001600,103790525500,3769.8787,3854.4292,3769.8787,3766.3257
133624000,3836.4509,1913400,28020500,8090915000,103818546000,3769.8787,3854.4292,3769.8787,3766.3257
133629000,3836.2832,3065400,35304800,8093980400,103853850800,3769.8787,3854.4292,3769.8787,3766.3257
133634000,3836.1383,2906200,36700500,8096886600,103890551300,3769.8787,3854.4292,3769.8787,3766.3257
133638000,3836.3439,1653700,23736200,8098540300,103914287500,3769.8787,3854.4292,3769.8787,3766.3257
133644000,3835.9084,3656700,44158400,8102197000,103958445900,3769.8787,3854.4292,3769.8787,3766.3257
133649000,3836.0765,1686000,22810100,8103883000,103981256000,3769.8787,3854.4292,3769.8787,3766.3257
133653000,3835.8562,2312800,27858300,8106195800,104009114300,3769.8787,3854.4292,3769.8787,3766.3257
133659000,3835.5852,2956100,38643600,8109151900,104047757900,3769.8787,3854.4292,3769.8787,3766.3257
133704000,3835.7754,2737400,37691600,8111889300,104085449500,3769.8787,3854.4292,3769.8787,3766.3257
133708000,3835.6858,2507100,33751600,8114396400,104119201100,3769.8787,3854.4292,3769.8787,3766.3257
133714000,3835.5198,2854100,39068500,8117250500,104158269600,3769.8787,3854.4292,3769.8787,3766.3257
133719000,3835.7235,1860600,26992200,8119111100,104185261800,3769.8787,3854.4292,3769.8787,3766.3257
133724000,3835.8537,3126900,41488000,8122238000,104226749800,3769.8787,3854.4292,3769.8787,3766.3257
133729000,3835.5262,2151400,33894200,8124389400,104260644000,3769.8787,3854.4292,3769.8787,3766.3257
133733000,3835.4531,2323300,27326700,8126712700,104287970700,3769.8787,3854.4292,3769.8787,3766.3257
133738000,3835.4043,2555800,32368400,8129268500,104320339100,3769.8787,3854.4292,3769.8787,3766.3257
133744000,3835.5164,3612100,47128200,8132880600,104367467300,3769.8787,3854.4292,3769.8787,3766.3257
133748000,3835.1823,1504100,25500000,8134384700,104392967300,3769.8787,3854.4292,3769.8787,3766.3257
133753000,3834.596,2194700,28864000,8136579400,104421831300,3769.8787,3854.4292,3769.8787,3766.3257
133759000,3834.7005,2635400,41269300,8139214800,104463100600,3769.8787,3854.4292,3769.8787,3766.3257
133803000,3834.7552,2038000,31322400,8141252800,104494423000,3769.8787,3854.4292,3769.8787,3766.3257
133809000,3834.9802,7358700,44225700,8148611500,104538648700,3769.8787,3854.4292,3769.8787,3766.3257
133814000,3834.6777,2952800,52128200,8151564300,104590776900,3769.8787,3854.4292,3769.8787,3766.3257
133818000,3834.8088,1312600,22165200,8152876900,104612942100,3769.8787,3854.4292,3769.8787,3766.3257
133823000,3834.3452,1968000,27779600,8154844900,104640721700,3769.8787,3854.4292,3769.8787,3766.3257
133829000,3834.6236,2758700,33497000,8157603600,104674218700,3769.8787,3854.4292,3769.8787,3766.3257
133833000,3834.3356,2579400,27670700,8160183000,104701889400,3769.8787,3854.4292,3769.8787,3766.3257
133838000,3834.1398,2766700,41773800,8162949700,104743663200,3769.8787,3854.4292,3769.8787,3766.3257
133844000,3833.8891,3264700,49252300,8166214400,104792915500,3769.8787,3854.4292,3769.8787,3766.3257
133848000,3833.9534,1551400,25670700,8167765800,104818586200,3769.8787,3854.4292,3769.8787,3766.3257
133854000,3833.4417,2643900,44536500,8170409700,104863122700,3769.8787,3854.4292,3769.8787,3766.3257
133859000,3833.2942,3350400,43707900,8173760100,104906830600,3769.8787,3854.4292,3769.8787,3766.3257
133905000,3833.0799,3411700,50827600,8177171800,104957658200,3769.8787,3854.4292,3769.8787,3766.3257
133909000,3833.4091,2376800,26622800,8179548600,104984281000,3769.8787,3854.4292,3769.8787,3766.3257
133914000,3833.0015,3100200,46778100,8182648800,105031059100,3769.8787,3854.4292,3769.8787,3766.3257
133920000,3833.3812,4952500,52434900,8187601300,105083494000,3769.8787,3854.4292,3769.8787,3766.3257
133924000,3833.4698,2171700,29004400,8189773000,105112498400,3769.8787,3854.4292,3769.8787,3766.3257
133930000,3833.9999,2882600,38731000,8192655600,105151229400,3769.8787,3854.4292,3769.8787,3766.3257
133935000,3833.3573,3313200,44230400,8195968800,105195459800,3769.8787,3854.4292,3769.8787,3766.3257
133939000,3833.8014,3324200,33556800,8199293000,105229016600,3769.8787,3854.4292,3769.8787,3766.3257
133945000,3833.7963,4008400,43400300,8203301400,105272416900,3769.8787,3854.4292,3769.8787,3766.3257
133950000,3834.8251,8582400,82301300,8211883800,105354718200,3769.8787,3854.4292,3769.8787,3766.3257
133954000,3835.1093,3538000,45236600,8215421800,105399954800,3769.8787,3854.4292,3769.8787,3766.3257
133959000,3835.8268,5348900,55978700,8220770700,105455933500,3769.8787,3854.4292,3769.8787,3766.3257
134005000,3836.6347,4381800,57817800,8225152500,105513751300,3769.8787,3854.4292,3769.8787,3766.3257
134009000,3835.9387,1998900,31748800,8227151400,105545500100,3769.8787,3854.4292,3769.8787,3766.3257
134014000,3836.3026,2038500,27099400,8229189900,105572599500,3769.8787,3854.4292,3769.8787,3766.3257
134020000,3836.0632,3386000,43264000,8232575900,105615863500,3769.8787,3854.4292,3769.8787,3766.3257
134024000,3835.6236,1531800,20634200,8234107700,105636497700,3769.8787,3854.4292,3769.8787,3766.3257
134029000,3835.9922,2486600,32525300,8236594300,105669023000,3769.8787,3854.4292,3769.8787,3766.3257
134035000,3836.2683,2948100,40695500,8239542400,105709718500,3769.8787,3854.4292,3769.8787,3766.3257
134039000,3836.015,2745800,40553800,8242288200,105750272300,3769.8787,3854.4292,3769.8787,3766.3257
134045000,3836.4309,2659000,29095500,8244947200,105779367800,3769.8787,3854.4292,3769.8787,3766.3257
134050000,3836.6059,3765300,42997700,8248712500,105822365500,3769.8787,3854.4292,3769.8787,3766.3257
134054000,3836.3822,2194100,23584700,8250906600,105845950200,3769.8787,3854.4292,3769.8787,3766.3257
134059000,3836.6718,4167300,43432400,8255073900,105889382600,3769.8787,3854.4292,3769.8787,3766.3257
134105000,3836.3436,3092700,41906900,8258166600,105931289500,3769.8787,3854.4292,3769.8787,3766.3257
134109000,3836.403,2875600,45754600,8261042200,105977044100,3769.8787,3854.4292,3769.8787,3766.3257
134114000,3837.0928,2757300,38190000,8263799500,106015234100,3769.8787,3854.4292,3769.8787,3766.3257
134120000,3836.7263,3716200,41388800,8267515700,106056622900,3769.8787,3854.4292,3769.8787,3766.3257
134124000,3836.9902,2745000,25792800,8270260700,106082415700,3769.8787,3854.4292,3769.8787,3766.3257
134129000,3837.0732,2343700,30663100,8272604400,106113078800,3769.8787,3854.4292,3769.8787,3766.3257
134135000,3836.8905,2689300,35349800,8275293700,106148428600,3769.8787,3854.4292,3769.8787,3766.3257
134139000,3837.3283,3193600,35467100,8278487300,106183895700,3769.8787,3854.4292,3769.8787,3766.3257
134144000,3837.2227,3377100,40353800,8281864400,106224249500,3769.8787,3854.4292,3769.8787,3766.3257
134150000,3836.625,3780400,44439700,8285644800,106268689200,3769.8787,3854.4292,3769.8787,3766.3257
134154000,3836.64,2785000,29972300,8288429800,106298661500,3769.8787,3854.4292,3769.8787,3766.3257
134159000,3836.6829,3896300,32845900,8292326100,106331507400,3769.8787,3854.4292,3769.8787,3766.3257
134205000,3837.0531,3917000,41066700,8296243100,106372574100,3769.8787,3854.4292,3769.8787,3766.3257
134209000,3837.0618,2156700,28322100,8298399800,106400896200,3769.8787,3854.4292,3769.8787,3766.3257
134215000,3837.2708,2863100,35426700,8301262900,106436322900,3769.8787,3854.4292,3769.8787,3766.3257
134220000,3837.2976,2780200,36908200,8304043100,106473231100,3769.8787,3854.4292,3769.8787,3766.3257
134224000,3836.8703,2242200,25581200,8306285300,106498812300,3769.8787,3854.4292,3769.8787,3766.3257
134230000,3837.4164,2426600,35351500,8308711900,106534163800,3769.8787,3854.4292,3769.8787,3766.3257
134235000,3837.0566,2346900,31372100,8311058800,106565535900,3769.8787,3854.4292,3769.8787,3766.3257
134239000,3837.3059,2149600,27215000,8313208400,106592750900,3769.8787,3854.4292,3769.8787,3766.3257
134245000,3837.3559,3143400,39228600,8316351800,106631979500,3769.8787,3854.4292,3769.8787,3766.3257
134250000,3837.3385,3331900,39281200,8319683700,106671260700,3769.8787,3854.4292,3769.8787,3766.3257
134254000,3837.156,1952700,26922600,8321636400,106698183300,3769.8787,3854.4292,3769.8787,3766.3257
134259000,3837.5593,3683400,38091900,8325319800,106736275200,3769.8787,3854.4292,3769.8787,3766.3257
134305000,3837.391,2486800,35848900,8327806600,106772124100,3769.8787,3854.4292,3769.8787,3766.3257
134311000,3837.1359,3165100,40407300,8330971700,106812531400,3769.8787,3854.4292,3769.8787,3766.3257
134315000,3837.4809,2607900,31755100,8333579600,106844286500,3769.8787,3854.4292,3769.8787,3766.3257
134320000,3837.0467,2258100,27205100,8335837700,106871491600,3769.8787,3854.4292,3769.8787,3766.3257
134326000,3837.1532,2736900,34956600,8338574600,106906448200,3769.8787,3854.4292,3769.8787,3766.3257
134330000,3837.4548,1676700,23006700,8340251300,106929454900,3769.8787,3854.4292,3769.8787,3766.3257
134335000,3837.1435,1717900,25057200,8341969200,106954512100,3769.8787,3854.4292,3769.8787,3766.3257
134341000,3837.0878,3002600,35673200,8344971800,106990185300,3769.8787,3854.4292,3769.8787,3766.3257
134345000,3837.8013,2156400,28873300,8347128200,107019058600,3769.8787,3854.4292,3769.8787,3766.3257
134350000,3837.0628,2643300,29690800,8349771500,107048749400,3769.8787,3854.4292,3769.8787,3766.3257
134356000,3836.6808,2469000,31826800,8352240500,107080576200,3769.8787,3854.4292,3769.8787,3766.3257
134400000,3836.8872,1461800,23164700,8353702300,107103740900,3769.8787,3854.4292,3769.8787,3766.3257
134405000,3837.0589,1954500,24953400,8355656800,107128694300,3769.8787,3854.4292,3769.8787,3766.3257
134411000,3836.6838,2328000,31935400,8357984800,107160629700,3769.8787,3854.4292,3769.8787,3766.3257
134415000,3836.6527,2073800,28666800,8360058600,107189296500,3769.8787,3854.4292,3769.8787,3766.3257
134420000,3837.2236,2293200,30405300,8362351800,107219701800,3769.8787,3854.4292,3769.8787,3766.3257
134426000,3837.0448,2372100,34582300,8364723900,107254284100,3769.8787,3854.4292,3769.8787,3766.3257
134430000,3837.5178,1274900,20908700,8365998800,107275192800,3769.8787,3854.4292,3769.8787,3766.3257
134436000,3837.0933,1811700,31872900,8367810500,107307065700,3769.8787,3854.4292,3769.8787,3766.3257
134441000,3837.1511,2156700,46523200,8369967200,107353588900,3769.8787,3854.4292,3769.8787,3766.3257
134445000,3837.5495,2286200,30135600,8372253400,107383724500,3769.8787,3854.4292,3769.8787,3766.3257
134451000,3837.3201,2496700,35915300,8374750100,107419639800,3769.8787,3854.4292,3769.8787,3766.3257
134456000,3836.9421,2964100,32469300,8377714200,107452109100,3769.8787,3854.4292,3769.8787,3766.3257
134500000,3837.0699,2028800,28209800,8379743000,107480318900,3769.8787,3854.4292,3769.8787,3766.3257
134505000,3837.2502,1814100,28321600,8381557100,107508640500,3769.8787,3854.4292,3769.8787,3766.3257
134511000,3837.2341,2507700,39251900,8384064800,107547892400,3769.8787,3854.4292,3769.8787,3766.3257
134515000,3836.8856,1497300,23946300,8385562100,107571838700,3769.8787,3854.4292,3769.8787,3766.3257
134520000,3837.7114,1602700,28852100,8387164800,107600690800,3769.8787,3854.4292,3769.8787,3766.3257
134526000,3837.3719,2131800,29181900,8389296600,107629872700,3769.8787,3854.4292,3769.8787,3766.3257
134530000,3837.3093,1891200,29962000,8391187800,107659834700,3769.8787,3854.4292,3769.8787,3766.3257
134535000,3837.8184,1954500,27358900,8393142300,107687193600,3769.8787,3854.4292,3769.8787,3766.3257
134541000,3837.3721,2073600,40181600,8395215900,107727375200,3769.8787,3854.4292,3769.8787,3766.3257
134545000,3837.4082,1884000,29655100,8397099900,107757030300,3769.8787,3854.4292,3769.8787,3766.3257
134550000,3837.2821,2264500,33102900,8399364400,107790133200,3769.8787,3854.4292,3769.8787,3766.3257
134556000,3836.557,2431100,30600900,8401795500,107820734100,3769.8787,3854.4292,3769.8787,3766.3257
134600000,3837.3027,1460400,18597900,8403255900,107839332000,3769.8787,3854.4292,3769.8787,3766.3257
134606000,3837.1694,2195500,30574000,8405451400,107869906000,3769.8787,3854.4292,3769.8787,3766.3257
134611000,3837.0427,2373300,40356100,8407824700,107910262100,3769.8787,3854.4292,3769.8787,3766.3257
134615000,3836.5612,1852900,29538200,8409677600,107939800300,3769.8787,3854.4292,3769.8787,3766.3257
134620000,3836.6264,3102700,39326700,8412780300,107979127000,3769.8787,3854.4292,3769.8787,3766.3257
134626000,3837.0283,3160300,46890600,8415940600,108026017600,3769.8787,3854.4292,3769.8787,3766.3257
134630000,3837.1465,1875400,25148400,8417816000,108051166000,3769.8787,3854.4292,3769.8787,3766.3257
134635000,3836.9048,2816100,32801300,8420632100,108083967300,3769.8787,3854.4292,3769.8787,3766.3257
134641000,3836.8968,2219400,29547000,8422851500,108113514300,3769.8787,3854.4292,3769.8787,3766.3257
134645000,3836.8329,2621400,35273100,8425472900,108148787400,3769.8787,3854.4292,3769.8787,3766.3257
134650000,3836.8325,3027000,39393700,8428499900,108188181100,3769.8787,3854.4292,3769.8787,3766.3257
134656000,3836.4821,2735500,36414500,8431235400,108224595600,3769.8787,3854.4292,3769.8787,3766.3257
134700000,3836.3625,2574600,33517800,8433810000,108258113400,3769.8787,3854.4292,3769.8787,3766.3257
134705000,3836.6796,2093300,30069900,8435903300,108288183300,3769.8787,3854.4292,3769.8787,3766.3257
134711000,3836.3717,3369300,46612200,8439272600,108334795500,3769.8787,3854.4292,3769.8787,3766.3257
134715000,3836.7734,2713700,33552500,8441986300,108368348000,3769.8787,3854.4292,3769.8787,3766.3257
134721000,3836.6688,4061300,57258700,8446047600,108425606700,3769.8787,3854.4292,3769.8787,3766.3257
134726000,3836.4369,3665800,39444100,8449713400,108465050800,3769.8787,3854.4292,3769.8787,3766.3257
134732000,3836.4114,2991000,46073500,8452704400,108511124300,3769.8787,3854.4292,3769.8787,3766.3257
134736000,3836.775,2313000,30420200,8455017400,108541544500,3769.8787,3854.4292,3769.8787,3766.3257
134741000,3836.4936,3388600,44882100,8458406000,108586426600,3769.8787,3854.4292,3769.8787,3766.3257
134747000,3836.9379,3334700,53441800,8461740700,108639868400,3769.8787,3854.4292,3769.8787,3766.3257
134751000,3836.6308,3454200,41161200,8465194900,108681029600,3769.8787,3854.4292,3769.8787,3766.3257
134756000,3836.3249,2889700,39032800,8468084600,108720062400,3769.8787,3854.4292,3769.8787,3766.3257
134802000,3836.9678,3626000,37202100,8471710600,108757264500,3769.8787,3854.4292,3769.8787,3766.3257
134806000,3837.0226,1581100,19440100,8473291700,108776704600,3769.8787,3854.4292,3769.8787,3766.3257
134812000,3836.7746,2232000,34594600,8475523700,108811299200,3769.8787,3854.4292,3769.8787,3766.3257
134817000,3836.7001,3099800,43017900,8478623500,108854317100,3769.8787,3854.4292,3769.8787,3766.3257
134821000,3836.614,1282900,20389500,8479906400,108874706600,3769.8787,3854.4292,3769.8787,3766.3257
134827000,3836.0426,2736200,37613700,8482642600,108912320300,3769.8787,3854.4292,3769.8787,3766.3257
134832000,3836.3019,2749200,40529300,8485391800,108952849600,3769.8787,3854.4292,3769.8787,3766.3257
134836000,3836.3195,1607500,23651800,8486999300,108976501400,3769.8787,3854.4292,3769.8787,3766.3257
134841000,3836.035,1752400,32781100,8488751700,109009282500,3769.8787,3854.4292,3769.8787,3766.3257
134847000,3836.0181,2821200,43120000,8491572900,109052402500,3769.8787,3854.4292,3769.8787,3766.3257
134851000,3835.9217,1700300,27639000,8493273200,109080041500,3769.8787,3854.4292,3769.8787,3766.3257
134856000,3835.1451,2076600,28929900,8495349800,109108971400,3769.8787,3854.4292,3769.8787,3766.3257
134902000,3835.9501,3942500,56613500,8499292300,109165584900,3769.8787,3854.4292,3769.8787,3766.3257
134906000,3835.8686,1824200,25040500,8501116500,109190625400,3769.8787,3854.4292,3769.8787,3766.3257
134911000,3835.2107,2843600,38141800,8503960100,109228767200,3769.8787,3854.4292,3769.8787,3766.3257
134917000,3835.3336,2828800,43352900,8506788900,109272120100,3769.8787,3854.4292,3769.8787,3766.3257
134921000,3835.6744,1760600,26943700,8508549500,109299063800,3769.8787,3854.4292,3769.8787,3766.3257
134926000,3835.4417,2370200,36194500,8510919700,109335258300,3769.8787,3854.4292,3769.8787,3766.3257
134932000,3835.7027,3030600,52656900,8513950300,109387915200,3769.8787,3854.4292,3769.8787,3766.3257
134936000,3835.721,1491600,23007200,8515441900,109410922400,3769.8787,3854.4292,3769.8787,3766.3257
134941000,3835.6428,2301100,35973100,8517743000,109446895500,3769.8787,3854.4292,3769.8787,3766.3257
134947000,3835.4919,3332800,48522000,8521075800,109495417500,3769.8787,3854.4292,3769.8787,3766.3257
134951000,3835.0109,2164800,30283100,8523240600,109525700600,3769.8787,3854.4292,3769.8787,3766.3257
134956000,3834.549,3525900,46522200,8526766500,109572222800,3769.8787,3854.4292,3769.8787,3766.3257
135002000,3835.0828,2085500,34118400,8528852000,109606341200,3769.8787,3854.4292,3769.8787,3766.3257
135006000,3834.9015,1772200,21639000,8530624200,109627980200,3769.8787,3854.4292,3769.8787,3766.3257
135011000,3835.4796,2627000,38180000,8533251200,109666160200,3769.8787,3854.4292,3769.8787,3766.3257
135017000,3834.8792,3246800,46737400,8536498000,109712897600,3769.8787,3854.4292,3769.8787,3766.3257
135021000,3835.7769,1576900,27407800,8538074900,109740305400,3769.8787,3854.4292,3769.8787,3766.3257
135027000,3835.7949,2507100,32708600,8540582000,109773014000,3769.8787,3854.4292,3769.8787,3766.3257
135032000,3836.2429,3730800,44215800,8544312800,109817229800,3769.8787,3854.4292,3769.8787,3766.3257
135036000,3835.9746,2005900,28293700,8546318700,109845523500,3769.8787,3854.4292,3769.8787,3766.3257
135041000,3836.6282,2341400,36082100,8548660100,109881605600,3769.8787,3854.4292,3769.8787,3766.3257
135047000,3836.1753,4227700,59776200,8552887800,109941381800,3769.8787,3854.4292,3769.8787,3766.3257
135051000,3835.9075,1821200,26915000,8554709000,109968296800,3769.8787,3854.4292,3769.8787,3766.3257
135056000,3835.2385,2507900,33670900,8557216900,110001967700,3769.8787,3854.4292,3769.8787,3766.3257
135102000,3835.394,2783500,39394300,8560000400,110041362000,3769.8787,3854.4292,3769.8787,3766.3257
135106000,3835.7145,2856700,34100100,8562857100,110075462100,3769.8787,3854.4292,3769.8787,3766.3257
135111000,3835.4784,1938000,24151100,8564795100,110099613200,3769.8787,3854.4292,3769.8787,3766.3257
135117000,3835.6764,3565500,43749700,8568360600,110143362900,3769.8787,3854.4292,3769.8787,3766.3257
135121000,3835.6048,1743100,22758500,8570103700,110166121400,3769.8787,3854.4292,3769.8787,3766.3257
135126000,3835.0816,2794800,38700700,8572898500,110204822100,3769.8787,3854.4292,3769.8787,3766.3257
135133000,3835.2004,2912000,34973000,8575810500,110239795100,3769.8787,3854.4292,3769.8787,3766.3257
135136000,3835.3932,1692300,26559100,8577502800,110266354200,3769.8787,3854.4292,3769.8787,3766.3257
135142000,3835.4516,2562700,37727700,8580065500,110304081900,3769.8787,3854.4292,3769.8787,3766.3257
135147000,3835.2543,2764100,43217700,8582829600,110347299600,3769.8787,3854.4292,3769.8787,3766.3257
135153000,3835.0508,2486400,32690300,8585316000,110379989900,3769.8787,3854.4292,3769.8787,3766.3257
135157000,3835.0131,2022500,29793900,8587338500,110409783800,3769.8787,3854.4292,3769.8787,3766.3257
135202000,3835.2486,2547900,34765800,8589886400,110444549600,3769.8787,3854.4292,3769.8787,3766.3257
135208000,3835.0439,3196500,37164600,8593082900,110481714200,3769.8787,3854.4292,3769.8787,3766.3257
135212000,3835.5057,1801600,24388000,8594884500,110506102200,3769.8787,3854.4292,3769.8787,3766.3257
135217000,3835.5007,1934900,30522800,8596819400,110536625000,3769.8787,3854.4292,3769.8787,3766.3257
135223000,3834.9889,2190700,29844000,8599010100,110566469000,3769.8787,3854.4292,3769.8787,3766.3257
135227000,3835.3682,1798500,19393600,8600808600,110585862600,3769.8787,3854.4292,3769.8787,3766.3257
135232000,3835.069,1516000,25316100,8602324600,110611178700,3769.8787,3854.4292,3769.8787,3766.3257
135238000,3835.5067,2117000,32683700,8604441600,110643862400,3769.8787,3854.4292,3769.8787,3766.3257
135242000,3835.4417,1681300,28434300,8606122900,110672296700,3769.8787,3854.4292,3769.8787,3766.3257
135247000,3836.034,2857500,37007800,8608980400,110709304500,3769.8787,3854.4292,3769.8787,3766.3257
135253000,3835.6831,3167400,42471700,8612147800,110751776200,3769.8787,3854.4292,3769.8787,3766.3257
135257000,3835.2134,1350000,22343600,8613497800,110774119800,3769.8787,3854.4292,3769.8787,3766.3257
135302000,3835.4663,2037500,23246400,8615535300,110797366200,3769.8787,3854.4292,3769.8787,3766.3257
135308000,3835.547,3361800,38931900,8618897100,110836298100,3769.8787,3854.4292,3769.8787,3766.3257
135312000,3835.6456,1015900,14617000,8619913000,110850915100,3769.8787,3854.4292,3769.8787,3766.3257
135317000,3835.6211,1631800,25774700,8621544800,110876689800,3769.8787,3854.4292,3769.8787,3766.3257
135323000,3836.9495,3112800,38563800,8624657600,110915253600,3769.8787,3854.4292,3769.8787,3766.3257
135327000,3836.6039,2116700,24786900,8626774300,110940040500,3769.8787,3854.4292,3769.8787,3766.3257
135333000,3836.5729,2447800,37216500,8629222100,110977257000,3769.8787,3854.4292,3769.8787,3766.3257
135338000,3837.5543,3384100,39595300,8632606200,111016852300,3769.8787,3854.4292,3769.8787,3766.3257
135342000,3836.8353,1963800,27017100,8634570000,111043869400,3769.8787,3854.4292,3769.8787,3766.3257
135347000,3836.9587,2790900,34724300,8637360900,111078593700,3769.8787,3854.4292,3769.8787,3766.3257
135353000,3836.6567,2493700,30995600,8639854600,111109589300,3769.8787,3854.4292,3769.8787,3766.3257
135357000,3836.4806,2191400,32975900,8642046000,111142565200,3769.8787,3854.4292,3769.8787,3766.3257
135402000,3836.843,1804800,28166400,8643850800,111170731600,3769.8787,3854.4292,3769.8787,3766.3257
135408000,3837.192,2784700,35922300,8646635500,111206653900,3769.8787,3854.4292,3769.8787,3766.3257
135412000,3837.21,1368100,20828800,8648003600,111227482700,3769.8787,3854.4292,3769.8787,3766.3257
135417000,3837.2492,2475900,30196600,8650479500,111257679300,3769.8787,3854.4292,3769.8787,3766.3257
135423000,3837.1768,2463300,38033200,8652942800,111295712500,3769.8787,3854.4292,3769.8787,3766.3257
135427000,3837.4242,2402300,26093700,8655345100,111321806200,3769.8787,3854.4292,3769.8787,3766.3257
135433000,3837.7069,2911200,34912600,8658256300,111356718800,3769.8787,3854.4292,3769.8787,3766.3257
135438000,3837.6773,1910100,27496200,8660166400,111384215000,3769.8787,3854.4292,3769.8787,3766.3257
135442000,3837.4282,2966300,32579000,8663132700,111416794000,3769.8787,3854.4292,3769.8787,3766.3257
135447000,3838.1199,1829300,24786000,8664962000,111441580000,3769.8787,3854.4292,3769.8787,3766.3257
135453000,3837.9813,4062800,48051000,8669024800,111489631000,3769.8787,3854.4292,3769.8787,3766.3257
135457000,3838.2629,2396900,35537500,8671421700,111525168500,3769.8787,3854.4292,3769.8787,3766.3257
135502000,3839.0289,3826000,40864300,8675247700,111566032800,3769.8787,3854.4292,3769.8787,3766.3257
135508000,3838.9033,3827800,51383900,8679075500,111617416700,3769.8787,3854.4292,3769.8787,3766.3257
135512000,3839.1004,1998100,29731300,8681073600,111647148000,3769.8787,3854.4292,3769.8787,3766.3257
135517000,3838.8407,2658800,35566900,8683732400,111682714900,3769.8787,3854.4292,3769.8787,3766.3257
135523000,3839.3492,3124200,43156900,8686856600,111725871800,3769.8787,3854.4292,3769.8787,3766.3257
135527000,3839.3275,1641900,24298000,8688498500,111750169800,3769.8787,3854.4292,3769.8787,3766.3257
135532000,3839.2811,1760900,23668800,8690259400,111773838600,3769.8787,3854.4292,3769.8787,3766.3257
135538000,3838.8495,2294500,34734500,8692553900,111808573100,3769.8787,3854.4292,3769.8787,3766.3257
135544000,3838.6072,3183000,50127100,8695736900,111858700200,3769.8787,3854.4292,3769.8787,3766.3257
135547000,3838.5469,1398400,19146200,8697135300,111877846400,3769.8787,3854.4292,3769.8787,3766.3257
135554000,3838.9265,2390400,36089400,8699525700,111913935800,3769.8787,3854.4292,3769.8787,3766.3257
135559000,3838.7457,2639000,37656900,8702164700,111951592700,3769.8787,3854.4292,3769.8787,3766.3257
135603000,3838.5791,2219000,30001400,8704383700,111981594100,3769.8787,3854.4292,3769.8787,3766.3257
135608000,3839.0016,1962800,27279200,8706346500,112008873300,3769.8787,3854.4292,3769.8787,3766.3257
135614000,3838.7105,3902500,46834700,8710249000,112055708000,3769.8787,3854.4292,3769.8787,3766.3257
135618000,3838.8616,1872400,23673000,8712121400,112079381000,3769.8787,3854.4292,3769.8787,3766.3257
135623000,3838.9468,2104100,37696200,8714225500,112117077200,3769.8787,3854.4292,3769.8787,3766.3257
135629000,3839.0399,2346900,33649600,8716572400,112150726800,3769.8787,3854.4292,3769.8787,3766.3257
135633000,3839.0442,2029900,28064600,8718602300,112178791400,3769.8787,3854.4292,3769.8787,3766.3257
135638000,3838.6576,2049500,27018900,8720651800,112205810300,3769.8787,3854.4292,3769.8787,3766.3257
135644000,3839.1311,2429700,38233500,8723081500,112244043800,3769.8787,3854.4292,3769.8787,3766.3257
135648000,3839.047,2731000,38857100,8725812500,112282900900,3769.8787,3854.4292,3769.8787,3766.3257
135653000,3838.9506,1883300,27476400,8727695800,112310377300,3769.8787,3854.4292,3769.8787,3766.3257
135659000,3839.2094,2570000,37314600,8730265800,112347691900,3769.8787,3854.4292,3769.8787,3766.3257
135703000,3839.0634,1668100,24001900,8731933900,112371693800,3769.8787,3854.4292,3769.8787,3766.3257
135708000,3839.1868,2161100,28778500,8734095000,112400472300,3769.8787,3854.4292,3769.8787,3766.3257
135714000,3839.1878,2776100,40664000,8736871100,112441136300,3769.8787,3854.4292,3769.8787,3766.3257
135718000,3839.1081,1663500,24981900,8738534600,112466118200,3769.8787,3854.4292,3769.8787,3766.3257
135723000,3838.9341,2210700,34353300,8740745300,112500471500,3769.8787,3854.4292,3769.8787,3766.3257
135729000,3838.5435,2958100,35220300,8743703400,112535691800,3769.8787,3854.4292,3769.8787,3766.3257
135733000,3838.5568,1457800,23052100,8745161200,112558743900,3769.8787,3854.4292,3769.8787,3766.3257
135739000,3839.3312,1643600,22199700,8746804800,112580943600,3769.8787,3854.4292,3769.8787,3766.3257
135744000,3838.7483,3601400,41889400,8750406200,112622833000,3769.8787,3854.4292,3769.8787,3766.3257
135748000,3838.7445,2359900,25903300,8752766100,112648736300,3769.8787,3854.4292,3769.8787,3766.3257
135753000,3838.8974,1529100,21324700,8754295200,112670061000,3769.8787,3854.4292,3769.8787,3766.3257
135759000,3838.5477,2249100,29855300,8756544300,112699916300,3769.8787,3854.4292,3769.8787,3766.3257
135803000,3838.8567,1857100,25298100,8758401400,112725214400,3769.8787,3854.4292,3769.8787,3766.3257
135808000,3838.8276,1942400,28080600,8760343800,112753295000,3769.8787,3854.4292,3769.8787,3766.3257
135814000,3838.4518,2060200,29588500,8762404000,112782883500,3769.8787,3854.4292,3769.8787,3766.3257
135818000,3838.6416,2704900,30547700,8765108900,112813431200,3769.8787,3854.4292,3769.8787,3766.3257
135823000,3838.7064,2322000,31790500,8767430900,112845221700,3769.8787,3854.4292,3769.8787,3766.3257
135829000,3838.3526,3039500,29462100,8770470400,112874683800,3769.8787,3854.4292,3769.8787,3766.3257
135833000,3838.3568,1549100,23013100,8772019500,112897696900,3769.8787,3854.4292,3769.8787,3766.3257
135838000,3838.8787,2332100,38658400,8774351600,112936355300,3769.8787,3854.4292,3769.8787,3766.3257
135844000,3838.9338,3515600,41174100,8777867200,112977529400,3769.8787,3854.4292,3769.8787,3766.3257
135848000,3838.5368,2139900,26510700,8780007100,113004040100,3769.8787,3854.4292,3769.8787,3766.3257
135853000,3837.932,1938300,24510100,8781945400,113028550200,3769.8787,3854.4292,3769.8787,3766.3257
135859000,3837.917,2379600,28670200,8784325000,113057220400,3769.8787,3854.4292,3769.8787,3766.3257
135903000,3838.6443,2869000,28840100,8787194000,113086060500,3769.8787,3854.4292,3769.8787,3766.3257
135908000,3838.389,2324300,30907400,8789518300,113116967900,3769.8787,3854.4292,3769.8787,3766.3257
135914000,3837.7791,2912700,41478200,8792431000,113158446100,3769.8787,3854.4292,3769.8787,3766.3257
135918000,3838.3587,1877900,24778100,8794308900,113183224200,3769.8787,3854.4292,3769.8787,3766.3257
135923000,3838.03,2421800,33453300,8796730700,113216677500,3769.8787,3854.4292,3769.8787,3766.3257
135929000,3837.6608,2678200,37715700,8799408900,113254393200,3769.8787,3854.4292,3769.8787,3766.3257
135933000,3838.0404,2052900,24234900,8801461800,113278628100,3769.8787,3854.4292,3769.8787,3766.3257
135938000,3837.8568,1941700,31397500,8803403500,113310025600,3769.8787,3854.4292,3769.8787,3766.3257
135944000,3837.6294,2443800,34530600,8805847300,113344556200,3769.8787,3854.4292,3769.8787,3766.3257
135948000,3837.5306,2726500,31161000,8808573800,113375717200,3769.8787,3854.4292,3769.8787,3766.3257
135954000,3837.0756,2211700,31787200,8810785500,113407504400,3769.8787,3854.4292,3769.8787,3766.3257
135959000,3836.907,2612100,35782900,8813397600,113443287300,3769.8787,3854.4292,3769.8787,3766.3257
140005000,3837.1497,3188200,44591600,8816585800,113487878900,3769.8787,3854.4292,3769.8787,3766.3257
140009000,3837.2612,1690900,26224900,8818276700,113514103800,3769.8787,3854.4292,3769.8787,3766.3257
140014000,3837.4579,2041800,25984200,8820318500,113540088000,3769.8787,3854.4292,3769.8787,3766.3257
140020000,3836.8351,3414900,32849100,8823733400,113572937100,3769.8787,3854.4292,3769.8787,3766.3257
140024000,3836.6184,1594000,24234500,8825327400,113597171600,3769.8787,3854.4292,3769.8787,3766.3257
140030000,3836.6436,1559000,21830600,8826886400,113619002200,3769.8787,3854.4292,3769.8787,3766.3257
140035000,3836.9022,1902700,29576200,8828789100,113648578400,3769.8787,3854.4292,3769.8787,3766.3257
140039000,3836.9912,1637200,21440500,8830426300,113670018900,3769.8787,3854.4292,3769.8787,3766.3257
140044000,3835.6831,2273700,32145900,8832700000,113702164800,3769.8787,3854.4292,3769.8787,3766.3257
140050000,3836.5159,3393300,41323000,8836093300,113743487800,3769.8787,3854.4292,3769.8787,3766.3257
140054000,3836.4898,2345000,22378700,8838438300,113765866500,3769.8787,3854.4292,3769.8787,3766.3257
140059000,3836.2809,1475500,23048000,8839913800,113788914500,3769.8787,3854.4292,3769.8787,3766.3257
140105000,3836.272,2269400,28568300,8842183200,113817482800,3769.8787,3854.4292,3769.8787,3766.3257
140109000,3836.363,2063800,31450600,8844247000,113848933400,3769.8787,3854.4292,3769.8787,3766.3257
140115000,3836.3089,2081800,25865400,8846328800,113874798800,3769.8787,3854.4292,3769.8787,3766.3257
140120000,3836.5057,2720300,33147700,8849049100,113907946500,3769.8787,3854.4292,3769.8787,3766.3257
140124000,3836.3401,1864700,24649000,8850913800,113932595500,3769.8787,3854.4292,3769.8787,3766.3257
140129000,3836.2153,1468300,20968400,8852382100,113953563900,3769.8787,3854.4292,3769.8787,3766.3257
140135000,3836.2843,2636800,32485400,8855018900,113986049300,3769.8787,3854.4292,3769.8787,3766.3257
140139000,3836.2892,1809500,24327100,8856828400,114010376400,3769.8787,3854.4292,3769.8787,3766.3257
140144000,3836.1637,2066000,29556300,8858894400,114039932700,3769.8787,3854.4292,3769.8787,3766.3257
140150000,3835.2195,2143400,27739200,8861037800,114067671900,3769.8787,3854.4292,3769.8787,3766.3257
140154000,3835.5739,1552000,16777200,8862589800,114084449100,3769.8787,3854.4292,3769.8787,3766.3257
140159000,3835.5663,2900700,36693800,8865490500,114121142900,3769.8787,3854.4292,3769.8787,3766.3257
140205000,3835.843,2619600,37195900,8868110100,114158338800,3769.8787,3854.4292,3769.8787,3766.3257
140209000,3835.2891,2527700,29180300,8870637800,114187519100,3769.8787,3854.4292,3769.8787,3766.3257
140214000,3835.3314,2539800,37317800,8873177600,114224836900,3769.8787,3854.4292,3769.8787,3766.3257
140220000,3835.2313,2548800,34792100,8875726400,114259629000,3769.8787,3854.4292,3769.8787,3766.3257
140224000,3835.9985,2724000,28035400,8878450400,114287664400,3769.8787,3854.4292,3769.8787,3766.3257
140229000,3835.9918,2485900,32217100,8880936300,114319881500,3769.8787,3854.4292,3769.8787,3766.3257
140235000,3835.6489,2335800,35372300,8883272100,114355253800,3769.8787,3854.4292,3769.8787,3766.3257
140239000,3835.9637,2826500,29793900,8886098600,114385047700,3769.8787,3854.4292,3769.8787,3766.3257
140244000,3837.0382,4142400,52174500,8890241000,114437222200,3769.8787,3854.4292,3769.8787,3766.3257
140250000,3837.7262,3510800,44867300,8893751800,114482089500,3769.8787,3854.4292,3769.8787,3766.3257
140254000,3837.9097,3487500,41687000,8897239300,114523776500,3769.8787,3854.4292,3769.8787,3766.3257
140259000,3837.8456,4045000,53483200,8901284300,114577259700,3769.8787,3854.4292,3769.8787,3766.3257
140305000,3838.4623,2766900,43828900,8904051200,114621088600,3769.8787,3854.4292,3769.8787,3766.3257
140309000,3837.5175,2125900,25498900,8906177100,114646587500,3769.8787,3854.4292,3769.8787,3766.3257
140314000,3837.2939,2798300,36608000,8908975400,114683195500,3769.8787,3854.4292,3769.8787,3766.3257
140320000,3837.2904,2519000,40368200,8911494400,114723563700,3769.8787,3854.4292,3769.8787,3766.3257
140324000,3837.6938,1487100,25649700,8912981500,114749213400,3769.8787,3854.4292,3769.8787,3766.3257
140330000,3837.1412,2469600,32600200,8915451100,114781813600,3769.8787,3854.4292,3769.8787,3766.3257
140335000,3837.1896,2331700,29834400,8917782800,114811648000,3769.8787,3854.4292,3769.8787,3766.3257
140339000,3837.2934,1929200,29750200,8919712000,114841398200,3769.8787,3854.4292,3769.8787,3766.3257
140344000,3837.2028,2826900,36066900,8922538900,114877465100,3769.8787,3854.4292,3769.8787,3766.3257
140350000,3836.6607,2394900,29941400,8924933800,114907406500,3769.8787,3854.4292,3769.8787,3766.3257
140354000,3837.2136,2293900,28763700,8927227700,114936170200,3769.8787,3854.4292,3769.8787,3766.3257
140359000,3836.3665,4006100,42282100,8931233800,114978452300,3769.8787,3854.4292,3769.8787,3766.3257
140405000,3836.8676,3842600,54254100,8935076400,115032706400,3769.8787,3854.4292,3769.8787,3766.3257
140409000,3836.7532,1799500,23371100,8936875900,115056077500,3769.8787,3854.4292,3769.8787,3766.3257
140415000,3836.9822,3161300,36172000,8940037200,115092249500,3769.8787,3854.4292,3769.8787,3766.3257
140420000,3836.8202,2570100,34525800,8942607300,115126775300,3769.8787,3854.4292,3769.8787,3766.3257
140426000,3836.571,3057500,33322100,8945664800,115160097400,3769.8787,3854.4292,3769.8787,3766.3257
140430000,3836.4999,2208500,23436800,8947873300,115183534200,3769.8787,3854.4292,3769.8787,3766.3257
140435000,3836.7774,1755400,30776700,8949628700,115214310900,3769.8787,3854.4292,3769.8787,3766.3257
140441000,3836.7576,2128600,31087300,8951757300,115245398200,3769.8787,3854.4292,3769.8787,3766.3257
140445000,3836.8666,2322100,28949800,8954079400,115274348000,3769.8787,3854.4292,3769.8787,3766.3257
140450000,3836.4035,2231600,27713300,8956311000,115302061300,3769.8787,3854.4292,3769.8787,3766.3257
140456000,3836.5118,3051000,36311900,8959362000,115338373200,3769.8787,3854.4292,3769.8787,3766.3257
140500000,3836.0684,3116000,36814800,8962478000,115375188000,3769.8787,3854.4292,3769.8787,3766.3257
140506000,3836.1568,2146300,30599900,8964624300,115405787900,3769.8787,3854.4292,3769.8787,3766.3257
140511000,3836.5038,3964700,45224500,8968589000,115451012400,3769.8787,3854.4292,3769.8787,3766.3257
140515000,3836.5986,3390200,33075200,8971979200,115484087600,3769.8787,3854.4292,3769.8787,3766.3257
140521000,3836.3257,2466700,31321200,8974445900,115515408800,3769.8787,3854.4292,3769.8787,3766.3257
140526000,3836.5344,4220600,46945700,8978666500,115562354500,3769.8787,3854.4292,3769.8787,3766.3257
140530000,3836.1539,3094800,37269600,8981761300,115599624100,3769.8787,3854.4292,3769.8787,3766.3257
140536000,3836.418,2026500,24857300,8983787800,115624481400,3769.8787,3854.4292,3769.8787,3766.3257
140541000,3836.6183,2383500,38251900,8986171300,115662733300,3769.8787,3854.4292,3769.8787,3766.3257
140545000,3836.1966,8719800,59304900,8994891100,115722038200,3769.8787,3854.4292,3769.8787,3766.3257
140550000,3835.7573,3171100,32018200,8998062200,115754056400,3769.8787,3854.4292,3769.8787,3766.3257
140556000,3835.8196,4324100,46173400,9002386300,115800229800,3769.8787,3854.4292,3769.8787,3766.3257
140600000,3835.6721,1607500,23877100,9003993800,115824106900,3769.8787,3854.4292,3769.8787,3766.3257
140606000,3835.801,2446000,32051200,9006439800,115856158100,3769.8787,3854.4292,3769.8787,3766.3257
140611000,3835.3339,2645800,32472000,9009085600,115888630100,3769.8787,3854.4292,3769.8787,3766.3257
140615000,3835.6622,3014500,34008400,9012100100,115922638500,3769.8787,3854.4292,3769.8787,3766.3257
140621000,3835.3741,2320200,35033200,9014420300,115957671700,3769.8787,3854.4292,3769.8787,3766.3257
140626000,3835.542,3271200,44475300,9017691500,116002147000,3769.8787,3854.4292,3769.8787,3766.3257
140630000,3835.7042,1981200,29341500,9019672700,116031488500,3769.8787,3854.4292,3769.8787,3766.3257
140636000,3835.9409,3328200,40986700,9023000900,116072475200,3769.8787,3854.4292,3769.8787,3766.3257
140641000,3835.5936,3072600,36826700,9026073500,116109301900,3769.8787,3854.4292,3769.8787,3766.3257
140645000,3835.7626,1560200,23450600,9027633700,116132752500,3769.8787,3854.4292,3769.8787,3766.3257
140650000,3835.1596,2260000,32446200,9029893700,116165198700,3769.8787,3854.4292,3769.8787,3766.3257
140656000,3835.077,5115500,47748700,9035009200,116212947400,3769.8787,3854.4292,3769.8787,3766.3257
140700000,3834.9824,3096200,32514900,9038105400,116245462300,3769.8787,3854.4292,3769.8787,3766.3257
140705000,3834.7773,3372900,36418100,9041478300,116281880400,3769.8787,3854.4292,3769.8787,3766.3257
140711000,3834.6499,3099900,36876900,9044578200,116318757300,3769.8787,3854.4292,3769.8787,3766.3257
140715000,3834.9672,1958100,29210900,9046536300,116347968200,3769.8787,3854.4292,3769.8787,3766.3257
140720000,3834.6516,2426800,31412100,9048963100,116379380300,3769.8787,3854.4292,3769.8787,3766.3257
140726000,3834.694,3310300,39802500,9052273400,116419182800,3769.8787,3854.4292,3769.8787,3766.3257
140730000,3834.8337,2161300,29025800,9054434700,116448208600,3769.8787,3854.4292,3769.8787,3766.3257
140735000,3834.4557,2600600,34803700,9057035300,116483012300,3769.8787,3854.4292,3769.8787,3766.3257
140741000,3834.3316,2381900,36098100,9059417200,116519110400,3769.8787,3854.4292,3769.8787,3766.3257
140745000,3834.6466,3030100,30282200,9062447300,116549392600,3769.8787,3854.4292,3769.8787,3766.3257
140750000,3834.4488,3485200,44533000,9065932500,116593925600,3769.8787,3854.4292,3769.8787,3766.3257
140756000,3834.6864,6103000,55935500,9072035500,116649861100,3769.8787,3854.4292,3769.8787,3766.3257
140800000,3834.0237,8238500,56538100,9080274000,116706399200,3769.8787,3854.4292,3769.8787,3766.3257
140805000,3834.4415,2747000,32408400,9083021000,116738807600,3769.8787,3854.4292,3769.8787,3766.3257
140811000,3834.3975,2443700,29032700,9085464700,116767840300,3769.8787,3854.4292,3769.8787,3766.3257
140815000,3834.435,3272000,35798700,9088736700,116803639000,3769.8787,3854.4292,3769.8787,3766.3257
140821000,3834.5348,3373700,40773200,9092110400,116844412200,3769.8787,3854.4292,3769.8787,3766.3257
140826000,3834.3941,5240000,51152300,9097350400,116895564500,3769.8787,3854.4292,3769.8787,3766.3257
140832000,3834.6939,2686400,33124500,9100036800,116928689000,3769.8787,3854.4292,3769.8787,3766.3257
140836000,3834.081,4495700,50690200,9104532500,116979379200,3769.8787,3854.4292,3769.8787,3766.3257
140842000,3834.1818,2433500,29572500,9106966000,117008951700,3769.8787,3854.4292,3769.8787,3766.3257
140847000,3833.871,2788000,33505000,9109754000,117042456700,3769.8787,3854.4292,3769.8787,3766.3257
140851000,3834.1612,2708100,31578200,9112462100,117074034900,3769.8787,3854.4292,3769.8787,3766.3257
140856000,3834.0741,2226200,30742800,9114688300,117104777700,3769.8787,3854.4292,3769.8787,3766.3257
140902000,3833.9978,2923100,39802000,9117611400,117144579700,3769.8787,3854.4292,3769.8787,3766.3257
140906000,3833.7812,3312500,36056500,9120923900,117180636200,3769.8787,3854.4292,3769.8787,3766.3257
140911000,3833.8613,3944600,34057600,9124868500,117214693800,3769.8787,3854.4292,3769.8787,3766.3257
140917000,3834.0638,3373800,39476900,9128242300,117254170700,3769.8787,3854.4292,3769.8787,3766.3257
140921000,3833.8027,2230600,34510800,9130472900,117288681500,3769.8787,3854.4292,3769.8787,3766.3257
140926000,3834.2714,1289400,20811700,9131762300,117309493200,3769.8787,3854.4292,3769.8787,3766.3257
140932000,3834.1819,3355300,38707500,9135117600,117348200700,3769.8787,3854.4292,3769.8787,3766.3257
140936000,3834.1369,2075000,27722400,9137192600,117375923100,3769.8787,3854.4292,3769.8787,3766.3257
140941000,3834.1142,2652300,32694500,9139844900,117408617600,3769.8787,3854.4292,3769.8787,3766.3257
140947000,3834.1966,4519100,49252200,9144364000,117457869800,3769.8787,3854.4292,3769.8787,3766.3257
140951000,3834.1761,3413900,37184000,9147777900,117495053800,3769.8787,3854.4292,3769.8787,3766.3257
140956000,3834.2441,1826800,21716900,9149604700,117516770700,3769.8787,3854.4292,3769.8787,3766.3257
141002000,3833.8212,5607600,44861100,9155212300,117561631800,3769.8787,3854.4292,3769.8787,3766.3257
141006000,3834.0585,1855000,30347700,9157067300,117591979500,3769.8787,3854.4292,3769.8787,3766.3257
141011000,3834.4959,3215300,37270100,9160282600,117629249600,3769.8787,3854.4292,3769.8787,3766.3257
141017000,3834.1798,2203000,27022700,9162485600,117656272300,3769.8787,3854.4292,3769.8787,3766.3257
141021000,3834.1089,1336600,19941800,9163822200,117676214100,3769.8787,3854.4292,3769.8787,3766.3257
141026000,3834.5834,1881300,25933400,9165703500,117702147500,3769.8787,3854.4292,3769.8787,3766.3257
141032000,3834.4099,2661700,33000900,9168365200,117735148400,3769.8787,3854.4292,3769.8787,3766.3257
141036000,3834.4738,1290300,20546800,9169655500,117755695200,3769.8787,3854.4292,3769.8787,3766.3257
141041000,3834.1166,2555300,29669300,9172210800,117785364500,3769.8787,3854.4292,3769.8787,3766.3257
141047000,3834.1042,2736800,33369100,9174947600,117818733600,3769.8787,3854.4292,3769.8787,3766.3257
141051000,3833.4199,2073900,29067800,9177021500,117847801400,3769.8787,3854.4292,3769.8787,3766.3257
141057000,3833.9662,2614500,35776500,9179636000,117883577900,3769.8787,3854.4292,3769.8787,3766.3257
141102000,3833.6817,5802700,61998000,9185438700,117945575900,3769.8787,3854.4292,3769.8787,3766.3257
141106000,3834.2287,2393000,31635800,9187831700,117977211700,3769.8787,3854.4292,3769.8787,3766.3257
141112000,3834.0973,2260900,29072300,9190092600,118006284000,3769.8787,3854.4292,3769.8787,3766.3257
141117000,3833.9161,4134600,49389600,9194227200,118055673600,3769.8787,3854.4292,3769.8787,3766.3257
141121000,3833.8756,2610000,33129600,9196837200,118088803200,3769.8787,3854.4292,3769.8787,3766.3257
141126000,3833.9251,1932900,31864800,9198770100,118120668000,3769.8787,3854.4292,3769.8787,3766.3257
141132000,3834.6376,2922200,38879600,9201692300,118159547600,3769.8787,3854.4292,3769.8787,3766.3257
141136000,3835.853,3930800,52822800,9205623100,118212370400,3769.8787,3854.4292,3769.8787,3766.3257
141142000,3836.2328,5316000,66398500,9210939100,118278768900,3769.8787,3854.4292,3769.8787,3766.3257
141147000,3836.1811,4220500,55486800,9215159600,118334255700,3769.8787,3854.4292,3769.8787,3766.3257
141151000,3836.4833,3174500,43996400,9218334100,118378252100,3769.8787,3854.4292,3769.8787,3766.3257
141156000,3836.2531,3312900,35106200,9221647000,118413358300,3769.8787,3854.4292,3769.8787,3766.3257
141202000,3836.0747,5124700,57103100,9226771700,118470461400,3769.8787,3854.4292,3769.8787,3766.3257
141206000,3836.8116,3629300,45588600,9230401000,118516050000,3769.8787,3854.4292,3769.8787,3766.3257
141211000,3836.9141,3509100,41064700,9233910100,118557114700,3769.8787,3854.4292,3769.8787,3766.3257
141217000,3837.5697,3656600,43666800,9237566700,118600781500,3769.8787,3854.4292,3769.8787,3766.3257
141221000,3836.9262,2194100,36894900,9239760800,118637676400,3769.8787,3854.4292,3769.8787,3766.3257
141226000,3836.9992,2838600,39723200,9242599400,118677399600,3769.8787,3854.4292,3769.8787,3766.3257
141232000,3836.9991,2328200,34701600,9244927600,118712101200,3769.8787,3854.4292,3769.8787,3766.3257
141236000,3837.1724,2266900,36469400,9247194500,118748570600,3769.8787,3854.4292,3769.8787,3766.3257
141242000,3837.1866,3042800,41423300,9250237300,118789993900,3769.8787,3854.4292,3769.8787,3766.3257
141247000,3837.403,2601500,29105100,9252838800,118819099000,3769.8787,3854.4292,3769.8787,3766.3257
141253000,3837.1824,2561200,36312800,9255400000,118855411800,3769.8787,3854.4292,3769.8787,3766.3257
141257000,3837.0128,2356100,37193100,9257756100,118892604900,3769.8787,3854.4292,3769.8787,3766.3257
141302000,3837.2319,1900900,23773100,9259657000,118916378000,3769.8787,3854.4292,3769.8787,3766.3257
141308000,3837.6378,3656700,47478100,9263313700,118963856100,3769.8787,3854.4292,3769.8787,3766.3257
141312000,3837.2636,5039000,65896200,9268352700,119029752300,3769.8787,3854.4292,3769.8787,3766.3257
141317000,3837.8823,2551600,34550100,9270904300,119064302400,3769.8787,3854.4292,3769.8787,3766.3257
141323000,3837.7184,2881000,36935400,9273785300,119101237800,3769.8787,3854.4292,3769.8787,3766.3257
141327000,3837.9904,2599900,34833700,9276385200,119136071500,3769.8787,3854.4292,3769.8787,3766.3257
141332000,3837.8276,2247500,28075200,9278632700,119164146700,3769.8787,3854.4292,3769.8787,3766.3257
141338000,3838.049,2036500,30145400,9280669200,119194292100,3769.8787,3854.4292,3769.8787,3766.3257
141342000,3838.5468,2827300,35970100,9283496500,119230262200,3769.8787,3854.4292,3769.8787,3766.3257
141347000,3838.4533,3175500,41853000,9286672000,119272115200,3769.8787,3854.4292,3769.8787,3766.3257
141353000,3838.7357,3123100,54050800,9289795100,119326166000,3769.8787,3854.4292,3769.8787,3766.3257
141357000,3838.366,3484400,52375500,9293279500,119378541500,3769.8787,3854.4292,3769.8787,3766.3257
141402000,3839.1343,3366100,50227200,9296645600,119428768700,3769.8787,3854.4292,3769.8787,3766.3257
141408000,3838.9226,2901900,45943000,9299547500,119474711700,3769.8787,3854.4292,3769.8787,3766.3257
141412000,3838.9121,1969000,30360800,9301516500,119505072500,3769.8787,3854.4292,3769.8787,3766.3257
141417000,3838.7345,2635800,34832200,9304152300,119539904700,3769.8787,3854.4292,3769.8787,3766.3257
141423000,3839.221,2951600,40331000,9307103900,119580235700,3769.8787,3854.4292,3769.8787,3766.3257
141427000,3838.7783,1942500,29358600,9309046400,119609594300,3769.8787,3854.4292,3769.8787,3766.3257
141432000,3839.2423,2711800,45609000,9311758200,119655203300,3769.8787,3854.4292,3769.8787,3766.3257
141438000,3839.7477,2293000,34337300,9314051200,119689540600,3769.8787,3854.4292,3769.8787,3766.3257
141442000,3839.5188,2316500,29795600,9316367700,119719336200,3769.8787,3854.4292,3769.8787,3766.3257
141447000,3839.1341,2040200,29289500,9318407900,119748625700,3769.8787,3854.4292,3769.8787,3766.3257
141453000,3839.3782,2301300,28212200,9320709200,119776837900,3769.8787,3854.4292,3769.8787,3766.3257
141457000,3839.3732,1674600,30859500,9322383800,119807697400,3769.8787,3854.4292,3769.8787,3766.3257
141502000,3839.3991,2285200,33678100,9324669000,119841375500,3769.8787,3854.4292,3769.8787,3766.3257
141508000,3839.7919,2658800,36371900,9327327800,119877747400,3769.8787,3854.4292,3769.8787,3766.3257
141512000,3839.6255,1797300,25470500,9329125100,119903217900,3769.8787,3854.4292,3769.8787,3766.3257
141517000,3839.9486,2490600,31672300,9331615700,119934890200,3769.8787,3854.4292,3769.8787,3766.3257
141523000,3839.6224,3258500,46580700,9334874200,119981470900,3769.8787,3854.4292,3769.8787,3766.3257
141527000,3839.8182,2690000,36018600,9337564200,120017489500,3769.8787,3854.4292,3769.8787,3766.3257
141533000,3839.632,2862200,46789000,9340426400,120064278500,3769.8787,3854.4292,3769.8787,3766.3257
141538000,3840.1248,3203100,46188200,9343629500,120110466700,3769.8787,3854.4292,3769.8787,3766.3257
141542000,3840.4443,2434200,34309300,9346063700,120144776000,3769.8787,3854.4292,3769.8787,3766.3257
141547000,3840.8818,3088400,38680900,9349152100,120183456900,3769.8787,3854.4292,3769.8787,3766.3257
141553000,3840.3507,2725400,33575900,9351877500,120217032800,3769.8787,3854.4292,3769.8787,3766.3257
141557000,3840.5602,1699000,25627300,9353576500,120242660100,3769.8787,3854.4292,3769.8787,3766.3257
141602000,3840.2189,2441600,34718300,9356018100,120277378400,3769.8787,3854.4292,3769.8787,3766.3257
141608000,3841.3278,2770300,39043500,9358788400,120316421900,3769.8787,3854.4292,3769.8787,3766.3257
141612000,3840.8764,1777800,22812000,9360566200,120339233900,3769.8787,3854.4292,3769.8787,3766.3257
141618000,3840.6847,2181500,27030000,9362747700,120366263900,3769.8787,3854.4292,3769.8787,3766.3257
141623000,3840.883,2421600,34975100,9365169300,120401239000,3769.8787,3854.4292,3769.8787,3766.3257
141627000,3841.8823,2866400,27857300,9368035700,120429096300,3769.8787,3854.4292,3769.8787,3766.3257
141632000,3841.286,2175900,32459700,9370211600,120461556000,3769.8787,3854.4292,3769.8787,3766.3257
141638000,3841.5253,2593600,34860800,9372805200,120496416800,3769.8787,3854.4292,3769.8787,3766.3257
141642000,3841.1507,1877800,27324300,9374683000,120523741100,3769.8787,3854.4292,3769.8787,3766.3257
141647000,3841.7777,2993500,38215900,9377676500,120561957000,3769.8787,3854.4292,3769.8787,3766.3257
141653000,3841.8031,3104300,37523000,9380780800,120599480000,3769.8787,3854.4292,3769.8787,3766.3257
141657000,3841.7641,1855700,30140700,9382636500,120629620700,3769.8787,3854.4292,3769.8787,3766.3257
141703000,3842.2459,2685100,37905400,9385321600,120667526100,3769.8787,3854.4292,3769.8787,3766.3257
141708000,3841.8854,2337900,33985300,9387659500,120701511400,3769.8787,3854.4292,3769.8787,3766.3257
141714000,3841.8616,2795500,32232600,9390455000,120733744000,3769.8787,3854.4292,3769.8787,3766.3257
141718000,3841.6318,1820200,29668200,9392275200,120763412200,3769.8787,3854.4292,3769.8787,3766.3257
141723000,3842.0718,2239100,29236500,9394514300,120792648700,3769.8787,3854.4292,3769.8787,3766.3257
141729000,3842.1126,2574000,35239100,9397088300,120827887800,3769.8787,3854.4292,3769.8787,3766.3257
141733000,3841.7177,2688400,34873500,9399776700,120862761300,3769.8787,3854.4292,3769.8787,3766.3257
141738000,3841.8062,2299500,27521900,9402076200,120890283200,3769.8787,3854.4292,3769.8787,3766.3257
141744000,3841.9884,3154200,47395100,9405230400,120937678300,3769.8787,3854.4292,3769.8787,3766.3257
141748000,3841.6864,2824100,27892900,9408054500,120965571200,3769.8787,3854.4292,3769.8787,3766.3257
141754000,3841.9717,2903400,33541600,9410957900,120999112800,3769.8787,3854.4292,3769.8787,3766.3257
141759000,3841.8064,1963500,30226400,9412921400,121029339200,3769.8787,3854.4292,3769.8787,3766.3257
141803000,3841.829,2784900,34823800,9415706300,121064163000,3769.8787,3854.4292,3769.8787,3766.3257
141808000,3842.0807,2383800,32834200,9418090100,121096997200,3769.8787,3854.4292,3769.8787,3766.3257
141814000,3842.0428,2159000,29017600,9420249100,121126014800,3769.8787,3854.4292,3769.8787,3766.3257
141818000,3841.4932,1778200,25711700,9422027300,121151726500,3769.8787,3854.4292,3769.8787,3766.3257
141823000,3841.5069,1541500,25011900,9423568800,121176738400,3769.8787,3854.4292,3769.8787,3766.3257
141829000,3842.1452,3595400,47073200,9427164200,121223811600,3769.8787,3854.4292,3769.8787,3766.3257
141833000,3842.1638,2173500,27047200,9429337700,121250858800,3769.8787,3854.4292,3769.8787,3766.3257
141839000,3842.0079,5070300,40493700,9434408000,121291352500,3769.8787,3854.4292,3769.8787,3766.3257
141844000,3842.5525,1945100,22545700,9436353100,121313898200,3769.8787,3854.4292,3769.8787,3766.3257
141848000,3842.2187,2946800,33064100,9439299900,121346962300,3769.8787,3854.4292,3769.8787,3766.3257
141853000,3842.1219,2885200,27621800,9442185100,121374584100,3769.8787,3854.4292,3769.8787,3766.3257
141859000,3842.3199,2591400,36243900,9444776500,121410828000,3769.8787,3854.4292,3769.8787,3766.3257
141903000,3841.8282,2446400,30627800,9447222900,121441455800,3769.8787,3854.4292,3769.8787,3766.3257
141908000,3842.2234,1716900,24296000,9448939800,121465751800,3769.8787,3854.4292,3769.8787,3766.3257
141914000,3841.7576,2377200,30850500,9451317000,121496602300,3769.8787,3854.4292,3769.8787,3766.3257
141918000,3842.0652,1295100,19073900,9452612100,121515676200,3769.8787,3854.4292,3769.8787,3766.3257
141923000,3842.4133,2235300,29347600,9454847400,121545023800,3769.8787,3854.4292,3769.8787,3766.3257
141929000,3842.5699,3334000,41043100,9458181400,121586066900,3769.8787,3854.4292,3769.8787,3766.3257
141933000,3842.8634,2057100,28439800,9460238500,121614506700,3769.8787,3854.4292,3769.8787,3766.3257
141938000,3842.5659,2074900,29460500,9462313400,121643967200,3769.8787,3854.4292,3769.8787,3766.3257
141944000,3842.3827,2288500,28395300,9464601900,121672362500,3769.8787,3854.4292,3769.8787,3766.3257
141948000,3842.635,2029400,33145700,9466631300,121705508200,3769.8787,3854.4292,3769.8787,3766.3257
141954000,3842.8016,2272500,30815200,9468903800,121736323400,3769.8787,3854.4292,3769.8787,3766.3257
141959000,3842.9434,1799800,27817800,9470703600,121764141200,3769.8787,3854.4292,3769.8787,3766.3257
142003000,3843.4199,2799400,41611400,9473503000,121805752600,3769.8787,3854.4292,3769.8787,3766.3257
142008000,3842.7146,1754600,23032900,9475257600,121828785500,3769.8787,3854.4292,3769.8787,3766.3257
142014000,3843.3535,4101900,50411300,9479359500,121879196800,3769.8787,3854.4292,3769.8787,3766.3257
142018000,3843.4128,3604300,42730000,9482963800,121921926800,3769.8787,3854.4292,3769.8787,3766.3257
142024000,3843.4618,3720900,64772300,9486684700,121986699100,3769.8787,3854.4292,3769.8787,3766.3257
142029000,3844.1017,3381800,43853700,9490066500,122030552800,3769.8787,3854.4292,3769.8787,3766.3257
142033000,3844.1133,3009300,45445400,9493075800,122075998200,3769.8787,3854.4292,3769.8787,3766.3257
142039000,3844.8681,4187100,61406100,9497262900,122137404300,3769.8787,3854.4292,3769.8787,3766.3257
142044000,3845.3376,4861500,67089900,9502124400,122204494200,3769.8787,3854.4292,3769.8787,3766.3257
142048000,3845.417,4979100,54442000,9507103500,122258936200,3769.8787,3854.4292,3769.8787,3766.3257
142053000,3845.6393,3866600,52686400,9510970100,122311622600,3769.8787,3854.4292,3769.8787,3766.3257
142059000,3845.9841,4674200,65460700,9515644300,122377083300,3769.8787,3854.4292,3769.8787,3766.3257
142105000,3845.892,4802600,75821400,9520446900,122452904700,3769.8787,3854.4292,3769.8787,3766.3257
142109000,3846.6349,2651000,33076300,9523097900,122485981000,3769.8787,3854.4292,3769.8787,3766.3257
142114000,3846.3507,5394800,61187700,9528492700,122547168700,3769.8787,3854.4292,3769.8787,3766.3257
142120000,3846.3238,4289400,67233700,9532782100,122614402400,3769.8787,3854.4292,3769.8787,3766.3257
142123000,3846.8755,3256800,46452800,9536038900,122660855200,3769.8787,3854.4292,3769.8787,3766.3257
142129000,3846.0888,4686000,69442300,9540724900,122730297500,3769.8787,3854.4292,3769.8787,3766.3257
142135000,3846.2632,4177100,57937500,9544902000,122788235000,3769.8787,3854.4292,3769.8787,3766.3257
142139000,3846.403,2739200,47005500,9547641200,122835240500,3769.8787,3854.4292,3769.8787,3766.3257
142145000,3846.8236,5368400,68373500,9553009600,122903614000,3769.8787,3854.4292,3769.8787,3766.3257
142150000,3846.702,3348600,50043700,9556358200,122953657700,3769.8787,3854.4292,3769.8787,3766.3257
142154000,3846.4633,4664400,53573400,9561022600,123007231100,3769.8787,3854.4292,3769.8787,3766.3257
142200000,3846.5437,3257300,46462700,9564279900,123053693800,3769.8787,3854.4292,3769.8787,3766.3257
142205000,3846.4197,3716300,48534200,9567996200,123102228000,3769.8787,3854.4292,3769.8787,3766.3257
142209000,3847.1819,3974200,47397500,9571970400,123149625500,3769.8787,3854.4292,3769.8787,3766.3257
142215000,3846.9527,3926800,47206500,9575897200,123196832000,3769.8787,3854.4292,3769.8787,3766.3257
142220000,3846.4817,3463100,47551200,9579360300,123244383200,3769.8787,3854.4292,3769.8787,3766.3257
142224000,3846.4792,4073400,50129200,9583433700,123294512400,3769.8787,3854.4292,3769.8787,3766.3257
142230000,3846.9847,2871500,43014200,9586305200,123337526600,3769.8787,3854.4292,3769.8787,3766.3257
142235000,3846.6826,2993900,44073000,9589299100,123381599600,3769.8787,3854.4292,3769.8787,3766.3257
142239000,3846.6952,2697900,39938900,9591997000,123421538500,3769.8787,3854.4292,3769.8787,3766.3257
142245000,3846.4243,3530900,43799900,9595527900,123465338400,3769.8787,3854.4292,3769.8787,3766.3257
142250000,3846.3041,3571800,48021900,9599099700,123513360300,3769.8787,3854.4292,3769.8787,3766.3257
142254000,3846.1289,3392500,34566600,9602492200,123547926900,3769.8787,3854.4292,3769.8787,3766.3257
142300000,3845.7154,2608100,38563400,9605100300,123586490300,3769.8787,3854.4292,3769.8787,3766.3257
142305000,3845.5522,6260300,62469300,9611360600,123648959600,3769.8787,3854.4292,3769.8787,3766.3257
142309000,3845.7582,3055500,33111400,9614416100,123682071000,3769.8787,3854.4292,3769.8787,3766.3257
142315000,3845.9063,3288000,40395000,9617704100,123722466000,3769.8787,3854.4292,3769.8787,3766.3257
142320000,3846.3021,3063500,49607300,9620767600,123772073300,3769.8787,3854.4292,3769.8787,3766.3257
142324000,3846.5757,2008900,30447100,9622776500,123802520400,3769.8787,3854.4292,3769.8787,3766.3257
142330000,3846.1152,3710900,41358300,9626487400,123843878700,3769.8787,3854.4292,3769.8787,3766.3257
142335000,3845.8625,4330500,49975900,9630817900,123893854600,3769.8787,3854.4292,3769.8787,3766.3257
142339000,3845.8151,2228100,41705400,9633046000,123935560000,3769.8787,3854.4292,3769.8787,3766.3257
142344000,3846.057,2743900,37464700,9635789900,123973024700,3769.8787,3854.4292,3769.8787,3766.3257
142350000,3845.7342,3669600,49040600,9639459500,124022065300,3769.8787,3854.4292,3769.8787,3766.3257
142354000,3845.5874,3049100,37420600,9642508600,124059485900,3769.8787,3854.4292,3769.8787,3766.3257
142400000,3845.4841,2167800,30909100,9644676400,124090395000,3769.8787,3854.4292,3769.8787,3766.3257
142405000,3845.3043,3903200,59727900,9648579600,124150122900,3769.8787,3854.4292,3769.8787,3766.3257
142409000,3845.6452,3794000,41995800,9652373600,124192118700,3769.8787,3854.4292,3769.8787,3766.3257
142415000,3845.5541,2298000,34329300,9654671600,124226448000,3769.8787,3854.4292,3769.8787,3766.3257
142420000,3845.3367,2585200,34441400,9657256800,124260889400,3769.8787,3854.4292,3769.8787,3766.3257
142424000,3844.9357,3367200,45203400,9660624000,124306092800,3769.8787,3854.4292,3769.8787,3766.3257
142430000,3845.2613,2644200,34540200,9663268200,124340633000,3769.8787,3854.4292,3769.8787,3766.3257
142435000,3845.2738,3452400,46774600,9666720600,124387407600,3769.8787,3854.4292,3769.8787,3766.3257
142439000,3845.1881,1844900,33925700,9668565500,124421333300,3769.8787,3854.4292,3769.8787,3766.3257
142445000,3844.9579,2456900,35213800,9671022400,124456547100,3769.8787,3854.4292,3769.8787,3766.3257
142450000,3844.1851,2874900,36936200,9673897300,124493483300,3769.8787,3854.4292,3769.8787,3766.3257
142454000,3845.0752,2407600,34785000,9676304900,124528268300,3769.8787,3854.4292,3769.8787,3766.3257
142500000,3844.4972,1838600,28434300,9678143500,124556702600,3769.8787,3854.4292,3769.8787,3766.3257
142505000,3845.0073,2731500,40583800,9680875000,124597286400,3769.8787,3854.4292,3769.8787,3766.3257
142509000,3844.6606,2996700,40753500,9683871700,124638039900,3769.8787,3854.4292,3769.8787,3766.3257
142515000,3845.1404,2957000,40049800,9686828700,124678089700,3769.8787,3854.4292,3769.8787,3766.3257
142520000,3844.7446,1958500,23486500,9688787200,124701576200,3769.8787,3854.4292,3769.8787,3766.3257
142524000,3844.544,2818200,36438500,9691605400,124738014700,3769.8787,3854.4292,3769.8787,3766.3257
142530000,3844.5886,3374100,46143500,9694979500,124784158200,3769.8787,3854.4292,3769.8787,3766.3257
142535000,3845.1248,2363100,31329600,9697342600,124815487800,3769.8787,3854.4292,3769.8787,3766.3257
142541000,3844.9865,3626200,45925200,9700968800,124861413000,3769.8787,3854.4292,3769.8787,3766.3257
142545000,3844.7315,4569500,41953700,9705538300,124903366700,3769.8787,3854.4292,3769.8787,3766.3257
142551000,3844.1728,2471100,30831500,9708009400,124934198200,3769.8787,3854.4292,3769.8787,3766.3257
142556000,3844.0893,2110000,31733900,9710119400,124965932100,3769.8787,3854.4292,3769.8787,3766.3257
142600000,3844.1061,2864200,33705000,9712983600,124999637100,3769.8787,3854.4292,3769.8787,3766.3257
142606000,3844.1275,3182700,39180600,9716166300,125038817700,3769.8787,3854.4292,3769.8787,3766.3257
142611000,3844.0006,6096000,57696900,9722262300,125096514600,3769.8787,3854.4292,3769.8787,3766.3257
142615000,3843.7718,2290900,32860400,9724553200,125129375000,3769.8787,3854.4292,3769.8787,3766.3257
142621000,3843.987,2724300,37701200,9727277500,125167076200,3769.8787,3854.4292,3769.8787,3766.3257
142626000,3843.5214,2691300,44651600,9729968800,125211727800,3769.8787,3854.4292,3769.8787,3766.3257
142630000,3843.9115,2139600,32342300,9732108400,125244070100,3769.8787,3854.4292,3769.8787,3766.3257
142636000,3843.3289,2344600,31138800,9734453000,125275208900,3769.8787,3854.4292,3769.8787,3766.3257
142641000,3843.3564,3104100,51412300,9737557100,125326621200,3769.8787,3854.4292,3769.8787,3766.3257
142645000,3843.6073,3330300,46230600,9740887400,125372851800,3769.8787,3854.4292,3769.8787,3766.3257
142651000,3842.5016,2286900,36486500,9743174300,125409338300,3769.8787,3854.4292,3769.8787,3766.3257
142656000,3842.5149,2960100,40636300,9746134400,125449974600,3769.8787,3854.4292,3769.8787,3766.3257
142700000,3842.4382,2967700,35945100,9749102100,125485919700,3769.8787,3854.4292,3769.8787,3766.3257
142706000,3842.3312,1918300,22190100,9751020400,125508109800,3769.8787,3854.4292,3769.8787,3766.3257
142711000,3842.2204,2865400,38303500,9753885800,125546413300,3769.8787,3854.4292,3769.8787,3766.3257
142715000,3842.1204,5701900,52656000,9759587700,125599069300,3769.8787,3854.4292,3769.8787,3766.3257
142721000,3842.3793,2289900,35240400,9761877600,125634309700,3769.8787,3854.4292,3769.8787,3766.3257
142726000,3842.2252,2884100,37196100,9764761700,125671505800,3769.8787,3854.4292,3769.8787,3766.3257
142730000,3842.2416,2314500,30008400,9767076200,125701514200,3769.8787,3854.4292,3769.8787,3766.3257
142736000,3842.3128,2140300,29608100,9769216500,125731122300,3769.8787,3854.4292,3769.8787,3766.3257
142741000,3842.5294,2604000,42101000,9771820500,125773223300,3769.8787,3854.4292,3769.8787,3766.3257
142745000,3842.1974,2129500,31709500,9773950000,125804932800,3769.8787,3854.4292,3769.8787,3766.3257
142751000,3841.6111,3406100,33112000,9777356100,125838044800,3769.8787,3854.4292,3769.8787,3766.3257
142756000,3842.0537,3607900,36666300,9780964000,125874711100,3769.8787,3854.4292,3769.8787,3766.3257
142800000,3841.9896,1808200,35725500,9782772200,125910436600,3769.8787,3854.4292,3769.8787,3766.3257
142806000,3841.7187,2225300,29821200,9784997500,125940257800,3769.8787,3854.4292,3769.8787,3766.3257
142811000,3841.7382,2926200,47223200,9787923700,125987481000,3769.8787,3854.4292,3769.8787,3766.3257
142815000,3842.0004,1540600,29486100,9789464300,126016967100,3769.8787,3854.4292,3769.8787,3766.3257
142821000,3842.1631,8319900,54372800,9797784200,126071339900,3769.8787,3854.4292,3769.8787,3766.3257
142826000,3841.7998,2344700,38346100,9800128900,126109686000,3769.8787,3854.4292,3769.8787,3766.3257
142830000,3841.5984,2675400,33453400,9802804300,126143139400,3769.8787,3854.4292,3769.8787,3766.3257
142836000,3842.4819,3023900,36098600,9805828200,126179238000,3769.8787,3854.4292,3769.8787,3766.3257
142841000,3841.6505,2439600,46233900,9808267800,126225471900,3769.8787,3854.4292,3769.8787,3766.3257
142845000,3841.8709,2369600,33042200,9810637400,126258514100,3769.8787,3854.4292,3769.8787,3766.3257
142851000,3840.9934,2938000,35303200,9813575400,126293817300,3769.8787,3854.4292,3769.8787,3766.3257
142856000,3841.1101,2255600,27965500,9815831000,126321782800,3769.8787,3854.4292,3769.8787,3766.3257
142900000,3841.3827,1824600,28202600,9817655600,126349985400,3769.8787,3854.4292,3769.8787,3766.3257
142906000,3841.2007,2680700,31095500,9820336300,126381080900,3769.8787,3854.4292,3769.8787,3766.3257
142911000,3841.0738,2258200,29391300,9822594500,126410472200,3769.8787,3854.4292,3769.8787,3766.3257
142915000,3840.8723,2287800,37775600,9824882300,126448247800,3769.8787,3854.4292,3769.8787,3766.3257
142921000,3841.3653,3123300,43327200,9828005600,126491575000,3769.8787,3854.4292,3769.8787,3766.3257
142926000,3841.6524,2456900,26950200,9830462500,126518525200,3769.8787,3854.4292,3769.8787,3766.3257
142930000,3841.5237,4297400,43687200,9834759900,126562212400,3769.8787,3854.4292,3769.8787,3766.3257
142936000,3841.3687,2819600,30621900,9837579500,126592834300,3769.8787,3854.4292,3769.8787,3766.3257
142941000,3841.5317,1950600,28167100,9839530100,126621001400,3769.8787,3854.4292,3769.8787,3766.3257
142947000,3841.3037,3121800,35756200,9842651900,126656757600,3769.8787,3854.4292,3769.8787,3766.3257
142951000,3841.3441,2139400,34188800,9844791300,126690946400,3769.8787,3854.4292,3769.8787,3766.3257
142957000,3841.2571,1707800,23243500,9846499100,126714189900,3769.8787,3854.4292,3769.8787,3766.3257
143002000,3841.0101,1700300,30084500,9848199400,126744274400,3769.8787,3854.4292,3769.8787,3766.3257
143006000,3840.8315,2091500,30000700,9850290900,126774275100,3769.8787,3854.4292,3769.8787,3766.3257
143012000,3841.4121,2930100,37158200,9853221000,126811433300,3769.8787,3854.4292,3769.8787,3766.3257
143017000,3840.6799,2800500,37989000,9856021500,126849422300,3769.8787,3854.4292,3769.8787,3766.3257
143021000,3841.1657,2913800,38462300,9858935300,126887884600,3769.8787,3854.4292,3769.8787,3766.3257
143027000,3840.7267,2271900,30985900,9861207200,126918870500,3769.8787,3854.4292,3769.8787,3766.3257
143032000,3840.5761,2608400,32964500,9863815600,126951835000,3769.8787,3854.4292,3769.8787,3766.3257
143036000,3840.1957,4064400,52865100,9867880000,127004700100,3769.8787,3854.4292,3769.8787,3766.3257
143042000,3840.0175,3391000,38767700,9871271000,127043467800,3769.8787,3854.4292,3769.8787,3766.3257
143047000,3840.0827,3110900,47468000,9874381900,127090935800,3769.8787,3854.4292,3769.8787,3766.3257
143051000,3839.7368,2365300,35851400,9876747200,127126787200,3769.8787,3854.4292,3769.8787,3766.3257
143057000,3839.8257,3623000,48985300,9880370200,127175772500,3769.8787,3854.4292,3769.8787,3766.3257
143102000,3839.6265,2480100,34871300,9882850300,127210643800,3769.8787,3854.4292,3769.8787,3766.3257
143106000,3839.3601,3289200,42058000,9886139500,127252701800,3769.8787,3854.4292,3769.8787,3766.3257
143112000,3839.6798,7026200,67590700,9893165700,127320292500,3769.8787,3854.4292,3769.8787,3766.3257
143117000,3839.3991,4715800,49070600,9897881500,127369363100,3769.8787,3854.4292,3769.8787,3766.3257
143121000,3838.7917,2258700,31240200,9900140200,127400603300,3769.8787,3854.4292,3769.8787,3766.3257
143127000,3838.5079,6605900,57349200,9906746100,127457952500,3769.8787,3854.4292,3769.8787,3766.3257
143132000,3838.8748,3855700,53329800,9910601800,127511282300,3769.8787,3854.4292,3769.8787,3766.3257
143136000,3838.3067,3406600,41786200,9914008400,127553068500,3769.8787,3854.4292,3769.8787,3766.3257
143142000,3838.7264,2863500,35172600,9916871900,127588241100,3769.8787,3854.4292,3769.8787,3766.3257
143147000,3837.6722,4559000,61072200,9921430900,127649313300,3769.8787,3854.4292,3769.8787,3766.3257
143151000,3837.8137,4379000,44025200,9925809900,127693338500,3769.8787,3854.4292,3769.8787,3766.3257
143157000,3837.6958,2605300,31926500,9928415200,127725265000,3769.8787,3854.4292,3769.8787,3766.3257
143202000,3837.5544,3244300,53415000,9931659500,127778680000,3769.8787,3854.4292,3769.8787,3766.3257
143206000,3837.4143,3508400,38726400,9935167900,127817406400,3769.8787,3854.4292,3769.8787,3766.3257
143212000,3837.5245,5913600,65271500,9941081500,127882677900,3769.8787,3854.4292,3769.8787,3766.3257
143217000,3838.2038,3923100,53050600,9945004600,127935728500,3769.8787,3854.4292,3769.8787,3766.3257
143221000,3837.7724,3757900,52118500,9948762500,127987847000,3769.8787,3854.4292,3769.8787,3766.3257
143227000,3837.898,2346000,29740900,9951108500,128017587900,3769.8787,3854.4292,3769.8787,3766.3257
143232000,3838.0571,8704500,63266300,9959813000,128080854200,3769.8787,3854.4292,3769.8787,3766.3257
143236000,3837.7028,3383500,37054600,9963196500,128117908800,3769.8787,3854.4292,3769.8787,3766.3257
143242000,3837.6715,4026000,48076100,9967222500,128165984900,3769.8787,3854.4292,3769.8787,3766.3257
143247000,3837.5978,5405200,65046800,9972627700,128231031700,3769.8787,3854.4292,3769.8787,3766.3257
143251000,3836.8774,4838300,54737000,9977466000,128285768700,3769.8787,3854.4292,3769.8787,3766.3257
143257000,3836.9042,3676300,38813200,9981142300,128324581900,3769.8787,3854.4292,3769.8787,3766.3257
143302000,3836.9272,5225500,52774700,9986367800,128377356600,3769.8787,3854.4292,3769.8787,3766.3257
143306000,3836.5271,4413900,41138000,9990781700,128418494600,3769.8787,3854.4292,3769.8787,3766.3257
143312000,3836.5592,6810100,60417100,9997591800,128478911700,3769.8787,3854.4292,3769.8787,3766.3257
143317000,3836.8745,7417900,64765100,10005009700,128543676800,3769.8787,3854.4292,3769.8787,3766.3257
143321000,3836.1815,5218800,61205100,10010228500,128604881900,3769.8787,3854.4292,3769.8787,3766.3257
143327000,3836.1515,3355100,41453100,10013583600,128646335000,3769.8787,3854.4292,3769.8787,3766.3257
143332000,3836.5294,5197500,68957200,10018781100,128715292200,3769.8787,3854.4292,3769.8787,3766.3257
143336000,3836.5125,5683900,59180400,10024465000,128774472600,3769.8787,3854.4292,3769.8787,3766.3257
143342000,3836.4493,2951400,34537900,10027416400,128809010500,3769.8787,3854.4292,3769.8787,3766.3257
143347000,3835.5936,7909400,74835000,10035325800,128883845500,3769.8787,3854.4292,3769.8787,3766.3257
143351000,3834.9867,2718900,44584900,10038044700,128928430400,3769.8787,3854.4292,3769.8787,3766.3257
143357000,3834.5796,3981100,58343400,10042025800,128986773800,3769.8787,3854.4292,3769.8787,3766.3257
143402000,3834.1716,3158300,36634300,10045184100,129023408100,3769.8787,3854.4292,3769.8787,3766.3257
143408000,3833.8301,6408600,70324700,10051592700,129093732800,3769.8787,3854.4292,3769.8787,3766.3257
143412000,3833.5966,2764200,39293100,10054356900,129133025900,3769.8787,3854.4292,3769.8787,3766.3257
143418000,3833.7137,7229800,72033400,10061586700,129205059300,3769.8787,3854.4292,3769.8787,3766.3257
143423000,3833.7705,7994600,71470900,10069581300,129276530200,3769.8787,3854.4292,3769.8787,3766.3257
143427000,3833.6322,6396000,62296900,10075977300,129338827100,3769.8787,3854.4292,3769.8787,3766.3257
143433000,3833.9221,3180300,43383300,10079157600,129382210400,3769.8787,3854.4292,3769.8787,3766.3257
143438000,3833.8473,5528900,55508300,10084686500,129437718700,3769.8787,3854.4292,3769.8787,3766.3257
143442000,3833.6637,1978500,32403400,10086665000,129470122100,3769.8787,3854.4292,3769.8787,3766.3257
143448000,3833.5622,5322100,55470400,10091987100,129525592500,3769.8787,3854.4292,3769.8787,3766.3257
143453000,3833.1736,2892100,37903200,10094879200,129563495700,3769.8787,3854.4292,3769.8787,3766.3257
143457000,3832.7219,3542000,43051600,10098421200,129606547300,3769.8787,3854.4292,3769.8787,3766.3257
143503000,3832.8948,2485100,34986100,10100906300,129641533400,3769.8787,3854.4292,3769.8787,3766.3257
143508000,3833.0571,5454900,56211500,10106361200,129697744900,3769.8787,3854.4292,3769.8787,3766.3257
143512000,3832.6808,4088700,46726800,10110449900,129744471700,3769.8787,3854.4292,3769.8787,3766.3257
143518000,3833.0277,3398000,41986300,10113847900,129786458000,3769.8787,3854.4292,3769.8787,3766.3257
143523000,3832.5722,9985200,91905000,10123833100,129878363000,3769.8787,3854.4292,3769.8787,3766.3257
143527000,3832.5433,4490200,55137800,10128323300,129933500800,3769.8787,3854.4292,3769.8787,3766.3257
143533000,3832.7819,4599000,49061000,10132922300,129982561800,3769.8787,3854.4292,3769.8787,3766.3257
143538000,3833.3317,4759100,51688700,10137681400,130034250500,3769.8787,3854.4292,3769.8787,3766.3257
143542000,3832.8482,3621700,46420000,10141303100,130080670500,3769.8787,3854.4292,3769.8787,3766.3257
143548000,3832.3867,2328000,31928300,10143631100,130112598800,3769.8787,3854.4292,3769.8787,3766.3257
143553000,3832.3766,4712000,55663900,10148343100,130168262700,3769.8787,3854.4292,3769.8787,3766.3257
143557000,3832.7256,4402700,51950200,10152745800,130220212900,3769.8787,3854.4292,3769.8787,3766.3257
143603000,3832.9803,3768200,57826600,10156514000,130278039500,3769.8787,3854.4292,3769.8787,3766.3257
143608000,3832.9756,6396800,69690900,10162910800,130347730400,3769.8787,3854.4292,3769.8787,3766.3257
143612000,3832.683,3541700,40684200,10166452500,130388414600,3769.8787,3854.4292,3769.8787,3766.3257
143618000,3832.9972,3837900,39971900,10170290400,130428386500,3769.8787,3854.4292,3769.8787,3766.3257
143623000,3832.6714,4819300,57918500,10175109700,130486305000,3769.8787,3854.4292,3769.8787,3766.3257
143627000,3832.9289,3510900,39583400,10178620600,130525888400,3769.8787,3854.4292,3769.8787,3766.3257
143633000,3832.9419,4264500,47640400,10182885100,130573528800,3769.8787,3854.4292,3769.8787,3766.3257
143638000,3833.5109,3168300,40352600,10186053400,130613881400,3769.8787,3854.4292,3769.8787,3766.3257
143642000,3832.984,3417700,41882800,10189471100,130655764200,3769.8787,3854.4292,3769.8787,3766.3257
143648000,3833.9787,2330400,29236200,10191801500,130685000400,3769.8787,3854.4292,3769.8787,3766.3257
143653000,3833.498,3158300,45145100,10194959800,130730145500,3769.8787,3854.4292,3769.8787,3766.3257
143657000,3833.6048,4932800,54664800,10199892600,130784810300,3769.8787,3854.4292,3769.8787,3766.3257
143703000,3833.4824,2786300,39795900,10202678900,130824606200,3769.8787,3854.4292,3769.8787,3766.3257
143708000,3833.321,2648600,40187900,10205327500,130864794100,3769.8787,3854.4292,3769.8787,3766.3257
143712000,3833.3689,4537700,43779800,10209865200,130908573900,3769.8787,3854.4292,3769.8787,3766.3257
143718000,3834.109,2219400,28442800,10212084600,130937016700,3769.8787,3854.4292,3769.8787,3766.3257
143723000,3833.7253,2553000,38114200,10214637600,130975130900,3769.8787,3854.4292,3769.8787,3766.3257
143727000,3834.0203,3529800,46083000,10218167400,131021213900,3769.8787,3854.4292,3769.8787,3766.3257
143733000,3833.9243,2532400,36613400,10220699800,131057827300,3769.8787,3854.4292,3769.8787,3766.3257
143738000,3833.729,3223200,42922100,10223923000,131100749400,3769.8787,3854.4292,3769.8787,3766.3257
143742000,3834.1787,5890900,49984500,10229813900,131150733900,3769.8787,3854.4292,3769.8787,3766.3257
143748000,3834.2239,2829700,33677800,10232643600,131184411700,3769.8787,3854.4292,3769.8787,3766.3257
143753000,3834.4515,2605800,35918400,10235249400,131220330100,3769.8787,3854.4292,3769.8787,3766.3257
143757000,3834.0161,3046000,40227500,10238295400,131260557600,3769.8787,3854.4292,3769.8787,3766.3257
143803000,3834.6831,3181800,42440400,10241477200,131302998000,3769.8787,3854.4292,3769.8787,3766.3257
143809000,3834.2856,3843000,47886200,10245320200,131350884200,3769.8787,3854.4292,3769.8787,3766.3257
143812000,3834.3714,4279400,48552000,10249599600,131399436200,3769.8787,3854.4292,3769.8787,3766.3257
143818000,3834.7646,4463300,64048100,10254062900,131463484300,3769.8787,3854.4292,3769.8787,3766.3257
143824000,3834.6191,2566000,31777700,10256628900,131495262000,3769.8787,3854.4292,3769.8787,3766.3257
143829000,3834.8279,2347200,29052200,10258976100,131524314200,3769.8787,3854.4292,3769.8787,3766.3257
143833000,3834.6229,2922200,40870900,10261898300,131565185100,3769.8787,3854.4292,3769.8787,3766.3257
143839000,3835.2218,3089000,43026500,10264987300,131608211600,3769.8787,3854.4292,3769.8787,3766.3257
143844000,3835.3776,4308700,55421400,10269296000,131663633000,3769.8787,3854.4292,3769.8787,3766.3257
143848000,3835.0802,4403400,47207600,10273699400,131710840600,3769.8787,3854.4292,3769.8787,3766.3257
143854000,3834.3664,2248300,32839800,10275947700,131743680400,3769.8787,3854.4292,3769.8787,3766.3257
143859000,3834.8372,3584500,46943000,10279532200,131790623400,3769.8787,3854.4292,3769.8787,3766.3257
143903000,3834.5953,2106100,28716500,10281638300,131819339900,3769.8787,3854.4292,3769.8787,3766.3257
143909000,3834.1864,4656400,52364300,10286294700,131871704200,3769.8787,3854.4292,3769.8787,3766.3257
143914000,3834.343,3988200,48187200,10290282900,131919891400,3769.8787,3854.4292,3769.8787,3766.3257
143918000,3834.1234,3862100,42068400,10294145000,131961959800,3769.8787,3854.4292,3769.8787,3766.3257
143924000,3834.0479,2635500,41191400,10296780500,132003151200,3769.8787,3854.4292,3769.8787,3766.3257
143929000,3833.9606,2654900,41579300,10299435400,132044730500,3769.8787,3854.4292,3769.8787,3766.3257
143933000,3833.8652,2126000,30072300,10301561400,132074802800,3769.8787,3854.4292,3769.8787,3766.3257
143939000,3834.0749,5079400,53147500,10306640800,132127950300,3769.8787,3854.4292,3769.8787,3766.3257
143944000,3833.8631,7064300,63642200,10313705100,132191592500,3769.8787,3854.4292,3769.8787,3766.3257
143948000,3833.8606,4177500,48842500,10317882600,132240435000,3769.8787,3854.4292,3769.8787,3766.3257
143954000,3833.7869,2537800,32320200,10320420400,132272755200,3769.8787,3854.4292,3769.8787,3766.3257
143959000,3833.7919,3225100,40385600,10323645500,132313140800,3769.8787,3854.4292,3769.8787,3766.3257
144003000,3833.7085,2478200,34016100,10326123700,132347156900,3769.8787,3854.4292,3769.8787,3766.3257
144009000,3833.027,4719400,55495400,10330843100,132402652300,3769.8787,3854.4292,3769.8787,3766.3257
144014000,3833.1814,10012700,76927500,10340855800,132479579800,3769.8787,3854.4292,3769.8787,3766.3257
144018000,3833.1298,2797400,36903900,10343653200,132516483700,3769.8787,3854.4292,3769.8787,3766.3257
144024000,3832.9048,3570000,38314700,10347223200,132554798400,3769.8787,3854.4292,3769.8787,3766.3257
144029000,3832.8485,3310000,38639200,10350533200,132593437600,3769.8787,3854.4292,3769.8787,3766.3257
144033000,3833.0261,2413200,33918100,10352946400,132627355700,3769.8787,3854.4292,3769.8787,3766.3257
144039000,3832.3211,3976700,50008500,10356923100,132677364200,3769.8787,3854.4292,3769.8787,3766.3257
144044000,3832.229,9693400,87048500,10366616500,132764412700,3769.8787,3854.4292,3769.8787,3766.3257
144048000,3832.5048,3114200,44216700,10369730700,132808629400,3769.8787,3854.4292,3769.8787,3766.3257
144054000,3831.6326,8655400,77430500,10378386100,132886059900,3769.8787,3854.4292,3769.8787,3766.3257
144059000,3831.8283,4659300,55994300,10383045400,132942054200,3769.8787,3854.4292,3769.8787,3766.3257
144103000,3831.8784,4181900,49787800,10387227300,132991842000,3769.8787,3854.4292,3769.8787,3766.3257
144109000,3831.0823,4973700,59843300,10392201000,133051685300,3769.8787,3854.4292,3769.8787,3766.3257
144114000,3831.1091,12114600,101075900,10404315600,133152761200,3769.8787,3854.4292,3769.8787,3766.3257
144118000,3830.8002,2575600,42468000,10406891200,133195229200,3769.8787,3854.4292,3769.8787,3766.3257
144124000,3830.5319,7207800,63778900,10414099000,133259008100,3769.8787,3854.4292,3769.8787,3766.3257
144129000,3830.7253,3480700,44535500,10417579700,133303543600,3769.8787,3854.4292,3769.8787,3766.3257
144133000,3830.3538,4011000,50020400,10421590700,133353564000,3769.8787,3854.4292,3769.8787,3766.3257
144139000,3829.8787,5770300,64809200,10427361000,133418373200,3769.8787,3854.4292,3769.8787,3766.3257
144144000,3829.7827,9691500,86286700,10437052500,133504659900,3769.8787,3854.4292,3769.8787,3766.3257
144148000,3829.2435,6832000,73183400,10443884500,133577843300,3769.8787,3854.4292,3769.8787,3766.3257
144154000,3829.2107,5618300,67830800,10449502800,133645674100,3769.8787,3854.4292,3769.8787,3766.3257
144159000,3829.1616,11286200,89998900,10460789000,133735673000,3769.8787,3854.4292,3769.8787,3766.3257
144203000,3828.9016,5016100,57781900,10465805100,133793454900,3769.8787,3854.4292,3769.8787,3766.3257
144209000,3828.798,4846300,56468700,10470651400,133849923600,3769.8787,3854.4292,3769.8787,3766.3257
144214000,3828.8009,5497500,57822500,10476148900,133907746100,3769.8787,3854.4292,3769.8787,3766.3257
144218000,3828.7289,4820800,50099800,10480969700,133957845900,3769.8787,3854.4292,3769.8787,3766.3257
144224000,3828.1753,10189400,97020800,10491159100,134054866700,3769.8787,3854.4292,3769.8787,3766.3257
144230000,3828.3059,9083100,77074400,10500242200,134131941100,3769.8787,3854.4292,3769.8787,3766.3257
144235000,3828.5358,4985400,60382700,10505227600,134192323800,3769.8787,3854.4292,3769.8787,3766.3257
144239000,3828.4311,3632600,58032900,10508860200,134250356700,3769.8787,3854.4292,3769.8787,3766.3257
144245000,3829.4715,6947200,92449100,10515807400,134342805800,3769.8787,3854.4292,3769.8787,3766.3257
144250000,3829.5563,9378300,97068900,10525185700,134439874700,3769.8787,3854.4292,3769.8787,3766.3257
144254000,3829.7963,9568900,115726900,10534754600,134555601600,3769.8787,3854.4292,3769.8787,3766.3257
144300000,3830.993,5254900,59613400,10540009500,134615215000,3769.8787,3854.4292,3769.8787,3766.3257
144305000,3830.3073,4578800,55889700,10544588300,134671104700,3769.8787,3854.4292,3769.8787,3766.3257
144309000,3829.8404,8005900,60628200,10552594200,134731732900,3769.8787,3854.4292,3769.8787,3766.3257
144315000,3830.3958,4284300,42212700,10556878500,134773945600,3769.8787,3854.4292,3769.8787,3766.3257
144320000,3830.3765,4609500,52704300,10561488000,134826649900,3769.8787,3854.4292,3769.8787,3766.3257
144324000,3830.9143,4761000,51510700,10566249000,134878160600,3769.8787,3854.4292,3769.8787,3766.3257
144330000,3830.9566,2383900,33797300,10568632900,134911957900,3769.8787,3854.4292,3769.8787,3766.3257
144335000,3830.77,3476800,40089500,10572109700,134952047400,3769.8787,3854.4292,3769.8787,3766.3257
144339000,3830.9733,2990200,38159000,10575099900,134990206400,3769.8787,3854.4292,3769.8787,3766.3257
144345000,3830.8158,4829000,47522400,10579928900,135037728800,3769.8787,3854.4292,3769.8787,3766.3257
144350000,3831.133,4468800,54483600,10584397700,135092212400,3769.8787,3854.4292,3769.8787,3766.3257
144354000,3831.0204,3510700,40327300,10587908400,135132539700,3769.8787,3854.4292,3769.8787,3766.3257
144400000,3831.1256,3487800,42400500,10591396200,135174940200,3769.8787,3854.4292,3769.8787,3766.3257
144405000,3831.2913,6564800,65979400,10597961000,135240919600,3769.8787,3854.4292,3769.8787,3766.3257
144409000,3831.4237,2886900,40044900,10600847900,135280964500,3769.8787,3854.4292,3769.8787,3766.3257
144415000,3831.8434,3771800,40659700,10604619700,135321624200,3769.8787,3854.4292,3769.8787,3766.3257
144420000,3831.9352,2927600,43098000,10607547300,135364722200,3769.8787,3854.4292,3769.8787,3766.3257
144424000,3831.5827,2867500,40283400,10610414800,135405005600,3769.8787,3854.4292,3769.8787,3766.3257
144430000,3832.0662,3715300,45480100,10614130100,135450485700,3769.8787,3854.4292,3769.8787,3766.3257
144435000,3831.9983,3213600,46622100,10617343700,135497107800,3769.8787,3854.4292,3769.8787,3766.3257
144439000,3833.1583,3830800,48712400,10621174500,135545820200,3769.8787,3854.4292,3769.8787,3766.3257
144445000,3832.7768,4274500,47251100,10625449000,135593071300,3769.8787,3854.4292,3769.8787,3766.3257
144450000,3832.9095,3387400,45718000,10628836400,135638789300,3769.8787,3854.4292,3769.8787,3766.3257
144454000,3832.6356,2502000,41535200,10631338400,135680324500,3769.8787,3854.4292,3769.8787,3766.3257
144500000,3832.3967,3007500,41065400,10634345900,135721389900,3769.8787,3854.4292,3769.8787,3766.3257
144505000,3832.6272,3668000,54156000,10638013900,135775545900,3769.8787,3854.4292,3769.8787,3766.3257
144509000,3832.7226,3854600,46259300,10641868500,135821805200,3769.8787,3854.4292,3769.8787,3766.3257
144515000,3833.671,3144000,47014500,10645012500,135868819700,3769.8787,3854.4292,3769.8787,3766.3257
144520000,3833.1801,3348900,42617500,10648361400,135911437200,3769.8787,3854.4292,3769.8787,3766.3257
144524000,3833.301,2869100,41579000,10651230500,135953016200,3769.8787,3854.4292,3769.8787,3766.3257
144530000,3833.7018,2500700,35036400,10653731200,135988052600,3769.8787,3854.4292,3769.8787,3766.3257
144535000,3833.7772,3510500,48863800,10657241700,136036916400,3769.8787,3854.4292,3769.8787,3766.3257
144539000,3833.4728,2662500,35609100,10659904200,136072525500,3769.8787,3854.4292,3769.8787,3766.3257
144545000,3833.9292,2072900,27560900,10661977100,136100086400,3769.8787,3854.4292,3769.8787,3766.3257
144550000,3833.9743,4424500,52227400,10666401600,136152313800,3769.8787,3854.4292,3769.8787,3766.3257
144554000,3833.7027,3105500,41953200,10669507100,136194267000,3769.8787,3854.4292,3769.8787,3766.3257
144600000,3834.4074,2788700,36499500,10672295800,136230766500,3769.8787,3854.4292,3769.8787,3766.3257
144605000,3834.2768,3341200,41210300,10675637000,136271976800,3769.8787,3854.4292,3769.8787,3766.3257
144609000,3834.4369,3041300,41936300,10678678300,136313913100,3769.8787,3854.4292,3769.8787,3766.3257
144615000,3834.5658,2591000,31727100,10681269300,136345640200,3769.8787,3854.4292,3769.8787,3766.3257
144620000,3834.3897,2227200,32641200,10683496500,136378281400,3769.8787,3854.4292,3769.8787,3766.3257
144624000,3834.2106,1875700,29187800,10685372200,136407469200,3769.8787,3854.4292,3769.8787,3766.3257
144630000,3834.2805,2901200,42784700,10688273400,136450253900,3769.8787,3854.4292,3769.8787,3766.3257
144635000,3834.7293,2157400,24278100,10690430800,136474532000,3769.8787,3854.4292,3769.8787,3766.3257
144641000,3834.6237,4266300,49474600,10694697100,136524006600,3769.8787,3854.4292,3769.8787,3766.3257
144645000,3834.8496,1780800,22232800,10696477900,136546239400,3769.8787,3854.4292,3769.8787,3766.3257
144651000,3834.9059,2486900,33947300,10698964800,136580186700,3769.8787,3854.4292,3769.8787,3766.3257
144656000,3835.052,5841500,52902000,10704806300,136633088700,3769.8787,3854.4292,3769.8787,3766.3257
144700000,3834.7281,2867100,34548200,10707673400,136667636900,3769.8787,3854.4292,3769.8787,3766.3257
144706000,3834.5024,2487800,35644600,10710161200,136703281500,3769.8787,3854.4292,3769.8787,3766.3257
144711000,3834.5424,3179200,40203900,10713340400,136743485400,3769.8787,3854.4292,3769.8787,3766.3257
144715000,3834.7993,2750400,33646200,10716090800,136777131600,3769.8787,3854.4292,3769.8787,3766.3257
144721000,3835.0964,2120000,29249400,10718210800,136806381000,3769.8787,3854.4292,3769.8787,3766.3257
144726000,3835.0925,2953100,42010200,10721163900,136848391200,3769.8787,3854.4292,3769.8787,3766.3257
144730000,3835.0056,2791000,35442100,10723954900,136883833300,3769.8787,3854.4292,3769.8787,3766.3257
144736000,3835.23,2438000,32435100,10726392900,136916268400,3769.8787,3854.4292,3769.8787,3766.3257
144741000,3835.4364,4318600,45579500,10730711500,136961847900,3769.8787,3854.4292,3769.8787,3766.3257
144745000,3834.9631,2864300,33906200,10733575800,136995754100,3769.8787,3854.4292,3769.8787,3766.3257
144751000,3834.7237,2843400,34746000,10736419200,137030500100,3769.8787,3854.4292,3769.8787,3766.3257
144756000,3835.2831,3200000,43457000,10739619200,137073957100,3769.8787,3854.4292,3769.8787,3766.3257
144800000,3835.1095,6932800,52142000,10746552000,137126099100,3769.8787,3854.4292,3769.8787,3766.3257
144806000,3834.9509,4034500,45080800,10750586500,137171179900,3769.8787,3854.4292,3769.8787,3766.3257
144811000,3835.0409,3454200,43007300,10754040700,137214187200,3769.8787,3854.4292,3769.8787,3766.3257
144815000,3835.35,2635000,40989200,10756675700,137255176400,3769.8787,3854.4292,3769.8787,3766.3257
144821000,3835.423,2790800,33818800,10759466500,137288995200,3769.8787,3854.4292,3769.8787,3766.3257
144826000,3835.4667,2967600,44530800,10762434100,137333526000,3769.8787,3854.4292,3769.8787,3766.3257
144830000,3835.3253,2836100,34499700,10765270200,137368025700,3769.8787,3854.4292,3769.8787,3766.3257
144836000,3835.2904,3387300,41473900,10768657500,137409499600,3769.8787,3854.4292,3769.8787,3766.3257
144841000,3834.9785,2910300,40825300,10771567800,137450324900,3769.8787,3854.4292,3769.8787,3766.3257
144845000,3835.8065,3395500,37166900,10774963300,137487491800,3769.8787,3854.4292,3769.8787,3766.3257
144851000,3835.7201,2434400,33679300,10777397700,137521171100,3769.8787,3854.4292,3769.8787,3766.3257
144856000,3835.7288,2384400,38564200,10779782100,137559735300,3769.8787,3854.4292,3769.8787,3766.3257
144900000,3835.8047,2801600,37132000,10782583700,137596867300,3769.8787,3854.4292,3769.8787,3766.3257
144906000,3835.6983,2798400,34235800,10785382100,137631103100,3769.8787,3854.4292,3769.8787,3766.3257
144911000,3835.9963,2889000,36020000,10788271100,137667123100,3769.8787,3854.4292,3769.8787,3766.3257
144915000,3836.3133,2784400,37625300,10791055500,137704748400,3769.8787,3854.4292,3769.8787,3766.3257
144921000,3836.2176,5174100,43089100,10796229600,137747837500,3769.8787,3854.4292,3769.8787,3766.3257
144926000,3836.2178,3494000,47898400,10799723600,137795735900,3769.8787,3854.4292,3769.8787,3766.3257
144930000,3836.1403,3806900,45995600,10803530500,137841731500,3769.8787,3854.4292,3769.8787,3766.3257
144936000,3836.3573,3361600,44699800,10806892100,137886431300,3769.8787,3854.4292,3769.8787,3766.3257
144941000,3836.8848,3144500,49227200,10810036600,137935658500,3769.8787,3854.4292,3769.8787,3766.3257
144945000,3836.842,2311700,37782000,10812348300,137973440500,3769.8787,3854.4292,3769.8787,3766.3257
144951000,3836.3083,2805000,38813600,10815153300,138012254100,3769.8787,3854.4292,3769.8787,3766.3257
144956000,3836.6934,3079000,50286300,10818232300,138062540400,3769.8787,3854.4292,3769.8787,3766.3257
145000000,3836.882,3052300,38139300,10821284600,138100679700,3769.8787,3854.4292,3769.8787,3766.3257
145006000,3836.6401,4858400,49392200,10826143000,138150071900,3769.8787,3854.4292,3769.8787,3766.3257
145011000,3836.7718,3870600,47930400,10830013600,138198002300,3769.8787,3854.4292,3769.8787,3766.3257
145015000,3836.9022,3245900,42857600,10833259500,138240859900,3769.8787,3854.4292,3769.8787,3766.3257
145021000,3837.697,3527300,41272400,10836786800,138282132300,3769.8787,3854.4292,3769.8787,3766.3257
145026000,3837.1122,5598700,68053300,10842385500,138350185600,3769.8787,3854.4292,3769.8787,3766.3257
145030000,3836.9736,3609800,49065400,10845995300,138399251000,3769.8787,3854.4292,3769.8787,3766.3257
145036000,3836.7279,3619000,48606600,10849614300,138447857600,3769.8787,3854.4292,3769.8787,3766.3257
145042000,3837.2076,3733400,54954700,10853347700,138502812300,3769.8787,3854.4292,3769.8787,3766.3257
145045000,3837.1756,4362600,53870300,10857710300,138556682600,3769.8787,3854.4292,3769.8787,3766.3257
145051000,3837.3049,4863100,61884900,10862573400,138618567500,3769.8787,3854.4292,3769.8787,3766.3257
145057000,3837.3479,3663600,49258300,10866237000,138667825800,3769.8787,3854.4292,3769.8787,3766.3257
145102000,3837.3549,4851000,52842400,10871088000,138720668200,3769.8787,3854.4292,3769.8787,3766.3257
145106000,3837.44,3485400,42602200,10874573400,138763270400,3769.8787,3854.4292,3769.8787,3766.3257
145112000,3837.2982,2730500,36566000,10877303900,138799836400,3769.8787,3854.4292,3769.8787,3766.3257
145117000,3837.2567,3602700,48117600,10880906600,138847954000,3769.8787,3854.4292,3769.8787,3766.3257
145121000,3837.528,3300400,43451300,10884207000,138891405300,3769.8787,3854.4292,3769.8787,3766.3257
145127000,3837.6562,4650800,68542600,10888857800,138959947900,3769.8787,3854.4292,3769.8787,3766.3257
145132000,3837.6891,4704500,56682000,10893562300,139016629900,3769.8787,3854.4292,3769.8787,3766.3257
145136000,3838.5714,4046500,47546700,10897608800,139064176600,3769.8787,3854.4292,3769.8787,3766.3257
145142000,3838.3971,5119600,57722300,10902728400,139121898900,3769.8787,3854.4292,3769.8787,3766.3257
145147000,3838.6452,5605700,68100700,10908334100,139189999600,3769.8787,3854.4292,3769.8787,3766.3257
145151000,3838.4234,4241700,57098400,10912575800,139247098000,3769.8787,3854.4292,3769.8787,3766.3257
145157000,3839.0869,4081900,61677800,10916657700,139308775800,3769.8787,3854.4292,3769.8787,3766.3257
145202000,3838.989,4484700,60446500,10921142400,139369222300,3769.8787,3854.4292,3769.8787,3766.3257
145206000,3838.9845,3841600,53106800,10924984000,139422329100,3769.8787,3854.4292,3769.8787,3766.3257
145212000,3839.0929,5688400,57929400,10930672400,139480258500,3769.8787,3854.4292,3769.8787,3766.3257
145217000,3839.1486,4616800,63666000,10935289200,139543924500,3769.8787,3854.4292,3769.8787,3766.3257
145221000,3839.2114,3747000,50784900,10939036200,139594709400,3769.8787,3854.4292,3769.8787,3766.3257
145227000,3838.9006,5597700,56352000,10944633900,139651061400,3769.8787,3854.4292,3769.8787,3766.3257
145232000,3839.2257,4971000,67495400,10949604900,139718556800,3769.8787,3854.4292,3769.8787,3766.3257
145236000,3839.3384,3921800,57477700,10953526700,139776034500,3769.8787,3854.4292,3769.8787,3766.3257
145242000,3839.3061,2996800,43696600,10956523500,139819731100,3769.8787,3854.4292,3769.8787,3766.3257
145247000,3839.2604,3846100,55413800,10960369600,139875144900,3769.8787,3854.4292,3769.8787,3766.3257
145251000,3839.438,4766000,62646600,10965135600,139937791500,3769.8787,3854.4292,3769.8787,3766.3257
145257000,3839.5954,3583800,53131100,10968719400,139990922600,3769.8787,3854.4292,3769.8787,3766.3257
145302000,3840.2229,5177700,59755000,10973897100,140050677600,3769.8787,3854.4292,3769.8787,3766.3257
145306000,3840.1449,4426500,55409200,10978323600,140106086800,3769.8787,3854.4292,3769.8787,3766.3257
145312000,3840.3308,3300400,52158300,10981624000,140158245100,3769.8787,3854.4292,3769.8787,3766.3257
145317000,3840.472,3812300,58228500,10985436300,140216473600,3769.8787,3854.4292,3769.8787,3766.3257
145321000,3840.3968,4614400,59380000,10990050700,140275853600,3769.8787,3854.4292,3769.8787,3766.3257
145327000,3840.6057,4076600,49361100,10994127300,140325214700,3769.8787,3854.4292,3769.8787,3766.3257
145332000,3840.2762,4961200,58897800,10999088500,140384112500,3769.8787,3854.4292,3769.8787,3766.3257
145336000,3840.0985,4756400,62989500,11003844900,140447102000,3769.8787,3854.4292,3769.8787,3766.3257
145342000,3840.4456,4075500,60626500,11007920400,140507728500,3769.8787,3854.4292,3769.8787,3766.3257
145347000,3840.6676,4142900,56890500,11012063300,140564619000,3769.8787,3854.4292,3769.8787,3766.3257
145351000,3840.8955,4772500,61247900,11016835800,140625866900,3769.8787,3854.4292,3769.8787,3766.3257
145357000,3840.9798,4044300,51986300,11020880100,140677853200,3769.8787,3854.4292,3769.8787,3766.3257
145402000,3841.2305,7296500,85326200,11028176600,140763179400,3769.8787,3854.4292,3769.8787,3766.3257
145406000,3841.0424,4598800,60130100,11032775400,140823309500,3769.8787,3854.4292,3769.8787,3766.3257
145412000,3841.4428,4504700,47337000,11037280100,140870646500,3769.8787,3854.4292,3769.8787,3766.3257
145417000,3841.5944,7227900,78223900,11044508000,140948870400,3769.8787,3854.4292,3769.8787,3766.3257
145421000,3841.6958,5319600,73185400,11049827600,141022055800,3769.8787,3854.4292,3769.8787,3766.3257
145427000,3841.5124,4161000,51921500,11053988600,141073977300,3769.8787,3854.4292,3769.8787,3766.3257
145432000,3841.7022,5490900,69818300,11059479500,141143795600,3769.8787,3854.4292,3769.8787,3766.3257
145436000,3842.0052,5280100,61665500,11064759600,141205461100,3769.8787,3854.4292,3769.8787,3766.3257
145442000,3841.849,4489900,56142000,11069249500,141261603100,3769.8787,3854.4292,3769.8787,3766.3257
145447000,3841.852,4079300,54393000,11073328800,141315996100,3769.8787,3854.4292,3769.8787,3766.3257
145451000,3841.8225,5078900,70709300,11078407700,141386705400,3769.8787,3854.4292,3769.8787,3766.3257
145457000,3841.3791,5645900,65276200,11084053600,141451981600,3769.8787,3854.4292,3769.8787,3766.3257
145502000,3841.9414,5234600,59268000,11089288200,141511249600,3769.8787,3854.4292,3769.8787,3766.3257
145508000,3841.8893,7007000,79008000,11096295200,141590257600,3769.8787,3854.4292,3769.8787,3766.3257
145512000,3841.7507,6627200,73128200,11102922400,141663385800,3769.8787,3854.4292,3769.8787,3766.3257
145518000,3841.5013,7001100,76289700,11109923500,141739675500,3769.8787,3854.4292,3769.8787,3766.3257
145523000,3841.8019,5175800,68995800,11115099300,141808671300,3769.8787,3854.4292,3769.8787,3766.3257
145527000,3842.0447,6181400,88318700,11121280700,141896990000,3769.8787,3854.4292,3769.8787,3766.3257
145533000,3841.5983,4557600,57881400,11125838300,141954871400,3769.8787,3854.4292,3769.8787,3766.3257
145538000,3841.7096,7582100,81186200,11133420400,142036057600,3769.8787,3854.4292,3769.8787,3766.3257
145542000,3842.0099,5996900,70715700,11139417300,142106773300,3769.8787,3854.4292,3769.8787,3766.3257
145548000,3842.044,4404200,50362100,11143821500,142157135400,3769.8787,3854.4292,3769.8787,3766.3257
145553000,3842.0973,5637600,77104200,11149459100,142234239600,3769.8787,3854.4292,3769.8787,3766.3257
145557000,3841.9816,4669000,71587200,11154128100,142305826800,3769.8787,3854.4292,3769.8787,3766.3257
145603000,3841.4553,4998400,62447900,11159126500,142368274700,3769.8787,3854.4292,3769.8787,3766.3257
145608000,3841.6364,5829500,77516600,11164956000,142445791300,3769.8787,3854.4292,3769.8787,3766.3257
145612000,3841.7704,5961800,67984000,11170917800,142513775300,3769.8787,3854.4292,3769.8787,3766.3257
145618000,3841.9895,4612700,55777600,11175530500,142569552900,3769.8787,3854.4292,3769.8787,3766.3257
145623000,3841.9709,5934200,81605400,11181464700,142651158300,3769.8787,3854.4292,3769.8787,3766.3257
145627000,3841.8582,5466300,73419700,11186931000,142724578000,3769.8787,3854.4292,3769.8787,3766.3257
145633000,3841.435,6213600,72909700,11193144600,142797487700,3769.8787,3854.4292,3769.8787,3766.3257
145638000,3841.88,7484300,86171100,11200628900,142883658800,3769.8787,3854.4292,3769.8787,3766.3257
145642000,3842.0556,4966800,59747500,11205595700,142943406300,3769.8787,3854.4292,3769.8787,3766.3257
145648000,3841.7691,4945800,65782300,11210541500,143009188600,3769.8787,3854.4292,3769.8787,3766.3257
145653000,3841.8687,5918800,82009400,11216460300,143091198000,3769.8787,3854.4292,3769.8787,3766.3257
145657000,3841.9618,5397200,69348300,11221857500,143160546300,3769.8787,3854.4292,3769.8787,3766.3257
145703000,3841.9224,4314400,57524100,11226171900,143218070400,3769.8787,3854.4292,3769.8787,3766.3257
145708000,3841.7355,3109300,39093500,11229281200,143257163900,3769.8787,3854.4292,3769.8787,3766.3257
145712000,3842.0205,2593200,27582900,11231874400,143284746800,3769.8787,3854.4292,3769.8787,3766.3257
145718000,3841.8096,4211300,49466700,11236085700,143334213500,3769.8787,3854.4292,3769.8787,3766.3257
145723000,3842.0347,2651700,36709800,11238737400,143370923300,3769.8787,3854.4292,3769.8787,3766.3257
145727000,3841.5062,2929500,36146800,11241666900,143407070100,3769.8787,3854.4292,3769.8787,3766.3257
145733000,3841.6516,3247000,47636700,11244913900,143454706800,3769.8787,3854.4292,3769.8787,3766.3257
145738000,3841.8943,2451900,32370200,11247365800,143487077000,3769.8787,3854.4292,3769.8787,3766.3257
145742000,3842.0164,3458500,38312200,11250824300,143525389200,3769.8787,3854.4292,3769.8787,3766.3257
145748000,3841.6164,4913500,62794100,11255737800,143588183300,3769.8787,3854.4292,3769.8787,3766.3257
145753000,3842.0658,4955700,59169500,11260693500,143647352800,3769.8787,3854.4292,3769.8787,3766.3257
145757000,3841.8707,2605900,40454900,11263299400,143687807700,3769.8787,3854.4292,3769.8787,3766.3257
145803000,3842.2342,3324600,46040400,11266624000,143733848100,3769.8787,3854.4292,3769.8787,3766.3257
145808000,3841.8754,4072200,54489100,11270696200,143788337200,3769.8787,3854.4292,3769.8787,3766.3257
145812000,3842.0816,3838700,48044400,11274534900,143836381600,3769.8787,3854.4292,3769.8787,3766.3257
145818000,3842.5309,4802500,58826200,11279337400,143895207800,3769.8787,3854.4292,3769.8787,3766.3257
145823000,3842.2608,3781200,46051700,11283118600,143941259500,3769.8787,3854.4292,3769.8787,3766.3257
145827000,3841.9999,3962300,46090500,11287080900,143987350000,3769.8787,3854.4292,3769.8787,3766.3257
145833000,3842.2532,5598300,66725800,11292679200,144054075800,3769.8787,3854.4292,3769.8787,3766.3257
145838000,3842.3001,5531700,51440200,11298210900,144105516000,3769.8787,3854.4292,3769.8787,3766.3257
145842000,3842.2968,4482600,48633200,11302693500,144154149200,3769.8787,3854.4292,3769.8787,3766.3257
145848000,3842.1276,4723500,54188600,11307417000,144208337800,3769.8787,3854.4292,3769.8787,3766.3257
145853000,3842.3429,5290000,52516100,11312707000,144260853900,3769.8787,3854.4292,3769.8787,3766.3257
145857000,3842.4264,5738900,57723500,11318445900,144318577400,3769.8787,3854.4292,3769.8787,3766.3257
145903000,3842.6354,3574600,55193900,11322020500,144373771300,3769.8787,3854.4292,3769.8787,3766.3257
145908000,3842.1902,4765600,61763400,11326786100,144435534700,3769.8787,3854.4292,3769.8787,3766.3257
145912000,3842.5007,3401800,43767900,11330187900,144479302600,3769.8787,3854.4292,3769.8787,3766.3257
145918000,3842.6554,6401900,71745200,11336589800,144551047800,3769.8787,3854.4292,3769.8787,3766.3257
145923000,3842.6165,5483700,61434600,11342073500,144612482400,3769.8787,3854.4292,3769.8787,3766.3257
145929000,3842.6936,6550700,83529900,11348624200,144696012300,3769.8787,3854.4292,3769.8787,3766.3257
145933000,3842.6102,4275500,46005200,11352899700,144742017500,3769.8787,3854.4292,3769.8787,3766.3257
145939000,3842.8877,6063200,78045000,11358962900,144820062500,3769.8787,3854.4292,3769.8787,3766.3257
145944000,3842.7712,3221400,40263300,11362184300,144860325800,3769.8787,3854.4292,3769.8787,3766.3257
145948000,3843.1668,3368000,40870100,11365552300,144901195900,3769.8787,3854.4292,3769.8787,3766.3257
145954000,3843.1101,5378100,69688900,11370930400,144970884800,3769.8787,3854.4292,3769.8787,3766.3257
145959000,3843.2207,4382000,51942000,11375312400,145022826800,3769.8787,3854.4292,3769.8787,3766.3257
150003000,3843.2975,39751100,564308400,11415063500,145587135200,3769.8787,3854.4292,3769.8787,3766.3257
150003000,3843.3235,6889000,113377600,11421952500,145700512800,3769.8787,3854.4292,3769.8787,3766.3257
150103000,3843.4886,0,0,11421952500,145700512800,3769.8787,3854.4292,3769.8787,3766.3257
