Time,Price,Volume,Turnover,AccVolume,AccTurnover,Open,High,Low,PreClose
92505000,2994.795,50486400,387158900,50486400,387158900,2994.795,2994.795,2994.795,2990.5057
92954000,2994.795,528100,7758200,51014500,394917100,2994.795,2994.8657,2994.795,2990.5057
93004000,2996.9131,55675500,481156500,106690000,876073600,2994.795,2998.712,2994.795,2990.5057
93009000,2997.7669,11980200,105788600,118670200,981862200,2994.795,2998.712,2994.795,2990.5057
93014000,2998.8058,7491100,80248600,126161300,1062110800,2994.795,2998.8058,2994.795,2990.5057
93019000,3000.7031,12299600,96272000,138460900,1158382800,2994.795,3000.7031,2994.795,2990.5057
93024000,3000.8555,7598100,72924200,146059000,1231307000,2994.795,3001.1142,2994.795,2990.5057
93029000,3001.1132,6079900,54608600,152138900,1285915600,2994.795,3001.2075,2994.795,2990.5057
93034000,3000.9976,10548000,86242000,162686900,1372157600,2994.795,3002.0252,2994.795,2990.5057
93039000,3001.7762,4256300,35949600,166943200,1408107200,2994.795,3002.0252,2994.795,2990.5057
93044000,3001.4358,6772400,67274000,173715600,1475381200,2994.795,3002.0252,2994.795,2990.5057
93049000,3001.2215,6987100,59622500,180702700,1535003700,2994.795,3002.0252,2994.795,2990.5057
93054000,3001.3737,7110100,61702400,187812800,1596706100,2994.795,3002.0252,2994.795,2990.5057
93059000,3001.1456,8019100,62794000,195831900,1659500100,2994.795,3002.0252,2994.795,2990.5057
93104000,3001.0594,8565800,80117200,204397700,1739617300,2994.795,3002.0252,2994.795,2990.5057
93109000,3000.9541,3923500,40480700,208321200,1780098000,2994.795,3002.0252,2994.795,2990.5057
93114000,3000.8212,4738900,50969400,213060100,1831067400,2994.795,3002.0252,2994.795,2990.5057
93119000,3000.4052,6882300,65764700,219942400,1896832100,2994.795,3002.0252,2994.795,2990.5057
93124000,2999.783,4791700,50800700,224734100,1947632800,2994.795,3002.0252,2994.795,2990.5057
93129000,2999.1334,5104000,52715500,229838100,2000348300,2994.795,3002.0252,2994.795,2990.5057
93134000,2999.1254,5137300,60993200,234975400,2061341500,2994.795,3002.0252,2994.795,2990.5057
93139000,2999.1855,3894800,36552500,238870200,2097894000,2994.795,3002.0252,2994.795,2990.5057
93144000,2998.9199,5706400,54009900,244576600,2151903900,2994.795,3002.0252,2994.795,2990.5057
93149000,3000.1908,7995800,69935700,252572400,2221839600,2994.795,3002.0252,2994.795,2990.5057
93154000,2999.6197,6972500,60289700,259544900,2282129300,2994.795,3002.0252,2994.795,2990.5057
93159000,2999.5055,3995700,41841900,263540600,2323971200,2994.795,3002.0252,2994.795,2990.5057
93204000,2999.7896,7383800,71578000,270924400,2395549200,2994.795,3002.0252,2994.795,2990.5057
93209000,3000.5093,4611800,43871200,275536200,2439420400,2994.795,3002.0252,2994.795,2990.5057
93214000,2999.948,7360800,69490400,282897000,2508910800,2994.795,3002.0252,2994.795,2990.5057
93219000,2999.8836,5428000,50179600,288325000,2559090400,2994.795,3002.0252,2994.795,2990.5057
93224000,3000.0853,3304900,38613800,291629900,2597704200,2994.795,3002.0252,2994.795,2990.5057
93229000,2999.4775,4104700,37588500,295734600,2635292700,2994.795,3002.0252,2994.795,2990.5057
93234000,2999.3528,5505600,53819500,301240200,2689112200,2994.795,3002.0252,2994.795,2990.5057
93239000,2999.5133,4042200,30993500,305282400,2720105700,2994.795,3002.0252,2994.795,2990.5057
93244000,2998.8831,5016900,48858100,310299300,2768963800,2994.795,3002.0252,2994.795,2990.5057
93249000,2998.3888,6199800,58581200,316499100,2827545000,2994.795,3002.0252,2994.795,2990.5057
93254000,2998.5498,5325200,47123100,321824300,2874668100,2994.795,3002.0252,2994.795,2990.5057
93259000,2997.6589,4664400,43227300,326488700,2917895400,2994.795,3002.0252,2994.795,2990.5057
93304000,2997.6028,7997600,75775600,334486300,2993671000,2994.795,3002.0252,2994.795,2990.5057
93309000,2997.5027,5508400,42453200,339994700,3036124200,2994.795,3002.0252,2994.795,2990.5057
93314000,2996.9426,5893100,64408700,345887800,3100532900,2994.795,3002.0252,2994.795,2990.5057
93319000,2996.9123,5692800,58452800,351580600,3158985700,2994.795,3002.0252,2994.795,2990.5057
93324000,2997.1095,7062900,67662700,358643500,3226648400,2994.795,3002.0252,2994.795,2990.5057
93329000,2996.2666,6173500,47585400,364817000,3274233800,2994.795,3002.0252,2994.795,2990.5057
93334000,2996.6799,7970900,69550400,372787900,3343784200,2994.795,3002.0252,2994.795,2990.5057
93339000,2996.5402,5830800,37233200,378618700,3381017400,2994.795,3002.0252,2994.795,2990.5057
93344000,2996.0854,8784000,66535600,387402700,3447553000,2994.795,3002.0252,2994.795,2990.5057
93349000,2996.0798,7804300,66631200,395207000,3514184200,2994.795,3002.0252,2994.795,2990.5057
93354000,2995.0093,5249800,54544700,400456800,3568728900,2994.795,3002.0252,2994.795,2990.5057
93359000,2995.5618,4042700,38655000,404499500,3607383900,2994.795,3002.0252,2994.795,2990.5057
93404000,2996.8829,8268300,82388000,412767800,3689771900,2994.795,3002.0252,2994.795,2990.5057
93409000,2998.39,7716700,68620900,420484500,3758392800,2994.795,3002.0252,2994.795,2990.5057
93414000,2999.5161,10857000,108127600,431341500,3866520400,2994.795,3002.0252,2994.795,2990.5057
93419000,3000.0928,9547400,97995200,440888900,3964515600,2994.795,3002.0252,2994.795,2990.5057
93424000,3000.7461,8254500,78003200,449143400,4042518800,2994.795,3002.0252,2994.795,2990.5057
93429000,3002.0684,12082500,91268500,461225900,4133787300,2994.795,3002.0684,2994.795,2990.5057
93434000,3002.4571,17727200,116567300,478953100,4250354600,2994.795,3002.5551,2994.795,2990.5057
93439000,3003.4179,5868700,48673100,484821800,4299027700,2994.795,3003.4179,2994.795,2990.5057
93444000,3003.3774,8612500,71893200,493434300,4370920900,2994.795,3003.4555,2994.795,2990.5057
93449000,3004.2079,10875800,78187900,504310100,4449108800,2994.795,3004.2079,2994.795,2990.5057
93454000,3004.0671,8338200,62400500,512648300,4511509300,2994.795,3004.2079,2994.795,2990.5057
93459000,3004.4655,5607300,51359000,518255600,4562868300,2994.795,3004.4655,2994.795,2990.5057
93504000,3004.7735,7619000,73016200,525874600,4635884500,2994.795,3004.7735,2994.795,2990.5057
93509000,3005.397,5388200,50031700,531262800,4685916200,2994.795,3005.4358,2994.795,2990.5057
93514000,3005.281,8757400,85546100,540020200,4771462300,2994.795,3005.4358,2994.795,2990.5057
93519000,3005.3166,6016500,67030500,546036700,4838492800,2994.795,3005.4739,2994.795,2990.5057
93524000,3005.3241,6556700,57858700,552593400,4896351500,2994.795,3005.5728,2994.795,2990.5057
93529000,3005.5528,5155300,48672500,557748700,4945024000,2994.795,3005.5728,2994.795,2990.5057
93534000,3004.7541,5089600,48295800,562838300,4993319800,2994.795,3005.5728,2994.795,2990.5057
93539000,3005.5475,4359800,33300400,567198100,5026620200,2994.795,3005.5728,2994.795,2990.5057
93544000,3005.4321,4530500,46713400,571728600,5073333600,2994.795,3005.5728,2994.795,2990.5057
93549000,3005.4075,5593000,52337300,577321600,5125670900,2994.795,3005.5728,2994.795,2990.5057
93554000,3005.6952,4251900,40006000,581573500,5165676900,2994.795,3005.8746,2994.795,2990.5057
93559000,3005.6307,3565600,36131700,585139100,5201808600,2994.795,3005.8746,2994.795,2990.5057
93604000,3005.2914,4156300,46272100,589295400,5248080700,2994.795,3005.8746,2994.795,2990.5057
93609000,3005.6854,3436100,31274900,592731500,5279355600,2994.795,3005.8746,2994.795,2990.5057
93614000,3005.2944,5454300,56867000,598185800,5336222600,2994.795,3005.8746,2994.795,2990.5057
93619000,3005.4277,5542000,56581300,603727800,5392803900,2994.795,3005.8746,2994.795,2990.5057
93624000,3005.1859,4109500,44950600,607837300,5437754500,2994.795,3005.8746,2994.795,2990.5057
93629000,3003.8699,5000200,50551000,612837500,5488305500,2994.795,3005.8746,2994.795,2990.5057
93634000,3002.9733,6942400,87092700,619779900,5575398200,2994.795,3005.8746,2994.795,2990.5057
93639000,3002.7173,3526200,42148900,623306100,5617547100,2994.795,3005.8746,2994.795,2990.5057
93644000,3001.377,5815000,76162400,629121100,5693709500,2994.795,3005.8746,2994.795,2990.5057
93649000,3001.341,6454900,69074000,635576000,5762783500,2994.795,3005.8746,2994.795,2990.5057
93654000,3000.5752,5597900,63979800,641173900,5826763300,2994.795,3005.8746,2994.795,2990.5057
93659000,3000.2974,5237400,51922000,646411300,5878685300,2994.795,3005.8746,2994.795,2990.5057
93704000,3000.0551,7292300,66488000,653703600,5945173300,2994.795,3005.8746,2994.795,2990.5057
93709000,3000.7637,7117600,95273700,660821200,6040447000,2994.795,3005.8746,2994.795,2990.5057
93714000,3001.2754,10584700,95042600,671405900,6135489600,2994.795,3005.8746,2994.795,2990.5057
93719000,3002.4323,7381100,73417400,678787000,6208907000,2994.795,3005.8746,2994.795,2990.5057
93724000,3002.8755,5834200,55293900,684621200,6264200900,2994.795,3005.8746,2994.795,2990.5057
93729000,3001.9788,4533200,44495900,689154400,6308696800,2994.795,3005.8746,2994.795,2990.5057
93734000,3002.2052,3724000,47691100,692878400,6356387900,2994.795,3005.8746,2994.795,2990.5057
93739000,3002.3532,3501000,29530300,696379400,6385918200,2994.795,3005.8746,2994.795,2990.5057
93744000,3002.1561,2904600,36538700,699284000,6422456900,2994.795,3005.8746,2994.795,2990.5057
93749000,3001.7205,4576700,52973800,703860700,6475430700,2994.795,3005.8746,2994.795,2990.5057
93754000,3001.4591,4810900,46049200,708671600,6521479900,2994.795,3005.8746,2994.795,2990.5057
93759000,3001.3139,3751700,42592400,712423300,6564072300,2994.795,3005.8746,2994.795,2990.5057
93804000,3001.145,3838100,50170300,716261400,6614242600,2994.795,3005.8746,2994.795,2990.5057
93809000,3001.52,2750200,33023000,719011600,6647265600,2994.795,3005.8746,2994.795,2990.5057
93814000,3000.8417,3484300,46512400,722495900,6693778000,2994.795,3005.8746,2994.795,2990.5057
93819000,3000.2498,3869500,42814500,726365400,6736592500,2994.795,3005.8746,2994.795,2990.5057
93824000,2999.8931,6285300,47819100,732650700,6784411600,2994.795,3005.8746,2994.795,2990.5057
93829000,2999.7598,2999400,40884000,735650100,6825295600,2994.795,3005.8746,2994.795,2990.5057
93834000,2999.6531,3721200,44471500,739371300,6869767100,2994.795,3005.8746,2994.795,2990.5057
93839000,3000.301,3422900,37458800,742794200,6907225900,2994.795,3005.8746,2994.795,2990.5057
93844000,2999.2947,3336800,42960400,746131000,6950186300,2994.795,3005.8746,2994.795,2990.5057
93849000,2998.9379,5056800,50462500,751187800,7000648800,2994.795,3005.8746,2994.795,2990.5057
93854000,2998.5658,4039300,45452000,755227100,7046100800,2994.795,3005.8746,2994.795,2990.5057
93859000,2998.397,3704700,44487100,758931800,7090587900,2994.795,3005.8746,2994.795,2990.5057
93904000,2998.0567,4557800,54777400,763489600,7145365300,2994.795,3005.8746,2994.795,2990.5057
93909000,2998.0993,3726500,37627100,767216100,7182992400,2994.795,3005.8746,2994.795,2990.5057
93914000,2998.134,5468500,53446100,772684600,7236438500,2994.795,3005.8746,2994.795,2990.5057
93919000,2998.6508,4952600,59665300,777637200,7296103800,2994.795,3005.8746,2994.795,2990.5057
93924000,2998.7581,4964600,48413400,782601800,7344517200,2994.795,3005.8746,2994.795,2990.5057
93929000,2999.0749,4220500,49957200,786822300,7394474400,2994.795,3005.8746,2994.795,2990.5057
93934000,2998.1604,3576700,40094600,790399000,7434569000,2994.795,3005.8746,2994.795,2990.5057
93939000,2998.7233,2947800,28402400,793346800,7462971400,2994.795,3005.8746,2994.795,2990.5057
93944000,2997.8917,2967500,36680200,796314300,7499651600,2994.795,3005.8746,2994.795,2990.5057
93949000,2997.4624,5426900,61387500,801741200,7561039100,2994.795,3005.8746,2994.795,2990.5057
93954000,2996.8545,4335300,38012800,806076500,7599051900,2994.795,3005.8746,2994.795,2990.5057
93959000,2996.6577,2377500,30096900,808454000,7629148800,2994.795,3005.8746,2994.795,2990.5057
94004000,2996.1391,3953700,49801000,812407700,7678949800,2994.795,3005.8746,2994.795,2990.5057
94009000,2996.647,2459700,25698500,814867400,7704648300,2994.795,3005.8746,2994.795,2990.5057
94014000,2996.4405,3710600,45662800,818578000,7750311100,2994.795,3005.8746,2994.795,2990.5057
94019000,2996.0823,3754600,45560100,822332600,7795871200,2994.795,3005.8746,2994.795,2990.5057
94024000,2995.5126,4244200,46198600,826576800,7842069800,2994.795,3005.8746,2994.795,2990.5057
94029000,2995.2758,3027200,37845800,829604000,7879915600,2994.795,3005.8746,2994.795,2990.5057
94034000,2994.7904,3537100,38934700,833141100,7918850300,2994.795,3005.8746,2994.6138,2990.5057
94039000,2995.2055,2774400,30073100,835915500,7948923400,2994.795,3005.8746,2994.6138,2990.5057
94044000,2994.9497,3983200,43419200,839898700,7992342600,2994.795,3005.8746,2994.6138,2990.5057
94049000,2994.7028,3996500,43896700,843895200,8036239300,2994.795,3005.8746,2994.4085,2990.5057
94054000,2993.9228,4700900,50208200,848596100,8086447500,2994.795,3005.8746,2993.6919,2990.5057
94059000,2993.2933,2937300,36435900,851533400,8122883400,2994.795,3005.8746,2993.2933,2990.5057
94104000,2993.5165,5325400,55103200,856858800,8177986600,2994.795,3005.8746,2993.2933,2990.5057
94109000,2994.4937,5853400,49160300,862712200,8227146900,2994.795,3005.8746,2993.2933,2990.5057
94114000,2994.5665,5934400,84654600,868646600,8311801500,2994.795,3005.8746,2993.2933,2990.5057
94119000,2994.9027,6113800,65875200,874760400,8377676700,2994.795,3005.8746,2993.2933,2990.5057
94124000,2994.9376,5700100,59200900,880460500,8436877600,2994.795,3005.8746,2993.2933,2990.5057
94129000,2994.5222,3701400,41525900,884161900,8478403500,2994.795,3005.8746,2993.2933,2990.5057
94134000,2994.9311,5630500,52479900,889792400,8530883400,2994.795,3005.8746,2993.2933,2990.5057
94139000,2994.4563,4814600,35835000,894607000,8566718400,2994.795,3005.8746,2993.2933,2990.5057
94144000,2994.4474,4968100,48602200,899575100,8615320600,2994.795,3005.8746,2993.2933,2990.5057
94149000,2995.1903,4371300,41607500,903946400,8656928100,2994.795,3005.8746,2993.2933,2990.5057
94154000,2994.8115,3712700,40258300,907659100,8697186400,2994.795,3005.8746,2993.2933,2990.5057
94159000,2994.1671,2998500,33120900,910657600,8730307300,2994.795,3005.8746,2993.2933,2990.5057
94204000,2995.1585,5230400,62227400,915888000,8792534700,2994.795,3005.8746,2993.2933,2990.5057
94209000,2995.6685,4930900,45649600,920818900,8838184300,2994.795,3005.8746,2993.2933,2990.5057
94214000,2996.2261,7244300,76146400,928063200,8914330700,2994.795,3005.8746,2993.2933,2990.5057
94219000,2996.4581,6112400,59599500,934175600,8973930200,2994.795,3005.8746,2993.2933,2990.5057
94224000,2997.166,4393600,51280800,938569200,9025211000,2994.795,3005.8746,2993.2933,2990.5057
94229000,2996.7585,3455300,38220500,942024500,9063431500,2994.795,3005.8746,2993.2933,2990.5057
94234000,2996.5545,6305300,58585500,948329800,9122017000,2994.795,3005.8746,2993.2933,2990.5057
94239000,2996.7587,4800000,37500800,953129800,9159517800,2994.795,3005.8746,2993.2933,2990.5057
94244000,2996.6645,4923300,42574700,958053100,9202092500,2994.795,3005.8746,2993.2933,2990.5057
94249000,2996.2848,3057600,36361100,961110700,9238453600,2994.795,3005.8746,2993.2933,2990.5057
94254000,2995.945,3525700,31682200,964636400,9270135800,2994.795,3005.8746,2993.2933,2990.5057
94259000,2995.6464,4210700,38393100,968847100,9308528900,2994.795,3005.8746,2993.2933,2990.5057
94304000,2995.7417,3662300,38773600,972509400,9347302500,2994.795,3005.8746,2993.2933,2990.5057
94309000,2995.6371,3192400,31870900,975701800,9379173400,2994.795,3005.8746,2993.2933,2990.5057
94314000,2996.0487,4316300,43899300,980018100,9423072700,2994.795,3005.8746,2993.2933,2990.5057
94319000,2995.6578,4850400,45256500,984868500,9468329200,2994.795,3005.8746,2993.2933,2990.5057
94324000,2995.229,3175600,32510500,988044100,9500839700,2994.795,3005.8746,2993.2933,2990.5057
94329000,2995.3201,2691200,29937000,990735300,9530776700,2994.795,3005.8746,2993.2933,2990.5057
94334000,2994.8273,3026700,37174300,993762000,9567951000,2994.795,3005.8746,2993.2933,2990.5057
94339000,2995.032,3386500,28192700,997148500,9596143700,2994.795,3005.8746,2993.2933,2990.5057
94344000,2994.8102,5112400,48386900,1002260900,9644530600,2994.795,3005.8746,2993.2933,2990.5057
94349000,2994.3264,3465500,40715000,1005726400,9685245600,2994.795,3005.8746,2993.2933,2990.5057
94354000,2993.6545,4557300,46822600,1010283700,9732068200,2994.795,3005.8746,2993.2933,2990.5057
94359000,2993.9282,4242900,35434200,1014526600,9767502400,2994.795,3005.8746,2993.2933,2990.5057
94404000,2994.784,5112700,54512200,1019639300,9822014600,2994.795,3005.8746,2993.2933,2990.5057
94409000,2994.301,2812100,26662600,1022451400,9848677200,2994.795,3005.8746,2993.2933,2990.5057
94414000,2994.1761,5209200,50183900,1027660600,9898861100,2994.795,3005.8746,2993.2933,2990.5057
94419000,2993.8912,3345100,36515400,1031005700,9935376500,2994.795,3005.8746,2993.2933,2990.5057
94424000,2994.4922,3447000,36774000,1034452700,9972150500,2994.795,3005.8746,2993.2933,2990.5057
94429000,2994.2235,3743700,40277200,1038196400,10012427700,2994.795,3005.8746,2993.2933,2990.5057
94434000,2994.3076,4872400,46738900,1043068800,10059166600,2994.795,3005.8746,2993.2933,2990.5057
94439000,2994.6131,6686900,46524900,1049755700,10105691500,2994.795,3005.8746,2993.2933,2990.5057
94444000,2994.3466,5251300,65331600,1055007000,10171023100,2994.795,3005.8746,2993.2933,2990.5057
94449000,2993.8182,4937500,46254100,1059944500,10217277200,2994.795,3005.8746,2993.2933,2990.5057
94454000,2994.1384,4467600,47421800,1064412100,10264699000,2994.795,3005.8746,2993.2933,2990.5057
94459000,2994.1415,4256000,44540900,1068668100,10309239900,2994.795,3005.8746,2993.2933,2990.5057
94504000,2994.2689,4679100,51166500,1073347200,10360406400,2994.795,3005.8746,2993.2933,2990.5057
94509000,2994.5212,3423800,31899000,1076771000,10392305400,2994.795,3005.8746,2993.2933,2990.5057
94514000,2993.8747,5061800,46992600,1081832800,10439298000,2994.795,3005.8746,2993.2933,2990.5057
94519000,2993.668,3994300,45825800,1085827100,10485123800,2994.795,3005.8746,2993.2933,2990.5057
94524000,2993.6671,3254600,33623600,1089081700,10518747400,2994.795,3005.8746,2993.2933,2990.5057
94529000,2993.2394,2810300,37988200,1091892000,10556735600,2994.795,3005.8746,2993.2394,2990.5057
94534000,2993.1036,3422600,44147600,1095314600,10600883200,2994.795,3005.8746,2993.0783,2990.5057
94539000,2993.4556,3647900,31033300,1098962500,10631916500,2994.795,3005.8746,2993.0783,2990.5057
94544000,2992.9182,5036900,51031900,1103999400,10682948400,2994.795,3005.8746,2992.8793,2990.5057
94549000,2992.3683,4059400,45846000,1108058800,10728794400,2994.795,3005.8746,2992.3683,2990.5057
94554000,2992.676,3225300,34438000,1111284100,10763232400,2994.795,3005.8746,2992.3374,2990.5057
94559000,2991.8667,3821800,36895100,1115105900,10800127500,2994.795,3005.8746,2991.6306,2990.5057
94604000,2991.44,4379800,46842400,1119485700,10846969900,2994.795,3005.8746,2991.3524,2990.5057
94609000,2991.9227,3798200,35392400,1123283900,10882362300,2994.795,3005.8746,2991.3524,2990.5057
94614000,2991.6827,5456900,52093700,1128740800,10934456000,2994.795,3005.8746,2991.3524,2990.5057
94619000,2991.1994,6830900,54942900,1135571700,10989398900,2994.795,3005.8746,2991.1715,2990.5057
94624000,2991.2002,3572700,36731700,1139144400,11026130600,2994.795,3005.8746,2991.0797,2990.5057
94629000,2990.4365,3276800,39966600,1142421200,11066097200,2994.795,3005.8746,2990.4365,2990.5057
94634000,2990.4432,3983900,59313900,1146405100,11125411100,2994.795,3005.8746,2990.2095,2990.5057
94639000,2990.5485,3072800,30926100,1149477900,11156337200,2994.795,3005.8746,2990.2095,2990.5057
94644000,2990.386,4000800,50305700,1153478700,11206642900,2994.795,3005.8746,2990.2095,2990.5057
94649000,2990.0709,4522600,48537200,1158001300,11255180100,2994.795,3005.8746,2990.0709,2990.5057
94654000,2989.8726,3361900,39724800,1161363200,11294904900,2994.795,3005.8746,2989.8726,2990.5057
94659000,2989.6803,3631200,42435100,1164994400,11337340000,2994.795,3005.8746,2989.4619,2990.5057
94704000,2989.4166,4696100,51937000,1169690500,11389277000,2994.795,3005.8746,2989.4166,2990.5057
94709000,2989.4762,3766400,34554200,1173456900,11423831200,2994.795,3005.8746,2989.4166,2990.5057
94714000,2988.7776,5207400,58506500,1178664300,11482337700,2994.795,3005.8746,2988.7448,2990.5057
94719000,2988.6883,4694700,48014600,1183359000,11530352300,2994.795,3005.8746,2988.6883,2990.5057
94724000,2988.8612,4447500,37318300,1187806500,11567670600,2994.795,3005.8746,2988.6883,2990.5057
94729000,2988.8786,3698600,39119400,1191505100,11606790000,2994.795,3005.8746,2988.6883,2990.5057
94734000,2988.8168,4968300,59014300,1196473400,11665804300,2994.795,3005.8746,2988.6613,2990.5057
94739000,2988.5244,4227600,32223200,1200701000,11698027500,2994.795,3005.8746,2988.5244,2990.5057
94744000,2988.5191,5436000,49672000,1206137000,11747699500,2994.795,3005.8746,2988.5191,2990.5057
94749000,2987.77,3730600,42400800,1209867600,11790100300,2994.795,3005.8746,2987.6686,2990.5057
94754000,2987.6189,4805100,44869400,1214672700,11834969700,2994.795,3005.8746,2987.4837,2990.5057
94759000,2987.5241,4872000,39661700,1219544700,11874631400,2994.795,3005.8746,2987.3154,2990.5057
94804000,2987.3637,4474700,51574200,1224019400,11926205600,2994.795,3005.8746,2987.3154,2990.5057
94809000,2988.1705,3738300,35882800,1227757700,11962088400,2994.795,3005.8746,2987.3154,2990.5057
94814000,2988.1192,5515300,66618300,1233273000,12028706700,2994.795,3005.8746,2987.3154,2990.5057
94819000,2987.5302,4178500,54630500,1237451500,12083337200,2994.795,3005.8746,2987.3154,2990.5057
94824000,2988.1097,6219300,55525600,1243670800,12138862800,2994.795,3005.8746,2987.3154,2990.5057
94829000,2987.165,3050900,37215500,1246721700,12176078300,2994.795,3005.8746,2987.1199,2990.5057
94834000,2987.859,5147100,59816100,1251868800,12235894400,2994.795,3005.8746,2987.1199,2990.5057
94839000,2987.7257,2722800,29594900,1254591600,12265489300,2994.795,3005.8746,2987.1199,2990.5057
94844000,2987.3136,5330600,62542100,1259922200,12328031400,2994.795,3005.8746,2987.1199,2990.5057
94849000,2987.762,4009700,50295000,1263931900,12378326400,2994.795,3005.8746,2987.1199,2990.5057
94854000,2987.8041,4634600,50199300,1268566500,12428525700,2994.795,3005.8746,2987.1199,2990.5057
94859000,2987.1533,3221600,44339400,1271788100,12472865100,2994.795,3005.8746,2987.0693,2990.5057
94904000,2986.8309,5367000,89277500,1277155100,12562142600,2994.795,3005.8746,2986.815,2990.5057
94909000,2987.4072,1895000,25011300,1279050100,12587153900,2994.795,3005.8746,2986.815,2990.5057
94914000,2987.0281,4335700,58417000,1283385800,12645570900,2994.795,3005.8746,2986.815,2990.5057
94919000,2986.9714,5370600,69929200,1288756400,12715500100,2994.795,3005.8746,2986.7333,2990.5057
94924000,2986.8538,3631600,42120200,1292388000,12757620300,2994.795,3005.8746,2986.7333,2990.5057
94929000,2986.5443,3587100,45932100,1295975100,12803552400,2994.795,3005.8746,2986.5142,2990.5057
94934000,2986.7141,3891900,50639100,1299867000,12854191500,2994.795,3005.8746,2986.3228,2990.5057
94939000,2986.2667,2340900,27877900,1302207900,12882069400,2994.795,3005.8746,2986.1899,2990.5057
94944000,2985.947,4244800,57833200,1306452700,12939902600,2994.795,3005.8746,2985.7752,2990.5057
94949000,2985.0749,4727700,59598800,1311180400,12999501400,2994.795,3005.8746,2984.8214,2990.5057
94954000,2984.8945,3233600,40596900,1314414000,13040098300,2994.795,3005.8746,2984.8214,2990.5057
94959000,2985.0213,3977400,49367800,1318391400,13089466100,2994.795,3005.8746,2984.8214,2990.5057
95004000,2985.0521,5838800,58573700,1324230200,13148039800,2994.795,3005.8746,2984.8177,2990.5057
95009000,2985.2962,3331800,42339000,1327562000,13190378800,2994.795,3005.8746,2984.8177,2990.5057
95014000,2986.5079,5640500,61914300,1333202500,13252293100,2994.795,3005.8746,2984.8177,2990.5057
95019000,2987.3266,7329300,69574700,1340531800,13321867800,2994.795,3005.8746,2984.8177,2990.5057
95024000,2986.812,5895400,65399400,1346427200,13387267200,2994.795,3005.8746,2984.8177,2990.5057
95029000,2987.5605,4634400,66685800,1351061600,13453953000,2994.795,3005.8746,2984.8177,2990.5057
95034000,2986.5863,4768700,63045400,1355830300,13516998400,2994.795,3005.8746,2984.8177,2990.5057
95039000,2988.1966,3375900,39680400,1359206200,13556678800,2994.795,3005.8746,2984.8177,2990.5057
95044000,2988.3215,5815500,66727800,1365021700,13623406600,2994.795,3005.8746,2984.8177,2990.5057
95049000,2988.516,4903400,61420100,1369925100,13684826700,2994.795,3005.8746,2984.8177,2990.5057
95054000,2988.5055,3662000,43437100,1373587100,13728263800,2994.795,3005.8746,2984.8177,2990.5057
95059000,2988.8708,2492500,32349200,1376079600,13760613000,2994.795,3005.8746,2984.8177,2990.5057
95104000,2988.9238,3686600,44054500,1379766200,13804667500,2994.795,3005.8746,2984.8177,2990.5057
95109000,2989.0348,2296200,27547400,1382062400,13832214900,2994.795,3005.8746,2984.8177,2990.5057
95114000,2989.4047,4129600,46700200,1386192000,13878915100,2994.795,3005.8746,2984.8177,2990.5057
95119000,2989.3456,2669500,34779400,1388861500,13913694500,2994.795,3005.8746,2984.8177,2990.5057
95124000,2989.4024,4128300,34499300,1392989800,13948193800,2994.795,3005.8746,2984.8177,2990.5057
95129000,2989.3143,2767400,33307200,1395757200,13981501000,2994.795,3005.8746,2984.8177,2990.5057
95134000,2988.9035,4201200,40864400,1399958400,14022365400,2994.795,3005.8746,2984.8177,2990.5057
95139000,2989.2995,2002300,19803300,1401960700,14042168700,2994.795,3005.8746,2984.8177,2990.5057
95144000,2989.0512,3487000,37611100,1405447700,14079779800,2994.795,3005.8746,2984.8177,2990.5057
95149000,2989.4438,3059600,35024300,1408507300,14114804100,2994.795,3005.8746,2984.8177,2990.5057
95154000,2989.484,3042200,34972400,1411549500,14149776500,2994.795,3005.8746,2984.8177,2990.5057
95159000,2989.5045,3205600,33349000,1414755100,14183125500,2994.795,3005.8746,2984.8177,2990.5057
95204000,2989.5475,3116800,36623100,1417871900,14219748600,2994.795,3005.8746,2984.8177,2990.5057
95209000,2989.8163,1714700,21547200,1419586600,14241295800,2994.795,3005.8746,2984.8177,2990.5057
95214000,2990.0678,3291500,38491500,1422878100,14279787300,2994.795,3005.8746,2984.8177,2990.5057
95219000,2990.4954,2912200,38316500,1425790300,14318103800,2994.795,3005.8746,2984.8177,2990.5057
95224000,2989.9527,2647900,33178800,1428438200,14351282600,2994.795,3005.8746,2984.8177,2990.5057
95229000,2990.0098,2159900,28170600,1430598100,14379453200,2994.795,3005.8746,2984.8177,2990.5057
95234000,2989.8855,3623300,36531100,1434221400,14415984300,2994.795,3005.8746,2984.8177,2990.5057
95239000,2990.0546,1935300,19257300,1436156700,14435241600,2994.795,3005.8746,2984.8177,2990.5057
95244000,2990.3972,3253600,36131500,1439410300,14471373100,2994.795,3005.8746,2984.8177,2990.5057
95249000,2989.9139,4074300,39885100,1443484600,14511258200,2994.795,3005.8746,2984.8177,2990.5057
95254000,2989.9296,3087200,37753700,1446571800,14549011900,2994.795,3005.8746,2984.8177,2990.5057
95259000,2989.7682,2805400,26015300,1449377200,14575027200,2994.795,3005.8746,2984.8177,2990.5057
95304000,2989.8142,4728000,45152100,1454105200,14620179300,2994.795,3005.8746,2984.8177,2990.5057
95309000,2990.3995,3645700,32787700,1457750900,14652967000,2994.795,3005.8746,2984.8177,2990.5057
95314000,2990.852,3561900,38343800,1461312800,14691310800,2994.795,3005.8746,2984.8177,2990.5057
95319000,2990.7405,3071500,39029700,1464384300,14730340500,2994.795,3005.8746,2984.8177,2990.5057
95324000,2991.8731,2909700,32785700,1467294000,14763126200,2994.795,3005.8746,2984.8177,2990.5057
95329000,2991.4105,3839400,26864800,1471133400,14789991000,2994.795,3005.8746,2984.8177,2990.5057
95334000,2991.0429,3533500,36736700,1474666900,14826727700,2994.795,3005.8746,2984.8177,2990.5057
95339000,2990.5804,1669200,17557600,1476336100,14844285300,2994.795,3005.8746,2984.8177,2990.5057
95344000,2990.5197,2597300,32159200,1478933400,14876444500,2994.795,3005.8746,2984.8177,2990.5057
95349000,2990.5693,3409900,35282600,1482343300,14911727100,2994.795,3005.8746,2984.8177,2990.5057
95354000,2990.1012,2521200,28251600,1484864500,14939978700,2994.795,3005.8746,2984.8177,2990.5057
95359000,2990.3978,2067400,23618500,1486931900,14963597200,2994.795,3005.8746,2984.8177,2990.5057
95404000,2990.3712,2386200,29741600,1489318100,14993338800,2994.795,3005.8746,2984.8177,2990.5057
95409000,2990.3817,1467300,15647100,1490785400,15008985900,2994.795,3005.8746,2984.8177,2990.5057
95414000,2991.0963,2281600,35091600,1493067000,15044077500,2994.795,3005.8746,2984.8177,2990.5057
95419000,2990.1264,2479900,30867100,1495546900,15074944600,2994.795,3005.8746,2984.8177,2990.5057
95424000,2990.1662,2857100,30473400,1498404000,15105418000,2994.795,3005.8746,2984.8177,2990.5057
95429000,2989.8718,2451700,27258000,1500855700,15132676000,2994.795,3005.8746,2984.8177,2990.5057
95434000,2990.1096,2262600,26654100,1503118300,15159330100,2994.795,3005.8746,2984.8177,2990.5057
95439000,2990.0272,1666000,19450200,1504784300,15178780300,2994.795,3005.8746,2984.8177,2990.5057
95444000,2990.4005,2887600,31848800,1507671900,15210629100,2994.795,3005.8746,2984.8177,2990.5057
95449000,2989.6093,2768900,27993800,1510440800,15238622900,2994.795,3005.8746,2984.8177,2990.5057
95454000,2989.5687,2142600,22730100,1512583400,15261353000,2994.795,3005.8746,2984.8177,2990.5057
95459000,2989.4288,2010900,23145800,1514594300,15284498800,2994.795,3005.8746,2984.8177,2990.5057
95504000,2989.2433,2179800,25505600,1516774100,15310004400,2994.795,3005.8746,2984.8177,2990.5057
95509000,2989.6412,1639400,17365500,1518413500,15327369900,2994.795,3005.8746,2984.8177,2990.5057
95514000,2990.1083,1958100,28645700,1520371600,15356015600,2994.795,3005.8746,2984.8177,2990.5057
95519000,2989.8033,2813100,31190200,1523184700,15387205800,2994.795,3005.8746,2984.8177,2990.5057
95524000,2989.7985,2866600,28799100,1526051300,15416004900,2994.795,3005.8746,2984.8177,2990.5057
95529000,2990.3605,2817100,31243600,1528868400,15447248500,2994.795,3005.8746,2984.8177,2990.5057
95534000,2991.318,5560000,51262700,1534428400,15498511200,2994.795,3005.8746,2984.8177,2990.5057
95539000,2992.519,5975000,41964000,1540403400,15540475200,2994.795,3005.8746,2984.8177,2990.5057
95544000,2993.0215,7415600,80481600,1547819000,15620956800,2994.795,3005.8746,2984.8177,2990.5057
95549000,2993.4676,4973000,52492900,1552792000,15673449700,2994.795,3005.8746,2984.8177,2990.5057
95554000,2992.745,4512800,49903500,1557304800,15723353200,2994.795,3005.8746,2984.8177,2990.5057
95559000,2993.3482,2627700,30004200,1559932500,15753357400,2994.795,3005.8746,2984.8177,2990.5057
95604000,2993.5117,7354600,54291700,1567287100,15807649100,2994.795,3005.8746,2984.8177,2990.5057
95609000,2993.5049,2566800,23366300,1569853900,15831015400,2994.795,3005.8746,2984.8177,2990.5057
95614000,2994.4519,4336900,47798200,1574190800,15878813600,2994.795,3005.8746,2984.8177,2990.5057
95619000,2994.4044,4036600,45214800,1578227400,15924028400,2994.795,3005.8746,2984.8177,2990.5057
95624000,2994.1457,4646500,41805100,1582873900,15965833500,2994.795,3005.8746,2984.8177,2990.5057
95629000,2994.6526,3746300,34267700,1586620200,16000101200,2994.795,3005.8746,2984.8177,2990.5057
95634000,2994.6236,3616600,41143400,1590236800,16041244600,2994.795,3005.8746,2984.8177,2990.5057
95639000,2995.1054,1897900,24457900,1592134700,16065702500,2994.795,3005.8746,2984.8177,2990.5057
95644000,2995.9635,5452500,55468400,1597587200,16121170900,2994.795,3005.8746,2984.8177,2990.5057
95649000,2995.7106,6017600,55380300,1603604800,16176551200,2994.795,3005.8746,2984.8177,2990.5057
95654000,2995.0044,3809600,34137200,1607414400,16210688400,2994.795,3005.8746,2984.8177,2990.5057
95659000,2995.9073,3350300,35220100,1610764700,16245908500,2994.795,3005.8746,2984.8177,2990.5057
95704000,2995.7148,5231700,47891700,1615996400,16293800200,2994.795,3005.8746,2984.8177,2990.5057
95709000,2996.1484,3180200,26407000,1619176600,16320207200,2994.795,3005.8746,2984.8177,2990.5057
95714000,2996.4987,5016800,49041300,1624193400,16369248500,2994.795,3005.8746,2984.8177,2990.5057
95719000,2996.3196,3916000,43311200,1628109400,16412559700,2994.795,3005.8746,2984.8177,2990.5057
95724000,2996.1281,2922200,31582000,1631031600,16444141700,2994.795,3005.8746,2984.8177,2990.5057
95729000,2996.3878,2118500,24982600,1633150100,16469124300,2994.795,3005.8746,2984.8177,2990.5057
95734000,2996.468,2643600,29728400,1635793700,16498852700,2994.795,3005.8746,2984.8177,2990.5057
95739000,2996.5312,2642800,29899800,1638436500,16528752500,2994.795,3005.8746,2984.8177,2990.5057
95744000,2996.6448,4007900,41160300,1642444400,16569912800,2994.795,3005.8746,2984.8177,2990.5057
95749000,2996.3115,3301900,30953500,1645746300,16600866300,2994.795,3005.8746,2984.8177,2990.5057
95754000,2996.364,3110400,32425500,1648856700,16633291800,2994.795,3005.8746,2984.8177,2990.5057
95759000,2997.5632,3549800,30658600,1652406500,16663950400,2994.795,3005.8746,2984.8177,2990.5057
95804000,2996.8496,3970300,40628300,1656376800,16704578700,2994.795,3005.8746,2984.8177,2990.5057
95809000,2997.3159,2744800,32071700,1659121600,16736650400,2994.795,3005.8746,2984.8177,2990.5057
95814000,2997.8905,3613900,36028300,1662735500,16772678700,2994.795,3005.8746,2984.8177,2990.5057
95819000,2997.6421,3592800,36612800,1666328300,16809291500,2994.795,3005.8746,2984.8177,2990.5057
95824000,2997.4769,2528500,24671300,1668856800,16833962800,2994.795,3005.8746,2984.8177,2990.5057
95829000,2997.6934,2690400,26958200,1671547200,16860921000,2994.795,3005.8746,2984.8177,2990.5057
95834000,2997.3195,2697200,29395900,1674244400,16890316900,2994.795,3005.8746,2984.8177,2990.5057
95839000,2997.1459,1882800,21672100,1676127200,16911989000,2994.795,3005.8746,2984.8177,2990.5057
95844000,2997.3205,2803600,33038200,1678930800,16945027200,2994.795,3005.8746,2984.8177,2990.5057
95849000,2997.1819,2367000,26509300,1681297800,16971536500,2994.795,3005.8746,2984.8177,2990.5057
95854000,2996.4358,3241200,34073700,1684539000,17005610200,2994.795,3005.8746,2984.8177,2990.5057
95859000,2996.5658,2007000,23640200,1686546000,17029250400,2994.795,3005.8746,2984.8177,2990.5057
95904000,2996.5055,2757100,31281200,1689303100,17060531600,2994.795,3005.8746,2984.8177,2990.5057
95909000,2996.3971,1635700,20227000,1690938800,17080758600,2994.795,3005.8746,2984.8177,2990.5057
95914000,2996.6863,3773300,34538300,1694712100,17115296900,2994.795,3005.8746,2984.8177,2990.5057
95919000,2996.2561,2071800,24655100,1696783900,17139952000,2994.795,3005.8746,2984.8177,2990.5057
95924000,2996.2114,2648600,27614100,1699432500,17167566100,2994.795,3005.8746,2984.8177,2990.5057
95929000,2996.2566,2187800,24616700,1701620300,17192182800,2994.795,3005.8746,2984.8177,2990.5057
95934000,2995.6795,2044400,26879600,1703664700,17219062400,2994.795,3005.8746,2984.8177,2990.5057
95939000,2995.87,1943900,19876100,1705608600,17238938500,2994.795,3005.8746,2984.8177,2990.5057
95944000,2996.5342,2811700,28569900,1708420300,17267508400,2994.795,3005.8746,2984.8177,2990.5057
95949000,2995.796,2419900,25871100,1710840200,17293379500,2994.795,3005.8746,2984.8177,2990.5057
95954000,2995.5675,2644800,26159400,1713485000,17319538900,2994.795,3005.8746,2984.8177,2990.5057
95959000,2995.4565,2484500,33476600,1715969500,17353015500,2994.795,3005.8746,2984.8177,2990.5057
100004000,2995.0833,2710000,30057400,1718679500,17383072900,2994.795,3005.8746,2984.8177,2990.5057
100009000,2995.254,2443100,22008400,1721122600,17405081300,2994.795,3005.8746,2984.8177,2990.5057
100014000,2995.321,2334900,26921900,1723457500,17432003200,2994.795,3005.8746,2984.8177,2990.5057
100019000,2995.2042,1858000,20649900,1725315500,17452653100,2994.795,3005.8746,2984.8177,2990.5057
100024000,2995.4207,2123800,23152200,1727439300,17475805300,2994.795,3005.8746,2984.8177,2990.5057
100029000,2995.5351,1881200,25104900,1729320500,17500910200,2994.795,3005.8746,2984.8177,2990.5057
100034000,2995.1451,2637800,32637700,1731958300,17533547900,2994.795,3005.8746,2984.8177,2990.5057
100039000,2995.2749,1494600,18115900,1733452900,17551663800,2994.795,3005.8746,2984.8177,2990.5057
100044000,2994.9774,2297000,21058600,1735749900,17572722400,2994.795,3005.8746,2984.8177,2990.5057
100049000,2994.8502,2061900,24988200,1737811800,17597710600,2994.795,3005.8746,2984.8177,2990.5057
100054000,2994.5384,2311200,25634100,1740123000,17623344700,2994.795,3005.8746,2984.8177,2990.5057
100059000,2994.7137,3145600,33541600,1743268600,17656886300,2994.795,3005.8746,2984.8177,2990.5057
100104000,2994.7914,2223500,25201500,1745492100,17682087800,2994.795,3005.8746,2984.8177,2990.5057
100109000,2994.7805,1715900,17005600,1747208000,17699093400,2994.795,3005.8746,2984.8177,2990.5057
100114000,2995.2542,2851800,30311900,1750059800,17729405300,2994.795,3005.8746,2984.8177,2990.5057
100119000,2995.1049,1989500,22362700,1752049300,17751768000,2994.795,3005.8746,2984.8177,2990.5057
100124000,2994.8101,2274800,23709500,1754324100,17775477500,2994.795,3005.8746,2984.8177,2990.5057
100129000,2995.1807,1875100,19375600,1756199200,17794853100,2994.795,3005.8746,2984.8177,2990.5057
100134000,2995.1337,2546000,28376800,1758745200,17823229900,2994.795,3005.8746,2984.8177,2990.5057
100139000,2994.4611,1982500,20542000,1760727700,17843771900,2994.795,3005.8746,2984.8177,2990.5057
100144000,2995.3034,2909800,33832000,1763637500,17877603900,2994.795,3005.8746,2984.8177,2990.5057
100149000,2994.7923,2073300,23618900,1765710800,17901222800,2994.795,3005.8746,2984.8177,2990.5057
100154000,2994.5797,4076800,37520000,1769787600,17938742800,2994.795,3005.8746,2984.8177,2990.5057
100159000,2994.6686,2181600,24220100,1771969200,17962962900,2994.795,3005.8746,2984.8177,2990.5057
100204000,2994.7654,2214500,23439500,1774183700,17986402400,2994.795,3005.8746,2984.8177,2990.5057
100209000,2995.0204,1579800,18271400,1775763500,18004673800,2994.795,3005.8746,2984.8177,2990.5057
100214000,2995.0071,2731600,26969300,1778495100,18031643100,2994.795,3005.8746,2984.8177,2990.5057
100219000,2995.3843,2648100,27149300,1781143200,18058792400,2994.795,3005.8746,2984.8177,2990.5057
100224000,2994.8893,2668300,25661500,1783811500,18084453900,2994.795,3005.8746,2984.8177,2990.5057
100229000,2995.0817,1722500,18900900,1785534000,18103354800,2994.795,3005.8746,2984.8177,2990.5057
100234000,2995.0195,2185000,25023500,1787719000,18128378300,2994.795,3005.8746,2984.8177,2990.5057
100239000,2994.5942,1644200,17218400,1789363200,18145596700,2994.795,3005.8746,2984.8177,2990.5057
100244000,2994.5846,3550400,38256100,1792913600,18183852800,2994.795,3005.8746,2984.8177,2990.5057
100249000,2994.4101,2178800,24164400,1795092400,18208017200,2994.795,3005.8746,2984.8177,2990.5057
100254000,2994.0721,3028000,30345100,1798120400,18238362300,2994.795,3005.8746,2984.8177,2990.5057
100259000,2994.5558,2807600,27717300,1800928000,18266079600,2994.795,3005.8746,2984.8177,2990.5057
100304000,2994.3242,3434100,37932700,1804362100,18304012300,2994.795,3005.8746,2984.8177,2990.5057
100309000,2993.8259,1895300,17692000,1806257400,18321704300,2994.795,3005.8746,2984.8177,2990.5057
100314000,2994.2114,2838700,28399900,1809096100,18350104200,2994.795,3005.8746,2984.8177,2990.5057
100319000,2994.4263,2860700,28002200,1811956800,18378106400,2994.795,3005.8746,2984.8177,2990.5057
100324000,2994.0801,2562600,26661300,1814519400,18404767700,2994.795,3005.8746,2984.8177,2990.5057
100329000,2994.3636,3215400,29283300,1817734800,18434051000,2994.795,3005.8746,2984.8177,2990.5057
100334000,2994.8705,2968600,29718800,1820703400,18463769800,2994.795,3005.8746,2984.8177,2990.5057
100339000,2994.6209,2614200,24456700,1823317600,18488226500,2994.795,3005.8746,2984.8177,2990.5057
100344000,2995.8098,6382500,59932100,1829700100,18548158600,2994.795,3005.8746,2984.8177,2990.5057
100349000,2997.1598,7214000,80050500,1836914100,18628209100,2994.795,3005.8746,2984.8177,2990.5057
100354000,2998.4432,6169600,67659400,1843083700,18695868500,2994.795,3005.8746,2984.8177,2990.5057
100359000,2999.4833,6445600,66478100,1849529300,18762346600,2994.795,3005.8746,2984.8177,2990.5057
100404000,2999.8923,8643000,97650600,1858172300,18859997200,2994.795,3005.8746,2984.8177,2990.5057
100409000,3000.4459,4475300,43504300,1862647600,18903501500,2994.795,3005.8746,2984.8177,2990.5057
100414000,3000.6146,4975500,55957800,1867623100,18959459300,2994.795,3005.8746,2984.8177,2990.5057
100419000,3000.8051,3882500,54093400,1871505600,19013552700,2994.795,3005.8746,2984.8177,2990.5057
100424000,3000.8956,4202700,48486600,1875708300,19062039300,2994.795,3005.8746,2984.8177,2990.5057
100429000,3002.1134,5048800,55612100,1880757100,19117651400,2994.795,3005.8746,2984.8177,2990.5057
100434000,3002.9092,5705000,72763100,1886462100,19190414500,2994.795,3005.8746,2984.8177,2990.5057
100439000,3002.5557,3877100,40643100,1890339200,19231057600,2994.795,3005.8746,2984.8177,2990.5057
100444000,3003.3615,5313700,65697600,1895652900,19296755200,2994.795,3005.8746,2984.8177,2990.5057
100449000,3003.4845,5360100,60951600,1901013000,19357706800,2994.795,3005.8746,2984.8177,2990.5057
100454000,3003.5292,3465800,36350300,1904478800,19394057100,2994.795,3005.8746,2984.8177,2990.5057
100459000,3003.2066,3257900,37272900,1907736700,19431330000,2994.795,3005.8746,2984.8177,2990.5057
100504000,3003.3541,4207600,46894100,1911944300,19478224100,2994.795,3005.8746,2984.8177,2990.5057
100509000,3003.1388,3578600,35853000,1915522900,19514077100,2994.795,3005.8746,2984.8177,2990.5057
100514000,3003.1741,4455100,45793500,1919978000,19559870600,2994.795,3005.8746,2984.8177,2990.5057
100519000,3003.6391,3196100,39621600,1923174100,19599492200,2994.795,3005.8746,2984.8177,2990.5057
100524000,3003.5042,3590800,36356000,1926764900,19635848200,2994.795,3005.8746,2984.8177,2990.5057
100529000,3003.3758,3359400,32870900,1930124300,19668719100,2994.795,3005.8746,2984.8177,2990.5057
100534000,3002.8489,4348200,40201700,1934472500,19708920800,2994.795,3005.8746,2984.8177,2990.5057
100539000,3002.2845,4001700,29210900,1938474200,19738131700,2994.795,3005.8746,2984.8177,2990.5057
100544000,3002.0532,3407600,36087800,1941881800,19774219500,2994.795,3005.8746,2984.8177,2990.5057
100549000,3001.7506,2924900,32659500,1944806700,19806879000,2994.795,3005.8746,2984.8177,2990.5057
100554000,3000.9527,3759300,36981600,1948566000,19843860600,2994.795,3005.8746,2984.8177,2990.5057
100559000,3001.5653,2996200,29843700,1951562200,19873704300,2994.795,3005.8746,2984.8177,2990.5057
100604000,3001.2614,3441200,38570300,1955003400,19912274600,2994.795,3005.8746,2984.8177,2990.5057
100609000,3000.9919,1584800,17689600,1956588200,19929964200,2994.795,3005.8746,2984.8177,2990.5057
100614000,3001.0753,3200100,36674400,1959788300,19966638600,2994.795,3005.8746,2984.8177,2990.5057
100619000,3000.8068,2379100,33928500,1962167400,20000567100,2994.795,3005.8746,2984.8177,2990.5057
100624000,3000.7692,2349400,23423600,1964516800,20023990700,2994.795,3005.8746,2984.8177,2990.5057
100629000,3000.5031,2501300,25078800,1967018100,20049069500,2994.795,3005.8746,2984.8177,2990.5057
100634000,3000.9351,2159300,29922700,1969177400,20078992200,2994.795,3005.8746,2984.8177,2990.5057
100639000,3000.5039,2099600,19484600,1971277000,20098476800,2994.795,3005.8746,2984.8177,2990.5057
100644000,3000.2191,2435600,26458200,1973712600,20124935000,2994.795,3005.8746,2984.8177,2990.5057
100649000,3000.0604,2409200,26262400,1976121800,20151197400,2994.795,3005.8746,2984.8177,2990.5057
100654000,2999.6778,2359000,23344500,1978480800,20174541900,2994.795,3005.8746,2984.8177,2990.5057
100659000,2999.8546,2306400,25100700,1980787200,20199642600,2994.795,3005.8746,2984.8177,2990.5057
100704000,2999.6651,1829900,22364900,1982617100,20222007500,2994.795,3005.8746,2984.8177,2990.5057
100709000,2999.5518,1946000,19623100,1984563100,20241630600,2994.795,3005.8746,2984.8177,2990.5057
100714000,2999.7211,2413000,32135400,1986976100,20273766000,2994.795,3005.8746,2984.8177,2990.5057
100719000,2999.891,2430100,29057700,1989406200,20302823700,2994.795,3005.8746,2984.8177,2990.5057
100724000,3000.6355,3063300,30349800,1992469500,20333173500,2994.795,3005.8746,2984.8177,2990.5057
100729000,3000.5765,2468800,24057200,1994938300,20357230700,2994.795,3005.8746,2984.8177,2990.5057
100734000,3001.198,3306000,38313800,1998244300,20395544500,2994.795,3005.8746,2984.8177,2990.5057
100739000,3000.8419,1710000,18020100,1999954300,20413564600,2994.795,3005.8746,2984.8177,2990.5057
100744000,3000.3329,3159900,28018000,2003114200,20441582600,2994.795,3005.8746,2984.8177,2990.5057
100749000,3000.4903,2330200,26486000,2005444400,20468068600,2994.795,3005.8746,2984.8177,2990.5057
100754000,2999.8163,1930300,21178700,2007374700,20489247300,2994.795,3005.8746,2984.8177,2990.5057
100759000,3000.1196,1887600,22433800,2009262300,20511681100,2994.795,3005.8746,2984.8177,2990.5057
100804000,2999.4491,3325000,35707300,2012587300,20547388400,2994.795,3005.8746,2984.8177,2990.5057
100809000,2999.5764,1930500,21588800,2014517800,20568977200,2994.795,3005.8746,2984.8177,2990.5057
100814000,3000.4577,3168200,36739700,2017686000,20605716900,2994.795,3005.8746,2984.8177,2990.5057
100819000,3000.4579,2369800,26747700,2020055800,20632464600,2994.795,3005.8746,2984.8177,2990.5057
100824000,3000.2143,1560500,19256500,2021616300,20651721100,2994.795,3005.8746,2984.8177,2990.5057
100829000,3000.2495,1702400,19213200,2023318700,20670934300,2994.795,3005.8746,2984.8177,2990.5057
100834000,3000.449,2345200,26349400,2025663900,20697283700,2994.795,3005.8746,2984.8177,2990.5057
100839000,2999.951,2211700,16436000,2027875600,20713719700,2994.795,3005.8746,2984.8177,2990.5057
100844000,2999.7764,2222800,25035900,2030098400,20738755600,2994.795,3005.8746,2984.8177,2990.5057
100849000,2999.5512,2217100,28968500,2032315500,20767724100,2994.795,3005.8746,2984.8177,2990.5057
100854000,2998.6267,3263600,32711800,2035579100,20800435900,2994.795,3005.8746,2984.8177,2990.5057
100859000,2998.4445,3638900,38953400,2039218000,20839389300,2994.795,3005.8746,2984.8177,2990.5057
100904000,2997.8819,5060000,45580600,2044278000,20884969900,2994.795,3005.8746,2984.8177,2990.5057
100909000,2997.7856,1996200,22923400,2046274200,20907893300,2994.795,3005.8746,2984.8177,2990.5057
100914000,2997.7667,3112500,33250300,2049386700,20941143600,2994.795,3005.8746,2984.8177,2990.5057
100919000,2997.889,3783000,34583600,2053169700,20975727200,2994.795,3005.8746,2984.8177,2990.5057
100924000,2997.7037,2609600,26753100,2055779300,21002480300,2994.795,3005.8746,2984.8177,2990.5057
100929000,2997.5504,1583100,18499300,2057362400,21020979600,2994.795,3005.8746,2984.8177,2990.5057
100934000,2997.3674,2752000,28877100,2060114400,21049856700,2994.795,3005.8746,2984.8177,2990.5057
100939000,2996.9845,1833600,17939800,2061948000,21067796500,2994.795,3005.8746,2984.8177,2990.5057
100944000,2996.6567,2450300,27852700,2064398300,21095649200,2994.795,3005.8746,2984.8177,2990.5057
100949000,2996.4236,2834600,31166500,2067232900,21126815700,2994.795,3005.8746,2984.8177,2990.5057
100954000,2996.2988,1840500,23211800,2069073400,21150027500,2994.795,3005.8746,2984.8177,2990.5057
100959000,2996.0989,1610100,20580000,2070683500,21170607500,2994.795,3005.8746,2984.8177,2990.5057
101004000,2996.2577,4827600,35370700,2075511100,21205978200,2994.795,3005.8746,2984.8177,2990.5057
101009000,2996.6017,1899700,18700100,2077410800,21224678300,2994.795,3005.8746,2984.8177,2990.5057
101014000,2995.9907,7948600,34005000,2085359400,21258683300,2994.795,3005.8746,2984.8177,2990.5057
101019000,2996.799,3084700,29473500,2088444100,21288156800,2994.795,3005.8746,2984.8177,2990.5057
101024000,2997.0408,2776700,27189800,2091220800,21315346600,2994.795,3005.8746,2984.8177,2990.5057
101029000,2996.822,1778800,20890000,2092999600,21336236600,2994.795,3005.8746,2984.8177,2990.5057
101034000,2997.0018,2326500,21934700,2095326100,21358171300,2994.795,3005.8746,2984.8177,2990.5057
101039000,2997.1159,1512400,14637400,2096838500,21372808700,2994.795,3005.8746,2984.8177,2990.5057
101044000,2996.8682,2279100,23438800,2099117600,21396247500,2994.795,3005.8746,2984.8177,2990.5057
101049000,2996.8202,2475600,25331600,2101593200,21421579100,2994.795,3005.8746,2984.8177,2990.5057
101054000,2996.8996,1893100,18715300,2103486300,21440294400,2994.795,3005.8746,2984.8177,2990.5057
101059000,2996.819,1572600,16447900,2105058900,21456742300,2994.795,3005.8746,2984.8177,2990.5057
101104000,2996.8401,2297200,22598600,2107356100,21479340900,2994.795,3005.8746,2984.8177,2990.5057
101109000,2996.4604,1746900,16764300,2109103000,21496105200,2994.795,3005.8746,2984.8177,2990.5057
101114000,2996.197,2895500,25281000,2111998500,21521386200,2994.795,3005.8746,2984.8177,2990.5057
101119000,2996.8126,2265000,23287500,2114263500,21544673700,2994.795,3005.8746,2984.8177,2990.5057
101124000,2996.7748,1743400,18854900,2116006900,21563528600,2994.795,3005.8746,2984.8177,2990.5057
101129000,2996.9925,1571600,17512500,2117578500,21581041100,2994.795,3005.8746,2984.8177,2990.5057
101134000,2996.8081,1708600,20532600,2119287100,21601573700,2994.795,3005.8746,2984.8177,2990.5057
101139000,2996.5619,1912400,19688500,2121199500,21621262200,2994.795,3005.8746,2984.8177,2990.5057
101144000,2996.7941,3044100,27999400,2124243600,21649261600,2994.795,3005.8746,2984.8177,2990.5057
101149000,2996.845,2504200,24868800,2126747800,21674130400,2994.795,3005.8746,2984.8177,2990.5057
101154000,2996.6725,2117500,20538700,2128865300,21694669100,2994.795,3005.8746,2984.8177,2990.5057
101159000,2996.5701,1516500,14931100,2130381800,21709600200,2994.795,3005.8746,2984.8177,2990.5057
101204000,2996.6788,3157100,29139200,2133538900,21738739400,2994.795,3005.8746,2984.8177,2990.5057
101208000,2996.5544,2003800,16686100,2135542700,21755425500,2994.795,3005.8746,2984.8177,2990.5057
101214000,2996.094,3140200,23243200,2138682900,21778668700,2994.795,3005.8746,2984.8177,2990.5057
101219000,2996.4691,2561800,25924700,2141244700,21804593400,2994.795,3005.8746,2984.8177,2990.5057
101224000,2996.5042,3590500,23366000,2144835200,21827959400,2994.795,3005.8746,2984.8177,2990.5057
101229000,2996.3156,3248300,21706200,2148083500,21849665600,2994.795,3005.8746,2984.8177,2990.5057
101234000,2996.1634,2174200,21514200,2150257700,21871179800,2994.795,3005.8746,2984.8177,2990.5057
101239000,2995.8449,1255800,12420600,2151513500,21883600400,2994.795,3005.8746,2984.8177,2990.5057
101244000,2996.353,1917600,19782900,2153431100,21903383300,2994.795,3005.8746,2984.8177,2990.5057
101249000,2995.8505,1841900,19418600,2155273000,21922801900,2994.795,3005.8746,2984.8177,2990.5057
101254000,2995.955,1892100,17918400,2157165100,21940720300,2994.795,3005.8746,2984.8177,2990.5057
101259000,2995.8918,1579700,17138200,2158744800,21957858500,2994.795,3005.8746,2984.8177,2990.5057
101304000,2995.8313,2232400,24892100,2160977200,21982750600,2994.795,3005.8746,2984.8177,2990.5057
101308000,2996.2743,3537000,28391100,2164514200,22011141700,2994.795,3005.8746,2984.8177,2990.5057
101314000,2997.1125,3777900,33551100,2168292100,22044692800,2994.795,3005.8746,2984.8177,2990.5057
101319000,2997.7636,3916800,46962300,2172208900,22091655100,2994.795,3005.8746,2984.8177,2990.5057
101324000,2997.9894,2618300,28452800,2174827200,22120107900,2994.795,3005.8746,2984.8177,2990.5057
101329000,2998.0152,2531900,25174900,2177359100,22145282800,2994.795,3005.8746,2984.8177,2990.5057
101334000,2998.4563,2349400,26804800,2179708500,22172087600,2994.795,3005.8746,2984.8177,2990.5057
101339000,2997.8092,1774700,19958800,2181483200,22192046400,2994.795,3005.8746,2984.8177,2990.5057
101344000,2997.6079,3100000,30763600,2184583200,22222810000,2994.795,3005.8746,2984.8177,2990.5057
101349000,2997.5334,2454000,27385100,2187037200,22250195100,2994.795,3005.8746,2984.8177,2990.5057
101354000,2997.3451,2154900,21275100,2189192100,22271470200,2994.795,3005.8746,2984.8177,2990.5057
101359000,2997.8785,1711200,15869000,2190903300,22287339200,2994.795,3005.8746,2984.8177,2990.5057
101404000,2997.5776,2420500,28099700,2193323800,22315438900,2994.795,3005.8746,2984.8177,2990.5057
101409000,2997.8444,1596000,16815500,2194919800,22332254400,2994.795,3005.8746,2984.8177,2990.5057
101414000,2997.6508,1814400,19589500,2196734200,22351843900,2994.795,3005.8746,2984.8177,2990.5057
101419000,2998.1296,2221900,25606100,2198956100,22377450000,2994.795,3005.8746,2984.8177,2990.5057
101424000,2998.4308,2182600,18726900,2201138700,22396176900,2994.795,3005.8746,2984.8177,2990.5057
101429000,2998.122,1779100,22666800,2202917800,22418843700,2994.795,3005.8746,2984.8177,2990.5057
101434000,2998.8482,2441700,27063900,2205359500,22445907600,2994.795,3005.8746,2984.8177,2990.5057
101439000,2998.896,1163900,12340400,2206523400,22458248000,2994.795,3005.8746,2984.8177,2990.5057
101444000,2999.0704,1851100,21948200,2208374500,22480196200,2994.795,3005.8746,2984.8177,2990.5057
101449000,2999.1908,2966000,40929000,2211340500,22521125200,2994.795,3005.8746,2984.8177,2990.5057
101454000,2999.1206,1529900,19897000,2212870400,22541022200,2994.795,3005.8746,2984.8177,2990.5057
101459000,2999.0198,1114100,14448300,2213984500,22555470500,2994.795,3005.8746,2984.8177,2990.5057
101504000,2998.5187,3061100,28486600,2217045600,22583957100,2994.795,3005.8746,2984.8177,2990.5057
101509000,2998.7993,1531100,16458300,2218576700,22600415400,2994.795,3005.8746,2984.8177,2990.5057
101514000,2998.4402,1515300,19665800,2220092000,22620081200,2994.795,3005.8746,2984.8177,2990.5057
101519000,2998.9649,2638700,27880500,2222730700,22647961700,2994.795,3005.8746,2984.8177,2990.5057
101524000,2998.9975,2141500,20636200,2224872200,22668597900,2994.795,3005.8746,2984.8177,2990.5057
101529000,2999.1485,1647100,17530800,2226519300,22686128700,2994.795,3005.8746,2984.8177,2990.5057
101534000,2998.9243,2846200,29455300,2229365500,22715584000,2994.795,3005.8746,2984.8177,2990.5057
101539000,2998.9448,1453800,16143100,2230819300,22731727100,2994.795,3005.8746,2984.8177,2990.5057
101544000,2998.3992,1606000,17953300,2232425300,22749680400,2994.795,3005.8746,2984.8177,2990.5057
101549000,2998.6438,2716000,32382300,2235141300,22782062700,2994.795,3005.8746,2984.8177,2990.5057
101554000,2998.2647,2026800,26087500,2237168100,22808150200,2994.795,3005.8746,2984.8177,2990.5057
101559000,2998.0336,1695100,16532100,2238863200,22824682300,2994.795,3005.8746,2984.8177,2990.5057
101604000,2998.0134,2271700,29542200,2241134900,22854224500,2994.795,3005.8746,2984.8177,2990.5057
101609000,2998.6549,1909200,19349400,2243044100,22873573900,2994.795,3005.8746,2984.8177,2990.5057
101614000,2998.2191,3502800,32301000,2246546900,22905874900,2994.795,3005.8746,2984.8177,2990.5057
101619000,2998.704,3983700,45543600,2250530600,22951418500,2994.795,3005.8746,2984.8177,2990.5057
101624000,3000.1786,3316600,37741000,2253847200,22989159500,2994.795,3005.8746,2984.8177,2990.5057
101629000,2999.6739,2139400,24066200,2255986600,23013225700,2994.795,3005.8746,2984.8177,2990.5057
101634000,2999.7431,2350300,28045700,2258336900,23041271400,2994.795,3005.8746,2984.8177,2990.5057
101639000,2999.8726,2208300,16335200,2260545200,23057606600,2994.795,3005.8746,2984.8177,2990.5057
101644000,2999.4003,2311200,26177800,2262856400,23083784400,2994.795,3005.8746,2984.8177,2990.5057
101649000,2999.7547,1898700,30127100,2264755100,23113911500,2994.795,3005.8746,2984.8177,2990.5057
101654000,3000.0552,1384600,17908200,2266139700,23131819700,2994.795,3005.8746,2984.8177,2990.5057
101659000,3000.3047,3169600,29848400,2269309300,23161668100,2994.795,3005.8746,2984.8177,2990.5057
101704000,2999.9678,6215200,60418300,2275524500,23222086400,2994.795,3005.8746,2984.8177,2990.5057
101709000,3001.9839,3768300,34590200,2279292800,23256676600,2994.795,3005.8746,2984.8177,2990.5057
101714000,3002.2951,5854100,64104700,2285146900,23320781300,2994.795,3005.8746,2984.8177,2990.5057
101719000,3002.8475,7896400,78151400,2293043300,23398932700,2994.795,3005.8746,2984.8177,2990.5057
101724000,3004.0261,6017000,59139100,2299060300,23458071800,2994.795,3005.8746,2984.8177,2990.5057
101729000,3004.2117,4212500,51453300,2303272800,23509525100,2994.795,3005.8746,2984.8177,2990.5057
101734000,3003.9262,5398500,62421400,2308671300,23571946500,2994.795,3005.8746,2984.8177,2990.5057
101739000,3003.8565,2934800,28286300,2311606100,23600232800,2994.795,3005.8746,2984.8177,2990.5057
101744000,3004.3349,4994700,56958000,2316600800,23657190800,2994.795,3005.8746,2984.8177,2990.5057
101749000,3004.4168,4874400,53886400,2321475200,23711077200,2994.795,3005.8746,2984.8177,2990.5057
101754000,3004.4267,4233800,44395600,2325709000,23755472800,2994.795,3005.8746,2984.8177,2990.5057
101759000,3004.6829,2920600,36086500,2328629600,23791559300,2994.795,3005.8746,2984.8177,2990.5057
101804000,3004.1051,5666000,55922700,2334295600,23847482000,2994.795,3005.8746,2984.8177,2990.5057
101809000,3004.8413,3208100,37166200,2337503700,23884648200,2994.795,3005.8746,2984.8177,2990.5057
101814000,3004.1948,5183600,53003500,2342687300,23937651700,2994.795,3005.8746,2984.8177,2990.5057
101819000,3004.465,3691300,38305600,2346378600,23975957300,2994.795,3005.8746,2984.8177,2990.5057
101824000,3004.189,3272800,35344800,2349651400,24011302100,2994.795,3005.8746,2984.8177,2990.5057
101829000,3004.5308,2836500,38621200,2352487900,24049923300,2994.795,3005.8746,2984.8177,2990.5057
101834000,3004.0966,3103900,32893400,2355591800,24082816700,2994.795,3005.8746,2984.8177,2990.5057
101839000,3003.7267,3416600,29978800,2359008400,24112795500,2994.795,3005.8746,2984.8177,2990.5057
101844000,3004.0344,2393900,29302700,2361402300,24142098200,2994.795,3005.8746,2984.8177,2990.5057
101849000,3003.7451,3159300,35328500,2364561600,24177426700,2994.795,3005.8746,2984.8177,2990.5057
101854000,3003.6637,2545700,29537800,2367107300,24206964500,2994.795,3005.8746,2984.8177,2990.5057
101859000,3003.1124,2006900,20326000,2369114200,24227290500,2994.795,3005.8746,2984.8177,2990.5057
101904000,3003.3614,2830800,32618000,2371945000,24259908500,2994.795,3005.8746,2984.8177,2990.5057
101909000,3003.5838,1960100,19168300,2373905100,24279076800,2994.795,3005.8746,2984.8177,2990.5057
101914000,3002.8771,4948600,32057800,2378853700,24311134600,2994.795,3005.8746,2984.8177,2990.5057
101919000,3003.117,1906600,21572800,2380760300,24332707400,2994.795,3005.8746,2984.8177,2990.5057
101924000,3003.1673,1935500,20696100,2382695800,24353403500,2994.795,3005.8746,2984.8177,2990.5057
101929000,3003.428,1378800,20451600,2384074600,24373855100,2994.795,3005.8746,2984.8177,2990.5057
101934000,3003.6269,1949200,22787600,2386023800,24396642700,2994.795,3005.8746,2984.8177,2990.5057
101939000,3003.0624,828000,10360900,2386851800,24407003600,2994.795,3005.8746,2984.8177,2990.5057
101944000,3003.0607,3061000,29008500,2389912800,24436012100,2994.795,3005.8746,2984.8177,2990.5057
101949000,3003.1959,3465200,30508200,2393378000,24466520300,2994.795,3005.8746,2984.8177,2990.5057
101954000,3003.3321,2017200,19642900,2395395200,24486163200,2994.795,3005.8746,2984.8177,2990.5057
101959000,3002.757,1833600,25914700,2397228800,24512077900,2994.795,3005.8746,2984.8177,2990.5057
102004000,3002.7024,2169200,21496300,2399398000,24533574200,2994.795,3005.8746,2984.8177,2990.5057
102009000,3002.9027,1426100,14540300,2400824100,24548114500,2994.795,3005.8746,2984.8177,2990.5057
102014000,3002.6246,1953500,22380700,2402777600,24570495200,2994.795,3005.8746,2984.8177,2990.5057
102019000,3002.4041,3025800,26529500,2405803400,24597024700,2994.795,3005.8746,2984.8177,2990.5057
102024000,3002.626,2586100,27069500,2408389500,24624094200,2994.795,3005.8746,2984.8177,2990.5057
102029000,3002.3913,1453800,18377200,2409843300,24642471400,2994.795,3005.8746,2984.8177,2990.5057
102034000,3002.7992,2117400,22770400,2411960700,24665241800,2994.795,3005.8746,2984.8177,2990.5057
102039000,3002.3508,1505400,14592000,2413466100,24679833800,2994.795,3005.8746,2984.8177,2990.5057
102044000,3002.3215,1884100,22834200,2415350200,24702668000,2994.795,3005.8746,2984.8177,2990.5057
102049000,3002.0585,2050200,23632700,2417400400,24726300700,2994.795,3005.8746,2984.8177,2990.5057
102054000,3002.0353,1999600,20863200,2419400000,24747163900,2994.795,3005.8746,2984.8177,2990.5057
102059000,3001.8982,1339700,18036300,2420739700,24765200200,2994.795,3005.8746,2984.8177,2990.5057
102104000,3001.7803,1914300,20718800,2422654000,24785919000,2994.795,3005.8746,2984.8177,2990.5057
102109000,3002.214,1533500,17123100,2424187500,24803042100,2994.795,3005.8746,2984.8177,2990.5057
102114000,3001.6846,2469400,25237000,2426656900,24828279100,2994.795,3005.8746,2984.8177,2990.5057
102119000,3002.021,2864500,28357500,2429521400,24856636600,2994.795,3005.8746,2984.8177,2990.5057
102124000,3004.1674,5377600,51317400,2434899000,24907954000,2994.795,3005.8746,2984.8177,2990.5057
102129000,3004.7961,6701000,68187500,2441600000,24976141500,2994.795,3005.8746,2984.8177,2990.5057
102134000,3004.6293,6103500,67450400,2447703500,25043591900,2994.795,3005.8746,2984.8177,2990.5057
102139000,3005.2679,2424800,36983100,2450128300,25080575000,2994.795,3005.8746,2984.8177,2990.5057
102144000,3004.5617,2637300,31381600,2452765600,25111956600,2994.795,3005.8746,2984.8177,2990.5057
102149000,3004.6279,2226300,28600400,2454991900,25140557000,2994.795,3005.8746,2984.8177,2990.5057
102154000,3005.0562,2470100,27268700,2457462000,25167825700,2994.795,3005.8746,2984.8177,2990.5057
102159000,3004.661,2022400,24757800,2459484400,25192583500,2994.795,3005.8746,2984.8177,2990.5057
102204000,3004.3485,2875400,33614000,2462359800,25226197500,2994.795,3005.8746,2984.8177,2990.5057
102209000,3004.5286,1315700,16811000,2463675500,25243008500,2994.795,3005.8746,2984.8177,2990.5057
102214000,3004.3768,2333200,28587700,2466008700,25271596200,2994.795,3005.8746,2984.8177,2990.5057
102219000,3004.5755,2741000,32516100,2468749700,25304112300,2994.795,3005.8746,2984.8177,2990.5057
102224000,3004.7961,1649200,21704900,2470398900,25325817200,2994.795,3005.8746,2984.8177,2990.5057
102229000,3004.8463,1223600,19704100,2471622500,25345521300,2994.795,3005.8746,2984.8177,2990.5057
102234000,3004.0894,2608500,31647000,2474231000,25377168300,2994.795,3005.8746,2984.8177,2990.5057
102239000,3004.1631,1783700,23640900,2476014700,25400809200,2994.795,3005.8746,2984.8177,2990.5057
102244000,3004.2297,2770700,29619400,2478785400,25430428600,2994.795,3005.8746,2984.8177,2990.5057
102249000,3004.3645,2255800,24148700,2481041200,25454577300,2994.795,3005.8746,2984.8177,2990.5057
102254000,3004.2233,3477800,29244400,2484519000,25483821700,2994.795,3005.8746,2984.8177,2990.5057
102259000,3003.9995,1953000,20453200,2486472000,25504274900,2994.795,3005.8746,2984.8177,2990.5057
102304000,3003.9636,3084100,27992800,2489556100,25532267700,2994.795,3005.8746,2984.8177,2990.5057
102309000,3005.2683,1913900,22200800,2491470000,25554468500,2994.795,3005.8746,2984.8177,2990.5057
102314000,3006.793,6648700,69039900,2498118700,25623508400,2994.795,3006.7966,2984.8177,2990.5057
102319000,3006.3646,4710000,55851200,2502828700,25679359600,2994.795,3006.7966,2984.8177,2990.5057
102324000,3006.8392,3140500,31322100,2505969200,25710681700,2994.795,3006.8508,2984.8177,2990.5057
102329000,3007.0881,3160600,35307200,2509129800,25745988900,2994.795,3007.0881,2984.8177,2990.5057
102334000,3007.0016,4297600,46265100,2513427400,25792254000,2994.795,3007.3159,2984.8177,2990.5057
102339000,3007.2094,2459800,32347100,2515887200,25824601100,2994.795,3007.3159,2984.8177,2990.5057
102344000,3007.7168,3525600,50585600,2519412800,25875186700,2994.795,3007.7168,2984.8177,2990.5057
102349000,3007.2665,3553400,39108000,2522966200,25914294700,2994.795,3007.7168,2984.8177,2990.5057
102354000,3007.6835,3551600,39173900,2526517800,25953468600,2994.795,3007.9513,2984.8177,2990.5057
102359000,3007.2419,2969000,32112300,2529486800,25985580900,2994.795,3007.9513,2984.8177,2990.5057
102404000,3007.5718,3955600,42780300,2533442400,26028361200,2994.795,3007.9513,2984.8177,2990.5057
102409000,3008.247,4512200,39970100,2537954600,26068331300,2994.795,3008.4465,2984.8177,2990.5057
102414000,3009.1831,5734700,59727200,2543689300,26128058500,2994.795,3009.2024,2984.8177,2990.5057
102419000,3009.2125,3881000,42636700,2547570300,26170695200,2994.795,3009.2125,2984.8177,2990.5057
102424000,3009.6619,3651600,37060100,2551221900,26207755300,2994.795,3009.7375,2984.8177,2990.5057
102429000,3009.7154,2598500,28459200,2553820400,26236214500,2994.795,3009.8184,2984.8177,2990.5057
102434000,3009.822,4269600,45838900,2558090000,26282053400,2994.795,3009.861,2984.8177,2990.5057
102439000,3009.3223,2570300,28313200,2560660300,26310366600,2994.795,3009.861,2984.8177,2990.5057
102444000,3009.7929,2967100,37580200,2563627400,26347946800,2994.795,3009.9008,2984.8177,2990.5057
102449000,3009.239,2489400,30325400,2566116800,26378272200,2994.795,3009.9008,2984.8177,2990.5057
102454000,3009.8527,2630900,31575500,2568747700,26409847700,2994.795,3009.907,2984.8177,2990.5057
102459000,3009.2196,2229000,26068600,2570976700,26435916300,2994.795,3009.907,2984.8177,2990.5057
102504000,3009.0473,5158500,47603100,2576135200,26483519400,2994.795,3009.907,2984.8177,2990.5057
102509000,3009.3361,2645400,29441100,2578780600,26512960500,2994.795,3009.907,2984.8177,2990.5057
102514000,3008.9115,2829700,35988700,2581610300,26548949200,2994.795,3009.907,2984.8177,2990.5057
102519000,3009.385,3907000,34205000,2585517300,26583154200,2994.795,3009.907,2984.8177,2990.5057
102524000,3009.1925,2867100,28480200,2588384400,26611634400,2994.795,3009.907,2984.8177,2990.5057
102529000,3009.6633,2115400,25031000,2590499800,26636665400,2994.795,3009.907,2984.8177,2990.5057
102534000,3009.4117,3232700,34581700,2593732500,26671247100,2994.795,3009.907,2984.8177,2990.5057
102539000,3009.3515,2021000,22370800,2595753500,26693617900,2994.795,3009.907,2984.8177,2990.5057
102544000,3009.0763,2167600,27653400,2597921100,26721271300,2994.795,3009.907,2984.8177,2990.5057
102549000,3009.0657,2155000,25391300,2600076100,26746662600,2994.795,3009.907,2984.8177,2990.5057
102554000,3009.4126,2354300,24285600,2602430400,26770948200,2994.795,3009.907,2984.8177,2990.5057
102559000,3009.0978,1834400,21597200,2604264800,26792545400,2994.795,3009.907,2984.8177,2990.5057
102604000,3009.191,3913200,38245200,2608178000,26830790600,2994.795,3009.907,2984.8177,2990.5057
102609000,3009.5368,2650700,24149300,2610828700,26854939900,2994.795,3009.907,2984.8177,2990.5057
102614000,3009.2284,2366100,27101500,2613194800,26882041400,2994.795,3009.907,2984.8177,2990.5057
102619000,3009.1474,3849200,38241700,2617044000,26920283100,2994.795,3009.907,2984.8177,2990.5057
102624000,3009.3264,2963700,29170400,2620007700,26949453500,2994.795,3009.907,2984.8177,2990.5057
102629000,3009.5921,2759000,26847300,2622766700,26976300800,2994.795,3009.907,2984.8177,2990.5057
102634000,3009.7057,2966200,27037400,2625732900,27003338200,2994.795,3009.907,2984.8177,2990.5057
102639000,3009.8248,2704300,25251000,2628437200,27028589200,2994.795,3009.9584,2984.8177,2990.5057
102644000,3010.9114,5749800,60600500,2634187000,27089189700,2994.795,3011.122,2984.8177,2990.5057
102649000,3012.2442,7561000,91399500,2641748000,27180589200,2994.795,3012.3208,2984.8177,2990.5057
102654000,3012.4828,5074300,56440600,2646822300,27237029800,2994.795,3012.4828,2984.8177,2990.5057
102659000,3012.2681,3945200,43429500,2650767500,27280459300,2994.795,3012.4828,2984.8177,2990.5057
102704000,3012.4257,5032000,61794900,2655799500,27342254200,2994.795,3012.6888,2984.8177,2990.5057
102709000,3012.4462,4973300,41960200,2660772800,27384214400,2994.795,3012.6888,2984.8177,2990.5057
102714000,3012.3232,3808800,46338200,2664581600,27430552600,2994.795,3012.6888,2984.8177,2990.5057
102719000,3012.7258,4211100,42551300,2668792700,27473103900,2994.795,3012.9513,2984.8177,2990.5057
102724000,3012.7123,6021100,47113800,2674813800,27520217700,2994.795,3012.9513,2984.8177,2990.5057
102729000,3013.3376,4219800,35417900,2679033600,27555635600,2994.795,3013.3908,2984.8177,2990.5057
102734000,3013.161,5339800,48135700,2684373400,27603771300,2994.795,3013.3908,2984.8177,2990.5057
102739000,3013.3274,3820700,35999500,2688194100,27639770800,2994.795,3013.3908,2984.8177,2990.5057
102744000,3013.5395,4766600,41275000,2692960700,27681045800,2994.795,3013.5395,2984.8177,2990.5057
102749000,3013.6401,3425100,36813200,2696385800,27717859000,2994.795,3013.7606,2984.8177,2990.5057
102754000,3013.458,3265800,33550900,2699651600,27751409900,2994.795,3013.7606,2984.8177,2990.5057
102759000,3013.5028,2737500,29990300,2702389100,27781400200,2994.795,3013.7606,2984.8177,2990.5057
102804000,3013.4154,3821400,44605500,2706210500,27826005700,2994.795,3013.941,2984.8177,2990.5057
102809000,3014.3102,3900900,42304700,2710111400,27868310400,2994.795,3014.6089,2984.8177,2990.5057
102814000,3014.6549,4239600,41654600,2714351000,27909965000,2994.795,3014.6549,2984.8177,2990.5057
102819000,3014.6843,4067000,42118300,2718418000,27952083300,2994.795,3014.7723,2984.8177,2990.5057
102824000,3015.1769,4060200,42524500,2722478200,27994607800,2994.795,3015.1769,2984.8177,2990.5057
102829000,3015.5603,3211500,30065400,2725689700,28024673200,2994.795,3015.5603,2984.8177,2990.5057
102834000,3015.2679,3336100,36451000,2729025800,28061124200,2994.795,3015.5603,2984.8177,2990.5057
102839000,3015.5702,3467500,37192100,2732493300,28098316300,2994.795,3015.5889,2984.8177,2990.5057
102844000,3015.9245,4637400,52886300,2737130700,28151202600,2994.795,3015.9245,2984.8177,2990.5057
102849000,3015.5899,3585400,46523500,2740716100,28197726100,2994.795,3015.9245,2984.8177,2990.5057
102854000,3015.7737,3219600,35204100,2743935700,28232930200,2994.795,3015.9245,2984.8177,2990.5057
102859000,3015.5984,1678200,22379700,2745613900,28255309900,2994.795,3015.9245,2984.8177,2990.5057
102904000,3015.7789,2827000,34802600,2748440900,28290112500,2994.795,3016.1022,2984.8177,2990.5057
102909000,3017.248,2774300,34289200,2751215200,28324401700,2994.795,3017.248,2984.8177,2990.5057
102914000,3016.3941,4083700,37765700,2755298900,28362167400,2994.795,3017.248,2984.8177,2990.5057
102919000,3015.8641,2840300,29776000,2758139200,28391943400,2994.795,3017.248,2984.8177,2990.5057
102924000,3016.5493,3909000,44430800,2762048200,28436374200,2994.795,3017.248,2984.8177,2990.5057
102929000,3016.6396,1514800,19643100,2763563000,28456017300,2994.795,3017.248,2984.8177,2990.5057
102934000,3016.7017,3159500,34568000,2766722500,28490585300,2994.795,3017.248,2984.8177,2990.5057
102939000,3016.5559,3219600,31323000,2769942100,28521908300,2994.795,3017.248,2984.8177,2990.5057
102944000,3016.9204,4425800,41664700,2774367900,28563573000,2994.795,3017.248,2984.8177,2990.5057
102949000,3016.8313,3471400,42667900,2777839300,28606240900,2994.795,3017.248,2984.8177,2990.5057
102954000,3017.206,3758400,42110200,2781597700,28648351100,2994.795,3017.4882,2984.8177,2990.5057
102959000,3017.5183,3348700,47481300,2784946400,28695832400,2994.795,3017.556,2984.8177,2990.5057
103004000,3017.5611,3750900,52927600,2788697300,28748760000,2994.795,3017.6057,2984.8177,2990.5057
103009000,3018.6726,6603300,64647700,2795300600,28813407700,2994.795,3018.8387,2984.8177,2990.5057
103014000,3019.1697,9816000,108397200,2805116600,28921804900,2994.795,3019.3669,2984.8177,2990.5057
103019000,3020.4577,10117900,114152400,2815234500,29035957300,2994.795,3020.5467,2984.8177,2990.5057
103024000,3021.2965,12196200,123608400,2827430700,29159565700,2994.795,3021.7136,2984.8177,2990.5057
103029000,3022.3916,6730600,72862600,2834161300,29232428300,2994.795,3022.4568,2984.8177,2990.5057
103034000,3022.5796,8210500,84510100,2842371800,29316938400,2994.795,3022.9593,2984.8177,2990.5057
103039000,3023.4175,5196700,56746700,2847568500,29373685100,2994.795,3023.5639,2984.8177,2990.5057
103044000,3022.9255,6085700,71172200,2853654200,29444857300,2994.795,3023.5639,2984.8177,2990.5057
103049000,3023.4183,6482400,73808700,2860136600,29518666000,2994.795,3023.5639,2984.8177,2990.5057
103054000,3023.5997,6937800,68866900,2867074400,29587532900,2994.795,3023.7604,2984.8177,2990.5057
103059000,3023.6749,6934100,65001000,2874008500,29652533900,2994.795,3024.0751,2984.8177,2990.5057
103104000,3024.0611,6024800,74662800,2880033300,29727196700,2994.795,3024.0751,2984.8177,2990.5057
103109000,3024.3525,5659600,60778200,2885692900,29787974900,2994.795,3024.3525,2984.8177,2990.5057
103114000,3023.5041,6607300,76029300,2892300200,29864004200,2994.795,3024.3525,2984.8177,2990.5057
103119000,3023.6708,4956300,54227200,2897256500,29918231400,2994.795,3024.3525,2984.8177,2990.5057
103124000,3023.4309,4702100,50677800,2901958600,29968909200,2994.795,3024.3525,2984.8177,2990.5057
103129000,3023.4204,2710800,34368800,2904669400,30003278000,2994.795,3024.3525,2984.8177,2990.5057
103134000,3023.3909,4570300,53793500,2909239700,30057071500,2994.795,3024.3525,2984.8177,2990.5057
103139000,3022.5226,4285200,51792200,2913524900,30108863700,2994.795,3024.3525,2984.8177,2990.5057
103144000,3021.9562,4603300,50853300,2918128200,30159717000,2994.795,3024.3525,2984.8177,2990.5057
103149000,3021.3628,5958500,62663000,2924086700,30222380000,2994.795,3024.3525,2984.8177,2990.5057
103154000,3021.1787,4788700,49592600,2928875400,30271972600,2994.795,3024.3525,2984.8177,2990.5057
103159000,3020.6163,3040200,34584400,2931915600,30306557000,2994.795,3024.3525,2984.8177,2990.5057
103204000,3020.0945,3935200,39410600,2935850800,30345967600,2994.795,3024.3525,2984.8177,2990.5057
103209000,3020.6375,2998700,36609200,2938849500,30382576800,2994.795,3024.3525,2984.8177,2990.5057
103214000,3020.5612,2875300,31412600,2941724800,30413989400,2994.795,3024.3525,2984.8177,2990.5057
103219000,3019.8604,2928300,32708400,2944653100,30446697800,2994.795,3024.3525,2984.8177,2990.5057
103224000,3020.442,3077500,32923200,2947730600,30479621000,2994.795,3024.3525,2984.8177,2990.5057
103229000,3020.1061,2055300,21743500,2949785900,30501364500,2994.795,3024.3525,2984.8177,2990.5057
103234000,3019.995,2954800,32799200,2952740700,30534163700,2994.795,3024.3525,2984.8177,2990.5057
103239000,3019.5507,2232600,24251200,2954973300,30558414900,2994.795,3024.3525,2984.8177,2990.5057
103244000,3019.4677,2761900,30569500,2957735200,30588984400,2994.795,3024.3525,2984.8177,2990.5057
103249000,3019.4704,4308500,40700600,2962043700,30629685000,2994.795,3024.3525,2984.8177,2990.5057
103254000,3018.9374,2566100,27407700,2964609800,30657092700,2994.795,3024.3525,2984.8177,2990.5057
103259000,3018.2372,2517500,30158000,2967127300,30687250700,2994.795,3024.3525,2984.8177,2990.5057
103304000,3018.3146,2350900,30770400,2969478200,30718021100,2994.795,3024.3525,2984.8177,2990.5057
103309000,3018.5856,2151400,24366400,2971629600,30742387500,2994.795,3024.3525,2984.8177,2990.5057
103314000,3018.3537,3490300,35378600,2975119900,30777766100,2994.795,3024.3525,2984.8177,2990.5057
103319000,3018.9241,3683400,36651800,2978803300,30814417900,2994.795,3024.3525,2984.8177,2990.5057
103324000,3019.6333,3415300,37763700,2982218600,30852181600,2994.795,3024.3525,2984.8177,2990.5057
103329000,3019.6407,2230800,25493000,2984449400,30877674600,2994.795,3024.3525,2984.8177,2990.5057
103334000,3018.7547,2201000,23774000,2986650400,30901448600,2994.795,3024.3525,2984.8177,2990.5057
103339000,3018.8653,2573100,27663900,2989223500,30929112500,2994.795,3024.3525,2984.8177,2990.5057
103344000,3018.74,2927000,28365900,2992150500,30957478400,2994.795,3024.3525,2984.8177,2990.5057
103349000,3018.4063,2405400,27671000,2994555900,30985149400,2994.795,3024.3525,2984.8177,2990.5057
103354000,3018.7291,2306900,28185100,2996862800,31013334500,2994.795,3024.3525,2984.8177,2990.5057
103359000,3017.8212,1694100,18654900,2998556900,31031989400,2994.795,3024.3525,2984.8177,2990.5057
103404000,3017.1016,2424800,24964100,3000981700,31056953500,2994.795,3024.3525,2984.8177,2990.5057
103409000,3017.5662,2172200,21009800,3003153900,31077963300,2994.795,3024.3525,2984.8177,2990.5057
103414000,3017.288,2215600,23804700,3005369500,31101768000,2994.795,3024.3525,2984.8177,2990.5057
103419000,3017.6968,2221400,26695000,3007590900,31128463000,2994.795,3024.3525,2984.8177,2990.5057
103424000,3018.5492,5123600,51511900,3012714500,31179974900,2994.795,3024.3525,2984.8177,2990.5057
103429000,3018.444,2241500,22835400,3014956000,31202810300,2994.795,3024.3525,2984.8177,2990.5057
103434000,3017.9822,2008800,22770500,3016964800,31225580800,2994.795,3024.3525,2984.8177,2990.5057
103439000,3017.96,1751200,22108600,3018716000,31247689400,2994.795,3024.3525,2984.8177,2990.5057
103444000,3017.6349,2076400,25634500,3020792400,31273323900,2994.795,3024.3525,2984.8177,2990.5057
103449000,3017.7783,1623500,20873200,3022415900,31294197100,2994.795,3024.3525,2984.8177,2990.5057
103454000,3017.7269,2241100,22842100,3024657000,31317039200,2994.795,3024.3525,2984.8177,2990.5057
103459000,3017.3486,1745100,18381100,3026402100,31335420300,2994.795,3024.3525,2984.8177,2990.5057
103504000,3017.2094,1693700,22668200,3028095800,31358088500,2994.795,3024.3525,2984.8177,2990.5057
103509000,3017.1103,2324800,22733000,3030420600,31380821500,2994.795,3024.3525,2984.8177,2990.5057
103514000,3016.7176,2580100,25386600,3033000700,31406208100,2994.795,3024.3525,2984.8177,2990.5057
103519000,3017.7625,2111000,22929700,3035111700,31429137800,2994.795,3024.3525,2984.8177,2990.5057
103524000,3017.9047,2513500,24980800,3037625200,31454118600,2994.795,3024.3525,2984.8177,2990.5057
103529000,3017.6773,2104500,24824400,3039729700,31478943000,2994.795,3024.3525,2984.8177,2990.5057
103534000,3017.7687,1891800,20500600,3041621500,31499443600,2994.795,3024.3525,2984.8177,2990.5057
103539000,3017.5672,1994300,20611400,3043615800,31520055000,2994.795,3024.3525,2984.8177,2990.5057
103544000,3017.7184,2135300,24616400,3045751100,31544671400,2994.795,3024.3525,2984.8177,2990.5057
103549000,3017.2823,1684900,20158500,3047436000,31564829900,2994.795,3024.3525,2984.8177,2990.5057
103554000,3017.173,1996800,23328800,3049432800,31588158700,2994.795,3024.3525,2984.8177,2990.5057
103559000,3016.8969,1703600,17664500,3051136400,31605823200,2994.795,3024.3525,2984.8177,2990.5057
103604000,3016.8428,2200100,28953000,3053336500,31634776200,2994.795,3024.3525,2984.8177,2990.5057
103609000,3017.2235,2158500,22650400,3055495000,31657426600,2994.795,3024.3525,2984.8177,2990.5057
103614000,3016.8434,1808600,20964400,3057303600,31678391000,2994.795,3024.3525,2984.8177,2990.5057
103619000,3016.1936,1422400,14851400,3058726000,31693242400,2994.795,3024.3525,2984.8177,2990.5057
103624000,3017.0032,1657900,20919400,3060383900,31714161800,2994.795,3024.3525,2984.8177,2990.5057
103629000,3017.0789,1628000,17450300,3062011900,31731612100,2994.795,3024.3525,2984.8177,2990.5057
103634000,3016.668,1750700,21250500,3063762600,31752862600,2994.795,3024.3525,2984.8177,2990.5057
103639000,3016.3113,1653400,17927600,3065416000,31770790200,2994.795,3024.3525,2984.8177,2990.5057
103644000,3017.1137,2024300,23098600,3067440300,31793888800,2994.795,3024.3525,2984.8177,2990.5057
103649000,3017.103,2038700,23938700,3069479000,31817827500,2994.795,3024.3525,2984.8177,2990.5057
103654000,3016.6764,1748000,19198500,3071227000,31837026000,2994.795,3024.3525,2984.8177,2990.5057
103659000,3016.4971,1117000,14364900,3072344000,31851390900,2994.795,3024.3525,2984.8177,2990.5057
103704000,3017.107,1968600,21883200,3074312600,31873274100,2994.795,3024.3525,2984.8177,2990.5057
103709000,3016.4595,1860600,20697800,3076173200,31893971900,2994.795,3024.3525,2984.8177,2990.5057
103714000,3016.156,1731400,20875400,3077904600,31914847300,2994.795,3024.3525,2984.8177,2990.5057
103719000,3017.2017,1897000,20059500,3079801600,31934906800,2994.795,3024.3525,2984.8177,2990.5057
103724000,3016.1877,1664400,17591000,3081466000,31952497800,2994.795,3024.3525,2984.8177,2990.5057
103729000,3016.4194,1298300,14104700,3082764300,31966602500,2994.795,3024.3525,2984.8177,2990.5057
103734000,3015.9245,2176500,23649400,3084940800,31990251900,2994.795,3024.3525,2984.8177,2990.5057
103739000,3015.795,1081600,15239900,3086022400,32005491800,2994.795,3024.3525,2984.8177,2990.5057
103744000,3015.2145,1787900,22073000,3087810300,32027564800,2994.795,3024.3525,2984.8177,2990.5057
103749000,3015.5793,1977900,22934800,3089788200,32050499600,2994.795,3024.3525,2984.8177,2990.5057
103754000,3014.9586,1873200,22374600,3091661400,32072874200,2994.795,3024.3525,2984.8177,2990.5057
103759000,3014.9427,1790800,19699400,3093452200,32092573600,2994.795,3024.3525,2984.8177,2990.5057
103804000,3013.9759,1859400,23789100,3095311600,32116362700,2994.795,3024.3525,2984.8177,2990.5057
103809000,3014.2671,1537200,17637200,3096848800,32133999900,2994.795,3024.3525,2984.8177,2990.5057
103814000,3013.8493,1364500,18174900,3098213300,32152174800,2994.795,3024.3525,2984.8177,2990.5057
103819000,3013.8513,1656700,21865300,3099870000,32174040100,2994.795,3024.3525,2984.8177,2990.5057
103824000,3015.0605,1948600,24501100,3101818600,32198541200,2994.795,3024.3525,2984.8177,2990.5057
103829000,3015.1238,2193800,19908800,3104012400,32218450000,2994.795,3024.3525,2984.8177,2990.5057
103834000,3014.7213,1591100,18938000,3105603500,32237388000,2994.795,3024.3525,2984.8177,2990.5057
103839000,3014.6858,1477300,16011300,3107080800,32253399300,2994.795,3024.3525,2984.8177,2990.5057
103844000,3014.6906,1513700,17326500,3108594500,32270725800,2994.795,3024.3525,2984.8177,2990.5057
103849000,3014.5571,2708100,21516100,3111302600,32292241900,2994.795,3024.3525,2984.8177,2990.5057
103854000,3014.55,1340000,19267100,3112642600,32311509000,2994.795,3024.3525,2984.8177,2990.5057
103859000,3014.212,1282100,14093400,3113924700,32325602400,2994.795,3024.3525,2984.8177,2990.5057
103904000,3013.789,1700600,22657400,3115625300,32348259800,2994.795,3024.3525,2984.8177,2990.5057
103909000,3013.8462,2387100,33263400,3118012400,32381523200,2994.795,3024.3525,2984.8177,2990.5057
103914000,3014.1764,2156400,23973000,3120168800,32405496200,2994.795,3024.3525,2984.8177,2990.5057
103919000,3014.779,2499700,21750800,3122668500,32427247000,2994.795,3024.3525,2984.8177,2990.5057
103924000,3015.1556,2288900,23706500,3124957400,32450953500,2994.795,3024.3525,2984.8177,2990.5057
103929000,3016.3047,2390400,25539600,3127347800,32476493100,2994.795,3024.3525,2984.8177,2990.5057
103934000,3016.8168,3297300,34884700,3130645100,32511377800,2994.795,3024.3525,2984.8177,2990.5057
103939000,3016.7581,3520100,37071400,3134165200,32548449200,2994.795,3024.3525,2984.8177,2990.5057
103944000,3017.363,2439300,27831100,3136604500,32576280300,2994.795,3024.3525,2984.8177,2990.5057
103949000,3016.9994,2582300,24523100,3139186800,32600803400,2994.795,3024.3525,2984.8177,2990.5057
103954000,3017.0026,1642900,20181500,3140829700,32620984900,2994.795,3024.3525,2984.8177,2990.5057
103959000,3016.7,1549800,17213300,3142379500,32638198200,2994.795,3024.3525,2984.8177,2990.5057
104004000,3015.9838,1510100,19093100,3143889600,32657291300,2994.795,3024.3525,2984.8177,2990.5057
104009000,3016.2086,2822600,22286700,3146712200,32679578000,2994.795,3024.3525,2984.8177,2990.5057
104014000,3016.751,1871800,19250500,3148584000,32698828500,2994.795,3024.3525,2984.8177,2990.5057
104019000,3016.129,1763100,19576100,3150347100,32718404600,2994.795,3024.3525,2984.8177,2990.5057
104024000,3016.0866,1647400,18327400,3151994500,32736732000,2994.795,3024.3525,2984.8177,2990.5057
104029000,3016.3287,1147800,13697500,3153142300,32750429500,2994.795,3024.3525,2984.8177,2990.5057
104034000,3016.1461,1366100,18554100,3154508400,32768983600,2994.795,3024.3525,2984.8177,2990.5057
104039000,3016.1629,1339300,15527500,3155847700,32784511100,2994.795,3024.3525,2984.8177,2990.5057
104044000,3016.1341,1098400,13702900,3156946100,32798214000,2994.795,3024.3525,2984.8177,2990.5057
104049000,3016.2549,2421500,18614300,3159367600,32816828300,2994.795,3024.3525,2984.8177,2990.5057
104054000,3015.8308,2463100,23727700,3161830700,32840556000,2994.795,3024.3525,2984.8177,2990.5057
104059000,3015.7608,1620900,12761700,3163451600,32853317700,2994.795,3024.3525,2984.8177,2990.5057
104104000,3014.7405,1834200,20397700,3165285800,32873715400,2994.795,3024.3525,2984.8177,2990.5057
104109000,3015.4645,1623300,18356100,3166909100,32892071500,2994.795,3024.3525,2984.8177,2990.5057
104114000,3015.263,1441000,16184600,3168350100,32908256100,2994.795,3024.3525,2984.8177,2990.5057
104119000,3015.0507,1064300,11831000,3169414400,32920087100,2994.795,3024.3525,2984.8177,2990.5057
104124000,3014.9343,1208400,13629200,3170622800,32933716300,2994.795,3024.3525,2984.8177,2990.5057
104129000,3015.1332,1504300,16650800,3172127100,32950367100,2994.795,3024.3525,2984.8177,2990.5057
104134000,3015.3342,2702800,17483300,3174829900,32967850400,2994.795,3024.3525,2984.8177,2990.5057
104139000,3014.8953,1210700,15199500,3176040600,32983049900,2994.795,3024.3525,2984.8177,2990.5057
104144000,3015.0151,1153300,15029800,3177193900,32998079700,2994.795,3024.3525,2984.8177,2990.5057
104149000,3015.0744,2060500,18820500,3179254400,33016900200,2994.795,3024.3525,2984.8177,2990.5057
104154000,3014.8972,1786400,17029300,3181040800,33033929500,2994.795,3024.3525,2984.8177,2990.5057
104159000,3014.8132,1523400,15032900,3182564200,33048962400,2994.795,3024.3525,2984.8177,2990.5057
104204000,3014.3512,1083500,13813000,3183647700,33062775400,2994.795,3024.3525,2984.8177,2990.5057
104209000,3014.4829,3215800,24393400,3186863500,33087168800,2994.795,3024.3525,2984.8177,2990.5057
104214000,3014.1985,2399500,21184800,3189263000,33108353600,2994.795,3024.3525,2984.8177,2990.5057
104219000,3014.0512,2144100,19121000,3191407100,33127474600,2994.795,3024.3525,2984.8177,2990.5057
104224000,3013.6526,1517300,20374200,3192924400,33147848800,2994.795,3024.3525,2984.8177,2990.5057
104229000,3013.7419,1878500,18222700,3194802900,33166071500,2994.795,3024.3525,2984.8177,2990.5057
104234000,3013.4935,2350700,22132200,3197153600,33188203700,2994.795,3024.3525,2984.8177,2990.5057
104239000,3013.3508,1663900,18102600,3198817500,33206306300,2994.795,3024.3525,2984.8177,2990.5057
104244000,3013.2335,2139300,21931500,3200956800,33228237800,2994.795,3024.3525,2984.8177,2990.5057
104249000,3012.864,2210300,24384700,3203167100,33252622500,2994.795,3024.3525,2984.8177,2990.5057
104254000,3012.5675,1860900,21941800,3205028000,33274564300,2994.795,3024.3525,2984.8177,2990.5057
104259000,3012.9867,1713900,16329300,3206741900,33290893600,2994.795,3024.3525,2984.8177,2990.5057
104304000,3012.2877,2156900,21255600,3208898800,33312149200,2994.795,3024.3525,2984.8177,2990.5057
104309000,3012.2348,1953800,24259200,3210852600,33336408400,2994.795,3024.3525,2984.8177,2990.5057
104314000,3012.3854,2118500,22238000,3212971100,33358646400,2994.795,3024.3525,2984.8177,2990.5057
104319000,3012.1245,2377700,21494300,3215348800,33380140700,2994.795,3024.3525,2984.8177,2990.5057
104324000,3012.3609,1297800,16381000,3216646600,33396521700,2994.795,3024.3525,2984.8177,2990.5057
104329000,3012.4107,1315700,17157800,3217962300,33413679500,2994.795,3024.3525,2984.8177,2990.5057
104334000,3012.4664,1567900,16030200,3219530200,33429709700,2994.795,3024.3525,2984.8177,2990.5057
104339000,3012.1914,1093300,12460800,3220623500,33442170500,2994.795,3024.3525,2984.8177,2990.5057
104344000,3011.9465,2365800,23200800,3222989300,33465371300,2994.795,3024.3525,2984.8177,2990.5057
104349000,3012.0094,1837000,24719200,3224826300,33490090500,2994.795,3024.3525,2984.8177,2990.5057
104354000,3011.789,2611300,23454000,3227437600,33513544500,2994.795,3024.3525,2984.8177,2990.5057
104359000,3011.6869,1353600,13544000,3228791200,33527088500,2994.795,3024.3525,2984.8177,2990.5057
104404000,3011.4537,2369400,26309400,3231160600,33553397900,2994.795,3024.3525,2984.8177,2990.5057
104409000,3011.4929,1976900,17185600,3233137500,33570583500,2994.795,3024.3525,2984.8177,2990.5057
104414000,3011.074,1972500,19753000,3235110000,33590336500,2994.795,3024.3525,2984.8177,2990.5057
104419000,3011.0731,821100,11356700,3235931100,33601693200,2994.795,3024.3525,2984.8177,2990.5057
104424000,3011.0557,1545200,16277700,3237476300,33617970900,2994.795,3024.3525,2984.8177,2990.5057
104429000,3011.4092,1088700,12459000,3238565000,33630429900,2994.795,3024.3525,2984.8177,2990.5057
104434000,3011.3285,1541400,16567800,3240106400,33646997700,2994.795,3024.3525,2984.8177,2990.5057
104439000,3011.23,2675900,22692500,3242782300,33669690200,2994.795,3024.3525,2984.8177,2990.5057
104444000,3011.4123,1402100,15354400,3244184400,33685044600,2994.795,3024.3525,2984.8177,2990.5057
104449000,3011.5492,1445300,21088400,3245629700,33706133000,2994.795,3024.3525,2984.8177,2990.5057
104454000,3011.2017,1489300,16125600,3247119000,33722258600,2994.795,3024.3525,2984.8177,2990.5057
104459000,3011.2729,1392900,13293300,3248511900,33735551900,2994.795,3024.3525,2984.8177,2990.5057
104504000,3011.228,1713700,18361200,3250225600,33753913100,2994.795,3024.3525,2984.8177,2990.5057
104509000,3011.3072,1446700,14024900,3251672300,33767938000,2994.795,3024.3525,2984.8177,2990.5057
104514000,3011.6127,1862900,20892300,3253535200,33788830300,2994.795,3024.3525,2984.8177,2990.5057
104519000,3010.8838,1751300,20281700,3255286500,33809112000,2994.795,3024.3525,2984.8177,2990.5057
104524000,3012.4198,3087300,26311200,3258373800,33835423200,2994.795,3024.3525,2984.8177,2990.5057
104529000,3012.5512,2109200,19964200,3260483000,33855387400,2994.795,3024.3525,2984.8177,2990.5057
104534000,3013.4133,2942900,29272000,3263425900,33884659400,2994.795,3024.3525,2984.8177,2990.5057
104539000,3013.9251,2801900,25397700,3266227800,33910057100,2994.795,3024.3525,2984.8177,2990.5057
104544000,3013.9477,3031500,30306700,3269259300,33940363800,2994.795,3024.3525,2984.8177,2990.5057
104549000,3013.8602,1821800,17678200,3271081100,33958042000,2994.795,3024.3525,2984.8177,2990.5057
104554000,3013.4766,2336000,22404800,3273417100,33980446800,2994.795,3024.3525,2984.8177,2990.5057
104559000,3013.5107,1235800,12425500,3274652900,33992872300,2994.795,3024.3525,2984.8177,2990.5057
104604000,3012.8232,992300,10746900,3275645200,34003619200,2994.795,3024.3525,2984.8177,2990.5057
104609000,3012.9647,1802000,17078200,3277447200,34020697400,2994.795,3024.3525,2984.8177,2990.5057
104614000,3013.1219,1707400,16492900,3279154600,34037190300,2994.795,3024.3525,2984.8177,2990.5057
104619000,3012.7009,1410300,22027800,3280564900,34059218100,2994.795,3024.3525,2984.8177,2990.5057
104624000,3013.1014,1141800,13255800,3281706700,34072473900,2994.795,3024.3525,2984.8177,2990.5057
104629000,3013.0656,1326300,9317000,3283033000,34081790900,2994.795,3024.3525,2984.8177,2990.5057
104634000,3012.4967,978800,12875600,3284011800,34094666500,2994.795,3024.3525,2984.8177,2990.5057
104639000,3012.4144,1365500,10329100,3285377300,34104995600,2994.795,3024.3525,2984.8177,2990.5057
104644000,3012.1012,1138300,14630800,3286515600,34119626400,2994.795,3024.3525,2984.8177,2990.5057
104649000,3012.4695,1154400,12538500,3287670000,34132164900,2994.795,3024.3525,2984.8177,2990.5057
104654000,3012.241,1072700,12357500,3288742700,34144522400,2994.795,3024.3525,2984.8177,2990.5057
104659000,3011.7976,2187600,16941100,3290930300,34161463500,2994.795,3024.3525,2984.8177,2990.5057
104704000,3011.99,1407100,15671600,3292337400,34177135100,2994.795,3024.3525,2984.8177,2990.5057
104709000,3012.5737,1648900,16485000,3293986300,34193620100,2994.795,3024.3525,2984.8177,2990.5057
104714000,3012.5754,1262400,16951900,3295248700,34210572000,2994.795,3024.3525,2984.8177,2990.5057
104719000,3012.8713,1148300,16958600,3296397000,34227530600,2994.795,3024.3525,2984.8177,2990.5057
104724000,3012.5371,2758600,20181000,3299155600,34247711600,2994.795,3024.3525,2984.8177,2990.5057
104729000,3013.7714,1434000,13520400,3300589600,34261232000,2994.795,3024.3525,2984.8177,2990.5057
104734000,3012.8244,1139400,14643800,3301729000,34275875800,2994.795,3024.3525,2984.8177,2990.5057
104739000,3012.934,1354600,15037600,3303083600,34290913400,2994.795,3024.3525,2984.8177,2990.5057
104744000,3013.0303,896700,11305300,3303980300,34302218700,2994.795,3024.3525,2984.8177,2990.5057
104749000,3013.0414,1181400,13596200,3305161700,34315814900,2994.795,3024.3525,2984.8177,2990.5057
104754000,3012.9066,1346100,13299400,3306507800,34329114300,2994.795,3024.3525,2984.8177,2990.5057
104759000,3012.5019,1096900,9867100,3307604700,34338981400,2994.795,3024.3525,2984.8177,2990.5057
104804000,3011.7664,979800,11454900,3308584500,34350436300,2994.795,3024.3525,2984.8177,2990.5057
104809000,3012.1493,1402000,13587200,3309986500,34364023500,2994.795,3024.3525,2984.8177,2990.5057
104814000,3012.2734,1334700,16782400,3311321200,34380805900,2994.795,3024.3525,2984.8177,2990.5057
104819000,3012.1298,919800,11719000,3312241000,34392524900,2994.795,3024.3525,2984.8177,2990.5057
104824000,3012.3834,990700,15857000,3313231700,34408381900,2994.795,3024.3525,2984.8177,2990.5057
104829000,3011.9802,1545000,13468700,3314776700,34421850600,2994.795,3024.3525,2984.8177,2990.5057
104834000,3011.7412,1314200,13037500,3316090900,34434888100,2994.795,3024.3525,2984.8177,2990.5057
104839000,3012.1018,1181600,11475000,3317272500,34446363100,2994.795,3024.3525,2984.8177,2990.5057
104844000,3012.193,1483200,19825100,3318755700,34466188200,2994.795,3024.3525,2984.8177,2990.5057
104849000,3012.306,1052600,16604500,3319808300,34482792700,2994.795,3024.3525,2984.8177,2990.5057
104854000,3011.9997,980900,10402400,3320789200,34493195100,2994.795,3024.3525,2984.8177,2990.5057
104859000,3012.4092,1836000,26278700,3322625200,34519473800,2994.795,3024.3525,2984.8177,2990.5057
104904000,3011.7607,1358300,13310900,3323983500,34532784700,2994.795,3024.3525,2984.8177,2990.5057
104909000,3012.2097,1515900,11988300,3325499400,34544773000,2994.795,3024.3525,2984.8177,2990.5057
104914000,3011.9936,1843000,18899600,3327342400,34563672600,2994.795,3024.3525,2984.8177,2990.5057
104919000,3011.8766,1040700,12270100,3328383100,34575942700,2994.795,3024.3525,2984.8177,2990.5057
104924000,3011.9225,1331600,13170100,3329714700,34589112800,2994.795,3024.3525,2984.8177,2990.5057
104929000,3012.046,1134600,12560900,3330849300,34601673700,2994.795,3024.3525,2984.8177,2990.5057
104934000,3012.0406,1072200,11751900,3331921500,34613425600,2994.795,3024.3525,2984.8177,2990.5057
104939000,3011.9571,1011200,10411200,3332932700,34623836800,2994.795,3024.3525,2984.8177,2990.5057
104944000,3012.4564,1064500,11147200,3333997200,34634984000,2994.795,3024.3525,2984.8177,2990.5057
104949000,3012.1448,939700,10107000,3334936900,34645091000,2994.795,3024.3525,2984.8177,2990.5057
104954000,3012.9133,1177400,12527400,3336114300,34657618400,2994.795,3024.3525,2984.8177,2990.5057
104959000,3012.3579,1743900,9874000,3337858200,34667492400,2994.795,3024.3525,2984.8177,2990.5057
105004000,3011.9617,1047600,11490400,3338905800,34678982800,2994.795,3024.3525,2984.8177,2990.5057
105009000,3012.0546,1643800,13212600,3340549600,34692195400,2994.795,3024.3525,2984.8177,2990.5057
105014000,3012.1429,1079700,11575900,3341629300,34703771300,2994.795,3024.3525,2984.8177,2990.5057
105019000,3012.3197,1289400,15692900,3342918700,34719464200,2994.795,3024.3525,2984.8177,2990.5057
105024000,3012.7921,1947100,17920200,3344865800,34737384400,2994.795,3024.3525,2984.8177,2990.5057
105029000,3013.5057,1841100,20323600,3346706900,34757708000,2994.795,3024.3525,2984.8177,2990.5057
105034000,3014.0569,3436600,35230900,3350143500,34792938900,2994.795,3024.3525,2984.8177,2990.5057
105039000,3014.125,2376500,26732400,3352520000,34819671300,2994.795,3024.3525,2984.8177,2990.5057
105044000,3014.765,2264300,26230200,3354784300,34845901500,2994.795,3024.3525,2984.8177,2990.5057
105049000,3014.2375,1570600,22091900,3356354900,34867993400,2994.795,3024.3525,2984.8177,2990.5057
105054000,3014.013,1400300,16736500,3357755200,34884729900,2994.795,3024.3525,2984.8177,2990.5057
105059000,3015.0078,1464700,17024400,3359219900,34901754300,2994.795,3024.3525,2984.8177,2990.5057
105104000,3014.1969,1736200,22143000,3360956100,34923897300,2994.795,3024.3525,2984.8177,2990.5057
105109000,3014.5012,1289300,13712900,3362245400,34937610200,2994.795,3024.3525,2984.8177,2990.5057
105114000,3014.7042,1243600,16057200,3363489000,34953667400,2994.795,3024.3525,2984.8177,2990.5057
105119000,3014.4571,1341700,16423200,3364830700,34970090600,2994.795,3024.3525,2984.8177,2990.5057
105124000,3014.9715,1242700,13614000,3366073400,34983704600,2994.795,3024.3525,2984.8177,2990.5057
105129000,3014.7804,1098000,11496000,3367171400,34995200600,2994.795,3024.3525,2984.8177,2990.5057
105134000,3015.2352,1087600,9976500,3368259000,35005177100,2994.795,3024.3525,2984.8177,2990.5057
105139000,3014.6977,795000,11065000,3369054000,35016242100,2994.795,3024.3525,2984.8177,2990.5057
105144000,3014.9518,1398600,16469100,3370452600,35032711200,2994.795,3024.3525,2984.8177,2990.5057
105149000,3015.233,815500,10905400,3371268100,35043616600,2994.795,3024.3525,2984.8177,2990.5057
105154000,3014.718,840500,12171900,3372108600,35055788500,2994.795,3024.3525,2984.8177,2990.5057
105159000,3014.4236,987800,10389300,3373096400,35066177800,2994.795,3024.3525,2984.8177,2990.5057
105204000,3014.2654,1176200,12722300,3374272600,35078900100,2994.795,3024.3525,2984.8177,2990.5057
105209000,3014.2738,1164200,15207100,3375436800,35094107200,2994.795,3024.3525,2984.8177,2990.5057
105214000,3014.2647,1411600,14376700,3376848400,35108483900,2994.795,3024.3525,2984.8177,2990.5057
105219000,3014.6035,1038100,12773300,3377886500,35121257200,2994.795,3024.3525,2984.8177,2990.5057
105224000,3014.4831,1242200,11562500,3379128700,35132819700,2994.795,3024.3525,2984.8177,2990.5057
105229000,3014.4937,594700,8132000,3379723400,35140951700,2994.795,3024.3525,2984.8177,2990.5057
105234000,3014.2256,1038700,11792000,3380762100,35152743700,2994.795,3024.3525,2984.8177,2990.5057
105239000,3014.4567,1032000,12165700,3381794100,35164909400,2994.795,3024.3525,2984.8177,2990.5057
105244000,3014.1151,1282600,13033700,3383076700,35177943100,2994.795,3024.3525,2984.8177,2990.5057
105249000,3014.3007,1346100,14178900,3384422800,35192122000,2994.795,3024.3525,2984.8177,2990.5057
105254000,3014.0642,1391800,13063100,3385814600,35205185100,2994.795,3024.3525,2984.8177,2990.5057
105259000,3013.7631,557000,8542500,3386371600,35213727600,2994.795,3024.3525,2984.8177,2990.5057
105304000,3013.4358,1114800,11365300,3387486400,35225092900,2994.795,3024.3525,2984.8177,2990.5057
105309000,3013.6313,1088000,12250200,3388574400,35237343100,2994.795,3024.3525,2984.8177,2990.5057
105314000,3013.9743,1171800,12213900,3389746200,35249557000,2994.795,3024.3525,2984.8177,2990.5057
105319000,3013.592,1170600,16748600,3390916800,35266305600,2994.795,3024.3525,2984.8177,2990.5057
105324000,3013.5123,858300,8801300,3391775100,35275106900,2994.795,3024.3525,2984.8177,2990.5057
105329000,3013.6184,1004300,10292100,3392779400,35285399000,2994.795,3024.3525,2984.8177,2990.5057
105334000,3013.5058,1153200,12619000,3393932600,35298018000,2994.795,3024.3525,2984.8177,2990.5057
105339000,3013.7053,682100,8634700,3394614700,35306652700,2994.795,3024.3525,2984.8177,2990.5057
105344000,3013.7798,744400,11669700,3395359100,35318322400,2994.795,3024.3525,2984.8177,2990.5057
105349000,3013.7509,762200,9817800,3396121300,35328140200,2994.795,3024.3525,2984.8177,2990.5057
105354000,3013.5784,903900,11054800,3397025200,35339195000,2994.795,3024.3525,2984.8177,2990.5057
105359000,3013.5682,701700,9046100,3397726900,35348241100,2994.795,3024.3525,2984.8177,2990.5057
105404000,3012.7157,1172500,12695100,3398899400,35360936200,2994.795,3024.3525,2984.8177,2990.5057
105409000,3012.7846,1026300,13693400,3399925700,35374629600,2994.795,3024.3525,2984.8177,2990.5057
105414000,3012.9384,1007100,13139800,3400932800,35387769400,2994.795,3024.3525,2984.8177,2990.5057
105419000,3012.6903,1165700,12450500,3402098500,35400219900,2994.795,3024.3525,2984.8177,2990.5057
105424000,3013.0289,1258400,11737000,3403356900,35411956900,2994.795,3024.3525,2984.8177,2990.5057
105429000,3012.9158,1263700,12459600,3404620600,35424416500,2994.795,3024.3525,2984.8177,2990.5057
105434000,3012.8721,1239500,13636400,3405860100,35438052900,2994.795,3024.3525,2984.8177,2990.5057
105439000,3013.1044,1531500,17531000,3407391600,35455583900,2994.795,3024.3525,2984.8177,2990.5057
105444000,3013.0249,1647200,15813300,3409038800,35471397200,2994.795,3024.3525,2984.8177,2990.5057
105449000,3013.0787,918600,10384500,3409957400,35481781700,2994.795,3024.3525,2984.8177,2990.5057
105454000,3013.0844,1004700,11923200,3410962100,35493704900,2994.795,3024.3525,2984.8177,2990.5057
105459000,3012.578,738800,9078600,3411700900,35502783500,2994.795,3024.3525,2984.8177,2990.5057
105504000,3012.245,1080500,11216800,3412781400,35514000300,2994.795,3024.3525,2984.8177,2990.5057
105509000,3012.3427,1064100,11684000,3413845500,35525684300,2994.795,3024.3525,2984.8177,2990.5057
105514000,3012.5475,1219100,15213100,3415064600,35540897400,2994.795,3024.3525,2984.8177,2990.5057
105519000,3012.7644,930600,11874600,3415995200,35552772000,2994.795,3024.3525,2984.8177,2990.5057
105524000,3012.5284,906900,9994500,3416902100,35562766500,2994.795,3024.3525,2984.8177,2990.5057
105529000,3013.2447,901200,10812900,3417803300,35573579400,2994.795,3024.3525,2984.8177,2990.5057
105534000,3013.5587,1937400,18492300,3419740700,35592071700,2994.795,3024.3525,2984.8177,2990.5057
105539000,3013.6309,1287200,12331300,3421027900,35604403000,2994.795,3024.3525,2984.8177,2990.5057
105544000,3013.3891,1060700,11407300,3422088600,35615810300,2994.795,3024.3525,2984.8177,2990.5057
105549000,3013.3231,1083100,11221700,3423171700,35627032000,2994.795,3024.3525,2984.8177,2990.5057
105554000,3012.806,866700,13227000,3424038400,35640259000,2994.795,3024.3525,2984.8177,2990.5057
105559000,3012.9738,907100,12208500,3424945500,35652467500,2994.795,3024.3525,2984.8177,2990.5057
105604000,3012.3763,1194500,14348800,3426140000,35666816300,2994.795,3024.3525,2984.8177,2990.5057
105609000,3011.922,1057900,14261100,3427197900,35681077400,2994.795,3024.3525,2984.8177,2990.5057
105614000,3012.7646,1683500,14895700,3428881400,35695973100,2994.795,3024.3525,2984.8177,2990.5057
105619000,3012.8907,985000,13420100,3429866400,35709393200,2994.795,3024.3525,2984.8177,2990.5057
105624000,3012.5787,864600,10681700,3430731000,35720074900,2994.795,3024.3525,2984.8177,2990.5057
105629000,3012.5383,1184000,11555000,3431915000,35731629900,2994.795,3024.3525,2984.8177,2990.5057
105634000,3012.4085,1858300,15054900,3433773300,35746684800,2994.795,3024.3525,2984.8177,2990.5057
105639000,3012.0783,1260600,10248600,3435033900,35756933400,2994.795,3024.3525,2984.8177,2990.5057
105644000,3012.3474,896900,9361800,3435930800,35766295200,2994.795,3024.3525,2984.8177,2990.5057
105649000,3012.4,1204000,9957800,3437134800,35776253000,2994.795,3024.3525,2984.8177,2990.5057
105654000,3012.047,2536800,15224200,3439671600,35791477200,2994.795,3024.3525,2984.8177,2990.5057
105659000,3011.9093,3980700,14284500,3443652300,35805761700,2994.795,3024.3525,2984.8177,2990.5057
105704000,3011.7548,1011300,11146300,3444663600,35816908000,2994.795,3024.3525,2984.8177,2990.5057
105709000,3011.8405,1397700,14053400,3446061300,35830961400,2994.795,3024.3525,2984.8177,2990.5057
105714000,3012.0068,1076600,15047800,3447137900,35846009200,2994.795,3024.3525,2984.8177,2990.5057
105719000,3011.7511,992800,12061700,3448130700,35858070900,2994.795,3024.3525,2984.8177,2990.5057
105724000,3011.6035,1331600,11632300,3449462300,35869703200,2994.795,3024.3525,2984.8177,2990.5057
105729000,3011.4621,1590400,12676000,3451052700,35882379200,2994.795,3024.3525,2984.8177,2990.5057
105734000,3011.4958,1380200,14627300,3452432900,35897006500,2994.795,3024.3525,2984.8177,2990.5057
105739000,3011.7289,1103600,9894500,3453536500,35906901000,2994.795,3024.3525,2984.8177,2990.5057
105744000,3012.0306,1275000,13183900,3454811500,35920084900,2994.795,3024.3525,2984.8177,2990.5057
105749000,3011.5972,874300,9783700,3455685800,35929868600,2994.795,3024.3525,2984.8177,2990.5057
105754000,3011.3729,1162200,12373900,3456848000,35942242500,2994.795,3024.3525,2984.8177,2990.5057
105759000,3011.1829,708000,7838300,3457556000,35950080800,2994.795,3024.3525,2984.8177,2990.5057
105804000,3011.0173,715800,9922100,3458271800,35960002900,2994.795,3024.3525,2984.8177,2990.5057
105809000,3011.1224,653100,9886500,3458924900,35969889400,2994.795,3024.3525,2984.8177,2990.5057
105814000,3011.1805,1387000,12356200,3460311900,35982245600,2994.795,3024.3525,2984.8177,2990.5057
105819000,3011.1996,870900,10821700,3461182800,35993067300,2994.795,3024.3525,2984.8177,2990.5057
105824000,3010.9052,1531400,17337700,3462714200,36010405000,2994.795,3024.3525,2984.8177,2990.5057
105829000,3011.1401,1620300,16213700,3464334500,36026618700,2994.795,3024.3525,2984.8177,2990.5057
105834000,3010.8748,1181700,12595800,3465516200,36039214500,2994.795,3024.3525,2984.8177,2990.5057
105839000,3011.0909,899100,10378900,3466415300,36049593400,2994.795,3024.3525,2984.8177,2990.5057
105844000,3012.0065,1485800,15133300,3467901100,36064726700,2994.795,3024.3525,2984.8177,2990.5057
105849000,3011.8485,904300,9938100,3468805400,36074664800,2994.795,3024.3525,2984.8177,2990.5057
105854000,3011.4806,1597800,15795600,3470403200,36090460400,2994.795,3024.3525,2984.8177,2990.5057
105859000,3012.1834,1600200,17225400,3472003400,36107685800,2994.795,3024.3525,2984.8177,2990.5057
105904000,3012.4303,1988300,22274900,3473991700,36129960700,2994.795,3024.3525,2984.8177,2990.5057
105909000,3012.946,1181000,13432000,3475172700,36143392700,2994.795,3024.3525,2984.8177,2990.5057
105914000,3012.5342,1331600,16560100,3476504300,36159952800,2994.795,3024.3525,2984.8177,2990.5057
105919000,3012.2913,1129400,14306600,3477633700,36174259400,2994.795,3024.3525,2984.8177,2990.5057
105924000,3012.2123,1445500,14990400,3479079200,36189249800,2994.795,3024.3525,2984.8177,2990.5057
105929000,3011.8533,964000,10132400,3480043200,36199382200,2994.795,3024.3525,2984.8177,2990.5057
105934000,3012.7693,1129900,13306700,3481173100,36212688900,2994.795,3024.3525,2984.8177,2990.5057
105939000,3013.347,2639700,24736000,3483812800,36237424900,2994.795,3024.3525,2984.8177,2990.5057
105944000,3013.0373,1980100,23144000,3485792900,36260568900,2994.795,3024.3525,2984.8177,2990.5057
105949000,3013.6075,2304100,25980900,3488097000,36286549800,2994.795,3024.3525,2984.8177,2990.5057
105954000,3013.4523,2006200,19686800,3490103200,36306236600,2994.795,3024.3525,2984.8177,2990.5057
105959000,3014.1104,2245000,24840700,3492348200,36331077300,2994.795,3024.3525,2984.8177,2990.5057
110004000,3014.0139,2689100,29750400,3495037300,36360827700,2994.795,3024.3525,2984.8177,2990.5057
110009000,3016.0225,5586700,59598100,3500624000,36420425800,2994.795,3024.3525,2984.8177,2990.5057
110014000,3016.6662,5672000,64974900,3506296000,36485400700,2994.795,3024.3525,2984.8177,2990.5057
110019000,3016.9896,3575100,47483100,3509871100,36532883800,2994.795,3024.3525,2984.8177,2990.5057
110024000,3016.3331,2407400,32350300,3512278500,36565234100,2994.795,3024.3525,2984.8177,2990.5057
110029000,3016.6412,2330500,24597800,3514609000,36589831900,2994.795,3024.3525,2984.8177,2990.5057
110034000,3016.4518,2880800,28120300,3517489800,36617952200,2994.795,3024.3525,2984.8177,2990.5057
110039000,3016.6163,1715800,18889400,3519205600,36636841600,2994.795,3024.3525,2984.8177,2990.5057
110044000,3016.4258,2436400,26943200,3521642000,36663784800,2994.795,3024.3525,2984.8177,2990.5057
110049000,3016.9295,1936800,27152700,3523578800,36690937500,2994.795,3024.3525,2984.8177,2990.5057
110054000,3016.7915,1676500,24331800,3525255300,36715269300,2994.795,3024.3525,2984.8177,2990.5057
110059000,3016.2276,1732100,22615400,3526987400,36737884700,2994.795,3024.3525,2984.8177,2990.5057
110104000,3016.5999,2521600,28062400,3529509000,36765947100,2994.795,3024.3525,2984.8177,2990.5057
110109000,3017.0322,2094900,21673200,3531603900,36787620300,2994.795,3024.3525,2984.8177,2990.5057
110114000,3016.699,1407800,17740800,3533011700,36805361100,2994.795,3024.3525,2984.8177,2990.5057
110119000,3016.7945,1263800,15076800,3534275500,36820437900,2994.795,3024.3525,2984.8177,2990.5057
110124000,3016.532,1638000,18192300,3535913500,36838630200,2994.795,3024.3525,2984.8177,2990.5057
110129000,3016.7566,1109000,12803300,3537022500,36851433500,2994.795,3024.3525,2984.8177,2990.5057
110134000,3017.0633,1329000,19516000,3538351500,36870949500,2994.795,3024.3525,2984.8177,2990.5057
110139000,3016.8712,900400,10358500,3539251900,36881308000,2994.795,3024.3525,2984.8177,2990.5057
110144000,3016.7642,2681100,24696400,3541933000,36906004400,2994.795,3024.3525,2984.8177,2990.5057
110149000,3016.9562,1492900,16502500,3543425900,36922506900,2994.795,3024.3525,2984.8177,2990.5057
110154000,3016.7175,1397100,18311200,3544823000,36940818100,2994.795,3024.3525,2984.8177,2990.5057
110159000,3016.6577,1518200,11176500,3546341200,36951994600,2994.795,3024.3525,2984.8177,2990.5057
110204000,3016.6767,1175300,18403500,3547516500,36970398100,2994.795,3024.3525,2984.8177,2990.5057
110209000,3016.7578,1411000,14549100,3548927500,36984947200,2994.795,3024.3525,2984.8177,2990.5057
110214000,3016.9418,1581700,17213700,3550509200,37002160900,2994.795,3024.3525,2984.8177,2990.5057
110219000,3017.0176,1123900,17216200,3551633100,37019377100,2994.795,3024.3525,2984.8177,2990.5057
110224000,3016.3563,1577200,23530900,3553210300,37042908000,2994.795,3024.3525,2984.8177,2990.5057
110229000,3016.08,1926600,17215100,3555136900,37060123100,2994.795,3024.3525,2984.8177,2990.5057
110234000,3016.3808,1146500,13863200,3556283400,37073986300,2994.795,3024.3525,2984.8177,2990.5057
110239000,3016.441,864200,9086300,3557147600,37083072600,2994.795,3024.3525,2984.8177,2990.5057
110244000,3016.2591,1215700,15294600,3558363300,37098367200,2994.795,3024.3525,2984.8177,2990.5057
110249000,3016.5538,1577900,18141600,3559941200,37116508800,2994.795,3024.3525,2984.8177,2990.5057
110254000,3016.4331,1134700,12008800,3561075900,37128517600,2994.795,3024.3525,2984.8177,2990.5057
110259000,3016.3666,890000,11493300,3561965900,37140010900,2994.795,3024.3525,2984.8177,2990.5057
110304000,3015.9882,1858200,17689700,3563824100,37157700600,2994.795,3024.3525,2984.8177,2990.5057
110309000,3016.5234,1189500,16268300,3565013600,37173968900,2994.795,3024.3525,2984.8177,2990.5057
110314000,3016.5803,1069500,12790100,3566083100,37186759000,2994.795,3024.3525,2984.8177,2990.5057
110319000,3016.4309,614400,9154700,3566697500,37195913700,2994.795,3024.3525,2984.8177,2990.5057
110324000,3016.5323,1295600,30945300,3567993100,37226859000,2994.795,3024.3525,2984.8177,2990.5057
110329000,3016.1819,996200,11271100,3568989300,37238130100,2994.795,3024.3525,2984.8177,2990.5057
110334000,3016.1811,1278800,16613600,3570268100,37254743700,2994.795,3024.3525,2984.8177,2990.5057
110339000,3016.3495,1470400,13498400,3571738500,37268242100,2994.795,3024.3525,2984.8177,2990.5057
110344000,3016.5627,1152600,16648900,3572891100,37284891000,2994.795,3024.3525,2984.8177,2990.5057
110349000,3016.4528,842400,9982300,3573733500,37294873300,2994.795,3024.3525,2984.8177,2990.5057
110354000,3016.4505,1186900,15841700,3574920400,37310715000,2994.795,3024.3525,2984.8177,2990.5057
110359000,3015.9904,955300,10556500,3575875700,37321271500,2994.795,3024.3525,2984.8177,2990.5057
110404000,3015.9245,973900,11763900,3576849600,37333035400,2994.795,3024.3525,2984.8177,2990.5057
110409000,3015.8621,1160800,18763900,3578010400,37351799300,2994.795,3024.3525,2984.8177,2990.5057
110414000,3016.1682,1133100,17637000,3579143500,37369436300,2994.795,3024.3525,2984.8177,2990.5057
110419000,3015.8782,1102700,16014200,3580246200,37385450500,2994.795,3024.3525,2984.8177,2990.5057
110424000,3015.8631,1498500,22754000,3581744700,37408204500,2994.795,3024.3525,2984.8177,2990.5057
110429000,3015.602,748800,10626100,3582493500,37418830600,2994.795,3024.3525,2984.8177,2990.5057
110434000,3015.3867,1423400,22630000,3583916900,37441460600,2994.795,3024.3525,2984.8177,2990.5057
110439000,3015.3759,916400,14334000,3584833300,37455794600,2994.795,3024.3525,2984.8177,2990.5057
110444000,3015.5161,1134700,17564700,3585968000,37473359300,2994.795,3024.3525,2984.8177,2990.5057
110449000,3015.185,1263100,19521900,3587231100,37492881200,2994.795,3024.3525,2984.8177,2990.5057
110454000,3014.2628,1216500,17443900,3588447600,37510325100,2994.795,3024.3525,2984.8177,2990.5057
110459000,3013.962,1875200,17410500,3590322800,37527735600,2994.795,3024.3525,2984.8177,2990.5057
110504000,3013.6709,2410800,24276900,3592733600,37552012500,2994.795,3024.3525,2984.8177,2990.5057
110509000,3013.682,1538800,17429100,3594272400,37569441600,2994.795,3024.3525,2984.8177,2990.5057
110514000,3013.4349,1181900,17251500,3595454300,37586693100,2994.795,3024.3525,2984.8177,2990.5057
110519000,3013.3317,2001000,18581000,3597455300,37605274100,2994.795,3024.3525,2984.8177,2990.5057
110524000,3013.2888,1440800,16523500,3598896100,37621797600,2994.795,3024.3525,2984.8177,2990.5057
110529000,3012.8639,1595000,16411400,3600491100,37638209000,2994.795,3024.3525,2984.8177,2990.5057
110534000,3013.3233,1764100,20156200,3602255200,37658365200,2994.795,3024.3525,2984.8177,2990.5057
110539000,3013.0597,2656100,20213900,3604911300,37678579100,2994.795,3024.3525,2984.8177,2990.5057
110544000,3013.1149,1303100,17182900,3606214400,37695762000,2994.795,3024.3525,2984.8177,2990.5057
110549000,3012.9916,1371500,15701000,3607585900,37711463000,2994.795,3024.3525,2984.8177,2990.5057
110554000,3012.2507,3803500,36089000,3611389400,37747552000,2994.795,3024.3525,2984.8177,2990.5057
110559000,3011.5281,2086400,23187700,3613475800,37770739700,2994.795,3024.3525,2984.8177,2990.5057
110604000,3010.748,2243900,27909900,3615719700,37798649600,2994.795,3024.3525,2984.8177,2990.5057
110609000,3010.8028,2063400,22088600,3617783100,37820738200,2994.795,3024.3525,2984.8177,2990.5057
110614000,3010.6054,2497300,26051200,3620280400,37846789400,2994.795,3024.3525,2984.8177,2990.5057
110619000,3010.7046,2452200,26061200,3622732600,37872850600,2994.795,3024.3525,2984.8177,2990.5057
110624000,3010.3482,3068900,26800000,3625801500,37899650600,2994.795,3024.3525,2984.8177,2990.5057
110629000,3009.9459,1321600,14186500,3627123100,37913837100,2994.795,3024.3525,2984.8177,2990.5057
110634000,3010.0378,1628700,17667200,3628751800,37931504300,2994.795,3024.3525,2984.8177,2990.5057
110639000,3009.9515,1308300,15187000,3630060100,37946691300,2994.795,3024.3525,2984.8177,2990.5057
110644000,3009.6565,1954700,22855000,3632014800,37969546300,2994.795,3024.3525,2984.8177,2990.5057
110649000,3009.7647,1551000,18343800,3633565800,37987890100,2994.795,3024.3525,2984.8177,2990.5057
110654000,3009.1968,2486300,23342300,3636052100,38011232400,2994.795,3024.3525,2984.8177,2990.5057
110659000,3008.9385,1178300,11599400,3637230400,38022831800,2994.795,3024.3525,2984.8177,2990.5057
110704000,3008.68,2300100,21353500,3639530500,38044185300,2994.795,3024.3525,2984.8177,2990.5057
110709000,3008.68,1641000,17124400,3641171500,38061309700,2994.795,3024.3525,2984.8177,2990.5057
110714000,3008.6103,1472200,16335700,3642643700,38077645400,2994.795,3024.3525,2984.8177,2990.5057
110719000,3008.5701,1565800,17542800,3644209500,38095188200,2994.795,3024.3525,2984.8177,2990.5057
110724000,3008.4628,1896500,18481900,3646106000,38113670100,2994.795,3024.3525,2984.8177,2990.5057
110729000,3008.4267,884300,9074600,3646990300,38122744700,2994.795,3024.3525,2984.8177,2990.5057
110734000,3008.4599,1368100,14785100,3648358400,38137529800,2994.795,3024.3525,2984.8177,2990.5057
110739000,3008.6296,2305600,18111200,3650664000,38155641000,2994.795,3024.3525,2984.8177,2990.5057
110744000,3008.5306,1906600,15709200,3652570600,38171350200,2994.795,3024.3525,2984.8177,2990.5057
110749000,3008.4218,1583600,16707000,3654154200,38188057200,2994.795,3024.3525,2984.8177,2990.5057
110754000,3008.141,2551900,20423800,3656706100,38208481000,2994.795,3024.3525,2984.8177,2990.5057
110759000,3007.8672,1951200,20304200,3658657300,38228785200,2994.795,3024.3525,2984.8177,2990.5057
110804000,3007.4458,2554500,28041800,3661211800,38256827000,2994.795,3024.3525,2984.8177,2990.5057
110809000,3007.4589,2391200,20832200,3663603000,38277659200,2994.795,3024.3525,2984.8177,2990.5057
110814000,3007.5557,1752900,19637000,3665355900,38297296200,2994.795,3024.3525,2984.8177,2990.5057
110819000,3007.3391,1705400,16740000,3667061300,38314036200,2994.795,3024.3525,2984.8177,2990.5057
110824000,3007.5754,1956500,22776300,3669017800,38336812500,2994.795,3024.3525,2984.8177,2990.5057
110829000,3007.3563,11221000,28815700,3680238800,38365628200,2994.795,3024.3525,2984.8177,2990.5057
110834000,3007.3652,1972000,19014900,3682210800,38384643100,2994.795,3024.3525,2984.8177,2990.5057
110839000,3007.6481,1483800,15794600,3683694600,38400437700,2994.795,3024.3525,2984.8177,2990.5057
110844000,3007.6246,2566900,19758500,3686261500,38420196200,2994.795,3024.3525,2984.8177,2990.5057
110849000,3007.5711,2027700,19034800,3688289200,38439231000,2994.795,3024.3525,2984.8177,2990.5057
110854000,3007.3938,1597700,17342500,3689886900,38456573500,2994.795,3024.3525,2984.8177,2990.5057
110859000,3007.4398,1297900,13702900,3691184800,38470276400,2994.795,3024.3525,2984.8177,2990.5057
110904000,3006.9618,2029900,18887800,3693214700,38489164200,2994.795,3024.3525,2984.8177,2990.5057
110909000,3007.3652,1356900,14036300,3694571600,38503200500,2994.795,3024.3525,2984.8177,2990.5057
110914000,3007.0589,1628100,18367600,3696199700,38521568100,2994.795,3024.3525,2984.8177,2990.5057
110919000,3007.2214,1846300,19108300,3698046000,38540676400,2994.795,3024.3525,2984.8177,2990.5057
110924000,3007.2866,2580500,16832700,3700626500,38557509100,2994.795,3024.3525,2984.8177,2990.5057
110929000,3007.3111,1646700,11126900,3702273200,38568636000,2994.795,3024.3525,2984.8177,2990.5057
110934000,3007.3327,1733900,13720000,3704007100,38582356000,2994.795,3024.3525,2984.8177,2990.5057
110939000,3007.9206,2243500,27137600,3706250600,38609493600,2994.795,3024.3525,2984.8177,2990.5057
110944000,3007.3838,1581800,18303000,3707832400,38627796600,2994.795,3024.3525,2984.8177,2990.5057
110949000,3007.488,1331700,19011200,3709164100,38646807800,2994.795,3024.3525,2984.8177,2990.5057
110954000,3007.3113,2025400,17333800,3711189500,38664141600,2994.795,3024.3525,2984.8177,2990.5057
110959000,3007.1871,894400,8734300,3712083900,38672875900,2994.795,3024.3525,2984.8177,2990.5057
111004000,3006.8669,1138700,11508200,3713222600,38684384100,2994.795,3024.3525,2984.8177,2990.5057
111009000,3006.8979,1133000,11723600,3714355600,38696107700,2994.795,3024.3525,2984.8177,2990.5057
111014000,3007.0848,949800,15653500,3715305400,38711761200,2994.795,3024.3525,2984.8177,2990.5057
111019000,3007.0421,1057700,13859600,3716363100,38725620800,2994.795,3024.3525,2984.8177,2990.5057
111024000,3006.8607,1261700,13060000,3717624800,38738680800,2994.795,3024.3525,2984.8177,2990.5057
111029000,3007.2014,776200,9455500,3718401000,38748136300,2994.795,3024.3525,2984.8177,2990.5057
111034000,3007.2673,1035800,11616200,3719436800,38759752500,2994.795,3024.3525,2984.8177,2990.5057
111039000,3007.2138,1167300,10040600,3720604100,38769793100,2994.795,3024.3525,2984.8177,2990.5057
111044000,3007.4049,1075800,12573700,3721679900,38782366800,2994.795,3024.3525,2984.8177,2990.5057
111049000,3007.5175,1230600,14718700,3722910500,38797085500,2994.795,3024.3525,2984.8177,2990.5057
111054000,3007.5117,1410900,14958700,3724321400,38812044200,2994.795,3024.3525,2984.8177,2990.5057
111059000,3007.0392,778200,9699600,3725099600,38821743800,2994.795,3024.3525,2984.8177,2990.5057
111104000,3007.0897,889300,9155000,3725988900,38830898800,2994.795,3024.3525,2984.8177,2990.5057
111109000,3006.9737,999300,9787000,3726988200,38840685800,2994.795,3024.3525,2984.8177,2990.5057
111114000,3007.14,2163800,17754400,3729152000,38858440200,2994.795,3024.3525,2984.8177,2990.5057
111119000,3007.5102,982800,11505800,3730134800,38869946000,2994.795,3024.3525,2984.8177,2990.5057
111124000,3007.4152,1828800,16057500,3731963600,38886003500,2994.795,3024.3525,2984.8177,2990.5057
111129000,3007.298,1412100,12871100,3733375700,38898874600,2994.795,3024.3525,2984.8177,2990.5057
111134000,3007.3662,1124900,12167700,3734500600,38911042300,2994.795,3024.3525,2984.8177,2990.5057
111139000,3007.5343,1349800,14865300,3735850400,38925907600,2994.795,3024.3525,2984.8177,2990.5057
111144000,3007.194,1887100,18320600,3737737500,38944228200,2994.795,3024.3525,2984.8177,2990.5057
111149000,3007.349,743400,9063300,3738480900,38953291500,2994.795,3024.3525,2984.8177,2990.5057
111154000,3007.1758,1583900,15224100,3740064800,38968515600,2994.795,3024.3525,2984.8177,2990.5057
111159000,3007.0536,887200,9599300,3740952000,38978114900,2994.795,3024.3525,2984.8177,2990.5057
111204000,3006.6637,1130600,12528800,3742082600,38990643700,2994.795,3024.3525,2984.8177,2990.5057
111209000,3006.9354,856000,8510800,3742938600,38999154500,2994.795,3024.3525,2984.8177,2990.5057
111214000,3006.9158,1688100,12605300,3744626700,39011759800,2994.795,3024.3525,2984.8177,2990.5057
111219000,3006.6557,1485300,13518200,3746112000,39025278000,2994.795,3024.3525,2984.8177,2990.5057
111224000,3007.002,1786000,14597400,3747898000,39039875400,2994.795,3024.3525,2984.8177,2990.5057
111229000,3006.5616,2023000,13088200,3749921000,39052963600,2994.795,3024.3525,2984.8177,2990.5057
111234000,3006.963,1403600,12891500,3751324600,39065855100,2994.795,3024.3525,2984.8177,2990.5057
111239000,3006.5222,1109900,8412800,3752434500,39074267900,2994.795,3024.3525,2984.8177,2990.5057
111244000,3006.5733,1496200,15084500,3753930700,39089352400,2994.795,3024.3525,2984.8177,2990.5057
111249000,3007.1341,1596000,12258400,3755526700,39101610800,2994.795,3024.3525,2984.8177,2990.5057
111254000,3006.9789,1991400,13562000,3757518100,39115172800,2994.795,3024.3525,2984.8177,2990.5057
111259000,3006.5678,905200,9262500,3758423300,39124435300,2994.795,3024.3525,2984.8177,2990.5057
111304000,3006.5079,943500,11929700,3759366800,39136365000,2994.795,3024.3525,2984.8177,2990.5057
111309000,3006.7555,1604400,13907300,3760971200,39150272300,2994.795,3024.3525,2984.8177,2990.5057
111314000,3006.8466,942200,11013600,3761913400,39161285900,2994.795,3024.3525,2984.8177,2990.5057
111319000,3006.8884,1448500,12726700,3763361900,39174012600,2994.795,3024.3525,2984.8177,2990.5057
111324000,3006.8252,1275200,15750100,3764637100,39189762700,2994.795,3024.3525,2984.8177,2990.5057
111329000,3006.5807,1087600,10843100,3765724700,39200605800,2994.795,3024.3525,2984.8177,2990.5057
111334000,3006.3067,921000,9509900,3766645700,39210115700,2994.795,3024.3525,2984.8177,2990.5057
111339000,3006.3815,1108500,10460600,3767754200,39220576300,2994.795,3024.3525,2984.8177,2990.5057
111344000,3006.335,963500,9664400,3768717700,39230240700,2994.795,3024.3525,2984.8177,2990.5057
111349000,3006.5681,752100,10546300,3769469800,39240787000,2994.795,3024.3525,2984.8177,2990.5057
111354000,3006.3,1132300,15136700,3770602100,39255923700,2994.795,3024.3525,2984.8177,2990.5057
111359000,3006.3336,922600,11691700,3771524700,39267615400,2994.795,3024.3525,2984.8177,2990.5057
111404000,3006.2999,1154900,12006600,3772679600,39279622000,2994.795,3024.3525,2984.8177,2990.5057
111409000,3006.5233,1409700,15862000,3774089300,39295484000,2994.795,3024.3525,2984.8177,2990.5057
111414000,3006.3139,966800,11164800,3775056100,39306648800,2994.795,3024.3525,2984.8177,2990.5057
111419000,3006.0499,845600,8928600,3775901700,39315577400,2994.795,3024.3525,2984.8177,2990.5057
111424000,3006.0516,1571600,15461700,3777473300,39331039100,2994.795,3024.3525,2984.8177,2990.5057
111429000,3005.7499,804400,8240400,3778277700,39339279500,2994.795,3024.3525,2984.8177,2990.5057
111434000,3005.8482,1365100,15016300,3779642800,39354295800,2994.795,3024.3525,2984.8177,2990.5057
111439000,3005.9086,1124800,10861100,3780767600,39365156900,2994.795,3024.3525,2984.8177,2990.5057
111444000,3005.7124,1074400,11017000,3781842000,39376173900,2994.795,3024.3525,2984.8177,2990.5057
111449000,3005.8784,883100,10592000,3782725100,39386765900,2994.795,3024.3525,2984.8177,2990.5057
111454000,3005.6646,1530100,19170100,3784255200,39405936000,2994.795,3024.3525,2984.8177,2990.5057
111459000,3005.7763,1409600,12453500,3785664800,39418389500,2994.795,3024.3525,2984.8177,2990.5057
111504000,3005.6639,679700,9156200,3786344500,39427545700,2994.795,3024.3525,2984.8177,2990.5057
111509000,3005.674,945000,12019600,3787289500,39439565300,2994.795,3024.3525,2984.8177,2990.5057
111514000,3005.485,2553800,20501000,3789843300,39460066300,2994.795,3024.3525,2984.8177,2990.5057
111519000,3005.4106,886600,11771500,3790729900,39471837800,2994.795,3024.3525,2984.8177,2990.5057
111524000,3005.6376,1784900,14362100,3792514800,39486199900,2994.795,3024.3525,2984.8177,2990.5057
111529000,3006.0481,882000,9285000,3793396800,39495484900,2994.795,3024.3525,2984.8177,2990.5057
111534000,3005.6231,1628800,13904600,3795025600,39509389500,2994.795,3024.3525,2984.8177,2990.5057
111539000,3006.3365,778100,8946800,3795803700,39518336300,2994.795,3024.3525,2984.8177,2990.5057
111544000,3006.3044,1611600,16939200,3797415300,39535275500,2994.795,3024.3525,2984.8177,2990.5057
111549000,3006.7637,914000,10368900,3798329300,39545644400,2994.795,3024.3525,2984.8177,2990.5057
111554000,3006.7181,1480500,13621600,3799809800,39559266000,2994.795,3024.3525,2984.8177,2990.5057
111559000,3006.2102,734900,6999700,3800544700,39566265700,2994.795,3024.3525,2984.8177,2990.5057
111604000,3005.9516,998100,11314200,3801542800,39577579900,2994.795,3024.3525,2984.8177,2990.5057
111609000,3006.129,1067300,12835100,3802610100,39590415000,2994.795,3024.3525,2984.8177,2990.5057
111614000,3006.2712,1157800,13118900,3803767900,39603533900,2994.795,3024.3525,2984.8177,2990.5057
111619000,3006.073,954000,13683700,3804721900,39617217600,2994.795,3024.3525,2984.8177,2990.5057
111624000,3006.3365,1086700,10445300,3805808600,39627662900,2994.795,3024.3525,2984.8177,2990.5057
111629000,3006.4679,658300,7549300,3806466900,39635212200,2994.795,3024.3525,2984.8177,2990.5057
111634000,3006.3909,1096200,12753400,3807563100,39647965600,2994.795,3024.3525,2984.8177,2990.5057
111639000,3006.6889,643300,8816900,3808206400,39656782500,2994.795,3024.3525,2984.8177,2990.5057
111644000,3006.6876,838700,10219200,3809045100,39667001700,2994.795,3024.3525,2984.8177,2990.5057
111649000,3006.9415,658700,7543200,3809703800,39674544900,2994.795,3024.3525,2984.8177,2990.5057
111654000,3006.4637,1210000,12792000,3810913800,39687336900,2994.795,3024.3525,2984.8177,2990.5057
111659000,3006.8095,845700,8993600,3811759500,39696330500,2994.795,3024.3525,2984.8177,2990.5057
111704000,3006.5242,870900,10721300,3812630400,39707051800,2994.795,3024.3525,2984.8177,2990.5057
111709000,3006.9023,1111600,14216100,3813742000,39721267900,2994.795,3024.3525,2984.8177,2990.5057
111714000,3006.6427,1678000,17363700,3815420000,39738631600,2994.795,3024.3525,2984.8177,2990.5057
111719000,3006.9933,1371000,15056600,3816791000,39753688200,2994.795,3024.3525,2984.8177,2990.5057
111724000,3006.7439,1487400,14607800,3818278400,39768296000,2994.795,3024.3525,2984.8177,2990.5057
111729000,3006.5924,856500,8848000,3819134900,39777144000,2994.795,3024.3525,2984.8177,2990.5057
111734000,3007.0039,1368600,12800400,3820503500,39789944400,2994.795,3024.3525,2984.8177,2990.5057
111739000,3006.762,851800,9398400,3821355300,39799342800,2994.795,3024.3525,2984.8177,2990.5057
111744000,3007.1958,860900,8490200,3822216200,39807833000,2994.795,3024.3525,2984.8177,2990.5057
111749000,3006.9522,954700,8460700,3823170900,39816293700,2994.795,3024.3525,2984.8177,2990.5057
111754000,3006.9665,2627700,15825600,3825798600,39832119300,2994.795,3024.3525,2984.8177,2990.5057
111759000,3006.9526,823100,7571100,3826621700,39839690400,2994.795,3024.3525,2984.8177,2990.5057
111804000,3006.939,797100,7371300,3827418800,39847061700,2994.795,3024.3525,2984.8177,2990.5057
111809000,3006.6505,848000,9068700,3828266800,39856130400,2994.795,3024.3525,2984.8177,2990.5057
111814000,3006.9247,1465500,12185100,3829732300,39868315500,2994.795,3024.3525,2984.8177,2990.5057
111819000,3006.6547,787300,9752500,3830519600,39878068000,2994.795,3024.3525,2984.8177,2990.5057
111824000,3007.0085,1052300,11592500,3831571900,39889660500,2994.795,3024.3525,2984.8177,2990.5057
111829000,3006.8905,681000,7338800,3832252900,39896999300,2994.795,3024.3525,2984.8177,2990.5057
111834000,3006.9641,1083300,12281300,3833336200,39909280600,2994.795,3024.3525,2984.8177,2990.5057
111839000,3007.1364,631100,6582600,3833967300,39915863200,2994.795,3024.3525,2984.8177,2990.5057
111844000,3007.0905,937000,11664400,3834904300,39927527600,2994.795,3024.3525,2984.8177,2990.5057
111849000,3006.4631,1006900,11314500,3835911200,39938842100,2994.795,3024.3525,2984.8177,2990.5057
111854000,3007.1839,825000,10125200,3836736200,39948967300,2994.795,3024.3525,2984.8177,2990.5057
111859000,3007.0753,683700,8392200,3837419900,39957359500,2994.795,3024.3525,2984.8177,2990.5057
111904000,3006.5701,1568500,12710000,3838988400,39970069500,2994.795,3024.3525,2984.8177,2990.5057
111909000,3007.1799,798000,10312200,3839786400,39980381700,2994.795,3024.3525,2984.8177,2990.5057
111914000,3006.9071,1248700,10934600,3841035100,39991316300,2994.795,3024.3525,2984.8177,2990.5057
111919000,3006.627,686300,8299200,3841721400,39999615500,2994.795,3024.3525,2984.8177,2990.5057
111924000,3006.4294,1960100,17893200,3843681500,40017508700,2994.795,3024.3525,2984.8177,2990.5057
111929000,3006.3782,1185800,12603000,3844867300,40030111700,2994.795,3024.3525,2984.8177,2990.5057
111934000,3006.3223,1941500,16842800,3846808800,40046954500,2994.795,3024.3525,2984.8177,2990.5057
111939000,3005.4365,1592900,18700800,3848401700,40065655300,2994.795,3024.3525,2984.8177,2990.5057
111944000,3005.4686,2203900,22599500,3850605600,40088254800,2994.795,3024.3525,2984.8177,2990.5057
111949000,3005.4765,2609900,28865200,3853215500,40117120000,2994.795,3024.3525,2984.8177,2990.5057
111954000,3005.2046,1648600,18751200,3854864100,40135871200,2994.795,3024.3525,2984.8177,2990.5057
111959000,3004.904,1773100,17839900,3856637200,40153711100,2994.795,3024.3525,2984.8177,2990.5057
112004000,3004.5834,1850200,21489600,3858487400,40175200700,2994.795,3024.3525,2984.8177,2990.5057
112009000,3004.7991,1345100,15825900,3859832500,40191026600,2994.795,3024.3525,2984.8177,2990.5057
112014000,3004.9955,1327300,16984200,3861159800,40208010800,2994.795,3024.3525,2984.8177,2990.5057
112019000,3004.8356,1600800,16280600,3862760600,40224291400,2994.795,3024.3525,2984.8177,2990.5057
112024000,3004.0096,2130600,22548100,3864891200,40246839500,2994.795,3024.3525,2984.8177,2990.5057
112029000,3004.1913,1311000,11541100,3866202200,40258380600,2994.795,3024.3525,2984.8177,2990.5057
112034000,3004.051,1390800,13852000,3867593000,40272232600,2994.795,3024.3525,2984.8177,2990.5057
112039000,3004.1628,1820600,13988600,3869413600,40286221200,2994.795,3024.3525,2984.8177,2990.5057
112044000,3004.0493,1407800,14373100,3870821400,40300594300,2994.795,3024.3525,2984.8177,2990.5057
112049000,3004.2687,1427300,13599800,3872248700,40314194100,2994.795,3024.3525,2984.8177,2990.5057
112054000,3004.1172,1776300,22728700,3874025000,40336922800,2994.795,3024.3525,2984.8177,2990.5057
112059000,3004.1118,1175200,12053700,3875200200,40348976500,2994.795,3024.3525,2984.8177,2990.5057
112104000,3003.9016,1036500,11505400,3876236700,40360481900,2994.795,3024.3525,2984.8177,2990.5057
112109000,3003.9823,1050200,12008100,3877286900,40372490000,2994.795,3024.3525,2984.8177,2990.5057
112114000,3003.8398,1189500,13467800,3878476400,40385957800,2994.795,3024.3525,2984.8177,2990.5057
112119000,3003.7729,1023200,13205100,3879499600,40399162900,2994.795,3024.3525,2984.8177,2990.5057
112124000,3003.2336,1569900,18654900,3881069500,40417817800,2994.795,3024.3525,2984.8177,2990.5057
112129000,3003.488,1395100,13189300,3882464600,40431007100,2994.795,3024.3525,2984.8177,2990.5057
112134000,3003.4736,1736000,15236900,3884200600,40446244000,2994.795,3024.3525,2984.8177,2990.5057
112139000,3003.6328,1292700,15061400,3885493300,40461305400,2994.795,3024.3525,2984.8177,2990.5057
112144000,3003.6803,1356000,15995400,3886849300,40477300800,2994.795,3024.3525,2984.8177,2990.5057
112149000,3003.663,1439500,13416300,3888288800,40490717100,2994.795,3024.3525,2984.8177,2990.5057
112154000,3003.8661,1119900,11153500,3889408700,40501870600,2994.795,3024.3525,2984.8177,2990.5057
112159000,3003.9234,1365500,12211500,3890774200,40514082100,2994.795,3024.3525,2984.8177,2990.5057
112204000,3003.6816,1155800,13371000,3891930000,40527453100,2994.795,3024.3525,2984.8177,2990.5057
112209000,3003.5569,1478500,14995400,3893408500,40542448500,2994.795,3024.3525,2984.8177,2990.5057
112214000,3003.5654,1411000,14619200,3894819500,40557067700,2994.795,3024.3525,2984.8177,2990.5057
112219000,3003.3891,934500,9847900,3895754000,40566915600,2994.795,3024.3525,2984.8177,2990.5057
112224000,3003.2192,1696100,17985900,3897450100,40584901500,2994.795,3024.3525,2984.8177,2990.5057
112229000,3003.6191,809500,11160200,3898259600,40596061700,2994.795,3024.3525,2984.8177,2990.5057
112234000,3003.6391,1696100,13733800,3899955700,40609795500,2994.795,3024.3525,2984.8177,2990.5057
112239000,3003.9526,1198000,11727500,3901153700,40621523000,2994.795,3024.3525,2984.8177,2990.5057
112244000,3003.5264,1713900,14912200,3902867600,40636435200,2994.795,3024.3525,2984.8177,2990.5057
112249000,3003.8514,979200,12546000,3903846800,40648981200,2994.795,3024.3525,2984.8177,2990.5057
112254000,3003.5302,1298000,13330900,3905144800,40662312100,2994.795,3024.3525,2984.8177,2990.5057
112259000,3003.7592,1221900,12537800,3906366700,40674849900,2994.795,3024.3525,2984.8177,2990.5057
112304000,3003.515,1012600,14063300,3907379300,40688913200,2994.795,3024.3525,2984.8177,2990.5057
112309000,3003.4908,1150700,12457800,3908530000,40701371000,2994.795,3024.3525,2984.8177,2990.5057
112314000,3003.9169,1904700,16502600,3910434700,40717873600,2994.795,3024.3525,2984.8177,2990.5057
112319000,3003.8543,887400,11113300,3911322100,40728986900,2994.795,3024.3525,2984.8177,2990.5057
112324000,3003.4708,2663200,21201600,3913985300,40750188500,2994.795,3024.3525,2984.8177,2990.5057
112329000,3003.6441,3285200,14225100,3917270500,40764413600,2994.795,3024.3525,2984.8177,2990.5057
112334000,3003.9717,1177300,12554800,3918447800,40776968400,2994.795,3024.3525,2984.8177,2990.5057
112339000,3004.3577,2850700,13038800,3921298500,40790007200,2994.795,3024.3525,2984.8177,2990.5057
112344000,3004.1427,842800,11072100,3922141300,40801079300,2994.795,3024.3525,2984.8177,2990.5057
112349000,3004.0761,1413800,15629500,3923555100,40816708800,2994.795,3024.3525,2984.8177,2990.5057
112354000,3004.1096,2474300,16050600,3926029400,40832759400,2994.795,3024.3525,2984.8177,2990.5057
112359000,3004.0061,955200,9791200,3926984600,40842550600,2994.795,3024.3525,2984.8177,2990.5057
112404000,3003.6742,1182700,11675000,3928167300,40854225600,2994.795,3024.3525,2984.8177,2990.5057
112409000,3003.6023,2376000,15329300,3930543300,40869554900,2994.795,3024.3525,2984.8177,2990.5057
112414000,3003.6714,1930500,17187500,3932473800,40886742400,2994.795,3024.3525,2984.8177,2990.5057
112419000,3004.1291,2100900,12372500,3934574700,40899114900,2994.795,3024.3525,2984.8177,2990.5057
112424000,3003.4138,1520500,14591500,3936095200,40913706400,2994.795,3024.3525,2984.8177,2990.5057
112429000,3003.7534,1798100,14973200,3937893300,40928679600,2994.795,3024.3525,2984.8177,2990.5057
112434000,3003.5687,1422300,12146800,3939315600,40940826400,2994.795,3024.3525,2984.8177,2990.5057
112439000,3004.1154,1406600,9644600,3940722200,40950471000,2994.795,3024.3525,2984.8177,2990.5057
112444000,3003.722,2203200,11747800,3942925400,40962218800,2994.795,3024.3525,2984.8177,2990.5057
112449000,3003.5134,1285400,12846900,3944210800,40975065700,2994.795,3024.3525,2984.8177,2990.5057
112454000,3003.6185,1782900,14234200,3945993700,40989299900,2994.795,3024.3525,2984.8177,2990.5057
112459000,3003.5543,776500,9276000,3946770200,40998575900,2994.795,3024.3525,2984.8177,2990.5057
112504000,3003.3417,1033900,12460600,3947804100,41011036500,2994.795,3024.3525,2984.8177,2990.5057
112509000,3003.1494,1288500,9366500,3949092600,41020403000,2994.795,3024.3525,2984.8177,2990.5057
112514000,3003.3943,1528000,13967700,3950620600,41034370700,2994.795,3024.3525,2984.8177,2990.5057
112519000,3003.5145,1443200,11519200,3952063800,41045889900,2994.795,3024.3525,2984.8177,2990.5057
112524000,3003.3496,1616800,18900500,3953680600,41064790400,2994.795,3024.3525,2984.8177,2990.5057
112529000,3003.0508,1238300,10722300,3954918900,41075512700,2994.795,3024.3525,2984.8177,2990.5057
112534000,3003.2721,861700,11389200,3955780600,41086901900,2994.795,3024.3525,2984.8177,2990.5057
112539000,3003.4477,2147700,18046200,3957928300,41104948100,2994.795,3024.3525,2984.8177,2990.5057
112544000,3003.3684,1273300,12731400,3959201600,41117679500,2994.795,3024.3525,2984.8177,2990.5057
112549000,3003.4271,1051800,11847100,3960253400,41129526600,2994.795,3024.3525,2984.8177,2990.5057
112554000,3002.9835,991900,12184300,3961245300,41141710900,2994.795,3024.3525,2984.8177,2990.5057
112559000,3003.0109,1875700,10386200,3963121000,41152097100,2994.795,3024.3525,2984.8177,2990.5057
112604000,3002.5158,1796900,15678700,3964917900,41167775800,2994.795,3024.3525,2984.8177,2990.5057
112609000,3002.8704,798400,9803700,3965716300,41177579500,2994.795,3024.3525,2984.8177,2990.5057
112614000,3003.0946,1262500,13005600,3966978800,41190585100,2994.795,3024.3525,2984.8177,2990.5057
112619000,3002.8668,889200,12651200,3967868000,41203236300,2994.795,3024.3525,2984.8177,2990.5057
112624000,3002.6016,1005200,13721500,3968873200,41216957800,2994.795,3024.3525,2984.8177,2990.5057
112629000,3002.8952,1022000,9879500,3969895200,41226837300,2994.795,3024.3525,2984.8177,2990.5057
112634000,3002.6334,739100,10718400,3970634300,41237555700,2994.795,3024.3525,2984.8177,2990.5057
112639000,3002.7247,901500,12255500,3971535800,41249811200,2994.795,3024.3525,2984.8177,2990.5057
112644000,3002.8973,1923000,11791300,3973458800,41261602500,2994.795,3024.3525,2984.8177,2990.5057
112649000,3002.6423,1048200,14352900,3974507000,41275955400,2994.795,3024.3525,2984.8177,2990.5057
112654000,3002.7116,1416300,13513000,3975923300,41289468400,2994.795,3024.3525,2984.8177,2990.5057
112659000,3002.4784,1105700,7992500,3977029000,41297460900,2994.795,3024.3525,2984.8177,2990.5057
112704000,3002.3079,1043300,13490700,3978072300,41310951600,2994.795,3024.3525,2984.8177,2990.5057
112709000,3001.8284,1399300,14961800,3979471600,41325913400,2994.795,3024.3525,2984.8177,2990.5057
112714000,3001.7188,1179700,14957300,3980651300,41340870700,2994.795,3024.3525,2984.8177,2990.5057
112719000,3001.9348,1181500,11852600,3981832800,41352723300,2994.795,3024.3525,2984.8177,2990.5057
112724000,3001.5398,1134900,14196500,3982967700,41366919800,2994.795,3024.3525,2984.8177,2990.5057
112729000,3001.3522,1320100,17075800,3984287800,41383995600,2994.795,3024.3525,2984.8177,2990.5057
112734000,3001.2493,1082200,14913500,3985370000,41398909100,2994.795,3024.3525,2984.8177,2990.5057
112739000,3001.898,1137100,13110300,3986507100,41412019400,2994.795,3024.3525,2984.8177,2990.5057
112744000,3001.7122,1755200,19845700,3988262300,41431865100,2994.795,3024.3525,2984.8177,2990.5057
112749000,3001.0923,1800300,22899600,3990062600,41454764700,2994.795,3024.3525,2984.8177,2990.5057
112754000,3001.1118,1543400,17988200,3991606000,41472752900,2994.795,3024.3525,2984.8177,2990.5057
112759000,3001.0221,1218600,16800900,3992824600,41489553800,2994.795,3024.3525,2984.8177,2990.5057
112804000,3000.9412,1924500,21002900,3994749100,41510556700,2994.795,3024.3525,2984.8177,2990.5057
112809000,3000.2249,1338200,15561400,3996087300,41526118100,2994.795,3024.3525,2984.8177,2990.5057
112814000,3000.2674,1452500,15667300,3997539800,41541785400,2994.795,3024.3525,2984.8177,2990.5057
112819000,3000.1937,1571100,17491200,3999110900,41559276600,2994.795,3024.3525,2984.8177,2990.5057
112824000,2999.9912,2087100,21628500,4001198000,41580905100,2994.795,3024.3525,2984.8177,2990.5057
112829000,2999.9558,1301900,14412900,4002499900,41595318000,2994.795,3024.3525,2984.8177,2990.5057
112834000,2999.9261,1616600,19071500,4004116500,41614389500,2994.795,3024.3525,2984.8177,2990.5057
112839000,3000.1003,2233900,15409700,4006350400,41629799200,2994.795,3024.3525,2984.8177,2990.5057
112844000,2999.8653,2250500,23280500,4008600900,41653079700,2994.795,3024.3525,2984.8177,2990.5057
112849000,3000.1802,1413400,17135700,4010014300,41670215400,2994.795,3024.3525,2984.8177,2990.5057
112854000,2999.6426,2025500,20973900,4012039800,41691189300,2994.795,3024.3525,2984.8177,2990.5057
112859000,2999.7717,1095800,14988400,4013135600,41706177700,2994.795,3024.3525,2984.8177,2990.5057
112904000,2999.2015,1264700,15589700,4014400300,41721767400,2994.795,3024.3525,2984.8177,2990.5057
112909000,2999.1046,1748000,15948500,4016148300,41737715900,2994.795,3024.3525,2984.8177,2990.5057
112914000,2999.3336,1363300,17646300,4017511600,41755362200,2994.795,3024.3525,2984.8177,2990.5057
112919000,2999.0614,1501600,14091800,4019013200,41769454000,2994.795,3024.3525,2984.8177,2990.5057
112924000,2999.2874,1993400,14763100,4021006600,41784217100,2994.795,3024.3525,2984.8177,2990.5057
112929000,2999.1669,1749600,17605900,4022756200,41801823000,2994.795,3024.3525,2984.8177,2990.5057
112934000,2999.107,1713400,16182600,4024469600,41818005600,2994.795,3024.3525,2984.8177,2990.5057
112939000,2999.7502,2148500,13052400,4026618100,41831058000,2994.795,3024.3525,2984.8177,2990.5057
112944000,2999.6687,1744900,19140000,4028363000,41850198000,2994.795,3024.3525,2984.8177,2990.5057
112949000,3000.0526,1107700,12278400,4029470700,41862476400,2994.795,3024.3525,2984.8177,2990.5057
112954000,3000.2063,1025300,8755600,4030496000,41871232000,2994.795,3024.3525,2984.8177,2990.5057
112959000,2999.8465,1031600,8902200,4031527600,41880134200,2994.795,3024.3525,2984.8177,2990.5057
113000000,3000.1234,238600,2748400,4031766200,41882882600,2994.795,3024.3525,2984.8177,2990.5057
113003000,3000.1281,0,0,4031766200,41882882600,2994.795,3024.3525,2984.8177,2990.5057
125953000,3000.1281,1779400,14675600,4033545600,41897558200,2994.795,3024.3525,2984.8177,2990.5057
130004000,3000.6065,24478900,221298300,4058024500,42118856500,2994.795,3024.3525,2984.8177,2990.5057
130009000,3000.7047,3531300,38722500,4061555800,42157579000,2994.795,3024.3525,2984.8177,2990.5057
130014000,3000.9852,1503500,22292000,4063059300,42179871000,2994.795,3024.3525,2984.8177,2990.5057
130018000,3001.2959,1382600,13580400,4064441900,42193451400,2994.795,3024.3525,2984.8177,2990.5057
130024000,3001.1958,1555500,17402600,4065997400,42210854000,2994.795,3024.3525,2984.8177,2990.5057
130029000,3001.4504,880600,11206400,4066878000,42222060400,2994.795,3024.3525,2984.8177,2990.5057
130033000,3001.6086,1476300,15993200,4068354300,42238053600,2994.795,3024.3525,2984.8177,2990.5057
130039000,3002.3161,1223500,14533900,4069577800,42252587500,2994.795,3024.3525,2984.8177,2990.5057
130044000,3002.4404,983600,11532600,4070561400,42264120100,2994.795,3024.3525,2984.8177,2990.5057
130049000,3002.9549,1621200,16591600,4072182600,42280711700,2994.795,3024.3525,2984.8177,2990.5057
130054000,3002.9628,1867000,19025500,4074049600,42299737200,2994.795,3024.3525,2984.8177,2990.5057
130059000,3003.2216,1015900,14189500,4075065500,42313926700,2994.795,3024.3525,2984.8177,2990.5057
130104000,3003.2304,1792600,12864400,4076858100,42326791100,2994.795,3024.3525,2984.8177,2990.5057
130109000,3002.973,2144300,15196300,4079002400,42341987400,2994.795,3024.3525,2984.8177,2990.5057
130114000,3003.002,1154000,13058100,4080156400,42355045500,2994.795,3024.3525,2984.8177,2990.5057
130118000,3003.0319,925300,10887700,4081081700,42365933200,2994.795,3024.3525,2984.8177,2990.5057
130124000,3002.9906,1084300,15322300,4082166000,42381255500,2994.795,3024.3525,2984.8177,2990.5057
130129000,3002.8146,772900,8812100,4082938900,42390067600,2994.795,3024.3525,2984.8177,2990.5057
130133000,3003.0761,1056800,12770500,4083995700,42402838100,2994.795,3024.3525,2984.8177,2990.5057
130139000,3003.1219,1007200,9554100,4085002900,42412392200,2994.795,3024.3525,2984.8177,2990.5057
130144000,3003.3094,819600,9153000,4085822500,42421545200,2994.795,3024.3525,2984.8177,2990.5057
130149000,3002.9775,903300,10470700,4086725800,42432015900,2994.795,3024.3525,2984.8177,2990.5057
130154000,3003.1203,1049600,15731300,4087775400,42447747200,2994.795,3024.3525,2984.8177,2990.5057
130159000,3003.4342,754400,12864900,4088529800,42460612100,2994.795,3024.3525,2984.8177,2990.5057
130204000,3003.1693,599000,9403300,4089128800,42470015400,2994.795,3024.3525,2984.8177,2990.5057
130209000,3002.8507,529700,6906900,4089658500,42476922300,2994.795,3024.3525,2984.8177,2990.5057
130214000,3003.44,1578100,15518300,4091236600,42492440600,2994.795,3024.3525,2984.8177,2990.5057
130218000,3002.9434,996700,13342200,4092233300,42505782800,2994.795,3024.3525,2984.8177,2990.5057
130224000,3003.0625,1089300,16067000,4093322600,42521849800,2994.795,3024.3525,2984.8177,2990.5057
130229000,3002.8703,1036900,14301500,4094359500,42536151300,2994.795,3024.3525,2984.8177,2990.5057
130234000,3003.371,1011000,10944900,4095370500,42547096200,2994.795,3024.3525,2984.8177,2990.5057
130239000,3003.4331,1044500,9748600,4096415000,42556844800,2994.795,3024.3525,2984.8177,2990.5057
130244000,3003.1212,938300,9822100,4097353300,42566666900,2994.795,3024.3525,2984.8177,2990.5057
130249000,3002.9277,1303300,13762900,4098656600,42580429800,2994.795,3024.3525,2984.8177,2990.5057
130254000,3003.2563,826700,14503700,4099483300,42594933500,2994.795,3024.3525,2984.8177,2990.5057
130259000,3003.0114,636900,8116500,4100120200,42603050000,2994.795,3024.3525,2984.8177,2990.5057
130304000,3002.8198,863900,11165800,4100984100,42614215800,2994.795,3024.3525,2984.8177,2990.5057
130309000,3002.9169,1123700,12372900,4102107800,42626588700,2994.795,3024.3525,2984.8177,2990.5057
130314000,3003.2613,978700,10650100,4103086500,42637238800,2994.795,3024.3525,2984.8177,2990.5057
130318000,3003.1032,1038800,10544600,4104125300,42647783400,2994.795,3024.3525,2984.8177,2990.5057
130324000,3002.8123,911500,23274000,4105036800,42671057400,2994.795,3024.3525,2984.8177,2990.5057
130329000,3002.9069,953400,14361800,4105990200,42685419200,2994.795,3024.3525,2984.8177,2990.5057
130334000,3002.7128,1160000,14124800,4107150200,42699544000,2994.795,3024.3525,2984.8177,2990.5057
130339000,3003.1208,1359200,17839500,4108509400,42717383500,2994.795,3024.3525,2984.8177,2990.5057
130344000,3002.9386,971900,8552400,4109481300,42725935900,2994.795,3024.3525,2984.8177,2990.5057
130349000,3002.9242,1135200,11965500,4110616500,42737901400,2994.795,3024.3525,2984.8177,2990.5057
130354000,3003.1876,945000,11708100,4111561500,42749609500,2994.795,3024.3525,2984.8177,2990.5057
130359000,3003.5156,723000,7216200,4112284500,42756825700,2994.795,3024.3525,2984.8177,2990.5057
130404000,3002.9293,1454800,14080100,4113739300,42770905800,2994.795,3024.3525,2984.8177,2990.5057
130409000,3003.1245,1121100,10788500,4114860400,42781694300,2994.795,3024.3525,2984.8177,2990.5057
130414000,3002.952,1161200,11025500,4116021600,42792719800,2994.795,3024.3525,2984.8177,2990.5057
130418000,3002.9994,863500,9312500,4116885100,42802032300,2994.795,3024.3525,2984.8177,2990.5057
130424000,3003.0413,1260600,12401600,4118145700,42814433900,2994.795,3024.3525,2984.8177,2990.5057
130429000,3003.0684,798800,9230100,4118944500,42823664000,2994.795,3024.3525,2984.8177,2990.5057
130434000,3003.0023,679000,9533600,4119623500,42833197600,2994.795,3024.3525,2984.8177,2990.5057
130439000,3003.2753,1228900,12560400,4120852400,42845758000,2994.795,3024.3525,2984.8177,2990.5057
130444000,3003.0897,1073600,19036100,4121926000,42864794100,2994.795,3024.3525,2984.8177,2990.5057
130448000,3003.3366,999400,13931500,4122925400,42878725600,2994.795,3024.3525,2984.8177,2990.5057
130454000,3003.2749,801700,13211400,4123727100,42891937000,2994.795,3024.3525,2984.8177,2990.5057
130459000,3003.3142,913600,10982600,4124640700,42902919600,2994.795,3024.3525,2984.8177,2990.5057
130504000,3003.3193,1152200,11787000,4125792900,42914706600,2994.795,3024.3525,2984.8177,2990.5057
130509000,3003.4001,918900,9158700,4126711800,42923865300,2994.795,3024.3525,2984.8177,2990.5057
130514000,3003.2945,2031800,15368800,4128743600,42939234100,2994.795,3024.3525,2984.8177,2990.5057
130519000,3003.007,1075900,14279900,4129819500,42953514000,2994.795,3024.3525,2984.8177,2990.5057
130524000,3002.9851,775700,9358300,4130595200,42962872300,2994.795,3024.3525,2984.8177,2990.5057
130529000,3003.3504,977900,11415300,4131573100,42974287600,2994.795,3024.3525,2984.8177,2990.5057
130534000,3003.3549,731500,10413800,4132304600,42984701400,2994.795,3024.3525,2984.8177,2990.5057
130539000,3003.5783,971400,12913000,4133276000,42997614400,2994.795,3024.3525,2984.8177,2990.5057
130544000,3003.2399,1056500,16527300,4134332500,43014141700,2994.795,3024.3525,2984.8177,2990.5057
130549000,3003.4059,630800,9356300,4134963300,43023498000,2994.795,3024.3525,2984.8177,2990.5057
130554000,3003.5879,794500,10774300,4135757800,43034272300,2994.795,3024.3525,2984.8177,2990.5057
130559000,3003.7029,1305300,9439400,4137063100,43043711700,2994.795,3024.3525,2984.8177,2990.5057
130604000,3003.7556,681600,8157200,4137744700,43051868900,2994.795,3024.3525,2984.8177,2990.5057
130609000,3003.6452,1890600,13383700,4139635300,43065252600,2994.795,3024.3525,2984.8177,2990.5057
130614000,3003.2284,1296000,12840900,4140931300,43078093500,2994.795,3024.3525,2984.8177,2990.5057
130619000,3003.5313,851200,11008700,4141782500,43089102200,2994.795,3024.3525,2984.8177,2990.5057
130624000,3003.4352,918500,12671900,4142701000,43101774100,2994.795,3024.3525,2984.8177,2990.5057
130629000,3003.8118,835700,11267100,4143536700,43113041200,2994.795,3024.3525,2984.8177,2990.5057
130634000,3003.8192,1089100,14944000,4144625800,43127985200,2994.795,3024.3525,2984.8177,2990.5057
130639000,3004.2806,863200,11505500,4145489000,43139490700,2994.795,3024.3525,2984.8177,2990.5057
130644000,3004.074,1204500,16572700,4146693500,43156063400,2994.795,3024.3525,2984.8177,2990.5057
130649000,3004.3857,806900,16801400,4147500400,43172864800,2994.795,3024.3525,2984.8177,2990.5057
130654000,3004.2476,1095800,15578100,4148596200,43188442900,2994.795,3024.3525,2984.8177,2990.5057
130659000,3004.7488,1532100,18600800,4150128300,43207043700,2994.795,3024.3525,2984.8177,2990.5057
130704000,3004.4583,1518700,18513700,4151647000,43225557400,2994.795,3024.3525,2984.8177,2990.5057
130709000,3004.3269,806100,14061900,4152453100,43239619300,2994.795,3024.3525,2984.8177,2990.5057
130714000,3004.2774,1284600,13627400,4153737700,43253246700,2994.795,3024.3525,2984.8177,2990.5057
130719000,3004.2607,891800,14650800,4154629500,43267897500,2994.795,3024.3525,2984.8177,2990.5057
130724000,3004.3941,1109900,15463200,4155739400,43283360700,2994.795,3024.3525,2984.8177,2990.5057
130729000,3004.7201,1132600,12943500,4156872000,43296304200,2994.795,3024.3525,2984.8177,2990.5057
130734000,3004.7264,946100,12720700,4157818100,43309024900,2994.795,3024.3525,2984.8177,2990.5057
130739000,3004.9545,731600,11131300,4158549700,43320156200,2994.795,3024.3525,2984.8177,2990.5057
130744000,3004.9156,1261700,21465500,4159811400,43341621700,2994.795,3024.3525,2984.8177,2990.5057
130749000,3004.883,1263300,18153100,4161074700,43359774800,2994.795,3024.3525,2984.8177,2990.5057
130754000,3004.7842,1283600,14173700,4162358300,43373948500,2994.795,3024.3525,2984.8177,2990.5057
130759000,3004.584,762300,20058000,4163120600,43394006500,2994.795,3024.3525,2984.8177,2990.5057
130804000,3004.2956,1267200,21832100,4164387800,43415838600,2994.795,3024.3525,2984.8177,2990.5057
130809000,3003.4988,1012400,14721700,4165400200,43430560300,2994.795,3024.3525,2984.8177,2990.5057
130814000,3004.0557,903600,17043300,4166303800,43447603600,2994.795,3024.3525,2984.8177,2990.5057
130819000,3003.7996,2814300,25287800,4169118100,43472891400,2994.795,3024.3525,2984.8177,2990.5057
130824000,3004.0848,1444400,22810600,4170562500,43495702000,2994.795,3024.3525,2984.8177,2990.5057
130829000,3004.01,1086900,19433600,4171649400,43515135600,2994.795,3024.3525,2984.8177,2990.5057
130834000,3004.0594,936000,13020200,4172585400,43528155800,2994.795,3024.3525,2984.8177,2990.5057
130839000,3004.428,1824900,13216800,4174410300,43541372600,2994.795,3024.3525,2984.8177,2990.5057
130844000,3004.2021,1073800,16767600,4175484100,43558140200,2994.795,3024.3525,2984.8177,2990.5057
130849000,3004.1126,1065000,14028300,4176549100,43572168500,2994.795,3024.3525,2984.8177,2990.5057
130854000,3004.3562,1325400,16332000,4177874500,43588500500,2994.795,3024.3525,2984.8177,2990.5057
130859000,3004.3534,1669400,17707800,4179543900,43606208300,2994.795,3024.3525,2984.8177,2990.5057
130904000,3004.0824,1518100,16877900,4181062000,43623086200,2994.795,3024.3525,2984.8177,2990.5057
130909000,3003.9013,984700,12350900,4182046700,43635437100,2994.795,3024.3525,2984.8177,2990.5057
130914000,3004.2175,1170300,14018100,4183217000,43649455200,2994.795,3024.3525,2984.8177,2990.5057
130919000,3004.2343,856900,13473100,4184073900,43662928300,2994.795,3024.3525,2984.8177,2990.5057
130924000,3004.1535,1094600,16158500,4185168500,43679086800,2994.795,3024.3525,2984.8177,2990.5057
130929000,3004.4537,1012600,13764600,4186181100,43692851400,2994.795,3024.3525,2984.8177,2990.5057
130934000,3004.365,853800,17045800,4187034900,43709897200,2994.795,3024.3525,2984.8177,2990.5057
130939000,3004.5368,609200,10868100,4187644100,43720765300,2994.795,3024.3525,2984.8177,2990.5057
130944000,3004.7536,1109400,13642600,4188753500,43734407900,2994.795,3024.3525,2984.8177,2990.5057
130949000,3004.6849,1177800,18288600,4189931300,43752696500,2994.795,3024.3525,2984.8177,2990.5057
130954000,3004.6831,1014100,17500100,4190945400,43770196600,2994.795,3024.3525,2984.8177,2990.5057
130959000,3004.3708,881800,14086700,4191827200,43784283300,2994.795,3024.3525,2984.8177,2990.5057
131004000,3004.4604,1447400,17080900,4193274600,43801364200,2994.795,3024.3525,2984.8177,2990.5057
131009000,3004.5728,922600,12809600,4194197200,43814173800,2994.795,3024.3525,2984.8177,2990.5057
131014000,3004.6826,2717100,38841900,4196914300,43853015700,2994.795,3024.3525,2984.8177,2990.5057
131019000,3004.6259,1154200,17304200,4198068500,43870319900,2994.795,3024.3525,2984.8177,2990.5057
131024000,3004.7998,1345700,15115800,4199414200,43885435700,2994.795,3024.3525,2984.8177,2990.5057
131029000,3004.8041,1986200,24041000,4201400400,43909476700,2994.795,3024.3525,2984.8177,2990.5057
131034000,3004.9091,1531300,22844100,4202931700,43932320800,2994.795,3024.3525,2984.8177,2990.5057
131039000,3004.9981,1203400,18129000,4204135100,43950449800,2994.795,3024.3525,2984.8177,2990.5057
131044000,3005.34,1421200,22379600,4205556300,43972829400,2994.795,3024.3525,2984.8177,2990.5057
131049000,3005.1524,1465600,21317800,4207021900,43994147200,2994.795,3024.3525,2984.8177,2990.5057
131054000,3005.2337,1441500,19087900,4208463400,44013235100,2994.795,3024.3525,2984.8177,2990.5057
131059000,3005.2985,1190500,14753100,4209653900,44027988200,2994.795,3024.3525,2984.8177,2990.5057
131104000,3004.6331,1097400,13921100,4210751300,44041909300,2994.795,3024.3525,2984.8177,2990.5057
131109000,3004.6795,1388300,16435000,4212139600,44058344300,2994.795,3024.3525,2984.8177,2990.5057
131114000,3004.9779,1775000,20521400,4213914600,44078865700,2994.795,3024.3525,2984.8177,2990.5057
131119000,3005.1371,1347600,16576400,4215262200,44095442100,2994.795,3024.3525,2984.8177,2990.5057
131124000,3005.85,1497200,21511000,4216759400,44116953100,2994.795,3024.3525,2984.8177,2990.5057
131129000,3005.3531,1087700,16357800,4217847100,44133310900,2994.795,3024.3525,2984.8177,2990.5057
131134000,3005.3166,1568400,16418200,4219415500,44149729100,2994.795,3024.3525,2984.8177,2990.5057
131139000,3005.2345,1297600,16218600,4220713100,44165947700,2994.795,3024.3525,2984.8177,2990.5057
131144000,3005.7613,1442900,21141200,4222156000,44187088900,2994.795,3024.3525,2984.8177,2990.5057
131149000,3006.0138,1604300,18101900,4223760300,44205190800,2994.795,3024.3525,2984.8177,2990.5057
131154000,3006.1575,1693400,19918800,4225453700,44225109600,2994.795,3024.3525,2984.8177,2990.5057
131159000,3007.4553,2421200,33068600,4227874900,44258178200,2994.795,3024.3525,2984.8177,2990.5057
131204000,3007.5271,3392600,40067200,4231267500,44298245400,2994.795,3024.3525,2984.8177,2990.5057
131209000,3007.1378,1528100,20799000,4232795600,44319044400,2994.795,3024.3525,2984.8177,2990.5057
131214000,3007.3378,1838000,28712800,4234633600,44347757200,2994.795,3024.3525,2984.8177,2990.5057
131219000,3007.6127,1692200,27942500,4236325800,44375699700,2994.795,3024.3525,2984.8177,2990.5057
131224000,3007.6805,1440100,28659700,4237765900,44404359400,2994.795,3024.3525,2984.8177,2990.5057
131229000,3007.4337,1864100,28277400,4239630000,44432636800,2994.795,3024.3525,2984.8177,2990.5057
131234000,3007.5764,1407400,25584800,4241037400,44458221600,2994.795,3024.3525,2984.8177,2990.5057
131239000,3007.7304,1324900,17895400,4242362300,44476117000,2994.795,3024.3525,2984.8177,2990.5057
131244000,3008.1223,1606900,22687700,4243969200,44498804700,2994.795,3024.3525,2984.8177,2990.5057
131249000,3007.9924,1066000,19032900,4245035200,44517837600,2994.795,3024.3525,2984.8177,2990.5057
131254000,3008.2216,1245300,40636800,4246280500,44558474400,2994.795,3024.3525,2984.8177,2990.5057
131259000,3008.2718,1112600,18783900,4247393100,44577258300,2994.795,3024.3525,2984.8177,2990.5057
131304000,3008.4359,1125100,18081000,4248518200,44595339300,2994.795,3024.3525,2984.8177,2990.5057
131309000,3008.4874,1626900,23562000,4250145100,44618901300,2994.795,3024.3525,2984.8177,2990.5057
131314000,3008.2826,1492600,21195700,4251637700,44640097000,2994.795,3024.3525,2984.8177,2990.5057
131319000,3008.1368,1464900,22100000,4253102600,44662197000,2994.795,3024.3525,2984.8177,2990.5057
131324000,3008.0003,1704900,21571500,4254807500,44683768500,2994.795,3024.3525,2984.8177,2990.5057
131329000,3008.4244,1369500,22895500,4256177000,44706664000,2994.795,3024.3525,2984.8177,2990.5057
131334000,3008.1674,1243900,22647700,4257420900,44729311700,2994.795,3024.3525,2984.8177,2990.5057
131339000,3008.3445,1251700,23707400,4258672600,44753019100,2994.795,3024.3525,2984.8177,2990.5057
131344000,3008.685,1253400,21257000,4259926000,44774276100,2994.795,3024.3525,2984.8177,2990.5057
131348000,3008.5986,1302200,17312200,4261228200,44791588300,2994.795,3024.3525,2984.8177,2990.5057
131354000,3008.6984,1094500,16809400,4262322700,44808397700,2994.795,3024.3525,2984.8177,2990.5057
131359000,3008.3601,1168600,12019500,4263491300,44820417200,2994.795,3024.3525,2984.8177,2990.5057
131404000,3008.6946,1525200,19516000,4265016500,44839933200,2994.795,3024.3525,2984.8177,2990.5057
131409000,3008.5401,1091000,17358300,4266107500,44857291500,2994.795,3024.3525,2984.8177,2990.5057
131414000,3008.483,2004700,23251200,4268112200,44880542700,2994.795,3024.3525,2984.8177,2990.5057
131419000,3008.5752,1461000,20627200,4269573200,44901169900,2994.795,3024.3525,2984.8177,2990.5057
131424000,3008.5396,1157200,16408200,4270730400,44917578100,2994.795,3024.3525,2984.8177,2990.5057
131429000,3008.4086,1109900,16030300,4271840300,44933608400,2994.795,3024.3525,2984.8177,2990.5057
131434000,3008.5926,2349000,27098000,4274189300,44960706400,2994.795,3024.3525,2984.8177,2990.5057
131439000,3008.6982,2297500,22296600,4276486800,44983003000,2994.795,3024.3525,2984.8177,2990.5057
131444000,3008.8365,1922900,22932800,4278409700,45005935800,2994.795,3024.3525,2984.8177,2990.5057
131449000,3008.9255,1462400,23488900,4279872100,45029424700,2994.795,3024.3525,2984.8177,2990.5057
131454000,3008.7263,925800,13889200,4280797900,45043313900,2994.795,3024.3525,2984.8177,2990.5057
131459000,3008.8295,1480400,14389400,4282278300,45057703300,2994.795,3024.3525,2984.8177,2990.5057
131504000,3008.7992,1398100,15587600,4283676400,45073290900,2994.795,3024.3525,2984.8177,2990.5057
131509000,3008.2447,2347000,24296000,4286023400,45097586900,2994.795,3024.3525,2984.8177,2990.5057
131514000,3008.3435,1533700,16353900,4287557100,45113940800,2994.795,3024.3525,2984.8177,2990.5057
131519000,3008.9249,1243300,11825200,4288800400,45125766000,2994.795,3024.3525,2984.8177,2990.5057
131524000,3008.4701,1362400,18246200,4290162800,45144012200,2994.795,3024.3525,2984.8177,2990.5057
131529000,3008.2505,1353900,11938200,4291516700,45155950400,2994.795,3024.3525,2984.8177,2990.5057
131534000,3008.857,1675300,16806000,4293192000,45172756400,2994.795,3024.3525,2984.8177,2990.5057
131539000,3008.2128,1078700,17133100,4294270700,45189889500,2994.795,3024.3525,2984.8177,2990.5057
131544000,3008.7681,1262300,14378700,4295533000,45204268200,2994.795,3024.3525,2984.8177,2990.5057
131549000,3008.8636,860100,14732100,4296393100,45219000300,2994.795,3024.3525,2984.8177,2990.5057
131554000,3008.3942,818900,15669600,4297212000,45234669900,2994.795,3024.3525,2984.8177,2990.5057
131559000,3008.4736,1436300,20222100,4298648300,45254892000,2994.795,3024.3525,2984.8177,2990.5057
131604000,3008.4866,1291000,14386800,4299939300,45269278800,2994.795,3024.3525,2984.8177,2990.5057
131609000,3008.3522,1466700,19733400,4301406000,45289012200,2994.795,3024.3525,2984.8177,2990.5057
131614000,3008.4067,1214100,17481200,4302620100,45306493400,2994.795,3024.3525,2984.8177,2990.5057
131619000,3008.0661,713700,10869100,4303333800,45317362500,2994.795,3024.3525,2984.8177,2990.5057
131624000,3008.4269,823800,12774500,4304157600,45330137000,2994.795,3024.3525,2984.8177,2990.5057
131629000,3008.0938,806400,11819800,4304964000,45341956800,2994.795,3024.3525,2984.8177,2990.5057
131634000,3008.4966,1471900,19152600,4306435900,45361109400,2994.795,3024.3525,2984.8177,2990.5057
131639000,3008.2787,1208500,15530400,4307644400,45376639800,2994.795,3024.3525,2984.8177,2990.5057
131644000,3008.5378,1320100,14763600,4308964500,45391403400,2994.795,3024.3525,2984.8177,2990.5057
131649000,3008.3842,1198100,16138200,4310162600,45407541600,2994.795,3024.3525,2984.8177,2990.5057
131654000,3008.6898,1229100,15961700,4311391700,45423503300,2994.795,3024.3525,2984.8177,2990.5057
131659000,3008.6133,1398900,18960000,4312790600,45442463300,2994.795,3024.3525,2984.8177,2990.5057
131704000,3008.5749,850700,11372900,4313641300,45453836200,2994.795,3024.3525,2984.8177,2990.5057
131709000,3008.6375,1018300,14425900,4314659600,45468262100,2994.795,3024.3525,2984.8177,2990.5057
131714000,3009.0126,1653400,18189100,4316313000,45486451200,2994.795,3024.3525,2984.8177,2990.5057
131719000,3009.7015,2771600,30711800,4319084600,45517163000,2994.795,3024.3525,2984.8177,2990.5057
131724000,3010.0014,3245600,38417800,4322330200,45555580800,2994.795,3024.3525,2984.8177,2990.5057
131729000,3010.2233,1999300,24617000,4324329500,45580197800,2994.795,3024.3525,2984.8177,2990.5057
131734000,3010.3285,1717100,21826800,4326046600,45602024600,2994.795,3024.3525,2984.8177,2990.5057
131739000,3010.1054,1084000,16061700,4327130600,45618086300,2994.795,3024.3525,2984.8177,2990.5057
131744000,3010.2264,1696100,35174300,4328826700,45653260600,2994.795,3024.3525,2984.8177,2990.5057
131749000,3010.6466,2280000,38961200,4331106700,45692221800,2994.795,3024.3525,2984.8177,2990.5057
131754000,3010.4247,1421700,24162400,4332528400,45716384200,2994.795,3024.3525,2984.8177,2990.5057
131759000,3010.6775,1231100,19352500,4333759500,45735736700,2994.795,3024.3525,2984.8177,2990.5057
131804000,3010.2835,1167700,16724200,4334927200,45752460900,2994.795,3024.3525,2984.8177,2990.5057
131809000,3010.6351,1870300,26668000,4336797500,45779128900,2994.795,3024.3525,2984.8177,2990.5057
131814000,3010.1699,1514200,22010700,4338311700,45801139600,2994.795,3024.3525,2984.8177,2990.5057
131819000,3010.4417,830100,13190700,4339141800,45814330300,2994.795,3024.3525,2984.8177,2990.5057
131824000,3010.5062,1509000,25373100,4340650800,45839703400,2994.795,3024.3525,2984.8177,2990.5057
131829000,3010.4172,1072000,17608000,4341722800,45857311400,2994.795,3024.3525,2984.8177,2990.5057
131834000,3010.5082,2255600,27560000,4343978400,45884871400,2994.795,3024.3525,2984.8177,2990.5057
131839000,3010.564,878200,13364900,4344856600,45898236300,2994.795,3024.3525,2984.8177,2990.5057
131844000,3010.7832,1191700,16372300,4346048300,45914608600,2994.795,3024.3525,2984.8177,2990.5057
131849000,3010.996,988300,16123300,4347036600,45930731900,2994.795,3024.3525,2984.8177,2990.5057
131854000,3011.1774,1288300,19389000,4348324900,45950120900,2994.795,3024.3525,2984.8177,2990.5057
131859000,3011.1448,2452500,26081800,4350777400,45976202700,2994.795,3024.3525,2984.8177,2990.5057
131904000,3011.1531,1059200,15963100,4351836600,45992165800,2994.795,3024.3525,2984.8177,2990.5057
131909000,3011.1362,856300,18217000,4352692900,46010382800,2994.795,3024.3525,2984.8177,2990.5057
131914000,3010.8151,1326300,16862100,4354019200,46027244900,2994.795,3024.3525,2984.8177,2990.5057
131919000,3010.6619,955800,14950800,4354975000,46042195700,2994.795,3024.3525,2984.8177,2990.5057
131924000,3010.36,1551100,23885700,4356526100,46066081400,2994.795,3024.3525,2984.8177,2990.5057
131929000,3010.0782,1404400,22227000,4357930500,46088308400,2994.795,3024.3525,2984.8177,2990.5057
131934000,3009.6733,2069500,30836100,4360000000,46119144500,2994.795,3024.3525,2984.8177,2990.5057
131939000,3009.6485,2266000,25439800,4362266000,46144584300,2994.795,3024.3525,2984.8177,2990.5057
131944000,3009.4717,2001100,27763900,4364267100,46172348200,2994.795,3024.3525,2984.8177,2990.5057
131949000,3008.8577,2513600,28639500,4366780700,46200987700,2994.795,3024.3525,2984.8177,2990.5057
131954000,3009.0163,2238100,30593200,4369018800,46231580900,2994.795,3024.3525,2984.8177,2990.5057
131959000,3008.6703,2895700,34955400,4371914500,46266536300,2994.795,3024.3525,2984.8177,2990.5057
132004000,3008.1792,2655100,28825800,4374569600,46295362100,2994.795,3024.3525,2984.8177,2990.5057
132009000,3007.5434,3203800,25606300,4377773400,46320968400,2994.795,3024.3525,2984.8177,2990.5057
132014000,3007.2891,2403900,27445400,4380177300,46348413800,2994.795,3024.3525,2984.8177,2990.5057
132019000,3006.786,2499600,25414700,4382676900,46373828500,2994.795,3024.3525,2984.8177,2990.5057
132024000,3006.4554,3535200,29738900,4386212100,46403567400,2994.795,3024.3525,2984.8177,2990.5057
132029000,3005.9652,2447800,28355700,4388659900,46431923100,2994.795,3024.3525,2984.8177,2990.5057
132034000,3005.6732,3339500,33841300,4391999400,46465764400,2994.795,3024.3525,2984.8177,2990.5057
132039000,3005.7184,2908400,28199000,4394907800,46493963400,2994.795,3024.3525,2984.8177,2990.5057
132044000,3005.9615,4136500,28671200,4399044300,46522634600,2994.795,3024.3525,2984.8177,2990.5057
132049000,3005.3179,2247500,24302300,4401291800,46546936900,2994.795,3024.3525,2984.8177,2990.5057
132054000,3005.402,2229200,26087000,4403521000,46573023900,2994.795,3024.3525,2984.8177,2990.5057
132059000,3005.3846,1826800,19027800,4405347800,46592051700,2994.795,3024.3525,2984.8177,2990.5057
132104000,3005.1938,2208900,26467600,4407556700,46618519300,2994.795,3024.3525,2984.8177,2990.5057
132109000,3005.2035,1162300,18928200,4408719000,46637447500,2994.795,3024.3525,2984.8177,2990.5057
132114000,3005.1182,1106400,14508800,4409825400,46651956300,2994.795,3024.3525,2984.8177,2990.5057
132119000,3005.1767,1290600,18689200,4411116000,46670645500,2994.795,3024.3525,2984.8177,2990.5057
132124000,3005.1674,1815300,17858600,4412931300,46688504100,2994.795,3024.3525,2984.8177,2990.5057
132129000,3004.8421,1084500,17898800,4414015800,46706402900,2994.795,3024.3525,2984.8177,2990.5057
132134000,3004.894,1359300,18261500,4415375100,46724664400,2994.795,3024.3525,2984.8177,2990.5057
132139000,3004.8619,952700,11055900,4416327800,46735720300,2994.795,3024.3525,2984.8177,2990.5057
132144000,3004.937,1614700,14493400,4417942500,46750213700,2994.795,3024.3525,2984.8177,2990.5057
132149000,3004.9152,2060600,14981600,4420003100,46765195300,2994.795,3024.3525,2984.8177,2990.5057
132154000,3004.7619,1093200,18184300,4421096300,46783379600,2994.795,3024.3525,2984.8177,2990.5057
132159000,3004.8636,781700,10665400,4421878000,46794045000,2994.795,3024.3525,2984.8177,2990.5057
132204000,3005.3233,1286200,15400500,4423164200,46809445500,2994.795,3024.3525,2984.8177,2990.5057
132209000,3004.9926,911000,11607800,4424075200,46821053300,2994.795,3024.3525,2984.8177,2990.5057
132214000,3004.6603,1451100,17503200,4425526300,46838556500,2994.795,3024.3525,2984.8177,2990.5057
132219000,3004.4478,1523000,13229200,4427049300,46851785700,2994.795,3024.3525,2984.8177,2990.5057
132224000,3004.9421,2492200,27141100,4429541500,46878926800,2994.795,3024.3525,2984.8177,2990.5057
132229000,3004.7607,1065000,10145900,4430606500,46889072700,2994.795,3024.3525,2984.8177,2990.5057
132234000,3005.0075,1942200,21019200,4432548700,46910091900,2994.795,3024.3525,2984.8177,2990.5057
132239000,3004.9126,1522500,14335700,4434071200,46924427600,2994.795,3024.3525,2984.8177,2990.5057
132244000,3005.0118,1581600,17518900,4435652800,46941946500,2994.795,3024.3525,2984.8177,2990.5057
132249000,3005.0641,732000,9310600,4436384800,46951257100,2994.795,3024.3525,2984.8177,2990.5057
132254000,3005.2038,1177300,14268200,4437562100,46965525300,2994.795,3024.3525,2984.8177,2990.5057
132259000,3005.3603,915200,14622800,4438477300,46980148100,2994.795,3024.3525,2984.8177,2990.5057
132304000,3004.9656,1242600,17607700,4439719900,46997755800,2994.795,3024.3525,2984.8177,2990.5057
132309000,3005.1367,1254600,14944000,4440974500,47012699800,2994.795,3024.3525,2984.8177,2990.5057
132314000,3005.1591,1669700,17425700,4442644200,47030125500,2994.795,3024.3525,2984.8177,2990.5057
132319000,3005.0752,1007800,11828700,4443652000,47041954200,2994.795,3024.3525,2984.8177,2990.5057
132324000,3004.9975,1085100,14326700,4444737100,47056280900,2994.795,3024.3525,2984.8177,2990.5057
132329000,3005.0994,922500,13652600,4445659600,47069933500,2994.795,3024.3525,2984.8177,2990.5057
132334000,3005.5666,1253000,17690800,4446912600,47087624300,2994.795,3024.3525,2984.8177,2990.5057
132339000,3005.0292,1122400,13069300,4448035000,47100693600,2994.795,3024.3525,2984.8177,2990.5057
132344000,3005.2782,1062600,12689000,4449097600,47113382600,2994.795,3024.3525,2984.8177,2990.5057
132349000,3005.2535,1330000,16070000,4450427600,47129452600,2994.795,3024.3525,2984.8177,2990.5057
132354000,3005.593,1354100,20079700,4451781700,47149532300,2994.795,3024.3525,2984.8177,2990.5057
132359000,3005.4163,819700,9860700,4452601400,47159393000,2994.795,3024.3525,2984.8177,2990.5057
132404000,3005.4059,1227600,11522200,4453829000,47170915200,2994.795,3024.3525,2984.8177,2990.5057
132409000,3005.3253,2208200,21940200,4456037200,47192855400,2994.795,3024.3525,2984.8177,2990.5057
132414000,3005.0453,1497000,17382600,4457534200,47210238000,2994.795,3024.3525,2984.8177,2990.5057
132419000,3005.0385,1743200,18819200,4459277400,47229057200,2994.795,3024.3525,2984.8177,2990.5057
132424000,3005.6611,1481600,20841300,4460759000,47249898500,2994.795,3024.3525,2984.8177,2990.5057
132429000,3005.3285,987600,12510000,4461746600,47262408500,2994.795,3024.3525,2984.8177,2990.5057
132434000,3005.8855,1201600,16615600,4462948200,47279024100,2994.795,3024.3525,2984.8177,2990.5057
132439000,3005.6363,1197400,11726900,4464145600,47290751000,2994.795,3024.3525,2984.8177,2990.5057
132444000,3005.6501,866000,12293400,4465011600,47303044400,2994.795,3024.3525,2984.8177,2990.5057
132449000,3005.3832,1110400,14510400,4466122000,47317554800,2994.795,3024.3525,2984.8177,2990.5057
132454000,3005.334,1082600,14723800,4467204600,47332278600,2994.795,3024.3525,2984.8177,2990.5057
132459000,3005.2918,1256000,15261000,4468460600,47347539600,2994.795,3024.3525,2984.8177,2990.5057
132504000,3005.3807,1146800,15880600,4469607400,47363420200,2994.795,3024.3525,2984.8177,2990.5057
132509000,3005.3134,1025100,17322600,4470632500,47380742800,2994.795,3024.3525,2984.8177,2990.5057
132514000,3005.3048,1837600,17330600,4472470100,47398073400,2994.795,3024.3525,2984.8177,2990.5057
132519000,3005.019,1142900,16246100,4473613000,47414319500,2994.795,3024.3525,2984.8177,2990.5057
132524000,3005.0515,1225700,14707300,4474838700,47429026800,2994.795,3024.3525,2984.8177,2990.5057
132529000,3004.8488,1186400,17585500,4476025100,47446612300,2994.795,3024.3525,2984.8177,2990.5057
132534000,3005.2842,1703300,18961900,4477728400,47465574200,2994.795,3024.3525,2984.8177,2990.5057
132539000,3005.5328,1394400,18116900,4479122800,47483691100,2994.795,3024.3525,2984.8177,2990.5057
132544000,3005.7511,994600,15982000,4480117400,47499673100,2994.795,3024.3525,2984.8177,2990.5057
132549000,3005.3602,1382300,15277100,4481499700,47514950200,2994.795,3024.3525,2984.8177,2990.5057
132554000,3005.5941,1507200,15894300,4483006900,47530844500,2994.795,3024.3525,2984.8177,2990.5057
132559000,3005.5981,1232700,14173500,4484239600,47545018000,2994.795,3024.3525,2984.8177,2990.5057
132604000,3005.595,1559100,18759200,4485798700,47563777200,2994.795,3024.3525,2984.8177,2990.5057
132609000,3005.6432,1050300,12832200,4486849000,47576609400,2994.795,3024.3525,2984.8177,2990.5057
132614000,3005.4627,2299100,22440000,4489148100,47599049400,2994.795,3024.3525,2984.8177,2990.5057
132619000,3005.5895,1274900,17890400,4490423000,47616939800,2994.795,3024.3525,2984.8177,2990.5057
132624000,3005.3989,1553600,18757200,4491976600,47635697000,2994.795,3024.3525,2984.8177,2990.5057
132629000,3005.4681,889800,11861100,4492866400,47647558100,2994.795,3024.3525,2984.8177,2990.5057
132634000,3005.6298,1286400,19575200,4494152800,47667133300,2994.795,3024.3525,2984.8177,2990.5057
132639000,3005.9214,921900,11490500,4495074700,47678623800,2994.795,3024.3525,2984.8177,2990.5057
132644000,3005.6098,1326600,17412600,4496401300,47696036400,2994.795,3024.3525,2984.8177,2990.5057
132649000,3005.9214,795500,11962400,4497196800,47707998800,2994.795,3024.3525,2984.8177,2990.5057
132654000,3005.6105,3191300,23859900,4500388100,47731858700,2994.795,3024.3525,2984.8177,2990.5057
132659000,3005.7364,2163600,18782600,4502551700,47750641300,2994.795,3024.3525,2984.8177,2990.5057
132704000,3006.0316,1075900,15166500,4503627600,47765807800,2994.795,3024.3525,2984.8177,2990.5057
132709000,3005.7602,833600,14044600,4504461200,47779852400,2994.795,3024.3525,2984.8177,2990.5057
132714000,3005.6222,842100,13885000,4505303300,47793737400,2994.795,3024.3525,2984.8177,2990.5057
132719000,3005.773,1220000,16728400,4506523300,47810465800,2994.795,3024.3525,2984.8177,2990.5057
132724000,3005.6459,1233400,17252300,4507756700,47827718100,2994.795,3024.3525,2984.8177,2990.5057
132729000,3005.8203,1069300,12645600,4508826000,47840363700,2994.795,3024.3525,2984.8177,2990.5057
132734000,3005.9712,1567800,17935100,4510393800,47858298800,2994.795,3024.3525,2984.8177,2990.5057
132739000,3006.0308,1501100,18088800,4511894900,47876387600,2994.795,3024.3525,2984.8177,2990.5057
132744000,3005.9681,1160000,14599100,4513054900,47890986700,2994.795,3024.3525,2984.8177,2990.5057
132749000,3005.847,1001300,15766500,4514056200,47906753200,2994.795,3024.3525,2984.8177,2990.5057
132754000,3005.6979,1143200,12854300,4515199400,47919607500,2994.795,3024.3525,2984.8177,2990.5057
132759000,3005.9754,1494000,17384400,4516693400,47936991900,2994.795,3024.3525,2984.8177,2990.5057
132804000,3005.9919,1006500,13238100,4517699900,47950230000,2994.795,3024.3525,2984.8177,2990.5057
132809000,3005.3227,971200,14756300,4518671100,47964986300,2994.795,3024.3525,2984.8177,2990.5057
132814000,3005.3879,1438400,16202100,4520109500,47981188400,2994.795,3024.3525,2984.8177,2990.5057
132819000,3005.5992,1261300,19251100,4521370800,48000439500,2994.795,3024.3525,2984.8177,2990.5057
132824000,3005.4426,1221800,29147700,4522592600,48029587200,2994.795,3024.3525,2984.8177,2990.5057
132829000,3004.6582,1834100,16378700,4524426700,48045965900,2994.795,3024.3525,2984.8177,2990.5057
132834000,3005.1903,1688700,33568500,4526115400,48079534400,2994.795,3024.3525,2984.8177,2990.5057
132839000,3005.5102,1692300,19155800,4527807700,48098690200,2994.795,3024.3525,2984.8177,2990.5057
132844000,3005.4424,994000,13671000,4528801700,48112361200,2994.795,3024.3525,2984.8177,2990.5057
132849000,3005.5355,1181500,15762600,4529983200,48128123800,2994.795,3024.3525,2984.8177,2990.5057
132854000,3005.6151,1744200,27504800,4531727400,48155628600,2994.795,3024.3525,2984.8177,2990.5057
132859000,3005.7981,1099400,14608000,4532826800,48170236600,2994.795,3024.3525,2984.8177,2990.5057
132904000,3005.779,1334200,24405000,4534161000,48194641600,2994.795,3024.3525,2984.8177,2990.5057
132909000,3005.6803,1829200,32175700,4535990200,48226817300,2994.795,3024.3525,2984.8177,2990.5057
132914000,3005.5785,1720200,23378100,4537710400,48250195400,2994.795,3024.3525,2984.8177,2990.5057
132919000,3005.5908,1468800,17957700,4539179200,48268153100,2994.795,3024.3525,2984.8177,2990.5057
132924000,3005.3448,1503600,21071300,4540682800,48289224400,2994.795,3024.3525,2984.8177,2990.5057
132929000,3005.7714,1193400,17325300,4541876200,48306549700,2994.795,3024.3525,2984.8177,2990.5057
132934000,3006.7059,2221400,35185000,4544097600,48341734700,2994.795,3024.3525,2984.8177,2990.5057
132939000,3006.8995,1774400,29070500,4545872000,48370805200,2994.795,3024.3525,2984.8177,2990.5057
132944000,3007.7853,3339700,48104700,4549211700,48418909900,2994.795,3024.3525,2984.8177,2990.5057
132949000,3007.7067,2580200,31371700,4551791900,48450281600,2994.795,3024.3525,2984.8177,2990.5057
132954000,3007.7567,2350300,28172100,4554142200,48478453700,2994.795,3024.3525,2984.8177,2990.5057
132959000,3007.7398,2171700,39138900,4556313900,48517592600,2994.795,3024.3525,2984.8177,2990.5057
133004000,3008.2209,2045100,29640700,4558359000,48547233300,2994.795,3024.3525,2984.8177,2990.5057
133009000,3008.3001,2075100,27929100,4560434100,48575162400,2994.795,3024.3525,2984.8177,2990.5057
133014000,3008.0947,1928100,33494300,4562362200,48608656700,2994.795,3024.3525,2984.8177,2990.5057
133019000,3008.4987,1268800,21211000,4563631000,48629867700,2994.795,3024.3525,2984.8177,2990.5057
133024000,3008.4067,1962200,28603500,4565593200,48658471200,2994.795,3024.3525,2984.8177,2990.5057
133029000,3008.3917,1137700,13400600,4566730900,48671871800,2994.795,3024.3525,2984.8177,2990.5057
133034000,3008.4567,1394900,23830900,4568125800,48695702700,2994.795,3024.3525,2984.8177,2990.5057
133039000,3008.6484,1299700,26692200,4569425500,48722394900,2994.795,3024.3525,2984.8177,2990.5057
133044000,3008.8767,1644400,28395100,4571069900,48750790000,2994.795,3024.3525,2984.8177,2990.5057
133049000,3009.0137,1492800,25324100,4572562700,48776114100,2994.795,3024.3525,2984.8177,2990.5057
133054000,3008.7059,1824700,25631600,4574387400,48801745700,2994.795,3024.3525,2984.8177,2990.5057
133059000,3008.7544,1800300,25988200,4576187700,48827733900,2994.795,3024.3525,2984.8177,2990.5057
133104000,3008.8444,1655700,24415200,4577843400,48852149100,2994.795,3024.3525,2984.8177,2990.5057
133109000,3009.1257,1178000,23519600,4579021400,48875668700,2994.795,3024.3525,2984.8177,2990.5057
133114000,3009.3932,3025200,27731900,4582046600,48903400600,2994.795,3024.3525,2984.8177,2990.5057
133119000,3009.1847,1349400,19610300,4583396000,48923010900,2994.795,3024.3525,2984.8177,2990.5057
133124000,3009.1656,1589800,17348900,4584985800,48940359800,2994.795,3024.3525,2984.8177,2990.5057
133129000,3008.8784,1381500,19605700,4586367300,48959965500,2994.795,3024.3525,2984.8177,2990.5057
133134000,3009.1099,1881000,25125100,4588248300,48985090600,2994.795,3024.3525,2984.8177,2990.5057
133139000,3009.1254,1664900,21154000,4589913200,49006244600,2994.795,3024.3525,2984.8177,2990.5057
133144000,3009.2431,1354000,26640300,4591267200,49032884900,2994.795,3024.3525,2984.8177,2990.5057
133149000,3009.1846,1823500,22927100,4593090700,49055812000,2994.795,3024.3525,2984.8177,2990.5057
133154000,3009.3318,2320200,28207200,4595410900,49084019200,2994.795,3024.3525,2984.8177,2990.5057
133159000,3009.135,1381900,13116500,4596792800,49097135700,2994.795,3024.3525,2984.8177,2990.5057
133204000,3008.9484,1694500,25491300,4598487300,49122627000,2994.795,3024.3525,2984.8177,2990.5057
133209000,3009.1376,1015400,19190900,4599502700,49141817900,2994.795,3024.3525,2984.8177,2990.5057
133214000,3008.898,2028300,20190000,4601531000,49162007900,2994.795,3024.3525,2984.8177,2990.5057
133219000,3008.777,1134800,21773800,4602665800,49183781700,2994.795,3024.3525,2984.8177,2990.5057
133224000,3008.7201,1446000,26413000,4604111800,49210194700,2994.795,3024.3525,2984.8177,2990.5057
133229000,3008.1811,1023400,16843400,4605135200,49227038100,2994.795,3024.3525,2984.8177,2990.5057
133234000,3008.3769,1648600,19920500,4606783800,49246958600,2994.795,3024.3525,2984.8177,2990.5057
133239000,3008.6278,1084700,14854600,4607868500,49261813200,2994.795,3024.3525,2984.8177,2990.5057
133244000,3008.3923,2098300,24513700,4609966800,49286326900,2994.795,3024.3525,2984.8177,2990.5057
133249000,3008.3405,2060100,20312800,4612026900,49306639700,2994.795,3024.3525,2984.8177,2990.5057
133254000,3008.1024,2159300,23965700,4614186200,49330605400,2994.795,3024.3525,2984.8177,2990.5057
133259000,3007.5239,2152100,20389800,4616338300,49350995200,2994.795,3024.3525,2984.8177,2990.5057
133304000,3007.9815,1293700,19842300,4617632000,49370837500,2994.795,3024.3525,2984.8177,2990.5057
133309000,3008.3079,1139600,21560100,4618771600,49392397600,2994.795,3024.3525,2984.8177,2990.5057
133314000,3008.0781,976200,12704500,4619747800,49405102100,2994.795,3024.3525,2984.8177,2990.5057
133319000,3007.9992,800600,16109800,4620548400,49421211900,2994.795,3024.3525,2984.8177,2990.5057
133324000,3008.1634,3347400,23589800,4623895800,49444801700,2994.795,3024.3525,2984.8177,2990.5057
133329000,3007.5766,2552900,17821300,4626448700,49462623000,2994.795,3024.3525,2984.8177,2990.5057
133334000,3007.8937,971600,13313700,4627420300,49475936700,2994.795,3024.3525,2984.8177,2990.5057
133339000,3008.1091,816600,16587200,4628236900,49492523900,2994.795,3024.3525,2984.8177,2990.5057
133344000,3007.9337,2074200,19249700,4630311100,49511773600,2994.795,3024.3525,2984.8177,2990.5057
133349000,3007.9398,938700,12893500,4631249800,49524667100,2994.795,3024.3525,2984.8177,2990.5057
133354000,3007.7831,911700,13009800,4632161500,49537676900,2994.795,3024.3525,2984.8177,2990.5057
133359000,3007.9727,948900,15788200,4633110400,49553465100,2994.795,3024.3525,2984.8177,2990.5057
133404000,3008.429,1108400,16821200,4634218800,49570286300,2994.795,3024.3525,2984.8177,2990.5057
133409000,3008.1466,1464700,19509900,4635683500,49589796200,2994.795,3024.3525,2984.8177,2990.5057
133414000,3007.8931,1497200,17429100,4637180700,49607225300,2994.795,3024.3525,2984.8177,2990.5057
133419000,3007.5269,1181400,22086200,4638362100,49629311500,2994.795,3024.3525,2984.8177,2990.5057
133424000,3007.8635,1360900,19578800,4639723000,49648890300,2994.795,3024.3525,2984.8177,2990.5057
133429000,3007.8159,1369500,16457700,4641092500,49665348000,2994.795,3024.3525,2984.8177,2990.5057
133434000,3007.5946,1239200,24663000,4642331700,49690011000,2994.795,3024.3525,2984.8177,2990.5057
133439000,3007.8484,788400,12651700,4643120100,49702662700,2994.795,3024.3525,2984.8177,2990.5057
133444000,3008.6551,1884800,21598000,4645004900,49724260700,2994.795,3024.3525,2984.8177,2990.5057
133449000,3009.2345,1605500,22377100,4646610400,49746637800,2994.795,3024.3525,2984.8177,2990.5057
133454000,3010.0172,3659800,51392700,4650270200,49798030500,2994.795,3024.3525,2984.8177,2990.5057
133459000,3010.9446,4896300,61849000,4655166500,49859879500,2994.795,3024.3525,2984.8177,2990.5057
133504000,3012.1137,5138000,68854100,4660304500,49928733600,2994.795,3024.3525,2984.8177,2990.5057
133509000,3012.3317,2970700,40107700,4663275200,49968841300,2994.795,3024.3525,2984.8177,2990.5057
133514000,3012.3658,2970400,41594200,4666245600,50010435500,2994.795,3024.3525,2984.8177,2990.5057
133519000,3012.36,2499100,32726600,4668744700,50043162100,2994.795,3024.3525,2984.8177,2990.5057
133524000,3012.6224,2564300,34235500,4671309000,50077397600,2994.795,3024.3525,2984.8177,2990.5057
133529000,3012.4749,2398500,24616200,4673707500,50102013800,2994.795,3024.3525,2984.8177,2990.5057
133534000,3012.603,2116900,34572900,4675824400,50136586700,2994.795,3024.3525,2984.8177,2990.5057
133539000,3012.1377,1563500,24060000,4677387900,50160646700,2994.795,3024.3525,2984.8177,2990.5057
133544000,3012.3631,2224700,29309200,4679612600,50189955900,2994.795,3024.3525,2984.8177,2990.5057
133549000,3012.6781,1628900,25848200,4681241500,50215804100,2994.795,3024.3525,2984.8177,2990.5057
133554000,3012.0575,1857600,33884600,4683099100,50249688700,2994.795,3024.3525,2984.8177,2990.5057
133559000,3012.4486,1309100,20331200,4684408200,50270019900,2994.795,3024.3525,2984.8177,2990.5057
133604000,3012.6561,6860900,55669300,4691269100,50325689200,2994.795,3024.3525,2984.8177,2990.5057
133609000,3013.5255,1655200,26120800,4692924300,50351810000,2994.795,3024.3525,2984.8177,2990.5057
133614000,3013.3736,1843500,24496600,4694767800,50376306600,2994.795,3024.3525,2984.8177,2990.5057
133619000,3013.3945,1662800,24404500,4696430600,50400711100,2994.795,3024.3525,2984.8177,2990.5057
133624000,3013.4441,1800400,24119200,4698231000,50424830300,2994.795,3024.3525,2984.8177,2990.5057
133629000,3012.8692,1856000,19704000,4700087000,50444534300,2994.795,3024.3525,2984.8177,2990.5057
133634000,3013.0048,1353300,23141700,4701440300,50467676000,2994.795,3024.3525,2984.8177,2990.5057
133639000,3013.2108,1801700,22284700,4703242000,50489960700,2994.795,3024.3525,2984.8177,2990.5057
133644000,3013.3686,2000700,22654300,4705242700,50512615000,2994.795,3024.3525,2984.8177,2990.5057
133649000,3013.2427,1503000,18565800,4706745700,50531180800,2994.795,3024.3525,2984.8177,2990.5057
133654000,3012.8762,1609000,20699100,4708354700,50551879900,2994.795,3024.3525,2984.8177,2990.5057
133659000,3013.4054,1244700,16003400,4709599400,50567883300,2994.795,3024.3525,2984.8177,2990.5057
133704000,3013.1227,1386000,18360300,4710985400,50586243600,2994.795,3024.3525,2984.8177,2990.5057
133709000,3013.3043,1308600,19522400,4712294000,50605766000,2994.795,3024.3525,2984.8177,2990.5057
133714000,3013.0083,1466400,18882800,4713760400,50624648800,2994.795,3024.3525,2984.8177,2990.5057
133719000,3013.1406,1549400,17320300,4715309800,50641969100,2994.795,3024.3525,2984.8177,2990.5057
133724000,3013.2734,971900,15881100,4716281700,50657850200,2994.795,3024.3525,2984.8177,2990.5057
133729000,3012.9508,1613500,18643700,4717895200,50676493900,2994.795,3024.3525,2984.8177,2990.5057
133734000,3012.4705,1124600,19245500,4719019800,50695739400,2994.795,3024.3525,2984.8177,2990.5057
133739000,3012.324,1119600,16769100,4720139400,50712508500,2994.795,3024.3525,2984.8177,2990.5057
133744000,3012.2921,1799000,25112700,4721938400,50737621200,2994.795,3024.3525,2984.8177,2990.5057
133749000,3012.5035,1211900,18306900,4723150300,50755928100,2994.795,3024.3525,2984.8177,2990.5057
133754000,3012.6515,1365200,23723500,4724515500,50779651600,2994.795,3024.3525,2984.8177,2990.5057
133759000,3012.3149,999700,12858500,4725515200,50792510100,2994.795,3024.3525,2984.8177,2990.5057
133804000,3012.6416,1471400,18231400,4726986600,50810741500,2994.795,3024.3525,2984.8177,2990.5057
133809000,3012.5955,1035000,10842400,4728021600,50821583900,2994.795,3024.3525,2984.8177,2990.5057
133814000,3012.0347,1800800,19018300,4729822400,50840602200,2994.795,3024.3525,2984.8177,2990.5057
133819000,3012.1453,1122000,16176500,4730944400,50856778700,2994.795,3024.3525,2984.8177,2990.5057
133824000,3011.6161,1275200,16843400,4732219600,50873622100,2994.795,3024.3525,2984.8177,2990.5057
133829000,3011.3593,1182900,14256300,4733402500,50887878400,2994.795,3024.3525,2984.8177,2990.5057
133834000,3011.0188,1905100,23409800,4735307600,50911288200,2994.795,3024.3525,2984.8177,2990.5057
133839000,3011.1056,1773200,21021900,4737080800,50932310100,2994.795,3024.3525,2984.8177,2990.5057
133844000,3010.848,2502700,27181100,4739583500,50959491200,2994.795,3024.3525,2984.8177,2990.5057
133849000,3010.8208,1592800,19207200,4741176300,50978698400,2994.795,3024.3525,2984.8177,2990.5057
133854000,3010.6407,1334100,14494800,4742510400,50993193200,2994.795,3024.3525,2984.8177,2990.5057
133859000,3010.7374,1187000,13915100,4743697400,51007108300,2994.795,3024.3525,2984.8177,2990.5057
133904000,3010.5764,1972600,18566400,4745670000,51025674700,2994.795,3024.3525,2984.8177,2990.5057
133909000,3010.872,1139400,16723700,4746809400,51042398400,2994.795,3024.3525,2984.8177,2990.5057
133914000,3010.3951,1216000,15978700,4748025400,51058377100,2994.795,3024.3525,2984.8177,2990.5057
133919000,3010.9059,1037500,12383400,4749062900,51070760500,2994.795,3024.3525,2984.8177,2990.5057
133924000,3010.7181,984200,12848000,4750047100,51083608500,2994.795,3024.3525,2984.8177,2990.5057
133929000,3010.864,1558100,15440500,4751605200,51099049000,2994.795,3024.3525,2984.8177,2990.5057
133934000,3010.5926,1033300,14938300,4752638500,51113987300,2994.795,3024.3525,2984.8177,2990.5057
133939000,3010.7052,1240000,17738900,4753878500,51131726200,2994.795,3024.3525,2984.8177,2990.5057
133944000,3010.8974,1636100,15897300,4755514600,51147623500,2994.795,3024.3525,2984.8177,2990.5057
133949000,3011.0782,938100,13995200,4756452700,51161618700,2994.795,3024.3525,2984.8177,2990.5057
133954000,3011.124,986800,18185700,4757439500,51179804400,2994.795,3024.3525,2984.8177,2990.5057
133959000,3011.1898,1141300,14344300,4758580800,51194148700,2994.795,3024.3525,2984.8177,2990.5057
134004000,3011.2227,1427200,19677400,4760008000,51213826100,2994.795,3024.3525,2984.8177,2990.5057
134009000,3011.1657,1523500,21453800,4761531500,51235279900,2994.795,3024.3525,2984.8177,2990.5057
134014000,3011.0359,1281300,12901700,4762812800,51248181600,2994.795,3024.3525,2984.8177,2990.5057
134019000,3011.1937,858900,12703500,4763671700,51260885100,2994.795,3024.3525,2984.8177,2990.5057
134024000,3011.1283,1181900,15275600,4764853600,51276160700,2994.795,3024.3525,2984.8177,2990.5057
134029000,3011.1451,1015100,10228600,4765868700,51286389300,2994.795,3024.3525,2984.8177,2990.5057
134034000,3010.9826,1003200,15447700,4766871900,51301837000,2994.795,3024.3525,2984.8177,2990.5057
134039000,3010.8383,1013800,10988700,4767885700,51312825700,2994.795,3024.3525,2984.8177,2990.5057
134044000,3011.1181,1609900,15386600,4769495600,51328212300,2994.795,3024.3525,2984.8177,2990.5057
134049000,3011.2955,956900,12870600,4770452500,51341082900,2994.795,3024.3525,2984.8177,2990.5057
134054000,3011.4543,1475900,14122800,4771928400,51355205700,2994.795,3024.3525,2984.8177,2990.5057
134059000,3011.4932,785700,8246500,4772714100,51363452200,2994.795,3024.3525,2984.8177,2990.5057
134104000,3011.3532,1047500,11879700,4773761600,51375331900,2994.795,3024.3525,2984.8177,2990.5057
134109000,3011.4279,825000,11455000,4774586600,51386786900,2994.795,3024.3525,2984.8177,2990.5057
134114000,3011.1267,915400,12468200,4775502000,51399255100,2994.795,3024.3525,2984.8177,2990.5057
134119000,3011.1834,1143000,17346800,4776645000,51416601900,2994.795,3024.3525,2984.8177,2990.5057
134124000,3011.0829,1589500,22070400,4778234500,51438672300,2994.795,3024.3525,2984.8177,2990.5057
134129000,3011.2554,1019100,14731300,4779253600,51453403600,2994.795,3024.3525,2984.8177,2990.5057
134134000,3010.998,1501300,21551600,4780754900,51474955200,2994.795,3024.3525,2984.8177,2990.5057
134139000,3011.4965,1211800,14945700,4781966700,51489900900,2994.795,3024.3525,2984.8177,2990.5057
134144000,3011.1125,1437400,19084200,4783404100,51508985100,2994.795,3024.3525,2984.8177,2990.5057
134149000,3010.5762,1075700,13015800,4784479800,51522000900,2994.795,3024.3525,2984.8177,2990.5057
134154000,3010.6224,1066500,19266300,4785546300,51541267200,2994.795,3024.3525,2984.8177,2990.5057
134159000,3010.5556,980700,13074400,4786527000,51554341600,2994.795,3024.3525,2984.8177,2990.5057
134204000,3010.2027,1501200,18242100,4788028200,51572583700,2994.795,3024.3525,2984.8177,2990.5057
134209000,3010.2349,1206300,15664000,4789234500,51588247700,2994.795,3024.3525,2984.8177,2990.5057
134214000,3010.2664,956700,12675800,4790191200,51600923500,2994.795,3024.3525,2984.8177,2990.5057
134219000,3009.808,1466300,16380500,4791657500,51617304000,2994.795,3024.3525,2984.8177,2990.5057
134224000,3009.6776,1459200,22667100,4793116700,51639971100,2994.795,3024.3525,2984.8177,2990.5057
134229000,3009.8133,955600,11607300,4794072300,51651578400,2994.795,3024.3525,2984.8177,2990.5057
134234000,3009.9157,1629400,18202800,4795701700,51669781200,2994.795,3024.3525,2984.8177,2990.5057
134239000,3010.0983,1146600,14055300,4796848300,51683836500,2994.795,3024.3525,2984.8177,2990.5057
134244000,3010.1337,1480700,17155600,4798329000,51700992100,2994.795,3024.3525,2984.8177,2990.5057
134249000,3010.5824,1211700,12894100,4799540700,51713886200,2994.795,3024.3525,2984.8177,2990.5057
134254000,3010.2145,963700,14774800,4800504400,51728661000,2994.795,3024.3525,2984.8177,2990.5057
134259000,3010.4044,944300,12942800,4801448700,51741603800,2994.795,3024.3525,2984.8177,2990.5057
134304000,3010.2024,1912000,20067600,4803360700,51761671400,2994.795,3024.3525,2984.8177,2990.5057
134309000,3010.1331,1155700,16027200,4804516400,51777698600,2994.795,3024.3525,2984.8177,2990.5057
134314000,3010.0062,1253600,17646600,4805770000,51795345200,2994.795,3024.3525,2984.8177,2990.5057
134319000,3010.3265,1612900,15591700,4807382900,51810936900,2994.795,3024.3525,2984.8177,2990.5057
134324000,3010.2018,1056000,13551100,4808438900,51824488000,2994.795,3024.3525,2984.8177,2990.5057
134329000,3009.9327,1172800,16884100,4809611700,51841372100,2994.795,3024.3525,2984.8177,2990.5057
134334000,3010.421,1705800,16612900,4811317500,51857985000,2994.795,3024.3525,2984.8177,2990.5057
134339000,3010.6028,746800,10767500,4812064300,51868752500,2994.795,3024.3525,2984.8177,2990.5057
134344000,3011.1284,1215600,13852600,4813279900,51882605100,2994.795,3024.3525,2984.8177,2990.5057
134349000,3011.4905,1710800,21498100,4814990700,51904103200,2994.795,3024.3525,2984.8177,2990.5057
134354000,3011.1635,1565800,21015200,4816556500,51925118400,2994.795,3024.3525,2984.8177,2990.5057
134359000,3011.9594,1885700,19435200,4818442200,51944553600,2994.795,3024.3525,2984.8177,2990.5057
134404000,3011.3812,1397100,16767300,4819839300,51961320900,2994.795,3024.3525,2984.8177,2990.5057
134409000,3011.2284,861600,9803700,4820700900,51971124600,2994.795,3024.3525,2984.8177,2990.5057
134414000,3011.2765,1139100,15862200,4821840000,51986986800,2994.795,3024.3525,2984.8177,2990.5057
134419000,3010.9552,924500,11454800,4822764500,51998441600,2994.795,3024.3525,2984.8177,2990.5057
134424000,3010.6841,1029300,14560200,4823793800,52013001800,2994.795,3024.3525,2984.8177,2990.5057
134429000,3010.8427,1153600,14172600,4824947400,52027174400,2994.795,3024.3525,2984.8177,2990.5057
134434000,3011.0016,1178200,15890500,4826125600,52043064900,2994.795,3024.3525,2984.8177,2990.5057
134439000,3010.8351,1208700,15184300,4827334300,52058249200,2994.795,3024.3525,2984.8177,2990.5057
134444000,3010.8977,1724600,21805100,4829058900,52080054300,2994.795,3024.3525,2984.8177,2990.5057
134449000,3010.4817,1534700,21670500,4830593600,52101724800,2994.795,3024.3525,2984.8177,2990.5057
134454000,3010.3156,1288900,19296000,4831882500,52121020800,2994.795,3024.3525,2984.8177,2990.5057
134459000,3010.8743,1231000,13973400,4833113500,52134994200,2994.795,3024.3525,2984.8177,2990.5057
134504000,3010.6448,1687300,20701400,4834800800,52155695600,2994.795,3024.3525,2984.8177,2990.5057
134509000,3010.9542,2128900,13326300,4836929700,52169021900,2994.795,3024.3525,2984.8177,2990.5057
134514000,3011.0347,1228800,17008900,4838158500,52186030800,2994.795,3024.3525,2984.8177,2990.5057
134519000,3010.3571,1035100,11773300,4839193600,52197804100,2994.795,3024.3525,2984.8177,2990.5057
134524000,3010.6316,2076400,16254500,4841270000,52214058600,2994.795,3024.3525,2984.8177,2990.5057
134529000,3009.9582,750000,8772200,4842020000,52222830800,2994.795,3024.3525,2984.8177,2990.5057
134534000,3009.8927,1022500,16579500,4843042500,52239410300,2994.795,3024.3525,2984.8177,2990.5057
134539000,3010.2656,1118000,13603100,4844160500,52253013400,2994.795,3024.3525,2984.8177,2990.5057
134544000,3011.0065,1035000,13473300,4845195500,52266486700,2994.795,3024.3525,2984.8177,2990.5057
134549000,3010.0347,1204400,15787500,4846399900,52282274200,2994.795,3024.3525,2984.8177,2990.5057
134554000,3010.1263,1239800,25150500,4847639700,52307424700,2994.795,3024.3525,2984.8177,2990.5057
134559000,3010.3248,1346500,15671200,4848986200,52323095900,2994.795,3024.3525,2984.8177,2990.5057
134604000,3010.7502,1697900,26561000,4850684100,52349656900,2994.795,3024.3525,2984.8177,2990.5057
134609000,3010.4811,1066200,11590400,4851750300,52361247300,2994.795,3024.3525,2984.8177,2990.5057
134614000,3010.7775,1045300,16237300,4852795600,52377484600,2994.795,3024.3525,2984.8177,2990.5057
134619000,3010.4316,1332400,21800700,4854128000,52399285300,2994.795,3024.3525,2984.8177,2990.5057
134624000,3010.3581,1371500,19329300,4855499500,52418614600,2994.795,3024.3525,2984.8177,2990.5057
134629000,3010.4295,1548000,17076800,4857047500,52435691400,2994.795,3024.3525,2984.8177,2990.5057
134634000,3010.5092,1129200,16604000,4858176700,52452295400,2994.795,3024.3525,2984.8177,2990.5057
134639000,3010.5263,1429700,18140800,4859606400,52470436200,2994.795,3024.3525,2984.8177,2990.5057
134644000,3010.4895,901300,11731700,4860507700,52482167900,2994.795,3024.3525,2984.8177,2990.5057
134649000,3010.4775,804500,11815400,4861312200,52493983300,2994.795,3024.3525,2984.8177,2990.5057
134654000,3010.6862,1227500,17948300,4862539700,52511931600,2994.795,3024.3525,2984.8177,2990.5057
134659000,3010.6821,960300,10649200,4863500000,52522580800,2994.795,3024.3525,2984.8177,2990.5057
134704000,3010.8611,1345000,16181700,4864845000,52538762500,2994.795,3024.3525,2984.8177,2990.5057
134709000,3010.8953,1145500,22127800,4865990500,52560890300,2994.795,3024.3525,2984.8177,2990.5057
134714000,3010.7426,1189900,21283400,4867180400,52582173700,2994.795,3024.3525,2984.8177,2990.5057
134719000,3010.5742,1592200,36047000,4868772600,52618220700,2994.795,3024.3525,2984.8177,2990.5057
134724000,3010.5711,2072300,21261200,4870844900,52639481900,2994.795,3024.3525,2984.8177,2990.5057
134729000,3010.5741,810200,10662600,4871655100,52650144500,2994.795,3024.3525,2984.8177,2990.5057
134734000,3010.5436,1818300,19091400,4873473400,52669235900,2994.795,3024.3525,2984.8177,2990.5057
134739000,3010.7134,2058100,19814100,4875531500,52689050000,2994.795,3024.3525,2984.8177,2990.5057
134744000,3010.7092,1012800,12020300,4876544300,52701070300,2994.795,3024.3525,2984.8177,2990.5057
134749000,3010.8635,1805200,18548300,4878349500,52719618600,2994.795,3024.3525,2984.8177,2990.5057
134754000,3011.0748,1402100,18186700,4879751600,52737805300,2994.795,3024.3525,2984.8177,2990.5057
134759000,3010.7559,1001400,13269200,4880753000,52751074500,2994.795,3024.3525,2984.8177,2990.5057
134804000,3010.8782,1307500,14910800,4882060500,52765985300,2994.795,3024.3525,2984.8177,2990.5057
134809000,3010.651,1663700,19545200,4883724200,52785530500,2994.795,3024.3525,2984.8177,2990.5057
134814000,3010.6803,1277400,15661700,4885001600,52801192200,2994.795,3024.3525,2984.8177,2990.5057
134819000,3010.1822,1580500,22234200,4886582100,52823426400,2994.795,3024.3525,2984.8177,2990.5057
134824000,3010.1719,978300,16897500,4887560400,52840323900,2994.795,3024.3525,2984.8177,2990.5057
134829000,3010.3017,1659000,21722200,4889219400,52862046100,2994.795,3024.3525,2984.8177,2990.5057
134834000,3009.883,1757500,25314300,4890976900,52887360400,2994.795,3024.3525,2984.8177,2990.5057
134839000,3009.6624,1054500,14313600,4892031400,52901674000,2994.795,3024.3525,2984.8177,2990.5057
134844000,3010.1458,1483200,21114800,4893514600,52922788800,2994.795,3024.3525,2984.8177,2990.5057
134849000,3009.2321,1621400,22891700,4895136000,52945680500,2994.795,3024.3525,2984.8177,2990.5057
134854000,3009.0149,3104500,44518100,4898240500,52990198600,2994.795,3024.3525,2984.8177,2990.5057
134859000,3008.7247,1516900,19246000,4899757400,53009444600,2994.795,3024.3525,2984.8177,2990.5057
134904000,3008.8676,3232100,27795700,4902989500,53037240300,2994.795,3024.3525,2984.8177,2990.5057
134909000,3008.3741,1628600,28465400,4904618100,53065705700,2994.795,3024.3525,2984.8177,2990.5057
134914000,3008.2801,1883200,21867700,4906501300,53087573400,2994.795,3024.3525,2984.8177,2990.5057
134919000,3008.0018,1900300,23360200,4908401600,53110933600,2994.795,3024.3525,2984.8177,2990.5057
134924000,3007.879,1736300,20961400,4910137900,53131895000,2994.795,3024.3525,2984.8177,2990.5057
134929000,3007.6227,1087800,15673600,4911225700,53147568600,2994.795,3024.3525,2984.8177,2990.5057
134934000,3007.8874,1315700,20707100,4912541400,53168275700,2994.795,3024.3525,2984.8177,2990.5057
134939000,3008.1179,1367700,15200000,4913909100,53183475700,2994.795,3024.3525,2984.8177,2990.5057
134944000,3007.8313,1220900,12564700,4915130000,53196040400,2994.795,3024.3525,2984.8177,2990.5057
134949000,3008.1701,1340700,26171100,4916470700,53222211500,2994.795,3024.3525,2984.8177,2990.5057
134954000,3007.6922,1251200,19823400,4917721900,53242034900,2994.795,3024.3525,2984.8177,2990.5057
134959000,3007.6198,919800,11696400,4918641700,53253731300,2994.795,3024.3525,2984.8177,2990.5057
135004000,3007.9353,1687100,22553500,4920328800,53276284800,2994.795,3024.3525,2984.8177,2990.5057
135009000,3007.8744,1471000,15532500,4921799800,53291817300,2994.795,3024.3525,2984.8177,2990.5057
135014000,3008.0591,2307000,21666800,4924106800,53313484100,2994.795,3024.3525,2984.8177,2990.5057
135019000,3007.7687,3434000,28493800,4927540800,53341977900,2994.795,3024.3525,2984.8177,2990.5057
135024000,3007.8157,1765600,22078900,4929306400,53364056800,2994.795,3024.3525,2984.8177,2990.5057
135029000,3008.1911,1241600,15742100,4930548000,53379798900,2994.795,3024.3525,2984.8177,2990.5057
135034000,3007.7911,1220400,14317700,4931768400,53394116600,2994.795,3024.3525,2984.8177,2990.5057
135039000,3007.8153,1455200,16684100,4933223600,53410800700,2994.795,3024.3525,2984.8177,2990.5057
135044000,3007.975,1029000,17446400,4934252600,53428247100,2994.795,3024.3525,2984.8177,2990.5057
135049000,3008.004,1723900,18262900,4935976500,53446510000,2994.795,3024.3525,2984.8177,2990.5057
135054000,3007.8328,1353500,21323300,4937330000,53467833300,2994.795,3024.3525,2984.8177,2990.5057
135059000,3007.8298,1108300,12638500,4938438300,53480471800,2994.795,3024.3525,2984.8177,2990.5057
135104000,3008.2281,1264700,24155900,4939703000,53504627700,2994.795,3024.3525,2984.8177,2990.5057
135109000,3007.8555,1547400,15758300,4941250400,53520386000,2994.795,3024.3525,2984.8177,2990.5057
135114000,3007.9115,1388900,18046300,4942639300,53538432300,2994.795,3024.3525,2984.8177,2990.5057
135119000,3007.3933,1338500,19416700,4943977800,53557849000,2994.795,3024.3525,2984.8177,2990.5057
135124000,3007.445,1236900,18408800,4945214700,53576257800,2994.795,3024.3525,2984.8177,2990.5057
135129000,3007.1812,696300,8572700,4945911000,53584830500,2994.795,3024.3525,2984.8177,2990.5057
135134000,3006.9795,1423700,19901500,4947334700,53604732000,2994.795,3024.3525,2984.8177,2990.5057
135139000,3006.9119,1025900,12832600,4948360600,53617564600,2994.795,3024.3525,2984.8177,2990.5057
135144000,3007.2682,1580900,16995700,4949941500,53634560300,2994.795,3024.3525,2984.8177,2990.5057
135149000,3007.1039,1526000,17681100,4951467500,53652241400,2994.795,3024.3525,2984.8177,2990.5057
135154000,3006.9402,1824600,21121400,4953292100,53673362800,2994.795,3024.3525,2984.8177,2990.5057
135159000,3007.3111,756100,9195700,4954048200,53682558500,2994.795,3024.3525,2984.8177,2990.5057
135204000,3007.5223,1910100,23017700,4955958300,53705576200,2994.795,3024.3525,2984.8177,2990.5057
135209000,3006.9743,1194000,13557200,4957152300,53719133400,2994.795,3024.3525,2984.8177,2990.5057
135214000,3007.0054,1479600,21758900,4958631900,53740892300,2994.795,3024.3525,2984.8177,2990.5057
135219000,3007.0485,1348400,15575500,4959980300,53756467800,2994.795,3024.3525,2984.8177,2990.5057
135224000,3007.1092,1070000,17299400,4961050300,53773767200,2994.795,3024.3525,2984.8177,2990.5057
135229000,3007.1224,836300,12243700,4961886600,53786010900,2994.795,3024.3525,2984.8177,2990.5057
135234000,3007.132,1078900,15988300,4962965500,53801999200,2994.795,3024.3525,2984.8177,2990.5057
135239000,3006.6762,923300,13198400,4963888800,53815197600,2994.795,3024.3525,2984.8177,2990.5057
135244000,3006.8442,1243100,14641300,4965131900,53829838900,2994.795,3024.3525,2984.8177,2990.5057
135249000,3006.8456,1268300,16082100,4966400200,53845921000,2994.795,3024.3525,2984.8177,2990.5057
135254000,3006.8629,1080200,16366000,4967480400,53862287000,2994.795,3024.3525,2984.8177,2990.5057
135259000,3006.8426,857000,10349700,4968337400,53872636700,2994.795,3024.3525,2984.8177,2990.5057
135304000,3007.1118,1622200,20927500,4969959600,53893564200,2994.795,3024.3525,2984.8177,2990.5057
135309000,3006.9164,1097400,14612400,4971057000,53908176600,2994.795,3024.3525,2984.8177,2990.5057
135314000,3007.2983,1485300,15769200,4972542300,53923945800,2994.795,3024.3525,2984.8177,2990.5057
135319000,3007.4375,1414800,17024200,4973957100,53940970000,2994.795,3024.3525,2984.8177,2990.5057
135324000,3007.4428,1440100,20128300,4975397200,53961098300,2994.795,3024.3525,2984.8177,2990.5057
135329000,3007.7261,1328900,17259800,4976726100,53978358100,2994.795,3024.3525,2984.8177,2990.5057
135334000,3007.651,1111200,15303900,4977837300,53993662000,2994.795,3024.3525,2984.8177,2990.5057
135339000,3007.6219,947400,13355600,4978784700,54007017600,2994.795,3024.3525,2984.8177,2990.5057
135344000,3008.0972,2999400,30713400,4981784100,54037731000,2994.795,3024.3525,2984.8177,2990.5057
135349000,3008.111,1702700,19257800,4983486800,54056988800,2994.795,3024.3525,2984.8177,2990.5057
135354000,3007.7423,906800,11777400,4984393600,54068766200,2994.795,3024.3525,2984.8177,2990.5057
135359000,3008.3017,2254900,19039700,4986648500,54087805900,2994.795,3024.3525,2984.8177,2990.5057
135404000,3008.4518,1226900,15615800,4987875400,54103421700,2994.795,3024.3525,2984.8177,2990.5057
135409000,3007.9678,1495900,14152800,4989371300,54117574500,2994.795,3024.3525,2984.8177,2990.5057
135414000,3008.0961,1336900,17104400,4990708200,54134678900,2994.795,3024.3525,2984.8177,2990.5057
135419000,3008.1552,1495000,19163400,4992203200,54153842300,2994.795,3024.3525,2984.8177,2990.5057
135424000,3007.8934,1464500,18225700,4993667700,54172068000,2994.795,3024.3525,2984.8177,2990.5057
135429000,3007.88,953500,11514200,4994621200,54183582200,2994.795,3024.3525,2984.8177,2990.5057
135434000,3007.9072,1502700,18005800,4996123900,54201588000,2994.795,3024.3525,2984.8177,2990.5057
135439000,3007.4827,1005500,12963400,4997129400,54214551400,2994.795,3024.3525,2984.8177,2990.5057
135444000,3008.0658,896600,11261100,4998026000,54225812500,2994.795,3024.3525,2984.8177,2990.5057
135449000,3008.1061,1272600,13993500,4999298600,54239806000,2994.795,3024.3525,2984.8177,2990.5057
135454000,3007.7465,1267300,15101700,5000565900,54254907700,2994.795,3024.3525,2984.8177,2990.5057
135459000,3007.9303,1293900,15338400,5001859800,54270246100,2994.795,3024.3525,2984.8177,2990.5057
135504000,3008.1449,1671300,19237800,5003531100,54289483900,2994.795,3024.3525,2984.8177,2990.5057
135509000,3007.8447,1598700,17162400,5005129800,54306646300,2994.795,3024.3525,2984.8177,2990.5057
135514000,3007.9666,1171200,13702300,5006301000,54320348600,2994.795,3024.3525,2984.8177,2990.5057
135519000,3008.0542,970600,13970200,5007271600,54334318800,2994.795,3024.3525,2984.8177,2990.5057
135524000,3007.7734,1544000,16794700,5008815600,54351113500,2994.795,3024.3525,2984.8177,2990.5057
135529000,3008.0656,1243400,14190400,5010059000,54365303900,2994.795,3024.3525,2984.8177,2990.5057
135534000,3007.8134,1728300,15862400,5011787300,54381166300,2994.795,3024.3525,2984.8177,2990.5057
135539000,3007.4366,935700,11349400,5012723000,54392515700,2994.795,3024.3525,2984.8177,2990.5057
135544000,3007.643,1532400,17064800,5014255400,54409580500,2994.795,3024.3525,2984.8177,2990.5057
135549000,3007.92,1391600,16309600,5015647000,54425890100,2994.795,3024.3525,2984.8177,2990.5057
135554000,3007.7729,1432100,15305900,5017079100,54441196000,2994.795,3024.3525,2984.8177,2990.5057
135559000,3007.7234,743300,7298100,5017822400,54448494100,2994.795,3024.3525,2984.8177,2990.5057
135604000,3007.7413,1653000,19644100,5019475400,54468138200,2994.795,3024.3525,2984.8177,2990.5057
135609000,3007.4498,1522800,15901700,5020998200,54484039900,2994.795,3024.3525,2984.8177,2990.5057
135614000,3008.1351,3284000,23134900,5024282200,54507174800,2994.795,3024.3525,2984.8177,2990.5057
135619000,3007.9112,1945600,20565700,5026227800,54527740500,2994.795,3024.3525,2984.8177,2990.5057
135624000,3007.6913,1121200,18515500,5027349000,54546256000,2994.795,3024.3525,2984.8177,2990.5057
135629000,3008.2686,1464800,16096000,5028813800,54562352000,2994.795,3024.3525,2984.8177,2990.5057
135634000,3008.519,1566700,18996200,5030380500,54581348200,2994.795,3024.3525,2984.8177,2990.5057
135639000,3007.8711,928500,13359900,5031309000,54594708100,2994.795,3024.3525,2984.8177,2990.5057
135644000,3008.041,989900,12248300,5032298900,54606956400,2994.795,3024.3525,2984.8177,2990.5057
135649000,3008.1259,1664400,19745400,5033963300,54626701800,2994.795,3024.3525,2984.8177,2990.5057
135654000,3007.8256,1962500,21624700,5035925800,54648326500,2994.795,3024.3525,2984.8177,2990.5057
135659000,3008.088,1332900,13172800,5037258700,54661499300,2994.795,3024.3525,2984.8177,2990.5057
135704000,3008.0119,1571400,18214500,5038830100,54679713800,2994.795,3024.3525,2984.8177,2990.5057
135709000,3007.949,923000,13122500,5039753100,54692836300,2994.795,3024.3525,2984.8177,2990.5057
135714000,3007.7771,1431800,15090000,5041184900,54707926300,2994.795,3024.3525,2984.8177,2990.5057
135719000,3008.5953,1191400,13681800,5042376300,54721608100,2994.795,3024.3525,2984.8177,2990.5057
135724000,3007.7709,1387200,18014400,5043763500,54739622500,2994.795,3024.3525,2984.8177,2990.5057
135729000,3008.0514,1316500,12013700,5045080000,54751636200,2994.795,3024.3525,2984.8177,2990.5057
135734000,3008.0505,1391300,21556800,5046471300,54773193000,2994.795,3024.3525,2984.8177,2990.5057
135739000,3007.9377,837300,11202800,5047308600,54784395800,2994.795,3024.3525,2984.8177,2990.5057
135744000,3008.2757,1139300,16145800,5048447900,54800541600,2994.795,3024.3525,2984.8177,2990.5057
135749000,3008.3914,1333500,15035600,5049781400,54815577200,2994.795,3024.3525,2984.8177,2990.5057
135754000,3008.0862,1721300,30051300,5051502700,54845628500,2994.795,3024.3525,2984.8177,2990.5057
135759000,3007.8693,1358700,18438800,5052861400,54864067300,2994.795,3024.3525,2984.8177,2990.5057
135804000,3008.68,2389500,22085300,5055250900,54886152600,2994.795,3024.3525,2984.8177,2990.5057
135809000,3008.1402,1160200,19715700,5056411100,54905868300,2994.795,3024.3525,2984.8177,2990.5057
135814000,3008.1114,1237200,16944200,5057648300,54922812500,2994.795,3024.3525,2984.8177,2990.5057
135819000,3008.2923,1141500,13923300,5058789800,54936735800,2994.795,3024.3525,2984.8177,2990.5057
135824000,3008.2145,2153700,20321500,5060943500,54957057300,2994.795,3024.3525,2984.8177,2990.5057
135829000,3008.7765,1390100,14181900,5062333600,54971239200,2994.795,3024.3525,2984.8177,2990.5057
135834000,3009.4629,1976000,24233000,5064309600,54995472200,2994.795,3024.3525,2984.8177,2990.5057
135839000,3009.1546,1972500,23108700,5066282100,55018580900,2994.795,3024.3525,2984.8177,2990.5057
135844000,3009.5181,2088900,24590200,5068371000,55043171100,2994.795,3024.3525,2984.8177,2990.5057
135849000,3010.0001,2103200,26987300,5070474200,55070158400,2994.795,3024.3525,2984.8177,2990.5057
135854000,3009.9816,2165500,26062300,5072639700,55096220700,2994.795,3024.3525,2984.8177,2990.5057
135859000,3010.7553,1390800,15049800,5074030500,55111270500,2994.795,3024.3525,2984.8177,2990.5057
135904000,3010.3103,1610500,19978500,5075641000,55131249000,2994.795,3024.3525,2984.8177,2990.5057
135909000,3010.2697,1196400,15999100,5076837400,55147248100,2994.795,3024.3525,2984.8177,2990.5057
135914000,3010.4355,1480100,16559900,5078317500,55163808000,2994.795,3024.3525,2984.8177,2990.5057
135919000,3010.3414,1829700,17765500,5080147200,55181573500,2994.795,3024.3525,2984.8177,2990.5057
135924000,3009.9737,1266400,17259000,5081413600,55198832500,2994.795,3024.3525,2984.8177,2990.5057
135929000,3009.8783,1083600,13869800,5082497200,55212702300,2994.795,3024.3525,2984.8177,2990.5057
135934000,3009.7384,2552300,25592400,5085049500,55238294700,2994.795,3024.3525,2984.8177,2990.5057
135939000,3010.2062,1924700,21721700,5086974200,55260016400,2994.795,3024.3525,2984.8177,2990.5057
135944000,3010.3931,1664100,16486600,5088638300,55276503000,2994.795,3024.3525,2984.8177,2990.5057
135949000,3010.6738,1855600,18691900,5090493900,55295194900,2994.795,3024.3525,2984.8177,2990.5057
135954000,3010.6061,1562900,21442700,5092056800,55316637600,2994.795,3024.3525,2984.8177,2990.5057
135959000,3010.5138,1162400,12191700,5093219200,55328829300,2994.795,3024.3525,2984.8177,2990.5057
140004000,3010.804,1992800,18971500,5095212000,55347800800,2994.795,3024.3525,2984.8177,2990.5057
140009000,3010.2883,1336400,15065900,5096548400,55362866700,2994.795,3024.3525,2984.8177,2990.5057
140014000,3010.4067,1409400,14172300,5097957800,55377039000,2994.795,3024.3525,2984.8177,2990.5057
140019000,3010.7461,1234500,13861500,5099192300,55390900500,2994.795,3024.3525,2984.8177,2990.5057
140024000,3010.9141,1434400,17682900,5100626700,55408583400,2994.795,3024.3525,2984.8177,2990.5057
140029000,3010.5046,929800,10828000,5101556500,55419411400,2994.795,3024.3525,2984.8177,2990.5057
140034000,3010.9317,1250900,20719200,5102807400,55440130600,2994.795,3024.3525,2984.8177,2990.5057
140039000,3010.6474,1220800,14508300,5104028200,55454638900,2994.795,3024.3525,2984.8177,2990.5057
140044000,3010.8395,1602200,21779400,5105630400,55476418300,2994.795,3024.3525,2984.8177,2990.5057
140049000,3010.8973,1201500,19741700,5106831900,55496160000,2994.795,3024.3525,2984.8177,2990.5057
140054000,3010.4228,1995600,23655500,5108827500,55519815500,2994.795,3024.3525,2984.8177,2990.5057
140059000,3010.4175,1356400,17166100,5110183900,55536981600,2994.795,3024.3525,2984.8177,2990.5057
140104000,3010.8703,2007900,19904900,5112191800,55556886500,2994.795,3024.3525,2984.8177,2990.5057
140109000,3010.5623,1376500,14577200,5113568300,55571463700,2994.795,3024.3525,2984.8177,2990.5057
140114000,3010.7133,1333900,17359000,5114902200,55588822700,2994.795,3024.3525,2984.8177,2990.5057
140119000,3010.6181,1596100,19310600,5116498300,55608133300,2994.795,3024.3525,2984.8177,2990.5057
140124000,3010.6121,1422700,14946700,5117921000,55623080000,2994.795,3024.3525,2984.8177,2990.5057
140129000,3010.3789,1279800,14237900,5119200800,55637317900,2994.795,3024.3525,2984.8177,2990.5057
140134000,3010.613,1114100,13903200,5120314900,55651221100,2994.795,3024.3525,2984.8177,2990.5057
140139000,3010.2534,1167200,16357100,5121482100,55667578200,2994.795,3024.3525,2984.8177,2990.5057
140144000,3010.9159,1019100,12518100,5122501200,55680096300,2994.795,3024.3525,2984.8177,2990.5057
140149000,3010.8633,1691100,18560700,5124192300,55698657000,2994.795,3024.3525,2984.8177,2990.5057
140154000,3010.8726,1196100,15239300,5125388400,55713896300,2994.795,3024.3525,2984.8177,2990.5057
140159000,3010.6421,788400,11199300,5126176800,55725095600,2994.795,3024.3525,2984.8177,2990.5057
140204000,3010.8878,1696500,25191000,5127873300,55750286600,2994.795,3024.3525,2984.8177,2990.5057
140209000,3010.2231,973700,13485700,5128847000,55763772300,2994.795,3024.3525,2984.8177,2990.5057
140214000,3010.5027,1089600,14404500,5129936600,55778176800,2994.795,3024.3525,2984.8177,2990.5057
140219000,3010.5131,1812700,16385300,5131749300,55794562100,2994.795,3024.3525,2984.8177,2990.5057
140224000,3010.4096,1151500,14096100,5132900800,55808658200,2994.795,3024.3525,2984.8177,2990.5057
140229000,3010.2232,1240900,11626600,5134141700,55820284800,2994.795,3024.3525,2984.8177,2990.5057
140234000,3010.118,1456700,16072000,5135598400,55836356800,2994.795,3024.3525,2984.8177,2990.5057
140239000,3010.0935,994700,11727800,5136593100,55848084600,2994.795,3024.3525,2984.8177,2990.5057
140244000,3010.3389,1228100,14999100,5137821200,55863083700,2994.795,3024.3525,2984.8177,2990.5057
140249000,3010.2445,1182700,13179800,5139003900,55876263500,2994.795,3024.3525,2984.8177,2990.5057
140254000,3010.0427,1460200,17359100,5140464100,55893622600,2994.795,3024.3525,2984.8177,2990.5057
140259000,3009.9659,997100,12656600,5141461200,55906279200,2994.795,3024.3525,2984.8177,2990.5057
140304000,3009.9868,1575200,16715500,5143036400,55922994700,2994.795,3024.3525,2984.8177,2990.5057
140309000,3009.8033,1508500,13927500,5144544900,55936922200,2994.795,3024.3525,2984.8177,2990.5057
140314000,3009.6539,1120100,12505400,5145665000,55949427600,2994.795,3024.3525,2984.8177,2990.5057
140319000,3009.9381,1691300,19257000,5147356300,55968684600,2994.795,3024.3525,2984.8177,2990.5057
140324000,3010.2476,751100,8847500,5148107400,55977532100,2994.795,3024.3525,2984.8177,2990.5057
140329000,3009.9236,1511200,15912600,5149618600,55993444700,2994.795,3024.3525,2984.8177,2990.5057
140334000,3009.9631,1475300,17266700,5151093900,56010711400,2994.795,3024.3525,2984.8177,2990.5057
140339000,3009.7877,946100,11681000,5152040000,56022392400,2994.795,3024.3525,2984.8177,2990.5057
140344000,3009.9579,1077100,11613900,5153117100,56034006300,2994.795,3024.3525,2984.8177,2990.5057
140349000,3009.9804,1169100,14279500,5154286200,56048285800,2994.795,3024.3525,2984.8177,2990.5057
140354000,3009.8969,1225100,15230300,5155511300,56063516100,2994.795,3024.3525,2984.8177,2990.5057
140359000,3009.9242,946900,12713600,5156458200,56076229700,2994.795,3024.3525,2984.8177,2990.5057
140404000,3010.1242,1484700,21725100,5157942900,56097954800,2994.795,3024.3525,2984.8177,2990.5057
140409000,3009.7391,1325400,11695100,5159268300,56109649900,2994.795,3024.3525,2984.8177,2990.5057
140414000,3010.0101,1506600,24037300,5160774900,56133687200,2994.795,3024.3525,2984.8177,2990.5057
140419000,3009.8901,2565600,17307000,5163340500,56150994200,2994.795,3024.3525,2984.8177,2990.5057
140424000,3009.9337,1625700,16368600,5164966200,56167362800,2994.795,3024.3525,2984.8177,2990.5057
140429000,3009.6667,834600,8738600,5165800800,56176101400,2994.795,3024.3525,2984.8177,2990.5057
140434000,3009.6674,1630800,23316500,5167431600,56199417900,2994.795,3024.3525,2984.8177,2990.5057
140439000,3009.489,1134900,18833800,5168566500,56218251700,2994.795,3024.3525,2984.8177,2990.5057
140444000,3009.5661,1581700,17041500,5170148200,56235293200,2994.795,3024.3525,2984.8177,2990.5057
140449000,3009.3146,1227600,14802600,5171375800,56250095800,2994.795,3024.3525,2984.8177,2990.5057
140454000,3009.2835,1535900,16520900,5172911700,56266616700,2994.795,3024.3525,2984.8177,2990.5057
140459000,3009.1255,1385300,15794100,5174297000,56282410800,2994.795,3024.3525,2984.8177,2990.5057
140504000,3009.3659,1785700,23522100,5176082700,56305932900,2994.795,3024.3525,2984.8177,2990.5057
140509000,3009.5093,1562300,15914400,5177645000,56321847300,2994.795,3024.3525,2984.8177,2990.5057
140514000,3009.439,1496000,14329900,5179141000,56336177200,2994.795,3024.3525,2984.8177,2990.5057
140519000,3009.3607,1409000,16063300,5180550000,56352240500,2994.795,3024.3525,2984.8177,2990.5057
140524000,3009.6076,1326800,15093600,5181876800,56367334100,2994.795,3024.3525,2984.8177,2990.5057
140529000,3009.4315,1222000,13166500,5183098800,56380500600,2994.795,3024.3525,2984.8177,2990.5057
140534000,3009.3237,1261500,16471300,5184360300,56396971900,2994.795,3024.3525,2984.8177,2990.5057
140539000,3008.8714,1063800,14579200,5185424100,56411551100,2994.795,3024.3525,2984.8177,2990.5057
140544000,3009.331,1431400,16222600,5186855500,56427773700,2994.795,3024.3525,2984.8177,2990.5057
140549000,3009.0999,1684900,20033500,5188540400,56447807200,2994.795,3024.3525,2984.8177,2990.5057
140554000,3009.3827,1112600,16732100,5189653000,56464539300,2994.795,3024.3525,2984.8177,2990.5057
140559000,3009.4418,1190100,13139300,5190843100,56477678600,2994.795,3024.3525,2984.8177,2990.5057
140604000,3009.2674,1378200,15147600,5192221300,56492826200,2994.795,3024.3525,2984.8177,2990.5057
140609000,3009.4395,1535800,16836400,5193757100,56509662600,2994.795,3024.3525,2984.8177,2990.5057
140614000,3009.237,1774600,25247300,5195531700,56534909900,2994.795,3024.3525,2984.8177,2990.5057
140619000,3009.4924,1479900,19788100,5197011600,56554698000,2994.795,3024.3525,2984.8177,2990.5057
140624000,3009.5242,1982000,20185100,5198993600,56574883100,2994.795,3024.3525,2984.8177,2990.5057
140629000,3009.1109,1347300,16000400,5200340900,56590883500,2994.795,3024.3525,2984.8177,2990.5057
140634000,3008.5806,2169300,20587400,5202510200,56611470900,2994.795,3024.3525,2984.8177,2990.5057
140639000,3008.2363,1643500,20159100,5204153700,56631630000,2994.795,3024.3525,2984.8177,2990.5057
140644000,3007.2567,4352900,43392200,5208506600,56675022200,2994.795,3024.3525,2984.8177,2990.5057
140649000,3006.9865,5156700,61779900,5213663300,56736802100,2994.795,3024.3525,2984.8177,2990.5057
140654000,3006.1337,7084300,67094100,5220747600,56803896200,2994.795,3024.3525,2984.8177,2990.5057
140659000,3005.4557,5345200,51173000,5226092800,56855069200,2994.795,3024.3525,2984.8177,2990.5057
140704000,3005.3636,4067800,48952300,5230160600,56904021500,2994.795,3024.3525,2984.8177,2990.5057
140709000,3005.3718,7275900,35267900,5237436500,56939289400,2994.795,3024.3525,2984.8177,2990.5057
140714000,3005.3652,3655900,36780900,5241092400,56976070300,2994.795,3024.3525,2984.8177,2990.5057
140719000,3005.1242,4405300,38826900,5245497700,57014897200,2994.795,3024.3525,2984.8177,2990.5057
140724000,3005.4723,4134300,32275800,5249632000,57047173000,2994.795,3024.3525,2984.8177,2990.5057
140729000,3004.8787,1541000,18716900,5251173000,57065889900,2994.795,3024.3525,2984.8177,2990.5057
140734000,3005.1084,2300100,25701100,5253473100,57091591000,2994.795,3024.3525,2984.8177,2990.5057
140739000,3004.6958,1939500,22996200,5255412600,57114587200,2994.795,3024.3525,2984.8177,2990.5057
140744000,3004.4667,3200200,29146700,5258612800,57143733900,2994.795,3024.3525,2984.8177,2990.5057
140749000,3005.2722,2745800,28210100,5261358600,57171944000,2994.795,3024.3525,2984.8177,2990.5057
140754000,3004.6771,2348600,27285300,5263707200,57199229300,2994.795,3024.3525,2984.8177,2990.5057
140759000,3005.53,2873900,29025900,5266581100,57228255200,2994.795,3024.3525,2984.8177,2990.5057
140804000,3005.5759,2736900,32880300,5269318000,57261135500,2994.795,3024.3525,2984.8177,2990.5057
140809000,3005.3455,2754300,25093200,5272072300,57286228700,2994.795,3024.3525,2984.8177,2990.5057
140814000,3005.0499,2963400,31000500,5275035700,57317229200,2994.795,3024.3525,2984.8177,2990.5057
140819000,3005.0705,1811600,20825900,5276847300,57338055100,2994.795,3024.3525,2984.8177,2990.5057
140824000,3005.0316,2537900,29938400,5279385200,57367993500,2994.795,3024.3525,2984.8177,2990.5057
140829000,3004.8819,2727100,23200500,5282112300,57391194000,2994.795,3024.3525,2984.8177,2990.5057
140834000,3004.6128,2660500,31971600,5284772800,57423165600,2994.795,3024.3525,2984.8177,2990.5057
140839000,3004.8306,1240200,17261000,5286013000,57440426600,2994.795,3024.3525,2984.8177,2990.5057
140844000,3004.6961,1937700,22125700,5287950700,57462552300,2994.795,3024.3525,2984.8177,2990.5057
140849000,3004.9955,2106900,25478800,5290057600,57488031100,2994.795,3024.3525,2984.8177,2990.5057
140854000,3004.9896,1672900,20743400,5291730500,57508774500,2994.795,3024.3525,2984.8177,2990.5057
140859000,3004.8686,1919700,20205600,5293650200,57528980100,2994.795,3024.3525,2984.8177,2990.5057
140904000,3004.8666,2078900,21800100,5295729100,57550780200,2994.795,3024.3525,2984.8177,2990.5057
140909000,3004.5934,2723700,23788700,5298452800,57574568900,2994.795,3024.3525,2984.8177,2990.5057
140914000,3004.3639,2655700,23372000,5301108500,57597940900,2994.795,3024.3525,2984.8177,2990.5057
140919000,3004.4059,1619500,19533400,5302728000,57617474300,2994.795,3024.3525,2984.8177,2990.5057
140924000,3004.5118,2005300,25477400,5304733300,57642951700,2994.795,3024.3525,2984.8177,2990.5057
140929000,3004.3845,1369800,15025600,5306103100,57657977300,2994.795,3024.3525,2984.8177,2990.5057
140934000,3004.2258,1658000,19359600,5307761100,57677336900,2994.795,3024.3525,2984.8177,2990.5057
140939000,3004.272,1751500,19050300,5309512600,57696387200,2994.795,3024.3525,2984.8177,2990.5057
140944000,3004.3307,1750300,23757500,5311262900,57720144700,2994.795,3024.3525,2984.8177,2990.5057
140949000,3004.8693,2024900,26191400,5313287800,57746336100,2994.795,3024.3525,2984.8177,2990.5057
140954000,3004.7246,2160400,25072100,5315448200,57771408200,2994.795,3024.3525,2984.8177,2990.5057
140959000,3004.4042,2189700,18814000,5317637900,57790222200,2994.795,3024.3525,2984.8177,2990.5057
141004000,3004.6367,2020500,27468400,5319658400,57817690600,2994.795,3024.3525,2984.8177,2990.5057
141009000,3004.0642,2132400,21711400,5321790800,57839402000,2994.795,3024.3525,2984.8177,2990.5057
141014000,3004.3167,1668300,20357800,5323459100,57859759800,2994.795,3024.3525,2984.8177,2990.5057
141019000,3004.4231,2871000,48221100,5326330100,57907980900,2994.795,3024.3525,2984.8177,2990.5057
141024000,3004.1154,2959200,31884500,5329289300,57939865400,2994.795,3024.3525,2984.8177,2990.5057
141029000,3004.52,1675600,17618200,5330964900,57957483600,2994.795,3024.3525,2984.8177,2990.5057
141034000,3004.1249,2551400,39422700,5333516300,57996906300,2994.795,3024.3525,2984.8177,2990.5057
141039000,3003.5307,2239500,27635500,5335755800,58024541800,2994.795,3024.3525,2984.8177,2990.5057
141044000,3003.3714,4383200,45125300,5340139000,58069667100,2994.795,3024.3525,2984.8177,2990.5057
141049000,3003.917,3160400,28016800,5343299400,58097683900,2994.795,3024.3525,2984.8177,2990.5057
141054000,3003.1484,3140200,30423400,5346439600,58128107300,2994.795,3024.3525,2984.8177,2990.5057
141059000,3003.3958,1964300,20080000,5348403900,58148187300,2994.795,3024.3525,2984.8177,2990.5057
141104000,3003.4932,2278800,27517300,5350682700,58175704600,2994.795,3024.3525,2984.8177,2990.5057
141109000,3002.839,2037600,20299300,5352720300,58196003900,2994.795,3024.3525,2984.8177,2990.5057
141114000,3002.5708,2509500,30625400,5355229800,58226629300,2994.795,3024.3525,2984.8177,2990.5057
141119000,3003.2446,3101900,29317300,5358331700,58255946600,2994.795,3024.3525,2984.8177,2990.5057
141124000,3003.0847,2441900,29206300,5360773600,58285152900,2994.795,3024.3525,2984.8177,2990.5057
141129000,3002.6061,1582500,23716600,5362356100,58308869500,2994.795,3024.3525,2984.8177,2990.5057
141134000,3002.6395,3045300,33125700,5365401400,58341995200,2994.795,3024.3525,2984.8177,2990.5057
141139000,3002.2911,3355600,28285000,5368757000,58370280200,2994.795,3024.3525,2984.8177,2990.5057
141144000,3002.4729,2084300,22070100,5370841300,58392350300,2994.795,3024.3525,2984.8177,2990.5057
141149000,3003.2348,2055700,19198900,5372897000,58411549200,2994.795,3024.3525,2984.8177,2990.5057
141154000,3002.7426,2458200,26137300,5375355200,58437686500,2994.795,3024.3525,2984.8177,2990.5057
141159000,3002.9211,2089000,21495800,5377444200,58459182300,2994.795,3024.3525,2984.8177,2990.5057
141204000,3002.6594,3175300,29962300,5380619500,58489144600,2994.795,3024.3525,2984.8177,2990.5057
141209000,3002.9946,1816200,21233700,5382435700,58510378300,2994.795,3024.3525,2984.8177,2990.5057
141214000,3002.809,1676200,21569500,5384111900,58531947800,2994.795,3024.3525,2984.8177,2990.5057
141219000,3002.7377,2372000,27298000,5386483900,58559245800,2994.795,3024.3525,2984.8177,2990.5057
141224000,3003.1089,1761500,22930700,5388245400,58582176500,2994.795,3024.3525,2984.8177,2990.5057
141229000,3003.0876,1355900,15545100,5389601300,58597721600,2994.795,3024.3525,2984.8177,2990.5057
141234000,3003.1378,1800900,20602300,5391402200,58618323900,2994.795,3024.3525,2984.8177,2990.5057
141239000,3003.285,2205200,38347400,5393607400,58656671300,2994.795,3024.3525,2984.8177,2990.5057
141244000,3003.5112,2290000,49769700,5395897400,58706441000,2994.795,3024.3525,2984.8177,2990.5057
141249000,3003.9737,1858500,24101300,5397755900,58730542300,2994.795,3024.3525,2984.8177,2990.5057
141254000,3003.9598,1760100,20587600,5399516000,58751129900,2994.795,3024.3525,2984.8177,2990.5057
141259000,3003.4626,1328100,13088600,5400844100,58764218500,2994.795,3024.3525,2984.8177,2990.5057
141304000,3004.2076,2050300,22769900,5402894400,58786988400,2994.795,3024.3525,2984.8177,2990.5057
141309000,3004.4007,1454300,20162500,5404348700,58807150900,2994.795,3024.3525,2984.8177,2990.5057
141314000,3004.1013,1684800,22423900,5406033500,58829574800,2994.795,3024.3525,2984.8177,2990.5057
141319000,3004.7267,2127800,25341200,5408161300,58854916000,2994.795,3024.3525,2984.8177,2990.5057
141324000,3004.8273,2433900,27005500,5410595200,58881921500,2994.795,3024.3525,2984.8177,2990.5057
141329000,3004.4244,1072500,12900000,5411667700,58894821500,2994.795,3024.3525,2984.8177,2990.5057
141334000,3004.4983,1479400,18419700,5413147100,58913241200,2994.795,3024.3525,2984.8177,2990.5057
141339000,3004.6401,1833400,22612200,5414980500,58935853400,2994.795,3024.3525,2984.8177,2990.5057
141344000,3004.891,2355000,25925500,5417335500,58961778900,2994.795,3024.3525,2984.8177,2990.5057
141349000,3005.0931,1721500,20838900,5419057000,58982617800,2994.795,3024.3525,2984.8177,2990.5057
141354000,3005.1315,1713200,20180200,5420770200,59002798000,2994.795,3024.3525,2984.8177,2990.5057
141359000,3005.1331,1784300,15506200,5422554500,59018304200,2994.795,3024.3525,2984.8177,2990.5057
141404000,3005.0737,3100400,31353700,5425654900,59049657900,2994.795,3024.3525,2984.8177,2990.5057
141409000,3005.287,1433400,20376700,5427088300,59070034600,2994.795,3024.3525,2984.8177,2990.5057
141414000,3005.4537,1587400,24810300,5428675700,59094844900,2994.795,3024.3525,2984.8177,2990.5057
141419000,3005.3341,2260900,23688600,5430936600,59118533500,2994.795,3024.3525,2984.8177,2990.5057
141424000,3005.7372,2123800,29104100,5433060400,59147637600,2994.795,3024.3525,2984.8177,2990.5057
141429000,3005.6497,1561900,20538200,5434622300,59168175800,2994.795,3024.3525,2984.8177,2990.5057
141434000,3005.4051,1595900,18514800,5436218200,59186690600,2994.795,3024.3525,2984.8177,2990.5057
141439000,3005.8644,1925900,23408500,5438144100,59210099100,2994.795,3024.3525,2984.8177,2990.5057
141444000,3005.3686,1615000,22471000,5439759100,59232570100,2994.795,3024.3525,2984.8177,2990.5057
141449000,3005.8014,1601200,20124600,5441360300,59252694700,2994.795,3024.3525,2984.8177,2990.5057
141454000,3005.7342,2206000,26479500,5443566300,59279174200,2994.795,3024.3525,2984.8177,2990.5057
141459000,3005.7109,1489100,17259800,5445055400,59296434000,2994.795,3024.3525,2984.8177,2990.5057
141504000,3005.8419,1940200,21650300,5446995600,59318084300,2994.795,3024.3525,2984.8177,2990.5057
141509000,3006.1087,2290700,22986800,5449286300,59341071100,2994.795,3024.3525,2984.8177,2990.5057
141514000,3005.998,1507100,22118800,5450793400,59363189900,2994.795,3024.3525,2984.8177,2990.5057
141519000,3005.8117,1872100,18239000,5452665500,59381428900,2994.795,3024.3525,2984.8177,2990.5057
141524000,3005.9185,1718200,19059500,5454383700,59400488400,2994.795,3024.3525,2984.8177,2990.5057
141529000,3005.665,1185800,11706100,5455569500,59412194500,2994.795,3024.3525,2984.8177,2990.5057
141534000,3005.4381,1260100,14696200,5456829600,59426890700,2994.795,3024.3525,2984.8177,2990.5057
141539000,3005.2316,1896200,27271100,5458725800,59454161800,2994.795,3024.3525,2984.8177,2990.5057
141544000,3005.5731,1754600,22407500,5460480400,59476569300,2994.795,3024.3525,2984.8177,2990.5057
141549000,3005.8756,2009300,17791100,5462489700,59494360400,2994.795,3024.3525,2984.8177,2990.5057
141554000,3005.5416,1782800,18036900,5464272500,59512397300,2994.795,3024.3525,2984.8177,2990.5057
141559000,3005.5612,1453800,14363600,5465726300,59526760900,2994.795,3024.3525,2984.8177,2990.5057
141604000,3005.3272,2164000,23799000,5467890300,59550559900,2994.795,3024.3525,2984.8177,2990.5057
141609000,3005.0598,1701500,16777500,5469591800,59567337400,2994.795,3024.3525,2984.8177,2990.5057
141614000,3005.5596,1743000,20868300,5471334800,59588205700,2994.795,3024.3525,2984.8177,2990.5057
141619000,3005.9316,2028100,20407300,5473362900,59608613000,2994.795,3024.3525,2984.8177,2990.5057
141624000,3006.1021,2299000,23120000,5475661900,59631733000,2994.795,3024.3525,2984.8177,2990.5057
141629000,3005.9635,1460800,17185000,5477122700,59648918000,2994.795,3024.3525,2984.8177,2990.5057
141634000,3005.758,2738900,32973200,5479861600,59681891200,2994.795,3024.3525,2984.8177,2990.5057
141639000,3005.8971,1338700,14331300,5481200300,59696222500,2994.795,3024.3525,2984.8177,2990.5057
141644000,3005.6173,1549100,14969000,5482749400,59711191500,2994.795,3024.3525,2984.8177,2990.5057
141649000,3005.7877,1587300,18752400,5484336700,59729943900,2994.795,3024.3525,2984.8177,2990.5057
141654000,3005.7585,2168800,22397000,5486505500,59752340900,2994.795,3024.3525,2984.8177,2990.5057
141659000,3005.5569,919300,9837500,5487424800,59762178400,2994.795,3024.3525,2984.8177,2990.5057
141704000,3005.9457,1515300,19600300,5488940100,59781778700,2994.795,3024.3525,2984.8177,2990.5057
141709000,3005.6441,1330700,18146200,5490270800,59799924900,2994.795,3024.3525,2984.8177,2990.5057
141714000,3005.496,1534300,16083900,5491805100,59816008800,2994.795,3024.3525,2984.8177,2990.5057
141719000,3006.0432,1526300,20264200,5493331400,59836273000,2994.795,3024.3525,2984.8177,2990.5057
141724000,3005.7927,2232000,23801500,5495563400,59860074500,2994.795,3024.3525,2984.8177,2990.5057
141729000,3005.8642,1192700,14513100,5496756100,59874587600,2994.795,3024.3525,2984.8177,2990.5057
141734000,3005.9493,1372700,19599200,5498128800,59894186800,2994.795,3024.3525,2984.8177,2990.5057
141739000,3005.7814,1571600,18731800,5499700400,59912918600,2994.795,3024.3525,2984.8177,2990.5057
141744000,3006.2342,1578900,19589600,5501279300,59932508200,2994.795,3024.3525,2984.8177,2990.5057
141749000,3006.3624,1398500,17647400,5502677800,59950155600,2994.795,3024.3525,2984.8177,2990.5057
141754000,3005.787,1890100,23973300,5504567900,59974128900,2994.795,3024.3525,2984.8177,2990.5057
141759000,3005.8371,1495300,24363000,5506063200,59998491900,2994.795,3024.3525,2984.8177,2990.5057
141804000,3006.2685,1878500,16693200,5507941700,60015185100,2994.795,3024.3525,2984.8177,2990.5057
141809000,3006.3801,1218200,15848300,5509159900,60031033400,2994.795,3024.3525,2984.8177,2990.5057
141814000,3005.9698,1668000,23470200,5510827900,60054503600,2994.795,3024.3525,2984.8177,2990.5057
141819000,3006.222,2197900,21651000,5513025800,60076154600,2994.795,3024.3525,2984.8177,2990.5057
141824000,3005.8866,2377000,30442300,5515402800,60106596900,2994.795,3024.3525,2984.8177,2990.5057
141829000,3005.9222,1153100,13725200,5516555900,60120322100,2994.795,3024.3525,2984.8177,2990.5057
141834000,3006.0779,1385900,22230700,5517941800,60142552800,2994.795,3024.3525,2984.8177,2990.5057
141839000,3005.7852,1348600,17778500,5519290400,60160331300,2994.795,3024.3525,2984.8177,2990.5057
141844000,3006.3576,1802200,21502300,5521092600,60181833600,2994.795,3024.3525,2984.8177,2990.5057
141849000,3006.4101,1554200,18171800,5522646800,60200005400,2994.795,3024.3525,2984.8177,2990.5057
141854000,3006.038,1610000,18173200,5524256800,60218178600,2994.795,3024.3525,2984.8177,2990.5057
141859000,3006.6452,1542400,15043300,5525799200,60233221900,2994.795,3024.3525,2984.8177,2990.5057
141904000,3006.1715,1916600,24314200,5527715800,60257536100,2994.795,3024.3525,2984.8177,2990.5057
141909000,3006.4544,1138700,14336300,5528854500,60271872400,2994.795,3024.3525,2984.8177,2990.5057
141914000,3006.4464,1612700,18458700,5530467200,60290331100,2994.795,3024.3525,2984.8177,2990.5057
141919000,3006.7627,1168800,17750900,5531636000,60308082000,2994.795,3024.3525,2984.8177,2990.5057
141924000,3006.4596,2122000,23054200,5533758000,60331136200,2994.795,3024.3525,2984.8177,2990.5057
141929000,3006.8101,2096100,20209300,5535854100,60351345500,2994.795,3024.3525,2984.8177,2990.5057
141934000,3006.8205,1657200,19596500,5537511300,60370942000,2994.795,3024.3525,2984.8177,2990.5057
141939000,3007.0724,1717800,18459100,5539229100,60389401100,2994.795,3024.3525,2984.8177,2990.5057
141944000,3007.0187,1435800,18091400,5540664900,60407492500,2994.795,3024.3525,2984.8177,2990.5057
141949000,3007.3117,1809300,36595800,5542474200,60444088300,2994.795,3024.3525,2984.8177,2990.5057
141954000,3007.4069,2343900,27131700,5544818100,60471220000,2994.795,3024.3525,2984.8177,2990.5057
141959000,3006.906,1034700,12681400,5545852800,60483901400,2994.795,3024.3525,2984.8177,2990.5057
142004000,3007.1607,1760600,22442100,5547613400,60506343500,2994.795,3024.3525,2984.8177,2990.5057
142009000,3007.145,1948600,18303700,5549562000,60524647200,2994.795,3024.3525,2984.8177,2990.5057
142014000,3007.426,1705300,20610900,5551267300,60545258100,2994.795,3024.3525,2984.8177,2990.5057
142019000,3007.3705,1611400,19816200,5552878700,60565074300,2994.795,3024.3525,2984.8177,2990.5057
142024000,3007.7493,1937800,23698100,5554816500,60588772400,2994.795,3024.3525,2984.8177,2990.5057
142029000,3007.4078,2340100,29406900,5557156600,60618179300,2994.795,3024.3525,2984.8177,2990.5057
142034000,3007.3832,1890400,24182700,5559047000,60642362000,2994.795,3024.3525,2984.8177,2990.5057
142039000,3007.2302,1894800,20951300,5560941800,60663313300,2994.795,3024.3525,2984.8177,2990.5057
142044000,3007.888,2069200,26189700,5563011000,60689503000,2994.795,3024.3525,2984.8177,2990.5057
142049000,3007.8233,3061100,26602700,5566072100,60716105700,2994.795,3024.3525,2984.8177,2990.5057
142054000,3007.7018,2846000,34260500,5568918100,60750366200,2994.795,3024.3525,2984.8177,2990.5057
142059000,3007.4739,1483900,15436100,5570402000,60765802300,2994.795,3024.3525,2984.8177,2990.5057
142104000,3007.5057,1954000,23949000,5572356000,60789751300,2994.795,3024.3525,2984.8177,2990.5057
142109000,3007.5787,1323700,16286600,5573679700,60806037900,2994.795,3024.3525,2984.8177,2990.5057
142114000,3007.4747,1730600,29064500,5575410300,60835102400,2994.795,3024.3525,2984.8177,2990.5057
142119000,3007.1258,2613400,31258000,5578023700,60866360400,2994.795,3024.3525,2984.8177,2990.5057
142124000,3007.6672,1995500,23151300,5580019200,60889511700,2994.795,3024.3525,2984.8177,2990.5057
142129000,3007.6682,2017900,21021100,5582037100,60910532800,2994.795,3024.3525,2984.8177,2990.5057
142134000,3007.3214,2069700,26826900,5584106800,60937359700,2994.795,3024.3525,2984.8177,2990.5057
142139000,3007.0507,1330800,22290900,5585437600,60959650600,2994.795,3024.3525,2984.8177,2990.5057
142144000,3006.8262,1808300,17851100,5587245900,60977501700,2994.795,3024.3525,2984.8177,2990.5057
142149000,3006.9939,2213200,27437200,5589459100,61004938900,2994.795,3024.3525,2984.8177,2990.5057
142154000,3007.054,2869400,24986300,5592328500,61029925200,2994.795,3024.3525,2984.8177,2990.5057
142159000,3006.9714,1649800,25041600,5593978300,61054966800,2994.795,3024.3525,2984.8177,2990.5057
142204000,3006.7302,1845800,19522800,5595824100,61074489600,2994.795,3024.3525,2984.8177,2990.5057
142209000,3006.49,2375300,21865100,5598199400,61096354700,2994.795,3024.3525,2984.8177,2990.5057
142214000,3006.761,2232000,25589700,5600431400,61121944400,2994.795,3024.3525,2984.8177,2990.5057
142219000,3006.7091,1572300,20248800,5602003700,61142193200,2994.795,3024.3525,2984.8177,2990.5057
142224000,3006.8045,2436500,26720700,5604440200,61168913900,2994.795,3024.3525,2984.8177,2990.5057
142229000,3006.8316,2095000,20378500,5606535200,61189292400,2994.795,3024.3525,2984.8177,2990.5057
142234000,3006.8203,1604800,17376800,5608140000,61206669200,2994.795,3024.3525,2984.8177,2990.5057
142239000,3006.3864,1898900,23912300,5610038900,61230581500,2994.795,3024.3525,2984.8177,2990.5057
142244000,3006.6616,1215000,17118000,5611253900,61247699500,2994.795,3024.3525,2984.8177,2990.5057
142249000,3006.7166,1785300,21560300,5613039200,61269259800,2994.795,3024.3525,2984.8177,2990.5057
142254000,3006.6404,3102700,28029600,5616141900,61297289400,2994.795,3024.3525,2984.8177,2990.5057
142259000,3006.768,1702300,18562100,5617844200,61315851500,2994.795,3024.3525,2984.8177,2990.5057
142304000,3007.1859,2107800,20874000,5619952000,61336725500,2994.795,3024.3525,2984.8177,2990.5057
142309000,3006.9326,1840900,30423600,5621792900,61367149100,2994.795,3024.3525,2984.8177,2990.5057
142314000,3006.8629,1485500,16331900,5623278400,61383481000,2994.795,3024.3525,2984.8177,2990.5057
142319000,3007.2621,1561500,15819900,5624839900,61399300900,2994.795,3024.3525,2984.8177,2990.5057
142324000,3007.167,1662100,18333200,5626502000,61417634100,2994.795,3024.3525,2984.8177,2990.5057
142329000,3007.2028,2043100,18963300,5628545100,61436597400,2994.795,3024.3525,2984.8177,2990.5057
142334000,3007.3939,2258800,23302000,5630803900,61459899400,2994.795,3024.3525,2984.8177,2990.5057
142339000,3007.3195,1483300,17106600,5632287200,61477006000,2994.795,3024.3525,2984.8177,2990.5057
142344000,3007.2748,1541800,24339700,5633829000,61501345700,2994.795,3024.3525,2984.8177,2990.5057
142349000,3007.7079,2697000,24375900,5636526000,61525721600,2994.795,3024.3525,2984.8177,2990.5057
142354000,3007.5107,1801700,23559500,5638327700,61549281100,2994.795,3024.3525,2984.8177,2990.5057
142359000,3007.3464,1334000,17445400,5639661700,61566726500,2994.795,3024.3525,2984.8177,2990.5057
142404000,3007.3744,2229900,45910400,5641891600,61612636900,2994.795,3024.3525,2984.8177,2990.5057
142409000,3007.6513,1890100,22163600,5643781700,61634800500,2994.795,3024.3525,2984.8177,2990.5057
142414000,3007.5113,2656800,25650400,5646438500,61660450900,2994.795,3024.3525,2984.8177,2990.5057
142419000,3008.0425,1641200,20674100,5648079700,61681125000,2994.795,3024.3525,2984.8177,2990.5057
142424000,3008.0678,2319600,30757900,5650399300,61711882900,2994.795,3024.3525,2984.8177,2990.5057
142429000,3008.2485,1606500,17702700,5652005800,61729585600,2994.795,3024.3525,2984.8177,2990.5057
142434000,3008.489,2475400,30902300,5654481200,61760487900,2994.795,3024.3525,2984.8177,2990.5057
142439000,3008.2486,1545400,35897300,5656026600,61796385200,2994.795,3024.3525,2984.8177,2990.5057
142444000,3008.9028,1868200,24342800,5657894800,61820728000,2994.795,3024.3525,2984.8177,2990.5057
142449000,3008.8316,2328800,30347900,5660223600,61851075900,2994.795,3024.3525,2984.8177,2990.5057
142454000,3009.1908,2251300,29479600,5662474900,61880555500,2994.795,3024.3525,2984.8177,2990.5057
142459000,3008.9281,1666100,32992700,5664141000,61913548200,2994.795,3024.3525,2984.8177,2990.5057
142504000,3008.54,2370400,28703600,5666511400,61942251800,2994.795,3024.3525,2984.8177,2990.5057
142509000,3008.6948,1753200,21259400,5668264600,61963511200,2994.795,3024.3525,2984.8177,2990.5057
142514000,3008.7381,2309100,25563000,5670573700,61989074200,2994.795,3024.3525,2984.8177,2990.5057
142519000,3008.753,1975500,23101400,5672549200,62012175600,2994.795,3024.3525,2984.8177,2990.5057
142524000,3008.9271,2251100,26594000,5674800300,62038769600,2994.795,3024.3525,2984.8177,2990.5057
142529000,3008.6992,1233900,15135000,5676034200,62053904600,2994.795,3024.3525,2984.8177,2990.5057
142534000,3008.6459,2161300,33491500,5678195500,62087396100,2994.795,3024.3525,2984.8177,2990.5057
142539000,3008.7066,2621900,31308400,5680817400,62118704500,2994.795,3024.3525,2984.8177,2990.5057
142544000,3008.8769,2067000,25686300,5682884400,62144390800,2994.795,3024.3525,2984.8177,2990.5057
142549000,3009.3076,3616700,27111500,5686501100,62171502300,2994.795,3024.3525,2984.8177,2990.5057
142554000,3009.173,2359800,24481200,5688860900,62195983500,2994.795,3024.3525,2984.8177,2990.5057
142559000,3009.1675,1807100,18255000,5690668000,62214238500,2994.795,3024.3525,2984.8177,2990.5057
142604000,3009.2652,2420200,24513700,5693088200,62238752200,2994.795,3024.3525,2984.8177,2990.5057
142609000,3009.1972,1879900,18066900,5694968100,62256819100,2994.795,3024.3525,2984.8177,2990.5057
142614000,3009.1565,2296400,29368000,5697264500,62286187100,2994.795,3024.3525,2984.8177,2990.5057
142619000,3009.5026,2038100,28165600,5699302600,62314352700,2994.795,3024.3525,2984.8177,2990.5057
142624000,3009.653,2292800,26500000,5701595400,62340852700,2994.795,3024.3525,2984.8177,2990.5057
142629000,3009.0439,1309000,16694700,5702904400,62357547400,2994.795,3024.3525,2984.8177,2990.5057
142634000,3009.4717,2541400,22351900,5705445800,62379899300,2994.795,3024.3525,2984.8177,2990.5057
142639000,3009.0072,1782900,18078200,5707228700,62397977500,2994.795,3024.3525,2984.8177,2990.5057
142644000,3008.6134,2196500,23828800,5709425200,62421806300,2994.795,3024.3525,2984.8177,2990.5057
142649000,3009.1638,2068100,22357700,5711493300,62444164000,2994.795,3024.3525,2984.8177,2990.5057
142654000,3009.0571,1749400,23196900,5713242700,62467360900,2994.795,3024.3525,2984.8177,2990.5057
142659000,3009.4298,1352300,19007900,5714595000,62486368800,2994.795,3024.3525,2984.8177,2990.5057
142704000,3009.6192,1747200,24325900,5716342200,62510694700,2994.795,3024.3525,2984.8177,2990.5057
142709000,3009.253,2297900,24247500,5718640100,62534942200,2994.795,3024.3525,2984.8177,2990.5057
142714000,3009.1385,2583200,28244600,5721223300,62563186800,2994.795,3024.3525,2984.8177,2990.5057
142719000,3009.5936,2530300,23671600,5723753600,62586858400,2994.795,3024.3525,2984.8177,2990.5057
142724000,3009.0807,2505700,30183900,5726259300,62617042300,2994.795,3024.3525,2984.8177,2990.5057
142729000,3008.998,2089900,16338700,5728349200,62633381000,2994.795,3024.3525,2984.8177,2990.5057
142734000,3009.0545,3390000,27788200,5731739200,62661169200,2994.795,3024.3525,2984.8177,2990.5057
142739000,3009.2581,2371700,27806800,5734110900,62688976000,2994.795,3024.3525,2984.8177,2990.5057
142744000,3009.5628,1489100,17288100,5735600000,62706264100,2994.795,3024.3525,2984.8177,2990.5057
142749000,3009.3835,1770400,24310500,5737370400,62730574600,2994.795,3024.3525,2984.8177,2990.5057
142754000,3009.1697,2519600,29639100,5739890000,62760213700,2994.795,3024.3525,2984.8177,2990.5057
142759000,3009.386,2009900,20257600,5741899900,62780471300,2994.795,3024.3525,2984.8177,2990.5057
142804000,3009.6657,1932100,22998300,5743832000,62803469600,2994.795,3024.3525,2984.8177,2990.5057
142809000,3009.2694,1566500,19181200,5745398500,62822650800,2994.795,3024.3525,2984.8177,2990.5057
142814000,3009.5173,1882900,26444300,5747281400,62849095100,2994.795,3024.3525,2984.8177,2990.5057
142819000,3009.0548,1840100,28777700,5749121500,62877872800,2994.795,3024.3525,2984.8177,2990.5057
142824000,3008.9016,1992000,27841700,5751113500,62905714500,2994.795,3024.3525,2984.8177,2990.5057
142829000,3008.5275,1572800,22134900,5752686300,62927849400,2994.795,3024.3525,2984.8177,2990.5057
142834000,3008.5117,2230300,25257300,5754916600,62953106700,2994.795,3024.3525,2984.8177,2990.5057
142839000,3008.1796,1788400,22513800,5756705000,62975620500,2994.795,3024.3525,2984.8177,2990.5057
142844000,3008.0303,3318400,38045700,5760023400,63013666200,2994.795,3024.3525,2984.8177,2990.5057
142849000,3008.3262,1997900,24672200,5762021300,63038338400,2994.795,3024.3525,2984.8177,2990.5057
142854000,3008.3821,1993200,28425200,5764014500,63066763600,2994.795,3024.3525,2984.8177,2990.5057
142859000,3008.3664,1580100,25160700,5765594600,63091924300,2994.795,3024.3525,2984.8177,2990.5057
142904000,3008.2653,1457700,19028500,5767052300,63110952800,2994.795,3024.3525,2984.8177,2990.5057
142909000,3008.2784,2215900,29038500,5769268200,63139991300,2994.795,3024.3525,2984.8177,2990.5057
142914000,3008.4494,2246900,30411000,5771515100,63170402300,2994.795,3024.3525,2984.8177,2990.5057
142919000,3008.8262,1833700,20569400,5773348800,63190971700,2994.795,3024.3525,2984.8177,2990.5057
142924000,3008.6568,2425600,25622000,5775774400,63216593700,2994.795,3024.3525,2984.8177,2990.5057
142929000,3008.526,1091000,16731000,5776865400,63233324700,2994.795,3024.3525,2984.8177,2990.5057
142934000,3008.5136,1677900,19833100,5778543300,63253157800,2994.795,3024.3525,2984.8177,2990.5057
142939000,3007.9532,2895900,28002300,5781439200,63281160100,2994.795,3024.3525,2984.8177,2990.5057
142944000,3008.2242,2743700,32244600,5784182900,63313404700,2994.795,3024.3525,2984.8177,2990.5057
142949000,3008.2267,5175100,37308500,5789358000,63350713200,2994.795,3024.3525,2984.8177,2990.5057
142954000,3008.0249,2708800,36560300,5792066800,63387273500,2994.795,3024.3525,2984.8177,2990.5057
142959000,3007.588,2295600,28218100,5794362400,63415491600,2994.795,3024.3525,2984.8177,2990.5057
143004000,3007.5176,3485800,44647000,5797848200,63460138600,2994.795,3024.3525,2984.8177,2990.5057
143009000,3007.1893,2995100,30034500,5800843300,63490173100,2994.795,3024.3525,2984.8177,2990.5057
143014000,3007.3182,2248900,34059200,5803092200,63524232300,2994.795,3024.3525,2984.8177,2990.5057
143019000,3007.4658,1818200,27837900,5804910400,63552070200,2994.795,3024.3525,2984.8177,2990.5057
143024000,3007.5904,2220800,27859500,5807131200,63579929700,2994.795,3024.3525,2984.8177,2990.5057
143029000,3006.808,2507800,27369000,5809639000,63607298700,2994.795,3024.3525,2984.8177,2990.5057
143034000,3006.9172,2038400,21565300,5811677400,63628864000,2994.795,3024.3525,2984.8177,2990.5057
143039000,3006.7299,2794800,29222400,5814472200,63658086400,2994.795,3024.3525,2984.8177,2990.5057
143044000,3007.0812,2778800,32062600,5817251000,63690149000,2994.795,3024.3525,2984.8177,2990.5057
143049000,3007.6219,2851100,34315900,5820102100,63724464900,2994.795,3024.3525,2984.8177,2990.5057
143054000,3007.4126,2425800,33582900,5822527900,63758047800,2994.795,3024.3525,2984.8177,2990.5057
143059000,3007.4321,1743100,18738500,5824271000,63776786300,2994.795,3024.3525,2984.8177,2990.5057
143104000,3007.4833,2621900,30226600,5826892900,63807012900,2994.795,3024.3525,2984.8177,2990.5057
143109000,3007.0959,1709900,18814100,5828602800,63825827000,2994.795,3024.3525,2984.8177,2990.5057
143114000,3007.2089,2927100,30664200,5831529900,63856491200,2994.795,3024.3525,2984.8177,2990.5057
143119000,3007.3136,4257600,41933200,5835787500,63898424400,2994.795,3024.3525,2984.8177,2990.5057
143124000,3007.4492,2187000,25680900,5837974500,63924105300,2994.795,3024.3525,2984.8177,2990.5057
143129000,3007.7165,1442900,16739400,5839417400,63940844700,2994.795,3024.3525,2984.8177,2990.5057
143134000,3007.6055,2472800,25429500,5841890200,63966274200,2994.795,3024.3525,2984.8177,2990.5057
143139000,3007.1733,1748400,24581300,5843638600,63990855500,2994.795,3024.3525,2984.8177,2990.5057
143144000,3007.407,1810000,21776100,5845448600,64012631600,2994.795,3024.3525,2984.8177,2990.5057
143149000,3007.5915,1786600,28854400,5847235200,64041486000,2994.795,3024.3525,2984.8177,2990.5057
143154000,3007.5939,2408600,28026000,5849643800,64069512000,2994.795,3024.3525,2984.8177,2990.5057
143159000,3007.5551,1842600,18071300,5851486400,64087583300,2994.795,3024.3525,2984.8177,2990.5057
143204000,3007.7748,2375600,25496200,5853862000,64113079500,2994.795,3024.3525,2984.8177,2990.5057
143209000,3007.5057,2654600,23647300,5856516600,64136726800,2994.795,3024.3525,2984.8177,2990.5057
143214000,3007.7516,2292800,26491400,5858809400,64163218200,2994.795,3024.3525,2984.8177,2990.5057
143219000,3008.0623,1860000,22009900,5860669400,64185228100,2994.795,3024.3525,2984.8177,2990.5057
143224000,3007.974,3136200,33255800,5863805600,64218483900,2994.795,3024.3525,2984.8177,2990.5057
143229000,3007.8928,2164900,21312400,5865970500,64239796300,2994.795,3024.3525,2984.8177,2990.5057
143234000,3007.7469,1485700,21981100,5867456200,64261777400,2994.795,3024.3525,2984.8177,2990.5057
143239000,3007.4157,2063100,25484000,5869519300,64287261400,2994.795,3024.3525,2984.8177,2990.5057
143244000,3007.6596,1949600,24138300,5871468900,64311399700,2994.795,3024.3525,2984.8177,2990.5057
143249000,3008.0608,2340400,29645100,5873809300,64341044800,2994.795,3024.3525,2984.8177,2990.5057
143254000,3007.81,2719900,37216500,5876529200,64378261300,2994.795,3024.3525,2984.8177,2990.5057
143259000,3007.7094,3638300,45207300,5880167500,64423468600,2994.795,3024.3525,2984.8177,2990.5057
143304000,3007.8201,2761700,33541000,5882929200,64457009600,2994.795,3024.3525,2984.8177,2990.5057
143309000,3007.3304,2453400,28846600,5885382600,64485856200,2994.795,3024.3525,2984.8177,2990.5057
143314000,3007.7751,2532200,26193900,5887914800,64512050100,2994.795,3024.3525,2984.8177,2990.5057
143319000,3008.0993,2071300,32084100,5889986100,64544134200,2994.795,3024.3525,2984.8177,2990.5057
143324000,3008.4906,1932300,26137300,5891918400,64570271500,2994.795,3024.3525,2984.8177,2990.5057
143329000,3008.2155,1563700,18895600,5893482100,64589167100,2994.795,3024.3525,2984.8177,2990.5057
143334000,3008.3884,1830300,22872400,5895312400,64612039500,2994.795,3024.3525,2984.8177,2990.5057
143339000,3008.1467,2610300,39859400,5897922700,64651898900,2994.795,3024.3525,2984.8177,2990.5057
143344000,3008.1438,2321500,22564500,5900244200,64674463400,2994.795,3024.3525,2984.8177,2990.5057
143349000,3008.878,2169200,26230700,5902413400,64700694100,2994.795,3024.3525,2984.8177,2990.5057
143354000,3009.1278,3171200,34526200,5905584600,64735220300,2994.795,3024.3525,2984.8177,2990.5057
143359000,3008.795,2330800,21658200,5907915400,64756878500,2994.795,3024.3525,2984.8177,2990.5057
143404000,3008.859,2365900,25715400,5910281300,64782593900,2994.795,3024.3525,2984.8177,2990.5057
143409000,3008.7162,3000600,30015400,5913281900,64812609300,2994.795,3024.3525,2984.8177,2990.5057
143414000,3008.9501,2357600,31309700,5915639500,64843919000,2994.795,3024.3525,2984.8177,2990.5057
143419000,3008.9094,2310600,29355100,5917950100,64873274100,2994.795,3024.3525,2984.8177,2990.5057
143424000,3008.9638,2636900,27775100,5920587000,64901049200,2994.795,3024.3525,2984.8177,2990.5057
143429000,3008.7623,1652900,20170900,5922239900,64921220100,2994.795,3024.3525,2984.8177,2990.5057
143434000,3008.6825,1858300,20841200,5924098200,64942061300,2994.795,3024.3525,2984.8177,2990.5057
143439000,3008.5609,2011000,21920900,5926109200,64963982200,2994.795,3024.3525,2984.8177,2990.5057
143444000,3009.3278,2968000,30713600,5929077200,64994695800,2994.795,3024.3525,2984.8177,2990.5057
143449000,3009.4054,2253500,23108000,5931330700,65017803800,2994.795,3024.3525,2984.8177,2990.5057
143454000,3009.3654,2792900,28079700,5934123600,65045883500,2994.795,3024.3525,2984.8177,2990.5057
143459000,3009.6591,1858200,19599200,5935981800,65065482700,2994.795,3024.3525,2984.8177,2990.5057
143504000,3009.5418,3149100,40606600,5939130900,65106089300,2994.795,3024.3525,2984.8177,2990.5057
143509000,3009.542,2418100,29970900,5941549000,65136060200,2994.795,3024.3525,2984.8177,2990.5057
143514000,3009.3898,2649600,27291200,5944198600,65163351400,2994.795,3024.3525,2984.8177,2990.5057
143519000,3009.9226,3815400,39850200,5948014000,65203201600,2994.795,3024.3525,2984.8177,2990.5057
143524000,3010.2861,4449400,45432800,5952463400,65248634400,2994.795,3024.3525,2984.8177,2990.5057
143529000,3010.6552,2209600,28309100,5954673000,65276943500,2994.795,3024.3525,2984.8177,2990.5057
143534000,3010.7493,3038100,36260800,5957711100,65313204300,2994.795,3024.3525,2984.8177,2990.5057
143539000,3011.0821,2959600,31531600,5960670700,65344735900,2994.795,3024.3525,2984.8177,2990.5057
143544000,3011.7062,4818100,42883300,5965488800,65387619200,2994.795,3024.3525,2984.8177,2990.5057
143549000,3011.76,3624600,62503200,5969113400,65450122400,2994.795,3024.3525,2984.8177,2990.5057
143554000,3011.8018,4238200,45036800,5973351600,65495159200,2994.795,3024.3525,2984.8177,2990.5057
143559000,3011.7293,2433100,27233800,5975784700,65522393000,2994.795,3024.3525,2984.8177,2990.5057
143604000,3012.1811,3673300,38381100,5979458000,65560774100,2994.795,3024.3525,2984.8177,2990.5057
143609000,3011.9861,3006200,29599500,5982464200,65590373600,2994.795,3024.3525,2984.8177,2990.5057
143614000,3012.0828,3242900,34398400,5985707100,65624772000,2994.795,3024.3525,2984.8177,2990.5057
143619000,3012.1269,3203700,36873400,5988910800,65661645400,2994.795,3024.3525,2984.8177,2990.5057
143624000,3012.3103,3495700,39781800,5992406500,65701427200,2994.795,3024.3525,2984.8177,2990.5057
143629000,3011.8785,2466900,22912900,5994873400,65724340100,2994.795,3024.3525,2984.8177,2990.5057
143634000,3012.0889,2640900,27374400,5997514300,65751714500,2994.795,3024.3525,2984.8177,2990.5057
143639000,3012.0631,2943000,30917500,6000457300,65782632000,2994.795,3024.3525,2984.8177,2990.5057
143644000,3011.9009,2383200,33256200,6002840500,65815888200,2994.795,3024.3525,2984.8177,2990.5057
143649000,3012.4837,2391500,34555300,6005232000,65850443500,2994.795,3024.3525,2984.8177,2990.5057
143654000,3011.9742,2336400,27632600,6007568400,65878076100,2994.795,3024.3525,2984.8177,2990.5057
143659000,3012.3662,2071100,21824200,6009639500,65899900300,2994.795,3024.3525,2984.8177,2990.5057
143704000,3012.6636,2666300,31569400,6012305800,65931469700,2994.795,3024.3525,2984.8177,2990.5057
143709000,3012.2969,1353300,19723200,6013659100,65951192900,2994.795,3024.3525,2984.8177,2990.5057
143714000,3011.7854,2583800,33165400,6016242900,65984358300,2994.795,3024.3525,2984.8177,2990.5057
143719000,3012.0504,2095000,32043400,6018337900,66016401700,2994.795,3024.3525,2984.8177,2990.5057
143724000,3012.2046,2464600,27645200,6020802500,66044046900,2994.795,3024.3525,2984.8177,2990.5057
143729000,3011.8329,2209300,21886500,6023011800,66065933400,2994.795,3024.3525,2984.8177,2990.5057
143734000,3011.8188,3254900,34001800,6026266700,66099935200,2994.795,3024.3525,2984.8177,2990.5057
143739000,3011.9383,1958600,22278200,6028225300,66122213400,2994.795,3024.3525,2984.8177,2990.5057
143744000,3011.6559,2041000,26381200,6030266300,66148594600,2994.795,3024.3525,2984.8177,2990.5057
143749000,3011.5849,2096200,27532300,6032362500,66176126900,2994.795,3024.3525,2984.8177,2990.5057
143754000,3011.5476,4191300,38377900,6036553800,66214504800,2994.795,3024.3525,2984.8177,2990.5057
143759000,3011.7307,3296700,26477700,6039850500,66240982500,2994.795,3024.3525,2984.8177,2990.5057
143804000,3011.5806,2256300,31753500,6042106800,66272736000,2994.795,3024.3525,2984.8177,2990.5057
143809000,3011.1703,2897200,28927800,6045004000,66301663800,2994.795,3024.3525,2984.8177,2990.5057
143814000,3010.9303,2530300,29580100,6047534300,66331243900,2994.795,3024.3525,2984.8177,2990.5057
143819000,3011.0747,2642700,38705000,6050177000,66369948900,2994.795,3024.3525,2984.8177,2990.5057
143824000,3010.8367,4774900,43742200,6054951900,66413691100,2994.795,3024.3525,2984.8177,2990.5057
143829000,3010.5246,2365800,25864000,6057317700,66439555100,2994.795,3024.3525,2984.8177,2990.5057
143834000,3010.1981,3417800,40624800,6060735500,66480179900,2994.795,3024.3525,2984.8177,2990.5057
143839000,3010.0311,2395100,25267400,6063130600,66505447300,2994.795,3024.3525,2984.8177,2990.5057
143844000,3010.2928,2542700,34086600,6065673300,66539533900,2994.795,3024.3525,2984.8177,2990.5057
143849000,3009.765,1912700,22817200,6067586000,66562351100,2994.795,3024.3525,2984.8177,2990.5057
143854000,3010.1895,3297500,42117600,6070883500,66604468700,2994.795,3024.3525,2984.8177,2990.5057
143859000,3010.322,1588500,22342700,6072472000,66626811400,2994.795,3024.3525,2984.8177,2990.5057
143904000,3010.0732,2342900,36910100,6074814900,66663721500,2994.795,3024.3525,2984.8177,2990.5057
143909000,3009.658,3163200,29125200,6077978100,66692846700,2994.795,3024.3525,2984.8177,2990.5057
143914000,3010.115,2439000,30388400,6080417100,66723235100,2994.795,3024.3525,2984.8177,2990.5057
143919000,3009.2429,2348800,26809000,6082765900,66750044100,2994.795,3024.3525,2984.8177,2990.5057
143924000,3009.8592,2862400,29134300,6085628300,66779178400,2994.795,3024.3525,2984.8177,2990.5057
143929000,3009.7954,1853000,21090500,6087481300,66800268900,2994.795,3024.3525,2984.8177,2990.5057
143934000,3009.534,2967800,32460100,6090449100,66832729000,2994.795,3024.3525,2984.8177,2990.5057
143939000,3009.8556,2276000,26843200,6092725100,66859572200,2994.795,3024.3525,2984.8177,2990.5057
143944000,3009.6124,1970200,26550900,6094695300,66886123100,2994.795,3024.3525,2984.8177,2990.5057
143949000,3009.4164,2726100,32775200,6097421400,66918898300,2994.795,3024.3525,2984.8177,2990.5057
143954000,3009.5593,3049300,34434000,6100470700,66953332300,2994.795,3024.3525,2984.8177,2990.5057
143959000,3009.0959,2509900,36644100,6102980600,66989976400,2994.795,3024.3525,2984.8177,2990.5057
144004000,3008.5712,5079900,50855800,6108060500,67040832200,2994.795,3024.3525,2984.8177,2990.5057
144009000,3008.2504,3021100,35022000,6111081600,67075854200,2994.795,3024.3525,2984.8177,2990.5057
144014000,3008.6639,2905700,33334600,6113987300,67109188800,2994.795,3024.3525,2984.8177,2990.5057
144019000,3008.7811,2512600,34739300,6116499900,67143928100,2994.795,3024.3525,2984.8177,2990.5057
144024000,3009.2566,2588300,40981000,6119088200,67184909100,2994.795,3024.3525,2984.8177,2990.5057
144029000,3008.8894,1594600,19435900,6120682800,67204345000,2994.795,3024.3525,2984.8177,2990.5057
144034000,3008.9404,2202200,28179000,6122885000,67232524000,2994.795,3024.3525,2984.8177,2990.5057
144039000,3008.9873,1702500,29140400,6124587500,67261664400,2994.795,3024.3525,2984.8177,2990.5057
144044000,3008.478,2985000,31061200,6127572500,67292725600,2994.795,3024.3525,2984.8177,2990.5057
144049000,3008.7023,2461600,33465300,6130034100,67326190900,2994.795,3024.3525,2984.8177,2990.5057
144054000,3008.9681,2947900,36942700,6132982000,67363133600,2994.795,3024.3525,2984.8177,2990.5057
144059000,3008.7778,1382900,22709800,6134364900,67385843400,2994.795,3024.3525,2984.8177,2990.5057
144104000,3009.3199,3267100,32118100,6137632000,67417961500,2994.795,3024.3525,2984.8177,2990.5057
144109000,3008.8426,2320200,26347700,6139952200,67444309200,2994.795,3024.3525,2984.8177,2990.5057
144114000,3008.9384,1933400,33202200,6141885600,67477511400,2994.795,3024.3525,2984.8177,2990.5057
144119000,3008.8001,2148500,31606200,6144034100,67509117600,2994.795,3024.3525,2984.8177,2990.5057
144124000,3008.8995,2613500,30000100,6146647600,67539117700,2994.795,3024.3525,2984.8177,2990.5057
144129000,3009.2731,2161900,24104100,6148809500,67563221800,2994.795,3024.3525,2984.8177,2990.5057
144134000,3009.311,2493700,30710100,6151303200,67593931900,2994.795,3024.3525,2984.8177,2990.5057
144139000,3008.9148,2219300,28072400,6153522500,67622004300,2994.795,3024.3525,2984.8177,2990.5057
144144000,3008.9542,2147300,30714600,6155669800,67652718900,2994.795,3024.3525,2984.8177,2990.5057
144149000,3008.7389,3051300,32191800,6158721100,67684910700,2994.795,3024.3525,2984.8177,2990.5057
144154000,3008.8366,2939200,34942400,6161660300,67719853100,2994.795,3024.3525,2984.8177,2990.5057
144159000,3009.0325,2563500,26737400,6164223800,67746590500,2994.795,3024.3525,2984.8177,2990.5057
144204000,3008.464,2771400,34886600,6166995200,67781477100,2994.795,3024.3525,2984.8177,2990.5057
144209000,3008.8429,2659400,28478600,6169654600,67809955700,2994.795,3024.3525,2984.8177,2990.5057
144214000,3009.2057,3147300,35806000,6172801900,67845761700,2994.795,3024.3525,2984.8177,2990.5057
144219000,3008.8063,2657800,33396200,6175459700,67879157900,2994.795,3024.3525,2984.8177,2990.5057
144224000,3008.9194,4967900,47111600,6180427600,67926269500,2994.795,3024.3525,2984.8177,2990.5057
144229000,3008.5661,2608700,26876400,6183036300,67953145900,2994.795,3024.3525,2984.8177,2990.5057
144234000,3008.4847,2606500,31476700,6185642800,67984622600,2994.795,3024.3525,2984.8177,2990.5057
144239000,3008.2883,2318600,26578900,6187961400,68011201500,2994.795,3024.3525,2984.8177,2990.5057
144244000,3008.5034,3678300,40902100,6191639700,68052103600,2994.795,3024.3525,2984.8177,2990.5057
144249000,3008.1253,2507100,28031700,6194146800,68080135300,2994.795,3024.3525,2984.8177,2990.5057
144254000,3008.1998,3908100,45404000,6198054900,68125539300,2994.795,3024.3525,2984.8177,2990.5057
144259000,3007.9437,3446000,32360800,6201500900,68157900100,2994.795,3024.3525,2984.8177,2990.5057
144304000,3007.5452,4446200,44440900,6205947100,68202341000,2994.795,3024.3525,2984.8177,2990.5057
144309000,3007.1693,4179600,46233100,6210126700,68248574100,2994.795,3024.3525,2984.8177,2990.5057
144314000,3006.9716,4075800,48767600,6214202500,68297341700,2994.795,3024.3525,2984.8177,2990.5057
144319000,3006.8256,3710600,44903800,6217913100,68342245500,2994.795,3024.3525,2984.8177,2990.5057
144324000,3006.0175,4541200,65983000,6222454300,68408228500,2994.795,3024.3525,2984.8177,2990.5057
144329000,3005.7281,4264300,48402800,6226718600,68456631300,2994.795,3024.3525,2984.8177,2990.5057
144334000,3005.7302,4012700,43085900,6230731300,68499717200,2994.795,3024.3525,2984.8177,2990.5057
144339000,3005.8799,3736100,49828100,6234467400,68549545300,2994.795,3024.3525,2984.8177,2990.5057
144344000,3005.9171,3737900,46042800,6238205300,68595588100,2994.795,3024.3525,2984.8177,2990.5057
144349000,3005.6417,3814400,43522700,6242019700,68639110800,2994.795,3024.3525,2984.8177,2990.5057
144354000,3005.4659,4802800,79199300,6246822500,68718310100,2994.795,3024.3525,2984.8177,2990.5057
144359000,3005.4469,2944900,38155100,6249767400,68756465200,2994.795,3024.3525,2984.8177,2990.5057
144404000,3005.304,4394400,48936600,6254161800,68805401800,2994.795,3024.3525,2984.8177,2990.5057
144409000,3005.1632,2735100,31802800,6256896900,68837204600,2994.795,3024.3525,2984.8177,2990.5057
144414000,3005.508,3335300,39515900,6260232200,68876720500,2994.795,3024.3525,2984.8177,2990.5057
144419000,3005.4114,3969400,41666200,6264201600,68918386700,2994.795,3024.3525,2984.8177,2990.5057
144424000,3005.9944,3036900,42755000,6267238500,68961141700,2994.795,3024.3525,2984.8177,2990.5057
144429000,3005.3203,1583000,20600700,6268821500,68981742400,2994.795,3024.3525,2984.8177,2990.5057
144434000,3005.199,2784600,40955500,6271606100,69022697900,2994.795,3024.3525,2984.8177,2990.5057
144439000,3005.1874,2383800,29773200,6273989900,69052471100,2994.795,3024.3525,2984.8177,2990.5057
144444000,3005.6125,3270900,42902100,6277260800,69095373200,2994.795,3024.3525,2984.8177,2990.5057
144449000,3005.0672,3422700,40309200,6280683500,69135682400,2994.795,3024.3525,2984.8177,2990.5057
144454000,3005.3201,4409900,56139700,6285093400,69191822100,2994.795,3024.3525,2984.8177,2990.5057
144459000,3005.9578,4288900,41994400,6289382300,69233816500,2994.795,3024.3525,2984.8177,2990.5057
144504000,3005.6234,4001600,49997200,6293383900,69283813700,2994.795,3024.3525,2984.8177,2990.5057
144509000,3005.6281,2901100,34312000,6296285000,69318125700,2994.795,3024.3525,2984.8177,2990.5057
144514000,3005.8521,3200800,37134200,6299485800,69355259900,2994.795,3024.3525,2984.8177,2990.5057
144519000,3005.8879,3464400,43186000,6302950200,69398445900,2994.795,3024.3525,2984.8177,2990.5057
144524000,3005.6544,3616300,45896100,6306566500,69444342000,2994.795,3024.3525,2984.8177,2990.5057
144529000,3005.6604,2554500,29237700,6309121000,69473579700,2994.795,3024.3525,2984.8177,2990.5057
144534000,3004.9708,3430200,46222100,6312551200,69519801800,2994.795,3024.3525,2984.8177,2990.5057
144539000,3004.4809,2499600,34559200,6315050800,69554361000,2994.795,3024.3525,2984.8177,2990.5057
144544000,3004.0412,4198100,43755300,6319248900,69598116300,2994.795,3024.3525,2984.8177,2990.5057
144549000,3003.5305,3620700,50578000,6322869600,69648694300,2994.795,3024.3525,2984.8177,2990.5057
144554000,3003.6109,6189600,71202000,6329059200,69719896300,2994.795,3024.3525,2984.8177,2990.5057
144559000,3003.4299,4226400,44363400,6333285600,69764259700,2994.795,3024.3525,2984.8177,2990.5057
144604000,3003.5448,5120000,45296600,6338405600,69809556300,2994.795,3024.3525,2984.8177,2990.5057
144609000,3002.6995,4162700,44911900,6342568300,69854468200,2994.795,3024.3525,2984.8177,2990.5057
144614000,3003.2596,3629000,38587100,6346197300,69893055300,2994.795,3024.3525,2984.8177,2990.5057
144619000,3002.6432,2982600,36439600,6349179900,69929494900,2994.795,3024.3525,2984.8177,2990.5057
144624000,3002.8833,3679400,43124600,6352859300,69972619500,2994.795,3024.3525,2984.8177,2990.5057
144629000,3003.3621,2872200,35652400,6355731500,70008271900,2994.795,3024.3525,2984.8177,2990.5057
144634000,3002.9762,3649100,44823600,6359380600,70053095500,2994.795,3024.3525,2984.8177,2990.5057
144639000,3003.1401,3538100,34934400,6362918700,70088029900,2994.795,3024.3525,2984.8177,2990.5057
144644000,3003.5137,2673700,48302500,6365592400,70136332400,2994.795,3024.3525,2984.8177,2990.5057
144649000,3003.1695,3167100,36608300,6368759500,70172940700,2994.795,3024.3525,2984.8177,2990.5057
144654000,3003.5148,3461600,40314400,6372221100,70213255100,2994.795,3024.3525,2984.8177,2990.5057
144659000,3002.686,2862400,34029600,6375083500,70247284700,2994.795,3024.3525,2984.8177,2990.5057
144704000,3002.5707,2560000,33242200,6377643500,70280526900,2994.795,3024.3525,2984.8177,2990.5057
144709000,3002.925,3019100,32902400,6380662600,70313429300,2994.795,3024.3525,2984.8177,2990.5057
144714000,3002.3836,3523600,39447900,6384186200,70352877200,2994.795,3024.3525,2984.8177,2990.5057
144719000,3002.7187,4696600,46224500,6388882800,70399101700,2994.795,3024.3525,2984.8177,2990.5057
144724000,3003.0237,4337300,41852700,6393220100,70440954400,2994.795,3024.3525,2984.8177,2990.5057
144729000,3001.9389,2893900,26984800,6396114000,70467939200,2994.795,3024.3525,2984.8177,2990.5057
144734000,3002.6104,3785400,41132700,6399899400,70509071900,2994.795,3024.3525,2984.8177,2990.5057
144739000,3002.8455,2501700,30597500,6402401100,70539669400,2994.795,3024.3525,2984.8177,2990.5057
144744000,3003.0041,3170100,34716500,6405571200,70574385900,2994.795,3024.3525,2984.8177,2990.5057
144749000,3002.7716,4035500,40902000,6409606700,70615287900,2994.795,3024.3525,2984.8177,2990.5057
144754000,3003.0713,4377200,53054200,6413983900,70668342100,2994.795,3024.3525,2984.8177,2990.5057
144759000,3002.9863,2598300,29437400,6416582200,70697779500,2994.795,3024.3525,2984.8177,2990.5057
144804000,3002.7468,5432800,54532800,6422015000,70752312300,2994.795,3024.3525,2984.8177,2990.5057
144809000,3002.917,3410300,43067900,6425425300,70795380200,2994.795,3024.3525,2984.8177,2990.5057
144814000,3003.0079,3044200,37865900,6428469500,70833246100,2994.795,3024.3525,2984.8177,2990.5057
144819000,3002.9064,3285200,34551900,6431754700,70867798000,2994.795,3024.3525,2984.8177,2990.5057
144824000,3003.4274,3501200,36854500,6435255900,70904652500,2994.795,3024.3525,2984.8177,2990.5057
144829000,3003.0948,3006800,43426600,6438262700,70948079100,2994.795,3024.3525,2984.8177,2990.5057
144834000,3003.2666,3881700,48311700,6442144400,70996390800,2994.795,3024.3525,2984.8177,2990.5057
144839000,3003.5626,3777800,43782800,6445922200,71040173600,2994.795,3024.3525,2984.8177,2990.5057
144844000,3003.2503,2763700,31818500,6448685900,71071992100,2994.795,3024.3525,2984.8177,2990.5057
144849000,3003.5837,3622200,44931000,6452308100,71116923100,2994.795,3024.3525,2984.8177,2990.5057
144854000,3003.7572,3469900,40319300,6455778000,71157242400,2994.795,3024.3525,2984.8177,2990.5057
144859000,3003.2661,2970600,31330200,6458748600,71188572600,2994.795,3024.3525,2984.8177,2990.5057
144904000,3003.8391,3271400,30376200,6462020000,71218948800,2994.795,3024.3525,2984.8177,2990.5057
144909000,3003.3704,4247200,38899100,6466267200,71257847900,2994.795,3024.3525,2984.8177,2990.5057
144914000,3003.4681,2826300,36600700,6469093500,71294448600,2994.795,3024.3525,2984.8177,2990.5057
144919000,3003.8093,3542300,35484200,6472635800,71329932800,2994.795,3024.3525,2984.8177,2990.5057
144924000,3003.4093,3961100,41049800,6476596900,71370982600,2994.795,3024.3525,2984.8177,2990.5057
144929000,3003.2745,3367600,32457500,6479964500,71403440100,2994.795,3024.3525,2984.8177,2990.5057
144934000,3002.909,5139700,51713500,6485104200,71455153600,2994.795,3024.3525,2984.8177,2990.5057
144939000,3002.8191,3116500,36562100,6488220700,71491715700,2994.795,3024.3525,2984.8177,2990.5057
144944000,3002.9637,3348800,41430900,6491569500,71533146600,2994.795,3024.3525,2984.8177,2990.5057
144949000,3002.1809,3856200,41176700,6495425700,71574323300,2994.795,3024.3525,2984.8177,2990.5057
144954000,3002.0964,4441800,52144900,6499867500,71626468200,2994.795,3024.3525,2984.8177,2990.5057
144959000,3001.8718,4135300,51055200,6504002800,71677523400,2994.795,3024.3525,2984.8177,2990.5057
145004000,3002.5459,6369600,57386000,6510372400,71734909400,2994.795,3024.3525,2984.8177,2990.5057
145009000,3001.9834,5129000,53355900,6515501400,71788265300,2994.795,3024.3525,2984.8177,2990.5057
145014000,3002.3568,5293100,50061500,6520794500,71838326800,2994.795,3024.3525,2984.8177,2990.5057
145019000,3002.5597,3461800,40414400,6524256300,71878741200,2994.795,3024.3525,2984.8177,2990.5057
145024000,3002.988,6724400,62136800,6530980700,71940878000,2994.795,3024.3525,2984.8177,2990.5057
145029000,3004.0113,3274500,38562300,6534255200,71979440300,2994.795,3024.3525,2984.8177,2990.5057
145034000,3003.2513,6061600,55438300,6540316800,72034878600,2994.795,3024.3525,2984.8177,2990.5057
145039000,3003.2855,3538100,39655100,6543854900,72074533700,2994.795,3024.3525,2984.8177,2990.5057
145044000,3003.945,4703200,50183700,6548558100,72124717400,2994.795,3024.3525,2984.8177,2990.5057
145049000,3003.5964,4866100,56617100,6553424200,72181334500,2994.795,3024.3525,2984.8177,2990.5057
145054000,3004.3186,5075600,53839400,6558499800,72235173900,2994.795,3024.3525,2984.8177,2990.5057
145059000,3004.5017,2882500,32933000,6561382300,72268106900,2994.795,3024.3525,2984.8177,2990.5057
145104000,3004.7379,4781000,60778000,6566163300,72328884900,2994.795,3024.3525,2984.8177,2990.5057
145109000,3004.3401,3953800,43955400,6570117100,72372840300,2994.795,3024.3525,2984.8177,2990.5057
145114000,3004.8734,3596200,41524000,6573713300,72414364300,2994.795,3024.3525,2984.8177,2990.5057
145119000,3005.128,4508200,52051900,6578221500,72466416200,2994.795,3024.3525,2984.8177,2990.5057
145124000,3005.3551,4662100,54006600,6582883600,72520422800,2994.795,3024.3525,2984.8177,2990.5057
145129000,3005.9896,4630700,52248900,6587514300,72572671700,2994.795,3024.3525,2984.8177,2990.5057
145134000,3005.7108,4713200,51810100,6592227500,72624481800,2994.795,3024.3525,2984.8177,2990.5057
145139000,3005.9484,4464200,43162900,6596691700,72667644700,2994.795,3024.3525,2984.8177,2990.5057
145144000,3006.104,4725000,41161200,6601416700,72708805900,2994.795,3024.3525,2984.8177,2990.5057
145149000,3006.0765,4838700,47541300,6606255400,72756347200,2994.795,3024.3525,2984.8177,2990.5057
145154000,3006.5492,4978800,66124000,6611234200,72822471200,2994.795,3024.3525,2984.8177,2990.5057
145159000,3006.7446,2284200,25348300,6613518400,72847819500,2994.795,3024.3525,2984.8177,2990.5057
145204000,3007.1172,5185700,54735600,6618704100,72902555100,2994.795,3024.3525,2984.8177,2990.5057
145209000,3006.6381,3186600,38590300,6621890700,72941145400,2994.795,3024.3525,2984.8177,2990.5057
145214000,3007.0363,2995100,33308400,6624885800,72974453800,2994.795,3024.3525,2984.8177,2990.5057
145219000,3007.2067,3586100,48191400,6628471900,73022645200,2994.795,3024.3525,2984.8177,2990.5057
145224000,3007.3948,5505900,55475900,6633977800,73078121100,2994.795,3024.3525,2984.8177,2990.5057
145229000,3007.2014,3129400,34338300,6637107200,73112459400,2994.795,3024.3525,2984.8177,2990.5057
145234000,3007.147,4406600,44931700,6641513800,73157391100,2994.795,3024.3525,2984.8177,2990.5057
145239000,3007.1086,4273100,39306200,6645786900,73196697300,2994.795,3024.3525,2984.8177,2990.5057
145244000,3007.2683,3857900,43945300,6649644800,73240642600,2994.795,3024.3525,2984.8177,2990.5057
145249000,3007.5935,3792900,40719300,6653437700,73281361900,2994.795,3024.3525,2984.8177,2990.5057
145254000,3006.9792,5604700,53147600,6659042400,73334509500,2994.795,3024.3525,2984.8177,2990.5057
145259000,3007.4479,2960800,35262500,6662003200,73369772000,2994.795,3024.3525,2984.8177,2990.5057
145304000,3007.8944,5748800,53261900,6667752000,73423033900,2994.795,3024.3525,2984.8177,2990.5057
145309000,3007.5793,3421800,39025000,6671173800,73462058900,2994.795,3024.3525,2984.8177,2990.5057
145314000,3007.185,4813000,45213900,6675986800,73507272800,2994.795,3024.3525,2984.8177,2990.5057
145319000,3007.847,4330500,53778400,6680317300,73561051200,2994.795,3024.3525,2984.8177,2990.5057
145324000,3007.8487,6161600,60941100,6686478900,73621992300,2994.795,3024.3525,2984.8177,2990.5057
145329000,3007.8987,2600900,31123400,6689079800,73653115700,2994.795,3024.3525,2984.8177,2990.5057
145334000,3007.7955,5436700,50295200,6694516500,73703410900,2994.795,3024.3525,2984.8177,2990.5057
145339000,3007.9486,4082400,45802700,6698598900,73749213600,2994.795,3024.3525,2984.8177,2990.5057
145344000,3008.0363,4841000,45695400,6703439900,73794909000,2994.795,3024.3525,2984.8177,2990.5057
145349000,3007.8385,5290700,58534700,6708730600,73853443700,2994.795,3024.3525,2984.8177,2990.5057
145354000,3007.9441,4577600,48781400,6713308200,73902225100,2994.795,3024.3525,2984.8177,2990.5057
145359000,3008.2242,4596100,44281400,6717904300,73946506500,2994.795,3024.3525,2984.8177,2990.5057
145404000,3007.7293,5197300,57697400,6723101600,74004203900,2994.795,3024.3525,2984.8177,2990.5057
145409000,3007.2078,6005500,59923900,6729107100,74064127800,2994.795,3024.3525,2984.8177,2990.5057
145414000,3006.9817,5141100,67903300,6734248200,74132031100,2994.795,3024.3525,2984.8177,2990.5057
145419000,3006.2553,6169000,72384100,6740417200,74204415200,2994.795,3024.3525,2984.8177,2990.5057
145424000,3006.8755,6249900,66636100,6746667100,74271051300,2994.795,3024.3525,2984.8177,2990.5057
145429000,3006.9174,4105100,48286600,6750772200,74319337900,2994.795,3024.3525,2984.8177,2990.5057
145434000,3006.5341,5671000,59716100,6756443200,74379054000,2994.795,3024.3525,2984.8177,2990.5057
145439000,3006.3362,4426900,42183800,6760870100,74421237800,2994.795,3024.3525,2984.8177,2990.5057
145444000,3006.4739,6252800,62621900,6767122900,74483859700,2994.795,3024.3525,2984.8177,2990.5057
145449000,3006.4467,4713900,52489300,6771836800,74536349000,2994.795,3024.3525,2984.8177,2990.5057
145454000,3006.4935,5142700,57087700,6776979500,74593436700,2994.795,3024.3525,2984.8177,2990.5057
145459000,3006.5274,2646300,29206400,6779625800,74622643100,2994.795,3024.3525,2984.8177,2990.5057
145504000,3006.6777,7756600,81778800,6787382400,74704421900,2994.795,3024.3525,2984.8177,2990.5057
145509000,3006.9607,5355500,53002500,6792737900,74757424400,2994.795,3024.3525,2984.8177,2990.5057
145514000,3006.787,5169500,55625600,6797907400,74813050000,2994.795,3024.3525,2984.8177,2990.5057
145519000,3007.0769,4665400,58464200,6802572800,74871514200,2994.795,3024.3525,2984.8177,2990.5057
145524000,3008.3845,7336800,67020500,6809909600,74938534700,2994.795,3024.3525,2984.8177,2990.5057
145529000,3008.1465,4935800,50432900,6814845400,74988967600,2994.795,3024.3525,2984.8177,2990.5057
145534000,3008.1187,10031300,92739800,6824876700,75081707400,2994.795,3024.3525,2984.8177,2990.5057
145539000,3008.3435,5816200,69038400,6830692900,75150745800,2994.795,3024.3525,2984.8177,2990.5057
145544000,3008.2309,5059200,85169400,6835752100,75235915200,2994.795,3024.3525,2984.8177,2990.5057
145549000,3008.2863,9047100,85738000,6844799200,75321653200,2994.795,3024.3525,2984.8177,2990.5057
145554000,3008.1919,9467300,80927900,6854266500,75402581100,2994.795,3024.3525,2984.8177,2990.5057
145559000,3008.7065,5977300,70112600,6860243800,75472693700,2994.795,3024.3525,2984.8177,2990.5057
145604000,3008.8968,8175500,89839700,6868419300,75562533400,2994.795,3024.3525,2984.8177,2990.5057
145609000,3008.5619,5697500,69834600,6874116800,75632368000,2994.795,3024.3525,2984.8177,2990.5057
145614000,3008.6994,7180000,79526100,6881296800,75711894100,2994.795,3024.3525,2984.8177,2990.5057
145619000,3008.9952,8567000,87411400,6889863800,75799305500,2994.795,3024.3525,2984.8177,2990.5057
145624000,3008.9916,8589800,99033300,6898453600,75898338800,2994.795,3024.3525,2984.8177,2990.5057
145629000,3008.1164,6143400,73296500,6904597000,75971635300,2994.795,3024.3525,2984.8177,2990.5057
145634000,3009.0194,7677900,94776000,6912274900,76066411300,2994.795,3024.3525,2984.8177,2990.5057
145639000,3009.3803,17523400,140939100,6929798300,76207350400,2994.795,3024.3525,2984.8177,2990.5057
145644000,3010.1081,9894800,89607200,6939693100,76296957600,2994.795,3024.3525,2984.8177,2990.5057
145649000,3009.6035,6179500,70536700,6945872600,76367494300,2994.795,3024.3525,2984.8177,2990.5057
145654000,3009.5173,5214500,58940100,6951087100,76426434400,2994.795,3024.3525,2984.8177,2990.5057
145659000,3009.8859,4405300,52595500,6955492400,76479029900,2994.795,3024.3525,2984.8177,2990.5057
145704000,3010.0252,1406500,16208600,6956898900,76495238500,2994.795,3024.3525,2984.8177,2990.5057
145709000,3010.0367,0,0,6956898900,76495238500,2994.795,3024.3525,2984.8177,2990.5057
145959000,3010.0367,11731400,254079500,6968630300,76749318000,2994.795,3024.3525,2984.8177,2990.5057
150000000,3009.8735,125244900,1319986500,7093875200,78069304500,2994.795,3024.3525,2984.8177,2990.5057
150003000,3010.5994,0,0,7093875200,78069304500,2994.795,3024.3525,2984.8177,2990.5057
150007000,3010.6536,11502700,76005500,7105377900,78145310000,2994.795,3024.3525,2984.8177,2990.5057
