Time,Price,Volume,Turnover,AccVolume,AccTurnover,Open,High,Low,PreClose
92510000,3846.9367,91923100,2085134900,91923100,2085134900,3846.9367,3846.9367,3846.9367,3837.3511
93001000,3847.6651,19663300,413667300,111586400,2498802200,3846.9367,3847.6651,3846.9367,3837.3511
93007000,3848.6122,55821300,948106700,167407700,3446908900,3846.9367,3848.6198,3846.9367,3837.3511
93013000,3850.3736,8797900,137490200,176205600,3584399100,3846.9367,3850.3736,3846.9367,3837.3511
93018000,3850.1524,6218200,87374700,182423800,3671773800,3846.9367,3850.7276,3846.9367,3837.3511
93022000,3850.3103,6916600,95060400,189340400,3766834200,3846.9367,3850.7276,3846.9367,3837.3511
93028000,3850.5681,11000000,126703700,200340400,3893537900,3846.9367,3850.7276,3846.9367,3837.3511
93033000,3850.6836,5911300,87743700,206251700,3981281600,3846.9367,3850.7276,3846.9367,3837.3511
93037000,3850.5333,7010200,98106200,213261900,4079387800,3846.9367,3850.7276,3846.9367,3837.3511
93043000,3849.9064,7435000,108532400,220696900,4187920200,3846.9367,3850.7276,3846.9367,3837.3511
93048000,3849.1863,5081800,86357200,225778700,4274277400,3846.9367,3850.7276,3846.9367,3837.3511
93052000,3848.9812,6021100,95752700,231799800,4370030100,3846.9367,3850.7276,3846.9367,3837.3511
93058000,3847.9816,7287400,112773700,239087200,4482803800,3846.9367,3850.7276,3846.9367,3837.3511
93103000,3846.9206,6057600,94110300,245144800,4576914100,3846.9367,3850.7276,3846.9206,3837.3511
93107000,3846.9065,9299900,111228800,254444700,4688142900,3846.9367,3850.7276,3846.9065,3837.3511
93113000,3845.9873,10135200,133878900,264579900,4822021800,3846.9367,3850.7276,3845.9873,3837.3511
93118000,3846.3018,5240500,80663000,269820400,4902684800,3846.9367,3850.7276,3845.7335,3837.3511
93122000,3845.9797,5778800,82780200,275599200,4985465000,3846.9367,3850.7276,3845.7335,3837.3511
93128000,3845.6718,8917200,126615800,284516400,5112080800,3846.9367,3850.7276,3845.5313,3837.3511
93133000,3845.663,4786100,84083900,289302500,5196164700,3846.9367,3850.7276,3845.5313,3837.3511
93137000,3846.0427,5841600,90526600,295144100,5286691300,3846.9367,3850.7276,3845.5313,3837.3511
93143000,3846.1935,6726300,112363400,301870400,5399054700,3846.9367,3850.7276,3845.5313,3837.3511
93148000,3846.1622,4321000,75754500,306191400,5474809200,3846.9367,3850.7276,3845.5313,3837.3511
93152000,3846.3702,5467600,87971700,311659000,5562780900,3846.9367,3850.7276,3845.5313,3837.3511
93158000,3847.0667,7295900,103164000,318954900,5665944900,3846.9367,3850.7276,3845.5313,3837.3511
93203000,3846.1796,5476300,84182900,324431200,5750127800,3846.9367,3850.7276,3845.5313,3837.3511
93207000,3845.9158,5690500,83926400,330121700,5834054200,3846.9367,3850.7276,3845.5313,3837.3511
93213000,3845.7975,10754600,135808100,340876300,5969862300,3846.9367,3850.7276,3845.5313,3837.3511
93218000,3845.8279,5417800,81303900,346294100,6051166200,3846.9367,3850.7276,3845.3429,3837.3511
93222000,3844.9698,5640300,81861900,351934400,6133028100,3846.9367,3850.7276,3844.9698,3837.3511
93228000,3844.5532,7177900,103067000,359112300,6236095100,3846.9367,3850.7276,3844.5532,3837.3511
93233000,3845.2837,4443800,83282700,363556100,6319377800,3846.9367,3850.7276,3844.5532,3837.3511
93237000,3844.7971,4444000,68532200,368000100,6387910000,3846.9367,3850.7276,3844.5532,3837.3511
93243000,3844.9763,5895600,100190600,373895700,6488100600,3846.9367,3850.7276,3844.4353,3837.3511
93248000,3844.7445,4680900,70698600,378576600,6558799200,3846.9367,3850.7276,3844.4353,3837.3511
93252000,3844.7292,6203500,80378500,384780100,6639177700,3846.9367,3850.7276,3844.4353,3837.3511
93258000,3844.8033,5256600,86188400,390036700,6725366100,3846.9367,3850.7276,3844.4353,3837.3511
93303000,3844.5806,3576700,60263900,393613400,6785630000,3846.9367,3850.7276,3844.4353,3837.3511
93307000,3844.5653,6864400,102745600,400477800,6888375600,3846.9367,3850.7276,3844.4353,3837.3511
93313000,3844.7298,6279900,101134600,406757700,6989510200,3846.9367,3850.7276,3844.4031,3837.3511
93318000,3844.6759,3726700,68734300,410484400,7058244500,3846.9367,3850.7276,3844.4031,3837.3511
93324000,3844.3482,13683000,123497700,424167400,7181742200,3846.9367,3850.7276,3844.3482,3837.3511
93328000,3844.8506,6712900,76815700,430880300,7258557900,3846.9367,3850.7276,3844.3482,3837.3511
93334000,3844.74,5068000,90451700,435948300,7349009600,3846.9367,3850.7276,3844.3482,3837.3511
93339000,3844.8955,4254100,71910700,440202400,7420920300,3846.9367,3850.7276,3844.3482,3837.3511
93343000,3844.8139,4355200,77366900,444557600,7498287200,3846.9367,3850.7276,3844.3482,3837.3511
93349000,3844.7153,4856500,87033900,449414100,7585321100,3846.9367,3850.7276,3844.3482,3837.3511
93354000,3844.938,3900700,62910400,453314800,7648231500,3846.9367,3850.7276,3844.2192,3837.3511
93358000,3844.3096,4283200,69422200,457598000,7717653700,3846.9367,3850.7276,3844.2192,3837.3511
93404000,3844.0738,6247200,91591200,463845200,7809244900,3846.9367,3850.7276,3844.0738,3837.3511
93409000,3844.4477,4453800,63564600,468299000,7872809500,3846.9367,3850.7276,3844.0738,3837.3511
93413000,3844.2421,7099800,87680000,475398800,7960489500,3846.9367,3850.7276,3844.0738,3837.3511
93419000,3844.183,5331100,85289100,480729900,8045778600,3846.9367,3850.7276,3843.8927,3837.3511
93424000,3844.6141,4803600,76423400,485533500,8122202000,3846.9367,3850.7276,3843.8927,3837.3511
93428000,3845.9116,6283400,90002300,491816900,8212204300,3846.9367,3850.7276,3843.8927,3837.3511
93434000,3847.5366,10424600,151309300,502241500,8363513600,3846.9367,3850.7276,3843.8927,3837.3511
93439000,3847.888,7067000,94952300,509308500,8458465900,3846.9367,3850.7276,3843.8927,3837.3511
93443000,3848.1993,5001700,76721900,514310200,8535187800,3846.9367,3850.7276,3843.8927,3837.3511
93449000,3848.6505,5918800,97306200,520229000,8632494000,3846.9367,3850.7276,3843.8927,3837.3511
93454000,3848.5259,5138500,80187800,525367500,8712681800,3846.9367,3850.7276,3843.8927,3837.3511
93458000,3848.5758,5628700,80257500,530996200,8792939300,3846.9367,3850.7276,3843.8927,3837.3511
93504000,3849.3803,6786500,109933000,537782700,8902872300,3846.9367,3850.7276,3843.8927,3837.3511
93509000,3849.0242,6535600,85787000,544318300,8988659300,3846.9367,3850.7276,3843.8927,3837.3511
93513000,3849.0209,4785200,74625700,549103500,9063285000,3846.9367,3850.7276,3843.8927,3837.3511
93519000,3848.9931,6297500,97528400,555401000,9160813400,3846.9367,3850.7276,3843.8927,3837.3511
93524000,3849.1451,4254900,83844300,559655900,9244657700,3846.9367,3850.7276,3843.8927,3837.3511
93528000,3849.637,6083600,86076000,565739500,9330733700,3846.9367,3850.7276,3843.8927,3837.3511
93534000,3849.1442,8983300,112928500,574722800,9443662200,3846.9367,3850.7276,3843.8927,3837.3511
93539000,3849.0665,4732000,72716400,579454800,9516378600,3846.9367,3850.7276,3843.8927,3837.3511
93543000,3849.0213,5262800,81933300,584717600,9598311900,3846.9367,3850.7276,3843.8927,3837.3511
93549000,3848.6105,7291100,87061700,592008700,9685373600,3846.9367,3850.7276,3843.8927,3837.3511
93554000,3848.8879,4314700,72336600,596323400,9757710200,3846.9367,3850.7276,3843.8927,3837.3511
93558000,3848.8703,5230200,75757400,601553600,9833467600,3846.9367,3850.7276,3843.8927,3837.3511
93604000,3848.4914,5822100,83049700,607375700,9916517300,3846.9367,3850.7276,3843.8927,3837.3511
93609000,3847.9262,3660900,73969300,611036600,9990486600,3846.9367,3850.7276,3843.8927,3837.3511
93613000,3847.9323,5596100,73618700,616632700,10064105300,3846.9367,3850.7276,3843.8927,3837.3511
93619000,3847.842,7716400,99637100,624349100,10163742400,3846.9367,3850.7276,3843.8927,3837.3511
93624000,3847.3203,5487600,82940500,629836700,10246682900,3846.9367,3850.7276,3843.8927,3837.3511
93628000,3847.7885,7142000,88818000,636978700,10335500900,3846.9367,3850.7276,3843.8927,3837.3511
93634000,3846.948,7127900,85328600,644106600,10420829500,3846.9367,3850.7276,3843.8927,3837.3511
93640000,3846.3322,6647700,91929600,650754300,10512759100,3846.9367,3850.7276,3843.8927,3837.3511
93643000,3846.5662,3281000,43978200,654035300,10556737300,3846.9367,3850.7276,3843.8927,3837.3511
93649000,3846.2121,6395400,82458900,660430700,10639196200,3846.9367,3850.7276,3843.8927,3837.3511
93655000,3846.194,8354200,90662700,668784900,10729858900,3846.9367,3850.7276,3843.8927,3837.3511
93700000,3846.0134,3055800,51509700,671840700,10781368600,3846.9367,3850.7276,3843.8927,3837.3511
93704000,3845.4351,6019800,73613800,677860500,10854982400,3846.9367,3850.7276,3843.8927,3837.3511
93710000,3844.9947,7513700,122932900,685374200,10977915300,3846.9367,3850.7276,3843.8927,3837.3511
93715000,3844.595,4407800,66794100,689782000,11044709400,3846.9367,3850.7276,3843.8927,3837.3511
93719000,3844.7374,4551800,72232700,694333800,11116942100,3846.9367,3850.7276,3843.8927,3837.3511
93725000,3844.748,5994100,96578800,700327900,11213520900,3846.9367,3850.7276,3843.8927,3837.3511
93730000,3844.4834,3622800,64003400,703950700,11277524300,3846.9367,3850.7276,3843.8927,3837.3511
93734000,3844.4234,4560500,68848200,708511200,11346372500,3846.9367,3850.7276,3843.8927,3837.3511
93740000,3844.4644,4625900,69401800,713137100,11415774300,3846.9367,3850.7276,3843.8927,3837.3511
93745000,3844.2201,2921600,48139700,716058700,11463914000,3846.9367,3850.7276,3843.8927,3837.3511
93749000,3843.703,4528400,67754600,720587100,11531668600,3846.9367,3850.7276,3843.703,3837.3511
93755000,3843.5485,5320700,97261700,725907800,11628930300,3846.9367,3850.7276,3843.5485,3837.3511
93800000,3843.702,2694000,55039600,728601800,11683969900,3846.9367,3850.7276,3843.5485,3837.3511
93804000,3843.7127,4031500,66915800,732633300,11750885700,3846.9367,3850.7276,3843.5485,3837.3511
93810000,3842.7173,5945700,88780400,738579000,11839666100,3846.9367,3850.7276,3842.7173,3837.3511
93815000,3843.0126,3223900,56733100,741802900,11896399200,3846.9367,3850.7276,3842.6575,3837.3511
93819000,3842.8978,4206800,62216000,746009700,11958615200,3846.9367,3850.7276,3842.6575,3837.3511
93825000,3842.5101,5938100,83146600,751947800,12041761800,3846.9367,3850.7276,3842.5101,3837.3511
93830000,3842.1881,2800900,50440700,754748700,12092202500,3846.9367,3850.7276,3842.1869,3837.3511
93834000,3842.3741,4370100,64687800,759118800,12156890300,3846.9367,3850.7276,3842.1869,3837.3511
93840000,3842.552,4402800,79740300,763521600,12236630600,3846.9367,3850.7276,3842.1869,3837.3511
93845000,3842.086,3144600,63292200,766666200,12299922800,3846.9367,3850.7276,3842.086,3837.3511
93849000,3841.7981,3479800,63882800,770146000,12363805600,3846.9367,3850.7276,3841.7981,3837.3511
93855000,3841.9329,4041000,67774000,774187000,12431579600,3846.9367,3850.7276,3841.711,3837.3511
93900000,3841.5,2654900,44526400,776841900,12476106000,3846.9367,3850.7276,3841.5,3837.3511
93904000,3841.478,4592500,65519000,781434400,12541625000,3846.9367,3850.7276,3841.478,3837.3511
93910000,3841.4176,4209300,78264700,785643700,12619889700,3846.9367,3850.7276,3841.4039,3837.3511
93915000,3841.0431,3334000,51541700,788977700,12671431400,3846.9367,3850.7276,3840.9073,3837.3511
93919000,3841.1981,3783200,55751700,792760900,12727183100,3846.9367,3850.7276,3840.9073,3837.3511
93925000,3841.625,6281400,74113100,799042300,12801296200,3846.9367,3850.7276,3840.9073,3837.3511
93930000,3841.7174,2188300,40572300,801230600,12841868500,3846.9367,3850.7276,3840.9073,3837.3511
93934000,3841.3813,5974700,69405300,807205300,12911273800,3846.9367,3850.7276,3840.9073,3837.3511
93940000,3841.8371,4183400,81182600,811388700,12992456400,3846.9367,3850.7276,3840.9073,3837.3511
93945000,3841.6311,4574600,57830000,815963300,13050286400,3846.9367,3850.7276,3840.9073,3837.3511
93949000,3841.6861,3334900,51007400,819298200,13101293800,3846.9367,3850.7276,3840.9073,3837.3511
93955000,3841.6917,4741000,74154400,824039200,13175448200,3846.9367,3850.7276,3840.9073,3837.3511
94000000,3842.0095,2133200,43433300,826172400,13218881500,3846.9367,3850.7276,3840.9073,3837.3511
94006000,3841.9961,5994900,96925300,832167300,13315806800,3846.9367,3850.7276,3840.9073,3837.3511
94010000,3842.5751,3989200,66930400,836156500,13382737200,3846.9367,3850.7276,3840.9073,3837.3511
94016000,3842.7722,5152400,99530500,841308900,13482267700,3846.9367,3850.7276,3840.9073,3837.3511
94021000,3843.5083,3380300,56680600,844689200,13538948300,3846.9367,3850.7276,3840.9073,3837.3511
94025000,3843.8971,3862700,65409100,848551900,13604357400,3846.9367,3850.7276,3840.9073,3837.3511
94031000,3844.8974,5394100,90898200,853946000,13695255600,3846.9367,3850.7276,3840.9073,3837.3511
94036000,3844.8371,2941700,59811500,856887700,13755067100,3846.9367,3850.7276,3840.9073,3837.3511
94040000,3845.4393,3972800,75122600,860860500,13830189700,3846.9367,3850.7276,3840.9073,3837.3511
94046000,3846.3564,6797500,111543500,867658000,13941733200,3846.9367,3850.7276,3840.9073,3837.3511
94051000,3846.7467,3405200,60800600,871063200,14002533800,3846.9367,3850.7276,3840.9073,3837.3511
94055000,3846.9406,4624400,67967000,875687600,14070500800,3846.9367,3850.7276,3840.9073,3837.3511
94101000,3848.2077,5227400,93170600,880915000,14163671400,3846.9367,3850.7276,3840.9073,3837.3511
94106000,3847.5062,3576700,59803600,884491700,14223475000,3846.9367,3850.7276,3840.9073,3837.3511
94110000,3847.6193,4731300,86140800,889223000,14309615800,3846.9367,3850.7276,3840.9073,3837.3511
94116000,3847.5723,7667700,105231600,896890700,14414847400,3846.9367,3850.7276,3840.9073,3837.3511
94121000,3848.0008,5341600,68954600,902232300,14483802000,3846.9367,3850.7276,3840.9073,3837.3511
94125000,3847.6703,4608100,73759500,906840400,14557561500,3846.9367,3850.7276,3840.9073,3837.3511
94131000,3847.3122,6347900,90404500,913188300,14647966000,3846.9367,3850.7276,3840.9073,3837.3511
94136000,3847.518,3893300,66550600,917081600,14714516600,3846.9367,3850.7276,3840.9073,3837.3511
94140000,3847.6336,5683400,81169500,922765000,14795686100,3846.9367,3850.7276,3840.9073,3837.3511
94146000,3847.8532,4865900,73017600,927630900,14868703700,3846.9367,3850.7276,3840.9073,3837.3511
94151000,3847.5392,3422000,62947400,931052900,14931651100,3846.9367,3850.7276,3840.9073,3837.3511
94155000,3847.4076,4491700,62841100,935544600,14994492200,3846.9367,3850.7276,3840.9073,3837.3511
94201000,3847.7171,5108900,67441900,940653500,15061934100,3846.9367,3850.7276,3840.9073,3837.3511
94206000,3847.4109,2946100,53716100,943599600,15115650200,3846.9367,3850.7276,3840.9073,3837.3511
94210000,3847.2372,5461000,76412300,949060600,15192062500,3846.9367,3850.7276,3840.9073,3837.3511
94216000,3847.2464,7187300,80061700,956247900,15272124200,3846.9367,3850.7276,3840.9073,3837.3511
94221000,3847.2613,3076300,43189800,959324200,15315314000,3846.9367,3850.7276,3840.9073,3837.3511
94225000,3847.0581,5096900,52920700,964421100,15368234700,3846.9367,3850.7276,3840.9073,3837.3511
94231000,3847.2982,6649000,86715300,971070100,15454950000,3846.9367,3850.7276,3840.9073,3837.3511
94236000,3847.5973,4791800,64819800,975861900,15519769800,3846.9367,3850.7276,3840.9073,3837.3511
94240000,3847.8947,4356000,62571900,980217900,15582341700,3846.9367,3850.7276,3840.9073,3837.3511
94246000,3847.6257,4321400,66899800,984539300,15649241500,3846.9367,3850.7276,3840.9073,3837.3511
94251000,3847.9001,3999400,60503600,988538700,15709745100,3846.9367,3850.7276,3840.9073,3837.3511
94255000,3847.8336,4170500,59684700,992709200,15769429800,3846.9367,3850.7276,3840.9073,3837.3511
94301000,3848.1358,4548600,73737400,997257800,15843167200,3846.9367,3850.7276,3840.9073,3837.3511
94306000,3847.8398,2939200,50769800,1000197000,15893937000,3846.9367,3850.7276,3840.9073,3837.3511
94310000,3847.3992,4787700,65257800,1004984700,15959194800,3846.9367,3850.7276,3840.9073,3837.3511
94316000,3847.793,4787700,75615300,1009772400,16034810100,3846.9367,3850.7276,3840.9073,3837.3511
94321000,3847.7895,3254400,53061700,1013026800,16087871800,3846.9367,3850.7276,3840.9073,3837.3511
94327000,3847.6338,6370900,90933500,1019397700,16178805300,3846.9367,3850.7276,3840.9073,3837.3511
94331000,3847.7745,4866500,57586200,1024264200,16236391500,3846.9367,3850.7276,3840.9073,3837.3511
94337000,3847.6731,4298600,75235200,1028562800,16311626700,3846.9367,3850.7276,3840.9073,3837.3511
94342000,3848.0013,2811200,44976600,1031374000,16356603300,3846.9367,3850.7276,3840.9073,3837.3511
94346000,3847.7348,4140500,53783100,1035514500,16410386400,3846.9367,3850.7276,3840.9073,3837.3511
94352000,3847.6772,7696100,85587100,1043210600,16495973500,3846.9367,3850.7276,3840.9073,3837.3511
94357000,3848.2257,3098800,49388500,1046309400,16545362000,3846.9367,3850.7276,3840.9073,3837.3511
94401000,3848.0559,5013100,63466800,1051322500,16608828800,3846.9367,3850.7276,3840.9073,3837.3511
94407000,3848.3613,4739300,73855600,1056061800,16682684400,3846.9367,3850.7276,3840.9073,3837.3511
94412000,3848.25,2808300,47825800,1058870100,16730510200,3846.9367,3850.7276,3840.9073,3837.3511
94416000,3848.4286,4740800,67649500,1063610900,16798159700,3846.9367,3850.7276,3840.9073,3837.3511
94422000,3848.3812,5355600,78417700,1068966500,16876577400,3846.9367,3850.7276,3840.9073,3837.3511
94427000,3848.4509,3489200,49353900,1072455700,16925931300,3846.9367,3850.7276,3840.9073,3837.3511
94431000,3848.8635,4916400,63503200,1077372100,16989434500,3846.9367,3850.7276,3840.9073,3837.3511
94437000,3848.6856,4438500,69173800,1081810600,17058608300,3846.9367,3850.7276,3840.9073,3837.3511
94442000,3848.656,4026400,59872900,1085837000,17118481200,3846.9367,3850.7276,3840.9073,3837.3511
94446000,3848.9578,5136600,70935600,1090973600,17189416800,3846.9367,3850.7276,3840.9073,3837.3511
94452000,3848.5987,5730400,81875600,1096704000,17271292400,3846.9367,3850.7276,3840.9073,3837.3511
94457000,3848.4631,3990600,52112000,1100694600,17323404400,3846.9367,3850.7276,3840.9073,3837.3511
94501000,3848.3994,4554200,62843900,1105248800,17386248300,3846.9367,3850.7276,3840.9073,3837.3511
94507000,3848.3404,5001400,76580000,1110250200,17462828300,3846.9367,3850.7276,3840.9073,3837.3511
94512000,3848.0446,3651600,51184800,1113901800,17514013100,3846.9367,3850.7276,3840.9073,3837.3511
94516000,3847.8872,6330800,71228300,1120232600,17585241400,3846.9367,3850.7276,3840.9073,3837.3511
94522000,3848.3506,5511700,85150800,1125744300,17670392200,3846.9367,3850.7276,3840.9073,3837.3511
94527000,3848.5676,2916100,48700800,1128660400,17719093000,3846.9367,3850.7276,3840.9073,3837.3511
94531000,3848.2937,5777300,66501700,1134437700,17785594700,3846.9367,3850.7276,3840.9073,3837.3511
94537000,3848.0535,5133400,91387700,1139571100,17876982400,3846.9367,3850.7276,3840.9073,3837.3511
94542000,3847.8475,2801600,53423800,1142372700,17930406200,3846.9367,3850.7276,3840.9073,3837.3511
94546000,3848.0811,4829900,67517200,1147202600,17997923400,3846.9367,3850.7276,3840.9073,3837.3511
94552000,3848.0655,4737600,77310300,1151940200,18075233700,3846.9367,3850.7276,3840.9073,3837.3511
94557000,3847.4735,4175800,70581700,1156116000,18145815400,3846.9367,3850.7276,3840.9073,3837.3511
94601000,3847.3053,4730100,64816000,1160846100,18210631400,3846.9367,3850.7276,3840.9073,3837.3511
94607000,3847.2213,6223400,75466700,1167069500,18286098100,3846.9367,3850.7276,3840.9073,3837.3511
94612000,3846.8494,3637700,48035300,1170707200,18334133400,3846.9367,3850.7276,3840.9073,3837.3511
94616000,3847.1209,4858300,70660100,1175565500,18404793500,3846.9367,3850.7276,3840.9073,3837.3511
94622000,3847.1062,5118500,85791100,1180684000,18490584600,3846.9367,3850.7276,3840.9073,3837.3511
94627000,3846.722,2936900,44057600,1183620900,18534642200,3846.9367,3850.7276,3840.9073,3837.3511
94631000,3846.8908,4233100,59156500,1187854000,18593798700,3846.9367,3850.7276,3840.9073,3837.3511
94637000,3846.8074,5096000,89248500,1192950000,18683047200,3846.9367,3850.7276,3840.9073,3837.3511
94642000,3846.4031,2448700,45484100,1195398700,18728531300,3846.9367,3850.7276,3840.9073,3837.3511
94646000,3846.5435,6424000,80000600,1201822700,18808531900,3846.9367,3850.7276,3840.9073,3837.3511
94652000,3845.9279,5540500,83224200,1207363200,18891756100,3846.9367,3850.7276,3840.9073,3837.3511
94658000,3845.8931,4539000,72625500,1211902200,18964381600,3846.9367,3850.7276,3840.9073,3837.3511
94703000,3845.6323,2801100,47925500,1214703300,19012307100,3846.9367,3850.7276,3840.9073,3837.3511
94707000,3844.9961,5819900,72070300,1220523200,19084377400,3846.9367,3850.7276,3840.9073,3837.3511
94713000,3844.8326,5486000,76088900,1226009200,19160466300,3846.9367,3850.7276,3840.9073,3837.3511
94718000,3844.7121,3073600,44716500,1229082800,19205182800,3846.9367,3850.7276,3840.9073,3837.3511
94722000,3844.8758,5040800,62808200,1234123600,19267991000,3846.9367,3850.7276,3840.9073,3837.3511
94728000,3845.3709,4866900,75025500,1238990500,19343016500,3846.9367,3850.7276,3840.9073,3837.3511
94733000,3845.2475,2522500,49429000,1241513000,19392445500,3846.9367,3850.7276,3840.9073,3837.3511
94737000,3844.8853,3711800,57403200,1245224800,19449848700,3846.9367,3850.7276,3840.9073,3837.3511
94743000,3845.1377,4588200,59811900,1249813000,19509660600,3846.9367,3850.7276,3840.9073,3837.3511
94748000,3844.9846,1957500,33180500,1251770500,19542841100,3846.9367,3850.7276,3840.9073,3837.3511
94752000,3844.8859,6508600,79025900,1258279100,19621867000,3846.9367,3850.7276,3840.9073,3837.3511
94758000,3844.7018,5536400,65391200,1263815500,19687258200,3846.9367,3850.7276,3840.9073,3837.3511
94803000,3844.3693,3961800,63960000,1267777300,19751218200,3846.9367,3850.7276,3840.9073,3837.3511
94807000,3844.2896,5931900,68989100,1273709200,19820207300,3846.9367,3850.7276,3840.9073,3837.3511
94813000,3844.0776,4724100,75601100,1278433300,19895808400,3846.9367,3850.7276,3840.9073,3837.3511
94818000,3844.1756,2943700,60479900,1281377000,19956288300,3846.9367,3850.7276,3840.9073,3837.3511
94822000,3844.1101,3947000,57877000,1285324000,20014165300,3846.9367,3850.7276,3840.9073,3837.3511
94828000,3844.4149,5551000,90888000,1290875000,20105053300,3846.9367,3850.7276,3840.9073,3837.3511
94833000,3844.8209,3225000,53629200,1294100000,20158682500,3846.9367,3850.7276,3840.9073,3837.3511
94837000,3844.5618,3944600,57538800,1298044600,20216221300,3846.9367,3850.7276,3840.9073,3837.3511
94843000,3845.4119,6089900,95606700,1304134500,20311828000,3846.9367,3850.7276,3840.9073,3837.3511
94848000,3844.5529,3799800,61397800,1307934300,20373225800,3846.9367,3850.7276,3840.9073,3837.3511
94852000,3844.9054,4355800,63715800,1312290100,20436941600,3846.9367,3850.7276,3840.9073,3837.3511
94858000,3844.7632,4441100,78709100,1316731200,20515650700,3846.9367,3850.7276,3840.9073,3837.3511
94903000,3845.5401,2596800,46220600,1319328000,20561871300,3846.9367,3850.7276,3840.9073,3837.3511
94907000,3844.3956,5356500,70661300,1324684500,20632532600,3846.9367,3850.7276,3840.9073,3837.3511
94913000,3844.184,4150000,71468100,1328834500,20704000700,3846.9367,3850.7276,3840.9073,3837.3511
94918000,3844.535,2654400,39303200,1331488900,20743303900,3846.9367,3850.7276,3840.9073,3837.3511
94922000,3844.8078,3938500,67728800,1335427400,20811032700,3846.9367,3850.7276,3840.9073,3837.3511
94928000,3844.2462,4183900,73568600,1339611300,20884601300,3846.9367,3850.7276,3840.9073,3837.3511
94933000,3844.6762,2330100,43438300,1341941400,20928039600,3846.9367,3850.7276,3840.9073,3837.3511
94937000,3844.0779,4261200,64108800,1346202600,20992148400,3846.9367,3850.7276,3840.9073,3837.3511
94943000,3843.9724,3747300,54260600,1349949900,21046409000,3846.9367,3850.7276,3840.9073,3837.3511
94948000,3844.0348,2477200,43433700,1352427100,21089842700,3846.9367,3850.7276,3840.9073,3837.3511
94952000,3843.9682,3415000,60440500,1355842100,21150283200,3846.9367,3850.7276,3840.9073,3837.3511
94958000,3843.9085,4615800,69128100,1360457900,21219411300,3846.9367,3850.7276,3840.9073,3837.3511
95003000,3843.9343,3531800,63371300,1363989700,21282782600,3846.9367,3850.7276,3840.9073,3837.3511
95009000,3843.3898,4240400,80374900,1368230100,21363157500,3846.9367,3850.7276,3840.9073,3837.3511
95013000,3843.1964,3729900,48594000,1371960000,21411751500,3846.9367,3850.7276,3840.9073,3837.3511
95019000,3843.973,4152700,61413400,1376112700,21473164900,3846.9367,3850.7276,3840.9073,3837.3511
95024000,3843.7295,2189500,43769700,1378302200,21516934600,3846.9367,3850.7276,3840.9073,3837.3511
95028000,3843.6029,5526400,68866600,1383828600,21585801200,3846.9367,3850.7276,3840.9073,3837.3511
95034000,3843.1512,3588100,53816700,1387416700,21639617900,3846.9367,3850.7276,3840.9073,3837.3511
95039000,3843.6111,3054100,41549200,1390470800,21681167100,3846.9367,3850.7276,3840.9073,3837.3511
95043000,3843.3499,5058900,57952200,1395529700,21739119300,3846.9367,3850.7276,3840.9073,3837.3511
95049000,3843.4861,4373400,72479000,1399903100,21811598300,3846.9367,3850.7276,3840.9073,3837.3511
95054000,3843.3464,2699500,51567300,1402602600,21863165600,3846.9367,3850.7276,3840.9073,3837.3511
95058000,3843.3569,4285200,57930700,1406887800,21921096300,3846.9367,3850.7276,3840.9073,3837.3511
95104000,3843.4421,5099600,79438700,1411987400,22000535000,3846.9367,3850.7276,3840.9073,3837.3511
95109000,3843.4368,3697900,47218300,1415685300,22047753300,3846.9367,3850.7276,3840.9073,3837.3511
95113000,3843.0319,4019100,58582300,1419704400,22106335600,3846.9367,3850.7276,3840.9073,3837.3511
95119000,3843.2199,4539900,71297500,1424244300,22177633100,3846.9367,3850.7276,3840.9073,3837.3511
95124000,3843.3425,3248300,51714800,1427492600,22229347900,3846.9367,3850.7276,3840.9073,3837.3511
95128000,3843.4103,4133600,58682000,1431626200,22288029900,3846.9367,3850.7276,3840.9073,3837.3511
95134000,3843.7392,4999700,84303900,1436625900,22372333800,3846.9367,3850.7276,3840.9073,3837.3511
95139000,3843.3118,4148800,69881100,1440774700,22442214900,3846.9367,3850.7276,3840.9073,3837.3511
95143000,3843.1465,3517800,46770500,1444292500,22488985400,3846.9367,3850.7276,3840.9073,3837.3511
95149000,3843.6235,4365700,67198600,1448658200,22556184000,3846.9367,3850.7276,3840.9073,3837.3511
95154000,3843.6467,1957800,43245000,1450616000,22599429000,3846.9367,3850.7276,3840.9073,3837.3511
95158000,3843.4546,3955300,55437300,1454571300,22654866300,3846.9367,3850.7276,3840.9073,3837.3511
95204000,3843.0095,4637800,69124600,1459209100,22723990900,3846.9367,3850.7276,3840.9073,3837.3511
95209000,3842.9863,4462400,55072100,1463671500,22779063000,3846.9367,3850.7276,3840.9073,3837.3511
95213000,3842.8916,4192000,52960300,1467863500,22832023300,3846.9367,3850.7276,3840.9073,3837.3511
95219000,3843.6607,4810200,65430600,1472673700,22897453900,3846.9367,3850.7276,3840.9073,3837.3511
95224000,3843.9262,2541900,41607500,1475215600,22939061400,3846.9367,3850.7276,3840.9073,3837.3511
95228000,3844.0319,4078900,48667000,1479294500,22987728400,3846.9367,3850.7276,3840.9073,3837.3511
95234000,3844.0661,6033600,76556000,1485328100,23064284400,3846.9367,3850.7276,3840.9073,3837.3511
95239000,3844.0367,2679500,49174300,1488007600,23113458700,3846.9367,3850.7276,3840.9073,3837.3511
95243000,3844.3336,2895800,48077100,1490903400,23161535800,3846.9367,3850.7276,3840.9073,3837.3511
95249000,3844.5502,3960100,61340500,1494863500,23222876300,3846.9367,3850.7276,3840.9073,3837.3511
95254000,3844.7019,2105500,40088800,1496969000,23262965100,3846.9367,3850.7276,3840.9073,3837.3511
95258000,3844.693,4201600,62436000,1501170600,23325401100,3846.9367,3850.7276,3840.9073,3837.3511
95304000,3844.6998,5313500,72104600,1506484100,23397505700,3846.9367,3850.7276,3840.9073,3837.3511
95309000,3844.9176,5547900,60429300,1512032000,23457935000,3846.9367,3850.7276,3840.9073,3837.3511
95313000,3844.3918,4082800,55337500,1516114800,23513272500,3846.9367,3850.7276,3840.9073,3837.3511
95319000,3843.6769,3839300,60771200,1519954100,23574043700,3846.9367,3850.7276,3840.9073,3837.3511
95324000,3844.2961,2571100,54728800,1522525200,23628772500,3846.9367,3850.7276,3840.9073,3837.3511
95328000,3843.7888,3698500,55375100,1526223700,23684147600,3846.9367,3850.7276,3840.9073,3837.3511
95334000,3843.6061,7553600,91491200,1533777300,23775638800,3846.9367,3850.7276,3840.9073,3837.3511
95340000,3843.6107,4764600,73212000,1538541900,23848850800,3846.9367,3850.7276,3840.9073,3837.3511
95345000,3843.0717,2821500,47244900,1541363400,23896095700,3846.9367,3850.7276,3840.9073,3837.3511
95349000,3842.8817,5449200,83557200,1546812600,23979652900,3846.9367,3850.7276,3840.9073,3837.3511
95355000,3842.7557,5242700,74836000,1552055300,24054488900,3846.9367,3850.7276,3840.9073,3837.3511
95400000,3842.4503,3547200,52025600,1555602500,24106514500,3846.9367,3850.7276,3840.9073,3837.3511
95404000,3842.3206,4704900,69962900,1560307400,24176477400,3846.9367,3850.7276,3840.9073,3837.3511
95410000,3842.2898,6910800,79637200,1567218200,24256114600,3846.9367,3850.7276,3840.9073,3837.3511
95415000,3841.6657,3904400,49890000,1571122600,24306004600,3846.9367,3850.7276,3840.9073,3837.3511
95419000,3842.3379,3460200,52220900,1574582800,24358225500,3846.9367,3850.7276,3840.9073,3837.3511
95425000,3841.865,3971000,67917400,1578553800,24426142900,3846.9367,3850.7276,3840.9073,3837.3511
95430000,3842.0419,2997100,64508500,1581550900,24490651400,3846.9367,3850.7276,3840.9073,3837.3511
95434000,3842.0354,3215800,52880300,1584766700,24543531700,3846.9367,3850.7276,3840.9073,3837.3511
95440000,3842.0772,5447300,63730700,1590214000,24607262400,3846.9367,3850.7276,3840.9073,3837.3511
95445000,3842.2836,3449600,90326900,1593663600,24697589300,3846.9367,3850.7276,3840.9073,3837.3511
95449000,3842.0926,3908700,66927300,1597572300,24764516600,3846.9367,3850.7276,3840.9073,3837.3511
95455000,3842.3065,4531900,62131900,1602104200,24826648500,3846.9367,3850.7276,3840.9073,3837.3511
95500000,3842.0887,2755500,39953700,1604859700,24866602200,3846.9367,3850.7276,3840.9073,3837.3511
95504000,3841.9592,4273600,60654100,1609133300,24927256300,3846.9367,3850.7276,3840.9073,3837.3511
95510000,3842.0015,4833500,61778000,1613966800,24989034300,3846.9367,3850.7276,3840.9073,3837.3511
95515000,3841.6933,2393700,42962500,1616360500,25031996800,3846.9367,3850.7276,3840.9073,3837.3511
95519000,3842.161,3293400,45321200,1619653900,25077318000,3846.9367,3850.7276,3840.9073,3837.3511
95525000,3842.2018,4090900,63367400,1623744800,25140685400,3846.9367,3850.7276,3840.9073,3837.3511
95530000,3842.0573,2131000,33230100,1625875800,25173915500,3846.9367,3850.7276,3840.9073,3837.3511
95534000,3842.2497,5382300,66254600,1631258100,25240170100,3846.9367,3850.7276,3840.9073,3837.3511
95540000,3841.9831,4415300,66207100,1635673400,25306377200,3846.9367,3850.7276,3840.9073,3837.3511
95545000,3842.3777,1939000,34909200,1637612400,25341286400,3846.9367,3850.7276,3840.9073,3837.3511
95549000,3841.9357,3359100,49247300,1640971500,25390533700,3846.9367,3850.7276,3840.9073,3837.3511
95555000,3842.0857,4262100,54398300,1645233600,25444932000,3846.9367,3850.7276,3840.9073,3837.3511
95600000,3841.5864,2387400,39754100,1647621000,25484686100,3846.9367,3850.7276,3840.9073,3837.3511
95604000,3841.981,4257100,68810700,1651878100,25553496800,3846.9367,3850.7276,3840.9073,3837.3511
95610000,3841.675,4435000,62852700,1656313100,25616349500,3846.9367,3850.7276,3840.9073,3837.3511
95615000,3841.0495,3105200,57485700,1659418300,25673835200,3846.9367,3850.7276,3840.9073,3837.3511
95619000,3841.3473,3420100,45483600,1662838400,25719318800,3846.9367,3850.7276,3840.9073,3837.3511
95625000,3841.3725,3489200,66673200,1666327600,25785992000,3846.9367,3850.7276,3840.9073,3837.3511
95630000,3841.6223,2682700,44917300,1669010300,25830909300,3846.9367,3850.7276,3840.9073,3837.3511
95634000,3841.1446,6267600,60922300,1675277900,25891831600,3846.9367,3850.7276,3840.9073,3837.3511
95640000,3841.4467,5006100,53227800,1680284000,25945059400,3846.9367,3850.7276,3840.9073,3837.3511
95645000,3841.3506,2246300,42188300,1682530300,25987247700,3846.9367,3850.7276,3840.9073,3837.3511
95651000,3841.4623,3023200,53007100,1685553500,26040254800,3846.9367,3850.7276,3840.9073,3837.3511
95655000,3841.4674,3532400,47612700,1689085900,26087867500,3846.9367,3850.7276,3840.9073,3837.3511
95701000,3841.1524,4038800,49277900,1693124700,26137145400,3846.9367,3850.7276,3840.9073,3837.3511
95706000,3841.6329,3187400,65427800,1696312100,26202573200,3846.9367,3850.7276,3840.9073,3837.3511
95710000,3841.4482,3855500,50558700,1700167600,26253131900,3846.9367,3850.7276,3840.9073,3837.3511
95716000,3841.8092,4151900,65731900,1704319500,26318863800,3846.9367,3850.7276,3840.9073,3837.3511
95721000,3842.0174,2799600,37355600,1707119100,26356219400,3846.9367,3850.7276,3840.9073,3837.3511
95725000,3842.1094,6446300,49872400,1713565400,26406091800,3846.9367,3850.7276,3840.9073,3837.3511
95731000,3842.1271,2982100,46220700,1716547500,26452312500,3846.9367,3850.7276,3840.9073,3837.3511
95736000,3842.1669,2226100,43900500,1718773600,26496213000,3846.9367,3850.7276,3840.9073,3837.3511
95740000,3842.336,2978900,40302300,1721752500,26536515300,3846.9367,3850.7276,3840.9073,3837.3511
95746000,3842.6103,3883000,68935800,1725635500,26605451100,3846.9367,3850.7276,3840.9073,3837.3511
95751000,3842.7611,2195000,36459900,1727830500,26641911000,3846.9367,3850.7276,3840.9073,3837.3511
95755000,3842.6072,4406600,55476700,1732237100,26697387700,3846.9367,3850.7276,3840.9073,3837.3511
95801000,3842.9778,3009800,55025500,1735246900,26752413200,3846.9367,3850.7276,3840.9073,3837.3511
95806000,3842.6463,2731900,52761500,1737978800,26805174700,3846.9367,3850.7276,3840.9073,3837.3511
95810000,3842.7269,4010900,60231900,1741989700,26865406600,3846.9367,3850.7276,3840.9073,3837.3511
95816000,3842.7027,4650400,66399600,1746640100,26931806200,3846.9367,3850.7276,3840.9073,3837.3511
95821000,3842.9363,1882000,41158100,1748522100,26972964300,3846.9367,3850.7276,3840.9073,3837.3511
95825000,3843.167,4264000,56425100,1752786100,27029389400,3846.9367,3850.7276,3840.9073,3837.3511
95831000,3843.3607,2982200,45536100,1755768300,27074925500,3846.9367,3850.7276,3840.9073,3837.3511
95836000,3843.6197,2135300,44875900,1757903600,27119801400,3846.9367,3850.7276,3840.9073,3837.3511
95840000,3844.0114,4973900,60101900,1762877500,27179903300,3846.9367,3850.7276,3840.9073,3837.3511
95846000,3844.0359,3324400,57473200,1766201900,27237376500,3846.9367,3850.7276,3840.9073,3837.3511
95851000,3844.1077,3099700,61977700,1769301600,27299354200,3846.9367,3850.7276,3840.9073,3837.3511
95855000,3844.4275,4693000,51996800,1773994600,27351351000,3846.9367,3850.7276,3840.9073,3837.3511
95901000,3844.7291,4708100,83130200,1778702700,27434481200,3846.9367,3850.7276,3840.9073,3837.3511
95906000,3845.0276,3243400,48799100,1781946100,27483280300,3846.9367,3850.7276,3840.9073,3837.3511
95910000,3845.2263,4061600,62635600,1786007700,27545915900,3846.9367,3850.7276,3840.9073,3837.3511
95916000,3845.255,5000400,81736500,1791008100,27627652400,3846.9367,3850.7276,3840.9073,3837.3511
95921000,3845.5969,2168000,34064200,1793176100,27661716600,3846.9367,3850.7276,3840.9073,3837.3511
95925000,3845.7031,3745700,60360100,1796921800,27722076700,3846.9367,3850.7276,3840.9073,3837.3511
95931000,3846.4239,4328400,65620600,1801250200,27787697300,3846.9367,3850.7276,3840.9073,3837.3511
95936000,3846.1485,2136000,40549200,1803386200,27828246500,3846.9367,3850.7276,3840.9073,3837.3511
95940000,3846.541,4775700,60311100,1808161900,27888557600,3846.9367,3850.7276,3840.9073,3837.3511
95946000,3846.6143,4069400,63410100,1812231300,27951967700,3846.9367,3850.7276,3840.9073,3837.3511
95951000,3846.9737,2624100,47087000,1814855400,27999054700,3846.9367,3850.7276,3840.9073,3837.3511
95955000,3847.2258,4489300,63300800,1819344700,28062355500,3846.9367,3850.7276,3840.9073,3837.3511
100001000,3847.6803,5328400,69317400,1824673100,28131672900,3846.9367,3850.7276,3840.9073,3837.3511
100007000,3847.7411,5807500,83445500,1830480600,28215118400,3846.9367,3850.7276,3840.9073,3837.3511
100012000,3847.9219,3162700,40723100,1833643300,28255841500,3846.9367,3850.7276,3840.9073,3837.3511
100016000,3847.813,5739900,73411300,1839383200,28329252800,3846.9367,3850.7276,3840.9073,3837.3511
100022000,3848.6066,5687200,75739200,1845070400,28404992000,3846.9367,3850.7276,3840.9073,3837.3511
100027000,3848.3817,2472600,45940200,1847543000,28450932200,3846.9367,3850.7276,3840.9073,3837.3511
100031000,3848.5513,4110500,55557200,1851653500,28506489400,3846.9367,3850.7276,3840.9073,3837.3511
100037000,3848.9301,5671100,75902400,1857324600,28582391800,3846.9367,3850.7276,3840.9073,3837.3511
100042000,3848.9215,2839900,42408200,1860164500,28624800000,3846.9367,3850.7276,3840.9073,3837.3511
100046000,3849.162,4326800,60400700,1864491300,28685200700,3846.9367,3850.7276,3840.9073,3837.3511
100052000,3849.2934,5324500,71745700,1869815800,28756946400,3846.9367,3850.7276,3840.9073,3837.3511
100057000,3849.1523,3422600,44975200,1873238400,28801921600,3846.9367,3850.7276,3840.9073,3837.3511
100101000,3848.4637,3764900,52347800,1877003300,28854269400,3846.9367,3850.7276,3840.9073,3837.3511
100107000,3848.4783,5007000,70633600,1882010300,28924903000,3846.9367,3850.7276,3840.9073,3837.3511
100112000,3848.8654,3366900,48475300,1885377200,28973378300,3846.9367,3850.7276,3840.9073,3837.3511
100116000,3848.4941,3702200,57227200,1889079400,29030605500,3846.9367,3850.7276,3840.9073,3837.3511
100122000,3848.7985,4588600,74933900,1893668000,29105539400,3846.9367,3850.7276,3840.9073,3837.3511
100127000,3848.3801,2090100,40575700,1895758100,29146115100,3846.9367,3850.7276,3840.9073,3837.3511
100131000,3848.6797,4019400,50236100,1899777500,29196351200,3846.9367,3850.7276,3840.9073,3837.3511
100137000,3848.7364,3895700,58626900,1903673200,29254978100,3846.9367,3850.7276,3840.9073,3837.3511
100142000,3849.2004,2795700,37258200,1906468900,29292236300,3846.9367,3850.7276,3840.9073,3837.3511
100146000,3848.8918,3669400,48873900,1910138300,29341110200,3846.9367,3850.7276,3840.9073,3837.3511
100152000,3848.7702,3621400,52402900,1913759700,29393513100,3846.9367,3850.7276,3840.9073,3837.3511
100157000,3848.8,2077300,34655300,1915837000,29428168400,3846.9367,3850.7276,3840.9073,3837.3511
100201000,3848.2274,4426600,51239200,1920263600,29479407600,3846.9367,3850.7276,3840.9073,3837.3511
100207000,3848.1955,5034100,60802800,1925297700,29540210400,3846.9367,3850.7276,3840.9073,3837.3511
100212000,3848.08,2848300,46916900,1928146000,29587127300,3846.9367,3850.7276,3840.9073,3837.3511
100216000,3847.902,3761800,49726300,1931907800,29636853600,3846.9367,3850.7276,3840.9073,3837.3511
100222000,3847.9968,4192100,57746700,1936099900,29694600300,3846.9367,3850.7276,3840.9073,3837.3511
100227000,3848.063,1653400,30176900,1937753300,29724777200,3846.9367,3850.7276,3840.9073,3837.3511
100231000,3847.5696,4079000,50030600,1941832300,29774807800,3846.9367,3850.7276,3840.9073,3837.3511
100237000,3847.2816,3742500,49853100,1945574800,29824660900,3846.9367,3850.7276,3840.9073,3837.3511
100242000,3846.9959,2373800,33083200,1947948600,29857744100,3846.9367,3850.7276,3840.9073,3837.3511
100246000,3847.2286,4880600,59384000,1952829200,29917128100,3846.9367,3850.7276,3840.9073,3837.3511
100252000,3847.2036,5642700,77689700,1958471900,29994817800,3846.9367,3850.7276,3840.9073,3837.3511
100257000,3847.3001,2135900,32588100,1960607800,30027405900,3846.9367,3850.7276,3840.9073,3837.3511
100301000,3847.1759,6167800,54763900,1966775600,30082169800,3846.9367,3850.7276,3840.9073,3837.3511
100307000,3847.1927,4121000,58891500,1970896600,30141061300,3846.9367,3850.7276,3840.9073,3837.3511
100312000,3847.3785,3336600,45331700,1974233200,30186393000,3846.9367,3850.7276,3840.9073,3837.3511
100316000,3846.9778,4335900,57866200,1978569100,30244259200,3846.9367,3850.7276,3840.9073,3837.3511
100322000,3847.5879,5386800,73451000,1983955900,30317710200,3846.9367,3850.7276,3840.9073,3837.3511
100327000,3847.5552,3386900,46682700,1987342800,30364392900,3846.9367,3850.7276,3840.9073,3837.3511
100331000,3848.0512,5469600,55902500,1992812400,30420295400,3846.9367,3850.7276,3840.9073,3837.3511
100337000,3847.6405,3926500,52816900,1996738900,30473112300,3846.9367,3850.7276,3840.9073,3837.3511
100343000,3847.8619,5016500,59245300,2001755400,30532357600,3846.9367,3850.7276,3840.9073,3837.3511
100348000,3847.9319,2595300,30222300,2004350700,30562579900,3846.9367,3850.7276,3840.9073,3837.3511
100352000,3848.2098,3855800,48559600,2008206500,30611139500,3846.9367,3850.7276,3840.9073,3837.3511
100358000,3848.5454,4409300,62915700,2012615800,30674055200,3846.9367,3850.7276,3840.9073,3837.3511
100403000,3848.1764,3965900,47938000,2016581700,30721993200,3846.9367,3850.7276,3840.9073,3837.3511
100407000,3848.2535,5049400,54579300,2021631100,30776572500,3846.9367,3850.7276,3840.9073,3837.3511
100413000,3847.8729,4598000,59050200,2026229100,30835622700,3846.9367,3850.7276,3840.9073,3837.3511
100418000,3848.0927,3010100,39521800,2029239200,30875144500,3846.9367,3850.7276,3840.9073,3837.3511
100422000,3847.8633,3966300,46682800,2033205500,30921827300,3846.9367,3850.7276,3840.9073,3837.3511
100428000,3848.6492,4193400,61664800,2037398900,30983492100,3846.9367,3850.7276,3840.9073,3837.3511
100433000,3848.6028,2589500,41488800,2039988400,31024980900,3846.9367,3850.7276,3840.9073,3837.3511
100437000,3848.8366,3834400,47819600,2043822800,31072800500,3846.9367,3850.7276,3840.9073,3837.3511
100443000,3848.8913,3967000,56827700,2047789800,31129628200,3846.9367,3850.7276,3840.9073,3837.3511
100448000,3849.0748,3136300,45300900,2050926100,31174929100,3846.9367,3850.7276,3840.9073,3837.3511
100452000,3848.8332,3899900,50940800,2054826000,31225869900,3846.9367,3850.7276,3840.9073,3837.3511
100458000,3849.8269,4094300,56987000,2058920300,31282856900,3846.9367,3850.7276,3840.9073,3837.3511
100503000,3849.6221,2921600,43746600,2061841900,31326603500,3846.9367,3850.7276,3840.9073,3837.3511
100507000,3849.3316,3892400,49597600,2065734300,31376201100,3846.9367,3850.7276,3840.9073,3837.3511
100513000,3849.2776,5749400,75047700,2071483700,31451248800,3846.9367,3850.7276,3840.9073,3837.3511
100518000,3849.5267,3082600,48584300,2074566300,31499833100,3846.9367,3850.7276,3840.9073,3837.3511
100522000,3849.4253,3491800,45024800,2078058100,31544857900,3846.9367,3850.7276,3840.9073,3837.3511
100528000,3849.2354,4822800,67906900,2082880900,31612764800,3846.9367,3850.7276,3840.9073,3837.3511
100533000,3849.6401,3194300,39871500,2086075200,31652636300,3846.9367,3850.7276,3840.9073,3837.3511
100537000,3849.4724,4146300,56167500,2090221500,31708803800,3846.9367,3850.7276,3840.9073,3837.3511
100543000,3849.4865,4546300,54907300,2094767800,31763711100,3846.9367,3850.7276,3840.9073,3837.3511
100548000,3849.434,2606800,42621900,2097374600,31806333000,3846.9367,3850.7276,3840.9073,3837.3511
100552000,3849.5369,4780900,62408800,2102155500,31868741800,3846.9367,3850.7276,3840.9073,3837.3511
100558000,3849.1544,4232800,69510600,2106388300,31938252400,3846.9367,3850.7276,3840.9073,3837.3511
100603000,3848.7396,3584700,63040300,2109973000,32001292700,3846.9367,3850.7276,3840.9073,3837.3511
100607000,3848.3463,4110500,55594100,2114083500,32056886800,3846.9367,3850.7276,3840.9073,3837.3511
100613000,3848.2991,7073800,101145600,2121157300,32158032400,3846.9367,3850.7276,3840.9073,3837.3511
100618000,3848.838,2358700,42329400,2123516000,32200361800,3846.9367,3850.7276,3840.9073,3837.3511
100622000,3848.6161,4403500,57325300,2127919500,32257687100,3846.9367,3850.7276,3840.9073,3837.3511
100628000,3848.6216,4298700,62351500,2132218200,32320038600,3846.9367,3850.7276,3840.9073,3837.3511
100633000,3848.4908,3183400,45901200,2135401600,32365939800,3846.9367,3850.7276,3840.9073,3837.3511
100637000,3848.2641,3442300,57140000,2138843900,32423079800,3846.9367,3850.7276,3840.9073,3837.3511
100643000,3848.178,3780000,59422400,2142623900,32482502200,3846.9367,3850.7276,3840.9073,3837.3511
100648000,3848.3282,2118200,30787600,2144742100,32513289800,3846.9367,3850.7276,3840.9073,3837.3511
100654000,3848.1626,5700100,69760300,2150442200,32583050100,3846.9367,3850.7276,3840.9073,3837.3511
100658000,3848.368,4432700,63773400,2154874900,32646823500,3846.9367,3850.7276,3840.9073,3837.3511
100704000,3848.1391,5332500,65817400,2160207400,32712640900,3846.9367,3850.7276,3840.9073,3837.3511
100709000,3847.7396,4702600,55272000,2164910000,32767912900,3846.9367,3850.7276,3840.9073,3837.3511
100713000,3847.7268,5825100,62273600,2170735100,32830186500,3846.9367,3850.7276,3840.9073,3837.3511
100719000,3847.874,3922200,58051500,2174657300,32888238000,3846.9367,3850.7276,3840.9073,3837.3511
100724000,3848.1333,2617400,49100500,2177274700,32937338500,3846.9367,3850.7276,3840.9073,3837.3511
100728000,3847.8865,4166300,52051100,2181441000,32989389600,3846.9367,3850.7276,3840.9073,3837.3511
100734000,3848.3332,5126200,71337600,2186567200,33060727200,3846.9367,3850.7276,3840.9073,3837.3511
100739000,3848.0944,3903200,39715100,2190470400,33100442300,3846.9367,3850.7276,3840.9073,3837.3511
100743000,3848.0564,3871200,57111800,2194341600,33157554100,3846.9367,3850.7276,3840.9073,3837.3511
100749000,3848.2185,4808100,70495800,2199149700,33228049900,3846.9367,3850.7276,3840.9073,3837.3511
100754000,3848.1615,3079800,44943200,2202229500,33272993100,3846.9367,3850.7276,3840.9073,3837.3511
100758000,3848.4717,4623700,62742200,2206853200,33335735300,3846.9367,3850.7276,3840.9073,3837.3511
100804000,3848.2244,6826900,77119800,2213680100,33412855100,3846.9367,3850.7276,3840.9073,3837.3511
100809000,3848.1065,3440500,43758700,2217120600,33456613800,3846.9367,3850.7276,3840.9073,3837.3511
100813000,3848.0263,4778800,54238200,2221899400,33510852000,3846.9367,3850.7276,3840.9073,3837.3511
100819000,3848.3136,4732300,64030700,2226631700,33574882700,3846.9367,3850.7276,3840.9073,3837.3511
100824000,3849.1028,3005700,41089200,2229637400,33615971900,3846.9367,3850.7276,3840.9073,3837.3511
100828000,3849.1415,4684900,70178100,2234322300,33686150000,3846.9367,3850.7276,3840.9073,3837.3511
100834000,3850.1474,7100400,100775100,2241422700,33786925100,3846.9367,3850.7276,3840.9073,3837.3511
100839000,3849.8314,3677900,62053100,2245100600,33848978200,3846.9367,3850.7276,3840.9073,3837.3511
100843000,3850.3568,6642700,73690400,2251743300,33922668600,3846.9367,3850.7276,3840.9073,3837.3511
100849000,3850.6355,6121500,72366300,2257864800,33995034900,3846.9367,3850.7276,3840.9073,3837.3511
100854000,3851.0924,3003100,48141400,2260867900,34043176300,3846.9367,3851.0924,3840.9073,3837.3511
100858000,3851.2819,5775800,57600400,2266643700,34100776700,3846.9367,3851.3964,3840.9073,3837.3511
100904000,3851.7457,8092100,91076600,2274735800,34191853300,3846.9367,3851.7583,3840.9073,3837.3511
100909000,3851.4836,4675800,48901300,2279411600,34240754600,3846.9367,3851.7583,3840.9073,3837.3511
100913000,3851.796,10823200,91686100,2290234800,34332440700,3846.9367,3851.796,3840.9073,3837.3511
100919000,3851.886,4678600,72873200,2294913400,34405313900,3846.9367,3852.175,3840.9073,3837.3511
100924000,3851.8759,4398000,53145300,2299311400,34458459200,3846.9367,3852.2619,3840.9073,3837.3511
100928000,3852.1873,5531400,69590500,2304842800,34528049700,3846.9367,3852.2619,3840.9073,3837.3511
100934000,3852.6098,7120500,86627200,2311963300,34614676900,3846.9367,3852.6098,3840.9073,3837.3511
100939000,3852.5594,4156500,42890900,2316119800,34657567800,3846.9367,3852.6204,3840.9073,3837.3511
100943000,3852.7298,5872800,72092600,2321992600,34729660400,3846.9367,3852.7298,3840.9073,3837.3511
100949000,3853.3843,5350100,75046700,2327342700,34804707100,3846.9367,3853.3843,3840.9073,3837.3511
100954000,3852.9974,4128800,48907600,2331471500,34853614700,3846.9367,3853.3843,3840.9073,3837.3511
100958000,3853.3748,8825200,85859000,2340296700,34939473700,3846.9367,3853.3843,3840.9073,3837.3511
101004000,3853.3377,6857300,80682900,2347154000,35020156600,3846.9367,3853.5544,3840.9073,3837.3511
101010000,3853.7264,9190400,94390700,2356344400,35114547300,3846.9367,3853.7764,3840.9073,3837.3511
101015000,3854.361,3793300,53880200,2360137700,35168427500,3846.9367,3854.361,3840.9073,3837.3511
101019000,3854.1094,8248400,73445700,2368386100,35241873200,3846.9367,3854.53,3840.9073,3837.3511
101025000,3854.3855,6885700,67484200,2375271800,35309357400,3846.9367,3854.53,3840.9073,3837.3511
101030000,3854.6181,4257600,55573400,2379529400,35364930800,3846.9367,3854.6181,3840.9073,3837.3511
101034000,3854.7536,7487000,71880900,2387016400,35436811700,3846.9367,3855.0628,3840.9073,3837.3511
101040000,3855.3238,10490100,86161100,2397506500,35522972800,3846.9367,3855.3238,3840.9073,3837.3511
101045000,3855.4881,3345500,46963200,2400852000,35569936000,3846.9367,3855.4881,3840.9073,3837.3511
101049000,3855.2511,5755400,65519200,2406607400,35635455200,3846.9367,3855.7088,3840.9073,3837.3511
101055000,3855.6654,6970400,91036300,2413577800,35726491500,3846.9367,3855.7088,3840.9073,3837.3511
101100000,3855.3633,5480500,48113500,2419058300,35774605000,3846.9367,3855.7088,3840.9073,3837.3511
101104000,3855.8187,6689300,74058500,2425747600,35848663500,3846.9367,3855.8187,3840.9073,3837.3511
101110000,3855.8556,10366900,102292500,2436114500,35950956000,3846.9367,3855.8693,3840.9073,3837.3511
101115000,3855.9439,3550900,46655400,2439665400,35997611400,3846.9367,3856.1629,3840.9073,3837.3511
101119000,3855.49,12688900,104967600,2452354300,36102579000,3846.9367,3856.1629,3840.9073,3837.3511
101125000,3856.6356,10881700,98892500,2463236000,36201471500,3846.9367,3856.6356,3840.9073,3837.3511
101130000,3856.7107,4936900,54585000,2468172900,36256056500,3846.9367,3856.7822,3840.9073,3837.3511
101134000,3857.1621,7619900,72659200,2475792800,36328715700,3846.9367,3857.1621,3840.9073,3837.3511
101140000,3857.4642,9407300,97229500,2485200100,36425945200,3846.9367,3857.4642,3840.9073,3837.3511
101145000,3857.0942,7869400,72312200,2493069500,36498257400,3846.9367,3857.4642,3840.9073,3837.3511
101149000,3857.4271,7491600,69984000,2500561100,36568241400,3846.9367,3857.5656,3840.9073,3837.3511
101155000,3857.5368,7455300,74437800,2508016400,36642679200,3846.9367,3857.6215,3840.9073,3837.3511
101200000,3857.6871,6214500,69701300,2514230900,36712380500,3846.9367,3857.6871,3840.9073,3837.3511
101204000,3858.141,9879700,91169300,2524110600,36803549800,3846.9367,3858.141,3840.9073,3837.3511
101210000,3857.794,11933200,109527400,2536043800,36913077200,3846.9367,3858.18,3840.9073,3837.3511
101215000,3857.541,7111700,65111400,2543155500,36978188600,3846.9367,3858.18,3840.9073,3837.3511
101219000,3857.9224,6319700,78947800,2549475200,37057136400,3846.9367,3858.18,3840.9073,3837.3511
101225000,3858.107,8861700,98445100,2558336900,37155581500,3846.9367,3858.18,3840.9073,3837.3511
101230000,3858.1096,4095400,59015700,2562432300,37214597200,3846.9367,3858.2593,3840.9073,3837.3511
101234000,3858.3624,5883200,63181500,2568315500,37277778700,3846.9367,3858.3624,3840.9073,3837.3511
101240000,3857.5496,6386200,70941400,2574701700,37348720100,3846.9367,3858.3624,3840.9073,3837.3511
101245000,3857.4826,3762500,46106800,2578464200,37394826900,3846.9367,3858.3624,3840.9073,3837.3511
101249000,3857.0471,9153100,93118000,2587617300,37487944900,3846.9367,3858.3624,3840.9073,3837.3511
101255000,3857.0505,9415300,90911900,2597032600,37578856800,3846.9367,3858.3624,3840.9073,3837.3511
101300000,3857.0006,4599100,55296900,2601631700,37634153700,3846.9367,3858.3624,3840.9073,3837.3511
101304000,3857.6159,8020400,77496800,2609652100,37711650500,3846.9367,3858.3624,3840.9073,3837.3511
101310000,3856.5455,10132300,93695100,2619784400,37805345600,3846.9367,3858.3624,3840.9073,3837.3511
101315000,3857.0644,3934700,47735400,2623719100,37853081000,3846.9367,3858.3624,3840.9073,3837.3511
101319000,3857.0698,5056600,59082100,2628775700,37912163100,3846.9367,3858.3624,3840.9073,3837.3511
101325000,3857.1026,6472200,69046100,2635247900,37981209200,3846.9367,3858.3624,3840.9073,3837.3511
101331000,3857.5299,6667400,86374800,2641915300,38067584000,3846.9367,3858.3624,3840.9073,3837.3511
101336000,3857.1706,2760400,35812500,2644675700,38103396500,3846.9367,3858.3624,3840.9073,3837.3511
101340000,3857.1707,5167600,62456300,2649843300,38165852800,3846.9367,3858.3624,3840.9073,3837.3511
101346000,3857.373,4176600,49038900,2654019900,38214891700,3846.9367,3858.3624,3840.9073,3837.3511
101351000,3857.2114,3917800,55092500,2657937700,38269984200,3846.9367,3858.3624,3840.9073,3837.3511
101355000,3856.6992,3747000,52452900,2661684700,38322437100,3846.9367,3858.3624,3840.9073,3837.3511
101401000,3856.3056,6588800,75424500,2668273500,38397861600,3846.9367,3858.3624,3840.9073,3837.3511
101406000,3856.368,2792400,39409200,2671065900,38437270800,3846.9367,3858.3624,3840.9073,3837.3511
101410000,3856.6873,4264800,52604800,2675330700,38489875600,3846.9367,3858.3624,3840.9073,3837.3511
101416000,3856.186,4643200,63426000,2679973900,38553301600,3846.9367,3858.3624,3840.9073,3837.3511
101421000,3856.3027,2587900,50766400,2682561800,38604068000,3846.9367,3858.3624,3840.9073,3837.3511
101425000,3856.5041,3713100,43098000,2686274900,38647166000,3846.9367,3858.3624,3840.9073,3837.3511
101431000,3856.6252,4911300,63072800,2691186200,38710238800,3846.9367,3858.3624,3840.9073,3837.3511
101436000,3856.8222,3134800,40201100,2694321000,38750439900,3846.9367,3858.3624,3840.9073,3837.3511
101440000,3856.4062,3778800,47805400,2698099800,38798245300,3846.9367,3858.3624,3840.9073,3837.3511
101446000,3856.3949,4836800,60222700,2702936600,38858468000,3846.9367,3858.3624,3840.9073,3837.3511
101451000,3856.2405,3667600,39870600,2706604200,38898338600,3846.9367,3858.3624,3840.9073,3837.3511
101455000,3856.5744,4401100,56302500,2711005300,38954641100,3846.9367,3858.3624,3840.9073,3837.3511
101501000,3856.4398,5411100,63769400,2716416400,39018410500,3846.9367,3858.3624,3840.9073,3837.3511
101506000,3856.7446,3588400,57751400,2720004800,39076161900,3846.9367,3858.3624,3840.9073,3837.3511
101510000,3856.699,3655900,48092800,2723660700,39124254700,3846.9367,3858.3624,3840.9073,3837.3511
101516000,3856.365,5089700,65095500,2728750400,39189350200,3846.9367,3858.3624,3840.9073,3837.3511
101521000,3856.1814,2247900,35258600,2730998300,39224608800,3846.9367,3858.3624,3840.9073,3837.3511
101525000,3856.7244,3844000,51891200,2734842300,39276500000,3846.9367,3858.3624,3840.9073,3837.3511
101531000,3856.9035,3980900,65542900,2738823200,39342042900,3846.9367,3858.3624,3840.9073,3837.3511
101536000,3856.7099,3189200,36730400,2742012400,39378773300,3846.9367,3858.3624,3840.9073,3837.3511
101540000,3857.0577,5419700,60562700,2747432100,39439336000,3846.9367,3858.3624,3840.9073,3837.3511
101546000,3857.0124,7423400,67344100,2754855500,39506680100,3846.9367,3858.3624,3840.9073,3837.3511
101551000,3857.4441,2958800,42366500,2757814300,39549046600,3846.9367,3858.3624,3840.9073,3837.3511
101555000,3857.54,6045000,71251700,2763859300,39620298300,3846.9367,3858.3624,3840.9073,3837.3511
101601000,3857.8004,10258100,121428500,2774117400,39741726800,3846.9367,3858.3624,3840.9073,3837.3511
101606000,3858.1618,4814100,51033400,2778931500,39792760200,3846.9367,3858.3624,3840.9073,3837.3511
101610000,3858.2075,5572300,61494500,2784503800,39854254700,3846.9367,3858.3624,3840.9073,3837.3511
101616000,3857.9341,5658400,67557200,2790162200,39921811900,3846.9367,3858.3624,3840.9073,3837.3511
101621000,3858.1733,4112800,41322600,2794275000,39963134500,3846.9367,3858.3624,3840.9073,3837.3511
101625000,3858.0293,6013700,64449800,2800288700,40027584300,3846.9367,3858.3624,3840.9073,3837.3511
101631000,3858.547,7572600,67885300,2807861300,40095469600,3846.9367,3858.6541,3840.9073,3837.3511
101636000,3858.7559,2931400,42004700,2810792700,40137474300,3846.9367,3858.7559,3840.9073,3837.3511
101640000,3859.1184,4984200,54439600,2815776900,40191913900,3846.9367,3859.1184,3840.9073,3837.3511
101646000,3859.0966,6209500,68401200,2821986400,40260315100,3846.9367,3859.1184,3840.9073,3837.3511
101651000,3859.2072,4299000,48234300,2826285400,40308549400,3846.9367,3859.2411,3840.9073,3837.3511
101657000,3859.3016,6122200,70236000,2832407600,40378785400,3846.9367,3859.5086,3840.9073,3837.3511
101701000,3859.8456,7077200,70414700,2839484800,40449200100,3846.9367,3859.8456,3840.9073,3837.3511
101707000,3859.8326,10509300,93346400,2849994100,40542546500,3846.9367,3859.8456,3840.9073,3837.3511
101712000,3859.3734,4589600,45000400,2854583700,40587546900,3846.9367,3859.8456,3840.9073,3837.3511
101716000,3858.8262,6957100,81380400,2861540800,40668927300,3846.9367,3859.8456,3840.9073,3837.3511
101722000,3858.769,7032200,75714900,2868573000,40744642200,3846.9367,3859.8456,3840.9073,3837.3511
101727000,3858.9475,6137000,54377600,2874710000,40799019800,3846.9367,3859.8456,3840.9073,3837.3511
101731000,3859.0959,5906900,65502600,2880616900,40864522400,3846.9367,3859.8456,3840.9073,3837.3511
101737000,3858.8658,8669100,106300000,2889286000,40970822400,3846.9367,3859.8456,3840.9073,3837.3511
101742000,3859.1914,4692000,47296400,2893978000,41018118800,3846.9367,3859.8456,3840.9073,3837.3511
101746000,3858.2276,8092300,68831500,2902070300,41086950300,3846.9367,3859.8456,3840.9073,3837.3511
101752000,3858.4221,6968400,75775600,2909038700,41162725900,3846.9367,3859.8456,3840.9073,3837.3511
101757000,3858.5941,5056900,49227900,2914095600,41211953800,3846.9367,3859.8456,3840.9073,3837.3511
101801000,3858.4677,6519300,58682100,2920614900,41270635900,3846.9367,3859.8456,3840.9073,3837.3511
101807000,3858.0752,8887100,86612300,2929502000,41357248200,3846.9367,3859.8456,3840.9073,3837.3511
101812000,3858.0717,6248300,60569000,2935750300,41417817200,3846.9367,3859.8456,3840.9073,3837.3511
101816000,3858.1671,5781100,55142800,2941531400,41472960000,3846.9367,3859.8456,3840.9073,3837.3511
101822000,3858.0306,5121700,52216900,2946653100,41525176900,3846.9367,3859.8456,3840.9073,3837.3511
101827000,3858.3009,4334000,43516000,2950987100,41568692900,3846.9367,3859.8456,3840.9073,3837.3511
101831000,3858.48,5381400,52137500,2956368500,41620830400,3846.9367,3859.8456,3840.9073,3837.3511
101837000,3858.1361,6157800,67031500,2962526300,41687861900,3846.9367,3859.8456,3840.9073,3837.3511
101842000,3857.6256,3517100,43201900,2966043400,41731063800,3846.9367,3859.8456,3840.9073,3837.3511
101846000,3857.8141,4888600,56283200,2970932000,41787347000,3846.9367,3859.8456,3840.9073,3837.3511
101852000,3858.1368,6155500,69819200,2977087500,41857166200,3846.9367,3859.8456,3840.9073,3837.3511
101857000,3858.2665,2661900,35056100,2979749400,41892222300,3846.9367,3859.8456,3840.9073,3837.3511
101902000,3857.5975,3689900,47715000,2983439300,41939937300,3846.9367,3859.8456,3840.9073,3837.3511
101907000,3857.6557,4551200,62544200,2987990500,42002481500,3846.9367,3859.8456,3840.9073,3837.3511
101912000,3857.3868,5139400,51426200,2993129900,42053907700,3846.9367,3859.8456,3840.9073,3837.3511
101916000,3857.1154,5020200,66732300,2998150100,42120640000,3846.9367,3859.8456,3840.9073,3837.3511
101922000,3856.998,4205800,56627100,3002355900,42177267100,3846.9367,3859.8456,3840.9073,3837.3511
101927000,3857.2335,2412000,37764100,3004767900,42215031200,3846.9367,3859.8456,3840.9073,3837.3511
101931000,3857.002,4038500,45164700,3008806400,42260195900,3846.9367,3859.8456,3840.9073,3837.3511
101937000,3857.228,5891200,87496100,3014697600,42347692000,3846.9367,3859.8456,3840.9073,3837.3511
101942000,3856.8858,4430100,49939200,3019127700,42397631200,3846.9367,3859.8456,3840.9073,3837.3511
101946000,3856.7731,7246100,87891400,3026373800,42485522600,3846.9367,3859.8456,3840.9073,3837.3511
101952000,3856.8421,6042400,80430100,3032416200,42565952700,3846.9367,3859.8456,3840.9073,3837.3511
101957000,3856.4545,3231100,45179400,3035647300,42611132100,3846.9367,3859.8456,3840.9073,3837.3511
102001000,3856.1184,3648900,55150800,3039296200,42666282900,3846.9367,3859.8456,3840.9073,3837.3511
102007000,3856.2547,4617200,75491200,3043913400,42741774100,3846.9367,3859.8456,3840.9073,3837.3511
102013000,3855.9572,5016900,68317700,3048930300,42810091800,3846.9367,3859.8456,3840.9073,3837.3511
102018000,3855.8431,3057300,43853300,3051987600,42853945100,3846.9367,3859.8456,3840.9073,3837.3511
102022000,3855.9093,3716200,48750600,3055703800,42902695700,3846.9367,3859.8456,3840.9073,3837.3511
102028000,3855.3178,3740100,49259000,3059443900,42951954700,3846.9367,3859.8456,3840.9073,3837.3511
102033000,3855.094,3402400,43858600,3062846300,42995813300,3846.9367,3859.8456,3840.9073,3837.3511
102037000,3855.0874,4606800,57561100,3067453100,43053374400,3846.9367,3859.8456,3840.9073,3837.3511
102043000,3855.0447,4697400,56914400,3072150500,43110288800,3846.9367,3859.8456,3840.9073,3837.3511
102048000,3855.2375,2773500,36532600,3074924000,43146821400,3846.9367,3859.8456,3840.9073,3837.3511
102052000,3855.2262,3221100,42063500,3078145100,43188884900,3846.9367,3859.8456,3840.9073,3837.3511
102058000,3855.0746,4706800,52562200,3082851900,43241447100,3846.9367,3859.8456,3840.9073,3837.3511
102103000,3854.6777,2917100,39209900,3085769000,43280657000,3846.9367,3859.8456,3840.9073,3837.3511
102107000,3854.4296,5516700,70895000,3091285700,43351552000,3846.9367,3859.8456,3840.9073,3837.3511
102113000,3855.0754,4835400,64016800,3096121100,43415568800,3846.9367,3859.8456,3840.9073,3837.3511
102118000,3854.2184,2991600,41903000,3099112700,43457471800,3846.9367,3859.8456,3840.9073,3837.3511
102122000,3854.3322,4223800,46868700,3103336500,43504340500,3846.9367,3859.8456,3840.9073,3837.3511
102128000,3854.13,4618700,47865500,3107955200,43552206000,3846.9367,3859.8456,3840.9073,3837.3511
102133000,3853.8647,4373300,45482200,3112328500,43597688200,3846.9367,3859.8456,3840.9073,3837.3511
102137000,3854.0936,4926800,62701000,3117255300,43660389200,3846.9367,3859.8456,3840.9073,3837.3511
102143000,3854.1475,5215000,56057000,3122470300,43716446200,3846.9367,3859.8456,3840.9073,3837.3511
102148000,3854.2006,2523300,37445900,3124993600,43753892100,3846.9367,3859.8456,3840.9073,3837.3511
102152000,3854.2379,3590200,52721500,3128583800,43806613600,3846.9367,3859.8456,3840.9073,3837.3511
102158000,3854.0243,4088900,57145800,3132672700,43863759400,3846.9367,3859.8456,3840.9073,3837.3511
102203000,3853.6354,2395000,32600700,3135067700,43896360100,3846.9367,3859.8456,3840.9073,3837.3511
102207000,3853.3818,4349300,48809500,3139417000,43945169600,3846.9367,3859.8456,3840.9073,3837.3511
102213000,3853.4934,4066300,52527200,3143483300,43997696800,3846.9367,3859.8456,3840.9073,3837.3511
102218000,3853.0243,2274800,37472300,3145758100,44035169100,3846.9367,3859.8456,3840.9073,3837.3511
102222000,3853.0349,3017700,39082900,3148775800,44074252000,3846.9367,3859.8456,3840.9073,3837.3511
102228000,3853.2021,3734600,50178000,3152510400,44124430000,3846.9367,3859.8456,3840.9073,3837.3511
102233000,3852.8667,2236400,34537300,3154746800,44158967300,3846.9367,3859.8456,3840.9073,3837.3511
102237000,3852.968,3809800,52041600,3158556600,44211008900,3846.9367,3859.8456,3840.9073,3837.3511
102243000,3852.8764,3511300,51522900,3162067900,44262531800,3846.9367,3859.8456,3840.9073,3837.3511
102248000,3852.9392,2843900,36401900,3164911800,44298933700,3846.9367,3859.8456,3840.9073,3837.3511
102252000,3852.9652,7773100,51116000,3172684900,44350049700,3846.9367,3859.8456,3840.9073,3837.3511
102258000,3852.6058,4500600,68928800,3177185500,44418978500,3846.9367,3859.8456,3840.9073,3837.3511
102303000,3852.5996,3349300,42831600,3180534800,44461810100,3846.9367,3859.8456,3840.9073,3837.3511
102307000,3852.4067,3988700,48834100,3184523500,44510644200,3846.9367,3859.8456,3840.9073,3837.3511
102313000,3852.1361,4713400,51002400,3189236900,44561646600,3846.9367,3859.8456,3840.9073,3837.3511
102318000,3852.4576,2287100,28980300,3191524000,44590626900,3846.9367,3859.8456,3840.9073,3837.3511
102322000,3852.1345,2761000,36915300,3194285000,44627542200,3846.9367,3859.8456,3840.9073,3837.3511
102328000,3852.0941,3864200,45637300,3198149200,44673179500,3846.9367,3859.8456,3840.9073,3837.3511
102334000,3852.3608,3256200,48738400,3201405400,44721917900,3846.9367,3859.8456,3840.9073,3837.3511
102339000,3852.2954,2126300,28679000,3203531700,44750596900,3846.9367,3859.8456,3840.9073,3837.3511
102343000,3852.0697,3265900,42752400,3206797600,44793349300,3846.9367,3859.8456,3840.9073,3837.3511
102349000,3852.5902,5628700,54079700,3212426300,44847429000,3846.9367,3859.8456,3840.9073,3837.3511
102354000,3852.7462,1666500,22836600,3214092800,44870265600,3846.9367,3859.8456,3840.9073,3837.3511
102358000,3852.8593,3029300,35524800,3217122100,44905790400,3846.9367,3859.8456,3840.9073,3837.3511
102404000,3852.5218,3246000,54049400,3220368100,44959839800,3846.9367,3859.8456,3840.9073,3837.3511
102409000,3852.3075,3918000,43482600,3224286100,45003322400,3846.9367,3859.8456,3840.9073,3837.3511
102413000,3852.1903,4525200,55303600,3228811300,45058626000,3846.9367,3859.8456,3840.9073,3837.3511
102419000,3852.1223,4685600,43661900,3233496900,45102287900,3846.9367,3859.8456,3840.9073,3837.3511
102424000,3852.3656,2245800,34515500,3235742700,45136803400,3846.9367,3859.8456,3840.9073,3837.3511
102428000,3852.4652,3820400,44441000,3239563100,45181244400,3846.9367,3859.8456,3840.9073,3837.3511
102434000,3852.5113,2876000,36577900,3242439100,45217822300,3846.9367,3859.8456,3840.9073,3837.3511
102439000,3852.5471,2966800,31135900,3245405900,45248958200,3846.9367,3859.8456,3840.9073,3837.3511
102443000,3852.6655,2676700,40691300,3248082600,45289649500,3846.9367,3859.8456,3840.9073,3837.3511
102449000,3852.3329,2360700,36611500,3250443300,45326261000,3846.9367,3859.8456,3840.9073,3837.3511
102454000,3852.647,2221900,28479300,3252665200,45354740300,3846.9367,3859.8456,3840.9073,3837.3511
102458000,3852.5542,2214000,29097200,3254879200,45383837500,3846.9367,3859.8456,3840.9073,3837.3511
102504000,3852.2736,3181600,44861600,3258060800,45428699100,3846.9367,3859.8456,3840.9073,3837.3511
102509000,3852.29,3103500,31954100,3261164300,45460653200,3846.9367,3859.8456,3840.9073,3837.3511
102513000,3852.6376,3328200,44328000,3264492500,45504981200,3846.9367,3859.8456,3840.9073,3837.3511
102519000,3852.0602,4340400,45750700,3268832900,45550731900,3846.9367,3859.8456,3840.9073,3837.3511
102524000,3852.0484,3160700,36586300,3271993600,45587318200,3846.9367,3859.8456,3840.9073,3837.3511
102528000,3852.6057,4476300,62159400,3276469900,45649477600,3846.9367,3859.8456,3840.9073,3837.3511
102534000,3852.5848,3932700,52928800,3280402600,45702406400,3846.9367,3859.8456,3840.9073,3837.3511
102539000,3852.5978,4021700,47540000,3284424300,45749946400,3846.9367,3859.8456,3840.9073,3837.3511
102543000,3852.8579,6047000,63371400,3290471300,45813317800,3846.9367,3859.8456,3840.9073,3837.3511
102549000,3853.9132,5055900,63927100,3295527200,45877244900,3846.9367,3859.8456,3840.9073,3837.3511
102554000,3854.3494,3804700,44628000,3299331900,45921872900,3846.9367,3859.8456,3840.9073,3837.3511
102558000,3855.2419,6837000,74054700,3306168900,45995927600,3846.9367,3859.8456,3840.9073,3837.3511
102604000,3854.8935,6005900,71136500,3312174800,46067064100,3846.9367,3859.8456,3840.9073,3837.3511
102609000,3854.9893,4973500,56671400,3317148300,46123735500,3846.9367,3859.8456,3840.9073,3837.3511
102613000,3855.5437,5711000,60640200,3322859300,46184375700,3846.9367,3859.8456,3840.9073,3837.3511
102619000,3855.4802,5404900,67324300,3328264200,46251700000,3846.9367,3859.8456,3840.9073,3837.3511
102624000,3855.8394,4606900,46260900,3332871100,46297960900,3846.9367,3859.8456,3840.9073,3837.3511
102628000,3856.0285,4800900,46042200,3337672000,46344003100,3846.9367,3859.8456,3840.9073,3837.3511
102634000,3856.262,5376600,67500800,3343048600,46411503900,3846.9367,3859.8456,3840.9073,3837.3511
102639000,3856.0005,3652200,44538800,3346700800,46456042700,3846.9367,3859.8456,3840.9073,3837.3511
102645000,3856.2941,5382200,60736900,3352083000,46516779600,3846.9367,3859.8456,3840.9073,3837.3511
102649000,3856.4394,4029100,46140200,3356112100,46562919800,3846.9367,3859.8456,3840.9073,3837.3511
102655000,3856.2426,5075200,68000700,3361187300,46630920500,3846.9367,3859.8456,3840.9073,3837.3511
102700000,3856.3109,2361600,28778000,3363548900,46659698500,3846.9367,3859.8456,3840.9073,3837.3511
102704000,3855.9858,3854600,50353400,3367403500,46710051900,3846.9367,3859.8456,3840.9073,3837.3511
102710000,3856.2494,4914900,57515900,3372318400,46767567800,3846.9367,3859.8456,3840.9073,3837.3511
102715000,3856.1904,2931200,39864500,3375249600,46807432300,3846.9367,3859.8456,3840.9073,3837.3511
102719000,3855.7738,3397000,43085100,3378646600,46850517400,3846.9367,3859.8456,3840.9073,3837.3511
102725000,3855.8976,3718800,49168600,3382365400,46899686000,3846.9367,3859.8456,3840.9073,3837.3511
102730000,3855.9618,2385000,30296000,3384750400,46929982000,3846.9367,3859.8456,3840.9073,3837.3511
102734000,3856.0238,3591600,47779800,3388342000,46977761800,3846.9367,3859.8456,3840.9073,3837.3511
102740000,3856.1288,4605700,57023300,3392947700,47034785100,3846.9367,3859.8456,3840.9073,3837.3511
102745000,3855.4709,2804300,33578500,3395752000,47068363600,3846.9367,3859.8456,3840.9073,3837.3511
102749000,3856.1127,3750700,51262800,3399502700,47119626400,3846.9367,3859.8456,3840.9073,3837.3511
102755000,3855.6553,3271600,44818300,3402774300,47164444700,3846.9367,3859.8456,3840.9073,3837.3511
102800000,3855.6597,2338300,28822000,3405112600,47193266700,3846.9367,3859.8456,3840.9073,3837.3511
102805000,3855.5342,3125400,38850400,3408238000,47232117100,3846.9367,3859.8456,3840.9073,3837.3511
102810000,3855.3028,4019600,47391500,3412257600,47279508600,3846.9367,3859.8456,3840.9073,3837.3511
102815000,3855.3022,2659200,38068700,3414916800,47317577300,3846.9367,3859.8456,3840.9073,3837.3511
102819000,3855.1131,3541000,39497000,3418457800,47357074300,3846.9367,3859.8456,3840.9073,3837.3511
102825000,3855.492,3550900,41037700,3422008700,47398112000,3846.9367,3859.8456,3840.9073,3837.3511
102830000,3855.5322,3652500,38835100,3425661200,47436947100,3846.9367,3859.8456,3840.9073,3837.3511
102835000,3855.5752,4678600,41234500,3430339800,47478181600,3846.9367,3859.8456,3840.9073,3837.3511
102840000,3855.2754,3459700,45848600,3433799500,47524030200,3846.9367,3859.8456,3840.9073,3837.3511
102845000,3855.364,3295600,52736000,3437095100,47576766200,3846.9367,3859.8456,3840.9073,3837.3511
102850000,3855.5959,2890500,38789700,3439985600,47615555900,3846.9367,3859.8456,3840.9073,3837.3511
102855000,3855.8083,2948200,51785400,3442933800,47667341300,3846.9367,3859.8456,3840.9073,3837.3511
102900000,3855.4304,1823500,29162200,3444757300,47696503500,3846.9367,3859.8456,3840.9073,3837.3511
102904000,3855.512,3649700,49955900,3448407000,47746459400,3846.9367,3859.8456,3840.9073,3837.3511
102910000,3855.6822,4452600,47699700,3452859600,47794159100,3846.9367,3859.8456,3840.9073,3837.3511
102915000,3855.2264,3318700,38943400,3456178300,47833102500,3846.9367,3859.8456,3840.9073,3837.3511
102920000,3855.2721,2990000,41761800,3459168300,47874864300,3846.9367,3859.8456,3840.9073,3837.3511
102925000,3855.447,4108800,48548100,3463277100,47923412400,3846.9367,3859.8456,3840.9073,3837.3511
102930000,3855.4816,3653700,30895900,3466930800,47954308300,3846.9367,3859.8456,3840.9073,3837.3511
102935000,3855.7475,6432600,60143500,3473363400,48014451800,3846.9367,3859.8456,3840.9073,3837.3511
102940000,3855.4987,3384500,46808700,3476747900,48061260500,3846.9367,3859.8456,3840.9073,3837.3511
102945000,3855.3262,2467800,32811300,3479215700,48094071800,3846.9367,3859.8456,3840.9073,3837.3511
102950000,3855.7212,2528100,33563400,3481743800,48127635200,3846.9367,3859.8456,3840.9073,3837.3511
102955000,3855.4268,2809500,43637500,3484553300,48171272700,3846.9367,3859.8456,3840.9073,3837.3511
103000000,3855.624,2894000,38182900,3487447300,48209455600,3846.9367,3859.8456,3840.9073,3837.3511
103006000,3855.6037,2807700,46213500,3490255000,48255669100,3846.9367,3859.8456,3840.9073,3837.3511
103011000,3855.4625,4902700,52121700,3495157700,48307790800,3846.9367,3859.8456,3840.9073,3837.3511
103016000,3855.396,4482700,41133200,3499640400,48348924000,3846.9367,3859.8456,3840.9073,3837.3511
103021000,3855.3538,1793600,29571800,3501434000,48378495800,3846.9367,3859.8456,3840.9073,3837.3511
103025000,3855.185,3346000,48308700,3504780000,48426804500,3846.9367,3859.8456,3840.9073,3837.3511
103031000,3855.38,4097400,56575700,3508877400,48483380200,3846.9367,3859.8456,3840.9073,3837.3511
103036000,3855.9851,2852400,38877100,3511729800,48522257300,3846.9367,3859.8456,3840.9073,3837.3511
103041000,3856.1737,3538500,41641000,3515268300,48563898300,3846.9367,3859.8456,3840.9073,3837.3511
103046000,3855.6873,4222300,58996600,3519490600,48622894900,3846.9367,3859.8456,3840.9073,3837.3511
103051000,3856.4218,2890100,37060800,3522380700,48659955700,3846.9367,3859.8456,3840.9073,3837.3511
103056000,3856.2021,3263300,40696900,3525644000,48700652600,3846.9367,3859.8456,3840.9073,3837.3511
103101000,3856.2558,2743600,40031600,3528387600,48740684200,3846.9367,3859.8456,3840.9073,3837.3511
103106000,3856.0416,2359700,37839200,3530747300,48778523400,3846.9367,3859.8456,3840.9073,3837.3511
103111000,3856.2262,2947700,34339000,3533695000,48812862400,3846.9367,3859.8456,3840.9073,3837.3511
103116000,3855.9802,3304400,45177700,3536999400,48858040100,3846.9367,3859.8456,3840.9073,3837.3511
103121000,3855.7181,1706500,28518000,3538705900,48886558100,3846.9367,3859.8456,3840.9073,3837.3511
103125000,3855.8836,2530300,35897700,3541236200,48922455800,3846.9367,3859.8456,3840.9073,3837.3511
103131000,3856.3471,2983000,45094400,3544219200,48967550200,3846.9367,3859.8456,3840.9073,3837.3511
103136000,3856.2019,2063400,32403400,3546282600,48999953600,3846.9367,3859.8456,3840.9073,3837.3511
103141000,3855.753,3461800,43489700,3549744400,49043443300,3846.9367,3859.8456,3840.9073,3837.3511
103146000,3855.8046,2550900,37405600,3552295300,49080848900,3846.9367,3859.8456,3840.9073,3837.3511
103151000,3855.9531,2345000,31236400,3554640300,49112085300,3846.9367,3859.8456,3840.9073,3837.3511
103155000,3855.9271,2570900,34337600,3557211200,49146422900,3846.9367,3859.8456,3840.9073,3837.3511
103201000,3855.6905,3247400,43487100,3560458600,49189910000,3846.9367,3859.8456,3840.9073,3837.3511
103206000,3855.5376,2129400,29255500,3562588000,49219165500,3846.9367,3859.8456,3840.9073,3837.3511
103210000,3855.5451,3143100,37632800,3565731100,49256798300,3846.9367,3859.8456,3840.9073,3837.3511
103216000,3855.5341,4343400,46364600,3570074500,49303162900,3846.9367,3859.8456,3840.9073,3837.3511
103221000,3855.3053,1949500,25206300,3572024000,49328369200,3846.9367,3859.8456,3840.9073,3837.3511
103225000,3855.0981,2580700,35817100,3574604700,49364186300,3846.9367,3859.8456,3840.9073,3837.3511
103231000,3855.4932,3067700,40471200,3577672400,49404657500,3846.9367,3859.8456,3840.9073,3837.3511
103236000,3855.6481,2081400,23316500,3579753800,49427974000,3846.9367,3859.8456,3840.9073,3837.3511
103241000,3855.4596,2603400,35702600,3582357200,49463676600,3846.9367,3859.8456,3840.9073,3837.3511
103246000,3855.5635,3858300,49113400,3586215500,49512790000,3846.9367,3859.8456,3840.9073,3837.3511
103251000,3855.7039,2174400,28308100,3588389900,49541098100,3846.9367,3859.8456,3840.9073,3837.3511
103256000,3855.6826,2875800,44877000,3591265700,49585975100,3846.9367,3859.8456,3840.9073,3837.3511
103301000,3855.1883,2176400,32314100,3593442100,49618289200,3846.9367,3859.8456,3840.9073,3837.3511
103306000,3855.3784,1723700,28179300,3595165800,49646468500,3846.9367,3859.8456,3840.9073,3837.3511
103311000,3855.1451,2586000,37485900,3597751800,49683954400,3846.9367,3859.8456,3840.9073,3837.3511
103316000,3855.2644,2164900,25284000,3599916700,49709238400,3846.9367,3859.8456,3840.9073,3837.3511
103321000,3854.6811,2058100,28465700,3601974800,49737704100,3846.9367,3859.8456,3840.9073,3837.3511
103327000,3855.0172,2459100,32075900,3604433900,49769780000,3846.9367,3859.8456,3840.9073,3837.3511
103331000,3855.2315,2040600,23190700,3606474500,49792970700,3846.9367,3859.8456,3840.9073,3837.3511
103337000,3855.299,3262100,42620500,3609736600,49835591200,3846.9367,3859.8456,3840.9073,3837.3511
103342000,3855.3473,2533200,36058600,3612269800,49871649800,3846.9367,3859.8456,3840.9073,3837.3511
103347000,3855.1451,2495500,32332300,3614765300,49903982100,3846.9367,3859.8456,3840.9073,3837.3511
103352000,3855.3043,2172700,31337100,3616938000,49935319200,3846.9367,3859.8456,3840.9073,3837.3511
103357000,3855.0436,2571200,24939100,3619509200,49960258300,3846.9367,3859.8456,3840.9073,3837.3511
103402000,3854.6856,2452800,30691300,3621962000,49990949600,3846.9367,3859.8456,3840.9073,3837.3511
103407000,3854.7436,2531400,35731600,3624493400,50026681200,3846.9367,3859.8456,3840.9073,3837.3511
103412000,3854.8872,1954400,23596200,3626447800,50050277400,3846.9367,3859.8456,3840.9073,3837.3511
103417000,3854.95,2092400,25626700,3628540200,50075904100,3846.9367,3859.8456,3840.9073,3837.3511
103422000,3854.8798,1846800,27660900,3630387000,50103565000,3846.9367,3859.8456,3840.9073,3837.3511
103427000,3854.7701,1774700,20877900,3632161700,50124442900,3846.9367,3859.8456,3840.9073,3837.3511
103432000,3854.9626,3160900,32566300,3635322600,50157009200,3846.9367,3859.8456,3840.9073,3837.3511
103437000,3855.2295,2973100,42629000,3638295700,50199638200,3846.9367,3859.8456,3840.9073,3837.3511
103442000,3854.7872,1796200,22510900,3640091900,50222149100,3846.9367,3859.8456,3840.9073,3837.3511
103447000,3855.2423,2842500,39532300,3642934400,50261681400,3846.9367,3859.8456,3840.9073,3837.3511
103452000,3854.962,2659600,33018500,3645594000,50294699900,3846.9367,3859.8456,3840.9073,3837.3511
103457000,3855.0627,1917400,21336800,3647511400,50316036700,3846.9367,3859.8456,3840.9073,3837.3511
103502000,3855.0988,2119800,27296400,3649631200,50343333100,3846.9367,3859.8456,3840.9073,3837.3511
103507000,3854.696,3441800,42223400,3653073000,50385556500,3846.9367,3859.8456,3840.9073,3837.3511
103512000,3854.7359,2219700,31203000,3655292700,50416759500,3846.9367,3859.8456,3840.9073,3837.3511
103517000,3854.9701,4097100,40607200,3659389800,50457366700,3846.9367,3859.8456,3840.9073,3837.3511
103522000,3854.7689,3048800,35902300,3662438600,50493269000,3846.9367,3859.8456,3840.9073,3837.3511
103527000,3854.6869,1437100,20957200,3663875700,50514226200,3846.9367,3859.8456,3840.9073,3837.3511
103532000,3854.8357,2381900,31216800,3666257600,50545443000,3846.9367,3859.8456,3840.9073,3837.3511
103537000,3855.2043,2119200,37149300,3668376800,50582592300,3846.9367,3859.8456,3840.9073,3837.3511
103542000,3855.4575,1992900,28245300,3670369700,50610837600,3846.9367,3859.8456,3840.9073,3837.3511
103547000,3855.4762,3081400,38970900,3673451100,50649808500,3846.9367,3859.8456,3840.9073,3837.3511
103552000,3855.9216,2300400,40526400,3675751500,50690334900,3846.9367,3859.8456,3840.9073,3837.3511
103557000,3856.1507,1940700,37550000,3677692200,50727884900,3846.9367,3859.8456,3840.9073,3837.3511
103602000,3856.42,3053500,46684300,3680745700,50774569200,3846.9367,3859.8456,3840.9073,3837.3511
103607000,3856.327,3407100,59849800,3684152800,50834419000,3846.9367,3859.8456,3840.9073,3837.3511
103612000,3856.6797,2728100,35289400,3686880900,50869708400,3846.9367,3859.8456,3840.9073,3837.3511
103617000,3856.9584,3674400,47517100,3690555300,50917225500,3846.9367,3859.8456,3840.9073,3837.3511
103622000,3856.6892,2995100,49879200,3693550400,50967104700,3846.9367,3859.8456,3840.9073,3837.3511
103627000,3856.9866,1524600,25084700,3695075000,50992189400,3846.9367,3859.8456,3840.9073,3837.3511
103632000,3856.9434,2534900,42497000,3697609900,51034686400,3846.9367,3859.8456,3840.9073,3837.3511
103638000,3857.2645,2691000,48000400,3700300900,51082686800,3846.9367,3859.8456,3840.9073,3837.3511
103643000,3857.0328,2926500,42208900,3703227400,51124895700,3846.9367,3859.8456,3840.9073,3837.3511
103647000,3857.5169,1357700,21862700,3704585100,51146758400,3846.9367,3859.8456,3840.9073,3837.3511
103653000,3857.6431,2547400,36092000,3707132500,51182850400,3846.9367,3859.8456,3840.9073,3837.3511
103658000,3857.6423,3287800,57836000,3710420300,51240686400,3846.9367,3859.8456,3840.9073,3837.3511
103703000,3857.7684,2335100,39605900,3712755400,51280292300,3846.9367,3859.8456,3840.9073,3837.3511
103708000,3857.4114,2104500,35298200,3714859900,51315590500,3846.9367,3859.8456,3840.9073,3837.3511
103713000,3857.8782,3096600,42839600,3717956500,51358430100,3846.9367,3859.8456,3840.9073,3837.3511
103718000,3857.9418,1365300,21040800,3719321800,51379470900,3846.9367,3859.8456,3840.9073,3837.3511
103723000,3857.7761,2215200,29670300,3721537000,51409141200,3846.9367,3859.8456,3840.9073,3837.3511
103728000,3857.4537,2053300,35237400,3723590300,51444378600,3846.9367,3859.8456,3840.9073,3837.3511
103733000,3857.6771,1970500,27374400,3725560800,51471753000,3846.9367,3859.8456,3840.9073,3837.3511
103738000,3857.9723,2654700,37605200,3728215500,51509358200,3846.9367,3859.8456,3840.9073,3837.3511
103743000,3858.2232,2584100,41865200,3730799600,51551223400,3846.9367,3859.8456,3840.9073,3837.3511
103748000,3858.281,1729400,29194100,3732529000,51580417500,3846.9367,3859.8456,3840.9073,3837.3511
103753000,3858.3631,1929100,26314500,3734458100,51606732000,3846.9367,3859.8456,3840.9073,3837.3511
103758000,3858.2912,2860300,44404100,3737318400,51651136100,3846.9367,3859.8456,3840.9073,3837.3511
103803000,3858.6165,2322300,42539100,3739640700,51693675200,3846.9367,3859.8456,3840.9073,3837.3511
103808000,3858.7276,2591400,43688800,3742232100,51737364000,3846.9367,3859.8456,3840.9073,3837.3511
103813000,3858.8076,3149900,42033900,3745382000,51779397900,3846.9367,3859.8456,3840.9073,3837.3511
103818000,3858.435,1908900,26550500,3747290900,51805948400,3846.9367,3859.8456,3840.9073,3837.3511
103823000,3858.5553,2509800,35891800,3749800700,51841840200,3846.9367,3859.8456,3840.9073,3837.3511
103828000,3858.5965,3320200,50546300,3753120900,51892386500,3846.9367,3859.8456,3840.9073,3837.3511
103833000,3858.5344,2372700,31780400,3755493600,51924166900,3846.9367,3859.8456,3840.9073,3837.3511
103838000,3858.7839,2811800,41592400,3758305400,51965759300,3846.9367,3859.8456,3840.9073,3837.3511
103843000,3858.9522,3036400,43878200,3761341800,52009637500,3846.9367,3859.8456,3840.9073,3837.3511
103848000,3859.2673,1882900,24260500,3763224700,52033898000,3846.9367,3859.8456,3840.9073,3837.3511
103853000,3859.425,2106300,31525800,3765331000,52065423800,3846.9367,3859.8456,3840.9073,3837.3511
103858000,3859.5976,2573500,45120600,3767904500,52110544400,3846.9367,3859.8456,3840.9073,3837.3511
103903000,3859.3596,1772500,31673300,3769677000,52142217700,3846.9367,3859.8456,3840.9073,3837.3511
103908000,3859.4098,2660400,41789900,3772337400,52184007600,3846.9367,3859.8456,3840.9073,3837.3511
103913000,3859.5809,3282500,46434400,3775619900,52230442000,3846.9367,3859.8456,3840.9073,3837.3511
103918000,3859.4654,1406600,21023300,3777026500,52251465300,3846.9367,3859.8456,3840.9073,3837.3511
103923000,3858.6479,2335100,38035800,3779361600,52289501100,3846.9367,3859.8456,3840.9073,3837.3511
103928000,3859.2651,1959300,33699100,3781320900,52323200200,3846.9367,3859.8456,3840.9073,3837.3511
103933000,3859.2317,1532600,26008400,3782853500,52349208600,3846.9367,3859.8456,3840.9073,3837.3511
103938000,3859.4476,2606100,41080700,3785459600,52390289300,3846.9367,3859.8456,3840.9073,3837.3511
103943000,3858.8826,2838300,45615000,3788297900,52435904300,3846.9367,3859.8456,3840.9073,3837.3511
103948000,3859.0062,1954200,26926300,3790252100,52462830600,3846.9367,3859.8456,3840.9073,3837.3511
103953000,3859.1407,3407200,48204700,3793659300,52511035300,3846.9367,3859.8456,3840.9073,3837.3511
103959000,3858.5103,2207400,34602900,3795866700,52545638200,3846.9367,3859.8456,3840.9073,3837.3511
104003000,3859.0625,1999100,30825900,3797865800,52576464100,3846.9367,3859.8456,3840.9073,3837.3511
104009000,3859.0513,2903500,40084200,3800769300,52616548300,3846.9367,3859.8456,3840.9073,3837.3511
104014000,3858.8977,2190900,31677600,3802960200,52648225900,3846.9367,3859.8456,3840.9073,3837.3511
104019000,3859.137,2325900,34566500,3805286100,52682792400,3846.9367,3859.8456,3840.9073,3837.3511
104024000,3858.7917,1515000,31626700,3806801100,52714419100,3846.9367,3859.8456,3840.9073,3837.3511
104029000,3858.8676,2175300,30320700,3808976400,52744739800,3846.9367,3859.8456,3840.9073,3837.3511
104034000,3859.1573,2389200,37776600,3811365600,52782516400,3846.9367,3859.8456,3840.9073,3837.3511
104039000,3859.5439,1993700,25178600,3813359300,52807695000,3846.9367,3859.8456,3840.9073,3837.3511
104044000,3859.5421,1951600,30140200,3815310900,52837835200,3846.9367,3859.8476,3840.9073,3837.3511
104049000,3859.6603,2026500,31905700,3817337400,52869740900,3846.9367,3859.8476,3840.9073,3837.3511
104054000,3859.2564,2616600,33033100,3819954000,52902774000,3846.9367,3859.8476,3840.9073,3837.3511
104059000,3859.8173,1862500,27753900,3821816500,52930527900,3846.9367,3859.8476,3840.9073,3837.3511
104104000,3859.1627,2592800,40491700,3824409300,52971019600,3846.9367,3859.8476,3840.9073,3837.3511
104109000,3859.1708,2100200,26815900,3826509500,52997835500,3846.9367,3859.8476,3840.9073,3837.3511
104114000,3858.9935,1847800,24069300,3828357300,53021904800,3846.9367,3859.8476,3840.9073,3837.3511
104119000,3859.459,2451500,33085500,3830808800,53054990300,3846.9367,3859.8476,3840.9073,3837.3511
104124000,3859.0856,1753000,24509300,3832561800,53079499600,3846.9367,3859.8476,3840.9073,3837.3511
104129000,3858.9721,2557600,37610800,3835119400,53117110400,3846.9367,3859.8476,3840.9073,3837.3511
104134000,3859.036,2480100,39151000,3837599500,53156261400,3846.9367,3859.8476,3840.9073,3837.3511
104139000,3859.2508,1705300,27363200,3839304800,53183624600,3846.9367,3859.8476,3840.9073,3837.3511
104144000,3859.0983,2300100,32288300,3841604900,53215912900,3846.9367,3859.8476,3840.9073,3837.3511
104149000,3859.2849,1980000,31871200,3843584900,53247784100,3846.9367,3859.8476,3840.9073,3837.3511
104154000,3859.0282,1840000,25982000,3845424900,53273766100,3846.9367,3859.8476,3840.9073,3837.3511
104159000,3858.9439,2158600,31266900,3847583500,53305033000,3846.9367,3859.8476,3840.9073,3837.3511
104204000,3858.8751,2995600,53419500,3850579100,53358452500,3846.9367,3859.8476,3840.9073,3837.3511
104209000,3858.5651,1482000,22192400,3852061100,53380644900,3846.9367,3859.8476,3840.9073,3837.3511
104214000,3858.4997,2694400,38825000,3854755500,53419469900,3846.9367,3859.8476,3840.9073,3837.3511
104219000,3858.5929,4439700,41078400,3859195200,53460548300,3846.9367,3859.8476,3840.9073,3837.3511
104224000,3858.3443,1560000,25135900,3860755200,53485684200,3846.9367,3859.8476,3840.9073,3837.3511
104229000,3858.2723,2295000,29581800,3863050200,53515266000,3846.9367,3859.8476,3840.9073,3837.3511
104234000,3858.4136,2455500,41992800,3865505700,53557258800,3846.9367,3859.8476,3840.9073,3837.3511
104239000,3858.0789,2105400,32080400,3867611100,53589339200,3846.9367,3859.8476,3840.9073,3837.3511
104244000,3857.5564,3176800,42790700,3870787900,53632129900,3846.9367,3859.8476,3840.9073,3837.3511
104249000,3857.4091,2770600,48708200,3873558500,53680838100,3846.9367,3859.8476,3840.9073,3837.3511
104254000,3857.0062,2205800,32227600,3875764300,53713065700,3846.9367,3859.8476,3840.9073,3837.3511
104259000,3856.9361,2591900,38348500,3878356200,53751414200,3846.9367,3859.8476,3840.9073,3837.3511
104304000,3856.7192,3789200,41197800,3882145400,53792612000,3846.9367,3859.8476,3840.9073,3837.3511
104309000,3856.3862,2080300,26599100,3884225700,53819211100,3846.9367,3859.8476,3840.9073,3837.3511
104315000,3856.5578,2845800,41309600,3887071500,53860520700,3846.9367,3859.8476,3840.9073,3837.3511
104319000,3856.2546,2110400,34154500,3889181900,53894675200,3846.9367,3859.8476,3840.9073,3837.3511
104325000,3856.421,1980100,28859600,3891162000,53923534800,3846.9367,3859.8476,3840.9073,3837.3511
104330000,3856.8383,1557000,30697000,3892719000,53954231800,3846.9367,3859.8476,3840.9073,3837.3511
104335000,3856.819,2265100,28153700,3894984100,53982385500,3846.9367,3859.8476,3840.9073,3837.3511
104340000,3857.002,2306900,32834600,3897291000,54015220100,3846.9367,3859.8476,3840.9073,3837.3511
104345000,3856.8199,1467900,18623900,3898758900,54033844000,3846.9367,3859.8476,3840.9073,3837.3511
104350000,3856.5545,2066800,37592200,3900825700,54071436200,3846.9367,3859.8476,3840.9073,3837.3511
104355000,3856.768,2255700,33209600,3903081400,54104645800,3846.9367,3859.8476,3840.9073,3837.3511
104400000,3856.3282,1445000,20876000,3904526400,54125521800,3846.9367,3859.8476,3840.9073,3837.3511
104405000,3856.3725,3534400,35079500,3908060800,54160601300,3846.9367,3859.8476,3840.9073,3837.3511
104410000,3856.3695,2936400,32232700,3910997200,54192834000,3846.9367,3859.8476,3840.9073,3837.3511
104415000,3856.1795,1302500,19291200,3912299700,54212125200,3846.9367,3859.8476,3840.9073,3837.3511
104420000,3856.2918,2120700,26624600,3914420400,54238749800,3846.9367,3859.8476,3840.9073,3837.3511
104425000,3855.4857,1931900,31947600,3916352300,54270697400,3846.9367,3859.8476,3840.9073,3837.3511
104430000,3855.7073,1718800,22307100,3918071100,54293004500,3846.9367,3859.8476,3840.9073,3837.3511
104435000,3856.3665,3153000,34526900,3921224100,54327531400,3846.9367,3859.8476,3840.9073,3837.3511
104440000,3856.1244,2948600,42956900,3924172700,54370488300,3846.9367,3859.8476,3840.9073,3837.3511
104445000,3856.3207,1574600,23224000,3925747300,54393712300,3846.9367,3859.8476,3840.9073,3837.3511
104450000,3856.4954,2613800,36724200,3928361100,54430436500,3846.9367,3859.8476,3840.9073,3837.3511
104455000,3856.378,2268600,31917800,3930629700,54462354300,3846.9367,3859.8476,3840.9073,3837.3511
104500000,3856.3342,1496700,20925800,3932126400,54483280100,3846.9367,3859.8476,3840.9073,3837.3511
104505000,3856.414,1847700,33413600,3933974100,54516693700,3846.9367,3859.8476,3840.9073,3837.3511
104510000,3856.4364,2208100,34140300,3936182200,54550834000,3846.9367,3859.8476,3840.9073,3837.3511
104515000,3856.2181,1470700,19373900,3937652900,54570207900,3846.9367,3859.8476,3840.9073,3837.3511
104520000,3856.0587,2045400,32192000,3939698300,54602399900,3846.9367,3859.8476,3840.9073,3837.3511
104525000,3855.5716,1650400,26064400,3941348700,54628464300,3846.9367,3859.8476,3840.9073,3837.3511
104530000,3855.5115,1280000,17501800,3942628700,54645966100,3846.9367,3859.8476,3840.9073,3837.3511
104535000,3856.1327,2153400,30332600,3944782100,54676298700,3846.9367,3859.8476,3840.9073,3837.3511
104540000,3855.9697,2917500,40465600,3947699600,54716764300,3846.9367,3859.8476,3840.9073,3837.3511
104545000,3855.7251,2282700,26540300,3949982300,54743304600,3846.9367,3859.8476,3840.9073,3837.3511
104550000,3855.8507,2274600,44186700,3952256900,54787491300,3846.9367,3859.8476,3840.9073,3837.3511
104555000,3855.8956,2193800,31440600,3954450700,54818931900,3846.9367,3859.8476,3840.9073,3837.3511
104600000,3855.9405,2017500,23427600,3956468200,54842359500,3846.9367,3859.8476,3840.9073,3837.3511
104605000,3855.7029,2422300,33464200,3958890500,54875823700,3846.9367,3859.8476,3840.9073,3837.3511
104610000,3855.9788,2338900,33243000,3961229400,54909066700,3846.9367,3859.8476,3840.9073,3837.3511
104615000,3855.2686,1482200,19277200,3962711600,54928343900,3846.9367,3859.8476,3840.9073,3837.3511
104620000,3855.6516,1534100,22009100,3964245700,54950353000,3846.9367,3859.8476,3840.9073,3837.3511
104625000,3855.1454,1716800,27291500,3965962500,54977644500,3846.9367,3859.8476,3840.9073,3837.3511
104630000,3855.3036,1823700,26924400,3967786200,55004568900,3846.9367,3859.8476,3840.9073,3837.3511
104635000,3855.4699,2044200,27850800,3969830400,55032419700,3846.9367,3859.8476,3840.9073,3837.3511
104641000,3855.4507,2043700,28687400,3971874100,55061107100,3846.9367,3859.8476,3840.9073,3837.3511
104646000,3855.8567,1850000,31120900,3973724100,55092228000,3846.9367,3859.8476,3840.9073,3837.3511
104651000,3855.673,2226200,27106900,3975950300,55119334900,3846.9367,3859.8476,3840.9073,3837.3511
104656000,3855.9861,1485000,21502400,3977435300,55140837300,3846.9367,3859.8476,3840.9073,3837.3511
104701000,3855.6784,2257400,31529000,3979692700,55172366300,3846.9367,3859.8476,3840.9073,3837.3511
104706000,3855.8069,1646400,29671900,3981339100,55202038200,3846.9367,3859.8476,3840.9073,3837.3511
104711000,3855.6323,3202500,36972300,3984541600,55239010500,3846.9367,3859.8476,3840.9073,3837.3511
104716000,3855.7081,1851200,29656400,3986392800,55268666900,3846.9367,3859.8476,3840.9073,3837.3511
104721000,3855.8681,2854700,26438900,3989247500,55295105800,3846.9367,3859.8476,3840.9073,3837.3511
104726000,3855.3341,2386500,29654900,3991634000,55324760700,3846.9367,3859.8476,3840.9073,3837.3511
104731000,3855.3306,4011700,35566500,3995645700,55360327200,3846.9367,3859.8476,3840.9073,3837.3511
104736000,3855.0047,3591400,38941100,3999237100,55399268300,3846.9367,3859.8476,3840.9073,3837.3511
104741000,3854.9211,2366700,30902000,4001603800,55430170300,3846.9367,3859.8476,3840.9073,3837.3511
104746000,3855.0792,2012000,30309800,4003615800,55460480100,3846.9367,3859.8476,3840.9073,3837.3511
104751000,3854.8606,2134300,31747900,4005750100,55492228000,3846.9367,3859.8476,3840.9073,3837.3511
104756000,3854.663,1593200,24712500,4007343300,55516940500,3846.9367,3859.8476,3840.9073,3837.3511
104801000,3854.5122,2930200,36448200,4010273500,55553388700,3846.9367,3859.8476,3840.9073,3837.3511
104806000,3854.2903,2628700,33587500,4012902200,55586976200,3846.9367,3859.8476,3840.9073,3837.3511
104811000,3854.3945,2008100,24882700,4014910300,55611858900,3846.9367,3859.8476,3840.9073,3837.3511
104816000,3853.9726,2228600,35094400,4017138900,55646953300,3846.9367,3859.8476,3840.9073,3837.3511
104821000,3854.2508,1952400,25064400,4019091300,55672017700,3846.9367,3859.8476,3840.9073,3837.3511
104826000,3853.8636,2780500,32239000,4021871800,55704256700,3846.9367,3859.8476,3840.9073,3837.3511
104831000,3853.3413,2152600,29721300,4024024400,55733978000,3846.9367,3859.8476,3840.9073,3837.3511
104836000,3853.43,2269200,36068100,4026293600,55770046100,3846.9367,3859.8476,3840.9073,3837.3511
104841000,3853.3576,2038100,26719300,4028331700,55796765400,3846.9367,3859.8476,3840.9073,3837.3511
104846000,3853.2047,2029600,32444700,4030361300,55829210100,3846.9367,3859.8476,3840.9073,3837.3511
104851000,3853.3094,1971500,29015200,4032332800,55858225300,3846.9367,3859.8476,3840.9073,3837.3511
104856000,3852.8552,2985400,33267700,4035318200,55891493000,3846.9367,3859.8476,3840.9073,3837.3511
104901000,3852.6224,2224000,32012000,4037542200,55923505000,3846.9367,3859.8476,3840.9073,3837.3511
104906000,3852.54,2909800,35680100,4040452000,55959185100,3846.9367,3859.8476,3840.9073,3837.3511
104911000,3852.0881,3667300,46659200,4044119300,56005844300,3846.9367,3859.8476,3840.9073,3837.3511
104916000,3852.354,3653200,44246100,4047772500,56050090400,3846.9367,3859.8476,3840.9073,3837.3511
104921000,3852.2152,2712200,32568000,4050484700,56082658400,3846.9367,3859.8476,3840.9073,3837.3511
104926000,3851.9963,2869500,35839500,4053354200,56118497900,3846.9367,3859.8476,3840.9073,3837.3511
104931000,3851.785,2026500,37679700,4055380700,56156177600,3846.9367,3859.8476,3840.9073,3837.3511
104936000,3852.2097,2156400,29417900,4057537100,56185595500,3846.9367,3859.8476,3840.9073,3837.3511
104941000,3852.1118,3187100,34217700,4060724200,56219813200,3846.9367,3859.8476,3840.9073,3837.3511
104946000,3851.7033,3341100,38444400,4064065300,56258257600,3846.9367,3859.8476,3840.9073,3837.3511
104951000,3851.822,1884000,27445300,4065949300,56285702900,3846.9367,3859.8476,3840.9073,3837.3511
104957000,3851.6872,2529900,38581900,4068479200,56324284800,3846.9367,3859.8476,3840.9073,3837.3511
105002000,3851.654,2781300,40509800,4071260500,56364794600,3846.9367,3859.8476,3840.9073,3837.3511
105007000,3851.2211,2837900,38052300,4074098400,56402846900,3846.9367,3859.8476,3840.9073,3837.3511
105012000,3851.4411,1943400,26166900,4076041800,56429013800,3846.9367,3859.8476,3840.9073,3837.3511
105017000,3851.3502,2413000,30429900,4078454800,56459443700,3846.9367,3859.8476,3840.9073,3837.3511
105022000,3851.9006,3305200,36835100,4081760000,56496278800,3846.9367,3859.8476,3840.9073,3837.3511
105027000,3851.1682,1960400,19637800,4083720400,56515916600,3846.9367,3859.8476,3840.9073,3837.3511
105032000,3851.0411,2200900,28005700,4085921300,56543922300,3846.9367,3859.8476,3840.9073,3837.3511
105037000,3851.3502,2372700,33612100,4088294000,56577534400,3846.9367,3859.8476,3840.9073,3837.3511
105042000,3851.6143,2895200,36160300,4091189200,56613694700,3846.9367,3859.8476,3840.9073,3837.3511
105047000,3851.5515,2280200,34608300,4093469400,56648303000,3846.9367,3859.8476,3840.9073,3837.3511
105052000,3851.4468,1962200,29332200,4095431600,56677635200,3846.9367,3859.8476,3840.9073,3837.3511
105057000,3851.5708,2389200,29512900,4097820800,56707148100,3846.9367,3859.8476,3840.9073,3837.3511
105102000,3851.3497,2472400,31408000,4100293200,56738556100,3846.9367,3859.8476,3840.9073,3837.3511
105107000,3851.1239,2470800,44712400,4102764000,56783268500,3846.9367,3859.8476,3840.9073,3837.3511
105112000,3850.9786,1786600,25162800,4104550600,56808431300,3846.9367,3859.8476,3840.9073,3837.3511
105117000,3851.1155,2360500,31573200,4106911100,56840004500,3846.9367,3859.8476,3840.9073,3837.3511
105122000,3850.9024,2406100,37643000,4109317200,56877647500,3846.9367,3859.8476,3840.9073,3837.3511
105127000,3850.347,1447500,25240500,4110764700,56902888000,3846.9367,3859.8476,3840.9073,3837.3511
105132000,3850.4949,2287700,27544400,4113052400,56930432400,3846.9367,3859.8476,3840.9073,3837.3511
105137000,3850.837,2622500,40274800,4115674900,56970707200,3846.9367,3859.8476,3840.9073,3837.3511
105142000,3850.8114,1704600,25705000,4117379500,56996412200,3846.9367,3859.8476,3840.9073,3837.3511
105147000,3850.7657,2346700,32587700,4119726200,57028999900,3846.9367,3859.8476,3840.9073,3837.3511
105152000,3850.6947,2297500,32330000,4122023700,57061329900,3846.9367,3859.8476,3840.9073,3837.3511
105157000,3850.5414,1669400,23668000,4123693100,57084997900,3846.9367,3859.8476,3840.9073,3837.3511
105202000,3850.3382,2277200,33650500,4125970300,57118648400,3846.9367,3859.8476,3840.9073,3837.3511
105207000,3850.7042,3496300,42653400,4129466600,57161301800,3846.9367,3859.8476,3840.9073,3837.3511
105212000,3850.2522,1828600,24920600,4131295200,57186222400,3846.9367,3859.8476,3840.9073,3837.3511
105217000,3850.3659,3222500,38301700,4134517700,57224524100,3846.9367,3859.8476,3840.9073,3837.3511
105222000,3850.022,2487400,40461400,4137005100,57264985500,3846.9367,3859.8476,3840.9073,3837.3511
105227000,3849.77,2250700,24774300,4139255800,57289759800,3846.9367,3859.8476,3840.9073,3837.3511
105232000,3849.8292,2750600,35589300,4142006400,57325349100,3846.9367,3859.8476,3840.9073,3837.3511
105237000,3850.2805,2298500,34992900,4144304900,57360342000,3846.9367,3859.8476,3840.9073,3837.3511
105242000,3850.1737,1702700,26733700,4146007600,57387075700,3846.9367,3859.8476,3840.9073,3837.3511
105247000,3850.4952,2745400,39096100,4148753000,57426171800,3846.9367,3859.8476,3840.9073,3837.3511
105252000,3850.3579,2159600,32625700,4150912600,57458797500,3846.9367,3859.8476,3840.9073,3837.3511
105257000,3850.5237,1522800,18683600,4152435400,57477481100,3846.9367,3859.8476,3840.9073,3837.3511
105302000,3849.8789,2309100,32908400,4154744500,57510389500,3846.9367,3859.8476,3840.9073,3837.3511
105307000,3850.114,2170400,34991500,4156914900,57545381000,3846.9367,3859.8476,3840.9073,3837.3511
105313000,3850.3477,2505800,40348700,4159420700,57585729700,3846.9367,3859.8476,3840.9073,3837.3511
105317000,3850.3548,2065700,27342500,4161486400,57613072200,3846.9367,3859.8476,3840.9073,3837.3511
105323000,3850.101,2173300,26231500,4163659700,57639303700,3846.9367,3859.8476,3840.9073,3837.3511
105328000,3849.715,2105000,31004300,4165764700,57670308000,3846.9367,3859.8476,3840.9073,3837.3511
105333000,3849.9488,1367700,20499700,4167132400,57690807700,3846.9367,3859.8476,3840.9073,3837.3511
105338000,3850.1475,2676500,37628800,4169808900,57728436500,3846.9367,3859.8476,3840.9073,3837.3511
105343000,3851.0654,3249000,49506500,4173057900,57777943000,3846.9367,3859.8476,3840.9073,3837.3511
105348000,3850.4788,1568300,23484400,4174626200,57801427400,3846.9367,3859.8476,3840.9073,3837.3511
105353000,3850.4387,2340800,35480500,4176967000,57836907900,3846.9367,3859.8476,3840.9073,3837.3511
105358000,3851.1849,2457900,41218600,4179424900,57878126500,3846.9367,3859.8476,3840.9073,3837.3511
105403000,3850.636,1530900,21043800,4180955800,57899170300,3846.9367,3859.8476,3840.9073,3837.3511
105408000,3850.577,2707900,42905200,4183663700,57942075500,3846.9367,3859.8476,3840.9073,3837.3511
105413000,3850.3253,3108400,42148000,4186772100,57984223500,3846.9367,3859.8476,3840.9073,3837.3511
105418000,3850.4157,1475000,18836800,4188247100,58003060300,3846.9367,3859.8476,3840.9073,3837.3511
105423000,3850.6022,2457900,35789900,4190705000,58038850200,3846.9367,3859.8476,3840.9073,3837.3511
105428000,3850.4345,1748500,27433300,4192453500,58066283500,3846.9367,3859.8476,3840.9073,3837.3511
105433000,3849.8417,1666500,20590700,4194120000,58086874200,3846.9367,3859.8476,3840.9073,3837.3511
105438000,3850.5035,2901600,43897400,4197021600,58130771600,3846.9367,3859.8476,3840.9073,3837.3511
105443000,3850.5641,2456300,34283400,4199477900,58165055000,3846.9367,3859.8476,3840.9073,3837.3511
105448000,3850.5949,2184200,23503400,4201662100,58188558400,3846.9367,3859.8476,3840.9073,3837.3511
105453000,3850.5528,2530700,46755200,4204192800,58235313600,3846.9367,3859.8476,3840.9073,3837.3511
105458000,3850.7912,2237400,36870000,4206430200,58272183600,3846.9367,3859.8476,3840.9073,3837.3511
105503000,3850.4615,1609100,31022800,4208039300,58303206400,3846.9367,3859.8476,3840.9073,3837.3511
105508000,3849.8413,3373100,47805800,4211412400,58351012200,3846.9367,3859.8476,3840.9073,3837.3511
105513000,3849.5135,2649100,43984900,4214061500,58394997100,3846.9367,3859.8476,3840.9073,3837.3511
105518000,3849.1855,2008600,22972300,4216070100,58417969400,3846.9367,3859.8476,3840.9073,3837.3511
105523000,3848.9004,2567800,34585200,4218637900,58452554600,3846.9367,3859.8476,3840.9073,3837.3511
105528000,3848.6758,2788800,37881600,4221426700,58490436200,3846.9367,3859.8476,3840.9073,3837.3511
105533000,3848.3776,1734700,20855000,4223161400,58511291200,3846.9367,3859.8476,3840.9073,3837.3511
105538000,3848.9324,2556600,36053800,4225718000,58547345000,3846.9367,3859.8476,3840.9073,3837.3511
105543000,3849.0108,3343700,45068100,4229061700,58592413100,3846.9367,3859.8476,3840.9073,3837.3511
105548000,3848.2516,1671400,23933900,4230733100,58616347000,3846.9367,3859.8476,3840.9073,3837.3511
105553000,3848.6896,2888000,35450300,4233621100,58651797300,3846.9367,3859.8476,3840.9073,3837.3511
105558000,3848.3528,3234000,45286000,4236855100,58697083300,3846.9367,3859.8476,3840.9073,3837.3511
105603000,3848.2649,1742500,24523400,4238597600,58721606700,3846.9367,3859.8476,3840.9073,3837.3511
105608000,3848.0469,2973900,41577200,4241571500,58763183900,3846.9367,3859.8476,3840.9073,3837.3511
105613000,3848.0229,2483900,36563100,4244055400,58799747000,3846.9367,3859.8476,3840.9073,3837.3511
105618000,3847.9281,1800700,24358100,4245856100,58824105100,3846.9367,3859.8476,3840.9073,3837.3511
105623000,3848.0895,3278100,38033300,4249134200,58862138400,3846.9367,3859.8476,3840.9073,3837.3511
105629000,3847.5424,2476500,33253200,4251610700,58895391600,3846.9367,3859.8476,3840.9073,3837.3511
105633000,3847.5892,2337600,37892000,4253948300,58933283600,3846.9367,3859.8476,3840.9073,3837.3511
105638000,3847.9322,2921600,46089200,4256869900,58979372800,3846.9367,3859.8476,3840.9073,3837.3511
105644000,3848.2195,3110400,49484000,4259980300,59028856800,3846.9367,3859.8476,3840.9073,3837.3511
105649000,3848.337,3741300,47936400,4263721600,59076793200,3846.9367,3859.8476,3840.9073,3837.3511
105654000,3847.9834,1306500,21077100,4265028100,59097870300,3846.9367,3859.8476,3840.9073,3837.3511
105659000,3848.2431,2262200,33601700,4267290300,59131472000,3846.9367,3859.8476,3840.9073,3837.3511
105704000,3848.1581,2466300,42359000,4269756600,59173831000,3846.9367,3859.8476,3840.9073,3837.3511
105709000,3847.8567,2793600,34101600,4272550200,59207932600,3846.9367,3859.8476,3840.9073,3837.3511
105714000,3847.8234,2160600,30938100,4274710800,59238870700,3846.9367,3859.8476,3840.9073,3837.3511
105719000,3847.9732,2481300,34708600,4277192100,59273579300,3846.9367,3859.8476,3840.9073,3837.3511
105724000,3847.7033,2224800,24060500,4279416900,59297639800,3846.9367,3859.8476,3840.9073,3837.3511
105729000,3847.4852,2701200,38198400,4282118100,59335838200,3846.9367,3859.8476,3840.9073,3837.3511
105734000,3847.6436,2089600,34483200,4284207700,59370321400,3846.9367,3859.8476,3840.9073,3837.3511
105739000,3847.9761,1552400,25947800,4285760100,59396269200,3846.9367,3859.8476,3840.9073,3837.3511
105744000,3848.0971,2515700,36048500,4288275800,59432317700,3846.9367,3859.8476,3840.9073,3837.3511
105749000,3848.0819,2287500,41033900,4290563300,59473351600,3846.9367,3859.8476,3840.9073,3837.3511
105754000,3848.072,2123100,24913200,4292686400,59498264800,3846.9367,3859.8476,3840.9073,3837.3511
105759000,3848.2345,2206100,33056000,4294892500,59531320800,3846.9367,3859.8476,3840.9073,3837.3511
105804000,3848.6368,2329800,37186700,4297222300,59568507500,3846.9367,3859.8476,3840.9073,3837.3511
105809000,3848.0248,1814500,24056200,4299036800,59592563700,3846.9367,3859.8476,3840.9073,3837.3511
105814000,3848.3175,2265800,33126100,4301302600,59625689800,3846.9367,3859.8476,3840.9073,3837.3511
105819000,3848.3847,2067900,32418300,4303370500,59658108100,3846.9367,3859.8476,3840.9073,3837.3511
105824000,3848.3626,1794600,21011700,4305165100,59679119800,3846.9367,3859.8476,3840.9073,3837.3511
105829000,3847.8648,2524500,32720900,4307689600,59711840700,3846.9367,3859.8476,3840.9073,3837.3511
105834000,3847.4899,2629900,42986700,4310319500,59754827400,3846.9367,3859.8476,3840.9073,3837.3511
105839000,3848.1066,3140400,35030700,4313459900,59789858100,3846.9367,3859.8476,3840.9073,3837.3511
105844000,3848.4289,2339300,27970500,4315799200,59817828600,3846.9367,3859.8476,3840.9073,3837.3511
105849000,3848.2486,1817200,32063800,4317616400,59849892400,3846.9367,3859.8476,3840.9073,3837.3511
105854000,3848.4164,1767600,28940900,4319384000,59878833300,3846.9367,3859.8476,3840.9073,3837.3511
105859000,3848.7116,2135200,26162600,4321519200,59904995900,3846.9367,3859.8476,3840.9073,3837.3511
105904000,3848.2871,2365800,38830400,4323885000,59943826300,3846.9367,3859.8476,3840.9073,3837.3511
105909000,3848.4284,1421400,20761400,4325306400,59964587700,3846.9367,3859.8476,3840.9073,3837.3511
105914000,3848.3378,2173600,32168700,4327480000,59996756400,3846.9367,3859.8476,3840.9073,3837.3511
105919000,3848.8656,2344000,32367100,4329824000,60029123500,3846.9367,3859.8476,3840.9073,3837.3511
105924000,3848.8109,1063700,15403100,4330887700,60044526600,3846.9367,3859.8476,3840.9073,3837.3511
105929000,3848.307,2267800,26535800,4333155500,60071062400,3846.9367,3859.8476,3840.9073,3837.3511
105934000,3848.634,3847600,49703700,4337003100,60120766100,3846.9367,3859.8476,3840.9073,3837.3511
105939000,3848.3833,1649200,21848400,4338652300,60142614500,3846.9367,3859.8476,3840.9073,3837.3511
105944000,3848.799,1746900,39429800,4340399200,60182044300,3846.9367,3859.8476,3840.9073,3837.3511
105949000,3848.7739,2834900,32532100,4343234100,60214576400,3846.9367,3859.8476,3840.9073,3837.3511
105954000,3848.521,1531000,20734600,4344765100,60235311000,3846.9367,3859.8476,3840.9073,3837.3511
110000000,3848.6684,2058600,28061500,4346823700,60263372500,3846.9367,3859.8476,3840.9073,3837.3511
110005000,3848.0276,3329900,38835600,4350153600,60302208100,3846.9367,3859.8476,3840.9073,3837.3511
110010000,3847.7532,3155100,45890200,4353308700,60348098300,3846.9367,3859.8476,3840.9073,3837.3511
110015000,3848.0937,1502800,19104600,4354811500,60367202900,3846.9367,3859.8476,3840.9073,3837.3511
110020000,3847.7281,2702900,33088000,4357514400,60400290900,3846.9367,3859.8476,3840.9073,3837.3511
110025000,3847.7581,2228400,29123000,4359742800,60429413900,3846.9367,3859.8476,3840.9073,3837.3511
110030000,3847.7477,1712500,21331300,4361455300,60450745200,3846.9367,3859.8476,3840.9073,3837.3511
110035000,3847.3495,3051200,31659900,4364506500,60482405100,3846.9367,3859.8476,3840.9073,3837.3511
110040000,3848.1829,2553700,33881100,4367060200,60516286200,3846.9367,3859.8476,3840.9073,3837.3511
110045000,3847.9403,1492400,22632000,4368552600,60538918200,3846.9367,3859.8476,3840.9073,3837.3511
110050000,3847.7612,2048600,29306700,4370601200,60568224900,3846.9367,3859.8476,3840.9073,3837.3511
110055000,3847.8289,2232500,34143600,4372833700,60602368500,3846.9367,3859.8476,3840.9073,3837.3511
110100000,3848.0466,1647600,31590600,4374481300,60633959100,3846.9367,3859.8476,3840.9073,3837.3511
110105000,3847.5078,2016600,29831000,4376497900,60663790100,3846.9367,3859.8476,3840.9073,3837.3511
110110000,3847.7752,1944600,29117500,4378442500,60692907600,3846.9367,3859.8476,3840.9073,3837.3511
110115000,3847.5209,1331700,19620400,4379774200,60712528000,3846.9367,3859.8476,3840.9073,3837.3511
110120000,3847.6006,2212200,25497000,4381986400,60738025000,3846.9367,3859.8476,3840.9073,3837.3511
110125000,3847.1456,2222700,35549500,4384209100,60773574500,3846.9367,3859.8476,3840.9073,3837.3511
110130000,3847.1753,1142600,20937800,4385351700,60794512300,3846.9367,3859.8476,3840.9073,3837.3511
110135000,3846.7376,1769800,26934100,4387121500,60821446400,3846.9367,3859.8476,3840.9073,3837.3511
110140000,3847.1529,2209200,30999800,4389330700,60852446200,3846.9367,3859.8476,3840.9073,3837.3511
110145000,3847.4577,1275500,17541200,4390606200,60869987400,3846.9367,3859.8476,3840.9073,3837.3511
110150000,3847.3808,2639600,34020700,4393245800,60904008100,3846.9367,3859.8476,3840.9073,3837.3511
110155000,3847.3833,2188600,38438700,4395434400,60942446800,3846.9367,3859.8476,3840.9073,3837.3511
110200000,3847.7319,1710800,21234000,4397145200,60963680800,3846.9367,3859.8476,3840.9073,3837.3511
110205000,3847.6471,2378900,37726500,4399524100,61001407300,3846.9367,3859.8476,3840.9073,3837.3511
110210000,3847.4032,3030700,36841900,4402554800,61038249200,3846.9367,3859.8476,3840.9073,3837.3511
110215000,3847.156,1481500,20323500,4404036300,61058572700,3846.9367,3859.8476,3840.9073,3837.3511
110220000,3847.1681,2051000,27454400,4406087300,61086027100,3846.9367,3859.8476,3840.9073,3837.3511
110225000,3846.855,2450700,44662600,4408538000,61130689700,3846.9367,3859.8476,3840.9073,3837.3511
110230000,3846.7084,1317000,17807700,4409855000,61148497400,3846.9367,3859.8476,3840.9073,3837.3511
110235000,3846.4402,3043700,36818700,4412898700,61185316100,3846.9367,3859.8476,3840.9073,3837.3511
110240000,3846.8754,2118400,29339500,4415017100,61214655600,3846.9367,3859.8476,3840.9073,3837.3511
110245000,3846.9913,1092400,16365000,4416109500,61231020600,3846.9367,3859.8476,3840.9073,3837.3511
110250000,3846.7962,2922500,34870400,4419032000,61265891000,3846.9367,3859.8476,3840.9073,3837.3511
110255000,3846.6708,2791700,47846800,4421823700,61313737800,3846.9367,3859.8476,3840.9073,3837.3511
110300000,3847.0653,1882700,26098700,4423706400,61339836500,3846.9367,3859.8476,3840.9073,3837.3511
110306000,3846.8869,2556100,36398000,4426262500,61376234500,3846.9367,3859.8476,3840.9073,3837.3511
110310000,3846.9798,2600400,32934300,4428862900,61409168800,3846.9367,3859.8476,3840.9073,3837.3511
110316000,3847.1199,1914800,25918300,4430777700,61435087100,3846.9367,3859.8476,3840.9073,3837.3511
110321000,3846.9991,1335300,16126300,4432113000,61451213400,3846.9367,3859.8476,3840.9073,3837.3511
110326000,3847.0661,1769700,26898300,4433882700,61478111700,3846.9367,3859.8476,3840.9073,3837.3511
110331000,3846.3352,2097200,31482500,4435979900,61509594200,3846.9367,3859.8476,3840.9073,3837.3511
110336000,3846.2489,2674100,27570800,4438654000,61537165000,3846.9367,3859.8476,3840.9073,3837.3511
110341000,3846.8794,1800200,25076000,4440454200,61562241000,3846.9367,3859.8476,3840.9073,3837.3511
110346000,3846.7808,1682600,25594800,4442136800,61587835800,3846.9367,3859.8476,3840.9073,3837.3511
110351000,3846.7012,1224500,17578900,4443361300,61605414700,3846.9367,3859.8476,3840.9073,3837.3511
110356000,3846.9437,1830200,25300600,4445191500,61630715300,3846.9367,3859.8476,3840.9073,3837.3511
110401000,3847.0136,1626600,21311200,4446818100,61652026500,3846.9367,3859.8476,3840.9073,3837.3511
110406000,3847.0656,2713400,31682600,4449531500,61683709100,3846.9367,3859.8476,3840.9073,3837.3511
110411000,3846.8678,2036600,28136600,4451568100,61711845700,3846.9367,3859.8476,3840.9073,3837.3511
110416000,3846.8577,2130100,28973000,4453698200,61740818700,3846.9367,3859.8476,3840.9073,3837.3511
110421000,3846.9149,2675900,32100200,4456374100,61772918900,3846.9367,3859.8476,3840.9073,3837.3511
110426000,3847.0588,1982100,27922200,4458356200,61800841100,3846.9367,3859.8476,3840.9073,3837.3511
110431000,3846.5331,1632000,27714100,4459988200,61828555200,3846.9367,3859.8476,3840.9073,3837.3511
110436000,3846.5082,1627300,29853100,4461615500,61858408300,3846.9367,3859.8476,3840.9073,3837.3511
110441000,3846.9093,2031800,30620300,4463647300,61889028600,3846.9367,3859.8476,3840.9073,3837.3511
110446000,3846.6175,1709000,28363700,4465356300,61917392300,3846.9367,3859.8476,3840.9073,3837.3511
110451000,3846.5741,1750400,24903500,4467106700,61942295800,3846.9367,3859.8476,3840.9073,3837.3511
110456000,3847.1558,2689800,30032200,4469796500,61972328000,3846.9367,3859.8476,3840.9073,3837.3511
110501000,3846.7567,1374200,20797000,4471170700,61993125000,3846.9367,3859.8476,3840.9073,3837.3511
110506000,3846.3713,2425300,26795700,4473596000,62019920700,3846.9367,3859.8476,3840.9073,3837.3511
110511000,3845.9943,2248900,30505900,4475844900,62050426600,3846.9367,3859.8476,3840.9073,3837.3511
110516000,3846.3278,1881000,35142900,4477725900,62085569500,3846.9367,3859.8476,3840.9073,3837.3511
110521000,3845.9475,2266800,32652700,4479992700,62118222200,3846.9367,3859.8476,3840.9073,3837.3511
110526000,3846.1482,2607300,28371700,4482600000,62146593900,3846.9367,3859.8476,3840.9073,3837.3511
110531000,3845.4767,2317600,32477700,4484917600,62179071600,3846.9367,3859.8476,3840.9073,3837.3511
110536000,3845.4257,1716900,32672400,4486634500,62211744000,3846.9367,3859.8476,3840.9073,3837.3511
110541000,3844.8546,1727500,28446000,4488362000,62240190000,3846.9367,3859.8476,3840.9073,3837.3511
110546000,3844.8727,1944300,31140300,4490306300,62271330300,3846.9367,3859.8476,3840.9073,3837.3511
110551000,3845.5383,1400500,23903400,4491706800,62295233700,3846.9367,3859.8476,3840.9073,3837.3511
110556000,3845.6414,2441900,34418500,4494148700,62329652200,3846.9367,3859.8476,3840.9073,3837.3511
110601000,3845.531,2032400,33518600,4496181100,62363170800,3846.9367,3859.8476,3840.9073,3837.3511
110606000,3845.1016,2713100,40196800,4498894200,62403367600,3846.9367,3859.8476,3840.9073,3837.3511
110611000,3845.0513,1903000,26721600,4500797200,62430089200,3846.9367,3859.8476,3840.9073,3837.3511
110616000,3844.826,1995300,26362600,4502792500,62456451800,3846.9367,3859.8476,3840.9073,3837.3511
110622000,3845.1895,2776700,34795800,4505569200,62491247600,3846.9367,3859.8476,3840.9073,3837.3511
110626000,3844.8035,1865600,22161800,4507434800,62513409400,3846.9367,3859.8476,3840.9073,3837.3511
110632000,3844.5899,2439000,32745900,4509873800,62546155300,3846.9367,3859.8476,3840.9073,3837.3511
110637000,3844.4925,2261300,33879600,4512135100,62580034900,3846.9367,3859.8476,3840.9073,3837.3511
110642000,3845.1453,2255400,28160900,4514390500,62608195800,3846.9367,3859.8476,3840.9073,3837.3511
110647000,3844.6894,2705300,35205400,4517095800,62643401200,3846.9367,3859.8476,3840.9073,3837.3511
110652000,3845.1534,1685000,28345400,4518780800,62671746600,3846.9367,3859.8476,3840.9073,3837.3511
110657000,3845.0941,1099200,15134300,4519880000,62686880900,3846.9367,3859.8476,3840.9073,3837.3511
110702000,3845.215,1913200,26584000,4521793200,62713464900,3846.9367,3859.8476,3840.9073,3837.3511
110707000,3845.1224,1873000,31353100,4523666200,62744818000,3846.9367,3859.8476,3840.9073,3837.3511
110712000,3845.0784,1531400,23359400,4525197600,62768177400,3846.9367,3859.8476,3840.9073,3837.3511
110717000,3844.7979,1690600,25768000,4526888200,62793945400,3846.9367,3859.8476,3840.9073,3837.3511
110722000,3845.6102,2266400,30300600,4529154600,62824246000,3846.9367,3859.8476,3840.9073,3837.3511
110727000,3845.4387,1303800,21167400,4530458400,62845413400,3846.9367,3859.8476,3840.9073,3837.3511
110732000,3844.9492,1615000,22726900,4532073400,62868140300,3846.9367,3859.8476,3840.9073,3837.3511
110737000,3844.7663,1843100,33000800,4533916500,62901141100,3846.9367,3859.8476,3840.9073,3837.3511
110742000,3845.337,1957200,28310800,4535873700,62929451900,3846.9367,3859.8476,3840.9073,3837.3511
110747000,3845.2616,2971300,34401700,4538845000,62963853600,3846.9367,3859.8476,3840.9073,3837.3511
110752000,3845.6821,1755700,32076300,4540600700,62995929900,3846.9367,3859.8476,3840.9073,3837.3511
110757000,3845.4261,1377100,22826600,4541977800,63018756500,3846.9367,3859.8476,3840.9073,3837.3511
110802000,3845.6992,2451100,28273800,4544428900,63047030300,3846.9367,3859.8476,3840.9073,3837.3511
110807000,3845.0327,1985000,34949200,4546413900,63081979500,3846.9367,3859.8476,3840.9073,3837.3511
110812000,3845.5049,1270700,20817700,4547684600,63102797200,3846.9367,3859.8476,3840.9073,3837.3511
110817000,3845.2012,2409400,28918400,4550094000,63131715600,3846.9367,3859.8476,3840.9073,3837.3511
110822000,3845.8107,1625200,24422000,4551719200,63156137600,3846.9367,3859.8476,3840.9073,3837.3511
110827000,3845.7621,958700,18771600,4552677900,63174909200,3846.9367,3859.8476,3840.9073,3837.3511
110832000,3845.4451,1740500,27196800,4554418400,63202106000,3846.9367,3859.8476,3840.9073,3837.3511
110837000,3844.7854,2084700,40827300,4556503100,63242933300,3846.9367,3859.8476,3840.9073,3837.3511
110842000,3845.8155,1604700,19731900,4558107800,63262665200,3846.9367,3859.8476,3840.9073,3837.3511
110847000,3845.5611,1971300,28965000,4560079100,63291630200,3846.9367,3859.8476,3840.9073,3837.3511
110852000,3845.8725,1614300,28910700,4561693400,63320540900,3846.9367,3859.8476,3840.9073,3837.3511
110857000,3845.5277,883400,19430000,4562576800,63339970900,3846.9367,3859.8476,3840.9073,3837.3511
110902000,3845.9166,3139600,40316900,4565716400,63380287800,3846.9367,3859.8476,3840.9073,3837.3511
110907000,3846.0229,2422800,34834600,4568139200,63415122400,3846.9367,3859.8476,3840.9073,3837.3511
110912000,3846.0343,1474300,20131500,4569613500,63435253900,3846.9367,3859.8476,3840.9073,3837.3511
110917000,3845.8015,1691300,25797200,4571304800,63461051100,3846.9367,3859.8476,3840.9073,3837.3511
110922000,3845.749,1624200,26066700,4572929000,63487117800,3846.9367,3859.8476,3840.9073,3837.3511
110927000,3845.8306,1463600,17296800,4574392600,63504414600,3846.9367,3859.8476,3840.9073,3837.3511
110932000,3845.4361,1719300,28028100,4576111900,63532442700,3846.9367,3859.8476,3840.9073,3837.3511
110937000,3845.279,2267700,33351400,4578379600,63565794100,3846.9367,3859.8476,3840.9073,3837.3511
110943000,3846.1421,2164800,30641700,4580544400,63596435800,3846.9367,3859.8476,3840.9073,3837.3511
110947000,3845.7713,1244500,17617100,4581788900,63614052900,3846.9367,3859.8476,3840.9073,3837.3511
110953000,3846.3955,3179600,42850900,4584968500,63656903800,3846.9367,3859.8476,3840.9073,3837.3511
110958000,3845.79,1682300,26956500,4586650800,63683860300,3846.9367,3859.8476,3840.9073,3837.3511
111003000,3845.8222,942400,13458100,4587593200,63697318400,3846.9367,3859.8476,3840.9073,3837.3511
111008000,3845.6223,2815800,36955900,4590409000,63734274300,3846.9367,3859.8476,3840.9073,3837.3511
111013000,3846.159,1985300,32675500,4592394300,63766949800,3846.9367,3859.8476,3840.9073,3837.3511
111018000,3845.8256,1368800,21247800,4593763100,63788197600,3846.9367,3859.8476,3840.9073,3837.3511
111023000,3846.2356,2267200,35449200,4596030300,63823646800,3846.9367,3859.8476,3840.9073,3837.3511
111028000,3846.0844,1780600,26296100,4597810900,63849942900,3846.9367,3859.8476,3840.9073,3837.3511
111033000,3846.3964,1219900,17355100,4599030800,63867298000,3846.9367,3859.8476,3840.9073,3837.3511
111038000,3846.1221,2017100,29675200,4601047900,63896973200,3846.9367,3859.8476,3840.9073,3837.3511
111043000,3846.573,1533800,27816500,4602581700,63924789700,3846.9367,3859.8476,3840.9073,3837.3511
111048000,3846.4966,1050300,20470700,4603632000,63945260400,3846.9367,3859.8476,3840.9073,3837.3511
111053000,3846.7054,1727100,28996200,4605359100,63974256600,3846.9367,3859.8476,3840.9073,3837.3511
111058000,3846.9695,1745400,32293500,4607104500,64006550100,3846.9367,3859.8476,3840.9073,3837.3511
111103000,3847.251,964900,18405500,4608069400,64024955600,3846.9367,3859.8476,3840.9073,3837.3511
111108000,3847.136,3001200,45827800,4611070600,64070783400,3846.9367,3859.8476,3840.9073,3837.3511
111113000,3847.3449,2367700,43359700,4613438300,64114143100,3846.9367,3859.8476,3840.9073,3837.3511
111118000,3847.6391,1676100,22890800,4615114400,64137033900,3846.9367,3859.8476,3840.9073,3837.3511
111123000,3848.3094,2385000,33190500,4617499400,64170224400,3846.9367,3859.8476,3840.9073,3837.3511
111128000,3848.5136,1982200,30081500,4619481600,64200305900,3846.9367,3859.8476,3840.9073,3837.3511
111133000,3848.6148,1860100,34137000,4621341700,64234442900,3846.9367,3859.8476,3840.9073,3837.3511
111138000,3848.3739,2452700,40403500,4623794400,64274846400,3846.9367,3859.8476,3840.9073,3837.3511
111143000,3849.2138,2296700,40536600,4626091100,64315383000,3846.9367,3859.8476,3840.9073,3837.3511
111148000,3849.041,1467900,25357300,4627559000,64340740300,3846.9367,3859.8476,3840.9073,3837.3511
111153000,3849.2003,2381500,27642800,4629940500,64368383100,3846.9367,3859.8476,3840.9073,3837.3511
111158000,3849.4412,1847400,30803300,4631787900,64399186400,3846.9367,3859.8476,3840.9073,3837.3511
111203000,3849.4957,2068000,29015300,4633855900,64428201700,3846.9367,3859.8476,3840.9073,3837.3511
111208000,3849.7455,2244500,38044300,4636100400,64466246000,3846.9367,3859.8476,3840.9073,3837.3511
111213000,3850.2771,1973100,31152400,4638073500,64497398400,3846.9367,3859.8476,3840.9073,3837.3511
111218000,3849.9371,1736300,24696900,4639809800,64522095300,3846.9367,3859.8476,3840.9073,3837.3511
111223000,3850.1542,2193600,30584600,4642003400,64552679900,3846.9367,3859.8476,3840.9073,3837.3511
111228000,3849.9732,1872500,32935900,4643875900,64585615800,3846.9367,3859.8476,3840.9073,3837.3511
111233000,3849.3908,2000000,30854800,4645875900,64616470600,3846.9367,3859.8476,3840.9073,3837.3511
111238000,3849.4159,1682600,26471900,4647558500,64642942500,3846.9367,3859.8476,3840.9073,3837.3511
111243000,3850.0502,1662500,29220200,4649221000,64672162700,3846.9367,3859.8476,3840.9073,3837.3511
111248000,3849.998,1064000,21473500,4650285000,64693636200,3846.9367,3859.8476,3840.9073,3837.3511
111253000,3850.2188,1444300,24759600,4651729300,64718395800,3846.9367,3859.8476,3840.9073,3837.3511
111258000,3850.3129,1904700,27463300,4653634000,64745859100,3846.9367,3859.8476,3840.9073,3837.3511
111304000,3850.4975,1808600,30726400,4655442600,64776585500,3846.9367,3859.8476,3840.9073,3837.3511
111309000,3849.8518,1798600,25464800,4657241200,64802050300,3846.9367,3859.8476,3840.9073,3837.3511
111314000,3850.2013,1856500,25016300,4659097700,64827066600,3846.9367,3859.8476,3840.9073,3837.3511
111319000,3849.7462,2036400,25675200,4661134100,64852741800,3846.9367,3859.8476,3840.9073,3837.3511
111324000,3850.1836,1176100,18542300,4662310200,64871284100,3846.9367,3859.8476,3840.9073,3837.3511
111329000,3849.9929,1460000,21785200,4663770200,64893069300,3846.9367,3859.8476,3840.9073,3837.3511
111334000,3849.5497,1594300,25612200,4665364500,64918681500,3846.9367,3859.8476,3840.9073,3837.3511
111339000,3849.3586,1548400,23114300,4666912900,64941795800,3846.9367,3859.8476,3840.9073,3837.3511
111344000,3849.855,2719700,31464000,4669632600,64973259800,3846.9367,3859.8476,3840.9073,3837.3511
111349000,3849.7687,1681200,24010500,4671313800,64997270300,3846.9367,3859.8476,3840.9073,3837.3511
111354000,3850.1188,1605000,21397400,4672918800,65018667700,3846.9367,3859.8476,3840.9073,3837.3511
111359000,3850.1779,2145900,26040600,4675064700,65044708300,3846.9367,3859.8476,3840.9073,3837.3511
111404000,3850.1363,1476600,24476100,4676541300,65069184400,3846.9367,3859.8476,3840.9073,3837.3511
111409000,3849.6022,1734800,26251800,4678276100,65095436200,3846.9367,3859.8476,3840.9073,3837.3511
111414000,3849.9594,2056000,25589800,4680332100,65121026000,3846.9367,3859.8476,3840.9073,3837.3511
111419000,3849.8887,1675500,25094200,4682007600,65146120200,3846.9367,3859.8476,3840.9073,3837.3511
111424000,3850.2872,1279800,17906900,4683287400,65164027100,3846.9367,3859.8476,3840.9073,3837.3511
111429000,3850.3961,1289900,20637800,4684577300,65184664900,3846.9367,3859.8476,3840.9073,3837.3511
111434000,3850.1556,1789400,23886000,4686366700,65208550900,3846.9367,3859.8476,3840.9073,3837.3511
111439000,3849.7208,1620500,22605600,4687987200,65231156500,3846.9367,3859.8476,3840.9073,3837.3511
111444000,3850.0852,1408100,21806300,4689395300,65252962800,3846.9367,3859.8476,3840.9073,3837.3511
111449000,3849.9857,1419000,18574500,4690814300,65271537300,3846.9367,3859.8476,3840.9073,3837.3511
111454000,3850.2787,917900,15018800,4691732200,65286556100,3846.9367,3859.8476,3840.9073,3837.3511
111459000,3849.8832,1626100,21955600,4693358300,65308511700,3846.9367,3859.8476,3840.9073,3837.3511
111504000,3850.2477,1607900,26718300,4694966200,65335230000,3846.9367,3859.8476,3840.9073,3837.3511
111509000,3850.2367,1827400,30312800,4696793600,65365542800,3846.9367,3859.8476,3840.9073,3837.3511
111514000,3850.5454,1532700,24451900,4698326300,65389994700,3846.9367,3859.8476,3840.9073,3837.3511
111519000,3850.4124,1917300,25440600,4700243600,65415435300,3846.9367,3859.8476,3840.9073,3837.3511
111524000,3850.5061,1136800,26643800,4701380400,65442079100,3846.9367,3859.8476,3840.9073,3837.3511
111529000,3850.4027,1540300,28582000,4702920700,65470661100,3846.9367,3859.8476,3840.9073,3837.3511
111534000,3850.3512,1662200,27050800,4704582900,65497711900,3846.9367,3859.8476,3840.9073,3837.3511
111539000,3850.1431,1324000,26772800,4705906900,65524484700,3846.9367,3859.8476,3840.9073,3837.3511
111544000,3850.3738,2370600,31586400,4708277500,65556071100,3846.9367,3859.8476,3840.9073,3837.3511
111549000,3850.2271,1975500,39131300,4710253000,65595202400,3846.9367,3859.8476,3840.9073,3837.3511
111554000,3850.5901,1279000,24362400,4711532000,65619564800,3846.9367,3859.8476,3840.9073,3837.3511
111559000,3850.5606,1505200,21809900,4713037200,65641374700,3846.9367,3859.8476,3840.9073,3837.3511
111604000,3850.5917,1363500,22084000,4714400700,65663458700,3846.9367,3859.8476,3840.9073,3837.3511
111609000,3850.1886,1443300,21424900,4715844000,65684883600,3846.9367,3859.8476,3840.9073,3837.3511
111614000,3850.5211,1674500,26174300,4717518500,65711057900,3846.9367,3859.8476,3840.9073,3837.3511
111620000,3850.4746,1926100,30490400,4719444600,65741548300,3846.9367,3859.8476,3840.9073,3837.3511
111625000,3850.5689,1201900,22100000,4720646500,65763648300,3846.9367,3859.8476,3840.9073,3837.3511
111629000,3850.5011,1384700,16252800,4722031200,65779901100,3846.9367,3859.8476,3840.9073,3837.3511
111635000,3850.1492,2441000,34517200,4724472200,65814418300,3846.9367,3859.8476,3840.9073,3837.3511
111640000,3850.0577,2044900,28217700,4726517100,65842636000,3846.9367,3859.8476,3840.9073,3837.3511
111645000,3850.636,1588000,18885600,4728105100,65861521600,3846.9367,3859.8476,3840.9073,3837.3511
111650000,3850.2305,2301500,30115700,4730406600,65891637300,3846.9367,3859.8476,3840.9073,3837.3511
111655000,3850.6011,1338900,24291300,4731745500,65915928600,3846.9367,3859.8476,3840.9073,3837.3511
111700000,3850.159,1346300,23463200,4733091800,65939391800,3846.9367,3859.8476,3840.9073,3837.3511
111705000,3850.7235,1942200,50760300,4735034000,65990152100,3846.9367,3859.8476,3840.9073,3837.3511
111710000,3850.1451,2097100,32286000,4737131100,66022438100,3846.9367,3859.8476,3840.9073,3837.3511
111715000,3850.753,875300,12114800,4738006400,66034552900,3846.9367,3859.8476,3840.9073,3837.3511
111720000,3850.2784,1421500,21487200,4739427900,66056040100,3846.9367,3859.8476,3840.9073,3837.3511
111725000,3850.71,1605700,25350200,4741033600,66081390300,3846.9367,3859.8476,3840.9073,3837.3511
111730000,3850.606,1215000,16076900,4742248600,66097467200,3846.9367,3859.8476,3840.9073,3837.3511
111735000,3850.4004,2073300,28655200,4744321900,66126122400,3846.9367,3859.8476,3840.9073,3837.3511
111740000,3850.1227,1955400,27146200,4746277300,66153268600,3846.9367,3859.8476,3840.9073,3837.3511
111745000,3850.8693,1569700,18006900,4747847000,66171275500,3846.9367,3859.8476,3840.9073,3837.3511
111750000,3850.5364,2437200,34857700,4750284200,66206133200,3846.9367,3859.8476,3840.9073,3837.3511
111755000,3850.4267,1748100,30753300,4752032300,66236886500,3846.9367,3859.8476,3840.9073,3837.3511
111800000,3850.7981,1328700,20088300,4753361000,66256974800,3846.9367,3859.8476,3840.9073,3837.3511
111805000,3851.054,2467600,24717200,4755828600,66281692000,3846.9367,3859.8476,3840.9073,3837.3511
111810000,3850.7402,2564100,36872200,4758392700,66318564200,3846.9367,3859.8476,3840.9073,3837.3511
111815000,3850.5803,1217300,19992400,4759610000,66338556600,3846.9367,3859.8476,3840.9073,3837.3511
111820000,3850.6777,2541300,37231100,4762151300,66375787700,3846.9367,3859.8476,3840.9073,3837.3511
111825000,3851.2442,1298200,22481400,4763449500,66398269100,3846.9367,3859.8476,3840.9073,3837.3511
111830000,3850.5422,1040800,15666100,4764490300,66413935200,3846.9367,3859.8476,3840.9073,3837.3511
111835000,3850.414,1952500,25588400,4766442800,66439523600,3846.9367,3859.8476,3840.9073,3837.3511
111840000,3850.4578,2482900,34650800,4768925700,66474174400,3846.9367,3859.8476,3840.9073,3837.3511
111845000,3850.8962,1101600,14012400,4770027300,66488186800,3846.9367,3859.8476,3840.9073,3837.3511
111850000,3850.7379,1817100,33921100,4771844400,66522107900,3846.9367,3859.8476,3840.9073,3837.3511
111855000,3850.8056,1264600,24431800,4773109000,66546539700,3846.9367,3859.8476,3840.9073,3837.3511
111900000,3850.7831,1119600,20844700,4774228600,66567384400,3846.9367,3859.8476,3840.9073,3837.3511
111905000,3850.997,1557900,21621400,4775786500,66589005800,3846.9367,3859.8476,3840.9073,3837.3511
111910000,3850.9043,1671700,34120700,4777458200,66623126500,3846.9367,3859.8476,3840.9073,3837.3511
111915000,3850.9857,1302400,14094300,4778760600,66637220800,3846.9367,3859.8476,3840.9073,3837.3511
111920000,3851.01,1517200,24077400,4780277800,66661298200,3846.9367,3859.8476,3840.9073,3837.3511
111925000,3850.7702,1152300,17636100,4781430100,66678934300,3846.9367,3859.8476,3840.9073,3837.3511
111930000,3850.8862,1287800,14402500,4782717900,66693336800,3846.9367,3859.8476,3840.9073,3837.3511
111935000,3850.8391,2388800,35311800,4785106700,66728648600,3846.9367,3859.8476,3840.9073,3837.3511
111941000,3850.5395,1881800,23696900,4786988500,66752345500,3846.9367,3859.8476,3840.9073,3837.3511
111945000,3851.3388,944900,15662900,4787933400,66768008400,3846.9367,3859.8476,3840.9073,3837.3511
111951000,3851.1105,2683100,43355200,4790616500,66811363600,3846.9367,3859.8476,3840.9073,3837.3511
111956000,3851.3401,1872900,26904500,4792489400,66838268100,3846.9367,3859.8476,3840.9073,3837.3511
112001000,3851.0295,1357600,27060600,4793847000,66865328700,3846.9367,3859.8476,3840.9073,3837.3511
112006000,3850.9872,1346700,21995100,4795193700,66887323800,3846.9367,3859.8476,3840.9073,3837.3511
112011000,3851.3184,2400100,29850500,4797593800,66917174300,3846.9367,3859.8476,3840.9073,3837.3511
112016000,3851.4198,1798900,30523100,4799392700,66947697400,3846.9367,3859.8476,3840.9073,3837.3511
112021000,3851.1476,1236900,15093300,4800629600,66962790700,3846.9367,3859.8476,3840.9073,3837.3511
112026000,3851.5103,1696600,22107700,4802326200,66984898400,3846.9367,3859.8476,3840.9073,3837.3511
112031000,3851.0534,1915500,26628300,4804241700,67011526700,3846.9367,3859.8476,3840.9073,3837.3511
112036000,3851.1175,2036500,22269600,4806278200,67033796300,3846.9367,3859.8476,3840.9073,3837.3511
112041000,3850.9719,2322400,32019700,4808600600,67065816000,3846.9367,3859.8476,3840.9073,3837.3511
112046000,3851.4693,1633300,25848800,4810233900,67091664800,3846.9367,3859.8476,3840.9073,3837.3511
112051000,3851.2936,921200,12296600,4811155100,67103961400,3846.9367,3859.8476,3840.9073,3837.3511
112056000,3851.0518,1288900,18645000,4812444000,67122606400,3846.9367,3859.8476,3840.9073,3837.3511
112101000,3851.3924,1481400,24580600,4813925400,67147187000,3846.9367,3859.8476,3840.9073,3837.3511
112106000,3851.1253,1601500,21587900,4815526900,67168774900,3846.9367,3859.8476,3840.9073,3837.3511
112111000,3850.7145,2069000,33804000,4817595900,67202578900,3846.9367,3859.8476,3840.9073,3837.3511
112116000,3851.3209,1481100,23774500,4819077000,67226353400,3846.9367,3859.8476,3840.9073,3837.3511
112121000,3850.5234,955900,11322600,4820032900,67237676000,3846.9367,3859.8476,3840.9073,3837.3511
112126000,3850.8277,2262000,26181800,4822294900,67263857800,3846.9367,3859.8476,3840.9073,3837.3511
112131000,3851.026,1799500,27610300,4824094400,67291468100,3846.9367,3859.8476,3840.9073,3837.3511
112136000,3850.6828,1464700,20274300,4825559100,67311742400,3846.9367,3859.8476,3840.9073,3837.3511
112141000,3850.4633,1916900,25056700,4827476000,67336799100,3846.9367,3859.8476,3840.9073,3837.3511
112146000,3851.2253,2286800,34620700,4829762800,67371419800,3846.9367,3859.8476,3840.9073,3837.3511
112151000,3850.8121,1197600,17946100,4830960400,67389365900,3846.9367,3859.8476,3840.9073,3837.3511
112156000,3850.8899,1690000,24357600,4832650400,67413723500,3846.9367,3859.8476,3840.9073,3837.3511
112201000,3851.3324,1540500,21175800,4834190900,67434899300,3846.9367,3859.8476,3840.9073,3837.3511
112206000,3851.234,1266700,19844700,4835457600,67454744000,3846.9367,3859.8476,3840.9073,3837.3511
112211000,3850.7811,2417300,28532000,4837874900,67483276000,3846.9367,3859.8476,3840.9073,3837.3511
112216000,3851.2189,1285700,18199400,4839160600,67501475400,3846.9367,3859.8476,3840.9073,3837.3511
112221000,3850.4202,967000,18058600,4840127600,67519534000,3846.9367,3859.8476,3840.9073,3837.3511
112226000,3850.7201,2059500,30423400,4842187100,67549957400,3846.9367,3859.8476,3840.9073,3837.3511
112231000,3850.4873,1294200,17416800,4843481300,67567374200,3846.9367,3859.8476,3840.9073,3837.3511
112236000,3849.8614,1376000,17182900,4844857300,67584557100,3846.9367,3859.8476,3840.9073,3837.3511
112241000,3850.1568,2301700,22838000,4847159000,67607395100,3846.9367,3859.8476,3840.9073,3837.3511
112246000,3850.377,2293200,26189700,4849452200,67633584800,3846.9367,3859.8476,3840.9073,3837.3511
112251000,3850.4271,1264800,18730900,4850717000,67652315700,3846.9367,3859.8476,3840.9073,3837.3511
112257000,3850.4026,1696300,24753000,4852413300,67677068700,3846.9367,3859.8476,3840.9073,3837.3511
112301000,3850.7079,1283200,17974800,4853696500,67695043500,3846.9367,3859.8476,3840.9073,3837.3511
112307000,3850.3662,1905600,28147800,4855602100,67723191300,3846.9367,3859.8476,3840.9073,3837.3511
112312000,3850.3878,1250000,13072600,4856852100,67736263900,3846.9367,3859.8476,3840.9073,3837.3511
112317000,3850.0676,1321100,20751800,4858173200,67757015700,3846.9367,3859.8476,3840.9073,3837.3511
112322000,3850.2558,1112800,19175700,4859286000,67776191400,3846.9367,3859.8476,3840.9073,3837.3511
112327000,3849.8579,908000,13068900,4860194000,67789260300,3846.9367,3859.8476,3840.9073,3837.3511
112332000,3849.8276,1980300,26889500,4862174300,67816149800,3846.9367,3859.8476,3840.9073,3837.3511
112337000,3849.6302,1523400,26334400,4863697700,67842484200,3846.9367,3859.8476,3840.9073,3837.3511
112342000,3849.5982,1417000,16364900,4865114700,67858849100,3846.9367,3859.8476,3840.9073,3837.3511
112347000,3849.661,1774000,27633000,4866888700,67886482100,3846.9367,3859.8476,3840.9073,3837.3511
112352000,3849.995,1065500,17709600,4867954200,67904191700,3846.9367,3859.8476,3840.9073,3837.3511
112357000,3850.2774,1497500,19463700,4869451700,67923655400,3846.9367,3859.8476,3840.9073,3837.3511
112402000,3850.0326,1961500,26765200,4871413200,67950420600,3846.9367,3859.8476,3840.9073,3837.3511
112407000,3849.7831,1571000,27930900,4872984200,67978351500,3846.9367,3859.8476,3840.9073,3837.3511
112412000,3849.6841,1339900,18772800,4874324100,67997124300,3846.9367,3859.8476,3840.9073,3837.3511
112417000,3849.8882,1597000,22654500,4875921100,68019778800,3846.9367,3859.8476,3840.9073,3837.3511
112422000,3849.7147,1456200,23495900,4877377300,68043274700,3846.9367,3859.8476,3840.9073,3837.3511
112427000,3849.7528,931100,14824400,4878308400,68058099100,3846.9367,3859.8476,3840.9073,3837.3511
112432000,3849.6,1826600,25850200,4880135000,68083949300,3846.9367,3859.8476,3840.9073,3837.3511
112437000,3849.2278,2235400,30681300,4882370400,68114630600,3846.9367,3859.8476,3840.9073,3837.3511
112442000,3849.2331,947000,12910800,4883317400,68127541400,3846.9367,3859.8476,3840.9073,3837.3511
112447000,3849.2882,1911400,23313200,4885228800,68150854600,3846.9367,3859.8476,3840.9073,3837.3511
112452000,3849.5094,1571800,20532400,4886800600,68171387000,3846.9367,3859.8476,3840.9073,3837.3511
112457000,3849.6133,979900,13225000,4887780500,68184612000,3846.9367,3859.8476,3840.9073,3837.3511
112502000,3849.4823,1701300,25453100,4889481800,68210065100,3846.9367,3859.8476,3840.9073,3837.3511
112507000,3849.2848,1789500,37283500,4891271300,68247348600,3846.9367,3859.8476,3840.9073,3837.3511
112512000,3849.1,910000,13966800,4892181300,68261315400,3846.9367,3859.8476,3840.9073,3837.3511
112517000,3849.4977,1415900,22587500,4893597200,68283902900,3846.9367,3859.8476,3840.9073,3837.3511
112522000,3849.1764,1399400,23855300,4894996600,68307758200,3846.9367,3859.8476,3840.9073,3837.3511
112527000,3848.8052,963600,15418700,4895960200,68323176900,3846.9367,3859.8476,3840.9073,3837.3511
112532000,3848.7927,1624100,29353500,4897584300,68352530400,3846.9367,3859.8476,3840.9073,3837.3511
112537000,3848.38,1587800,28291500,4899172100,68380821900,3846.9367,3859.8476,3840.9073,3837.3511
112542000,3848.4539,1922300,26083200,4901094400,68406905100,3846.9367,3859.8476,3840.9073,3837.3511
112547000,3848.0516,1787100,26124400,4902881500,68433029500,3846.9367,3859.8476,3840.9073,3837.3511
112552000,3848.4596,1520700,26462900,4904402200,68459492400,3846.9367,3859.8476,3840.9073,3837.3511
112557000,3848.6909,1803100,22348700,4906205300,68481841100,3846.9367,3859.8476,3840.9073,3837.3511
112602000,3848.2876,2212400,30177100,4908417700,68512018200,3846.9367,3859.8476,3840.9073,3837.3511
112607000,3848.3209,2153400,31313300,4910571100,68543331500,3846.9367,3859.8476,3840.9073,3837.3511
112613000,3847.975,1810900,25800700,4912382000,68569132200,3846.9367,3859.8476,3840.9073,3837.3511
112617000,3848.1468,1267900,16023000,4913649900,68585155200,3846.9367,3859.8476,3840.9073,3837.3511
112623000,3847.984,2298700,28359500,4915948600,68613514700,3846.9367,3859.8476,3840.9073,3837.3511
112628000,3847.6067,1549100,23007200,4917497700,68636521900,3846.9367,3859.8476,3840.9073,3837.3511
112633000,3847.4985,1545800,16899100,4919043500,68653421000,3846.9367,3859.8476,3840.9073,3837.3511
112638000,3847.5181,2793400,33066600,4921836900,68686487600,3846.9367,3859.8476,3840.9073,3837.3511
112643000,3847.5584,2589300,32272900,4924426200,68718760500,3846.9367,3859.8476,3840.9073,3837.3511
112648000,3847.534,1109900,26121000,4925536100,68744881500,3846.9367,3859.8476,3840.9073,3837.3511
112653000,3848.0551,1400100,21106300,4926936200,68765987800,3846.9367,3859.8476,3840.9073,3837.3511
112658000,3847.8632,1748400,22598600,4928684600,68788586400,3846.9367,3859.8476,3840.9073,3837.3511
112703000,3847.8869,1248800,17861100,4929933400,68806447500,3846.9367,3859.8476,3840.9073,3837.3511
112708000,3847.5694,1340900,20789800,4931274300,68827237300,3846.9367,3859.8476,3840.9073,3837.3511
112713000,3847.6301,1564700,25684300,4932839000,68852921600,3846.9367,3859.8476,3840.9073,3837.3511
112718000,3847.6011,1190700,16059700,4934029700,68868981300,3846.9367,3859.8476,3840.9073,3837.3511
112723000,3847.3873,1291800,19527600,4935321500,68888508900,3846.9367,3859.8476,3840.9073,3837.3511
112728000,3847.325,1265700,17195200,4936587200,68905704100,3846.9367,3859.8476,3840.9073,3837.3511
112733000,3847.2263,1234900,17684900,4937822100,68923389000,3846.9367,3859.8476,3840.9073,3837.3511
112738000,3846.6322,1701000,21872700,4939523100,68945261700,3846.9367,3859.8476,3840.9073,3837.3511
112743000,3847.1604,1787200,25189100,4941310300,68970450800,3846.9367,3859.8476,3840.9073,3837.3511
112748000,3846.7221,1138400,19532500,4942448700,68989983300,3846.9367,3859.8476,3840.9073,3837.3511
112753000,3847.0318,1673000,39217200,4944121700,69029200500,3846.9367,3859.8476,3840.9073,3837.3511
112758000,3846.8896,1762500,22420600,4945884200,69051621100,3846.9367,3859.8476,3840.9073,3837.3511
112803000,3846.8738,1635900,25008700,4947520100,69076629800,3846.9367,3859.8476,3840.9073,3837.3511
112808000,3846.7027,1837800,29531800,4949357900,69106161600,3846.9367,3859.8476,3840.9073,3837.3511
112813000,3846.7007,1874100,21234300,4951232000,69127395900,3846.9367,3859.8476,3840.9073,3837.3511
112818000,3846.2965,1068300,13656200,4952300300,69141052100,3846.9367,3859.8476,3840.9073,3837.3511
112823000,3846.2897,1444600,20199800,4953744900,69161251900,3846.9367,3859.8476,3840.9073,3837.3511
112828000,3845.9829,1319100,20921400,4955064000,69182173300,3846.9367,3859.8476,3840.9073,3837.3511
112833000,3845.7234,1754600,22316700,4956818600,69204490000,3846.9367,3859.8476,3840.9073,3837.3511
112838000,3845.5652,2067100,31893100,4958885700,69236383100,3846.9367,3859.8476,3840.9073,3837.3511
112843000,3845.4326,1742600,21743300,4960628300,69258126400,3846.9367,3859.8476,3840.9073,3837.3511
112848000,3845.8549,885100,17084300,4961513400,69275210700,3846.9367,3859.8476,3840.9073,3837.3511
112853000,3845.415,1360700,21448500,4962874100,69296659200,3846.9367,3859.8476,3840.9073,3837.3511
112858000,3845.6314,2133600,28703700,4965007700,69325362900,3846.9367,3859.8476,3840.9073,3837.3511
112903000,3845.6756,1421900,16790600,4966429600,69342153500,3846.9367,3859.8476,3840.9073,3837.3511
112908000,3845.6568,2162300,30157800,4968591900,69372311300,3846.9367,3859.8476,3840.9073,3837.3511
112913000,3845.3065,1335000,25295400,4969926900,69397606700,3846.9367,3859.8476,3840.9073,3837.3511
112918000,3845.6161,978200,12867400,4970905100,69410474100,3846.9367,3859.8476,3840.9073,3837.3511
112923000,3844.9997,1416900,22878200,4972322000,69433352300,3846.9367,3859.8476,3840.9073,3837.3511
112928000,3844.7781,1425300,27260700,4973747300,69460613000,3846.9367,3859.8476,3840.9073,3837.3511
112933000,3844.8635,838400,14663800,4974585700,69475276800,3846.9367,3859.8476,3840.9073,3837.3511
112939000,3844.2949,1529500,23770300,4976115200,69499047100,3846.9367,3859.8476,3840.9073,3837.3511
112944000,3845.0809,1336200,22688600,4977451400,69521735700,3846.9367,3859.8476,3840.9073,3837.3511
112949000,3845.0799,1080900,21459800,4978532300,69543195500,3846.9367,3859.8476,3840.9073,3837.3511
112954000,3844.8355,556600,9226400,4979088900,69552421900,3846.9367,3859.8476,3840.9073,3837.3511
112959000,3844.6726,1215900,20741900,4980304800,69573163800,3846.9367,3859.8476,3840.9073,3837.3511
113003000,3844.8045,629800,9037300,4980934600,69582201100,3846.9367,3859.8476,3840.9073,3837.3511
130001000,3845.0918,3982700,62432500,4984917300,69644633600,3846.9367,3859.8476,3840.9073,3837.3511
130006000,3844.8976,22830100,291039000,5007747400,69935672600,3846.9367,3859.8476,3840.9073,3837.3511
130011000,3845.0205,8147600,94764700,5015895000,70030437300,3846.9367,3859.8476,3840.9073,3837.3511
130016000,3845.0241,2747300,36354200,5018642300,70066791500,3846.9367,3859.8476,3840.9073,3837.3511
130021000,3844.8562,1876200,23852300,5020518500,70090643800,3846.9367,3859.8476,3840.9073,3837.3511
130026000,3844.3206,1238300,20668500,5021756800,70111312300,3846.9367,3859.8476,3840.9073,3837.3511
130031000,3844.1963,1401600,21267500,5023158400,70132579800,3846.9367,3859.8476,3840.9073,3837.3511
130036000,3843.7233,1454400,25574200,5024612800,70158154000,3846.9367,3859.8476,3840.9073,3837.3511
130041000,3843.8449,1614500,34603200,5026227300,70192757200,3846.9367,3859.8476,3840.9073,3837.3511
130046000,3844.3255,1055800,16818700,5027283100,70209575900,3846.9367,3859.8476,3840.9073,3837.3511
130051000,3844.3772,908400,14171000,5028191500,70223746900,3846.9367,3859.8476,3840.9073,3837.3511
130056000,3844.643,1193900,25035400,5029385400,70248782300,3846.9367,3859.8476,3840.9073,3837.3511
130101000,3844.5128,1197500,23036400,5030582900,70271818700,3846.9367,3859.8476,3840.9073,3837.3511
130106000,3844.2998,1327700,21855400,5031910600,70293674100,3846.9367,3859.8476,3840.9073,3837.3511
130111000,3844.1898,1506300,20399200,5033416900,70314073300,3846.9367,3859.8476,3840.9073,3837.3511
130116000,3844.7776,968100,15936000,5034385000,70330009300,3846.9367,3859.8476,3840.9073,3837.3511
130121000,3844.703,643900,9772500,5035028900,70339781800,3846.9367,3859.8476,3840.9073,3837.3511
130126000,3844.4922,1171900,19204700,5036200800,70358986500,3846.9367,3859.8476,3840.9073,3837.3511
130131000,3844.6201,856500,14719100,5037057300,70373705600,3846.9367,3859.8476,3840.9073,3837.3511
130136000,3844.4495,1510300,20292100,5038567600,70393997700,3846.9367,3859.8476,3840.9073,3837.3511
130142000,3844.2511,1353200,18690000,5039920800,70412687700,3846.9367,3859.8476,3840.9073,3837.3511
130147000,3844.2226,2274800,21420400,5042195600,70434108100,3846.9367,3859.8476,3840.9073,3837.3511
130151000,3844.4924,597700,8487800,5042793300,70442595900,3846.9367,3859.8476,3840.9073,3837.3511
130157000,3844.3747,1288300,16822200,5044081600,70459418100,3846.9367,3859.8476,3840.9073,3837.3511
130202000,3844.8172,1186800,16476900,5045268400,70475895000,3846.9367,3859.8476,3840.9073,3837.3511
130207000,3844.5775,1878400,27894200,5047146800,70503789200,3846.9367,3859.8476,3840.9073,3837.3511
130212000,3844.507,866400,12099800,5048013200,70515889000,3846.9367,3859.8476,3840.9073,3837.3511
130217000,3844.4847,2347600,24279700,5050360800,70540168700,3846.9367,3859.8476,3840.9073,3837.3511
130222000,3844.5549,3052100,27131000,5053412900,70567299700,3846.9367,3859.8476,3840.9073,3837.3511
130227000,3844.7374,1449000,18354900,5054861900,70585654600,3846.9367,3859.8476,3840.9073,3837.3511
130232000,3844.6972,2408500,23909900,5057270400,70609564500,3846.9367,3859.8476,3840.9073,3837.3511
130237000,3844.5218,1623300,26119500,5058893700,70635684000,3846.9367,3859.8476,3840.9073,3837.3511
130242000,3844.6004,1327700,20514800,5060221400,70656198800,3846.9367,3859.8476,3840.9073,3837.3511
130247000,3844.5959,1427300,20162300,5061648700,70676361100,3846.9367,3859.8476,3840.9073,3837.3511
130252000,3845.8109,1499000,22742000,5063147700,70699103100,3846.9367,3859.8476,3840.9073,3837.3511
130257000,3845.4639,1068500,26588900,5064216200,70725692000,3846.9367,3859.8476,3840.9073,3837.3511
130302000,3845.4895,1039700,19212100,5065255900,70744904100,3846.9367,3859.8476,3840.9073,3837.3511
130307000,3845.5761,1289500,25285800,5066545400,70770189900,3846.9367,3859.8476,3840.9073,3837.3511
130312000,3845.7739,1496200,17639600,5068041600,70787829500,3846.9367,3859.8476,3840.9073,3837.3511
130317000,3845.5215,1045700,15012000,5069087300,70802841500,3846.9367,3859.8476,3840.9073,3837.3511
130322000,3845.5336,802100,13228400,5069889400,70816069900,3846.9367,3859.8476,3840.9073,3837.3511
130327000,3845.2887,1144800,21283400,5071034200,70837353300,3846.9367,3859.8476,3840.9073,3837.3511
130332000,3845.3435,1911100,24954300,5072945300,70862307600,3846.9367,3859.8476,3840.9073,3837.3511
130337000,3845.1432,1625600,26158200,5074570900,70888465800,3846.9367,3859.8476,3840.9073,3837.3511
130342000,3845.0275,1401000,13315400,5075971900,70901781200,3846.9367,3859.8476,3840.9073,3837.3511
130347000,3845.2738,1203600,20549200,5077175500,70922330400,3846.9367,3859.8476,3840.9073,3837.3511
130352000,3845.4156,2487800,28060100,5079663300,70950390500,3846.9367,3859.8476,3840.9073,3837.3511
130357000,3845.6308,1404000,26463400,5081067300,70976853900,3846.9367,3859.8476,3840.9073,3837.3511
130402000,3845.3464,2038600,23539300,5083105900,71000393200,3846.9367,3859.8476,3840.9073,3837.3511
130407000,3845.2187,4050900,37003400,5087156800,71037396600,3846.9367,3859.8476,3840.9073,3837.3511
130412000,3844.9138,2687400,21751600,5089844200,71059148200,3846.9367,3859.8476,3840.9073,3837.3511
130417000,3845.234,1767800,20543000,5091612000,71079691200,3846.9367,3859.8476,3840.9073,3837.3511
130422000,3844.7829,1339400,24554600,5092951400,71104245800,3846.9367,3859.8476,3840.9073,3837.3511
130427000,3844.9376,1295300,15685000,5094246700,71119930800,3846.9367,3859.8476,3840.9073,3837.3511
130432000,3844.96,2668900,23487800,5096915600,71143418600,3846.9367,3859.8476,3840.9073,3837.3511
130437000,3844.5018,1862600,23416700,5098778200,71166835300,3846.9367,3859.8476,3840.9073,3837.3511
130442000,3844.2989,1327800,15162200,5100106000,71181997500,3846.9367,3859.8476,3840.9073,3837.3511
130447000,3844.5062,2896700,33465100,5103002700,71215462600,3846.9367,3859.8476,3840.9073,3837.3511
130452000,3844.9325,2473900,27385400,5105476600,71242848000,3846.9367,3859.8476,3840.9073,3837.3511
130458000,3844.9026,1868700,25444900,5107345300,71268292900,3846.9367,3859.8476,3840.9073,3837.3511
130502000,3845.191,1209200,16222500,5108554500,71284515400,3846.9367,3859.8476,3840.9073,3837.3511
130508000,3844.9044,2200300,33643800,5110754800,71318159200,3846.9367,3859.8476,3840.9073,3837.3511
130513000,3844.518,2123200,29180100,5112878000,71347339300,3846.9367,3859.8476,3840.9073,3837.3511
130518000,3844.7668,2730800,23012400,5115608800,71370351700,3846.9367,3859.8476,3840.9073,3837.3511
130523000,3844.3153,2895600,26854900,5118504400,71397206600,3846.9367,3859.8476,3840.9073,3837.3511
130528000,3844.5295,1641200,25233200,5120145600,71422439800,3846.9367,3859.8476,3840.9073,3837.3511
130533000,3844.0734,948700,12714600,5121094300,71435154400,3846.9367,3859.8476,3840.9073,3837.3511
130538000,3843.6766,2135900,23777400,5123230200,71458931800,3846.9367,3859.8476,3840.9073,3837.3511
130543000,3843.6659,2477900,33033700,5125708100,71491965500,3846.9367,3859.8476,3840.9073,3837.3511
130548000,3843.3657,2112300,25931600,5127820400,71517897100,3846.9367,3859.8476,3840.9073,3837.3511
130553000,3843.6957,1400500,19140500,5129220900,71537037600,3846.9367,3859.8476,3840.9073,3837.3511
130558000,3843.4385,1871900,24574000,5131092800,71561611600,3846.9367,3859.8476,3840.9073,3837.3511
130603000,3843.3393,1091900,15762700,5132184700,71577374300,3846.9367,3859.8476,3840.9073,3837.3511
130608000,3843.3055,1979300,25971100,5134164000,71603345400,3846.9367,3859.8476,3840.9073,3837.3511
130613000,3843.4417,1270000,22876600,5135434000,71626222000,3846.9367,3859.8476,3840.9073,3837.3511
130618000,3843.0989,826300,13206900,5136260300,71639428900,3846.9367,3859.8476,3840.9073,3837.3511
130623000,3843.2714,1896200,26801900,5138156500,71666230800,3846.9367,3859.8476,3840.9073,3837.3511
130628000,3843.1023,1287800,22498600,5139444300,71688729400,3846.9367,3859.8476,3840.9073,3837.3511
130633000,3843.0589,1237500,20724800,5140681800,71709454200,3846.9367,3859.8476,3840.9073,3837.3511
130638000,3842.4762,1582300,26119800,5142264100,71735574000,3846.9367,3859.8476,3840.9073,3837.3511
130643000,3842.7032,1726200,22286500,5143990300,71757860500,3846.9367,3859.8476,3840.9073,3837.3511
130648000,3842.8968,954600,12952100,5144944900,71770812600,3846.9367,3859.8476,3840.9073,3837.3511
130653000,3842.8987,1963400,21327400,5146908300,71792140000,3846.9367,3859.8476,3840.9073,3837.3511
130658000,3842.4504,2266300,35916900,5149174600,71828056900,3846.9367,3859.8476,3840.9073,3837.3511
130703000,3842.4644,1082200,19141300,5150256800,71847198200,3846.9367,3859.8476,3840.9073,3837.3511
130708000,3842.4545,2198700,29487000,5152455500,71876685200,3846.9367,3859.8476,3840.9073,3837.3511
130713000,3842.5674,1124900,22384000,5153580400,71899069200,3846.9367,3859.8476,3840.9073,3837.3511
130718000,3842.0067,1144900,17698100,5154725300,71916767300,3846.9367,3859.8476,3840.9073,3837.3511
130723000,3842.2587,1257200,21443700,5155982500,71938211000,3846.9367,3859.8476,3840.9073,3837.3511
130728000,3842.2641,1121200,20327600,5157103700,71958538600,3846.9367,3859.8476,3840.9073,3837.3511
130733000,3841.8613,1004000,15245400,5158107700,71973784000,3846.9367,3859.8476,3840.9073,3837.3511
130738000,3841.6847,1492800,28238200,5159600500,72002022200,3846.9367,3859.8476,3840.9073,3837.3511
130743000,3841.1607,2198400,46948900,5161798900,72048971100,3846.9367,3859.8476,3840.9073,3837.3511
130748000,3841.3803,1600300,24747700,5163399200,72073718800,3846.9367,3859.8476,3840.9073,3837.3511
130753000,3841.469,1417900,25341900,5164817100,72099060700,3846.9367,3859.8476,3840.9073,3837.3511
130758000,3841.2693,2030600,41006200,5166847700,72140066900,3846.9367,3859.8476,3840.9073,3837.3511
130803000,3841.0216,1244100,18967600,5168091800,72159034500,3846.9367,3859.8476,3840.9073,3837.3511
130808000,3841.5071,1429900,24490200,5169521700,72183524700,3846.9367,3859.8476,3840.9073,3837.3511
130813000,3841.3336,1749000,23764000,5171270700,72207288700,3846.9367,3859.8476,3840.9073,3837.3511
130818000,3841.2748,1320900,20587200,5172591600,72227875900,3846.9367,3859.8476,3840.9073,3837.3511
130824000,3840.6921,3724100,36190900,5176315700,72264066800,3846.9367,3859.8476,3840.6921,3837.3511
130829000,3840.7049,2456600,31677700,5178772300,72295744500,3846.9367,3859.8476,3840.5388,3837.3511
130834000,3840.5772,1525900,29055200,5180298200,72324799700,3846.9367,3859.8476,3840.5296,3837.3511
130839000,3840.4577,1504700,26152900,5181802900,72350952600,3846.9367,3859.8476,3840.4577,3837.3511
130844000,3840.005,3296500,42588200,5185099400,72393540800,3846.9367,3859.8476,3839.9024,3837.3511
130849000,3839.9664,2030900,36018900,5187130300,72429559700,3846.9367,3859.8476,3839.9024,3837.3511
130854000,3839.9048,2761400,32168800,5189891700,72461728500,3846.9367,3859.8476,3839.9024,3837.3511
130859000,3840.0495,2514000,36301000,5192405700,72498029500,3846.9367,3859.8476,3839.5853,3837.3511
130904000,3839.7928,1659100,27182700,5194064800,72525212200,3846.9367,3859.8476,3839.5853,3837.3511
130909000,3839.8548,1233200,17408100,5195298000,72542620300,3846.9367,3859.8476,3839.5853,3837.3511
130914000,3839.9347,1456200,23764400,5196754200,72566384700,3846.9367,3859.8476,3839.5853,3837.3511
130919000,3839.8083,1584900,26504100,5198339100,72592888800,3846.9367,3859.8476,3839.5853,3837.3511
130924000,3839.6675,1218800,22749100,5199557900,72615637900,3846.9367,3859.8476,3839.5089,3837.3511
130929000,3839.6526,2482700,31855100,5202040600,72647493000,3846.9367,3859.8476,3839.5089,3837.3511
130934000,3839.4263,2274900,29503100,5204315500,72676996100,3846.9367,3859.8476,3839.4263,3837.3511
130939000,3839.1748,1640900,21941000,5205956400,72698937100,3846.9367,3859.8476,3839.0682,3837.3511
130944000,3838.8351,2765400,28207600,5208721800,72727144700,3846.9367,3859.8476,3838.7063,3837.3511
130949000,3838.8804,2920100,40897000,5211641900,72768041700,3846.9367,3859.8476,3838.7063,3837.3511
130954000,3838.7581,2610800,28903700,5214252700,72796945400,3846.9367,3859.8476,3838.7063,3837.3511
130959000,3838.7407,1885700,36860400,5216138400,72833805800,3846.9367,3859.8476,3838.7063,3837.3511
131004000,3838.9392,1734000,27441300,5217872400,72861247100,3846.9367,3859.8476,3838.7063,3837.3511
131009000,3839.1879,1670800,27114700,5219543200,72888361800,3846.9367,3859.8476,3838.7063,3837.3511
131014000,3839.2898,1815000,24595900,5221358200,72912957700,3846.9367,3859.8476,3838.7063,3837.3511
131019000,3839.0595,2367600,32602700,5223725800,72945560400,3846.9367,3859.8476,3838.7063,3837.3511
131024000,3838.8121,1740500,20599400,5225466300,72966159800,3846.9367,3859.8476,3838.7063,3837.3511
131029000,3839.2028,1924300,28783400,5227390600,72994943200,3846.9367,3859.8476,3838.7063,3837.3511
131034000,3838.7478,1596100,25134500,5228986700,73020077700,3846.9367,3859.8476,3838.6485,3837.3511
131039000,3838.5191,1236000,17921300,5230222700,73037999000,3846.9367,3859.8476,3838.5191,3837.3511
131044000,3838.398,1948700,25372700,5232171400,73063371700,3846.9367,3859.8476,3838.306,3837.3511
131049000,3838.6432,1616300,30995400,5233787700,73094367100,3846.9367,3859.8476,3838.306,3837.3511
131054000,3838.8339,1176300,16592000,5234964000,73110959100,3846.9367,3859.8476,3838.306,3837.3511
131059000,3838.8156,1784300,27610600,5236748300,73138569700,3846.9367,3859.8476,3838.306,3837.3511
131104000,3838.8074,1949400,36058700,5238697700,73174628400,3846.9367,3859.8476,3838.306,3837.3511
131109000,3838.6987,902500,15149400,5239600200,73189777800,3846.9367,3859.8476,3838.306,3837.3511
131114000,3838.9439,1586200,26084700,5241186400,73215862500,3846.9367,3859.8476,3838.306,3837.3511
131119000,3838.6289,1439700,22654500,5242626100,73238517000,3846.9367,3859.8476,3838.306,3837.3511
131124000,3838.6985,1685600,19975600,5244311700,73258492600,3846.9367,3859.8476,3838.306,3837.3511
131129000,3838.6429,2400000,29085600,5246711700,73287578200,3846.9367,3859.8476,3838.306,3837.3511
131135000,3838.3729,2142500,24479000,5248854200,73312057200,3846.9367,3859.8476,3838.306,3837.3511
131140000,3837.9731,1677500,26361700,5250531700,73338418900,3846.9367,3859.8476,3837.9731,3837.3511
131144000,3838.204,1649700,20446800,5252181400,73358865700,3846.9367,3859.8476,3837.8581,3837.3511
131150000,3838.1939,2752200,27799800,5254933600,73386665500,3846.9367,3859.8476,3837.8581,3837.3511
131155000,3838.0932,1698300,30217700,5256631900,73416883200,3846.9367,3859.8476,3837.8581,3837.3511
131200000,3838.366,1204400,22289900,5257836300,73439173100,3846.9367,3859.8476,3837.8581,3837.3511
131205000,3838.2512,1972300,26427600,5259808600,73465600700,3846.9367,3859.8476,3837.8581,3837.3511
131210000,3837.935,1471600,26505900,5261280200,73492106600,3846.9367,3859.8476,3837.8581,3837.3511
131215000,3838.305,1252700,17004500,5262532900,73509111100,3846.9367,3859.8476,3837.8581,3837.3511
131220000,3838.6206,1761800,28785000,5264294700,73537896100,3846.9367,3859.8476,3837.8581,3837.3511
131225000,3838.193,2148800,30338800,5266443500,73568234900,3846.9367,3859.8476,3837.8581,3837.3511
131230000,3838.5787,1420000,23432400,5267863500,73591667300,3846.9367,3859.8476,3837.8581,3837.3511
131235000,3838.0667,2318400,28752800,5270181900,73620420100,3846.9367,3859.8476,3837.8581,3837.3511
131240000,3838.118,1633700,21564500,5271815600,73641984600,3846.9367,3859.8476,3837.8581,3837.3511
131245000,3838.1258,1887800,21952500,5273703400,73663937100,3846.9367,3859.8476,3837.8581,3837.3511
131250000,3838.1778,2077000,46575600,5275780400,73710512700,3846.9367,3859.8476,3837.655,3837.3511
131255000,3838.3739,1241300,35657800,5277021700,73746170500,3846.9367,3859.8476,3837.655,3837.3511
131300000,3838.3529,999900,20050400,5278021600,73766220900,3846.9367,3859.8476,3837.655,3837.3511
131305000,3838.3773,2961300,36226200,5280982900,73802447100,3846.9367,3859.8476,3837.655,3837.3511
131310000,3838.6192,1995600,32542300,5282978500,73834989400,3846.9367,3859.8476,3837.655,3837.3511
131315000,3838.1134,996500,17477500,5283975000,73852466900,3846.9367,3859.8476,3837.655,3837.3511
131320000,3837.9736,1384000,34037100,5285359000,73886504000,3846.9367,3859.8476,3837.655,3837.3511
131325000,3837.9449,1246100,22676800,5286605100,73909180800,3846.9367,3859.8476,3837.655,3837.3511
131330000,3838.0942,1049300,18891800,5287654400,73928072600,3846.9367,3859.8476,3837.655,3837.3511
131335000,3838.0158,1654000,29421000,5289308400,73957493600,3846.9367,3859.8476,3837.655,3837.3511
131340000,3837.9534,1493000,25434300,5290801400,73982927900,3846.9367,3859.8476,3837.655,3837.3511
131345000,3837.7836,1675500,23614800,5292476900,74006542700,3846.9367,3859.8476,3837.655,3837.3511
131350000,3837.8545,3058700,46339700,5295535600,74052882400,3846.9367,3859.8476,3837.655,3837.3511
131355000,3837.9964,1633000,25813300,5297168600,74078695700,3846.9367,3859.8476,3837.5789,3837.3511
131400000,3838.041,1277600,24882000,5298446200,74103577700,3846.9367,3859.8476,3837.5789,3837.3511
131405000,3838.3658,2233900,42292200,5300680100,74145869900,3846.9367,3859.8476,3837.5789,3837.3511
131410000,3838.189,1718500,29395700,5302398600,74175265600,3846.9367,3859.8476,3837.5789,3837.3511
131415000,3838.2364,1610600,20131800,5304009200,74195397400,3846.9367,3859.8476,3837.5789,3837.3511
131420000,3838.5309,1514900,25759800,5305524100,74221157200,3846.9367,3859.8476,3837.5789,3837.3511
131425000,3838.6316,1367800,28426300,5306891900,74249583500,3846.9367,3859.8476,3837.5789,3837.3511
131430000,3838.5067,1206000,19783600,5308097900,74269367100,3846.9367,3859.8476,3837.5789,3837.3511
131435000,3838.689,1631400,33045200,5309729300,74302412300,3846.9367,3859.8476,3837.5789,3837.3511
131440000,3838.374,1308100,21262800,5311037400,74323675100,3846.9367,3859.8476,3837.5789,3837.3511
131446000,3838.1306,2700100,41542100,5313737500,74365217200,3846.9367,3859.8476,3837.5789,3837.3511
131450000,3838.135,3694600,23428100,5317432100,74388645300,3846.9367,3859.8476,3837.5789,3837.3511
131456000,3838.3551,1934000,27802900,5319366100,74416448200,3846.9367,3859.8476,3837.5789,3837.3511
131501000,3838.7046,1228000,23119400,5320594100,74439567600,3846.9367,3859.8476,3837.5789,3837.3511
131506000,3838.7854,1152900,19636700,5321747000,74459204300,3846.9367,3859.8476,3837.5789,3837.3511
131511000,3838.6513,1347100,20342500,5323094100,74479546800,3846.9367,3859.8476,3837.5789,3837.3511
131516000,3838.7001,1385900,23786400,5324480000,74503333200,3846.9367,3859.8476,3837.5789,3837.3511
131521000,3838.4455,1016600,15869100,5325496600,74519202300,3846.9367,3859.8476,3837.5789,3837.3511
131526000,3838.6957,1058000,16734500,5326554600,74535936800,3846.9367,3859.8476,3837.5789,3837.3511
131531000,3838.4582,1478700,26441300,5328033300,74562378100,3846.9367,3859.8476,3837.5789,3837.3511
131536000,3838.7987,1184200,20437000,5329217500,74582815100,3846.9367,3859.8476,3837.5789,3837.3511
131541000,3838.326,1683800,29420400,5330901300,74612235500,3846.9367,3859.8476,3837.5789,3837.3511
131546000,3838.1942,1726600,25191400,5332627900,74637426900,3846.9367,3859.8476,3837.5789,3837.3511
131551000,3838.4915,1215000,20727900,5333842900,74658154800,3846.9367,3859.8476,3837.5789,3837.3511
131556000,3838.4556,2396500,28031100,5336239400,74686185900,3846.9367,3859.8476,3837.5789,3837.3511
131601000,3838.477,1815100,27953500,5338054500,74714139400,3846.9367,3859.8476,3837.5789,3837.3511
131606000,3838.485,1265500,17321800,5339320000,74731461200,3846.9367,3859.8476,3837.5789,3837.3511
131611000,3838.3798,2759600,25823600,5342079600,74757284800,3846.9367,3859.8476,3837.5789,3837.3511
131616000,3838.5312,1782000,26618400,5343861600,74783903200,3846.9367,3859.8476,3837.5789,3837.3511
131621000,3838.633,1317300,21567500,5345178900,74805470700,3846.9367,3859.8476,3837.5789,3837.3511
131626000,3838.7743,2136300,31600100,5347315200,74837070800,3846.9367,3859.8476,3837.5789,3837.3511
131631000,3838.7163,2560600,30556700,5349875800,74867627500,3846.9367,3859.8476,3837.5789,3837.3511
131636000,3838.5469,2017600,19513600,5351893400,74887141100,3846.9367,3859.8476,3837.5789,3837.3511
131641000,3838.1134,1778400,25710700,5353671800,74912851800,3846.9367,3859.8476,3837.5789,3837.3511
131646000,3838.0144,2296400,24052400,5355968200,74936904200,3846.9367,3859.8476,3837.5789,3837.3511
131651000,3838.032,943000,16434200,5356911200,74953338400,3846.9367,3859.8476,3837.5789,3837.3511
131656000,3838.3363,1622200,29152000,5358533400,74982490400,3846.9367,3859.8476,3837.5789,3837.3511
131701000,3838.4031,1442700,23896200,5359976100,75006386600,3846.9367,3859.8476,3837.5789,3837.3511
131706000,3838.422,1899600,23320300,5361875700,75029706900,3846.9367,3859.8476,3837.5789,3837.3511
131711000,3838.2301,1532000,22450800,5363407700,75052157700,3846.9367,3859.8476,3837.5789,3837.3511
131716000,3838.1861,1668700,31269300,5365076400,75083427000,3846.9367,3859.8476,3837.5789,3837.3511
131721000,3838.3268,1056600,18402600,5366133000,75101829600,3846.9367,3859.8476,3837.5789,3837.3511
131726000,3838.7335,1151400,20965200,5367284400,75122794800,3846.9367,3859.8476,3837.5789,3837.3511
131731000,3838.3673,2077900,22994800,5369362300,75145789600,3846.9367,3859.8476,3837.5789,3837.3511
131736000,3838.2412,1666600,21049300,5371028900,75166838900,3846.9367,3859.8476,3837.5789,3837.3511
131741000,3838.0507,1551000,26406500,5372579900,75193245400,3846.9367,3859.8476,3837.5789,3837.3511
131746000,3837.674,1474400,21136100,5374054300,75214381500,3846.9367,3859.8476,3837.5768,3837.3511
131751000,3837.7416,877600,14156900,5374931900,75228538400,3846.9367,3859.8476,3837.56,3837.3511
131756000,3838.0819,1106500,22727800,5376038400,75251266200,3846.9367,3859.8476,3837.56,3837.3511
131801000,3838.1537,1021800,19842400,5377060200,75271108600,3846.9367,3859.8476,3837.56,3837.3511
131806000,3837.9228,2178300,27329600,5379238500,75298438200,3846.9367,3859.8476,3837.56,3837.3511
131812000,3838.2819,1466200,25782000,5380704700,75324220200,3846.9367,3859.8476,3837.56,3837.3511
131817000,3838.2244,1558300,45966300,5382263000,75370186500,3846.9367,3859.8476,3837.56,3837.3511
131822000,3837.8512,1396900,30124900,5383659900,75400311400,3846.9367,3859.8476,3837.56,3837.3511
131827000,3837.7521,1298700,23700100,5384958600,75424011500,3846.9367,3859.8476,3837.56,3837.3511
131832000,3837.4619,1924200,38045300,5386882800,75462056800,3846.9367,3859.8476,3837.4619,3837.3511
131837000,3836.9003,2597700,31411600,5389480500,75493468400,3846.9367,3859.8476,3836.9003,3837.3511
131842000,3836.8102,2471400,27313400,5391951900,75520781800,3846.9367,3859.8476,3836.7085,3837.3511
131847000,3836.7714,2210700,36855500,5394162600,75557637300,3846.9367,3859.8476,3836.6834,3837.3511
131852000,3836.4246,2067500,31903600,5396230100,75589540900,3846.9367,3859.8476,3836.3437,3837.3511
131857000,3836.7156,1288600,24084100,5397518700,75613625000,3846.9367,3859.8476,3836.3437,3837.3511
131902000,3836.0399,2156800,39916600,5399675500,75653541600,3846.9367,3859.8476,3836.0399,3837.3511
131907000,3835.8348,2890900,38048400,5402566400,75691590000,3846.9367,3859.8476,3835.7993,3837.3511
131912000,3835.7767,1337400,23472000,5403903800,75715062000,3846.9367,3859.8476,3835.7611,3837.3511
131917000,3835.6651,1813500,32161300,5405717300,75747223300,3846.9367,3859.8476,3835.5178,3837.3511
131922000,3835.5581,1321600,26790800,5407038900,75774014100,3846.9367,3859.8476,3835.5178,3837.3511
131927000,3835.6339,2194400,23363300,5409233300,75797377400,3846.9367,3859.8476,3835.4263,3837.3511
131932000,3835.7726,2009800,41736400,5411243100,75839113800,3846.9367,3859.8476,3835.4263,3837.3511
131937000,3835.1047,3666900,41141100,5414910000,75880254900,3846.9367,3859.8476,3835.1047,3837.3511
131942000,3834.9372,1516300,26510800,5416426300,75906765700,3846.9367,3859.8476,3834.9372,3837.3511
131947000,3834.7288,3541300,37924700,5419967600,75944690400,3846.9367,3859.8476,3834.6687,3837.3511
131952000,3834.4958,2822000,35452100,5422789600,75980142500,3846.9367,3859.8476,3834.4782,3837.3511
131957000,3834.7377,2458700,26965900,5425248300,76007108400,3846.9367,3859.8476,3834.4782,3837.3511
132002000,3834.671,5787700,43186600,5431036000,76050295000,3846.9367,3859.8476,3834.4782,3837.3511
132007000,3834.5622,2795100,46880800,5433831100,76097175800,3846.9367,3859.8476,3834.4782,3837.3511
132012000,3834.7269,2933600,34905300,5436764700,76132081100,3846.9367,3859.8476,3834.159,3837.3511
132017000,3834.474,2507200,37457000,5439271900,76169538100,3846.9367,3859.8476,3834.159,3837.3511
132022000,3834.1151,2990000,43132800,5442261900,76212670900,3846.9367,3859.8476,3834.1151,3837.3511
132027000,3834.5593,2008800,29479600,5444270700,76242150500,3846.9367,3859.8476,3834.0285,3837.3511
132032000,3834.3949,1662800,23860400,5445933500,76266010900,3846.9367,3859.8476,3834.0285,3837.3511
132037000,3834.0341,2654800,32701100,5448588300,76298712000,3846.9367,3859.8476,3834.0285,3837.3511
132042000,3833.9371,2240900,27505400,5450829200,76326217400,3846.9367,3859.8476,3833.8941,3837.3511
132047000,3833.5521,2513900,36233600,5453343100,76362451000,3846.9367,3859.8476,3833.5521,3837.3511
132052000,3833.6666,2328300,31784800,5455671400,76394235800,3846.9367,3859.8476,3833.5521,3837.3511
132057000,3834.4433,1951900,29686500,5457623300,76423922300,3846.9367,3859.8476,3833.5521,3837.3511
132102000,3834.7804,1986100,34070100,5459609400,76457992400,3846.9367,3859.8476,3833.5521,3837.3511
132107000,3834.5457,2359400,38813300,5461968800,76496805700,3846.9367,3859.8476,3833.5521,3837.3511
132112000,3834.8475,1770200,27209800,5463739000,76524015500,3846.9367,3859.8476,3833.5521,3837.3511
132117000,3835.0803,3467100,44391900,5467206100,76568407400,3846.9367,3859.8476,3833.5521,3837.3511
132123000,3835.0225,2597700,41977700,5469803800,76610385100,3846.9367,3859.8476,3833.5521,3837.3511
132128000,3834.9251,2089100,28265100,5471892900,76638650200,3846.9367,3859.8476,3833.5521,3837.3511
132132000,3835.149,948900,14476400,5472841800,76653126600,3846.9367,3859.8476,3833.5521,3837.3511
132138000,3834.5429,2057600,28524800,5474899400,76681651400,3846.9367,3859.8476,3833.5521,3837.3511
132143000,3834.6651,1384900,23875600,5476284300,76705527000,3846.9367,3859.8476,3833.5521,3837.3511
132148000,3834.2112,4346400,36391800,5480630700,76741918800,3846.9367,3859.8476,3833.5521,3837.3511
132153000,3834.7506,1964500,29652100,5482595200,76771570900,3846.9367,3859.8476,3833.5521,3837.3511
132158000,3835.1912,1910800,26733400,5484506000,76798304300,3846.9367,3859.8476,3833.5521,3837.3511
132203000,3834.9932,2201800,24195100,5486707800,76822499400,3846.9367,3859.8476,3833.5521,3837.3511
132208000,3834.9775,2922100,42451600,5489629900,76864951000,3846.9367,3859.8476,3833.5521,3837.3511
132213000,3834.8741,1235000,23100300,5490864900,76888051300,3846.9367,3859.8476,3833.5521,3837.3511
132218000,3834.8963,1477200,22930500,5492342100,76910981800,3846.9367,3859.8476,3833.5521,3837.3511
132223000,3834.8645,1953900,29015600,5494296000,76939997400,3846.9367,3859.8476,3833.5521,3837.3511
132228000,3834.7953,1463200,21191500,5495759200,76961188900,3846.9367,3859.8476,3833.5521,3837.3511
132233000,3834.68,1505800,25000100,5497265000,76986189000,3846.9367,3859.8476,3833.5521,3837.3511
132238000,3834.724,1971300,23395800,5499236300,77009584800,3846.9367,3859.8476,3833.5521,3837.3511
132243000,3834.3491,1710600,34222700,5500946900,77043807500,3846.9367,3859.8476,3833.5521,3837.3511
132248000,3834.3433,2660300,22601800,5503607200,77066409300,3846.9367,3859.8476,3833.5521,3837.3511
132253000,3834.2228,1248500,21360900,5504855700,77087770200,3846.9367,3859.8476,3833.5521,3837.3511
132258000,3834.657,1496100,29182600,5506351800,77116952800,3846.9367,3859.8476,3833.5521,3837.3511
132303000,3835.0035,2150600,22978500,5508502400,77139931300,3846.9367,3859.8476,3833.5521,3837.3511
132308000,3834.5456,1821400,26885300,5510323800,77166816600,3846.9367,3859.8476,3833.5521,3837.3511
132313000,3834.6048,1391900,24933700,5511715700,77191750300,3846.9367,3859.8476,3833.5521,3837.3511
132318000,3834.2355,1101200,19184200,5512816900,77210934500,3846.9367,3859.8476,3833.5521,3837.3511
132323000,3834.5721,1318600,25449300,5514135500,77236383800,3846.9367,3859.8476,3833.5521,3837.3511
132328000,3834.3003,1436100,27055200,5515571600,77263439000,3846.9367,3859.8476,3833.5521,3837.3511
132333000,3834.546,1392200,21731900,5516963800,77285170900,3846.9367,3859.8476,3833.5521,3837.3511
132338000,3834.3112,2788500,29803300,5519752300,77314974200,3846.9367,3859.8476,3833.5521,3837.3511
132343000,3833.9598,1524500,22151000,5521276800,77337125200,3846.9367,3859.8476,3833.5521,3837.3511
132348000,3834.3057,1801800,22273700,5523078600,77359398900,3846.9367,3859.8476,3833.5521,3837.3511
132353000,3834.2478,2366600,31082900,5525445200,77390481800,3846.9367,3859.8476,3833.5521,3837.3511
132358000,3834.598,1437000,26095500,5526882200,77416577300,3846.9367,3859.8476,3833.5521,3837.3511
132403000,3834.7299,1075800,18257800,5527958000,77434835100,3846.9367,3859.8476,3833.5521,3837.3511
132408000,3834.8572,1948700,25033600,5529906700,77459868700,3846.9367,3859.8476,3833.5521,3837.3511
132413000,3834.8001,1574400,23180200,5531481100,77483048900,3846.9367,3859.8476,3833.5521,3837.3511
132418000,3834.4915,1300200,18609500,5532781300,77501658400,3846.9367,3859.8476,3833.5521,3837.3511
132423000,3834.6085,1701700,27755000,5534483000,77529413400,3846.9367,3859.8476,3833.5521,3837.3511
132428000,3835.145,1737500,24518500,5536220500,77553931900,3846.9367,3859.8476,3833.5521,3837.3511
132433000,3834.7702,1653900,25020100,5537874400,77578952000,3846.9367,3859.8476,3833.5521,3837.3511
132438000,3835.1249,1865200,19379100,5539739600,77598331100,3846.9367,3859.8476,3833.5521,3837.3511
132444000,3834.3804,2821300,28367800,5542560900,77626698900,3846.9367,3859.8476,3833.5521,3837.3511
132449000,3834.5051,2403800,22993700,5544964700,77649692600,3846.9367,3859.8476,3833.5521,3837.3511
132454000,3834.6892,1325900,18410200,5546290600,77668102800,3846.9367,3859.8476,3833.5521,3837.3511
132459000,3835.1506,1500900,21150400,5547791500,77689253200,3846.9367,3859.8476,3833.5521,3837.3511
132504000,3835.0606,1278800,20992800,5549070300,77710246000,3846.9367,3859.8476,3833.5521,3837.3511
132509000,3834.7179,1243300,21937200,5550313600,77732183200,3846.9367,3859.8476,3833.5521,3837.3511
132514000,3835.6851,1306100,22049700,5551619700,77754232900,3846.9367,3859.8476,3833.5521,3837.3511
132519000,3835.2399,1325700,21006000,5552945400,77775238900,3846.9367,3859.8476,3833.5521,3837.3511
132524000,3835.3405,1633500,21431300,5554578900,77796670200,3846.9367,3859.8476,3833.5521,3837.3511
132529000,3835.2918,1565900,25161000,5556144800,77821831200,3846.9367,3859.8476,3833.5521,3837.3511
132534000,3835.2405,1214000,17280200,5557358800,77839111400,3846.9367,3859.8476,3833.5521,3837.3511
132539000,3835.2585,1914200,19085900,5559273000,77858197300,3846.9367,3859.8476,3833.5521,3837.3511
132544000,3835.1534,1837900,23780700,5561110900,77881978000,3846.9367,3859.8476,3833.5521,3837.3511
132549000,3834.9677,1729400,23365800,5562840300,77905343800,3846.9367,3859.8476,3833.5521,3837.3511
132554000,3835.3202,1569100,20076500,5564409400,77925420300,3846.9367,3859.8476,3833.5521,3837.3511
132559000,3835.6266,1934400,23711600,5566343800,77949131900,3846.9367,3859.8476,3833.5521,3837.3511
132604000,3835.5473,1491400,23776200,5567835200,77972908100,3846.9367,3859.8476,3833.5521,3837.3511
132609000,3835.8022,1018700,15146100,5568853900,77988054200,3846.9367,3859.8476,3833.5521,3837.3511
132614000,3835.4382,1368200,20590600,5570222100,78008644800,3846.9367,3859.8476,3833.5521,3837.3511
132619000,3835.7606,1684700,34280700,5571906800,78042925500,3846.9367,3859.8476,3833.5521,3837.3511
132624000,3835.6372,1269000,15597300,5573175800,78058522800,3846.9367,3859.8476,3833.5521,3837.3511
132629000,3836.0966,1355900,20904200,5574531700,78079427000,3846.9367,3859.8476,3833.5521,3837.3511
132634000,3835.5426,1149600,18092900,5575681300,78097519900,3846.9367,3859.8476,3833.5521,3837.3511
132639000,3835.6422,1554600,15081100,5577235900,78112601000,3846.9367,3859.8476,3833.5521,3837.3511
132644000,3835.4558,1586300,24690000,5578822200,78137291000,3846.9367,3859.8476,3833.5521,3837.3511
132649000,3835.2908,2866400,25692200,5581688600,78162983200,3846.9367,3859.8476,3833.5521,3837.3511
132654000,3835.7668,1680600,19031700,5583369200,78182014900,3846.9367,3859.8476,3833.5521,3837.3511
132659000,3835.6542,1484100,27099100,5584853300,78209114000,3846.9367,3859.8476,3833.5521,3837.3511
132704000,3835.8194,1400200,15429900,5586253500,78224543900,3846.9367,3859.8476,3833.5521,3837.3511
132709000,3835.875,1415400,20508900,5587668900,78245052800,3846.9367,3859.8476,3833.5521,3837.3511
132714000,3836.1129,1355700,21514500,5589024600,78266567300,3846.9367,3859.8476,3833.5521,3837.3511
132719000,3835.815,1471300,21696100,5590495900,78288263400,3846.9367,3859.8476,3833.5521,3837.3511
132724000,3835.9082,1359000,19374600,5591854900,78307638000,3846.9367,3859.8476,3833.5521,3837.3511
132729000,3835.6482,1765200,20199700,5593620100,78327837700,3846.9367,3859.8476,3833.5521,3837.3511
132734000,3835.9583,1421000,24917500,5595041100,78352755200,3846.9367,3859.8476,3833.5521,3837.3511
132739000,3835.7571,3223800,20375700,5598264900,78373130900,3846.9367,3859.8476,3833.5521,3837.3511
132744000,3835.6594,3121100,33021700,5601386000,78406152600,3846.9367,3859.8476,3833.5521,3837.3511
132749000,3835.5483,1448500,21712000,5602834500,78427864600,3846.9367,3859.8476,3833.5521,3837.3511
132754000,3835.3827,1266700,17796900,5604101200,78445661500,3846.9367,3859.8476,3833.5521,3837.3511
132759000,3835.5117,1698200,23564100,5605799400,78469225600,3846.9367,3859.8476,3833.5521,3837.3511
132804000,3835.1856,1637100,29869600,5607436500,78499095200,3846.9367,3859.8476,3833.5521,3837.3511
132810000,3835.3208,3189900,35351700,5610626400,78534446900,3846.9367,3859.8476,3833.5521,3837.3511
132815000,3835.3072,1216800,18221000,5611843200,78552667900,3846.9367,3859.8476,3833.5521,3837.3511
132820000,3835.5496,1582100,20027000,5613425300,78572694900,3846.9367,3859.8476,3833.5521,3837.3511
132825000,3834.7689,1198600,20546000,5614623900,78593240900,3846.9367,3859.8476,3833.5521,3837.3511
132830000,3834.879,1173400,18426500,5615797300,78611667400,3846.9367,3859.8476,3833.5521,3837.3511
132835000,3834.8911,1524700,33773100,5617322000,78645440500,3846.9367,3859.8476,3833.5521,3837.3511
132840000,3834.4211,1347800,27388600,5618669800,78672829100,3846.9367,3859.8476,3833.5521,3837.3511
132845000,3833.9436,2209200,30052300,5620879000,78702881400,3846.9367,3859.8476,3833.5521,3837.3511
132850000,3833.8408,2412700,32226700,5623291700,78735108100,3846.9367,3859.8476,3833.5521,3837.3511
132855000,3833.7029,2125600,37122300,5625417300,78772230400,3846.9367,3859.8476,3833.5521,3837.3511
132900000,3833.5573,1667300,29339100,5627084600,78801569500,3846.9367,3859.8476,3833.3851,3837.3511
132905000,3833.1569,2587000,39245200,5629671600,78840814700,3846.9367,3859.8476,3833.1569,3837.3511
132910000,3833.0951,2057400,47473100,5631729000,78888287800,3846.9367,3859.8476,3833.0951,3837.3511
132915000,3833.122,1635000,40034600,5633364000,78928322400,3846.9367,3859.8476,3833.002,3837.3511
132920000,3833.0904,1726000,30644500,5635090000,78958966900,3846.9367,3859.8476,3832.8219,3837.3511
132925000,3833.2884,1682800,26666300,5636772800,78985633200,3846.9367,3859.8476,3832.8219,3837.3511
132930000,3832.7456,1553400,24096200,5638326200,79009729400,3846.9367,3859.8476,3832.7456,3837.3511
132935000,3832.9373,2605600,38103400,5640931800,79047832800,3846.9367,3859.8476,3832.7153,3837.3511
132940000,3832.7086,2275500,31945500,5643207300,79079778300,3846.9367,3859.8476,3832.7086,3837.3511
132945000,3832.1283,1800300,20725600,5645007600,79100503900,3846.9367,3859.8476,3832.1283,3837.3511
132950000,3832.1505,2231300,32786500,5647238900,79133290400,3846.9367,3859.8476,3832.1051,3837.3511
132955000,3831.9151,2031500,31850200,5649270400,79165140600,3846.9367,3859.8476,3831.7859,3837.3511
133000000,3832.332,2491200,28723500,5651761600,79193864100,3846.9367,3859.8476,3831.7859,3837.3511
133005000,3832.0444,3253800,43494000,5655015400,79237358100,3846.9367,3859.8476,3831.7859,3837.3511
133010000,3831.4163,2650300,41016400,5657665700,79278374500,3846.9367,3859.8476,3831.4163,3837.3511
133015000,3830.7362,4102800,53401200,5661768500,79331775700,3846.9367,3859.8476,3830.7362,3837.3511
133020000,3830.878,3533700,64482000,5665302200,79396257700,3846.9367,3859.8476,3830.7362,3837.3511
133025000,3830.4577,2647500,50356900,5667949700,79446614600,3846.9367,3859.8476,3830.4577,3837.3511
133030000,3830.4564,3000800,43894100,5670950500,79490508700,3846.9367,3859.8476,3830.2939,3837.3511
133035000,3830.1619,3486500,50571800,5674437000,79541080500,3846.9367,3859.8476,3830.1619,3837.3511
133040000,3829.6748,2814400,40904000,5677251400,79581984500,3846.9367,3859.8476,3829.6748,3837.3511
133045000,3829.4756,3302200,42299000,5680553600,79624283500,3846.9367,3859.8476,3829.4756,3837.3511
133050000,3829.0959,4232200,55816300,5684785800,79680099800,3846.9367,3859.8476,3829.0959,3837.3511
133055000,3829.125,3593500,50792000,5688379300,79730891800,3846.9367,3859.8476,3828.9989,3837.3511
133100000,3829.0778,3758900,39850700,5692138200,79770742500,3846.9367,3859.8476,3828.9989,3837.3511
133105000,3829.14,5996600,62723700,5698134800,79833466200,3846.9367,3859.8476,3828.9001,3837.3511
133110000,3828.5474,3003400,51259500,5701138200,79884725700,3846.9367,3859.8476,3828.5474,3837.3511
133116000,3829.0097,3660400,52949300,5704798600,79937675000,3846.9367,3859.8476,3828.511,3837.3511
133120000,3828.6906,1478400,23136400,5706277000,79960811400,3846.9367,3859.8476,3828.511,3837.3511
133126000,3828.8435,2358000,36093300,5708635000,79996904700,3846.9367,3859.8476,3828.511,3837.3511
133131000,3828.686,2239500,37034500,5710874500,80033939200,3846.9367,3859.8476,3828.511,3837.3511
133136000,3828.244,1916800,31316300,5712791300,80065255500,3846.9367,3859.8476,3828.244,3837.3511
133141000,3828.4215,2441100,40313500,5715232400,80105569000,3846.9367,3859.8476,3828.244,3837.3511
133146000,3827.7092,2605900,44708900,5717838300,80150277900,3846.9367,3859.8476,3827.7092,3837.3511
133151000,3828.3314,2495800,32741900,5720334100,80183019800,3846.9367,3859.8476,3827.6874,3837.3511
133156000,3828.0679,2497400,44183300,5722831500,80227203100,3846.9367,3859.8476,3827.6874,3837.3511
133201000,3829.0678,2057600,37510100,5724889100,80264713200,3846.9367,3859.8476,3827.6874,3837.3511
133206000,3828.6918,1964100,31604500,5726853200,80296317700,3846.9367,3859.8476,3827.6874,3837.3511
133211000,3829.051,1762400,27705300,5728615600,80324023000,3846.9367,3859.8476,3827.6874,3837.3511
133216000,3828.8554,2482100,36106600,5731097700,80360129600,3846.9367,3859.8476,3827.6874,3837.3511
133221000,3829.2178,1691900,25225600,5732789600,80385355200,3846.9367,3859.8476,3827.6874,3837.3511
133226000,3829.166,2418800,37942000,5735208400,80423297200,3846.9367,3859.8476,3827.6874,3837.3511
133231000,3829.2012,2134800,29434600,5737343200,80452731800,3846.9367,3859.8476,3827.6874,3837.3511
133236000,3828.9801,2232100,27531500,5739575300,80480263300,3846.9367,3859.8476,3827.6874,3837.3511
133241000,3829.1109,2440400,30215400,5742015700,80510478700,3846.9367,3859.8476,3827.6874,3837.3511
133246000,3829.4001,2662000,35743300,5744677700,80546222000,3846.9367,3859.8476,3827.6874,3837.3511
133251000,3829.0483,2439600,30260000,5747117300,80576482000,3846.9367,3859.8476,3827.6874,3837.3511
133256000,3829.1992,3419900,38638000,5750537200,80615120000,3846.9367,3859.8476,3827.6874,3837.3511
133301000,3829.7408,2229900,36835200,5752767100,80651955200,3846.9367,3859.8476,3827.6874,3837.3511
133306000,3830.112,1979800,34619300,5754746900,80686574500,3846.9367,3859.8476,3827.6874,3837.3511
133311000,3829.7978,2101200,41728600,5756848100,80728303100,3846.9367,3859.8476,3827.6874,3837.3511
133316000,3829.6538,1620400,31919100,5758468500,80760222200,3846.9367,3859.8476,3827.6874,3837.3511
133321000,3829.7781,1737700,34238200,5760206200,80794460400,3846.9367,3859.8476,3827.6874,3837.3511
133326000,3829.7615,2721200,40832200,5762927400,80835292600,3846.9367,3859.8476,3827.6874,3837.3511
133331000,3830.1155,1659100,28281400,5764586500,80863574000,3846.9367,3859.8476,3827.6874,3837.3511
133336000,3829.6121,2110000,24905500,5766696500,80888479500,3846.9367,3859.8476,3827.6874,3837.3511
133341000,3829.8165,1645800,31226800,5768342300,80919706300,3846.9367,3859.8476,3827.6874,3837.3511
133346000,3829.2756,1773600,31162500,5770115900,80950868800,3846.9367,3859.8476,3827.6874,3837.3511
133351000,3829.6002,1979600,23717000,5772095500,80974585800,3846.9367,3859.8476,3827.6874,3837.3511
133356000,3829.4624,2466100,36967300,5774561600,81011553100,3846.9367,3859.8476,3827.6874,3837.3511
133401000,3829.6016,1761600,26520300,5776323200,81038073400,3846.9367,3859.8476,3827.6874,3837.3511
133406000,3829.7528,1497100,20815100,5777820300,81058888500,3846.9367,3859.8476,3827.6874,3837.3511
133411000,3829.9203,2107500,30323000,5779927800,81089211500,3846.9367,3859.8476,3827.6874,3837.3511
133416000,3830.0153,1402400,21335800,5781330200,81110547300,3846.9367,3859.8476,3827.6874,3837.3511
133421000,3829.8651,1336200,21382600,5782666400,81131929900,3846.9367,3859.8476,3827.6874,3837.3511
133427000,3829.9484,2069600,34211100,5784736000,81166141000,3846.9367,3859.8476,3827.6874,3837.3511
133431000,3829.8381,1535500,24673700,5786271500,81190814700,3846.9367,3859.8476,3827.6874,3837.3511
133437000,3830.2328,1643100,28503100,5787914600,81219317800,3846.9367,3859.8476,3827.6874,3837.3511
133442000,3830.4796,1483000,20839700,5789397600,81240157500,3846.9367,3859.8476,3827.6874,3837.3511
133447000,3830.088,1919800,32832400,5791317400,81272989900,3846.9367,3859.8476,3827.6874,3837.3511
133452000,3829.819,1794100,24321100,5793111500,81297311000,3846.9367,3859.8476,3827.6874,3837.3511
133457000,3830.397,2171900,26153100,5795283400,81323464100,3846.9367,3859.8476,3827.6874,3837.3511
133502000,3830.2155,1832000,29196700,5797115400,81352660800,3846.9367,3859.8476,3827.6874,3837.3511
133507000,3830.502,3800800,45385600,5800916200,81398046400,3846.9367,3859.8476,3827.6874,3837.3511
133512000,3830.5828,2623600,26838400,5803539800,81424884800,3846.9367,3859.8476,3827.6874,3837.3511
133517000,3830.8976,2155300,29548800,5805695100,81454433600,3846.9367,3859.8476,3827.6874,3837.3511
133522000,3830.9719,1604700,22078400,5807299800,81476512000,3846.9367,3859.8476,3827.6874,3837.3511
133527000,3830.6441,1770000,25107500,5809069800,81501619500,3846.9367,3859.8476,3827.6874,3837.3511
133532000,3830.9737,1983300,25749000,5811053100,81527368500,3846.9367,3859.8476,3827.6874,3837.3511
133537000,3831.139,1932100,21926900,5812985200,81549295400,3846.9367,3859.8476,3827.6874,3837.3511
133542000,3830.6344,2000500,27056500,5814985700,81576351900,3846.9367,3859.8476,3827.6874,3837.3511
133547000,3830.1063,1680900,22976300,5816666600,81599328200,3846.9367,3859.8476,3827.6874,3837.3511
133552000,3830.736,2608700,26635300,5819275300,81625963500,3846.9367,3859.8476,3827.6874,3837.3511
133557000,3830.5473,1960900,25346000,5821236200,81651309500,3846.9367,3859.8476,3827.6874,3837.3511
133602000,3831.2913,1675900,26643300,5822912100,81677952800,3846.9367,3859.8476,3827.6874,3837.3511
133607000,3831.0776,1934100,32542600,5824846200,81710495400,3846.9367,3859.8476,3827.6874,3837.3511
133612000,3831.4384,3158800,50639500,5828005000,81761134900,3846.9367,3859.8476,3827.6874,3837.3511
133617000,3831.3103,1619500,27912500,5829624500,81789047400,3846.9367,3859.8476,3827.6874,3837.3511
133622000,3831.1919,1424000,27049200,5831048500,81816096600,3846.9367,3859.8476,3827.6874,3837.3511
133627000,3831.335,1258200,25711600,5832306700,81841808200,3846.9367,3859.8476,3827.6874,3837.3511
133632000,3831.5574,1635500,25624700,5833942200,81867432900,3846.9367,3859.8476,3827.6874,3837.3511
133637000,3832.0953,1975100,36687500,5835917300,81904120400,3846.9367,3859.8476,3827.6874,3837.3511
133642000,3831.7619,2330800,30281600,5838248100,81934402000,3846.9367,3859.8476,3827.6874,3837.3511
133647000,3831.6596,1513600,21847900,5839761700,81956249900,3846.9367,3859.8476,3827.6874,3837.3511
133652000,3831.7233,1709400,28214000,5841471100,81984463900,3846.9367,3859.8476,3827.6874,3837.3511
133657000,3832.2066,1631200,22501900,5843102300,82006965800,3846.9367,3859.8476,3827.6874,3837.3511
133702000,3832.7238,2022600,31182400,5845124900,82038148200,3846.9367,3859.8476,3827.6874,3837.3511
133707000,3833.0468,2610500,29309100,5847735400,82067457300,3846.9367,3859.8476,3827.6874,3837.3511
133712000,3833.1933,1892400,26702500,5849627800,82094159800,3846.9367,3859.8476,3827.6874,3837.3511
133717000,3833.2804,1677900,27458700,5851305700,82121618500,3846.9367,3859.8476,3827.6874,3837.3511
133722000,3833.1772,1169000,21544000,5852474700,82143162500,3846.9367,3859.8476,3827.6874,3837.3511
133727000,3833.0861,1994600,21760100,5854469300,82164922600,3846.9367,3859.8476,3827.6874,3837.3511
133732000,3833.3104,1428000,23886000,5855897300,82188808600,3846.9367,3859.8476,3827.6874,3837.3511
133737000,3833.576,1309300,20196900,5857206600,82209005500,3846.9367,3859.8476,3827.6874,3837.3511
133743000,3833.481,2719900,31095100,5859926500,82240100600,3846.9367,3859.8476,3827.6874,3837.3511
133747000,3833.1148,1185900,20615500,5861112400,82260716100,3846.9367,3859.8476,3827.6874,3837.3511
133753000,3833.4551,2135300,32067300,5863247700,82292783400,3846.9367,3859.8476,3827.6874,3837.3511
133758000,3833.7004,1284400,20845000,5864532100,82313628400,3846.9367,3859.8476,3827.6874,3837.3511
133803000,3833.8756,2158300,29291000,5866690400,82342919400,3846.9367,3859.8476,3827.6874,3837.3511
133808000,3833.7091,2227100,30514800,5868917500,82373434200,3846.9367,3859.8476,3827.6874,3837.3511
133813000,3833.8104,2187000,26487200,5871104500,82399921400,3846.9367,3859.8476,3827.6874,3837.3511
133818000,3834.2386,2821900,33026800,5873926400,82432948200,3846.9367,3859.8476,3827.6874,3837.3511
133823000,3834.2073,1506600,26332700,5875433000,82459280900,3846.9367,3859.8476,3827.6874,3837.3511
133828000,3834.5118,1547700,21422000,5876980700,82480702900,3846.9367,3859.8476,3827.6874,3837.3511
133833000,3833.9512,1611100,20181300,5878591800,82500884200,3846.9367,3859.8476,3827.6874,3837.3511
133838000,3834.567,1229300,19012300,5879821100,82519896500,3846.9367,3859.8476,3827.6874,3837.3511
133843000,3833.7109,1358000,24739200,5881179100,82544635700,3846.9367,3859.8476,3827.6874,3837.3511
133848000,3833.4897,1735800,20753400,5882914900,82565389100,3846.9367,3859.8476,3827.6874,3837.3511
133853000,3833.4497,1776000,23618000,5884690900,82589007100,3846.9367,3859.8476,3827.6874,3837.3511
133858000,3833.4027,1339200,19876200,5886030100,82608883300,3846.9367,3859.8476,3827.6874,3837.3511
133903000,3833.6817,2264100,26916000,5888294200,82635799300,3846.9367,3859.8476,3827.6874,3837.3511
133908000,3834.0139,1513100,26106600,5889807300,82661905900,3846.9367,3859.8476,3827.6874,3837.3511
133913000,3834.2803,1676700,24721800,5891484000,82686627700,3846.9367,3859.8476,3827.6874,3837.3511
133918000,3834.4082,1367000,17743100,5892851000,82704370800,3846.9367,3859.8476,3827.6874,3837.3511
133923000,3833.9186,1614500,23283100,5894465500,82727653900,3846.9367,3859.8476,3827.6874,3837.3511
133928000,3834.2298,1307900,16535800,5895773400,82744189700,3846.9367,3859.8476,3827.6874,3837.3511
133933000,3834.2046,1510900,19311500,5897284300,82763501200,3846.9367,3859.8476,3827.6874,3837.3511
133938000,3834.1942,1235200,17849000,5898519500,82781350200,3846.9367,3859.8476,3827.6874,3837.3511
133943000,3834.1511,2086800,25352800,5900606300,82806703000,3846.9367,3859.8476,3827.6874,3837.3511
133948000,3833.7105,1293900,20489500,5901900200,82827192500,3846.9367,3859.8476,3827.6874,3837.3511
133953000,3833.8276,1624500,22493200,5903524700,82849685700,3846.9367,3859.8476,3827.6874,3837.3511
133958000,3834.1973,1571400,21809000,5905096100,82871494700,3846.9367,3859.8476,3827.6874,3837.3511
134003000,3834.0077,2336500,32461900,5907432600,82903956600,3846.9367,3859.8476,3827.6874,3837.3511
134008000,3834.2265,1558800,26714900,5908991400,82930671500,3846.9367,3859.8476,3827.6874,3837.3511
134013000,3834.3575,1162700,19905100,5910154100,82950576600,3846.9367,3859.8476,3827.6874,3837.3511
134018000,3834.4539,1448200,19011800,5911602300,82969588400,3846.9367,3859.8476,3827.6874,3837.3511
134023000,3834.3064,1648100,23023800,5913250400,82992612200,3846.9367,3859.8476,3827.6874,3837.3511
134028000,3834.5739,2171300,21630500,5915421700,83014242700,3846.9367,3859.8476,3827.6874,3837.3511
134033000,3833.9982,1892300,23259800,5917314000,83037502500,3846.9367,3859.8476,3827.6874,3837.3511
134038000,3833.9437,2331600,33579400,5919645600,83071081900,3846.9367,3859.8476,3827.6874,3837.3511
134043000,3833.9224,1825900,30670900,5921471500,83101752800,3846.9367,3859.8476,3827.6874,3837.3511
134048000,3833.6672,1518900,21214400,5922990400,83122967200,3846.9367,3859.8476,3827.6874,3837.3511
134054000,3833.346,1928900,28964600,5924919300,83151931800,3846.9367,3859.8476,3827.6874,3837.3511
134058000,3833.6325,1200300,22106000,5926119600,83174037800,3846.9367,3859.8476,3827.6874,3837.3511
134104000,3833.6961,2497200,28069600,5928616800,83202107400,3846.9367,3859.8476,3827.6874,3837.3511
134109000,3833.8157,1327200,18623600,5929944000,83220731000,3846.9367,3859.8476,3827.6874,3837.3511
134114000,3833.99,1790800,28472000,5931734800,83249203000,3846.9367,3859.8476,3827.6874,3837.3511
134119000,3833.7873,1750100,31293000,5933484900,83280496000,3846.9367,3859.8476,3827.6874,3837.3511
134124000,3833.5062,2595300,27111900,5936080200,83307607900,3846.9367,3859.8476,3827.6874,3837.3511
134129000,3833.324,1187600,22934000,5937267800,83330541900,3846.9367,3859.8476,3827.6874,3837.3511
134134000,3833.5968,1296300,22320500,5938564100,83352862400,3846.9367,3859.8476,3827.6874,3837.3511
134139000,3833.6052,1291200,18381900,5939855300,83371244300,3846.9367,3859.8476,3827.6874,3837.3511
134144000,3833.5854,1208500,18693100,5941063800,83389937400,3846.9367,3859.8476,3827.6874,3837.3511
134149000,3832.9731,1972000,25114200,5943035800,83415051600,3846.9367,3859.8476,3827.6874,3837.3511
134154000,3833.2687,1495000,20280000,5944530800,83435331600,3846.9367,3859.8476,3827.6874,3837.3511
134159000,3834.0905,1747800,26673800,5946278600,83462005400,3846.9367,3859.8476,3827.6874,3837.3511
134204000,3833.6127,1401200,23075100,5947679800,83485080500,3846.9367,3859.8476,3827.6874,3837.3511
134209000,3833.5002,1649000,20680900,5949328800,83505761400,3846.9367,3859.8476,3827.6874,3837.3511
134214000,3833.6217,1345500,20730100,5950674300,83526491500,3846.9367,3859.8476,3827.6874,3837.3511
134219000,3833.82,1647500,22846900,5952321800,83549338400,3846.9367,3859.8476,3827.6874,3837.3511
134224000,3833.5517,1649400,21723200,5953971200,83571061600,3846.9367,3859.8476,3827.6874,3837.3511
134229000,3833.8767,1559100,24319000,5955530300,83595380600,3846.9367,3859.8476,3827.6874,3837.3511
134234000,3833.9047,1308400,19452400,5956838700,83614833000,3846.9367,3859.8476,3827.6874,3837.3511
134239000,3833.9175,1249400,18725800,5958088100,83633558800,3846.9367,3859.8476,3827.6874,3837.3511
134244000,3833.5942,1234500,17881800,5959322600,83651440600,3846.9367,3859.8476,3827.6874,3837.3511
134249000,3833.4037,1926800,26280700,5961249400,83677721300,3846.9367,3859.8476,3827.6874,3837.3511
134254000,3833.1904,2085800,20660200,5963335200,83698381500,3846.9367,3859.8476,3827.6874,3837.3511
134259000,3833.5385,1280300,19968300,5964615500,83718349800,3846.9367,3859.8476,3827.6874,3837.3511
134304000,3833.6885,1666200,27771700,5966281700,83746121500,3846.9367,3859.8476,3827.6874,3837.3511
134309000,3833.8833,1668200,23231000,5967949900,83769352500,3846.9367,3859.8476,3827.6874,3837.3511
134314000,3834.351,1196400,17443600,5969146300,83786796100,3846.9367,3859.8476,3827.6874,3837.3511
134319000,3833.7628,1448100,24003700,5970594400,83810799800,3846.9367,3859.8476,3827.6874,3837.3511
134324000,3834.048,1288800,18200000,5971883200,83828999800,3846.9367,3859.8476,3827.6874,3837.3511
134329000,3833.9886,984500,16155500,5972867700,83845155300,3846.9367,3859.8476,3827.6874,3837.3511
134334000,3833.7822,1583300,22304000,5974451000,83867459300,3846.9367,3859.8476,3827.6874,3837.3511
134339000,3834.203,1165100,16692400,5975616100,83884151700,3846.9367,3859.8476,3827.6874,3837.3511
134344000,3833.6822,1288900,20730600,5976905000,83904882300,3846.9367,3859.8476,3827.6874,3837.3511
134349000,3833.679,1397200,21020200,5978302200,83925902500,3846.9367,3859.8476,3827.6874,3837.3511
134354000,3833.24,1434200,17987300,5979736400,83943889800,3846.9367,3859.8476,3827.6874,3837.3511
134359000,3833.918,2042200,26255900,5981778600,83970145700,3846.9367,3859.8476,3827.6874,3837.3511
134404000,3833.8388,1341200,18235100,5983119800,83988380800,3846.9367,3859.8476,3827.6874,3837.3511
134409000,3833.9423,1443000,19464100,5984562800,84007844900,3846.9367,3859.8476,3827.6874,3837.3511
134414000,3833.8417,2238100,27894800,5986800900,84035739700,3846.9367,3859.8476,3827.6874,3837.3511
134420000,3833.8253,1629300,23430800,5988430200,84059170500,3846.9367,3859.8476,3827.6874,3837.3511
134425000,3833.6449,1531900,23078200,5989962100,84082248700,3846.9367,3859.8476,3827.6874,3837.3511
134430000,3833.9511,1760400,15982100,5991722500,84098230800,3846.9367,3859.8476,3827.6874,3837.3511
134435000,3833.4833,1611200,22900000,5993333700,84121130800,3846.9367,3859.8476,3827.6874,3837.3511
134440000,3833.8435,2106500,25255800,5995440200,84146386600,3846.9367,3859.8476,3827.6874,3837.3511
134445000,3833.8087,1762200,19291100,5997202400,84165677700,3846.9367,3859.8476,3827.6874,3837.3511
134450000,3833.1934,2236200,27429300,5999438600,84193107000,3846.9367,3859.8476,3827.6874,3837.3511
134455000,3833.2722,1428600,25807500,6000867200,84218914500,3846.9367,3859.8476,3827.6874,3837.3511
134500000,3833.6818,1775900,16554300,6002643100,84235468800,3846.9367,3859.8476,3827.6874,3837.3511
134505000,3833.8106,1437400,22104700,6004080500,84257573500,3846.9367,3859.8476,3827.6874,3837.3511
134510000,3833.5509,2842400,25768500,6006922900,84283342000,3846.9367,3859.8476,3827.6874,3837.3511
134515000,3833.8262,2231800,26696300,6009154700,84310038300,3846.9367,3859.8476,3827.6874,3837.3511
134520000,3833.9478,2063200,23224300,6011217900,84333262600,3846.9367,3859.8476,3827.6874,3837.3511
134525000,3834.0085,1745900,20890600,6012963800,84354153200,3846.9367,3859.8476,3827.6874,3837.3511
134530000,3834.1521,1586200,16328200,6014550000,84370481400,3846.9367,3859.8476,3827.6874,3837.3511
134535000,3834.0008,1497700,21115600,6016047700,84391597000,3846.9367,3859.8476,3827.6874,3837.3511
134540000,3834.1451,1418100,22131500,6017465800,84413728500,3846.9367,3859.8476,3827.6874,3837.3511
134545000,3833.8124,1795200,26451200,6019261000,84440179700,3846.9367,3859.8476,3827.6874,3837.3511
134550000,3833.5825,1581200,27460600,6020842200,84467640300,3846.9367,3859.8476,3827.6874,3837.3511
134555000,3834.1031,1460600,22484700,6022302800,84490125000,3846.9367,3859.8476,3827.6874,3837.3511
134600000,3834.5299,1084600,14908800,6023387400,84505033800,3846.9367,3859.8476,3827.6874,3837.3511
134605000,3834.0886,1224900,25982700,6024612300,84531016500,3846.9367,3859.8476,3827.6874,3837.3511
134610000,3834.3367,1266500,19619400,6025878800,84550635900,3846.9367,3859.8476,3827.6874,3837.3511
134615000,3834.5102,1867200,22381400,6027746000,84573017300,3846.9367,3859.8476,3827.6874,3837.3511
134620000,3834.2466,1417900,20759900,6029163900,84593777200,3846.9367,3859.8476,3827.6874,3837.3511
134625000,3834.3988,2192200,29922000,6031356100,84623699200,3846.9367,3859.8476,3827.6874,3837.3511
134630000,3834.3671,1132900,14728100,6032489000,84638427300,3846.9367,3859.8476,3827.6874,3837.3511
134635000,3833.982,2053600,32189800,6034542600,84670617100,3846.9367,3859.8476,3827.6874,3837.3511
134640000,3834.0094,1834800,25314500,6036377400,84695931600,3846.9367,3859.8476,3827.6874,3837.3511
134645000,3833.6615,1748300,24491400,6038125700,84720423000,3846.9367,3859.8476,3827.6874,3837.3511
134650000,3833.3204,1967900,29290300,6040093600,84749713300,3846.9367,3859.8476,3827.6874,3837.3511
134655000,3832.8705,2654100,38616400,6042747700,84788329700,3846.9367,3859.8476,3827.6874,3837.3511
134700000,3833.2575,1957400,25427500,6044705100,84813757200,3846.9367,3859.8476,3827.6874,3837.3511
134705000,3833.0517,2055000,27639100,6046760100,84841396300,3846.9367,3859.8476,3827.6874,3837.3511
134710000,3833.4421,1347500,22702000,6048107600,84864098300,3846.9367,3859.8476,3827.6874,3837.3511
134715000,3832.9833,1907600,22545200,6050015200,84886643500,3846.9367,3859.8476,3827.6874,3837.3511
134720000,3833.3564,1497900,19861800,6051513100,84906505300,3846.9367,3859.8476,3827.6874,3837.3511
134725000,3832.9903,1770300,27227400,6053283400,84933732700,3846.9367,3859.8476,3827.6874,3837.3511
134731000,3832.7892,1719500,22077400,6055002900,84955810100,3846.9367,3859.8476,3827.6874,3837.3511
134736000,3833.0943,1901000,23776000,6056903900,84979586100,3846.9367,3859.8476,3827.6874,3837.3511
134741000,3833.04,1599500,24367800,6058503400,85003953900,3846.9367,3859.8476,3827.6874,3837.3511
134746000,3832.3727,1415800,19860600,6059919200,85023814500,3846.9367,3859.8476,3827.6874,3837.3511
134751000,3832.409,985900,15829900,6060905100,85039644400,3846.9367,3859.8476,3827.6874,3837.3511
134756000,3832.1324,2264200,32304800,6063169300,85071949200,3846.9367,3859.8476,3827.6874,3837.3511
134801000,3832.5526,1284800,20314900,6064454100,85092264100,3846.9367,3859.8476,3827.6874,3837.3511
134806000,3832.386,1196200,17134100,6065650300,85109398200,3846.9367,3859.8476,3827.6874,3837.3511
134811000,3832.3168,1966900,25331100,6067617200,85134729300,3846.9367,3859.8476,3827.6874,3837.3511
134816000,3832.9274,1115800,18107700,6068733000,85152837000,3846.9367,3859.8476,3827.6874,3837.3511
134821000,3832.5114,1346300,20984400,6070079300,85173821400,3846.9367,3859.8476,3827.6874,3837.3511
134826000,3832.1543,1476700,24342700,6071556000,85198164100,3846.9367,3859.8476,3827.6874,3837.3511
134831000,3832.5086,1070200,18298000,6072626200,85216462100,3846.9367,3859.8476,3827.6874,3837.3511
134836000,3832.5704,1433500,18606100,6074059700,85235068200,3846.9367,3859.8476,3827.6874,3837.3511
134841000,3832.2673,1802400,23762600,6075862100,85258830800,3846.9367,3859.8476,3827.6874,3837.3511
134846000,3832.3727,1301500,20517000,6077163600,85279347800,3846.9367,3859.8476,3827.6874,3837.3511
134851000,3831.7638,1322600,20452000,6078486200,85299799800,3846.9367,3859.8476,3827.6874,3837.3511
134856000,3831.8462,1576200,20975700,6080062400,85320775500,3846.9367,3859.8476,3827.6874,3837.3511
134901000,3832.0899,1229000,17649200,6081291400,85338424700,3846.9367,3859.8476,3827.6874,3837.3511
134906000,3831.6823,1047800,15417400,6082339200,85353842100,3846.9367,3859.8476,3827.6874,3837.3511
134911000,3831.8082,1482600,24585800,6083821800,85378427900,3846.9367,3859.8476,3827.6874,3837.3511
134916000,3831.9215,1305500,18478500,6085127300,85396906400,3846.9367,3859.8476,3827.6874,3837.3511
134921000,3832.0242,1159900,17620200,6086287200,85414526600,3846.9367,3859.8476,3827.6874,3837.3511
134926000,3831.8986,2634200,26783000,6088921400,85441309600,3846.9367,3859.8476,3827.6874,3837.3511
134931000,3832.0895,1752000,23435400,6090673400,85464745000,3846.9367,3859.8476,3827.6874,3837.3511
134936000,3832.5247,2500100,31541600,6093173500,85496286600,3846.9367,3859.8476,3827.6874,3837.3511
134941000,3832.2852,1836900,22495700,6095010400,85518782300,3846.9367,3859.8476,3827.6874,3837.3511
134946000,3832.0331,1586500,23554500,6096596900,85542336800,3846.9367,3859.8476,3827.6874,3837.3511
134951000,3831.4304,1222800,17742800,6097819700,85560079600,3846.9367,3859.8476,3827.6874,3837.3511
134956000,3831.5978,1918300,23369800,6099738000,85583449400,3846.9367,3859.8476,3827.6874,3837.3511
135001000,3832.2342,1150200,19073700,6100888200,85602523100,3846.9367,3859.8476,3827.6874,3837.3511
135006000,3832.3437,1505700,17375800,6102393900,85619898900,3846.9367,3859.8476,3827.6874,3837.3511
135011000,3832.5276,1704600,19741900,6104098500,85639640800,3846.9367,3859.8476,3827.6874,3837.3511
135016000,3832.4169,1145100,17011900,6105243600,85656652700,3846.9367,3859.8476,3827.6874,3837.3511
135021000,3832.2026,1244800,18793300,6106488400,85675446000,3846.9367,3859.8476,3827.6874,3837.3511
135026000,3832.6107,1522600,19503100,6108011000,85694949100,3846.9367,3859.8476,3827.6874,3837.3511
135031000,3832.142,1035400,19378400,6109046400,85714327500,3846.9367,3859.8476,3827.6874,3837.3511
135036000,3832.1674,915700,13356400,6109962100,85727683900,3846.9367,3859.8476,3827.6874,3837.3511
135042000,3832.3779,2036900,22695600,6111999000,85750379500,3846.9367,3859.8476,3827.6874,3837.3511
135046000,3832.1037,1109300,18425800,6113108300,85768805300,3846.9367,3859.8476,3827.6874,3837.3511
135052000,3831.7369,1877800,23705700,6114986100,85792511000,3846.9367,3859.8476,3827.6874,3837.3511
135057000,3831.9048,1972700,22019000,6116958800,85814530000,3846.9367,3859.8476,3827.6874,3837.3511
135102000,3831.9786,1751600,19677400,6118710400,85834207400,3846.9367,3859.8476,3827.6874,3837.3511
135107000,3832.162,2085400,23261300,6120795800,85857468700,3846.9367,3859.8476,3827.6874,3837.3511
135112000,3832.5796,1121500,18906300,6121917300,85876375000,3846.9367,3859.8476,3827.6874,3837.3511
135117000,3832.7029,1586400,24827600,6123503700,85901202600,3846.9367,3859.8476,3827.6874,3837.3511
135122000,3832.5901,1572800,19662900,6125076500,85920865500,3846.9367,3859.8476,3827.6874,3837.3511
135127000,3832.4168,1763200,21360600,6126839700,85942226100,3846.9367,3859.8476,3827.6874,3837.3511
135132000,3832.4692,1393500,18788600,6128233200,85961014700,3846.9367,3859.8476,3827.6874,3837.3511
135137000,3832.5824,1132300,15932400,6129365500,85976947100,3846.9367,3859.8476,3827.6874,3837.3511
135142000,3832.5785,905100,13285600,6130270600,85990232700,3846.9367,3859.8476,3827.6874,3837.3511
135147000,3832.4855,1003700,18746300,6131274300,86008979000,3846.9367,3859.8476,3827.6874,3837.3511
135152000,3832.2928,1420700,19199400,6132695000,86028178400,3846.9367,3859.8476,3827.6874,3837.3511
135157000,3832.1317,1442100,18936100,6134137100,86047114500,3846.9367,3859.8476,3827.6874,3837.3511
135202000,3832.3235,1531900,26465400,6135669000,86073579900,3846.9367,3859.8476,3827.6874,3837.3511
135207000,3832.708,2435800,24659400,6138104800,86098239300,3846.9367,3859.8476,3827.6874,3837.3511
135212000,3832.6805,2446700,27157000,6140551500,86125396300,3846.9367,3859.8476,3827.6874,3837.3511
135217000,3833.1671,1428600,23563100,6141980100,86148959400,3846.9367,3859.8476,3827.6874,3837.3511
135222000,3833.0061,1192600,20042200,6143172700,86169001600,3846.9367,3859.8476,3827.6874,3837.3511
135227000,3833.1102,1098100,17450500,6144270800,86186452100,3846.9367,3859.8476,3827.6874,3837.3511
135232000,3833.0863,1403800,21693500,6145674600,86208145600,3846.9367,3859.8476,3827.6874,3837.3511
135237000,3833.6787,1610900,24137500,6147285500,86232283100,3846.9367,3859.8476,3827.6874,3837.3511
135242000,3833.7469,1402900,18363700,6148688400,86250646800,3846.9367,3859.8476,3827.6874,3837.3511
135247000,3833.4531,1616700,24626200,6150305100,86275273000,3846.9367,3859.8476,3827.6874,3837.3511
135252000,3834.041,1782700,25415900,6152087800,86300688900,3846.9367,3859.8476,3827.6874,3837.3511
135257000,3833.7122,1429200,29300500,6153517000,86329989400,3846.9367,3859.8476,3827.6874,3837.3511
135302000,3833.9681,1749200,31994900,6155266200,86361984300,3846.9367,3859.8476,3827.6874,3837.3511
135307000,3834.7307,1726900,29210400,6156993100,86391194700,3846.9367,3859.8476,3827.6874,3837.3511
135312000,3834.7509,1436200,20368400,6158429300,86411563100,3846.9367,3859.8476,3827.6874,3837.3511
135317000,3834.7306,1595600,24663300,6160024900,86436226400,3846.9367,3859.8476,3827.6874,3837.3511
135322000,3834.8938,1693900,28171700,6161718800,86464398100,3846.9367,3859.8476,3827.6874,3837.3511
135327000,3835.2139,1637600,24797000,6163356400,86489195100,3846.9367,3859.8476,3827.6874,3837.3511
135332000,3835.116,1513300,23421400,6164869700,86512616500,3846.9367,3859.8476,3827.6874,3837.3511
135337000,3835.4008,1636800,25024400,6166506500,86537640900,3846.9367,3859.8476,3827.6874,3837.3511
135342000,3835.4027,1500900,24768300,6168007400,86562409200,3846.9367,3859.8476,3827.6874,3837.3511
135347000,3835.8384,2388400,31669700,6170395800,86594078900,3846.9367,3859.8476,3827.6874,3837.3511
135352000,3835.7056,2271100,36003900,6172666900,86630082800,3846.9367,3859.8476,3827.6874,3837.3511
135357000,3835.825,2577600,26314200,6175244500,86656397000,3846.9367,3859.8476,3827.6874,3837.3511
135403000,3836.1285,2253700,42589000,6177498200,86698986000,3846.9367,3859.8476,3827.6874,3837.3511
135407000,3837.2626,1931400,32492900,6179429600,86731478900,3846.9367,3859.8476,3827.6874,3837.3511
135413000,3837.0542,1998500,29190300,6181428100,86760669200,3846.9367,3859.8476,3827.6874,3837.3511
135418000,3837.7078,1433600,19925500,6182861700,86780594700,3846.9367,3859.8476,3827.6874,3837.3511
135423000,3837.4216,1847600,24561900,6184709300,86805156600,3846.9367,3859.8476,3827.6874,3837.3511
135428000,3837.5715,1872400,24215500,6186581700,86829372100,3846.9367,3859.8476,3827.6874,3837.3511
135433000,3837.7803,1722700,24526000,6188304400,86853898100,3846.9367,3859.8476,3827.6874,3837.3511
135438000,3838.1972,1664100,25489100,6189968500,86879387200,3846.9367,3859.8476,3827.6874,3837.3511
135443000,3838.1532,1860100,28666100,6191828600,86908053300,3846.9367,3859.8476,3827.6874,3837.3511
135448000,3838.147,1788300,24115900,6193616900,86932169200,3846.9367,3859.8476,3827.6874,3837.3511
135453000,3837.9156,2056700,27675500,6195673600,86959844700,3846.9367,3859.8476,3827.6874,3837.3511
135458000,3837.8289,2049600,33009100,6197723200,86992853800,3846.9367,3859.8476,3827.6874,3837.3511
135503000,3838.4824,2526300,25955800,6200249500,87018809600,3846.9367,3859.8476,3827.6874,3837.3511
135508000,3839.2848,2128500,30376900,6202378000,87049186500,3846.9367,3859.8476,3827.6874,3837.3511
135513000,3839.0205,1562200,30200100,6203940200,87079386600,3846.9367,3859.8476,3827.6874,3837.3511
135518000,3839.5054,1826500,20326700,6205766700,87099713300,3846.9367,3859.8476,3827.6874,3837.3511
135523000,3839.7451,1849300,27300900,6207616000,87127014200,3846.9367,3859.8476,3827.6874,3837.3511
135528000,3839.558,1698700,27172900,6209314700,87154187100,3846.9367,3859.8476,3827.6874,3837.3511
135533000,3839.4911,1426900,21064200,6210741600,87175251300,3846.9367,3859.8476,3827.6874,3837.3511
135538000,3839.9197,1496000,23649000,6212237600,87198900300,3846.9367,3859.8476,3827.6874,3837.3511
135543000,3839.9858,2206100,30064600,6214443700,87228964900,3846.9367,3859.8476,3827.6874,3837.3511
135548000,3839.7552,1447000,20196500,6215890700,87249161400,3846.9367,3859.8476,3827.6874,3837.3511
135553000,3839.6253,3319400,33380400,6219210100,87282541800,3846.9367,3859.8476,3827.6874,3837.3511
135558000,3839.8426,2286700,30929600,6221496800,87313471400,3846.9367,3859.8476,3827.6874,3837.3511
135603000,3839.7966,2363200,23320800,6223860000,87336792200,3846.9367,3859.8476,3827.6874,3837.3511
135608000,3840.5341,2744900,31585900,6226604900,87368378100,3846.9367,3859.8476,3827.6874,3837.3511
135613000,3840.3767,1480700,26731100,6228085600,87395109200,3846.9367,3859.8476,3827.6874,3837.3511
135618000,3840.0621,1122000,17739100,6229207600,87412848300,3846.9367,3859.8476,3827.6874,3837.3511
135623000,3840.2464,2599800,34445400,6231807400,87447293700,3846.9367,3859.8476,3827.6874,3837.3511
135628000,3840.3679,1191700,21847900,6232999100,87469141600,3846.9367,3859.8476,3827.6874,3837.3511
135633000,3840.3022,1480100,20458700,6234479200,87489600300,3846.9367,3859.8476,3827.6874,3837.3511
135638000,3840.851,1996500,24319000,6236475700,87513919300,3846.9367,3859.8476,3827.6874,3837.3511
135643000,3840.9455,1478700,23805500,6237954400,87537724800,3846.9367,3859.8476,3827.6874,3837.3511
135648000,3840.3697,1343300,18168300,6239297700,87555893100,3846.9367,3859.8476,3827.6874,3837.3511
135653000,3839.5881,1679000,26138200,6240976700,87582031300,3846.9367,3859.8476,3827.6874,3837.3511
135658000,3839.7612,2766700,37366500,6243743400,87619397800,3846.9367,3859.8476,3827.6874,3837.3511
135703000,3839.9482,1417700,18848900,6245161100,87638246700,3846.9367,3859.8476,3827.6874,3837.3511
135708000,3839.6801,1578500,23456900,6246739600,87661703600,3846.9367,3859.8476,3827.6874,3837.3511
135713000,3840.1433,1372600,23976700,6248112200,87685680300,3846.9367,3859.8476,3827.6874,3837.3511
135719000,3839.6056,2253200,35759800,6250365400,87721440100,3846.9367,3859.8476,3827.6874,3837.3511
135723000,3839.5193,1220500,18239500,6251585900,87739679600,3846.9367,3859.8476,3827.6874,3837.3511
135729000,3839.8801,1985100,24502100,6253571000,87764181700,3846.9367,3859.8476,3827.6874,3837.3511
135734000,3839.6061,1763100,23664500,6255334100,87787846200,3846.9367,3859.8476,3827.6874,3837.3511
135739000,3840.0773,1786500,17888000,6257120600,87805734200,3846.9367,3859.8476,3827.6874,3837.3511
135744000,3839.3803,2024200,27244000,6259144800,87832978200,3846.9367,3859.8476,3827.6874,3837.3511
135749000,3839.3512,1616100,25198200,6260760900,87858176400,3846.9367,3859.8476,3827.6874,3837.3511
135754000,3839.1022,1505200,19878600,6262266100,87878055000,3846.9367,3859.8476,3827.6874,3837.3511
135759000,3839.0874,1909600,26880000,6264175700,87904935000,3846.9367,3859.8476,3827.6874,3837.3511
135804000,3839.3703,1336300,18083900,6265512000,87923018900,3846.9367,3859.8476,3827.6874,3837.3511
135809000,3839.7232,1155600,14340600,6266667600,87937359500,3846.9367,3859.8476,3827.6874,3837.3511
135814000,3838.9334,1704800,20980200,6268372400,87958339700,3846.9367,3859.8476,3827.6874,3837.3511
135819000,3839.1252,1150600,17411600,6269523000,87975751300,3846.9367,3859.8476,3827.6874,3837.3511
135824000,3838.9016,1585100,23079100,6271108100,87998830400,3846.9367,3859.8476,3827.6874,3837.3511
135829000,3838.9712,1715100,24153300,6272823200,88022983700,3846.9367,3859.8476,3827.6874,3837.3511
135834000,3837.9847,1476900,20093300,6274300100,88043077000,3846.9367,3859.8476,3827.6874,3837.3511
135839000,3838.3526,1835200,18966700,6276135300,88062043700,3846.9367,3859.8476,3827.6874,3837.3511
135844000,3839.1423,1671700,23760200,6277807000,88085803900,3846.9367,3859.8476,3827.6874,3837.3511
135849000,3838.5838,2148400,24704500,6279955400,88110508400,3846.9367,3859.8476,3827.6874,3837.3511
135854000,3838.38,1318600,15983200,6281274000,88126491600,3846.9367,3859.8476,3827.6874,3837.3511
135859000,3838.4009,1332500,21656600,6282606500,88148148200,3846.9367,3859.8476,3827.6874,3837.3511
135904000,3838.3569,1735800,26451100,6284342300,88174599300,3846.9367,3859.8476,3827.6874,3837.3511
135909000,3838.2686,1372300,16271300,6285714600,88190870600,3846.9367,3859.8476,3827.6874,3837.3511
135914000,3838.3991,1586000,23878300,6287300600,88214748900,3846.9367,3859.8476,3827.6874,3837.3511
135919000,3838.431,1251600,18986400,6288552200,88233735300,3846.9367,3859.8476,3827.6874,3837.3511
135924000,3838.6872,1012500,14846500,6289564700,88248581800,3846.9367,3859.8476,3827.6874,3837.3511
135929000,3838.1965,1754100,28060600,6291318800,88276642400,3846.9367,3859.8476,3827.6874,3837.3511
135934000,3838.3011,1377700,22980900,6292696500,88299623300,3846.9367,3859.8476,3827.6874,3837.3511
135939000,3838.5627,1164600,17537000,6293861100,88317160300,3846.9367,3859.8476,3827.6874,3837.3511
135944000,3838.1105,1856600,27420200,6295717700,88344580500,3846.9367,3859.8476,3827.6874,3837.3511
135949000,3837.9371,1133600,17166700,6296851300,88361747200,3846.9367,3859.8476,3827.6874,3837.3511
135954000,3837.7525,2056700,20081800,6298908000,88381829000,3846.9367,3859.8476,3827.6874,3837.3511
135959000,3837.6351,2103500,27553400,6301011500,88409382400,3846.9367,3859.8476,3827.6874,3837.3511
140004000,3838.0641,1162600,16960900,6302174100,88426343300,3846.9367,3859.8476,3827.6874,3837.3511
140009000,3838.4208,1171300,12052800,6303345400,88438396100,3846.9367,3859.8476,3827.6874,3837.3511
140014000,3838.2632,1492300,17164900,6304837700,88455561000,3846.9367,3859.8476,3827.6874,3837.3511
140019000,3838.1334,1392000,23235900,6306229700,88478796900,3846.9367,3859.8476,3827.6874,3837.3511
140024000,3838.2597,1174700,16119600,6307404400,88494916500,3846.9367,3859.8476,3827.6874,3837.3511
140029000,3838.5255,1631300,24464100,6309035700,88519380600,3846.9367,3859.8476,3827.6874,3837.3511
140035000,3838.409,1666200,22477500,6310701900,88541858100,3846.9367,3859.8476,3827.6874,3837.3511
140040000,3838.6203,1180500,17639800,6311882400,88559497900,3846.9367,3859.8476,3827.6874,3837.3511
140045000,3838.2849,931600,13014400,6312814000,88572512300,3846.9367,3859.8476,3827.6874,3837.3511
140050000,3838.2687,1599400,20145000,6314413400,88592657300,3846.9367,3859.8476,3827.6874,3837.3511
140055000,3837.9253,1645400,22404600,6316058800,88615061900,3846.9367,3859.8476,3827.6874,3837.3511
140100000,3838.1107,972300,11636700,6317031100,88626698600,3846.9367,3859.8476,3827.6874,3837.3511
140105000,3838.145,1471100,21054200,6318502200,88647752800,3846.9367,3859.8476,3827.6874,3837.3511
140110000,3838.6147,1164900,18756000,6319667100,88666508800,3846.9367,3859.8476,3827.6874,3837.3511
140115000,3838.5143,952300,12976800,6320619400,88679485600,3846.9367,3859.8476,3827.6874,3837.3511
140120000,3838.5316,1215200,20803900,6321834600,88700289500,3846.9367,3859.8476,3827.6874,3837.3511
140125000,3838.8032,1141100,17362700,6322975700,88717652200,3846.9367,3859.8476,3827.6874,3837.3511
140130000,3838.737,1477100,16189900,6324452800,88733842100,3846.9367,3859.8476,3827.6874,3837.3511
140135000,3838.1664,1232900,20728800,6325685700,88754570900,3846.9367,3859.8476,3827.6874,3837.3511
140140000,3838.5623,1172000,16723700,6326857700,88771294600,3846.9367,3859.8476,3827.6874,3837.3511
140145000,3838.0218,1565700,17764000,6328423400,88789058600,3846.9367,3859.8476,3827.6874,3837.3511
140150000,3837.9288,1623000,23378100,6330046400,88812436700,3846.9367,3859.8476,3827.6874,3837.3511
140155000,3837.8807,1402800,21226000,6331449200,88833662700,3846.9367,3859.8476,3827.6874,3837.3511
140200000,3837.7088,1048400,13489300,6332497600,88847152000,3846.9367,3859.8476,3827.6874,3837.3511
140205000,3837.7166,1659200,24024200,6334156800,88871176200,3846.9367,3859.8476,3827.6874,3837.3511
140210000,3838.5409,1410400,26381100,6335567200,88897557300,3846.9367,3859.8476,3827.6874,3837.3511
140215000,3838.2823,1048700,13369300,6336615900,88910926600,3846.9367,3859.8476,3827.6874,3837.3511
140220000,3838.0321,2440200,28518200,6339056100,88939444800,3846.9367,3859.8476,3827.6874,3837.3511
140225000,3838.3344,1395700,19285900,6340451800,88958730700,3846.9367,3859.8476,3827.6874,3837.3511
140230000,3838.1595,1394500,15458900,6341846300,88974189600,3846.9367,3859.8476,3827.6874,3837.3511
140235000,3838.1978,1725800,21360300,6343572100,88995549900,3846.9367,3859.8476,3827.6874,3837.3511
140240000,3838.4238,1507900,22596800,6345080000,89018146700,3846.9367,3859.8476,3827.6874,3837.3511
140245000,3838.5768,1032700,13426100,6346112700,89031572800,3846.9367,3859.8476,3827.6874,3837.3511
140250000,3838.3426,1824700,26159900,6347937400,89057732700,3846.9367,3859.8476,3827.6874,3837.3511
140255000,3838.1388,2435300,33698700,6350372700,89091431400,3846.9367,3859.8476,3827.6874,3837.3511
140300000,3838.3488,1843200,18280900,6352215900,89109712300,3846.9367,3859.8476,3827.6874,3837.3511
140305000,3838.2517,1577500,22235700,6353793400,89131948000,3846.9367,3859.8476,3827.6874,3837.3511
140310000,3838.752,1156200,17590600,6354949600,89149538600,3846.9367,3859.8476,3827.6874,3837.3511
140315000,3838.4066,1077900,16938200,6356027500,89166476800,3846.9367,3859.8476,3827.6874,3837.3511
140320000,3838.573,1552700,22467400,6357580200,89188944200,3846.9367,3859.8476,3827.6874,3837.3511
140325000,3838.7539,1164400,16931600,6358744600,89205875800,3846.9367,3859.8476,3827.6874,3837.3511
140330000,3838.9051,773800,11921900,6359518400,89217797700,3846.9367,3859.8476,3827.6874,3837.3511
140335000,3838.5255,1232400,17527300,6360750800,89235325000,3846.9367,3859.8476,3827.6874,3837.3511
140341000,3838.6758,1655300,27590500,6362406100,89262915500,3846.9367,3859.8476,3827.6874,3837.3511
140345000,3838.6397,1257400,20323800,6363663500,89283239300,3846.9367,3859.8476,3827.6874,3837.3511
140351000,3838.6013,4141400,39552000,6367804900,89322791300,3846.9367,3859.8476,3827.6874,3837.3511
140356000,3838.2761,1716700,29645300,6369521600,89352436600,3846.9367,3859.8476,3827.6874,3837.3511
140401000,3838.1892,1655200,30923900,6371176800,89383360500,3846.9367,3859.8476,3827.6874,3837.3511
140406000,3838.4116,2081300,23603500,6373258100,89406964000,3846.9367,3859.8476,3827.6874,3837.3511
140411000,3838.7746,2289300,31686900,6375547400,89438650900,3846.9367,3859.8476,3827.6874,3837.3511
140416000,3838.5885,2000900,26776400,6377548300,89465427300,3846.9367,3859.8476,3827.6874,3837.3511
140421000,3838.4943,1055600,19776400,6378603900,89485203700,3846.9367,3859.8476,3827.6874,3837.3511
140426000,3838.4963,1730200,29370700,6380334100,89514574400,3846.9367,3859.8476,3827.6874,3837.3511
140431000,3838.8491,1469700,22901500,6381803800,89537475900,3846.9367,3859.8476,3827.6874,3837.3511
140436000,3838.8277,1403000,21754500,6383206800,89559230400,3846.9367,3859.8476,3827.6874,3837.3511
140441000,3839.349,2322500,47451800,6385529300,89606682200,3846.9367,3859.8476,3827.6874,3837.3511
140446000,3839.0266,1600400,30378900,6387129700,89637061100,3846.9367,3859.8476,3827.6874,3837.3511
140451000,3838.2697,1390500,17039000,6388520200,89654100100,3846.9367,3859.8476,3827.6874,3837.3511
140456000,3838.7211,2753700,64753000,6391273900,89718853100,3846.9367,3859.8476,3827.6874,3837.3511
140501000,3838.3646,2779300,80024400,6394053200,89798877500,3846.9367,3859.8476,3827.6874,3837.3511
140506000,3838.891,1465100,21135700,6395518300,89820013200,3846.9367,3859.8476,3827.6874,3837.3511
140511000,3839.1233,1480800,37091000,6396999100,89857104200,3846.9367,3859.8476,3827.6874,3837.3511
140516000,3838.759,2740900,29838500,6399740000,89886942700,3846.9367,3859.8476,3827.6874,3837.3511
140521000,3838.8384,1442200,19419600,6401182200,89906362300,3846.9367,3859.8476,3827.6874,3837.3511
140526000,3839.3003,1596900,22175700,6402779100,89928538000,3846.9367,3859.8476,3827.6874,3837.3511
140531000,3839.1736,1649100,23549300,6404428200,89952087300,3846.9367,3859.8476,3827.6874,3837.3511
140536000,3838.6721,1465900,22108800,6405894100,89974196100,3846.9367,3859.8476,3827.6874,3837.3511
140541000,3839.2924,1724500,30229600,6407618600,90004425700,3846.9367,3859.8476,3827.6874,3837.3511
140546000,3838.9504,1452200,20084100,6409070800,90024509800,3846.9367,3859.8476,3827.6874,3837.3511
140551000,3838.6069,1837200,20432300,6410908000,90044942100,3846.9367,3859.8476,3827.6874,3837.3511
140556000,3838.6325,2088500,26918400,6412996500,90071860500,3846.9367,3859.8476,3827.6874,3837.3511
140601000,3838.7027,1338400,18689300,6414334900,90090549800,3846.9367,3859.8476,3827.6874,3837.3511
140606000,3838.5434,1039900,18479200,6415374800,90109029000,3846.9367,3859.8476,3827.6874,3837.3511
140611000,3838.8577,1284500,19603300,6416659300,90128632300,3846.9367,3859.8476,3827.6874,3837.3511
140616000,3839.1442,1571600,25450000,6418230900,90154082300,3846.9367,3859.8476,3827.6874,3837.3511
140621000,3838.7335,948600,15909000,6419179500,90169991300,3846.9367,3859.8476,3827.6874,3837.3511
140626000,3838.5008,1877700,28341700,6421057200,90198333000,3846.9367,3859.8476,3827.6874,3837.3511
140631000,3838.5602,1471600,27920200,6422528800,90226253200,3846.9367,3859.8476,3827.6874,3837.3511
140636000,3838.6272,1391400,20502100,6423920200,90246755300,3846.9367,3859.8476,3827.6874,3837.3511
140641000,3838.9408,2169700,30044700,6426089900,90276800000,3846.9367,3859.8476,3827.6874,3837.3511
140646000,3838.802,1288900,21242600,6427378800,90298042600,3846.9367,3859.8476,3827.6874,3837.3511
140651000,3838.7106,1120400,15596900,6428499200,90313639500,3846.9367,3859.8476,3827.6874,3837.3511
140656000,3838.0126,1557000,24257200,6430056200,90337896700,3846.9367,3859.8476,3827.6874,3837.3511
140702000,3838.2561,1799600,20463700,6431855800,90358360400,3846.9367,3859.8476,3827.6874,3837.3511
140707000,3838.4826,1849800,28548600,6433705600,90386909000,3846.9367,3859.8476,3827.6874,3837.3511
140712000,3838.5872,1373300,16871400,6435078900,90403780400,3846.9367,3859.8476,3827.6874,3837.3511
140717000,3838.4332,1389300,18847600,6436468200,90422628000,3846.9367,3859.8476,3827.6874,3837.3511
140722000,3838.0429,1754700,23017200,6438222900,90445645200,3846.9367,3859.8476,3827.6874,3837.3511
140727000,3838.4162,1775000,20570100,6439997900,90466215300,3846.9367,3859.8476,3827.6874,3837.3511
140732000,3838.4143,1229800,20778800,6441227700,90486994100,3846.9367,3859.8476,3827.6874,3837.3511
140737000,3838.0969,1289200,16915600,6442516900,90503909700,3846.9367,3859.8476,3827.6874,3837.3511
140742000,3838.3507,1239100,16229400,6443756000,90520139100,3846.9367,3859.8476,3827.6874,3837.3511
140747000,3837.6227,2109900,30443700,6445865900,90550582800,3846.9367,3859.8476,3827.6874,3837.3511
140752000,3837.4791,1560700,26496300,6447426600,90577079100,3846.9367,3859.8476,3827.6874,3837.3511
140757000,3837.0755,1844300,23162000,6449270900,90600241100,3846.9367,3859.8476,3827.6874,3837.3511
140802000,3836.8789,2634700,35350500,6451905600,90635591600,3846.9367,3859.8476,3827.6874,3837.3511
140807000,3835.7498,2992600,40765500,6454898200,90676357100,3846.9367,3859.8476,3827.6874,3837.3511
140812000,3836.3746,1973500,24598300,6456871700,90700955400,3846.9367,3859.8476,3827.6874,3837.3511
140817000,3836.7042,2288200,33204000,6459159900,90734159400,3846.9367,3859.8476,3827.6874,3837.3511
140822000,3836.4357,1678600,23613000,6460838500,90757772400,3846.9367,3859.8476,3827.6874,3837.3511
140827000,3836.3913,1307700,16742200,6462146200,90774514600,3846.9367,3859.8476,3827.6874,3837.3511
140832000,3836.0214,2055500,24979800,6464201700,90799494400,3846.9367,3859.8476,3827.6874,3837.3511
140837000,3835.8968,1856900,33690500,6466058600,90833184900,3846.9367,3859.8476,3827.6874,3837.3511
140842000,3835.607,1523300,17245900,6467581900,90850430800,3846.9367,3859.8476,3827.6874,3837.3511
140847000,3835.9441,1894100,30065300,6469476000,90880496100,3846.9367,3859.8476,3827.6874,3837.3511
140852000,3835.4999,1620200,20723500,6471096200,90901219600,3846.9367,3859.8476,3827.6874,3837.3511
140857000,3835.4277,1996000,22125100,6473092200,90923344700,3846.9367,3859.8476,3827.6874,3837.3511
140902000,3835.3838,1944500,27197300,6475036700,90950542000,3846.9367,3859.8476,3827.6874,3837.3511
140907000,3835.9328,1845000,25637900,6476881700,90976179900,3846.9367,3859.8476,3827.6874,3837.3511
140912000,3836.0035,1497000,19014900,6478378700,90995194800,3846.9367,3859.8476,3827.6874,3837.3511
140917000,3835.4773,1726700,25599700,6480105400,91020794500,3846.9367,3859.8476,3827.6874,3837.3511
140922000,3835.6454,2349000,26392200,6482454400,91047186700,3846.9367,3859.8476,3827.6874,3837.3511
140927000,3835.692,1174100,15872600,6483628500,91063059300,3846.9367,3859.8476,3827.6874,3837.3511
140932000,3835.478,2301500,22456400,6485930000,91085515700,3846.9367,3859.8476,3827.6874,3837.3511
140937000,3835.0926,1265100,19358400,6487195100,91104874100,3846.9367,3859.8476,3827.6874,3837.3511
140942000,3835.0045,1837700,19862400,6489032800,91124736500,3846.9367,3859.8476,3827.6874,3837.3511
140947000,3834.7882,2092800,28242300,6491125600,91152978800,3846.9367,3859.8476,3827.6874,3837.3511
140952000,3834.8699,1505200,24481300,6492630800,91177460100,3846.9367,3859.8476,3827.6874,3837.3511
140957000,3834.5423,1550900,25454400,6494181700,91202914500,3846.9367,3859.8476,3827.6874,3837.3511
141002000,3834.6483,2132500,28338900,6496314200,91231253400,3846.9367,3859.8476,3827.6874,3837.3511
141007000,3834.7906,1451000,20612700,6497765200,91251866100,3846.9367,3859.8476,3827.6874,3837.3511
141013000,3834.67,2319900,33141000,6500085100,91285007100,3846.9367,3859.8476,3827.6874,3837.3511
141018000,3835.2024,1258000,14936400,6501343100,91299943500,3846.9367,3859.8476,3827.6874,3837.3511
141023000,3834.9314,2282000,29357200,6503625100,91329300700,3846.9367,3859.8476,3827.6874,3837.3511
141028000,3835.1656,1637800,26405400,6505262900,91355706100,3846.9367,3859.8476,3827.6874,3837.3511
141033000,3834.6801,1388800,16858300,6506651700,91372564400,3846.9367,3859.8476,3827.6874,3837.3511
141038000,3834.8377,1621300,25558500,6508273000,91398122900,3846.9367,3859.8476,3827.6874,3837.3511
141043000,3834.5987,1288700,18773700,6509561700,91416896600,3846.9367,3859.8476,3827.6874,3837.3511
141048000,3834.5557,956200,12026000,6510517900,91428922600,3846.9367,3859.8476,3827.6874,3837.3511
141053000,3834.5088,2247000,28200600,6512764900,91457123200,3846.9367,3859.8476,3827.6874,3837.3511
141058000,3833.9999,1401600,20687900,6514166500,91477811100,3846.9367,3859.8476,3827.6874,3837.3511
141103000,3833.8781,1419700,19037800,6515586200,91496848900,3846.9367,3859.8476,3827.6874,3837.3511
141108000,3834.6346,2243800,25870800,6517830000,91522719700,3846.9367,3859.8476,3827.6874,3837.3511
141113000,3834.3743,1492300,19948600,6519322300,91542668300,3846.9367,3859.8476,3827.6874,3837.3511
141118000,3834.4996,1192500,14980800,6520514800,91557649100,3846.9367,3859.8476,3827.6874,3837.3511
141123000,3834.4272,1779300,25581900,6522294100,91583231000,3846.9367,3859.8476,3827.6874,3837.3511
141128000,3834.6303,1245500,20269100,6523539600,91603500100,3846.9367,3859.8476,3827.6874,3837.3511
141133000,3834.794,1028700,15385800,6524568300,91618885900,3846.9367,3859.8476,3827.6874,3837.3511
141138000,3834.5701,1177400,21189400,6525745700,91640075300,3846.9367,3859.8476,3827.6874,3837.3511
141143000,3834.5724,1897700,29564800,6527643400,91669640100,3846.9367,3859.8476,3827.6874,3837.3511
141148000,3834.287,1554200,15422800,6529197600,91685062900,3846.9367,3859.8476,3827.6874,3837.3511
141153000,3834.1111,2728700,36920900,6531926300,91721983800,3846.9367,3859.8476,3827.6874,3837.3511
141158000,3834.0015,2474500,27342700,6534400800,91749326500,3846.9367,3859.8476,3827.6874,3837.3511
141203000,3834.138,1648500,22145500,6536049300,91771472000,3846.9367,3859.8476,3827.6874,3837.3511
141208000,3834.5022,1928300,29945300,6537977600,91801417300,3846.9367,3859.8476,3827.6874,3837.3511
141213000,3834.655,1703300,22385200,6539680900,91823802500,3846.9367,3859.8476,3827.6874,3837.3511
141218000,3834.8467,967800,12447000,6540648700,91836249500,3846.9367,3859.8476,3827.6874,3837.3511
141223000,3834.8006,2392000,30013400,6543040700,91866262900,3846.9367,3859.8476,3827.6874,3837.3511
141228000,3834.762,1370300,16673600,6544411000,91882936500,3846.9367,3859.8476,3827.6874,3837.3511
141233000,3834.3308,1973100,27714400,6546384100,91910650900,3846.9367,3859.8476,3827.6874,3837.3511
141238000,3834.8911,1672600,27254500,6548056700,91937905400,3846.9367,3859.8476,3827.6874,3837.3511
141243000,3834.8412,1396000,21379600,6549452700,91959285000,3846.9367,3859.8476,3827.6874,3837.3511
141248000,3834.7156,1209200,18131600,6550661900,91977416600,3846.9367,3859.8476,3827.6874,3837.3511
141253000,3834.5409,1631300,24842400,6552293200,92002259000,3846.9367,3859.8476,3827.6874,3837.3511
141258000,3834.5521,1692200,23581300,6553985400,92025840300,3846.9367,3859.8476,3827.6874,3837.3511
141303000,3834.4129,1559500,22785600,6555544900,92048625900,3846.9367,3859.8476,3827.6874,3837.3511
141308000,3834.9248,2014300,29519100,6557559200,92078145000,3846.9367,3859.8476,3827.6874,3837.3511
141313000,3834.9651,1377800,26777600,6558937000,92104922600,3846.9367,3859.8476,3827.6874,3837.3511
141318000,3834.9158,1294400,19779700,6560231400,92124702300,3846.9367,3859.8476,3827.6874,3837.3511
141323000,3835.0557,1798900,30642400,6562030300,92155344700,3846.9367,3859.8476,3827.6874,3837.3511
141328000,3835.3229,1333000,23195800,6563363300,92178540500,3846.9367,3859.8476,3827.6874,3837.3511
141334000,3835.102,2287700,43577900,6565651000,92222118400,3846.9367,3859.8476,3827.6874,3837.3511
141339000,3835.3423,2314400,42181300,6567965400,92264299700,3846.9367,3859.8476,3827.6874,3837.3511
141344000,3835.3879,1382400,19459100,6569347800,92283758800,3846.9367,3859.8476,3827.6874,3837.3511
141349000,3835.063,2327700,28154000,6571675500,92311912800,3846.9367,3859.8476,3827.6874,3837.3511
141354000,3835.0596,1501300,24719900,6573176800,92336632700,3846.9367,3859.8476,3827.6874,3837.3511
141359000,3835.0099,1602300,29977700,6574779100,92366610400,3846.9367,3859.8476,3827.6874,3837.3511
141404000,3834.9578,2204100,29995500,6576983200,92396605900,3846.9367,3859.8476,3827.6874,3837.3511
141409000,3835.4288,1283600,19237700,6578266800,92415843600,3846.9367,3859.8476,3827.6874,3837.3511
141414000,3835.4,1483500,20091700,6579750300,92435935300,3846.9367,3859.8476,3827.6874,3837.3511
141419000,3835.3723,1149600,20033800,6580899900,92455969100,3846.9367,3859.8476,3827.6874,3837.3511
141424000,3835.4717,1096500,15399700,6581996400,92471368800,3846.9367,3859.8476,3827.6874,3837.3511
141429000,3835.442,2083400,29680300,6584079800,92501049100,3846.9367,3859.8476,3827.6874,3837.3511
141434000,3835.3454,1797200,25520700,6585877000,92526569800,3846.9367,3859.8476,3827.6874,3837.3511
141439000,3835.66,1280100,17274900,6587157100,92543844700,3846.9367,3859.8476,3827.6874,3837.3511
141444000,3835.7678,1651900,19887300,6588809000,92563732000,3846.9367,3859.8476,3827.6874,3837.3511
141449000,3835.0939,1380100,20109900,6590189100,92583841900,3846.9367,3859.8476,3827.6874,3837.3511
141454000,3834.9839,2450500,23669700,6592639600,92607511600,3846.9367,3859.8476,3827.6874,3837.3511
141459000,3835.4941,1867600,26348400,6594507200,92633860000,3846.9367,3859.8476,3827.6874,3837.3511
141504000,3835.3474,1901500,25620800,6596408700,92659480800,3846.9367,3859.8476,3827.6874,3837.3511
141509000,3835.4052,1965800,18714200,6598374500,92678195000,3846.9367,3859.8476,3827.6874,3837.3511
141514000,3835.5185,1457800,22413500,6599832300,92700608500,3846.9367,3859.8476,3827.6874,3837.3511
141519000,3835.4683,1958200,33519400,6601790500,92734127900,3846.9367,3859.8476,3827.6874,3837.3511
141524000,3835.542,1303000,15417600,6603093500,92749545500,3846.9367,3859.8476,3827.6874,3837.3511
141529000,3835.6708,1889500,22600000,6604983000,92772145500,3846.9367,3859.8476,3827.6874,3837.3511
141534000,3835.6087,1611000,21750600,6606594000,92793896100,3846.9367,3859.8476,3827.6874,3837.3511
141539000,3835.5321,1869600,19559100,6608463600,92813455200,3846.9367,3859.8476,3827.6874,3837.3511
141544000,3835.8809,1354300,20866400,6609817900,92834321600,3846.9367,3859.8476,3827.6874,3837.3511
141549000,3835.3499,1385700,18761000,6611203600,92853082600,3846.9367,3859.8476,3827.6874,3837.3511
141554000,3835.0954,2439300,32744600,6613642900,92885827200,3846.9367,3859.8476,3827.6874,3837.3511
141559000,3835.0026,2364200,27725700,6616007100,92913552900,3846.9367,3859.8476,3827.6874,3837.3511
141604000,3835.1942,1749700,25548300,6617756800,92939101200,3846.9367,3859.8476,3827.6874,3837.3511
141609000,3835.1894,1119900,13504100,6618876700,92952605300,3846.9367,3859.8476,3827.6874,3837.3511
141614000,3835.4428,1399700,19832700,6620276400,92972438000,3846.9367,3859.8476,3827.6874,3837.3511
141619000,3835.5518,1588300,25778400,6621864700,92998216400,3846.9367,3859.8476,3827.6874,3837.3511
141624000,3835.7664,1344600,23969900,6623209300,93022186300,3846.9367,3859.8476,3827.6874,3837.3511
141629000,3835.5551,1270900,18663700,6624480200,93040850000,3846.9367,3859.8476,3827.6874,3837.3511
141635000,3835.4117,1488100,22200300,6625968300,93063050300,3846.9367,3859.8476,3827.6874,3837.3511
141640000,3836.126,1458800,25743000,6627427100,93088793300,3846.9367,3859.8476,3827.6874,3837.3511
141644000,3835.2665,961900,11137300,6628389000,93099930600,3846.9367,3859.8476,3827.6874,3837.3511
141650000,3835.3906,1912400,25844200,6630301400,93125774800,3846.9367,3859.8476,3827.6874,3837.3511
141655000,3834.9993,1458100,24676100,6631759500,93150450900,3846.9367,3859.8476,3827.6874,3837.3511
141700000,3835.0336,1545100,21691600,6633304600,93172142500,3846.9367,3859.8476,3827.6874,3837.3511
141705000,3834.7542,2190900,32287800,6635495500,93204430300,3846.9367,3859.8476,3827.6874,3837.3511
141710000,3835.0821,1488300,20599700,6636983800,93225030000,3846.9367,3859.8476,3827.6874,3837.3511
141715000,3835.3606,1407900,18440700,6638391700,93243470700,3846.9367,3859.8476,3827.6874,3837.3511
141720000,3835.1301,1275700,20636500,6639667400,93264107200,3846.9367,3859.8476,3827.6874,3837.3511
141725000,3834.8903,1708200,26128300,6641375600,93290235500,3846.9367,3859.8476,3827.6874,3837.3511
141730000,3835.0687,931000,15091500,6642306600,93305327000,3846.9367,3859.8476,3827.6874,3837.3511
141735000,3834.7399,2333900,29061800,6644640500,93334388800,3846.9367,3859.8476,3827.6874,3837.3511
141740000,3834.6348,1707200,25901100,6646347700,93360289900,3846.9367,3859.8476,3827.6874,3837.3511
141745000,3833.985,1632800,22975600,6647980500,93383265500,3846.9367,3859.8476,3827.6874,3837.3511
141750000,3834.1199,2632900,37994300,6650613400,93421259800,3846.9367,3859.8476,3827.6874,3837.3511
141755000,3834.081,1577500,25569100,6652190900,93446828900,3846.9367,3859.8476,3827.6874,3837.3511
141800000,3833.8756,1439800,18307900,6653630700,93465136800,3846.9367,3859.8476,3827.6874,3837.3511
141805000,3833.8046,1929300,31184900,6655560000,93496321700,3846.9367,3859.8476,3827.6874,3837.3511
141810000,3834.1588,1407400,27386700,6656967400,93523708400,3846.9367,3859.8476,3827.6874,3837.3511
141815000,3834.144,1339300,22389900,6658306700,93546098300,3846.9367,3859.8476,3827.6874,3837.3511
141820000,3834.2083,2511700,38218700,6660818400,93584317000,3846.9367,3859.8476,3827.6874,3837.3511
141825000,3834.018,2675500,32540900,6663493900,93616857900,3846.9367,3859.8476,3827.6874,3837.3511
141830000,3834.0751,1925800,22416200,6665419700,93639274100,3846.9367,3859.8476,3827.6874,3837.3511
141835000,3834.4529,4015900,58213800,6669435600,93697487900,3846.9367,3859.8476,3827.6874,3837.3511
141840000,3834.3543,1907900,26885800,6671343500,93724373700,3846.9367,3859.8476,3827.6874,3837.3511
141845000,3834.3379,1735000,23742000,6673078500,93748115700,3846.9367,3859.8476,3827.6874,3837.3511
141850000,3834.1044,2320300,35538300,6675398800,93783654000,3846.9367,3859.8476,3827.6874,3837.3511
141855000,3834.2058,2385800,39613400,6677784600,93823267400,3846.9367,3859.8476,3827.6874,3837.3511
141900000,3833.8707,1530700,17003500,6679315300,93840270900,3846.9367,3859.8476,3827.6874,3837.3511
141905000,3834.1002,2491300,36295600,6681806600,93876566500,3846.9367,3859.8476,3827.6874,3837.3511
141910000,3834.7623,2129800,30426300,6683936400,93906992800,3846.9367,3859.8476,3827.6874,3837.3511
141915000,3834.6806,1376900,18881200,6685313300,93925874000,3846.9367,3859.8476,3827.6874,3837.3511
141920000,3834.801,2731800,32440800,6688045100,93958314800,3846.9367,3859.8476,3827.6874,3837.3511
141925000,3834.5159,2923600,37289800,6690968700,93995604600,3846.9367,3859.8476,3827.6874,3837.3511
141930000,3834.0174,1070900,18946800,6692039600,94014551400,3846.9367,3859.8476,3827.6874,3837.3511
141935000,3834.3956,1914300,37340600,6693953900,94051892000,3846.9367,3859.8476,3827.6874,3837.3511
141940000,3833.8423,2186400,42954100,6696140300,94094846100,3846.9367,3859.8476,3827.6874,3837.3511
141945000,3834.6521,1979400,24094700,6698119700,94118940800,3846.9367,3859.8476,3827.6874,3837.3511
141950000,3834.264,1991000,31969500,6700110700,94150910300,3846.9367,3859.8476,3827.6874,3837.3511
141956000,3834.2295,1857200,32756500,6701967900,94183666800,3846.9367,3859.8476,3827.6874,3837.3511
142001000,3833.805,1704400,24026500,6703672300,94207693300,3846.9367,3859.8476,3827.6874,3837.3511
142006000,3834.3159,1854100,29387600,6705526400,94237080900,3846.9367,3859.8476,3827.6874,3837.3511
142011000,3834.0488,1652200,24727200,6707178600,94261808100,3846.9367,3859.8476,3827.6874,3837.3511
142016000,3834.0711,1942800,28889300,6709121400,94290697400,3846.9367,3859.8476,3827.6874,3837.3511
142021000,3834.4594,1339900,16186600,6710461300,94306884000,3846.9367,3859.8476,3827.6874,3837.3511
142026000,3834.2381,2179500,30132600,6712640800,94337016600,3846.9367,3859.8476,3827.6874,3837.3511
142031000,3834.4804,2174200,31772500,6714815000,94368789100,3846.9367,3859.8476,3827.6874,3837.3511
142036000,3834.0477,1360700,22923600,6716175700,94391712700,3846.9367,3859.8476,3827.6874,3837.3511
142041000,3833.9814,2160100,32474300,6718335800,94424187000,3846.9367,3859.8476,3827.6874,3837.3511
142046000,3833.7265,2198400,30108400,6720534200,94454295400,3846.9367,3859.8476,3827.6874,3837.3511
142051000,3834.1891,1249500,18950300,6721783700,94473245700,3846.9367,3859.8476,3827.6874,3837.3511
142056000,3833.6209,1638900,25781600,6723422600,94499027300,3846.9367,3859.8476,3827.6874,3837.3511
142101000,3833.739,1737800,22985600,6725160400,94522012900,3846.9367,3859.8476,3827.6874,3837.3511
142106000,3833.9263,1735300,23609200,6726895700,94545622100,3846.9367,3859.8476,3827.6874,3837.3511
142111000,3834.3031,2142200,29684900,6729037900,94575307000,3846.9367,3859.8476,3827.6874,3837.3511
142116000,3834.4169,1576500,23783400,6730614400,94599090400,3846.9367,3859.8476,3827.6874,3837.3511
142121000,3834.4116,1628000,23408700,6732242400,94622499100,3846.9367,3859.8476,3827.6874,3837.3511
142126000,3834.8035,2770400,32100300,6735012800,94654599400,3846.9367,3859.8476,3827.6874,3837.3511
142131000,3834.3093,2016600,29888900,6737029400,94684488300,3846.9367,3859.8476,3827.6874,3837.3511
142136000,3834.2206,1569300,21427500,6738598700,94705915800,3846.9367,3859.8476,3827.6874,3837.3511
142141000,3834.1055,1740200,30082300,6740338900,94735998100,3846.9367,3859.8476,3827.6874,3837.3511
142146000,3834.0269,1404200,24823300,6741743100,94760821400,3846.9367,3859.8476,3827.6874,3837.3511
142151000,3833.7358,1694500,27755300,6743437600,94788576700,3846.9367,3859.8476,3827.6874,3837.3511
142156000,3834.1015,2131400,30030100,6745569000,94818606800,3846.9367,3859.8476,3827.6874,3837.3511
142201000,3833.8787,1483600,22008500,6747052600,94840615300,3846.9367,3859.8476,3827.6874,3837.3511
142206000,3834.1555,1561000,20383500,6748613600,94860998800,3846.9367,3859.8476,3827.6874,3837.3511
142211000,3834.376,1781800,24074500,6750395400,94885073300,3846.9367,3859.8476,3827.6874,3837.3511
142216000,3834.2716,1060400,17766100,6751455800,94902839400,3846.9367,3859.8476,3827.6874,3837.3511
142221000,3834.2966,1300200,21615100,6752756000,94924454500,3846.9367,3859.8476,3827.6874,3837.3511
142226000,3834.4972,2431300,39520000,6755187300,94963974500,3846.9367,3859.8476,3827.6874,3837.3511
142231000,3834.5259,1587300,22991200,6756774600,94986965700,3846.9367,3859.8476,3827.6874,3837.3511
142236000,3834.3774,1602200,22679200,6758376800,95009644900,3846.9367,3859.8476,3827.6874,3837.3511
142241000,3834.4869,1841700,25214900,6760218500,95034859800,3846.9367,3859.8476,3827.6874,3837.3511
142246000,3834.5927,1940300,33215800,6762158800,95068075600,3846.9367,3859.8476,3827.6874,3837.3511
142251000,3834.5587,969400,14253500,6763128200,95082329100,3846.9367,3859.8476,3827.6874,3837.3511
142256000,3834.1281,2150400,33161100,6765278600,95115490200,3846.9367,3859.8476,3827.6874,3837.3511
142301000,3834.0933,1558600,25147700,6766837200,95140637900,3846.9367,3859.8476,3827.6874,3837.3511
142306000,3834.5507,1584500,18364100,6768421700,95159002000,3846.9367,3859.8476,3827.6874,3837.3511
142312000,3834.7753,2174100,34550800,6770595800,95193552800,3846.9367,3859.8476,3827.6874,3837.3511
142317000,3834.7764,1251400,20901300,6771847200,95214454100,3846.9367,3859.8476,3827.6874,3837.3511
142322000,3834.5809,1898000,26840500,6773745200,95241294600,3846.9367,3859.8476,3827.6874,3837.3511
142327000,3834.488,1512600,21003000,6775257800,95262297600,3846.9367,3859.8476,3827.6874,3837.3511
142332000,3834.7682,1850000,31130500,6777107800,95293428100,3846.9367,3859.8476,3827.6874,3837.3511
142337000,3834.7964,2213000,35634600,6779320800,95329062700,3846.9367,3859.8476,3827.6874,3837.3511
142342000,3834.2356,1148600,18739900,6780469400,95347802600,3846.9367,3859.8476,3827.6874,3837.3511
142347000,3834.5238,1307200,20044100,6781776600,95367846700,3846.9367,3859.8476,3827.6874,3837.3511
142352000,3833.9373,1599300,25537700,6783375900,95393384400,3846.9367,3859.8476,3827.6874,3837.3511
142357000,3833.9087,1138100,16591600,6784514000,95409976000,3846.9367,3859.8476,3827.6874,3837.3511
142402000,3833.8997,1522800,26350500,6786036800,95436326500,3846.9367,3859.8476,3827.6874,3837.3511
142407000,3834.2287,2799300,29956000,6788836100,95466282500,3846.9367,3859.8476,3827.6874,3837.3511
142412000,3834.3758,1298000,21830300,6790134100,95488112800,3846.9367,3859.8476,3827.6874,3837.3511
142417000,3834.5511,1624300,25846300,6791758400,95513959100,3846.9367,3859.8476,3827.6874,3837.3511
142422000,3834.5399,2097700,28819000,6793856100,95542778100,3846.9367,3859.8476,3827.6874,3837.3511
142427000,3834.1566,1387800,22972400,6795243900,95565750500,3846.9367,3859.8476,3827.6874,3837.3511
142432000,3834.3422,2092800,34056400,6797336700,95599806900,3846.9367,3859.8476,3827.6874,3837.3511
142437000,3834.2042,1902200,30914900,6799238900,95630721800,3846.9367,3859.8476,3827.6874,3837.3511
142442000,3834.3403,1041600,18160900,6800280500,95648882700,3846.9367,3859.8476,3827.6874,3837.3511
142447000,3833.943,2442000,31757700,6802722500,95680640400,3846.9367,3859.8476,3827.6874,3837.3511
142452000,3834.1193,1412400,22439000,6804134900,95703079400,3846.9367,3859.8476,3827.6874,3837.3511
142457000,3834.3563,1312500,19897200,6805447400,95722976600,3846.9367,3859.8476,3827.6874,3837.3511
142502000,3834.0089,3359000,31847500,6808806400,95754824100,3846.9367,3859.8476,3827.6874,3837.3511
142507000,3834.2076,2229700,33228500,6811036100,95788052600,3846.9367,3859.8476,3827.6874,3837.3511
142512000,3834.5095,2927600,31829700,6813963700,95819882300,3846.9367,3859.8476,3827.6874,3837.3511
142517000,3834.4305,1835700,26931800,6815799400,95846814100,3846.9367,3859.8476,3827.6874,3837.3511
142522000,3834.2544,2031400,30969600,6817830800,95877783700,3846.9367,3859.8476,3827.6874,3837.3511
142527000,3834.3983,1686500,20012100,6819517300,95897795800,3846.9367,3859.8476,3827.6874,3837.3511
142532000,3834.4062,2524600,28984800,6822041900,95926780600,3846.9367,3859.8476,3827.6874,3837.3511
142537000,3834.5694,2664600,29800000,6824706500,95956580600,3846.9367,3859.8476,3827.6874,3837.3511
142542000,3834.2785,1461900,22662500,6826168400,95979243100,3846.9367,3859.8476,3827.6874,3837.3511
142547000,3834.5884,2055600,33502800,6828224000,96012745900,3846.9367,3859.8476,3827.6874,3837.3511
142552000,3834.5192,2684200,33077800,6830908200,96045823700,3846.9367,3859.8476,3827.6874,3837.3511
142557000,3834.2753,2820500,52148900,6833728700,96097972600,3846.9367,3859.8476,3827.6874,3837.3511
142602000,3834.386,2155200,26320900,6835883900,96124293500,3846.9367,3859.8476,3827.6874,3837.3511
142607000,3834.1812,2470700,30872200,6838354600,96155165700,3846.9367,3859.8476,3827.6874,3837.3511
142612000,3834.1097,2068800,22006300,6840423400,96177172000,3846.9367,3859.8476,3827.6874,3837.3511
142617000,3834.5682,2330200,36000100,6842753600,96213172100,3846.9367,3859.8476,3827.6874,3837.3511
142622000,3834.9632,3283500,49601200,6846037100,96262773300,3846.9367,3859.8476,3827.6874,3837.3511
142628000,3834.8589,3313200,32961100,6849350300,96295734400,3846.9367,3859.8476,3827.6874,3837.3511
142632000,3834.8091,1205000,22152400,6850555300,96317886800,3846.9367,3859.8476,3827.6874,3837.3511
142638000,3834.6206,2960700,39236100,6853516000,96357122900,3846.9367,3859.8476,3827.6874,3837.3511
142643000,3834.7592,2179800,27427200,6855695800,96384550100,3846.9367,3859.8476,3827.6874,3837.3511
142648000,3834.9285,1971600,26218700,6857667400,96410768800,3846.9367,3859.8476,3827.6874,3837.3511
142653000,3834.527,2321800,28697900,6859989200,96439466700,3846.9367,3859.8476,3827.6874,3837.3511
142658000,3834.6316,2543100,33088500,6862532300,96472555200,3846.9367,3859.8476,3827.6874,3837.3511
142703000,3834.1317,1315000,20404800,6863847300,96492960000,3846.9367,3859.8476,3827.6874,3837.3511
142708000,3834.7271,2243900,28014400,6866091200,96520974400,3846.9367,3859.8476,3827.6874,3837.3511
142713000,3835.0065,1393500,28239100,6867484700,96549213500,3846.9367,3859.8476,3827.6874,3837.3511
142718000,3834.8517,1446100,21367200,6868930800,96570580700,3846.9367,3859.8476,3827.6874,3837.3511
142723000,3834.567,2040900,38808200,6870971700,96609388900,3846.9367,3859.8476,3827.6874,3837.3511
142728000,3835.039,1776500,32965700,6872748200,96642354600,3846.9367,3859.8476,3827.6874,3837.3511
142733000,3834.82,2075800,28499000,6874824000,96670853600,3846.9367,3859.8476,3827.6874,3837.3511
142738000,3835.0276,2012900,24928700,6876836900,96695782300,3846.9367,3859.8476,3827.6874,3837.3511
142743000,3834.8719,1715600,26557500,6878552500,96722339800,3846.9367,3859.8476,3827.6874,3837.3511
142748000,3834.7566,1680700,19576200,6880233200,96741916000,3846.9367,3859.8476,3827.6874,3837.3511
142753000,3834.6227,2270800,40948400,6882504000,96782864400,3846.9367,3859.8476,3827.6874,3837.3511
142758000,3834.3263,1966400,25791000,6884470400,96808655400,3846.9367,3859.8476,3827.6874,3837.3511
142803000,3834.393,1391000,18240400,6885861400,96826895800,3846.9367,3859.8476,3827.6874,3837.3511
142808000,3834.932,1850900,28693100,6887712300,96855588900,3846.9367,3859.8476,3827.6874,3837.3511
142813000,3835.5271,2210500,33727800,6889922800,96889316700,3846.9367,3859.8476,3827.6874,3837.3511
142818000,3834.9742,1766800,26545200,6891689600,96915861900,3846.9367,3859.8476,3827.6874,3837.3511
142823000,3835.1207,3220800,44069600,6894910400,96959931500,3846.9367,3859.8476,3827.6874,3837.3511
142828000,3835.3115,2255600,30263400,6897166000,96990194900,3846.9367,3859.8476,3827.6874,3837.3511
142833000,3835.2786,1763200,23747200,6898929200,97013942100,3846.9367,3859.8476,3827.6874,3837.3511
142838000,3835.2848,3120600,42561400,6902049800,97056503500,3846.9367,3859.8476,3827.6874,3837.3511
142843000,3836.1139,2434800,45245900,6904484600,97101749400,3846.9367,3859.8476,3827.6874,3837.3511
142848000,3835.8558,2155000,29714400,6906639600,97131463800,3846.9367,3859.8476,3827.6874,3837.3511
142853000,3835.9048,3496100,52580100,6910135700,97184043900,3846.9367,3859.8476,3827.6874,3837.3511
142858000,3836.5369,3300900,48874600,6913436600,97232918500,3846.9367,3859.8476,3827.6874,3837.3511
142903000,3837.0331,2635000,37611000,6916071600,97270529500,3846.9367,3859.8476,3827.6874,3837.3511
142908000,3837.3686,3544300,49806200,6919615900,97320335700,3846.9367,3859.8476,3827.6874,3837.3511
142913000,3836.9883,3149000,47920900,6922764900,97368256600,3846.9367,3859.8476,3827.6874,3837.3511
142918000,3837.5997,2375500,36387100,6925140400,97404643700,3846.9367,3859.8476,3827.6874,3837.3511
142923000,3837.6362,2872400,44931200,6928012800,97449574900,3846.9367,3859.8476,3827.6874,3837.3511
142928000,3838.3293,3296600,55381400,6931309400,97504956300,3846.9367,3859.8476,3827.6874,3837.3511
142933000,3837.8617,2290800,34092300,6933600200,97539048600,3846.9367,3859.8476,3827.6874,3837.3511
142939000,3838.6927,4348800,66468600,6937949000,97605517200,3846.9367,3859.8476,3827.6874,3837.3511
142943000,3839.1279,2512400,46877600,6940461400,97652394800,3846.9367,3859.8476,3827.6874,3837.3511
142949000,3838.5272,4353100,66272300,6944814500,97718667100,3846.9367,3859.8476,3827.6874,3837.3511
142954000,3838.8254,2138000,30235000,6946952500,97748902100,3846.9367,3859.8476,3827.6874,3837.3511
142959000,3838.9375,5032300,63716200,6951984800,97812618300,3846.9367,3859.8476,3827.6874,3837.3511
143004000,3839.214,3341100,41322800,6955325900,97853941100,3846.9367,3859.8476,3827.6874,3837.3511
143009000,3839.5944,4198400,48627600,6959524300,97902568700,3846.9367,3859.8476,3827.6874,3837.3511
143014000,3840.2419,3345700,42418000,6962870000,97944986700,3846.9367,3859.8476,3827.6874,3837.3511
143019000,3839.8752,3586000,46513300,6966456000,97991500000,3846.9367,3859.8476,3827.6874,3837.3511
143024000,3839.6511,2183500,32738300,6968639500,98024238300,3846.9367,3859.8476,3827.6874,3837.3511
143029000,3840.2173,3319700,42285500,6971959200,98066523800,3846.9367,3859.8476,3827.6874,3837.3511
143034000,3839.8929,3281900,40730400,6975241100,98107254200,3846.9367,3859.8476,3827.6874,3837.3511
143039000,3839.6819,1880900,19912900,6977122000,98127167100,3846.9367,3859.8476,3827.6874,3837.3511
143044000,3840.0551,4337500,59322400,6981459500,98186489500,3846.9367,3859.8476,3827.6874,3837.3511
143049000,3840.293,3094900,38422900,6984554400,98224912400,3846.9367,3859.8476,3827.6874,3837.3511
143054000,3839.9278,2580300,27394300,6987134700,98252306700,3846.9367,3859.8476,3827.6874,3837.3511
143059000,3840.0596,3526800,35418900,6990661500,98287725600,3846.9367,3859.8476,3827.6874,3837.3511
143104000,3839.6492,3367700,38866500,6994029200,98326592100,3846.9367,3859.8476,3827.6874,3837.3511
143109000,3840.1664,2721700,32380200,6996750900,98358972300,3846.9367,3859.8476,3827.6874,3837.3511
143114000,3840.5786,2365900,36392900,6999116800,98395365200,3846.9367,3859.8476,3827.6874,3837.3511
143119000,3840.3818,2582100,37410700,7001698900,98432775900,3846.9367,3859.8476,3827.6874,3837.3511
143124000,3840.4294,2539600,31393900,7004238500,98464169800,3846.9367,3859.8476,3827.6874,3837.3511
143129000,3840.541,2923800,43021500,7007162300,98507191300,3846.9367,3859.8476,3827.6874,3837.3511
143134000,3840.4185,2171700,29744500,7009334000,98536935800,3846.9367,3859.8476,3827.6874,3837.3511
143139000,3840.6743,2549700,29864700,7011883700,98566800500,3846.9367,3859.8476,3827.6874,3837.3511
143144000,3840.9645,2996400,36809000,7014880100,98603609500,3846.9367,3859.8476,3827.6874,3837.3511
143149000,3840.7126,2282400,30070100,7017162500,98633679600,3846.9367,3859.8476,3827.6874,3837.3511
143154000,3840.8316,1617300,24275100,7018779800,98657954700,3846.9367,3859.8476,3827.6874,3837.3511
143159000,3840.2483,2844400,38044100,7021624200,98695998800,3846.9367,3859.8476,3827.6874,3837.3511
143204000,3840.4381,2987200,30613100,7024611400,98726611900,3846.9367,3859.8476,3827.6874,3837.3511
143209000,3840.5559,1960300,27089500,7026571700,98753701400,3846.9367,3859.8476,3827.6874,3837.3511
143214000,3841.2793,4617600,44381100,7031189300,98798082500,3846.9367,3859.8476,3827.6874,3837.3511
143219000,3840.8668,2910200,34340500,7034099500,98832423000,3846.9367,3859.8476,3827.6874,3837.3511
143224000,3840.7429,3103200,30827000,7037202700,98863250000,3846.9367,3859.8476,3827.6874,3837.3511
143229000,3841.3797,2340700,37114700,7039543400,98900364700,3846.9367,3859.8476,3827.6874,3837.3511
143234000,3840.7122,3156100,34374100,7042699500,98934738800,3846.9367,3859.8476,3827.6874,3837.3511
143239000,3841.1793,2822200,30498700,7045521700,98965237500,3846.9367,3859.8476,3827.6874,3837.3511
143245000,3840.854,3237100,39112200,7048758800,99004349700,3846.9367,3859.8476,3827.6874,3837.3511
143249000,3841.1293,2680800,31098300,7051439600,99035448000,3846.9367,3859.8476,3827.6874,3837.3511
143255000,3840.5084,2998600,37327600,7054438200,99072775600,3846.9367,3859.8476,3827.6874,3837.3511
143259000,3840.7561,1450800,20692300,7055889000,99093467900,3846.9367,3859.8476,3827.6874,3837.3511
143305000,3840.8919,3123400,34539500,7059012400,99128007400,3846.9367,3859.8476,3827.6874,3837.3511
143310000,3841.1439,2434200,29655500,7061446600,99157662900,3846.9367,3859.8476,3827.6874,3837.3511
143315000,3841.1907,1812400,22907800,7063259000,99180570700,3846.9367,3859.8476,3827.6874,3837.3511
143320000,3841.2164,3958700,38578600,7067217700,99219149300,3846.9367,3859.8476,3827.6874,3837.3511
143325000,3841.0217,3145200,38290100,7070362900,99257439400,3846.9367,3859.8476,3827.6874,3837.3511
143330000,3841.3401,1531900,20964300,7071894800,99278403700,3846.9367,3859.8476,3827.6874,3837.3511
143335000,3841.4451,2164200,29490600,7074059000,99307894300,3846.9367,3859.8476,3827.6874,3837.3511
143340000,3841.0012,1719600,23663200,7075778600,99331557500,3846.9367,3859.8476,3827.6874,3837.3511
143345000,3841.6318,1845500,21080700,7077624100,99352638200,3846.9367,3859.8476,3827.6874,3837.3511
143350000,3841.3244,1796200,28239000,7079420300,99380877200,3846.9367,3859.8476,3827.6874,3837.3511
143355000,3841.2022,2368700,32966700,7081789000,99413843900,3846.9367,3859.8476,3827.6874,3837.3511
143400000,3841.2083,1896600,24626200,7083685600,99438470100,3846.9367,3859.8476,3827.6874,3837.3511
143405000,3841.3659,2927700,36891100,7086613300,99475361200,3846.9367,3859.8476,3827.6874,3837.3511
143410000,3841.4079,2052400,30492400,7088665700,99505853600,3846.9367,3859.8476,3827.6874,3837.3511
143415000,3841.9126,1366800,22264400,7090032500,99528118000,3846.9367,3859.8476,3827.6874,3837.3511
143420000,3841.5427,2403900,30984900,7092436400,99559102900,3846.9367,3859.8476,3827.6874,3837.3511
143425000,3841.4312,2148700,36662600,7094585100,99595765500,3846.9367,3859.8476,3827.6874,3837.3511
143430000,3841.8292,1616400,22214800,7096201500,99617980300,3846.9367,3859.8476,3827.6874,3837.3511
143435000,3842.1726,3459100,40813700,7099660600,99658794000,3846.9367,3859.8476,3827.6874,3837.3511
143440000,3841.8273,2169900,32350700,7101830500,99691144700,3846.9367,3859.8476,3827.6874,3837.3511
143445000,3842.1331,1714200,23817900,7103544700,99714962600,3846.9367,3859.8476,3827.6874,3837.3511
143450000,3842.1875,2388900,37995400,7105933600,99752958000,3846.9367,3859.8476,3827.6874,3837.3511
143455000,3841.8352,2119200,30975800,7108052800,99783933800,3846.9367,3859.8476,3827.6874,3837.3511
143500000,3841.8667,1802200,26302100,7109855000,99810235900,3846.9367,3859.8476,3827.6874,3837.3511
143505000,3841.8884,3055800,35393200,7112910800,99845629100,3846.9367,3859.8476,3827.6874,3837.3511
143510000,3841.8046,1925000,25007700,7114835800,99870636800,3846.9367,3859.8476,3827.6874,3837.3511
143515000,3842.1049,1639900,21828800,7116475700,99892465600,3846.9367,3859.8476,3827.6874,3837.3511
143520000,3841.8271,1832200,33064100,7118307900,99925529700,3846.9367,3859.8476,3827.6874,3837.3511
143525000,3841.7937,2233600,30420400,7120541500,99955950100,3846.9367,3859.8476,3827.6874,3837.3511
143530000,3841.5924,1870000,29384300,7122411500,99985334400,3846.9367,3859.8476,3827.6874,3837.3511
143535000,3841.7608,1860300,29385700,7124271800,100014720100,3846.9367,3859.8476,3827.6874,3837.3511
143540000,3841.6521,1812100,27673700,7126083900,100042393800,3846.9367,3859.8476,3827.6874,3837.3511
143545000,3841.7039,2206700,26805800,7128290600,100069199600,3846.9367,3859.8476,3827.6874,3837.3511
143550000,3841.2874,3061900,50284700,7131352500,100119484300,3846.9367,3859.8476,3827.6874,3837.3511
143555000,3841.3016,2148300,28783900,7133500800,100148268200,3846.9367,3859.8476,3827.6874,3837.3511
143601000,3841.3977,1952100,30816000,7135452900,100179084200,3846.9367,3859.8476,3827.6874,3837.3511
143606000,3841.0162,2227000,24825200,7137679900,100203909400,3846.9367,3859.8476,3827.6874,3837.3511
143610000,3841.2735,3162400,41771400,7140842300,100245680800,3846.9367,3859.8476,3827.6874,3837.3511
143616000,3841.5839,3083700,37580800,7143926000,100283261600,3846.9367,3859.8476,3827.6874,3837.3511
143620000,3841.357,1384100,20399800,7145310100,100303661400,3846.9367,3859.8476,3827.6874,3837.3511
143626000,3840.8045,2197700,36930400,7147507800,100340591800,3846.9367,3859.8476,3827.6874,3837.3511
143631000,3841.1126,2065800,27178600,7149573600,100367770400,3846.9367,3859.8476,3827.6874,3837.3511
143636000,3841.3748,1626100,22477400,7151199700,100390247800,3846.9367,3859.8476,3827.6874,3837.3511
143641000,3841.1288,1644000,26274100,7152843700,100416521900,3846.9367,3859.8476,3827.6874,3837.3511
143646000,3840.4966,1835800,22797500,7154679500,100439319400,3846.9367,3859.8476,3827.6874,3837.3511
143651000,3840.4817,1596400,22369000,7156275900,100461688400,3846.9367,3859.8476,3827.6874,3837.3511
143656000,3840.5141,1974800,31364000,7158250700,100493052400,3846.9367,3859.8476,3827.6874,3837.3511
143701000,3840.5524,2333600,37661900,7160584300,100530714300,3846.9367,3859.8476,3827.6874,3837.3511
143706000,3839.8091,2651600,25351700,7163235900,100556066000,3846.9367,3859.8476,3827.6874,3837.3511
143711000,3840.1012,2237300,35082500,7165473200,100591148500,3846.9367,3859.8476,3827.6874,3837.3511
143716000,3840.5874,2261600,35348900,7167734800,100626497400,3846.9367,3859.8476,3827.6874,3837.3511
143721000,3840.0258,1872800,28454100,7169607600,100654951500,3846.9367,3859.8476,3827.6874,3837.3511
143726000,3839.7766,2194400,34302600,7171802000,100689254100,3846.9367,3859.8476,3827.6874,3837.3511
143731000,3839.9855,1912400,35891700,7173714400,100725145800,3846.9367,3859.8476,3827.6874,3837.3511
143736000,3839.9092,1435300,21886000,7175149700,100747031800,3846.9367,3859.8476,3827.6874,3837.3511
143741000,3840.1497,2547500,35238400,7177697200,100782270200,3846.9367,3859.8476,3827.6874,3837.3511
143746000,3840.222,1808600,29245300,7179505800,100811515500,3846.9367,3859.8476,3827.6874,3837.3511
143751000,3839.9253,1463300,21436300,7180969100,100832951800,3846.9367,3859.8476,3827.6874,3837.3511
143756000,3840.0748,2246700,30539500,7183215800,100863491300,3846.9367,3859.8476,3827.6874,3837.3511
143801000,3840.0924,1805600,28426400,7185021400,100891917700,3846.9367,3859.8476,3827.6874,3837.3511
143806000,3839.7654,2373700,24129700,7187395100,100916047400,3846.9367,3859.8476,3827.6874,3837.3511
143811000,3840.0196,2015100,39832000,7189410200,100955879400,3846.9367,3859.8476,3827.6874,3837.3511
143816000,3840.4567,2014800,26487300,7191425000,100982366700,3846.9367,3859.8476,3827.6874,3837.3511
143821000,3839.9849,1865500,20667900,7193290500,101003034600,3846.9367,3859.8476,3827.6874,3837.3511
143826000,3840.1102,1961600,24396000,7195252100,101027430600,3846.9367,3859.8476,3827.6874,3837.3511
143831000,3840.1254,2201800,27866100,7197453900,101055296700,3846.9367,3859.8476,3827.6874,3837.3511
143836000,3839.647,2081600,31543800,7199535500,101086840500,3846.9367,3859.8476,3827.6874,3837.3511
143841000,3839.5777,2592200,34546600,7202127700,101121387100,3846.9367,3859.8476,3827.6874,3837.3511
143846000,3839.8698,1635300,27218500,7203763000,101148605600,3846.9367,3859.8476,3827.6874,3837.3511
143851000,3840.0878,2493700,24863700,7206256700,101173469300,3846.9367,3859.8476,3827.6874,3837.3511
143856000,3839.9314,2700400,37363200,7208957100,101210832500,3846.9367,3859.8476,3827.6874,3837.3511
143901000,3839.4121,1604500,25261100,7210561600,101236093600,3846.9367,3859.8476,3827.6874,3837.3511
143906000,3839.4145,2092200,19179700,7212653800,101255273300,3846.9367,3859.8476,3827.6874,3837.3511
143911000,3839.2354,2184300,31410500,7214838100,101286683800,3846.9367,3859.8476,3827.6874,3837.3511
143916000,3839.7368,2328200,31222500,7217166300,101317906300,3846.9367,3859.8476,3827.6874,3837.3511
143921000,3839.0642,2269800,25249800,7219436100,101343156100,3846.9367,3859.8476,3827.6874,3837.3511
143926000,3838.9907,1894200,26965300,7221330300,101370121400,3846.9367,3859.8476,3827.6874,3837.3511
143932000,3839.3194,3676300,43170100,7225006600,101413291500,3846.9367,3859.8476,3827.6874,3837.3511
143937000,3838.9708,2509400,36075200,7227516000,101449366700,3846.9367,3859.8476,3827.6874,3837.3511
143942000,3838.9138,2205200,31985500,7229721200,101481352200,3846.9367,3859.8476,3827.6874,3837.3511
143947000,3839.1159,3286800,38877900,7233008000,101520230100,3846.9367,3859.8476,3827.6874,3837.3511
143952000,3838.99,2111000,28441900,7235119000,101548672000,3846.9367,3859.8476,3827.6874,3837.3511
143957000,3838.8359,2025100,29658800,7237144100,101578330800,3846.9367,3859.8476,3827.6874,3837.3511
144002000,3838.5626,2753800,34027800,7239897900,101612358600,3846.9367,3859.8476,3827.6874,3837.3511
144007000,3838.0799,3656700,42314400,7243554600,101654673000,3846.9367,3859.8476,3827.6874,3837.3511
144012000,3838.4255,1805100,23339600,7245359700,101678012600,3846.9367,3859.8476,3827.6874,3837.3511
144017000,3838.5343,2596400,36704400,7247956100,101714717000,3846.9367,3859.8476,3827.6874,3837.3511
144022000,3838.5759,2508400,28709100,7250464500,101743426100,3846.9367,3859.8476,3827.6874,3837.3511
144027000,3838.2609,2373500,33778200,7252838000,101777204300,3846.9367,3859.8476,3827.6874,3837.3511
144032000,3838.3978,3030000,39905100,7255868000,101817109400,3846.9367,3859.8476,3827.6874,3837.3511
144037000,3837.5898,4184900,56096200,7260052900,101873205600,3846.9367,3859.8476,3827.6874,3837.3511
144042000,3837.9198,1955300,29676700,7262008200,101902882300,3846.9367,3859.8476,3827.6874,3837.3511
144047000,3838.2797,3107300,44692900,7265115500,101947575200,3846.9367,3859.8476,3827.6874,3837.3511
144052000,3837.5765,2537500,37844400,7267653000,101985419600,3846.9367,3859.8476,3827.6874,3837.3511
144057000,3837.3278,2084600,26213200,7269737600,102011632800,3846.9367,3859.8476,3827.6874,3837.3511
144102000,3837.2734,2727800,37215600,7272465400,102048848400,3846.9367,3859.8476,3827.6874,3837.3511
144107000,3836.7417,3360200,35513200,7275825600,102084361600,3846.9367,3859.8476,3827.6874,3837.3511
144112000,3836.7947,2260000,30458600,7278085600,102114820200,3846.9367,3859.8476,3827.6874,3837.3511
144117000,3837.1321,2409500,35224300,7280495100,102150044500,3846.9367,3859.8476,3827.6874,3837.3511
144122000,3836.5181,3458800,39662300,7283953900,102189706800,3846.9367,3859.8476,3827.6874,3837.3511
144127000,3836.6757,1800400,27951000,7285754300,102217657800,3846.9367,3859.8476,3827.6874,3837.3511
144132000,3836.6436,2869700,34707600,7288624000,102252365400,3846.9367,3859.8476,3827.6874,3837.3511
144137000,3836.7744,3426400,48859800,7292050400,102301225200,3846.9367,3859.8476,3827.6874,3837.3511
144142000,3836.4852,2696700,34577000,7294747100,102335802200,3846.9367,3859.8476,3827.6874,3837.3511
144147000,3836.6335,5005500,53576100,7299752600,102389378300,3846.9367,3859.8476,3827.6874,3837.3511
144152000,3836.4239,2725800,36627300,7302478400,102426005600,3846.9367,3859.8476,3827.6874,3837.3511
144157000,3836.0572,3664400,40104900,7306142800,102466110500,3846.9367,3859.8476,3827.6874,3837.3511
144202000,3836.0781,3308400,36725400,7309451200,102502835900,3846.9367,3859.8476,3827.6874,3837.3511
144207000,3835.5748,3226300,42259500,7312677500,102545095400,3846.9367,3859.8476,3827.6874,3837.3511
144212000,3836.0935,2655000,31329800,7315332500,102576425200,3846.9367,3859.8476,3827.6874,3837.3511
144217000,3835.817,3641700,41142100,7318974200,102617567300,3846.9367,3859.8476,3827.6874,3837.3511
144222000,3835.4795,3145800,49155800,7322120000,102666723100,3846.9367,3859.8476,3827.6874,3837.3511
144227000,3835.1957,2388100,29849200,7324508100,102696572300,3846.9367,3859.8476,3827.6874,3837.3511
144232000,3835.362,3167300,54366300,7327675400,102750938600,3846.9367,3859.8476,3827.6874,3837.3511
144237000,3834.5963,2879700,46781000,7330555100,102797719600,3846.9367,3859.8476,3827.6874,3837.3511
144243000,3835.1972,3075400,53978100,7333630500,102851697700,3846.9367,3859.8476,3827.6874,3837.3511
144248000,3835.3474,2224600,32516200,7335855100,102884213900,3846.9367,3859.8476,3827.6874,3837.3511
144253000,3834.9536,2796100,45759700,7338651200,102929973600,3846.9367,3859.8476,3827.6874,3837.3511
144258000,3834.5249,2436400,39616200,7341087600,102969589800,3846.9367,3859.8476,3827.6874,3837.3511
144303000,3834.7326,1874100,25404000,7342961700,102994993800,3846.9367,3859.8476,3827.6874,3837.3511
144308000,3834.5399,2355600,38010200,7345317300,103033004000,3846.9367,3859.8476,3827.6874,3837.3511
144313000,3834.8167,2719200,44767000,7348036500,103077771000,3846.9367,3859.8476,3827.6874,3837.3511
144318000,3834.7766,2372000,32235900,7350408500,103110006900,3846.9367,3859.8476,3827.6874,3837.3511
144323000,3834.5674,2707600,43909600,7353116100,103153916500,3846.9367,3859.8476,3827.6874,3837.3511
144328000,3834.2947,2068500,32080200,7355184600,103185996700,3846.9367,3859.8476,3827.6874,3837.3511
144333000,3834.2923,2476800,27537900,7357661400,103213534600,3846.9367,3859.8476,3827.6874,3837.3511
144338000,3834.3198,3139500,47201700,7360800900,103260736300,3846.9367,3859.8476,3827.6874,3837.3511
144343000,3834.1865,3031400,44371700,7363832300,103305108000,3846.9367,3859.8476,3827.6874,3837.3511
144348000,3834.1979,2023200,27334300,7365855500,103332442300,3846.9367,3859.8476,3827.6874,3837.3511
144353000,3834.1158,2818900,42378900,7368674400,103374821200,3846.9367,3859.8476,3827.6874,3837.3511
144358000,3833.9662,2085600,35106400,7370760000,103409927600,3846.9367,3859.8476,3827.6874,3837.3511
144403000,3833.991,1848400,31581700,7372608400,103441509300,3846.9367,3859.8476,3827.6874,3837.3511
144408000,3833.655,2200300,37913400,7374808700,103479422700,3846.9367,3859.8476,3827.6874,3837.3511
144413000,3833.6312,2718900,40858200,7377527600,103520280900,3846.9367,3859.8476,3827.6874,3837.3511
144418000,3833.2109,3593800,46003700,7381121400,103566284600,3846.9367,3859.8476,3827.6874,3837.3511
144423000,3833.4267,3249800,45039800,7384371200,103611324400,3846.9367,3859.8476,3827.6874,3837.3511
144428000,3833.2259,3122600,44864000,7387493800,103656188400,3846.9367,3859.8476,3827.6874,3837.3511
144433000,3833.3019,1863500,28653600,7389357300,103684842000,3846.9367,3859.8476,3827.6874,3837.3511
144438000,3832.6399,4621100,65169300,7393978400,103750011300,3846.9367,3859.8476,3827.6874,3837.3511
144443000,3833.394,3184100,46295300,7397162500,103796306600,3846.9367,3859.8476,3827.6874,3837.3511
144448000,3832.7044,3165300,35297300,7400327800,103831603900,3846.9367,3859.8476,3827.6874,3837.3511
144453000,3832.676,3740100,57732700,7404067900,103889336600,3846.9367,3859.8476,3827.6874,3837.3511
144458000,3832.4567,3150400,44509400,7407218300,103933846000,3846.9367,3859.8476,3827.6874,3837.3511
144503000,3832.3248,2744000,46407300,7409962300,103980253300,3846.9367,3859.8476,3827.6874,3837.3511
144508000,3832.0356,4692100,71694500,7414654400,104051947800,3846.9367,3859.8476,3827.6874,3837.3511
144513000,3832.247,2476000,41028600,7417130400,104092976400,3846.9367,3859.8476,3827.6874,3837.3511
144518000,3832.0272,2174200,30535000,7419304600,104123511400,3846.9367,3859.8476,3827.6874,3837.3511
144523000,3831.9193,3799800,58933400,7423104400,104182444800,3846.9367,3859.8476,3827.6874,3837.3511
144528000,3831.4414,2363700,43960000,7425468100,104226404800,3846.9367,3859.8476,3827.6874,3837.3511
144533000,3831.3628,2841500,40902300,7428309600,104267307100,3846.9367,3859.8476,3827.6874,3837.3511
144538000,3830.8892,4674800,58543500,7432984400,104325850600,3846.9367,3859.8476,3827.6874,3837.3511
144543000,3831.4964,2758400,42925900,7435742800,104368776500,3846.9367,3859.8476,3827.6874,3837.3511
144548000,3830.8932,3469100,39776200,7439211900,104408552700,3846.9367,3859.8476,3827.6874,3837.3511
144553000,3830.8005,4977400,57343000,7444189300,104465895700,3846.9367,3859.8476,3827.6874,3837.3511
144559000,3831.1037,4478600,81720900,7448667900,104547616600,3846.9367,3859.8476,3827.6874,3837.3511
144604000,3830.8708,3068700,47284600,7451736600,104594901200,3846.9367,3859.8476,3827.6874,3837.3511
144609000,3830.7358,2336500,35229500,7454073100,104630130700,3846.9367,3859.8476,3827.6874,3837.3511
144614000,3831.039,3082900,42464500,7457156000,104672595200,3846.9367,3859.8476,3827.6874,3837.3511
144619000,3831.128,2712200,42461500,7459868200,104715056700,3846.9367,3859.8476,3827.6874,3837.3511
144624000,3830.9212,3315800,45515900,7463184000,104760572600,3846.9367,3859.8476,3827.6874,3837.3511
144629000,3831.0833,3572000,43632400,7466756000,104804205000,3846.9367,3859.8476,3827.6874,3837.3511
144634000,3831.161,3419500,46275900,7470175500,104850480900,3846.9367,3859.8476,3827.6874,3837.3511
144639000,3831.3161,2655700,31632400,7472831200,104882113300,3846.9367,3859.8476,3827.6874,3837.3511
144644000,3830.8752,2951800,44963300,7475783000,104927076600,3846.9367,3859.8476,3827.6874,3837.3511
144649000,3831.0921,3246900,40010300,7479029900,104967086900,3846.9367,3859.8476,3827.6874,3837.3511
144654000,3831.145,2316800,33557800,7481346700,105000644700,3846.9367,3859.8476,3827.6874,3837.3511
144659000,3830.8631,2582600,41731200,7483929300,105042375900,3846.9367,3859.8476,3827.6874,3837.3511
144704000,3830.4938,3461200,46744900,7487390500,105089120800,3846.9367,3859.8476,3827.6874,3837.3511
144709000,3830.6264,2707900,49067900,7490098400,105138188700,3846.9367,3859.8476,3827.6874,3837.3511
144714000,3830.7967,3759700,49459200,7493858100,105187647900,3846.9367,3859.8476,3827.6874,3837.3511
144719000,3830.9894,3460700,43665000,7497318800,105231312900,3846.9367,3859.8476,3827.6874,3837.3511
144724000,3830.6853,2909200,43538000,7500228000,105274850900,3846.9367,3859.8476,3827.6874,3837.3511
144729000,3830.8937,2850300,36105700,7503078300,105310956600,3846.9367,3859.8476,3827.6874,3837.3511
144734000,3830.8859,3358500,43966100,7506436800,105354922700,3846.9367,3859.8476,3827.6874,3837.3511
144739000,3830.8083,1899200,33792300,7508336000,105388715000,3846.9367,3859.8476,3827.6874,3837.3511
144744000,3830.6034,4014600,44210200,7512350600,105432925200,3846.9367,3859.8476,3827.6874,3837.3511
144749000,3830.5856,3690100,50566300,7516040700,105483491500,3846.9367,3859.8476,3827.6874,3837.3511
144754000,3830.524,3167000,34634300,7519207700,105518125800,3846.9367,3859.8476,3827.6874,3837.3511
144759000,3830.5536,2611300,39489600,7521819000,105557615400,3846.9367,3859.8476,3827.6874,3837.3511
144804000,3830.6872,2769500,40728000,7524588500,105598343400,3846.9367,3859.8476,3827.6874,3837.3511
144809000,3830.8587,2566100,34966700,7527154600,105633310100,3846.9367,3859.8476,3827.6874,3837.3511
144814000,3830.9758,4287300,61322900,7531441900,105694633000,3846.9367,3859.8476,3827.6874,3837.3511
144819000,3831.2587,2726900,41875400,7534168800,105736508400,3846.9367,3859.8476,3827.6874,3837.3511
144824000,3830.7505,2755700,35109800,7536924500,105771618200,3846.9367,3859.8476,3827.6874,3837.3511
144829000,3830.9715,4117900,54006800,7541042400,105825625000,3846.9367,3859.8476,3827.6874,3837.3511
144834000,3830.9161,3082000,45126100,7544124400,105870751100,3846.9367,3859.8476,3827.6874,3837.3511
144839000,3830.6405,2481900,34117700,7546606300,105904868800,3846.9367,3859.8476,3827.6874,3837.3511
144844000,3830.7024,2916200,41909100,7549522500,105946777900,3846.9367,3859.8476,3827.6874,3837.3511
144849000,3830.8545,2830900,40923100,7552353400,105987701000,3846.9367,3859.8476,3827.6874,3837.3511
144854000,3830.8736,3902800,41844800,7556256200,106029545800,3846.9367,3859.8476,3827.6874,3837.3511
144859000,3830.854,4426700,48769500,7560682900,106078315300,3846.9367,3859.8476,3827.6874,3837.3511
144905000,3830.8689,3587600,44557200,7564270500,106122872500,3846.9367,3859.8476,3827.6874,3837.3511
144909000,3831.0529,1903600,24411700,7566174100,106147284200,3846.9367,3859.8476,3827.6874,3837.3511
144915000,3830.734,3493200,49154700,7569667300,106196438900,3846.9367,3859.8476,3827.6874,3837.3511
144920000,3831.1439,3759600,60152800,7573426900,106256591700,3846.9367,3859.8476,3827.6874,3837.3511
144925000,3831.21,2637500,34640400,7576064400,106291232100,3846.9367,3859.8476,3827.6874,3837.3511
144930000,3831.1959,2295400,31058900,7578359800,106322291000,3846.9367,3859.8476,3827.6874,3837.3511
144935000,3831.6589,3243200,47330000,7581603000,106369621000,3846.9367,3859.8476,3827.6874,3837.3511
144940000,3831.2405,2493800,38173000,7584096800,106407794000,3846.9367,3859.8476,3827.6874,3837.3511
144945000,3831.2889,2314000,32908100,7586410800,106440702100,3846.9367,3859.8476,3827.6874,3837.3511
144950000,3830.9708,3512900,55622900,7589923700,106496325000,3846.9367,3859.8476,3827.6874,3837.3511
144955000,3831.3789,3125600,42164400,7593049300,106538489400,3846.9367,3859.8476,3827.6874,3837.3511
145000000,3831.3137,2814800,34990700,7595864100,106573480100,3846.9367,3859.8476,3827.6874,3837.3511
145005000,3831.3278,3870200,49597900,7599734300,106623078000,3846.9367,3859.8476,3827.6874,3837.3511
145010000,3831.3676,3464300,46146000,7603198600,106669224000,3846.9367,3859.8476,3827.6874,3837.3511
145015000,3831.4969,3604400,41856800,7606803000,106711080800,3846.9367,3859.8476,3827.6874,3837.3511
145020000,3831.5171,3130500,43206500,7609933500,106754287300,3846.9367,3859.8476,3827.6874,3837.3511
145025000,3831.2049,2919200,39235600,7612852700,106793522900,3846.9367,3859.8476,3827.6874,3837.3511
145030000,3831.4612,2865200,34908600,7615717900,106828431500,3846.9367,3859.8476,3827.6874,3837.3511
145035000,3831.4656,3376100,45323700,7619094000,106873755200,3846.9367,3859.8476,3827.6874,3837.3511
145040000,3831.1912,3071000,38636800,7622165000,106912392000,3846.9367,3859.8476,3827.6874,3837.3511
145045000,3831.6024,2106000,29716900,7624271000,106942108900,3846.9367,3859.8476,3827.6874,3837.3511
145050000,3831.5707,3388800,50009600,7627659800,106992118500,3846.9367,3859.8476,3827.6874,3837.3511
145055000,3831.483,3006100,43997200,7630665900,107036115700,3846.9367,3859.8476,3827.6874,3837.3511
145100000,3831.5212,2498500,34561300,7633164400,107070677000,3846.9367,3859.8476,3827.6874,3837.3511
145105000,3831.5922,2827600,45174700,7635992000,107115851700,3846.9367,3859.8476,3827.6874,3837.3511
145110000,3831.5361,2620700,37160700,7638612700,107153012400,3846.9367,3859.8476,3827.6874,3837.3511
145115000,3831.9535,2554300,36782000,7641167000,107189794400,3846.9367,3859.8476,3827.6874,3837.3511
145120000,3831.9214,2901300,41490900,7644068300,107231285300,3846.9367,3859.8476,3827.6874,3837.3511
145125000,3831.7211,3343000,45618000,7647411300,107276903300,3846.9367,3859.8476,3827.6874,3837.3511
145130000,3831.6001,2865500,40375800,7650276800,107317279100,3846.9367,3859.8476,3827.6874,3837.3511
145135000,3831.8561,3033900,44949900,7653310700,107362229000,3846.9367,3859.8476,3827.6874,3837.3511
145140000,3832.1051,4414400,58738400,7657725100,107420967400,3846.9367,3859.8476,3827.6874,3837.3511
145145000,3831.9037,2337300,31143800,7660062400,107452111200,3846.9367,3859.8476,3827.6874,3837.3511
145150000,3831.9402,3599700,44322800,7663662100,107496434000,3846.9367,3859.8476,3827.6874,3837.3511
145155000,3831.6633,3955700,50333300,7667617800,107546767300,3846.9367,3859.8476,3827.6874,3837.3511
145200000,3831.5694,2867700,28975700,7670485500,107575743000,3846.9367,3859.8476,3827.6874,3837.3511
145205000,3831.471,3850500,53461700,7674336000,107629204700,3846.9367,3859.8476,3827.6874,3837.3511
145211000,3831.7843,4104900,56356600,7678440900,107685561300,3846.9367,3859.8476,3827.6874,3837.3511
145215000,3831.8474,1883700,22538500,7680324600,107708099800,3846.9367,3859.8476,3827.6874,3837.3511
145221000,3831.3293,4546600,54550300,7684871200,107762650100,3846.9367,3859.8476,3827.6874,3837.3511
145226000,3831.5447,3418300,49089200,7688289500,107811739300,3846.9367,3859.8476,3827.6874,3837.3511
145231000,3831.8132,4038400,49486300,7692327900,107861225600,3846.9367,3859.8476,3827.6874,3837.3511
145236000,3831.3382,2541800,29032900,7694869700,107890258500,3846.9367,3859.8476,3827.6874,3837.3511
145241000,3831.3638,3975800,51555200,7698845500,107941813700,3846.9367,3859.8476,3827.6874,3837.3511
145246000,3831.2847,3549900,55440800,7702395400,107997254500,3846.9367,3859.8476,3827.6874,3837.3511
145251000,3831.1265,3074900,37402400,7705470300,108034656900,3846.9367,3859.8476,3827.6874,3837.3511
145256000,3831.1168,3085800,48266800,7708556100,108082923700,3846.9367,3859.8476,3827.6874,3837.3511
145301000,3831.2651,4113100,46212800,7712669200,108129136500,3846.9367,3859.8476,3827.6874,3837.3511
145306000,3830.8384,3043900,34831700,7715713100,108163968200,3846.9367,3859.8476,3827.6874,3837.3511
145311000,3830.5837,4151600,62126100,7719864700,108226094300,3846.9367,3859.8476,3827.6874,3837.3511
145316000,3831.3018,3130300,43789200,7722995000,108269883500,3846.9367,3859.8476,3827.6874,3837.3511
145321000,3830.4235,3702100,42046300,7726697100,108311929800,3846.9367,3859.8476,3827.6874,3837.3511
145326000,3830.9298,3694700,49415400,7730391800,108361345200,3846.9367,3859.8476,3827.6874,3837.3511
145331000,3830.5724,3558000,51794100,7733949800,108413139300,3846.9367,3859.8476,3827.6874,3837.3511
145336000,3830.6126,3152700,33620000,7737102500,108446759300,3846.9367,3859.8476,3827.6874,3837.3511
145341000,3830.5838,3099900,44830400,7740202400,108491589700,3846.9367,3859.8476,3827.6874,3837.3511
145346000,3830.3697,4396900,57703600,7744599300,108549293300,3846.9367,3859.8476,3827.6874,3837.3511
145351000,3830.3687,2346900,32405700,7746946200,108581699000,3846.9367,3859.8476,3827.6874,3837.3511
145356000,3829.7132,4532600,62916500,7751478800,108644615500,3846.9367,3859.8476,3827.6874,3837.3511
145401000,3830.5506,2819300,41532000,7754298100,108686147500,3846.9367,3859.8476,3827.6874,3837.3511
145406000,3830.5283,2753100,36041400,7757051200,108722188900,3846.9367,3859.8476,3827.6874,3837.3511
145411000,3830.119,3692800,50886700,7760744000,108773075600,3846.9367,3859.8476,3827.6874,3837.3511
145416000,3830.2167,3571000,51616200,7764315000,108824691800,3846.9367,3859.8476,3827.6874,3837.3511
145421000,3829.7651,2347200,33466800,7766662200,108858158600,3846.9367,3859.8476,3827.6874,3837.3511
145426000,3829.7541,4021300,53898300,7770683500,108912056900,3846.9367,3859.8476,3827.6874,3837.3511
145431000,3829.7669,3705100,60248500,7774388600,108972305400,3846.9367,3859.8476,3827.6874,3837.3511
145436000,3829.4663,2737000,37176100,7777125600,109009481500,3846.9367,3859.8476,3827.6874,3837.3511
145441000,3829.4031,3918800,59322800,7781044400,109068804300,3846.9367,3859.8476,3827.6874,3837.3511
145446000,3828.9315,3789800,52188900,7784834200,109120993200,3846.9367,3859.8476,3827.6874,3837.3511
145451000,3829.5653,2495300,35537100,7787329500,109156530300,3846.9367,3859.8476,3827.6874,3837.3511
145456000,3829.5321,3776600,51529600,7791106100,109208059900,3846.9367,3859.8476,3827.6874,3837.3511
145501000,3829.4879,4398600,56353500,7795504700,109264413400,3846.9367,3859.8476,3827.6874,3837.3511
145506000,3829.5817,2308400,39571100,7797813100,109303984500,3846.9367,3859.8476,3827.6874,3837.3511
145511000,3829.7096,3833700,59303100,7801646800,109363287600,3846.9367,3859.8476,3827.6874,3837.3511
145516000,3829.4702,3259500,47901200,7804906300,109411188800,3846.9367,3859.8476,3827.6874,3837.3511
145521000,3829.4424,3869400,42725600,7808775700,109453914400,3846.9367,3859.8476,3827.6874,3837.3511
145527000,3829.3819,5916500,80917500,7814692200,109534831900,3846.9367,3859.8476,3827.6874,3837.3511
145532000,3829.4559,5765300,70116500,7820457500,109604948400,3846.9367,3859.8476,3827.6874,3837.3511
145536000,3829.7601,1911700,34601000,7822369200,109639549400,3846.9367,3859.8476,3827.6874,3837.3511
145542000,3829.496,4852000,57389000,7827221200,109696938400,3846.9367,3859.8476,3827.6874,3837.3511
145547000,3829.7989,4166800,60923500,7831388000,109757861900,3846.9367,3859.8476,3827.6874,3837.3511
145552000,3829.6761,4089200,57181900,7835477200,109815043800,3846.9367,3859.8476,3827.6874,3837.3511
145557000,3830.3069,2977600,45325700,7838454800,109860369500,3846.9367,3859.8476,3827.6874,3837.3511
145602000,3829.9097,4522700,67898600,7842977500,109928268100,3846.9367,3859.8476,3827.6874,3837.3511
145607000,3830.0078,5021500,60442500,7847999000,109988710600,3846.9367,3859.8476,3827.6874,3837.3511
145612000,3829.9769,2915000,33730800,7850914000,110022441400,3846.9367,3859.8476,3827.6874,3837.3511
145617000,3829.9583,5281100,70026700,7856195100,110092468100,3846.9367,3859.8476,3827.6874,3837.3511
145622000,3829.94,5858700,71090300,7862053800,110163558400,3846.9367,3859.8476,3827.6874,3837.3511
145627000,3830.037,3552500,50097300,7865606300,110213655700,3846.9367,3859.8476,3827.6874,3837.3511
145632000,3830.503,5274100,64171800,7870880400,110277827500,3846.9367,3859.8476,3827.6874,3837.3511
145637000,3830.5928,4198800,61833700,7875079200,110339661200,3846.9367,3859.8476,3827.6874,3837.3511
145642000,3830.4788,3155100,35507500,7878234300,110375168700,3846.9367,3859.8476,3827.6874,3837.3511
145647000,3830.6478,5276800,70433000,7883511100,110445601700,3846.9367,3859.8476,3827.6874,3837.3511
145652000,3830.2767,3998300,53420000,7887509400,110499021700,3846.9367,3859.8476,3827.6874,3837.3511
145657000,3830.2618,3466700,42819400,7890976100,110541841100,3846.9367,3859.8476,3827.6874,3837.3511
145702000,3830.6505,3839200,58389300,7894815300,110600230400,3846.9367,3859.8476,3827.6874,3837.3511
145707000,3830.4936,1968500,24488900,7896783800,110624719300,3846.9367,3859.8476,3827.6874,3837.3511
145712000,3830.5463,2285900,25804000,7899069700,110650523300,3846.9367,3859.8476,3827.6874,3837.3511
145717000,3830.515,2619900,30912400,7901689600,110681435700,3846.9367,3859.8476,3827.6874,3837.3511
145722000,3830.6234,2338600,31334100,7904028200,110712769800,3846.9367,3859.8476,3827.6874,3837.3511
145727000,3830.6284,2582600,25698200,7906610800,110738468000,3846.9367,3859.8476,3827.6874,3837.3511
145732000,3830.6788,2235700,30335900,7908846500,110768803900,3846.9367,3859.8476,3827.6874,3837.3511
145737000,3830.819,2736000,34722400,7911582500,110803526300,3846.9367,3859.8476,3827.6874,3837.3511
145742000,3830.6216,3028800,36522800,7914611300,110840049100,3846.9367,3859.8476,3827.6874,3837.3511
145747000,3830.5251,2080700,29526400,7916692000,110869575500,3846.9367,3859.8476,3827.6874,3837.3511
145752000,3831.05,1746200,26415400,7918438200,110895990900,3846.9367,3859.8476,3827.6874,3837.3511
145757000,3830.6251,2161700,26652200,7920599900,110922643100,3846.9367,3859.8476,3827.6874,3837.3511
145802000,3830.6116,2461700,40693300,7923061600,110963336400,3846.9367,3859.8476,3827.6874,3837.3511
145807000,3830.8646,2011800,27637300,7925073400,110990973700,3846.9367,3859.8476,3827.6874,3837.3511
145812000,3830.6881,2658100,29362200,7927731500,111020335900,3846.9367,3859.8476,3827.6874,3837.3511
145817000,3830.7774,2506800,35913300,7930238300,111056249200,3846.9367,3859.8476,3827.6874,3837.3511
145822000,3830.9911,2071600,34933500,7932309900,111091182700,3846.9367,3859.8476,3827.6874,3837.3511
145827000,3830.6522,2375400,29975900,7934685300,111121158600,3846.9367,3859.8476,3827.6874,3837.3511
145833000,3831.2312,4535300,60680000,7939220600,111181838600,3846.9367,3859.8476,3827.6874,3837.3511
145837000,3830.7102,2447200,32556400,7941667800,111214395000,3846.9367,3859.8476,3827.6874,3837.3511
145842000,3831.003,3699000,35897800,7945366800,111250292800,3846.9367,3859.8476,3827.6874,3837.3511
145848000,3830.9341,3308600,42870500,7948675400,111293163300,3846.9367,3859.8476,3827.6874,3837.3511
145853000,3831.0633,2562500,37520000,7951237900,111330683300,3846.9367,3859.8476,3827.6874,3837.3511
145858000,3830.9069,3723200,48701900,7954961100,111379385200,3846.9367,3859.8476,3827.6874,3837.3511
145903000,3830.9088,2807800,33162600,7957768900,111412547800,3846.9367,3859.8476,3827.6874,3837.3511
145908000,3831.1695,3769100,52817000,7961538000,111465364800,3846.9367,3859.8476,3827.6874,3837.3511
145913000,3830.9514,3197900,40766600,7964735900,111506131400,3846.9367,3859.8476,3827.6874,3837.3511
145918000,3830.8976,3613200,45701800,7968349100,111551833200,3846.9367,3859.8476,3827.6874,3837.3511
145923000,3831.078,4455700,61089100,7972804800,111612922300,3846.9367,3859.8476,3827.6874,3837.3511
145928000,3830.754,3023900,43305800,7975828700,111656228100,3846.9367,3859.8476,3827.6874,3837.3511
145933000,3830.3203,3285000,40095400,7979113700,111696323500,3846.9367,3859.8476,3827.6874,3837.3511
145938000,3830.5592,3452100,50612400,7982565800,111746935900,3846.9367,3859.8476,3827.6874,3837.3511
145943000,3830.4359,3060000,44199000,7985625800,111791134900,3846.9367,3859.8476,3827.6874,3837.3511
145948000,3830.3932,2644900,32818000,7988270700,111823952900,3846.9367,3859.8476,3827.6874,3837.3511
145953000,3830.3303,3791700,54960000,7992062400,111878912900,3846.9367,3859.8476,3827.6874,3837.3511
145958000,3829.6075,3180600,41524200,7995243000,111920437100,3846.9367,3859.8476,3827.6874,3837.3511
150000000,3830.1139,1457900,16029300,7996700900,111936466400,3846.9367,3859.8476,3827.6874,3837.3511
150003000,3830.4299,28913800,429244300,8025614700,112365710700,3846.9367,3859.8476,3827.6874,3837.3511
150055000,3831.0128,0,0,8025614700,112365710700,3846.9367,3859.8476,3827.6874,3837.3511
