Time,Price,Volume,Turnover,AccVolume,AccTurnover,Open,High,Low,PreClose
92503000,3271.8402,40125700,537600700,40125700,537600700,3271.8402,3271.8402,3271.8402,3267.2498
93001000,3271.2091,11034200,99445500,51159900,637046200,3271.8402,3271.8402,3271.2091,3267.2498
93006000,3271.6771,35204600,434373700,86364500,1071419900,3271.8402,3271.8402,3271.1644,3267.2498
93010000,3272.4034,10892500,138109100,97257000,1209529000,3271.8402,3272.446,3271.1644,3267.2498
93016000,3273.7104,5061900,65655800,102318900,1275184800,3271.8402,3273.7104,3271.1644,3267.2498
93021000,3272.7862,5334000,66469600,107652900,1341654400,3271.8402,3273.7273,3271.1644,3267.2498
93025000,3273.8784,7452900,100561900,115105800,1442216300,3271.8402,3273.8784,3271.1644,3267.2498
93031000,3273.4919,8217800,100216500,123323600,1542432800,3271.8402,3273.9914,3271.1644,3267.2498
93036000,3273.2688,3670300,59095500,126993900,1601528300,3271.8402,3273.9914,3271.1644,3267.2498
93040000,3272.9185,5445300,81603000,132439200,1683131300,3271.8402,3273.9914,3271.1644,3267.2498
93046000,3273.2327,4393900,59383300,136833100,1742514600,3271.8402,3273.9914,3271.1644,3267.2498
93051000,3272.8004,4403400,64831500,141236500,1807346100,3271.8402,3273.9914,3271.1644,3267.2498
93055000,3271.5473,4711800,75846900,145948300,1883193000,3271.8402,3273.9914,3271.1644,3267.2498
93101000,3271.5976,6263200,93179300,152211500,1976372300,3271.8402,3273.9914,3271.1644,3267.2498
93106000,3271.7907,4898600,61985800,157110100,2038358100,3271.8402,3273.9914,3271.1644,3267.2498
93110000,3272.0071,6144600,88745500,163254700,2127103600,3271.8402,3273.9914,3271.1644,3267.2498
93116000,3271.6157,4712000,78070900,167966700,2205174500,3271.8402,3273.9914,3271.1644,3267.2498
93121000,3271.9298,4133000,64723600,172099700,2269898100,3271.8402,3273.9914,3271.1644,3267.2498
93125000,3272.7657,6589900,96519400,178689600,2366417500,3271.8402,3273.9914,3271.1644,3267.2498
93131000,3273.2008,5403100,80450800,184092700,2446868300,3271.8402,3273.9914,3271.1644,3267.2498
93136000,3273.4397,3881100,51906800,187973800,2498775100,3271.8402,3273.9914,3271.1644,3267.2498
93140000,3273.6039,4971200,69869700,192945000,2568644800,3271.8402,3273.9914,3271.1644,3267.2498
93146000,3273.6159,4342200,57043900,197287200,2625688700,3271.8402,3273.9914,3271.1644,3267.2498
93151000,3273.874,4838500,71840700,202125700,2697529400,3271.8402,3274.1125,3271.1644,3267.2498
93155000,3274.1578,4368800,63817300,206494500,2761346700,3271.8402,3274.1578,3271.1644,3267.2498
93201000,3275.1244,4854000,94792600,211348500,2856139300,3271.8402,3275.1244,3271.1644,3267.2498
93206000,3275.1157,3460600,48899400,214809100,2905038700,3271.8402,3275.144,3271.1644,3267.2498
93210000,3275.8936,6027400,87319800,220836500,2992358500,3271.8402,3275.8936,3271.1644,3267.2498
93216000,3276.5374,5132400,72004600,225968900,3064363100,3271.8402,3276.7177,3271.1644,3267.2498
93221000,3277.4382,3998000,68249300,229966900,3132612400,3271.8402,3277.4382,3271.1644,3267.2498
93227000,3278.4751,5426500,90690200,235393400,3223302600,3271.8402,3278.6425,3271.1644,3267.2498
93231000,3279.0441,7174500,84940600,242567900,3308243200,3271.8402,3279.0441,3271.1644,3267.2498
93237000,3279.7086,6192200,102342700,248760100,3410585900,3271.8402,3279.7086,3271.1644,3267.2498
93242000,3280.4543,3743700,46965200,252503800,3457551100,3271.8402,3280.4543,3271.1644,3267.2498
93246000,3280.6435,5243700,84441300,257747500,3541992400,3271.8402,3280.6435,3271.1644,3267.2498
93252000,3280.85,4449800,64279900,262197300,3606272300,3271.8402,3280.85,3271.1644,3267.2498
93257000,3281.1732,4966300,72868500,267163600,3679140800,3271.8402,3281.1732,3271.1644,3267.2498
93301000,3281.8197,5651900,78364100,272815500,3757504900,3271.8402,3281.8197,3271.1644,3267.2498
93307000,3281.9744,7153600,102809300,279969100,3860314200,3271.8402,3281.9744,3271.1644,3267.2498
93312000,3282.6114,4081700,57208000,284050800,3917522200,3271.8402,3282.6114,3271.1644,3267.2498
93316000,3282.4893,6365600,81991200,290416400,3999513400,3271.8402,3282.7774,3271.1644,3267.2498
93322000,3282.488,4683700,69130500,295100100,4068643900,3271.8402,3282.7774,3271.1644,3267.2498
93327000,3282.2439,4919900,70668300,300020000,4139312200,3271.8402,3282.7774,3271.1644,3267.2498
93331000,3282.546,5808300,91581200,305828300,4230893400,3271.8402,3282.7774,3271.1644,3267.2498
93337000,3281.9313,6491700,98215700,312320000,4329109100,3271.8402,3282.7774,3271.1644,3267.2498
93342000,3282.2962,3483600,50488000,315803600,4379597100,3271.8402,3282.7774,3271.1644,3267.2498
93346000,3280.875,7388500,91984200,323192100,4471581300,3271.8402,3282.7774,3271.1644,3267.2498
93352000,3279.2511,8870000,115848100,332062100,4587429400,3271.8402,3282.7774,3271.1644,3267.2498
93357000,3278.4967,6367100,90642700,338429200,4678072100,3271.8402,3282.7774,3271.1644,3267.2498
93401000,3276.8714,7863300,112484700,346292500,4790556800,3271.8402,3282.7774,3271.1644,3267.2498
93407000,3275.5497,12022700,147893000,358315200,4938449800,3271.8402,3282.7774,3271.1644,3267.2498
93412000,3275.2897,4444600,67016700,362759800,5005466500,3271.8402,3282.7774,3271.1644,3267.2498
93416000,3274.7227,6274700,89369800,369034500,5094836300,3271.8402,3282.7774,3271.1644,3267.2498
93422000,3274.848,4328100,60449800,373362600,5155286100,3271.8402,3282.7774,3271.1644,3267.2498
93427000,3275.0673,6900500,75631500,380263100,5230917600,3271.8402,3282.7774,3271.1644,3267.2498
93431000,3275.3153,7259700,93405600,387522800,5324323200,3271.8402,3282.7774,3271.1644,3267.2498
93437000,3275.6004,5745200,73372500,393268000,5397695700,3271.8402,3282.7774,3271.1644,3267.2498
93442000,3275.2192,2886300,42430700,396154300,5440126400,3271.8402,3282.7774,3271.1644,3267.2498
93446000,3274.9181,5242300,68858100,401396600,5508984500,3271.8402,3282.7774,3271.1644,3267.2498
93452000,3274.6733,4542500,61270000,405939100,5570254500,3271.8402,3282.7774,3271.1644,3267.2498
93457000,3273.8712,4552600,57961600,410491700,5628216100,3271.8402,3282.7774,3271.1644,3267.2498
93501000,3273.6977,4881000,75091000,415372700,5703307100,3271.8402,3282.7774,3271.1644,3267.2498
93507000,3273.0523,6145200,85798200,421517900,5789105300,3271.8402,3282.7774,3271.1644,3267.2498
93512000,3273.0274,3201100,47053900,424719000,5836159200,3271.8402,3282.7774,3271.1644,3267.2498
93516000,3273.2394,4406900,68583800,429125900,5904743000,3271.8402,3282.7774,3271.1644,3267.2498
93522000,3272.7318,3707600,57791300,432833500,5962534300,3271.8402,3282.7774,3271.1644,3267.2498
93527000,3272.4358,3383400,59260800,436216900,6021795100,3271.8402,3282.7774,3271.1644,3267.2498
93531000,3271.7127,3511700,54370700,439728600,6076165800,3271.8402,3282.7774,3271.1644,3267.2498
93537000,3271.7687,6621600,75670500,446350200,6151836300,3271.8402,3282.7774,3271.1644,3267.2498
93542000,3271.6045,3163000,40579800,449513200,6192416100,3271.8402,3282.7774,3271.1644,3267.2498
93546000,3271.2686,4603800,69642200,454117000,6262058300,3271.8402,3282.7774,3271.1644,3267.2498
93552000,3271.6469,4434400,63718100,458551400,6325776400,3271.8402,3282.7774,3271.1644,3267.2498
93557000,3271.1048,5809700,67432400,464361100,6393208800,3271.8402,3282.7774,3271.0633,3267.2498
93603000,3270.6421,4066500,60320200,468427600,6453529000,3271.8402,3282.7774,3270.6421,3267.2498
93607000,3271.1427,4188100,65143500,472615700,6518672500,3271.8402,3282.7774,3270.4747,3267.2498
93613000,3270.7444,4840600,73001400,477456300,6591673900,3271.8402,3282.7774,3270.4747,3267.2498
93618000,3270.3981,2411700,38485700,479868000,6630159600,3271.8402,3282.7774,3270.3585,3267.2498
93622000,3270.1772,4176300,61739700,484044300,6691899300,3271.8402,3282.7774,3270.0302,3267.2498
93628000,3270.2491,4929900,54385100,488974200,6746284400,3271.8402,3282.7774,3270.0302,3267.2498
93633000,3270.6104,4255700,49530600,493229900,6795815000,3271.8402,3282.7774,3270.0302,3267.2498
93637000,3270.6104,3511600,53230700,496741500,6849045700,3271.8402,3282.7774,3270.0302,3267.2498
93643000,3270.704,4194800,65912000,500936300,6914957700,3271.8402,3282.7774,3270.0302,3267.2498
93648000,3270.6867,3042800,46456100,503979100,6961413800,3271.8402,3282.7774,3270.0302,3267.2498
93652000,3271.9861,5434100,72815600,509413200,7034229400,3271.8402,3282.7774,3270.0302,3267.2498
93658000,3273.3189,6529500,83649200,515942700,7117878600,3271.8402,3282.7774,3270.0302,3267.2498
93703000,3274.5763,6129500,84003200,522072200,7201881800,3271.8402,3282.7774,3270.0302,3267.2498
93707000,3275.9187,6838700,92096000,528910900,7293977800,3271.8402,3282.7774,3270.0302,3267.2498
93713000,3277.7016,8515200,118317900,537426100,7412295700,3271.8402,3282.7774,3270.0302,3267.2498
93718000,3278.9015,7019200,87839100,544445300,7500134800,3271.8402,3282.7774,3270.0302,3267.2498
93722000,3280.5618,8259600,118176000,552704900,7618310800,3271.8402,3282.7774,3270.0302,3267.2498
93728000,3281.9656,7544600,88077000,560249500,7706387800,3271.8402,3282.7774,3270.0302,3267.2498
93733000,3282.7136,5664600,74640500,565914100,7781028300,3271.8402,3282.7774,3270.0302,3267.2498
93737000,3283.823,7554900,80419000,573469000,7861447300,3271.8402,3283.8264,3270.0302,3267.2498
93743000,3284.6627,5255600,72285600,578724600,7933732900,3271.8402,3284.6627,3270.0302,3267.2498
93748000,3284.734,5234300,74577400,583958900,8008310300,3271.8402,3284.9372,3270.0302,3267.2498
93752000,3285.0054,4473000,63718800,588431900,8072029100,3271.8402,3285.0054,3270.0302,3267.2498
93758000,3284.9554,5051400,59633400,593483300,8131662500,3271.8402,3285.1675,3270.0302,3267.2498
93803000,3286.0015,4562500,67169700,598045800,8198832200,3271.8402,3286.0015,3270.0302,3267.2498
93807000,3286.5533,6410400,81915700,604456200,8280747900,3271.8402,3286.5535,3270.0302,3267.2498
93813000,3286.3395,6618100,85994900,611074300,8366742800,3271.8402,3286.6712,3270.0302,3267.2498
93818000,3286.637,4350800,57857300,615425100,8424600100,3271.8402,3286.6712,3270.0302,3267.2498
93822000,3286.5752,6367900,79037800,621793000,8503637900,3271.8402,3286.7192,3270.0302,3267.2498
93828000,3286.5809,4227700,51043500,626020700,8554681400,3271.8402,3286.7192,3270.0302,3267.2498
93833000,3286.2555,5132100,62557500,631152800,8617238900,3271.8402,3286.7192,3270.0302,3267.2498
93837000,3286.4537,4963200,59925400,636116000,8677164300,3271.8402,3286.7192,3270.0302,3267.2498
93843000,3286.7813,5267700,75148100,641383700,8752312400,3271.8402,3287.1085,3270.0302,3267.2498
93848000,3287.4814,4200900,85632700,645584600,8837945100,3271.8402,3287.4814,3270.0302,3267.2498
93852000,3286.3518,8173200,88999400,653757800,8926944500,3271.8402,3287.879,3270.0302,3267.2498
93858000,3287.4476,4950000,61661500,658707800,8988606000,3271.8402,3287.879,3270.0302,3267.2498
93903000,3287.2148,3376500,60644400,662084300,9049250400,3271.8402,3287.879,3270.0302,3267.2498
93907000,3287.6799,4714900,64281400,666799200,9113531800,3271.8402,3287.879,3270.0302,3267.2498
93913000,3286.3649,6062700,78340800,672861900,9191872600,3271.8402,3287.879,3270.0302,3267.2498
93919000,3285.9427,6909200,95381400,679771100,9287254000,3271.8402,3287.879,3270.0302,3267.2498
93924000,3285.9721,3221500,54783000,682992600,9342037000,3271.8402,3287.879,3270.0302,3267.2498
93928000,3284.5094,7527100,103484100,690519700,9445521100,3271.8402,3287.879,3270.0302,3267.2498
93934000,3284.1442,4192100,52587400,694711800,9498108500,3271.8402,3287.879,3270.0302,3267.2498
93939000,3285.1694,5513600,73652800,700225400,9571761300,3271.8402,3287.879,3270.0302,3267.2498
93943000,3284.46,5121400,67361400,705346800,9639122700,3271.8402,3287.879,3270.0302,3267.2498
93949000,3284.2619,6839900,74087900,712186700,9713210600,3271.8402,3287.879,3270.0302,3267.2498
93954000,3284.6481,2228700,38266000,714415400,9751476600,3271.8402,3287.879,3270.0302,3267.2498
93958000,3284.9089,4831100,68324700,719246500,9819801300,3271.8402,3287.879,3270.0302,3267.2498
94004000,3284.8613,3254100,43714300,722500600,9863515600,3271.8402,3287.879,3270.0302,3267.2498
94009000,3284.9764,4653700,66441900,727154300,9929957500,3271.8402,3287.879,3270.0302,3267.2498
94013000,3284.8818,5409200,61147800,732563500,9991105300,3271.8402,3287.879,3270.0302,3267.2498
94019000,3284.8376,4613500,62727300,737177000,10053832600,3271.8402,3287.879,3270.0302,3267.2498
94024000,3285.8683,3158200,38889500,740335200,10092722100,3271.8402,3287.879,3270.0302,3267.2498
94028000,3286.2515,9158200,76200700,749493400,10168922800,3271.8402,3287.879,3270.0302,3267.2498
94034000,3287.4758,5898800,69111800,755392200,10238034600,3271.8402,3287.879,3270.0302,3267.2498
94039000,3288.1677,6913300,94438700,762305500,10332473300,3271.8402,3288.1677,3270.0302,3267.2498
94043000,3288.6269,4645500,71950000,766951000,10404423300,3271.8402,3288.6718,3270.0302,3267.2498
94049000,3289.5017,5935500,81058900,772886500,10485482200,3271.8402,3289.5017,3270.0302,3267.2498
94054000,3289.5568,3382700,60273000,776269200,10545755200,3271.8402,3289.6424,3270.0302,3267.2498
94058000,3289.6538,6362600,82985300,782631800,10628740500,3271.8402,3289.6538,3270.0302,3267.2498
94104000,3290.2138,5463900,63804000,788095700,10692544500,3271.8402,3290.2138,3270.0302,3267.2498
94109000,3289.9668,5853000,73288400,793948700,10765832900,3271.8402,3290.2138,3270.0302,3267.2498
94113000,3289.6786,7837100,103711600,801785800,10869544500,3271.8402,3290.2138,3270.0302,3267.2498
94119000,3288.9336,10575000,133418700,812360800,11002963200,3271.8402,3290.2138,3270.0302,3267.2498
94124000,3287.8805,6477000,79907500,818837800,11082870700,3271.8402,3290.2138,3270.0302,3267.2498
94128000,3286.9729,6392300,87245500,825230100,11170116200,3271.8402,3290.2138,3270.0302,3267.2498
94134000,3285.1346,6488900,81140500,831719000,11251256700,3271.8402,3290.2138,3270.0302,3267.2498
94139000,3284.9384,7394600,106915300,839113600,11358172000,3271.8402,3290.2138,3270.0302,3267.2498
94143000,3283.6475,7423200,108067600,846536800,11466239600,3271.8402,3290.2138,3270.0302,3267.2498
94149000,3283.5079,5234900,74292500,851771700,11540532100,3271.8402,3290.2138,3270.0302,3267.2498
94154000,3283.1948,4378600,54611500,856150300,11595143600,3271.8402,3290.2138,3270.0302,3267.2498
94158000,3282.9412,5939800,75873700,862090100,11671017300,3271.8402,3290.2138,3270.0302,3267.2498
94204000,3283.2893,4065100,54691100,866155200,11725708400,3271.8402,3290.2138,3270.0302,3267.2498
94209000,3282.842,7029900,71853400,873185100,11797561800,3271.8402,3290.2138,3270.0302,3267.2498
94213000,3283.2885,5472800,71482000,878657900,11869043800,3271.8402,3290.2138,3270.0302,3267.2498
94219000,3283.2678,6171400,68106100,884829300,11937149900,3271.8402,3290.2138,3270.0302,3267.2498
94224000,3284.0655,2789100,41104000,887618400,11978253900,3271.8402,3290.2138,3270.0302,3267.2498
94228000,3284.0531,4919800,67412000,892538200,12045665900,3271.8402,3290.2138,3270.0302,3267.2498
94234000,3284.3831,2938500,42947500,895476700,12088613400,3271.8402,3290.2138,3270.0302,3267.2498
94239000,3284.2091,3843100,57938300,899319800,12146551700,3271.8402,3290.2138,3270.0302,3267.2498
94243000,3284.1811,3528300,51790700,902848100,12198342400,3271.8402,3290.2138,3270.0302,3267.2498
94249000,3284.1531,5192000,64477500,908040100,12262819900,3271.8402,3290.2138,3270.0302,3267.2498
94255000,3284.0559,3667400,53765500,911707500,12316585400,3271.8402,3290.2138,3270.0302,3267.2498
94300000,3284.0288,2850200,33324600,914557700,12349910000,3271.8402,3290.2138,3270.0302,3267.2498
94304000,3284.4768,4503200,59632000,919060900,12409542000,3271.8402,3290.2138,3270.0302,3267.2498
94310000,3284.7796,3230200,54756800,922291100,12464298800,3271.8402,3290.2138,3270.0302,3267.2498
94315000,3285.2421,4328600,60281500,926619700,12524580300,3271.8402,3290.2138,3270.0302,3267.2498
94319000,3285.0676,4575100,61849100,931194800,12586429400,3271.8402,3290.2138,3270.0302,3267.2498
94325000,3285.331,4400400,55972900,935595200,12642402300,3271.8402,3290.2138,3270.0302,3267.2498
94330000,3285.6472,1508800,28163400,937104000,12670565700,3271.8402,3290.2138,3270.0302,3267.2498
94334000,3285.676,5049000,66267300,942153000,12736833000,3271.8402,3290.2138,3270.0302,3267.2498
94340000,3285.6005,2767600,43179900,944920600,12780012900,3271.8402,3290.2138,3270.0302,3267.2498
94345000,3285.5437,3576400,54012200,948497000,12834025100,3271.8402,3290.2138,3270.0302,3267.2498
94349000,3286.0808,3838000,58955000,952335000,12892980100,3271.8402,3290.2138,3270.0302,3267.2498
94355000,3285.7853,4757400,62690000,957092400,12955670100,3271.8402,3290.2138,3270.0302,3267.2498
94400000,3285.7159,3104700,49274100,960197100,13004944200,3271.8402,3290.2138,3270.0302,3267.2498
94404000,3286.316,4882000,63467400,965079100,13068411600,3271.8402,3290.2138,3270.0302,3267.2498
94410000,3285.9455,4065000,55392300,969144100,13123803900,3271.8402,3290.2138,3270.0302,3267.2498
94415000,3286.8624,4179100,57890700,973323200,13181694600,3271.8402,3290.2138,3270.0302,3267.2498
94419000,3287.3211,4459900,59328200,977783100,13241022800,3271.8402,3290.2138,3270.0302,3267.2498
94425000,3286.894,4587300,60550100,982370400,13301572900,3271.8402,3290.2138,3270.0302,3267.2498
94430000,3287.1823,2700800,37955700,985071200,13339528600,3271.8402,3290.2138,3270.0302,3267.2498
94434000,3287.4061,3578500,55530900,988649700,13395059500,3271.8402,3290.2138,3270.0302,3267.2498
94440000,3287.2457,2964400,39829700,991614100,13434889200,3271.8402,3290.2138,3270.0302,3267.2498
94445000,3287.3663,4170100,59951600,995784200,13494840800,3271.8402,3290.2138,3270.0302,3267.2498
94449000,3287.4424,3954300,55063000,999738500,13549903800,3271.8402,3290.2138,3270.0302,3267.2498
94455000,3287.5534,4208900,52238200,1003947400,13602142000,3271.8402,3290.2138,3270.0302,3267.2498
94500000,3287.675,3765600,52382600,1007713000,13654524600,3271.8402,3290.2138,3270.0302,3267.2498
94504000,3288.2225,5775600,73700900,1013488600,13728225500,3271.8402,3290.2138,3270.0302,3267.2498
94510000,3288.1833,4011400,57473300,1017500000,13785698800,3271.8402,3290.2138,3270.0302,3267.2498
94515000,3288.3094,4821800,68982700,1022321800,13854681500,3271.8402,3290.2138,3270.0302,3267.2498
94519000,3288.1376,7403200,90275300,1029725000,13944956800,3271.8402,3290.2138,3270.0302,3267.2498
94525000,3288.7513,4719200,62827200,1034444200,14007784000,3271.8402,3290.2138,3270.0302,3267.2498
94530000,3288.8454,3874800,46887800,1038319000,14054671800,3271.8402,3290.2138,3270.0302,3267.2498
94534000,3288.8299,6757900,84101900,1045076900,14138773700,3271.8402,3290.2138,3270.0302,3267.2498
94540000,3288.6826,4437900,52674100,1049514800,14191447800,3271.8402,3290.2138,3270.0302,3267.2498
94545000,3288.9179,3237100,51087800,1052751900,14242535600,3271.8402,3290.2138,3270.0302,3267.2498
94549000,3289.0115,4297200,57711700,1057049100,14300247300,3271.8402,3290.2138,3270.0302,3267.2498
94555000,3288.4388,4395300,67094300,1061444400,14367341600,3271.8402,3290.2138,3270.0302,3267.2498
94600000,3288.5045,3062400,42917100,1064506800,14410258700,3271.8402,3290.2138,3270.0302,3267.2498
94604000,3287.7208,5730700,77102500,1070237500,14487361200,3271.8402,3290.2138,3270.0302,3267.2498
94610000,3287.3852,5333700,70733800,1075571200,14558095000,3271.8402,3290.2138,3270.0302,3267.2498
94615000,3287.8761,5432300,93969300,1081003500,14652064300,3271.8402,3290.2138,3270.0302,3267.2498
94619000,3288.2228,5428500,75669100,1086432000,14727733400,3271.8402,3290.2138,3270.0302,3267.2498
94625000,3288.3389,6271100,72276500,1092703100,14800009900,3271.8402,3290.2138,3270.0302,3267.2498
94631000,3288.1062,7073200,71629300,1099776300,14871639200,3271.8402,3290.2138,3270.0302,3267.2498
94636000,3288.0938,2890700,48104600,1102667000,14919743800,3271.8402,3290.2138,3270.0302,3267.2498
94640000,3287.9352,3511200,44814100,1106178200,14964557900,3271.8402,3290.2138,3270.0302,3267.2498
94646000,3287.8681,5007000,65736000,1111185200,15030293900,3271.8402,3290.2138,3270.0302,3267.2498
94651000,3287.1006,4445300,59463200,1115630500,15089757100,3271.8402,3290.2138,3270.0302,3267.2498
94655000,3286.7276,4438600,63760800,1120069100,15153517900,3271.8402,3290.2138,3270.0302,3267.2498
94701000,3286.5819,4985800,77247700,1125054900,15230765600,3271.8402,3290.2138,3270.0302,3267.2498
94706000,3286.2033,3421400,52262000,1128476300,15283027600,3271.8402,3290.2138,3270.0302,3267.2498
94710000,3286.7469,4556500,66733500,1133032800,15349761100,3271.8402,3290.2138,3270.0302,3267.2498
94716000,3286.6911,3814800,54365300,1136847600,15404126400,3271.8402,3290.2138,3270.0302,3267.2498
94721000,3286.696,4088800,60054000,1140936400,15464180400,3271.8402,3290.2138,3270.0302,3267.2498
94725000,3286.637,4332100,58779700,1145268500,15522960100,3271.8402,3290.2138,3270.0302,3267.2498
94731000,3287.6514,6387200,86978900,1151655700,15609939000,3271.8402,3290.2138,3270.0302,3267.2498
94736000,3288.9175,3896900,65857500,1155552600,15675796500,3271.8402,3290.2138,3270.0302,3267.2498
94740000,3289.2703,6997500,93888000,1162550100,15769684500,3271.8402,3290.2138,3270.0302,3267.2498
94746000,3289.7057,4199000,60154600,1166749100,15829839100,3271.8402,3290.2138,3270.0302,3267.2498
94751000,3289.8465,4701900,65047600,1171451000,15894886700,3271.8402,3290.2138,3270.0302,3267.2498
94755000,3289.6884,4005000,55245600,1175456000,15950132300,3271.8402,3290.2138,3270.0302,3267.2498
94801000,3290.0433,4606900,64500600,1180062900,16014632900,3271.8402,3290.2138,3270.0302,3267.2498
94806000,3290.6052,2872100,40298000,1182935000,16054930900,3271.8402,3290.6052,3270.0302,3267.2498
94810000,3290.5731,5029500,63166300,1187964500,16118097200,3271.8402,3290.6371,3270.0302,3267.2498
94816000,3290.8459,4308300,49815900,1192272800,16167913100,3271.8402,3290.8459,3270.0302,3267.2498
94821000,3291.2374,4989600,70674200,1197262400,16238587300,3271.8402,3291.2408,3270.0302,3267.2498
94825000,3291.5367,4258700,61237100,1201521100,16299824400,3271.8402,3291.5367,3270.0302,3267.2498
94831000,3291.44,7327600,66882300,1208848700,16366706700,3271.8402,3291.5939,3270.0302,3267.2498
94836000,3291.8705,3094100,47159100,1211942800,16413865800,3271.8402,3291.9793,3270.0302,3267.2498
94840000,3292.2201,5218600,60400100,1217161400,16474265900,3271.8402,3292.2201,3270.0302,3267.2498
94846000,3292.2265,4241900,52907500,1221403300,16527173400,3271.8402,3292.5931,3270.0302,3267.2498
94851000,3292.6812,6165500,89361400,1227568800,16616534800,3271.8402,3292.6812,3270.0302,3267.2498
94855000,3293.8596,7540800,89104200,1235109600,16705639000,3271.8402,3293.8596,3270.0302,3267.2498
94901000,3294.1957,6613100,79863500,1241722700,16785502500,3271.8402,3294.1957,3270.0302,3267.2498
94906000,3294.9193,6285800,74131500,1248008500,16859634000,3271.8402,3294.9193,3270.0302,3267.2498
94910000,3295.312,7776600,96657600,1255785100,16956291600,3271.8402,3295.312,3270.0302,3267.2498
94916000,3295.8959,8697500,87153500,1264482600,17043445100,3271.8402,3295.8959,3270.0302,3267.2498
94921000,3296.0971,8335500,94413600,1272818100,17137858700,3271.8402,3296.0971,3270.0302,3267.2498
94926000,3296.4808,7874600,91506200,1280692700,17229364900,3271.8402,3296.5907,3270.0302,3267.2498
94931000,3297.3426,7532100,89382000,1288224800,17318746900,3271.8402,3297.3426,3270.0302,3267.2498
94936000,3297.3138,5949500,56974000,1294174300,17375720900,3271.8402,3297.3426,3270.0302,3267.2498
94940000,3297.6584,9428400,82889400,1303602700,17458610300,3271.8402,3297.7049,3270.0302,3267.2498
94946000,3297.9516,7596400,78237600,1311199100,17536847900,3271.8402,3298.1799,3270.0302,3267.2498
94951000,3298.2992,5654600,63302400,1316853700,17600150300,3271.8402,3298.4413,3270.0302,3267.2498
94955000,3299.0656,7428200,81205400,1324281900,17681355700,3271.8402,3299.0656,3270.0302,3267.2498
95002000,3299.4582,9053500,95439300,1333335400,17776795000,3271.8402,3299.4582,3270.0302,3267.2498
95007000,3300.1086,8224100,100370900,1341559500,17877165900,3271.8402,3300.1086,3270.0302,3267.2498
95012000,3300.0037,5878700,80343700,1347438200,17957509600,3271.8402,3300.1591,3270.0302,3267.2498
95016000,3300.47,7932000,86654300,1355370200,18044163900,3271.8402,3300.5761,3270.0302,3267.2498
95022000,3300.921,6628700,107300100,1361998900,18151464000,3271.8402,3300.921,3270.0302,3267.2498
95027000,3301.2173,7126100,83609000,1369125000,18235073000,3271.8402,3301.3473,3270.0302,3267.2498
95032000,3301.3768,5762200,76383100,1374887200,18311456100,3271.8402,3301.3768,3270.0302,3267.2498
95037000,3301.6266,10262000,99961900,1385149200,18411418000,3271.8402,3301.6845,3270.0302,3267.2498
95042000,3301.9019,5097800,59855900,1390247000,18471273900,3271.8402,3301.9292,3270.0302,3267.2498
95046000,3302.4642,7924900,91132700,1398171900,18562406600,3271.8402,3302.6258,3270.0302,3267.2498
95052000,3302.3513,6125300,66134900,1404297200,18628541500,3271.8402,3302.6258,3270.0302,3267.2498
95057000,3302.6496,4152000,68917300,1408449200,18697458800,3271.8402,3302.799,3270.0302,3267.2498
95101000,3302.663,8147900,89602100,1416597100,18787060900,3271.8402,3302.799,3270.0302,3267.2498
95107000,3302.6958,6662800,93564800,1423259900,18880625700,3271.8402,3302.8829,3270.0302,3267.2498
95112000,3302.1707,5695000,64381300,1428954900,18945007000,3271.8402,3302.8829,3270.0302,3267.2498
95116000,3301.1204,10822500,135564700,1439777400,19080571700,3271.8402,3302.8829,3270.0302,3267.2498
95122000,3301.0658,7697300,88384700,1447474700,19168956400,3271.8402,3302.8829,3270.0302,3267.2498
95127000,3299.8785,6191000,89964800,1453665700,19258921200,3271.8402,3302.8829,3270.0302,3267.2498
95131000,3299.3914,9280600,105564600,1462946300,19364485800,3271.8402,3302.8829,3270.0302,3267.2498
95137000,3300.2098,8528700,91206200,1471475000,19455692000,3271.8402,3302.8829,3270.0302,3267.2498
95142000,3299.5112,5465100,66214000,1476940100,19521906000,3271.8402,3302.8829,3270.0302,3267.2498
95146000,3299.8958,7155200,87462000,1484095300,19609368000,3271.8402,3302.8829,3270.0302,3267.2498
95152000,3299.6482,6965900,81846300,1491061200,19691214300,3271.8402,3302.8829,3270.0302,3267.2498
95157000,3299.6293,4931200,68697600,1495992400,19759911900,3271.8402,3302.8829,3270.0302,3267.2498
95202000,3299.7026,7388600,92586700,1503381000,19852498600,3271.8402,3302.8829,3270.0302,3267.2498
95207000,3300.1987,6628000,77006900,1510009000,19929505500,3271.8402,3302.8829,3270.0302,3267.2498
95212000,3299.7368,3797200,50583800,1513806200,19980089300,3271.8402,3302.8829,3270.0302,3267.2498
95216000,3300.0357,8689400,89875200,1522495600,20069964500,3271.8402,3302.8829,3270.0302,3267.2498
95222000,3300.2112,7483900,72909700,1529979500,20142874200,3271.8402,3302.8829,3270.0302,3267.2498
95227000,3300.5195,6876600,73333000,1536856100,20216207200,3271.8402,3302.8829,3270.0302,3267.2498
95231000,3301.0268,6039400,88668700,1542895500,20304875900,3271.8402,3302.8829,3270.0302,3267.2498
95237000,3301.3924,7795100,79022400,1550690600,20383898300,3271.8402,3302.8829,3270.0302,3267.2498
95242000,3300.905,4230200,52836400,1554920800,20436734700,3271.8402,3302.8829,3270.0302,3267.2498
95247000,3301.4158,5167200,71196200,1560088000,20507930900,3271.8402,3302.8829,3270.0302,3267.2498
95252000,3301.5204,5462900,59804900,1565550900,20567735800,3271.8402,3302.8829,3270.0302,3267.2498
95257000,3301.8513,5652100,63726800,1571203000,20631462600,3271.8402,3302.8829,3270.0302,3267.2498
95301000,3302.1795,7545500,78105000,1578748500,20709567600,3271.8402,3302.8829,3270.0302,3267.2498
95307000,3301.7772,5531300,63757600,1584279800,20773325200,3271.8402,3302.8829,3270.0302,3267.2498
95312000,3301.8833,3724000,52528700,1588003800,20825853900,3271.8402,3302.8829,3270.0302,3267.2498
95317000,3301.8022,6525900,82649500,1594529700,20908503400,3271.8402,3302.8829,3270.0302,3267.2498
95322000,3301.6305,5595300,65930400,1600125000,20974433800,3271.8402,3302.8829,3270.0302,3267.2498
95328000,3301.3099,6836400,76930600,1606961400,21051364400,3271.8402,3302.8829,3270.0302,3267.2498
95333000,3301.8656,4211600,62837500,1611173000,21114201900,3271.8402,3302.8829,3270.0302,3267.2498
95338000,3301.719,5543300,71547300,1616716300,21185749200,3271.8402,3302.8829,3270.0302,3267.2498
95343000,3302.1168,5351300,61552400,1622067600,21247301600,3271.8402,3302.8829,3270.0302,3267.2498
95348000,3301.7589,4025700,48797700,1626093300,21296099300,3271.8402,3302.8829,3270.0302,3267.2498
95353000,3302.2138,5188200,65766300,1631281500,21361865600,3271.8402,3302.8829,3270.0302,3267.2498
95358000,3301.8843,7757800,73027000,1639039300,21434892600,3271.8402,3302.8829,3270.0302,3267.2498
95403000,3302.3529,4017700,65319800,1643057000,21500212400,3271.8402,3302.8829,3270.0302,3267.2498
95407000,3302.6134,7155100,71107500,1650212100,21571319900,3271.8402,3302.8829,3270.0302,3267.2498
95413000,3302.2571,4775700,56871500,1654987800,21628191400,3271.8402,3302.8829,3270.0302,3267.2498
95418000,3302.3319,3936100,45074200,1658923900,21673265600,3271.8402,3302.8829,3270.0302,3267.2498
95423000,3302.3831,6159900,72724800,1665083800,21745990400,3271.8402,3302.8829,3270.0302,3267.2498
95428000,3302.2176,4309200,49398000,1669393000,21795388400,3271.8402,3302.8829,3270.0302,3267.2498
95433000,3302.374,6896000,75518100,1676289000,21870906500,3271.8402,3302.8829,3270.0302,3267.2498
95438000,3302.0835,8051500,86568800,1684340500,21957475300,3271.8402,3302.8829,3270.0302,3267.2498
95443000,3301.5782,10195800,76977500,1694536300,22034452800,3271.8402,3302.8829,3270.0302,3267.2498
95448000,3301.6596,3761100,44931500,1698297400,22079384300,3271.8402,3302.8829,3270.0302,3267.2498
95453000,3301.2563,6527600,73900600,1704825000,22153284900,3271.8402,3302.8829,3270.0302,3267.2498
95458000,3301.3385,5527600,59168600,1710352600,22212453500,3271.8402,3302.8829,3270.0302,3267.2498
95503000,3301.333,5632600,65688500,1715985200,22278142000,3271.8402,3302.8829,3270.0302,3267.2498
95508000,3301.3276,5966900,68636300,1721952100,22346778300,3271.8402,3302.8829,3270.0302,3267.2498
95513000,3301.2846,5224300,56782600,1727176400,22403560900,3271.8402,3302.8829,3270.0302,3267.2498
95518000,3301.1959,4342800,47677500,1731519200,22451238400,3271.8402,3302.8829,3270.0302,3267.2498
95523000,3300.7871,4766600,66343300,1736285800,22517581700,3271.8402,3302.8829,3270.0302,3267.2498
95528000,3300.4301,4102200,40682000,1740388000,22558263700,3271.8402,3302.8829,3270.0302,3267.2498
95533000,3300.7352,3960000,52507200,1744348000,22610770900,3271.8402,3302.8829,3270.0302,3267.2498
95538000,3301.0153,5234200,52190900,1749582200,22662961800,3271.8402,3302.8829,3270.0302,3267.2498
95543000,3300.7619,4900000,61020700,1754482200,22723982500,3271.8402,3302.8829,3270.0302,3267.2498
95548000,3300.0766,3185800,65833200,1757668000,22789815700,3271.8402,3302.8829,3270.0302,3267.2498
95553000,3299.336,6054700,64390400,1763722700,22854206100,3271.8402,3302.8829,3270.0302,3267.2498
95558000,3299.5417,3332100,41300000,1767054800,22895506100,3271.8402,3302.8829,3270.0302,3267.2498
95603000,3298.8837,7594400,80241000,1774649200,22975747100,3271.8402,3302.8829,3270.0302,3267.2498
95608000,3297.764,7610400,99170900,1782259600,23074918000,3271.8402,3302.8829,3270.0302,3267.2498
95613000,3296.2968,7875500,96923000,1790135100,23171841000,3271.8402,3302.8829,3270.0302,3267.2498
95618000,3295.2035,4901600,59430400,1795036700,23231271400,3271.8402,3302.8829,3270.0302,3267.2498
95623000,3295.535,6130000,80695900,1801166700,23311967300,3271.8402,3302.8829,3270.0302,3267.2498
95628000,3294.8255,4814100,57603400,1805980800,23369570700,3271.8402,3302.8829,3270.0302,3267.2498
95633000,3294.5462,5019900,71416700,1811000700,23440987400,3271.8402,3302.8829,3270.0302,3267.2498
95638000,3293.7861,7033400,88211900,1818034100,23529199300,3271.8402,3302.8829,3270.0302,3267.2498
95643000,3293.0156,7648200,81949000,1825682300,23611148300,3271.8402,3302.8829,3270.0302,3267.2498
95648000,3292.8252,3081500,48121900,1828763800,23659270200,3271.8402,3302.8829,3270.0302,3267.2498
95654000,3292.9169,6566400,60108100,1835330200,23719378300,3271.8402,3302.8829,3270.0302,3267.2498
95658000,3292.4834,3859100,41369100,1839189300,23760747400,3271.8402,3302.8829,3270.0302,3267.2498
95704000,3292.1481,7102100,66622900,1846291400,23827370300,3271.8402,3302.8829,3270.0302,3267.2498
95709000,3292.4669,5760900,56841400,1852052300,23884211700,3271.8402,3302.8829,3270.0302,3267.2498
95714000,3292.5679,4465600,61578100,1856517900,23945789800,3271.8402,3302.8829,3270.0302,3267.2498
95719000,3291.9793,5209400,66650200,1861727300,24012440000,3271.8402,3302.8829,3270.0302,3267.2498
95724000,3292.0989,2545300,35607900,1864272600,24048047900,3271.8402,3302.8829,3270.0302,3267.2498
95729000,3291.626,4197900,55436600,1868470500,24103484500,3271.8402,3302.8829,3270.0302,3267.2498
95734000,3291.9487,2784900,36034800,1871255400,24139519300,3271.8402,3302.8829,3270.0302,3267.2498
95739000,3291.6385,3095400,44077700,1874350800,24183597000,3271.8402,3302.8829,3270.0302,3267.2498
95744000,3291.8344,4033300,62097600,1878384100,24245694600,3271.8402,3302.8829,3270.0302,3267.2498
95749000,3292.2655,3638700,48761100,1882022800,24294455700,3271.8402,3302.8829,3270.0302,3267.2498
95754000,3291.9681,3225100,39993600,1885247900,24334449300,3271.8402,3302.8829,3270.0302,3267.2498
95759000,3291.6528,4714200,57170500,1889962100,24391619800,3271.8402,3302.8829,3270.0302,3267.2498
95804000,3292.2791,2756300,36261900,1892718400,24427881700,3271.8402,3302.8829,3270.0302,3267.2498
95809000,3292.6685,2804700,45563500,1895523100,24473445200,3271.8402,3302.8829,3270.0302,3267.2498
95814000,3292.2797,2951100,42811400,1898474200,24516256600,3271.8402,3302.8829,3270.0302,3267.2498
95819000,3292.4301,3095100,40198500,1901569300,24556455100,3271.8402,3302.8829,3270.0302,3267.2498
95824000,3292.873,1547600,24318100,1903116900,24580773200,3271.8402,3302.8829,3270.0302,3267.2498
95829000,3292.6388,3341300,45680000,1906458200,24626453200,3271.8402,3302.8829,3270.0302,3267.2498
95834000,3293.2913,2880900,36844500,1909339100,24663297700,3271.8402,3302.8829,3270.0302,3267.2498
95839000,3292.8716,3913100,40181300,1913252200,24703479000,3271.8402,3302.8829,3270.0302,3267.2498
95844000,3293.4471,3142200,44284000,1916394400,24747763000,3271.8402,3302.8829,3270.0302,3267.2498
95849000,3293.4791,4073200,49520900,1920467600,24797283900,3271.8402,3302.8829,3270.0302,3267.2498
95854000,3293.3432,2677300,34032500,1923144900,24831316400,3271.8402,3302.8829,3270.0302,3267.2498
95859000,3293.5469,4285000,54323200,1927429900,24885639600,3271.8402,3302.8829,3270.0302,3267.2498
95904000,3293.8223,2987400,34000400,1930417300,24919640000,3271.8402,3302.8829,3270.0302,3267.2498
95909000,3294.1057,3036300,47733000,1933453600,24967373000,3271.8402,3302.8829,3270.0302,3267.2498
95914000,3293.9052,4065800,57115000,1937519400,25024488000,3271.8402,3302.8829,3270.0302,3267.2498
95919000,3293.8721,2825600,49166700,1940345000,25073654700,3271.8402,3302.8829,3270.0302,3267.2498
95924000,3293.5587,2243300,33174700,1942588300,25106829400,3271.8402,3302.8829,3270.0302,3267.2498
95929000,3292.9876,3453900,42604900,1946042200,25149434300,3271.8402,3302.8829,3270.0302,3267.2498
95934000,3293.3806,2401700,33997200,1948443900,25183431500,3271.8402,3302.8829,3270.0302,3267.2498
95939000,3293.5431,2812100,38052500,1951256000,25221484000,3271.8402,3302.8829,3270.0302,3267.2498
95944000,3293.4372,4107500,45164600,1955363500,25266648600,3271.8402,3302.8829,3270.0302,3267.2498
95949000,3292.8301,2738900,38991100,1958102400,25305639700,3271.8402,3302.8829,3270.0302,3267.2498
95954000,3292.8731,1471800,21220000,1959574200,25326859700,3271.8402,3302.8829,3270.0302,3267.2498
95959000,3292.63,2656300,36165400,1962230500,25363025100,3271.8402,3302.8829,3270.0302,3267.2498
100004000,3292.7473,2443000,31152900,1964673500,25394178000,3271.8402,3302.8829,3270.0302,3267.2498
100009000,3292.7606,2836500,40794300,1967510000,25434972300,3271.8402,3302.8829,3270.0302,3267.2498
100014000,3293.228,2702700,47047000,1970212700,25482019300,3271.8402,3302.8829,3270.0302,3267.2498
100019000,3293.0038,2185100,32392500,1972397800,25514411800,3271.8402,3302.8829,3270.0302,3267.2498
100024000,3292.8581,1594800,25466600,1973992600,25539878400,3271.8402,3302.8829,3270.0302,3267.2498
100029000,3292.4984,3684400,46821500,1977677000,25586699900,3271.8402,3302.8829,3270.0302,3267.2498
100035000,3292.7802,2552100,43049300,1980229100,25629749200,3271.8402,3302.8829,3270.0302,3267.2498
100040000,3292.3893,1857500,25242300,1982086600,25654991500,3271.8402,3302.8829,3270.0302,3267.2498
100045000,3292.256,2681200,38336300,1984767800,25693327800,3271.8402,3302.8829,3270.0302,3267.2498
100050000,3292.2245,2503900,39160200,1987271700,25732488000,3271.8402,3302.8829,3270.0302,3267.2498
100055000,3291.8924,4366400,44543100,1991638100,25777031100,3271.8402,3302.8829,3270.0302,3267.2498
100059000,3291.7848,3065500,30227100,1994703600,25807258200,3271.8402,3302.8829,3270.0302,3267.2498
100105000,3291.6408,4240800,54851300,1998944400,25862109500,3271.8402,3302.8829,3270.0302,3267.2498
100110000,3291.214,2877800,34941900,2001822200,25897051400,3271.8402,3302.8829,3270.0302,3267.2498
100114000,3290.9205,2683400,32354800,2004505600,25929406200,3271.8402,3302.8829,3270.0302,3267.2498
100120000,3290.9505,3363200,39683300,2007868800,25969089500,3271.8402,3302.8829,3270.0302,3267.2498
100125000,3291.0418,2958800,42032800,2010827600,26011122300,3271.8402,3302.8829,3270.0302,3267.2498
100129000,3290.7244,1685900,25742600,2012513500,26036864900,3271.8402,3302.8829,3270.0302,3267.2498
100135000,3291.1658,3518400,39911600,2016031900,26076776500,3271.8402,3302.8829,3270.0302,3267.2498
100140000,3291.2117,2345400,27103100,2018377300,26103879600,3271.8402,3302.8829,3270.0302,3267.2498
100144000,3291.3765,1930200,28013800,2020307500,26131893400,3271.8402,3302.8829,3270.0302,3267.2498
100150000,3291.0381,2586100,34280600,2022893600,26166174000,3271.8402,3302.8829,3270.0302,3267.2498
100155000,3291.2471,2328500,35489100,2025222100,26201663100,3271.8402,3302.8829,3270.0302,3267.2498
100159000,3291.0273,1749200,22616500,2026971300,26224279600,3271.8402,3302.8829,3270.0302,3267.2498
100205000,3291.3996,2939500,33720700,2029910800,26258000300,3271.8402,3302.8829,3270.0302,3267.2498
100210000,3290.9964,2298100,28888400,2032208900,26286888700,3271.8402,3302.8829,3270.0302,3267.2498
100214000,3291.0396,2757500,38433200,2034966400,26325321900,3271.8402,3302.8829,3270.0302,3267.2498
100220000,3290.9983,2553000,36505700,2037519400,26361827600,3271.8402,3302.8829,3270.0302,3267.2498
100225000,3291.0537,2389000,36929400,2039908400,26398757000,3271.8402,3302.8829,3270.0302,3267.2498
100229000,3291.1139,2148600,29202100,2042057000,26427959100,3271.8402,3302.8829,3270.0302,3267.2498
100235000,3290.9503,3017500,41254300,2045074500,26469213400,3271.8402,3302.8829,3270.0302,3267.2498
100240000,3290.9493,2041100,21876800,2047115600,26491090200,3271.8402,3302.8829,3270.0302,3267.2498
100245000,3290.8353,1635800,26609800,2048751400,26517700000,3271.8402,3302.8829,3270.0302,3267.2498
100250000,3290.645,2449500,33954900,2051200900,26551654900,3271.8402,3302.8829,3270.0302,3267.2498
100255000,3290.9041,2127900,41512400,2053328800,26593167300,3271.8402,3302.8829,3270.0302,3267.2498
100259000,3290.4946,1188100,20903800,2054516900,26614071100,3271.8402,3302.8829,3270.0302,3267.2498
100305000,3290.5044,4159300,49140300,2058676200,26663211400,3271.8402,3302.8829,3270.0302,3267.2498
100310000,3290.4818,1613000,21170700,2060289200,26684382100,3271.8402,3302.8829,3270.0302,3267.2498
100314000,3290.3961,2353000,33132200,2062642200,26717514300,3271.8402,3302.8829,3270.0302,3267.2498
100320000,3290.3964,2211600,30769600,2064853800,26748283900,3271.8402,3302.8829,3270.0302,3267.2498
100325000,3290.258,2136400,30541600,2066990200,26778825500,3271.8402,3302.8829,3270.0302,3267.2498
100329000,3289.9788,2550700,38845000,2069540900,26817670500,3271.8402,3302.8829,3270.0302,3267.2498
100335000,3290.1291,2921200,36968000,2072462100,26854638500,3271.8402,3302.8829,3270.0302,3267.2498
100341000,3290.083,2406600,28293200,2074868700,26882931700,3271.8402,3302.8829,3270.0302,3267.2498
100346000,3290.008,2526700,38978600,2077395400,26921910300,3271.8402,3302.8829,3270.0302,3267.2498
100350000,3290.2469,1937200,26050800,2079332600,26947961100,3271.8402,3302.8829,3270.0302,3267.2498
100356000,3289.5158,3401300,42419900,2082733900,26990381000,3271.8402,3302.8829,3270.0302,3267.2498
100401000,3289.2825,3615400,42280600,2086349300,27032661600,3271.8402,3302.8829,3270.0302,3267.2498
100405000,3289.169,1660700,24646200,2088010000,27057307800,3271.8402,3302.8829,3270.0302,3267.2498
100411000,3288.7748,3418100,43812500,2091428100,27101120300,3271.8402,3302.8829,3270.0302,3267.2498
100416000,3288.8505,1724700,21811700,2093152800,27122932000,3271.8402,3302.8829,3270.0302,3267.2498
100420000,3288.8434,1529300,27254000,2094682100,27150186000,3271.8402,3302.8829,3270.0302,3267.2498
100426000,3288.4363,3448700,44596900,2098130800,27194782900,3271.8402,3302.8829,3270.0302,3267.2498
100431000,3288.1782,3548500,41757800,2101679300,27236540700,3271.8402,3302.8829,3270.0302,3267.2498
100435000,3288.4575,1369000,20111600,2103048300,27256652300,3271.8402,3302.8829,3270.0302,3267.2498
100441000,3288.3817,3683400,50065500,2106731700,27306717800,3271.8402,3302.8829,3270.0302,3267.2498
100446000,3288.5208,2919500,35292800,2109651200,27342010600,3271.8402,3302.8829,3270.0302,3267.2498
100450000,3288.5334,2370300,34740800,2112021500,27376751400,3271.8402,3302.8829,3270.0302,3267.2498
100456000,3288.01,2906000,40048200,2114927500,27416799600,3271.8402,3302.8829,3270.0302,3267.2498
100501000,3288.1249,2533200,31333200,2117460700,27448132800,3271.8402,3302.8829,3270.0302,3267.2498
100505000,3288.0296,2018700,22515800,2119479400,27470648600,3271.8402,3302.8829,3270.0302,3267.2498
100511000,3287.9761,2903600,48456000,2122383000,27519104600,3271.8402,3302.8829,3270.0302,3267.2498
100516000,3287.733,2427600,30833700,2124810600,27549938300,3271.8402,3302.8829,3270.0302,3267.2498
100520000,3287.795,2361100,30823100,2127171700,27580761400,3271.8402,3302.8829,3270.0302,3267.2498
100526000,3287.5364,4000400,50783600,2131172100,27631545000,3271.8402,3302.8829,3270.0302,3267.2498
100531000,3287.5853,2615800,42317600,2133787900,27673862600,3271.8402,3302.8829,3270.0302,3267.2498
100535000,3287.5745,1792700,31463700,2135580600,27705326300,3271.8402,3302.8829,3270.0302,3267.2498
100541000,3287.5851,3019300,39443000,2138599900,27744769300,3271.8402,3302.8829,3270.0302,3267.2498
100546000,3287.6779,2493200,30707900,2141093100,27775477200,3271.8402,3302.8829,3270.0302,3267.2498
100550000,3287.7803,1616400,27290200,2142709500,27802767400,3271.8402,3302.8829,3270.0302,3267.2498
100556000,3287.6308,3296400,48454900,2146005900,27851222300,3271.8402,3302.8829,3270.0302,3267.2498
100601000,3287.8499,8944800,60511300,2154950700,27911733600,3271.8402,3302.8829,3270.0302,3267.2498
100605000,3288.0314,2022700,23334400,2156973400,27935068000,3271.8402,3302.8829,3270.0302,3267.2498
100611000,3288.2505,2121800,33009700,2159095200,27968077700,3271.8402,3302.8829,3270.0302,3267.2498
100616000,3288.3861,2531400,25913300,2161626600,27993991000,3271.8402,3302.8829,3270.0302,3267.2498
100620000,3288.5576,1742400,26127200,2163369000,28020118200,3271.8402,3302.8829,3270.0302,3267.2498
100626000,3288.5395,1921100,29422900,2165290100,28049541100,3271.8402,3302.8829,3270.0302,3267.2498
100631000,3288.7225,2332300,33674800,2167622400,28083215900,3271.8402,3302.8829,3270.0302,3267.2498
100635000,3288.731,1183000,16057000,2168805400,28099272900,3271.8402,3302.8829,3270.0302,3267.2498
100641000,3288.8922,3242400,44089200,2172047800,28143362100,3271.8402,3302.8829,3270.0302,3267.2498
100646000,3288.8193,1670300,25261900,2173718100,28168624000,3271.8402,3302.8829,3270.0302,3267.2498
100650000,3289.0668,1214900,22637000,2174933000,28191261000,3271.8402,3302.8829,3270.0302,3267.2498
100656000,3289.1127,2795800,44631000,2177728800,28235892000,3271.8402,3302.8829,3270.0302,3267.2498
100701000,3289.0657,2035300,31087700,2179764100,28266979700,3271.8402,3302.8829,3270.0302,3267.2498
100705000,3289.0535,1949300,27797100,2181713400,28294776800,3271.8402,3302.8829,3270.0302,3267.2498
100711000,3289.5869,4059100,39791200,2185772500,28334568000,3271.8402,3302.8829,3270.0302,3267.2498
100717000,3289.4624,2218100,32650300,2187990600,28367218300,3271.8402,3302.8829,3270.0302,3267.2498
100722000,3289.6093,1805300,21605800,2189795900,28388824100,3271.8402,3302.8829,3270.0302,3267.2498
100726000,3289.7695,2156500,29854800,2191952400,28418678900,3271.8402,3302.8829,3270.0302,3267.2498
100732000,3289.6965,2369200,31474200,2194321600,28450153100,3271.8402,3302.8829,3270.0302,3267.2498
100737000,3289.4145,2675300,40147800,2196996900,28490300900,3271.8402,3302.8829,3270.0302,3267.2498
100741000,3289.5214,1582900,23443400,2198579800,28513744300,3271.8402,3302.8829,3270.0302,3267.2498
100747000,3289.5018,3472800,42919000,2202052600,28556663300,3271.8402,3302.8829,3270.0302,3267.2498
100752000,3289.2762,1920300,22862900,2203972900,28579526200,3271.8402,3302.8829,3270.0302,3267.2498
100756000,3289.8898,2474900,33745600,2206447800,28613271800,3271.8402,3302.8829,3270.0302,3267.2498
100802000,3290.1676,2836800,37548400,2209284600,28650820200,3271.8402,3302.8829,3270.0302,3267.2498
100807000,3290.3246,1883800,29951500,2211168400,28680771700,3271.8402,3302.8829,3270.0302,3267.2498
100811000,3290.7129,1295700,19029100,2212464100,28699800800,3271.8402,3302.8829,3270.0302,3267.2498
100817000,3290.7009,2089100,28118000,2214553200,28727918800,3271.8402,3302.8829,3270.0302,3267.2498
100822000,3290.9128,1418600,22991800,2215971800,28750910600,3271.8402,3302.8829,3270.0302,3267.2498
100826000,3291.0857,2205700,30316400,2218177500,28781227000,3271.8402,3302.8829,3270.0302,3267.2498
100832000,3291.2077,2307200,37728800,2220484700,28818955800,3271.8402,3302.8829,3270.0302,3267.2498
100837000,3291.5124,1933100,30691900,2222417800,28849647700,3271.8402,3302.8829,3270.0302,3267.2498
100841000,3291.3668,1905100,32307400,2224322900,28881955100,3271.8402,3302.8829,3270.0302,3267.2498
100847000,3291.7202,2261200,38164800,2226584100,28920119900,3271.8402,3302.8829,3270.0302,3267.2498
100852000,3291.592,1640700,26377500,2228224800,28946497400,3271.8402,3302.8829,3270.0302,3267.2498
100856000,3291.7331,1695300,28358800,2229920100,28974856200,3271.8402,3302.8829,3270.0302,3267.2498
100902000,3292.1957,2358900,35916600,2232279000,29010772800,3271.8402,3302.8829,3270.0302,3267.2498
100907000,3291.9258,2661500,43318500,2234940500,29054091300,3271.8402,3302.8829,3270.0302,3267.2498
100911000,3292.2811,1169100,19661900,2236109600,29073753200,3271.8402,3302.8829,3270.0302,3267.2498
100917000,3292.1432,2025300,29363100,2238134900,29103116300,3271.8402,3302.8829,3270.0302,3267.2498
100922000,3292.3754,1802500,24920200,2239937400,29128036500,3271.8402,3302.8829,3270.0302,3267.2498
100926000,3292.1216,2646600,32970000,2242584000,29161006500,3271.8402,3302.8829,3270.0302,3267.2498
100932000,3292.2307,2273200,34752800,2244857200,29195759300,3271.8402,3302.8829,3270.0302,3267.2498
100937000,3291.9836,2338500,26455500,2247195700,29222214800,3271.8402,3302.8829,3270.0302,3267.2498
100941000,3291.8303,1267200,16922100,2248462900,29239136900,3271.8402,3302.8829,3270.0302,3267.2498
100947000,3291.5356,3014700,37355900,2251477600,29276492800,3271.8402,3302.8829,3270.0302,3267.2498
100952000,3291.6074,1722400,23816000,2253200000,29300308800,3271.8402,3302.8829,3270.0302,3267.2498
100956000,3291.9336,2302300,31217300,2255502300,29331526100,3271.8402,3302.8829,3270.0302,3267.2498
101002000,3290.8426,3186700,42355700,2258689000,29373881800,3271.8402,3302.8829,3270.0302,3267.2498
101007000,3290.6832,3605200,43093700,2262294200,29416975500,3271.8402,3302.8829,3270.0302,3267.2498
101011000,3290.9411,1081800,18892100,2263376000,29435867600,3271.8402,3302.8829,3270.0302,3267.2498
101017000,3290.2706,3649300,38142300,2267025300,29474009900,3271.8402,3302.8829,3270.0302,3267.2498
101022000,3290.4429,1974900,28557700,2269000200,29502567600,3271.8402,3302.8829,3270.0302,3267.2498
101026000,3290.8464,1538100,21878500,2270538300,29524446100,3271.8402,3302.8829,3270.0302,3267.2498
101032000,3291.1437,2205700,33314700,2272744000,29557760800,3271.8402,3302.8829,3270.0302,3267.2498
101037000,3291.1498,2408200,28298800,2275152200,29586059600,3271.8402,3302.8829,3270.0302,3267.2498
101041000,3291.0346,1297900,24707200,2276450100,29610766800,3271.8402,3302.8829,3270.0302,3267.2498
101047000,3290.8284,3377300,33119800,2279827400,29643886600,3271.8402,3302.8829,3270.0302,3267.2498
101053000,3290.9508,1571800,22740300,2281399200,29666626900,3271.8402,3302.8829,3270.0302,3267.2498
101058000,3291.1066,1562900,19746000,2282962100,29686372900,3271.8402,3302.8829,3270.0302,3267.2498
101102000,3290.9574,1467900,22802800,2284430000,29709175700,3271.8402,3302.8829,3270.0302,3267.2498
101108000,3290.912,2090500,26545000,2286520500,29735720700,3271.8402,3302.8829,3270.0302,3267.2498
101113000,3290.9868,1425700,19739100,2287946200,29755459800,3271.8402,3302.8829,3270.0302,3267.2498
101117000,3290.8744,1133900,17484200,2289080100,29772944000,3271.8402,3302.8829,3270.0302,3267.2498
101123000,3290.8479,1647300,22813000,2290727400,29795757000,3271.8402,3302.8829,3270.0302,3267.2498
101128000,3290.6807,1867700,20105100,2292595100,29815862100,3271.8402,3302.8829,3270.0302,3267.2498
101133000,3290.3564,1457500,22450900,2294052600,29838313000,3271.8402,3302.8829,3270.0302,3267.2498
101138000,3290.8372,1845000,24502800,2295897600,29862815800,3271.8402,3302.8829,3270.0302,3267.2498
101143000,3290.3706,2912400,33730600,2298810000,29896546400,3271.8402,3302.8829,3270.0302,3267.2498
101147000,3290.4775,1364000,21732300,2300174000,29918278700,3271.8402,3302.8829,3270.0302,3267.2498
101153000,3290.5671,1595000,26543400,2301769000,29944822100,3271.8402,3302.8829,3270.0302,3267.2498
101158000,3290.754,1242800,18877000,2303011800,29963699100,3271.8402,3302.8829,3270.0302,3267.2498
101202000,3290.5709,1991400,20003100,2305003200,29983702200,3271.8402,3302.8829,3270.0302,3267.2498
101208000,3290.4357,2095800,30415100,2307099000,30014117300,3271.8402,3302.8829,3270.0302,3267.2498
101213000,3290.4262,1988200,26480900,2309087200,30040598200,3271.8402,3302.8829,3270.0302,3267.2498
101217000,3290.4231,1150300,16635800,2310237500,30057234000,3271.8402,3302.8829,3270.0302,3267.2498
101223000,3290.696,2310800,35346000,2312548300,30092580000,3271.8402,3302.8829,3270.0302,3267.2498
101228000,3290.4343,1379000,20112500,2313927300,30112692500,3271.8402,3302.8829,3270.0302,3267.2498
101232000,3290.2871,1472500,20515800,2315399800,30133208300,3271.8402,3302.8829,3270.0302,3267.2498
101238000,3290.3704,2281900,29337400,2317681700,30162545700,3271.8402,3302.8829,3270.0302,3267.2498
101243000,3290.557,1791200,25410200,2319472900,30187955900,3271.8402,3302.8829,3270.0302,3267.2498
101247000,3290.9791,1260800,18679700,2320733700,30206635600,3271.8402,3302.8829,3270.0302,3267.2498
101253000,3291.1541,4101400,47670100,2324835100,30254305700,3271.8402,3302.8829,3270.0302,3267.2498
101258000,3291.5957,1460900,25113700,2326296000,30279419400,3271.8402,3302.8829,3270.0302,3267.2498
101302000,3291.8613,1889100,31531400,2328185100,30310950800,3271.8402,3302.8829,3270.0302,3267.2498
101308000,3291.9318,3853400,49408500,2332038500,30360359300,3271.8402,3302.8829,3270.0302,3267.2498
101313000,3292.149,2225900,29492500,2334264400,30389851800,3271.8402,3302.8829,3270.0302,3267.2498
101317000,3292.0306,1294600,17325200,2335559000,30407177000,3271.8402,3302.8829,3270.0302,3267.2498
101323000,3292.1302,2152000,30507000,2337711000,30437684000,3271.8402,3302.8829,3270.0302,3267.2498
101328000,3291.9287,1784900,25314300,2339495900,30462998300,3271.8402,3302.8829,3270.0302,3267.2498
101333000,3291.7996,1817000,25775500,2341312900,30488773800,3271.8402,3302.8829,3270.0302,3267.2498
101338000,3292.1453,2944500,44580200,2344257400,30533354000,3271.8402,3302.8829,3270.0302,3267.2498
101343000,3291.9991,1722400,21397700,2345979800,30554751700,3271.8402,3302.8829,3270.0302,3267.2498
101347000,3292.1095,1152500,17767500,2347132300,30572519200,3271.8402,3302.8829,3270.0302,3267.2498
101353000,3292.3511,3105200,36325300,2350237500,30608844500,3271.8402,3302.8829,3270.0302,3267.2498
101358000,3292.1341,1632100,21589300,2351869600,30630433800,3271.8402,3302.8829,3270.0302,3267.2498
101402000,3291.7657,2085800,30572800,2353955400,30661006600,3271.8402,3302.8829,3270.0302,3267.2498
101408000,3291.7048,2550400,37115300,2356505800,30698121900,3271.8402,3302.8829,3270.0302,3267.2498
101413000,3292.0288,2048800,30787800,2358554600,30728909700,3271.8402,3302.8829,3270.0302,3267.2498
101417000,3291.7975,1185700,18969100,2359740300,30747878800,3271.8402,3302.8829,3270.0302,3267.2498
101423000,3292.1659,2486000,33030600,2362226300,30780909400,3271.8402,3302.8829,3270.0302,3267.2498
101428000,3292.4456,1453900,21127300,2363680200,30802036700,3271.8402,3302.8829,3270.0302,3267.2498
101434000,3292.1475,2321500,32782000,2366001700,30834818700,3271.8402,3302.8829,3270.0302,3267.2498
101439000,3291.6199,1504600,22820900,2367506300,30857639600,3271.8402,3302.8829,3270.0302,3267.2498
101444000,3292.4287,1799500,30427500,2369305800,30888067100,3271.8402,3302.8829,3270.0302,3267.2498
101449000,3292.5657,1876700,27453500,2371182500,30915520600,3271.8402,3302.8829,3270.0302,3267.2498
101453000,3292.841,1419800,22265400,2372602300,30937786000,3271.8402,3302.8829,3270.0302,3267.2498
101459000,3292.7493,3477000,36051900,2376079300,30973837900,3271.8402,3302.8829,3270.0302,3267.2498
101504000,3293.1595,2369500,22414700,2378448800,30996252600,3271.8402,3302.8829,3270.0302,3267.2498
101509000,3292.9501,1510400,20932900,2379959200,31017185500,3271.8402,3302.8829,3270.0302,3267.2498
101514000,3293.1916,2129000,32148100,2382088200,31049333600,3271.8402,3302.8829,3270.0302,3267.2498
101519000,3293.6041,2359800,29764800,2384448000,31079098400,3271.8402,3302.8829,3270.0302,3267.2498
101523000,3293.2761,1600000,25762100,2386048000,31104860500,3271.8402,3302.8829,3270.0302,3267.2498
101529000,3293.9766,2632300,39376800,2388680300,31144237300,3271.8402,3302.8829,3270.0302,3267.2498
101534000,3293.629,1636400,20473900,2390316700,31164711200,3271.8402,3302.8829,3270.0302,3267.2498
101538000,3293.4064,1720100,24000200,2392036800,31188711400,3271.8402,3302.8829,3270.0302,3267.2498
101544000,3293.6072,2292700,30121000,2394329500,31218832400,3271.8402,3302.8829,3270.0302,3267.2498
101549000,3294.521,1970400,26042500,2396299900,31244874900,3271.8402,3302.8829,3270.0302,3267.2498
101553000,3294.2044,1671000,22057600,2397970900,31266932500,3271.8402,3302.8829,3270.0302,3267.2498
101559000,3294.157,2970800,42298000,2400941700,31309230500,3271.8402,3302.8829,3270.0302,3267.2498
101604000,3294.6467,3936700,41340000,2404878400,31350570500,3271.8402,3302.8829,3270.0302,3267.2498
101609000,3294.8599,2657300,40037500,2407535700,31390608000,3271.8402,3302.8829,3270.0302,3267.2498
101614000,3294.9335,3423800,44921000,2410959500,31435529000,3271.8402,3302.8829,3270.0302,3267.2498
101619000,3295.6604,3467700,43275100,2414427200,31478804100,3271.8402,3302.8829,3270.0302,3267.2498
101623000,3295.7998,1886300,23965300,2416313500,31502769400,3271.8402,3302.8829,3270.0302,3267.2498
101629000,3296.2011,3843800,45797600,2420157300,31548567000,3271.8402,3302.8829,3270.0302,3267.2498
101634000,3296.4799,2860300,29155100,2423017600,31577722100,3271.8402,3302.8829,3270.0302,3267.2498
101638000,3296.3299,2611000,42905100,2425628600,31620627200,3271.8402,3302.8829,3270.0302,3267.2498
101644000,3297.1202,3571800,51425700,2429200400,31672052900,3271.8402,3302.8829,3270.0302,3267.2498
101649000,3297.2948,3440700,46130700,2432641100,31718183600,3271.8402,3302.8829,3270.0302,3267.2498
101653000,3297.5794,1939000,29323200,2434580100,31747506800,3271.8402,3302.8829,3270.0302,3267.2498
101659000,3298.3814,4190100,58035300,2438770200,31805542100,3271.8402,3302.8829,3270.0302,3267.2498
101704000,3298.3489,3338300,41994900,2442108500,31847537000,3271.8402,3302.8829,3270.0302,3267.2498
101709000,3298.6493,2738500,40853600,2444847000,31888390600,3271.8402,3302.8829,3270.0302,3267.2498
101714000,3299.0453,3674700,61571000,2448521700,31949961600,3271.8402,3302.8829,3270.0302,3267.2498
101719000,3299.2428,3428600,54768500,2451950300,32004730100,3271.8402,3302.8829,3270.0302,3267.2498
101723000,3299.1366,1429400,23588100,2453379700,32028318200,3271.8402,3302.8829,3270.0302,3267.2498
101729000,3299.0688,3768000,41990900,2457147700,32070309100,3271.8402,3302.8829,3270.0302,3267.2498
101734000,3298.709,2954100,34421300,2460101800,32104730400,3271.8402,3302.8829,3270.0302,3267.2498
101738000,3298.8756,3598900,42374500,2463700700,32147104900,3271.8402,3302.8829,3270.0302,3267.2498
101744000,3298.8937,3841200,59126900,2467541900,32206231800,3271.8402,3302.8829,3270.0302,3267.2498
101749000,3298.6721,3863800,45655100,2471405700,32251886900,3271.8402,3302.8829,3270.0302,3267.2498
101753000,3298.4597,3496100,37467200,2474901800,32289354100,3271.8402,3302.8829,3270.0302,3267.2498
101759000,3298.6576,4228800,49892300,2479130600,32339246400,3271.8402,3302.8829,3270.0302,3267.2498
101804000,3298.7354,2358900,26493600,2481489500,32365740000,3271.8402,3302.8829,3270.0302,3267.2498
101809000,3298.2126,3303400,37315900,2484792900,32403055900,3271.8402,3302.8829,3270.0302,3267.2498
101814000,3298.4439,3502800,42901400,2488295700,32445957300,3271.8402,3302.8829,3270.0302,3267.2498
101819000,3298.518,3034100,44136000,2491329800,32490093300,3271.8402,3302.8829,3270.0302,3267.2498
101823000,3298.4665,1367300,22731900,2492697100,32512825200,3271.8402,3302.8829,3270.0302,3267.2498
101829000,3298.5426,3832900,45514700,2496530000,32558339900,3271.8402,3302.8829,3270.0302,3267.2498
101834000,3298.2019,3861500,30698600,2500391500,32589038500,3271.8402,3302.8829,3270.0302,3267.2498
101838000,3298.1584,2218900,54328600,2502610400,32643367100,3271.8402,3302.8829,3270.0302,3267.2498
101844000,3298.2953,3215400,45405100,2505825800,32688772200,3271.8402,3302.8829,3270.0302,3267.2498
101850000,3297.954,4195700,44603700,2510021500,32733375900,3271.8402,3302.8829,3270.0302,3267.2498
101855000,3298.0041,2054400,34412500,2512075900,32767788400,3271.8402,3302.8829,3270.0302,3267.2498
101859000,3298.2374,2220100,27919500,2514296000,32795707900,3271.8402,3302.8829,3270.0302,3267.2498
101905000,3297.8062,2724600,34510900,2517020600,32830218800,3271.8402,3302.8829,3270.0302,3267.2498
101910000,3297.8522,2561700,32379000,2519582300,32862597800,3271.8402,3302.8829,3270.0302,3267.2498
101914000,3297.9814,2041600,33894500,2521623900,32896492300,3271.8402,3302.8829,3270.0302,3267.2498
101920000,3298.0414,3820000,50157200,2525443900,32946649500,3271.8402,3302.8829,3270.0302,3267.2498
101925000,3297.8927,2955700,34941700,2528399600,32981591200,3271.8402,3302.8829,3270.0302,3267.2498
101929000,3298.1405,1649600,25665900,2530049200,33007257100,3271.8402,3302.8829,3270.0302,3267.2498
101935000,3297.9671,2232900,38005300,2532282100,33045262400,3271.8402,3302.8829,3270.0302,3267.2498
101940000,3297.7504,1402400,18054700,2533684500,33063317100,3271.8402,3302.8829,3270.0302,3267.2498
101944000,3297.7174,1621600,25494100,2535306100,33088811200,3271.8402,3302.8829,3270.0302,3267.2498
101950000,3297.9823,2253700,58756600,2537559800,33147567800,3271.8402,3302.8829,3270.0302,3267.2498
101955000,3298.094,2304500,33678600,2539864300,33181246400,3271.8402,3302.8829,3270.0302,3267.2498
101959000,3298.1863,1851600,24561400,2541715900,33205807800,3271.8402,3302.8829,3270.0302,3267.2498
102005000,3297.9006,2233700,35588100,2543949600,33241395900,3271.8402,3302.8829,3270.0302,3267.2498
102010000,3298.001,1731500,26832100,2545681100,33268228000,3271.8402,3302.8829,3270.0302,3267.2498
102014000,3298.0337,2286200,33109800,2547967300,33301337800,3271.8402,3302.8829,3270.0302,3267.2498
102020000,3298.3887,2379500,40656300,2550346800,33341994100,3271.8402,3302.8829,3270.0302,3267.2498
102025000,3299.025,2809300,35984700,2553156100,33377978800,3271.8402,3302.8829,3270.0302,3267.2498
102029000,3298.805,1341800,16123600,2554497900,33394102400,3271.8402,3302.8829,3270.0302,3267.2498
102035000,3298.5028,2386600,39934600,2556884500,33434037000,3271.8402,3302.8829,3270.0302,3267.2498
102040000,3298.492,1725300,22351100,2558609800,33456388100,3271.8402,3302.8829,3270.0302,3267.2498
102045000,3299.0564,1943000,27495900,2560552800,33483884000,3271.8402,3302.8829,3270.0302,3267.2498
102050000,3298.7638,2398200,29520000,2562951000,33513404000,3271.8402,3302.8829,3270.0302,3267.2498
102055000,3299.2402,2843700,37281900,2565794700,33550685900,3271.8402,3302.8829,3270.0302,3267.2498
102059000,3299.5747,1312000,23477200,2567106700,33574163100,3271.8402,3302.8829,3270.0302,3267.2498
102105000,3299.6113,3316100,43228400,2570422800,33617391500,3271.8402,3302.8829,3270.0302,3267.2498
102110000,3299.6059,3755400,37404600,2574178200,33654796100,3271.8402,3302.8829,3270.0302,3267.2498
102114000,3300.1129,1616300,24362600,2575794500,33679158700,3271.8402,3302.8829,3270.0302,3267.2498
102120000,3300.0762,3043600,32303800,2578838100,33711462500,3271.8402,3302.8829,3270.0302,3267.2498
102125000,3299.8459,2035900,29852700,2580874000,33741315200,3271.8402,3302.8829,3270.0302,3267.2498
102129000,3300.4457,1662100,24416000,2582536100,33765731200,3271.8402,3302.8829,3270.0302,3267.2498
102135000,3300.7077,3055600,39584400,2585591700,33805315600,3271.8402,3302.8829,3270.0302,3267.2498
102140000,3300.7391,2481600,26547900,2588073300,33831863500,3271.8402,3302.8829,3270.0302,3267.2498
102144000,3300.8496,2793000,34638800,2590866300,33866502300,3271.8402,3302.8829,3270.0302,3267.2498
102150000,3300.7136,3108900,37923000,2593975200,33904425300,3271.8402,3302.8829,3270.0302,3267.2498
102155000,3301.153,2768000,31655500,2596743200,33936080800,3271.8402,3302.8829,3270.0302,3267.2498
102159000,3301.159,1915500,27965100,2598658700,33964045900,3271.8402,3302.8829,3270.0302,3267.2498
102205000,3301.3836,3442500,48721500,2602101200,34012767400,3271.8402,3302.8829,3270.0302,3267.2498
102210000,3301.479,2955400,29663100,2605056600,34042430500,3271.8402,3302.8829,3270.0302,3267.2498
102215000,3301.6674,2622200,31405800,2607678800,34073836300,3271.8402,3302.8829,3270.0302,3267.2498
102220000,3300.761,3819100,47429300,2611497900,34121265600,3271.8402,3302.8829,3270.0302,3267.2498
102225000,3300.7782,3586200,44099400,2615084100,34165365000,3271.8402,3302.8829,3270.0302,3267.2498
102229000,3300.0633,2615900,34677300,2617700000,34200042300,3271.8402,3302.8829,3270.0302,3267.2498
102235000,3299.8384,4909400,66334000,2622609400,34266376300,3271.8402,3302.8829,3270.0302,3267.2498
102240000,3298.5536,5406600,60576400,2628016000,34326952700,3271.8402,3302.8829,3270.0302,3267.2498
102244000,3297.7722,3671000,61522400,2631687000,34388475100,3271.8402,3302.8829,3270.0302,3267.2498
102250000,3297.7312,3719800,51705600,2635406800,34440180700,3271.8402,3302.8829,3270.0302,3267.2498
102255000,3297.6313,4025700,53646100,2639432500,34493826800,3271.8402,3302.8829,3270.0302,3267.2498
102259000,3297.4907,2667000,36128700,2642099500,34529955500,3271.8402,3302.8829,3270.0302,3267.2498
102305000,3297.3926,4062900,47814700,2646162400,34577770200,3271.8402,3302.8829,3270.0302,3267.2498
102310000,3297.1785,3219900,57524900,2649382300,34635295100,3271.8402,3302.8829,3270.0302,3267.2498
102316000,3296.8716,2891400,41987000,2652273700,34677282100,3271.8402,3302.8829,3270.0302,3267.2498
102321000,3296.743,2690400,28460400,2654964100,34705742500,3271.8402,3302.8829,3270.0302,3267.2498
102326000,3296.7368,3120900,37172800,2658085000,34742915300,3271.8402,3302.8829,3270.0302,3267.2498
102331000,3296.595,1716900,28086400,2659801900,34771001700,3271.8402,3302.8829,3270.0302,3267.2498
102335000,3296.7043,1428200,20776700,2661230100,34791778400,3271.8402,3302.8829,3270.0302,3267.2498
102341000,3296.5615,3372600,35512900,2664602700,34827291300,3271.8402,3302.8829,3270.0302,3267.2498
102346000,3296.3875,2547500,27270800,2667150200,34854562100,3271.8402,3302.8829,3270.0302,3267.2498
102350000,3296.4477,2162500,25838100,2669312700,34880400200,3271.8402,3302.8829,3270.0302,3267.2498
102356000,3296.2942,1666700,30485800,2670979400,34910886000,3271.8402,3302.8829,3270.0302,3267.2498
102401000,3296.1075,2101900,32851000,2673081300,34943737000,3271.8402,3302.8829,3270.0302,3267.2498
102405000,3296.1067,1212300,18966400,2674293600,34962703400,3271.8402,3302.8829,3270.0302,3267.2498
102411000,3296.2108,3107200,33002000,2677400800,34995705400,3271.8402,3302.8829,3270.0302,3267.2498
102416000,3296.1396,1502800,19643500,2678903600,35015348900,3271.8402,3302.8829,3270.0302,3267.2498
102420000,3296.2618,1416700,22415100,2680320300,35037764000,3271.8402,3302.8829,3270.0302,3267.2498
102426000,3295.5556,3071500,35198400,2683391800,35072962400,3271.8402,3302.8829,3270.0302,3267.2498
102431000,3295.1646,2006500,26067100,2685398300,35099029500,3271.8402,3302.8829,3270.0302,3267.2498
102435000,3295.8829,1457800,19684000,2686856100,35118713500,3271.8402,3302.8829,3270.0302,3267.2498
102441000,3295.798,2707000,36248800,2689563100,35154962300,3271.8402,3302.8829,3270.0302,3267.2498
102446000,3294.9111,2409100,26097600,2691972200,35181059900,3271.8402,3302.8829,3270.0302,3267.2498
102451000,3295.3775,1333700,19015400,2693305900,35200075300,3271.8402,3302.8829,3270.0302,3267.2498
102456000,3295.6048,1597100,23716000,2694903000,35223791300,3271.8402,3302.8829,3270.0302,3267.2498
102501000,3295.1512,1399400,21796700,2696302400,35245588000,3271.8402,3302.8829,3270.0302,3267.2498
102505000,3295.2215,896100,14143600,2697198500,35259731600,3271.8402,3302.8829,3270.0302,3267.2498
102511000,3295.6187,1684500,25039200,2698883000,35284770800,3271.8402,3302.8829,3270.0302,3267.2498
102516000,3295.3234,1401700,21449600,2700284700,35306220400,3271.8402,3302.8829,3270.0302,3267.2498
102520000,3295.3934,1815900,25598000,2702100600,35331818400,3271.8402,3302.8829,3270.0302,3267.2498
102526000,3294.9518,1713300,25539700,2703813900,35357358100,3271.8402,3302.8829,3270.0302,3267.2498
102531000,3295.074,2778700,33339400,2706592600,35390697500,3271.8402,3302.8829,3270.0302,3267.2498
102535000,3295.0834,1229500,18049700,2707822100,35408747200,3271.8402,3302.8829,3270.0302,3267.2498
102541000,3295.6259,1650300,19638500,2709472400,35428385700,3271.8402,3302.8829,3270.0302,3267.2498
102546000,3295.8689,1145900,14919300,2710618300,35443305000,3271.8402,3302.8829,3270.0302,3267.2498
102551000,3295.6941,1109100,15006500,2711727400,35458311500,3271.8402,3302.8829,3270.0302,3267.2498
102556000,3295.6283,1496700,25039400,2713224100,35483350900,3271.8402,3302.8829,3270.0302,3267.2498
102601000,3295.3247,1458500,27662900,2714682600,35511013800,3271.8402,3302.8829,3270.0302,3267.2498
102605000,3295.3878,1185300,18542100,2715867900,35529555900,3271.8402,3302.8829,3270.0302,3267.2498
102611000,3295.9238,1554700,20901300,2717422600,35550457200,3271.8402,3302.8829,3270.0302,3267.2498
102616000,3295.7917,1383800,17078200,2718806400,35567535400,3271.8402,3302.8829,3270.0302,3267.2498
102620000,3295.805,1001600,20282900,2719808000,35587818300,3271.8402,3302.8829,3270.0302,3267.2498
102626000,3295.8046,2790900,26873000,2722598900,35614691300,3271.8402,3302.8829,3270.0302,3267.2498
102631000,3295.9019,1827900,23364000,2724426800,35638055300,3271.8402,3302.8829,3270.0302,3267.2498
102635000,3295.4726,920600,16196100,2725347400,35654251400,3271.8402,3302.8829,3270.0302,3267.2498
102641000,3295.4448,2839500,26804600,2728186900,35681056000,3271.8402,3302.8829,3270.0302,3267.2498
102646000,3295.5514,1102600,14408700,2729289500,35695464700,3271.8402,3302.8829,3270.0302,3267.2498
102650000,3295.6721,1453400,25167500,2730742900,35720632200,3271.8402,3302.8829,3270.0302,3267.2498
102656000,3295.8775,1978500,28887600,2732721400,35749519800,3271.8402,3302.8829,3270.0302,3267.2498
102701000,3295.5185,1952300,23134800,2734673700,35772654600,3271.8402,3302.8829,3270.0302,3267.2498
102705000,3295.4241,1732200,23308500,2736405900,35795963100,3271.8402,3302.8829,3270.0302,3267.2498
102711000,3295.675,2765700,38188000,2739171600,35834151100,3271.8402,3302.8829,3270.0302,3267.2498
102716000,3295.7828,1328600,16180100,2740500200,35850331200,3271.8402,3302.8829,3270.0302,3267.2498
102721000,3295.377,1112400,17170400,2741612600,35867501600,3271.8402,3302.8829,3270.0302,3267.2498
102726000,3295.8999,2239800,24727500,2743852400,35892229100,3271.8402,3302.8829,3270.0302,3267.2498
102732000,3295.3564,1971400,25370900,2745823800,35917600000,3271.8402,3302.8829,3270.0302,3267.2498
102737000,3295.6437,2247800,24720400,2748071600,35942320400,3271.8402,3302.8829,3270.0302,3267.2498
102741000,3295.5089,1218500,12654400,2749290100,35954974800,3271.8402,3302.8829,3270.0302,3267.2498
102747000,3295.3197,1587700,23101000,2750877800,35978075800,3271.8402,3302.8829,3270.0302,3267.2498
102752000,3295.4465,1665300,17649700,2752543100,35995725500,3271.8402,3302.8829,3270.0302,3267.2498
102756000,3295.5163,2134400,22208500,2754677500,36017934000,3271.8402,3302.8829,3270.0302,3267.2498
102802000,3295.5359,1886900,23763500,2756564400,36041697500,3271.8402,3302.8829,3270.0302,3267.2498
102807000,3296.0227,2432800,31352300,2758997200,36073049800,3271.8402,3302.8829,3270.0302,3267.2498
102811000,3296.0885,704600,11633400,2759701800,36084683200,3271.8402,3302.8829,3270.0302,3267.2498
102817000,3295.9949,1625300,21504900,2761327100,36106188100,3271.8402,3302.8829,3270.0302,3267.2498
102822000,3296.8099,2010400,18141200,2763337500,36124329300,3271.8402,3302.8829,3270.0302,3267.2498
102826000,3296.4377,2435700,34389100,2765773200,36158718400,3271.8402,3302.8829,3270.0302,3267.2498
102832000,3296.52,2114800,32751700,2767888000,36191470100,3271.8402,3302.8829,3270.0302,3267.2498
102837000,3296.2467,1879000,22548600,2769767000,36214018700,3271.8402,3302.8829,3270.0302,3267.2498
102841000,3296.2584,908600,13127700,2770675600,36227146400,3271.8402,3302.8829,3270.0302,3267.2498
102847000,3296.0434,2006100,28316600,2772681700,36255463000,3271.8402,3302.8829,3270.0302,3267.2498
102852000,3296.7813,1718200,18357600,2774399900,36273820600,3271.8402,3302.8829,3270.0302,3267.2498
102857000,3296.6831,1019800,18548500,2775419700,36292369100,3271.8402,3302.8829,3270.0302,3267.2498
102902000,3296.7033,1801200,30027000,2777220900,36322396100,3271.8402,3302.8829,3270.0302,3267.2498
102907000,3296.4854,1829000,28299700,2779049900,36350695800,3271.8402,3302.8829,3270.0302,3267.2498
102911000,3296.6905,971500,16872500,2780021400,36367568300,3271.8402,3302.8829,3270.0302,3267.2498
102917000,3296.6447,1492900,21096200,2781514300,36388664500,3271.8402,3302.8829,3270.0302,3267.2498
102922000,3296.9524,1491300,15593000,2783005600,36404257500,3271.8402,3302.8829,3270.0302,3267.2498
102927000,3297.0518,1453100,20598500,2784458700,36424856000,3271.8402,3302.8829,3270.0302,3267.2498
102932000,3297.0544,2322300,30956500,2786781000,36455812500,3271.8402,3302.8829,3270.0302,3267.2498
102937000,3298.2165,2392200,39268100,2789173200,36495080600,3271.8402,3302.8829,3270.0302,3267.2498
102941000,3298.9141,3060400,38575800,2792233600,36533656400,3271.8402,3302.8829,3270.0302,3267.2498
102947000,3300.7287,8653500,110760400,2800887100,36644416800,3271.8402,3302.8829,3270.0302,3267.2498
102952000,3301.7993,5727700,73556500,2806614800,36717973300,3271.8402,3302.8829,3270.0302,3267.2498
102956000,3301.5197,7041300,68635300,2813656100,36786608600,3271.8402,3302.8829,3270.0302,3267.2498
103002000,3302.5669,4825500,73147300,2818481600,36859755900,3271.8402,3302.8829,3270.0302,3267.2498
103007000,3303.1907,5424000,63289400,2823905600,36923045300,3271.8402,3303.1907,3270.0302,3267.2498
103011000,3303.3639,2373800,33983900,2826279400,36957029200,3271.8402,3303.3639,3270.0302,3267.2498
103017000,3304.0496,4457900,62267400,2830737300,37019296600,3271.8402,3304.0496,3270.0302,3267.2498
103022000,3304.0063,2437300,39256000,2833174600,37058552600,3271.8402,3304.0496,3270.0302,3267.2498
103026000,3304.3293,2343100,39571400,2835517700,37098124000,3271.8402,3304.3293,3270.0302,3267.2498
103032000,3304.8682,4707100,72679400,2840224800,37170803400,3271.8402,3304.8682,3270.0302,3267.2498
103037000,3304.6055,2899600,39507700,2843124400,37210311100,3271.8402,3304.9881,3270.0302,3267.2498
103041000,3304.65,1569100,38709300,2844693500,37249020400,3271.8402,3304.9881,3270.0302,3267.2498
103047000,3305.5436,4176800,67281900,2848870300,37316302300,3271.8402,3305.5436,3270.0302,3267.2498
103052000,3305.2714,2727700,34394700,2851598000,37350697000,3271.8402,3305.5436,3270.0302,3267.2498
103056000,3305.3576,3429400,45955000,2855027400,37396652000,3271.8402,3305.5436,3270.0302,3267.2498
103102000,3305.4176,5711000,57212600,2860738400,37453864600,3271.8402,3305.555,3270.0302,3267.2498
103107000,3305.8593,5522600,52924100,2866261000,37506788700,3271.8402,3305.8593,3270.0302,3267.2498
103111000,3305.2657,5664900,42543000,2871925900,37549331700,3271.8402,3306.0008,3270.0302,3267.2498
103117000,3305.5153,8743600,62484500,2880669500,37611816200,3271.8402,3306.0008,3270.0302,3267.2498
103122000,3305.7023,2279000,28710400,2882948500,37640526600,3271.8402,3306.0008,3270.0302,3267.2498
103127000,3305.5962,2554900,35191700,2885503400,37675718300,3271.8402,3306.0008,3270.0302,3267.2498
103132000,3305.4272,3785200,44872700,2889288600,37720591000,3271.8402,3306.0008,3270.0302,3267.2498
103137000,3305.6755,4867500,41957100,2894156100,37762548100,3271.8402,3306.0008,3270.0302,3267.2498
103141000,3305.3028,3091600,26112800,2897247700,37788660900,3271.8402,3306.0008,3270.0302,3267.2498
103147000,3305.5527,3723700,49155900,2900971400,37837816800,3271.8402,3306.0008,3270.0302,3267.2498
103153000,3305.1881,4528100,39697300,2905499500,37877514100,3271.8402,3306.0008,3270.0302,3267.2498
103158000,3305.13,2155400,28148900,2907654900,37905663000,3271.8402,3306.0008,3270.0302,3267.2498
103202000,3304.9982,2121100,27624000,2909776000,37933287000,3271.8402,3306.0008,3270.0302,3267.2498
103208000,3305.0479,2759900,38944200,2912535900,37972231200,3271.8402,3306.0008,3270.0302,3267.2498
103213000,3304.86,3009700,39798000,2915545600,38012029200,3271.8402,3306.0008,3270.0302,3267.2498
103217000,3304.2546,1468500,20197100,2917014100,38032226300,3271.8402,3306.0008,3270.0302,3267.2498
103223000,3304.2338,2924800,35624000,2919938900,38067850300,3271.8402,3306.0008,3270.0302,3267.2498
103228000,3303.8207,3070200,29377600,2923009100,38097227900,3271.8402,3306.0008,3270.0302,3267.2498
103232000,3303.72,3297800,40313900,2926306900,38137541800,3271.8402,3306.0008,3270.0302,3267.2498
103238000,3303.9736,2546600,36199600,2928853500,38173741400,3271.8402,3306.0008,3270.0302,3267.2498
103243000,3303.0611,2586200,32813600,2931439700,38206555000,3271.8402,3306.0008,3270.0302,3267.2498
103247000,3303.4014,1599900,26637900,2933039600,38233192900,3271.8402,3306.0008,3270.0302,3267.2498
103253000,3303.3048,2906400,35460300,2935946000,38268653200,3271.8402,3306.0008,3270.0302,3267.2498
103258000,3303.8254,1579200,19267000,2937525200,38287920200,3271.8402,3306.0008,3270.0302,3267.2498
103302000,3303.6485,2126200,30768600,2939651400,38318688800,3271.8402,3306.0008,3270.0302,3267.2498
103308000,3303.7701,2380800,31635600,2942032200,38350324400,3271.8402,3306.0008,3270.0302,3267.2498
103313000,3304.1814,2952200,27242400,2944984400,38377566800,3271.8402,3306.0008,3270.0302,3267.2498
103317000,3304.4573,1929700,22344100,2946914100,38399910900,3271.8402,3306.0008,3270.0302,3267.2498
103323000,3304.4931,2870400,47796000,2949784500,38447706900,3271.8402,3306.0008,3270.0302,3267.2498
103328000,3304.7113,1727900,20645600,2951512400,38468352500,3271.8402,3306.0008,3270.0302,3267.2498
103332000,3304.7151,1625600,25421500,2953138000,38493774000,3271.8402,3306.0008,3270.0302,3267.2498
103338000,3304.7928,1574400,24732800,2954712400,38518506800,3271.8402,3306.0008,3270.0302,3267.2498
103343000,3304.9725,2375700,29231300,2957088100,38547738100,3271.8402,3306.0008,3270.0302,3267.2498
103347000,3305.177,1193900,18983700,2958282000,38566721800,3271.8402,3306.0008,3270.0302,3267.2498
103353000,3305.0852,3033700,30145400,2961315700,38596867200,3271.8402,3306.0008,3270.0302,3267.2498
103358000,3304.7487,1913300,24328900,2963229000,38621196100,3271.8402,3306.0008,3270.0302,3267.2498
103402000,3304.8888,2870500,30656500,2966099500,38651852600,3271.8402,3306.0008,3270.0302,3267.2498
103408000,3304.7053,1937600,33338400,2968037100,38685191000,3271.8402,3306.0008,3270.0302,3267.2498
103413000,3304.8754,2032000,30229500,2970069100,38715420500,3271.8402,3306.0008,3270.0302,3267.2498
103417000,3305.1586,4199500,33744000,2974268600,38749164500,3271.8402,3306.0008,3270.0302,3267.2498
103423000,3304.3599,5143500,44512300,2979412100,38793676800,3271.8402,3306.0008,3270.0302,3267.2498
103428000,3304.4145,4596500,36152000,2984008600,38829828800,3271.8402,3306.0008,3270.0302,3267.2498
103432000,3304.5283,3144900,34442900,2987153500,38864271700,3271.8402,3306.0008,3270.0302,3267.2498
103438000,3304.5049,2608100,29736800,2989761600,38894008500,3271.8402,3306.0008,3270.0302,3267.2498
103443000,3303.9792,3587100,42041600,2993348700,38936050100,3271.8402,3306.0008,3270.0302,3267.2498
103447000,3303.9956,3114200,35226800,2996462900,38971276900,3271.8402,3306.0008,3270.0302,3267.2498
103453000,3303.8368,3070900,40058300,2999533800,39011335200,3271.8402,3306.0008,3270.0302,3267.2498
103458000,3303.982,2664500,28705100,3002198300,39040040300,3271.8402,3306.0008,3270.0302,3267.2498
103502000,3304.3669,3423600,36479200,3005621900,39076519500,3271.8402,3306.0008,3270.0302,3267.2498
103508000,3303.8731,2158400,29481200,3007780300,39106000700,3271.8402,3306.0008,3270.0302,3267.2498
103513000,3303.9484,2912200,33938000,3010692500,39139938700,3271.8402,3306.0008,3270.0302,3267.2498
103517000,3304.2533,998200,14402400,3011690700,39154341100,3271.8402,3306.0008,3270.0302,3267.2498
103523000,3304.4013,1722800,27516500,3013413500,39181857600,3271.8402,3306.0008,3270.0302,3267.2498
103528000,3304.5413,1136400,14491200,3014549900,39196348800,3271.8402,3306.0008,3270.0302,3267.2498
103533000,3304.245,1364000,22954800,3015913900,39219303600,3271.8402,3306.0008,3270.0302,3267.2498
103538000,3304.393,1736400,24638400,3017650300,39243942000,3271.8402,3306.0008,3270.0302,3267.2498
103543000,3304.1295,1592500,26382600,3019242800,39270324600,3271.8402,3306.0008,3270.0302,3267.2498
103547000,3304.1987,1468900,22853400,3020711700,39293178000,3271.8402,3306.0008,3270.0302,3267.2498
103553000,3304.6041,2789400,29711300,3023501100,39322889300,3271.8402,3306.0008,3270.0302,3267.2498
103558000,3304.227,1603600,17298000,3025104700,39340187300,3271.8402,3306.0008,3270.0302,3267.2498
103604000,3305.4692,3509500,43635200,3028614200,39383822500,3271.8402,3306.0008,3270.0302,3267.2498
103608000,3305.4099,1649400,24984000,3030263600,39408806500,3271.8402,3306.0008,3270.0302,3267.2498
103614000,3305.2143,2132100,37673800,3032395700,39446480300,3271.8402,3306.0008,3270.0302,3267.2498
103619000,3305.4183,1326900,17012100,3033722600,39463492400,3271.8402,3306.0008,3270.0302,3267.2498
103623000,3305.5792,1019000,17924600,3034741600,39481417000,3271.8402,3306.0008,3270.0302,3267.2498
103629000,3305.4552,1458800,20356100,3036200400,39501773100,3271.8402,3306.0008,3270.0302,3267.2498
103634000,3305.7956,1517400,20457400,3037717800,39522230500,3271.8402,3306.0008,3270.0302,3267.2498
103638000,3305.6061,2113200,31168000,3039831000,39553398500,3271.8402,3306.0008,3270.0302,3267.2498
103644000,3305.7846,2213300,34725800,3042044300,39588124300,3271.8402,3306.0008,3270.0302,3267.2498
103649000,3305.8705,2608100,40031500,3044652400,39628155800,3271.8402,3306.0008,3270.0302,3267.2498
103653000,3306.037,1616300,16264800,3046268700,39644420600,3271.8402,3306.037,3270.0302,3267.2498
103659000,3306.1965,2972200,42379600,3049240900,39686800200,3271.8402,3306.1965,3270.0302,3267.2498
103704000,3306.3508,2374500,30815000,3051615400,39717615200,3271.8402,3306.3508,3270.0302,3267.2498
103708000,3306.2902,2187700,28330900,3053803100,39745946100,3271.8402,3306.4083,3270.0302,3267.2498
103714000,3306.3857,2446600,31707800,3056249700,39777653900,3271.8402,3306.4083,3270.0302,3267.2498
103719000,3306.4101,2746500,34607500,3058996200,39812261400,3271.8402,3306.6554,3270.0302,3267.2498
103723000,3306.2979,1236700,17299900,3060232900,39829561300,3271.8402,3306.6554,3270.0302,3267.2498
103729000,3307.0009,2203500,25905100,3062436400,39855466400,3271.8402,3307.1663,3270.0302,3267.2498
103734000,3306.7617,1711500,27400400,3064147900,39882866800,3271.8402,3307.1663,3270.0302,3267.2498
103739000,3306.7317,1533700,21955300,3065681600,39904822100,3271.8402,3307.1663,3270.0302,3267.2498
103744000,3306.6169,2603800,33440600,3068285400,39938262700,3271.8402,3307.1663,3270.0302,3267.2498
103749000,3306.533,2164000,26679600,3070449400,39964942300,3271.8402,3307.1663,3270.0302,3267.2498
103753000,3306.8941,834700,14779900,3071284100,39979722200,3271.8402,3307.1663,3270.0302,3267.2498
103759000,3306.7304,2070800,29943100,3073354900,40009665300,3271.8402,3307.1663,3270.0302,3267.2498
103804000,3306.6147,1852800,25006800,3075207700,40034672100,3271.8402,3307.1663,3270.0302,3267.2498
103808000,3307.0312,1261300,20569500,3076469000,40055241600,3271.8402,3307.1663,3270.0302,3267.2498
103814000,3307.0325,1637500,20824400,3078106500,40076066000,3271.8402,3307.1663,3270.0302,3267.2498
103819000,3307.061,1732100,26525700,3079838600,40102591700,3271.8402,3307.3386,3270.0302,3267.2498
103823000,3307.2266,1179000,18065000,3081017600,40120656700,3271.8402,3307.3386,3270.0302,3267.2498
103829000,3307.15,2115200,27399000,3083132800,40148055700,3271.8402,3307.3386,3270.0302,3267.2498
103834000,3306.9492,1407100,18760700,3084539900,40166816400,3271.8402,3307.3386,3270.0302,3267.2498
103839000,3306.9899,1306600,20838100,3085846500,40187654500,3271.8402,3307.3386,3270.0302,3267.2498
103844000,3307.2087,2181400,36984800,3088027900,40224639300,3271.8402,3307.3386,3270.0302,3267.2498
103849000,3307.4479,2192000,33529700,3090219900,40258169000,3271.8402,3307.4479,3270.0302,3267.2498
103853000,3307.4412,2565100,33321300,3092785000,40291490300,3271.8402,3307.4479,3270.0302,3267.2498
103859000,3307.1539,2598300,31478700,3095383300,40322969000,3271.8402,3307.4479,3270.0302,3267.2498
103904000,3306.9482,1714100,21166700,3097097400,40344135700,3271.8402,3307.4479,3270.0302,3267.2498
103908000,3307.1014,1699300,35810100,3098796700,40379945800,3271.8402,3307.4479,3270.0302,3267.2498
103914000,3307.0986,1854200,27984100,3100650900,40407929900,3271.8402,3307.4479,3270.0302,3267.2498
103919000,3307.1581,1963100,28014100,3102614000,40435944000,3271.8402,3307.4479,3270.0302,3267.2498
103923000,3307.1651,1039300,18325700,3103653300,40454269700,3271.8402,3307.4479,3270.0302,3267.2498
103929000,3307.1534,2082200,35152800,3105735500,40489422500,3271.8402,3307.4479,3270.0302,3267.2498
103934000,3306.075,1853500,23185700,3107589000,40512608200,3271.8402,3307.4479,3270.0302,3267.2498
103939000,3306.4519,1549000,26179600,3109138000,40538787800,3271.8402,3307.4479,3270.0302,3267.2498
103944000,3306.0763,3077100,44390800,3112215100,40583178600,3271.8402,3307.4479,3270.0302,3267.2498
103949000,3305.2995,2571600,37237200,3114786700,40620415800,3271.8402,3307.4479,3270.0302,3267.2498
103953000,3306.1817,1262200,19782800,3116048900,40640198600,3271.8402,3307.4479,3270.0302,3267.2498
103959000,3305.6097,2754100,36607800,3118803000,40676806400,3271.8402,3307.4479,3270.0302,3267.2498
104004000,3305.5168,3086600,35586100,3121889600,40712392500,3271.8402,3307.4479,3270.0302,3267.2498
104009000,3305.2515,1655700,28564600,3123545300,40740957100,3271.8402,3307.4479,3270.0302,3267.2498
104014000,3305.3489,1977400,28740000,3125522700,40769697100,3271.8402,3307.4479,3270.0302,3267.2498
104019000,3305.5803,2343200,25890200,3127865900,40795587300,3271.8402,3307.4479,3270.0302,3267.2498
104023000,3305.442,1095500,17741900,3128961400,40813329200,3271.8402,3307.4479,3270.0302,3267.2498
104029000,3305.5637,2648500,33497400,3131609900,40846826600,3271.8402,3307.4479,3270.0302,3267.2498
104035000,3305.4668,2603900,32209700,3134213800,40879036300,3271.8402,3307.4479,3270.0302,3267.2498
104040000,3305.6764,1084600,14673700,3135298400,40893710000,3271.8402,3307.4479,3270.0302,3267.2498
104044000,3305.5218,1846700,29088600,3137145100,40922798600,3271.8402,3307.4479,3270.0302,3267.2498
104050000,3305.326,1998300,26370400,3139143400,40949169000,3271.8402,3307.4479,3270.0302,3267.2498
104055000,3305.6547,1507200,19117700,3140650600,40968286700,3271.8402,3307.4479,3270.0302,3267.2498
104059000,3305.3319,1236400,12816200,3141887000,40981102900,3271.8402,3307.4479,3270.0302,3267.2498
104105000,3305.4037,2535000,31784300,3144422000,41012887200,3271.8402,3307.4479,3270.0302,3267.2498
104110000,3305.9683,2232200,22458100,3146654200,41035345300,3271.8402,3307.4479,3270.0302,3267.2498
104114000,3305.8414,2082200,24964200,3148736400,41060309500,3271.8402,3307.4479,3270.0302,3267.2498
104120000,3306.2727,3404900,39560400,3152141300,41099869900,3271.8402,3307.4479,3270.0302,3267.2498
104125000,3306.6819,2512600,35436600,3154653900,41135306500,3271.8402,3307.4479,3270.0302,3267.2498
104129000,3306.8595,1679100,18413500,3156333000,41153720000,3271.8402,3307.4479,3270.0302,3267.2498
104135000,3306.2631,2972200,34242900,3159305200,41187962900,3271.8402,3307.4479,3270.0302,3267.2498
104140000,3306.5316,1801900,26866500,3161107100,41214829400,3271.8402,3307.4479,3270.0302,3267.2498
104144000,3306.8383,1555500,24793800,3162662600,41239623200,3271.8402,3307.4479,3270.0302,3267.2498
104150000,3306.5775,1531400,25669600,3164194000,41265292800,3271.8402,3307.4479,3270.0302,3267.2498
104155000,3306.9323,2616700,32600900,3166810700,41297893700,3271.8402,3307.4479,3270.0302,3267.2498
104159000,3307.1544,1253300,25054100,3168064000,41322947800,3271.8402,3307.4479,3270.0302,3267.2498
104205000,3307.354,3318800,40016200,3171382800,41362964000,3271.8402,3307.4479,3270.0302,3267.2498
104210000,3307.9011,1697000,26062700,3173079800,41389026700,3271.8402,3307.9011,3270.0302,3267.2498
104214000,3308.0741,2754600,45297400,3175834400,41434324100,3271.8402,3308.1442,3270.0302,3267.2498
104220000,3308.2657,2347200,36792500,3178181600,41471116600,3271.8402,3308.2657,3270.0302,3267.2498
104225000,3308.2618,4784600,44873500,3182966200,41515990100,3271.8402,3308.3708,3270.0302,3267.2498
104229000,3308.2024,3330100,35645400,3186296300,41551635500,3271.8402,3308.4276,3270.0302,3267.2498
104235000,3307.9281,3356600,46025900,3189652900,41597661400,3271.8402,3308.4276,3270.0302,3267.2498
104240000,3308.3726,3968200,37738800,3193621100,41635400200,3271.8402,3308.4276,3270.0302,3267.2498
104244000,3308.511,2425700,38850800,3196046800,41674251000,3271.8402,3308.578,3270.0302,3267.2498
104250000,3308.5253,4597400,51376000,3200644200,41725627000,3271.8402,3308.6467,3270.0302,3267.2498
104255000,3308.6196,4851000,49346500,3205495200,41774973500,3271.8402,3308.6601,3270.0302,3267.2498
104259000,3308.9583,2156600,33046700,3207651800,41808020200,3271.8402,3308.9583,3270.0302,3267.2498
104305000,3309.4874,4389000,67962600,3212040800,41875982800,3271.8402,3309.4874,3270.0302,3267.2498
104310000,3310.2497,3654300,42921100,3215695100,41918903900,3271.8402,3310.2497,3270.0302,3267.2498
104314000,3309.553,4110200,42484100,3219805300,41961388000,3271.8402,3310.2497,3270.0302,3267.2498
104320000,3309.9961,3267100,45244900,3223072400,42006632900,3271.8402,3310.2497,3270.0302,3267.2498
104325000,3309.8547,3007700,38135100,3226080100,42044768000,3271.8402,3310.2497,3270.0302,3267.2498
104329000,3310.4019,2280500,36085000,3228360600,42080853000,3271.8402,3310.4019,3270.0302,3267.2498
104335000,3310.6079,6825500,55139300,3235186100,42135992300,3271.8402,3310.6079,3270.0302,3267.2498
104340000,3310.7981,3479500,34595900,3238665600,42170588200,3271.8402,3310.8575,3270.0302,3267.2498
104345000,3310.8228,2101400,30081300,3240767000,42200669500,3271.8402,3311.0193,3270.0302,3267.2498
104350000,3310.8362,4890800,50970100,3245657800,42251639600,3271.8402,3311.0193,3270.0302,3267.2498
104355000,3311.1016,3248400,34543200,3248906200,42286182800,3271.8402,3311.3378,3270.0302,3267.2498
104359000,3310.9912,2050700,34560700,3250956900,42320743500,3271.8402,3311.3378,3270.0302,3267.2498
104405000,3310.9846,3561500,49673800,3254518400,42370417300,3271.8402,3311.3378,3270.0302,3267.2498
104410000,3311.2758,2363300,29456300,3256881700,42399873600,3271.8402,3311.3378,3270.0302,3267.2498
104414000,3311.0265,2662400,33303500,3259544100,42433177100,3271.8402,3311.3378,3270.0302,3267.2498
104420000,3310.8804,3712800,42580900,3263256900,42475758000,3271.8402,3311.3378,3270.0302,3267.2498
104425000,3310.6398,4974300,59184900,3268231200,42534942900,3271.8402,3311.3378,3270.0302,3267.2498
104429000,3310.5126,2208300,29096200,3270439500,42564039100,3271.8402,3311.3378,3270.0302,3267.2498
104435000,3310.3686,3895900,48014400,3274335400,42612053500,3271.8402,3311.3378,3270.0302,3267.2498
104441000,3310.2276,3044000,40666500,3277379400,42652720000,3271.8402,3311.3378,3270.0302,3267.2498
104446000,3309.7121,2965400,32112100,3280344800,42684832100,3271.8402,3311.3378,3270.0302,3267.2498
104451000,3309.9847,2797100,40206200,3283141900,42725038300,3271.8402,3311.3378,3270.0302,3267.2498
104456000,3309.7386,3903000,44249700,3287044900,42769288000,3271.8402,3311.3378,3270.0302,3267.2498
104501000,3309.9164,2964200,42774500,3290009100,42812062500,3271.8402,3311.3378,3270.0302,3267.2498
104505000,3310.0146,1665500,24127000,3291674600,42836189500,3271.8402,3311.3378,3270.0302,3267.2498
104511000,3309.8968,2467800,34323500,3294142400,42870513000,3271.8402,3311.3378,3270.0302,3267.2498
104516000,3309.7263,2312500,27562900,3296454900,42898075900,3271.8402,3311.3378,3270.0302,3267.2498
104520000,3309.458,3111700,34061600,3299566600,42932137500,3271.8402,3311.3378,3270.0302,3267.2498
104526000,3309.8609,3528700,46478400,3303095300,42978615900,3271.8402,3311.3378,3270.0302,3267.2498
104531000,3310.015,2259800,33425100,3305355100,43012041000,3271.8402,3311.3378,3270.0302,3267.2498
104535000,3309.8986,1505500,23780800,3306860600,43035821800,3271.8402,3311.3378,3270.0302,3267.2498
104541000,3309.7445,2785300,39865300,3309645900,43075687100,3271.8402,3311.3378,3270.0302,3267.2498
104546000,3309.6089,1844500,25351100,3311490400,43101038200,3271.8402,3311.3378,3270.0302,3267.2498
104550000,3309.4661,2137600,30404700,3313628000,43131442900,3271.8402,3311.3378,3270.0302,3267.2498
104556000,3309.8885,3569900,49555100,3317197900,43180998000,3271.8402,3311.3378,3270.0302,3267.2498
104601000,3309.891,3170500,39050300,3320368400,43220048300,3271.8402,3311.3378,3270.0302,3267.2498
104605000,3310.1613,2441900,30024700,3322810300,43250073000,3271.8402,3311.3378,3270.0302,3267.2498
104611000,3310.7591,3323900,52741300,3326134200,43302814300,3271.8402,3311.3378,3270.0302,3267.2498
104616000,3310.5542,2798900,36292300,3328933100,43339106600,3271.8402,3311.3378,3270.0302,3267.2498
104620000,3310.6635,2143500,31330700,3331076600,43370437300,3271.8402,3311.3378,3270.0302,3267.2498
104626000,3310.8866,3711800,47042200,3334788400,43417479500,3271.8402,3311.3378,3270.0302,3267.2498
104631000,3310.8475,3492000,45762700,3338280400,43463242200,3271.8402,3311.3378,3270.0302,3267.2498
104635000,3311.4997,2106600,26647300,3340387000,43489889500,3271.8402,3311.4997,3270.0302,3267.2498
104641000,3311.738,2964000,38333500,3343351000,43528223000,3271.8402,3311.738,3270.0302,3267.2498
104646000,3311.7671,2291700,26313600,3345642700,43554536600,3271.8402,3311.8451,3270.0302,3267.2498
104651000,3311.6268,1662800,29277600,3347305500,43583814200,3271.8402,3311.8451,3270.0302,3267.2498
104656000,3312.1358,3581400,52804800,3350886900,43636619000,3271.8402,3312.1358,3270.0302,3267.2498
104701000,3311.9407,3081500,51068900,3353968400,43687687900,3271.8402,3312.1358,3270.0302,3267.2498
104705000,3311.8615,1863700,27729600,3355832100,43715417500,3271.8402,3312.1358,3270.0302,3267.2498
104711000,3312.4556,3341700,46631600,3359173800,43762049100,3271.8402,3312.4556,3270.0302,3267.2498
104716000,3312.3561,2737700,40067500,3361911500,43802116600,3271.8402,3312.7655,3270.0302,3267.2498
104720000,3312.1309,2612200,33194200,3364523700,43835310800,3271.8402,3312.7655,3270.0302,3267.2498
104726000,3311.9396,3524500,38381800,3368048200,43873692600,3271.8402,3312.7655,3270.0302,3267.2498
104731000,3312.2116,2931300,45876400,3370979500,43919569000,3271.8402,3312.7655,3270.0302,3267.2498
104735000,3312.4861,1551600,20479400,3372531100,43940048400,3271.8402,3312.7655,3270.0302,3267.2498
104741000,3312.8677,2970700,37430800,3375501800,43977479200,3271.8402,3312.8677,3270.0302,3267.2498
104746000,3312.1995,1920600,23917300,3377422400,44001396500,3271.8402,3312.8677,3270.0302,3267.2498
104750000,3312.1153,2197900,29996000,3379620300,44031392500,3271.8402,3312.8677,3270.0302,3267.2498
104756000,3312.1978,3299900,43354900,3382920200,44074747400,3271.8402,3312.8677,3270.0302,3267.2498
104801000,3312.3942,2398600,29589500,3385318800,44104336900,3271.8402,3312.8677,3270.0302,3267.2498
104805000,3312.156,1510700,16268300,3386829500,44120605200,3271.8402,3312.8677,3270.0302,3267.2498
104811000,3312.4335,2647600,33565900,3389477100,44154171100,3271.8402,3312.8677,3270.0302,3267.2498
104816000,3312.1583,2234200,27946200,3391711300,44182117300,3271.8402,3312.8677,3270.0302,3267.2498
104820000,3312.2875,2212000,29293200,3393923300,44211410500,3271.8402,3312.8677,3270.0302,3267.2498
104826000,3312.3483,3616500,40271500,3397539800,44251682000,3271.8402,3312.8677,3270.0302,3267.2498
104831000,3312.1404,2881200,41468300,3400421000,44293150300,3271.8402,3312.8677,3270.0302,3267.2498
104835000,3312.5021,1574000,24606600,3401995000,44317756900,3271.8402,3312.8677,3270.0302,3267.2498
104841000,3313.3234,3320600,41466100,3405315600,44359223000,3271.8402,3313.4014,3270.0302,3267.2498
104846000,3313.8084,2279000,28818700,3407594600,44388041700,3271.8402,3313.8084,3270.0302,3267.2498
104850000,3313.638,1967200,28955600,3409561800,44416997300,3271.8402,3313.8084,3270.0302,3267.2498
104856000,3314.1663,3365500,51832400,3412927300,44468829700,3271.8402,3314.1663,3270.0302,3267.2498
104902000,3314.6331,3938600,61762200,3416865900,44530591900,3271.8402,3315.03,3270.0302,3267.2498
104907000,3314.2186,3322800,50954800,3420188700,44581546700,3271.8402,3315.03,3270.0302,3267.2498
104911000,3314.816,1743800,19327100,3421932500,44600873800,3271.8402,3315.03,3270.0302,3267.2498
104917000,3314.6227,4438800,52946500,3426371300,44653820300,3271.8402,3315.03,3270.0302,3267.2498
104922000,3314.8743,2132600,29626700,3428503900,44683447000,3271.8402,3315.03,3270.0302,3267.2498
104927000,3314.7235,2114000,29287500,3430617900,44712734500,3271.8402,3315.0405,3270.0302,3267.2498
104932000,3315.0814,3339100,42743900,3433957000,44755478400,3271.8402,3315.0814,3270.0302,3267.2498
104937000,3314.7074,3162500,41802000,3437119500,44797280400,3271.8402,3315.0814,3270.0302,3267.2498
104941000,3315.1714,1645100,22777500,3438764600,44820057900,3271.8402,3315.1714,3270.0302,3267.2498
104947000,3315.2606,2750500,38888800,3441515100,44858946700,3271.8402,3315.3569,3270.0302,3267.2498
104952000,3315.2537,2600900,27217800,3444116000,44886164500,3271.8402,3315.3569,3270.0302,3267.2498
104956000,3315.2479,4427500,40799000,3448543500,44926963500,3271.8402,3315.3982,3270.0302,3267.2498
105002000,3315.0147,3569200,50872100,3452112700,44977835600,3271.8402,3315.3982,3270.0302,3267.2498
105007000,3315.4368,4160400,43004300,3456273100,45020839900,3271.8402,3315.6825,3270.0302,3267.2498
105011000,3315.6399,4317000,42379000,3460590100,45063218900,3271.8402,3315.6825,3270.0302,3267.2498
105017000,3315.3308,2847800,38202900,3463437900,45101421800,3271.8402,3315.6825,3270.0302,3267.2498
105022000,3315.7486,1791900,24218300,3465229800,45125640100,3271.8402,3315.782,3270.0302,3267.2498
105026000,3315.5615,2981500,33082900,3468211300,45158723000,3271.8402,3315.8386,3270.0302,3267.2498
105032000,3316.0085,4064700,42925900,3472276000,45201648900,3271.8402,3316.0417,3270.0302,3267.2498
105037000,3315.8131,2765200,38432300,3475041200,45240081200,3271.8402,3316.0417,3270.0302,3267.2498
105041000,3316.3214,1644000,19770300,3476685200,45259851500,3271.8402,3316.3214,3270.0302,3267.2498
105047000,3316.0109,3260000,40980700,3479945200,45300832200,3271.8402,3316.3214,3270.0302,3267.2498
105052000,3315.9284,2832900,34041000,3482778100,45334873200,3271.8402,3316.3214,3270.0302,3267.2498
105056000,3316.1169,3029500,40438800,3485807600,45375312000,3271.8402,3316.3214,3270.0302,3267.2498
105102000,3316.4406,3566700,43529300,3489374300,45418841300,3271.8402,3316.4406,3270.0302,3267.2498
105107000,3316.6316,3619600,52869600,3492993900,45471710900,3271.8402,3316.6316,3270.0302,3267.2498
105111000,3316.9591,1782500,28460300,3494776400,45500171200,3271.8402,3316.9591,3270.0302,3267.2498
105117000,3317.1636,3244600,43919700,3498021000,45544090900,3271.8402,3317.1636,3270.0302,3267.2498
105122000,3317.3678,3693900,33278200,3501714900,45577369100,3271.8402,3317.3856,3270.0302,3267.2498
105127000,3317.1813,2756900,37316700,3504471800,45614685800,3271.8402,3317.3856,3270.0302,3267.2498
105132000,3316.9025,3843900,51580600,3508315700,45666266400,3271.8402,3317.3856,3270.0302,3267.2498
105137000,3316.8364,3734000,49286800,3512049700,45715553200,3271.8402,3317.3856,3270.0302,3267.2498
105141000,3317.398,2240900,32093600,3514290600,45747646800,3271.8402,3317.398,3270.0302,3267.2498
105147000,3317.2967,5682300,68821500,3519972900,45816468300,3271.8402,3317.5495,3270.0302,3267.2498
105152000,3317.7476,4090500,46458900,3524063400,45862927200,3271.8402,3317.9913,3270.0302,3267.2498
105156000,3317.8629,2799400,38452800,3526862800,45901380000,3271.8402,3317.9913,3270.0302,3267.2498
105202000,3318.2174,3699400,51790800,3530562200,45953170800,3271.8402,3318.2315,3270.0302,3267.2498
105207000,3318.228,3421800,45596300,3533984000,45998767100,3271.8402,3318.3184,3270.0302,3267.2498
105211000,3318.3954,1500200,23990700,3535484200,46022757800,3271.8402,3318.3954,3270.0302,3267.2498
105217000,3318.3083,2419100,38645600,3537903300,46061403400,3271.8402,3318.431,3270.0302,3267.2498
105222000,3318.1795,3664400,44649900,3541567700,46106053300,3271.8402,3318.431,3270.0302,3267.2498
105226000,3318.2009,2653600,45915700,3544221300,46151969000,3271.8402,3318.431,3270.0302,3267.2498
105232000,3318.3119,3169100,46777800,3547390400,46198746800,3271.8402,3318.468,3270.0302,3267.2498
105237000,3317.9599,4234500,51948800,3551624900,46250695600,3271.8402,3318.468,3270.0302,3267.2498
105241000,3318.4828,2501900,25309000,3554126800,46276004600,3271.8402,3318.4828,3270.0302,3267.2498
105247000,3318.5041,2298100,41278200,3556424900,46317282800,3271.8402,3318.5345,3270.0302,3267.2498
105252000,3318.5696,3801700,39474600,3560226600,46356757400,3271.8402,3318.8306,3270.0302,3267.2498
105256000,3318.8016,2948300,33063200,3563174900,46389820600,3271.8402,3318.8306,3270.0302,3267.2498
105302000,3318.8837,4770100,51372900,3567945000,46441193500,3271.8402,3318.8837,3270.0302,3267.2498
105307000,3318.7159,3923100,43951600,3571868100,46485145100,3271.8402,3319.2893,3270.0302,3267.2498
105313000,3318.9672,5356200,51475200,3577224300,46536620300,3271.8402,3319.2893,3270.0302,3267.2498
105317000,3318.7067,1623300,24108200,3578847600,46560728500,3271.8402,3319.2893,3270.0302,3267.2498
105323000,3318.2883,3103900,39074200,3581951500,46599802700,3271.8402,3319.2893,3270.0302,3267.2498
105328000,3318.5275,2862900,33127800,3584814400,46632930500,3271.8402,3319.2893,3270.0302,3267.2498
105333000,3318.4986,2268000,39161400,3587082400,46672091900,3271.8402,3319.2893,3270.0302,3267.2498
105338000,3318.5451,4849400,55039600,3591931800,46727131500,3271.8402,3319.2893,3270.0302,3267.2498
105343000,3318.3398,3577000,41189700,3595508800,46768321200,3271.8402,3319.2893,3270.0302,3267.2498
105347000,3317.9996,2844500,26076700,3598353300,46794397900,3271.8402,3319.2893,3270.0302,3267.2498
105353000,3318.3054,2824000,36437700,3601177300,46830835600,3271.8402,3319.2893,3270.0302,3267.2498
105358000,3318.1165,2971100,34331000,3604148400,46865166600,3271.8402,3319.2893,3270.0302,3267.2498
105402000,3318.0068,2401300,36450400,3606549700,46901617000,3271.8402,3319.2893,3270.0302,3267.2498
105408000,3318.0801,3944900,53244400,3610494600,46954861400,3271.8402,3319.2893,3270.0302,3267.2498
105413000,3318.2245,6549600,52922800,3617044200,47007784200,3271.8402,3319.2893,3270.0302,3267.2498
105417000,3318.5462,1712900,20576000,3618757100,47028360200,3271.8402,3319.2893,3270.0302,3267.2498
105423000,3318.4114,4474100,48077900,3623231200,47076438100,3271.8402,3319.2893,3270.0302,3267.2498
105428000,3318.4919,4935500,36871900,3628166700,47113310000,3271.8402,3319.2893,3270.0302,3267.2498
105433000,3318.4882,5909400,41288200,3634076100,47154598200,3271.8402,3319.2893,3270.0302,3267.2498
105438000,3318.2378,2788600,34463500,3636864700,47189061700,3271.8402,3319.2893,3270.0302,3267.2498
105443000,3318.7441,2721400,39454600,3639586100,47228516300,3271.8402,3319.2893,3270.0302,3267.2498
105447000,3318.4696,1593200,28922000,3641179300,47257438300,3271.8402,3319.2893,3270.0302,3267.2498
105453000,3318.7703,3215700,35890100,3644395000,47293328400,3271.8402,3319.2893,3270.0302,3267.2498
105458000,3318.705,2264000,27676900,3646659000,47321005300,3271.8402,3319.2893,3270.0302,3267.2498
105502000,3318.8586,2243000,32200000,3648902000,47353205300,3271.8402,3319.2893,3270.0302,3267.2498
105508000,3318.4813,2699500,39394000,3651601500,47392599300,3271.8402,3319.2893,3270.0302,3267.2498
105513000,3318.5545,2633700,35877000,3654235200,47428476300,3271.8402,3319.2893,3270.0302,3267.2498
105517000,3318.5064,1393900,20783600,3655629100,47449259900,3271.8402,3319.2893,3270.0302,3267.2498
105523000,3318.4381,2289900,32021800,3657919000,47481281700,3271.8402,3319.2893,3270.0302,3267.2498
105528000,3318.363,2334000,25880500,3660253000,47507162200,3271.8402,3319.2893,3270.0302,3267.2498
105532000,3318.1226,1961400,35443000,3662214400,47542605200,3271.8402,3319.2893,3270.0302,3267.2498
105538000,3318.2759,3268000,47113900,3665482400,47589719100,3271.8402,3319.2893,3270.0302,3267.2498
105543000,3318.3741,2248200,28843100,3667730600,47618562200,3271.8402,3319.2893,3270.0302,3267.2498
105547000,3318.2534,1819100,30666300,3669549700,47649228500,3271.8402,3319.2893,3270.0302,3267.2498
105553000,3317.9931,2929200,39074500,3672478900,47688303000,3271.8402,3319.2893,3270.0302,3267.2498
105558000,3317.7794,2350600,29145000,3674829500,47717448000,3271.8402,3319.2893,3270.0302,3267.2498
105602000,3317.6137,1757900,24558100,3676587400,47742006100,3271.8402,3319.2893,3270.0302,3267.2498
105608000,3317.7356,3439900,40616200,3680027300,47782622300,3271.8402,3319.2893,3270.0302,3267.2498
105613000,3317.5449,2179100,25396400,3682206400,47808018700,3271.8402,3319.2893,3270.0302,3267.2498
105617000,3317.3975,1224500,18972300,3683430900,47826991000,3271.8402,3319.2893,3270.0302,3267.2498
105623000,3317.3477,2405500,37015300,3685836400,47864006300,3271.8402,3319.2893,3270.0302,3267.2498
105628000,3317.1612,2084100,31954600,3687920500,47895960900,3271.8402,3319.2893,3270.0302,3267.2498
105633000,3317.2909,2062700,28296700,3689983200,47924257600,3271.8402,3319.2893,3270.0302,3267.2498
105638000,3317.1181,3278900,38883700,3693262100,47963141300,3271.8402,3319.2893,3270.0302,3267.2498
105643000,3317.0747,3295100,30633400,3696557200,47993774700,3271.8402,3319.2893,3270.0302,3267.2498
105647000,3316.7404,1683000,18988400,3698240200,48012763100,3271.8402,3319.2893,3270.0302,3267.2498
105653000,3316.5246,5671800,41714300,3703912000,48054477400,3271.8402,3319.2893,3270.0302,3267.2498
105658000,3316.3776,2261200,24382100,3706173200,48078859500,3271.8402,3319.2893,3270.0302,3267.2498
105702000,3316.2399,4137000,37398900,3710310200,48116258400,3271.8402,3319.2893,3270.0302,3267.2498
105708000,3316.2792,3524500,36512000,3713834700,48152770400,3271.8402,3319.2893,3270.0302,3267.2498
105713000,3316.383,2593500,30687400,3716428200,48183457800,3271.8402,3319.2893,3270.0302,3267.2498
105717000,3316.3685,1486800,18212300,3717915000,48201670100,3271.8402,3319.2893,3270.0302,3267.2498
105723000,3316.5535,2202300,26115500,3720117300,48227785600,3271.8402,3319.2893,3270.0302,3267.2498
105728000,3316.1681,1996500,22898200,3722113800,48250683800,3271.8402,3319.2893,3270.0302,3267.2498
105733000,3316.3881,2283100,26613000,3724396900,48277296800,3271.8402,3319.2893,3270.0302,3267.2498
105739000,3316.5256,3585100,43081700,3727982000,48320378500,3271.8402,3319.2893,3270.0302,3267.2498
105744000,3317.5781,3832000,46764100,3731814000,48367142600,3271.8402,3319.2893,3270.0302,3267.2498
105749000,3317.4708,3799600,46444600,3735613600,48413587200,3271.8402,3319.2893,3270.0302,3267.2498
105753000,3317.7253,2841800,32263700,3738455400,48445850900,3271.8402,3319.2893,3270.0302,3267.2498
105759000,3318.1751,3500800,45181300,3741956200,48491032200,3271.8402,3319.2893,3270.0302,3267.2498
105804000,3318.7635,3667800,39857500,3745624000,48530889700,3271.8402,3319.2893,3270.0302,3267.2498
105809000,3318.9091,3077600,40062100,3748701600,48570951800,3271.8402,3319.2893,3270.0302,3267.2498
105814000,3318.4456,1988400,38083700,3750690000,48609035500,3271.8402,3319.2893,3270.0302,3267.2498
105819000,3318.1102,1810700,22365600,3752500700,48631401100,3271.8402,3319.2893,3270.0302,3267.2498
105823000,3318.3343,1631700,17042100,3754132400,48648443200,3271.8402,3319.2893,3270.0302,3267.2498
105829000,3318.3294,2943300,41715900,3757075700,48690159100,3271.8402,3319.2893,3270.0302,3267.2498
105834000,3319.0373,2435000,29898200,3759510700,48720057300,3271.8402,3319.2893,3270.0302,3267.2498
105839000,3318.696,1699800,38096500,3761210500,48758153800,3271.8402,3319.2893,3270.0302,3267.2498
105844000,3318.6177,2323200,45044100,3763533700,48803197900,3271.8402,3319.2893,3270.0302,3267.2498
105849000,3318.5782,2726300,33725600,3766260000,48836923500,3271.8402,3319.2893,3270.0302,3267.2498
105853000,3318.5742,2023500,44538500,3768283500,48881462000,3271.8402,3319.2893,3270.0302,3267.2498
105859000,3318.9018,2737000,39974200,3771020500,48921436200,3271.8402,3319.2893,3270.0302,3267.2498
105904000,3319.1102,2240000,28591300,3773260500,48950027500,3271.8402,3319.2893,3270.0302,3267.2498
105909000,3318.8873,3792400,44609100,3777052900,48994636600,3271.8402,3319.2893,3270.0302,3267.2498
105914000,3318.9445,1987100,38220300,3779040000,49032856900,3271.8402,3319.2893,3270.0302,3267.2498
105919000,3318.8119,2638300,30061000,3781678300,49062917900,3271.8402,3319.2893,3270.0302,3267.2498
105923000,3319.1038,1221100,22496500,3782899400,49085414400,3271.8402,3319.2893,3270.0302,3267.2498
105929000,3320.121,2343800,40201600,3785243200,49125616000,3271.8402,3320.121,3270.0302,3267.2498
105934000,3320.1307,2155800,25715400,3787399000,49151331400,3271.8402,3320.168,3270.0302,3267.2498
105938000,3320.4339,2675600,35137400,3790074600,49186468800,3271.8402,3320.5942,3270.0302,3267.2498
105944000,3320.1936,2997800,38207700,3793072400,49224676500,3271.8402,3320.5942,3270.0302,3267.2498
105949000,3320.519,2847400,40336000,3795919800,49265012500,3271.8402,3320.5942,3270.0302,3267.2498
105953000,3320.5554,2739700,32905200,3798659500,49297917700,3271.8402,3320.9111,3270.0302,3267.2498
105959000,3321.1698,5301800,55153400,3803961300,49353071100,3271.8402,3321.1698,3270.0302,3267.2498
110004000,3321.4957,4512200,47502600,3808473500,49400573700,3271.8402,3321.4957,3270.0302,3267.2498
110008000,3322.3808,6026400,70903500,3814499900,49471477200,3271.8402,3322.3808,3270.0302,3267.2498
110014000,3322.368,4605300,64430000,3819105200,49535907200,3271.8402,3322.5547,3270.0302,3267.2498
110019000,3322.3964,3117000,44235500,3822222200,49580142700,3271.8402,3322.5547,3270.0302,3267.2498
110023000,3322.6698,2373200,32769400,3824595400,49612912100,3271.8402,3322.6698,3270.0302,3267.2498
110029000,3323.526,5088800,67644800,3829684200,49680556900,3271.8402,3323.526,3270.0302,3267.2498
110034000,3323.5255,4168100,54452800,3833852300,49735009700,3271.8402,3323.526,3270.0302,3267.2498
110038000,3324.185,4380300,59250000,3838232600,49794259700,3271.8402,3324.185,3270.0302,3267.2498
110044000,3324.5102,4226100,69491600,3842458700,49863751300,3271.8402,3324.6101,3270.0302,3267.2498
110049000,3324.3944,4506300,70593500,3846965000,49934344800,3271.8402,3324.7272,3270.0302,3267.2498
110053000,3324.4091,3474500,42698400,3850439500,49977043200,3271.8402,3324.7272,3270.0302,3267.2498
110059000,3324.539,3885100,63192300,3854324600,50040235500,3271.8402,3324.7623,3270.0302,3267.2498
110104000,3324.9471,5049500,65510600,3859374100,50105746100,3271.8402,3324.9471,3270.0302,3267.2498
110109000,3326.1124,4504300,58628000,3863878400,50164374100,3271.8402,3326.1124,3270.0302,3267.2498
110114000,3326.2593,4980700,67942000,3868859100,50232316100,3271.8402,3326.2593,3270.0302,3267.2498
110119000,3326.8194,4577400,61288800,3873436500,50293604900,3271.8402,3326.8194,3270.0302,3267.2498
110123000,3326.7459,5211800,61115500,3878648300,50354720400,3271.8402,3326.8262,3270.0302,3267.2498
110129000,3326.8382,7239300,78164000,3885887600,50432884400,3271.8402,3326.9158,3270.0302,3267.2498
110134000,3327.4268,5268600,47067200,3891156200,50479951600,3271.8402,3327.4268,3270.0302,3267.2498
110138000,3327.7254,6166200,70358500,3897322400,50550310100,3271.8402,3327.7254,3270.0302,3267.2498
110144000,3328.2045,6602300,83055000,3903924700,50633365100,3271.8402,3328.3615,3270.0302,3267.2498
110150000,3328.5841,6503000,104955800,3910427700,50738320900,3271.8402,3328.5841,3270.0302,3267.2498
110153000,3328.3789,4225300,46842500,3914653000,50785163400,3271.8402,3328.5841,3270.0302,3267.2498
110159000,3328.6064,7488200,92399400,3922141200,50877562800,3271.8402,3328.7643,3270.0302,3267.2498
110205000,3329.0663,6915600,77687800,3929056800,50955250600,3271.8402,3329.0663,3270.0302,3267.2498
110210000,3329.2447,5295200,52696500,3934352000,51007947100,3271.8402,3329.2447,3270.0302,3267.2498
110214000,3329.0485,6867900,62732800,3941219900,51070679900,3271.8402,3329.2447,3270.0302,3267.2498
110220000,3328.9025,6325300,81937600,3947545200,51152617500,3271.8402,3329.2447,3270.0302,3267.2498
110225000,3329.0053,4135800,55751500,3951681000,51208369000,3271.8402,3329.2447,3270.0302,3267.2498
110229000,3328.5033,2798600,42430400,3954479600,51250799400,3271.8402,3329.2447,3270.0302,3267.2498
110235000,3328.4849,4855300,62695300,3959334900,51313494700,3271.8402,3329.2447,3270.0302,3267.2498
110240000,3328.4424,2874500,34668800,3962209400,51348163500,3271.8402,3329.2447,3270.0302,3267.2498
110244000,3328.7002,3284400,46455100,3965493800,51394618600,3271.8402,3329.2447,3270.0302,3267.2498
110250000,3328.5056,5685100,51464600,3971178900,51446083200,3271.8402,3329.2447,3270.0302,3267.2498
110255000,3328.1252,5617900,47347000,3976796800,51493430200,3271.8402,3329.2447,3270.0302,3267.2498
110259000,3328.5338,2124800,29893000,3978921600,51523323200,3271.8402,3329.2447,3270.0302,3267.2498
110305000,3328.5119,5444900,66485800,3984366500,51589809000,3271.8402,3329.2447,3270.0302,3267.2498
110310000,3328.0374,3488100,39655500,3987854600,51629464500,3271.8402,3329.2447,3270.0302,3267.2498
110314000,3328.6503,3290100,43935000,3991144700,51673399500,3271.8402,3329.2447,3270.0302,3267.2498
110320000,3328.376,3757000,50667400,3994901700,51724066900,3271.8402,3329.2447,3270.0302,3267.2498
110325000,3327.8693,4189000,48183300,3999090700,51772250200,3271.8402,3329.2447,3270.0302,3267.2498
110329000,3328.0699,3422600,30843400,4002513300,51803093600,3271.8402,3329.2447,3270.0302,3267.2498
110335000,3328.5752,3586800,45670100,4006100100,51848763700,3271.8402,3329.2447,3270.0302,3267.2498
110340000,3328.4906,3526600,35946100,4009626700,51884709800,3271.8402,3329.2447,3270.0302,3267.2498
110344000,3328.5646,2839800,43122600,4012466500,51927832400,3271.8402,3329.2447,3270.0302,3267.2498
110350000,3328.2586,4284800,51813800,4016751300,51979646200,3271.8402,3329.2447,3270.0302,3267.2498
110355000,3328.2955,3469900,41627300,4020221200,52021273500,3271.8402,3329.2447,3270.0302,3267.2498
110359000,3328.649,2329800,28640500,4022551000,52049914000,3271.8402,3329.2447,3270.0302,3267.2498
110405000,3328.4025,2928800,54132100,4025479800,52104046100,3271.8402,3329.2447,3270.0302,3267.2498
110410000,3328.3603,2561800,31928800,4028041600,52135974900,3271.8402,3329.2447,3270.0302,3267.2498
110415000,3328.6859,2488400,42059300,4030530000,52178034200,3271.8402,3329.2447,3270.0302,3267.2498
110420000,3328.4471,3484400,45918100,4034014400,52223952300,3271.8402,3329.2447,3270.0302,3267.2498
110425000,3328.1362,3327800,41618300,4037342200,52265570600,3271.8402,3329.2447,3270.0302,3267.2498
110429000,3328.0755,2458300,36772300,4039800500,52302342900,3271.8402,3329.2447,3270.0302,3267.2498
110435000,3328.2363,4951500,62642100,4044752000,52364985000,3271.8402,3329.2447,3270.0302,3267.2498
110440000,3328.1699,4123800,34063700,4048875800,52399048700,3271.8402,3329.2447,3270.0302,3267.2498
110445000,3327.9446,2813100,35786200,4051688900,52434834900,3271.8402,3329.2447,3270.0302,3267.2498
110450000,3327.9681,3273700,44432000,4054962600,52479266900,3271.8402,3329.2447,3270.0302,3267.2498
110455000,3327.7641,2970600,34900800,4057933200,52514167700,3271.8402,3329.2447,3270.0302,3267.2498
110459000,3327.6566,1837900,28446000,4059771100,52542613700,3271.8402,3329.2447,3270.0302,3267.2498
110505000,3327.707,2754400,36317000,4062525500,52578930700,3271.8402,3329.2447,3270.0302,3267.2498
110510000,3328.154,3201200,35889400,4065726700,52614820100,3271.8402,3329.2447,3270.0302,3267.2498
110514000,3328.127,2273800,28411900,4068000500,52643232000,3271.8402,3329.2447,3270.0302,3267.2498
110520000,3328.0234,3287800,44531200,4071288300,52687763200,3271.8402,3329.2447,3270.0302,3267.2498
110525000,3328.0952,2220000,32741500,4073508300,52720504700,3271.8402,3329.2447,3270.0302,3267.2498
110529000,3328.0752,1322600,18693600,4074830900,52739198300,3271.8402,3329.2447,3270.0302,3267.2498
110535000,3328.0658,2364700,32703800,4077195600,52771902100,3271.8402,3329.2447,3270.0302,3267.2498
110540000,3328.2266,3397800,40766500,4080593400,52812668600,3271.8402,3329.2447,3270.0302,3267.2498
110544000,3327.8984,1696500,28080000,4082289900,52840748600,3271.8402,3329.2447,3270.0302,3267.2498
110550000,3327.8518,2738100,32381300,4085028000,52873129900,3271.8402,3329.2447,3270.0302,3267.2498
110555000,3327.861,3604500,38047200,4088632500,52911177100,3271.8402,3329.2447,3270.0302,3267.2498
110559000,3328.2442,1434600,23059900,4090067100,52934237000,3271.8402,3329.2447,3270.0302,3267.2498
110605000,3328.1226,3468400,41122900,4093535500,52975359900,3271.8402,3329.2447,3270.0302,3267.2498
110611000,3327.8538,3319100,51585500,4096854600,53026945400,3271.8402,3329.2447,3270.0302,3267.2498
110616000,3328.8893,1859900,24774500,4098714500,53051719900,3271.8402,3329.2447,3270.0302,3267.2498
110620000,3328.9299,2845100,40906500,4101559600,53092626400,3271.8402,3329.2447,3270.0302,3267.2498
110626000,3329.0785,3690500,48197000,4105250100,53140823400,3271.8402,3329.2447,3270.0302,3267.2498
110631000,3329.307,2746000,39307300,4107996100,53180130700,3271.8402,3329.4786,3270.0302,3267.2498
110635000,3329.4145,2076200,26774900,4110072300,53206905600,3271.8402,3329.4786,3270.0302,3267.2498
110641000,3328.5041,3183000,43555500,4113255300,53250461100,3271.8402,3329.4786,3270.0302,3267.2498
110646000,3328.5433,1559900,24941900,4114815200,53275403000,3271.8402,3329.4786,3270.0302,3267.2498
110650000,3328.7002,2762500,35149900,4117577700,53310552900,3271.8402,3329.4786,3270.0302,3267.2498
110656000,3328.6075,3165200,41986400,4120742900,53352539300,3271.8402,3329.4786,3270.0302,3267.2498
110701000,3329.0801,3953400,43065500,4124696300,53395604800,3271.8402,3329.4786,3270.0302,3267.2498
110705000,3329.0613,1824200,27017600,4126520500,53422622400,3271.8402,3329.4786,3270.0302,3267.2498
110711000,3328.9004,3208400,45813900,4129728900,53468436300,3271.8402,3329.4786,3270.0302,3267.2498
110716000,3328.9714,2998900,26243200,4132727800,53494679500,3271.8402,3329.4786,3270.0302,3267.2498
110720000,3328.8497,2560100,33588600,4135287900,53528268100,3271.8402,3329.4786,3270.0302,3267.2498
110726000,3328.8935,3230200,38053400,4138518100,53566321500,3271.8402,3329.4786,3270.0302,3267.2498
110731000,3328.5524,3473700,37176200,4141991800,53603497700,3271.8402,3329.4786,3270.0302,3267.2498
110735000,3329.033,2271000,26812500,4144262800,53630310200,3271.8402,3329.4786,3270.0302,3267.2498
110741000,3328.8501,4542800,52197400,4148805600,53682507600,3271.8402,3329.4786,3270.0302,3267.2498
110746000,3328.62,1900700,27904200,4150706300,53710411800,3271.8402,3329.4786,3270.0302,3267.2498
110751000,3328.4424,2570100,29752500,4153276400,53740164300,3271.8402,3329.4786,3270.0302,3267.2498
110756000,3328.5935,2933700,37182800,4156210100,53777347100,3271.8402,3329.4786,3270.0302,3267.2498
110801000,3328.3541,2173000,32666600,4158383100,53810013700,3271.8402,3329.4786,3270.0302,3267.2498
110805000,3328.3434,2087900,32207300,4160471000,53842221000,3271.8402,3329.4786,3270.0302,3267.2498
110811000,3327.9002,3243800,44972400,4163714800,53887193400,3271.8402,3329.4786,3270.0302,3267.2498
110816000,3327.8077,2006600,21496200,4165721400,53908689600,3271.8402,3329.4786,3270.0302,3267.2498
110821000,3327.8019,2124800,31309400,4167846200,53939999000,3271.8402,3329.4786,3270.0302,3267.2498
110826000,3327.5862,3264500,47330500,4171110700,53987329500,3271.8402,3329.4786,3270.0302,3267.2498
110831000,3327.5218,2457300,33720200,4173568000,54021049700,3271.8402,3329.4786,3270.0302,3267.2498
110835000,3327.2441,2434900,29070200,4176002900,54050119900,3271.8402,3329.4786,3270.0302,3267.2498
110841000,3326.5428,4119700,50932300,4180122600,54101052200,3271.8402,3329.4786,3270.0302,3267.2498
110846000,3326.0044,1888700,24730800,4182011300,54125783000,3271.8402,3329.4786,3270.0302,3267.2498
110851000,3325.7979,3069100,37434900,4185080400,54163217900,3271.8402,3329.4786,3270.0302,3267.2498
110856000,3325.719,4860500,57695000,4189940900,54220912900,3271.8402,3329.4786,3270.0302,3267.2498
110901000,3325.4254,3391500,39370300,4193332400,54260283200,3271.8402,3329.4786,3270.0302,3267.2498
110905000,3325.0144,2561000,36611900,4195893400,54296895100,3271.8402,3329.4786,3270.0302,3267.2498
110911000,3325.0944,4594000,59005200,4200487400,54355900300,3271.8402,3329.4786,3270.0302,3267.2498
110916000,3324.6791,2708800,26005100,4203196200,54381905400,3271.8402,3329.4786,3270.0302,3267.2498
110920000,3324.3227,2240300,34345200,4205436500,54416250600,3271.8402,3329.4786,3270.0302,3267.2498
110926000,3323.8691,2792000,45013300,4208228500,54461263900,3271.8402,3329.4786,3270.0302,3267.2498
110931000,3323.9562,2352100,34385000,4210580600,54495648900,3271.8402,3329.4786,3270.0302,3267.2498
110935000,3323.9183,2995700,33229100,4213576300,54528878000,3271.8402,3329.4786,3270.0302,3267.2498
110941000,3323.4783,3326900,35908900,4216903200,54564786900,3271.8402,3329.4786,3270.0302,3267.2498
110946000,3323.5427,1924900,25589300,4218828100,54590376200,3271.8402,3329.4786,3270.0302,3267.2498
110950000,3323.3242,2455900,31754100,4221284000,54622130300,3271.8402,3329.4786,3270.0302,3267.2498
110956000,3323.6715,4411200,38037200,4225695200,54660167500,3271.8402,3329.4786,3270.0302,3267.2498
111001000,3323.2643,2479000,41185600,4228174200,54701353100,3271.8402,3329.4786,3270.0302,3267.2498
111005000,3323.6313,2124600,27822600,4230298800,54729175700,3271.8402,3329.4786,3270.0302,3267.2498
111011000,3323.2147,2484300,28494800,4232783100,54757670500,3271.8402,3329.4786,3270.0302,3267.2498
111016000,3323.0075,2256200,25733600,4235039300,54783404100,3271.8402,3329.4786,3270.0302,3267.2498
111022000,3322.6724,2707300,34442400,4237746600,54817846500,3271.8402,3329.4786,3270.0302,3267.2498
111026000,3322.8063,1944500,25339500,4239691100,54843186000,3271.8402,3329.4786,3270.0302,3267.2498
111031000,3322.6331,3413700,31499800,4243104800,54874685800,3271.8402,3329.4786,3270.0302,3267.2498
111037000,3322.8872,2465500,37782500,4245570300,54912468300,3271.8402,3329.4786,3270.0302,3267.2498
111041000,3322.7259,1949100,24994600,4247519400,54937462900,3271.8402,3329.4786,3270.0302,3267.2498
111047000,3322.4869,1932100,28670200,4249451500,54966133100,3271.8402,3329.4786,3270.0302,3267.2498
111052000,3322.4577,1554200,18904000,4251005700,54985037100,3271.8402,3329.4786,3270.0302,3267.2498
111056000,3322.4646,1642900,28488000,4252648600,55013525100,3271.8402,3329.4786,3270.0302,3267.2498
111102000,3322.8122,2381400,31692100,4255030000,55045217200,3271.8402,3329.4786,3270.0302,3267.2498
111107000,3322.5509,1668200,22498400,4256698200,55067715600,3271.8402,3329.4786,3270.0302,3267.2498
111111000,3322.8414,1474000,23894900,4258172200,55091610500,3271.8402,3329.4786,3270.0302,3267.2498
111117000,3322.345,1570400,24761700,4259742600,55116372200,3271.8402,3329.4786,3270.0302,3267.2498
111122000,3322.4929,1200000,17583800,4260942600,55133956000,3271.8402,3329.4786,3270.0302,3267.2498
111127000,3322.2155,1947300,32567100,4262889900,55166523100,3271.8402,3329.4786,3270.0302,3267.2498
111132000,3322.7094,1509900,22457100,4264399800,55188980200,3271.8402,3329.4786,3270.0302,3267.2498
111137000,3322.9514,1384800,20118700,4265784600,55209098900,3271.8402,3329.4786,3270.0302,3267.2498
111141000,3322.5709,1324900,17738500,4267109500,55226837400,3271.8402,3329.4786,3270.0302,3267.2498
111147000,3322.427,1463300,21814400,4268572800,55248651800,3271.8402,3329.4786,3270.0302,3267.2498
111152000,3322.5796,825300,13017700,4269398100,55261669500,3271.8402,3329.4786,3270.0302,3267.2498
111157000,3322.4801,1518200,20512400,4270916300,55282181900,3271.8402,3329.4786,3270.0302,3267.2498
111202000,3322.2226,1800300,27163800,4272716600,55309345700,3271.8402,3329.4786,3270.0302,3267.2498
111207000,3322.2929,1668400,22616600,4274385000,55331962300,3271.8402,3329.4786,3270.0302,3267.2498
111211000,3322.2071,1274700,21753400,4275659700,55353715700,3271.8402,3329.4786,3270.0302,3267.2498
111217000,3322.5018,1652000,25732600,4277311700,55379448300,3271.8402,3329.4786,3270.0302,3267.2498
111222000,3322.4409,1203300,16775700,4278515000,55396224000,3271.8402,3329.4786,3270.0302,3267.2498
111226000,3322.327,2223900,28527700,4280738900,55424751700,3271.8402,3329.4786,3270.0302,3267.2498
111232000,3322.3492,1786200,39087400,4282525100,55463839100,3271.8402,3329.4786,3270.0302,3267.2498
111237000,3322.796,1786800,22279200,4284311900,55486118300,3271.8402,3329.4786,3270.0302,3267.2498
111241000,3322.5665,2613700,26297700,4286925600,55512416000,3271.8402,3329.4786,3270.0302,3267.2498
111247000,3322.2358,1480200,25122300,4288405800,55537538300,3271.8402,3329.4786,3270.0302,3267.2498
111252000,3322.3142,1185900,18182800,4289591700,55555721100,3271.8402,3329.4786,3270.0302,3267.2498
111256000,3322.7615,1539100,24272000,4291130800,55579993100,3271.8402,3329.4786,3270.0302,3267.2498
111302000,3323.3915,3021700,44803100,4294152500,55624796200,3271.8402,3329.4786,3270.0302,3267.2498
111307000,3323.7796,2767900,33456700,4296920400,55658252900,3271.8402,3329.4786,3270.0302,3267.2498
111311000,3323.8556,1580900,22538400,4298501300,55680791300,3271.8402,3329.4786,3270.0302,3267.2498
111317000,3323.9693,1858900,28632700,4300360200,55709424000,3271.8402,3329.4786,3270.0302,3267.2498
111322000,3323.8029,1084600,18365100,4301444800,55727789100,3271.8402,3329.4786,3270.0302,3267.2498
111327000,3324.5149,1621800,20782800,4303066600,55748571900,3271.8402,3329.4786,3270.0302,3267.2498
111332000,3324.4672,2284300,33244600,4305350900,55781816500,3271.8402,3329.4786,3270.0302,3267.2498
111337000,3324.3346,2089700,25561100,4307440600,55807377600,3271.8402,3329.4786,3270.0302,3267.2498
111341000,3324.3107,1189600,17353700,4308630200,55824731300,3271.8402,3329.4786,3270.0302,3267.2498
111347000,3324.4724,1835200,25889700,4310465400,55850621000,3271.8402,3329.4786,3270.0302,3267.2498
111352000,3324.4678,1667000,20699700,4312132400,55871320700,3271.8402,3329.4786,3270.0302,3267.2498
111356000,3324.619,1264000,20160400,4313396400,55891481100,3271.8402,3329.4786,3270.0302,3267.2498
111402000,3324.5565,1857300,28968300,4315253700,55920449400,3271.8402,3329.4786,3270.0302,3267.2498
111407000,3324.6812,1152600,17726000,4316406300,55938175400,3271.8402,3329.4786,3270.0302,3267.2498
111411000,3324.9589,2080400,21149600,4318486700,55959325000,3271.8402,3329.4786,3270.0302,3267.2498
111417000,3324.4514,1589700,20388800,4320076400,55979713800,3271.8402,3329.4786,3270.0302,3267.2498
111422000,3324.7171,1308200,16639800,4321384600,55996353600,3271.8402,3329.4786,3270.0302,3267.2498
111426000,3324.6825,2186000,18691300,4323570600,56015044900,3271.8402,3329.4786,3270.0302,3267.2498
111432000,3325.2353,1671900,21462500,4325242500,56036507400,3271.8402,3329.4786,3270.0302,3267.2498
111438000,3325.0391,1929600,26842800,4327172100,56063350200,3271.8402,3329.4786,3270.0302,3267.2498
111441000,3324.9763,897000,12014600,4328069100,56075364800,3271.8402,3329.4786,3270.0302,3267.2498
111447000,3324.8908,2916900,31626500,4330986000,56106991300,3271.8402,3329.4786,3270.0302,3267.2498
111453000,3325.1883,2303200,29989000,4333289200,56136980300,3271.8402,3329.4786,3270.0302,3267.2498
111458000,3324.9201,1071200,15191100,4334360400,56152171400,3271.8402,3329.4786,3270.0302,3267.2498
111502000,3325.0444,1558700,22019900,4335919100,56174191300,3271.8402,3329.4786,3270.0302,3267.2498
111508000,3325.6761,2251900,28848700,4338171000,56203040000,3271.8402,3329.4786,3270.0302,3267.2498
111513000,3325.9755,1816600,24020300,4339987600,56227060300,3271.8402,3329.4786,3270.0302,3267.2498
111517000,3325.9986,1085600,19180700,4341073200,56246241000,3271.8402,3329.4786,3270.0302,3267.2498
111523000,3326.3666,2882000,38422300,4343955200,56284663300,3271.8402,3329.4786,3270.0302,3267.2498
111528000,3326.5057,1238400,18152400,4345193600,56302815700,3271.8402,3329.4786,3270.0302,3267.2498
111533000,3327.2633,3091900,35563600,4348285500,56338379300,3271.8402,3329.4786,3270.0302,3267.2498
111538000,3328.5083,7058800,77750300,4355344300,56416129600,3271.8402,3329.4786,3270.0302,3267.2498
111543000,3329.3785,4607600,59634900,4359951900,56475764500,3271.8402,3329.4786,3270.0302,3267.2498
111547000,3329.5923,3453800,50048900,4363405700,56525813400,3271.8402,3329.5923,3270.0302,3267.2498
111553000,3330.2317,5718900,84185800,4369124600,56609999200,3271.8402,3330.2317,3270.0302,3267.2498
111558000,3330.4259,3305800,50422700,4372430400,56660421900,3271.8402,3330.7519,3270.0302,3267.2498
111602000,3331.3011,3893900,56833200,4376324300,56717255100,3271.8402,3331.3011,3270.0302,3267.2498
111608000,3331.3925,4624100,63613200,4380948400,56780868300,3271.8402,3331.4194,3270.0302,3267.2498
111613000,3331.229,8491600,63948500,4389440000,56844816800,3271.8402,3331.5252,3270.0302,3267.2498
111617000,3331.2652,4049900,32378000,4393489900,56877194800,3271.8402,3331.5252,3270.0302,3267.2498
111623000,3331.496,5854800,58599900,4399344700,56935794700,3271.8402,3331.5252,3270.0302,3267.2498
111628000,3331.4013,1666600,24531300,4401011300,56960326000,3271.8402,3331.5252,3270.0302,3267.2498
111633000,3331.2471,2659200,36300800,4403670500,56996626800,3271.8402,3331.5252,3270.0302,3267.2498
111638000,3331.1709,3217900,38369000,4406888400,57034995800,3271.8402,3331.5252,3270.0302,3267.2498
111643000,3331.1163,2930200,36245200,4409818600,57071241000,3271.8402,3331.5252,3270.0302,3267.2498
111647000,3331.324,1892600,34374900,4411711200,57105615900,3271.8402,3331.5252,3270.0302,3267.2498
111653000,3331.3932,2558500,37743500,4414269700,57143359400,3271.8402,3331.5252,3270.0302,3267.2498
111658000,3331.5792,2129700,18686200,4416399400,57162045600,3271.8402,3331.5859,3270.0302,3267.2498
111702000,3331.5157,2611300,31127500,4419010700,57193173100,3271.8402,3331.5859,3270.0302,3267.2498
111708000,3331.667,3351000,38508500,4422361700,57231681600,3271.8402,3331.667,3270.0302,3267.2498
111713000,3331.3624,2002100,29391700,4424363800,57261073300,3271.8402,3331.7077,3270.0302,3267.2498
111717000,3331.3821,2468600,29749300,4426832400,57290822600,3271.8402,3331.7077,3270.0302,3267.2498
111723000,3331.4032,2961500,42721100,4429793900,57333543700,3271.8402,3331.7077,3270.0302,3267.2498
111728000,3331.2325,1916100,29521500,4431710000,57363065200,3271.8402,3331.7077,3270.0302,3267.2498
111732000,3331.2753,2089100,31020000,4433799100,57394085200,3271.8402,3331.7077,3270.0302,3267.2498
111738000,3330.7669,3082200,46814900,4436881300,57440900100,3271.8402,3331.7077,3270.0302,3267.2498
111743000,3329.9485,3245700,43201500,4440127000,57484101600,3271.8402,3331.7077,3270.0302,3267.2498
111747000,3329.2723,2848100,30982200,4442975100,57515083800,3271.8402,3331.7077,3270.0302,3267.2498
111753000,3328.892,2840200,39247700,4445815300,57554331500,3271.8402,3331.7077,3270.0302,3267.2498
111758000,3329.1702,1272900,20431700,4447088200,57574763200,3271.8402,3331.7077,3270.0302,3267.2498
111802000,3328.8178,1871200,26179700,4448959400,57600942900,3271.8402,3331.7077,3270.0302,3267.2498
111808000,3328.7659,2246400,33135100,4451205800,57634078000,3271.8402,3331.7077,3270.0302,3267.2498
111813000,3328.712,1483700,21898300,4452689500,57655976300,3271.8402,3331.7077,3270.0302,3267.2498
111817000,3328.6903,1639300,25460400,4454328800,57681436700,3271.8402,3331.7077,3270.0302,3267.2498
111823000,3328.0487,2425300,46763700,4456754100,57728200400,3271.8402,3331.7077,3270.0302,3267.2498
111828000,3328.6802,1064000,17434100,4457818100,57745634500,3271.8402,3331.7077,3270.0302,3267.2498
111833000,3328.7653,1729500,26986300,4459547600,57772620800,3271.8402,3331.7077,3270.0302,3267.2498
111838000,3328.5426,2556700,34380500,4462104300,57807001300,3271.8402,3331.7077,3270.0302,3267.2498
111843000,3328.2581,1623800,20138400,4463728100,57827139700,3271.8402,3331.7077,3270.0302,3267.2498
111847000,3328.103,1160500,16906300,4464888600,57844046000,3271.8402,3331.7077,3270.0302,3267.2498
111853000,3328.2614,4171300,40503500,4469059900,57884549500,3271.8402,3331.7077,3270.0302,3267.2498
111859000,3327.7356,1881000,29668800,4470940900,57914218300,3271.8402,3331.7077,3270.0302,3267.2498
111904000,3327.5482,1845900,22373600,4472786800,57936591900,3271.8402,3331.7077,3270.0302,3267.2498
111909000,3327.4102,1930000,28015100,4474716800,57964607000,3271.8402,3331.7077,3270.0302,3267.2498
111914000,3327.8013,1836000,26610700,4476552800,57991217700,3271.8402,3331.7077,3270.0302,3267.2498
111919000,3327.7502,1826500,24824400,4478379300,58016042100,3271.8402,3331.7077,3270.0302,3267.2498
111923000,3327.5164,935100,12315700,4479314400,58028357800,3271.8402,3331.7077,3270.0302,3267.2498
111929000,3327.1722,2527200,29322900,4481841600,58057680700,3271.8402,3331.7077,3270.0302,3267.2498
111934000,3327.5242,1053900,16679300,4482895500,58074360000,3271.8402,3331.7077,3270.0302,3267.2498
111938000,3327.642,1573700,25129100,4484469200,58099489100,3271.8402,3331.7077,3270.0302,3267.2498
111944000,3327.9486,2131800,28637900,4486601000,58128127000,3271.8402,3331.7077,3270.0302,3267.2498
111949000,3328.186,1363500,18918000,4487964500,58147045000,3271.8402,3331.7077,3270.0302,3267.2498
111953000,3328.0003,862300,15034700,4488826800,58162079700,3271.8402,3331.7077,3270.0302,3267.2498
111959000,3328.0453,1897400,26707300,4490724200,58188787000,3271.8402,3331.7077,3270.0302,3267.2498
112004000,3328.22,822100,13452400,4491546300,58202239400,3271.8402,3331.7077,3270.0302,3267.2498
112009000,3328.0464,1222300,22594400,4492768600,58224833800,3271.8402,3331.7077,3270.0302,3267.2498
112014000,3328.2177,2015900,28260200,4494784500,58253094000,3271.8402,3331.7077,3270.0302,3267.2498
112019000,3328.3154,1188500,16764800,4495973000,58269858800,3271.8402,3331.7077,3270.0302,3267.2498
112023000,3328.1653,872900,17484600,4496845900,58287343400,3271.8402,3331.7077,3270.0302,3267.2498
112029000,3328.1321,1406500,21752500,4498252400,58309095900,3271.8402,3331.7077,3270.0302,3267.2498
112034000,3328.5326,1052600,13406400,4499305000,58322502300,3271.8402,3331.7077,3270.0302,3267.2498
112039000,3328.1897,1708600,28130900,4501013600,58350633200,3271.8402,3331.7077,3270.0302,3267.2498
112044000,3328.1401,1698900,24888500,4502712500,58375521700,3271.8402,3331.7077,3270.0302,3267.2498
112049000,3327.9922,1308800,20852700,4504021300,58396374400,3271.8402,3331.7077,3270.0302,3267.2498
112053000,3328.2904,1138300,18612500,4505159600,58414986900,3271.8402,3331.7077,3270.0302,3267.2498
112059000,3328.2815,2379600,22802300,4507539200,58437789200,3271.8402,3331.7077,3270.0302,3267.2498
112104000,3328.4442,2136700,18800900,4509675900,58456590100,3271.8402,3331.7077,3270.0302,3267.2498
112108000,3328.5302,1882700,24640300,4511558600,58481230400,3271.8402,3331.7077,3270.0302,3267.2498
112114000,3328.2807,1547400,20684700,4513106000,58501915100,3271.8402,3331.7077,3270.0302,3267.2498
112119000,3327.9831,1462800,20628300,4514568800,58522543400,3271.8402,3331.7077,3270.0302,3267.2498
112123000,3328.6201,1384100,13741800,4515952900,58536285200,3271.8402,3331.7077,3270.0302,3267.2498
112129000,3328.0098,1826000,25923200,4517778900,58562208400,3271.8402,3331.7077,3270.0302,3267.2498
112134000,3327.9902,1340700,16314000,4519119600,58578522400,3271.8402,3331.7077,3270.0302,3267.2498
112138000,3328.1808,1454600,27626400,4520574200,58606148800,3271.8402,3331.7077,3270.0302,3267.2498
112144000,3327.8995,1875500,31685100,4522449700,58637833900,3271.8402,3331.7077,3270.0302,3267.2498
112149000,3328.0702,1245600,19724000,4523695300,58657557900,3271.8402,3331.7077,3270.0302,3267.2498
112153000,3327.9461,1197400,24719200,4524892700,58682277100,3271.8402,3331.7077,3270.0302,3267.2498
112159000,3328.0866,2228000,27733100,4527120700,58710010200,3271.8402,3331.7077,3270.0302,3267.2498
112204000,3327.8586,1205700,14356500,4528326400,58724366700,3271.8402,3331.7077,3270.0302,3267.2498
112208000,3328.1369,2186200,28954300,4530512600,58753321000,3271.8402,3331.7077,3270.0302,3267.2498
112214000,3327.7703,1897900,27263200,4532410500,58780584200,3271.8402,3331.7077,3270.0302,3267.2498
112219000,3327.8633,1344900,21289500,4533755400,58801873700,3271.8402,3331.7077,3270.0302,3267.2498
112223000,3327.8797,847800,22988400,4534603200,58824862100,3271.8402,3331.7077,3270.0302,3267.2498
112229000,3327.8029,1593200,24413400,4536196400,58849275500,3271.8402,3331.7077,3270.0302,3267.2498
112234000,3327.6061,807900,11586700,4537004300,58860862200,3271.8402,3331.7077,3270.0302,3267.2498
112238000,3327.7947,1300800,25242600,4538305100,58886104800,3271.8402,3331.7077,3270.0302,3267.2498
112244000,3328.1996,1739500,25247100,4540044600,58911351900,3271.8402,3331.7077,3270.0302,3267.2498
112249000,3327.9413,2495700,26447400,4542540300,58937799300,3271.8402,3331.7077,3270.0302,3267.2498
112255000,3328.0089,1701200,29390100,4544241500,58967189400,3271.8402,3331.7077,3270.0302,3267.2498
112259000,3328.1101,807600,13925300,4545049100,58981114700,3271.8402,3331.7077,3270.0302,3267.2498
112305000,3327.8772,2003800,25239000,4547052900,59006353700,3271.8402,3331.7077,3270.0302,3267.2498
112310000,3327.9498,1768800,25734900,4548821700,59032088600,3271.8402,3331.7077,3270.0302,3267.2498
112315000,3328.2838,1843100,28753800,4550664800,59060842400,3271.8402,3331.7077,3270.0302,3267.2498
112320000,3327.5929,1728800,23964000,4552393600,59084806400,3271.8402,3331.7077,3270.0302,3267.2498
112325000,3327.947,1278400,20049400,4553672000,59104855800,3271.8402,3331.7077,3270.0302,3267.2498
112329000,3327.7575,1194800,30423700,4554866800,59135279500,3271.8402,3331.7077,3270.0302,3267.2498
112335000,3328.6167,2757300,46930700,4557624100,59182210200,3271.8402,3331.7077,3270.0302,3267.2498
112340000,3328.9278,1745200,44408200,4559369300,59226618400,3271.8402,3331.7077,3270.0302,3267.2498
112345000,3329.3273,1855300,29027300,4561224600,59255645700,3271.8402,3331.7077,3270.0302,3267.2498
112350000,3329.7255,3082200,46057800,4564306800,59301703500,3271.8402,3331.7077,3270.0302,3267.2498
112355000,3329.8952,3037500,48799300,4567344300,59350502800,3271.8402,3331.7077,3270.0302,3267.2498
112359000,3329.7714,1564700,26983100,4568909000,59377485900,3271.8402,3331.7077,3270.0302,3267.2498
112405000,3329.5875,2583400,34834000,4571492400,59412319900,3271.8402,3331.7077,3270.0302,3267.2498
112410000,3329.6492,1443000,20281400,4572935400,59432601300,3271.8402,3331.7077,3270.0302,3267.2498
112415000,3329.6446,1255900,22336400,4574191300,59454937700,3271.8402,3331.7077,3270.0302,3267.2498
112420000,3329.394,1792600,28359000,4575983900,59483296700,3271.8402,3331.7077,3270.0302,3267.2498
112425000,3329.839,1632000,19561300,4577615900,59502858000,3271.8402,3331.7077,3270.0302,3267.2498
112429000,3329.8041,860800,12542800,4578476700,59515400800,3271.8402,3331.7077,3270.0302,3267.2498
112435000,3329.5474,1724000,27346400,4580200700,59542747200,3271.8402,3331.7077,3270.0302,3267.2498
112440000,3329.4102,1178100,18207700,4581378800,59560954900,3271.8402,3331.7077,3270.0302,3267.2498
112444000,3329.3949,2111900,25768500,4583490700,59586723400,3271.8402,3331.7077,3270.0302,3267.2498
112450000,3329.2696,1891100,30079300,4585381800,59616802700,3271.8402,3331.7077,3270.0302,3267.2498
112455000,3329.3207,1398000,22775600,4586779800,59639578300,3271.8402,3331.7077,3270.0302,3267.2498
112459000,3329.6531,743200,16051700,4587523000,59655630000,3271.8402,3331.7077,3270.0302,3267.2498
112505000,3329.1085,2060100,24952600,4589583100,59680582600,3271.8402,3331.7077,3270.0302,3267.2498
112510000,3329.0967,1569500,20296300,4591152600,59700878900,3271.8402,3331.7077,3270.0302,3267.2498
112514000,3329.292,1132500,18411400,4592285100,59719290300,3271.8402,3331.7077,3270.0302,3267.2498
112520000,3329.1527,1352100,18717700,4593637200,59738008000,3271.8402,3331.7077,3270.0302,3267.2498
112525000,3329.2505,2504200,23950300,4596141400,59761958300,3271.8402,3331.7077,3270.0302,3267.2498
112529000,3329.279,1376600,16298300,4597518000,59778256600,3271.8402,3331.7077,3270.0302,3267.2498
112535000,3329.3521,1897600,24191400,4599415600,59802448000,3271.8402,3331.7077,3270.0302,3267.2498
112540000,3329.1072,948200,12999000,4600363800,59815447000,3271.8402,3331.7077,3270.0302,3267.2498
112544000,3329.1534,1190400,18409700,4601554200,59833856700,3271.8402,3331.7077,3270.0302,3267.2498
112550000,3328.9843,1827200,23591300,4603381400,59857448000,3271.8402,3331.7077,3270.0302,3267.2498
112555000,3329.4658,1273500,20914500,4604654900,59878362500,3271.8402,3331.7077,3270.0302,3267.2498
112559000,3329.1484,1327700,19243800,4605982600,59897606300,3271.8402,3331.7077,3270.0302,3267.2498
112605000,3328.8203,1665200,23249900,4607647800,59920856200,3271.8402,3331.7077,3270.0302,3267.2498
112610000,3328.7784,1108400,14057300,4608756200,59934913500,3271.8402,3331.7077,3270.0302,3267.2498
112614000,3328.8949,1294500,25939500,4610050700,59960853000,3271.8402,3331.7077,3270.0302,3267.2498
112620000,3328.6153,1313100,18634000,4611363800,59979487000,3271.8402,3331.7077,3270.0302,3267.2498
112625000,3328.8134,885500,14806900,4612249300,59994293900,3271.8402,3331.7077,3270.0302,3267.2498
112629000,3328.9821,859500,14126800,4613108800,60008420700,3271.8402,3331.7077,3270.0302,3267.2498
112635000,3328.9107,1209300,17689400,4614318100,60026110100,3271.8402,3331.7077,3270.0302,3267.2498
112640000,3328.6752,974400,13690200,4615292500,60039800300,3271.8402,3331.7077,3270.0302,3267.2498
112645000,3328.8271,1428500,22815700,4616721000,60062616000,3271.8402,3331.7077,3270.0302,3267.2498
112650000,3328.5114,1861000,26499000,4618582000,60089115000,3271.8402,3331.7077,3270.0302,3267.2498
112655000,3328.7846,1335400,27515600,4619917400,60116630600,3271.8402,3331.7077,3270.0302,3267.2498
112659000,3328.7048,1522700,13362100,4621440100,60129992700,3271.8402,3331.7077,3270.0302,3267.2498
112705000,3328.8226,1789100,28822400,4623229200,60158815100,3271.8402,3331.7077,3270.0302,3267.2498
112710000,3328.8967,1071200,12824000,4624300400,60171639100,3271.8402,3331.7077,3270.0302,3267.2498
112716000,3328.881,1955100,28413800,4626255500,60200052900,3271.8402,3331.7077,3270.0302,3267.2498
112720000,3328.7929,1300100,21712000,4627555600,60221764900,3271.8402,3331.7077,3270.0302,3267.2498
112726000,3329.2393,1145600,22197300,4628701200,60243962200,3271.8402,3331.7077,3270.0302,3267.2498
112731000,3329.0956,1061400,18487200,4629762600,60262449400,3271.8402,3331.7077,3270.0302,3267.2498
112735000,3329.2659,1126100,17812600,4630888700,60280262000,3271.8402,3331.7077,3270.0302,3267.2498
112741000,3329.136,1824700,28219200,4632713400,60308481200,3271.8402,3331.7077,3270.0302,3267.2498
112746000,3329.3921,1059400,14151900,4633772800,60322633100,3271.8402,3331.7077,3270.0302,3267.2498
112750000,3328.9874,1549000,25831500,4635321800,60348464600,3271.8402,3331.7077,3270.0302,3267.2498
112756000,3329.0882,1794500,25484100,4637116300,60373948700,3271.8402,3331.7077,3270.0302,3267.2498
112801000,3329.0437,1462600,19453800,4638578900,60393402500,3271.8402,3331.7077,3270.0302,3267.2498
112805000,3329.1805,885000,12494600,4639463900,60405897100,3271.8402,3331.7077,3270.0302,3267.2498
112811000,3329.1101,1380400,20576800,4640844300,60426473900,3271.8402,3331.7077,3270.0302,3267.2498
112816000,3328.771,1773200,22252200,4642617500,60448726100,3271.8402,3331.7077,3270.0302,3267.2498
112820000,3328.4826,1606800,23333800,4644224300,60472059900,3271.8402,3331.7077,3270.0302,3267.2498
112826000,3328.7304,1907600,20945100,4646131900,60493005000,3271.8402,3331.7077,3270.0302,3267.2498
112831000,3328.7644,2511500,23034900,4648643400,60516039900,3271.8402,3331.7077,3270.0302,3267.2498
112835000,3329.023,1072100,18319000,4649715500,60534358900,3271.8402,3331.7077,3270.0302,3267.2498
112841000,3328.6778,1468000,20530500,4651183500,60554889400,3271.8402,3331.7077,3270.0302,3267.2498
112846000,3328.8363,1039500,15329900,4652223000,60570219300,3271.8402,3331.7077,3270.0302,3267.2498
112850000,3328.6634,1389500,25646000,4653612500,60595865300,3271.8402,3331.7077,3270.0302,3267.2498
112856000,3329.0369,1786100,22004300,4655398600,60617869600,3271.8402,3331.7077,3270.0302,3267.2498
112901000,3329.1096,1272400,15398100,4656671000,60633267700,3271.8402,3331.7077,3270.0302,3267.2498
112905000,3328.7378,1348100,18281700,4658019100,60651549400,3271.8402,3331.7077,3270.0302,3267.2498
112911000,3328.6332,1366200,17499100,4659385300,60669048500,3271.8402,3331.7077,3270.0302,3267.2498
112916000,3328.8439,1783700,19803300,4661169000,60688851800,3271.8402,3331.7077,3270.0302,3267.2498
112920000,3328.846,1296800,22750400,4662465800,60711602200,3271.8402,3331.7077,3270.0302,3267.2498
112926000,3328.4388,1678600,22804200,4664144400,60734406400,3271.8402,3331.7077,3270.0302,3267.2498
112931000,3328.7522,1521000,23847200,4665665400,60758253600,3271.8402,3331.7077,3270.0302,3267.2498
112935000,3328.8617,943600,14895900,4666609000,60773149500,3271.8402,3331.7077,3270.0302,3267.2498
112941000,3329.0231,1193000,15860500,4667802000,60789010000,3271.8402,3331.7077,3270.0302,3267.2498
112946000,3329.2629,1174000,11960200,4668976000,60800970200,3271.8402,3331.7077,3270.0302,3267.2498
112951000,3328.9866,1519400,19414200,4670495400,60820384400,3271.8402,3331.7077,3270.0302,3267.2498
112956000,3328.7848,1170800,18176100,4671666200,60838560500,3271.8402,3331.7077,3270.0302,3267.2498
113000000,3329.0598,624400,10186400,4672290600,60848746900,3271.8402,3331.7077,3270.0302,3267.2498
113003000,3329.0789,62400,931300,4672353000,60849678200,3271.8402,3331.7077,3270.0302,3267.2498
130001000,3329.2664,3877700,30703500,4676230700,60880381700,3271.8402,3331.7077,3270.0302,3267.2498
130006000,3330.0682,31586500,350353600,4707817200,61230735300,3271.8402,3331.7077,3270.0302,3267.2498
130011000,3329.7988,9641600,99455800,4717458800,61330191100,3271.8402,3331.7077,3270.0302,3267.2498
130016000,3330.2131,2641500,36089700,4720100300,61366280800,3271.8402,3331.7077,3270.0302,3267.2498
130021000,3330.0352,2523400,32001700,4722623700,61398282500,3271.8402,3331.7077,3270.0302,3267.2498
130026000,3329.8417,1192000,21201200,4723815700,61419483700,3271.8402,3331.7077,3270.0302,3267.2498
130031000,3330.2442,3170400,28813900,4726986100,61448297600,3271.8402,3331.7077,3270.0302,3267.2498
130035000,3330.0159,1339000,20044000,4728325100,61468341600,3271.8402,3331.7077,3270.0302,3267.2498
130041000,3329.4138,3305500,41511500,4731630600,61509853100,3271.8402,3331.7077,3270.0302,3267.2498
130046000,3329.1472,1989600,29248300,4733620200,61539101400,3271.8402,3331.7077,3270.0302,3267.2498
130051000,3329.2943,1893800,26744900,4735514000,61565846300,3271.8402,3331.7077,3270.0302,3267.2498
130056000,3328.9529,1677700,24272000,4737191700,61590118300,3271.8402,3331.7077,3270.0302,3267.2498
130101000,3328.736,1407900,25955700,4738599600,61616074000,3271.8402,3331.7077,3270.0302,3267.2498
130106000,3328.9009,1295700,20648600,4739895300,61636722600,3271.8402,3331.7077,3270.0302,3267.2498
130111000,3328.9073,1912700,31893300,4741808000,61668615900,3271.8402,3331.7077,3270.0302,3267.2498
130116000,3329.1017,1452200,19707200,4743260200,61688323100,3271.8402,3331.7077,3270.0302,3267.2498
130121000,3329.0914,1469900,20008300,4744730100,61708331400,3271.8402,3331.7077,3270.0302,3267.2498
130126000,3328.9754,1428100,25017100,4746158200,61733348500,3271.8402,3331.7077,3270.0302,3267.2498
130131000,3328.8581,1453700,25937200,4747611900,61759285700,3271.8402,3331.7077,3270.0302,3267.2498
130136000,3328.7158,1549500,26600200,4749161400,61785885900,3271.8402,3331.7077,3270.0302,3267.2498
130141000,3328.7589,1281300,19953400,4750442700,61805839300,3271.8402,3331.7077,3270.0302,3267.2498
130147000,3328.6902,1644300,26434000,4752087000,61832273300,3271.8402,3331.7077,3270.0302,3267.2498
130150000,3328.4619,709000,12297600,4752796000,61844570900,3271.8402,3331.7077,3270.0302,3267.2498
130157000,3328.7098,1767000,24124400,4754563000,61868695300,3271.8402,3331.7077,3270.0302,3267.2498
130202000,3328.8196,1461300,22317100,4756024300,61891012400,3271.8402,3331.7077,3270.0302,3267.2498
130207000,3328.8455,1536400,23694600,4757560700,61914707000,3271.8402,3331.7077,3270.0302,3267.2498
130212000,3329.0812,2753800,26086500,4760314500,61940793500,3271.8402,3331.7077,3270.0302,3267.2498
130217000,3329.5581,1749900,28912000,4762064400,61969705500,3271.8402,3331.7077,3270.0302,3267.2498
130222000,3329.3381,942100,14495000,4763006500,61984200500,3271.8402,3331.7077,3270.0302,3267.2498
130226000,3329.3917,1489300,22643700,4764495800,62006844200,3271.8402,3331.7077,3270.0302,3267.2498
130232000,3329.2454,983000,14922400,4765478800,62021766600,3271.8402,3331.7077,3270.0302,3267.2498
130237000,3329.5353,1365200,26735000,4766844000,62048501600,3271.8402,3331.7077,3270.0302,3267.2498
130241000,3329.6661,914200,13235300,4767758200,62061736900,3271.8402,3331.7077,3270.0302,3267.2498
130247000,3329.3644,2806000,27436600,4770564200,62089173500,3271.8402,3331.7077,3270.0302,3267.2498
130252000,3329.3507,845600,11611300,4771409800,62100784800,3271.8402,3331.7077,3270.0302,3267.2498
130257000,3329.4489,1194000,19366700,4772603800,62120151500,3271.8402,3331.7077,3270.0302,3267.2498
130302000,3329.4267,2451200,27443700,4775055000,62147595200,3271.8402,3331.7077,3270.0302,3267.2498
130307000,3329.4729,1204500,20758100,4776259500,62168353300,3271.8402,3331.7077,3270.0302,3267.2498
130312000,3329.7662,1295600,21163400,4777555100,62189516700,3271.8402,3331.7077,3270.0302,3267.2498
130317000,3329.7169,3436400,42576700,4780991500,62232093400,3271.8402,3331.7077,3270.0302,3267.2498
130322000,3329.6958,965400,17163000,4781956900,62249256400,3271.8402,3331.7077,3270.0302,3267.2498
130327000,3329.71,1426200,32453200,4783383100,62281709600,3271.8402,3331.7077,3270.0302,3267.2498
130332000,3329.5572,2038100,29288000,4785421200,62310997600,3271.8402,3331.7077,3270.0302,3267.2498
130337000,3329.9225,1255800,26051800,4786677000,62337049400,3271.8402,3331.7077,3270.0302,3267.2498
130342000,3329.6538,1145300,21874300,4787822300,62358923700,3271.8402,3331.7077,3270.0302,3267.2498
130347000,3329.8671,1946200,33442500,4789768500,62392366200,3271.8402,3331.7077,3270.0302,3267.2498
130352000,3330.0062,1063800,18112400,4790832300,62410478600,3271.8402,3331.7077,3270.0302,3267.2498
130356000,3329.9525,1222900,18087400,4792055200,62428566000,3271.8402,3331.7077,3270.0302,3267.2498
130402000,3329.6349,2155400,29622800,4794210600,62458188800,3271.8402,3331.7077,3270.0302,3267.2498
130407000,3329.8534,1180300,22812300,4795390900,62481001100,3271.8402,3331.7077,3270.0302,3267.2498
130412000,3329.648,2498600,23433700,4797889500,62504434800,3271.8402,3331.7077,3270.0302,3267.2498
130417000,3329.8297,1564100,22514700,4799453600,62526949500,3271.8402,3331.7077,3270.0302,3267.2498
130422000,3329.9684,1150400,15353700,4800604000,62542303200,3271.8402,3331.7077,3270.0302,3267.2498
130427000,3329.8066,1304300,20477800,4801908300,62562781000,3271.8402,3331.7077,3270.0302,3267.2498
130432000,3329.8883,1625500,25689200,4803533800,62588470200,3271.8402,3331.7077,3270.0302,3267.2498
130437000,3329.7297,988800,19542800,4804522600,62608013000,3271.8402,3331.7077,3270.0302,3267.2498
130442000,3329.8679,1443300,25554400,4805965900,62633567400,3271.8402,3331.7077,3270.0302,3267.2498
130447000,3329.9928,1563300,20939900,4807529200,62654507300,3271.8402,3331.7077,3270.0302,3267.2498
130452000,3329.9379,976500,16654000,4808505700,62671161300,3271.8402,3331.7077,3270.0302,3267.2498
130457000,3330.2528,2095000,25874400,4810600700,62697035700,3271.8402,3331.7077,3270.0302,3267.2498
130502000,3329.8897,1583300,19681300,4812184000,62716717000,3271.8402,3331.7077,3270.0302,3267.2498
130507000,3330.1463,2104400,32937400,4814288400,62749654400,3271.8402,3331.7077,3270.0302,3267.2498
130512000,3330.3101,2054200,24556600,4816342600,62774211000,3271.8402,3331.7077,3270.0302,3267.2498
130517000,3330.3668,2107100,27813200,4818449700,62802024200,3271.8402,3331.7077,3270.0302,3267.2498
130523000,3330.4402,1446100,22829900,4819895800,62824854100,3271.8402,3331.7077,3270.0302,3267.2498
130528000,3330.2125,1052700,18400900,4820948500,62843255000,3271.8402,3331.7077,3270.0302,3267.2498
130532000,3330.1674,1030300,15972000,4821978800,62859227000,3271.8402,3331.7077,3270.0302,3267.2498
130538000,3330.2394,1935800,28266000,4823914600,62887493000,3271.8402,3331.7077,3270.0302,3267.2498
130543000,3330.1805,1528400,23035900,4825443000,62910528900,3271.8402,3331.7077,3270.0302,3267.2498
130548000,3330.1986,1581900,19460700,4827024900,62929989600,3271.8402,3331.7077,3270.0302,3267.2498
130553000,3330.1153,2454100,27844200,4829479000,62957833800,3271.8402,3331.7077,3270.0302,3267.2498
130558000,3330.1611,831900,14129000,4830310900,62971962800,3271.8402,3331.7077,3270.0302,3267.2498
130603000,3330.1014,1639700,26573500,4831950600,62998536300,3271.8402,3331.7077,3270.0302,3267.2498
130608000,3330.0758,2250300,30648200,4834200900,63029184500,3271.8402,3331.7077,3270.0302,3267.2498
130613000,3330.0302,961800,15683100,4835162700,63044867600,3271.8402,3331.7077,3270.0302,3267.2498
130617000,3330.2007,959100,14265700,4836121800,63059133300,3271.8402,3331.7077,3270.0302,3267.2498
130623000,3330.132,1612400,26616700,4837734200,63085750000,3271.8402,3331.7077,3270.0302,3267.2498
130628000,3330.0406,697100,10763900,4838431300,63096513900,3271.8402,3331.7077,3270.0302,3267.2498
130633000,3329.6181,2008500,26882800,4840439800,63123396700,3271.8402,3331.7077,3270.0302,3267.2498
130638000,3329.4696,1440000,22738800,4841879800,63146135500,3271.8402,3331.7077,3270.0302,3267.2498
130643000,3329.2849,1864500,23507800,4843744300,63169643300,3271.8402,3331.7077,3270.0302,3267.2498
130648000,3329.2594,1573700,22312500,4845318000,63191955800,3271.8402,3331.7077,3270.0302,3267.2498
130653000,3329.1692,1942900,33881400,4847260900,63225837200,3271.8402,3331.7077,3270.0302,3267.2498
130658000,3329.2957,1149000,20905900,4848409900,63246743100,3271.8402,3331.7077,3270.0302,3267.2498
130703000,3328.9545,1577100,22621200,4849987000,63269364300,3271.8402,3331.7077,3270.0302,3267.2498
130708000,3328.9811,2063100,33112700,4852050100,63302477000,3271.8402,3331.7077,3270.0302,3267.2498
130713000,3329.146,1301400,25562500,4853351500,63328039500,3271.8402,3331.7077,3270.0302,3267.2498
130718000,3328.9525,1569000,26779600,4854920500,63354819100,3271.8402,3331.7077,3270.0302,3267.2498
130723000,3328.6459,1405100,23676800,4856325600,63378495900,3271.8402,3331.7077,3270.0302,3267.2498
130728000,3328.2092,1328500,18524700,4857654100,63397020600,3271.8402,3331.7077,3270.0302,3267.2498
130733000,3328.4624,2051300,31931900,4859705400,63428952500,3271.8402,3331.7077,3270.0302,3267.2498
130738000,3328.1208,2061700,30984600,4861767100,63459937100,3271.8402,3331.7077,3270.0302,3267.2498
130743000,3327.9174,1636000,26008600,4863403100,63485945700,3271.8402,3331.7077,3270.0302,3267.2498
130748000,3327.3533,1880000,24479200,4865283100,63510424900,3271.8402,3331.7077,3270.0302,3267.2498
130753000,3327.175,1884000,29263000,4867167100,63539687900,3271.8402,3331.7077,3270.0302,3267.2498
130758000,3327.1125,1704400,19393000,4868871500,63559080900,3271.8402,3331.7077,3270.0302,3267.2498
130802000,3326.5189,2570500,39258300,4871442000,63598339200,3271.8402,3331.7077,3270.0302,3267.2498
130808000,3326.4628,2805900,39630000,4874247900,63637969200,3271.8402,3331.7077,3270.0302,3267.2498
130813000,3326.4049,2029000,32969800,4876276900,63670939000,3271.8402,3331.7077,3270.0302,3267.2498
130817000,3326.2305,2523900,30052200,4878800800,63700991200,3271.8402,3331.7077,3270.0302,3267.2498
130823000,3325.9461,2557300,32041200,4881358100,63733032400,3271.8402,3331.7077,3270.0302,3267.2498
130828000,3325.9329,1642900,24303600,4883001000,63757336000,3271.8402,3331.7077,3270.0302,3267.2498
130833000,3325.6191,1632000,24952700,4884633000,63782288700,3271.8402,3331.7077,3270.0302,3267.2498
130838000,3325.801,2097300,29053100,4886730300,63811341800,3271.8402,3331.7077,3270.0302,3267.2498
130843000,3325.5069,1528200,29060500,4888258500,63840402300,3271.8402,3331.7077,3270.0302,3267.2498
130847000,3325.4255,1743600,25152700,4890002100,63865555000,3271.8402,3331.7077,3270.0302,3267.2498
130853000,3324.1654,2985700,45025100,4892987800,63910580100,3271.8402,3331.7077,3270.0302,3267.2498
130859000,3324.2667,3035300,50418200,4896023100,63960998300,3271.8402,3331.7077,3270.0302,3267.2498
130904000,3322.982,1907500,38962200,4897930600,63999960500,3271.8402,3331.7077,3270.0302,3267.2498
130909000,3323.3231,2868200,41343200,4900798800,64041303700,3271.8402,3331.7077,3270.0302,3267.2498
130914000,3323.0751,2671000,35316000,4903469800,64076619700,3271.8402,3331.7077,3270.0302,3267.2498
130919000,3322.5273,1875700,38779500,4905345500,64115399200,3271.8402,3331.7077,3270.0302,3267.2498
130924000,3322.5086,1926600,26237000,4907272100,64141636200,3271.8402,3331.7077,3270.0302,3267.2498
130929000,3322.6528,1744800,27412300,4909016900,64169048500,3271.8402,3331.7077,3270.0302,3267.2498
130934000,3322.6022,1458100,20472900,4910475000,64189521400,3271.8402,3331.7077,3270.0302,3267.2498
130939000,3322.6662,2962700,40732100,4913437700,64230253500,3271.8402,3331.7077,3270.0302,3267.2498
130944000,3322.6393,2293500,26583500,4915731200,64256837000,3271.8402,3331.7077,3270.0302,3267.2498
130949000,3322.4036,1719100,24045300,4917450300,64280882300,3271.8402,3331.7077,3270.0302,3267.2498
130953000,3322.7392,1994700,27038600,4919445000,64307920900,3271.8402,3331.7077,3270.0302,3267.2498
130959000,3322.5148,2754200,30278700,4922199200,64338199600,3271.8402,3331.7077,3270.0302,3267.2498
131004000,3322.865,1342800,19103300,4923542000,64357302900,3271.8402,3331.7077,3270.0302,3267.2498
131009000,3322.6006,2753200,33239400,4926295200,64390542300,3271.8402,3331.7077,3270.0302,3267.2498
131014000,3322.6691,2777600,38545000,4929072800,64429087300,3271.8402,3331.7077,3270.0302,3267.2498
131019000,3322.5875,2084400,35029800,4931157200,64464117100,3271.8402,3331.7077,3270.0302,3267.2498
131024000,3322.3465,2046400,29654100,4933203600,64493771200,3271.8402,3331.7077,3270.0302,3267.2498
131029000,3321.9459,2452200,27565800,4935655800,64521337000,3271.8402,3331.7077,3270.0302,3267.2498
131034000,3322.1458,1489200,22427400,4937145000,64543764400,3271.8402,3331.7077,3270.0302,3267.2498
131039000,3322.4241,2336500,29360600,4939481500,64573125000,3271.8402,3331.7077,3270.0302,3267.2498
131044000,3322.3772,1989500,28603500,4941471000,64601728500,3271.8402,3331.7077,3270.0302,3267.2498
131049000,3322.3038,1711700,19783100,4943182700,64621511600,3271.8402,3331.7077,3270.0302,3267.2498
131054000,3322.764,1607200,20199100,4944789900,64641710700,3271.8402,3331.7077,3270.0302,3267.2498
131059000,3322.9491,2672600,34955700,4947462500,64676666400,3271.8402,3331.7077,3270.0302,3267.2498
131104000,3322.9464,1689800,17763800,4949152300,64694430200,3271.8402,3331.7077,3270.0302,3267.2498
131109000,3322.8627,2439300,30262600,4951591600,64724692800,3271.8402,3331.7077,3270.0302,3267.2498
131114000,3322.8045,2296500,28373500,4953888100,64753066300,3271.8402,3331.7077,3270.0302,3267.2498
131119000,3322.9342,1808400,25643000,4955696500,64778709300,3271.8402,3331.7077,3270.0302,3267.2498
131124000,3322.4981,1114100,18789100,4956810600,64797498400,3271.8402,3331.7077,3270.0302,3267.2498
131129000,3322.9284,1884700,22250500,4958695300,64819748900,3271.8402,3331.7077,3270.0302,3267.2498
131134000,3322.3939,867600,14671800,4959562900,64834420700,3271.8402,3331.7077,3270.0302,3267.2498
131139000,3322.5413,3086800,38311200,4962649700,64872731900,3271.8402,3331.7077,3270.0302,3267.2498
131144000,3322.6349,2059300,29561000,4964709000,64902292900,3271.8402,3331.7077,3270.0302,3267.2498
131149000,3322.2324,3245700,31698900,4967954700,64933991800,3271.8402,3331.7077,3270.0302,3267.2498
131154000,3322.1952,2368500,24830100,4970323200,64958821900,3271.8402,3331.7077,3270.0302,3267.2498
131159000,3322.4281,1785900,17994700,4972109100,64976816600,3271.8402,3331.7077,3270.0302,3267.2498
131204000,3322.4262,888700,13071600,4972997800,64989888200,3271.8402,3331.7077,3270.0302,3267.2498
131209000,3322.4122,2906700,27532200,4975904500,65017420400,3271.8402,3331.7077,3270.0302,3267.2498
131214000,3322.5997,2566300,26146400,4978470800,65043566800,3271.8402,3331.7077,3270.0302,3267.2498
131219000,3322.5709,1571200,23360900,4980042000,65066927700,3271.8402,3331.7077,3270.0302,3267.2498
131224000,3322.5916,1495300,17680800,4981537300,65084608500,3271.8402,3331.7077,3270.0302,3267.2498
131229000,3322.5748,1754500,23485700,4983291800,65108094200,3271.8402,3331.7077,3270.0302,3267.2498
131234000,3322.5206,2650600,18939100,4985942400,65127033300,3271.8402,3331.7077,3270.0302,3267.2498
131239000,3322.4873,1659500,24592500,4987601900,65151625800,3271.8402,3331.7077,3270.0302,3267.2498
131245000,3322.3394,1973900,25476900,4989575800,65177102700,3271.8402,3331.7077,3270.0302,3267.2498
131250000,3322.3047,2063700,25200800,4991639500,65202303500,3271.8402,3331.7077,3270.0302,3267.2498
131255000,3322.1743,1286800,17850800,4992926300,65220154300,3271.8402,3331.7077,3270.0302,3267.2498
131300000,3322.5142,920200,14229400,4993846500,65234383700,3271.8402,3331.7077,3270.0302,3267.2498
131305000,3322.3984,1726400,20184700,4995572900,65254568400,3271.8402,3331.7077,3270.0302,3267.2498
131310000,3322.4382,1057100,12319300,4996630000,65266887700,3271.8402,3331.7077,3270.0302,3267.2498
131315000,3322.879,2112400,31872900,4998742400,65298760600,3271.8402,3331.7077,3270.0302,3267.2498
131320000,3322.5111,1358000,17041900,5000100400,65315802500,3271.8402,3331.7077,3270.0302,3267.2498
131325000,3322.4443,1827100,24820800,5001927500,65340623300,3271.8402,3331.7077,3270.0302,3267.2498
131329000,3322.729,1690000,25317100,5003617500,65365940400,3271.8402,3331.7077,3270.0302,3267.2498
131335000,3322.9329,2781900,35780600,5006399400,65401721000,3271.8402,3331.7077,3270.0302,3267.2498
131340000,3322.882,845600,11096500,5007245000,65412817500,3271.8402,3331.7077,3270.0302,3267.2498
131345000,3323.0372,1021700,16558500,5008266700,65429376000,3271.8402,3331.7077,3270.0302,3267.2498
131350000,3322.7812,2489400,24257900,5010756100,65453633900,3271.8402,3331.7077,3270.0302,3267.2498
131355000,3322.6902,1889900,22886500,5012646000,65476520400,3271.8402,3331.7077,3270.0302,3267.2498
131400000,3323.1033,1077200,12356900,5013723200,65488877300,3271.8402,3331.7077,3270.0302,3267.2498
131405000,3322.5947,1497500,17740400,5015220700,65506617700,3271.8402,3331.7077,3270.0302,3267.2498
131410000,3323.0835,1257800,14442100,5016478500,65521059800,3271.8402,3331.7077,3270.0302,3267.2498
131415000,3322.8258,1728100,28520200,5018206600,65549580000,3271.8402,3331.7077,3270.0302,3267.2498
131420000,3322.8581,1999900,28677700,5020206500,65578257700,3271.8402,3331.7077,3270.0302,3267.2498
131425000,3322.76,1712000,25484100,5021918500,65603741800,3271.8402,3331.7077,3270.0302,3267.2498
131430000,3322.8313,1457100,15638700,5023375600,65619380500,3271.8402,3331.7077,3270.0302,3267.2498
131435000,3322.8078,1676200,20608700,5025051800,65639989200,3271.8402,3331.7077,3270.0302,3267.2498
131440000,3323.0743,1484300,17050400,5026536100,65657039600,3271.8402,3331.7077,3270.0302,3267.2498
131444000,3322.9512,1935900,20204700,5028472000,65677244300,3271.8402,3331.7077,3270.0302,3267.2498
131450000,3323.009,1363300,17894800,5029835300,65695139100,3271.8402,3331.7077,3270.0302,3267.2498
131455000,3323.0648,1510600,23918800,5031345900,65719057900,3271.8402,3331.7077,3270.0302,3267.2498
131500000,3323.0494,1511800,22138800,5032857700,65741196700,3271.8402,3331.7077,3270.0302,3267.2498
131505000,3323.3162,1857900,24071600,5034715600,65765268300,3271.8402,3331.7077,3270.0302,3267.2498
131510000,3323.5025,1195200,18008800,5035910800,65783277100,3271.8402,3331.7077,3270.0302,3267.2498
131515000,3323.3829,1868900,21457000,5037779700,65804734100,3271.8402,3331.7077,3270.0302,3267.2498
131520000,3323.3935,1762500,18113400,5039542200,65822847500,3271.8402,3331.7077,3270.0302,3267.2498
131525000,3323.5982,1247700,19447900,5040789900,65842295400,3271.8402,3331.7077,3270.0302,3267.2498
131530000,3323.2406,1589100,16093000,5042379000,65858388400,3271.8402,3331.7077,3270.0302,3267.2498
131535000,3323.1297,1677700,18129100,5044056700,65876517500,3271.8402,3331.7077,3270.0302,3267.2498
131540000,3322.428,1462400,16817200,5045519100,65893334700,3271.8402,3331.7077,3270.0302,3267.2498
131545000,3322.6908,1384600,20533200,5046903700,65913867900,3271.8402,3331.7077,3270.0302,3267.2498
131550000,3322.6016,1533100,20368400,5048436800,65934236300,3271.8402,3331.7077,3270.0302,3267.2498
131555000,3322.8294,1871000,25813100,5050307800,65960049400,3271.8402,3331.7077,3270.0302,3267.2498
131600000,3322.8778,1674700,20888200,5051982500,65980937600,3271.8402,3331.7077,3270.0302,3267.2498
131605000,3322.8431,1751300,21648800,5053733800,66002586400,3271.8402,3331.7077,3270.0302,3267.2498
131610000,3323.2554,2303700,20788800,5056037500,66023375200,3271.8402,3331.7077,3270.0302,3267.2498
131614000,3323.598,1651900,28999200,5057689400,66052374400,3271.8402,3331.7077,3270.0302,3267.2498
131620000,3323.4572,1528900,19110000,5059218300,66071484400,3271.8402,3331.7077,3270.0302,3267.2498
131625000,3323.4,1438500,30008200,5060656800,66101492600,3271.8402,3331.7077,3270.0302,3267.2498
131630000,3322.7581,1042800,11545500,5061699600,66113038100,3271.8402,3331.7077,3270.0302,3267.2498
131635000,3322.7148,1556100,19270400,5063255700,66132308500,3271.8402,3331.7077,3270.0302,3267.2498
131640000,3322.7543,1445400,13131100,5064701100,66145439600,3271.8402,3331.7077,3270.0302,3267.2498
131645000,3322.7514,1998400,25131000,5066699500,66170570600,3271.8402,3331.7077,3270.0302,3267.2498
131650000,3323.0851,1757500,18991900,5068457000,66189562500,3271.8402,3331.7077,3270.0302,3267.2498
131656000,3322.9728,1586900,16435900,5070043900,66205998400,3271.8402,3331.7077,3270.0302,3267.2498
131701000,3323.0708,1251700,16791600,5071295600,66222790000,3271.8402,3331.7077,3270.0302,3267.2498
131706000,3322.9282,1029600,14801200,5072325200,66237591200,3271.8402,3331.7077,3270.0302,3267.2498
131711000,3323.0186,1945900,22539400,5074271100,66260130600,3271.8402,3331.7077,3270.0302,3267.2498
131716000,3323.3676,704100,10677200,5074975200,66270807800,3271.8402,3331.7077,3270.0302,3267.2498
131721000,3323.1035,1404000,20908200,5076379200,66291716000,3271.8402,3331.7077,3270.0302,3267.2498
131726000,3323.1591,1593000,23034700,5077972200,66314750700,3271.8402,3331.7077,3270.0302,3267.2498
131731000,3323.1654,1155400,21135900,5079127600,66335886600,3271.8402,3331.7077,3270.0302,3267.2498
131736000,3322.7736,1578000,16929900,5080705600,66352816500,3271.8402,3331.7077,3270.0302,3267.2498
131741000,3322.5661,1562100,21998000,5082267700,66374814500,3271.8402,3331.7077,3270.0302,3267.2498
131746000,3322.8158,767500,12140700,5083035200,66386955200,3271.8402,3331.7077,3270.0302,3267.2498
131751000,3322.7487,1480700,19816500,5084515900,66406771700,3271.8402,3331.7077,3270.0302,3267.2498
131756000,3322.4396,1243100,19749100,5085759000,66426520800,3271.8402,3331.7077,3270.0302,3267.2498
131801000,3322.613,823000,13587100,5086582000,66440107900,3271.8402,3331.7077,3270.0302,3267.2498
131806000,3322.7773,709500,10211300,5087291500,66450319200,3271.8402,3331.7077,3270.0302,3267.2498
131811000,3322.546,1478200,21468800,5088769700,66471788000,3271.8402,3331.7077,3270.0302,3267.2498
131816000,3322.2083,732300,11366400,5089502000,66483154400,3271.8402,3331.7077,3270.0302,3267.2498
131821000,3322.2724,1354500,22198400,5090856500,66505352800,3271.8402,3331.7077,3270.0302,3267.2498
131826000,3322.3406,2161800,34309300,5093018300,66539662100,3271.8402,3331.7077,3270.0302,3267.2498
131831000,3322.4269,1297700,22994100,5094316000,66562656200,3271.8402,3331.7077,3270.0302,3267.2498
131836000,3322.4092,963900,12828300,5095279900,66575484500,3271.8402,3331.7077,3270.0302,3267.2498
131841000,3322.5626,1711700,19029300,5096991600,66594513800,3271.8402,3331.7077,3270.0302,3267.2498
131846000,3322.4444,1071000,13722900,5098062600,66608236700,3271.8402,3331.7077,3270.0302,3267.2498
131851000,3322.1205,1750100,23518300,5099812700,66631755000,3271.8402,3331.7077,3270.0302,3267.2498
131856000,3321.9935,1526600,17069900,5101339300,66648824900,3271.8402,3331.7077,3270.0302,3267.2498
131901000,3321.6746,1156300,18400400,5102495600,66667225300,3271.8402,3331.7077,3270.0302,3267.2498
131906000,3322.2386,1378500,17551200,5103874100,66684776500,3271.8402,3331.7077,3270.0302,3267.2498
131911000,3322.2244,2188700,25785400,5106062800,66710561900,3271.8402,3331.7077,3270.0302,3267.2498
131916000,3322.4035,872900,12583300,5106935700,66723145200,3271.8402,3331.7077,3270.0302,3267.2498
131921000,3322.4223,1496600,20596900,5108432300,66743742100,3271.8402,3331.7077,3270.0302,3267.2498
131926000,3322.0019,1266600,22015000,5109698900,66765757100,3271.8402,3331.7077,3270.0302,3267.2498
131931000,3322.1605,990200,16235800,5110689100,66781992900,3271.8402,3331.7077,3270.0302,3267.2498
131936000,3322.1733,1428000,20546600,5112117100,66802539500,3271.8402,3331.7077,3270.0302,3267.2498
131941000,3322.1374,892900,12516500,5113010000,66815056000,3271.8402,3331.7077,3270.0302,3267.2498
131946000,3322.2324,719500,11996400,5113729500,66827052400,3271.8402,3331.7077,3270.0302,3267.2498
131951000,3322.1546,1116600,16944000,5114846100,66843996400,3271.8402,3331.7077,3270.0302,3267.2498
131956000,3322.3256,1138500,19071300,5115984600,66863067700,3271.8402,3331.7077,3270.0302,3267.2498
132001000,3322.0384,1411700,16192100,5117396300,66879259800,3271.8402,3331.7077,3270.0302,3267.2498
132006000,3322.3831,1178300,15826200,5118574600,66895086000,3271.8402,3331.7077,3270.0302,3267.2498
132011000,3322.8329,1681900,21212700,5120256500,66916298700,3271.8402,3331.7077,3270.0302,3267.2498
132016000,3322.742,912200,11479700,5121168700,66927778400,3271.8402,3331.7077,3270.0302,3267.2498
132021000,3322.8166,2429800,26618300,5123598500,66954396700,3271.8402,3331.7077,3270.0302,3267.2498
132026000,3322.5504,1964800,23881800,5125563300,66978278500,3271.8402,3331.7077,3270.0302,3267.2498
132031000,3322.4254,1379600,16553700,5126942900,66994832200,3271.8402,3331.7077,3270.0302,3267.2498
132036000,3323.0518,1340600,15483800,5128283500,67010316000,3271.8402,3331.7077,3270.0302,3267.2498
132041000,3322.712,2219400,27141300,5130502900,67037457300,3271.8402,3331.7077,3270.0302,3267.2498
132046000,3323.2397,752300,11089600,5131255200,67048546900,3271.8402,3331.7077,3270.0302,3267.2498
132051000,3323.1571,1496400,20916200,5132751600,67069463100,3271.8402,3331.7077,3270.0302,3267.2498
132056000,3323.3499,1707700,28062600,5134459300,67097525700,3271.8402,3331.7077,3270.0302,3267.2498
132102000,3323.2064,1742900,20637000,5136202200,67118162700,3271.8402,3331.7077,3270.0302,3267.2498
132106000,3323.1883,1019500,11577100,5137221700,67129739800,3271.8402,3331.7077,3270.0302,3267.2498
132112000,3323.1952,1663200,23611900,5138884900,67153351700,3271.8402,3331.7077,3270.0302,3267.2498
132117000,3323.1836,1302000,16389100,5140186900,67169740800,3271.8402,3331.7077,3270.0302,3267.2498
132121000,3323.2336,1266300,15092700,5141453200,67184833500,3271.8402,3331.7077,3270.0302,3267.2498
132127000,3323.3029,1268600,17650700,5142721800,67202484200,3271.8402,3331.7077,3270.0302,3267.2498
132132000,3323.2366,1247200,15728900,5143969000,67218213100,3271.8402,3331.7077,3270.0302,3267.2498
132137000,3323.2458,1783200,21672400,5145752200,67239885500,3271.8402,3331.7077,3270.0302,3267.2498
132142000,3323.0791,2373700,18248400,5148125900,67258133900,3271.8402,3331.7077,3270.0302,3267.2498
132147000,3323.1894,1445000,16281000,5149570900,67274414900,3271.8402,3331.7077,3270.0302,3267.2498
132152000,3323.3888,799400,11631400,5150370300,67286046300,3271.8402,3331.7077,3270.0302,3267.2498
132157000,3323.2409,1392300,18657000,5151762600,67304703300,3271.8402,3331.7077,3270.0302,3267.2498
132202000,3323.316,1315100,17754500,5153077700,67322457800,3271.8402,3331.7077,3270.0302,3267.2498
132207000,3323.1466,1192600,20043500,5154270300,67342501300,3271.8402,3331.7077,3270.0302,3267.2498
132212000,3322.991,2046700,16792500,5156317000,67359293800,3271.8402,3331.7077,3270.0302,3267.2498
132217000,3323.5952,1553800,23278700,5157870800,67382572500,3271.8402,3331.7077,3270.0302,3267.2498
132222000,3323.5217,1162600,14463800,5159033400,67397036300,3271.8402,3331.7077,3270.0302,3267.2498
132227000,3323.2447,2284500,24869200,5161317900,67421905500,3271.8402,3331.7077,3270.0302,3267.2498
132232000,3323.1335,2338300,20258000,5163656200,67442163500,3271.8402,3331.7077,3270.0302,3267.2498
132237000,3323.2584,1167500,19132600,5164823700,67461296100,3271.8402,3331.7077,3270.0302,3267.2498
132242000,3323.4982,1829200,14898600,5166652900,67476194700,3271.8402,3331.7077,3270.0302,3267.2498
132247000,3323.4333,2293200,26629900,5168946100,67502824600,3271.8402,3331.7077,3270.0302,3267.2498
132252000,3323.283,1189100,16623500,5170135200,67519448100,3271.8402,3331.7077,3270.0302,3267.2498
132257000,3323.4774,1974500,25838600,5172109700,67545286700,3271.8402,3331.7077,3270.0302,3267.2498
132302000,3323.287,2037900,24228200,5174147600,67569514900,3271.8402,3331.7077,3270.0302,3267.2498
132307000,3323.2653,1234200,18636000,5175381800,67588150900,3271.8402,3331.7077,3270.0302,3267.2498
132312000,3323.5931,1108800,15721500,5176490600,67603872400,3271.8402,3331.7077,3270.0302,3267.2498
132317000,3323.9163,1693600,17068400,5178184200,67620940800,3271.8402,3331.7077,3270.0302,3267.2498
132322000,3323.4816,1235500,14864200,5179419700,67635805000,3271.8402,3331.7077,3270.0302,3267.2498
132327000,3323.3683,2006900,18501800,5181426600,67654306800,3271.8402,3331.7077,3270.0302,3267.2498
132332000,3323.3827,2723900,20676500,5184150500,67674983300,3271.8402,3331.7077,3270.0302,3267.2498
132337000,3324.0944,1351600,17662500,5185502100,67692645800,3271.8402,3331.7077,3270.0302,3267.2498
132342000,3323.9869,2865600,16521500,5188367700,67709167300,3271.8402,3331.7077,3270.0302,3267.2498
132347000,3324.0506,4279200,19628600,5192646900,67728795900,3271.8402,3331.7077,3270.0302,3267.2498
132352000,3323.9186,1124400,12355200,5193771300,67741151100,3271.8402,3331.7077,3270.0302,3267.2498
132357000,3323.6518,1407900,19004300,5195179200,67760155400,3271.8402,3331.7077,3270.0302,3267.2498
132402000,3323.9322,1771500,20473900,5196950700,67780629300,3271.8402,3331.7077,3270.0302,3267.2498
132407000,3324.0308,1291900,37740900,5198242600,67818370200,3271.8402,3331.7077,3270.0302,3267.2498
132412000,3323.9963,1764700,20204200,5200007300,67838574400,3271.8402,3331.7077,3270.0302,3267.2498
132417000,3324.689,2563100,30075000,5202570400,67868649400,3271.8402,3331.7077,3270.0302,3267.2498
132422000,3324.9788,1548400,19934500,5204118800,67888583900,3271.8402,3331.7077,3270.0302,3267.2498
132427000,3325.4021,1670700,24180100,5205789500,67912764000,3271.8402,3331.7077,3270.0302,3267.2498
132432000,3325.2917,1181400,17547300,5206970900,67930311300,3271.8402,3331.7077,3270.0302,3267.2498
132437000,3325.2441,963800,16893900,5207934700,67947205200,3271.8402,3331.7077,3270.0302,3267.2498
132442000,3325.4153,1455000,21574400,5209389700,67968779600,3271.8402,3331.7077,3270.0302,3267.2498
132447000,3325.4626,1207700,18744900,5210597400,67987524500,3271.8402,3331.7077,3270.0302,3267.2498
132452000,3325.6303,1220700,20370400,5211818100,68007894900,3271.8402,3331.7077,3270.0302,3267.2498
132457000,3325.5576,2348700,25735900,5214166800,68033630800,3271.8402,3331.7077,3270.0302,3267.2498
132502000,3325.7782,2772900,28890000,5216939700,68062520800,3271.8402,3331.7077,3270.0302,3267.2498
132507000,3326.5451,1691800,27720600,5218631500,68090241400,3271.8402,3331.7077,3270.0302,3267.2498
132513000,3326.1788,3349600,29733600,5221981100,68119975000,3271.8402,3331.7077,3270.0302,3267.2498
132517000,3326.4339,1550200,18849600,5223531300,68138824600,3271.8402,3331.7077,3270.0302,3267.2498
132523000,3326.3783,4156500,31775700,5227687800,68170600300,3271.8402,3331.7077,3270.0302,3267.2498
132528000,3326.944,884200,13157100,5228572000,68183757400,3271.8402,3331.7077,3270.0302,3267.2498
132532000,3327.0326,2697000,25541200,5231269000,68209298600,3271.8402,3331.7077,3270.0302,3267.2498
132538000,3327.0665,1800900,27168700,5233069900,68236467300,3271.8402,3331.7077,3270.0302,3267.2498
132543000,3326.9158,1252400,17798100,5234322300,68254265400,3271.8402,3331.7077,3270.0302,3267.2498
132548000,3327.3213,1352800,19403200,5235675100,68273668600,3271.8402,3331.7077,3270.0302,3267.2498
132553000,3327.0615,2140700,29830300,5237815800,68303498900,3271.8402,3331.7077,3270.0302,3267.2498
132558000,3326.8375,1040600,14189700,5238856400,68317688600,3271.8402,3331.7077,3270.0302,3267.2498
132603000,3326.8018,1299400,21349000,5240155800,68339037600,3271.8402,3331.7077,3270.0302,3267.2498
132608000,3327.0712,2251600,30476600,5242407400,68369514200,3271.8402,3331.7077,3270.0302,3267.2498
132613000,3327.0262,1694000,22648700,5244101400,68392162900,3271.8402,3331.7077,3270.0302,3267.2498
132618000,3327.0798,1079200,15761900,5245180600,68407924800,3271.8402,3331.7077,3270.0302,3267.2498
132623000,3327.0169,1429200,21687500,5246609800,68429612300,3271.8402,3331.7077,3270.0302,3267.2498
132628000,3327.333,1499200,17023500,5248109000,68446635800,3271.8402,3331.7077,3270.0302,3267.2498
132633000,3327.1991,2283500,30880400,5250392500,68477516200,3271.8402,3331.7077,3270.0302,3267.2498
132638000,3327.4901,1612400,21351600,5252004900,68498867800,3271.8402,3331.7077,3270.0302,3267.2498
132643000,3327.2825,1088400,17391600,5253093300,68516259400,3271.8402,3331.7077,3270.0302,3267.2498
132648000,3327.0771,1209100,15939600,5254302400,68532199000,3271.8402,3331.7077,3270.0302,3267.2498
132653000,3327.268,1613000,25852000,5255915400,68558051000,3271.8402,3331.7077,3270.0302,3267.2498
132658000,3327.4389,1157600,12959400,5257073000,68571010400,3271.8402,3331.7077,3270.0302,3267.2498
132703000,3327.1142,1856100,26284400,5258929100,68597294800,3271.8402,3331.7077,3270.0302,3267.2498
132708000,3327.4013,1698200,21886800,5260627300,68619181600,3271.8402,3331.7077,3270.0302,3267.2498
132713000,3327.2114,1474500,21572800,5262101800,68640754400,3271.8402,3331.7077,3270.0302,3267.2498
132718000,3327.3516,1164000,19633100,5263265800,68660387500,3271.8402,3331.7077,3270.0302,3267.2498
132723000,3327.3905,1469200,17881600,5264735000,68678269100,3271.8402,3331.7077,3270.0302,3267.2498
132728000,3327.5762,1537300,26769600,5266272300,68705038700,3271.8402,3331.7077,3270.0302,3267.2498
132733000,3327.4348,1234100,21338800,5267506400,68726377500,3271.8402,3331.7077,3270.0302,3267.2498
132738000,3327.7492,980400,15170700,5268486800,68741548200,3271.8402,3331.7077,3270.0302,3267.2498
132743000,3327.5942,1493600,20439800,5269980400,68761988000,3271.8402,3331.7077,3270.0302,3267.2498
132748000,3327.7714,1387900,17736000,5271368300,68779724000,3271.8402,3331.7077,3270.0302,3267.2498
132753000,3327.446,1147000,16717000,5272515300,68796441000,3271.8402,3331.7077,3270.0302,3267.2498
132758000,3327.4902,910300,11425700,5273425600,68807866700,3271.8402,3331.7077,3270.0302,3267.2498
132803000,3327.5554,1457100,23851400,5274882700,68831718100,3271.8402,3331.7077,3270.0302,3267.2498
132808000,3327.5822,1610400,21657000,5276493100,68853375100,3271.8402,3331.7077,3270.0302,3267.2498
132813000,3327.7626,1389900,21745700,5277883000,68875120800,3271.8402,3331.7077,3270.0302,3267.2498
132818000,3328.1975,1251600,22192900,5279134600,68897313700,3271.8402,3331.7077,3270.0302,3267.2498
132823000,3328.0084,1620500,20060300,5280755100,68917374000,3271.8402,3331.7077,3270.0302,3267.2498
132828000,3327.8294,912000,12796300,5281667100,68930170300,3271.8402,3331.7077,3270.0302,3267.2498
132833000,3328.0117,1949800,28623100,5283616900,68958793400,3271.8402,3331.7077,3270.0302,3267.2498
132838000,3328.3266,1330800,19872100,5284947700,68978665500,3271.8402,3331.7077,3270.0302,3267.2498
132843000,3328.1753,2014700,23441700,5286962400,69002107200,3271.8402,3331.7077,3270.0302,3267.2498
132848000,3328.1831,1321500,20845000,5288283900,69022952200,3271.8402,3331.7077,3270.0302,3267.2498
132853000,3328.0486,2358800,26699500,5290642700,69049651700,3271.8402,3331.7077,3270.0302,3267.2498
132858000,3328.3546,879400,18615500,5291522100,69068267200,3271.8402,3331.7077,3270.0302,3267.2498
132903000,3327.8745,1710000,22213900,5293232100,69090481100,3271.8402,3331.7077,3270.0302,3267.2498
132908000,3327.9219,1525200,19082900,5294757300,69109564000,3271.8402,3331.7077,3270.0302,3267.2498
132913000,3328.0661,1456000,21349000,5296213300,69130913000,3271.8402,3331.7077,3270.0302,3267.2498
132918000,3328.1384,787400,12793300,5297000700,69143706300,3271.8402,3331.7077,3270.0302,3267.2498
132923000,3327.987,1601400,19627500,5298602100,69163333800,3271.8402,3331.7077,3270.0302,3267.2498
132928000,3327.7985,1018800,11566600,5299620900,69174900400,3271.8402,3331.7077,3270.0302,3267.2498
132933000,3328.106,2127300,24321100,5301748200,69199221500,3271.8402,3331.7077,3270.0302,3267.2498
132938000,3328.2776,1654300,21049900,5303402500,69220271400,3271.8402,3331.7077,3270.0302,3267.2498
132943000,3328.0749,1619400,21829000,5305021900,69242100400,3271.8402,3331.7077,3270.0302,3267.2498
132949000,3328.0134,1360100,18138500,5306382000,69260238900,3271.8402,3331.7077,3270.0302,3267.2498
132954000,3328.0936,906100,13488300,5307288100,69273727200,3271.8402,3331.7077,3270.0302,3267.2498
132959000,3327.9672,1267000,15758600,5308555100,69289485800,3271.8402,3331.7077,3270.0302,3267.2498
133004000,3328.0679,1165800,15540900,5309720900,69305026700,3271.8402,3331.7077,3270.0302,3267.2498
133009000,3328.3856,2125600,29064100,5311846500,69334090800,3271.8402,3331.7077,3270.0302,3267.2498
133014000,3328.6825,1224900,16430200,5313071400,69350521000,3271.8402,3331.7077,3270.0302,3267.2498
133019000,3328.6983,1140500,17243700,5314211900,69367764700,3271.8402,3331.7077,3270.0302,3267.2498
133024000,3328.5681,1198200,14369300,5315410100,69382134000,3271.8402,3331.7077,3270.0302,3267.2498
133029000,3328.8918,3642200,41171600,5319052300,69423305600,3271.8402,3331.7077,3270.0302,3267.2498
133034000,3329.187,1873900,22996100,5320926200,69446301700,3271.8402,3331.7077,3270.0302,3267.2498
133039000,3328.9395,1584600,26625800,5322510800,69472927500,3271.8402,3331.7077,3270.0302,3267.2498
133044000,3329.2784,2331300,33561100,5324842100,69506488600,3271.8402,3331.7077,3270.0302,3267.2498
133049000,3329.2554,1811200,32315600,5326653300,69538804200,3271.8402,3331.7077,3270.0302,3267.2498
133054000,3329.463,2121400,28990500,5328774700,69567794700,3271.8402,3331.7077,3270.0302,3267.2498
133059000,3329.471,2696100,34402000,5331470800,69602196700,3271.8402,3331.7077,3270.0302,3267.2498
133104000,3329.421,1603000,34607500,5333073800,69636804200,3271.8402,3331.7077,3270.0302,3267.2498
133109000,3329.6723,1991100,28548800,5335064900,69665353000,3271.8402,3331.7077,3270.0302,3267.2498
133114000,3330.0553,1834200,24643900,5336899100,69689996900,3271.8402,3331.7077,3270.0302,3267.2498
133119000,3329.8615,1327000,20596400,5338226100,69710593300,3271.8402,3331.7077,3270.0302,3267.2498
133124000,3330.1419,1428700,18556800,5339654800,69729150100,3271.8402,3331.7077,3270.0302,3267.2498
133129000,3329.9044,1645700,24504600,5341300500,69753654700,3271.8402,3331.7077,3270.0302,3267.2498
133134000,3330.3565,1046900,16792200,5342347400,69770446900,3271.8402,3331.7077,3270.0302,3267.2498
133139000,3330.6461,2192500,34960900,5344539900,69805407800,3271.8402,3331.7077,3270.0302,3267.2498
133144000,3330.5455,1775800,24044700,5346315700,69829452500,3271.8402,3331.7077,3270.0302,3267.2498
133149000,3330.3584,1308300,25540900,5347624000,69854993400,3271.8402,3331.7077,3270.0302,3267.2498
133154000,3330.7842,1328300,23136800,5348952300,69878130200,3271.8402,3331.7077,3270.0302,3267.2498
133159000,3330.4232,1524200,25681700,5350476500,69903811900,3271.8402,3331.7077,3270.0302,3267.2498
133204000,3330.4828,1151600,24918300,5351628100,69928730200,3271.8402,3331.7077,3270.0302,3267.2498
133209000,3330.7622,2093400,25852000,5353721500,69954582200,3271.8402,3331.7077,3270.0302,3267.2498
133214000,3330.9801,1874200,25411700,5355595700,69979993900,3271.8402,3331.7077,3270.0302,3267.2498
133219000,3330.8525,1565000,24273300,5357160700,70004267200,3271.8402,3331.7077,3270.0302,3267.2498
133224000,3330.9688,2051200,20042600,5359211900,70024309800,3271.8402,3331.7077,3270.0302,3267.2498
133229000,3330.9362,2594100,33599000,5361806000,70057908800,3271.8402,3331.7077,3270.0302,3267.2498
133234000,3331.046,1020600,18604500,5362826600,70076513300,3271.8402,3331.7077,3270.0302,3267.2498
133239000,3330.7755,1606200,25672500,5364432800,70102185800,3271.8402,3331.7077,3270.0302,3267.2498
133244000,3331.249,1400500,17797600,5365833300,70119983400,3271.8402,3331.7077,3270.0302,3267.2498
133249000,3331.0693,1307900,20403900,5367141200,70140387300,3271.8402,3331.7077,3270.0302,3267.2498
133254000,3330.9227,1504600,20570300,5368645800,70160957600,3271.8402,3331.7077,3270.0302,3267.2498
133259000,3330.667,1855800,25680900,5370501600,70186638500,3271.8402,3331.7077,3270.0302,3267.2498
133304000,3330.5834,1428200,19244800,5371929800,70205883300,3271.8402,3331.7077,3270.0302,3267.2498
133309000,3330.4837,1726400,31218600,5373656200,70237101900,3271.8402,3331.7077,3270.0302,3267.2498
133314000,3330.9404,1581000,24691800,5375237200,70261793700,3271.8402,3331.7077,3270.0302,3267.2498
133319000,3331.1436,1182300,19911000,5376419500,70281704700,3271.8402,3331.7077,3270.0302,3267.2498
133324000,3330.899,1296400,21880400,5377715900,70303585100,3271.8402,3331.7077,3270.0302,3267.2498
133329000,3330.6155,1611700,26315500,5379327600,70329900600,3271.8402,3331.7077,3270.0302,3267.2498
133334000,3330.91,880700,17572100,5380208300,70347472700,3271.8402,3331.7077,3270.0302,3267.2498
133339000,3330.5622,2029000,26493200,5382237300,70373965900,3271.8402,3331.7077,3270.0302,3267.2498
133344000,3330.9088,1249700,20781700,5383487000,70394747600,3271.8402,3331.7077,3270.0302,3267.2498
133349000,3330.9296,3729800,28964700,5387216800,70423712300,3271.8402,3331.7077,3270.0302,3267.2498
133355000,3330.9914,1673700,18810200,5388890500,70442522500,3271.8402,3331.7077,3270.0302,3267.2498
133359000,3330.774,1604100,23693900,5390494600,70466216400,3271.8402,3331.7077,3270.0302,3267.2498
133405000,3330.7746,1488200,21476500,5391982800,70487692900,3271.8402,3331.7077,3270.0302,3267.2498
133410000,3330.4495,1610800,19646400,5393593600,70507339300,3271.8402,3331.7077,3270.0302,3267.2498
133415000,3330.7361,1348100,20840000,5394941700,70528179300,3271.8402,3331.7077,3270.0302,3267.2498
133420000,3330.5436,1648300,22253600,5396590000,70550432900,3271.8402,3331.7077,3270.0302,3267.2498
133425000,3330.3607,1166800,16962200,5397756800,70567395100,3271.8402,3331.7077,3270.0302,3267.2498
133430000,3330.6137,1163800,16856000,5398920600,70584251100,3271.8402,3331.7077,3270.0302,3267.2498
133435000,3330.4458,1674600,23973300,5400595200,70608224400,3271.8402,3331.7077,3270.0302,3267.2498
133440000,3329.8811,1065000,15878800,5401660200,70624103200,3271.8402,3331.7077,3270.0302,3267.2498
133445000,3330.252,1805800,28792800,5403466000,70652896000,3271.8402,3331.7077,3270.0302,3267.2498
133450000,3329.4425,3473600,40097900,5406939600,70692993900,3271.8402,3331.7077,3270.0302,3267.2498
133455000,3329.3018,3287800,39098800,5410227400,70732092700,3271.8402,3331.7077,3270.0302,3267.2498
133500000,3329.2979,3229600,30382000,5413457000,70762474700,3271.8402,3331.7077,3270.0302,3267.2498
133505000,3329.7383,2464700,26488500,5415921700,70788963200,3271.8402,3331.7077,3270.0302,3267.2498
133510000,3329.1782,1942600,21205200,5417864300,70810168400,3271.8402,3331.7077,3270.0302,3267.2498
133515000,3329.5701,1345600,20879200,5419209900,70831047600,3271.8402,3331.7077,3270.0302,3267.2498
133520000,3329.4803,2953900,33515300,5422163800,70864562900,3271.8402,3331.7077,3270.0302,3267.2498
133525000,3329.1679,1808900,26110500,5423972700,70890673400,3271.8402,3331.7077,3270.0302,3267.2498
133530000,3329.2264,1435700,20614600,5425408400,70911288000,3271.8402,3331.7077,3270.0302,3267.2498
133535000,3329.5658,2256900,29233700,5427665300,70940521700,3271.8402,3331.7077,3270.0302,3267.2498
133540000,3329.2993,846000,12549500,5428511300,70953071200,3271.8402,3331.7077,3270.0302,3267.2498
133545000,3328.818,2173500,23255700,5430684800,70976326900,3271.8402,3331.7077,3270.0302,3267.2498
133550000,3328.8937,1685000,20815100,5432369800,70997142000,3271.8402,3331.7077,3270.0302,3267.2498
133555000,3329.0874,1228700,18707700,5433598500,71015849700,3271.8402,3331.7077,3270.0302,3267.2498
133600000,3328.768,1314700,17496400,5434913200,71033346100,3271.8402,3331.7077,3270.0302,3267.2498
133605000,3328.6848,1699800,22147500,5436613000,71055493600,3271.8402,3331.7077,3270.0302,3267.2498
133610000,3328.3829,1835700,23537600,5438448700,71079031200,3271.8402,3331.7077,3270.0302,3267.2498
133615000,3328.6656,2476000,27822400,5440924700,71106853600,3271.8402,3331.7077,3270.0302,3267.2498
133620000,3328.5121,1767500,21648200,5442692200,71128501800,3271.8402,3331.7077,3270.0302,3267.2498
133625000,3328.0766,1336700,16492400,5444028900,71144994200,3271.8402,3331.7077,3270.0302,3267.2498
133630000,3328.1844,1225700,15365100,5445254600,71160359300,3271.8402,3331.7077,3270.0302,3267.2498
133635000,3328.3373,2478800,26880000,5447733400,71187239300,3271.8402,3331.7077,3270.0302,3267.2498
133640000,3327.6024,1525200,18662300,5449258600,71205901600,3271.8402,3331.7077,3270.0302,3267.2498
133645000,3327.8603,1306500,20909300,5450565100,71226810900,3271.8402,3331.7077,3270.0302,3267.2498
133650000,3328.0593,2454600,24918800,5453019700,71251729700,3271.8402,3331.7077,3270.0302,3267.2498
133655000,3327.5778,2225300,25914200,5455245000,71277643900,3271.8402,3331.7077,3270.0302,3267.2498
133700000,3327.3836,1771000,15298900,5457016000,71292942800,3271.8402,3331.7077,3270.0302,3267.2498
133705000,3327.2456,2290700,24926500,5459306700,71317869300,3271.8402,3331.7077,3270.0302,3267.2498
133710000,3327.0278,1085500,15531800,5460392200,71333401100,3271.8402,3331.7077,3270.0302,3267.2498
133715000,3327.0042,3108300,30022900,5463500500,71363424000,3271.8402,3331.7077,3270.0302,3267.2498
133720000,3326.8911,1692300,20214000,5465192800,71383638000,3271.8402,3331.7077,3270.0302,3267.2498
133725000,3327.1866,1465700,22134200,5466658500,71405772200,3271.8402,3331.7077,3270.0302,3267.2498
133730000,3326.9928,1848000,19524100,5468506500,71425296300,3271.8402,3331.7077,3270.0302,3267.2498
133735000,3326.9814,1318700,19926200,5469825200,71445222500,3271.8402,3331.7077,3270.0302,3267.2498
133740000,3326.9611,834100,10871600,5470659300,71456094100,3271.8402,3331.7077,3270.0302,3267.2498
133745000,3326.7326,1717100,23161800,5472376400,71479255900,3271.8402,3331.7077,3270.0302,3267.2498
133750000,3326.6363,1696900,25039500,5474073300,71504295400,3271.8402,3331.7077,3270.0302,3267.2498
133755000,3326.6779,1438700,18501300,5475512000,71522796700,3271.8402,3331.7077,3270.0302,3267.2498
133800000,3326.5864,2136500,23465900,5477648500,71546262600,3271.8402,3331.7077,3270.0302,3267.2498
133806000,3326.5931,2978600,33876600,5480627100,71580139200,3271.8402,3331.7077,3270.0302,3267.2498
133811000,3326.5118,1668500,24303400,5482295600,71604442600,3271.8402,3331.7077,3270.0302,3267.2498
133815000,3326.6519,1375500,18201400,5483671100,71622644000,3271.8402,3331.7077,3270.0302,3267.2498
133821000,3326.4304,2739300,30815500,5486410400,71653459500,3271.8402,3331.7077,3270.0302,3267.2498
133826000,3326.286,2413000,26952500,5488823400,71680412000,3271.8402,3331.7077,3270.0302,3267.2498
133830000,3326.4771,1393600,21262800,5490217000,71701674800,3271.8402,3331.7077,3270.0302,3267.2498
133836000,3326.1135,2583600,26191500,5492800600,71727866300,3271.8402,3331.7077,3270.0302,3267.2498
133841000,3325.4931,1891100,22606900,5494691700,71750473200,3271.8402,3331.7077,3270.0302,3267.2498
133845000,3325.993,1308200,19613800,5495999900,71770087000,3271.8402,3331.7077,3270.0302,3267.2498
133851000,3325.8512,3543000,32999600,5499542900,71803086600,3271.8402,3331.7077,3270.0302,3267.2498
133856000,3326.1244,1613600,24472400,5501156500,71827559000,3271.8402,3331.7077,3270.0302,3267.2498
133900000,3326.2316,1048800,17778900,5502205300,71845337900,3271.8402,3331.7077,3270.0302,3267.2498
133906000,3325.8907,1481400,23268700,5503686700,71868606600,3271.8402,3331.7077,3270.0302,3267.2498
133911000,3325.9977,1614700,27843800,5505301400,71896450400,3271.8402,3331.7077,3270.0302,3267.2498
133915000,3325.9019,1953600,23880400,5507255000,71920330800,3271.8402,3331.7077,3270.0302,3267.2498
133921000,3325.7388,3595400,28934600,5510850400,71949265400,3271.8402,3331.7077,3270.0302,3267.2498
133926000,3325.2174,3188200,30891500,5514038600,71980156900,3271.8402,3331.7077,3270.0302,3267.2498
133930000,3325.2882,1411700,17747500,5515450300,71997904400,3271.8402,3331.7077,3270.0302,3267.2498
133936000,3325.488,1599600,20379300,5517049900,72018283700,3271.8402,3331.7077,3270.0302,3267.2498
133941000,3325.3778,7151000,31780700,5524200900,72050064400,3271.8402,3331.7077,3270.0302,3267.2498
133945000,3325.459,1530200,13372300,5525731100,72063436700,3271.8402,3331.7077,3270.0302,3267.2498
133951000,3325.3996,3408600,25857000,5529139700,72089293700,3271.8402,3331.7077,3270.0302,3267.2498
133956000,3325.5239,2782700,20690700,5531922400,72109984400,3271.8402,3331.7077,3270.0302,3267.2498
134000000,3325.4395,1996700,25962300,5533919100,72135946700,3271.8402,3331.7077,3270.0302,3267.2498
134006000,3325.3834,1645200,18118000,5535564300,72154064700,3271.8402,3331.7077,3270.0302,3267.2498
134011000,3325.6316,2149000,24459200,5537713300,72178523900,3271.8402,3331.7077,3270.0302,3267.2498
134015000,3325.7734,2396200,20861900,5540109500,72199385800,3271.8402,3331.7077,3270.0302,3267.2498
134021000,3325.1946,2927000,26243700,5543036500,72225629500,3271.8402,3331.7077,3270.0302,3267.2498
134026000,3325.2808,2080500,21381100,5545117000,72247010600,3271.8402,3331.7077,3270.0302,3267.2498
134030000,3325.2662,1818100,19683900,5546935100,72266694500,3271.8402,3331.7077,3270.0302,3267.2498
134036000,3325.4157,1415600,14642100,5548350700,72281336600,3271.8402,3331.7077,3270.0302,3267.2498
134041000,3325.1892,2901400,28027900,5551252100,72309364500,3271.8402,3331.7077,3270.0302,3267.2498
134045000,3325.3922,1101700,13911800,5552353800,72323276300,3271.8402,3331.7077,3270.0302,3267.2498
134051000,3325.1501,1654100,19484100,5554007900,72342760400,3271.8402,3331.7077,3270.0302,3267.2498
134056000,3325.1257,1511500,25558600,5555519400,72368319000,3271.8402,3331.7077,3270.0302,3267.2498
134100000,3324.7159,1604100,21823500,5557123500,72390142500,3271.8402,3331.7077,3270.0302,3267.2498
134106000,3325.0532,1324400,18773700,5558447900,72408916200,3271.8402,3331.7077,3270.0302,3267.2498
134111000,3325.2555,1402800,17909100,5559850700,72426825300,3271.8402,3331.7077,3270.0302,3267.2498
134115000,3325.3798,842300,11798400,5560693000,72438623700,3271.8402,3331.7077,3270.0302,3267.2498
134121000,3325.2127,1651200,22506000,5562344200,72461129700,3271.8402,3331.7077,3270.0302,3267.2498
134126000,3325.2644,1865800,28526000,5564210000,72489655700,3271.8402,3331.7077,3270.0302,3267.2498
134130000,3325.0051,1792500,19365900,5566002500,72509021600,3271.8402,3331.7077,3270.0302,3267.2498
134136000,3325.2731,2235600,24965500,5568238100,72533987100,3271.8402,3331.7077,3270.0302,3267.2498
134141000,3325.3091,1482600,17534900,5569720700,72551522000,3271.8402,3331.7077,3270.0302,3267.2498
134145000,3325.1265,805300,12770500,5570526000,72564292500,3271.8402,3331.7077,3270.0302,3267.2498
134151000,3324.97,2178800,26353200,5572704800,72590645700,3271.8402,3331.7077,3270.0302,3267.2498
134156000,3325.4056,1359300,20162000,5574064100,72610807700,3271.8402,3331.7077,3270.0302,3267.2498
134200000,3325.2329,966600,18499200,5575030700,72629306900,3271.8402,3331.7077,3270.0302,3267.2498
134206000,3325.3662,1586200,20035800,5576616900,72649342700,3271.8402,3331.7077,3270.0302,3267.2498
134211000,3325.3475,1285200,19358300,5577902100,72668701000,3271.8402,3331.7077,3270.0302,3267.2498
134215000,3325.3942,773000,10798600,5578675100,72679499600,3271.8402,3331.7077,3270.0302,3267.2498
134221000,3324.9617,1782400,22216800,5580457500,72701716400,3271.8402,3331.7077,3270.0302,3267.2498
134226000,3325.1074,1444400,20173600,5581901900,72721890000,3271.8402,3331.7077,3270.0302,3267.2498
134232000,3324.714,1676300,19642200,5583578200,72741532200,3271.8402,3331.7077,3270.0302,3267.2498
134236000,3324.4619,1209300,20388700,5584787500,72761920900,3271.8402,3331.7077,3270.0302,3267.2498
134242000,3324.6836,2585200,32413400,5587372700,72794334300,3271.8402,3331.7077,3270.0302,3267.2498
134247000,3324.4092,1705600,25441400,5589078300,72819775700,3271.8402,3331.7077,3270.0302,3267.2498
134251000,3324.4127,955300,16599700,5590033600,72836375400,3271.8402,3331.7077,3270.0302,3267.2498
134257000,3324.5712,1718800,21981700,5591752400,72858357100,3271.8402,3331.7077,3270.0302,3267.2498
134302000,3324.668,1386100,19713100,5593138500,72878070200,3271.8402,3331.7077,3270.0302,3267.2498
134306000,3324.2255,1415500,19477200,5594554000,72897547400,3271.8402,3331.7077,3270.0302,3267.2498
134312000,3324.3268,1394900,17463300,5595948900,72915010700,3271.8402,3331.7077,3270.0302,3267.2498
134317000,3324.0165,1188300,19526100,5597137200,72934536800,3271.8402,3331.7077,3270.0302,3267.2498
134321000,3323.7727,1144400,17435200,5598281600,72951972000,3271.8402,3331.7077,3270.0302,3267.2498
134327000,3323.7555,2589500,28948600,5600871100,72980920600,3271.8402,3331.7077,3270.0302,3267.2498
134332000,3323.727,2332500,24221000,5603203600,73005141600,3271.8402,3331.7077,3270.0302,3267.2498
134336000,3323.5236,1542700,19643100,5604746300,73024784700,3271.8402,3331.7077,3270.0302,3267.2498
134342000,3323.4993,1697400,23049100,5606443700,73047833800,3271.8402,3331.7077,3270.0302,3267.2498
134347000,3322.929,2290300,26423900,5608734000,73074257700,3271.8402,3331.7077,3270.0302,3267.2498
134351000,3322.7508,1017500,14791500,5609751500,73089049200,3271.8402,3331.7077,3270.0302,3267.2498
134357000,3322.9452,2476300,31216300,5612227800,73120265500,3271.8402,3331.7077,3270.0302,3267.2498
134402000,3322.8461,1697900,21724500,5613925700,73141990000,3271.8402,3331.7077,3270.0302,3267.2498
134406000,3323.0691,1462100,18231900,5615387800,73160221900,3271.8402,3331.7077,3270.0302,3267.2498
134412000,3323.4532,1761600,20676500,5617149400,73180898400,3271.8402,3331.7077,3270.0302,3267.2498
134417000,3322.9736,3925500,32842500,5621074900,73213740900,3271.8402,3331.7077,3270.0302,3267.2498
134421000,3322.9856,1011200,17773100,5622086100,73231514000,3271.8402,3331.7077,3270.0302,3267.2498
134427000,3322.9629,1660500,22402000,5623746600,73253916000,3271.8402,3331.7077,3270.0302,3267.2498
134432000,3322.9497,1948600,25500400,5625695200,73279416400,3271.8402,3331.7077,3270.0302,3267.2498
134436000,3323.1522,1027500,13902600,5626722700,73293319000,3271.8402,3331.7077,3270.0302,3267.2498
134442000,3323.0455,1223200,20234900,5627945900,73313553900,3271.8402,3331.7077,3270.0302,3267.2498
134447000,3322.9241,2087200,21680300,5630033100,73335234200,3271.8402,3331.7077,3270.0302,3267.2498
134451000,3322.8962,708300,10571800,5630741400,73345806000,3271.8402,3331.7077,3270.0302,3267.2498
134457000,3322.7623,1773600,21601400,5632515000,73367407400,3271.8402,3331.7077,3270.0302,3267.2498
134502000,3323.0024,1514300,21337400,5634029300,73388744800,3271.8402,3331.7077,3270.0302,3267.2498
134506000,3322.9261,1884200,25519300,5635913500,73414264100,3271.8402,3331.7077,3270.0302,3267.2498
134512000,3323.0298,1172300,16612100,5637085800,73430876200,3271.8402,3331.7077,3270.0302,3267.2498
134517000,3322.9735,1493900,16681300,5638579700,73447557500,3271.8402,3331.7077,3270.0302,3267.2498
134521000,3322.8644,758700,10667100,5639338400,73458224600,3271.8402,3331.7077,3270.0302,3267.2498
134527000,3322.8542,1495000,21864500,5640833400,73480089100,3271.8402,3331.7077,3270.0302,3267.2498
134532000,3322.7393,1614900,18256100,5642448300,73498345200,3271.8402,3331.7077,3270.0302,3267.2498
134536000,3323.199,2105200,18182500,5644553500,73516527700,3271.8402,3331.7077,3270.0302,3267.2498
134542000,3323.0033,1262600,16762800,5645816100,73533290500,3271.8402,3331.7077,3270.0302,3267.2498
134547000,3322.6385,1745100,23064500,5647561200,73556355000,3271.8402,3331.7077,3270.0302,3267.2498
134551000,3322.7234,869800,14781400,5648431000,73571136400,3271.8402,3331.7077,3270.0302,3267.2498
134557000,3323.1976,2026500,25764900,5650457500,73596901300,3271.8402,3331.7077,3270.0302,3267.2498
134602000,3323.0563,1763700,21054200,5652221200,73617955500,3271.8402,3331.7077,3270.0302,3267.2498
134606000,3323.0397,3602700,27114400,5655823900,73645069900,3271.8402,3331.7077,3270.0302,3267.2498
134612000,3323.1437,1234100,16021400,5657058000,73661091300,3271.8402,3331.7077,3270.0302,3267.2498
134617000,3322.9572,3219500,25432900,5660277500,73686524200,3271.8402,3331.7077,3270.0302,3267.2498
134621000,3323.0629,667000,9869400,5660944500,73696393600,3271.8402,3331.7077,3270.0302,3267.2498
134627000,3322.8414,2046100,33210300,5662990600,73729603900,3271.8402,3331.7077,3270.0302,3267.2498
134632000,3323.1251,2258700,26761500,5665249300,73756365400,3271.8402,3331.7077,3270.0302,3267.2498
134638000,3323.0124,1352900,17860900,5666602200,73774226300,3271.8402,3331.7077,3270.0302,3267.2498
134642000,3323.3904,1837000,22054200,5668439200,73796280500,3271.8402,3331.7077,3270.0302,3267.2498
134648000,3323.146,1898400,23661100,5670337600,73819941600,3271.8402,3331.7077,3270.0302,3267.2498
134653000,3322.9996,1706400,20265200,5672044000,73840206800,3271.8402,3331.7077,3270.0302,3267.2498
134657000,3323.5613,558900,8202900,5672602900,73848409700,3271.8402,3331.7077,3270.0302,3267.2498
134703000,3323.4671,1857500,26968900,5674460400,73875378600,3271.8402,3331.7077,3270.0302,3267.2498
134708000,3323.3068,2791000,30833700,5677251400,73906212300,3271.8402,3331.7077,3270.0302,3267.2498
134712000,3323.3929,1439600,18444200,5678691000,73924656500,3271.8402,3331.7077,3270.0302,3267.2498
134718000,3323.325,1717000,19514500,5680408000,73944171000,3271.8402,3331.7077,3270.0302,3267.2498
134723000,3323.4891,1692000,25962500,5682100000,73970133500,3271.8402,3331.7077,3270.0302,3267.2498
134727000,3323.2981,1163900,14549100,5683263900,73984682600,3271.8402,3331.7077,3270.0302,3267.2498
134733000,3323.3016,1994900,28643600,5685258800,74013326200,3271.8402,3331.7077,3270.0302,3267.2498
134738000,3323.7464,1446900,19212100,5686705700,74032538300,3271.8402,3331.7077,3270.0302,3267.2498
134742000,3323.4489,1011100,14540000,5687716800,74047078300,3271.8402,3331.7077,3270.0302,3267.2498
134748000,3323.7899,1222700,14510500,5688939500,74061588800,3271.8402,3331.7077,3270.0302,3267.2498
134753000,3323.7347,1594200,20710300,5690533700,74082299100,3271.8402,3331.7077,3270.0302,3267.2498
134757000,3323.7667,1365600,17983300,5691899300,74100282400,3271.8402,3331.7077,3270.0302,3267.2498
134803000,3323.5909,1734700,19545600,5693634000,74119828000,3271.8402,3331.7077,3270.0302,3267.2498
134808000,3323.631,1406800,18489000,5695040800,74138317000,3271.8402,3331.7077,3270.0302,3267.2498
134812000,3323.581,1427100,17445900,5696467900,74155762900,3271.8402,3331.7077,3270.0302,3267.2498
134818000,3323.5291,1449800,19160400,5697917700,74174923300,3271.8402,3331.7077,3270.0302,3267.2498
134823000,3324.0579,1612100,15804900,5699529800,74190728200,3271.8402,3331.7077,3270.0302,3267.2498
134827000,3323.9901,1629000,18447600,5701158800,74209175800,3271.8402,3331.7077,3270.0302,3267.2498
134833000,3324.0644,1734300,21495900,5702893100,74230671700,3271.8402,3331.7077,3270.0302,3267.2498
134838000,3323.9131,2699300,25372500,5705592400,74256044200,3271.8402,3331.7077,3270.0302,3267.2498
134842000,3324.0253,1261600,19368000,5706854000,74275412200,3271.8402,3331.7077,3270.0302,3267.2498
134848000,3324.0904,1305600,19128300,5708159600,74294540500,3271.8402,3331.7077,3270.0302,3267.2498
134853000,3324.4414,2388700,27147800,5710548300,74321688300,3271.8402,3331.7077,3270.0302,3267.2498
134857000,3324.1256,1108200,13582800,5711656500,74335271100,3271.8402,3331.7077,3270.0302,3267.2498
134903000,3324.0779,2659100,27265500,5714315600,74362536600,3271.8402,3331.7077,3270.0302,3267.2498
134908000,3324.0394,1393300,19458900,5715708900,74381995500,3271.8402,3331.7077,3270.0302,3267.2498
134912000,3324.1516,1833500,17420700,5717542400,74399416200,3271.8402,3331.7077,3270.0302,3267.2498
134918000,3323.7313,991000,13471100,5718533400,74412887300,3271.8402,3331.7077,3270.0302,3267.2498
134923000,3324.0743,2280400,25163700,5720813800,74438051000,3271.8402,3331.7077,3270.0302,3267.2498
134927000,3324.0234,1703100,18737400,5722516900,74456788400,3271.8402,3331.7077,3270.0302,3267.2498
134933000,3324.5698,1651800,17940200,5724168700,74474728600,3271.8402,3331.7077,3270.0302,3267.2498
134938000,3324.1976,1573800,17461700,5725742500,74492190300,3271.8402,3331.7077,3270.0302,3267.2498
134942000,3324.1622,1459400,20617200,5727201900,74512807500,3271.8402,3331.7077,3270.0302,3267.2498
134948000,3324.269,1298400,14627700,5728500300,74527435200,3271.8402,3331.7077,3270.0302,3267.2498
134953000,3323.9759,1803300,22573900,5730303600,74550009100,3271.8402,3331.7077,3270.0302,3267.2498
134957000,3323.9428,767100,12507500,5731070700,74562516600,3271.8402,3331.7077,3270.0302,3267.2498
135003000,3323.9026,1376300,17074600,5732447000,74579591200,3271.8402,3331.7077,3270.0302,3267.2498
135008000,3324.237,1886700,25129900,5734333700,74604721100,3271.8402,3331.7077,3270.0302,3267.2498
135012000,3324.0964,1020600,16914900,5735354300,74621636000,3271.8402,3331.7077,3270.0302,3267.2498
135018000,3324.1076,1336200,16836300,5736690500,74638472300,3271.8402,3331.7077,3270.0302,3267.2498
135023000,3324.1276,1926500,23398500,5738617000,74661870800,3271.8402,3331.7077,3270.0302,3267.2498
135027000,3324.1967,924900,13248900,5739541900,74675119700,3271.8402,3331.7077,3270.0302,3267.2498
135033000,3324.1653,1846500,21389300,5741388400,74696509000,3271.8402,3331.7077,3270.0302,3267.2498
135038000,3324.3192,1369600,16990900,5742758000,74713499900,3271.8402,3331.7077,3270.0302,3267.2498
135042000,3324.2112,1275500,14586800,5744033500,74728086700,3271.8402,3331.7077,3270.0302,3267.2498
135048000,3323.9782,1421600,20713100,5745455100,74748799800,3271.8402,3331.7077,3270.0302,3267.2498
135053000,3324.0289,1339600,19428300,5746794700,74768228100,3271.8402,3331.7077,3270.0302,3267.2498
135057000,3323.7916,744100,9703600,5747538800,74777931700,3271.8402,3331.7077,3270.0302,3267.2498
135103000,3323.2699,1539300,21064100,5749078100,74798995800,3271.8402,3331.7077,3270.0302,3267.2498
135109000,3323.0944,2056300,23956400,5751134400,74822952200,3271.8402,3331.7077,3270.0302,3267.2498
135114000,3323.5853,1669800,25452700,5752804200,74848404900,3271.8402,3331.7077,3270.0302,3267.2498
135118000,3323.8311,1754700,21616600,5754558900,74870021500,3271.8402,3331.7077,3270.0302,3267.2498
135124000,3323.7287,1123400,14369900,5755682300,74884391400,3271.8402,3331.7077,3270.0302,3267.2498
135129000,3323.3929,1869400,21876500,5757551700,74906267900,3271.8402,3331.7077,3270.0302,3267.2498
135133000,3323.442,979400,14632900,5758531100,74920900800,3271.8402,3331.7077,3270.0302,3267.2498
135139000,3323.1953,1949600,26545100,5760480700,74947445900,3271.8402,3331.7077,3270.0302,3267.2498
135144000,3323.6515,1144700,15334800,5761625400,74962780700,3271.8402,3331.7077,3270.0302,3267.2498
135148000,3323.4158,982400,13738400,5762607800,74976519100,3271.8402,3331.7077,3270.0302,3267.2498
135154000,3323.2524,1772900,19407700,5764380700,74995926800,3271.8402,3331.7077,3270.0302,3267.2498
135159000,3323.1227,1399900,20402400,5765780600,75016329200,3271.8402,3331.7077,3270.0302,3267.2498
135203000,3322.792,707300,8515300,5766487900,75024844500,3271.8402,3331.7077,3270.0302,3267.2498
135209000,3323.4331,2545000,29895700,5769032900,75054740200,3271.8402,3331.7077,3270.0302,3267.2498
135214000,3323.2773,1336000,18748500,5770368900,75073488700,3271.8402,3331.7077,3270.0302,3267.2498
135218000,3323.1129,1960900,22973100,5772329800,75096461800,3271.8402,3331.7077,3270.0302,3267.2498
135224000,3322.254,1984200,24318800,5774314000,75120780600,3271.8402,3331.7077,3270.0302,3267.2498
135229000,3322.4497,3489700,34806000,5777803700,75155586600,3271.8402,3331.7077,3270.0302,3267.2498
135233000,3322.565,1300500,17893100,5779104200,75173479700,3271.8402,3331.7077,3270.0302,3267.2498
135239000,3321.8738,2152400,25821500,5781256600,75199301200,3271.8402,3331.7077,3270.0302,3267.2498
135244000,3322.019,1623100,20970600,5782879700,75220271800,3271.8402,3331.7077,3270.0302,3267.2498
135248000,3322.1751,2062200,26051000,5784941900,75246322800,3271.8402,3331.7077,3270.0302,3267.2498
135254000,3321.8786,2789100,27768700,5787731000,75274091500,3271.8402,3331.7077,3270.0302,3267.2498
135259000,3321.4404,2935500,40240500,5790666500,75314332000,3271.8402,3331.7077,3270.0302,3267.2498
135303000,3321.1453,1103200,14942600,5791769700,75329274600,3271.8402,3331.7077,3270.0302,3267.2498
135309000,3321.1967,2347700,32636100,5794117400,75361910700,3271.8402,3331.7077,3270.0302,3267.2498
135314000,3320.9302,2658900,29199500,5796776300,75391110200,3271.8402,3331.7077,3270.0302,3267.2498
135318000,3320.8849,1534400,22031600,5798310700,75413141800,3271.8402,3331.7077,3270.0302,3267.2498
135324000,3320.7708,1660800,20170900,5799971500,75433312700,3271.8402,3331.7077,3270.0302,3267.2498
135329000,3320.958,1907500,27329900,5801879000,75460642600,3271.8402,3331.7077,3270.0302,3267.2498
135333000,3320.9862,1038200,17956300,5802917200,75478598900,3271.8402,3331.7077,3270.0302,3267.2498
135339000,3320.8272,3046100,30110900,5805963300,75508709800,3271.8402,3331.7077,3270.0302,3267.2498
135344000,3320.6851,3226000,32354800,5809189300,75541064600,3271.8402,3331.7077,3270.0302,3267.2498
135348000,3320.8914,2239000,24938100,5811428300,75566002700,3271.8402,3331.7077,3270.0302,3267.2498
135354000,3320.9601,1893200,25467900,5813321500,75591470600,3271.8402,3331.7077,3270.0302,3267.2498
135359000,3320.4729,2371900,29773100,5815693400,75621243700,3271.8402,3331.7077,3270.0302,3267.2498
135403000,3320.389,801900,10854800,5816495300,75632098500,3271.8402,3331.7077,3270.0302,3267.2498
135409000,3320.2273,2800300,31184500,5819295600,75663283000,3271.8402,3331.7077,3270.0302,3267.2498
135414000,3320.3422,3591600,34692000,5822887200,75697975000,3271.8402,3331.7077,3270.0302,3267.2498
135418000,3319.8913,2174200,35021000,5825061400,75732996000,3271.8402,3331.7077,3270.0302,3267.2498
135424000,3319.5206,2167800,24384200,5827229200,75757380200,3271.8402,3331.7077,3270.0302,3267.2498
135429000,3319.9631,1866000,22296200,5829095200,75779676400,3271.8402,3331.7077,3270.0302,3267.2498
135433000,3319.7136,1415400,19495000,5830510600,75799171400,3271.8402,3331.7077,3270.0302,3267.2498
135439000,3319.7192,2827600,33003000,5833338200,75832174400,3271.8402,3331.7077,3270.0302,3267.2498
135444000,3319.9324,2662300,37240300,5836000500,75869414700,3271.8402,3331.7077,3270.0302,3267.2498
135448000,3319.6841,1981900,30644700,5837982400,75900059400,3271.8402,3331.7077,3270.0302,3267.2498
135454000,3319.3182,2131200,26055400,5840113600,75926114800,3271.8402,3331.7077,3270.0302,3267.2498
135459000,3319.3734,1999700,28789500,5842113300,75954904300,3271.8402,3331.7077,3270.0302,3267.2498
135503000,3319.286,1559100,22791600,5843672400,75977695900,3271.8402,3331.7077,3270.0302,3267.2498
135509000,3319.3032,1789700,28779600,5845462100,76006475500,3271.8402,3331.7077,3270.0302,3267.2498
135514000,3319.4122,2499700,34058700,5847961800,76040534200,3271.8402,3331.7077,3270.0302,3267.2498
135518000,3319.3504,1407200,20917100,5849369000,76061451300,3271.8402,3331.7077,3270.0302,3267.2498
135524000,3319.5133,2625300,31767900,5851994300,76093219200,3271.8402,3331.7077,3270.0302,3267.2498
135530000,3319.7149,1869200,19709400,5853863500,76112928600,3271.8402,3331.7077,3270.0302,3267.2498
135535000,3319.585,2095000,29201900,5855958500,76142130500,3271.8402,3331.7077,3270.0302,3267.2498
135539000,3319.66,1322700,15363100,5857281200,76157493600,3271.8402,3331.7077,3270.0302,3267.2498
135545000,3319.7366,2756800,30904500,5860038000,76188398100,3271.8402,3331.7077,3270.0302,3267.2498
135550000,3319.3957,2208800,28714500,5862246800,76217112600,3271.8402,3331.7077,3270.0302,3267.2498
135554000,3319.696,1119300,16817100,5863366100,76233929700,3271.8402,3331.7077,3270.0302,3267.2498
135600000,3319.532,1763900,22905300,5865130000,76256835000,3271.8402,3331.7077,3270.0302,3267.2498
135605000,3319.7729,3168400,34282700,5868298400,76291117700,3271.8402,3331.7077,3270.0302,3267.2498
135609000,3319.662,1545700,18803600,5869844100,76309921300,3271.8402,3331.7077,3270.0302,3267.2498
135615000,3319.7458,2997300,34187000,5872841400,76344108300,3271.8402,3331.7077,3270.0302,3267.2498
135620000,3319.718,2226100,35362500,5875067500,76379470800,3271.8402,3331.7077,3270.0302,3267.2498
135624000,3319.9552,2667700,35522400,5877735200,76414993200,3271.8402,3331.7077,3270.0302,3267.2498
135630000,3319.7525,1591300,19456300,5879326500,76434449500,3271.8402,3331.7077,3270.0302,3267.2498
135635000,3320.244,3188400,34434800,5882514900,76468884300,3271.8402,3331.7077,3270.0302,3267.2498
135639000,3320.6612,1024400,13409200,5883539300,76482293500,3271.8402,3331.7077,3270.0302,3267.2498
135645000,3320.4068,2045400,29244200,5885584700,76511537700,3271.8402,3331.7077,3270.0302,3267.2498
135650000,3320.3556,1193900,18125700,5886778600,76529663400,3271.8402,3331.7077,3270.0302,3267.2498
135654000,3320.1216,2029900,31056500,5888808500,76560719900,3271.8402,3331.7077,3270.0302,3267.2498
135700000,3320.4726,1234100,23255900,5890042600,76583975800,3271.8402,3331.7077,3270.0302,3267.2498
135705000,3320.4891,1771700,24405600,5891814300,76608381400,3271.8402,3331.7077,3270.0302,3267.2498
135709000,3320.7488,943400,15918600,5892757700,76624300000,3271.8402,3331.7077,3270.0302,3267.2498
135715000,3320.9801,3885300,40697300,5896643000,76664997300,3271.8402,3331.7077,3270.0302,3267.2498
135720000,3320.8828,1533300,23737700,5898176300,76688735000,3271.8402,3331.7077,3270.0302,3267.2498
135724000,3320.6453,2381100,19974500,5900557400,76708709500,3271.8402,3331.7077,3270.0302,3267.2498
135730000,3320.5986,1058000,14845300,5901615400,76723554800,3271.8402,3331.7077,3270.0302,3267.2498
135735000,3321.3051,1474800,19026600,5903090200,76742581400,3271.8402,3331.7077,3270.0302,3267.2498
135739000,3321.137,1104900,12784000,5904195100,76755365400,3271.8402,3331.7077,3270.0302,3267.2498
135745000,3321.204,1266200,20748200,5905461300,76776113600,3271.8402,3331.7077,3270.0302,3267.2498
135750000,3320.9228,1517800,20872200,5906979100,76796985800,3271.8402,3331.7077,3270.0302,3267.2498
135754000,3321.1415,1078600,19970200,5908057700,76816956000,3271.8402,3331.7077,3270.0302,3267.2498
135800000,3321.2799,1619300,15343600,5909677000,76832299600,3271.8402,3331.7077,3270.0302,3267.2498
135805000,3321.2276,1719400,22832000,5911396400,76855131600,3271.8402,3331.7077,3270.0302,3267.2498
135809000,3320.9642,868500,12845500,5912264900,76867977100,3271.8402,3331.7077,3270.0302,3267.2498
135815000,3321.3522,1551500,18550800,5913816400,76886527900,3271.8402,3331.7077,3270.0302,3267.2498
135820000,3321.0458,1606400,21427400,5915422800,76907955300,3271.8402,3331.7077,3270.0302,3267.2498
135824000,3320.908,1368500,23234500,5916791300,76931189800,3271.8402,3331.7077,3270.0302,3267.2498
135830000,3320.9288,1539100,19641300,5918330400,76950831100,3271.8402,3331.7077,3270.0302,3267.2498
135835000,3320.406,1963800,32747300,5920294200,76983578400,3271.8402,3331.7077,3270.0302,3267.2498
135839000,3320.4673,1910300,16872900,5922204500,77000451300,3271.8402,3331.7077,3270.0302,3267.2498
135845000,3320.7955,1366000,25646500,5923570500,77026097800,3271.8402,3331.7077,3270.0302,3267.2498
135850000,3320.9485,1343600,23007000,5924914100,77049104800,3271.8402,3331.7077,3270.0302,3267.2498
135854000,3321.2977,1191100,19076100,5926105200,77068180900,3271.8402,3331.7077,3270.0302,3267.2498
135900000,3321.0593,1577600,17832200,5927682800,77086013100,3271.8402,3331.7077,3270.0302,3267.2498
135905000,3321.2065,1967100,28124900,5929649900,77114138000,3271.8402,3331.7077,3270.0302,3267.2498
135909000,3321.1379,695700,13724700,5930345600,77127862700,3271.8402,3331.7077,3270.0302,3267.2498
135915000,3321.5991,1771600,24209800,5932117200,77152072500,3271.8402,3331.7077,3270.0302,3267.2498
135920000,3321.1647,1960600,24755100,5934077800,77176827600,3271.8402,3331.7077,3270.0302,3267.2498
135924000,3320.8257,910900,18003300,5934988700,77194830900,3271.8402,3331.7077,3270.0302,3267.2498
135930000,3321.4761,1897400,24615500,5936886100,77219446400,3271.8402,3331.7077,3270.0302,3267.2498
135935000,3321.3674,1056500,13368600,5937942600,77232815000,3271.8402,3331.7077,3270.0302,3267.2498
135941000,3321.2558,1847100,24966000,5939789700,77257781000,3271.8402,3331.7077,3270.0302,3267.2498
135945000,3321.5191,1289000,15592800,5941078700,77273373800,3271.8402,3331.7077,3270.0302,3267.2498
135951000,3321.1953,1695600,22245400,5942774300,77295619200,3271.8402,3331.7077,3270.0302,3267.2498
135956000,3320.9752,2011500,22001100,5944785800,77317620300,3271.8402,3331.7077,3270.0302,3267.2498
140000000,3321.2445,2086300,20718000,5946872100,77338338300,3271.8402,3331.7077,3270.0302,3267.2498
140006000,3321.4775,2551500,25661800,5949423600,77364000100,3271.8402,3331.7077,3270.0302,3267.2498
140011000,3321.2775,2100800,21746200,5951524400,77385746300,3271.8402,3331.7077,3270.0302,3267.2498
140015000,3321.1289,1049000,15272800,5952573400,77401019100,3271.8402,3331.7077,3270.0302,3267.2498
140021000,3320.5564,4472600,39612900,5957046000,77440632000,3271.8402,3331.7077,3270.0302,3267.2498
140026000,3320.1107,1893000,27561200,5958939000,77468193200,3271.8402,3331.7077,3270.0302,3267.2498
140030000,3320.4092,2205000,29154400,5961144000,77497347600,3271.8402,3331.7077,3270.0302,3267.2498
140036000,3320.0084,1554500,22312700,5962698500,77519660300,3271.8402,3331.7077,3270.0302,3267.2498
140041000,3320.2415,1967000,29079000,5964665500,77548739300,3271.8402,3331.7077,3270.0302,3267.2498
140045000,3320.1532,1765700,17151100,5966431200,77565890400,3271.8402,3331.7077,3270.0302,3267.2498
140051000,3320.0622,1795200,26673000,5968226400,77592563400,3271.8402,3331.7077,3270.0302,3267.2498
140056000,3319.2342,4746900,36015500,5972973300,77628578900,3271.8402,3331.7077,3270.0302,3267.2498
140100000,3319.5391,2135300,29525500,5975108600,77658104400,3271.8402,3331.7077,3270.0302,3267.2498
140106000,3319.6928,1344900,16369600,5976453500,77674474000,3271.8402,3331.7077,3270.0302,3267.2498
140111000,3319.9576,2764900,26861900,5979218400,77701335900,3271.8402,3331.7077,3270.0302,3267.2498
140115000,3320.415,1370700,16000500,5980589100,77717336400,3271.8402,3331.7077,3270.0302,3267.2498
140121000,3320.2456,2157000,30959400,5982746100,77748295800,3271.8402,3331.7077,3270.0302,3267.2498
140126000,3320.2564,1883200,26758200,5984629300,77775054000,3271.8402,3331.7077,3270.0302,3267.2498
140130000,3320.6508,1711800,26552200,5986341100,77801606200,3271.8402,3331.7077,3270.0302,3267.2498
140136000,3321.0352,2290100,28442100,5988631200,77830048300,3271.8402,3331.7077,3270.0302,3267.2498
140141000,3321.6187,3792400,47938800,5992423600,77877987100,3271.8402,3331.7077,3270.0302,3267.2498
140145000,3321.5227,1862600,26403300,5994286200,77904390400,3271.8402,3331.7077,3270.0302,3267.2498
140151000,3322.0433,3167200,51610100,5997453400,77956000500,3271.8402,3331.7077,3270.0302,3267.2498
140156000,3322.4893,2593300,40093800,6000046700,77996094300,3271.8402,3331.7077,3270.0302,3267.2498
140200000,3322.4569,2425600,43270100,6002472300,78039364400,3271.8402,3331.7077,3270.0302,3267.2498
140206000,3322.9702,2685000,35831000,6005157300,78075195400,3271.8402,3331.7077,3270.0302,3267.2498
140211000,3323.2559,2876400,33476000,6008033700,78108671400,3271.8402,3331.7077,3270.0302,3267.2498
140215000,3323.3935,1463000,26447400,6009496700,78135118800,3271.8402,3331.7077,3270.0302,3267.2498
140221000,3323.5238,2620600,35310300,6012117300,78170429100,3271.8402,3331.7077,3270.0302,3267.2498
140226000,3323.5218,2324000,31884600,6014441300,78202313700,3271.8402,3331.7077,3270.0302,3267.2498
140230000,3323.5655,1246100,21321300,6015687400,78223635000,3271.8402,3331.7077,3270.0302,3267.2498
140236000,3323.4754,1937000,26694800,6017624400,78250329800,3271.8402,3331.7077,3270.0302,3267.2498
140241000,3323.8714,1714500,25806700,6019338900,78276136500,3271.8402,3331.7077,3270.0302,3267.2498
140245000,3323.8466,1334900,32812900,6020673800,78308949400,3271.8402,3331.7077,3270.0302,3267.2498
140251000,3323.6645,1836700,27606800,6022510500,78336556200,3271.8402,3331.7077,3270.0302,3267.2498
140256000,3323.5798,1446200,24079700,6023956700,78360635900,3271.8402,3331.7077,3270.0302,3267.2498
140300000,3323.5179,1729300,21082600,6025686000,78381718500,3271.8402,3331.7077,3270.0302,3267.2498
140306000,3323.5225,1518800,20749400,6027204800,78402467900,3271.8402,3331.7077,3270.0302,3267.2498
140311000,3323.7852,1589800,21564600,6028794600,78424032500,3271.8402,3331.7077,3270.0302,3267.2498
140315000,3324.033,1018400,18915400,6029813000,78442947900,3271.8402,3331.7077,3270.0302,3267.2498
140321000,3324.2607,1837900,26488400,6031650900,78469436300,3271.8402,3331.7077,3270.0302,3267.2498
140326000,3324.4516,1642500,29518700,6033293400,78498955000,3271.8402,3331.7077,3270.0302,3267.2498
140330000,3324.1778,1233600,17580600,6034527000,78516535600,3271.8402,3331.7077,3270.0302,3267.2498
140336000,3324.4282,1539500,19658800,6036066500,78536194400,3271.8402,3331.7077,3270.0302,3267.2498
140341000,3324.9138,1990300,27838300,6038056800,78564032700,3271.8402,3331.7077,3270.0302,3267.2498
140345000,3324.5392,1448100,18046900,6039504900,78582079600,3271.8402,3331.7077,3270.0302,3267.2498
140351000,3324.525,3126300,35589400,6042631200,78617669000,3271.8402,3331.7077,3270.0302,3267.2498
140357000,3324.4436,1816800,27022400,6044448000,78644691400,3271.8402,3331.7077,3270.0302,3267.2498
140402000,3324.441,1517800,19435100,6045965800,78664126500,3271.8402,3331.7077,3270.0302,3267.2498
140406000,3324.9058,1516400,25374800,6047482200,78689501300,3271.8402,3331.7077,3270.0302,3267.2498
140412000,3324.8527,1148200,14276400,6048630400,78703777700,3271.8402,3331.7077,3270.0302,3267.2498
140417000,3325.096,1497700,20925000,6050128100,78724702700,3271.8402,3331.7077,3270.0302,3267.2498
140421000,3325.0787,749800,12319300,6050877900,78737022000,3271.8402,3331.7077,3270.0302,3267.2498
140427000,3325.0926,2143300,28804300,6053021200,78765826300,3271.8402,3331.7077,3270.0302,3267.2498
140432000,3324.6618,2031700,29597400,6055052900,78795423700,3271.8402,3331.7077,3270.0302,3267.2498
140436000,3325.0011,1344200,23944800,6056397100,78819368500,3271.8402,3331.7077,3270.0302,3267.2498
140442000,3324.743,1775200,20889900,6058172300,78840258400,3271.8402,3331.7077,3270.0302,3267.2498
140447000,3324.7963,2384900,33399800,6060557200,78873658200,3271.8402,3331.7077,3270.0302,3267.2498
140451000,3324.684,1410000,21508600,6061967200,78895166800,3271.8402,3331.7077,3270.0302,3267.2498
140457000,3324.727,1492100,28623800,6063459300,78923790600,3271.8402,3331.7077,3270.0302,3267.2498
140502000,3324.6742,1318800,21635100,6064778100,78945425700,3271.8402,3331.7077,3270.0302,3267.2498
140506000,3324.8639,1025100,19564400,6065803200,78964990100,3271.8402,3331.7077,3270.0302,3267.2498
140512000,3324.8726,1267200,19931600,6067070400,78984921700,3271.8402,3331.7077,3270.0302,3267.2498
140517000,3325.0241,1424000,24481300,6068494400,79009403000,3271.8402,3331.7077,3270.0302,3267.2498
140521000,3324.8154,669800,12492700,6069164200,79021895700,3271.8402,3331.7077,3270.0302,3267.2498
140527000,3324.8896,1930600,30444700,6071094800,79052340400,3271.8402,3331.7077,3270.0302,3267.2498
140532000,3324.8554,1494700,22616500,6072589500,79074956900,3271.8402,3331.7077,3270.0302,3267.2498
140536000,3324.8199,1335800,20631700,6073925300,79095588600,3271.8402,3331.7077,3270.0302,3267.2498
140542000,3325.1339,1311500,18369900,6075236800,79113958500,3271.8402,3331.7077,3270.0302,3267.2498
140547000,3325.1312,1157600,17500900,6076394400,79131459400,3271.8402,3331.7077,3270.0302,3267.2498
140551000,3324.9832,867700,16129100,6077262100,79147588500,3271.8402,3331.7077,3270.0302,3267.2498
140557000,3324.6632,1814900,26558800,6079077000,79174147300,3271.8402,3331.7077,3270.0302,3267.2498
140602000,3324.8889,1882700,29355200,6080959700,79203502500,3271.8402,3331.7077,3270.0302,3267.2498
140606000,3324.4942,1492900,24987400,6082452600,79228489900,3271.8402,3331.7077,3270.0302,3267.2498
140612000,3324.5551,1644400,18248500,6084097000,79246738400,3271.8402,3331.7077,3270.0302,3267.2498
140617000,3324.5778,1662500,23433600,6085759500,79270172000,3271.8402,3331.7077,3270.0302,3267.2498
140621000,3323.8547,1306100,20541900,6087065600,79290713900,3271.8402,3331.7077,3270.0302,3267.2498
140627000,3324.0477,1910900,25809700,6088976500,79316523600,3271.8402,3331.7077,3270.0302,3267.2498
140632000,3324.0202,2161200,31015100,6091137700,79347538700,3271.8402,3331.7077,3270.0302,3267.2498
140636000,3323.8639,1220600,23052000,6092358300,79370590700,3271.8402,3331.7077,3270.0302,3267.2498
140642000,3323.812,1609800,24563400,6093968100,79395154100,3271.8402,3331.7077,3270.0302,3267.2498
140647000,3322.9341,1889500,25863300,6095857600,79421017400,3271.8402,3331.7077,3270.0302,3267.2498
140651000,3323.0877,1171300,14854700,6097028900,79435872100,3271.8402,3331.7077,3270.0302,3267.2498
140657000,3323.1828,1812000,23748500,6098840900,79459620600,3271.8402,3331.7077,3270.0302,3267.2498
140702000,3323.2266,1944000,26050400,6100784900,79485671000,3271.8402,3331.7077,3270.0302,3267.2498
140706000,3323.113,1375000,20470100,6102159900,79506141100,3271.8402,3331.7077,3270.0302,3267.2498
140712000,3323.1259,1392100,20075600,6103552000,79526216700,3271.8402,3331.7077,3270.0302,3267.2498
140717000,3322.995,1530100,23928400,6105082100,79550145100,3271.8402,3331.7077,3270.0302,3267.2498
140721000,3322.6376,1014700,12373300,6106096800,79562518400,3271.8402,3331.7077,3270.0302,3267.2498
140727000,3322.6724,2061300,23518700,6108158100,79586037100,3271.8402,3331.7077,3270.0302,3267.2498
140732000,3323.0396,3253900,26841600,6111412000,79612878700,3271.8402,3331.7077,3270.0302,3267.2498
140736000,3322.7868,1329000,17565400,6112741000,79630444100,3271.8402,3331.7077,3270.0302,3267.2498
140742000,3323.0353,2025600,18397100,6114766600,79648841200,3271.8402,3331.7077,3270.0302,3267.2498
140747000,3323.0728,1611000,20376500,6116377600,79669217700,3271.8402,3331.7077,3270.0302,3267.2498
140751000,3322.9816,1039400,12197200,6117417000,79681414900,3271.8402,3331.7077,3270.0302,3267.2498
140757000,3323.1339,1770700,22305400,6119187700,79703720300,3271.8402,3331.7077,3270.0302,3267.2498
140802000,3322.932,1345500,23264300,6120533200,79726984600,3271.8402,3331.7077,3270.0302,3267.2498
140806000,3322.9729,1571300,19750000,6122104500,79746734600,3271.8402,3331.7077,3270.0302,3267.2498
140812000,3323.0353,1901700,25187900,6124006200,79771922500,3271.8402,3331.7077,3270.0302,3267.2498
140818000,3323.1118,1036200,15140300,6125042400,79787062800,3271.8402,3331.7077,3270.0302,3267.2498
140823000,3323.1993,1133400,19075100,6126175800,79806137900,3271.8402,3331.7077,3270.0302,3267.2498
140827000,3323.1892,660800,11609400,6126836600,79817747300,3271.8402,3331.7077,3270.0302,3267.2498
140833000,3323.146,1704000,19569700,6128540600,79837317000,3271.8402,3331.7077,3270.0302,3267.2498
140838000,3323.5402,1328100,18617600,6129868700,79855934600,3271.8402,3331.7077,3270.0302,3267.2498
140842000,3322.9051,1377900,19829700,6131246600,79875764300,3271.8402,3331.7077,3270.0302,3267.2498
140848000,3323.2499,1725300,24674000,6132971900,79900438300,3271.8402,3331.7077,3270.0302,3267.2498
140853000,3323.49,1432500,19724400,6134404400,79920162700,3271.8402,3331.7077,3270.0302,3267.2498
140857000,3323.1149,1241900,15979600,6135646300,79936142300,3271.8402,3331.7077,3270.0302,3267.2498
140903000,3323.5551,3871100,63970700,6139517400,80000113000,3271.8402,3331.7077,3270.0302,3267.2498
140908000,3323.9638,2056300,27135400,6141573700,80027248400,3271.8402,3331.7077,3270.0302,3267.2498
140912000,3324.1191,1605200,25836100,6143178900,80053084500,3271.8402,3331.7077,3270.0302,3267.2498
140918000,3324.1418,1496400,25214000,6144675300,80078298500,3271.8402,3331.7077,3270.0302,3267.2498
140923000,3324.1914,1637900,25304500,6146313200,80103603000,3271.8402,3331.7077,3270.0302,3267.2498
140927000,3324.6531,1074200,18552700,6147387400,80122155700,3271.8402,3331.7077,3270.0302,3267.2498
140933000,3324.7221,3145600,45116000,6150533000,80167271700,3271.8402,3331.7077,3270.0302,3267.2498
140938000,3325.5225,2924800,46595500,6153457800,80213867200,3271.8402,3331.7077,3270.0302,3267.2498
140942000,3325.5352,2272100,35657000,6155729900,80249524200,3271.8402,3331.7077,3270.0302,3267.2498
140948000,3325.4065,2100600,31469100,6157830500,80280993300,3271.8402,3331.7077,3270.0302,3267.2498
140953000,3325.6225,3001900,49721400,6160832400,80330714700,3271.8402,3331.7077,3270.0302,3267.2498
140957000,3325.7917,1770400,24708400,6162602800,80355423100,3271.8402,3331.7077,3270.0302,3267.2498
141003000,3325.8149,2975800,45866400,6165578600,80401289500,3271.8402,3331.7077,3270.0302,3267.2498
141008000,3325.9458,3627700,48558000,6169206300,80449847500,3271.8402,3331.7077,3270.0302,3267.2498
141012000,3326.0391,2246300,37391900,6171452600,80487239400,3271.8402,3331.7077,3270.0302,3267.2498
141018000,3326.5581,4437200,57169700,6175889800,80544409100,3271.8402,3331.7077,3270.0302,3267.2498
141023000,3326.8291,3804800,42092200,6179694600,80586501300,3271.8402,3331.7077,3270.0302,3267.2498
141027000,3326.9637,1575000,19537100,6181269600,80606038400,3271.8402,3331.7077,3270.0302,3267.2498
141033000,3327.0135,4419000,47962400,6185688600,80654000800,3271.8402,3331.7077,3270.0302,3267.2498
141038000,3327.3938,6373600,57032000,6192062200,80711032800,3271.8402,3331.7077,3270.0302,3267.2498
141042000,3327.6513,3166800,43598000,6195229000,80754630800,3271.8402,3331.7077,3270.0302,3267.2498
141048000,3327.7687,2169600,29350900,6197398600,80783981700,3271.8402,3331.7077,3270.0302,3267.2498
141053000,3327.9472,2811500,34906100,6200210100,80818887800,3271.8402,3331.7077,3270.0302,3267.2498
141057000,3327.5793,1769400,26866100,6201979500,80845753900,3271.8402,3331.7077,3270.0302,3267.2498
141103000,3327.4549,2755100,39730500,6204734600,80885484400,3271.8402,3331.7077,3270.0302,3267.2498
141108000,3327.6968,2860700,42728700,6207595300,80928213100,3271.8402,3331.7077,3270.0302,3267.2498
141112000,3327.8896,6756400,44427800,6214351700,80972640900,3271.8402,3331.7077,3270.0302,3267.2498
141118000,3328.1929,4234400,39932100,6218586100,81012573000,3271.8402,3331.7077,3270.0302,3267.2498
141123000,3328.009,4527100,38971700,6223113200,81051544700,3271.8402,3331.7077,3270.0302,3267.2498
141127000,3328.0543,2473300,27700800,6225586500,81079245500,3271.8402,3331.7077,3270.0302,3267.2498
141133000,3327.9583,2078700,30844200,6227665200,81110089700,3271.8402,3331.7077,3270.0302,3267.2498
141138000,3328.2579,2697400,30000200,6230362600,81140089900,3271.8402,3331.7077,3270.0302,3267.2498
141142000,3328.1796,1376000,22487500,6231738600,81162577400,3271.8402,3331.7077,3270.0302,3267.2498
141148000,3328.2327,1868500,27641900,6233607100,81190219300,3271.8402,3331.7077,3270.0302,3267.2498
141153000,3328.1493,2578000,33288200,6236185100,81223507500,3271.8402,3331.7077,3270.0302,3267.2498
141157000,3328.1214,1614800,20137900,6237799900,81243645400,3271.8402,3331.7077,3270.0302,3267.2498
141203000,3327.925,2724300,36462000,6240524200,81280107400,3271.8402,3331.7077,3270.0302,3267.2498
141208000,3327.9305,2272200,33023200,6242796400,81313130600,3271.8402,3331.7077,3270.0302,3267.2498
141212000,3328.0738,1567400,21729000,6244363800,81334859600,3271.8402,3331.7077,3270.0302,3267.2498
141218000,3328.2604,2140500,27286900,6246504300,81362146500,3271.8402,3331.7077,3270.0302,3267.2498
141223000,3328.4224,1458500,23138600,6247962800,81385285100,3271.8402,3331.7077,3270.0302,3267.2498
141229000,3328.2298,1750500,24811000,6249713300,81410096100,3271.8402,3331.7077,3270.0302,3267.2498
141233000,3328.3684,722400,11392100,6250435700,81421488200,3271.8402,3331.7077,3270.0302,3267.2498
141239000,3328.2478,1706100,22812500,6252141800,81444300700,3271.8402,3331.7077,3270.0302,3267.2498
141244000,3328.1266,2026100,25949600,6254167900,81470250300,3271.8402,3331.7077,3270.0302,3267.2498
141248000,3328.1658,982500,16309000,6255150400,81486559300,3271.8402,3331.7077,3270.0302,3267.2498
141254000,3327.9394,1408200,18850800,6256558600,81505410100,3271.8402,3331.7077,3270.0302,3267.2498
141259000,3328.2547,2070800,26622400,6258629400,81532032500,3271.8402,3331.7077,3270.0302,3267.2498
141303000,3328.3579,980000,10043300,6259609400,81542075800,3271.8402,3331.7077,3270.0302,3267.2498
141309000,3328.1138,1308500,19753500,6260917900,81561829300,3271.8402,3331.7077,3270.0302,3267.2498
141314000,3328.5108,2669400,27849900,6263587300,81589679200,3271.8402,3331.7077,3270.0302,3267.2498
141318000,3328.1685,1582000,21254600,6265169300,81610933800,3271.8402,3331.7077,3270.0302,3267.2498
141324000,3328.2528,1551600,19217600,6266720900,81630151400,3271.8402,3331.7077,3270.0302,3267.2498
141329000,3328.0291,2479100,25325600,6269200000,81655477000,3271.8402,3331.7077,3270.0302,3267.2498
141333000,3327.9644,1180900,17086200,6270380900,81672563200,3271.8402,3331.7077,3270.0302,3267.2498
141339000,3327.9928,2159800,30137600,6272540700,81702700800,3271.8402,3331.7077,3270.0302,3267.2498
141344000,3327.8409,1841000,21146300,6274381700,81723847100,3271.8402,3331.7077,3270.0302,3267.2498
141348000,3327.4565,1475000,20912200,6275856700,81744759300,3271.8402,3331.7077,3270.0302,3267.2498
141354000,3327.4043,2051500,24553000,6277908200,81769312300,3271.8402,3331.7077,3270.0302,3267.2498
141359000,3327.3953,3783900,40476700,6281692100,81809789000,3271.8402,3331.7077,3270.0302,3267.2498
141403000,3327.5681,1192300,16613400,6282884400,81826402400,3271.8402,3331.7077,3270.0302,3267.2498
141409000,3327.348,1588700,21968200,6284473100,81848370600,3271.8402,3331.7077,3270.0302,3267.2498
141414000,3327.4799,1818200,22610600,6286291300,81870981200,3271.8402,3331.7077,3270.0302,3267.2498
141418000,3327.4213,1336000,24285100,6287627300,81895266300,3271.8402,3331.7077,3270.0302,3267.2498
141424000,3327.5753,1143200,15054600,6288770500,81910320900,3271.8402,3331.7077,3270.0302,3267.2498
141429000,3327.6794,2039800,25404200,6290810300,81935725100,3271.8402,3331.7077,3270.0302,3267.2498
141433000,3327.6943,862800,12248600,6291673100,81947973700,3271.8402,3331.7077,3270.0302,3267.2498
141439000,3327.7247,1789600,28654000,6293462700,81976627700,3271.8402,3331.7077,3270.0302,3267.2498
141444000,3327.9808,1737700,27922800,6295200400,82004550500,3271.8402,3331.7077,3270.0302,3267.2498
141448000,3327.5095,1146700,21119100,6296347100,82025669600,3271.8402,3331.7077,3270.0302,3267.2498
141454000,3327.5451,1230200,16928800,6297577300,82042598400,3271.8402,3331.7077,3270.0302,3267.2498
141459000,3327.5959,1399600,20413000,6298976900,82063011400,3271.8402,3331.7077,3270.0302,3267.2498
141503000,3327.6022,874200,11728100,6299851100,82074739500,3271.8402,3331.7077,3270.0302,3267.2498
141509000,3328.1291,2421200,26145700,6302272300,82100885200,3271.8402,3331.7077,3270.0302,3267.2498
141514000,3327.7042,1616500,21069400,6303888800,82121954600,3271.8402,3331.7077,3270.0302,3267.2498
141518000,3327.7687,1165600,18479000,6305054400,82140433600,3271.8402,3331.7077,3270.0302,3267.2498
141524000,3327.7598,1313600,17836800,6306368000,82158270400,3271.8402,3331.7077,3270.0302,3267.2498
141529000,3327.7013,1826100,27272000,6308194100,82185542400,3271.8402,3331.7077,3270.0302,3267.2498
141533000,3327.5466,1176800,14170800,6309370900,82199713200,3271.8402,3331.7077,3270.0302,3267.2498
141539000,3327.7942,1796000,26038300,6311166900,82225751500,3271.8402,3331.7077,3270.0302,3267.2498
141544000,3328.0828,2002200,31523600,6313169100,82257275100,3271.8402,3331.7077,3270.0302,3267.2498
141548000,3328.1313,1559400,26192500,6314728500,82283467600,3271.8402,3331.7077,3270.0302,3267.2498
141554000,3328.0324,1581200,19752000,6316309700,82303219600,3271.8402,3331.7077,3270.0302,3267.2498
141559000,3327.8806,2037900,27173100,6318347600,82330392700,3271.8402,3331.7077,3270.0302,3267.2498
141603000,3327.9975,880500,13729700,6319228100,82344122400,3271.8402,3331.7077,3270.0302,3267.2498
141609000,3327.9448,1720900,25923200,6320949000,82370045600,3271.8402,3331.7077,3270.0302,3267.2498
141614000,3328.211,1727500,27974100,6322676500,82398019700,3271.8402,3331.7077,3270.0302,3267.2498
141618000,3328.3277,1246500,17550700,6323923000,82415570400,3271.8402,3331.7077,3270.0302,3267.2498
141624000,3328.1866,1153100,18355900,6325076100,82433926300,3271.8402,3331.7077,3270.0302,3267.2498
141629000,3328.5264,1856200,27451300,6326932300,82461377600,3271.8402,3331.7077,3270.0302,3267.2498
141635000,3328.215,1992700,27535100,6328925000,82488912700,3271.8402,3331.7077,3270.0302,3267.2498
141639000,3328.3859,1160400,16545200,6330085400,82505457900,3271.8402,3331.7077,3270.0302,3267.2498
141645000,3328.4024,4938600,36764600,6335024000,82542222500,3271.8402,3331.7077,3270.0302,3267.2498
141650000,3328.6121,1619500,19396200,6336643500,82561618700,3271.8402,3331.7077,3270.0302,3267.2498
141654000,3328.2026,1250800,17247100,6337894300,82578865800,3271.8402,3331.7077,3270.0302,3267.2498
141700000,3328.3471,1260600,15099600,6339154900,82593965400,3271.8402,3331.7077,3270.0302,3267.2498
141705000,3327.9282,2775000,30861100,6341929900,82624826500,3271.8402,3331.7077,3270.0302,3267.2498
141709000,3328.1786,2456900,18280600,6344386800,82643107100,3271.8402,3331.7077,3270.0302,3267.2498
141715000,3328.446,2146200,27725300,6346533000,82670832400,3271.8402,3331.7077,3270.0302,3267.2498
141720000,3328.5099,2635000,24749600,6349168000,82695582000,3271.8402,3331.7077,3270.0302,3267.2498
141724000,3328.1027,1382500,21576900,6350550500,82717158900,3271.8402,3331.7077,3270.0302,3267.2498
141730000,3328.5639,1144700,15448400,6351695200,82732607300,3271.8402,3331.7077,3270.0302,3267.2498
141735000,3328.4508,1310700,21918200,6353005900,82754525500,3271.8402,3331.7077,3270.0302,3267.2498
141739000,3328.4373,1480300,13885100,6354486200,82768410600,3271.8402,3331.7077,3270.0302,3267.2498
141745000,3328.5734,1522400,22753600,6356008600,82791164200,3271.8402,3331.7077,3270.0302,3267.2498
141750000,3328.4232,2392900,26691800,6358401500,82817856000,3271.8402,3331.7077,3270.0302,3267.2498
141754000,3328.4489,2159900,26191800,6360561400,82844047800,3271.8402,3331.7077,3270.0302,3267.2498
141800000,3328.2793,969100,15435300,6361530500,82859483100,3271.8402,3331.7077,3270.0302,3267.2498
141805000,3328.3688,1897700,25790500,6363428200,82885273600,3271.8402,3331.7077,3270.0302,3267.2498
141809000,3328.0598,1587900,17730200,6365016100,82903003800,3271.8402,3331.7077,3270.0302,3267.2498
141815000,3328.4393,2016800,32654300,6367032900,82935658100,3271.8402,3331.7077,3270.0302,3267.2498
141820000,3328.5233,1247200,16063600,6368280100,82951721700,3271.8402,3331.7077,3270.0302,3267.2498
141824000,3328.5423,1434900,21383600,6369715000,82973105300,3271.8402,3331.7077,3270.0302,3267.2498
141830000,3328.6111,1407800,17819500,6371122800,82990924800,3271.8402,3331.7077,3270.0302,3267.2498
141835000,3328.4474,2382800,28031800,6373505600,83018956600,3271.8402,3331.7077,3270.0302,3267.2498
141839000,3328.4027,759000,11287100,6374264600,83030243700,3271.8402,3331.7077,3270.0302,3267.2498
141845000,3328.7462,1650500,21904100,6375915100,83052147800,3271.8402,3331.7077,3270.0302,3267.2498
141850000,3329.024,1841500,23507000,6377756600,83075654800,3271.8402,3331.7077,3270.0302,3267.2498
141854000,3328.8678,2171800,27419500,6379928400,83103074300,3271.8402,3331.7077,3270.0302,3267.2498
141900000,3329.1466,2605700,21836000,6382534100,83124910300,3271.8402,3331.7077,3270.0302,3267.2498
141905000,3328.7829,3059800,31220100,6385593900,83156130400,3271.8402,3331.7077,3270.0302,3267.2498
141909000,3328.9931,2108200,16675000,6387702100,83172805400,3271.8402,3331.7077,3270.0302,3267.2498
141915000,3329.1362,2616000,32634700,6390318100,83205440100,3271.8402,3331.7077,3270.0302,3267.2498
141920000,3329.328,1964200,24669600,6392282300,83230109700,3271.8402,3331.7077,3270.0302,3267.2498
141924000,3329.0167,2497300,27486600,6394779600,83257596300,3271.8402,3331.7077,3270.0302,3267.2498
141930000,3328.9926,1831200,28793500,6396610800,83286389800,3271.8402,3331.7077,3270.0302,3267.2498
141935000,3329.0334,1799800,28013000,6398410600,83314402800,3271.8402,3331.7077,3270.0302,3267.2498
141939000,3329.239,674500,11359100,6399085100,83325761900,3271.8402,3331.7077,3270.0302,3267.2498
141945000,3329.2202,2172100,29863500,6401257200,83355625400,3271.8402,3331.7077,3270.0302,3267.2498
141950000,3329.1811,1480100,20793400,6402737300,83376418800,3271.8402,3331.7077,3270.0302,3267.2498
141954000,3329.3157,877800,13185100,6403615100,83389603900,3271.8402,3331.7077,3270.0302,3267.2498
142000000,3329.5959,1388600,17752500,6405003700,83407356400,3271.8402,3331.7077,3270.0302,3267.2498
142005000,3329.6481,1547600,25791900,6406551300,83433148300,3271.8402,3331.7077,3270.0302,3267.2498
142009000,3329.4311,918900,15551900,6407470200,83448700200,3271.8402,3331.7077,3270.0302,3267.2498
142015000,3329.406,1854100,27575800,6409324300,83476276000,3271.8402,3331.7077,3270.0302,3267.2498
142020000,3329.1918,1616000,27441600,6410940300,83503717600,3271.8402,3331.7077,3270.0302,3267.2498
142024000,3329.4168,1899000,25803400,6412839300,83529521000,3271.8402,3331.7077,3270.0302,3267.2498
142030000,3329.5558,1598300,25627100,6414437600,83555148100,3271.8402,3331.7077,3270.0302,3267.2498
142035000,3329.2495,2062700,29526200,6416500300,83584674300,3271.8402,3331.7077,3270.0302,3267.2498
142039000,3329.4481,1738800,18245600,6418239100,83602919900,3271.8402,3331.7077,3270.0302,3267.2498
142045000,3329.362,1769400,26946100,6420008500,83629866000,3271.8402,3331.7077,3270.0302,3267.2498
142050000,3329.3687,2342600,24502000,6422351100,83654368000,3271.8402,3331.7077,3270.0302,3267.2498
142054000,3329.824,2658300,40512500,6425009400,83694880500,3271.8402,3331.7077,3270.0302,3267.2498
142100000,3329.4762,1944600,27578400,6426954000,83722458900,3271.8402,3331.7077,3270.0302,3267.2498
142106000,3329.3555,1297800,18943400,6428251800,83741402300,3271.8402,3331.7077,3270.0302,3267.2498
142111000,3329.3685,1742700,25507200,6429994500,83766909500,3271.8402,3331.7077,3270.0302,3267.2498
142115000,3329.4851,1333700,18818700,6431328200,83785728200,3271.8402,3331.7077,3270.0302,3267.2498
142121000,3329.5334,2049200,28639200,6433377400,83814367400,3271.8402,3331.7077,3270.0302,3267.2498
142126000,3329.4246,2092400,31356600,6435469800,83845724000,3271.8402,3331.7077,3270.0302,3267.2498
142130000,3329.3014,1585200,23110000,6437055000,83868834000,3271.8402,3331.7077,3270.0302,3267.2498
142136000,3328.6869,1926800,27069800,6438981800,83895903800,3271.8402,3331.7077,3270.0302,3267.2498
142141000,3328.9086,2070500,28386200,6441052300,83924290000,3271.8402,3331.7077,3270.0302,3267.2498
142145000,3328.9179,1351900,17121100,6442404200,83941411100,3271.8402,3331.7077,3270.0302,3267.2498
142151000,3327.8574,4003800,46707300,6446408000,83988118400,3271.8402,3331.7077,3270.0302,3267.2498
142156000,3328.1806,2864000,36359200,6449272000,84024477600,3271.8402,3331.7077,3270.0302,3267.2498
142200000,3327.7373,2999300,33963700,6452271300,84058441300,3271.8402,3331.7077,3270.0302,3267.2498
142206000,3327.7301,2435000,33840700,6454706300,84092282000,3271.8402,3331.7077,3270.0302,3267.2498
142211000,3327.3229,2421700,35334300,6457128000,84127616300,3271.8402,3331.7077,3270.0302,3267.2498
142215000,3327.2656,1588400,20869500,6458716400,84148485800,3271.8402,3331.7077,3270.0302,3267.2498
142221000,3326.7828,2342700,35460200,6461059100,84183946000,3271.8402,3331.7077,3270.0302,3267.2498
142226000,3326.4962,3000900,44345900,6464060000,84228291900,3271.8402,3331.7077,3270.0302,3267.2498
142230000,3326.7842,3310600,33727400,6467370600,84262019300,3271.8402,3331.7077,3270.0302,3267.2498
142236000,3325.9349,2608200,28989400,6469978800,84291008700,3271.8402,3331.7077,3270.0302,3267.2498
142241000,3326.4202,1960000,27637400,6471938800,84318646100,3271.8402,3331.7077,3270.0302,3267.2498
142245000,3325.6843,2210000,26599700,6474148800,84345245800,3271.8402,3331.7077,3270.0302,3267.2498
142251000,3325.5561,4502100,45361800,6478650900,84390607600,3271.8402,3331.7077,3270.0302,3267.2498
142256000,3324.7976,3613900,41152200,6482264800,84431759800,3271.8402,3331.7077,3270.0302,3267.2498
142300000,3324.9569,2794700,34715000,6485059500,84466474800,3271.8402,3331.7077,3270.0302,3267.2498
142306000,3325.2343,2662600,26816600,6487722100,84493291400,3271.8402,3331.7077,3270.0302,3267.2498
142311000,3325.1314,4677500,37898300,6492399600,84531189700,3271.8402,3331.7077,3270.0302,3267.2498
142315000,3324.4754,2976300,28160100,6495375900,84559349800,3271.8402,3331.7077,3270.0302,3267.2498
142321000,3324.8238,3373100,35800300,6498749000,84595150100,3271.8402,3331.7077,3270.0302,3267.2498
142326000,3324.6339,3156200,31243700,6501905200,84626393800,3271.8402,3331.7077,3270.0302,3267.2498
142330000,3324.6542,1356300,18645600,6503261500,84645039400,3271.8402,3331.7077,3270.0302,3267.2498
142336000,3324.855,1707100,22381100,6504968600,84667420500,3271.8402,3331.7077,3270.0302,3267.2498
142341000,3324.5037,1657400,21505400,6506626000,84688925900,3271.8402,3331.7077,3270.0302,3267.2498
142345000,3324.3856,1494700,16438800,6508120700,84705364700,3271.8402,3331.7077,3270.0302,3267.2498
142351000,3324.3986,3032900,33028100,6511153600,84738392800,3271.8402,3331.7077,3270.0302,3267.2498
142356000,3324.3924,2187500,26892400,6513341100,84765285200,3271.8402,3331.7077,3270.0302,3267.2498
142400000,3324.4286,1991800,18329300,6515332900,84783614500,3271.8402,3331.7077,3270.0302,3267.2498
142406000,3324.5136,1641900,21663300,6516974800,84805277800,3271.8402,3331.7077,3270.0302,3267.2498
142411000,3324.2628,2463600,33132100,6519438400,84838409900,3271.8402,3331.7077,3270.0302,3267.2498
142415000,3324.4176,935600,11480600,6520374000,84849890500,3271.8402,3331.7077,3270.0302,3267.2498
142421000,3324.3105,1926000,22762400,6522300000,84872652900,3271.8402,3331.7077,3270.0302,3267.2498
142426000,3324.3779,2607800,30777800,6524907800,84903430700,3271.8402,3331.7077,3270.0302,3267.2498
142430000,3324.6914,1606500,22369300,6526514300,84925800000,3271.8402,3331.7077,3270.0302,3267.2498
142436000,3324.2302,4409500,36577200,6530923800,84962377200,3271.8402,3331.7077,3270.0302,3267.2498
142441000,3324.6289,2879200,26810200,6533803000,84989187400,3271.8402,3331.7077,3270.0302,3267.2498
142445000,3324.4219,1364000,16679900,6535167000,85005867300,3271.8402,3331.7077,3270.0302,3267.2498
142451000,3324.1492,2213400,27169100,6537380400,85033036400,3271.8402,3331.7077,3270.0302,3267.2498
142456000,3324.338,1696500,23911500,6539076900,85056947900,3271.8402,3331.7077,3270.0302,3267.2498
142500000,3324.3868,1268200,18826100,6540345100,85075774000,3271.8402,3331.7077,3270.0302,3267.2498
142506000,3324.427,2015300,23690800,6542360400,85099464800,3271.8402,3331.7077,3270.0302,3267.2498
142511000,3324.2292,1295900,21765000,6543656300,85121229800,3271.8402,3331.7077,3270.0302,3267.2498
142517000,3323.9511,1486500,20591100,6545142800,85141820900,3271.8402,3331.7077,3270.0302,3267.2498
142521000,3324.0728,1073100,13976400,6546215900,85155797300,3271.8402,3331.7077,3270.0302,3267.2498
142527000,3324.1082,1626500,18044400,6547842400,85173841700,3271.8402,3331.7077,3270.0302,3267.2498
142532000,3324.4028,1440200,17694200,6549282600,85191535900,3271.8402,3331.7077,3270.0302,3267.2498
142536000,3324.0505,1112400,16847400,6550395000,85208383300,3271.8402,3331.7077,3270.0302,3267.2498
142542000,3324.3289,1671500,18055500,6552066500,85226438800,3271.8402,3331.7077,3270.0302,3267.2498
142547000,3324.4997,1918900,22324800,6553985400,85248763600,3271.8402,3331.7077,3270.0302,3267.2498
142551000,3324.7138,901400,11595500,6554886800,85260359100,3271.8402,3331.7077,3270.0302,3267.2498
142557000,3324.4567,1865200,22205800,6556752000,85282564900,3271.8402,3331.7077,3270.0302,3267.2498
142602000,3324.3689,2345600,25297900,6559097600,85307862800,3271.8402,3331.7077,3270.0302,3267.2498
142606000,3324.5086,1519200,20365100,6560616800,85328227900,3271.8402,3331.7077,3270.0302,3267.2498
142612000,3324.7122,1529600,31178400,6562146400,85359406300,3271.8402,3331.7077,3270.0302,3267.2498
142617000,3324.6218,1288500,19561700,6563434900,85378968000,3271.8402,3331.7077,3270.0302,3267.2498
142621000,3324.8424,554200,7952100,6563989100,85386920100,3271.8402,3331.7077,3270.0302,3267.2498
142627000,3324.9517,2966200,24534400,6566955300,85411454500,3271.8402,3331.7077,3270.0302,3267.2498
142632000,3325.0447,1374900,20281200,6568330200,85431735700,3271.8402,3331.7077,3270.0302,3267.2498
142636000,3324.8317,1244900,16095200,6569575100,85447830900,3271.8402,3331.7077,3270.0302,3267.2498
142642000,3325.2005,1629200,18662800,6571204300,85466493700,3271.8402,3331.7077,3270.0302,3267.2498
142647000,3325.3859,1462400,19503700,6572666700,85485997400,3271.8402,3331.7077,3270.0302,3267.2498
142651000,3325.0105,951800,13182000,6573618500,85499179400,3271.8402,3331.7077,3270.0302,3267.2498
142657000,3325.0609,1324100,19859900,6574942600,85519039300,3271.8402,3331.7077,3270.0302,3267.2498
142702000,3325.223,1538700,19496000,6576481300,85538535300,3271.8402,3331.7077,3270.0302,3267.2498
142706000,3325.0301,1370900,19626100,6577852200,85558161400,3271.8402,3331.7077,3270.0302,3267.2498
142712000,3324.6275,1780900,21673900,6579633100,85579835300,3271.8402,3331.7077,3270.0302,3267.2498
142717000,3324.7832,2019300,24264600,6581652400,85604099900,3271.8402,3331.7077,3270.0302,3267.2498
142721000,3324.9292,2061000,20465000,6583713400,85624564900,3271.8402,3331.7077,3270.0302,3267.2498
142727000,3325.0165,1729600,25410600,6585443000,85649975500,3271.8402,3331.7077,3270.0302,3267.2498
142732000,3325.1521,2450400,27880700,6587893400,85677856200,3271.8402,3331.7077,3270.0302,3267.2498
142736000,3325.0551,1329300,19844700,6589222700,85697700900,3271.8402,3331.7077,3270.0302,3267.2498
142742000,3325.2361,980000,14071300,6590202700,85711772200,3271.8402,3331.7077,3270.0302,3267.2498
142747000,3325.1351,3379500,30144200,6593582200,85741916400,3271.8402,3331.7077,3270.0302,3267.2498
142751000,3325.0058,1180300,13225100,6594762500,85755141500,3271.8402,3331.7077,3270.0302,3267.2498
142757000,3325.0978,1590000,23637200,6596352500,85778778700,3271.8402,3331.7077,3270.0302,3267.2498
142802000,3324.9763,1914100,28267200,6598266600,85807045900,3271.8402,3331.7077,3270.0302,3267.2498
142806000,3325.2014,1696800,23946300,6599963400,85830992200,3271.8402,3331.7077,3270.0302,3267.2498
142812000,3324.5735,1626300,16642100,6601589700,85847634300,3271.8402,3331.7077,3270.0302,3267.2498
142817000,3324.9382,1275200,17452000,6602864900,85865086300,3271.8402,3331.7077,3270.0302,3267.2498
142821000,3325.055,1233200,14605000,6604098100,85879691300,3271.8402,3331.7077,3270.0302,3267.2498
142827000,3324.7205,1827400,24808500,6605925500,85904499800,3271.8402,3331.7077,3270.0302,3267.2498
142832000,3325.0449,2477200,21012500,6608402700,85925512300,3271.8402,3331.7077,3270.0302,3267.2498
142836000,3325.1228,1262000,14576100,6609664700,85940088400,3271.8402,3331.7077,3270.0302,3267.2498
142842000,3324.6874,1145800,25037200,6610810500,85965125600,3271.8402,3331.7077,3270.0302,3267.2498
142847000,3324.7539,2197700,27845300,6613008200,85992970900,3271.8402,3331.7077,3270.0302,3267.2498
142851000,3325.0414,725900,11368600,6613734100,86004339500,3271.8402,3331.7077,3270.0302,3267.2498
142857000,3324.8779,2271100,29169400,6616005200,86033508900,3271.8402,3331.7077,3270.0302,3267.2498
142902000,3324.785,1354300,16992000,6617359500,86050500900,3271.8402,3331.7077,3270.0302,3267.2498
142906000,3324.6782,1064100,16831200,6618423600,86067332100,3271.8402,3331.7077,3270.0302,3267.2498
142912000,3324.7974,1449800,19962400,6619873400,86087294500,3271.8402,3331.7077,3270.0302,3267.2498
142917000,3324.81,2681100,32797500,6622554500,86120092000,3271.8402,3331.7077,3270.0302,3267.2498
142921000,3324.8953,826700,12702100,6623381200,86132794100,3271.8402,3331.7077,3270.0302,3267.2498
142927000,3324.7992,1882700,22800200,6625263900,86155594300,3271.8402,3331.7077,3270.0302,3267.2498
142932000,3325.0031,1915100,21628600,6627179000,86177222900,3271.8402,3331.7077,3270.0302,3267.2498
142938000,3324.8829,1815900,29314000,6628994900,86206536900,3271.8402,3331.7077,3270.0302,3267.2498
142942000,3325.2327,1480400,24647200,6630475300,86231184100,3271.8402,3331.7077,3270.0302,3267.2498
142948000,3325.3704,1345800,18778600,6631821100,86249962700,3271.8402,3331.7077,3270.0302,3267.2498
142953000,3325.4418,2236500,45408200,6634057600,86295370900,3271.8402,3331.7077,3270.0302,3267.2498
142957000,3325.1493,1116100,18757800,6635173700,86314128700,3271.8402,3331.7077,3270.0302,3267.2498
143003000,3325.4121,2128400,26581700,6637302100,86340710400,3271.8402,3331.7077,3270.0302,3267.2498
143008000,3325.6778,1440100,22041800,6638742200,86362752200,3271.8402,3331.7077,3270.0302,3267.2498
143012000,3325.3287,1200500,18182700,6639942700,86380934900,3271.8402,3331.7077,3270.0302,3267.2498
143018000,3325.3271,1553800,25351500,6641496500,86406286400,3271.8402,3331.7077,3270.0302,3267.2498
143023000,3325.6791,1552900,20835600,6643049400,86427122000,3271.8402,3331.7077,3270.0302,3267.2498
143027000,3325.6706,946500,11047900,6643995900,86438169900,3271.8402,3331.7077,3270.0302,3267.2498
143033000,3325.6168,1325500,20955900,6645321400,86459125800,3271.8402,3331.7077,3270.0302,3267.2498
143038000,3325.4942,1821700,20483500,6647143100,86479609300,3271.8402,3331.7077,3270.0302,3267.2498
143042000,3325.8551,1343400,18289000,6648486500,86497898300,3271.8402,3331.7077,3270.0302,3267.2498
143048000,3325.5996,2488100,27569300,6650974600,86525467600,3271.8402,3331.7077,3270.0302,3267.2498
143053000,3326.0684,2458000,29561200,6653432600,86555028800,3271.8402,3331.7077,3270.0302,3267.2498
143057000,3325.8984,1989000,36822100,6655421600,86591850900,3271.8402,3331.7077,3270.0302,3267.2498
143103000,3326.5164,2148500,27183100,6657570100,86619034000,3271.8402,3331.7077,3270.0302,3267.2498
143108000,3326.2659,3278300,30709300,6660848400,86649743300,3271.8402,3331.7077,3270.0302,3267.2498
143112000,3325.6289,1422600,22932000,6662271000,86672675300,3271.8402,3331.7077,3270.0302,3267.2498
143118000,3326.212,1749100,30174900,6664020100,86702850200,3271.8402,3331.7077,3270.0302,3267.2498
143123000,3325.8705,1921900,28329300,6665942000,86731179500,3271.8402,3331.7077,3270.0302,3267.2498
143127000,3326.1783,1207600,16475700,6667149600,86747655200,3271.8402,3331.7077,3270.0302,3267.2498
143133000,3326.3874,2122000,27320600,6669271600,86774975800,3271.8402,3331.7077,3270.0302,3267.2498
143138000,3326.3365,1846800,23582800,6671118400,86798558600,3271.8402,3331.7077,3270.0302,3267.2498
143142000,3326.0732,1315000,19581200,6672433400,86818139800,3271.8402,3331.7077,3270.0302,3267.2498
143148000,3326.2155,1476600,16612300,6673910000,86834752100,3271.8402,3331.7077,3270.0302,3267.2498
143153000,3326.2255,1953500,30169700,6675863500,86864921800,3271.8402,3331.7077,3270.0302,3267.2498
143157000,3326.4655,1384200,17500500,6677247700,86882422300,3271.8402,3331.7077,3270.0302,3267.2498
143203000,3326.3485,2187100,28249000,6679434800,86910671300,3271.8402,3331.7077,3270.0302,3267.2498
143208000,3326.2778,1760900,27196400,6681195700,86937867700,3271.8402,3331.7077,3270.0302,3267.2498
143212000,3326.2781,1823400,27038400,6683019100,86964906100,3271.8402,3331.7077,3270.0302,3267.2498
143218000,3326.0206,2802600,27219600,6685821700,86992125700,3271.8402,3331.7077,3270.0302,3267.2498
143223000,3326.0698,4049800,50518500,6689871500,87042644200,3271.8402,3331.7077,3270.0302,3267.2498
143227000,3326.2017,1574700,25607700,6691446200,87068251900,3271.8402,3331.7077,3270.0302,3267.2498
143233000,3325.4992,2190800,33746700,6693637000,87101998600,3271.8402,3331.7077,3270.0302,3267.2498
143238000,3325.7687,2432800,36551900,6696069800,87138550500,3271.8402,3331.7077,3270.0302,3267.2498
143242000,3325.7834,1244900,22287600,6697314700,87160838100,3271.8402,3331.7077,3270.0302,3267.2498
143248000,3325.9573,1481800,19522100,6698796500,87180360200,3271.8402,3331.7077,3270.0302,3267.2498
143253000,3325.5825,1905400,25925600,6700701900,87206285800,3271.8402,3331.7077,3270.0302,3267.2498
143257000,3325.7011,1014600,12581500,6701716500,87218867300,3271.8402,3331.7077,3270.0302,3267.2498
143303000,3325.6355,2089400,31222600,6703805900,87250089900,3271.8402,3331.7077,3270.0302,3267.2498
143308000,3325.9223,2025400,24061300,6705831300,87274151200,3271.8402,3331.7077,3270.0302,3267.2498
143312000,3325.4263,2558300,28353200,6708389600,87302504400,3271.8402,3331.7077,3270.0302,3267.2498
143318000,3325.4904,2303300,25247000,6710692900,87327751400,3271.8402,3331.7077,3270.0302,3267.2498
143323000,3325.6372,2761200,31730100,6713454100,87359481500,3271.8402,3331.7077,3270.0302,3267.2498
143329000,3325.8747,2566200,29576400,6716020300,87389057900,3271.8402,3331.7077,3270.0302,3267.2498
143333000,3325.6029,1444700,19423900,6717465000,87408481800,3271.8402,3331.7077,3270.0302,3267.2498
143339000,3325.7451,1604100,24653000,6719069100,87433134800,3271.8402,3331.7077,3270.0302,3267.2498
143344000,3325.691,3399300,34713800,6722468400,87467848600,3271.8402,3331.7077,3270.0302,3267.2498
143348000,3325.6154,1510100,25541000,6723978500,87493389600,3271.8402,3331.7077,3270.0302,3267.2498
143354000,3325.4819,1536700,19219600,6725515200,87512609200,3271.8402,3331.7077,3270.0302,3267.2498
143359000,3325.4301,2119900,28470900,6727635100,87541080100,3271.8402,3331.7077,3270.0302,3267.2498
143403000,3325.2738,2058200,21576000,6729693300,87562656100,3271.8402,3331.7077,3270.0302,3267.2498
143409000,3325.7305,1852900,25455900,6731546200,87588112000,3271.8402,3331.7077,3270.0302,3267.2498
143414000,3325.6605,1727800,28479500,6733274000,87616591500,3271.8402,3331.7077,3270.0302,3267.2498
143418000,3325.1503,2011300,21461700,6735285300,87638053200,3271.8402,3331.7077,3270.0302,3267.2498
143424000,3325.3725,1481600,15100500,6736766900,87653153700,3271.8402,3331.7077,3270.0302,3267.2498
143429000,3325.3072,2043200,24682200,6738810100,87677835900,3271.8402,3331.7077,3270.0302,3267.2498
143433000,3325.3412,1066200,12514300,6739876300,87690350200,3271.8402,3331.7077,3270.0302,3267.2498
143439000,3325.5002,1879600,25631200,6741755900,87715981400,3271.8402,3331.7077,3270.0302,3267.2498
143444000,3325.282,2188100,29093100,6743944000,87745074500,3271.8402,3331.7077,3270.0302,3267.2498
143448000,3325.363,1926600,29944700,6745870600,87775019200,3271.8402,3331.7077,3270.0302,3267.2498
143454000,3325.4358,1494900,19521600,6747365500,87794540800,3271.8402,3331.7077,3270.0302,3267.2498
143459000,3325.2888,2293300,31954200,6749658800,87826495000,3271.8402,3331.7077,3270.0302,3267.2498
143503000,3325.343,1357300,16307200,6751016100,87842802200,3271.8402,3331.7077,3270.0302,3267.2498
143509000,3325.5346,2647500,32543800,6753663600,87875346000,3271.8402,3331.7077,3270.0302,3267.2498
143514000,3325.08,3765700,40140300,6757429300,87915486300,3271.8402,3331.7077,3270.0302,3267.2498
143518000,3324.9385,1305200,20405200,6758734500,87935891500,3271.8402,3331.7077,3270.0302,3267.2498
143524000,3325.0845,2418100,26556400,6761152600,87962447900,3271.8402,3331.7077,3270.0302,3267.2498
143529000,3325.0866,3115800,38768300,6764268400,88001216200,3271.8402,3331.7077,3270.0302,3267.2498
143533000,3324.933,1568800,18464600,6765837200,88019680800,3271.8402,3331.7077,3270.0302,3267.2498
143539000,3325.0489,1629900,23956900,6767467100,88043637700,3271.8402,3331.7077,3270.0302,3267.2498
143544000,3325.0754,1854300,25827200,6769321400,88069464900,3271.8402,3331.7077,3270.0302,3267.2498
143548000,3325.0155,1371100,20548000,6770692500,88090012900,3271.8402,3331.7077,3270.0302,3267.2498
143554000,3325.0301,2581200,24498000,6773273700,88114510900,3271.8402,3331.7077,3270.0302,3267.2498
143559000,3324.9388,2525900,34499000,6775799600,88149009900,3271.8402,3331.7077,3270.0302,3267.2498
143603000,3325.0096,1103200,16189800,6776902800,88165199700,3271.8402,3331.7077,3270.0302,3267.2498
143609000,3324.9096,1787900,22771600,6778690700,88187971300,3271.8402,3331.7077,3270.0302,3267.2498
143614000,3324.6683,2016100,26195900,6780706800,88214167200,3271.8402,3331.7077,3270.0302,3267.2498
143618000,3325.1342,1455100,19571700,6782161900,88233738900,3271.8402,3331.7077,3270.0302,3267.2498
143624000,3325.0221,1863300,25262300,6784025200,88259001200,3271.8402,3331.7077,3270.0302,3267.2498
143629000,3324.8542,3110100,26141100,6787135300,88285142300,3271.8402,3331.7077,3270.0302,3267.2498
143633000,3325.043,1404200,16810300,6788539500,88301952600,3271.8402,3331.7077,3270.0302,3267.2498
143639000,3324.7851,1844500,25787800,6790384000,88327740400,3271.8402,3331.7077,3270.0302,3267.2498
143644000,3325.059,2023200,24872000,6792407200,88352612400,3271.8402,3331.7077,3270.0302,3267.2498
143648000,3325.1548,3188800,33634000,6795596000,88386246400,3271.8402,3331.7077,3270.0302,3267.2498
143654000,3324.4512,1481200,21936800,6797077200,88408183200,3271.8402,3331.7077,3270.0302,3267.2498
143659000,3324.8997,2301900,28887400,6799379100,88437070600,3271.8402,3331.7077,3270.0302,3267.2498
143703000,3324.6594,1200400,16321300,6800579500,88453391900,3271.8402,3331.7077,3270.0302,3267.2498
143709000,3324.5071,1808000,24650200,6802387500,88478042100,3271.8402,3331.7077,3270.0302,3267.2498
143714000,3324.4941,2377800,26490200,6804765300,88504532300,3271.8402,3331.7077,3270.0302,3267.2498
143718000,3324.5161,3083400,31806600,6807848700,88536338900,3271.8402,3331.7077,3270.0302,3267.2498
143724000,3324.529,1619000,24804200,6809467700,88561143100,3271.8402,3331.7077,3270.0302,3267.2498
143729000,3324.5131,2770800,24702800,6812238500,88585845900,3271.8402,3331.7077,3270.0302,3267.2498
143733000,3324.5693,3774300,27886200,6816012800,88613732100,3271.8402,3331.7077,3270.0302,3267.2498
143739000,3324.7527,2900600,28687100,6818913400,88642419200,3271.8402,3331.7077,3270.0302,3267.2498
143745000,3324.4892,1746800,19586500,6820660200,88662005700,3271.8402,3331.7077,3270.0302,3267.2498
143748000,3324.6245,1645500,20211800,6822305700,88682217500,3271.8402,3331.7077,3270.0302,3267.2498
143754000,3324.2712,3209500,37158800,6825515200,88719376300,3271.8402,3331.7077,3270.0302,3267.2498
143800000,3324.4628,2802800,21976100,6828318000,88741352400,3271.8402,3331.7077,3270.0302,3267.2498
143803000,3324.8762,845900,12961100,6829163900,88754313500,3271.8402,3331.7077,3270.0302,3267.2498
143809000,3324.9488,2927300,47506900,6832091200,88801820400,3271.8402,3331.7077,3270.0302,3267.2498
143815000,3324.786,1868000,28706300,6833959200,88830526700,3271.8402,3331.7077,3270.0302,3267.2498
143820000,3324.6167,2037300,19037900,6835996500,88849564600,3271.8402,3331.7077,3270.0302,3267.2498
143824000,3324.6091,1635700,20769200,6837632200,88870333800,3271.8402,3331.7077,3270.0302,3267.2498
143830000,3324.962,2311700,24269000,6839943900,88894602800,3271.8402,3331.7077,3270.0302,3267.2498
143835000,3324.4967,1532500,18485800,6841476400,88913088600,3271.8402,3331.7077,3270.0302,3267.2498
143839000,3324.6708,1174500,17656300,6842650900,88930744900,3271.8402,3331.7077,3270.0302,3267.2498
143845000,3324.9193,2252700,35896800,6844903600,88966641700,3271.8402,3331.7077,3270.0302,3267.2498
143850000,3325.0658,1951100,22881700,6846854700,88989523400,3271.8402,3331.7077,3270.0302,3267.2498
143854000,3324.973,1638500,20499500,6848493200,89010022900,3271.8402,3331.7077,3270.0302,3267.2498
143900000,3325.0767,1796000,21696500,6850289200,89031719400,3271.8402,3331.7077,3270.0302,3267.2498
143905000,3325.1743,2255900,28099100,6852545100,89059818500,3271.8402,3331.7077,3270.0302,3267.2498
143909000,3325.3327,1306400,18472000,6853851500,89078290500,3271.8402,3331.7077,3270.0302,3267.2498
143915000,3324.9814,2282000,31700400,6856133500,89109990900,3271.8402,3331.7077,3270.0302,3267.2498
143920000,3325.309,3157700,33685300,6859291200,89143676200,3271.8402,3331.7077,3270.0302,3267.2498
143924000,3324.7924,1612800,20884800,6860904000,89164561000,3271.8402,3331.7077,3270.0302,3267.2498
143930000,3325.4139,1975000,30351400,6862879000,89194912400,3271.8402,3331.7077,3270.0302,3267.2498
143935000,3325.0653,1875800,27276300,6864754800,89222188700,3271.8402,3331.7077,3270.0302,3267.2498
143939000,3325.3745,2422700,20506700,6867177500,89242695400,3271.8402,3331.7077,3270.0302,3267.2498
143945000,3325.0118,2077600,29207900,6869255100,89271903300,3271.8402,3331.7077,3270.0302,3267.2498
143950000,3325.487,1773900,23975600,6871029000,89295878900,3271.8402,3331.7077,3270.0302,3267.2498
143954000,3325.7632,1727800,25384900,6872756800,89321263800,3271.8402,3331.7077,3270.0302,3267.2498
144000000,3325.6967,2145000,28646200,6874901800,89349910000,3271.8402,3331.7077,3270.0302,3267.2498
144005000,3325.6448,2183300,29867300,6877085100,89379777300,3271.8402,3331.7077,3270.0302,3267.2498
144009000,3325.9319,2536200,25719000,6879621300,89405496300,3271.8402,3331.7077,3270.0302,3267.2498
144015000,3325.8631,2911700,48213600,6882533000,89453709900,3271.8402,3331.7077,3270.0302,3267.2498
144020000,3325.9253,1871600,29336400,6884404600,89483046300,3271.8402,3331.7077,3270.0302,3267.2498
144024000,3326.1741,1404800,23400200,6885809400,89506446500,3271.8402,3331.7077,3270.0302,3267.2498
144030000,3326.431,2077900,34593900,6887887300,89541040400,3271.8402,3331.7077,3270.0302,3267.2498
144035000,3326.4093,2019200,28059200,6889906500,89569099600,3271.8402,3331.7077,3270.0302,3267.2498
144039000,3326.6882,1193600,20334100,6891100100,89589433700,3271.8402,3331.7077,3270.0302,3267.2498
144045000,3326.5542,3821800,42645700,6894921900,89632079400,3271.8402,3331.7077,3270.0302,3267.2498
144050000,3326.5825,1799300,33355200,6896721200,89665434600,3271.8402,3331.7077,3270.0302,3267.2498
144054000,3327.1672,3731200,49125200,6900452400,89714559800,3271.8402,3331.7077,3270.0302,3267.2498
144100000,3327.2856,1691800,22985900,6902144200,89737545700,3271.8402,3331.7077,3270.0302,3267.2498
144105000,3326.9694,2517400,34360400,6904661600,89771906100,3271.8402,3331.7077,3270.0302,3267.2498
144109000,3326.9833,1879500,22577600,6906541100,89794483700,3271.8402,3331.7077,3270.0302,3267.2498
144115000,3326.9444,2322000,38584700,6908863100,89833068400,3271.8402,3331.7077,3270.0302,3267.2498
144120000,3326.9294,2019400,31071600,6910882500,89864140000,3271.8402,3331.7077,3270.0302,3267.2498
144124000,3327.1529,2029100,27181600,6912911600,89891321600,3271.8402,3331.7077,3270.0302,3267.2498
144130000,3327.369,2255800,26883400,6915167400,89918205000,3271.8402,3331.7077,3270.0302,3267.2498
144135000,3326.8977,3136400,37628800,6918303800,89955833800,3271.8402,3331.7077,3270.0302,3267.2498
144139000,3327.3322,1593600,22596500,6919897400,89978430300,3271.8402,3331.7077,3270.0302,3267.2498
144145000,3327.355,2387400,38437700,6922284800,90016868000,3271.8402,3331.7077,3270.0302,3267.2498
144150000,3327.465,2252300,35945500,6924537100,90052813500,3271.8402,3331.7077,3270.0302,3267.2498
144154000,3327.451,2660700,27720500,6927197800,90080534000,3271.8402,3331.7077,3270.0302,3267.2498
144200000,3328.0134,2983600,38042900,6930181400,90118576900,3271.8402,3331.7077,3270.0302,3267.2498
144205000,3327.6015,1143000,16149300,6931324400,90134726200,3271.8402,3331.7077,3270.0302,3267.2498
144211000,3327.8911,2258500,28502200,6933582900,90163228400,3271.8402,3331.7077,3270.0302,3267.2498
144215000,3327.2215,1635700,20298100,6935218600,90183526500,3271.8402,3331.7077,3270.0302,3267.2498
144221000,3327.3147,2543000,30767000,6937761600,90214293500,3271.8402,3331.7077,3270.0302,3267.2498
144226000,3327.5636,2081200,27706400,6939842800,90241999900,3271.8402,3331.7077,3270.0302,3267.2498
144230000,3327.7794,2914200,35407700,6942757000,90277407600,3271.8402,3331.7077,3270.0302,3267.2498
144236000,3327.7384,2643600,33016100,6945400600,90310423700,3271.8402,3331.7077,3270.0302,3267.2498
144241000,3328.0484,2048100,27734100,6947448700,90338157800,3271.8402,3331.7077,3270.0302,3267.2498
144245000,3327.7785,1453100,20044800,6948901800,90358202600,3271.8402,3331.7077,3270.0302,3267.2498
144251000,3327.4534,2725600,31870700,6951627400,90390073300,3271.8402,3331.7077,3270.0302,3267.2498
144256000,3327.2463,1563600,25778300,6953191000,90415851600,3271.8402,3331.7077,3270.0302,3267.2498
144300000,3327.5607,3486900,36269500,6956677900,90452121100,3271.8402,3331.7077,3270.0302,3267.2498
144306000,3327.4203,2826500,32512400,6959504400,90484633500,3271.8402,3331.7077,3270.0302,3267.2498
144311000,3327.6939,1708100,29389000,6961212500,90514022500,3271.8402,3331.7077,3270.0302,3267.2498
144315000,3328.0538,1200000,20159300,6962412500,90534181800,3271.8402,3331.7077,3270.0302,3267.2498
144321000,3327.3794,2618600,34646000,6965031100,90568827800,3271.8402,3331.7077,3270.0302,3267.2498
144326000,3327.5622,1804100,25265500,6966835200,90594093300,3271.8402,3331.7077,3270.0302,3267.2498
144330000,3327.7338,1631700,26161600,6968466900,90620254900,3271.8402,3331.7077,3270.0302,3267.2498
144336000,3328.0528,1906900,27472300,6970373800,90647727200,3271.8402,3331.7077,3270.0302,3267.2498
144341000,3328.2128,2850500,28572000,6973224300,90676299200,3271.8402,3331.7077,3270.0302,3267.2498
144345000,3328.3314,1403900,22211100,6974628200,90698510300,3271.8402,3331.7077,3270.0302,3267.2498
144351000,3328.1655,3086200,48589900,6977714400,90747100200,3271.8402,3331.7077,3270.0302,3267.2498
144356000,3328.2465,2374400,31938500,6980088800,90779038700,3271.8402,3331.7077,3270.0302,3267.2498
144400000,3328.7524,2086600,25251500,6982175400,90804290200,3271.8402,3331.7077,3270.0302,3267.2498
144406000,3328.3017,1845900,24014500,6984021300,90828304700,3271.8402,3331.7077,3270.0302,3267.2498
144411000,3328.4311,2189400,35161900,6986210700,90863466600,3271.8402,3331.7077,3270.0302,3267.2498
144415000,3328.4205,1511000,26694100,6987721700,90890160700,3271.8402,3331.7077,3270.0302,3267.2498
144421000,3328.4445,2854700,43910300,6990576400,90934071000,3271.8402,3331.7077,3270.0302,3267.2498
144426000,3328.6987,3073900,37596200,6993650300,90971667200,3271.8402,3331.7077,3270.0302,3267.2498
144430000,3328.9147,2422800,35674900,6996073100,91007342100,3271.8402,3331.7077,3270.0302,3267.2498
144436000,3328.749,2124600,29611000,6998197700,91036953100,3271.8402,3331.7077,3270.0302,3267.2498
144441000,3328.9038,2029000,32308200,7000226700,91069261300,3271.8402,3331.7077,3270.0302,3267.2498
144445000,3328.9265,1975900,26328200,7002202600,91095589500,3271.8402,3331.7077,3270.0302,3267.2498
144451000,3328.193,2538600,34746400,7004741200,91130335900,3271.8402,3331.7077,3270.0302,3267.2498
144456000,3328.9026,1972700,26174400,7006713900,91156510300,3271.8402,3331.7077,3270.0302,3267.2498
144500000,3329.164,2179600,33194000,7008893500,91189704300,3271.8402,3331.7077,3270.0302,3267.2498
144506000,3328.9714,2495500,27162400,7011389000,91216866700,3271.8402,3331.7077,3270.0302,3267.2498
144511000,3328.8381,2320200,34635300,7013709200,91251502000,3271.8402,3331.7077,3270.0302,3267.2498
144515000,3328.6985,2188300,24210700,7015897500,91275712700,3271.8402,3331.7077,3270.0302,3267.2498
144521000,3328.6146,3256300,48685700,7019153800,91324398400,3271.8402,3331.7077,3270.0302,3267.2498
144526000,3328.6738,2862000,36160000,7022015800,91360558400,3271.8402,3331.7077,3270.0302,3267.2498
144530000,3328.8351,2180700,38184300,7024196500,91398742700,3271.8402,3331.7077,3270.0302,3267.2498
144536000,3329.1928,2193800,27191000,7026390300,91425933700,3271.8402,3331.7077,3270.0302,3267.2498
144541000,3329.0211,2249700,36822300,7028640000,91462756000,3271.8402,3331.7077,3270.0302,3267.2498
144545000,3329.0443,1958600,23719300,7030598600,91486475300,3271.8402,3331.7077,3270.0302,3267.2498
144551000,3328.9358,3469700,35931800,7034068300,91522407100,3271.8402,3331.7077,3270.0302,3267.2498
144556000,3329.1544,2560900,33370900,7036629200,91555778000,3271.8402,3331.7077,3270.0302,3267.2498
144600000,3329.1783,2912100,42515800,7039541300,91598293800,3271.8402,3331.7077,3270.0302,3267.2498
144606000,3328.8425,2051300,27295200,7041592600,91625589000,3271.8402,3331.7077,3270.0302,3267.2498
144612000,3329.0702,3380800,44956000,7044973400,91670545000,3271.8402,3331.7077,3270.0302,3267.2498
144615000,3329.0647,1364500,22121500,7046337900,91692666500,3271.8402,3331.7077,3270.0302,3267.2498
144621000,3328.7327,2847100,39584100,7049185000,91732250600,3271.8402,3331.7077,3270.0302,3267.2498
144627000,3328.3644,2503700,37344900,7051688700,91769595500,3271.8402,3331.7077,3270.0302,3267.2498
144630000,3328.9988,2250300,26703900,7053939000,91796299400,3271.8402,3331.7077,3270.0302,3267.2498
144636000,3328.4691,2726700,37829500,7056665700,91834128900,3271.8402,3331.7077,3270.0302,3267.2498
144642000,3327.9874,3808900,53653400,7060474600,91887782300,3271.8402,3331.7077,3270.0302,3267.2498
144647000,3328.3157,3197500,43760700,7063672100,91931543000,3271.8402,3331.7077,3270.0302,3267.2498
144651000,3327.1025,2608300,32047600,7066280400,91963590600,3271.8402,3331.7077,3270.0302,3267.2498
144657000,3327.529,3844000,42992200,7070124400,92006582800,3271.8402,3331.7077,3270.0302,3267.2498
144702000,3327.8789,2694500,38373000,7072818900,92044955800,3271.8402,3331.7077,3270.0302,3267.2498
144706000,3327.7318,2194400,29019400,7075013300,92073975200,3271.8402,3331.7077,3270.0302,3267.2498
144712000,3327.3927,3087200,35148500,7078100500,92109123700,3271.8402,3331.7077,3270.0302,3267.2498
144717000,3327.4584,2481300,34555100,7080581800,92143678800,3271.8402,3331.7077,3270.0302,3267.2498
144721000,3326.8479,2944400,37920500,7083526200,92181599300,3271.8402,3331.7077,3270.0302,3267.2498
144727000,3326.7846,3502600,52025700,7087028800,92233625000,3271.8402,3331.7077,3270.0302,3267.2498
144732000,3326.063,3059200,41089300,7090088000,92274714300,3271.8402,3331.7077,3270.0302,3267.2498
144736000,3326.5404,2601000,37801500,7092689000,92312515800,3271.8402,3331.7077,3270.0302,3267.2498
144742000,3326.9248,1914800,26568400,7094603800,92339084200,3271.8402,3331.7077,3270.0302,3267.2498
144747000,3326.4243,2168200,29322800,7096772000,92368407000,3271.8402,3331.7077,3270.0302,3267.2498
144751000,3326.8472,1787500,26815900,7098559500,92395222900,3271.8402,3331.7077,3270.0302,3267.2498
144757000,3326.1785,3410900,43543700,7101970400,92438766600,3271.8402,3331.7077,3270.0302,3267.2498
144802000,3326.6667,2619800,36327100,7104590200,92475093700,3271.8402,3331.7077,3270.0302,3267.2498
144806000,3326.0445,3961000,45706200,7108551200,92520799900,3271.8402,3331.7077,3270.0302,3267.2498
144812000,3326.286,1754000,25450800,7110305200,92546250700,3271.8402,3331.7077,3270.0302,3267.2498
144817000,3326.441,1909200,24426400,7112214400,92570677100,3271.8402,3331.7077,3270.0302,3267.2498
144821000,3326.0767,4344200,36929000,7116558600,92607606100,3271.8402,3331.7077,3270.0302,3267.2498
144827000,3326.3488,2889200,37274800,7119447800,92644880900,3271.8402,3331.7077,3270.0302,3267.2498
144832000,3326.5434,2225600,30927700,7121673400,92675808600,3271.8402,3331.7077,3270.0302,3267.2498
144836000,3326.2877,2155700,34701000,7123829100,92710509600,3271.8402,3331.7077,3270.0302,3267.2498
144842000,3326.6675,1848700,23547600,7125677800,92734057200,3271.8402,3331.7077,3270.0302,3267.2498
144847000,3326.2642,2032300,31858100,7127710100,92765915300,3271.8402,3331.7077,3270.0302,3267.2498
144851000,3326.3485,1406300,20748900,7129116400,92786664200,3271.8402,3331.7077,3270.0302,3267.2498
144857000,3326.6237,2443700,32121100,7131560100,92818785300,3271.8402,3331.7077,3270.0302,3267.2498
144902000,3326.2221,2328000,42304400,7133888100,92861089700,3271.8402,3331.7077,3270.0302,3267.2498
144906000,3325.5388,3168400,37981100,7137056500,92899070800,3271.8402,3331.7077,3270.0302,3267.2498
144912000,3326.0117,3371400,39045900,7140427900,92938116700,3271.8402,3331.7077,3270.0302,3267.2498
144917000,3326.3375,2657700,36158700,7143085600,92974275400,3271.8402,3331.7077,3270.0302,3267.2498
144921000,3326.4268,2085100,24386300,7145170700,92998661700,3271.8402,3331.7077,3270.0302,3267.2498
144927000,3326.2908,2438000,35137000,7147608700,93033798700,3271.8402,3331.7077,3270.0302,3267.2498
144932000,3326.4166,1657100,26166400,7149265800,93059965100,3271.8402,3331.7077,3270.0302,3267.2498
144936000,3326.7094,3000000,38962100,7152265800,93098927200,3271.8402,3331.7077,3270.0302,3267.2498
144942000,3326.7473,2228800,28164400,7154494600,93127091600,3271.8402,3331.7077,3270.0302,3267.2498
144947000,3326.7012,2765800,32936400,7157260400,93160028000,3271.8402,3331.7077,3270.0302,3267.2498
144951000,3326.7902,1255000,19012700,7158515400,93179040700,3271.8402,3331.7077,3270.0302,3267.2498
144957000,3326.8256,2885800,37730200,7161401200,93216770900,3271.8402,3331.7077,3270.0302,3267.2498
145002000,3326.864,2915800,33885900,7164317000,93250656800,3271.8402,3331.7077,3270.0302,3267.2498
145006000,3326.8349,4684300,45292200,7169001300,93295949000,3271.8402,3331.7077,3270.0302,3267.2498
145012000,3326.7119,2571400,30639100,7171572700,93326588100,3271.8402,3331.7077,3270.0302,3267.2498
145017000,3326.7299,3479800,39029000,7175052500,93365617100,3271.8402,3331.7077,3270.0302,3267.2498
145021000,3326.5921,2495800,33059600,7177548300,93398676700,3271.8402,3331.7077,3270.0302,3267.2498
145027000,3326.4543,5015100,57509500,7182563400,93456186200,3271.8402,3331.7077,3270.0302,3267.2498
145032000,3326.6066,3039100,48053200,7185602500,93504239400,3271.8402,3331.7077,3270.0302,3267.2498
145038000,3327.1609,3124600,40687500,7188727100,93544926900,3271.8402,3331.7077,3270.0302,3267.2498
145042000,3327.2292,2269900,33877400,7190997000,93578804300,3271.8402,3331.7077,3270.0302,3267.2498
145048000,3326.7795,2404100,33075300,7193401100,93611879600,3271.8402,3331.7077,3270.0302,3267.2498
145053000,3326.9166,2476200,34668800,7195877300,93646548400,3271.8402,3331.7077,3270.0302,3267.2498
145057000,3326.69,2412700,28862200,7198290000,93675410600,3271.8402,3331.7077,3270.0302,3267.2498
145103000,3326.9033,3489300,46257200,7201779300,93721667800,3271.8402,3331.7077,3270.0302,3267.2498
145108000,3326.7572,2386400,32757300,7204165700,93754425100,3271.8402,3331.7077,3270.0302,3267.2498
145112000,3326.7715,2414700,26853800,7206580400,93781278900,3271.8402,3331.7077,3270.0302,3267.2498
145118000,3326.9521,2133700,27974700,7208714100,93809253600,3271.8402,3331.7077,3270.0302,3267.2498
145123000,3326.7669,2995000,32299700,7211709100,93841553300,3271.8402,3331.7077,3270.0302,3267.2498
145127000,3326.5737,2419000,26102400,7214128100,93867655700,3271.8402,3331.7077,3270.0302,3267.2498
145133000,3326.4864,3828500,46552200,7217956600,93914207900,3271.8402,3331.7077,3270.0302,3267.2498
145138000,3326.5169,3058200,36540500,7221014800,93950748400,3271.8402,3331.7077,3270.0302,3267.2498
145142000,3326.8607,2871800,37293000,7223886600,93988041400,3271.8402,3331.7077,3270.0302,3267.2498
145148000,3326.7795,3165000,33826800,7227051600,94021868200,3271.8402,3331.7077,3270.0302,3267.2498
145153000,3326.9055,3674900,41455100,7230726500,94063323300,3271.8402,3331.7077,3270.0302,3267.2498
145157000,3326.7806,2143700,28311600,7232870200,94091634900,3271.8402,3331.7077,3270.0302,3267.2498
145203000,3326.5854,3924400,45642200,7236794600,94137277100,3271.8402,3331.7077,3270.0302,3267.2498
145208000,3326.558,4254100,50887300,7241048700,94188164400,3271.8402,3331.7077,3270.0302,3267.2498
145212000,3326.8124,2903400,47961900,7243952100,94236126300,3271.8402,3331.7077,3270.0302,3267.2498
145218000,3326.6748,3356800,41321600,7247308900,94277447900,3271.8402,3331.7077,3270.0302,3267.2498
145223000,3326.2356,2910500,40012000,7250219400,94317459900,3271.8402,3331.7077,3270.0302,3267.2498
145227000,3326.813,2029400,27506600,7252248800,94344966500,3271.8402,3331.7077,3270.0302,3267.2498
145233000,3326.7499,3618800,43045900,7255867600,94388012400,3271.8402,3331.7077,3270.0302,3267.2498
145238000,3326.5431,2494100,36870800,7258361700,94424883200,3271.8402,3331.7077,3270.0302,3267.2498
145242000,3327.0208,2851100,38535500,7261212800,94463418700,3271.8402,3331.7077,3270.0302,3267.2498
145248000,3326.6521,2791100,39587100,7264003900,94503005800,3271.8402,3331.7077,3270.0302,3267.2498
145253000,3326.8355,2857700,44533400,7266861600,94547539200,3271.8402,3331.7077,3270.0302,3267.2498
145257000,3326.5155,4097200,31421000,7270958800,94578960200,3271.8402,3331.7077,3270.0302,3267.2498
145303000,3326.5081,3867400,51844800,7274826200,94630805000,3271.8402,3331.7077,3270.0302,3267.2498
145308000,3326.3802,2686600,40244600,7277512800,94671049600,3271.8402,3331.7077,3270.0302,3267.2498
145312000,3326.5983,2906500,45783100,7280419300,94716832700,3271.8402,3331.7077,3270.0302,3267.2498
145318000,3326.2797,3555000,39016900,7283974300,94755849600,3271.8402,3331.7077,3270.0302,3267.2498
145323000,3326.5296,2666000,39632700,7286640300,94795482300,3271.8402,3331.7077,3270.0302,3267.2498
145327000,3326.2414,2212900,29004100,7288853200,94824486400,3271.8402,3331.7077,3270.0302,3267.2498
145333000,3326.4085,3680500,61320300,7292533700,94885806700,3271.8402,3331.7077,3270.0302,3267.2498
145338000,3326.6641,3441000,41406200,7295974700,94927212900,3271.8402,3331.7077,3270.0302,3267.2498
145342000,3326.4249,3330800,51932700,7299305500,94979145600,3271.8402,3331.7077,3270.0302,3267.2498
145348000,3326.4894,2334400,31276900,7301639900,95010422500,3271.8402,3331.7077,3270.0302,3267.2498
145353000,3326.8051,2125400,31903700,7303765300,95042326200,3271.8402,3331.7077,3270.0302,3267.2498
145357000,3326.7184,2542200,31900800,7306307500,95074227000,3271.8402,3331.7077,3270.0302,3267.2498
145403000,3326.8739,4522000,49610500,7310829500,95123837500,3271.8402,3331.7077,3270.0302,3267.2498
145408000,3326.8463,3760000,41110500,7314589500,95164948000,3271.8402,3331.7077,3270.0302,3267.2498
145412000,3327.0691,2509500,37536900,7317099000,95202484900,3271.8402,3331.7077,3270.0302,3267.2498
145418000,3326.729,3102800,39180900,7320201800,95241665800,3271.8402,3331.7077,3270.0302,3267.2498
145423000,3326.6116,3726900,45370000,7323928700,95287035800,3271.8402,3331.7077,3270.0302,3267.2498
145427000,3326.9569,2219900,33363900,7326148600,95320399700,3271.8402,3331.7077,3270.0302,3267.2498
145433000,3326.8273,3584500,50508400,7329733100,95370908100,3271.8402,3331.7077,3270.0302,3267.2498
145439000,3327.1524,3970300,48050300,7333703400,95418958400,3271.8402,3331.7077,3270.0302,3267.2498
145442000,3326.8962,2154300,30760000,7335857700,95449718400,3271.8402,3331.7077,3270.0302,3267.2498
145448000,3327.1806,4043300,63865300,7339901000,95513583700,3271.8402,3331.7077,3270.0302,3267.2498
145454000,3327.3108,3549600,48452200,7343450600,95562035900,3271.8402,3331.7077,3270.0302,3267.2498
145459000,3326.8878,2571700,38592600,7346022300,95600628500,3271.8402,3331.7077,3270.0302,3267.2498
145503000,3326.9576,2378900,33488900,7348401200,95634117400,3271.8402,3331.7077,3270.0302,3267.2498
145509000,3326.7906,3878400,55345900,7352279600,95689463300,3271.8402,3331.7077,3270.0302,3267.2498
145514000,3326.6206,3066900,42704100,7355346500,95732167400,3271.8402,3331.7077,3270.0302,3267.2498
145518000,3326.7621,3285200,54997300,7358631700,95787164700,3271.8402,3331.7077,3270.0302,3267.2498
145524000,3326.6515,4359300,58403200,7362991000,95845567900,3271.8402,3331.7077,3270.0302,3267.2498
145529000,3326.4236,3419300,53654500,7366410300,95899222400,3271.8402,3331.7077,3270.0302,3267.2498
145533000,3326.307,2855700,37200900,7369266000,95936423300,3271.8402,3331.7077,3270.0302,3267.2498
145539000,3326.591,4418600,57830700,7373684600,95994254000,3271.8402,3331.7077,3270.0302,3267.2498
145544000,3326.4584,3847900,48576400,7377532500,96042830400,3271.8402,3331.7077,3270.0302,3267.2498
145548000,3326.4272,3351800,50713100,7380884300,96093543500,3271.8402,3331.7077,3270.0302,3267.2498
145554000,3326.7492,3953900,47677200,7384838200,96141220700,3271.8402,3331.7077,3270.0302,3267.2498
145559000,3326.4565,3914100,60893500,7388752300,96202114200,3271.8402,3331.7077,3270.0302,3267.2498
145603000,3326.6969,3981500,51313000,7392733800,96253427200,3271.8402,3331.7077,3270.0302,3267.2498
145609000,3326.5421,5893900,73244600,7398627700,96326671800,3271.8402,3331.7077,3270.0302,3267.2498
145614000,3326.2524,4637900,58936300,7403265600,96385608100,3271.8402,3331.7077,3270.0302,3267.2498
145618000,3326.3257,3817900,52173900,7407083500,96437782000,3271.8402,3331.7077,3270.0302,3267.2498
145624000,3326.4766,5785500,61575100,7412869000,96499357100,3271.8402,3331.7077,3270.0302,3267.2498
145629000,3326.4783,4651200,54075300,7417520200,96553432400,3271.8402,3331.7077,3270.0302,3267.2498
145633000,3326.5115,3718300,38429800,7421238500,96591862200,3271.8402,3331.7077,3270.0302,3267.2498
145639000,3326.5486,5901700,63219500,7427140200,96655081700,3271.8402,3331.7077,3270.0302,3267.2498
145644000,3326.1959,4063000,52470900,7431203200,96707552600,3271.8402,3331.7077,3270.0302,3267.2498
145648000,3326.3258,3838700,49028200,7435041900,96756580800,3271.8402,3331.7077,3270.0302,3267.2498
145654000,3326.3654,3469400,41789300,7438511300,96798370100,3271.8402,3331.7077,3270.0302,3267.2498
145659000,3326.619,4544100,46921800,7443055400,96845291900,3271.8402,3331.7077,3270.0302,3267.2498
145703000,3326.4985,1078200,15762600,7444133600,96861054500,3271.8402,3331.7077,3270.0302,3267.2498
145709000,3326.4941,107000,1613700,7444240600,96862668200,3271.8402,3331.7077,3270.0302,3267.2498
150000000,3326.5005,1521300,15287300,7445761900,96877955500,3271.8402,3331.7077,3270.0302,3267.2498
150003000,3326.576,69652600,998899700,7515414500,97876855200,3271.8402,3331.7077,3270.0302,3267.2498
150003000,3326.6489,5143800,48985200,7520558300,97925840400,3271.8402,3331.7077,3270.0302,3267.2498
