Time,Price,Volume,Turnover,AccVolume,AccTurnover,Open,High,Low,PreClose
92503000,3273.1271,187492400,1863450500,187492400,1863450500,3273.1271,3273.1271,3273.1271,3270.2732
93001000,3272.718,8033100,86633600,195525500,1950084100,3273.1271,3273.1271,3272.718,3270.2732
93006000,3269.5605,197509000,1851833800,393034500,3801917900,3273.1271,3273.1271,3269.4182,3270.2732
93011000,3267.5206,32538400,355395200,425572900,4157313100,3273.1271,3273.1271,3267.4114,3270.2732
93016000,3265.8695,13061200,145176000,438634100,4302489100,3273.1271,3273.1271,3265.8695,3270.2732
93021000,3266.5701,18943800,226235900,457577900,4528725000,3273.1271,3273.1271,3265.8695,3270.2732
93026000,3267.8467,18960400,209061200,476538300,4737786200,3273.1271,3273.1271,3265.8695,3270.2732
93031000,3266.1729,13423500,139119700,489961800,4876905900,3273.1271,3273.1271,3265.8695,3270.2732
93036000,3264.7697,19577900,195456800,509539700,5072362700,3273.1271,3273.1271,3264.7697,3270.2732
93041000,3265.539,22997500,243045800,532537200,5315408500,3273.1271,3273.1271,3264.6299,3270.2732
93046000,3265.0152,19561700,200146200,552098900,5515554700,3273.1271,3273.1271,3264.6299,3270.2732
93051000,3264.9633,16719100,179727200,568818000,5695281900,3273.1271,3273.1271,3264.6053,3270.2732
93056000,3263.7093,21051800,218892400,589869800,5914174300,3273.1271,3273.1271,3263.7093,3270.2732
93101000,3264.358,14723000,139076400,604592800,6053250700,3273.1271,3273.1271,3263.3908,3270.2732
93106000,3263.1552,21745100,239716400,626337900,6292967100,3273.1271,3273.1271,3263.1552,3270.2732
93112000,3263.9867,21176200,211998600,647514100,6504965700,3273.1271,3273.1271,3263.023,3270.2732
93117000,3263.2867,19091000,189378700,666605100,6694344400,3273.1271,3273.1271,3262.9676,3270.2732
93122000,3262.8498,14430300,155451300,681035400,6849795700,3273.1271,3273.1271,3262.7306,3270.2732
93126000,3262.7853,12679100,138478200,693714500,6988273900,3273.1271,3273.1271,3262.2099,3270.2732
93132000,3262.1102,16622800,179367200,710337300,7167641100,3273.1271,3273.1271,3262.1102,3270.2732
93137000,3263.0541,14314400,160859800,724651700,7328500900,3273.1271,3273.1271,3261.8561,3270.2732
93142000,3264.4707,22916600,237910200,747568300,7566411100,3273.1271,3273.1271,3261.8561,3270.2732
93147000,3265.6532,22517500,243898200,770085800,7810309300,3273.1271,3273.1271,3261.8561,3270.2732
93152000,3265.8792,16308200,181651900,786394000,7991961200,3273.1271,3273.1271,3261.8561,3270.2732
93157000,3266.4828,17276700,161000800,803670700,8152962000,3273.1271,3273.1271,3261.8561,3270.2732
93202000,3267.3776,24109900,233830900,827780600,8386792900,3273.1271,3273.1271,3261.8561,3270.2732
93207000,3267.7529,15660800,155303300,843441400,8542096200,3273.1271,3273.1271,3261.8561,3270.2732
93212000,3268.1968,25706500,243566500,869147900,8785662700,3273.1271,3273.1271,3261.8561,3270.2732
93217000,3268.7718,22676100,213433100,891824000,8999095800,3273.1271,3273.1271,3261.8561,3270.2732
93222000,3268.6013,15254600,157441300,907078600,9156537100,3273.1271,3273.1271,3261.8561,3270.2732
93227000,3268.8238,14778600,154357500,921857200,9310894600,3273.1271,3273.1271,3261.8561,3270.2732
93232000,3269.0283,15280200,187920200,937137400,9498814800,3273.1271,3273.1271,3261.8561,3270.2732
93237000,3268.829,10415400,128002800,947552800,9626817600,3273.1271,3273.1271,3261.8561,3270.2732
93242000,3268.6962,15781000,161030300,963333800,9787847900,3273.1271,3273.1271,3261.8561,3270.2732
93247000,3269.2206,18428100,221745300,981761900,10009593200,3273.1271,3273.1271,3261.8561,3270.2732
93252000,3268.7962,13411600,156234700,995173500,10165827900,3273.1271,3273.1271,3261.8561,3270.2732
93257000,3268.8403,15428600,179323800,1010602100,10345151700,3273.1271,3273.1271,3261.8561,3270.2732
93302000,3268.6068,14716200,173436800,1025318300,10518588500,3273.1271,3273.1271,3261.8561,3270.2732
93307000,3268.3681,8945300,114471400,1034263600,10633059900,3273.1271,3273.1271,3261.8561,3270.2732
93312000,3269.2478,16057300,193591900,1050320900,10826651800,3273.1271,3273.1271,3261.8561,3270.2732
93317000,3268.2172,17312900,208848300,1067633800,11035500100,3273.1271,3273.1271,3261.8561,3270.2732
93322000,3268.8535,13451800,158870400,1081085600,11194370500,3273.1271,3273.1271,3261.8561,3270.2732
93327000,3267.4847,12515100,149229900,1093600700,11343600400,3273.1271,3273.1271,3261.8561,3270.2732
93332000,3266.7422,15457600,178298200,1109058300,11521898600,3273.1271,3273.1271,3261.8561,3270.2732
93337000,3265.8154,11640800,139371300,1120699100,11661269900,3273.1271,3273.1271,3261.8561,3270.2732
93342000,3264.9486,16758900,203506600,1137458000,11864776500,3273.1271,3273.1271,3261.8561,3270.2732
93347000,3264.6042,13331900,161258100,1150789900,12026034600,3273.1271,3273.1271,3261.8561,3270.2732
93352000,3263.5966,17227800,185563500,1168017700,12211598100,3273.1271,3273.1271,3261.8561,3270.2732
93357000,3263.0033,14515300,130686300,1182533000,12342284400,3273.1271,3273.1271,3261.8561,3270.2732
93402000,3261.8515,17897500,185260200,1200430500,12527544600,3273.1271,3273.1271,3261.8515,3270.2732
93407000,3261.9423,10454600,110307100,1210885100,12637851700,3273.1271,3273.1271,3261.5781,3270.2732
93412000,3260.9358,15782600,187371100,1226667700,12825222800,3273.1271,3273.1271,3260.9358,3270.2732
93417000,3261.5433,14199400,171970600,1240867100,12997193400,3273.1271,3273.1271,3260.9358,3270.2732
93422000,3261.3614,12548500,160665800,1253415600,13157859200,3273.1271,3273.1271,3260.9358,3270.2732
93427000,3260.6769,17021200,156254500,1270436800,13314113700,3273.1271,3273.1271,3260.5793,3270.2732
93432000,3261.0637,14347300,172887700,1284784100,13487001400,3273.1271,3273.1271,3260.3261,3270.2732
93437000,3261.7816,10386700,110103100,1295170800,13597104500,3273.1271,3273.1271,3260.3261,3270.2732
93442000,3261.2087,17165400,188013600,1312336200,13785118100,3273.1271,3273.1271,3260.3261,3270.2732
93447000,3260.4546,15288400,184974700,1327624600,13970092800,3273.1271,3273.1271,3260.3261,3270.2732
93452000,3261.0777,12105000,142466700,1339729600,14112559500,3273.1271,3273.1271,3259.9568,3270.2732
93458000,3260.1358,11962800,143408000,1351692400,14255967500,3273.1271,3273.1271,3259.9568,3270.2732
93502000,3259.5161,14350100,178718200,1366042500,14434685700,3273.1271,3273.1271,3259.5161,3270.2732
93507000,3258.4357,9271200,101217500,1375313700,14535903200,3273.1271,3273.1271,3258.4357,3270.2732
93513000,3259.0318,17891800,191162100,1393205500,14727065300,3273.1271,3273.1271,3258.4357,3270.2732
93517000,3259.9105,14745700,172416200,1407951200,14899481500,3273.1271,3273.1271,3258.4357,3270.2732
93523000,3260.4463,16926200,201767400,1424877400,15101248900,3273.1271,3273.1271,3258.4357,3270.2732
93528000,3260.3569,12352200,140585900,1437229600,15241834800,3273.1271,3273.1271,3258.4357,3270.2732
93533000,3260.0549,12120500,141985400,1449350100,15383820200,3273.1271,3273.1271,3258.4357,3270.2732
93538000,3260.6649,15076000,183722400,1464426100,15567542600,3273.1271,3273.1271,3258.4357,3270.2732
93543000,3261.4426,9728000,112883500,1474154100,15680426100,3273.1271,3273.1271,3258.4357,3270.2732
93548000,3262.5464,16704500,186036700,1490858600,15866462800,3273.1271,3273.1271,3258.4357,3270.2732
93553000,3261.7634,14635100,156788300,1505493700,16023251100,3273.1271,3273.1271,3258.4357,3270.2732
93558000,3261.7872,12128500,122176700,1517622200,16145427800,3273.1271,3273.1271,3258.4357,3270.2732
93603000,3261.3229,10652200,132105800,1528274400,16277533600,3273.1271,3273.1271,3258.4357,3270.2732
93608000,3261.5531,15392000,171032200,1543666400,16448565800,3273.1271,3273.1271,3258.4357,3270.2732
93613000,3261.7856,10313400,110021600,1553979800,16558587400,3273.1271,3273.1271,3258.4357,3270.2732
93618000,3260.9765,15861000,167885600,1569840800,16726473000,3273.1271,3273.1271,3258.4357,3270.2732
93623000,3260.3002,14015800,159261000,1583856600,16885734000,3273.1271,3273.1271,3258.4357,3270.2732
93628000,3260.1671,13746800,139616400,1597603400,17025350400,3273.1271,3273.1271,3258.4357,3270.2732
93633000,3259.4841,14393200,163519400,1611996600,17188869800,3273.1271,3273.1271,3258.4357,3270.2732
93638000,3259.1545,11839300,143777700,1623835900,17332647500,3273.1271,3273.1271,3258.4357,3270.2732
93643000,3258.494,7752100,90787900,1631588000,17423435400,3273.1271,3273.1271,3258.4357,3270.2732
93648000,3258.2987,11335700,133659300,1642923700,17557094700,3273.1271,3273.1271,3258.2072,3270.2732
93653000,3257.9043,12657400,157443700,1655581100,17714538400,3273.1271,3273.1271,3257.7826,3270.2732
93658000,3257.3833,10255600,112390500,1665836700,17826928900,3273.1271,3273.1271,3257.3833,3270.2732
93703000,3257.1826,13022900,135480300,1678859600,17962409200,3273.1271,3273.1271,3257.1826,3270.2732
93708000,3257.0084,14624000,150354400,1693483600,18112763600,3273.1271,3273.1271,3256.6411,3270.2732
93713000,3256.8073,8869400,93627100,1702353000,18206390700,3273.1271,3273.1271,3256.4677,3270.2732
93718000,3256.344,10844800,120654100,1713197800,18327044800,3273.1271,3273.1271,3256.0923,3270.2732
93723000,3256.4401,9559300,112717500,1722757100,18439762300,3273.1271,3273.1271,3255.7038,3270.2732
93728000,3256.1664,10617400,121834800,1733374500,18561597100,3273.1271,3273.1271,3255.7038,3270.2732
93733000,3255.7784,10052400,119447500,1743426900,18681044600,3273.1271,3273.1271,3255.7038,3270.2732
93738000,3256.6029,12889200,148701400,1756316100,18829746000,3273.1271,3273.1271,3255.5654,3270.2732
93743000,3255.8671,9768800,106360700,1766084900,18936106700,3273.1271,3273.1271,3255.5654,3270.2732
93748000,3258.2136,15597700,167614400,1781682600,19103721100,3273.1271,3273.1271,3255.5654,3270.2732
93753000,3259.1822,15821600,171704300,1797504200,19275425400,3273.1271,3273.1271,3255.5654,3270.2732
93758000,3259.627,10997000,134263900,1808501200,19409689300,3273.1271,3273.1271,3255.5654,3270.2732
93803000,3258.6979,7599600,96235700,1816100800,19505925000,3273.1271,3273.1271,3255.5654,3270.2732
93808000,3258.93,11645200,133223900,1827746000,19639148900,3273.1271,3273.1271,3255.5654,3270.2732
93813000,3258.7574,8499200,94043000,1836245200,19733191900,3273.1271,3273.1271,3255.5654,3270.2732
93818000,3258.5231,9738400,105436800,1845983600,19838628700,3273.1271,3273.1271,3255.5654,3270.2732
93823000,3258.1566,12753000,130137200,1858736600,19968765900,3273.1271,3273.1271,3255.5654,3270.2732
93828000,3257.8238,8490300,86797900,1867226900,20055563800,3273.1271,3273.1271,3255.5654,3270.2732
93833000,3257.9807,7876300,86723300,1875103200,20142287100,3273.1271,3273.1271,3255.5654,3270.2732
93838000,3257.9003,9413000,113751300,1884516200,20256038400,3273.1271,3273.1271,3255.5654,3270.2732
93843000,3257.9806,6362900,77379500,1890879100,20333417900,3273.1271,3273.1271,3255.5654,3270.2732
93848000,3257.7204,9848300,115924400,1900727400,20449342300,3273.1271,3273.1271,3255.5654,3270.2732
93854000,3257.6174,8253600,110236500,1908981000,20559578800,3273.1271,3273.1271,3255.5654,3270.2732
93858000,3257.7234,9329000,91560800,1918310000,20651139600,3273.1271,3273.1271,3255.5654,3270.2732
93904000,3257.3672,8840300,104940000,1927150300,20756079600,3273.1271,3273.1271,3255.5654,3270.2732
93909000,3257.9482,8307000,86681800,1935457300,20842761400,3273.1271,3273.1271,3255.5654,3270.2732
93913000,3258.2131,5992400,73358800,1941449700,20916120200,3273.1271,3273.1271,3255.5654,3270.2732
93919000,3258.9195,11532000,134535200,1952981700,21050655400,3273.1271,3273.1271,3255.5654,3270.2732
93924000,3258.8189,10840200,125801400,1963821900,21176456800,3273.1271,3273.1271,3255.5654,3270.2732
93929000,3260.0096,12999200,139852500,1976821100,21316309300,3273.1271,3273.1271,3255.5654,3270.2732
93934000,3260.4777,11949100,138481200,1988770200,21454790500,3273.1271,3273.1271,3255.5654,3270.2732
93939000,3262.3261,12798300,114976000,2001568500,21569766500,3273.1271,3273.1271,3255.5654,3270.2732
93944000,3262.9417,15052900,143740600,2016621400,21713507100,3273.1271,3273.1271,3255.5654,3270.2732
93949000,3262.2422,9026100,93245300,2025647500,21806752400,3273.1271,3273.1271,3255.5654,3270.2732
93954000,3263.1773,16211900,134485200,2041859400,21941237600,3273.1271,3273.1271,3255.5654,3270.2732
93959000,3263.423,10719300,121569900,2052578700,22062807500,3273.1271,3273.1271,3255.5654,3270.2732
94004000,3264.2909,11688200,135673800,2064266900,22198481300,3273.1271,3273.1271,3255.5654,3270.2732
94009000,3265.0736,8362000,92362900,2072628900,22290844200,3273.1271,3273.1271,3255.5654,3270.2732
94014000,3265.3407,9336600,92432700,2081965500,22383276900,3273.1271,3273.1271,3255.5654,3270.2732
94019000,3265.8017,8465700,86704300,2090431200,22469981200,3273.1271,3273.1271,3255.5654,3270.2732
94024000,3266.8199,12383800,121805500,2102815000,22591786700,3273.1271,3273.1271,3255.5654,3270.2732
94029000,3267.6964,11041300,113443200,2113856300,22705229900,3273.1271,3273.1271,3255.5654,3270.2732
94034000,3268.0639,9821500,99273500,2123677800,22804503400,3273.1271,3273.1271,3255.5654,3270.2732
94039000,3269.0012,8795200,91637000,2132473000,22896140400,3273.1271,3273.1271,3255.5654,3270.2732
94044000,3269.0103,8733700,100716500,2141206700,22996856900,3273.1271,3273.1271,3255.5654,3270.2732
94049000,3269.958,7557300,79665600,2148764000,23076522500,3273.1271,3273.1271,3255.5654,3270.2732
94054000,3270.4827,11935600,133540400,2160699600,23210062900,3273.1271,3273.1271,3255.5654,3270.2732
94059000,3270.907,13092000,140117400,2173791600,23350180300,3273.1271,3273.1271,3255.5654,3270.2732
94104000,3271.7848,11829900,120467400,2185621500,23470647700,3273.1271,3273.1271,3255.5654,3270.2732
94109000,3272.7126,9120400,102862800,2194741900,23573510500,3273.1271,3273.1271,3255.5654,3270.2732
94114000,3272.1337,9061600,101684700,2203803500,23675195200,3273.1271,3273.1271,3255.5654,3270.2732
94119000,3272.3676,8623400,101358600,2212426900,23776553800,3273.1271,3273.1271,3255.5654,3270.2732
94124000,3272.9967,9614700,113941300,2222041600,23890495100,3273.1271,3273.1271,3255.5654,3270.2732
94129000,3273.2504,10586800,131851100,2232628400,24022346200,3273.1271,3273.2504,3255.5654,3270.2732
94134000,3273.6715,11502900,122597200,2244131300,24144943400,3273.1271,3273.6715,3255.5654,3270.2732
94139000,3273.4068,10205500,113703000,2254336800,24258646400,3273.1271,3273.9042,3255.5654,3270.2732
94144000,3274.3272,8892700,110671000,2263229500,24369317400,3273.1271,3274.3272,3255.5654,3270.2732
94149000,3274.5137,7458500,88462300,2270688000,24457779700,3273.1271,3274.5137,3255.5654,3270.2732
94154000,3274.9884,12176500,143073500,2282864500,24600853200,3273.1271,3275.0543,3255.5654,3270.2732
94159000,3275.1453,10366500,112106100,2293231000,24712959300,3273.1271,3275.2608,3255.5654,3270.2732
94204000,3275.3755,12444900,140154900,2305675900,24853114200,3273.1271,3275.3755,3255.5654,3270.2732
94209000,3275.4265,10990800,133861400,2316666700,24986975600,3273.1271,3275.6652,3255.5654,3270.2732
94214000,3275.7519,9122000,116596000,2325788700,25103571600,3273.1271,3275.8275,3255.5654,3270.2732
94219000,3275.5484,6383800,82582100,2332172500,25186153700,3273.1271,3275.9501,3255.5654,3270.2732
94224000,3275.5069,9709200,127673500,2341881700,25313827200,3273.1271,3275.9501,3255.5654,3270.2732
94229000,3275.7787,9456500,112453900,2351338200,25426281100,3273.1271,3276.0205,3255.5654,3270.2732
94234000,3275.5357,10675500,117586700,2362013700,25543867800,3273.1271,3276.0205,3255.5654,3270.2732
94239000,3275.4459,8334000,96909900,2370347700,25640777700,3273.1271,3276.0205,3255.5654,3270.2732
94244000,3275.5539,9158700,112044400,2379506400,25752822100,3273.1271,3276.0205,3255.5654,3270.2732
94249000,3275.5732,8118800,90856500,2387625200,25843678600,3273.1271,3276.0205,3255.5654,3270.2732
94255000,3275.1175,10441800,108529600,2398067000,25952208200,3273.1271,3276.0205,3255.5654,3270.2732
94259000,3274.8818,9632600,110419700,2407699600,26062627900,3273.1271,3276.0205,3255.5654,3270.2732
94305000,3275.1954,10683800,120544500,2418383400,26183172400,3273.1271,3276.0205,3255.5654,3270.2732
94310000,3274.9145,11075400,111569300,2429458800,26294741700,3273.1271,3276.0205,3255.5654,3270.2732
94315000,3274.9277,8251600,86611600,2437710400,26381353300,3273.1271,3276.0205,3255.5654,3270.2732
94320000,3274.902,9583000,113064100,2447293400,26494417400,3273.1271,3276.0205,3255.5654,3270.2732
94325000,3274.8062,7513700,71184600,2454807100,26565602000,3273.1271,3276.0205,3255.5654,3270.2732
94330000,3274.7182,10440200,123453800,2465247300,26689055800,3273.1271,3276.0205,3255.5654,3270.2732
94335000,3274.6022,8995000,108094200,2474242300,26797150000,3273.1271,3276.0205,3255.5654,3270.2732
94340000,3274.8254,9855700,112622000,2484098000,26909772000,3273.1271,3276.0205,3255.5654,3270.2732
94345000,3274.8524,6184700,75513400,2490282700,26985285400,3273.1271,3276.0205,3255.5654,3270.2732
94350000,3275.0873,8214700,105947900,2498497400,27091233300,3273.1271,3276.0205,3255.5654,3270.2732
94355000,3275.2384,6641800,89778200,2505139200,27181011500,3273.1271,3276.0205,3255.5654,3270.2732
94400000,3275.5031,10303200,104668500,2515442400,27285680000,3273.1271,3276.0205,3255.5654,3270.2732
94405000,3275.0991,7539500,90950900,2522981900,27376630900,3273.1271,3276.0205,3255.5654,3270.2732
94410000,3274.8558,8393200,95725400,2531375100,27472356300,3273.1271,3276.0205,3255.5654,3270.2732
94415000,3274.5038,6701700,77859800,2538076800,27550216100,3273.1271,3276.0205,3255.5654,3270.2732
94420000,3273.9384,7559800,91152300,2545636600,27641368400,3273.1271,3276.0205,3255.5654,3270.2732
94425000,3273.3616,7581700,92839400,2553218300,27734207800,3273.1271,3276.0205,3255.5654,3270.2732
94430000,3273.5219,11570400,122446200,2564788700,27856654000,3273.1271,3276.0205,3255.5654,3270.2732
94435000,3272.7143,8013900,105749500,2572802600,27962403500,3273.1271,3276.0205,3255.5654,3270.2732
94440000,3272.3862,9033200,107993200,2581835800,28070396700,3273.1271,3276.0205,3255.5654,3270.2732
94445000,3271.9684,6280600,74933300,2588116400,28145330000,3273.1271,3276.0205,3255.5654,3270.2732
94450000,3271.4191,8647600,92566200,2596764000,28237896200,3273.1271,3276.0205,3255.5654,3270.2732
94455000,3271.2475,6558900,75291200,2603322900,28313187400,3273.1271,3276.0205,3255.5654,3270.2732
94500000,3270.6132,9101600,96708300,2612424500,28409895700,3273.1271,3276.0205,3255.5654,3270.2732
94505000,3269.9059,11438900,114054300,2623863400,28523950000,3273.1271,3276.0205,3255.5654,3270.2732
94510000,3269.7245,9129400,98683300,2632992800,28622633300,3273.1271,3276.0205,3255.5654,3270.2732
94515000,3269.4458,6769500,73122100,2639762300,28695755400,3273.1271,3276.0205,3255.5654,3270.2732
94520000,3268.9308,8007500,79496100,2647769800,28775251500,3273.1271,3276.0205,3255.5654,3270.2732
94525000,3269.0465,7589300,79729300,2655359100,28854980800,3273.1271,3276.0205,3255.5654,3270.2732
94530000,3268.2982,10564300,101098500,2665923400,28956079300,3273.1271,3276.0205,3255.5654,3270.2732
94535000,3268.2456,7777800,83674100,2673701200,29039753400,3273.1271,3276.0205,3255.5654,3270.2732
94540000,3268.0665,6662200,75500300,2680363400,29115253700,3273.1271,3276.0205,3255.5654,3270.2732
94545000,3267.6227,6942200,65812500,2687305600,29181066200,3273.1271,3276.0205,3255.5654,3270.2732
94550000,3267.5506,6156400,71250300,2693462000,29252316500,3273.1271,3276.0205,3255.5654,3270.2732
94555000,3267.3025,5597700,68567100,2699059700,29320883600,3273.1271,3276.0205,3255.5654,3270.2732
94600000,3267.3138,6438400,68729800,2705498100,29389613400,3273.1271,3276.0205,3255.5654,3270.2732
94605000,3266.7725,6849800,80705400,2712347900,29470318800,3273.1271,3276.0205,3255.5654,3270.2732
94610000,3267.1816,7322900,78193400,2719670800,29548512200,3273.1271,3276.0205,3255.5654,3270.2732
94615000,3266.3036,5483100,59103200,2725153900,29607615400,3273.1271,3276.0205,3255.5654,3270.2732
94620000,3266.191,5781300,74740800,2730935200,29682356200,3273.1271,3276.0205,3255.5654,3270.2732
94625000,3266.7355,4958500,64547200,2735893700,29746903400,3273.1271,3276.0205,3255.5654,3270.2732
94630000,3266.5523,7540700,94346000,2743434400,29841249400,3273.1271,3276.0205,3255.5654,3270.2732
94635000,3266.1329,7221000,78105500,2750655400,29919354900,3273.1271,3276.0205,3255.5654,3270.2732
94641000,3265.8878,7423800,86098800,2758079200,30005453700,3273.1271,3276.0205,3255.5654,3270.2732
94646000,3265.7573,6081300,73969100,2764160500,30079422800,3273.1271,3276.0205,3255.5654,3270.2732
94651000,3265.1368,4560800,54545800,2768721300,30133968600,3273.1271,3276.0205,3255.5654,3270.2732
94656000,3265.5885,5261300,72046400,2773982600,30206015000,3273.1271,3276.0205,3255.5654,3270.2732
94701000,3265.2871,4301800,57592800,2778284400,30263607800,3273.1271,3276.0205,3255.5654,3270.2732
94706000,3265.345,6202200,73191500,2784486600,30336799300,3273.1271,3276.0205,3255.5654,3270.2732
94711000,3265.6667,5922100,83296300,2790408700,30420095600,3273.1271,3276.0205,3255.5654,3270.2732
94716000,3265.6341,5845300,73807600,2796254000,30493903200,3273.1271,3276.0205,3255.5654,3270.2732
94721000,3264.7726,4583200,52008200,2800837200,30545911400,3273.1271,3276.0205,3255.5654,3270.2732
94726000,3264.7664,4962900,65223600,2805800100,30611135000,3273.1271,3276.0205,3255.5654,3270.2732
94731000,3264.1478,5025200,60507600,2810825300,30671642600,3273.1271,3276.0205,3255.5654,3270.2732
94736000,3264.5161,5941500,77507600,2816766800,30749150200,3273.1271,3276.0205,3255.5654,3270.2732
94741000,3264.6153,6754900,79076100,2823521700,30828226300,3273.1271,3276.0205,3255.5654,3270.2732
94746000,3264.1781,5697600,63110400,2829219300,30891336700,3273.1271,3276.0205,3255.5654,3270.2732
94751000,3264.38,5335300,56893300,2834554600,30948230000,3273.1271,3276.0205,3255.5654,3270.2732
94756000,3263.8038,5876800,73852800,2840431400,31022082800,3273.1271,3276.0205,3255.5654,3270.2732
94801000,3264.0677,4930500,80502200,2845361900,31102585000,3273.1271,3276.0205,3255.5654,3270.2732
94806000,3263.8336,6255000,77433200,2851616900,31180018200,3273.1271,3276.0205,3255.5654,3270.2732
94811000,3263.8499,6491800,76067900,2858108700,31256086100,3273.1271,3276.0205,3255.5654,3270.2732
94816000,3263.8076,5294300,63403800,2863403000,31319489900,3273.1271,3276.0205,3255.5654,3270.2732
94821000,3263.3099,6026400,62368400,2869429400,31381858300,3273.1271,3276.0205,3255.5654,3270.2732
94826000,3262.9347,5250900,61179900,2874680300,31443038200,3273.1271,3276.0205,3255.5654,3270.2732
94831000,3263.793,5855100,52270700,2880535400,31495308900,3273.1271,3276.0205,3255.5654,3270.2732
94836000,3263.6739,9873100,91441300,2890408500,31586750200,3273.1271,3276.0205,3255.5654,3270.2732
94841000,3265.3107,9593700,130021600,2900002200,31716771800,3273.1271,3276.0205,3255.5654,3270.2732
94846000,3266.5323,9554400,110406800,2909556600,31827178600,3273.1271,3276.0205,3255.5654,3270.2732
94851000,3266.3343,6261000,84496200,2915817600,31911674800,3273.1271,3276.0205,3255.5654,3270.2732
94856000,3265.9037,7055500,80105600,2922873100,31991780400,3273.1271,3276.0205,3255.5654,3270.2732
94901000,3266.7034,5126100,58965500,2927999200,32050745900,3273.1271,3276.0205,3255.5654,3270.2732
94906000,3266.1129,6570300,71997800,2934569500,32122743700,3273.1271,3276.0205,3255.5654,3270.2732
94911000,3265.9194,4791900,70642200,2939361400,32193385900,3273.1271,3276.0205,3255.5654,3270.2732
94916000,3265.7907,6150700,69617500,2945512100,32263003400,3273.1271,3276.0205,3255.5654,3270.2732
94921000,3266.0211,6047300,64367300,2951559400,32327370700,3273.1271,3276.0205,3255.5654,3270.2732
94926000,3265.73,5958900,74822900,2957518300,32402193600,3273.1271,3276.0205,3255.5654,3270.2732
94931000,3265.0316,3986700,42649500,2961505000,32444843100,3273.1271,3276.0205,3255.5654,3270.2732
94936000,3265.2682,7910800,83949500,2969415800,32528792600,3273.1271,3276.0205,3255.5654,3270.2732
94941000,3265.0151,4669500,62292300,2974085300,32591084900,3273.1271,3276.0205,3255.5654,3270.2732
94946000,3264.8559,7774700,79491900,2981860000,32670576800,3273.1271,3276.0205,3255.5654,3270.2732
94951000,3264.4652,6488500,66372000,2988348500,32736948800,3273.1271,3276.0205,3255.5654,3270.2732
94956000,3264.0554,5774200,72209300,2994122700,32809158100,3273.1271,3276.0205,3255.5654,3270.2732
95001000,3263.7575,3876800,48251300,2997999500,32857409400,3273.1271,3276.0205,3255.5654,3270.2732
95006000,3263.5487,5694700,73543800,3003694200,32930953200,3273.1271,3276.0205,3255.5654,3270.2732
95011000,3263.6213,5143800,66088100,3008838000,32997041300,3273.1271,3276.0205,3255.5654,3270.2732
95016000,3263.0734,4710100,57299800,3013548100,33054341100,3273.1271,3276.0205,3255.5654,3270.2732
95021000,3262.7867,7391800,75248300,3020939900,33129589400,3273.1271,3276.0205,3255.5654,3270.2732
95026000,3263.1863,5484500,67648300,3026424400,33197237700,3273.1271,3276.0205,3255.5654,3270.2732
95032000,3262.754,6880600,72969700,3033305000,33270207400,3273.1271,3276.0205,3255.5654,3270.2732
95036000,3262.7054,4853900,56821500,3038158900,33327028900,3273.1271,3276.0205,3255.5654,3270.2732
95041000,3262.5408,4357200,64269200,3042516100,33391298100,3273.1271,3276.0205,3255.5654,3270.2732
95047000,3262.2056,6361900,70870400,3048878000,33462168500,3273.1271,3276.0205,3255.5654,3270.2732
95052000,3261.7616,5265100,64444500,3054143100,33526613000,3273.1271,3276.0205,3255.5654,3270.2732
95057000,3262.4674,5742800,62580800,3059885900,33589193800,3273.1271,3276.0205,3255.5654,3270.2732
95102000,3262.1729,4648500,51410500,3064534400,33640604300,3273.1271,3276.0205,3255.5654,3270.2732
95107000,3262.3596,4323100,50824800,3068857500,33691429100,3273.1271,3276.0205,3255.5654,3270.2732
95112000,3262.0867,6531900,74087400,3075389400,33765516500,3273.1271,3276.0205,3255.5654,3270.2732
95117000,3262.0228,5607800,71637900,3080997200,33837154400,3273.1271,3276.0205,3255.5654,3270.2732
95122000,3261.4007,5040400,66077100,3086037600,33903231500,3273.1271,3276.0205,3255.5654,3270.2732
95127000,3261.0651,6091300,66664300,3092128900,33969895800,3273.1271,3276.0205,3255.5654,3270.2732
95132000,3261.0315,5598100,57780100,3097727000,34027675900,3273.1271,3276.0205,3255.5654,3270.2732
95137000,3260.6631,4494700,49816900,3102221700,34077492800,3273.1271,3276.0205,3255.5654,3270.2732
95142000,3260.9182,5865200,75547100,3108086900,34153039900,3273.1271,3276.0205,3255.5654,3270.2732
95147000,3260.1766,5755800,71547600,3113842700,34224587500,3273.1271,3276.0205,3255.5654,3270.2732
95152000,3260.207,7128600,76539800,3120971300,34301127300,3273.1271,3276.0205,3255.5654,3270.2732
95157000,3259.2622,4426300,58237800,3125397600,34359365100,3273.1271,3276.0205,3255.5654,3270.2732
95202000,3259.0167,6988800,77517000,3132386400,34436882100,3273.1271,3276.0205,3255.5654,3270.2732
95207000,3258.9231,5628700,64789400,3138015100,34501671500,3273.1271,3276.0205,3255.5654,3270.2732
95212000,3258.6666,8840600,84362100,3146855700,34586033600,3273.1271,3276.0205,3255.5654,3270.2732
95217000,3258.3258,7189200,77027100,3154044900,34663060700,3273.1271,3276.0205,3255.5654,3270.2732
95222000,3258.3605,9703900,103884800,3163748800,34766945500,3273.1271,3276.0205,3255.5654,3270.2732
95227000,3258.3661,7291000,80471000,3171039800,34847416500,3273.1271,3276.0205,3255.5654,3270.2732
95232000,3257.4229,7541000,97569600,3178580800,34944986100,3273.1271,3276.0205,3255.5654,3270.2732
95237000,3257.2248,5116500,56501800,3183697300,35001487900,3273.1271,3276.0205,3255.5654,3270.2732
95242000,3257.0331,7191500,89308100,3190888800,35090796000,3273.1271,3276.0205,3255.5654,3270.2732
95247000,3256.3562,7657600,91367000,3198546400,35182163000,3273.1271,3276.0205,3255.5654,3270.2732
95252000,3256.3341,8438600,88080700,3206985000,35270243700,3273.1271,3276.0205,3255.5654,3270.2732
95257000,3256.249,6258900,76696200,3213243900,35346939900,3273.1271,3276.0205,3255.5654,3270.2732
95302000,3256.3788,6836400,84898900,3220080300,35431838800,3273.1271,3276.0205,3255.5654,3270.2732
95307000,3256.4082,7552900,76979900,3227633200,35508818700,3273.1271,3276.0205,3255.5654,3270.2732
95312000,3255.8236,9162700,94256700,3236795900,35603075400,3273.1271,3276.0205,3255.5654,3270.2732
95317000,3255.8582,7710100,81044000,3244506000,35684119400,3273.1271,3276.0205,3255.5654,3270.2732
95322000,3255.7453,7877800,81418800,3252383800,35765538200,3273.1271,3276.0205,3255.5395,3270.2732
95327000,3255.6048,6292700,73898700,3258676500,35839436900,3273.1271,3276.0205,3255.2852,3270.2732
95332000,3255.91,6965200,86089300,3265641700,35925526200,3273.1271,3276.0205,3255.2852,3270.2732
95337000,3256.5118,8604100,118260900,3274245800,36043787100,3273.1271,3276.0205,3255.2852,3270.2732
95342000,3257.3102,8962000,106779100,3283207800,36150566200,3273.1271,3276.0205,3255.2852,3270.2732
95347000,3257.0441,6562400,87556000,3289770200,36238122200,3273.1271,3276.0205,3255.2852,3270.2732
95352000,3257.1429,6941600,98874900,3296711800,36336997100,3273.1271,3276.0205,3255.2852,3270.2732
95357000,3256.6906,6072900,63769300,3302784700,36400766400,3273.1271,3276.0205,3255.2852,3270.2732
95402000,3257.3461,5755100,65994900,3308539800,36466761300,3273.1271,3276.0205,3255.2852,3270.2732
95407000,3256.1364,6277600,66880900,3314817400,36533642200,3273.1271,3276.0205,3255.2852,3270.2732
95412000,3256.4198,7262400,73519900,3322079800,36607162100,3273.1271,3276.0205,3255.2852,3270.2732
95417000,3256.3428,6101300,64326800,3328181100,36671488900,3273.1271,3276.0205,3255.2852,3270.2732
95422000,3256.0239,4548300,59257000,3332729400,36730745900,3273.1271,3276.0205,3255.2852,3270.2732
95428000,3255.7783,6117400,77299900,3338846800,36808045800,3273.1271,3276.0205,3255.2852,3270.2732
95432000,3255.5746,4212500,38766400,3343059300,36846812200,3273.1271,3276.0205,3255.2852,3270.2732
95437000,3255.2401,4737000,50105400,3347796300,36896917600,3273.1271,3276.0205,3255.2401,3270.2732
95443000,3255.3205,6253500,79391000,3354049800,36976308600,3273.1271,3276.0205,3255.2401,3270.2732
95448000,3254.9574,8289300,90433900,3362339100,37066742500,3273.1271,3276.0205,3254.8606,3270.2732
95453000,3254.4876,7464100,83286000,3369803200,37150028500,3273.1271,3276.0205,3254.4133,3270.2732
95458000,3254.5915,7137200,86621000,3376940400,37236649500,3273.1271,3276.0205,3254.4133,3270.2732
95503000,3253.9869,5649400,64260800,3382589800,37300910300,3273.1271,3276.0205,3253.9869,3270.2732
95508000,3253.5457,6432100,91685600,3389021900,37392595900,3273.1271,3276.0205,3253.5059,3270.2732
95513000,3253.6822,7130300,69959300,3396152200,37462555200,3273.1271,3276.0205,3253.3991,3270.2732
95518000,3252.9805,6941200,75172200,3403093400,37537727400,3273.1271,3276.0205,3252.9805,3270.2732
95523000,3253.0624,7941700,96010900,3411035100,37633738300,3273.1271,3276.0205,3252.7043,3270.2732
95528000,3252.8276,6688300,81375900,3417723400,37715114200,3273.1271,3276.0205,3252.7043,3270.2732
95533000,3253.4175,6395400,73713100,3424118800,37788827300,3273.1271,3276.0205,3252.7043,3270.2732
95538000,3252.6212,8327900,100030900,3432446700,37888858200,3273.1271,3276.0205,3252.5982,3270.2732
95543000,3252.9173,5938600,80704900,3438385300,37969563100,3273.1271,3276.0205,3252.5982,3270.2732
95548000,3252.5534,7631400,91314000,3446016700,38060877100,3273.1271,3276.0205,3252.5534,3270.2732
95553000,3252.2985,6083300,68800900,3452100000,38129678000,3273.1271,3276.0205,3252.1722,3270.2732
95558000,3252.2782,6747900,85166300,3458847900,38214844300,3273.1271,3276.0205,3252.1722,3270.2732
95603000,3252.0495,7688500,79059300,3466536400,38293903600,3273.1271,3276.0205,3251.939,3270.2732
95608000,3252.0505,7210300,90281000,3473746700,38384184600,3273.1271,3276.0205,3251.7412,3270.2732
95613000,3253.0012,6868800,79515700,3480615500,38463700300,3273.1271,3276.0205,3251.6167,3270.2732
95618000,3254.5759,12207500,124943200,3492823000,38588643500,3273.1271,3276.0205,3251.6167,3270.2732
95623000,3255.1005,12924400,147208900,3505747400,38735852400,3273.1271,3276.0205,3251.6167,3270.2732
95628000,3255.3541,8762900,110224900,3514510300,38846077300,3273.1271,3276.0205,3251.6167,3270.2732
95633000,3254.8376,8092300,91170800,3522602600,38937248100,3273.1271,3276.0205,3251.6167,3270.2732
95638000,3254.9979,7996400,94598100,3530599000,39031846200,3273.1271,3276.0205,3251.6167,3270.2732
95643000,3254.903,5069900,60459000,3535668900,39092305200,3273.1271,3276.0205,3251.6167,3270.2732
95648000,3255.2236,6738800,78824600,3542407700,39171129800,3273.1271,3276.0205,3251.6167,3270.2732
95653000,3254.8024,7138000,73276800,3549545700,39244406600,3273.1271,3276.0205,3251.6167,3270.2732
95658000,3255.0099,5670000,61474100,3555215700,39305880700,3273.1271,3276.0205,3251.6167,3270.2732
95703000,3255.1765,4459300,49335700,3559675000,39355216400,3273.1271,3276.0205,3251.6167,3270.2732
95708000,3254.9557,5333700,63450400,3565008700,39418666800,3273.1271,3276.0205,3251.6167,3270.2732
95713000,3255.1124,3946500,44481300,3568955200,39463148100,3273.1271,3276.0205,3251.6167,3270.2732
95718000,3254.8753,5748200,65964200,3574703400,39529112300,3273.1271,3276.0205,3251.6167,3270.2732
95723000,3255.0092,3976800,52611300,3578680200,39581723600,3273.1271,3276.0205,3251.6167,3270.2732
95728000,3255.0407,4402200,58664600,3583082400,39640388200,3273.1271,3276.0205,3251.6167,3270.2732
95733000,3255.3932,4602100,54372300,3587684500,39694760500,3273.1271,3276.0205,3251.6167,3270.2732
95738000,3255.3772,4941100,73448000,3592625600,39768208500,3273.1271,3276.0205,3251.6167,3270.2732
95743000,3256.0415,4190100,49259700,3596815700,39817468200,3273.1271,3276.0205,3251.6167,3270.2732
95748000,3256.742,6006400,61678800,3602822100,39879147000,3273.1271,3276.0205,3251.6167,3270.2732
95753000,3256.8426,4812000,68845800,3607634100,39947992800,3273.1271,3276.0205,3251.6167,3270.2732
95758000,3256.9519,6127100,65520300,3613761200,40013513100,3273.1271,3276.0205,3251.6167,3270.2732
95803000,3257.1572,5699100,58485500,3619460300,40071998600,3273.1271,3276.0205,3251.6167,3270.2732
95809000,3256.5452,5031800,57175200,3624492100,40129173800,3273.1271,3276.0205,3251.6167,3270.2732
95814000,3256.2974,4371900,53191600,3628864000,40182365400,3273.1271,3276.0205,3251.6167,3270.2732
95819000,3256.3276,3529300,42101900,3632393300,40224467300,3273.1271,3276.0205,3251.6167,3270.2732
95823000,3256.173,4518000,69122200,3636911300,40293589500,3273.1271,3276.0205,3251.6167,3270.2732
95829000,3256.4246,7422700,84895800,3644334000,40378485300,3273.1271,3276.0205,3251.6167,3270.2732
95834000,3255.8533,5943700,68104300,3650277700,40446589600,3273.1271,3276.0205,3251.6167,3270.2732
95839000,3255.7062,4241200,45843500,3654518900,40492433100,3273.1271,3276.0205,3251.6167,3270.2732
95844000,3255.4936,4136500,57917400,3658655400,40550350500,3273.1271,3276.0205,3251.6167,3270.2732
95849000,3255.3072,3631500,46206500,3662286900,40596557000,3273.1271,3276.0205,3251.6167,3270.2732
95854000,3254.6888,5673000,69440100,3667959900,40665997100,3273.1271,3276.0205,3251.6167,3270.2732
95859000,3254.1675,4738000,60207000,3672697900,40726204100,3273.1271,3276.0205,3251.6167,3270.2732
95904000,3254.191,4749600,67804000,3677447500,40794008100,3273.1271,3276.0205,3251.6167,3270.2732
95909000,3254.0207,4325200,48679200,3681772700,40842687300,3273.1271,3276.0205,3251.6167,3270.2732
95914000,3253.834,4235700,66402900,3686008400,40909090200,3273.1271,3276.0205,3251.6167,3270.2732
95919000,3253.2293,3858800,41489300,3689867200,40950579500,3273.1271,3276.0205,3251.6167,3270.2732
95924000,3252.8776,4402100,59245000,3694269300,41009824500,3273.1271,3276.0205,3251.6167,3270.2732
95929000,3252.4354,4645900,58979800,3698915200,41068804300,3273.1271,3276.0205,3251.6167,3270.2732
95934000,3252.5865,5526000,69013000,3704441200,41137817300,3273.1271,3276.0205,3251.6167,3270.2732
95939000,3252.141,4553800,61528200,3708995000,41199345500,3273.1271,3276.0205,3251.6167,3270.2732
95944000,3251.7317,4238400,69672200,3713233400,41269017700,3273.1271,3276.0205,3251.6167,3270.2732
95949000,3252.0026,5767400,74657800,3719000800,41343675500,3273.1271,3276.0205,3251.6167,3270.2732
95954000,3251.492,7856600,91729300,3726857400,41435404800,3273.1271,3276.0205,3251.492,3270.2732
95959000,3251.037,4641300,84089300,3731498700,41519494100,3273.1271,3276.0205,3251.037,3270.2732
100004000,3249.8384,6198100,88924100,3737696800,41608418200,3273.1271,3276.0205,3249.8384,3270.2732
100009000,3249.8152,4359800,57015300,3742056600,41665433500,3273.1271,3276.0205,3249.7977,3270.2732
100014000,3248.951,5288000,80285700,3747344600,41745719200,3273.1271,3276.0205,3248.951,3270.2732
100019000,3249.0723,4578500,62917500,3751923100,41808636700,3273.1271,3276.0205,3248.833,3270.2732
100024000,3248.3867,7123600,102036500,3759046700,41910673200,3273.1271,3276.0205,3248.3867,3270.2732
100029000,3248.4057,4820200,69368300,3763866900,41980041500,3273.1271,3276.0205,3247.9531,3270.2732
100034000,3248.955,7360700,86243400,3771227600,42066284900,3273.1271,3276.0205,3247.9531,3270.2732
100039000,3248.4193,6458500,76947200,3777686100,42143232100,3273.1271,3276.0205,3247.9531,3270.2732
100044000,3248.2215,5160300,80126500,3782846400,42223358600,3273.1271,3276.0205,3247.9531,3270.2732
100049000,3248.6094,6216100,65592400,3789062500,42288951000,3273.1271,3276.0205,3247.9531,3270.2732
100054000,3247.6492,8095200,92155800,3797157700,42381106800,3273.1271,3276.0205,3247.2871,3270.2732
100059000,3248.1735,7552400,79300900,3804710100,42460407700,3273.1271,3276.0205,3247.2871,3270.2732
100104000,3247.0443,9528400,87835800,3814238500,42548243500,3273.1271,3276.0205,3247.0443,3270.2732
100109000,3246.4946,6816100,75093600,3821054600,42623337100,3273.1271,3276.0205,3246.4946,3270.2732
100114000,3247.4024,8673100,100977600,3829727700,42724314700,3273.1271,3276.0205,3246.4946,3270.2732
100119000,3246.2671,5627100,68509500,3835354800,42792824200,3273.1271,3276.0205,3246.2671,3270.2732
100124000,3246.6506,8769000,99297800,3844123800,42892122000,3273.1271,3276.0205,3245.9391,3270.2732
100129000,3245.6293,6661200,93273300,3850785000,42985395300,3273.1271,3276.0205,3245.6293,3270.2732
100134000,3245.0671,5923500,79596600,3856708500,43064991900,3273.1271,3276.0205,3245.0671,3270.2732
100139000,3245.8646,5818600,62285700,3862527100,43127277600,3273.1271,3276.0205,3244.9703,3270.2732
100144000,3246.0578,5135400,68113600,3867662500,43195391200,3273.1271,3276.0205,3244.9703,3270.2732
100149000,3245.4986,6416700,76847600,3874079200,43272238800,3273.1271,3276.0205,3244.9703,3270.2732
100154000,3245.2942,6965400,92496200,3881044600,43364735000,3273.1271,3276.0205,3244.6671,3270.2732
100159000,3245.637,6323400,89354700,3887368000,43454089700,3273.1271,3276.0205,3244.6671,3270.2732
100204000,3245.3849,9112600,96223000,3896480600,43550312700,3273.1271,3276.0205,3244.6671,3270.2732
100209000,3245.2083,6267300,70629300,3902747900,43620942000,3273.1271,3276.0205,3244.6671,3270.2732
100215000,3244.8257,7455900,104778600,3910203800,43725720600,3273.1271,3276.0205,3244.6671,3270.2732
100220000,3244.7035,5503800,92489500,3915707600,43818210100,3273.1271,3276.0205,3244.6671,3270.2732
100225000,3244.4634,4716500,74083100,3920424100,43892293200,3273.1271,3276.0205,3244.4634,3270.2732
100230000,3244.9134,7340400,82810700,3927764500,43975103900,3273.1271,3276.0205,3244.4634,3270.2732
100235000,3244.748,5803800,68474100,3933568300,44043578000,3273.1271,3276.0205,3244.4634,3270.2732
100240000,3245.1713,6863100,77935600,3940431400,44121513600,3273.1271,3276.0205,3244.4076,3270.2732
100245000,3244.6038,5362600,64343000,3945794000,44185856600,3273.1271,3276.0205,3244.2767,3270.2732
100250000,3244.0132,5039900,54475100,3950833900,44240331700,3273.1271,3276.0205,3244.0132,3270.2732
100255000,3244.3558,4332800,54024100,3955166700,44294355800,3273.1271,3276.0205,3243.8836,3270.2732
100300000,3244.1427,7423600,74690700,3962590300,44369046500,3273.1271,3276.0205,3243.8836,3270.2732
100305000,3243.9751,5781000,72583300,3968371300,44441629800,3273.1271,3276.0205,3243.8836,3270.2732
100310000,3244.0385,7320600,109909800,3975691900,44551539600,3273.1271,3276.0205,3243.8836,3270.2732
100315000,3243.6912,6541900,67175800,3982233800,44618715400,3273.1271,3276.0205,3243.6912,3270.2732
100320000,3243.9034,6210000,80848300,3988443800,44699563700,3273.1271,3276.0205,3243.6212,3270.2732
100325000,3242.821,4798800,59626700,3993242600,44759190400,3273.1271,3276.0205,3242.821,3270.2732
100330000,3243.7386,6055100,72857100,3999297700,44832047500,3273.1271,3276.0205,3242.821,3270.2732
100335000,3244.4782,5310800,78290600,4004608500,44910338100,3273.1271,3276.0205,3242.821,3270.2732
100340000,3245.4489,13041500,164388700,4017650000,45074726800,3273.1271,3276.0205,3242.821,3270.2732
100345000,3247.3633,10850300,113471700,4028500300,45188198500,3273.1271,3276.0205,3242.821,3270.2732
100350000,3248.2123,8498200,106530700,4036998500,45294729200,3273.1271,3276.0205,3242.821,3270.2732
100355000,3247.6506,5402600,73972900,4042401100,45368702100,3273.1271,3276.0205,3242.821,3270.2732
100400000,3248.2859,7060900,82925400,4049462000,45451627500,3273.1271,3276.0205,3242.821,3270.2732
100405000,3248.1923,4470500,59736900,4053932500,45511364400,3273.1271,3276.0205,3242.821,3270.2732
100410000,3248.1638,6565200,82051600,4060497700,45593416000,3273.1271,3276.0205,3242.821,3270.2732
100415000,3247.9917,4809400,57095500,4065307100,45650511500,3273.1271,3276.0205,3242.821,3270.2732
100420000,3247.8541,4009400,63817900,4069316500,45714329400,3273.1271,3276.0205,3242.821,3270.2732
100425000,3248.389,4922000,59858500,4074238500,45774187900,3273.1271,3276.0205,3242.821,3270.2732
100430000,3248.7056,7318200,79357300,4081556700,45853545200,3273.1271,3276.0205,3242.821,3270.2732
100435000,3248.8742,5852500,74585300,4087409200,45928130500,3273.1271,3276.0205,3242.821,3270.2732
100440000,3249.4167,7327900,74081800,4094737100,46002212300,3273.1271,3276.0205,3242.821,3270.2732
100445000,3249.111,5610700,60389900,4100347800,46062602200,3273.1271,3276.0205,3242.821,3270.2732
100450000,3249.7028,4681800,56940600,4105029600,46119542800,3273.1271,3276.0205,3242.821,3270.2732
100455000,3249.5677,3401000,46626100,4108430600,46166168900,3273.1271,3276.0205,3242.821,3270.2732
100500000,3249.6657,5472600,70639900,4113903200,46236808800,3273.1271,3276.0205,3242.821,3270.2732
100505000,3249.872,4730400,54829200,4118633600,46291638000,3273.1271,3276.0205,3242.821,3270.2732
100510000,3250.1176,4830100,65525100,4123463700,46357163100,3273.1271,3276.0205,3242.821,3270.2732
100515000,3250.1345,3599400,42523500,4127063100,46399686600,3273.1271,3276.0205,3242.821,3270.2732
100520000,3250.4703,3193600,45013600,4130256700,46444700200,3273.1271,3276.0205,3242.821,3270.2732
100525000,3250.6678,3797700,43425800,4134054400,46488126000,3273.1271,3276.0205,3242.821,3270.2732
100530000,3250.2807,4437600,56999800,4138492000,46545125800,3273.1271,3276.0205,3242.821,3270.2732
100535000,3250.3386,3902100,53375500,4142394100,46598501300,3273.1271,3276.0205,3242.821,3270.2732
100540000,3250.2641,4997100,67998500,4147391200,46666499800,3273.1271,3276.0205,3242.821,3270.2732
100545000,3250.1806,3691200,43126700,4151082400,46709626500,3273.1271,3276.0205,3242.821,3270.2732
100550000,3250.1662,3879000,50037300,4154961400,46759663800,3273.1271,3276.0205,3242.821,3270.2732
100556000,3250.6931,4763800,71178400,4159725200,46830842200,3273.1271,3276.0205,3242.821,3270.2732
100600000,3250.995,4242300,47223400,4163967500,46878065600,3273.1271,3276.0205,3242.821,3270.2732
100605000,3250.9238,3710400,48186500,4167677900,46926252100,3273.1271,3276.0205,3242.821,3270.2732
100611000,3250.5245,7103700,77122400,4174781600,47003374500,3273.1271,3276.0205,3242.821,3270.2732
100615000,3250.7446,2743000,34917900,4177524600,47038292400,3273.1271,3276.0205,3242.821,3270.2732
100621000,3250.874,4604100,64620600,4182128700,47102913000,3273.1271,3276.0205,3242.821,3270.2732
100626000,3250.6852,4681500,55301900,4186810200,47158214900,3273.1271,3276.0205,3242.821,3270.2732
100631000,3250.6361,4123900,44856200,4190934100,47203071100,3273.1271,3276.0205,3242.821,3270.2732
100636000,3250.4539,4457900,56013000,4195392000,47259084100,3273.1271,3276.0205,3242.821,3270.2732
100641000,3250.6662,4381400,48211100,4199773400,47307295200,3273.1271,3276.0205,3242.821,3270.2732
100646000,3250.3326,4536100,57914200,4204309500,47365209400,3273.1271,3276.0205,3242.821,3270.2732
100651000,3250.2267,4917800,53654800,4209227300,47418864200,3273.1271,3276.0205,3242.821,3270.2732
100656000,3250.6636,2953100,40995000,4212180400,47459859200,3273.1271,3276.0205,3242.821,3270.2732
100701000,3250.1914,3223400,42261400,4215403800,47502120600,3273.1271,3276.0205,3242.821,3270.2732
100706000,3250.2774,3532000,46202400,4218935800,47548323000,3273.1271,3276.0205,3242.821,3270.2732
100711000,3250.719,3443300,46251300,4222379100,47594574300,3273.1271,3276.0205,3242.821,3270.2732
100716000,3250.3232,4287700,53643000,4226666800,47648217300,3273.1271,3276.0205,3242.821,3270.2732
100721000,3250.2617,3552600,42151700,4230219400,47690369000,3273.1271,3276.0205,3242.821,3270.2732
100726000,3250.3669,3338500,51601600,4233557900,47741970600,3273.1271,3276.0205,3242.821,3270.2732
100731000,3250.3279,3092700,43898600,4236650600,47785869200,3273.1271,3276.0205,3242.821,3270.2732
100736000,3250.6106,4179400,51672000,4240830000,47837541200,3273.1271,3276.0205,3242.821,3270.2732
100741000,3250.1388,3513400,53237300,4244343400,47890778500,3273.1271,3276.0205,3242.821,3270.2732
100746000,3250.8536,4340600,60739300,4248684000,47951517800,3273.1271,3276.0205,3242.821,3270.2732
100751000,3251.508,4901400,57391700,4253585400,48008909500,3273.1271,3276.0205,3242.821,3270.2732
100756000,3252.1144,3991300,69669200,4257576700,48078578700,3273.1271,3276.0205,3242.821,3270.2732
100801000,3253.0006,4420800,60850700,4261997500,48139429400,3273.1271,3276.0205,3242.821,3270.2732
100806000,3253.3949,7871600,96617000,4269869100,48236046400,3273.1271,3276.0205,3242.821,3270.2732
100811000,3253.1695,3597800,55087500,4273466900,48291133900,3273.1271,3276.0205,3242.821,3270.2732
100816000,3253.115,4050900,50713400,4277517800,48341847300,3273.1271,3276.0205,3242.821,3270.2732
100821000,3252.5922,3621900,52306000,4281139700,48394153300,3273.1271,3276.0205,3242.821,3270.2732
100826000,3252.6263,3184100,45420400,4284323800,48439573700,3273.1271,3276.0205,3242.821,3270.2732
100831000,3252.4656,2944900,39897500,4287268700,48479471200,3273.1271,3276.0205,3242.821,3270.2732
100836000,3252.3911,4386600,57768900,4291655300,48537240100,3273.1271,3276.0205,3242.821,3270.2732
100841000,3251.9815,3608300,57864800,4295263600,48595104900,3273.1271,3276.0205,3242.821,3270.2732
100846000,3251.9732,4563500,54856200,4299827100,48649961100,3273.1271,3276.0205,3242.821,3270.2732
100851000,3252.5545,3052000,35281900,4302879100,48685243000,3273.1271,3276.0205,3242.821,3270.2732
100856000,3252.3437,3290400,57613000,4306169500,48742856000,3273.1271,3276.0205,3242.821,3270.2732
100901000,3252.6043,3660900,40006600,4309830400,48782862600,3273.1271,3276.0205,3242.821,3270.2732
100906000,3252.221,4332400,54233500,4314162800,48837096100,3273.1271,3276.0205,3242.821,3270.2732
100911000,3252.2761,3181400,46710500,4317344200,48883806600,3273.1271,3276.0205,3242.821,3270.2732
100916000,3252.177,4199900,58607400,4321544100,48942414000,3273.1271,3276.0205,3242.821,3270.2732
100921000,3252.2617,3276000,43144000,4324820100,48985558000,3273.1271,3276.0205,3242.821,3270.2732
100926000,3252.3079,2997200,50040600,4327817300,49035598600,3273.1271,3276.0205,3242.821,3270.2732
100931000,3252.0372,4339900,47253600,4332157200,49082852200,3273.1271,3276.0205,3242.821,3270.2732
100936000,3251.6628,4367800,52262700,4336525000,49135114900,3273.1271,3276.0205,3242.821,3270.2732
100941000,3252.0154,2977700,39130400,4339502700,49174245300,3273.1271,3276.0205,3242.821,3270.2732
100946000,3251.4164,3604400,47913300,4343107100,49222158600,3273.1271,3276.0205,3242.821,3270.2732
100951000,3251.9099,5529700,54629100,4348636800,49276787700,3273.1271,3276.0205,3242.821,3270.2732
100957000,3251.8396,3532400,41791900,4352169200,49318579600,3273.1271,3276.0205,3242.821,3270.2732
101002000,3251.5028,3198100,46174000,4355367300,49364753600,3273.1271,3276.0205,3242.821,3270.2732
101007000,3251.4021,3176100,39899300,4358543400,49404652900,3273.1271,3276.0205,3242.821,3270.2732
101012000,3251.4169,3971900,52436400,4362515300,49457089300,3273.1271,3276.0205,3242.821,3270.2732
101017000,3251.4984,3394600,43347400,4365909900,49500436700,3273.1271,3276.0205,3242.821,3270.2732
101022000,3251.912,3333200,43829700,4369243100,49544266400,3273.1271,3276.0205,3242.821,3270.2732
101027000,3251.6527,3043900,35339100,4372287000,49579605500,3273.1271,3276.0205,3242.821,3270.2732
101032000,3251.1062,2946100,44283900,4375233100,49623889400,3273.1271,3276.0205,3242.821,3270.2732
101037000,3251.5784,2610100,37643000,4377843200,49661532400,3273.1271,3276.0205,3242.821,3270.2732
101042000,3251.5211,3295700,44087900,4381138900,49705620300,3273.1271,3276.0205,3242.821,3270.2732
101047000,3251.3993,3244900,43132200,4384383800,49748752500,3273.1271,3276.0205,3242.821,3270.2732
101052000,3251.2977,4220200,44795200,4388604000,49793547700,3273.1271,3276.0205,3242.821,3270.2732
101057000,3251.3428,2693600,29104800,4391297600,49822652500,3273.1271,3276.0205,3242.821,3270.2732
101102000,3251.457,2814600,33889600,4394112200,49856542100,3273.1271,3276.0205,3242.821,3270.2732
101107000,3251.6731,4395700,43154200,4398507900,49899696300,3273.1271,3276.0205,3242.821,3270.2732
101112000,3251.7215,4117400,54004900,4402625300,49953701200,3273.1271,3276.0205,3242.821,3270.2732
101117000,3252.3295,3710100,49198700,4406335400,50002899900,3273.1271,3276.0205,3242.821,3270.2732
101122000,3252.8305,5613900,60980500,4411949300,50063880400,3273.1271,3276.0205,3242.821,3270.2732
101127000,3253.2694,6783700,81589900,4418733000,50145470300,3273.1271,3276.0205,3242.821,3270.2732
101132000,3254.0345,4728300,61912300,4423461300,50207382600,3273.1271,3276.0205,3242.821,3270.2732
101137000,3254.4452,4350400,57565200,4427811700,50264947800,3273.1271,3276.0205,3242.821,3270.2732
101142000,3254.6578,6288700,66309000,4434100400,50331256800,3273.1271,3276.0205,3242.821,3270.2732
101147000,3254.5077,4345800,53528400,4438446200,50384785200,3273.1271,3276.0205,3242.821,3270.2732
101151000,3254.8174,4152700,50467700,4442598900,50435252900,3273.1271,3276.0205,3242.821,3270.2732
101157000,3255.274,4092000,62254200,4446690900,50497507100,3273.1271,3276.0205,3242.821,3270.2732
101202000,3255.2408,4390100,43864300,4451081000,50541371400,3273.1271,3276.0205,3242.821,3270.2732
101207000,3255.373,4037000,37705500,4455118000,50579076900,3273.1271,3276.0205,3242.821,3270.2732
101212000,3255.4367,4748600,51019900,4459866600,50630096800,3273.1271,3276.0205,3242.821,3270.2732
101217000,3255.6223,3915200,48372300,4463781800,50678469100,3273.1271,3276.0205,3242.821,3270.2732
101222000,3255.3863,6326500,60787000,4470108300,50739256100,3273.1271,3276.0205,3242.821,3270.2732
101227000,3255.6363,3399900,44426300,4473508200,50783682400,3273.1271,3276.0205,3242.821,3270.2732
101232000,3255.3804,4541100,55408500,4478049300,50839090900,3273.1271,3276.0205,3242.821,3270.2732
101237000,3255.4647,4508100,49312200,4482557400,50888403100,3273.1271,3276.0205,3242.821,3270.2732
101242000,3254.9616,7221800,66758000,4489779200,50955161100,3273.1271,3276.0205,3242.821,3270.2732
101247000,3255.5932,4231300,50330200,4494010500,51005491300,3273.1271,3276.0205,3242.821,3270.2732
101252000,3255.5138,4893800,53345200,4498904300,51058836500,3273.1271,3276.0205,3242.821,3270.2732
101257000,3255.3837,4100500,34071900,4503004800,51092908400,3273.1271,3276.0205,3242.821,3270.2732
101302000,3255.3641,2820300,39592500,4505825100,51132500900,3273.1271,3276.0205,3242.821,3270.2732
101307000,3254.745,3951400,42980100,4509776500,51175481000,3273.1271,3276.0205,3242.821,3270.2732
101312000,3255.0408,5376300,54289500,4515152800,51229770500,3273.1271,3276.0205,3242.821,3270.2732
101317000,3255.4765,4741300,45869000,4519894100,51275639500,3273.1271,3276.0205,3242.821,3270.2732
101322000,3255.3825,6470600,61066000,4526364700,51336705500,3273.1271,3276.0205,3242.821,3270.2732
101327000,3255.4119,3911500,39024400,4530276200,51375729900,3273.1271,3276.0205,3242.821,3270.2732
101332000,3255.7032,3619900,44103600,4533896100,51419833500,3273.1271,3276.0205,3242.821,3270.2732
101337000,3256.1175,5116100,45182700,4539012200,51465016200,3273.1271,3276.0205,3242.821,3270.2732
101343000,3256.3354,4528400,51921600,4543540600,51516937800,3273.1271,3276.0205,3242.821,3270.2732
101348000,3255.9231,4976700,52968400,4548517300,51569906200,3273.1271,3276.0205,3242.821,3270.2732
101353000,3256.0948,2484400,35939400,4551001700,51605845600,3273.1271,3276.0205,3242.821,3270.2732
101358000,3256.0866,3367200,38569900,4554368900,51644415500,3273.1271,3276.0205,3242.821,3270.2732
101403000,3256.252,4556000,46358200,4558924900,51690773700,3273.1271,3276.0205,3242.821,3270.2732
101408000,3255.6613,2974400,35913500,4561899300,51726687200,3273.1271,3276.0205,3242.821,3270.2732
101413000,3255.802,3493400,38727500,4565392700,51765414700,3273.1271,3276.0205,3242.821,3270.2732
101418000,3255.9973,4511000,56478700,4569903700,51821893400,3273.1271,3276.0205,3242.821,3270.2732
101423000,3255.3309,3625600,55087400,4573529300,51876980800,3273.1271,3276.0205,3242.821,3270.2732
101428000,3255.3701,4897300,60272600,4578426600,51937253400,3273.1271,3276.0205,3242.821,3270.2732
101433000,3255.2271,3331800,38340500,4581758400,51975593900,3273.1271,3276.0205,3242.821,3270.2732
101438000,3255.0196,3448400,48459100,4585206800,52024053000,3273.1271,3276.0205,3242.821,3270.2732
101443000,3254.6949,3920100,45609800,4589126900,52069662800,3273.1271,3276.0205,3242.821,3270.2732
101448000,3254.2361,4813400,56135700,4593940300,52125798500,3273.1271,3276.0205,3242.821,3270.2732
101453000,3254.5561,3417900,45934700,4597358200,52171733200,3273.1271,3276.0205,3242.821,3270.2732
101458000,3254.1578,4568000,50020000,4601926200,52221753200,3273.1271,3276.0205,3242.821,3270.2732
101503000,3253.8476,2790600,30384000,4604716800,52252137200,3273.1271,3276.0205,3242.821,3270.2732
101508000,3254.1887,3184300,47414400,4607901100,52299551600,3273.1271,3276.0205,3242.821,3270.2732
101513000,3253.6017,3586500,43665800,4611487600,52343217400,3273.1271,3276.0205,3242.821,3270.2732
101518000,3253.6156,5341100,62067300,4616828700,52405284700,3273.1271,3276.0205,3242.821,3270.2732
101523000,3253.6604,4375900,49374000,4621204600,52454658700,3273.1271,3276.0205,3242.821,3270.2732
101528000,3253.0339,4461400,57331200,4625666000,52511989900,3273.1271,3276.0205,3242.821,3270.2732
101533000,3253.3508,4576400,41376900,4630242400,52553366800,3273.1271,3276.0205,3242.821,3270.2732
101538000,3253.1466,3218400,47473700,4633460800,52600840500,3273.1271,3276.0205,3242.821,3270.2732
101543000,3253.0544,2542900,41687000,4636003700,52642527500,3273.1271,3276.0205,3242.821,3270.2732
101548000,3253.0659,3669000,69923000,4639672700,52712450500,3273.1271,3276.0205,3242.821,3270.2732
101553000,3252.6496,2448300,38897800,4642121000,52751348300,3273.1271,3276.0205,3242.821,3270.2732
101558000,3251.7612,4360100,45093400,4646481100,52796441700,3273.1271,3276.0205,3242.821,3270.2732
101603000,3251.4017,3166500,40626900,4649647600,52837068600,3273.1271,3276.0205,3242.821,3270.2732
101608000,3251.6762,4406600,50751000,4654054200,52887819600,3273.1271,3276.0205,3242.821,3270.2732
101613000,3251.139,4527300,52931900,4658581500,52940751500,3273.1271,3276.0205,3242.821,3270.2732
101618000,3251.063,3752900,52437900,4662334400,52993189400,3273.1271,3276.0205,3242.821,3270.2732
101623000,3250.7247,2728000,37105200,4665062400,53030294600,3273.1271,3276.0205,3242.821,3270.2732
101628000,3250.7998,3302200,41549100,4668364600,53071843700,3273.1271,3276.0205,3242.821,3270.2732
101633000,3250.843,3014500,32874400,4671379100,53104718100,3273.1271,3276.0205,3242.821,3270.2732
101638000,3250.6742,3826900,45735100,4675206000,53150453200,3273.1271,3276.0205,3242.821,3270.2732
101643000,3251.1922,3504200,30122700,4678710200,53180575900,3273.1271,3276.0205,3242.821,3270.2732
101648000,3251.1641,6045200,63222400,4684755400,53243798300,3273.1271,3276.0205,3242.821,3270.2732
101653000,3250.2474,2715000,39905400,4687470400,53283703700,3273.1271,3276.0205,3242.821,3270.2732
101658000,3250.3976,5445900,53236300,4692916300,53336940000,3273.1271,3276.0205,3242.821,3270.2732
101703000,3249.991,3673800,35691200,4696590100,53372631200,3273.1271,3276.0205,3242.821,3270.2732
101708000,3250.1396,3989000,44264800,4700579100,53416896000,3273.1271,3276.0205,3242.821,3270.2732
101713000,3249.7743,5867000,35540900,4706446100,53452436900,3273.1271,3276.0205,3242.821,3270.2732
101718000,3249.3463,3787400,46594500,4710233500,53499031400,3273.1271,3276.0205,3242.821,3270.2732
101723000,3249.6572,2574000,36616100,4712807500,53535647500,3273.1271,3276.0205,3242.821,3270.2732
101728000,3249.5676,4368600,56915200,4717176100,53592562700,3273.1271,3276.0205,3242.821,3270.2732
101734000,3249.6545,3254500,46984500,4720430600,53639547200,3273.1271,3276.0205,3242.821,3270.2732
101739000,3250.0712,2493700,31596200,4722924300,53671143400,3273.1271,3276.0205,3242.821,3270.2732
101744000,3250.1947,2250300,38175200,4725174600,53709318600,3273.1271,3276.0205,3242.821,3270.2732
101749000,3249.9192,2451800,34451400,4727626400,53743770000,3273.1271,3276.0205,3242.821,3270.2732
101754000,3249.6236,3086100,48518100,4730712500,53792288100,3273.1271,3276.0205,3242.821,3270.2732
101759000,3249.8648,3873500,46582600,4734586000,53838870700,3273.1271,3276.0205,3242.821,3270.2732
101804000,3249.3518,4348500,53839900,4738934500,53892710600,3273.1271,3276.0205,3242.821,3270.2732
101809000,3249.5078,3478600,44657700,4742413100,53937368300,3273.1271,3276.0205,3242.821,3270.2732
101814000,3249.526,2766500,35905400,4745179600,53973273700,3273.1271,3276.0205,3242.821,3270.2732
101819000,3248.978,3563000,40091600,4748742600,54013365300,3273.1271,3276.0205,3242.821,3270.2732
101824000,3249.024,3561900,46710000,4752304500,54060075300,3273.1271,3276.0205,3242.821,3270.2732
101829000,3249.2212,2516800,33252600,4754821300,54093327900,3273.1271,3276.0205,3242.821,3270.2732
101834000,3249.4063,4211200,43834700,4759032500,54137162600,3273.1271,3276.0205,3242.821,3270.2732
101839000,3249.3575,3519100,41184200,4762551600,54178346800,3273.1271,3276.0205,3242.821,3270.2732
101844000,3249.6778,4654200,45698000,4767205800,54224044800,3273.1271,3276.0205,3242.821,3270.2732
101849000,3250.3026,5476400,54198200,4772682200,54278243000,3273.1271,3276.0205,3242.821,3270.2732
101854000,3250.1414,4897100,54874200,4777579300,54333117200,3273.1271,3276.0205,3242.821,3270.2732
101859000,3249.9972,2876400,40063900,4780455700,54373181100,3273.1271,3276.0205,3242.821,3270.2732
101904000,3249.6569,3655900,47457800,4784111600,54420638900,3273.1271,3276.0205,3242.821,3270.2732
101909000,3249.3934,3061200,35022500,4787172800,54455661400,3273.1271,3276.0205,3242.821,3270.2732
101914000,3249.4169,2472800,44948200,4789645600,54500609600,3273.1271,3276.0205,3242.821,3270.2732
101919000,3249.3241,3881100,38172600,4793526700,54538782200,3273.1271,3276.0205,3242.821,3270.2732
101924000,3248.8309,2778000,35250500,4796304700,54574032700,3273.1271,3276.0205,3242.821,3270.2732
101929000,3249.0887,2093000,28917400,4798397700,54602950100,3273.1271,3276.0205,3242.821,3270.2732
101934000,3249.0447,3211000,44884600,4801608700,54647834700,3273.1271,3276.0205,3242.821,3270.2732
101939000,3249.1028,3212700,34096600,4804821400,54681931300,3273.1271,3276.0205,3242.821,3270.2732
101944000,3249.1741,5168500,35249400,4809989900,54717180700,3273.1271,3276.0205,3242.821,3270.2732
101949000,3249.0666,3820900,38141900,4813810800,54755322600,3273.1271,3276.0205,3242.821,3270.2732
101954000,3248.9323,3162600,36748700,4816973400,54792071300,3273.1271,3276.0205,3242.821,3270.2732
101959000,3248.6994,3958800,40847400,4820932200,54832918700,3273.1271,3276.0205,3242.821,3270.2732
102004000,3248.4471,5940000,55869200,4826872200,54888787900,3273.1271,3276.0205,3242.821,3270.2732
102009000,3247.7616,4008600,44017000,4830880800,54932804900,3273.1271,3276.0205,3242.821,3270.2732
102014000,3247.6497,3887200,51274100,4834768000,54984079000,3273.1271,3276.0205,3242.821,3270.2732
102019000,3247.2375,5106700,79653700,4839874700,55063732700,3273.1271,3276.0205,3242.821,3270.2732
102024000,3247.4273,3697900,46969000,4843572600,55110701700,3273.1271,3276.0205,3242.821,3270.2732
102029000,3247.5361,5227400,54550400,4848800000,55165252100,3273.1271,3276.0205,3242.821,3270.2732
102034000,3246.7225,4101800,48968800,4852901800,55214220900,3273.1271,3276.0205,3242.821,3270.2732
102039000,3247.547,4693300,57553100,4857595100,55271774000,3273.1271,3276.0205,3242.821,3270.2732
102044000,3247.3041,4577400,48780500,4862172500,55320554500,3273.1271,3276.0205,3242.821,3270.2732
102049000,3246.711,4576800,43957100,4866749300,55364511600,3273.1271,3276.0205,3242.821,3270.2732
102054000,3246.3388,3292900,45058500,4870042200,55409570100,3273.1271,3276.0205,3242.821,3270.2732
102059000,3246.4374,4947100,52751100,4874989300,55462321200,3273.1271,3276.0205,3242.821,3270.2732
102104000,3246.2132,7567700,69813400,4882557000,55532134600,3273.1271,3276.0205,3242.821,3270.2732
102109000,3245.827,3554400,35637400,4886111400,55567772000,3273.1271,3276.0205,3242.821,3270.2732
102114000,3246.2272,4396800,65599900,4890508200,55633371900,3273.1271,3276.0205,3242.821,3270.2732
102120000,3245.4653,6614200,68237400,4897122400,55701609300,3273.1271,3276.0205,3242.821,3270.2732
102125000,3245.4427,5101900,55481500,4902224300,55757090800,3273.1271,3276.0205,3242.821,3270.2732
102130000,3245.4315,5375600,58877400,4907599900,55815968200,3273.1271,3276.0205,3242.821,3270.2732
102135000,3244.7408,3844900,61000900,4911444800,55876969100,3273.1271,3276.0205,3242.821,3270.2732
102140000,3244.137,8376800,85692200,4919821600,55962661300,3273.1271,3276.0205,3242.821,3270.2732
102145000,3243.459,5745700,66405300,4925567300,56029066600,3273.1271,3276.0205,3242.821,3270.2732
102150000,3242.9657,6436400,115485300,4932003700,56144551900,3273.1271,3276.0205,3242.821,3270.2732
102155000,3242.6829,6222100,73957100,4938225800,56218509000,3273.1271,3276.0205,3242.4658,3270.2732
102200000,3242.5683,7680800,87438700,4945906600,56305947700,3273.1271,3276.0205,3242.4658,3270.2732
102205000,3241.7079,5709900,82585200,4951616500,56388532900,3273.1271,3276.0205,3241.7079,3270.2732
102210000,3241.2645,7186900,77799600,4958803400,56466332500,3273.1271,3276.0205,3241.2645,3270.2732
102215000,3241.0477,5299600,57915900,4964103000,56524248400,3273.1271,3276.0205,3240.9067,3270.2732
102220000,3241.0558,5312500,74606000,4969415500,56598854400,3273.1271,3276.0205,3240.9067,3270.2732
102225000,3240.6965,4531200,49490600,4973946700,56648345000,3273.1271,3276.0205,3240.5862,3270.2732
102230000,3240.3121,5210400,66530800,4979157100,56714875800,3273.1271,3276.0205,3240.3121,3270.2732
102235000,3240.4843,5058300,83900600,4984215400,56798776400,3273.1271,3276.0205,3240.2525,3270.2732
102240000,3240.4078,8474400,94821700,4992689800,56893598100,3273.1271,3276.0205,3240.2525,3270.2732
102245000,3240.9909,4281600,60461200,4996971400,56954059300,3273.1271,3276.0205,3240.0712,3270.2732
102250000,3240.2244,6865600,70500300,5003837000,57024559600,3273.1271,3276.0205,3240.0712,3270.2732
102255000,3239.8612,4949300,50855000,5008786300,57075414600,3273.1271,3276.0205,3239.8612,3270.2732
102300000,3239.4732,8719400,92156700,5017505700,57167571300,3273.1271,3276.0205,3239.4732,3270.2732
102305000,3238.9827,5915400,78719900,5023421100,57246291200,3273.1271,3276.0205,3238.9827,3270.2732
102310000,3238.7352,4863200,87291400,5028284300,57333582600,3273.1271,3276.0205,3238.7352,3270.2732
102315000,3238.3715,6243800,62593200,5034528100,57396175800,3273.1271,3276.0205,3238.3715,3270.2732
102320000,3238.9619,4776700,69224100,5039304800,57465399900,3273.1271,3276.0205,3238.1557,3270.2732
102325000,3240.2538,7203500,74669500,5046508300,57540069400,3273.1271,3276.0205,3238.1557,3270.2732
102330000,3240.0694,7572800,78471800,5054081100,57618541200,3273.1271,3276.0205,3238.1557,3270.2732
102335000,3240.7666,5408800,68273600,5059489900,57686814800,3273.1271,3276.0205,3238.1557,3270.2732
102340000,3240.3546,5032800,56905900,5064522700,57743720700,3273.1271,3276.0205,3238.1557,3270.2732
102345000,3239.4755,4940200,55816600,5069462900,57799537300,3273.1271,3276.0205,3238.1557,3270.2732
102350000,3239.2792,4048700,55191900,5073511600,57854729200,3273.1271,3276.0205,3238.1557,3270.2732
102355000,3239.2062,4117400,47212000,5077629000,57901941200,3273.1271,3276.0205,3238.1557,3270.2732
102400000,3239.2402,4228200,51894200,5081857200,57953835400,3273.1271,3276.0205,3238.1557,3270.2732
102405000,3238.6762,4446800,60387700,5086304000,58014223100,3273.1271,3276.0205,3238.1557,3270.2732
102410000,3238.3709,5321300,54874800,5091625300,58069097900,3273.1271,3276.0205,3238.1557,3270.2732
102415000,3238.458,3624900,43854600,5095250200,58112952500,3273.1271,3276.0205,3238.1557,3270.2732
102420000,3238.143,4631200,52853500,5099881400,58165806000,3273.1271,3276.0205,3238.143,3270.2732
102425000,3238.2529,3346200,44513100,5103227600,58210319100,3273.1271,3276.0205,3238.0398,3270.2732
102430000,3238.745,4725300,51986300,5107952900,58262305400,3273.1271,3276.0205,3238.0398,3270.2732
102435000,3238.6276,4099800,52931000,5112052700,58315236400,3273.1271,3276.0205,3238.0398,3270.2732
102440000,3238.3357,3946400,45373500,5115999100,58360609900,3273.1271,3276.0205,3238.0398,3270.2732
102445000,3238.4825,3475500,49762900,5119474600,58410372800,3273.1271,3276.0205,3238.0398,3270.2732
102450000,3237.8901,3774100,48644500,5123248700,58459017300,3273.1271,3276.0205,3237.8901,3270.2732
102455000,3237.749,4513000,51985700,5127761700,58511003000,3273.1271,3276.0205,3237.749,3270.2732
102500000,3238.0234,4049200,48646200,5131810900,58559649200,3273.1271,3276.0205,3237.6596,3270.2732
102505000,3237.5936,3946200,49178100,5135757100,58608827300,3273.1271,3276.0205,3237.5936,3270.2732
102510000,3237.852,4143800,46912800,5139900900,58655740100,3273.1271,3276.0205,3237.5338,3270.2732
102516000,3237.408,4692600,50536100,5144593500,58706276200,3273.1271,3276.0205,3237.408,3270.2732
102521000,3237.6877,3568400,37237000,5148161900,58743513200,3273.1271,3276.0205,3237.3453,3270.2732
102526000,3237.7092,3027600,47435000,5151189500,58790948200,3273.1271,3276.0205,3237.3453,3270.2732
102531000,3237.873,3896100,47185400,5155085600,58838133600,3273.1271,3276.0205,3237.3453,3270.2732
102536000,3238.2103,5821700,70894000,5160907300,58909027600,3273.1271,3276.0205,3237.3453,3270.2732
102541000,3238.2971,3803700,53472200,5164711000,58962499800,3273.1271,3276.0205,3237.3453,3270.2732
102546000,3238.9636,5115900,68656500,5169826900,59031156300,3273.1271,3276.0205,3237.3453,3270.2732
102551000,3238.335,4208400,48262000,5174035300,59079418300,3273.1271,3276.0205,3237.3453,3270.2732
102556000,3237.9925,3202000,42506800,5177237300,59121925100,3273.1271,3276.0205,3237.3453,3270.2732
102601000,3237.8214,4317200,48051600,5181554500,59169976700,3273.1271,3276.0205,3237.3453,3270.2732
102606000,3238.2072,4087400,52781400,5185641900,59222758100,3273.1271,3276.0205,3237.3453,3270.2732
102611000,3238.1236,3447400,42622100,5189089300,59265380200,3273.1271,3276.0205,3237.3453,3270.2732
102616000,3237.9175,3004900,42345200,5192094200,59307725400,3273.1271,3276.0205,3237.3453,3270.2732
102621000,3237.5454,3047000,30571500,5195141200,59338296900,3273.1271,3276.0205,3237.3453,3270.2732
102626000,3237.8193,3010200,65738100,5198151400,59404035000,3273.1271,3276.0205,3237.3453,3270.2732
102631000,3237.8349,3003100,39946200,5201154500,59443981200,3273.1271,3276.0205,3237.3453,3270.2732
102636000,3237.8293,4311300,46598800,5205465800,59490580000,3273.1271,3276.0205,3237.3453,3270.2732
102641000,3237.3072,5931900,52992100,5211397700,59543572100,3273.1271,3276.0205,3237.3072,3270.2732
102646000,3237.388,4533800,50578700,5215931500,59594150800,3273.1271,3276.0205,3237.2503,3270.2732
102651000,3237.2961,2516700,36759100,5218448200,59630909900,3273.1271,3276.0205,3237.2503,3270.2732
102656000,3237.1062,3186900,46005900,5221635100,59676915800,3273.1271,3276.0205,3236.9935,3270.2732
102701000,3236.9882,3997500,42487600,5225632600,59719403400,3273.1271,3276.0205,3236.9599,3270.2732
102706000,3236.7725,3510700,57316900,5229143300,59776720300,3273.1271,3276.0205,3236.7725,3270.2732
102711000,3237.1713,3655900,61963100,5232799200,59838683400,3273.1271,3276.0205,3236.7725,3270.2732
102716000,3236.8675,4433600,47635200,5237232800,59886318600,3273.1271,3276.0205,3236.7725,3270.2732
102721000,3236.8308,3971900,44667700,5241204700,59930986300,3273.1271,3276.0205,3236.7667,3270.2732
102726000,3236.3126,4234700,57898900,5245439400,59988885200,3273.1271,3276.0205,3236.3126,3270.2732
102731000,3236.5581,3545500,39862800,5248984900,60028748000,3273.1271,3276.0205,3236.3126,3270.2732
102736000,3235.9918,4077600,47479600,5253062500,60076227600,3273.1271,3276.0205,3235.9918,3270.2732
102741000,3235.489,3389800,69149000,5256452300,60145376600,3273.1271,3276.0205,3235.489,3270.2732
102746000,3235.9244,4621500,51519900,5261073800,60196896500,3273.1271,3276.0205,3235.489,3270.2732
102751000,3235.4766,3697600,51111000,5264771400,60248007500,3273.1271,3276.0205,3235.4766,3270.2732
102756000,3235.314,3343100,44985400,5268114500,60292992900,3273.1271,3276.0205,3235.0892,3270.2732
102801000,3235.3022,3836400,56294200,5271950900,60349287100,3273.1271,3276.0205,3235.0892,3270.2732
102806000,3234.3908,4968700,59874400,5276919600,60409161500,3273.1271,3276.0205,3234.3908,3270.2732
102811000,3234.3902,3826300,50035700,5280745900,60459197200,3273.1271,3276.0205,3234.3902,3270.2732
102816000,3234.1165,5099800,63846000,5285845700,60523043200,3273.1271,3276.0205,3234.1127,3270.2732
102821000,3234.167,4983400,58882100,5290829100,60581925300,3273.1271,3276.0205,3233.9511,3270.2732
102826000,3233.6964,3763400,59357100,5294592500,60641282400,3273.1271,3276.0205,3233.6395,3270.2732
102831000,3233.8692,3910200,53200500,5298502700,60694482900,3273.1271,3276.0205,3233.6076,3270.2732
102836000,3233.0391,6467100,72299700,5304969800,60766782600,3273.1271,3276.0205,3233.0293,3270.2732
102841000,3232.2925,7537700,93064900,5312507500,60859847500,3273.1271,3276.0205,3232.2925,3270.2732
102846000,3232.8653,7144400,92868200,5319651900,60952715700,3273.1271,3276.0205,3232.2925,3270.2732
102851000,3232.4385,5393300,59225500,5325045200,61011941200,3273.1271,3276.0205,3232.2925,3270.2732
102856000,3231.6649,4914400,70898100,5329959600,61082839300,3273.1271,3276.0205,3231.6649,3270.2732
102901000,3231.9609,3979600,45462400,5333939200,61128301700,3273.1271,3276.0205,3231.5941,3270.2732
102907000,3231.1019,8404500,88143400,5342343700,61216445100,3273.1271,3276.0205,3231.1019,3270.2732
102912000,3231.7418,8806200,97241600,5351149900,61313686700,3273.1271,3276.0205,3231.072,3270.2732
102917000,3232.0326,5137500,76065600,5356287400,61389752300,3273.1271,3276.0205,3231.072,3270.2732
102922000,3232.405,6650600,85686700,5362938000,61475439000,3273.1271,3276.0205,3231.072,3270.2732
102927000,3233.1844,6105700,95006900,5369043700,61570445900,3273.1271,3276.0205,3231.072,3270.2732
102932000,3233.8405,5102600,70016000,5374146300,61640461900,3273.1271,3276.0205,3231.072,3270.2732
102937000,3233.7907,6758300,71981700,5380904600,61712443600,3273.1271,3276.0205,3231.072,3270.2732
102942000,3233.6296,5845400,67267000,5386750000,61779710600,3273.1271,3276.0205,3231.072,3270.2732
102947000,3233.4099,4884900,47230800,5391634900,61826941400,3273.1271,3276.0205,3231.072,3270.2732
102952000,3233.194,10321800,66084500,5401956700,61893025900,3273.1271,3276.0205,3231.072,3270.2732
102957000,3233.2601,6406400,47705100,5408363100,61940731000,3273.1271,3276.0205,3231.072,3270.2732
103002000,3233.7083,3771600,52323400,5412134700,61993054400,3273.1271,3276.0205,3231.072,3270.2732
103012000,3233.3253,8612500,91462400,5420747200,62084516800,3273.1271,3276.0205,3231.072,3270.2732
103017000,3233.5729,3636600,53963300,5424383800,62138480100,3273.1271,3276.0205,3231.072,3270.2732
103022000,3233.1705,9223900,57755500,5433607700,62196235600,3273.1271,3276.0205,3231.072,3270.2732
103027000,3233.1536,4194600,43700900,5437802300,62239936500,3273.1271,3276.0205,3231.072,3270.2732
103032000,3233.0185,3078400,44677500,5440880700,62284614000,3273.1271,3276.0205,3231.072,3270.2732
103037000,3232.9135,2826600,34524500,5443707300,62319138500,3273.1271,3276.0205,3231.072,3270.2732
103042000,3233.2263,4268300,62788600,5447975600,62381927100,3273.1271,3276.0205,3231.072,3270.2732
103047000,3233.0436,2827700,45500500,5450803300,62427427600,3273.1271,3276.0205,3231.072,3270.2732
103052000,3232.6343,3501200,42728900,5454304500,62470156500,3273.1271,3276.0205,3231.072,3270.2732
103057000,3232.2711,9897000,66738400,5464201500,62536894900,3273.1271,3276.0205,3231.072,3270.2732
103102000,3232.5602,3412100,43991400,5467613600,62580886300,3273.1271,3276.0205,3231.072,3270.2732
103107000,3232.5713,2993800,38557800,5470607400,62619444100,3273.1271,3276.0205,3231.072,3270.2732
103112000,3232.742,4806100,52397000,5475413500,62671841100,3273.1271,3276.0205,3231.072,3270.2732
103117000,3232.8999,4730200,78862600,5480143700,62750703700,3273.1271,3276.0205,3231.072,3270.2732
103122000,3232.5965,3908900,47433100,5484052600,62798136800,3273.1271,3276.0205,3231.072,3270.2732
103127000,3232.3529,3153600,35939900,5487206200,62834076700,3273.1271,3276.0205,3231.072,3270.2732
103132000,3232.051,2705600,36850700,5489911800,62870927400,3273.1271,3276.0205,3231.072,3270.2732
103137000,3232.1147,2572800,34719200,5492484600,62905646600,3273.1271,3276.0205,3231.072,3270.2732
103142000,3232.4675,3960300,47752800,5496444900,62953399400,3273.1271,3276.0205,3231.072,3270.2732
103147000,3232.9562,3834300,49308600,5500279200,63002708000,3273.1271,3276.0205,3231.072,3270.2732
103152000,3232.4545,3681800,45514900,5503961000,63048222900,3273.1271,3276.0205,3231.072,3270.2732
103157000,3232.7714,5765600,47095900,5509726600,63095318800,3273.1271,3276.0205,3231.072,3270.2732
103202000,3233.6857,6138500,65496300,5515865100,63160815100,3273.1271,3276.0205,3231.072,3270.2732
103207000,3234.0961,5601400,57853500,5521466500,63218668600,3273.1271,3276.0205,3231.072,3270.2732
103212000,3233.5925,4344100,54072400,5525810600,63272741000,3273.1271,3276.0205,3231.072,3270.2732
103217000,3233.0438,3622900,51037400,5529433500,63323778400,3273.1271,3276.0205,3231.072,3270.2732
103222000,3233.2315,3004000,40584100,5532437500,63364362500,3273.1271,3276.0205,3231.072,3270.2732
103227000,3232.7395,2926800,38116900,5535364300,63402479400,3273.1271,3276.0205,3231.072,3270.2732
103232000,3233.4964,2754400,38638800,5538118700,63441118200,3273.1271,3276.0205,3231.072,3270.2732
103237000,3232.7037,3049500,43349200,5541168200,63484467400,3273.1271,3276.0205,3231.072,3270.2732
103242000,3232.8799,3153800,45265600,5544322000,63529733000,3273.1271,3276.0205,3231.072,3270.2732
103247000,3232.9792,3089900,32697700,5547411900,63562430700,3273.1271,3276.0205,3231.072,3270.2732
103252000,3232.2221,3559400,43974300,5550971300,63606405000,3273.1271,3276.0205,3231.072,3270.2732
103257000,3232.3773,2663400,32470700,5553634700,63638875700,3273.1271,3276.0205,3231.072,3270.2732
103303000,3232.7997,4122300,50967000,5557757000,63689842700,3273.1271,3276.0205,3231.072,3270.2732
103308000,3232.9175,2782300,40800200,5560539300,63730642900,3273.1271,3276.0205,3231.072,3270.2732
103313000,3232.8963,2419500,32929000,5562958800,63763571900,3273.1271,3276.0205,3231.072,3270.2732
103318000,3233.1239,4306300,57264800,5567265100,63820836700,3273.1271,3276.0205,3231.072,3270.2732
103323000,3232.2412,3120600,43613300,5570385700,63864450000,3273.1271,3276.0205,3231.072,3270.2732
103328000,3233.0504,3568200,46051100,5573953900,63910501100,3273.1271,3276.0205,3231.072,3270.2732
103333000,3232.9478,3915600,40667400,5577869500,63951168500,3273.1271,3276.0205,3231.072,3270.2732
103338000,3233.6871,4466500,48812100,5582336000,63999980600,3273.1271,3276.0205,3231.072,3270.2732
103343000,3234.0323,3085700,40680200,5585421700,64040660800,3273.1271,3276.0205,3231.072,3270.2732
103348000,3233.8634,3978100,46903400,5589399800,64087564200,3273.1271,3276.0205,3231.072,3270.2732
103353000,3234.2351,3260200,50507600,5592660000,64138071800,3273.1271,3276.0205,3231.072,3270.2732
103358000,3234.7128,4412100,56998600,5597072100,64195070400,3273.1271,3276.0205,3231.072,3270.2732
103403000,3235.4038,8896400,76162100,5605968500,64271232500,3273.1271,3276.0205,3231.072,3270.2732
103408000,3236.1933,5075600,68639400,5611044100,64339871900,3273.1271,3276.0205,3231.072,3270.2732
103413000,3237.2759,4691200,57146700,5615735300,64397018600,3273.1271,3276.0205,3231.072,3270.2732
103418000,3236.6434,6860800,66612900,5622596100,64463631500,3273.1271,3276.0205,3231.072,3270.2732
103423000,3236.7527,4033600,50323600,5626629700,64513955100,3273.1271,3276.0205,3231.072,3270.2732
103428000,3237.0293,4063100,47724800,5630692800,64561679900,3273.1271,3276.0205,3231.072,3270.2732
103433000,3237.3789,2884800,34134000,5633577600,64595813900,3273.1271,3276.0205,3231.072,3270.2732
103438000,3237.2301,6709800,51652800,5640287400,64647466700,3273.1271,3276.0205,3231.072,3270.2732
103443000,3237.8243,3229000,39387200,5643516400,64686853900,3273.1271,3276.0205,3231.072,3270.2732
103448000,3237.7635,3586000,46495000,5647102400,64733348900,3273.1271,3276.0205,3231.072,3270.2732
103453000,3237.7801,2972900,36994500,5650075300,64770343400,3273.1271,3276.0205,3231.072,3270.2732
103458000,3238.0667,4755900,45795300,5654831200,64816138700,3273.1271,3276.0205,3231.072,3270.2732
103503000,3238.5052,3458300,34103600,5658289500,64850242300,3273.1271,3276.0205,3231.072,3270.2732
103508000,3238.3346,4253600,45153700,5662543100,64895396000,3273.1271,3276.0205,3231.072,3270.2732
103513000,3238.3518,3267300,34361300,5665810400,64929757300,3273.1271,3276.0205,3231.072,3270.2732
103518000,3238.9146,4363400,41118600,5670173800,64970875900,3273.1271,3276.0205,3231.072,3270.2732
103523000,3238.9849,3298200,37534400,5673472000,65008410300,3273.1271,3276.0205,3231.072,3270.2732
103528000,3239.3837,4164000,44342700,5677636000,65052753000,3273.1271,3276.0205,3231.072,3270.2732
103533000,3239.4223,4266700,40466100,5681902700,65093219100,3273.1271,3276.0205,3231.072,3270.2732
103538000,3239.2397,4016300,38821100,5685919000,65132040200,3273.1271,3276.0205,3231.072,3270.2732
103543000,3239.6482,3476600,32645500,5689395600,65164685700,3273.1271,3276.0205,3231.072,3270.2732
103548000,3239.6952,3583400,37240600,5692979000,65201926300,3273.1271,3276.0205,3231.072,3270.2732
103553000,3239.6931,2982600,43046300,5695961600,65244972600,3273.1271,3276.0205,3231.072,3270.2732
103558000,3239.513,3264400,46064100,5699226000,65291036700,3273.1271,3276.0205,3231.072,3270.2732
103603000,3239.5631,2409900,24725600,5701635900,65315762300,3273.1271,3276.0205,3231.072,3270.2732
103608000,3239.7701,3216800,44531800,5704852700,65360294100,3273.1271,3276.0205,3231.072,3270.2732
103613000,3239.3875,2728400,42691200,5707581100,65402985300,3273.1271,3276.0205,3231.072,3270.2732
103618000,3239.543,3295700,41724200,5710876800,65444709500,3273.1271,3276.0205,3231.072,3270.2732
103623000,3239.1985,2214100,30882800,5713090900,65475592300,3273.1271,3276.0205,3231.072,3270.2732
103628000,3239.0762,4061900,43680800,5717152800,65519273100,3273.1271,3276.0205,3231.072,3270.2732
103633000,3239.2977,2773900,29195100,5719926700,65548468200,3273.1271,3276.0205,3231.072,3270.2732
103638000,3239.1814,2267200,28048900,5722193900,65576517100,3273.1271,3276.0205,3231.072,3270.2732
103644000,3239.3341,2691700,38731600,5724885600,65615248700,3273.1271,3276.0205,3231.072,3270.2732
103649000,3238.7487,1876300,24084200,5726761900,65639332900,3273.1271,3276.0205,3231.072,3270.2732
103654000,3239.1184,2514300,30258400,5729276200,65669591300,3273.1271,3276.0205,3231.072,3270.2732
103659000,3239.1244,2250700,29803800,5731526900,65699395100,3273.1271,3276.0205,3231.072,3270.2732
103704000,3238.7503,3124200,33437800,5734651100,65732832900,3273.1271,3276.0205,3231.072,3270.2732
103709000,3238.7284,2415400,24856800,5737066500,65757689700,3273.1271,3276.0205,3231.072,3270.2732
103714000,3238.4105,2404800,33142300,5739471300,65790832000,3273.1271,3276.0205,3231.072,3270.2732
103719000,3238.6576,2746400,33380700,5742217700,65824212700,3273.1271,3276.0205,3231.072,3270.2732
103724000,3238.504,3073100,33410400,5745290800,65857623100,3273.1271,3276.0205,3231.072,3270.2732
103729000,3238.3695,2042100,29197800,5747332900,65886820900,3273.1271,3276.0205,3231.072,3270.2732
103734000,3238.4335,3303300,41685100,5750636200,65928506000,3273.1271,3276.0205,3231.072,3270.2732
103739000,3237.9136,5734500,45258600,5756370700,65973764600,3273.1271,3276.0205,3231.072,3270.2732
103744000,3237.7212,2298200,34724700,5758668900,66008489300,3273.1271,3276.0205,3231.072,3270.2732
103749000,3237.7733,2336500,24426700,5761005400,66032916000,3273.1271,3276.0205,3231.072,3270.2732
103754000,3237.5576,2519400,35114900,5763524800,66068030900,3273.1271,3276.0205,3231.072,3270.2732
103759000,3237.4041,1790400,24026000,5765315200,66092056900,3273.1271,3276.0205,3231.072,3270.2732
103804000,3237.176,4184600,45532700,5769499800,66137589600,3273.1271,3276.0205,3231.072,3270.2732
103809000,3237.3732,4082100,43835800,5773581900,66181425400,3273.1271,3276.0205,3231.072,3270.2732
103814000,3237.544,2631000,34906100,5776212900,66216331500,3273.1271,3276.0205,3231.072,3270.2732
103819000,3237.0877,3270900,38257400,5779483800,66254588900,3273.1271,3276.0205,3231.072,3270.2732
103824000,3237.4948,3671800,37179700,5783155600,66291768600,3273.1271,3276.0205,3231.072,3270.2732
103829000,3237.4531,2679600,41078700,5785835200,66332847300,3273.1271,3276.0205,3231.072,3270.2732
103834000,3237.0359,10157500,53248000,5795992700,66386095300,3273.1271,3276.0205,3231.072,3270.2732
103839000,3236.7487,2692200,35403600,5798684900,66421498900,3273.1271,3276.0205,3231.072,3270.2732
103844000,3236.3112,3242400,42970600,5801927300,66464469500,3273.1271,3276.0205,3231.072,3270.2732
103849000,3236.2673,3055800,29997200,5804983100,66494466700,3273.1271,3276.0205,3231.072,3270.2732
103854000,3235.6529,3459600,42104600,5808442700,66536571300,3273.1271,3276.0205,3231.072,3270.2732
103859000,3235.8673,3437700,47885700,5811880400,66584457000,3273.1271,3276.0205,3231.072,3270.2732
103904000,3235.702,3763900,38377700,5815644300,66622834700,3273.1271,3276.0205,3231.072,3270.2732
103909000,3236.2821,2326900,27683000,5817971200,66650517700,3273.1271,3276.0205,3231.072,3270.2732
103914000,3235.5419,2713100,38045800,5820684300,66688563500,3273.1271,3276.0205,3231.072,3270.2732
103919000,3235.311,2945400,31595800,5823629700,66720159300,3273.1271,3276.0205,3231.072,3270.2732
103924000,3235.8201,2930300,31322600,5826560000,66751481900,3273.1271,3276.0205,3231.072,3270.2732
103929000,3235.3482,2462300,30554900,5829022300,66782036800,3273.1271,3276.0205,3231.072,3270.2732
103934000,3236.0309,3396900,43485600,5832419200,66825522400,3273.1271,3276.0205,3231.072,3270.2732
103939000,3236.8958,2889900,36998500,5835309100,66862520900,3273.1271,3276.0205,3231.072,3270.2732
103944000,3236.9301,3380000,42743300,5838689100,66905264200,3273.1271,3276.0205,3231.072,3270.2732
103949000,3236.7407,3529100,40822900,5842218200,66946087100,3273.1271,3276.0205,3231.072,3270.2732
103954000,3235.6834,3266400,43082500,5845484600,66989169600,3273.1271,3276.0205,3231.072,3270.2732
103959000,3235.6661,2641300,36074300,5848125900,67025243900,3273.1271,3276.0205,3231.072,3270.2732
104004000,3235.3058,3107400,31047000,5851233300,67056290900,3273.1271,3276.0205,3231.072,3270.2732
104009000,3235.6664,3596900,40162900,5854830200,67096453800,3273.1271,3276.0205,3231.072,3270.2732
104014000,3235.6428,4125700,40714800,5858955900,67137168600,3273.1271,3276.0205,3231.072,3270.2732
104019000,3235.0218,2683000,31340300,5861638900,67168508900,3273.1271,3276.0205,3231.072,3270.2732
104024000,3235.0519,2316300,30709900,5863955200,67199218800,3273.1271,3276.0205,3231.072,3270.2732
104029000,3235.4042,2854200,33648000,5866809400,67232866800,3273.1271,3276.0205,3231.072,3270.2732
104034000,3235.4037,2818000,38096500,5869627400,67270963300,3273.1271,3276.0205,3231.072,3270.2732
104039000,3235.5223,2747000,29961800,5872374400,67300925100,3273.1271,3276.0205,3231.072,3270.2732
104045000,3235.3605,3293800,39282200,5875668200,67340207300,3273.1271,3276.0205,3231.072,3270.2732
104050000,3235.1364,2188800,30593400,5877857000,67370800700,3273.1271,3276.0205,3231.072,3270.2732
104055000,3234.9758,2530300,38388000,5880387300,67409188700,3273.1271,3276.0205,3231.072,3270.2732
104100000,3234.7014,3012900,33241600,5883400200,67442430300,3273.1271,3276.0205,3231.072,3270.2732
104105000,3234.5722,2251700,27524300,5885651900,67469954600,3273.1271,3276.0205,3231.072,3270.2732
104110000,3234.62,2543700,30121500,5888195600,67500076100,3273.1271,3276.0205,3231.072,3270.2732
104115000,3235.2023,2316900,26759800,5890512500,67526835900,3273.1271,3276.0205,3231.072,3270.2732
104120000,3236.5412,3204300,48941000,5893716800,67575776900,3273.1271,3276.0205,3231.072,3270.2732
104125000,3236.9154,4424500,48726400,5898141300,67624503300,3273.1271,3276.0205,3231.072,3270.2732
104130000,3237.8117,6104000,80625000,5904245300,67705128300,3273.1271,3276.0205,3231.072,3270.2732
104135000,3238.9392,6292700,94460500,5910538000,67799588800,3273.1271,3276.0205,3231.072,3270.2732
104140000,3239.4951,7463300,91243300,5918001300,67890832100,3273.1271,3276.0205,3231.072,3270.2732
104145000,3239.618,2956400,34357700,5920957700,67925189800,3273.1271,3276.0205,3231.072,3270.2732
104150000,3239.0845,2664800,33808100,5923622500,67958997900,3273.1271,3276.0205,3231.072,3270.2732
104155000,3239.4767,3187400,38910100,5926809900,67997908000,3273.1271,3276.0205,3231.072,3270.2732
104200000,3239.7161,5789100,57154100,5932599000,68055062100,3273.1271,3276.0205,3231.072,3270.2732
104205000,3239.5906,3928000,46586500,5936527000,68101648600,3273.1271,3276.0205,3231.072,3270.2732
104210000,3240.1192,3855300,43205000,5940382300,68144853600,3273.1271,3276.0205,3231.072,3270.2732
104215000,3240.1621,2626300,32090800,5943008600,68176944400,3273.1271,3276.0205,3231.072,3270.2732
104220000,3240.436,1867100,28249000,5944875700,68205193400,3273.1271,3276.0205,3231.072,3270.2732
104225000,3240.0862,2982300,33003800,5947858000,68238197200,3273.1271,3276.0205,3231.072,3270.2732
104230000,3239.8928,3405900,38489600,5951263900,68276686800,3273.1271,3276.0205,3231.072,3270.2732
104235000,3240.1372,2032400,28050800,5953296300,68304737600,3273.1271,3276.0205,3231.072,3270.2732
104240000,3240.5306,4340800,43169200,5957637100,68347906800,3273.1271,3276.0205,3231.072,3270.2732
104245000,3239.6536,2606100,29708700,5960243200,68377615500,3273.1271,3276.0205,3231.072,3270.2732
104250000,3239.928,2900100,39183600,5963143300,68416799100,3273.1271,3276.0205,3231.072,3270.2732
104255000,3239.9041,2793000,35548500,5965936300,68452347600,3273.1271,3276.0205,3231.072,3270.2732
104300000,3239.4579,5540600,56119800,5971476900,68508467400,3273.1271,3276.0205,3231.072,3270.2732
104305000,3239.5287,6882900,53573300,5978359800,68562040700,3273.1271,3276.0205,3231.072,3270.2732
104310000,3240.045,3237200,41302400,5981597000,68603343100,3273.1271,3276.0205,3231.072,3270.2732
104315000,3240.0763,2784600,33717800,5984381600,68637060900,3273.1271,3276.0205,3231.072,3270.2732
104320000,3239.9349,2627800,33231200,5987009400,68670292100,3273.1271,3276.0205,3231.072,3270.2732
104325000,3239.828,2702100,30133900,5989711500,68700426000,3273.1271,3276.0205,3231.072,3270.2732
104330000,3239.6908,2485900,31846400,5992197400,68732272400,3273.1271,3276.0205,3231.072,3270.2732
104335000,3239.5459,1956500,26964400,5994153900,68759236800,3273.1271,3276.0205,3231.072,3270.2732
104340000,3239.972,2489000,30189500,5996642900,68789426300,3273.1271,3276.0205,3231.072,3270.2732
104345000,3239.9581,2478400,28737000,5999121300,68818163300,3273.1271,3276.0205,3231.072,3270.2732
104350000,3239.9474,2538200,33194000,6001659500,68851357300,3273.1271,3276.0205,3231.072,3270.2732
104355000,3239.6329,2692300,27221500,6004351800,68878578800,3273.1271,3276.0205,3231.072,3270.2732
104400000,3240.1136,3208500,35305400,6007560300,68913884200,3273.1271,3276.0205,3231.072,3270.2732
104405000,3240.2008,2952600,30865200,6010512900,68944749400,3273.1271,3276.0205,3231.072,3270.2732
104410000,3240.7184,2539300,32753400,6013052200,68977502800,3273.1271,3276.0205,3231.072,3270.2732
104415000,3240.6999,2515500,28831000,6015567700,69006333800,3273.1271,3276.0205,3231.072,3270.2732
104420000,3240.6734,2095000,26206800,6017662700,69032540600,3273.1271,3276.0205,3231.072,3270.2732
104425000,3240.4083,2458700,25100100,6020121400,69057640700,3273.1271,3276.0205,3231.072,3270.2732
104431000,3240.286,3382100,38605900,6023503500,69096246600,3273.1271,3276.0205,3231.072,3270.2732
104436000,3240.3223,3617200,38870100,6027120700,69135116700,3273.1271,3276.0205,3231.072,3270.2732
104440000,3240.5535,3265100,45395000,6030385800,69180511700,3273.1271,3276.0205,3231.072,3270.2732
104446000,3240.2904,2980200,32271000,6033366000,69212782700,3273.1271,3276.0205,3231.072,3270.2732
104451000,3240.5169,2535400,24934200,6035901400,69237716900,3273.1271,3276.0205,3231.072,3270.2732
104456000,3239.9209,2266200,28559700,6038167600,69266276600,3273.1271,3276.0205,3231.072,3270.2732
104501000,3240.3078,1442600,19208500,6039610200,69285485100,3273.1271,3276.0205,3231.072,3270.2732
104506000,3240.0019,3759000,29791000,6043369200,69315276100,3273.1271,3276.0205,3231.072,3270.2732
104511000,3240.2175,2775400,28754200,6046144600,69344030300,3273.1271,3276.0205,3231.072,3270.2732
104516000,3240.1724,3045800,37130900,6049190400,69381161200,3273.1271,3276.0205,3231.072,3270.2732
104521000,3240.3166,2642100,26723200,6051832500,69407884400,3273.1271,3276.0205,3231.072,3270.2732
104526000,3240.3851,2818900,36421200,6054651400,69444305600,3273.1271,3276.0205,3231.072,3270.2732
104531000,3240.3415,2694200,29421400,6057345600,69473727000,3273.1271,3276.0205,3231.072,3270.2732
104536000,3240.5324,2728300,24909200,6060073900,69498636200,3273.1271,3276.0205,3231.072,3270.2732
104541000,3240.3563,3339900,35502700,6063413800,69534138900,3273.1271,3276.0205,3231.072,3270.2732
104546000,3240.201,2970100,31008900,6066383900,69565147800,3273.1271,3276.0205,3231.072,3270.2732
104551000,3240.2713,3591200,34384700,6069975100,69599532500,3273.1271,3276.0205,3231.072,3270.2732
104556000,3240.0267,2040100,28944600,6072015200,69628477100,3273.1271,3276.0205,3231.072,3270.2732
104601000,3240.4693,2662200,27542800,6074677400,69656019900,3273.1271,3276.0205,3231.072,3270.2732
104606000,3240.4615,3444800,36090900,6078122200,69692110800,3273.1271,3276.0205,3231.072,3270.2732
104611000,3240.5795,2292800,31262000,6080415000,69723372800,3273.1271,3276.0205,3231.072,3270.2732
104616000,3240.4864,2014000,24656600,6082429000,69748029400,3273.1271,3276.0205,3231.072,3270.2732
104621000,3240.7508,1752000,20453700,6084181000,69768483100,3273.1271,3276.0205,3231.072,3270.2732
104626000,3240.4927,1594000,22175000,6085775000,69790658100,3273.1271,3276.0205,3231.072,3270.2732
104631000,3240.5268,2166500,29208400,6087941500,69819866500,3273.1271,3276.0205,3231.072,3270.2732
104636000,3240.4743,2596000,33332000,6090537500,69853198500,3273.1271,3276.0205,3231.072,3270.2732
104641000,3240.5748,2343900,32458800,6092881400,69885657300,3273.1271,3276.0205,3231.072,3270.2732
104646000,3240.4207,3055800,31302500,6095937200,69916959800,3273.1271,3276.0205,3231.072,3270.2732
104651000,3240.2748,2977200,26359900,6098914400,69943319700,3273.1271,3276.0205,3231.072,3270.2732
104656000,3240.016,2341300,36328200,6101255700,69979647900,3273.1271,3276.0205,3231.072,3270.2732
104701000,3240.4461,1472800,20244300,6102728500,69999892200,3273.1271,3276.0205,3231.072,3270.2732
104706000,3240.0992,3474500,43309900,6106203000,70043202100,3273.1271,3276.0205,3231.072,3270.2732
104711000,3240.2455,1974200,31647400,6108177200,70074849500,3273.1271,3276.0205,3231.072,3270.2732
104716000,3240.563,2796400,37463100,6110973600,70112312600,3273.1271,3276.0205,3231.072,3270.2732
104721000,3240.4305,2207500,21986400,6113181100,70134299000,3273.1271,3276.0205,3231.072,3270.2732
104726000,3240.0597,1936200,26016600,6115117300,70160315600,3273.1271,3276.0205,3231.072,3270.2732
104731000,3240.6686,2348800,27131500,6117466100,70187447100,3273.1271,3276.0205,3231.072,3270.2732
104736000,3240.3851,2891100,34731500,6120357200,70222178600,3273.1271,3276.0205,3231.072,3270.2732
104741000,3240.1159,2952200,33501400,6123309400,70255680000,3273.1271,3276.0205,3231.072,3270.2732
104746000,3240.5085,4192700,50095400,6127502100,70305775400,3273.1271,3276.0205,3231.072,3270.2732
104751000,3241.2568,3653400,39523300,6131155500,70345298700,3273.1271,3276.0205,3231.072,3270.2732
104756000,3242.4498,5619000,63496600,6136774500,70408795300,3273.1271,3276.0205,3231.072,3270.2732
104801000,3242.7755,4388400,54073000,6141162900,70462868300,3273.1271,3276.0205,3231.072,3270.2732
104806000,3243.1843,5813600,58704300,6146976500,70521572600,3273.1271,3276.0205,3231.072,3270.2732
104811000,3243.2617,3770900,45397700,6150747400,70566970300,3273.1271,3276.0205,3231.072,3270.2732
104817000,3242.9908,5427100,59831300,6156174500,70626801600,3273.1271,3276.0205,3231.072,3270.2732
104822000,3243.083,3875800,46023100,6160050300,70672824700,3273.1271,3276.0205,3231.072,3270.2732
104827000,3242.8711,2129300,27072300,6162179600,70699897000,3273.1271,3276.0205,3231.072,3270.2732
104832000,3243.2708,2535500,32426000,6164715100,70732323000,3273.1271,3276.0205,3231.072,3270.2732
104837000,3242.4731,2328100,27507700,6167043200,70759830700,3273.1271,3276.0205,3231.072,3270.2732
104842000,3242.7891,3028700,33443900,6170071900,70793274600,3273.1271,3276.0205,3231.072,3270.2732
104847000,3242.7239,2283900,30838100,6172355800,70824112700,3273.1271,3276.0205,3231.072,3270.2732
104852000,3242.6952,3136900,37096900,6175492700,70861209600,3273.1271,3276.0205,3231.072,3270.2732
104857000,3242.2181,2036500,27153100,6177529200,70888362700,3273.1271,3276.0205,3231.072,3270.2732
104902000,3242.539,2697800,35855100,6180227000,70924217800,3273.1271,3276.0205,3231.072,3270.2732
104907000,3242.4256,2079500,24599000,6182306500,70948816800,3273.1271,3276.0205,3231.072,3270.2732
104912000,3242.6254,3752200,45889900,6186058700,70994706700,3273.1271,3276.0205,3231.072,3270.2732
104917000,3242.3196,2539200,36021300,6188597900,71030728000,3273.1271,3276.0205,3231.072,3270.2732
104922000,3242.0685,2528700,40871700,6191126600,71071599700,3273.1271,3276.0205,3231.072,3270.2732
104927000,3242.1987,1719500,20679400,6192846100,71092279100,3273.1271,3276.0205,3231.072,3270.2732
104932000,3242.3204,2214900,30673400,6195061000,71122952500,3273.1271,3276.0205,3231.072,3270.2732
104937000,3242.4248,2558000,25356200,6197619000,71148308700,3273.1271,3276.0205,3231.072,3270.2732
104942000,3242.5975,3976100,45193100,6201595100,71193501800,3273.1271,3276.0205,3231.072,3270.2732
104947000,3242.3491,3347900,33240700,6204943000,71226742500,3273.1271,3276.0205,3231.072,3270.2732
104952000,3242.3274,3369700,38946500,6208312700,71265689000,3273.1271,3276.0205,3231.072,3270.2732
104957000,3241.5231,2093600,24383200,6210406300,71290072200,3273.1271,3276.0205,3231.072,3270.2732
105002000,3241.5191,2370400,35351200,6212776700,71325423400,3273.1271,3276.0205,3231.072,3270.2732
105007000,3241.9277,2673200,32777000,6215449900,71358200400,3273.1271,3276.0205,3231.072,3270.2732
105012000,3241.242,4150300,53528800,6219600200,71411729200,3273.1271,3276.0205,3231.072,3270.2732
105017000,3241.1247,3328000,43793100,6222928200,71455522300,3273.1271,3276.0205,3231.072,3270.2732
105022000,3240.719,2735900,41194700,6225664100,71496717000,3273.1271,3276.0205,3231.072,3270.2732
105027000,3239.3463,3486700,46823000,6229150800,71543540000,3273.1271,3276.0205,3231.072,3270.2732
105032000,3239.6428,4152700,58922500,6233303500,71602462500,3273.1271,3276.0205,3231.072,3270.2732
105037000,3238.2775,3605300,47164800,6236908800,71649627300,3273.1271,3276.0205,3231.072,3270.2732
105042000,3238.3872,5172500,65333400,6242081300,71714960700,3273.1271,3276.0205,3231.072,3270.2732
105047000,3238.3055,4921800,68944800,6247003100,71783905500,3273.1271,3276.0205,3231.072,3270.2732
105052000,3237.0605,6148600,76469600,6253151700,71860375100,3273.1271,3276.0205,3231.072,3270.2732
105057000,3235.9546,5430400,63604300,6258582100,71923979400,3273.1271,3276.0205,3231.072,3270.2732
105102000,3236.132,9015900,68268100,6267598000,71992247500,3273.1271,3276.0205,3231.072,3270.2732
105107000,3235.9147,4547800,50349700,6272145800,72042597200,3273.1271,3276.0205,3231.072,3270.2732
105112000,3235.2963,6953400,68145700,6279099200,72110742900,3273.1271,3276.0205,3231.072,3270.2732
105117000,3235.5222,4312400,62584300,6283411600,72173327200,3273.1271,3276.0205,3231.072,3270.2732
105122000,3236.4777,7308300,93459000,6290719900,72266786200,3273.1271,3276.0205,3231.072,3270.2732
105127000,3235.479,3001500,34336500,6293721400,72301122700,3273.1271,3276.0205,3231.072,3270.2732
105132000,3235.7941,2982100,42001600,6296703500,72343124300,3273.1271,3276.0205,3231.072,3270.2732
105137000,3235.3418,2626500,32885100,6299330000,72376009400,3273.1271,3276.0205,3231.072,3270.2732
105142000,3234.7025,3889400,46234600,6303219400,72422244000,3273.1271,3276.0205,3231.072,3270.2732
105147000,3234.7317,2502600,34845200,6305722000,72457089200,3273.1271,3276.0205,3231.072,3270.2732
105152000,3234.3747,3372500,42367700,6309094500,72499456900,3273.1271,3276.0205,3231.072,3270.2732
105157000,3234.0788,3673300,31685700,6312767800,72531142600,3273.1271,3276.0205,3231.072,3270.2732
105202000,3233.9386,3191200,41018200,6315959000,72572160800,3273.1271,3276.0205,3231.072,3270.2732
105208000,3234.0561,6888800,73358800,6322847800,72645519600,3273.1271,3276.0205,3231.072,3270.2732
105213000,3233.9385,4837900,45846800,6327685700,72691366400,3273.1271,3276.0205,3231.072,3270.2732
105218000,3233.4036,3635300,39920200,6331321000,72731286600,3273.1271,3276.0205,3231.072,3270.2732
105223000,3233.4678,1980800,29114700,6333301800,72760401300,3273.1271,3276.0205,3231.072,3270.2732
105228000,3233.4155,3634000,44075000,6336935800,72804476300,3273.1271,3276.0205,3231.072,3270.2732
105233000,3233.5696,3042200,30889700,6339978000,72835366000,3273.1271,3276.0205,3231.072,3270.2732
105238000,3233.5033,2274400,41902800,6342252400,72877268800,3273.1271,3276.0205,3231.072,3270.2732
105243000,3233.382,2139200,30859300,6344391600,72908128100,3273.1271,3276.0205,3231.072,3270.2732
105248000,3232.9518,3627300,39080500,6348018900,72947208600,3273.1271,3276.0205,3231.072,3270.2732
105253000,3232.9075,3316700,40245900,6351335600,72987454500,3273.1271,3276.0205,3231.072,3270.2732
105258000,3233.0381,2998400,37304500,6354334000,73024759000,3273.1271,3276.0205,3231.072,3270.2732
105303000,3232.9025,3130600,41241300,6357464600,73066000300,3273.1271,3276.0205,3231.072,3270.2732
105308000,3232.9994,3947100,48129900,6361411700,73114130200,3273.1271,3276.0205,3231.072,3270.2732
105313000,3232.5777,2006300,25477100,6363418000,73139607300,3273.1271,3276.0205,3231.072,3270.2732
105318000,3232.6138,3909600,45521400,6367327600,73185128700,3273.1271,3276.0205,3231.072,3270.2732
105323000,3232.0922,2314100,28695800,6369641700,73213824500,3273.1271,3276.0205,3231.072,3270.2732
105328000,3232.326,2335000,33450200,6371976700,73247274700,3273.1271,3276.0205,3231.072,3270.2732
105333000,3232.104,2740700,28968100,6374717400,73276242800,3273.1271,3276.0205,3231.072,3270.2732
105338000,3231.9394,2821700,36466800,6377539100,73312709600,3273.1271,3276.0205,3231.072,3270.2732
105343000,3231.9714,2410500,31065600,6379949600,73343775200,3273.1271,3276.0205,3231.072,3270.2732
105348000,3231.548,4482100,41997200,6384431700,73385772400,3273.1271,3276.0205,3231.072,3270.2732
105353000,3231.2103,2171800,32525300,6386603500,73418297700,3273.1271,3276.0205,3231.072,3270.2732
105358000,3230.6643,2852300,43107900,6389455800,73461405600,3273.1271,3276.0205,3230.6643,3270.2732
105403000,3231.3501,3439300,34618600,6392895100,73496024200,3273.1271,3276.0205,3230.6643,3270.2732
105408000,3230.8709,4494700,49280700,6397389800,73545304900,3273.1271,3276.0205,3230.6643,3270.2732
105413000,3231.5489,2423300,37910100,6399813100,73583215000,3273.1271,3276.0205,3230.6363,3270.2732
105418000,3231.1046,4735100,48588900,6404548200,73631803900,3273.1271,3276.0205,3230.6363,3270.2732
105423000,3230.8091,3709600,34693700,6408257800,73666497600,3273.1271,3276.0205,3230.5271,3270.2732
105428000,3230.7788,3288900,46252500,6411546700,73712750100,3273.1271,3276.0205,3230.5271,3270.2732
105433000,3231.0089,3081300,31810000,6414628000,73744560100,3273.1271,3276.0205,3230.5271,3270.2732
105438000,3230.766,2623800,35381500,6417251800,73779941600,3273.1271,3276.0205,3230.5271,3270.2732
105443000,3231.1412,2554100,34390300,6419805900,73814331900,3273.1271,3276.0205,3230.4144,3270.2732
105448000,3230.6685,3573500,38250300,6423379400,73852582200,3273.1271,3276.0205,3230.4144,3270.2732
105453000,3230.3759,2129600,28789400,6425509000,73881371600,3273.1271,3276.0205,3230.3534,3270.2732
105458000,3230.0276,2752400,34062900,6428261400,73915434500,3273.1271,3276.0205,3230.0008,3270.2732
105503000,3230.261,2487400,25980200,6430748800,73941414700,3273.1271,3276.0205,3229.919,3270.2732
105508000,3230.4033,1815200,28239200,6432564000,73969653900,3273.1271,3276.0205,3229.919,3270.2732
105513000,3230.5421,1807100,26592900,6434371100,73996246800,3273.1271,3276.0205,3229.919,3270.2732
105518000,3230.5453,4383400,37479800,6438754500,74033726600,3273.1271,3276.0205,3229.919,3270.2732
105523000,3229.9731,2567100,27130800,6441321600,74060857400,3273.1271,3276.0205,3229.919,3270.2732
105528000,3230.8273,4723500,48935100,6446045100,74109792500,3273.1271,3276.0205,3229.919,3270.2732
105533000,3231.1965,3333600,36350800,6449378700,74146143300,3273.1271,3276.0205,3229.919,3270.2732
105538000,3231.0606,4281100,38881400,6453659800,74185024700,3273.1271,3276.0205,3229.919,3270.2732
105543000,3230.9833,3685000,37407700,6457344800,74222432400,3273.1271,3276.0205,3229.919,3270.2732
105548000,3230.9237,3699500,44233400,6461044300,74266665800,3273.1271,3276.0205,3229.919,3270.2732
105553000,3231.4679,3158900,37723800,6464203200,74304389600,3273.1271,3276.0205,3229.919,3270.2732
105559000,3230.56,3423500,38487900,6467626700,74342877500,3273.1271,3276.0205,3229.919,3270.2732
105604000,3230.8435,4342400,58876100,6471969100,74401753600,3273.1271,3276.0205,3229.919,3270.2732
105609000,3230.9558,3697100,36407700,6475666200,74438161300,3273.1271,3276.0205,3229.919,3270.2732
105614000,3231.0639,2275500,30237300,6477941700,74468398600,3273.1271,3276.0205,3229.919,3270.2732
105619000,3230.6752,2038100,22797900,6479979800,74491196500,3273.1271,3276.0205,3229.919,3270.2732
105624000,3230.7265,3032600,31694100,6483012400,74522890600,3273.1271,3276.0205,3229.919,3270.2732
105629000,3230.4049,2236300,33139900,6485248700,74556030500,3273.1271,3276.0205,3229.919,3270.2732
105634000,3230.4129,2785900,33980800,6488034600,74590011300,3273.1271,3276.0205,3229.919,3270.2732
105639000,3229.7873,2274200,25785000,6490308800,74615796300,3273.1271,3276.0205,3229.6101,3270.2732
105644000,3230.1373,5990900,46056500,6496299700,74661852800,3273.1271,3276.0205,3229.6101,3270.2732
105649000,3230.3232,2059400,26372600,6498359100,74688225400,3273.1271,3276.0205,3229.6101,3270.2732
105654000,3229.7371,2820900,35477600,6501180000,74723703000,3273.1271,3276.0205,3229.6101,3270.2732
105659000,3229.9984,2599900,39352100,6503779900,74763055100,3273.1271,3276.0205,3229.5384,3270.2732
105704000,3229.6107,3111000,62399300,6506890900,74825454400,3273.1271,3276.0205,3229.5384,3270.2732
105709000,3229.6646,1931800,30565200,6508822700,74856019600,3273.1271,3276.0205,3229.3636,3270.2732
105714000,3228.6979,2428200,37261100,6511250900,74893280700,3273.1271,3276.0205,3228.6979,3270.2732
105719000,3228.8238,2374100,34401300,6513625000,74927682000,3273.1271,3276.0205,3228.6979,3270.2732
105724000,3229.1234,2799300,45559800,6516424300,74973241800,3273.1271,3276.0205,3228.6979,3270.2732
105729000,3228.7305,4216300,48645000,6520640600,75021886800,3273.1271,3276.0205,3228.6979,3270.2732
105734000,3228.9347,3392000,50303400,6524032600,75072190200,3273.1271,3276.0205,3228.6979,3270.2732
105739000,3229.0647,2659400,32110800,6526692000,75104301000,3273.1271,3276.0205,3228.6979,3270.2732
105744000,3229.2126,2899700,42574500,6529591700,75146875500,3273.1271,3276.0205,3228.6979,3270.2732
105749000,3229.7185,3583700,53632000,6533175400,75200507500,3273.1271,3276.0205,3228.6979,3270.2732
105754000,3229.6182,4130000,49918600,6537305400,75250426100,3273.1271,3276.0205,3228.6979,3270.2732
105759000,3230.4314,4700200,53807000,6542005600,75304233100,3273.1271,3276.0205,3228.6979,3270.2732
105804000,3230.4651,3420600,52483000,6545426200,75356716100,3273.1271,3276.0205,3228.6979,3270.2732
105809000,3230.4243,2086500,27145600,6547512700,75383861700,3273.1271,3276.0205,3228.6979,3270.2732
105814000,3229.9751,2228700,28575000,6549741400,75412436700,3273.1271,3276.0205,3228.6979,3270.2732
105819000,3230.1394,2172700,28995400,6551914100,75441432100,3273.1271,3276.0205,3228.6979,3270.2732
105824000,3229.8109,3300200,39754400,6555214300,75481186500,3273.1271,3276.0205,3228.6979,3270.2732
105829000,3230.1971,2302800,32060300,6557517100,75513246800,3273.1271,3276.0205,3228.6979,3270.2732
105834000,3230.1006,1574300,31495000,6559091400,75544741800,3273.1271,3276.0205,3228.6979,3270.2732
105839000,3230.7159,2353600,30708400,6561445000,75575450200,3273.1271,3276.0205,3228.6979,3270.2732
105844000,3230.1786,2069600,29006200,6563514600,75604456400,3273.1271,3276.0205,3228.6979,3270.2732
105849000,3231.1672,2307900,39541800,6565822500,75643998200,3273.1271,3276.0205,3228.6979,3270.2732
105854000,3230.5839,1999100,37262500,6567821600,75681260700,3273.1271,3276.0205,3228.6979,3270.2732
105859000,3230.329,1927900,32669100,6569749500,75713929800,3273.1271,3276.0205,3228.6979,3270.2732
105904000,3230.137,2301200,30884800,6572050700,75744814600,3273.1271,3276.0205,3228.6979,3270.2732
105909000,3230.249,2405500,26554900,6574456200,75771369500,3273.1271,3276.0205,3228.6979,3270.2732
105914000,3230.1706,2023300,33409800,6576479500,75804779300,3273.1271,3276.0205,3228.6979,3270.2732
105919000,3230.344,1436300,18525200,6577915800,75823304500,3273.1271,3276.0205,3228.6979,3270.2732
105924000,3229.8871,1434000,21271600,6579349800,75844576100,3273.1271,3276.0205,3228.6979,3270.2732
105929000,3229.0267,1859000,24844600,6581208800,75869420700,3273.1271,3276.0205,3228.6979,3270.2732
105934000,3229.3276,1804000,23570200,6583012800,75892990900,3273.1271,3276.0205,3228.6979,3270.2732
105939000,3229.2867,3123900,33234400,6586136700,75926225300,3273.1271,3276.0205,3228.6979,3270.2732
105944000,3229.436,2023100,30026400,6588159800,75956251700,3273.1271,3276.0205,3228.6979,3270.2732
105949000,3229.2353,1822800,19695600,6589982600,75975947300,3273.1271,3276.0205,3228.6979,3270.2732
105955000,3229.8747,2378800,31518400,6592361400,76007465700,3273.1271,3276.0205,3228.6979,3270.2732
110000000,3229.0961,3404600,36262600,6595766000,76043728300,3273.1271,3276.0205,3228.6979,3270.2732
110005000,3229.3089,2369800,44154300,6598135800,76087882600,3273.1271,3276.0205,3228.6979,3270.2732
110010000,3228.6449,2257300,33349700,6600393100,76121232300,3273.1271,3276.0205,3228.6449,3270.2732
110015000,3228.3679,3356000,42663600,6603749100,76163895900,3273.1271,3276.0205,3228.3079,3270.2732
110020000,3228.0796,2235100,31430100,6605984200,76195326000,3273.1271,3276.0205,3228.0796,3270.2732
110025000,3228.0721,3510300,33399300,6609494500,76228725300,3273.1271,3276.0205,3228.0721,3270.2732
110030000,3227.8927,4093200,36372000,6613587700,76265097300,3273.1271,3276.0205,3227.8927,3270.2732
110035000,3227.746,4157600,64379200,6617745300,76329476500,3273.1271,3276.0205,3227.6916,3270.2732
110040000,3227.8795,6827100,60493100,6624572400,76389969600,3273.1271,3276.0205,3227.6916,3270.2732
110045000,3227.3563,5423900,45613600,6629996300,76435583200,3273.1271,3276.0205,3227.3563,3270.2732
110050000,3226.8488,3584900,43914200,6633581200,76479497400,3273.1271,3276.0205,3226.8488,3270.2732
110055000,3226.7349,4042800,36112700,6637624000,76515610100,3273.1271,3276.0205,3226.7349,3270.2732
110100000,3226.5419,3470900,45260500,6641094900,76560870600,3273.1271,3276.0205,3226.4234,3270.2732
110105000,3225.813,3844100,56107700,6644939000,76616978300,3273.1271,3276.0205,3225.813,3270.2732
110110000,3226.1058,6122500,66926500,6651061500,76683904800,3273.1271,3276.0205,3225.813,3270.2732
110115000,3225.7403,3440000,37340900,6654501500,76721245700,3273.1271,3276.0205,3225.6072,3270.2732
110120000,3225.4572,4579700,56879900,6659081200,76778125600,3273.1271,3276.0205,3225.4479,3270.2732
110125000,3225.3336,2897100,36425700,6661978300,76814551300,3273.1271,3276.0205,3225.3336,3270.2732
110130000,3225.5693,5519100,55159800,6667497400,76869711100,3273.1271,3276.0205,3225.2005,3270.2732
110135000,3225.2753,3500300,43713000,6670997700,76913424100,3273.1271,3276.0205,3225.2005,3270.2732
110140000,3224.8372,5061900,52773000,6676059600,76966197100,3273.1271,3276.0205,3224.7678,3270.2732
110145000,3224.8004,3978700,43920800,6680038300,77010117900,3273.1271,3276.0205,3224.5856,3270.2732
110150000,3224.2943,2882600,41009200,6682920900,77051127100,3273.1271,3276.0205,3224.2766,3270.2732
110155000,3224.913,6928100,64574200,6689849000,77115701300,3273.1271,3276.0205,3224.2766,3270.2732
110200000,3224.9907,5422600,60238700,6695271600,77175940000,3273.1271,3276.0205,3224.2766,3270.2732
110205000,3224.4568,5202900,44373100,6700474500,77220313100,3273.1271,3276.0205,3224.2766,3270.2732
110210000,3224.0663,5493900,69924300,6705968400,77290237400,3273.1271,3276.0205,3224.0663,3270.2732
110215000,3224.4108,6656400,55443400,6712624800,77345680800,3273.1271,3276.0205,3223.9257,3270.2732
110220000,3224.3707,2738100,42622500,6715362900,77388303300,3273.1271,3276.0205,3223.9257,3270.2732
110225000,3224.1565,4053200,35973500,6719416100,77424276800,3273.1271,3276.0205,3223.9257,3270.2732
110230000,3225.179,7345900,58549300,6726762000,77482826100,3273.1271,3276.0205,3223.9257,3270.2732
110235000,3224.9529,4243200,47305700,6731005200,77530131800,3273.1271,3276.0205,3223.9257,3270.2732
110240000,3225.1408,4746400,61080600,6735751600,77591212400,3273.1271,3276.0205,3223.9257,3270.2732
110245000,3224.6935,7049500,41713600,6742801100,77632926000,3273.1271,3276.0205,3223.9257,3270.2732
110250000,3224.6899,3852600,45828300,6746653700,77678754300,3273.1271,3276.0205,3223.9257,3270.2732
110255000,3224.0094,3718200,41294900,6750371900,77720049200,3273.1271,3276.0205,3223.9257,3270.2732
110300000,3224.0506,5781900,55054600,6756153800,77775103800,3273.1271,3276.0205,3223.075,3270.2732
110305000,3223.7768,3189800,43759200,6759343600,77818863000,3273.1271,3276.0205,3223.075,3270.2732
110310000,3223.8692,4620600,55596500,6763964200,77874459500,3273.1271,3276.0205,3223.075,3270.2732
110315000,3224.0128,2658300,36640900,6766622500,77911100400,3273.1271,3276.0205,3223.075,3270.2732
110320000,3223.9338,2249900,38122800,6768872400,77949223200,3273.1271,3276.0205,3223.075,3270.2732
110325000,3224.0785,2944100,32775300,6771816500,77981998500,3273.1271,3276.0205,3223.075,3270.2732
110330000,3223.8731,4107500,51547100,6775924000,78033545600,3273.1271,3276.0205,3223.075,3270.2732
110335000,3224.3558,2740700,29726700,6778664700,78063272300,3273.1271,3276.0205,3223.075,3270.2732
110341000,3223.8004,3787600,39444400,6782452300,78102716700,3273.1271,3276.0205,3223.075,3270.2732
110346000,3224.7179,3382300,43795300,6785834600,78146512000,3273.1271,3276.0205,3223.075,3270.2732
110351000,3224.4884,2433400,31212800,6788268000,78177724800,3273.1271,3276.0205,3223.075,3270.2732
110356000,3225.5213,4440700,63356800,6792708700,78241081600,3273.1271,3276.0205,3223.075,3270.2732
110401000,3225.497,4248700,42223400,6796957400,78283305000,3273.1271,3276.0205,3223.075,3270.2732
110406000,3226.2659,5217600,61971800,6802175000,78345276800,3273.1271,3276.0205,3223.075,3270.2732
110411000,3226.5082,3230400,52689900,6805405400,78397966700,3273.1271,3276.0205,3223.075,3270.2732
110416000,3225.9451,4393700,47942700,6809799100,78445909400,3273.1271,3276.0205,3223.075,3270.2732
110421000,3225.6884,3000800,36099300,6812799900,78482008700,3273.1271,3276.0205,3223.075,3270.2732
110426000,3226.1659,3249000,45449200,6816048900,78527457900,3273.1271,3276.0205,3223.075,3270.2732
110431000,3225.7224,2821300,29553400,6818870200,78557011300,3273.1271,3276.0205,3223.075,3270.2732
110436000,3225.6645,2541800,30668000,6821412000,78587679300,3273.1271,3276.0205,3223.075,3270.2732
110441000,3225.7346,3022100,35224800,6824434100,78622904100,3273.1271,3276.0205,3223.075,3270.2732
110446000,3225.1326,3189000,36222700,6827623100,78659126800,3273.1271,3276.0205,3223.075,3270.2732
110451000,3225.4886,1964400,23236000,6829587500,78682362800,3273.1271,3276.0205,3223.075,3270.2732
110456000,3225.4925,2586900,35179000,6832174400,78717541800,3273.1271,3276.0205,3223.075,3270.2732
110501000,3225.4781,2916200,36816600,6835090600,78754358400,3273.1271,3276.0205,3223.075,3270.2732
110506000,3225.6289,2998700,34910600,6838089300,78789269000,3273.1271,3276.0205,3223.075,3270.2732
110511000,3225.353,2147700,34591000,6840237000,78823860000,3273.1271,3276.0205,3223.075,3270.2732
110516000,3225.1332,2785700,35511600,6843022700,78859371600,3273.1271,3276.0205,3223.075,3270.2732
110521000,3225.1727,2319100,23096200,6845341800,78882467800,3273.1271,3276.0205,3223.075,3270.2732
110526000,3225.088,2023600,30247400,6847365400,78912715200,3273.1271,3276.0205,3223.075,3270.2732
110531000,3225.115,2069600,22193900,6849435000,78934909100,3273.1271,3276.0205,3223.075,3270.2732
110536000,3225.2751,3159900,38037200,6852594900,78972946300,3273.1271,3276.0205,3223.075,3270.2732
110541000,3224.9721,2467000,36039100,6855061900,79008985400,3273.1271,3276.0205,3223.075,3270.2732
110546000,3224.6571,2549200,32671600,6857611100,79041657000,3273.1271,3276.0205,3223.075,3270.2732
110551000,3224.7523,1901000,24630400,6859512100,79066287400,3273.1271,3276.0205,3223.075,3270.2732
110556000,3224.6765,2153600,30294400,6861665700,79096581800,3273.1271,3276.0205,3223.075,3270.2732
110601000,3224.7021,2209600,23649500,6863875300,79120231300,3273.1271,3276.0205,3223.075,3270.2732
110606000,3224.6143,3434100,36960800,6867309400,79157192100,3273.1271,3276.0205,3223.075,3270.2732
110611000,3224.9739,1938400,24585500,6869247800,79181777600,3273.1271,3276.0205,3223.075,3270.2732
110616000,3224.5174,2359600,33115200,6871607400,79214892800,3273.1271,3276.0205,3223.075,3270.2732
110621000,3224.6048,1622800,21128200,6873230200,79236021000,3273.1271,3276.0205,3223.075,3270.2732
110626000,3224.602,1831200,25275100,6875061400,79261296100,3273.1271,3276.0205,3223.075,3270.2732
110631000,3224.7416,1792400,26134600,6876853800,79287430700,3273.1271,3276.0205,3223.075,3270.2732
110636000,3224.6614,2764200,33793100,6879618000,79321223800,3273.1271,3276.0205,3223.075,3270.2732
110641000,3224.2628,2076900,34742400,6881694900,79355966200,3273.1271,3276.0205,3223.075,3270.2732
110646000,3224.3991,3997400,31613400,6885692300,79387579600,3273.1271,3276.0205,3223.075,3270.2732
110651000,3224.6055,1939800,21566700,6887632100,79409146300,3273.1271,3276.0205,3223.075,3270.2732
110656000,3224.5966,2442200,31852000,6890074300,79440998300,3273.1271,3276.0205,3223.075,3270.2732
110701000,3224.4339,1922600,21249400,6891996900,79462247700,3273.1271,3276.0205,3223.075,3270.2732
110706000,3225.2136,2292000,31007100,6894288900,79493254800,3273.1271,3276.0205,3223.075,3270.2732
110711000,3224.7796,2773400,32620800,6897062300,79525875600,3273.1271,3276.0205,3223.075,3270.2732
110716000,3224.4187,7447500,40801700,6904509800,79566677300,3273.1271,3276.0205,3223.075,3270.2732
110721000,3225.2201,2013900,26342900,6906523700,79593020200,3273.1271,3276.0205,3223.075,3270.2732
110727000,3225.0194,3271100,37111400,6909794800,79630131600,3273.1271,3276.0205,3223.075,3270.2732
110732000,3224.9742,1742600,21785200,6911537400,79651916800,3273.1271,3276.0205,3223.075,3270.2732
110737000,3224.7346,1705800,20296600,6913243200,79672213400,3273.1271,3276.0205,3223.075,3270.2732
110742000,3224.3369,3392100,27810400,6916635300,79700023800,3273.1271,3276.0205,3223.075,3270.2732
110747000,3224.2655,2206500,29056000,6918841800,79729079800,3273.1271,3276.0205,3223.075,3270.2732
110752000,3224.4526,2632600,31686800,6921474400,79760766600,3273.1271,3276.0205,3223.075,3270.2732
110757000,3224.3897,2500900,30764400,6923975300,79791531000,3273.1271,3276.0205,3223.075,3270.2732
110802000,3224.0309,2390800,29709600,6926366100,79821240600,3273.1271,3276.0205,3223.075,3270.2732
110807000,3224.0181,2525300,26990300,6928891400,79848230900,3273.1271,3276.0205,3223.075,3270.2732
110812000,3223.636,2643100,31125200,6931534500,79879356100,3273.1271,3276.0205,3223.075,3270.2732
110817000,3223.5261,2184100,28290500,6933718600,79907646600,3273.1271,3276.0205,3223.075,3270.2732
110822000,3223.1637,3176000,43745300,6936894600,79951391900,3273.1271,3276.0205,3223.075,3270.2732
110827000,3222.8761,2199200,25717800,6939093800,79977109700,3273.1271,3276.0205,3222.8761,3270.2732
110832000,3222.8147,2861100,33581300,6941954900,80010691000,3273.1271,3276.0205,3222.7513,3270.2732
110837000,3222.5131,2800100,42061100,6944755000,80052752100,3273.1271,3276.0205,3222.5131,3270.2732
110842000,3222.4132,3328700,40561500,6948083700,80093313600,3273.1271,3276.0205,3222.3345,3270.2732
110847000,3221.8265,3896000,46104400,6951979700,80139418000,3273.1271,3276.0205,3221.8265,3270.2732
110852000,3221.7287,2964300,38431800,6954944000,80177849800,3273.1271,3276.0205,3221.5363,3270.2732
110857000,3221.4826,2840100,34448900,6957784100,80212298700,3273.1271,3276.0205,3221.4826,3270.2732
110902000,3221.5762,3031200,35214300,6960815300,80247513000,3273.1271,3276.0205,3221.3986,3270.2732
110907000,3221.3831,4210200,41028800,6965025500,80288541800,3273.1271,3276.0205,3221.2508,3270.2732
110912000,3221.4151,3029400,35966200,6968054900,80324508000,3273.1271,3276.0205,3221.1943,3270.2732
110917000,3221.4287,2899000,36930400,6970953900,80361438400,3273.1271,3276.0205,3221.1943,3270.2732
110922000,3221.6606,3171800,47526100,6974125700,80408964500,3273.1271,3276.0205,3221.1943,3270.2732
110927000,3221.1567,1640800,20236600,6975766500,80429201100,3273.1271,3276.0205,3221.0525,3270.2732
110932000,3220.8105,2476600,35176600,6978243100,80464377700,3273.1271,3276.0205,3220.7419,3270.2732
110937000,3220.7852,3175900,43959700,6981419000,80508337400,3273.1271,3276.0205,3220.7419,3270.2732
110942000,3220.572,3978900,50109600,6985397900,80558447000,3273.1271,3276.0205,3220.572,3270.2732
110947000,3220.3639,3577700,46318400,6988975600,80604765400,3273.1271,3276.0205,3220.3639,3270.2732
110952000,3220.2981,2653500,37371600,6991629100,80642137000,3273.1271,3276.0205,3220.2981,3270.2732
110957000,3220.1636,3508500,40156900,6995137600,80682293900,3273.1271,3276.0205,3219.9861,3270.2732
111002000,3220.4083,2387200,29685200,6997524800,80711979100,3273.1271,3276.0205,3219.9861,3270.2732
111007000,3220.6504,3395800,40097700,7000920600,80752076800,3273.1271,3276.0205,3219.9861,3270.2732
111012000,3220.7896,3877000,49094600,7004797600,80801171400,3273.1271,3276.0205,3219.9861,3270.2732
111017000,3219.8211,3140600,37856700,7007938200,80839028100,3273.1271,3276.0205,3219.8211,3270.2732
111022000,3219.9791,3795800,45426100,7011734000,80884454200,3273.1271,3276.0205,3219.8211,3270.2732
111027000,3220.1541,1916900,25196700,7013650900,80909650900,3273.1271,3276.0205,3219.8211,3270.2732
111032000,3220.2936,3083800,32469300,7016734700,80942120200,3273.1271,3276.0205,3219.8211,3270.2732
111037000,3220.7677,3613800,40647500,7020348500,80982767700,3273.1271,3276.0205,3219.8211,3270.2732
111042000,3221.3812,3232400,41241300,7023580900,81024009000,3273.1271,3276.0205,3219.8211,3270.2732
111047000,3221.9596,3499300,49237200,7027080200,81073246200,3273.1271,3276.0205,3219.8211,3270.2732
111052000,3222.1982,5443200,56333500,7032523400,81129579700,3273.1271,3276.0205,3219.8211,3270.2732
111057000,3222.4192,3766700,38104300,7036290100,81167684000,3273.1271,3276.0205,3219.8211,3270.2732
111102000,3222.4671,3838100,48858400,7040128200,81216542400,3273.1271,3276.0205,3219.8211,3270.2732
111107000,3222.4006,3180000,35298600,7043308200,81251841000,3273.1271,3276.0205,3219.8211,3270.2732
111112000,3223.0034,3008300,37429700,7046316500,81289270700,3273.1271,3276.0205,3219.8211,3270.2732
111118000,3221.793,3364400,32533500,7049680900,81321804200,3273.1271,3276.0205,3219.8211,3270.2732
111123000,3222.182,2979500,46698100,7052660400,81368502300,3273.1271,3276.0205,3219.8211,3270.2732
111127000,3221.141,2410100,24800500,7055070500,81393302800,3273.1271,3276.0205,3219.8211,3270.2732
111132000,3221.7467,1914300,35029000,7056984800,81428331800,3273.1271,3276.0205,3219.8211,3270.2732
111138000,3221.8311,2896200,43139900,7059881000,81471471700,3273.1271,3276.0205,3219.8211,3270.2732
111143000,3221.9665,2580900,25232600,7062461900,81496704300,3273.1271,3276.0205,3219.8211,3270.2732
111148000,3221.8096,2441600,31292600,7064903500,81527996900,3273.1271,3276.0205,3219.8211,3270.2732
111153000,3222.1796,1827800,24174100,7066731300,81552171000,3273.1271,3276.0205,3219.8211,3270.2732
111158000,3221.8955,2609500,29540200,7069340800,81581711200,3273.1271,3276.0205,3219.8211,3270.2732
111203000,3222.4827,1605600,18648500,7070946400,81600359700,3273.1271,3276.0205,3219.8211,3270.2732
111208000,3222.1318,2146600,28401300,7073093000,81628761000,3273.1271,3276.0205,3219.8211,3270.2732
111213000,3222.5226,2622400,24765900,7075715400,81653526900,3273.1271,3276.0205,3219.8211,3270.2732
111218000,3221.8053,3031000,32317800,7078746400,81685844700,3273.1271,3276.0205,3219.8211,3270.2732
111223000,3221.9768,2061300,31066200,7080807700,81716910900,3273.1271,3276.0205,3219.8211,3270.2732
111228000,3221.6204,1886400,23080100,7082694100,81739991000,3273.1271,3276.0205,3219.8211,3270.2732
111233000,3222.1698,1445700,15580000,7084139800,81755571000,3273.1271,3276.0205,3219.8211,3270.2732
111238000,3222.0153,2563800,29962200,7086703600,81785533200,3273.1271,3276.0205,3219.8211,3270.2732
111243000,3221.7968,2396700,24363600,7089100300,81809896800,3273.1271,3276.0205,3219.8211,3270.2732
111248000,3221.8543,2278300,26857200,7091378600,81836754000,3273.1271,3276.0205,3219.8211,3270.2732
111253000,3222.0422,1848700,22500000,7093227300,81859254000,3273.1271,3276.0205,3219.8211,3270.2732
111258000,3221.749,2286900,24501800,7095514200,81883755800,3273.1271,3276.0205,3219.8211,3270.2732
111303000,3221.9507,1762900,20067900,7097277100,81903823700,3273.1271,3276.0205,3219.8211,3270.2732
111308000,3222.2338,1892800,25226900,7099169900,81929050600,3273.1271,3276.0205,3219.8211,3270.2732
111313000,3222.3608,2627300,24086200,7101797200,81953136800,3273.1271,3276.0205,3219.8211,3270.2732
111318000,3222.0011,1833700,25079900,7103630900,81978216700,3273.1271,3276.0205,3219.8211,3270.2732
111323000,3221.8792,2781700,20719800,7106412600,81998936500,3273.1271,3276.0205,3219.8211,3270.2732
111328000,3221.8326,2069000,26552300,7108481600,82025488800,3273.1271,3276.0205,3219.8211,3270.2732
111333000,3222.0281,3709000,36393900,7112190600,82061882700,3273.1271,3276.0205,3219.8211,3270.2732
111338000,3221.7223,1821900,26923200,7114012500,82088805900,3273.1271,3276.0205,3219.8211,3270.2732
111343000,3221.6657,1899500,21760100,7115912000,82110566000,3273.1271,3276.0205,3219.8211,3270.2732
111348000,3221.5089,2179700,24803100,7118091700,82135369100,3273.1271,3276.0205,3219.8211,3270.2732
111353000,3221.5896,2522100,25665300,7120613800,82161034400,3273.1271,3276.0205,3219.8211,3270.2732
111358000,3220.616,4718500,46556400,7125332300,82207590800,3273.1271,3276.0205,3219.8211,3270.2732
111403000,3220.7047,3371100,40235500,7128703400,82247826300,3273.1271,3276.0205,3219.8211,3270.2732
111408000,3220.7713,2601600,30014300,7131305000,82277840600,3273.1271,3276.0205,3219.8211,3270.2732
111413000,3220.6037,3649100,55642700,7134954100,82333483300,3273.1271,3276.0205,3219.8211,3270.2732
111418000,3220.4544,3920000,46245400,7138874100,82379728700,3273.1271,3276.0205,3219.8211,3270.2732
111423000,3220.3767,2004700,25168000,7140878800,82404896700,3273.1271,3276.0205,3219.8211,3270.2732
111428000,3220.1305,2375600,30583300,7143254400,82435480000,3273.1271,3276.0205,3219.8211,3270.2732
111433000,3220.2468,1855900,27879100,7145110300,82463359100,3273.1271,3276.0205,3219.8211,3270.2732
111438000,3219.9779,1961600,26642900,7147071900,82490002000,3273.1271,3276.0205,3219.8211,3270.2732
111443000,3219.8248,2069900,24987600,7149141800,82514989600,3273.1271,3276.0205,3219.7722,3270.2732
111448000,3219.3769,2251900,26024200,7151393700,82541013800,3273.1271,3276.0205,3219.3686,3270.2732
111453000,3219.2744,1915800,32778100,7153309500,82573791900,3273.1271,3276.0205,3219.1216,3270.2732
111458000,3219.0288,2822800,38912600,7156132300,82612704500,3273.1271,3276.0205,3218.7643,3270.2732
111503000,3218.5614,4231100,43789400,7160363400,82656493900,3273.1271,3276.0205,3218.5614,3270.2732
111509000,3218.6975,3632000,46743800,7163995400,82703237700,3273.1271,3276.0205,3218.5614,3270.2732
111514000,3218.2662,3828000,47246100,7167823400,82750483800,3273.1271,3276.0205,3218.2662,3270.2732
111518000,3218.2217,2220500,30584100,7170043900,82781067900,3273.1271,3276.0205,3218.2135,3270.2732
111524000,3218.6596,3779400,43347700,7173823300,82824415600,3273.1271,3276.0205,3218.0567,3270.2732
111529000,3218.5234,2726300,35657900,7176549600,82860073500,3273.1271,3276.0205,3218.0567,3270.2732
111534000,3218.3752,2738700,37502700,7179288300,82897576200,3273.1271,3276.0205,3218.0567,3270.2732
111539000,3217.8505,2931800,30651400,7182220100,82928227600,3273.1271,3276.0205,3217.8505,3270.2732
111544000,3217.913,3175200,38718000,7185395300,82966945600,3273.1271,3276.0205,3217.8505,3270.2732
111549000,3217.2273,2831400,26867200,7188226700,82993812800,3273.1271,3276.0205,3217.2273,3270.2732
111554000,3217.1541,3720200,43592700,7191946900,83037405500,3273.1271,3276.0205,3217.0237,3270.2732
111559000,3217.3591,2014900,31806200,7193961800,83069211700,3273.1271,3276.0205,3216.9494,3270.2732
111604000,3217.3261,3383100,33958300,7197344900,83103170000,3273.1271,3276.0205,3216.9494,3270.2732
111609000,3217.013,3724900,34910200,7201069800,83138080200,3273.1271,3276.0205,3216.9494,3270.2732
111614000,3216.1689,2798600,43944900,7203868400,83182025100,3273.1271,3276.0205,3216.1689,3270.2732
111619000,3216.1934,2735300,33740600,7206603700,83215765700,3273.1271,3276.0205,3216.1689,3270.2732
111624000,3216.0131,4025900,57450700,7210629600,83273216400,3273.1271,3276.0205,3216.0131,3270.2732
111629000,3215.7995,6380900,42629100,7217010500,83315845500,3273.1271,3276.0205,3215.7878,3270.2732
111634000,3215.4536,4746600,43340300,7221757100,83359185800,3273.1271,3276.0205,3215.4132,3270.2732
111639000,3215.2185,7059000,51878800,7228816100,83411064600,3273.1271,3276.0205,3215.1549,3270.2732
111644000,3215.0785,6489900,50540700,7235306000,83461605300,3273.1271,3276.0205,3214.9569,3270.2732
111649000,3214.814,3090900,30494800,7238396900,83492100100,3273.1271,3276.0205,3214.6615,3270.2732
111654000,3214.5741,4066800,51723000,7242463700,83543823100,3273.1271,3276.0205,3214.5741,3270.2732
111659000,3214.4706,3457000,52939600,7245920700,83596762700,3273.1271,3276.0205,3214.4585,3270.2732
111704000,3213.9013,6978800,61516300,7252899500,83658279000,3273.1271,3276.0205,3213.9013,3270.2732
111709000,3214.5995,3207600,39503400,7256107100,83697782400,3273.1271,3276.0205,3213.8279,3270.2732
111714000,3214.0559,3491700,43438600,7259598800,83741221000,3273.1271,3276.0205,3213.8279,3270.2732
111719000,3214.3241,4819300,50049600,7264418100,83791270600,3273.1271,3276.0205,3213.818,3270.2732
111724000,3215.1186,4982000,66622500,7269400100,83857893100,3273.1271,3276.0205,3213.818,3270.2732
111729000,3214.7182,5013600,59931300,7274413700,83917824400,3273.1271,3276.0205,3213.818,3270.2732
111734000,3215.3216,4168000,49447200,7278581700,83967271600,3273.1271,3276.0205,3213.818,3270.2732
111739000,3214.6335,4888600,51221900,7283470300,84018493500,3273.1271,3276.0205,3213.818,3270.2732
111744000,3214.5346,3713600,41492600,7287183900,84059986100,3273.1271,3276.0205,3213.818,3270.2732
111749000,3214.1282,3408000,37045300,7290591900,84097031400,3273.1271,3276.0205,3213.818,3270.2732
111754000,3214.0349,2854100,38748000,7293446000,84135779400,3273.1271,3276.0205,3213.6364,3270.2732
111759000,3213.9056,5728500,51650600,7299174500,84187430000,3273.1271,3276.0205,3213.6364,3270.2732
111804000,3214.3832,5484500,50627500,7304659000,84238057500,3273.1271,3276.0205,3213.6364,3270.2732
111809000,3214.6343,4249300,43975200,7308908300,84282032700,3273.1271,3276.0205,3213.6364,3270.2732
111814000,3214.3445,2335600,30004800,7311243900,84312037500,3273.1271,3276.0205,3213.6364,3270.2732
111819000,3215.0129,2844500,34973600,7314088400,84347011100,3273.1271,3276.0205,3213.6364,3270.2732
111824000,3214.1137,3929700,45815500,7318018100,84392826600,3273.1271,3276.0205,3213.6364,3270.2732
111829000,3213.7519,3118900,41313300,7321137000,84434139900,3273.1271,3276.0205,3213.6364,3270.2732
111834000,3213.9219,3261100,35376000,7324398100,84469515900,3273.1271,3276.0205,3213.6364,3270.2732
111839000,3213.9614,2564300,27878700,7326962400,84497394600,3273.1271,3276.0205,3213.6364,3270.2732
111844000,3213.3521,3236800,43726900,7330199200,84541121500,3273.1271,3276.0205,3213.3521,3270.2732
111849000,3213.2721,2109100,25684400,7332308300,84566805900,3273.1271,3276.0205,3213.1989,3270.2732
111854000,3213.0148,3789800,42049700,7336098100,84608855600,3273.1271,3276.0205,3213.0148,3270.2732
111859000,3212.6364,3134000,42065500,7339232100,84650921100,3273.1271,3276.0205,3212.5443,3270.2732
111905000,3212.6131,6585600,55506700,7345817700,84706427800,3273.1271,3276.0205,3212.4852,3270.2732
111910000,3212.9281,3638000,37724200,7349455700,84744152000,3273.1271,3276.0205,3212.4852,3270.2732
111915000,3212.7606,3634300,36465300,7353090000,84780617300,3273.1271,3276.0205,3212.4852,3270.2732
111920000,3212.8007,3527900,41490400,7356617900,84822107700,3273.1271,3276.0205,3212.4852,3270.2732
111925000,3212.4268,2895500,40014500,7359513400,84862122200,3273.1271,3276.0205,3212.4043,3270.2732
111930000,3211.9883,3806400,41679300,7363319800,84903801500,3273.1271,3276.0205,3211.9883,3270.2732
111935000,3212.4903,3016700,32936500,7366336500,84936738000,3273.1271,3276.0205,3211.9515,3270.2732
111940000,3211.8657,3956900,44413400,7370293400,84981151400,3273.1271,3276.0205,3211.8657,3270.2732
111945000,3211.58,4686200,40946800,7374979600,85022098200,3273.1271,3276.0205,3211.58,3270.2732
111950000,3212.1951,3650500,39892100,7378630100,85061990300,3273.1271,3276.0205,3211.58,3270.2732
111955000,3211.5066,3608700,28930400,7382238800,85090920700,3273.1271,3276.0205,3211.5066,3270.2732
112000000,3211.0074,4599700,47496400,7386838500,85138417100,3273.1271,3276.0205,3211.0074,3270.2732
112005000,3210.8884,4893900,82156800,7391732400,85220573900,3273.1271,3276.0205,3210.6233,3270.2732
112010000,3210.9406,4388500,55012200,7396120900,85275586100,3273.1271,3276.0205,3210.6233,3270.2732
112015000,3210.6951,4155100,38539900,7400276000,85314126000,3273.1271,3276.0205,3210.5428,3270.2732
112020000,3211.0764,4285500,40387300,7404561500,85354513300,3273.1271,3276.0205,3210.5428,3270.2732
112025000,3210.6681,3643800,36566100,7408205300,85391079400,3273.1271,3276.0205,3210.3465,3270.2732
112030000,3210.0229,3569300,43992800,7411774600,85435072200,3273.1271,3276.0205,3210.0229,3270.2732
112035000,3209.7985,3619600,45381600,7415394200,85480453800,3273.1271,3276.0205,3209.6853,3270.2732
112040000,3209.7592,3925300,44918300,7419319500,85525372100,3273.1271,3276.0205,3209.6193,3270.2732
112045000,3209.4157,3339500,41264400,7422659000,85566636500,3273.1271,3276.0205,3209.4157,3270.2732
112050000,3209.4615,2433000,34547200,7425092000,85601183700,3273.1271,3276.0205,3209.3737,3270.2732
112055000,3209.4073,3868400,36104700,7428960400,85637288400,3273.1271,3276.0205,3209.3527,3270.2732
112100000,3209.1685,3386600,46948600,7432347000,85684237000,3273.1271,3276.0205,3209.1685,3270.2732
112105000,3209.0745,3306500,52961100,7435653500,85737198100,3273.1271,3276.0205,3208.9347,3270.2732
112110000,3208.8685,4471900,44609600,7440125400,85781807700,3273.1271,3276.0205,3208.8685,3270.2732
112115000,3208.9683,3263000,47472800,7443388400,85829280500,3273.1271,3276.0205,3208.8241,3270.2732
112120000,3208.4022,3708900,79197400,7447097300,85908477900,3273.1271,3276.0205,3208.4022,3270.2732
112125000,3208.2876,3386700,41667900,7450484000,85950145800,3273.1271,3276.0205,3208.0522,3270.2732
112130000,3207.746,3632100,44743300,7454116100,85994889100,3273.1271,3276.0205,3207.746,3270.2732
112135000,3208.2851,2760000,31355100,7456876100,86026244200,3273.1271,3276.0205,3207.746,3270.2732
112140000,3208.0696,4678900,53877400,7461555000,86080121600,3273.1271,3276.0205,3207.746,3270.2732
112145000,3208.0906,2738500,36077800,7464293500,86116199400,3273.1271,3276.0205,3207.7236,3270.2732
112150000,3207.8771,2905800,44615300,7467199300,86160814700,3273.1271,3276.0205,3207.7236,3270.2732
112155000,3207.7787,2625000,34860200,7469824300,86195674900,3273.1271,3276.0205,3207.4671,3270.2732
112200000,3207.9099,4114100,48569700,7473938400,86244244600,3273.1271,3276.0205,3207.4671,3270.2732
112205000,3208.2583,4168700,52737200,7478107100,86296981800,3273.1271,3276.0205,3207.4671,3270.2732
112210000,3208.3534,4437700,53522800,7482544800,86350504600,3273.1271,3276.0205,3207.4671,3270.2732
112215000,3208.0917,3158900,45794600,7485703700,86396299200,3273.1271,3276.0205,3207.4671,3270.2732
112220000,3209.3546,3377100,46700700,7489080800,86442999900,3273.1271,3276.0205,3207.4671,3270.2732
112225000,3210.6296,5144500,58160600,7494225300,86501160500,3273.1271,3276.0205,3207.4671,3270.2732
112230000,3210.8194,7176400,74503200,7501401700,86575663700,3273.1271,3276.0205,3207.4671,3270.2732
112235000,3211.2951,3842400,56493600,7505244100,86632157300,3273.1271,3276.0205,3207.4671,3270.2732
112240000,3212.6663,4665800,49549000,7509909900,86681706300,3273.1271,3276.0205,3207.4671,3270.2732
112246000,3211.8483,3980600,46771000,7513890500,86728477300,3273.1271,3276.0205,3207.4671,3270.2732
112251000,3211.8178,3044100,34495700,7516934600,86762973000,3273.1271,3276.0205,3207.4671,3270.2732
112256000,3212.1936,2587800,28604300,7519522400,86791577300,3273.1271,3276.0205,3207.4671,3270.2732
112301000,3212.2766,2934600,33894100,7522457000,86825471400,3273.1271,3276.0205,3207.4671,3270.2732
112306000,3212.6464,3966100,42781700,7526423100,86868253100,3273.1271,3276.0205,3207.4671,3270.2732
112311000,3212.4733,2599200,32853900,7529022300,86901107000,3273.1271,3276.0205,3207.4671,3270.2732
112316000,3213.0127,3381500,39231200,7532403800,86940338200,3273.1271,3276.0205,3207.4671,3270.2732
112321000,3212.7815,1951600,25616300,7534355400,86965954500,3273.1271,3276.0205,3207.4671,3270.2732
112326000,3213.1168,2707800,39148100,7537063200,87005102600,3273.1271,3276.0205,3207.4671,3270.2732
112331000,3213.3334,2077900,24964800,7539141100,87030067400,3273.1271,3276.0205,3207.4671,3270.2732
112336000,3213.6237,2248100,25776400,7541389200,87055843800,3273.1271,3276.0205,3207.4671,3270.2732
112341000,3213.2888,2477200,35597200,7543866400,87091441000,3273.1271,3276.0205,3207.4671,3270.2732
112346000,3214.9074,3243400,43261400,7547109800,87134702400,3273.1271,3276.0205,3207.4671,3270.2732
112351000,3214.6451,4476100,41580900,7551585900,87176283300,3273.1271,3276.0205,3207.4671,3270.2732
112356000,3215.2737,2728700,35812700,7554314600,87212096000,3273.1271,3276.0205,3207.4671,3270.2732
112401000,3215.9847,3878100,43413900,7558192700,87255509900,3273.1271,3276.0205,3207.4671,3270.2732
112406000,3216.5264,3619800,33855900,7561812500,87289365800,3273.1271,3276.0205,3207.4671,3270.2732
112411000,3216.3364,1994200,26165800,7563806700,87315531600,3273.1271,3276.0205,3207.4671,3270.2732
112416000,3216.3847,2771800,32063600,7566578500,87347595200,3273.1271,3276.0205,3207.4671,3270.2732
112421000,3216.3755,2705100,23797800,7569283600,87371393000,3273.1271,3276.0205,3207.4671,3270.2732
112426000,3216.5291,2213600,32098400,7571497200,87403491400,3273.1271,3276.0205,3207.4671,3270.2732
112431000,3216.6976,2952600,30396800,7574449800,87433888200,3273.1271,3276.0205,3207.4671,3270.2732
112436000,3216.5423,2994100,29312100,7577443900,87463200300,3273.1271,3276.0205,3207.4671,3270.2732
112441000,3216.3622,2396600,26844500,7579840500,87490044800,3273.1271,3276.0205,3207.4671,3270.2732
112446000,3216.2316,2257300,27706000,7582097800,87517750800,3273.1271,3276.0205,3207.4671,3270.2732
112451000,3216.3593,2030600,24089200,7584128400,87541840000,3273.1271,3276.0205,3207.4671,3270.2732
112456000,3216.5309,1346400,17297400,7585474800,87559137400,3273.1271,3276.0205,3207.4671,3270.2732
112501000,3216.3575,1893800,24395200,7587368600,87583532600,3273.1271,3276.0205,3207.4671,3270.2732
112506000,3216.7534,2047200,24650500,7589415800,87608183100,3273.1271,3276.0205,3207.4671,3270.2732
112511000,3216.697,2769500,24755700,7592185300,87632938800,3273.1271,3276.0205,3207.4671,3270.2732
112516000,3216.6786,2229800,25595800,7594415100,87658534600,3273.1271,3276.0205,3207.4671,3270.2732
112521000,3216.5772,1773500,29733600,7596188600,87688268200,3273.1271,3276.0205,3207.4671,3270.2732
112526000,3216.6501,1633100,22431500,7597821700,87710699700,3273.1271,3276.0205,3207.4671,3270.2732
112531000,3216.7782,1146200,15413100,7598967900,87726112800,3273.1271,3276.0205,3207.4671,3270.2732
112536000,3216.1595,2474200,24070000,7601442100,87750182800,3273.1271,3276.0205,3207.4671,3270.2732
112541000,3216.2397,2997300,25285200,7604439400,87775468000,3273.1271,3276.0205,3207.4671,3270.2732
112546000,3216.1342,1881100,21333900,7606320500,87796801900,3273.1271,3276.0205,3207.4671,3270.2732
112551000,3215.878,1500500,17423500,7607821000,87814225400,3273.1271,3276.0205,3207.4671,3270.2732
112556000,3215.9287,1413800,17463400,7609234800,87831688800,3273.1271,3276.0205,3207.4671,3270.2732
112601000,3216.1404,1709700,20010700,7610944500,87851699500,3273.1271,3276.0205,3207.4671,3270.2732
112606000,3216.2622,1997600,22989000,7612942100,87874688500,3273.1271,3276.0205,3207.4671,3270.2732
112611000,3216.2614,1735300,24472600,7614677400,87899161100,3273.1271,3276.0205,3207.4671,3270.2732
112616000,3216.3963,2154400,27561000,7616831800,87926722100,3273.1271,3276.0205,3207.4671,3270.2732
112621000,3216.3488,1873200,28013000,7618705000,87954735100,3273.1271,3276.0205,3207.4671,3270.2732
112626000,3216.7978,1755000,27960700,7620460000,87982695800,3273.1271,3276.0205,3207.4671,3270.2732
112631000,3217.5832,1761700,25709000,7622221700,88008404800,3273.1271,3276.0205,3207.4671,3270.2732
112636000,3217.6478,3410100,38871500,7625631800,88047276300,3273.1271,3276.0205,3207.4671,3270.2732
112642000,3218.0289,2112900,25754600,7627744700,88073030900,3273.1271,3276.0205,3207.4671,3270.2732
112647000,3217.7552,1899700,23927900,7629644400,88096958800,3273.1271,3276.0205,3207.4671,3270.2732
112652000,3217.9751,2211200,26101500,7631855600,88123060300,3273.1271,3276.0205,3207.4671,3270.2732
112657000,3217.5984,1719900,20318400,7633575500,88143378700,3273.1271,3276.0205,3207.4671,3270.2732
112702000,3217.7155,1258100,20054500,7634833600,88163433200,3273.1271,3276.0205,3207.4671,3270.2732
112707000,3218.4852,1564100,19284800,7636397700,88182718000,3273.1271,3276.0205,3207.4671,3270.2732
112712000,3218.1072,2217300,24274800,7638615000,88206992800,3273.1271,3276.0205,3207.4671,3270.2732
112717000,3218.0711,1756600,20591200,7640371600,88227584000,3273.1271,3276.0205,3207.4671,3270.2732
112722000,3217.8385,1862500,25806400,7642234100,88253390400,3273.1271,3276.0205,3207.4671,3270.2732
112727000,3218.2229,1311000,16085400,7643545100,88269475800,3273.1271,3276.0205,3207.4671,3270.2732
112732000,3218.0727,1303800,21723700,7644848900,88291199500,3273.1271,3276.0205,3207.4671,3270.2732
112737000,3218.1563,2262200,20865600,7647111100,88312065100,3273.1271,3276.0205,3207.4671,3270.2732
112742000,3217.8439,3012600,29377400,7650123700,88341442500,3273.1271,3276.0205,3207.4671,3270.2732
112747000,3217.981,2664400,24724100,7652788100,88366166600,3273.1271,3276.0205,3207.4671,3270.2732
112752000,3218.0524,3341000,28405700,7656129100,88394572300,3273.1271,3276.0205,3207.4671,3270.2732
112757000,3218.0608,1442600,15691400,7657571700,88410263700,3273.1271,3276.0205,3207.4671,3270.2732
112802000,3217.7003,1434300,27064900,7659006000,88437328600,3273.1271,3276.0205,3207.4671,3270.2732
112807000,3218.0107,931000,12648500,7659937000,88449977100,3273.1271,3276.0205,3207.4671,3270.2732
112812000,3218.0112,1795400,31180500,7661732400,88481157600,3273.1271,3276.0205,3207.4671,3270.2732
112817000,3217.711,1806000,25547700,7663538400,88506705300,3273.1271,3276.0205,3207.4671,3270.2732
112822000,3217.7919,1498500,19293700,7665036900,88525999000,3273.1271,3276.0205,3207.4671,3270.2732
112827000,3218.0578,1867700,19361400,7666904600,88545360400,3273.1271,3276.0205,3207.4671,3270.2732
112832000,3216.655,1793200,24622800,7668697800,88569983200,3273.1271,3276.0205,3207.4671,3270.2732
112837000,3216.8105,1548300,17551200,7670246100,88587534400,3273.1271,3276.0205,3207.4671,3270.2732
112842000,3217.0096,1514100,24047000,7671760200,88611581400,3273.1271,3276.0205,3207.4671,3270.2732
112847000,3217.135,2310900,28956700,7674071100,88640538100,3273.1271,3276.0205,3207.4671,3270.2732
112852000,3216.729,1797100,20159800,7675868200,88660697900,3273.1271,3276.0205,3207.4671,3270.2732
112857000,3217.0703,1618000,20342800,7677486200,88681040700,3273.1271,3276.0205,3207.4671,3270.2732
112902000,3216.656,1556300,17490800,7679042500,88698531500,3273.1271,3276.0205,3207.4671,3270.2732
112907000,3216.9829,1906800,23488700,7680949300,88722020200,3273.1271,3276.0205,3207.4671,3270.2732
112912000,3216.872,2089800,26746200,7683039100,88748766400,3273.1271,3276.0205,3207.4671,3270.2732
112917000,3217.3268,2799300,22736700,7685838400,88771503100,3273.1271,3276.0205,3207.4671,3270.2732
112922000,3217.2907,2240700,23080100,7688079100,88794583200,3273.1271,3276.0205,3207.4671,3270.2732
112927000,3217.2953,1236500,16258200,7689315600,88810841400,3273.1271,3276.0205,3207.4671,3270.2732
112932000,3216.8613,1230000,19343000,7690545600,88830184400,3273.1271,3276.0205,3207.4671,3270.2732
112937000,3216.6401,1202200,17589200,7691747800,88847773600,3273.1271,3276.0205,3207.4671,3270.2732
112942000,3216.5738,2482300,19501200,7694230100,88867274800,3273.1271,3276.0205,3207.4671,3270.2732
112947000,3216.6412,1872600,22949000,7696102700,88890223800,3273.1271,3276.0205,3207.4671,3270.2732
112952000,3216.7699,1929300,20940600,7698032000,88911164400,3273.1271,3276.0205,3207.4671,3270.2732
112957000,3216.4598,839200,10202300,7698871200,88921366700,3273.1271,3276.0205,3207.4671,3270.2732
113000000,3216.5101,1057200,13475200,7699928400,88934841900,3273.1271,3276.0205,3207.4671,3270.2732
113003000,3216.5093,63100,781900,7699991500,88935623800,3273.1271,3276.0205,3207.4671,3270.2732
130001000,3216.2285,7450500,56602100,7707442000,88992225900,3273.1271,3276.0205,3207.4671,3270.2732
130005000,3216.0058,30197000,320642300,7737639000,89312868200,3273.1271,3276.0205,3207.4671,3270.2732
130011000,3216.3531,5023500,55007100,7742662500,89367875300,3273.1271,3276.0205,3207.4671,3270.2732
130016000,3215.642,2742500,32248700,7745405000,89400124000,3273.1271,3276.0205,3207.4671,3270.2732
130020000,3215.9726,1702100,25635600,7747107100,89425759600,3273.1271,3276.0205,3207.4671,3270.2732
130026000,3215.082,2162900,27730400,7749270000,89453490000,3273.1271,3276.0205,3207.4671,3270.2732
130031000,3214.8662,1511800,18744300,7750781800,89472234300,3273.1271,3276.0205,3207.4671,3270.2732
130035000,3214.5781,1252600,18155500,7752034400,89490389800,3273.1271,3276.0205,3207.4671,3270.2732
130041000,3214.978,1915700,24404800,7753950100,89514794600,3273.1271,3276.0205,3207.4671,3270.2732
130046000,3215.1069,1791300,18586000,7755741400,89533380600,3273.1271,3276.0205,3207.4671,3270.2732
130050000,3214.2287,1333500,23690600,7757074900,89557071200,3273.1271,3276.0205,3207.4671,3270.2732
130056000,3214.6875,1482100,19117100,7758557000,89576188300,3273.1271,3276.0205,3207.4671,3270.2732
130101000,3215.1001,1653800,20327700,7760210800,89596516000,3273.1271,3276.0205,3207.4671,3270.2732
130106000,3214.9856,1450800,19725600,7761661600,89616241600,3273.1271,3276.0205,3207.4671,3270.2732
130111000,3215.5146,2679500,34445900,7764341100,89650687500,3273.1271,3276.0205,3207.4671,3270.2732
130116000,3216.3594,2388600,26936200,7766729700,89677623700,3273.1271,3276.0205,3207.4671,3270.2732
130120000,3217.0055,2119600,24430700,7768849300,89702054400,3273.1271,3276.0205,3207.4671,3270.2732
130126000,3216.6305,2488000,39700600,7771337300,89741755000,3273.1271,3276.0205,3207.4671,3270.2732
130131000,3217.7814,1299500,15345600,7772636800,89757100600,3273.1271,3276.0205,3207.4671,3270.2732
130135000,3216.9165,1262500,19242700,7773899300,89776343300,3273.1271,3276.0205,3207.4671,3270.2732
130141000,3216.8849,1708200,23041300,7775607500,89799384600,3273.1271,3276.0205,3207.4671,3270.2732
130146000,3216.7445,1206800,15033800,7776814300,89814418400,3273.1271,3276.0205,3207.4671,3270.2732
130152000,3216.4977,1578700,31059000,7778393000,89845477400,3273.1271,3276.0205,3207.4671,3270.2732
130156000,3216.8417,731100,10830200,7779124100,89856307600,3273.1271,3276.0205,3207.4671,3270.2732
130202000,3216.4277,2096000,24622200,7781220100,89880929800,3273.1271,3276.0205,3207.4671,3270.2732
130207000,3216.3555,1275000,15573900,7782495100,89896503700,3273.1271,3276.0205,3207.4671,3270.2732
130212000,3216.0869,1142700,15749200,7783637800,89912252900,3273.1271,3276.0205,3207.4671,3270.2732
130217000,3216.9014,1446400,27087200,7785084200,89939340100,3273.1271,3276.0205,3207.4671,3270.2732
130222000,3216.9119,1547900,20845900,7786632100,89960186000,3273.1271,3276.0205,3207.4671,3270.2732
130226000,3216.5092,926600,13810100,7787558700,89973996100,3273.1271,3276.0205,3207.4671,3270.2732
130232000,3217.1602,1990300,26647500,7789549000,90000643600,3273.1271,3276.0205,3207.4671,3270.2732
130237000,3216.8195,671800,10622500,7790220800,90011266100,3273.1271,3276.0205,3207.4671,3270.2732
130241000,3217.4626,1408400,20143800,7791629200,90031409900,3273.1271,3276.0205,3207.4671,3270.2732
130247000,3216.8641,1372500,19936600,7793001700,90051346500,3273.1271,3276.0205,3207.4671,3270.2732
130252000,3217.1842,1645900,19704800,7794647600,90071051300,3273.1271,3276.0205,3207.4671,3270.2732
130256000,3217.7755,1332900,17764500,7795980500,90088815800,3273.1271,3276.0205,3207.4671,3270.2732
130302000,3217.4792,1513400,20573500,7797493900,90109389300,3273.1271,3276.0205,3207.4671,3270.2732
130307000,3217.3745,978500,11049100,7798472400,90120438400,3273.1271,3276.0205,3207.4671,3270.2732
130312000,3217.585,1488200,22825300,7799960600,90143263700,3273.1271,3276.0205,3207.4671,3270.2732
130317000,3217.5045,2268400,26205800,7802229000,90169469500,3273.1271,3276.0205,3207.4671,3270.2732
130322000,3217.4612,1439900,19993700,7803668900,90189463200,3273.1271,3276.0205,3207.4671,3270.2732
130326000,3217.284,901700,12351400,7804570600,90201814600,3273.1271,3276.0205,3207.4671,3270.2732
130332000,3217.7263,1361600,27904300,7805932200,90229718900,3273.1271,3276.0205,3207.4671,3270.2732
130337000,3217.3571,1065200,12001600,7806997400,90241720500,3273.1271,3276.0205,3207.4671,3270.2732
130341000,3217.0625,980900,35784600,7807978300,90277505100,3273.1271,3276.0205,3207.4671,3270.2732
130347000,3216.968,1281800,22860800,7809260100,90300365900,3273.1271,3276.0205,3207.4671,3270.2732
130352000,3217.1947,1326600,17174200,7810586700,90317540100,3273.1271,3276.0205,3207.4671,3270.2732
130356000,3216.7154,811600,12261900,7811398300,90329802000,3273.1271,3276.0205,3207.4671,3270.2732
130402000,3217.0308,1359300,20955900,7812757600,90350757900,3273.1271,3276.0205,3207.4671,3270.2732
130407000,3216.6192,971300,11567500,7813728900,90362325400,3273.1271,3276.0205,3207.4671,3270.2732
130411000,3217.1426,1156000,14547400,7814884900,90376872800,3273.1271,3276.0205,3207.4671,3270.2732
130417000,3217.0202,1529000,28196000,7816413900,90405068800,3273.1271,3276.0205,3207.4671,3270.2732
130422000,3217.3201,1484500,20039800,7817898400,90425108600,3273.1271,3276.0205,3207.4671,3270.2732
130426000,3216.9958,1093200,14881200,7818991600,90439989800,3273.1271,3276.0205,3207.4671,3270.2732
130432000,3216.9824,1251600,22402200,7820243200,90462392000,3273.1271,3276.0205,3207.4671,3270.2732
130437000,3216.5221,1005100,11655500,7821248300,90474047500,3273.1271,3276.0205,3207.4671,3270.2732
130442000,3216.456,963600,14486100,7822211900,90488533600,3273.1271,3276.0205,3207.4671,3270.2732
130447000,3215.8678,1564600,19841700,7823776500,90508375300,3273.1271,3276.0205,3207.4671,3270.2732
130452000,3216.2894,2167500,20162700,7825944000,90528538000,3273.1271,3276.0205,3207.4671,3270.2732
130456000,3216.2782,998700,15422700,7826942700,90543960700,3273.1271,3276.0205,3207.4671,3270.2732
130502000,3216.619,1600500,25347900,7828543200,90569308600,3273.1271,3276.0205,3207.4671,3270.2732
130507000,3216.3309,1288800,14232200,7829832000,90583540800,3273.1271,3276.0205,3207.4671,3270.2732
130511000,3216.4455,1776100,21480600,7831608100,90605021400,3273.1271,3276.0205,3207.4671,3270.2732
130517000,3216.6204,1471200,20470900,7833079300,90625492300,3273.1271,3276.0205,3207.4671,3270.2732
130522000,3216.8044,1516400,20615200,7834595700,90646107500,3273.1271,3276.0205,3207.4671,3270.2732
130526000,3216.7374,1420300,22861100,7836016000,90668968600,3273.1271,3276.0205,3207.4671,3270.2732
130532000,3217.2058,2061500,25399900,7838077500,90694368500,3273.1271,3276.0205,3207.4671,3270.2732
130537000,3216.7774,1344100,16163800,7839421600,90710532300,3273.1271,3276.0205,3207.4671,3270.2732
130543000,3216.7471,1280900,23723200,7840702500,90734255500,3273.1271,3276.0205,3207.4671,3270.2732
130547000,3216.9368,1527000,23409100,7842229500,90757664600,3273.1271,3276.0205,3207.4671,3270.2732
130553000,3216.5278,1918400,32545300,7844147900,90790209900,3273.1271,3276.0205,3207.4671,3270.2732
130558000,3216.5261,1432500,17958800,7845580400,90808168700,3273.1271,3276.0205,3207.4671,3270.2732
130602000,3216.3713,2181900,19559400,7847762300,90827728100,3273.1271,3276.0205,3207.4671,3270.2732
130608000,3216.233,2005200,25633400,7849767500,90853361500,3273.1271,3276.0205,3207.4671,3270.2732
130613000,3216.2,1272600,17967400,7851040100,90871328900,3273.1271,3276.0205,3207.4671,3270.2732
130617000,3216.3054,1473900,17075700,7852514000,90888404600,3273.1271,3276.0205,3207.4671,3270.2732
130623000,3215.7698,2410600,29073100,7854924600,90917477700,3273.1271,3276.0205,3207.4671,3270.2732
130628000,3216.0234,1283400,20839200,7856208000,90938316900,3273.1271,3276.0205,3207.4671,3270.2732
130632000,3215.8835,1077200,15078900,7857285200,90953395800,3273.1271,3276.0205,3207.4671,3270.2732
130638000,3215.3912,1694100,22978500,7858979300,90976374300,3273.1271,3276.0205,3207.4671,3270.2732
130643000,3215.0782,1242500,18292200,7860221800,90994666500,3273.1271,3276.0205,3207.4671,3270.2732
130647000,3215.0921,2159300,20715900,7862381100,91015382400,3273.1271,3276.0205,3207.4671,3270.2732
130653000,3215.1798,1981300,22950400,7864362400,91038332800,3273.1271,3276.0205,3207.4671,3270.2732
130658000,3215.9021,1608100,18404500,7865970500,91056737300,3273.1271,3276.0205,3207.4671,3270.2732
130702000,3215.9298,1572300,26570300,7867542800,91083307600,3273.1271,3276.0205,3207.4671,3270.2732
130708000,3215.5662,2239700,27598200,7869782500,91110905800,3273.1271,3276.0205,3207.4671,3270.2732
130713000,3215.9954,1589600,17369200,7871372100,91128275000,3273.1271,3276.0205,3207.4671,3270.2732
130717000,3216.2824,2877600,38690800,7874249700,91166965800,3273.1271,3276.0205,3207.4671,3270.2732
130723000,3216.4454,2489600,31999000,7876739300,91198964800,3273.1271,3276.0205,3207.4671,3270.2732
130728000,3216.6994,2421600,31301400,7879160900,91230266200,3273.1271,3276.0205,3207.4671,3270.2732
130732000,3216.3704,1303100,20453500,7880464000,91250719700,3273.1271,3276.0205,3207.4671,3270.2732
130738000,3216.382,2647400,32900100,7883111400,91283619800,3273.1271,3276.0205,3207.4671,3270.2732
130743000,3215.9529,2010100,23901600,7885121500,91307521400,3273.1271,3276.0205,3207.4671,3270.2732
130748000,3216.1911,2674900,26769500,7887796400,91334290900,3273.1271,3276.0205,3207.4671,3270.2732
130753000,3216.0089,1726500,30856500,7889522900,91365147400,3273.1271,3276.0205,3207.4671,3270.2732
130758000,3216.2856,1865200,25100600,7891388100,91390248000,3273.1271,3276.0205,3207.4671,3270.2732
130802000,3216.2298,1142200,16118300,7892530300,91406366300,3273.1271,3276.0205,3207.4671,3270.2732
130808000,3215.9959,1556800,29186300,7894087100,91435552600,3273.1271,3276.0205,3207.4671,3270.2732
130813000,3215.8417,1548700,15467300,7895635800,91451019900,3273.1271,3276.0205,3207.4671,3270.2732
130818000,3216.3293,2158000,23287700,7897793800,91474307600,3273.1271,3276.0205,3207.4671,3270.2732
130823000,3216.0261,2190900,29169600,7899984700,91503477200,3273.1271,3276.0205,3207.4671,3270.2732
130828000,3216.9882,1972300,25105800,7901957000,91528583000,3273.1271,3276.0205,3207.4671,3270.2732
130832000,3217.2454,2292300,29322600,7904249300,91557905600,3273.1271,3276.0205,3207.4671,3270.2732
130838000,3218.0513,3234400,41526200,7907483700,91599431800,3273.1271,3276.0205,3207.4671,3270.2732
130843000,3216.8464,3534300,51923700,7911018000,91651355500,3273.1271,3276.0205,3207.4671,3270.2732
130847000,3219.0079,3074900,39616300,7914092900,91690971800,3273.1271,3276.0205,3207.4671,3270.2732
130853000,3218.517,3496200,45638100,7917589100,91736609900,3273.1271,3276.0205,3207.4671,3270.2732
130858000,3218.3321,1945800,34065500,7919534900,91770675400,3273.1271,3276.0205,3207.4671,3270.2732
130902000,3219.1721,2031300,26314100,7921566200,91796989500,3273.1271,3276.0205,3207.4671,3270.2732
130908000,3218.6011,2255200,29267400,7923821400,91826256900,3273.1271,3276.0205,3207.4671,3270.2732
130913000,3218.7088,1311100,19525300,7925132500,91845782200,3273.1271,3276.0205,3207.4671,3270.2732
130917000,3219.0196,1891100,26477600,7927023600,91872259800,3273.1271,3276.0205,3207.4671,3270.2732
130923000,3219.437,2060800,32023500,7929084400,91904283300,3273.1271,3276.0205,3207.4671,3270.2732
130928000,3220.1331,2834000,25849200,7931918400,91930132500,3273.1271,3276.0205,3207.4671,3270.2732
130934000,3219.5902,2843900,29442400,7934762300,91959574900,3273.1271,3276.0205,3207.4671,3270.2732
130938000,3219.8975,1357300,18105700,7936119600,91977680600,3273.1271,3276.0205,3207.4671,3270.2732
130944000,3220.3123,1943400,24747300,7938063000,92002427900,3273.1271,3276.0205,3207.4671,3270.2732
130949000,3219.8729,1661900,20665200,7939724900,92023093100,3273.1271,3276.0205,3207.4671,3270.2732
130953000,3220.4331,1990400,23229700,7941715300,92046322800,3273.1271,3276.0205,3207.4671,3270.2732
130959000,3221.7858,3884600,40671700,7945599900,92086994500,3273.1271,3276.0205,3207.4671,3270.2732
131004000,3221.4431,2853900,36064300,7948453800,92123058800,3273.1271,3276.0205,3207.4671,3270.2732
131008000,3221.7212,2852700,26153100,7951306500,92149211900,3273.1271,3276.0205,3207.4671,3270.2732
131014000,3221.4567,3536800,44552300,7954843300,92193764200,3273.1271,3276.0205,3207.4671,3270.2732
131019000,3222.0378,1508800,19282900,7956352100,92213047100,3273.1271,3276.0205,3207.4671,3270.2732
131024000,3222.0009,2438300,29576700,7958790400,92242623800,3273.1271,3276.0205,3207.4671,3270.2732
131029000,3222.3499,2829800,26988900,7961620200,92269612700,3273.1271,3276.0205,3207.4671,3270.2732
131034000,3222.028,3160100,30136000,7964780300,92299748700,3273.1271,3276.0205,3207.4671,3270.2732
131038000,3222.2343,1216800,16088800,7965997100,92315837500,3273.1271,3276.0205,3207.4671,3270.2732
131044000,3222.501,2191900,29041000,7968189000,92344878500,3273.1271,3276.0205,3207.4671,3270.2732
131049000,3222.8917,1746900,22369000,7969935900,92367247500,3273.1271,3276.0205,3207.4671,3270.2732
131053000,3222.7712,1986800,36207900,7971922700,92403455400,3273.1271,3276.0205,3207.4671,3270.2732
131059000,3223.1576,2810600,39540100,7974733300,92442995500,3273.1271,3276.0205,3207.4671,3270.2732
131104000,3223.2947,2450100,33391900,7977183400,92476387400,3273.1271,3276.0205,3207.4671,3270.2732
131108000,3223.0487,1518000,20255200,7978701400,92496642600,3273.1271,3276.0205,3207.4671,3270.2732
131114000,3223.1658,1927500,24126300,7980628900,92520768900,3273.1271,3276.0205,3207.4671,3270.2732
131119000,3223.5891,1717000,18850300,7982345900,92539619200,3273.1271,3276.0205,3207.4671,3270.2732
131123000,3223.5399,1713600,26050700,7984059500,92565669900,3273.1271,3276.0205,3207.4671,3270.2732
131129000,3223.2402,3718200,37866300,7987777700,92603536200,3273.1271,3276.0205,3207.4671,3270.2732
131134000,3223.5638,1698200,20764000,7989475900,92624300200,3273.1271,3276.0205,3207.4671,3270.2732
131138000,3224.0563,965300,15220200,7990441200,92639520400,3273.1271,3276.0205,3207.4671,3270.2732
131144000,3223.9895,2175400,32531100,7992616600,92672051500,3273.1271,3276.0205,3207.4671,3270.2732
131149000,3224.1649,1830300,25490500,7994446900,92697542000,3273.1271,3276.0205,3207.4671,3270.2732
131153000,3224.3085,1876400,29321200,7996323300,92726863200,3273.1271,3276.0205,3207.4671,3270.2732
131159000,3224.3961,2702700,34540500,7999026000,92761403700,3273.1271,3276.0205,3207.4671,3270.2732
131204000,3224.0428,2334900,27674500,8001360900,92789078200,3273.1271,3276.0205,3207.4671,3270.2732
131208000,3223.8835,1753100,16413900,8003114000,92805492100,3273.1271,3276.0205,3207.4671,3270.2732
131214000,3224.2075,2165000,28557300,8005279000,92834049400,3273.1271,3276.0205,3207.4671,3270.2732
131219000,3224.1414,1387000,18842600,8006666000,92852892000,3273.1271,3276.0205,3207.4671,3270.2732
131223000,3224.1167,2132200,28803200,8008798200,92881695200,3273.1271,3276.0205,3207.4671,3270.2732
131229000,3224.2674,2435500,30202300,8011233700,92911897500,3273.1271,3276.0205,3207.4671,3270.2732
131234000,3224.3309,1660300,20974900,8012894000,92932872400,3273.1271,3276.0205,3207.4671,3270.2732
131238000,3224.1174,2280200,14655100,8015174200,92947527500,3273.1271,3276.0205,3207.4671,3270.2732
131244000,3224.0819,2010500,23796400,8017184700,92971323900,3273.1271,3276.0205,3207.4671,3270.2732
131249000,3223.985,1709800,20773200,8018894500,92992097100,3273.1271,3276.0205,3207.4671,3270.2732
131254000,3224.14,2137500,18112500,8021032000,93010209600,3273.1271,3276.0205,3207.4671,3270.2732
131259000,3224.4576,1954300,27768300,8022986300,93037977900,3273.1271,3276.0205,3207.4671,3270.2732
131304000,3224.5842,2077600,24873900,8025063900,93062851800,3273.1271,3276.0205,3207.4671,3270.2732
131308000,3224.2822,1573300,20618800,8026637200,93083470600,3273.1271,3276.0205,3207.4671,3270.2732
131314000,3224.553,1937000,26292200,8028574200,93109762800,3273.1271,3276.0205,3207.4671,3270.2732
131319000,3224.7496,1892400,22480700,8030466600,93132243500,3273.1271,3276.0205,3207.4671,3270.2732
131325000,3224.8557,2620100,33722200,8033086700,93165965700,3273.1271,3276.0205,3207.4671,3270.2732
131329000,3225.963,2698500,34521000,8035785200,93200486700,3273.1271,3276.0205,3207.4671,3270.2732
131335000,3225.3549,3363600,47862800,8039148800,93248349500,3273.1271,3276.0205,3207.4671,3270.2732
131340000,3225.7194,3020300,29241300,8042169100,93277590800,3273.1271,3276.0205,3207.4671,3270.2732
131344000,3225.83,1980300,21510600,8044149400,93299101400,3273.1271,3276.0205,3207.4671,3270.2732
131350000,3225.9397,2855700,37349200,8047005100,93336450600,3273.1271,3276.0205,3207.4671,3270.2732
131355000,3226.2982,1599000,27994300,8048604100,93364444900,3273.1271,3276.0205,3207.4671,3270.2732
131359000,3226.2199,1591600,21895600,8050195700,93386340500,3273.1271,3276.0205,3207.4671,3270.2732
131405000,3226.3298,1857300,26085500,8052053000,93412426000,3273.1271,3276.0205,3207.4671,3270.2732
131410000,3226.1936,2308800,24543800,8054361800,93436969800,3273.1271,3276.0205,3207.4671,3270.2732
131414000,3226.1615,1143500,14168800,8055505300,93451138600,3273.1271,3276.0205,3207.4671,3270.2732
131420000,3226.0583,1914700,28369400,8057420000,93479508000,3273.1271,3276.0205,3207.4671,3270.2732
131425000,3226.1689,2163100,23557800,8059583100,93503065800,3273.1271,3276.0205,3207.4671,3270.2732
131429000,3226.4114,1901700,24229700,8061484800,93527295500,3273.1271,3276.0205,3207.4671,3270.2732
131435000,3226.205,2310000,25576300,8063794800,93552871800,3273.1271,3276.0205,3207.4671,3270.2732
131440000,3225.8868,2290000,27584800,8066084800,93580456600,3273.1271,3276.0205,3207.4671,3270.2732
131444000,3224.951,1467900,22595800,8067552700,93603052400,3273.1271,3276.0205,3207.4671,3270.2732
131450000,3225.5549,2571500,30080500,8070124200,93633132900,3273.1271,3276.0205,3207.4671,3270.2732
131455000,3225.0578,1894900,22715100,8072019100,93655848000,3273.1271,3276.0205,3207.4671,3270.2732
131459000,3224.7776,2070200,26095000,8074089300,93681943000,3273.1271,3276.0205,3207.4671,3270.2732
131505000,3224.5546,2569000,32997300,8076658300,93714940300,3273.1271,3276.0205,3207.4671,3270.2732
131510000,3224.3263,2671100,31188300,8079329400,93746128600,3273.1271,3276.0205,3207.4671,3270.2732
131514000,3224.6181,2380400,24998300,8081709800,93771126900,3273.1271,3276.0205,3207.4671,3270.2732
131520000,3225.1427,2037800,26362100,8083747600,93797489000,3273.1271,3276.0205,3207.4671,3270.2732
131525000,3225.001,2424700,25262900,8086172300,93822751900,3273.1271,3276.0205,3207.4671,3270.2732
131529000,3224.9922,2403400,23963200,8088575700,93846715100,3273.1271,3276.0205,3207.4671,3270.2732
131535000,3224.8743,2240400,31863800,8090816100,93878578900,3273.1271,3276.0205,3207.4671,3270.2732
131540000,3224.8159,1926200,22454900,8092742300,93901033800,3273.1271,3276.0205,3207.4671,3270.2732
131544000,3224.896,675300,10621900,8093417600,93911655700,3273.1271,3276.0205,3207.4671,3270.2732
131550000,3224.2175,1526400,23520500,8094944000,93935176200,3273.1271,3276.0205,3207.4671,3270.2732
131555000,3224.1254,1362300,16046100,8096306300,93951222300,3273.1271,3276.0205,3207.4671,3270.2732
131559000,3224.4245,1397400,18767100,8097703700,93969989400,3273.1271,3276.0205,3207.4671,3270.2732
131605000,3224.1926,1869100,27727500,8099572800,93997716900,3273.1271,3276.0205,3207.4671,3270.2732
131610000,3224.2145,1412900,20510200,8100985700,94018227100,3273.1271,3276.0205,3207.4671,3270.2732
131614000,3224.5306,843300,11878700,8101829000,94030105800,3273.1271,3276.0205,3207.4671,3270.2732
131620000,3223.629,1970500,29573800,8103799500,94059679600,3273.1271,3276.0205,3207.4671,3270.2732
131625000,3224.0747,1629600,21276000,8105429100,94080955600,3273.1271,3276.0205,3207.4671,3270.2732
131630000,3223.6001,1612300,27138200,8107041400,94108093800,3273.1271,3276.0205,3207.4671,3270.2732
131635000,3223.4653,2954200,28965000,8109995600,94137058800,3273.1271,3276.0205,3207.4671,3270.2732
131640000,3223.9893,1536900,18618200,8111532500,94155677000,3273.1271,3276.0205,3207.4671,3270.2732
131644000,3223.7051,1485500,19972900,8113018000,94175649900,3273.1271,3276.0205,3207.4671,3270.2732
131650000,3224.0966,2258800,26805800,8115276800,94202455700,3273.1271,3276.0205,3207.4671,3270.2732
131655000,3223.8871,2710900,21225700,8117987700,94223681400,3273.1271,3276.0205,3207.4671,3270.2732
131700000,3223.3676,999500,25173100,8118987200,94248854500,3273.1271,3276.0205,3207.4671,3270.2732
131705000,3223.422,2038600,29526800,8121025800,94278381300,3273.1271,3276.0205,3207.4671,3270.2732
131710000,3222.6847,1156600,18137400,8122182400,94296518700,3273.1271,3276.0205,3207.4671,3270.2732
131716000,3222.1712,2410400,28628000,8124592800,94325146700,3273.1271,3276.0205,3207.4671,3270.2732
131720000,3222.3818,3025900,24848900,8127618700,94349995600,3273.1271,3276.0205,3207.4671,3270.2732
131725000,3222.6845,2121900,29195300,8129740600,94379190900,3273.1271,3276.0205,3207.4671,3270.2732
131731000,3221.9478,3014200,34468400,8132754800,94413659300,3273.1271,3276.0205,3207.4671,3270.2732
131735000,3221.7658,2667700,27016600,8135422500,94440675900,3273.1271,3276.0205,3207.4671,3270.2732
131741000,3221.6668,2307500,30583800,8137730000,94471259700,3273.1271,3276.0205,3207.4671,3270.2732
131746000,3222.3096,2055200,23695800,8139785200,94494955500,3273.1271,3276.0205,3207.4671,3270.2732
131750000,3221.8896,1389500,20565400,8141174700,94515520900,3273.1271,3276.0205,3207.4671,3270.2732
131756000,3221.4989,4133700,31688700,8145308400,94547209600,3273.1271,3276.0205,3207.4671,3270.2732
131801000,3221.1628,2511700,21168800,8147820100,94568378400,3273.1271,3276.0205,3207.4671,3270.2732
131805000,3221.4325,1898000,24506200,8149718100,94592884600,3273.1271,3276.0205,3207.4671,3270.2732
131811000,3221.019,2292100,28631500,8152010200,94621516100,3273.1271,3276.0205,3207.4671,3270.2732
131816000,3220.8866,3504100,48703300,8155514300,94670219400,3273.1271,3276.0205,3207.4671,3270.2732
131820000,3220.407,1418800,19271900,8156933100,94689491300,3273.1271,3276.0205,3207.4671,3270.2732
131826000,3220.4981,1856100,30295100,8158789200,94719786400,3273.1271,3276.0205,3207.4671,3270.2732
131831000,3220.1256,1889600,21863300,8160678800,94741649700,3273.1271,3276.0205,3207.4671,3270.2732
131835000,3220.0492,1598700,21250500,8162277500,94762900200,3273.1271,3276.0205,3207.4671,3270.2732
131841000,3219.6763,2636100,46154400,8164913600,94809054600,3273.1271,3276.0205,3207.4671,3270.2732
131846000,3220.0201,1546700,22529900,8166460300,94831584500,3273.1271,3276.0205,3207.4671,3270.2732
131850000,3219.8842,1422300,19236300,8167882600,94850820800,3273.1271,3276.0205,3207.4671,3270.2732
131856000,3219.6316,2126600,39638500,8170009200,94890459300,3273.1271,3276.0205,3207.4671,3270.2732
131901000,3219.2649,1530600,18539600,8171539800,94908998900,3273.1271,3276.0205,3207.4671,3270.2732
131906000,3219.2896,1877400,33787100,8173417200,94942786000,3273.1271,3276.0205,3207.4671,3270.2732
131911000,3219.2806,2184500,32687700,8175601700,94975473700,3273.1271,3276.0205,3207.4671,3270.2732
131916000,3219.2942,1889500,21396100,8177491200,94996869800,3273.1271,3276.0205,3207.4671,3270.2732
131920000,3219.1789,1698800,18883700,8179190000,95015753500,3273.1271,3276.0205,3207.4671,3270.2732
131926000,3218.9543,1803900,28809500,8180993900,95044563000,3273.1271,3276.0205,3207.4671,3270.2732
131931000,3219.2757,1318600,14859800,8182312500,95059422800,3273.1271,3276.0205,3207.4671,3270.2732
131936000,3218.503,1807800,29663300,8184120300,95089086100,3273.1271,3276.0205,3207.4671,3270.2732
131941000,3218.8954,2024300,24897900,8186144600,95113984000,3273.1271,3276.0205,3207.4671,3270.2732
131946000,3218.9202,2001200,29482200,8188145800,95143466200,3273.1271,3276.0205,3207.4671,3270.2732
131950000,3218.9267,1429000,15323600,8189574800,95158789800,3273.1271,3276.0205,3207.4671,3270.2732
131956000,3219.2193,5872600,39145900,8195447400,95197935700,3273.1271,3276.0205,3207.4671,3270.2732
132001000,3218.7092,1818000,22360900,8197265400,95220296600,3273.1271,3276.0205,3207.4671,3270.2732
132006000,3218.9177,2106900,29747800,8199372300,95250044400,3273.1271,3276.0205,3207.4671,3270.2732
132011000,3218.8153,2280900,27518200,8201653200,95277562600,3273.1271,3276.0205,3207.4671,3270.2732
132016000,3218.3555,1719500,20855300,8203372700,95298417900,3273.1271,3276.0205,3207.4671,3270.2732
132020000,3218.9394,1894800,27136400,8205267500,95325554300,3273.1271,3276.0205,3207.4671,3270.2732
132026000,3218.7583,2543600,37219500,8207811100,95362773800,3273.1271,3276.0205,3207.4671,3270.2732
132031000,3218.4169,1582400,19691800,8209393500,95382465600,3273.1271,3276.0205,3207.4671,3270.2732
132036000,3218.0066,1455900,21672700,8210849400,95404138300,3273.1271,3276.0205,3207.4671,3270.2732
132041000,3217.905,1470200,27369400,8212319600,95431507700,3273.1271,3276.0205,3207.4671,3270.2732
132046000,3217.9283,1799600,19517900,8214119200,95451025600,3273.1271,3276.0205,3207.4671,3270.2732
132050000,3218.3983,1518700,15887800,8215637900,95466913400,3273.1271,3276.0205,3207.4671,3270.2732
132056000,3218.0184,2311300,28675200,8217949200,95495588600,3273.1271,3276.0205,3207.4671,3270.2732
132102000,3217.9844,1629000,29817400,8219578200,95525406000,3273.1271,3276.0205,3207.4671,3270.2732
132107000,3217.5227,1183200,17243300,8220761400,95542649300,3273.1271,3276.0205,3207.4671,3270.2732
132112000,3217.5364,1075200,20194400,8221836600,95562843700,3273.1271,3276.0205,3207.4671,3270.2732
132117000,3217.8016,2591000,37584200,8224427600,95600427900,3273.1271,3276.0205,3207.4671,3270.2732
132122000,3217.5721,1297100,17155700,8225724700,95617583600,3273.1271,3276.0205,3207.4671,3270.2732
132126000,3217.756,1176800,18262600,8226901500,95635846200,3273.1271,3276.0205,3207.4671,3270.2732
132132000,3217.8861,1853700,22841200,8228755200,95658687400,3273.1271,3276.0205,3207.4671,3270.2732
132137000,3217.387,1375500,15482900,8230130700,95674170300,3273.1271,3276.0205,3207.4671,3270.2732
132142000,3217.1542,2083000,29154700,8232213700,95703325000,3273.1271,3276.0205,3207.4671,3270.2732
132147000,3217.1228,1711700,22000500,8233925400,95725325500,3273.1271,3276.0205,3207.4671,3270.2732
132152000,3216.6724,1598900,25599500,8235524300,95750925000,3273.1271,3276.0205,3207.4671,3270.2732
132156000,3216.9068,1138200,18257600,8236662500,95769182600,3273.1271,3276.0205,3207.4671,3270.2732
132202000,3216.8534,2153300,34742700,8238815800,95803925300,3273.1271,3276.0205,3207.4671,3270.2732
132207000,3216.5815,1421100,19983000,8240236900,95823908300,3273.1271,3276.0205,3207.4671,3270.2732
132212000,3216.2226,1752000,29553200,8241988900,95853461500,3273.1271,3276.0205,3207.4671,3270.2732
132217000,3216.3744,1672100,32732300,8243661000,95886193800,3273.1271,3276.0205,3207.4671,3270.2732
132222000,3216.2002,1935200,24830400,8245596200,95911024200,3273.1271,3276.0205,3207.4671,3270.2732
132226000,3216.4912,1303100,26742900,8246899300,95937767100,3273.1271,3276.0205,3207.4671,3270.2732
132232000,3216.1472,1914100,29282700,8248813400,95967049800,3273.1271,3276.0205,3207.4671,3270.2732
132237000,3216.2055,1428100,17255900,8250241500,95984305700,3273.1271,3276.0205,3207.4671,3270.2732
132242000,3215.9504,2113800,43260800,8252355300,96027566500,3273.1271,3276.0205,3207.4671,3270.2732
132247000,3218.5763,6429900,86222300,8258785200,96113788800,3273.1271,3276.0205,3207.4671,3270.2732
132252000,3220.4245,5414800,70334900,8264200000,96184123700,3273.1271,3276.0205,3207.4671,3270.2732
132256000,3220.3913,4549100,47239900,8268749100,96231363600,3273.1271,3276.0205,3207.4671,3270.2732
132302000,3220.5782,5340300,56526500,8274089400,96287890100,3273.1271,3276.0205,3207.4671,3270.2732
132307000,3219.6431,2567300,26535900,8276656700,96314426000,3273.1271,3276.0205,3207.4671,3270.2732
132312000,3219.9632,2185200,31243500,8278841900,96345669500,3273.1271,3276.0205,3207.4671,3270.2732
132317000,3219.6714,3485600,48287300,8282327500,96393956800,3273.1271,3276.0205,3207.4671,3270.2732
132322000,3219.2834,1817900,23909600,8284145400,96417866400,3273.1271,3276.0205,3207.4671,3270.2732
132326000,3219.5401,1363700,20177900,8285509100,96438044300,3273.1271,3276.0205,3207.4671,3270.2732
132332000,3219.0378,2200700,26716200,8287709800,96464760500,3273.1271,3276.0205,3207.4671,3270.2732
132337000,3219.4818,1245700,17220000,8288955500,96481980500,3273.1271,3276.0205,3207.4671,3270.2732
132341000,3218.6863,1665500,26062900,8290621000,96508043400,3273.1271,3276.0205,3207.4671,3270.2732
132347000,3218.5925,1924500,24328600,8292545500,96532372000,3273.1271,3276.0205,3207.4671,3270.2732
132352000,3218.7846,1751000,22733300,8294296500,96555105300,3273.1271,3276.0205,3207.4671,3270.2732
132356000,3219.1865,1484300,20191200,8295780800,96575296500,3273.1271,3276.0205,3207.4671,3270.2732
132402000,3219.1558,1808200,22499500,8297589000,96597796000,3273.1271,3276.0205,3207.4671,3270.2732
132407000,3219.0558,1904200,23434000,8299493200,96621230000,3273.1271,3276.0205,3207.4671,3270.2732
132411000,3218.8091,1485100,20821400,8300978300,96642051400,3273.1271,3276.0205,3207.4671,3270.2732
132417000,3219.0074,1896900,23118700,8302875200,96665170100,3273.1271,3276.0205,3207.4671,3270.2732
132422000,3219.1204,2948600,29823700,8305823800,96694993800,3273.1271,3276.0205,3207.4671,3270.2732
132426000,3219.1671,1758200,19787300,8307582000,96714781100,3273.1271,3276.0205,3207.4671,3270.2732
132432000,3219.6035,1728200,29402500,8309310200,96744183600,3273.1271,3276.0205,3207.4671,3270.2732
132437000,3219.0042,1557100,21487300,8310867300,96765670900,3273.1271,3276.0205,3207.4671,3270.2732
132441000,3218.7006,1958000,22773200,8312825300,96788444100,3273.1271,3276.0205,3207.4671,3270.2732
132447000,3218.1573,2226100,25917100,8315051400,96814361200,3273.1271,3276.0205,3207.4671,3270.2732
132453000,3218.7021,1534900,27374700,8316586300,96841735900,3273.1271,3276.0205,3207.4671,3270.2732
132458000,3218.4889,1658000,22941900,8318244300,96864677800,3273.1271,3276.0205,3207.4671,3270.2732
132502000,3218.8794,952600,16267100,8319196900,96880944900,3273.1271,3276.0205,3207.4671,3270.2732
132508000,3218.4062,1572800,24753900,8320769700,96905698800,3273.1271,3276.0205,3207.4671,3270.2732
132513000,3218.6783,1995600,23600400,8322765300,96929299200,3273.1271,3276.0205,3207.4671,3270.2732
132517000,3219.1929,1732700,30938000,8324498000,96960237200,3273.1271,3276.0205,3207.4671,3270.2732
132523000,3219.0136,1555700,36270200,8326053700,96996507400,3273.1271,3276.0205,3207.4671,3270.2732
132528000,3219.4049,2230800,96608300,8328284500,97093115700,3273.1271,3276.0205,3207.4671,3270.2732
132532000,3219.453,1509400,21878200,8329793900,97114993900,3273.1271,3276.0205,3207.4671,3270.2732
132538000,3219.0501,1693700,21873500,8331487600,97136867400,3273.1271,3276.0205,3207.4671,3270.2732
132543000,3218.8845,1221300,16334800,8332708900,97153202200,3273.1271,3276.0205,3207.4671,3270.2732
132547000,3217.667,2048600,28748900,8334757500,97181951100,3273.1271,3276.0205,3207.4671,3270.2732
132553000,3218.5089,2012800,34618900,8336770300,97216570000,3273.1271,3276.0205,3207.4671,3270.2732
132558000,3218.4236,1573900,21798000,8338344200,97238368000,3273.1271,3276.0205,3207.4671,3270.2732
132602000,3218.1647,1872300,29578900,8340216500,97267946900,3273.1271,3276.0205,3207.4671,3270.2732
132608000,3218.0136,1906900,28740900,8342123400,97296687800,3273.1271,3276.0205,3207.4671,3270.2732
132613000,3217.7731,2965100,28409500,8345088500,97325097300,3273.1271,3276.0205,3207.4671,3270.2732
132617000,3217.5039,2026800,31106100,8347115300,97356203400,3273.1271,3276.0205,3207.4671,3270.2732
132623000,3216.9815,2046000,40051900,8349161300,97396255300,3273.1271,3276.0205,3207.4671,3270.2732
132628000,3217.3453,1845000,33463300,8351006300,97429718600,3273.1271,3276.0205,3207.4671,3270.2732
132632000,3216.9478,933700,19233100,8351940000,97448951700,3273.1271,3276.0205,3207.4671,3270.2732
132638000,3216.9496,1855200,32883400,8353795200,97481835100,3273.1271,3276.0205,3207.4671,3270.2732
132643000,3216.3605,2731600,37461900,8356526800,97519297000,3273.1271,3276.0205,3207.4671,3270.2732
132647000,3216.1127,3090200,55638900,8359617000,97574935900,3273.1271,3276.0205,3207.4671,3270.2732
132653000,3215.6171,2235800,40931200,8361852800,97615867100,3273.1271,3276.0205,3207.4671,3270.2732
132658000,3215.2827,2438100,33279800,8364290900,97649146900,3273.1271,3276.0205,3207.4671,3270.2732
132702000,3215.6487,1590400,33054100,8365881300,97682201000,3273.1271,3276.0205,3207.4671,3270.2732
132708000,3215.2512,3053700,47636200,8368935000,97729837200,3273.1271,3276.0205,3207.4671,3270.2732
132713000,3215.2477,2074500,27289800,8371009500,97757127000,3273.1271,3276.0205,3207.4671,3270.2732
132717000,3214.8542,1987000,27588300,8372996500,97784715300,3273.1271,3276.0205,3207.4671,3270.2732
132723000,3214.804,3533200,53738900,8376529700,97838454200,3273.1271,3276.0205,3207.4671,3270.2732
132728000,3215.095,2805100,43849800,8379334800,97882304000,3273.1271,3276.0205,3207.4671,3270.2732
132732000,3215.6111,1984500,32641800,8381319300,97914945800,3273.1271,3276.0205,3207.4671,3270.2732
132738000,3215.2996,3120800,38387700,8384440100,97953333500,3273.1271,3276.0205,3207.4671,3270.2732
132743000,3215.7013,2662100,31434300,8387102200,97984767800,3273.1271,3276.0205,3207.4671,3270.2732
132747000,3216.178,2646900,52771600,8389749100,98037539400,3273.1271,3276.0205,3207.4671,3270.2732
132753000,3215.9917,3792200,49467700,8393541300,98087007100,3273.1271,3276.0205,3207.4671,3270.2732
132758000,3216.1606,1973500,26315200,8395514800,98113322300,3273.1271,3276.0205,3207.4671,3270.2732
132802000,3215.6697,2137400,37875400,8397652200,98151197700,3273.1271,3276.0205,3207.4671,3270.2732
132808000,3214.9827,1938700,28630100,8399590900,98179827800,3273.1271,3276.0205,3207.4671,3270.2732
132813000,3214.9553,1287700,25801000,8400878600,98205628800,3273.1271,3276.0205,3207.4671,3270.2732
132817000,3215.2911,1690200,23138700,8402568800,98228767500,3273.1271,3276.0205,3207.4671,3270.2732
132823000,3214.8531,2177200,38293400,8404746000,98267060900,3273.1271,3276.0205,3207.4671,3270.2732
132828000,3214.4908,3872900,41434900,8408618900,98308495800,3273.1271,3276.0205,3207.4671,3270.2732
132832000,3214.2864,1466000,20550600,8410084900,98329046400,3273.1271,3276.0205,3207.4671,3270.2732
132838000,3214.0837,2358200,29867700,8412443100,98358914100,3273.1271,3276.0205,3207.4671,3270.2732
132844000,3214.1849,1794100,25757200,8414237200,98384671300,3273.1271,3276.0205,3207.4671,3270.2732
132849000,3213.8439,1531100,16670700,8415768300,98401342000,3273.1271,3276.0205,3207.4671,3270.2732
132853000,3213.3836,2336700,31558500,8418105000,98432900500,3273.1271,3276.0205,3207.4671,3270.2732
132859000,3213.628,2771500,35718700,8420876500,98468619200,3273.1271,3276.0205,3207.4671,3270.2732
132904000,3213.1604,2240200,30185900,8423116700,98498805100,3273.1271,3276.0205,3207.4671,3270.2732
132908000,3213.0094,2137500,26721600,8425254200,98525526700,3273.1271,3276.0205,3207.4671,3270.2732
132914000,3213.3174,3280200,38163500,8428534400,98563690200,3273.1271,3276.0205,3207.4671,3270.2732
132919000,3213.1649,1996600,37191300,8430531000,98600881500,3273.1271,3276.0205,3207.4671,3270.2732
132923000,3212.5499,1842100,34033700,8432373100,98634915200,3273.1271,3276.0205,3207.4671,3270.2732
132929000,3213.2293,2306400,33868000,8434679500,98668783200,3273.1271,3276.0205,3207.4671,3270.2732
132934000,3212.6182,1798400,25384500,8436477900,98694167700,3273.1271,3276.0205,3207.4671,3270.2732
132938000,3212.3362,993400,17460100,8437471300,98711627800,3273.1271,3276.0205,3207.4671,3270.2732
132944000,3213.0482,2171500,31896000,8439642800,98743523800,3273.1271,3276.0205,3207.4671,3270.2732
132949000,3213.1778,1882700,19362400,8441525500,98762886200,3273.1271,3276.0205,3207.4671,3270.2732
132953000,3213.2618,1776300,30605000,8443301800,98793491200,3273.1271,3276.0205,3207.4671,3270.2732
132959000,3213.8953,4382200,61964400,8447684000,98855455600,3273.1271,3276.0205,3207.4671,3270.2732
133004000,3213.62,2920600,36256100,8450604600,98891711700,3273.1271,3276.0205,3207.4671,3270.2732
133008000,3213.2444,1250600,20120400,8451855200,98911832100,3273.1271,3276.0205,3207.4671,3270.2732
133014000,3212.6525,2666100,40526200,8454521300,98952358300,3273.1271,3276.0205,3207.4671,3270.2732
133019000,3212.945,1546400,25026900,8456067700,98977385200,3273.1271,3276.0205,3207.4671,3270.2732
133023000,3212.878,1234600,19026000,8457302300,98996411200,3273.1271,3276.0205,3207.4671,3270.2732
133029000,3212.1699,1777800,28275600,8459080100,99024686800,3273.1271,3276.0205,3207.4671,3270.2732
133034000,3212.087,1733400,28593400,8460813500,99053280200,3273.1271,3276.0205,3207.4671,3270.2732
133038000,3212.7832,1637200,28594000,8462450700,99081874200,3273.1271,3276.0205,3207.4671,3270.2732
133044000,3212.7583,2369600,42072400,8464820300,99123946600,3273.1271,3276.0205,3207.4671,3270.2732
133049000,3213.3637,2265800,30169700,8467086100,99154116300,3273.1271,3276.0205,3207.4671,3270.2732
133053000,3212.4134,2071800,40782700,8469157900,99194899000,3273.1271,3276.0205,3207.4671,3270.2732
133059000,3212.0199,3164800,37713000,8472322700,99232612000,3273.1271,3276.0205,3207.4671,3270.2732
133104000,3211.8928,2092500,26707900,8474415200,99259319900,3273.1271,3276.0205,3207.4671,3270.2732
133108000,3211.977,1759800,27976400,8476175000,99287296300,3273.1271,3276.0205,3207.4671,3270.2732
133114000,3212.6689,2256900,40212100,8478431900,99327508400,3273.1271,3276.0205,3207.4671,3270.2732
133119000,3212.7446,1788300,20448100,8480220200,99347956500,3273.1271,3276.0205,3207.4671,3270.2732
133124000,3212.3298,1946700,26809300,8482166900,99374765800,3273.1271,3276.0205,3207.4671,3270.2732
133129000,3212.7734,2666800,40814900,8484833700,99415580700,3273.1271,3276.0205,3207.4671,3270.2732
133134000,3212.7366,2130200,24818300,8486963900,99440399000,3273.1271,3276.0205,3207.4671,3270.2732
133138000,3212.9092,1776100,19561300,8488740000,99459960300,3273.1271,3276.0205,3207.4671,3270.2732
133144000,3213.0741,2122600,30682500,8490862600,99490642800,3273.1271,3276.0205,3207.4671,3270.2732
133149000,3212.3372,2516300,24419200,8493378900,99515062000,3273.1271,3276.0205,3207.4671,3270.2732
133153000,3212.4703,1680600,20852600,8495059500,99535914600,3273.1271,3276.0205,3207.4671,3270.2732
133159000,3212.1926,3147800,37165700,8498207300,99573080300,3273.1271,3276.0205,3207.4671,3270.2732
133204000,3212.5003,2234900,33084500,8500442200,99606164800,3273.1271,3276.0205,3207.4671,3270.2732
133208000,3213.169,1728000,31004700,8502170200,99637169500,3273.1271,3276.0205,3207.4671,3270.2732
133214000,3212.9891,2817300,43310400,8504987500,99680479900,3273.1271,3276.0205,3207.4671,3270.2732
133219000,3213.0587,2138600,27339500,8507126100,99707819400,3273.1271,3276.0205,3207.4671,3270.2732
133223000,3212.5976,1424200,22370100,8508550300,99730189500,3273.1271,3276.0205,3207.4671,3270.2732
133229000,3212.699,1842400,26635400,8510392700,99756824900,3273.1271,3276.0205,3207.4671,3270.2732
133235000,3214.7334,4595600,41522100,8514988300,99798347000,3273.1271,3276.0205,3207.4671,3270.2732
133240000,3215.7899,6120600,72788300,8521108900,99871135300,3273.1271,3276.0205,3207.4671,3270.2732
133244000,3215.102,3200900,41872500,8524309800,99913007800,3273.1271,3276.0205,3207.4671,3270.2732
133250000,3215.6652,5441900,72545200,8529751700,99985553000,3273.1271,3276.0205,3207.4671,3270.2732
133255000,3215.8574,3503700,38772100,8533255400,100024325100,3273.1271,3276.0205,3207.4671,3270.2732
133300000,3215.5779,3604600,31819700,8536860000,100056144800,3273.1271,3276.0205,3207.4671,3270.2732
133305000,3216.1584,3246500,34604900,8540106500,100090749700,3273.1271,3276.0205,3207.4671,3270.2732
133310000,3216.2894,2619700,32407600,8542726200,100123157300,3273.1271,3276.0205,3207.4671,3270.2732
133314000,3215.9775,1707600,21444400,8544433800,100144601700,3273.1271,3276.0205,3207.4671,3270.2732
133320000,3215.9418,3056400,28730700,8547490200,100173332400,3273.1271,3276.0205,3207.4671,3270.2732
133325000,3215.8271,1840700,25462300,8549330900,100198794700,3273.1271,3276.0205,3207.4671,3270.2732
133329000,3216.2624,1723100,23352300,8551054000,100222147000,3273.1271,3276.0205,3207.4671,3270.2732
133335000,3216.267,2111600,32096800,8553165600,100254243800,3273.1271,3276.0205,3207.4671,3270.2732
133340000,3216.2975,2812700,34819400,8555978300,100289063200,3273.1271,3276.0205,3207.4671,3270.2732
133344000,3216.614,1454400,17697100,8557432700,100306760300,3273.1271,3276.0205,3207.4671,3270.2732
133350000,3216.9406,2568500,35415200,8560001200,100342175500,3273.1271,3276.0205,3207.4671,3270.2732
133355000,3216.3097,2699100,29958000,8562700300,100372133500,3273.1271,3276.0205,3207.4671,3270.2732
133359000,3216.5282,2010700,29517300,8564711000,100401650800,3273.1271,3276.0205,3207.4671,3270.2732
133405000,3217.2819,2423800,26155500,8567134800,100427806300,3273.1271,3276.0205,3207.4671,3270.2732
133410000,3216.6113,2391400,25907200,8569526200,100453713500,3273.1271,3276.0205,3207.4671,3270.2732
133414000,3216.8109,1149100,22917900,8570675300,100476631400,3273.1271,3276.0205,3207.4671,3270.2732
133420000,3216.7459,2504900,29248700,8573180200,100505880100,3273.1271,3276.0205,3207.4671,3270.2732
133425000,3216.1181,2455200,27425200,8575635400,100533305300,3273.1271,3276.0205,3207.4671,3270.2732
133430000,3216.1444,1583400,22606600,8577218800,100555911900,3273.1271,3276.0205,3207.4671,3270.2732
133435000,3215.5576,2836700,33394500,8580055500,100589306400,3273.1271,3276.0205,3207.4671,3270.2732
133440000,3215.8759,1796500,28240500,8581852000,100617546900,3273.1271,3276.0205,3207.4671,3270.2732
133444000,3215.9622,1367600,16495700,8583219600,100634042600,3273.1271,3276.0205,3207.4671,3270.2732
133450000,3215.2111,2529600,34493900,8585749200,100668536500,3273.1271,3276.0205,3207.4671,3270.2732
133455000,3214.8901,1666800,23814500,8587416000,100692351000,3273.1271,3276.0205,3207.4671,3270.2732
133500000,3214.9078,1838600,27742600,8589254600,100720093600,3273.1271,3276.0205,3207.4671,3270.2732
133505000,3214.6259,2047600,30822600,8591302200,100750916200,3273.1271,3276.0205,3207.4671,3270.2732
133510000,3214.6823,1658700,20856100,8592960900,100771772300,3273.1271,3276.0205,3207.4671,3270.2732
133514000,3214.4818,1362300,20893000,8594323200,100792665300,3273.1271,3276.0205,3207.4671,3270.2732
133520000,3214.5546,2630900,38163700,8596954100,100830829000,3273.1271,3276.0205,3207.4671,3270.2732
133525000,3214.943,1110600,16886000,8598064700,100847715000,3273.1271,3276.0205,3207.4671,3270.2732
133529000,3214.9912,1387600,19175700,8599452300,100866890700,3273.1271,3276.0205,3207.4671,3270.2732
133535000,3214.6128,1841500,24276300,8601293800,100891167000,3273.1271,3276.0205,3207.4671,3270.2732
133540000,3214.8724,2126500,27730000,8603420300,100918897000,3273.1271,3276.0205,3207.4671,3270.2732
133544000,3214.3659,1221800,21008100,8604642100,100939905100,3273.1271,3276.0205,3207.4671,3270.2732
133550000,3214.2665,1650700,22822200,8606292800,100962727300,3273.1271,3276.0205,3207.4671,3270.2732
133555000,3213.9389,1378400,17684200,8607671200,100980411500,3273.1271,3276.0205,3207.4671,3270.2732
133559000,3213.8433,1314300,16981700,8608985500,100997393200,3273.1271,3276.0205,3207.4671,3270.2732
133605000,3213.8655,2369200,29506000,8611354700,101026899200,3273.1271,3276.0205,3207.4671,3270.2732
133610000,3213.5654,1983100,20978100,8613337800,101047877300,3273.1271,3276.0205,3207.4671,3270.2732
133614000,3213.915,1252100,21080700,8614589900,101068958000,3273.1271,3276.0205,3207.4671,3270.2732
133620000,3213.2782,2503000,33457600,8617092900,101102415600,3273.1271,3276.0205,3207.4671,3270.2732
133626000,3213.3415,2437300,32099800,8619530200,101134515400,3273.1271,3276.0205,3207.4671,3270.2732
133631000,3212.9714,1560100,22430100,8621090300,101156945500,3273.1271,3276.0205,3207.4671,3270.2732
133636000,3213.4179,1352900,19509400,8622443200,101176454900,3273.1271,3276.0205,3207.4671,3270.2732
133641000,3212.9521,3607800,54230400,8626051000,101230685300,3273.1271,3276.0205,3207.4671,3270.2732
133646000,3212.6704,1941500,29924700,8627992500,101260610000,3273.1271,3276.0205,3207.4671,3270.2732
133650000,3212.1985,1226100,23830100,8629218600,101284440100,3273.1271,3276.0205,3207.4671,3270.2732
133656000,3212.1523,2033500,38864800,8631252100,101323304900,3273.1271,3276.0205,3207.4671,3270.2732
133701000,3211.8394,2000900,22856700,8633253000,101346161600,3273.1271,3276.0205,3207.4671,3270.2732
133706000,3211.5539,1551500,24974300,8634804500,101371135900,3273.1271,3276.0205,3207.4671,3270.2732
133711000,3211.298,3327900,58094900,8638132400,101429230800,3273.1271,3276.0205,3207.4671,3270.2732
133716000,3211.546,2272900,25412900,8640405300,101454643700,3273.1271,3276.0205,3207.4671,3270.2732
133720000,3211.1613,2698000,26870000,8643103300,101481513700,3273.1271,3276.0205,3207.4671,3270.2732
133726000,3211.2676,2599900,38088800,8645703200,101519602500,3273.1271,3276.0205,3207.4671,3270.2732
133731000,3210.6189,1727100,28163300,8647430300,101547765800,3273.1271,3276.0205,3207.4671,3270.2732
133735000,3210.7056,1971200,30809900,8649401500,101578575700,3273.1271,3276.0205,3207.4671,3270.2732
133741000,3210.6597,3393500,45218800,8652795000,101623794500,3273.1271,3276.0205,3207.4671,3270.2732
133746000,3210.4079,3606700,51548300,8656401700,101675342800,3273.1271,3276.0205,3207.4671,3270.2732
133750000,3209.7775,2456100,84260100,8658857800,101759602900,3273.1271,3276.0205,3207.4671,3270.2732
133756000,3209.8929,1909200,28137600,8660767000,101787740500,3273.1271,3276.0205,3207.4671,3270.2732
133801000,3209.7726,2053100,28834400,8662820100,101816574900,3273.1271,3276.0205,3207.4671,3270.2732
133805000,3209.2364,2741100,43374000,8665561200,101859948900,3273.1271,3276.0205,3207.4671,3270.2732
133811000,3208.8654,3991600,49331600,8669552800,101909280500,3273.1271,3276.0205,3207.4671,3270.2732
133816000,3209.1041,2240300,33593800,8671793100,101942874300,3273.1271,3276.0205,3207.4671,3270.2732
133820000,3209.0012,2012200,32372700,8673805300,101975247000,3273.1271,3276.0205,3207.4671,3270.2732
133826000,3209.4886,3577100,43299200,8677382400,102018546200,3273.1271,3276.0205,3207.4671,3270.2732
133831000,3209.1944,2860700,43692200,8680243100,102062238400,3273.1271,3276.0205,3207.4671,3270.2732
133836000,3209.1143,2425700,36893100,8682668800,102099131500,3273.1271,3276.0205,3207.4671,3270.2732
133841000,3208.799,3309600,45993200,8685978400,102145124700,3273.1271,3276.0205,3207.4671,3270.2732
133846000,3208.5209,3204200,36194300,8689182600,102181319000,3273.1271,3276.0205,3207.4671,3270.2732
133850000,3208.225,1959200,35345200,8691141800,102216664200,3273.1271,3276.0205,3207.4671,3270.2732
133856000,3208.2163,2758500,60999000,8693900300,102277663200,3273.1271,3276.0205,3207.4671,3270.2732
133901000,3207.9479,2492200,30448300,8696392500,102308111500,3273.1271,3276.0205,3207.4671,3270.2732
133906000,3207.775,1514300,25954000,8697906800,102334065500,3273.1271,3276.0205,3207.4671,3270.2732
133911000,3207.246,3665300,54558000,8701572100,102388623500,3273.1271,3276.0205,3207.246,3270.2732
133916000,3208.2811,3044200,41682400,8704616300,102430305900,3273.1271,3276.0205,3207.246,3270.2732
133920000,3208.1237,3161100,51022500,8707777400,102481328400,3273.1271,3276.0205,3207.246,3270.2732
133926000,3208.1707,3124700,52278900,8710902100,102533607300,3273.1271,3276.0205,3207.246,3270.2732
133931000,3207.6377,2766100,36007000,8713668200,102569614300,3273.1271,3276.0205,3207.246,3270.2732
133935000,3207.2137,3133300,53930900,8716801500,102623545200,3273.1271,3276.0205,3207.2137,3270.2732
133941000,3207.3529,3500100,40252900,8720301600,102663798100,3273.1271,3276.0205,3206.8401,3270.2732
133946000,3206.8671,3221800,34553000,8723523400,102698351100,3273.1271,3276.0205,3206.8401,3270.2732
133950000,3207.6904,3199200,46893200,8726722600,102745244300,3273.1271,3276.0205,3206.6562,3270.2732
133956000,3207.2791,3431700,50789700,8730154300,102796034000,3273.1271,3276.0205,3206.6562,3270.2732
134001000,3206.9182,3769800,35051000,8733924100,102831085000,3273.1271,3276.0205,3206.6562,3270.2732
134006000,3206.9744,2651600,38762100,8736575700,102869847100,3273.1271,3276.0205,3206.6156,3270.2732
134011000,3206.4355,2870600,40222000,8739446300,102910069100,3273.1271,3276.0205,3206.4355,3270.2732
134017000,3206.2043,2804900,42164800,8742251200,102952233900,3273.1271,3276.0205,3206.1579,3270.2732
134022000,3205.8684,3181600,49640700,8745432800,103001874600,3273.1271,3276.0205,3205.8684,3270.2732
134026000,3206.2628,2410700,48629600,8747843500,103050504200,3273.1271,3276.0205,3205.8684,3270.2732
134032000,3205.8901,3797000,52474600,8751640500,103102978800,3273.1271,3276.0205,3205.5843,3270.2732
134037000,3205.4114,3311800,33015700,8754952300,103135994500,3273.1271,3276.0205,3205.4114,3270.2732
134042000,3204.5107,2634100,46657100,8757586400,103182651600,3273.1271,3276.0205,3204.3581,3270.2732
134047000,3204.739,5213900,54893300,8762800300,103237544900,3273.1271,3276.0205,3204.3581,3270.2732
134052000,3204.1248,3316300,50096400,8766116600,103287641300,3273.1271,3276.0205,3204.1248,3270.2732
134056000,3204.2068,2241800,35388700,8768358400,103323030000,3273.1271,3276.0205,3204.1248,3270.2732
134102000,3203.8854,4395900,63509500,8772754300,103386539500,3273.1271,3276.0205,3203.8854,3270.2732
134107000,3203.073,2331900,34472300,8775086200,103421011800,3273.1271,3276.0205,3203.073,3270.2732
134111000,3203.2304,2916700,40600000,8778002900,103461611800,3273.1271,3276.0205,3203.073,3270.2732
134117000,3203.4715,4306800,57164900,8782309700,103518776700,3273.1271,3276.0205,3202.9188,3270.2732
134122000,3202.6757,4436600,66037500,8786746300,103584814200,3273.1271,3276.0205,3202.6757,3270.2732
134126000,3202.4159,3252800,40119100,8789999100,103624933300,3273.1271,3276.0205,3202.4159,3270.2732
134132000,3202.2964,5614400,71943100,8795613500,103696876400,3273.1271,3276.0205,3202.2964,3270.2732
134137000,3202.1626,2322400,31799800,8797935900,103728676200,3273.1271,3276.0205,3202.1626,3270.2732
134142000,3201.728,3129400,45950000,8801065300,103774626200,3273.1271,3276.0205,3201.728,3270.2732
134147000,3201.281,5765400,68069700,8806830700,103842695900,3273.1271,3276.0205,3201.281,3270.2732
134152000,3201.3222,4812200,65912600,8811642900,103908608500,3273.1271,3276.0205,3200.9876,3270.2732
134156000,3200.8108,2690000,51869400,8814332900,103960477900,3273.1271,3276.0205,3200.8108,3270.2732
134202000,3200.1181,4472900,64800700,8818805800,104025278600,3273.1271,3276.0205,3200.1181,3270.2732
134207000,3200.2064,3159500,33569600,8821965300,104058848200,3273.1271,3276.0205,3200.0705,3270.2732
134211000,3199.71,4071900,61961300,8826037200,104120809500,3273.1271,3276.0205,3199.71,3270.2732
134217000,3199.5579,3592400,52023100,8829629600,104172832600,3273.1271,3276.0205,3199.4952,3270.2732
134222000,3199.251,4147900,43739100,8833777500,104216571700,3273.1271,3276.0205,3199.251,3270.2732
134226000,3199.3919,2408200,35827700,8836185700,104252399400,3273.1271,3276.0205,3199.251,3270.2732
134232000,3199.5114,5217900,65412000,8841403600,104317811400,3273.1271,3276.0205,3199.1476,3270.2732
134237000,3199.1565,3310900,42526300,8844714500,104360337700,3273.1271,3276.0205,3198.9142,3270.2732
134241000,3198.9046,2833000,46805300,8847547500,104407143000,3273.1271,3276.0205,3198.9046,3270.2732
134247000,3198.0867,3879100,55085900,8851426600,104462228900,3273.1271,3276.0205,3198.0867,3270.2732
134252000,3198.2403,5317400,57714800,8856744000,104519943700,3273.1271,3276.0205,3198.0867,3270.2732
134256000,3198.1032,3371500,43655300,8860115500,104563599000,3273.1271,3276.0205,3197.7682,3270.2732
134302000,3197.9975,3206800,41676300,8863322300,104605275300,3273.1271,3276.0205,3197.7682,3270.2732
134307000,3197.6983,4115000,36663300,8867437300,104641938600,3273.1271,3276.0205,3197.6146,3270.2732
134311000,3198.3209,3563400,55580300,8871000700,104697518900,3273.1271,3276.0205,3197.6146,3270.2732
134317000,3199.6076,5299500,73821800,8876300200,104771340700,3273.1271,3276.0205,3197.6146,3270.2732
134322000,3200.804,5287200,68395900,8881587400,104839736600,3273.1271,3276.0205,3197.6146,3270.2732
134326000,3201.577,6654300,78215800,8888241700,104917952400,3273.1271,3276.0205,3197.6146,3270.2732
134332000,3202.61,7704600,91715400,8895946300,105009667800,3273.1271,3276.0205,3197.6146,3270.2732
134337000,3202.6282,5448900,52239500,8901395200,105061907300,3273.1271,3276.0205,3197.6146,3270.2732
134341000,3202.7198,3122500,39784500,8904517700,105101691800,3273.1271,3276.0205,3197.6146,3270.2732
134347000,3202.4789,4100500,54323600,8908618200,105156015400,3273.1271,3276.0205,3197.6146,3270.2732
134352000,3202.2485,4616000,43206000,8913234200,105199221400,3273.1271,3276.0205,3197.6146,3270.2732
134356000,3201.6238,2196700,35344600,8915430900,105234566000,3273.1271,3276.0205,3197.6146,3270.2732
134402000,3202.4195,3155600,38744200,8918586500,105273310200,3273.1271,3276.0205,3197.6146,3270.2732
134408000,3202.0056,3019800,40898000,8921606300,105314208200,3273.1271,3276.0205,3197.6146,3270.2732
134413000,3202.1563,2455300,26389500,8924061600,105340597700,3273.1271,3276.0205,3197.6146,3270.2732
134417000,3201.9649,1961200,34773500,8926022800,105375371200,3273.1271,3276.0205,3197.6146,3270.2732
134423000,3201.8754,3881400,35703800,8929904200,105411075000,3273.1271,3276.0205,3197.6146,3270.2732
134428000,3201.5042,2707000,35256900,8932611200,105446331900,3273.1271,3276.0205,3197.6146,3270.2732
134432000,3201.9819,2149500,30101200,8934760700,105476433100,3273.1271,3276.0205,3197.6146,3270.2732
134438000,3201.252,2950300,44964000,8937711000,105521397100,3273.1271,3276.0205,3197.6146,3270.2732
134443000,3201.6105,2705800,29798200,8940416800,105551195300,3273.1271,3276.0205,3197.6146,3270.2732
134447000,3201.8496,2625000,35179000,8943041800,105586374300,3273.1271,3276.0205,3197.6146,3270.2732
134453000,3201.4501,2703600,34187500,8945745400,105620561800,3273.1271,3276.0205,3197.6146,3270.2732
134458000,3201.2848,2599800,36655400,8948345200,105657217200,3273.1271,3276.0205,3197.6146,3270.2732
134502000,3202.2517,1784500,29177200,8950129700,105686394400,3273.1271,3276.0205,3197.6146,3270.2732
134508000,3202.276,3739900,42940200,8953869600,105729334600,3273.1271,3276.0205,3197.6146,3270.2732
134513000,3201.8545,2764500,30141300,8956634100,105759475900,3273.1271,3276.0205,3197.6146,3270.2732
134517000,3202.4809,2288200,30768400,8958922300,105790244300,3273.1271,3276.0205,3197.6146,3270.2732
134523000,3201.7467,2728300,30463000,8961650600,105820707300,3273.1271,3276.0205,3197.6146,3270.2732
134528000,3202.5877,4016500,37112800,8965667100,105857820100,3273.1271,3276.0205,3197.6146,3270.2732
134532000,3202.3542,1470000,28262100,8967137100,105886082200,3273.1271,3276.0205,3197.6146,3270.2732
134538000,3202.7012,3386900,32060200,8970524000,105918142400,3273.1271,3276.0205,3197.6146,3270.2732
134543000,3202.4591,2605700,29102300,8973129700,105947244700,3273.1271,3276.0205,3197.6146,3270.2732
134547000,3202.3788,2108100,29361600,8975237800,105976606300,3273.1271,3276.0205,3197.6146,3270.2732
134553000,3202.9229,3122000,36314300,8978359800,106012920600,3273.1271,3276.0205,3197.6146,3270.2732
134558000,3202.1565,2607900,33636500,8980967700,106046557100,3273.1271,3276.0205,3197.6146,3270.2732
134602000,3202.7462,1336200,20808300,8982303900,106067365400,3273.1271,3276.0205,3197.6146,3270.2732
134608000,3202.5283,2487900,34721800,8984791800,106102087200,3273.1271,3276.0205,3197.6146,3270.2732
134613000,3202.7576,2072000,30238500,8986863800,106132325700,3273.1271,3276.0205,3197.6146,3270.2732
134618000,3202.1028,2533300,37888900,8989397100,106170214600,3273.1271,3276.0205,3197.6146,3270.2732
134623000,3203.4211,3766500,36106300,8993163600,106206320900,3273.1271,3276.0205,3197.6146,3270.2732
134628000,3202.8306,2986400,34322700,8996150000,106240643600,3273.1271,3276.0205,3197.6146,3270.2732
134632000,3203.6477,2954000,33571000,8999104000,106274214600,3273.1271,3276.0205,3197.6146,3270.2732
134638000,3203.2762,4497700,51455000,9003601700,106325669600,3273.1271,3276.0205,3197.6146,3270.2732
134643000,3203.1188,3248300,35110200,9006850000,106360779800,3273.1271,3276.0205,3197.6146,3270.2732
134647000,3202.7437,2183300,31187500,9009033300,106391967300,3273.1271,3276.0205,3197.6146,3270.2732
134653000,3202.7029,3849700,32407400,9012883000,106424374700,3273.1271,3276.0205,3197.6146,3270.2732
134658000,3202.8551,2973700,31589600,9015856700,106455964300,3273.1271,3276.0205,3197.6146,3270.2732
134702000,3202.6922,1778700,22385900,9017635400,106478350200,3273.1271,3276.0205,3197.6146,3270.2732
134708000,3203.1138,3211900,36406100,9020847300,106514756300,3273.1271,3276.0205,3197.6146,3270.2732
134713000,3202.7178,1378100,17392200,9022225400,106532148500,3273.1271,3276.0205,3197.6146,3270.2732
134718000,3202.6407,1776900,27819100,9024002300,106559967600,3273.1271,3276.0205,3197.6146,3270.2732
134723000,3201.8586,2293200,27485900,9026295500,106587453500,3273.1271,3276.0205,3197.6146,3270.2732
134728000,3202.4498,2287400,28477200,9028582900,106615930700,3273.1271,3276.0205,3197.6146,3270.2732
134732000,3202.3269,1237800,18419900,9029820700,106634350600,3273.1271,3276.0205,3197.6146,3270.2732
134738000,3202.3607,2496200,32945400,9032316900,106667296000,3273.1271,3276.0205,3197.6146,3270.2732
134743000,3202.1759,1832100,18520400,9034149000,106685816400,3273.1271,3276.0205,3197.6146,3270.2732
134747000,3202.0266,1670500,20892600,9035819500,106706709000,3273.1271,3276.0205,3197.6146,3270.2732
134753000,3202.0343,1889500,23883000,9037709000,106730592000,3273.1271,3276.0205,3197.6146,3270.2732
134759000,3201.8646,2488800,27552600,9040197800,106758144600,3273.1271,3276.0205,3197.6146,3270.2732
134804000,3202.0937,1739800,24348700,9041937600,106782493300,3273.1271,3276.0205,3197.6146,3270.2732
134808000,3201.9091,1353100,18033800,9043290700,106800527100,3273.1271,3276.0205,3197.6146,3270.2732
134814000,3201.8213,2219500,30813300,9045510200,106831340400,3273.1271,3276.0205,3197.6146,3270.2732
134819000,3201.5954,2511100,23947100,9048021300,106855287500,3273.1271,3276.0205,3197.6146,3270.2732
134823000,3201.3765,2070900,28722300,9050092200,106884009800,3273.1271,3276.0205,3197.6146,3270.2732
134829000,3201.0706,3095000,42504700,9053187200,106926514500,3273.1271,3276.0205,3197.6146,3270.2732
134834000,3201.1544,2365200,29948100,9055552400,106956462600,3273.1271,3276.0205,3197.6146,3270.2732
134838000,3200.9495,1713800,39650300,9057266200,106996112900,3273.1271,3276.0205,3197.6146,3270.2732
134844000,3200.2228,3029000,42105300,9060295200,107038218200,3273.1271,3276.0205,3197.6146,3270.2732
134849000,3200.2003,2378500,31816700,9062673700,107070034900,3273.1271,3276.0205,3197.6146,3270.2732
134854000,3199.4285,2767200,41358200,9065440900,107111393100,3273.1271,3276.0205,3197.6146,3270.2732
134859000,3199.5468,4263400,50560300,9069704300,107161953400,3273.1271,3276.0205,3197.6146,3270.2732
134904000,3199.4637,4457800,70543400,9074162100,107232496800,3273.1271,3276.0205,3197.6146,3270.2732
134908000,3199.1337,2332700,37250100,9076494800,107269746900,3273.1271,3276.0205,3197.6146,3270.2732
134914000,3198.486,3437900,41354600,9079932700,107311101500,3273.1271,3276.0205,3197.6146,3270.2732
134919000,3198.7511,2626100,30092600,9082558800,107341194100,3273.1271,3276.0205,3197.6146,3270.2732
134923000,3198.2198,3067900,42708600,9085626700,107383902700,3273.1271,3276.0205,3197.6146,3270.2732
134929000,3198.5401,2620300,41535200,9088247000,107425437900,3273.1271,3276.0205,3197.6146,3270.2732
134934000,3198.2827,3233100,52196800,9091480100,107477634700,3273.1271,3276.0205,3197.6146,3270.2732
134938000,3197.8946,2167100,32663600,9093647200,107510298300,3273.1271,3276.0205,3197.6146,3270.2732
134944000,3198.3267,3824600,54884600,9097471800,107565182900,3273.1271,3276.0205,3197.4023,3270.2732
134949000,3197.3134,2621600,36362900,9100093400,107601545800,3273.1271,3276.0205,3197.3134,3270.2732
134954000,3197.466,2087700,39644400,9102181100,107641190200,3273.1271,3276.0205,3197.3134,3270.2732
134959000,3197.0997,3903000,65901100,9106084100,107707091300,3273.1271,3276.0205,3197.0183,3270.2732
135004000,3197.1182,3826600,76007900,9109910700,107783099200,3273.1271,3276.0205,3197.0183,3270.2732
135008000,3196.8555,2568200,57924100,9112478900,107841023300,3273.1271,3276.0205,3196.7898,3270.2732
135014000,3196.156,7800700,67362400,9120279600,107908385700,3273.1271,3276.0205,3196.156,3270.2732
135019000,3195.7329,3112000,30426400,9123391600,107938812100,3273.1271,3276.0205,3195.7329,3270.2732
135023000,3195.4407,3865200,43071700,9127256800,107981883800,3273.1271,3276.0205,3195.4407,3270.2732
135029000,3195.1599,4450800,59631600,9131707600,108041515400,3273.1271,3276.0205,3195.1599,3270.2732
135034000,3194.6647,3541200,44445700,9135248800,108085961100,3273.1271,3276.0205,3194.6647,3270.2732
135038000,3195.117,4666300,46605800,9139915100,108132566900,3273.1271,3276.0205,3194.6483,3270.2732
135044000,3194.5827,5612500,60058000,9145527600,108192624900,3273.1271,3276.0205,3194.5827,3270.2732
135049000,3194.4595,2664700,35874400,9148192300,108228499300,3273.1271,3276.0205,3194.4595,3270.2732
135054000,3193.88,3028300,58621400,9151220600,108287120700,3273.1271,3276.0205,3193.88,3270.2732
135059000,3193.6333,5956700,71000700,9157177300,108358121400,3273.1271,3276.0205,3193.3732,3270.2732
135104000,3193.2578,4431300,50294800,9161608600,108408416200,3273.1271,3276.0205,3193.2578,3270.2732
135108000,3193.1189,3192700,48049400,9164801300,108456465600,3273.1271,3276.0205,3193.094,3270.2732
135114000,3193.1576,5552100,59481100,9170353400,108515946700,3273.1271,3276.0205,3192.991,3270.2732
135119000,3192.6392,4744700,47355500,9175098100,108563302200,3273.1271,3276.0205,3192.5586,3270.2732
135123000,3192.6674,5083500,55215700,9180181600,108618517900,3273.1271,3276.0205,3192.5586,3270.2732
135129000,3191.7159,5251200,57287200,9185432800,108675805100,3273.1271,3276.0205,3191.7159,3270.2732
135134000,3192.9808,6594500,52224900,9192027300,108728030000,3273.1271,3276.0205,3191.7159,3270.2732
135138000,3193.0197,3661200,32850300,9195688500,108760880300,3273.1271,3276.0205,3191.7159,3270.2732
135144000,3192.3528,4249400,56269900,9199937900,108817150200,3273.1271,3276.0205,3191.7159,3270.2732
135150000,3192.4873,4386400,62434300,9204324300,108879584500,3273.1271,3276.0205,3191.7159,3270.2732
135155000,3193.0763,3996400,47774900,9208320700,108927359400,3273.1271,3276.0205,3191.7159,3270.2732
135159000,3192.8038,4579800,70458100,9212900500,108997817500,3273.1271,3276.0205,3191.7159,3270.2732
135205000,3193.0079,5218200,71545500,9218118700,109069363000,3273.1271,3276.0205,3191.7159,3270.2732
135210000,3193.0733,3272400,41821900,9221391100,109111184900,3273.1271,3276.0205,3191.7159,3270.2732
135214000,3192.6931,2871400,40870200,9224262500,109152055100,3273.1271,3276.0205,3191.7159,3270.2732
135220000,3192.6323,4116200,58265400,9228378700,109210320500,3273.1271,3276.0205,3191.7159,3270.2732
135225000,3192.1233,2723800,39272500,9231102500,109249593000,3273.1271,3276.0205,3191.7159,3270.2732
135229000,3192.0859,3246800,39335200,9234349300,109288928200,3273.1271,3276.0205,3191.7159,3270.2732
135235000,3192.0469,2898900,39885600,9237248200,109328813800,3273.1271,3276.0205,3191.7159,3270.2732
135240000,3191.9757,4102000,52320100,9241350200,109381133900,3273.1271,3276.0205,3191.7159,3270.2732
135244000,3191.5945,2076700,47840200,9243426900,109428974100,3273.1271,3276.0205,3191.5945,3270.2732
135250000,3191.7864,4834700,56312400,9248261600,109485286500,3273.1271,3276.0205,3191.5945,3270.2732
135255000,3191.3822,2993300,37643200,9251254900,109522929700,3273.1271,3276.0205,3191.3822,3270.2732
135259000,3191.5832,4321400,51646100,9255576300,109574575800,3273.1271,3276.0205,3191.3822,3270.2732
135305000,3191.1186,4899200,52921700,9260475500,109627497500,3273.1271,3276.0205,3191.1186,3270.2732
135310000,3190.7998,4088500,50390700,9264564000,109677888200,3273.1271,3276.0205,3190.7998,3270.2732
135314000,3190.4037,2972700,38249100,9267536700,109716137300,3273.1271,3276.0205,3190.4037,3270.2732
135320000,3190.5922,3661000,50021100,9271197700,109766158400,3273.1271,3276.0205,3190.3951,3270.2732
135325000,3190.6382,4009900,33679200,9275207600,109799837600,3273.1271,3276.0205,3190.3951,3270.2732
135329000,3190.1124,3913800,50611700,9279121400,109850449300,3273.1271,3276.0205,3189.9845,3270.2732
135335000,3190.7394,4753700,58901300,9283875100,109909350600,3273.1271,3276.0205,3189.9845,3270.2732
135340000,3190.3788,3768200,51917900,9287643300,109961268500,3273.1271,3276.0205,3189.9845,3270.2732
135344000,3190.5496,2794000,32034900,9290437300,109993303400,3273.1271,3276.0205,3189.9845,3270.2732
135350000,3190.5575,5166500,60172800,9295603800,110053476200,3273.1271,3276.0205,3189.9845,3270.2732
135355000,3191.0971,3399600,40320700,9299003400,110093796900,3273.1271,3276.0205,3189.9845,3270.2732
135359000,3191.1417,2955100,40799200,9301958500,110134596100,3273.1271,3276.0205,3189.9845,3270.2732
135405000,3190.7569,4577900,52240900,9306536400,110186837000,3273.1271,3276.0205,3189.9845,3270.2732
135410000,3190.5584,3199400,38862900,9309735800,110225699900,3273.1271,3276.0205,3189.9845,3270.2732
135414000,3190.8354,2371600,28951300,9312107400,110254651200,3273.1271,3276.0205,3189.9845,3270.2732
135420000,3190.5631,3305700,45875700,9315413100,110300526900,3273.1271,3276.0205,3189.9845,3270.2732
135425000,3190.6817,2302400,24391900,9317715500,110324918800,3273.1271,3276.0205,3189.9845,3270.2732
135429000,3190.7041,2549300,38295000,9320264800,110363213800,3273.1271,3276.0205,3189.9845,3270.2732
135435000,3191.3229,4333000,53635600,9324597800,110416849400,3273.1271,3276.0205,3189.9845,3270.2732
135440000,3191.523,3315000,38421600,9327912800,110455271000,3273.1271,3276.0205,3189.9845,3270.2732
135444000,3191.2341,4629600,35464400,9332542400,110490735400,3273.1271,3276.0205,3189.9845,3270.2732
135450000,3192.6002,6954600,75472200,9339497000,110566207600,3273.1271,3276.0205,3189.9845,3270.2732
135455000,3191.6367,4132100,46736000,9343629100,110612943600,3273.1271,3276.0205,3189.9845,3270.2732
135459000,3191.742,2935100,52092400,9346564200,110665036000,3273.1271,3276.0205,3189.9845,3270.2732
135505000,3191.8675,3832200,47177700,9350396400,110712213700,3273.1271,3276.0205,3189.9845,3270.2732
135510000,3191.4008,2860100,38655500,9353256500,110750869200,3273.1271,3276.0205,3189.9845,3270.2732
135514000,3192.0887,2246900,35508200,9355503400,110786377400,3273.1271,3276.0205,3189.9845,3270.2732
135520000,3191.7804,3105800,39794100,9358609200,110826171500,3273.1271,3276.0205,3189.9845,3270.2732
135525000,3191.6321,3101000,31591700,9361710200,110857763200,3273.1271,3276.0205,3189.9845,3270.2732
135529000,3191.7954,2414600,33501400,9364124800,110891264600,3273.1271,3276.0205,3189.9845,3270.2732
135535000,3193.0078,3597300,43860100,9367722100,110935124700,3273.1271,3276.0205,3189.9845,3270.2732
135541000,3192.7469,2996900,38354900,9370719000,110973479600,3273.1271,3276.0205,3189.9845,3270.2732
135546000,3193.6901,3826200,48322600,9374545200,111021802200,3273.1271,3276.0205,3189.9845,3270.2732
135550000,3194.6181,3180700,40858800,9377725900,111062661000,3273.1271,3276.0205,3189.9845,3270.2732
135556000,3195.6184,6956900,73824900,9384682800,111136485900,3273.1271,3276.0205,3189.9845,3270.2732
135601000,3195.743,3487300,39891100,9388170100,111176377000,3273.1271,3276.0205,3189.9845,3270.2732
135605000,3195.7717,3809500,44952200,9391979600,111221329200,3273.1271,3276.0205,3189.9845,3270.2732
135611000,3195.2756,3770200,46857600,9395749800,111268186800,3273.1271,3276.0205,3189.9845,3270.2732
135616000,3195.2493,2904800,33518300,9398654600,111301705100,3273.1271,3276.0205,3189.9845,3270.2732
135620000,3195.718,1776300,31326700,9400430900,111333031800,3273.1271,3276.0205,3189.9845,3270.2732
135626000,3195.5225,3348000,39340700,9403778900,111372372500,3273.1271,3276.0205,3189.9845,3270.2732
135631000,3196.1755,2426100,25565500,9406205000,111397938000,3273.1271,3276.0205,3189.9845,3270.2732
135636000,3195.5595,2383500,30007300,9408588500,111427945300,3273.1271,3276.0205,3189.9845,3270.2732
135641000,3195.8684,3358600,39019200,9411947100,111466964500,3273.1271,3276.0205,3189.9845,3270.2732
135646000,3195.8767,3535200,31691900,9415482300,111498656400,3273.1271,3276.0205,3189.9845,3270.2732
135650000,3196.0219,1889500,21128700,9417371800,111519785100,3273.1271,3276.0205,3189.9845,3270.2732
135656000,3195.7052,2994400,41678700,9420366200,111561463800,3273.1271,3276.0205,3189.9845,3270.2732
135701000,3196.2053,2138900,27644600,9422505100,111589108400,3273.1271,3276.0205,3189.9845,3270.2732
135706000,3196.1616,3106700,30667700,9425611800,111619776100,3273.1271,3276.0205,3189.9845,3270.2732
135711000,3196.2134,3499400,32403800,9429111200,111652179900,3273.1271,3276.0205,3189.9845,3270.2732
135716000,3196.5696,2521600,36208700,9431632800,111688388600,3273.1271,3276.0205,3189.9845,3270.2732
135720000,3196.6672,2466900,32353300,9434099700,111720741900,3273.1271,3276.0205,3189.9845,3270.2732
135726000,3196.5074,2634000,30510600,9436733700,111751252500,3273.1271,3276.0205,3189.9845,3270.2732
135731000,3196.6369,2207700,29987900,9438941400,111781240400,3273.1271,3276.0205,3189.9845,3270.2732
135736000,3196.4182,2009400,28760800,9440950800,111810001200,3273.1271,3276.0205,3189.9845,3270.2732
135741000,3196.9343,3124200,41426200,9444075000,111851427400,3273.1271,3276.0205,3189.9845,3270.2732
135746000,3196.7426,2076900,24420000,9446151900,111875847400,3273.1271,3276.0205,3189.9845,3270.2732
135750000,3197.2575,1931100,24660500,9448083000,111900507900,3273.1271,3276.0205,3189.9845,3270.2732
135756000,3197.4588,2631300,36379600,9450714300,111936887500,3273.1271,3276.0205,3189.9845,3270.2732
135801000,3197.5813,1926500,24779800,9452640800,111961667300,3273.1271,3276.0205,3189.9845,3270.2732
135805000,3197.9744,2238600,31842200,9454879400,111993509500,3273.1271,3276.0205,3189.9845,3270.2732
135811000,3198.0347,2626500,36703700,9457505900,112030213200,3273.1271,3276.0205,3189.9845,3270.2732
135816000,3198.1036,2043900,33509300,9459549800,112063722500,3273.1271,3276.0205,3189.9845,3270.2732
135820000,3198.0353,2139700,26765000,9461689500,112090487500,3273.1271,3276.0205,3189.9845,3270.2732
135826000,3198.0844,2652300,38031500,9464341800,112128519000,3273.1271,3276.0205,3189.9845,3270.2732
135831000,3197.9872,1783400,24095200,9466125200,112152614200,3273.1271,3276.0205,3189.9845,3270.2732
135835000,3198.0613,1489300,27838900,9467614500,112180453100,3273.1271,3276.0205,3189.9845,3270.2732
135841000,3198.0111,2678100,35650800,9470292600,112216103900,3273.1271,3276.0205,3189.9845,3270.2732
135846000,3198.0018,2053400,25120900,9472346000,112241224800,3273.1271,3276.0205,3189.9845,3270.2732
135850000,3198.2744,1399200,16677900,9473745200,112257902700,3273.1271,3276.0205,3189.9845,3270.2732
135856000,3197.7256,2826500,31244900,9476571700,112289147600,3273.1271,3276.0205,3189.9845,3270.2732
135901000,3197.9172,2048600,21160000,9478620300,112310307600,3273.1271,3276.0205,3189.9845,3270.2732
135906000,3197.7314,2457900,31228900,9481078200,112341536500,3273.1271,3276.0205,3189.9845,3270.2732
135911000,3197.3296,3016300,36145900,9484094500,112377682400,3273.1271,3276.0205,3189.9845,3270.2732
135916000,3197.3556,2851300,35848400,9486945800,112413530800,3273.1271,3276.0205,3189.9845,3270.2732
135920000,3197.1982,1651400,25177500,9488597200,112438708300,3273.1271,3276.0205,3189.9845,3270.2732
135926000,3196.982,2407800,31467800,9491005000,112470176100,3273.1271,3276.0205,3189.9845,3270.2732
135932000,3197.5628,2603900,39549200,9493608900,112509725300,3273.1271,3276.0205,3189.9845,3270.2732
135937000,3197.2197,2651800,27409400,9496260700,112537134700,3273.1271,3276.0205,3189.9845,3270.2732
135942000,3197.1782,2793400,35513200,9499054100,112572647900,3273.1271,3276.0205,3189.9845,3270.2732
135947000,3197.3881,4444600,55595900,9503498700,112628243800,3273.1271,3276.0205,3189.9845,3270.2732
135952000,3196.9694,4066500,41642800,9507565200,112669886600,3273.1271,3276.0205,3189.9845,3270.2732
135956000,3197.0091,1422000,21914900,9508987200,112691801500,3273.1271,3276.0205,3189.9845,3270.2732
140002000,3195.0896,5872500,62839700,9514859700,112754641200,3273.1271,3276.0205,3189.9845,3270.2732
140007000,3196.2197,1497900,24635500,9516357600,112779276700,3273.1271,3276.0205,3189.9845,3270.2732
140012000,3196.3184,2330000,31558900,9518687600,112810835600,3273.1271,3276.0205,3189.9845,3270.2732
140017000,3195.7099,2339400,35929500,9521027000,112846765100,3273.1271,3276.0205,3189.9845,3270.2732
140022000,3195.6823,3022300,30187100,9524049300,112876952200,3273.1271,3276.0205,3189.9845,3270.2732
140026000,3195.6184,1673700,24991000,9525723000,112901943200,3273.1271,3276.0205,3189.9845,3270.2732
140032000,3195.7163,2960800,34231900,9528683800,112936175100,3273.1271,3276.0205,3189.9845,3270.2732
140037000,3195.4523,3290500,30402500,9531974300,112966577600,3273.1271,3276.0205,3189.9845,3270.2732
140041000,3195.409,3674700,40557900,9535649000,113007135500,3273.1271,3276.0205,3189.9845,3270.2732
140047000,3194.9576,2487700,35689400,9538136700,113042824900,3273.1271,3276.0205,3189.9845,3270.2732
140052000,3195.3262,3682700,45268800,9541819400,113088093700,3273.1271,3276.0205,3189.9845,3270.2732
140056000,3195.2687,1439800,20230500,9543259200,113108324200,3273.1271,3276.0205,3189.9845,3270.2732
140102000,3194.8858,3518100,40997400,9546777300,113149321600,3273.1271,3276.0205,3189.9845,3270.2732
140107000,3194.7461,2115300,26070800,9548892600,113175392400,3273.1271,3276.0205,3189.9845,3270.2732
140112000,3194.949,2535100,33888300,9551427700,113209280700,3273.1271,3276.0205,3189.9845,3270.2732
140117000,3194.7016,2590900,39261600,9554018600,113248542300,3273.1271,3276.0205,3189.9845,3270.2732
140122000,3194.1903,3076500,36603700,9557095100,113285146000,3273.1271,3276.0205,3189.9845,3270.2732
140126000,3194.5714,1452400,22661700,9558547500,113307807700,3273.1271,3276.0205,3189.9845,3270.2732
140132000,3194.1806,3567300,48425500,9562114800,113356233200,3273.1271,3276.0205,3189.9845,3270.2732
140137000,3193.8999,3041800,29825000,9565156600,113386058200,3273.1271,3276.0205,3189.9845,3270.2732
140141000,3193.7093,4763900,49525200,9569920500,113435583400,3273.1271,3276.0205,3189.9845,3270.2732
140147000,3193.3968,2267600,32483100,9572188100,113468066500,3273.1271,3276.0205,3189.9845,3270.2732
140152000,3193.3994,2341600,26444800,9574529700,113494511300,3273.1271,3276.0205,3189.9845,3270.2732
140156000,3192.7601,3512600,42379600,9578042300,113536890900,3273.1271,3276.0205,3189.9845,3270.2732
140202000,3192.2078,5438600,57444000,9583480900,113594334900,3273.1271,3276.0205,3189.9845,3270.2732
140207000,3190.88,4325800,62964500,9587806700,113657299400,3273.1271,3276.0205,3189.9845,3270.2732
140212000,3191.3121,3775000,48470800,9591581700,113705770200,3273.1271,3276.0205,3189.9845,3270.2732
140217000,3190.5652,6370000,62985800,9597951700,113768756000,3273.1271,3276.0205,3189.9845,3270.2732
140222000,3190.6605,9057700,61709700,9607009400,113830465700,3273.1271,3276.0205,3189.9845,3270.2732
140226000,3190.4342,3400800,39533400,9610410200,113869999100,3273.1271,3276.0205,3189.9845,3270.2732
140232000,3189.8276,6028600,57664100,9616438800,113927663200,3273.1271,3276.0205,3189.8276,3270.2732
140237000,3189.5237,4638100,46464600,9621076900,113974127800,3273.1271,3276.0205,3189.3565,3270.2732
140241000,3189.044,3695800,47384100,9624772700,114021511900,3273.1271,3276.0205,3189.044,3270.2732
140247000,3188.6846,5879000,65830400,9630651700,114087342300,3273.1271,3276.0205,3188.6706,3270.2732
140252000,3188.6841,5940100,70129600,9636591800,114157471900,3273.1271,3276.0205,3188.3537,3270.2732
140256000,3188.6646,3209800,42811800,9639801600,114200283700,3273.1271,3276.0205,3188.3537,3270.2732
140302000,3188.1208,6099300,71055500,9645900900,114271339200,3273.1271,3276.0205,3188.1208,3270.2732
140307000,3187.9605,2712200,39065400,9648613100,114310404600,3273.1271,3276.0205,3187.9605,3270.2732
140313000,3187.21,5005700,62662300,9653618800,114373066900,3273.1271,3276.0205,3187.21,3270.2732
140318000,3188.0964,3822400,42746500,9657441200,114415813400,3273.1271,3276.0205,3187.21,3270.2732
140323000,3188.2784,4842500,56178800,9662283700,114471992200,3273.1271,3276.0205,3187.21,3270.2732
140328000,3188.32,4996000,57948700,9667279700,114529940900,3273.1271,3276.0205,3187.21,3270.2732
140332000,3187.9129,2821100,33840700,9670100800,114563781600,3273.1271,3276.0205,3187.21,3270.2732
140338000,3187.5964,5112300,57391700,9675213100,114621173300,3273.1271,3276.0205,3187.21,3270.2732
140343000,3187.7534,3637900,49870900,9678851000,114671044200,3273.1271,3276.0205,3187.21,3270.2732
140347000,3187.8284,5778800,61113800,9684629800,114732158000,3273.1271,3276.0205,3187.21,3270.2732
140353000,3187.5406,3941500,53310500,9688571300,114785468500,3273.1271,3276.0205,3187.21,3270.2732
140358000,3187.6358,2398800,32664400,9690970100,114818132900,3273.1271,3276.0205,3187.21,3270.2732
140402000,3187.4617,1980000,26566700,9692950100,114844699600,3273.1271,3276.0205,3187.21,3270.2732
140408000,3187.4856,3684900,48538700,9696635000,114893238300,3273.1271,3276.0205,3187.0139,3270.2732
140413000,3187.3034,2680700,40931500,9699315700,114934169800,3273.1271,3276.0205,3187.0139,3270.2732
140417000,3187.8538,3118300,38403800,9702434000,114972573600,3273.1271,3276.0205,3187.0139,3270.2732
140423000,3187.6341,3634900,43760500,9706068900,115016334100,3273.1271,3276.0205,3187.0139,3270.2732
140428000,3187.8414,3353000,40315900,9709421900,115056650000,3273.1271,3276.0205,3187.0139,3270.2732
140432000,3188.121,1874000,27658400,9711295900,115084308400,3273.1271,3276.0205,3187.0139,3270.2732
140438000,3187.6628,4337000,44524000,9715632900,115128832400,3273.1271,3276.0205,3187.0139,3270.2732
140443000,3187.6823,1587200,20667700,9717220100,115149500100,3273.1271,3276.0205,3187.0139,3270.2732
140447000,3187.3594,3121500,46991500,9720341600,115196491600,3273.1271,3276.0205,3187.0139,3270.2732
140453000,3188.4613,3895800,62047500,9724237400,115258539100,3273.1271,3276.0205,3187.0139,3270.2732
140458000,3187.7727,3099100,29578500,9727336500,115288117600,3273.1271,3276.0205,3187.0139,3270.2732
140502000,3188.0083,2139400,27474000,9729475900,115315591600,3273.1271,3276.0205,3187.0139,3270.2732
140508000,3187.541,2992200,47272000,9732468100,115362863600,3273.1271,3276.0205,3187.0139,3270.2732
140513000,3187.8036,2323700,23913300,9734791800,115386776900,3273.1271,3276.0205,3187.0139,3270.2732
140517000,3187.5426,2983700,32653000,9737775500,115419429900,3273.1271,3276.0205,3187.0139,3270.2732
140523000,3188.5528,3167900,35059700,9740943400,115454489600,3273.1271,3276.0205,3187.0139,3270.2732
140528000,3187.6525,3168200,39552700,9744111600,115494042300,3273.1271,3276.0205,3187.0139,3270.2732
140532000,3187.6382,2071400,29465900,9746183000,115523508200,3273.1271,3276.0205,3187.0139,3270.2732
140538000,3187.8,3457200,44288100,9749640200,115567796300,3273.1271,3276.0205,3187.0139,3270.2732
140543000,3187.6742,2885800,34428800,9752526000,115602225100,3273.1271,3276.0205,3187.0139,3270.2732
140547000,3187.4166,3272300,33215800,9755798300,115635440900,3273.1271,3276.0205,3187.0139,3270.2732
140553000,3186.8318,3192000,38056600,9758990300,115673497500,3273.1271,3276.0205,3186.6591,3270.2732
140558000,3186.6967,4164900,39451500,9763155200,115712949000,3273.1271,3276.0205,3186.6591,3270.2732
140602000,3186.4308,2352200,27679000,9765507400,115740628000,3273.1271,3276.0205,3186.3418,3270.2732
140608000,3186.3471,4218900,43081500,9769726300,115783709500,3273.1271,3276.0205,3186.0226,3270.2732
140613000,3186.4411,2914500,30732600,9772640800,115814442100,3273.1271,3276.0205,3186.0226,3270.2732
140617000,3186.6513,3585700,36479200,9776226500,115850921300,3273.1271,3276.0205,3186.0226,3270.2732
140623000,3185.69,5088400,45464600,9781314900,115896385900,3273.1271,3276.0205,3185.69,3270.2732
140628000,3185.8755,3172900,36200200,9784487800,115932586100,3273.1271,3276.0205,3185.555,3270.2732
140632000,3185.4935,2503800,34161000,9786991600,115966747100,3273.1271,3276.0205,3185.4935,3270.2732
140638000,3185.5348,3507800,43442300,9790499400,116010189400,3273.1271,3276.0205,3185.4935,3270.2732
140643000,3185.1203,3768500,38754800,9794267900,116048944200,3273.1271,3276.0205,3184.9984,3270.2732
140648000,3185.3572,2652900,34013500,9796920800,116082957700,3273.1271,3276.0205,3184.9984,3270.2732
140653000,3184.4515,4065900,56475000,9800986700,116139432700,3273.1271,3276.0205,3184.4515,3270.2732
140658000,3185.1188,4198900,40061200,9805185600,116179493900,3273.1271,3276.0205,3184.4515,3270.2732
140702000,3184.6015,4124100,33873500,9809309700,116213367400,3273.1271,3276.0205,3184.4515,3270.2732
140708000,3184.2351,5678600,64524300,9814988300,116277891700,3273.1271,3276.0205,3184.1284,3270.2732
140714000,3183.754,6113700,50286100,9821102000,116328177800,3273.1271,3276.0205,3183.754,3270.2732
140719000,3183.8736,2862400,32935700,9823964400,116361113500,3273.1271,3276.0205,3183.6057,3270.2732
140723000,3183.8263,4004000,41544800,9827968400,116402658300,3273.1271,3276.0205,3183.6057,3270.2732
140729000,3183.5846,4549300,55198500,9832517700,116457856800,3273.1271,3276.0205,3183.5035,3270.2732
140734000,3182.9817,4483300,49872000,9837001000,116507728800,3273.1271,3276.0205,3182.9817,3270.2732
140738000,3183.1136,2846500,38512200,9839847500,116546241000,3273.1271,3276.0205,3182.7726,3270.2732
140744000,3183.3493,4502500,63090400,9844350000,116609331400,3273.1271,3276.0205,3182.7726,3270.2732
140749000,3183.1866,3806300,37195700,9848156300,116646527100,3273.1271,3276.0205,3182.7726,3270.2732
140753000,3183.0269,2889900,32843900,9851046200,116679371000,3273.1271,3276.0205,3182.7726,3270.2732
140759000,3182.1889,4376600,49175800,9855422800,116728546800,3273.1271,3276.0205,3182.1889,3270.2732
140804000,3181.3462,5092600,51362100,9860515400,116779908900,3273.1271,3276.0205,3181.308,3270.2732
140808000,3181.647,3125700,34863600,9863641100,116814772500,3273.1271,3276.0205,3181.308,3270.2732
140814000,3180.8575,5755500,66751900,9869396600,116881524400,3273.1271,3276.0205,3180.8575,3270.2732
140819000,3180.4629,6058000,60411600,9875454600,116941936000,3273.1271,3276.0205,3180.4629,3270.2732
140823000,3180.3565,5742400,60062800,9881197000,117001998800,3273.1271,3276.0205,3180.354,3270.2732
140829000,3179.8445,7378500,88320000,9888575500,117090318800,3273.1271,3276.0205,3179.8445,3270.2732
140834000,3179.1834,7015800,67129700,9895591300,117157448500,3273.1271,3276.0205,3178.7114,3270.2732
140838000,3179.151,3771000,32357700,9899362300,117189806200,3273.1271,3276.0205,3178.7114,3270.2732
140844000,3179.17,5467800,65808400,9904830100,117255614600,3273.1271,3276.0205,3178.7114,3270.2732
140849000,3178.9592,5376500,49511200,9910206600,117305125800,3273.1271,3276.0205,3178.7114,3270.2732
140853000,3178.9421,3499300,40060600,9913705900,117345186400,3273.1271,3276.0205,3178.7114,3270.2732
140859000,3178.1504,6904000,72466700,9920609900,117417653100,3273.1271,3276.0205,3178.1504,3270.2732
140904000,3177.973,6219900,66539000,9926829800,117484192100,3273.1271,3276.0205,3177.973,3270.2732
140908000,3177.8144,4114400,46319400,9930944200,117530511500,3273.1271,3276.0205,3177.6377,3270.2732
140914000,3177.2332,6570300,72861300,9937514500,117603372800,3273.1271,3276.0205,3177.2332,3270.2732
140919000,3176.5579,6950600,72611500,9944465100,117675984300,3273.1271,3276.0205,3176.5579,3270.2732
140923000,3176.4224,6303900,82112400,9950769000,117758096700,3273.1271,3276.0205,3176.4224,3270.2732
140929000,3176.5282,7039300,85577700,9957808300,117843674400,3273.1271,3276.0205,3176.2623,3270.2732
140934000,3176.3795,6021600,61962900,9963829900,117905637300,3273.1271,3276.0205,3176.2623,3270.2732
140938000,3175.985,3278000,40015200,9967107900,117945652500,3273.1271,3276.0205,3175.8659,3270.2732
140944000,3176.1181,7287800,79257100,9974395700,118024909600,3273.1271,3276.0205,3175.8659,3270.2732
140949000,3175.268,4441300,42760000,9978837000,118067669600,3273.1271,3276.0205,3175.268,3270.2732
140954000,3175.2295,4671100,50597500,9983508100,118118267100,3273.1271,3276.0205,3175.159,3270.2732
140959000,3175.2366,6304000,68114600,9989812100,118186381700,3273.1271,3276.0205,3175.029,3270.2732
141004000,3174.7334,7333500,70583900,9997145600,118256965600,3273.1271,3276.0205,3174.7334,3270.2732
141008000,3174.811,4180900,40438000,10001326500,118297403600,3273.1271,3276.0205,3174.5129,3270.2732
141014000,3175.1365,5637700,60660800,10006964200,118358064400,3273.1271,3276.0205,3174.5129,3270.2732
141019000,3174.9926,4383200,51075500,10011347400,118409139900,3273.1271,3276.0205,3174.5129,3270.2732
141023000,3175.6555,4803000,60254200,10016150400,118469394100,3273.1271,3276.0205,3174.5129,3270.2732
141029000,3175.9722,6942100,70696900,10023092500,118540091000,3273.1271,3276.0205,3174.5129,3270.2732
141034000,3177.4736,7148300,85685100,10030240800,118625776100,3273.1271,3276.0205,3174.5129,3270.2732
141038000,3177.336,3145800,39647200,10033386600,118665423300,3273.1271,3276.0205,3174.5129,3270.2732
141044000,3176.9166,5478400,68672100,10038865000,118734095400,3273.1271,3276.0205,3174.5129,3270.2732
141049000,3177.0987,3453200,41555300,10042318200,118775650700,3273.1271,3276.0205,3174.5129,3270.2732
141055000,3177.8856,4590400,49826100,10046908600,118825476800,3273.1271,3276.0205,3174.5129,3270.2732
141059000,3178.1005,4009900,44714200,10050918500,118870191000,3273.1271,3276.0205,3174.5129,3270.2732
141105000,3178.0837,5339900,67015700,10056258400,118937206700,3273.1271,3276.0205,3174.5129,3270.2732
141108000,3178.2416,3045700,33715000,10059304100,118970921700,3273.1271,3276.0205,3174.5129,3270.2732
141114000,3178.4256,4745900,53658900,10064050000,119024580600,3273.1271,3276.0205,3174.5129,3270.2732
141120000,3178.8184,5511100,59264300,10069561100,119083844900,3273.1271,3276.0205,3174.5129,3270.2732
141125000,3178.4209,4443900,39267500,10074005000,119123112400,3273.1271,3276.0205,3174.5129,3270.2732
141130000,3179.1852,3082200,36730700,10077087200,119159843100,3273.1271,3276.0205,3174.5129,3270.2732
141135000,3179.3529,3046900,39225400,10080134100,119199068500,3273.1271,3276.0205,3174.5129,3270.2732
141140000,3179.2848,3546100,37782500,10083680200,119236851000,3273.1271,3276.0205,3174.5129,3270.2732
141144000,3179.2792,2422100,25730900,10086102300,119262581900,3273.1271,3276.0205,3174.5129,3270.2732
141150000,3179.7201,3343800,41641600,10089446100,119304223500,3273.1271,3276.0205,3174.5129,3270.2732
141155000,3179.8051,3194600,33870200,10092640700,119338093700,3273.1271,3276.0205,3174.5129,3270.2732
141200000,3179.7122,2658400,36349600,10095299100,119374443300,3273.1271,3276.0205,3174.5129,3270.2732
141205000,3179.7169,3197500,41235400,10098496600,119415678700,3273.1271,3276.0205,3174.5129,3270.2732
141210000,3179.9477,3835000,48715000,10102331600,119464393700,3273.1271,3276.0205,3174.5129,3270.2732
141214000,3179.9085,1405300,23738800,10103736900,119488132500,3273.1271,3276.0205,3174.5129,3270.2732
141220000,3180.1643,3781500,37065300,10107518400,119525197800,3273.1271,3276.0205,3174.5129,3270.2732
141225000,3180.4671,2170500,25435600,10109688900,119550633400,3273.1271,3276.0205,3174.5129,3270.2732
141229000,3180.3891,2192400,30947000,10111881300,119581580400,3273.1271,3276.0205,3174.5129,3270.2732
141235000,3180.5045,2978900,40881300,10114860200,119622461700,3273.1271,3276.0205,3174.5129,3270.2732
141240000,3180.9904,3585500,33396400,10118445700,119655858100,3273.1271,3276.0205,3174.5129,3270.2732
141244000,3180.7814,2325500,30109300,10120771200,119685967400,3273.1271,3276.0205,3174.5129,3270.2732
141250000,3180.9026,5387300,51575500,10126158500,119737542900,3273.1271,3276.0205,3174.5129,3270.2732
141255000,3180.6385,2072500,23386400,10128231000,119760929300,3273.1271,3276.0205,3174.5129,3270.2732
141300000,3181.16,2346700,38678400,10130577700,119799607700,3273.1271,3276.0205,3174.5129,3270.2732
141305000,3180.9577,2843100,35695300,10133420800,119835303000,3273.1271,3276.0205,3174.5129,3270.2732
141310000,3181.4066,3424300,39570200,10136845100,119874873200,3273.1271,3276.0205,3174.5129,3270.2732
141314000,3181.1782,1359800,25116500,10138204900,119899989700,3273.1271,3276.0205,3174.5129,3270.2732
141320000,3181.1343,2835200,34365700,10141040100,119934355400,3273.1271,3276.0205,3174.5129,3270.2732
141325000,3181.5566,2561000,32199800,10143601100,119966555200,3273.1271,3276.0205,3174.5129,3270.2732
141329000,3180.6352,2202400,33061200,10145803500,119999616400,3273.1271,3276.0205,3174.5129,3270.2732
141335000,3181.0389,2955900,41904200,10148759400,120041520600,3273.1271,3276.0205,3174.5129,3270.2732
141340000,3181.3179,2457800,29690900,10151217200,120071211500,3273.1271,3276.0205,3174.5129,3270.2732
141344000,3181.4869,1342300,22048100,10152559500,120093259600,3273.1271,3276.0205,3174.5129,3270.2732
141350000,3181.2297,3317400,43017700,10155876900,120136277300,3273.1271,3276.0205,3174.5129,3270.2732
141355000,3181.056,2567200,23501000,10158444100,120159778300,3273.1271,3276.0205,3174.5129,3270.2732
141400000,3181.0749,2125600,30907500,10160569700,120190685800,3273.1271,3276.0205,3174.5129,3270.2732
141405000,3180.6088,3896300,43946800,10164466000,120234632600,3273.1271,3276.0205,3174.5129,3270.2732
141410000,3180.4418,3249000,38483500,10167715000,120273116100,3273.1271,3276.0205,3174.5129,3270.2732
141414000,3180.6933,2519800,29240900,10170234800,120302357000,3273.1271,3276.0205,3174.5129,3270.2732
141420000,3180.9907,3100700,40178100,10173335500,120342535100,3273.1271,3276.0205,3174.5129,3270.2732
141425000,3180.7433,2201300,23279400,10175536800,120365814500,3273.1271,3276.0205,3174.5129,3270.2732
141429000,3180.6735,2536900,27658900,10178073700,120393473400,3273.1271,3276.0205,3174.5129,3270.2732
141435000,3180.5313,2532500,34537000,10180606200,120428010400,3273.1271,3276.0205,3174.5129,3270.2732
141440000,3180.4826,1688700,22180100,10182294900,120450190500,3273.1271,3276.0205,3174.5129,3270.2732
141446000,3180.8454,2920600,37619000,10185215500,120487809500,3273.1271,3276.0205,3174.5129,3270.2732
141450000,3180.6692,1714100,20492300,10186929600,120508301800,3273.1271,3276.0205,3174.5129,3270.2732
141456000,3180.3787,3241100,35397500,10190170700,120543699300,3273.1271,3276.0205,3174.5129,3270.2732
141501000,3179.1647,2184800,26437200,10192355500,120570136500,3273.1271,3276.0205,3174.5129,3270.2732
141505000,3179.2022,3706000,43370100,10196061500,120613506600,3273.1271,3276.0205,3174.5129,3270.2732
141511000,3178.0467,6969400,73404500,10203030900,120686911100,3273.1271,3276.0205,3174.5129,3270.2732
141516000,3177.6388,4377000,53031100,10207407900,120739942200,3273.1271,3276.0205,3174.5129,3270.2732
141520000,3177.2417,3655000,39619300,10211062900,120779561500,3273.1271,3276.0205,3174.5129,3270.2732
141526000,3177.5825,4760700,53669500,10215823600,120833231000,3273.1271,3276.0205,3174.5129,3270.2732
141531000,3176.7945,3812400,44873500,10219636000,120878104500,3273.1271,3276.0205,3174.5129,3270.2732
141535000,3176.4263,4764200,64128800,10224400200,120942233300,3273.1271,3276.0205,3174.5129,3270.2732
141541000,3175.477,5380500,60389500,10229780700,121002622800,3273.1271,3276.0205,3174.5129,3270.2732
141546000,3174.5403,5815700,67420800,10235596400,121070043600,3273.1271,3276.0205,3174.5129,3270.2732
141550000,3174.0946,4241800,48272000,10239838200,121118315600,3273.1271,3276.0205,3174.0946,3270.2732
141556000,3173.9421,5880800,59965800,10245719000,121178281400,3273.1271,3276.0205,3173.9421,3270.2732
141601000,3173.1068,8391100,82398000,10254110100,121260679400,3273.1271,3276.0205,3173.1068,3270.2732
141605000,3171.8259,9668100,100273200,10263778200,121360952600,3273.1271,3276.0205,3171.8259,3270.2732
141611000,3172.8673,5648800,71347000,10269427000,121432299600,3273.1271,3276.0205,3171.8259,3270.2732
141616000,3172.1377,6538600,75435800,10275965600,121507735400,3273.1271,3276.0205,3171.8259,3270.2732
141620000,3171.9466,3373900,48095600,10279339500,121555831000,3273.1271,3276.0205,3171.8259,3270.2732
141626000,3171.8129,5535400,73384900,10284874900,121629215900,3273.1271,3276.0205,3171.5422,3270.2732
141631000,3171.8487,3354200,39773900,10288229100,121668989800,3273.1271,3276.0205,3171.5422,3270.2732
141635000,3170.9859,5401100,57980000,10293630200,121726969800,3273.1271,3276.0205,3170.9347,3270.2732
141641000,3170.6834,6188300,73954500,10299818500,121800924300,3273.1271,3276.0205,3170.447,3270.2732
141646000,3170.2952,5846800,58129900,10305665300,121859054200,3273.1271,3276.0205,3170.2952,3270.2732
141650000,3170.181,3136000,44261200,10308801300,121903315400,3273.1271,3276.0205,3170.181,3270.2732
141656000,3169.9358,6273900,64641200,10315075200,121967956600,3273.1271,3276.0205,3169.856,3270.2732
141701000,3169.9005,5967500,53430100,10321042700,122021386700,3273.1271,3276.0205,3169.856,3270.2732
141706000,3169.3347,4831900,52147800,10325874600,122073534500,3273.1271,3276.0205,3169.3347,3270.2732
141711000,3168.9189,6566900,72395800,10332441500,122145930300,3273.1271,3276.0205,3168.9189,3270.2732
141716000,3169.2154,4446200,51840400,10336887700,122197770700,3273.1271,3276.0205,3168.9189,3270.2732
141720000,3169.1444,2802800,42804900,10339690500,122240575600,3273.1271,3276.0205,3168.9189,3270.2732
141726000,3169.2978,6466700,86690200,10346157200,122327265800,3273.1271,3276.0205,3168.9189,3270.2732
141731000,3169.5204,6035100,56647500,10352192300,122383913300,3273.1271,3276.0205,3168.9189,3270.2732
141735000,3169.5939,4568400,64096500,10356760700,122448009800,3273.1271,3276.0205,3168.9189,3270.2732
141741000,3169.4317,6669900,77442900,10363430600,122525452700,3273.1271,3276.0205,3168.9189,3270.2732
141746000,3170.1555,4789400,64059300,10368220000,122589512000,3273.1271,3276.0205,3168.9189,3270.2732
141750000,3170.1273,2959500,40184800,10371179500,122629696800,3273.1271,3276.0205,3168.9189,3270.2732
141756000,3170.1712,5540300,60992600,10376719800,122690689400,3273.1271,3276.0205,3168.9189,3270.2732
141801000,3169.9722,2574900,25639800,10379294700,122716329200,3273.1271,3276.0205,3168.9189,3270.2732
141805000,3171.0086,3678500,49636700,10382973200,122765965900,3273.1271,3276.0205,3168.9189,3270.2732
141811000,3170.2956,3981800,44836400,10386955000,122810802300,3273.1271,3276.0205,3168.9189,3270.2732
141816000,3171.2101,3672400,43878700,10390627400,122854681000,3273.1271,3276.0205,3168.9189,3270.2732
141820000,3171.3367,3296700,34659700,10393924100,122889340700,3273.1271,3276.0205,3168.9189,3270.2732
141826000,3170.9954,3853800,45279300,10397777900,122934620000,3273.1271,3276.0205,3168.9189,3270.2732
141831000,3171.1345,2975300,27536900,10400753200,122962156900,3273.1271,3276.0205,3168.9189,3270.2732
141837000,3170.8634,3637100,42958100,10404390300,123005115000,3273.1271,3276.0205,3168.9189,3270.2732
141841000,3170.7291,4679300,47684800,10409069600,123052799800,3273.1271,3276.0205,3168.9189,3270.2732
141847000,3170.8574,4493000,50277200,10413562600,123103077000,3273.1271,3276.0205,3168.9189,3270.2732
141852000,3171.0508,2717900,31718600,10416280500,123134795600,3273.1271,3276.0205,3168.9189,3270.2732
141856000,3170.9487,2443000,29430400,10418723500,123164226000,3273.1271,3276.0205,3168.9189,3270.2732
141902000,3170.6674,3166900,44129700,10421890400,123208355700,3273.1271,3276.0205,3168.9189,3270.2732
141907000,3170.9711,2018600,23468300,10423909000,123231824000,3273.1271,3276.0205,3168.9189,3270.2732
141912000,3170.5286,2810300,44313400,10426719300,123276137400,3273.1271,3276.0205,3168.9189,3270.2732
141917000,3169.6986,5245200,59661300,10431964500,123335798700,3273.1271,3276.0205,3168.9189,3270.2732
141922000,3169.3105,5639900,63601900,10437604400,123399400600,3273.1271,3276.0205,3168.9189,3270.2732
141926000,3169.641,3279500,43728700,10440883900,123443129300,3273.1271,3276.0205,3168.9189,3270.2732
141932000,3168.8255,7126000,85469600,10448009900,123528598900,3273.1271,3276.0205,3168.605,3270.2732
141937000,3168.7856,4481400,47021200,10452491300,123575620100,3273.1271,3276.0205,3168.605,3270.2732
141941000,3167.8394,5810000,63235700,10458301300,123638855800,3273.1271,3276.0205,3167.8394,3270.2732
141947000,3167.9708,5641900,92968300,10463943200,123731824100,3273.1271,3276.0205,3167.7879,3270.2732
141952000,3166.9883,6068600,103355800,10470011800,123835179900,3273.1271,3276.0205,3166.9883,3270.2732
141956000,3166.2903,4509900,64203700,10474521700,123899383600,3273.1271,3276.0205,3166.2903,3270.2732
142002000,3166.3046,6329300,73412100,10480851000,123972795700,3273.1271,3276.0205,3166.2903,3270.2732
142007000,3166.0195,3929500,43941700,10484780500,124016737400,3273.1271,3276.0205,3166.0195,3270.2732
142012000,3166.4316,5247200,52940000,10490027700,124069677400,3273.1271,3276.0205,3165.9985,3270.2732
142017000,3166.1493,5270000,58300700,10495297700,124127978100,3273.1271,3276.0205,3165.7863,3270.2732
142022000,3165.41,4941300,55737000,10500239000,124183715100,3273.1271,3276.0205,3165.41,3270.2732
142026000,3165.1657,3807400,41029700,10504046400,124224744800,3273.1271,3276.0205,3165.1657,3270.2732
142032000,3165.4162,4197400,55954900,10508243800,124280699700,3273.1271,3276.0205,3165.1239,3270.2732
142037000,3165.2264,2662900,32711300,10510906700,124313411000,3273.1271,3276.0205,3165.1239,3270.2732
142041000,3165.1611,3298300,41667300,10514205000,124355078300,3273.1271,3276.0205,3165.1239,3270.2732
142047000,3164.4854,3701400,51356900,10517906400,124406435200,3273.1271,3276.0205,3164.4854,3270.2732
142052000,3164.0385,4547400,56151900,10522453800,124462587100,3273.1271,3276.0205,3164.0385,3270.2732
142056000,3163.8809,3165500,49873500,10525619300,124512460600,3273.1271,3276.0205,3163.8809,3270.2732
142102000,3164.7199,5655600,66877800,10531274900,124579338400,3273.1271,3276.0205,3163.5704,3270.2732
142107000,3164.0776,3858900,47658900,10535133800,124626997300,3273.1271,3276.0205,3163.5704,3270.2732
142112000,3163.9725,4895300,59278600,10540029100,124686275900,3273.1271,3276.0205,3163.5704,3270.2732
142117000,3164.0348,4509300,63385300,10544538400,124749661200,3273.1271,3276.0205,3163.5704,3270.2732
142122000,3164.1659,4119800,54066600,10548658200,124803727800,3273.1271,3276.0205,3163.5704,3270.2732
142126000,3164.3129,3453600,44936600,10552111800,124848664400,3273.1271,3276.0205,3163.5704,3270.2732
142132000,3165.0685,5565100,69771600,10557676900,124918436000,3273.1271,3276.0205,3163.5704,3270.2732
142137000,3165.7632,3154300,42300500,10560831200,124960736500,3273.1271,3276.0205,3163.5704,3270.2732
142142000,3166.4092,5676300,68309600,10566507500,125029046100,3273.1271,3276.0205,3163.5704,3270.2732
142147000,3166.6505,6240000,64906300,10572747500,125093952400,3273.1271,3276.0205,3163.5704,3270.2732
142152000,3166.7876,3596400,42988700,10576343900,125136941100,3273.1271,3276.0205,3163.5704,3270.2732
142156000,3167.2364,2419900,29551200,10578763800,125166492300,3273.1271,3276.0205,3163.5704,3270.2732
142202000,3168.0953,4895000,55698800,10583658800,125222191100,3273.1271,3276.0205,3163.5704,3270.2732
142207000,3167.6464,3303300,37894900,10586962100,125260086000,3273.1271,3276.0205,3163.5704,3270.2732
142213000,3167.8054,3950500,41267800,10590912600,125301353800,3273.1271,3276.0205,3163.5704,3270.2732
142217000,3168.2838,3835400,41733500,10594748000,125343087300,3273.1271,3276.0205,3163.5704,3270.2732
142223000,3168.2184,3811600,47495400,10598559600,125390582700,3273.1271,3276.0205,3163.5704,3270.2732
142228000,3168.1726,2651400,34966800,10601211000,125425549500,3273.1271,3276.0205,3163.5704,3270.2732
142232000,3168.4378,2687000,30654100,10603898000,125456203600,3273.1271,3276.0205,3163.5704,3270.2732
142238000,3168.6134,3744600,39922200,10607642600,125496125800,3273.1271,3276.0205,3163.5704,3270.2732
142243000,3168.999,1699800,20176400,10609342400,125516302200,3273.1271,3276.0205,3163.5704,3270.2732
142247000,3169.2343,3644200,38794300,10612986600,125555096500,3273.1271,3276.0205,3163.5704,3270.2732
142253000,3169.4814,3740700,40198000,10616727300,125595294500,3273.1271,3276.0205,3163.5704,3270.2732
142258000,3169.8121,3165200,30848900,10619892500,125626143400,3273.1271,3276.0205,3163.5704,3270.2732
142302000,3170.1696,2366200,26089700,10622258700,125652233100,3273.1271,3276.0205,3163.5704,3270.2732
142308000,3169.9195,3522500,45806200,10625781200,125698039300,3273.1271,3276.0205,3163.5704,3270.2732
142313000,3170.5064,2351400,33096800,10628132600,125731136100,3273.1271,3276.0205,3163.5704,3270.2732
142317000,3170.8834,2304200,29641900,10630436800,125760778000,3273.1271,3276.0205,3163.5704,3270.2732
142323000,3170.9571,3595300,37445100,10634032100,125798223100,3273.1271,3276.0205,3163.5704,3270.2732
142328000,3171.465,3604700,44869300,10637636800,125843092400,3273.1271,3276.0205,3163.5704,3270.2732
142332000,3172.1509,2263600,30673200,10639900400,125873765600,3273.1271,3276.0205,3163.5704,3270.2732
142338000,3171.766,4370100,50443400,10644270500,125924209000,3273.1271,3276.0205,3163.5704,3270.2732
142343000,3172.0468,2893300,22036600,10647163800,125946245600,3273.1271,3276.0205,3163.5704,3270.2732
142348000,3172.2647,3108300,33480500,10650272100,125979726100,3273.1271,3276.0205,3163.5704,3270.2732
142353000,3172.8899,3790100,41733000,10654062200,126021459100,3273.1271,3276.0205,3163.5704,3270.2732
142358000,3173.1623,3201400,38473500,10657263600,126059932600,3273.1271,3276.0205,3163.5704,3270.2732
142402000,3173.5008,2348100,36612700,10659611700,126096545300,3273.1271,3276.0205,3163.5704,3270.2732
142408000,3173.8627,3478000,40055600,10663089700,126136600900,3273.1271,3276.0205,3163.5704,3270.2732
142413000,3174.137,2472600,28641300,10665562300,126165242200,3273.1271,3276.0205,3163.5704,3270.2732
142417000,3174.3657,2901700,33265000,10668464000,126198507200,3273.1271,3276.0205,3163.5704,3270.2732
142423000,3174.3293,4813500,52005000,10673277500,126250512200,3273.1271,3276.0205,3163.5704,3270.2732
142428000,3174.3231,3454700,36283600,10676732200,126286795800,3273.1271,3276.0205,3163.5704,3270.2732
142432000,3175.0137,3561500,30674400,10680293700,126317470200,3273.1271,3276.0205,3163.5704,3270.2732
142438000,3175.4829,4496600,43455100,10684790300,126360925300,3273.1271,3276.0205,3163.5704,3270.2732
142443000,3175.1802,2726700,30547300,10687517000,126391472600,3273.1271,3276.0205,3163.5704,3270.2732
142447000,3175.3876,2902500,38120900,10690419500,126429593500,3273.1271,3276.0205,3163.5704,3270.2732
142453000,3175.5126,3626200,38286600,10694045700,126467880100,3273.1271,3276.0205,3163.5704,3270.2732
142458000,3176.0931,2554100,24778100,10696599800,126492658200,3273.1271,3276.0205,3163.5704,3270.2732
142502000,3176.4524,2318200,25192500,10698918000,126517850700,3273.1271,3276.0205,3163.5704,3270.2732
142508000,3176.0777,4050400,44387700,10702968400,126562238400,3273.1271,3276.0205,3163.5704,3270.2732
142513000,3176.4741,2366600,35769000,10705335000,126598007400,3273.1271,3276.0205,3163.5704,3270.2732
142517000,3177.0343,2562000,34476000,10707897000,126632483400,3273.1271,3276.0205,3163.5704,3270.2732
142523000,3177.0727,3127500,41097900,10711024500,126673581300,3273.1271,3276.0205,3163.5704,3270.2732
142528000,3177.1626,2751000,26979300,10713775500,126700560600,3273.1271,3276.0205,3163.5704,3270.2732
142532000,3177.3545,2167900,35298100,10715943400,126735858700,3273.1271,3276.0205,3163.5704,3270.2732
142538000,3178.0952,3568500,41714400,10719511900,126777573100,3273.1271,3276.0205,3163.5704,3270.2732
142543000,3178.3597,2430500,24804700,10721942400,126802377800,3273.1271,3276.0205,3163.5704,3270.2732
142547000,3179.4746,3730100,41502300,10725672500,126843880100,3273.1271,3276.0205,3163.5704,3270.2732
142553000,3179.7416,4039700,41634200,10729712200,126885514300,3273.1271,3276.0205,3163.5704,3270.2732
142558000,3179.8111,3154200,36046600,10732866400,126921560900,3273.1271,3276.0205,3163.5704,3270.2732
142602000,3180.163,2442900,36098900,10735309300,126957659800,3273.1271,3276.0205,3163.5704,3270.2732
142608000,3180.3943,3010800,35179200,10738320100,126992839000,3273.1271,3276.0205,3163.5704,3270.2732
142613000,3180.324,2608400,25215400,10740928500,127018054400,3273.1271,3276.0205,3163.5704,3270.2732
142617000,3180.8551,3314000,35061400,10744242500,127053115800,3273.1271,3276.0205,3163.5704,3270.2732
142623000,3180.8985,3191500,41941100,10747434000,127095056900,3273.1271,3276.0205,3163.5704,3270.2732
142629000,3181.1317,3831900,46630000,10751265900,127141686900,3273.1271,3276.0205,3163.5704,3270.2732
142634000,3181.5988,2724500,34408200,10753990400,127176095100,3273.1271,3276.0205,3163.5704,3270.2732
142638000,3181.1986,2043800,30517600,10756034200,127206612700,3273.1271,3276.0205,3163.5704,3270.2732
142644000,3181.1644,3077200,40611100,10759111400,127247223800,3273.1271,3276.0205,3163.5704,3270.2732
142649000,3181.3318,2961200,27353100,10762072600,127274576900,3273.1271,3276.0205,3163.5704,3270.2732
142653000,3181.4321,3201600,36787600,10765274200,127311364500,3273.1271,3276.0205,3163.5704,3270.2732
142659000,3181.4003,3489600,40133600,10768763800,127351498100,3273.1271,3276.0205,3163.5704,3270.2732
142704000,3181.9613,2851800,33126400,10771615600,127384624500,3273.1271,3276.0205,3163.5704,3270.2732
142708000,3181.4535,2242400,31264000,10773858000,127415888500,3273.1271,3276.0205,3163.5704,3270.2732
142714000,3181.7199,5614100,59663000,10779472100,127475551500,3273.1271,3276.0205,3163.5704,3270.2732
142719000,3181.5898,2512100,23673100,10781984200,127499224600,3273.1271,3276.0205,3163.5704,3270.2732
142723000,3181.9152,2646800,32883600,10784631000,127532108200,3273.1271,3276.0205,3163.5704,3270.2732
142729000,3181.9416,3238500,39612800,10787869500,127571721000,3273.1271,3276.0205,3163.5704,3270.2732
142734000,3182.2423,2810100,36986200,10790679600,127608707200,3273.1271,3276.0205,3163.5704,3270.2732
142738000,3181.9361,3168700,36324000,10793848300,127645031200,3273.1271,3276.0205,3163.5704,3270.2732
142744000,3182.0345,3769300,39479600,10797617600,127684510800,3273.1271,3276.0205,3163.5704,3270.2732
142749000,3181.9438,2184500,22495300,10799802100,127707006100,3273.1271,3276.0205,3163.5704,3270.2732
142754000,3182.1929,3068000,36146500,10802870100,127743152600,3273.1271,3276.0205,3163.5704,3270.2732
142759000,3182.0668,3044000,40596500,10805914100,127783749100,3273.1271,3276.0205,3163.5704,3270.2732
142804000,3182.3467,2360300,27267200,10808274400,127811016300,3273.1271,3276.0205,3163.5704,3270.2732
142808000,3182.6094,2203900,34093300,10810478300,127845109600,3273.1271,3276.0205,3163.5704,3270.2732
142814000,3182.0391,4543600,45509700,10815021900,127890619300,3273.1271,3276.0205,3163.5704,3270.2732
142819000,3182.3877,1726500,26016300,10816748400,127916635600,3273.1271,3276.0205,3163.5704,3270.2732
142823000,3182.5305,2484900,31976200,10819233300,127948611800,3273.1271,3276.0205,3163.5704,3270.2732
142829000,3182.7734,3043400,38057100,10822276700,127986668900,3273.1271,3276.0205,3163.5704,3270.2732
142834000,3182.4326,3148800,29576900,10825425500,128016245800,3273.1271,3276.0205,3163.5704,3270.2732
142838000,3182.5535,2011200,24945900,10827436700,128041191700,3273.1271,3276.0205,3163.5704,3270.2732
142844000,3182.4934,2732300,32498800,10830169000,128073690500,3273.1271,3276.0205,3163.5704,3270.2732
142849000,3182.5002,1243400,19037000,10831412400,128092727500,3273.1271,3276.0205,3163.5704,3270.2732
142854000,3182.4752,2205800,29797700,10833618200,128122525200,3273.1271,3276.0205,3163.5704,3270.2732
142859000,3183.1574,2982100,38525100,10836600300,128161050300,3273.1271,3276.0205,3163.5704,3270.2732
142904000,3183.2572,2604000,37641900,10839204300,128198692200,3273.1271,3276.0205,3163.5704,3270.2732
142908000,3183.3936,1967700,27332700,10841172000,128226024900,3273.1271,3276.0205,3163.5704,3270.2732
142914000,3183.0236,3324400,41354400,10844496400,128267379300,3273.1271,3276.0205,3163.5704,3270.2732
142919000,3183.0615,2148700,29919700,10846645100,128297299000,3273.1271,3276.0205,3163.5704,3270.2732
142923000,3182.6771,2688300,34643100,10849333400,128331942100,3273.1271,3276.0205,3163.5704,3270.2732
142929000,3182.6195,4185000,48615000,10853518400,128380557100,3273.1271,3276.0205,3163.5704,3270.2732
142934000,3183.3064,3169100,33168400,10856687500,128413725500,3273.1271,3276.0205,3163.5704,3270.2732
142938000,3182.5752,1884900,26810600,10858572400,128440536100,3273.1271,3276.0205,3163.5704,3270.2732
142944000,3182.9113,3043700,34884200,10861616100,128475420300,3273.1271,3276.0205,3163.5704,3270.2732
142949000,3183.0636,1932800,20652300,10863548900,128496072600,3273.1271,3276.0205,3163.5704,3270.2732
142954000,3183.0632,2093100,27999000,10865642000,128524071600,3273.1271,3276.0205,3163.5704,3270.2732
143000000,3182.5908,2194800,27227600,10867836800,128551299200,3273.1271,3276.0205,3163.5704,3270.2732
143005000,3182.4628,3048600,34232600,10870885400,128585531800,3273.1271,3276.0205,3163.5704,3270.2732
143010000,3181.7537,2509200,37957400,10873394600,128623489200,3273.1271,3276.0205,3163.5704,3270.2732
143014000,3182.6412,1964200,26267500,10875358800,128649756700,3273.1271,3276.0205,3163.5704,3270.2732
143020000,3183.8063,2970600,39306900,10878329400,128689063600,3273.1271,3276.0205,3163.5704,3270.2732
143025000,3183.4151,1870700,29237300,10880200100,128718300900,3273.1271,3276.0205,3163.5704,3270.2732
143029000,3183.1156,3050300,37635100,10883250400,128755936000,3273.1271,3276.0205,3163.5704,3270.2732
143035000,3183.2573,2764700,30882600,10886015100,128786818600,3273.1271,3276.0205,3163.5704,3270.2732
143040000,3183.4241,3431000,38442000,10889446100,128825260600,3273.1271,3276.0205,3163.5704,3270.2732
143044000,3183.1012,2247600,30546300,10891693700,128855806900,3273.1271,3276.0205,3163.5704,3270.2732
143050000,3183.8896,2937000,34559000,10894630700,128890365900,3273.1271,3276.0205,3163.5704,3270.2732
143055000,3184.6356,2341700,37453900,10896972400,128927819800,3273.1271,3276.0205,3163.5704,3270.2732
143059000,3185.1123,3465500,46874800,10900437900,128974694600,3273.1271,3276.0205,3163.5704,3270.2732
143105000,3185.4751,3346600,40097500,10903784500,129014792100,3273.1271,3276.0205,3163.5704,3270.2732
143110000,3185.4436,2037100,27694800,10905821600,129042486900,3273.1271,3276.0205,3163.5704,3270.2732
143114000,3185.5822,1994100,24136500,10907815700,129066623400,3273.1271,3276.0205,3163.5704,3270.2732
143120000,3187.3992,3448200,43946600,10911263900,129110570000,3273.1271,3276.0205,3163.5704,3270.2732
143125000,3186.6824,2123400,24635100,10913387300,129135205100,3273.1271,3276.0205,3163.5704,3270.2732
143129000,3186.251,3374800,41346400,10916762100,129176551500,3273.1271,3276.0205,3163.5704,3270.2732
143135000,3186.1721,3134700,43042900,10919896800,129219594400,3273.1271,3276.0205,3163.5704,3270.2732
143140000,3185.9382,2709200,33870900,10922606000,129253465300,3273.1271,3276.0205,3163.5704,3270.2732
143144000,3186.3294,3086900,41095000,10925692900,129294560300,3273.1271,3276.0205,3163.5704,3270.2732
143150000,3185.1745,3566600,49333200,10929259500,129343893500,3273.1271,3276.0205,3163.5704,3270.2732
143155000,3184.6181,3746200,39859000,10933005700,129383752500,3273.1271,3276.0205,3163.5704,3270.2732
143159000,3184.2306,3480900,43893900,10936486600,129427646400,3273.1271,3276.0205,3163.5704,3270.2732
143205000,3183.6791,3495500,48141600,10939982100,129475788000,3273.1271,3276.0205,3163.5704,3270.2732
143210000,3183.646,3201900,43500300,10943184000,129519288300,3273.1271,3276.0205,3163.5704,3270.2732
143214000,3183.4722,2373800,32697500,10945557800,129551985800,3273.1271,3276.0205,3163.5704,3270.2732
143220000,3183.4218,3402600,53167600,10948960400,129605153400,3273.1271,3276.0205,3163.5704,3270.2732
143225000,3183.4668,3376700,37808700,10952337100,129642962100,3273.1271,3276.0205,3163.5704,3270.2732
143230000,3183.0962,3896500,41812900,10956233600,129684775000,3273.1271,3276.0205,3163.5704,3270.2732
143235000,3182.4647,4287200,48099800,10960520800,129732874800,3273.1271,3276.0205,3163.5704,3270.2732
143240000,3182.3814,4276900,41894100,10964797700,129774768900,3273.1271,3276.0205,3163.5704,3270.2732
143244000,3182.7017,3344000,38011000,10968141700,129812779900,3273.1271,3276.0205,3163.5704,3270.2732
143250000,3181.4433,3960700,49033400,10972102400,129861813300,3273.1271,3276.0205,3163.5704,3270.2732
143255000,3181.3081,2068900,27080500,10974171300,129888893800,3273.1271,3276.0205,3163.5704,3270.2732
143259000,3181.3338,2814500,34614200,10976985800,129923508000,3273.1271,3276.0205,3163.5704,3270.2732
143305000,3181.1676,3770300,42866500,10980756100,129966374500,3273.1271,3276.0205,3163.5704,3270.2732
143310000,3182.0555,3247700,36865800,10984003800,130003240300,3273.1271,3276.0205,3163.5704,3270.2732
143314000,3181.631,1714700,24106100,10985718500,130027346400,3273.1271,3276.0205,3163.5704,3270.2732
143320000,3181.4538,2707800,38627300,10988426300,130065973700,3273.1271,3276.0205,3163.5704,3270.2732
143325000,3181.2077,2773900,29444200,10991200200,130095417900,3273.1271,3276.0205,3163.5704,3270.2732
143329000,3180.9466,3087400,38088100,10994287600,130133506000,3273.1271,3276.0205,3163.5704,3270.2732
143335000,3180.7791,2465500,30228100,10996753100,130163734100,3273.1271,3276.0205,3163.5704,3270.2732
143340000,3180.7265,3256900,34285800,11000010000,130198019900,3273.1271,3276.0205,3163.5704,3270.2732
143346000,3180.5666,3925200,44901600,11003935200,130242921500,3273.1271,3276.0205,3163.5704,3270.2732
143350000,3180.4964,2093700,29859400,11006028900,130272780900,3273.1271,3276.0205,3163.5704,3270.2732
143355000,3180.4718,2589700,34974600,11008618600,130307755500,3273.1271,3276.0205,3163.5704,3270.2732
143401000,3180.1003,4624600,50752600,11013243200,130358508100,3273.1271,3276.0205,3163.5704,3270.2732
143405000,3179.7154,2755500,35315600,11015998700,130393823700,3273.1271,3276.0205,3163.5704,3270.2732
143410000,3179.3126,2501300,30402400,11018500000,130424226100,3273.1271,3276.0205,3163.5704,3270.2732
143416000,3179.2466,4260100,55472300,11022760100,130479698400,3273.1271,3276.0205,3163.5704,3270.2732
143420000,3179.2619,3492700,41176300,11026252800,130520874700,3273.1271,3276.0205,3163.5704,3270.2732
143426000,3179.0506,4438600,62441900,11030691400,130583316600,3273.1271,3276.0205,3163.5704,3270.2732
143431000,3178.9167,4319000,45918000,11035010400,130629234600,3273.1271,3276.0205,3163.5704,3270.2732
143435000,3178.7667,3241600,42747100,11038252000,130671981700,3273.1271,3276.0205,3163.5704,3270.2732
143441000,3178.551,4828000,51187300,11043080000,130723169000,3273.1271,3276.0205,3163.5704,3270.2732
143446000,3177.9985,6046600,61211000,11049126600,130784380000,3273.1271,3276.0205,3163.5704,3270.2732
143450000,3178.1491,2193100,32038200,11051319700,130816418200,3273.1271,3276.0205,3163.5704,3270.2732
143456000,3177.478,4342000,62706500,11055661700,130879124700,3273.1271,3276.0205,3163.5704,3270.2732
143501000,3178.2568,3689200,41883500,11059350900,130921008200,3273.1271,3276.0205,3163.5704,3270.2732
143505000,3177.6473,4477700,53095400,11063828600,130974103600,3273.1271,3276.0205,3163.5704,3270.2732
143511000,3177.0885,3856100,48210900,11067684700,131022314500,3273.1271,3276.0205,3163.5704,3270.2732
143516000,3177.6735,3602500,39194500,11071287200,131061509000,3273.1271,3276.0205,3163.5704,3270.2732
143520000,3177.8835,2170200,35969500,11073457400,131097478500,3273.1271,3276.0205,3163.5704,3270.2732
143526000,3177.5521,3772100,48895200,11077229500,131146373700,3273.1271,3276.0205,3163.5704,3270.2732
143531000,3177.9338,2934100,34059200,11080163600,131180432900,3273.1271,3276.0205,3163.5704,3270.2732
143535000,3177.8906,2132900,34361500,11082296500,131214794400,3273.1271,3276.0205,3163.5704,3270.2732
143541000,3177.9077,3777700,38647300,11086074200,131253441700,3273.1271,3276.0205,3163.5704,3270.2732
143546000,3177.941,3265500,36862700,11089339700,131290304400,3273.1271,3276.0205,3163.5704,3270.2732
143550000,3178.0255,2734400,38170700,11092074100,131328475100,3273.1271,3276.0205,3163.5704,3270.2732
143556000,3178.1161,3201800,37577600,11095275900,131366052700,3273.1271,3276.0205,3163.5704,3270.2732
143601000,3178.4712,3148900,38565100,11098424800,131404617800,3273.1271,3276.0205,3163.5704,3270.2732
143606000,3178.3758,2406400,35904500,11100831200,131440522300,3273.1271,3276.0205,3163.5704,3270.2732
143611000,3178.5755,4504000,51312100,11105335200,131491834400,3273.1271,3276.0205,3163.5704,3270.2732
143616000,3178.6,2306700,35983800,11107641900,131527818200,3273.1271,3276.0205,3163.5704,3270.2732
143620000,3179.169,1732300,23588900,11109374200,131551407100,3273.1271,3276.0205,3163.5704,3270.2732
143626000,3179.2624,4032600,42673800,11113406800,131594080900,3273.1271,3276.0205,3163.5704,3270.2732
143631000,3179.7203,2422100,24763500,11115828900,131618844400,3273.1271,3276.0205,3163.5704,3270.2732
143635000,3179.5058,2165500,29406000,11117994400,131648250400,3273.1271,3276.0205,3163.5704,3270.2732
143641000,3179.7476,3215500,39844900,11121209900,131688095300,3273.1271,3276.0205,3163.5704,3270.2732
143646000,3179.2824,2672900,34602700,11123882800,131722698000,3273.1271,3276.0205,3163.5704,3270.2732
143650000,3179.9438,2108400,29072000,11125991200,131751770000,3273.1271,3276.0205,3163.5704,3270.2732
143656000,3179.9466,2367700,34988700,11128358900,131786758700,3273.1271,3276.0205,3163.5704,3270.2732
143701000,3179.7862,1662200,26557600,11130021100,131813316300,3273.1271,3276.0205,3163.5704,3270.2732
143705000,3179.999,2722600,35540300,11132743700,131848856600,3273.1271,3276.0205,3163.5704,3270.2732
143711000,3180.0204,2986300,37142800,11135730000,131885999400,3273.1271,3276.0205,3163.5704,3270.2732
143716000,3179.8397,2901600,25686300,11138631600,131911685700,3273.1271,3276.0205,3163.5704,3270.2732
143720000,3179.9272,2360200,23608800,11140991800,131935294500,3273.1271,3276.0205,3163.5704,3270.2732
143726000,3179.1761,3748200,40208500,11144740000,131975503000,3273.1271,3276.0205,3163.5704,3270.2732
143731000,3178.894,2409800,29381000,11147149800,132004884000,3273.1271,3276.0205,3163.5704,3270.2732
143737000,3178.7075,3159100,44403100,11150308900,132049287100,3273.1271,3276.0205,3163.5704,3270.2732
143741000,3177.7625,3341300,43965600,11153650200,132093252700,3273.1271,3276.0205,3163.5704,3270.2732
143747000,3177.696,3822300,51801000,11157472500,132145053700,3273.1271,3276.0205,3163.5704,3270.2732
143752000,3177.7427,3056400,35383800,11160528900,132180437500,3273.1271,3276.0205,3163.5704,3270.2732
143756000,3176.9969,3447900,47075000,11163976800,132227512500,3273.1271,3276.0205,3163.5704,3270.2732
143802000,3176.846,3920900,43685500,11167897700,132271198000,3273.1271,3276.0205,3163.5704,3270.2732
143807000,3176.6047,2457000,23995100,11170354700,132295193100,3273.1271,3276.0205,3163.5704,3270.2732
143812000,3176.1907,2704100,38357300,11173058800,132333550400,3273.1271,3276.0205,3163.5704,3270.2732
143817000,3176.7823,2770900,36953800,11175829700,132370504200,3273.1271,3276.0205,3163.5704,3270.2732
143822000,3176.5115,2306900,27474300,11178136600,132397978500,3273.1271,3276.0205,3163.5704,3270.2732
143826000,3176.7266,2378600,31734500,11180515200,132429713000,3273.1271,3276.0205,3163.5704,3270.2732
143832000,3177.088,3321800,42351600,11183837000,132472064600,3273.1271,3276.0205,3163.5704,3270.2732
143837000,3176.91,2388800,27157400,11186225800,132499222000,3273.1271,3276.0205,3163.5704,3270.2732
143842000,3176.7506,2070300,36048200,11188296100,132535270200,3273.1271,3276.0205,3163.5704,3270.2732
143847000,3176.6529,3366800,46088900,11191662900,132581359100,3273.1271,3276.0205,3163.5704,3270.2732
143852000,3176.7176,2609400,28871600,11194272300,132610230700,3273.1271,3276.0205,3163.5704,3270.2732
143856000,3177.0173,2499300,25679000,11196771600,132635909700,3273.1271,3276.0205,3163.5704,3270.2732
143902000,3176.9097,3036800,40076400,11199808400,132675986100,3273.1271,3276.0205,3163.5704,3270.2732
143907000,3176.7796,2188000,24985700,11201996400,132700971800,3273.1271,3276.0205,3163.5704,3270.2732
143911000,3177.0166,2368000,25523900,11204364400,132726495700,3273.1271,3276.0205,3163.5704,3270.2732
143917000,3177.4058,2698900,33665300,11207063300,132760161000,3273.1271,3276.0205,3163.5704,3270.2732
143922000,3177.4602,2336100,28847200,11209399400,132789008200,3273.1271,3276.0205,3163.5704,3270.2732
143926000,3177.2177,3158400,25846700,11212557800,132814854900,3273.1271,3276.0205,3163.5704,3270.2732
143932000,3177.1653,4265200,33425300,11216823000,132848280200,3273.1271,3276.0205,3163.5704,3270.2732
143937000,3177.1212,3553200,29309800,11220376200,132877590000,3273.1271,3276.0205,3163.5704,3270.2732
143941000,3177.7779,2953400,30273000,11223329600,132907863000,3273.1271,3276.0205,3163.5704,3270.2732
143947000,3177.271,4892700,39860800,11228222300,132947723800,3273.1271,3276.0205,3163.5704,3270.2732
143952000,3177.5911,2873800,27646300,11231096100,132975370100,3273.1271,3276.0205,3163.5704,3270.2732
143956000,3177.4681,1964100,22196400,11233060200,132997566500,3273.1271,3276.0205,3163.5704,3270.2732
144002000,3177.4403,2739000,30291300,11235799200,133027857800,3273.1271,3276.0205,3163.5704,3270.2732
144007000,3177.3656,3030600,32337900,11238829800,133060195700,3273.1271,3276.0205,3163.5704,3270.2732
144012000,3176.3749,2645100,41634100,11241474900,133101829800,3273.1271,3276.0205,3163.5704,3270.2732
144017000,3177.9262,3029900,33773700,11244504800,133135603500,3273.1271,3276.0205,3163.5704,3270.2732
144022000,3177.9774,3750600,39444800,11248255400,133175048300,3273.1271,3276.0205,3163.5704,3270.2732
144026000,3177.9206,2228800,23746700,11250484200,133198795000,3273.1271,3276.0205,3163.5704,3270.2732
144032000,3178.2747,4190300,37857500,11254674500,133236652500,3273.1271,3276.0205,3163.5704,3270.2732
144037000,3177.6601,2344800,27983000,11257019300,133264635500,3273.1271,3276.0205,3163.5704,3270.2732
144041000,3178.3182,2960100,33363500,11259979400,133297999000,3273.1271,3276.0205,3163.5704,3270.2732
144047000,3178.3505,2903000,32930100,11262882400,133330929100,3273.1271,3276.0205,3163.5704,3270.2732
144052000,3178.9625,2667700,28473900,11265550100,133359403000,3273.1271,3276.0205,3163.5704,3270.2732
144056000,3178.4136,1723500,20043500,11267273600,133379446500,3273.1271,3276.0205,3163.5704,3270.2732
144102000,3178.6654,3099200,43182500,11270372800,133422629000,3273.1271,3276.0205,3163.5704,3270.2732
144107000,3178.8984,1828600,20993300,11272201400,133443622300,3273.1271,3276.0205,3163.5704,3270.2732
144111000,3178.7157,2457600,29148500,11274659000,133472770800,3273.1271,3276.0205,3163.5704,3270.2732
144117000,3179.3586,5054800,49098100,11279713800,133521868900,3273.1271,3276.0205,3163.5704,3270.2732
144122000,3179.3056,3104800,28497700,11282818600,133550366600,3273.1271,3276.0205,3163.5704,3270.2732
144128000,3179.4589,4230300,47874600,11287048900,133598241200,3273.1271,3276.0205,3163.5704,3270.2732
144132000,3179.5457,2108000,29701800,11289156900,133627943000,3273.1271,3276.0205,3163.5704,3270.2732
144138000,3179.6822,2920900,40383400,11292077800,133668326400,3273.1271,3276.0205,3163.5704,3270.2732
144143000,3179.4687,2037500,23526300,11294115300,133691852700,3273.1271,3276.0205,3163.5704,3270.2732
144148000,3179.1659,2476500,29296000,11296591800,133721148700,3273.1271,3276.0205,3163.5704,3270.2732
144153000,3179.3482,2344700,34271900,11298936500,133755420600,3273.1271,3276.0205,3163.5704,3270.2732
144158000,3179.3929,2691900,30303800,11301628400,133785724400,3273.1271,3276.0205,3163.5704,3270.2732
144202000,3178.0307,3932200,43223900,11305560600,133828948300,3273.1271,3276.0205,3163.5704,3270.2732
144208000,3177.916,3905100,54517800,11309465700,133883466100,3273.1271,3276.0205,3163.5704,3270.2732
144213000,3177.905,2559900,32772200,11312025600,133916238300,3273.1271,3276.0205,3163.5704,3270.2732
144218000,3176.2372,5133100,56849500,11317158700,133973087800,3273.1271,3276.0205,3163.5704,3270.2732
144223000,3177.0388,3647800,48304400,11320806500,134021392200,3273.1271,3276.0205,3163.5704,3270.2732
144228000,3176.6884,2938300,39172800,11323744800,134060565000,3273.1271,3276.0205,3163.5704,3270.2732
144232000,3176.6309,2296000,31118900,11326040800,134091683900,3273.1271,3276.0205,3163.5704,3270.2732
144238000,3176.0855,3700200,43836800,11329741000,134135520700,3273.1271,3276.0205,3163.5704,3270.2732
144243000,3176.1574,3396700,38071000,11333137700,134173591700,3273.1271,3276.0205,3163.5704,3270.2732
144247000,3176.0454,3611300,39775400,11336749000,134213367100,3273.1271,3276.0205,3163.5704,3270.2732
144253000,3175.7892,3799600,42659300,11340548600,134256026400,3273.1271,3276.0205,3163.5704,3270.2732
144258000,3175.7158,4553200,45716900,11345101800,134301743300,3273.1271,3276.0205,3163.5704,3270.2732
144302000,3175.1828,3131600,40613100,11348233400,134342356400,3273.1271,3276.0205,3163.5704,3270.2732
144308000,3175.3775,5254400,52498100,11353487800,134394854500,3273.1271,3276.0205,3163.5704,3270.2732
144313000,3175.5881,2336100,28033300,11355823900,134422887800,3273.1271,3276.0205,3163.5704,3270.2732
144317000,3174.8147,6253900,75629900,11362077800,134498517700,3273.1271,3276.0205,3163.5704,3270.2732
144323000,3174.5744,5112600,53646800,11367190400,134552164500,3273.1271,3276.0205,3163.5704,3270.2732
144328000,3175.4241,2852700,35019800,11370043100,134587184300,3273.1271,3276.0205,3163.5704,3270.2732
144332000,3174.9425,3033500,32060000,11373076600,134619244300,3273.1271,3276.0205,3163.5704,3270.2732
144338000,3175.1419,3601500,44242400,11376678100,134663486700,3273.1271,3276.0205,3163.5704,3270.2732
144343000,3174.7741,3481900,59511800,11380160000,134722998500,3273.1271,3276.0205,3163.5704,3270.2732
144347000,3174.5945,3365800,42937300,11383525800,134765935800,3273.1271,3276.0205,3163.5704,3270.2732
144353000,3174.4451,4214600,51100600,11387740400,134817036400,3273.1271,3276.0205,3163.5704,3270.2732
144358000,3174.2484,4354600,52960600,11392095000,134869997000,3273.1271,3276.0205,3163.5704,3270.2732
144402000,3173.9927,3440300,38319500,11395535300,134908316500,3273.1271,3276.0205,3163.5704,3270.2732
144408000,3174.26,3399700,44730900,11398935000,134953047400,3273.1271,3276.0205,3163.5704,3270.2732
144413000,3174.2848,2040600,25092000,11400975600,134978139400,3273.1271,3276.0205,3163.5704,3270.2732
144417000,3174.2832,3998200,40336300,11404973800,135018475700,3273.1271,3276.0205,3163.5704,3270.2732
144423000,3174.1489,4913500,43957600,11409887300,135062433300,3273.1271,3276.0205,3163.5704,3270.2732
144428000,3174.0278,4173900,39870000,11414061200,135102303300,3273.1271,3276.0205,3163.5704,3270.2732
144432000,3174.2813,2553800,24564500,11416615000,135126867800,3273.1271,3276.0205,3163.5704,3270.2732
144438000,3174.4015,4188400,48515600,11420803400,135175383400,3273.1271,3276.0205,3163.5704,3270.2732
144443000,3173.7386,4116400,33643400,11424919800,135209026800,3273.1271,3276.0205,3163.5704,3270.2732
144448000,3174.3524,4021800,40907600,11428941600,135249934400,3273.1271,3276.0205,3163.5704,3270.2732
144453000,3173.8443,4637900,44958300,11433579500,135294892700,3273.1271,3276.0205,3163.5704,3270.2732
144458000,3173.7516,4816000,47370800,11438395500,135342263500,3273.1271,3276.0205,3163.5704,3270.2732
144502000,3173.7767,5417100,50371000,11443812600,135392634500,3273.1271,3276.0205,3163.5704,3270.2732
144508000,3172.6761,5413800,49527800,11449226400,135442162300,3273.1271,3276.0205,3163.5704,3270.2732
144513000,3172.3955,3874900,43501400,11453101300,135485663700,3273.1271,3276.0205,3163.5704,3270.2732
144517000,3173.0096,4538300,42406900,11457639600,135528070600,3273.1271,3276.0205,3163.5704,3270.2732
144524000,3171.9437,4984200,54292200,11462623800,135582362800,3273.1271,3276.0205,3163.5704,3270.2732
144529000,3171.6312,4559800,48238100,11467183600,135630600900,3273.1271,3276.0205,3163.5704,3270.2732
144534000,3171.4223,4177300,49862200,11471360900,135680463100,3273.1271,3276.0205,3163.5704,3270.2732
144538000,3171.9092,2566500,27792900,11473927400,135708256000,3273.1271,3276.0205,3163.5704,3270.2732
144544000,3171.9987,4377000,52585300,11478304400,135760841300,3273.1271,3276.0205,3163.5704,3270.2732
144549000,3172.061,1692000,22284200,11479996400,135783125500,3273.1271,3276.0205,3163.5704,3270.2732
144553000,3171.8572,3307400,37166100,11483303800,135820291600,3273.1271,3276.0205,3163.5704,3270.2732
144559000,3172.2731,4700500,41095900,11488004300,135861387500,3273.1271,3276.0205,3163.5704,3270.2732
144604000,3171.9634,3860900,43354100,11491865200,135904741600,3273.1271,3276.0205,3163.5704,3270.2732
144608000,3171.6142,5195800,56735100,11497061000,135961476700,3273.1271,3276.0205,3163.5704,3270.2732
144614000,3171.4191,3504100,40199100,11500565100,136001675800,3273.1271,3276.0205,3163.5704,3270.2732
144619000,3172.2987,3284200,34726700,11503849300,136036402500,3273.1271,3276.0205,3163.5704,3270.2732
144624000,3172.4747,3812100,43823100,11507661400,136080225600,3273.1271,3276.0205,3163.5704,3270.2732
144629000,3172.3849,5712000,60773500,11513373400,136140999100,3273.1271,3276.0205,3163.5704,3270.2732
144634000,3173.1073,5365200,58579900,11518738600,136199579000,3273.1271,3276.0205,3163.5704,3270.2732
144638000,3173.3491,3028900,43147300,11521767500,136242726300,3273.1271,3276.0205,3163.5704,3270.2732
144644000,3173.0787,4717600,51819900,11526485100,136294546200,3273.1271,3276.0205,3163.5704,3270.2732
144649000,3174.5861,2436100,35273300,11528921200,136329819500,3273.1271,3276.0205,3163.5704,3270.2732
144654000,3174.4752,3691800,47991100,11532613000,136377810600,3273.1271,3276.0205,3163.5704,3270.2732
144659000,3174.1262,3526300,38560000,11536139300,136416370600,3273.1271,3276.0205,3163.5704,3270.2732
144704000,3173.9238,3504500,35246300,11539643800,136451616900,3273.1271,3276.0205,3163.5704,3270.2732
144708000,3174.6478,3657900,31678300,11543301700,136483295200,3273.1271,3276.0205,3163.5704,3270.2732
144714000,3174.6455,4224300,43862100,11547526000,136527157300,3273.1271,3276.0205,3163.5704,3270.2732
144719000,3175.1431,2625300,30059900,11550151300,136557217200,3273.1271,3276.0205,3163.5704,3270.2732
144724000,3175.2802,4334500,42109800,11554485800,136599327000,3273.1271,3276.0205,3163.5704,3270.2732
144729000,3174.92,4834800,58901200,11559320600,136658228200,3273.1271,3276.0205,3163.5704,3270.2732
144734000,3175.2588,3651800,35772600,11562972400,136694000800,3273.1271,3276.0205,3163.5704,3270.2732
144738000,3176.0559,3065400,34547000,11566037800,136728547800,3273.1271,3276.0205,3163.5704,3270.2732
144744000,3175.3565,3543500,40823000,11569581300,136769370800,3273.1271,3276.0205,3163.5704,3270.2732
144749000,3176.2043,2236200,25632200,11571817500,136795003000,3273.1271,3276.0205,3163.5704,3270.2732
144753000,3176.0479,3567300,43298300,11575384800,136838301300,3273.1271,3276.0205,3163.5704,3270.2732
144759000,3176.2813,4706600,46370400,11580091400,136884671700,3273.1271,3276.0205,3163.5704,3270.2732
144804000,3176.1231,4528100,47002700,11584619500,136931674400,3273.1271,3276.0205,3163.5704,3270.2732
144808000,3176.6094,3652200,34865300,11588271700,136966539700,3273.1271,3276.0205,3163.5704,3270.2732
144814000,3177.3622,5916100,67248300,11594187800,137033788000,3273.1271,3276.0205,3163.5704,3270.2732
144819000,3176.7936,2865500,29273300,11597053300,137063061300,3273.1271,3276.0205,3163.5704,3270.2732
144823000,3176.6755,3148500,32729100,11600201800,137095790400,3273.1271,3276.0205,3163.5704,3270.2732
144829000,3177.6141,4028300,52324200,11604230100,137148114600,3273.1271,3276.0205,3163.5704,3270.2732
144834000,3177.0126,3097000,35260200,11607327100,137183374800,3273.1271,3276.0205,3163.5704,3270.2732
144838000,3176.8268,2329000,31245200,11609656100,137214620000,3273.1271,3276.0205,3163.5704,3270.2732
144844000,3176.9508,4624200,51767200,11614280300,137266387200,3273.1271,3276.0205,3163.5704,3270.2732
144849000,3177.1784,3762500,36937800,11618042800,137303325000,3273.1271,3276.0205,3163.5704,3270.2732
144853000,3177.8887,3363000,41570600,11621405800,137344895600,3273.1271,3276.0205,3163.5704,3270.2732
144859000,3177.3782,6127800,54824500,11627533600,137399720100,3273.1271,3276.0205,3163.5704,3270.2732
144904000,3177.32,3289000,40445400,11630822600,137440165500,3273.1271,3276.0205,3163.5704,3270.2732
144910000,3177.5248,4281600,52473700,11635104200,137492639200,3273.1271,3276.0205,3163.5704,3270.2732
144914000,3177.0672,2242900,25575100,11637347100,137518214300,3273.1271,3276.0205,3163.5704,3270.2732
144920000,3178.2904,4513800,48468800,11641860900,137566683100,3273.1271,3276.0205,3163.5704,3270.2732
144925000,3178.2741,3256000,34796800,11645116900,137601479900,3273.1271,3276.0205,3163.5704,3270.2732
144930000,3178.5637,3183200,39055500,11648300100,137640535400,3273.1271,3276.0205,3163.5704,3270.2732
144935000,3178.7736,3973700,45302800,11652273800,137685838200,3273.1271,3276.0205,3163.5704,3270.2732
144940000,3178.6277,3446500,43468600,11655720300,137729306800,3273.1271,3276.0205,3163.5704,3270.2732
144944000,3178.6233,2450200,26383700,11658170500,137755690500,3273.1271,3276.0205,3163.5704,3270.2732
144950000,3179.3297,4921900,49943300,11663092400,137805633800,3273.1271,3276.0205,3163.5704,3270.2732
144955000,3179.5579,3815900,46720000,11666908300,137852353800,3273.1271,3276.0205,3163.5704,3270.2732
144959000,3179.6207,2576700,34904800,11669485000,137887258600,3273.1271,3276.0205,3163.5704,3270.2732
145005000,3178.6516,4558600,44963800,11674043600,137932222400,3273.1271,3276.0205,3163.5704,3270.2732
145010000,3179.3882,5516700,49807900,11679560300,137982030300,3273.1271,3276.0205,3163.5704,3270.2732
145014000,3179.4915,2370000,24261900,11681930300,138006292200,3273.1271,3276.0205,3163.5704,3270.2732
145020000,3179.7832,4149600,43413800,11686079900,138049706000,3273.1271,3276.0205,3163.5704,3270.2732
145025000,3179.8096,2673900,27903700,11688753800,138077609700,3273.1271,3276.0205,3163.5704,3270.2732
145029000,3179.5434,3876900,46624900,11692630700,138124234600,3273.1271,3276.0205,3163.5704,3270.2732
145035000,3180.0183,4677400,41699900,11697308100,138165934500,3273.1271,3276.0205,3163.5704,3270.2732
145040000,3179.7267,4488100,42937800,11701796200,138208872300,3273.1271,3276.0205,3163.5704,3270.2732
145044000,3180.1323,1935500,26262800,11703731700,138235135100,3273.1271,3276.0205,3163.5704,3270.2732
145050000,3179.8676,3468700,35604000,11707200400,138270739100,3273.1271,3276.0205,3163.5704,3270.2732
145055000,3180.1049,3700400,31734900,11710900800,138302474000,3273.1271,3276.0205,3163.5704,3270.2732
145059000,3181.091,3129600,35707800,11714030400,138338181800,3273.1271,3276.0205,3163.5704,3270.2732
145105000,3180.3665,4796400,45508200,11718826800,138383690000,3273.1271,3276.0205,3163.5704,3270.2732
145110000,3180.0718,4262800,42441100,11723089600,138426131100,3273.1271,3276.0205,3163.5704,3270.2732
145114000,3180.9786,2693900,29758800,11725783500,138455889900,3273.1271,3276.0205,3163.5704,3270.2732
145120000,3180.4695,3988400,43900800,11729771900,138499790700,3273.1271,3276.0205,3163.5704,3270.2732
145125000,3180.7683,3273500,36347100,11733045400,138536137800,3273.1271,3276.0205,3163.5704,3270.2732
145130000,3181.1828,2455800,29988200,11735501200,138566126000,3273.1271,3276.0205,3163.5704,3270.2732
145135000,3180.8046,3601000,39004000,11739102200,138605130000,3273.1271,3276.0205,3163.5704,3270.2732
145140000,3180.9754,3171500,31707900,11742273700,138636837900,3273.1271,3276.0205,3163.5704,3270.2732
145144000,3181.1554,2974300,40137300,11745248000,138676975200,3273.1271,3276.0205,3163.5704,3270.2732
145150000,3180.6906,4143100,43816300,11749391100,138720791500,3273.1271,3276.0205,3163.5704,3270.2732
145155000,3181.4985,4990000,41492500,11754381100,138762284000,3273.1271,3276.0205,3163.5704,3270.2732
145200000,3181.2581,4537400,49224500,11758918500,138811508500,3273.1271,3276.0205,3163.5704,3270.2732
145205000,3182.3844,5128800,55377600,11764047300,138866886100,3273.1271,3276.0205,3163.5704,3270.2732
145210000,3182.0308,3976900,45295700,11768024200,138912181800,3273.1271,3276.0205,3163.5704,3270.2732
145214000,3181.8134,2531700,32086500,11770555900,138944268300,3273.1271,3276.0205,3163.5704,3270.2732
145220000,3181.598,4628200,45641700,11775184100,138989910000,3273.1271,3276.0205,3163.5704,3270.2732
145225000,3181.8532,3212800,32331800,11778396900,139022241800,3273.1271,3276.0205,3163.5704,3270.2732
145229000,3181.9536,3919400,45022100,11782316300,139067263900,3273.1271,3276.0205,3163.5704,3270.2732
145235000,3181.9305,4332300,43295300,11786648600,139110559200,3273.1271,3276.0205,3163.5704,3270.2732
145240000,3181.7964,4606700,45124100,11791255300,139155683300,3273.1271,3276.0205,3163.5704,3270.2732
145244000,3182.9474,3470800,31972200,11794726100,139187655500,3273.1271,3276.0205,3163.5704,3270.2732
145250000,3183.1753,4411600,38275500,11799137700,139225931000,3273.1271,3276.0205,3163.5704,3270.2732
145255000,3183.0056,2857800,34368400,11801995500,139260299400,3273.1271,3276.0205,3163.5704,3270.2732
145259000,3183.0088,3618300,39134500,11805613800,139299433900,3273.1271,3276.0205,3163.5704,3270.2732
145305000,3183.2448,4847800,55063900,11810461600,139354497800,3273.1271,3276.0205,3163.5704,3270.2732
145311000,3183.4446,4234100,44232300,11814695700,139398730100,3273.1271,3276.0205,3163.5704,3270.2732
145316000,3183.6965,4987900,45680500,11819683600,139444410600,3273.1271,3276.0205,3163.5704,3270.2732
145320000,3183.8975,2856500,29481500,11822540100,139473892100,3273.1271,3276.0205,3163.5704,3270.2732
145326000,3184.0857,3693500,38715900,11826233600,139512608000,3273.1271,3276.0205,3163.5704,3270.2732
145331000,3184.1186,2793000,33348900,11829026600,139545956900,3273.1271,3276.0205,3163.5704,3270.2732
145335000,3184.6552,3300700,40238800,11832327300,139586195700,3273.1271,3276.0205,3163.5704,3270.2732
145341000,3184.7585,4116300,49570200,11836443600,139635765900,3273.1271,3276.0205,3163.5704,3270.2732
145346000,3183.9934,5349000,51190400,11841792600,139686956300,3273.1271,3276.0205,3163.5704,3270.2732
145350000,3183.6655,3710700,36915900,11845503300,139723872200,3273.1271,3276.0205,3163.5704,3270.2732
145356000,3183.6351,4231400,48930500,11849734700,139772802700,3273.1271,3276.0205,3163.5704,3270.2732
145401000,3183.7176,4077300,49696900,11853812000,139822499600,3273.1271,3276.0205,3163.5704,3270.2732
145405000,3184.1825,3156100,45204800,11856968100,139867704400,3273.1271,3276.0205,3163.5704,3270.2732
145411000,3184.1793,4479100,51090000,11861447200,139918794400,3273.1271,3276.0205,3163.5704,3270.2732
145416000,3184.2405,3051400,36408100,11864498600,139955202500,3273.1271,3276.0205,3163.5704,3270.2732
145420000,3184.8852,3212600,31467500,11867711200,139986670000,3273.1271,3276.0205,3163.5704,3270.2732
145426000,3184.4016,4285700,48071800,11871996900,140034741800,3273.1271,3276.0205,3163.5704,3270.2732
145431000,3184.817,2453600,27653200,11874450500,140062395000,3273.1271,3276.0205,3163.5704,3270.2732
145435000,3184.8976,3557900,38638500,11878008400,140101033500,3273.1271,3276.0205,3163.5704,3270.2732
145441000,3185.2369,3810600,38783300,11881819000,140139816800,3273.1271,3276.0205,3163.5704,3270.2732
145446000,3184.8669,4531700,47825000,11886350700,140187641800,3273.1271,3276.0205,3163.5704,3270.2732
145450000,3185.0858,2220500,25903500,11888571200,140213545300,3273.1271,3276.0205,3163.5704,3270.2732
145456000,3185.2888,4238700,42578000,11892809900,140256123300,3273.1271,3276.0205,3163.5704,3270.2732
145501000,3185.4134,2690000,28127600,11895499900,140284250900,3273.1271,3276.0205,3163.5704,3270.2732
145505000,3185.3856,3524700,54960100,11899024600,140339211000,3273.1271,3276.0205,3163.5704,3270.2732
145511000,3186.2591,6016800,64936100,11905041400,140404147100,3273.1271,3276.0205,3163.5704,3270.2732
145516000,3186.439,4214700,50601600,11909256100,140454748700,3273.1271,3276.0205,3163.5704,3270.2732
145521000,3186.014,2852400,36624100,11912108500,140491372800,3273.1271,3276.0205,3163.5704,3270.2732
145526000,3185.8081,5478100,56792300,11917586600,140548165100,3273.1271,3276.0205,3163.5704,3270.2732
145531000,3185.7876,4624300,48277000,11922210900,140596442100,3273.1271,3276.0205,3163.5704,3270.2732
145536000,3185.9763,5452300,50511900,11927663200,140646954000,3273.1271,3276.0205,3163.5704,3270.2732
145541000,3185.4207,5699900,55128700,11933363100,140702082700,3273.1271,3276.0205,3163.5704,3270.2732
145546000,3185.7643,5524800,52908300,11938887900,140754991000,3273.1271,3276.0205,3163.5704,3270.2732
145550000,3185.6976,2983800,29433400,11941871700,140784424400,3273.1271,3276.0205,3163.5704,3270.2732
145556000,3185.6332,4458300,47301000,11946330000,140831725400,3273.1271,3276.0205,3163.5704,3270.2732
145601000,3185.688,3185900,33706600,11949515900,140865432000,3273.1271,3276.0205,3163.5704,3270.2732
145606000,3185.9364,4300500,47552700,11953816400,140912984700,3273.1271,3276.0205,3163.5704,3270.2732
145611000,3185.2636,5011600,56184300,11958828000,140969169000,3273.1271,3276.0205,3163.5704,3270.2732
145616000,3185.3768,4569300,48552300,11963397300,141017721300,3273.1271,3276.0205,3163.5704,3270.2732
145621000,3185.3183,3317200,38361000,11966714500,141056082300,3273.1271,3276.0205,3163.5704,3270.2732
145626000,3185.8362,5860900,64817200,11972575400,141120899500,3273.1271,3276.0205,3163.5704,3270.2732
145631000,3185.4292,3583400,42412600,11976158800,141163312100,3273.1271,3276.0205,3163.5704,3270.2732
145636000,3184.7599,5823500,64387200,11981982300,141227699300,3273.1271,3276.0205,3163.5704,3270.2732
145641000,3185.1032,5791800,53626500,11987774100,141281325800,3273.1271,3276.0205,3163.5704,3270.2732
145646000,3184.9889,4265900,49872200,11992040000,141331198000,3273.1271,3276.0205,3163.5704,3270.2732
145652000,3184.7941,5353600,57374500,11997393600,141388572500,3273.1271,3276.0205,3163.5704,3270.2732
145657000,3185.225,3072200,34770300,12000465800,141423342800,3273.1271,3276.0205,3163.5704,3270.2732
145701000,3184.5307,3768000,40267400,12004233800,141463610200,3273.1271,3276.0205,3163.5704,3270.2732
145707000,3184.3827,422300,5609700,12004656100,141469219900,3273.1271,3276.0205,3163.5704,3270.2732
150000000,3184.1245,20435700,181267500,12025091800,141650487400,3273.1271,3276.0205,3163.5704,3270.2732
150003000,3183.2822,67370000,881904800,12092461800,142532392200,3273.1271,3276.0205,3163.5704,3270.2732
150003000,3183.4257,8862300,56784600,12101324100,142589176800,3273.1271,3276.0205,3163.5704,3270.2732
