Time,Price,Volume,Turnover,AccVolume,AccTurnover,Open,High,Low,PreClose
92507000,3347.0624,38722500,442250200,38722500,442250200,3347.0624,3347.0624,3347.0624,3342.4379
93003000,3347.0387,20166100,222562900,58888600,664813100,3347.0624,3347.0624,3346.6354,3342.4379
93008000,3347.6869,19092800,235181600,77981400,899994700,3347.0624,3348.0494,3346.6354,3342.4379
93013000,3349.5301,5381800,66254300,83363200,966249000,3347.0624,3349.5301,3346.6354,3342.4379
93018000,3350.3182,4564800,60733600,87928000,1026982600,3347.0624,3350.3182,3346.6354,3342.4379
93023000,3351.2475,4381600,80069600,92309600,1107052200,3347.0624,3351.2526,3346.6354,3342.4379
93028000,3351.1618,4064000,60129700,96373600,1167181900,3347.0624,3351.3791,3346.6354,3342.4379
93033000,3350.8672,3409000,43186500,99782600,1210368400,3347.0624,3351.3791,3346.6354,3342.4379
93038000,3351.0632,4395300,66182400,104177900,1276550800,3347.0624,3351.3791,3346.6354,3342.4379
93043000,3350.4727,6673000,66883800,110850900,1343434600,3347.0624,3351.3791,3346.6354,3342.4379
93048000,3350.0148,3770500,57659400,114621400,1401094000,3347.0624,3351.3791,3346.6354,3342.4379
93053000,3350.085,3615200,52696800,118236600,1453790800,3347.0624,3351.3791,3346.6354,3342.4379
93058000,3349.6501,4091900,59274800,122328500,1513065600,3347.0624,3351.3791,3346.6354,3342.4379
93103000,3349.1872,3882300,54177500,126210800,1567243100,3347.0624,3351.3791,3346.6354,3342.4379
93108000,3348.8417,3404300,56669400,129615100,1623912500,3347.0624,3351.3791,3346.6354,3342.4379
93113000,3348.2906,5193200,65952200,134808300,1689864700,3347.0624,3351.3791,3346.6354,3342.4379
93118000,3348.0016,4008600,53446600,138816900,1743311300,3347.0624,3351.3791,3346.6354,3342.4379
93123000,3347.1164,4023300,59608400,142840200,1802919700,3347.0624,3351.3791,3346.6354,3342.4379
93128000,3346.7844,4755600,66104900,147595800,1869024600,3347.0624,3351.3791,3346.3591,3342.4379
93133000,3345.8086,4466200,64770800,152062000,1933795400,3347.0624,3351.3791,3345.8086,3342.4379
93138000,3344.5903,5075800,70101200,157137800,2003896600,3347.0624,3351.3791,3344.5903,3342.4379
93143000,3344.1044,4985500,73099100,162123300,2076995700,3347.0624,3351.3791,3344.1044,3342.4379
93148000,3342.9404,5387100,62761800,167510400,2139757500,3347.0624,3351.3791,3342.9404,3342.4379
93153000,3342.2627,4101300,53457500,171611700,2193215000,3347.0624,3351.3791,3342.2627,3342.4379
93158000,3342.2905,5770800,74715500,177382500,2267930500,3347.0624,3351.3791,3341.9153,3342.4379
93203000,3342.0261,4476100,56834700,181858600,2324765200,3347.0624,3351.3791,3341.8283,3342.4379
93208000,3341.8666,4689100,64707500,186547700,2389472700,3347.0624,3351.3791,3341.8283,3342.4379
93213000,3341.9305,6391500,74207600,192939200,2463680300,3347.0624,3351.3791,3341.4743,3342.4379
93218000,3341.5083,4175400,53932200,197114600,2517612500,3347.0624,3351.3791,3341.4743,3342.4379
93223000,3341.6776,4111100,57887000,201225700,2575499500,3347.0624,3351.3791,3341.4743,3342.4379
93228000,3341.5532,4826600,65213300,206052300,2640712800,3347.0624,3351.3791,3341.1342,3342.4379
93233000,3341.3568,4170000,51826200,210222300,2692539000,3347.0624,3351.3791,3341.1342,3342.4379
93238000,3342.1857,3949200,51639100,214171500,2744178100,3347.0624,3351.3791,3341.1342,3342.4379
93243000,3341.1406,5339800,62652300,219511300,2806830400,3347.0624,3351.3791,3341.0732,3342.4379
93248000,3340.7811,3642300,46097500,223153600,2852927900,3347.0624,3351.3791,3340.7811,3342.4379
93253000,3340.9072,3495400,50069800,226649000,2902997700,3347.0624,3351.3791,3340.5394,3342.4379
93258000,3340.3644,3960600,57141800,230609600,2960139500,3347.0624,3351.3791,3340.3644,3342.4379
93303000,3340.0482,3455700,50306100,234065300,3010445600,3347.0624,3351.3791,3340.0482,3342.4379
93308000,3339.8841,3416800,51716200,237482100,3062161800,3347.0624,3351.3791,3339.8841,3342.4379
93313000,3339.7711,3891500,48204500,241373600,3110366300,3347.0624,3351.3791,3339.387,3342.4379
93319000,3338.9902,4699700,56543600,246073300,3166909900,3347.0624,3351.3791,3338.8851,3342.4379
93323000,3338.6633,3717200,36327100,249790500,3203237000,3347.0624,3351.3791,3338.6633,3342.4379
93328000,3338.4572,5479800,64607800,255270300,3267844800,3347.0624,3351.3791,3338.4542,3342.4379
93334000,3337.6107,6735800,56045200,262006100,3323890000,3347.0624,3351.3791,3337.6107,3342.4379
93339000,3337.0361,3291700,49253400,265297800,3373143400,3347.0624,3351.3791,3337.0361,3342.4379
93344000,3336.3042,3855400,52886800,269153200,3426030200,3347.0624,3351.3791,3336.3042,3342.4379
93349000,3335.5205,5576500,72827200,274729700,3498857400,3347.0624,3351.3791,3335.5205,3342.4379
93354000,3334.6031,3998200,54432000,278727900,3553289400,3347.0624,3351.3791,3334.6031,3342.4379
93359000,3334.0952,3968000,54800100,282695900,3608089500,3347.0624,3351.3791,3334.0952,3342.4379
93404000,3332.8869,7532600,85595400,290228500,3693684900,3347.0624,3351.3791,3332.8869,3342.4379
93409000,3332.1906,4529300,56674400,294757800,3750359300,3347.0624,3351.3791,3332.1906,3342.4379
93414000,3331.3858,3907000,50954900,298664800,3801314200,3347.0624,3351.3791,3331.2815,3342.4379
93419000,3330.1499,4022100,55680400,302686900,3856994600,3347.0624,3351.3791,3330.1499,3342.4379
93424000,3329.9206,3988500,52526000,306675400,3909520600,3347.0624,3351.3791,3329.9206,3342.4379
93429000,3329.718,3748400,53283900,310423800,3962804500,3347.0624,3351.3791,3329.718,3342.4379
93434000,3329.2166,4383900,63064100,314807700,4025868600,3347.0624,3351.3791,3329.2166,3342.4379
93439000,3329.1645,3456400,46708700,318264100,4072577300,3347.0624,3351.3791,3329.1645,3342.4379
93444000,3329.2387,4346700,64307200,322610800,4136884500,3347.0624,3351.3791,3328.9197,3342.4379
93449000,3330.1006,5440500,76125500,328051300,4213010000,3347.0624,3351.3791,3328.8592,3342.4379
93454000,3329.8162,4873200,60114200,332924500,4273124200,3347.0624,3351.3791,3328.8592,3342.4379
93459000,3329.9233,5073000,55684800,337997500,4328809000,3347.0624,3351.3791,3328.8592,3342.4379
93504000,3329.8178,5166000,66366000,343163500,4395175000,3347.0624,3351.3791,3328.8592,3342.4379
93509000,3330.6488,5111900,60185800,348275400,4455360800,3347.0624,3351.3791,3328.8592,3342.4379
93514000,3330.8311,4210000,61151100,352485400,4516511900,3347.0624,3351.3791,3328.8592,3342.4379
93519000,3332.4946,6091900,69961000,358577300,4586472900,3347.0624,3351.3791,3328.8592,3342.4379
93524000,3333.6623,5702500,64684800,364279800,4651157700,3347.0624,3351.3791,3328.8592,3342.4379
93529000,3334.3104,6729500,87975700,371009300,4739133400,3347.0624,3351.3791,3328.8592,3342.4379
93534000,3334.8938,7396500,84939100,378405800,4824072500,3347.0624,3351.3791,3328.8592,3342.4379
93539000,3335.6175,4820100,55468200,383225900,4879540700,3347.0624,3351.3791,3328.8592,3342.4379
93544000,3336.8862,5626400,64454800,388852300,4943995500,3347.0624,3351.3791,3328.8592,3342.4379
93549000,3337.1061,4905300,60584800,393757600,5004580300,3347.0624,3351.3791,3328.8592,3342.4379
93554000,3338.1054,4474600,48347500,398232200,5052927800,3347.0624,3351.3791,3328.8592,3342.4379
93559000,3338.1262,3947900,52169500,402180100,5105097300,3347.0624,3351.3791,3328.8592,3342.4379
93604000,3338.8986,4367600,58440700,406547700,5163538000,3347.0624,3351.3791,3328.8592,3342.4379
93609000,3339.3671,4278600,49053900,410826300,5212591900,3347.0624,3351.3791,3328.8592,3342.4379
93614000,3339.3526,3349700,51919800,414176000,5264511700,3347.0624,3351.3791,3328.8592,3342.4379
93619000,3340.1731,4786600,57097500,418962600,5321609200,3347.0624,3351.3791,3328.8592,3342.4379
93624000,3340.6808,3056000,38982700,422018600,5360591900,3347.0624,3351.3791,3328.8592,3342.4379
93629000,3340.9327,2889100,43432500,424907700,5404024400,3347.0624,3351.3791,3328.8592,3342.4379
93634000,3341.0693,3283500,44543200,428191200,5448567600,3347.0624,3351.3791,3328.8592,3342.4379
93639000,3341.3626,3781700,40227700,431972900,5488795300,3347.0624,3351.3791,3328.8592,3342.4379
93644000,3341.7673,3123000,43488800,435095900,5532284100,3347.0624,3351.3791,3328.8592,3342.4379
93649000,3342.1968,4522600,50262600,439618500,5582546700,3347.0624,3351.3791,3328.8592,3342.4379
93654000,3342.6942,3957400,37967900,443575900,5620514600,3347.0624,3351.3791,3328.8592,3342.4379
93659000,3342.7185,2681800,35588700,446257700,5656103300,3347.0624,3351.3791,3328.8592,3342.4379
93704000,3343.4543,4123400,54748700,450381100,5710852000,3347.0624,3351.3791,3328.8592,3342.4379
93709000,3343.79,3221300,43246500,453602400,5754098500,3347.0624,3351.3791,3328.8592,3342.4379
93715000,3343.9977,2779800,42906000,456382200,5797004500,3347.0624,3351.3791,3328.8592,3342.4379
93719000,3344.6498,4034200,52518200,460416400,5849522700,3347.0624,3351.3791,3328.8592,3342.4379
93724000,3344.7978,2640300,43539700,463056700,5893062400,3347.0624,3351.3791,3328.8592,3342.4379
93729000,3344.8956,3214000,48703400,466270700,5941765800,3347.0624,3351.3791,3328.8592,3342.4379
93734000,3344.7514,3339900,47159400,469610600,5988925200,3347.0624,3351.3791,3328.8592,3342.4379
93740000,3345.1499,3749000,42731100,473359600,6031656300,3347.0624,3351.3791,3328.8592,3342.4379
93745000,3345.1327,3846800,48859300,477206400,6080515600,3347.0624,3351.3791,3328.8592,3342.4379
93750000,3345.274,3344600,45149000,480551000,6125664600,3347.0624,3351.3791,3328.8592,3342.4379
93755000,3345.9955,3181900,49406800,483732900,6175071400,3347.0624,3351.3791,3328.8592,3342.4379
93800000,3346.2983,2489200,41176600,486222100,6216248000,3347.0624,3351.3791,3328.8592,3342.4379
93805000,3346.374,3084600,44910800,489306700,6261158800,3347.0624,3351.3791,3328.8592,3342.4379
93810000,3346.7809,4754900,58808100,494061600,6319966900,3347.0624,3351.3791,3328.8592,3342.4379
93815000,3346.467,5382400,47894600,499444000,6367861500,3347.0624,3351.3791,3328.8592,3342.4379
93820000,3346.8654,3099700,46095700,502543700,6413957200,3347.0624,3351.3791,3328.8592,3342.4379
93825000,3347.565,3792700,48045500,506336400,6462002700,3347.0624,3351.3791,3328.8592,3342.4379
93830000,3347.1157,2952100,35265900,509288500,6497268600,3347.0624,3351.3791,3328.8592,3342.4379
93835000,3347.2457,3636600,45242100,512925100,6542510700,3347.0624,3351.3791,3328.8592,3342.4379
93840000,3347.1447,4048200,55929300,516973300,6598440000,3347.0624,3351.3791,3328.8592,3342.4379
93845000,3347.6663,2828900,39994600,519802200,6638434600,3347.0624,3351.3791,3328.8592,3342.4379
93850000,3348.0926,4016900,45476500,523819100,6683911100,3347.0624,3351.3791,3328.8592,3342.4379
93855000,3347.7309,3403200,50757400,527222300,6734668500,3347.0624,3351.3791,3328.8592,3342.4379
93900000,3348.2722,2799600,42160500,530021900,6776829000,3347.0624,3351.3791,3328.8592,3342.4379
93905000,3348.5604,3173200,41341800,533195100,6818170800,3347.0624,3351.3791,3328.8592,3342.4379
93910000,3348.9438,3806800,53459500,537001900,6871630300,3347.0624,3351.3791,3328.8592,3342.4379
93915000,3349.0575,3486300,46831300,540488200,6918461600,3347.0624,3351.3791,3328.8592,3342.4379
93920000,3349.4245,3269400,40616300,543757600,6959077900,3347.0624,3351.3791,3328.8592,3342.4379
93925000,3350.0775,4094500,58701900,547852100,7017779800,3347.0624,3351.3791,3328.8592,3342.4379
93930000,3350.2564,3094100,45006700,550946200,7062786500,3347.0624,3351.3791,3328.8592,3342.4379
93935000,3350.2108,3020300,48302900,553966500,7111089400,3347.0624,3351.3791,3328.8592,3342.4379
93940000,3350.6249,3125900,46113600,557092400,7157203000,3347.0624,3351.3791,3328.8592,3342.4379
93945000,3350.9816,2990400,42505600,560082800,7199708600,3347.0624,3351.4239,3328.8592,3342.4379
93950000,3351.5304,3184400,38237400,563267200,7237946000,3347.0624,3351.5304,3328.8592,3342.4379
93955000,3351.1531,5206200,58900200,568473400,7296846200,3347.0624,3351.5304,3328.8592,3342.4379
94000000,3351.3427,2789600,44154200,571263000,7341000400,3347.0624,3351.5304,3328.8592,3342.4379
94005000,3351.3222,3758700,52771400,575021700,7393771800,3347.0624,3351.5304,3328.8592,3342.4379
94010000,3352.4768,4797100,72659000,579818800,7466430800,3347.0624,3352.4768,3328.8592,3342.4379
94015000,3352.85,4514700,54997400,584333500,7521428200,3347.0624,3353.1739,3328.8592,3342.4379
94020000,3353.3565,3377800,48332800,587711300,7569761000,3347.0624,3353.3565,3328.8592,3342.4379
94025000,3354.1153,3641800,65343600,591353100,7635104600,3347.0624,3354.1153,3328.8592,3342.4379
94030000,3353.911,3633300,44358700,594986400,7679463300,3347.0624,3354.1824,3328.8592,3342.4379
94035000,3354.3288,4001300,51514000,598987700,7730977300,3347.0624,3354.338,3328.8592,3342.4379
94045000,3354.7228,10012700,119451000,609000400,7850428300,3347.0624,3354.9677,3328.8592,3342.4379
94050000,3355.2017,3567200,48770200,612567600,7899198500,3347.0624,3355.2017,3328.8592,3342.4379
94055000,3355.8232,5087600,63550800,617655200,7962749300,3347.0624,3355.8232,3328.8592,3342.4379
94100000,3355.6384,5000800,57496100,622656000,8020245400,3347.0624,3355.9665,3328.8592,3342.4379
94105000,3356.0484,4559100,59020100,627215100,8079265500,3347.0624,3356.0484,3328.8592,3342.4379
94110000,3356.4296,4908000,59032800,632123100,8138298300,3347.0624,3356.5737,3328.8592,3342.4379
94115000,3356.7591,3292900,44204600,635416000,8182502900,3347.0624,3356.9043,3328.8592,3342.4379
94120000,3356.2248,3401300,50631200,638817300,8233134100,3347.0624,3356.9043,3328.8592,3342.4379
94125000,3357.377,3962500,50768000,642779800,8283902100,3347.0624,3357.377,3328.8592,3342.4379
94130000,3357.2887,4196900,57837500,646976700,8341739600,3347.0624,3357.481,3328.8592,3342.4379
94136000,3356.8606,7085800,77405200,654062500,8419144800,3347.0624,3357.481,3328.8592,3342.4379
94140000,3357.1248,4030300,48221000,658092800,8467365800,3347.0624,3357.481,3328.8592,3342.4379
94146000,3357.0193,4477000,61918900,662569800,8529284700,3347.0624,3357.481,3328.8592,3342.4379
94151000,3356.4958,4238200,53074200,666808000,8582358900,3347.0624,3357.481,3328.8592,3342.4379
94156000,3356.1027,4463000,66883500,671271000,8649242400,3347.0624,3357.481,3328.8592,3342.4379
94201000,3355.3576,4938000,70862400,676209000,8720104800,3347.0624,3357.481,3328.8592,3342.4379
94206000,3354.8425,3848000,55782200,680057000,8775887000,3347.0624,3357.481,3328.8592,3342.4379
94211000,3354.3345,5637200,73178200,685694200,8849065200,3347.0624,3357.481,3328.8592,3342.4379
94216000,3353.8113,4710700,74119900,690404900,8923185100,3347.0624,3357.481,3328.8592,3342.4379
94221000,3354.2163,3187500,49609000,693592400,8972794100,3347.0624,3357.481,3328.8592,3342.4379
94226000,3353.8178,5121900,52230300,698714300,9025024400,3347.0624,3357.481,3328.8592,3342.4379
94231000,3353.7529,4709200,48455700,703423500,9073480100,3347.0624,3357.481,3328.8592,3342.4379
94236000,3353.3135,3770300,43597800,707193800,9117077900,3347.0624,3357.481,3328.8592,3342.4379
94241000,3352.984,4369900,39787300,711563700,9156865200,3347.0624,3357.481,3328.8592,3342.4379
94246000,3352.7122,3799500,51052300,715363200,9207917500,3347.0624,3357.481,3328.8592,3342.4379
94251000,3352.5871,2361100,35168700,717724300,9243086200,3347.0624,3357.481,3328.8592,3342.4379
94256000,3352.9495,3688300,43000800,721412600,9286087000,3347.0624,3357.481,3328.8592,3342.4379
94301000,3352.7606,3097000,43140500,724509600,9329227500,3347.0624,3357.481,3328.8592,3342.4379
94306000,3353.0145,2628400,34158000,727138000,9363385500,3347.0624,3357.481,3328.8592,3342.4379
94311000,3352.9535,2350100,32678400,729488100,9396063900,3347.0624,3357.481,3328.8592,3342.4379
94316000,3352.5892,3625700,57590600,733113800,9453654500,3347.0624,3357.481,3328.8592,3342.4379
94321000,3353.129,2284300,35311000,735398100,9488965500,3347.0624,3357.481,3328.8592,3342.4379
94326000,3353.3728,2640500,39563300,738038600,9528528800,3347.0624,3357.481,3328.8592,3342.4379
94331000,3353.3557,3554800,59181400,741593400,9587710200,3347.0624,3357.481,3328.8592,3342.4379
94336000,3353.5222,2152900,30294900,743746300,9618005100,3347.0624,3357.481,3328.8592,3342.4379
94341000,3354.14,4659000,50679900,748405300,9668685000,3347.0624,3357.481,3328.8592,3342.4379
94346000,3354.6374,4765800,61931000,753171100,9730616000,3347.0624,3357.481,3328.8592,3342.4379
94351000,3355.2493,3932000,66204600,757103100,9796820600,3347.0624,3357.481,3328.8592,3342.4379
94356000,3357.0928,5243200,83467100,762346300,9880287700,3347.0624,3357.481,3328.8592,3342.4379
94401000,3358.3548,8040400,107425500,770386700,9987713200,3347.0624,3358.3548,3328.8592,3342.4379
94406000,3359.1811,4241700,63423200,774628400,10051136400,3347.0624,3359.1811,3328.8592,3342.4379
94411000,3359.8789,4791300,69947700,779419700,10121084100,3347.0624,3359.8789,3328.8592,3342.4379
94416000,3359.5669,4957700,65305300,784377400,10186389400,3347.0624,3360.1837,3328.8592,3342.4379
94421000,3360.5275,3499000,53443100,787876400,10239832500,3347.0624,3360.5275,3328.8592,3342.4379
94426000,3361.3709,6528000,61201800,794404400,10301034300,3347.0624,3361.3709,3328.8592,3342.4379
94431000,3360.8287,4111300,59121800,798515700,10360156100,3347.0624,3361.3709,3328.8592,3342.4379
94436000,3360.8169,4096100,59111100,802611800,10419267200,3347.0624,3361.3709,3328.8592,3342.4379
94441000,3360.7615,3595100,54822700,806206900,10474089900,3347.0624,3361.3709,3328.8592,3342.4379
94446000,3360.9983,7155100,71727500,813362000,10545817400,3347.0624,3361.3709,3328.8592,3342.4379
94451000,3361.5245,3814600,52844300,817176600,10598661700,3347.0624,3361.5245,3328.8592,3342.4379
94456000,3360.9316,4378400,59073100,821555000,10657734800,3347.0624,3361.6268,3328.8592,3342.4379
94501000,3361.9736,4192000,58542100,825747000,10716276900,3347.0624,3362.0278,3328.8592,3342.4379
94506000,3361.545,3041400,40658000,828788400,10756934900,3347.0624,3362.0629,3328.8592,3342.4379
94511000,3361.4691,4584300,54468100,833372700,10811403000,3347.0624,3362.0629,3328.8592,3342.4379
94516000,3361.9945,4966400,61345300,838339100,10872748300,3347.0624,3362.0629,3328.8592,3342.4379
94521000,3362.5037,4459300,56385400,842798400,10929133700,3347.0624,3362.5037,3328.8592,3342.4379
94526000,3362.4044,4005900,61741600,846804300,10990875300,3347.0624,3362.8271,3328.8592,3342.4379
94531000,3362.559,4690500,54640900,851494800,11045516200,3347.0624,3362.8458,3328.8592,3342.4379
94536000,3362.7527,3251600,50134100,854746400,11095650300,3347.0624,3362.8458,3328.8592,3342.4379
94542000,3362.8959,4514500,65949900,859260900,11161600200,3347.0624,3363.1026,3328.8592,3342.4379
94547000,3362.8128,3686500,50714400,862947400,11212314600,3347.0624,3363.1026,3328.8592,3342.4379
94552000,3363.0913,3755400,56297400,866702800,11268612000,3347.0624,3363.1026,3328.8592,3342.4379
94557000,3363.4463,4471000,66033400,871173800,11334645400,3347.0624,3363.4463,3328.8592,3342.4379
94602000,3363.1009,3062000,41841900,874235800,11376487300,3347.0624,3363.4632,3328.8592,3342.4379
94607000,3362.8612,6032600,64865400,880268400,11441352700,3347.0624,3363.4632,3328.8592,3342.4379
94612000,3362.6145,4377700,64691500,884646100,11506044200,3347.0624,3363.4632,3328.8592,3342.4379
94617000,3362.3668,3073900,47932600,887720000,11553976800,3347.0624,3363.4632,3328.8592,3342.4379
94622000,3363.0547,4513300,56512400,892233300,11610489200,3347.0624,3363.4632,3328.8592,3342.4379
94627000,3362.9724,3495000,46761600,895728300,11657250800,3347.0624,3363.4632,3328.8592,3342.4379
94632000,3362.8671,2720300,44516200,898448600,11701767000,3347.0624,3363.4632,3328.8592,3342.4379
94637000,3362.4403,4774400,67523900,903223000,11769290900,3347.0624,3363.4632,3328.8592,3342.4379
94642000,3361.2926,3671100,58944600,906894100,11828235500,3347.0624,3363.4632,3328.8592,3342.4379
94647000,3361.3177,5348000,72150500,912242100,11900386000,3347.0624,3363.4632,3328.8592,3342.4379
94652000,3360.5678,6825700,84637600,919067800,11985023600,3347.0624,3363.4632,3328.8592,3342.4379
94657000,3359.6797,5339900,71635600,924407700,12056659200,3347.0624,3363.4632,3328.8592,3342.4379
94702000,3358.9399,4799700,61138300,929207400,12117797500,3347.0624,3363.4632,3328.8592,3342.4379
94707000,3358.6768,4867000,70863600,934074400,12188661100,3347.0624,3363.4632,3328.8592,3342.4379
94712000,3357.913,4433600,62145000,938508000,12250806100,3347.0624,3363.4632,3328.8592,3342.4379
94717000,3357.3925,3687200,49533900,942195200,12300340000,3347.0624,3363.4632,3328.8592,3342.4379
94722000,3357.3718,3839400,54140500,946034600,12354480500,3347.0624,3363.4632,3328.8592,3342.4379
94727000,3356.8898,4251800,53080500,950286400,12407561000,3347.0624,3363.4632,3328.8592,3342.4379
94732000,3356.1749,3522900,43782800,953809300,12451343800,3347.0624,3363.4632,3328.8592,3342.4379
94737000,3356.4393,3071000,40798100,956880300,12492141900,3347.0624,3363.4632,3328.8592,3342.4379
94742000,3356.453,3361000,39057400,960241300,12531199300,3347.0624,3363.4632,3328.8592,3342.4379
94747000,3356.2555,2574100,35712800,962815400,12566912100,3347.0624,3363.4632,3328.8592,3342.4379
94752000,3356.1606,3872800,51008900,966688200,12617921000,3347.0624,3363.4632,3328.8592,3342.4379
94757000,3355.9026,2482600,35927400,969170800,12653848400,3347.0624,3363.4632,3328.8592,3342.4379
94802000,3355.9012,1861200,30937400,971032000,12684785800,3347.0624,3363.4632,3328.8592,3342.4379
94807000,3355.3222,2788000,47027400,973820000,12731813200,3347.0624,3363.4632,3328.8592,3342.4379
94812000,3355.4165,2175100,32486300,975995100,12764299500,3347.0624,3363.4632,3328.8592,3342.4379
94817000,3355.2995,2572600,36632300,978567700,12800931800,3347.0624,3363.4632,3328.8592,3342.4379
94822000,3355.3243,4775600,57794000,983343300,12858725800,3347.0624,3363.4632,3328.8592,3342.4379
94827000,3356.1947,2376100,36912100,985719400,12895637900,3347.0624,3363.4632,3328.8592,3342.4379
94832000,3356.1019,1996200,32111400,987715600,12927749300,3347.0624,3363.4632,3328.8592,3342.4379
94837000,3356.3354,3166100,45228300,990881700,12972977600,3347.0624,3363.4632,3328.8592,3342.4379
94842000,3356.7704,2591900,46693100,993473600,13019670700,3347.0624,3363.4632,3328.8592,3342.4379
94847000,3357.2989,2357000,37201600,995830600,13056872300,3347.0624,3363.4632,3328.8592,3342.4379
94852000,3357.0637,3277000,52911200,999107600,13109783500,3347.0624,3363.4632,3328.8592,3342.4379
94857000,3356.6632,4850500,54510400,1003958100,13164293900,3347.0624,3363.4632,3328.8592,3342.4379
94902000,3357.6135,5135900,41137100,1009094000,13205431000,3347.0624,3363.4632,3328.8592,3342.4379
94907000,3357.4422,2654100,44866700,1011748100,13250297700,3347.0624,3363.4632,3328.8592,3342.4379
94912000,3357.4666,2196800,33214300,1013944900,13283512000,3347.0624,3363.4632,3328.8592,3342.4379
94917000,3356.9138,2505800,45714100,1016450700,13329226100,3347.0624,3363.4632,3328.8592,3342.4379
94922000,3357.5081,2829600,43521200,1019280300,13372747300,3347.0624,3363.4632,3328.8592,3342.4379
94927000,3357.2957,2055700,42159200,1021336000,13414906500,3347.0624,3363.4632,3328.8592,3342.4379
94932000,3357.2588,2297800,33601500,1023633800,13448508000,3347.0624,3363.4632,3328.8592,3342.4379
94937000,3357.3245,3300300,41124600,1026934100,13489632600,3347.0624,3363.4632,3328.8592,3342.4379
94943000,3357.2914,2660100,42334900,1029594200,13531967500,3347.0624,3363.4632,3328.8592,3342.4379
94948000,3357.2096,2531200,34149900,1032125400,13566117400,3347.0624,3363.4632,3328.8592,3342.4379
94953000,3356.8548,2789700,38959800,1034915100,13605077200,3347.0624,3363.4632,3328.8592,3342.4379
94958000,3356.859,2610100,43564800,1037525200,13648642000,3347.0624,3363.4632,3328.8592,3342.4379
95003000,3356.2415,3291900,40995200,1040817100,13689637200,3347.0624,3363.4632,3328.8592,3342.4379
95008000,3355.704,2607200,36108100,1043424300,13725745300,3347.0624,3363.4632,3328.8592,3342.4379
95013000,3355.6702,2963800,41370700,1046388100,13767116000,3347.0624,3363.4632,3328.8592,3342.4379
95018000,3355.2834,3214400,31075200,1049602500,13798191200,3347.0624,3363.4632,3328.8592,3342.4379
95023000,3354.7992,2184800,32442100,1051787300,13830633300,3347.0624,3363.4632,3328.8592,3342.4379
95028000,3355.3986,2915400,44413200,1054702700,13875046500,3347.0624,3363.4632,3328.8592,3342.4379
95033000,3355.6107,1889100,25955200,1056591800,13901001700,3347.0624,3363.4632,3328.8592,3342.4379
95038000,3355.3201,2408000,43360600,1058999800,13944362300,3347.0624,3363.4632,3328.8592,3342.4379
95043000,3355.3044,1991700,35438800,1060991500,13979801100,3347.0624,3363.4632,3328.8592,3342.4379
95048000,3354.9977,1810100,28349600,1062801600,14008150700,3347.0624,3363.4632,3328.8592,3342.4379
95053000,3355.1067,2972500,31966600,1065774100,14040117300,3347.0624,3363.4632,3328.8592,3342.4379
95058000,3355.0251,3293600,43154200,1069067700,14083271500,3347.0624,3363.4632,3328.8592,3342.4379
95103000,3354.8541,2398900,35387400,1071466600,14118658900,3347.0624,3363.4632,3328.8592,3342.4379
95108000,3354.4325,2213500,33265900,1073680100,14151924800,3347.0624,3363.4632,3328.8592,3342.4379
95113000,3354.2839,2611700,34656500,1076291800,14186581300,3347.0624,3363.4632,3328.8592,3342.4379
95118000,3353.9394,1595600,27763100,1077887400,14214344400,3347.0624,3363.4632,3328.8592,3342.4379
95123000,3353.6939,2011700,33519900,1079899100,14247864300,3347.0624,3363.4632,3328.8592,3342.4379
95128000,3354.1937,4460200,41067800,1084359300,14288932100,3347.0624,3363.4632,3328.8592,3342.4379
95133000,3354.1612,3988800,39891500,1088348100,14328823600,3347.0624,3363.4632,3328.8592,3342.4379
95138000,3353.9538,2725400,36115200,1091073500,14364938800,3347.0624,3363.4632,3328.8592,3342.4379
95143000,3354.0988,2576200,39524600,1093649700,14404463400,3347.0624,3363.4632,3328.8592,3342.4379
95148000,3353.8389,2056200,26472600,1095705900,14430936000,3347.0624,3363.4632,3328.8592,3342.4379
95153000,3353.6771,2403800,32829000,1098109700,14463765000,3347.0624,3363.4632,3328.8592,3342.4379
95158000,3354.1612,2456600,38343500,1100566300,14502108500,3347.0624,3363.4632,3328.8592,3342.4379
95203000,3354.1116,2676900,22590400,1103243200,14524698900,3347.0624,3363.4632,3328.8592,3342.4379
95208000,3354.0159,1953500,30923800,1105196700,14555622700,3347.0624,3363.4632,3328.8592,3342.4379
95213000,3353.5994,2395500,32243600,1107592200,14587866300,3347.0624,3363.4632,3328.8592,3342.4379
95218000,3354.1795,1851500,26344900,1109443700,14614211200,3347.0624,3363.4632,3328.8592,3342.4379
95223000,3353.7096,2398600,34477400,1111842300,14648688600,3347.0624,3363.4632,3328.8592,3342.4379
95228000,3354.0398,2310600,36546000,1114152900,14685234600,3347.0624,3363.4632,3328.8592,3342.4379
95233000,3353.7904,1923600,24921700,1116076500,14710156300,3347.0624,3363.4632,3328.8592,3342.4379
95238000,3354.0904,2354500,33437200,1118431000,14743593500,3347.0624,3363.4632,3328.8592,3342.4379
95243000,3354.0353,2482200,36997600,1120913200,14780591100,3347.0624,3363.4632,3328.8592,3342.4379
95248000,3353.4616,1808700,24651400,1122721900,14805242500,3347.0624,3363.4632,3328.8592,3342.4379
95253000,3353.3606,2210300,30632000,1124932200,14835874500,3347.0624,3363.4632,3328.8592,3342.4379
95258000,3353.8387,3148900,39912800,1128081100,14875787300,3347.0624,3363.4632,3328.8592,3342.4379
95303000,3353.2799,2021900,28890700,1130103000,14904678000,3347.0624,3363.4632,3328.8592,3342.4379
95308000,3352.359,2735800,49737800,1132838800,14954415800,3347.0624,3363.4632,3328.8592,3342.4379
95313000,3352.3086,3116000,45491000,1135954800,14999906800,3347.0624,3363.4632,3328.8592,3342.4379
95318000,3351.7615,2008200,35130800,1137963000,15035037600,3347.0624,3363.4632,3328.8592,3342.4379
95323000,3351.7155,2740200,38358000,1140703200,15073395600,3347.0624,3363.4632,3328.8592,3342.4379
95328000,3351.354,3314300,46052900,1144017500,15119448500,3347.0624,3363.4632,3328.8592,3342.4379
95333000,3351.2322,3860900,42724600,1147878400,15162173100,3347.0624,3363.4632,3328.8592,3342.4379
95339000,3350.6526,3844800,57956600,1151723200,15220129700,3347.0624,3363.4632,3328.8592,3342.4379
95343000,3350.3704,4950800,39923300,1156674000,15260053000,3347.0624,3363.4632,3328.8592,3342.4379
95348000,3349.9321,5871100,47764800,1162545100,15307817800,3347.0624,3363.4632,3328.8592,3342.4379
95354000,3349.7788,3885300,56821700,1166430400,15364639500,3347.0624,3363.4632,3328.8592,3342.4379
95359000,3349.4067,3693000,46406900,1170123400,15411046400,3347.0624,3363.4632,3328.8592,3342.4379
95404000,3348.6263,3355200,45587800,1173478600,15456634200,3347.0624,3363.4632,3328.8592,3342.4379
95409000,3348.5077,2548200,36214500,1176026800,15492848700,3347.0624,3363.4632,3328.8592,3342.4379
95414000,3348.3251,4325300,52212500,1180352100,15545061200,3347.0624,3363.4632,3328.8592,3342.4379
95419000,3347.8249,2700900,40080500,1183053000,15585141700,3347.0624,3363.4632,3328.8592,3342.4379
95424000,3348.0193,2461300,33060100,1185514300,15618201800,3347.0624,3363.4632,3328.8592,3342.4379
95429000,3348.2524,2642000,36419400,1188156300,15654621200,3347.0624,3363.4632,3328.8592,3342.4379
95434000,3347.8285,3180400,41362300,1191336700,15695983500,3347.0624,3363.4632,3328.8592,3342.4379
95439000,3347.8641,2010800,30404400,1193347500,15726387900,3347.0624,3363.4632,3328.8592,3342.4379
95444000,3347.859,2736300,36670800,1196083800,15763058700,3347.0624,3363.4632,3328.8592,3342.4379
95449000,3347.6383,2293800,34855100,1198377600,15797913800,3347.0624,3363.4632,3328.8592,3342.4379
95454000,3347.8424,2096600,27484900,1200474200,15825398700,3347.0624,3363.4632,3328.8592,3342.4379
95459000,3347.754,2177300,29021600,1202651500,15854420300,3347.0624,3363.4632,3328.8592,3342.4379
95504000,3347.3372,2980100,36479700,1205631600,15890900000,3347.0624,3363.4632,3328.8592,3342.4379
95509000,3347.2961,2117400,27270400,1207749000,15918170400,3347.0624,3363.4632,3328.8592,3342.4379
95514000,3347.0865,2954700,42069900,1210703700,15960240300,3347.0624,3363.4632,3328.8592,3342.4379
95519000,3346.6023,2318200,38406400,1213021900,15998646700,3347.0624,3363.4632,3328.8592,3342.4379
95524000,3346.9942,1961200,32926800,1214983100,16031573500,3347.0624,3363.4632,3328.8592,3342.4379
95529000,3346.882,2494000,34913000,1217477100,16066486500,3347.0624,3363.4632,3328.8592,3342.4379
95534000,3346.5277,2886700,37362000,1220363800,16103848500,3347.0624,3363.4632,3328.8592,3342.4379
95539000,3346.9171,1817100,26069400,1222180900,16129917900,3347.0624,3363.4632,3328.8592,3342.4379
95544000,3346.4742,3930500,33623800,1226111400,16163541700,3347.0624,3363.4632,3328.8592,3342.4379
95549000,3346.4244,3415100,38461900,1229526500,16202003600,3347.0624,3363.4632,3328.8592,3342.4379
95554000,3345.8441,2090700,28152600,1231617200,16230156200,3347.0624,3363.4632,3328.8592,3342.4379
95559000,3345.8611,2599300,35922400,1234216500,16266078600,3347.0624,3363.4632,3328.8592,3342.4379
95604000,3345.5414,4257200,48304200,1238473700,16314382800,3347.0624,3363.4632,3328.8592,3342.4379
95609000,3345.761,2655300,34216100,1241129000,16348598900,3347.0624,3363.4632,3328.8592,3342.4379
95614000,3345.2681,4271500,39295500,1245400500,16387894400,3347.0624,3363.4632,3328.8592,3342.4379
95619000,3344.9761,3066200,41357700,1248466700,16429252100,3347.0624,3363.4632,3328.8592,3342.4379
95624000,3344.9611,2196900,33465200,1250663600,16462717300,3347.0624,3363.4632,3328.8592,3342.4379
95629000,3345.1926,3046200,38205700,1253709800,16500923000,3347.0624,3363.4632,3328.8592,3342.4379
95634000,3345.4133,2967500,37566900,1256677300,16538489900,3347.0624,3363.4632,3328.8592,3342.4379
95639000,3345.321,1673800,31251400,1258351100,16569741300,3347.0624,3363.4632,3328.8592,3342.4379
95644000,3345.2716,2173100,32305500,1260524200,16602046800,3347.0624,3363.4632,3328.8592,3342.4379
95649000,3344.7975,2784300,38186900,1263308500,16640233700,3347.0624,3363.4632,3328.8592,3342.4379
95654000,3345.0431,1958800,30206900,1265267300,16670440600,3347.0624,3363.4632,3328.8592,3342.4379
95659000,3345.2989,1695800,26676400,1266963100,16697117000,3347.0624,3363.4632,3328.8592,3342.4379
95704000,3344.721,2424000,31920500,1269387100,16729037500,3347.0624,3363.4632,3328.8592,3342.4379
95709000,3344.7918,1921800,27313700,1271308900,16756351200,3347.0624,3363.4632,3328.8592,3342.4379
95714000,3344.6451,1875400,26809400,1273184300,16783160600,3347.0624,3363.4632,3328.8592,3342.4379
95719000,3344.6983,2303100,34556900,1275487400,16817717500,3347.0624,3363.4632,3328.8592,3342.4379
95724000,3344.3147,1661000,25057600,1277148400,16842775100,3347.0624,3363.4632,3328.8592,3342.4379
95729000,3344.7069,2598900,40812700,1279747300,16883587800,3347.0624,3363.4632,3328.8592,3342.4379
95734000,3344.3664,3003300,48504900,1282750600,16932092700,3347.0624,3363.4632,3328.8592,3342.4379
95739000,3343.8343,2009800,28197200,1284760400,16960289900,3347.0624,3363.4632,3328.8592,3342.4379
95745000,3343.7613,3392800,42191500,1288153200,17002481400,3347.0624,3363.4632,3328.8592,3342.4379
95749000,3344.0445,2910400,29988300,1291063600,17032469700,3347.0624,3363.4632,3328.8592,3342.4379
95754000,3344.0331,1722400,27304300,1292786000,17059774000,3347.0624,3363.4632,3328.8592,3342.4379
95800000,3343.8559,2309500,31763300,1295095500,17091537300,3347.0624,3363.4632,3328.8592,3342.4379
95804000,3343.4028,2131300,28796200,1297226800,17120333500,3347.0624,3363.4632,3328.8592,3342.4379
95810000,3343.2084,3239300,42170400,1300466100,17162503900,3347.0624,3363.4632,3328.8592,3342.4379
95815000,3343.1436,1888400,25595900,1302354500,17188099800,3347.0624,3363.4632,3328.8592,3342.4379
95820000,3342.6545,3463600,36327400,1305818100,17224427200,3347.0624,3363.4632,3328.8592,3342.4379
95825000,3343.0891,2637500,33410100,1308455600,17257837300,3347.0624,3363.4632,3328.8592,3342.4379
95830000,3343.5138,1539400,23531200,1309995000,17281368500,3347.0624,3363.4632,3328.8592,3342.4379
95835000,3342.9842,2255800,38135100,1312250800,17319503600,3347.0624,3363.4632,3328.8592,3342.4379
95840000,3343.3708,2873000,40316700,1315123800,17359820300,3347.0624,3363.4632,3328.8592,3342.4379
95845000,3343.4605,1749800,25936600,1316873600,17385756900,3347.0624,3363.4632,3328.8592,3342.4379
95850000,3343.9136,2509200,36140200,1319382800,17421897100,3347.0624,3363.4632,3328.8592,3342.4379
95855000,3343.9456,2965500,42441400,1322348300,17464338500,3347.0624,3363.4632,3328.8592,3342.4379
95900000,3344.477,4102200,42505100,1326450500,17506843600,3347.0624,3363.4632,3328.8592,3342.4379
95905000,3344.6629,2054800,32306000,1328505300,17539149600,3347.0624,3363.4632,3328.8592,3342.4379
95910000,3345.4193,2881400,37581900,1331386700,17576731500,3347.0624,3363.4632,3328.8592,3342.4379
95915000,3345.0717,2300100,29025500,1333686800,17605757000,3347.0624,3363.4632,3328.8592,3342.4379
95920000,3344.6262,2836500,36716100,1336523300,17642473100,3347.0624,3363.4632,3328.8592,3342.4379
95925000,3344.9927,2377700,33687600,1338901000,17676160700,3347.0624,3363.4632,3328.8592,3342.4379
95930000,3345.2175,3902400,29256100,1342803400,17705416800,3347.0624,3363.4632,3328.8592,3342.4379
95935000,3345.19,2623800,31064900,1345427200,17736481700,3347.0624,3363.4632,3328.8592,3342.4379
95940000,3345.803,2223700,26583400,1347650900,17763065100,3347.0624,3363.4632,3328.8592,3342.4379
95945000,3345.2357,2441600,26876500,1350092500,17789941600,3347.0624,3363.4632,3328.8592,3342.4379
95950000,3345.0108,4072500,34998100,1354165000,17824939700,3347.0624,3363.4632,3328.8592,3342.4379
95955000,3345.3149,2244900,36586900,1356409900,17861526600,3347.0624,3363.4632,3328.8592,3342.4379
100000000,3345.4291,1781500,21610300,1358191400,17883136900,3347.0624,3363.4632,3328.8592,3342.4379
100005000,3344.8039,2333100,32254100,1360524500,17915391000,3347.0624,3363.4632,3328.8592,3342.4379
100010000,3344.8354,2364000,32482600,1362888500,17947873600,3347.0624,3363.4632,3328.8592,3342.4379
100015000,3344.6919,2001600,23225000,1364890100,17971098600,3347.0624,3363.4632,3328.8592,3342.4379
100020000,3344.4066,3459300,39720500,1368349400,18010819100,3347.0624,3363.4632,3328.8592,3342.4379
100025000,3343.8012,7347500,66092100,1375696900,18076911200,3347.0624,3363.4632,3328.8592,3342.4379
100030000,3342.9662,3218300,34054800,1378915200,18110966000,3347.0624,3363.4632,3328.8592,3342.4379
100035000,3342.3498,3116000,53048200,1382031200,18164014200,3347.0624,3363.4632,3328.8592,3342.4379
100040000,3341.3085,4678300,67467000,1386709500,18231481200,3347.0624,3363.4632,3328.8592,3342.4379
100045000,3341.1262,3368800,43183700,1390078300,18274664900,3347.0624,3363.4632,3328.8592,3342.4379
100050000,3340.5534,4011100,49173700,1394089400,18323838600,3347.0624,3363.4632,3328.8592,3342.4379
100055000,3339.6457,4562200,56710700,1398651600,18380549300,3347.0624,3363.4632,3328.8592,3342.4379
100100000,3338.9656,3757100,49614700,1402408700,18430164000,3347.0624,3363.4632,3328.8592,3342.4379
100105000,3337.9294,4744200,60650100,1407152900,18490814100,3347.0624,3363.4632,3328.8592,3342.4379
100110000,3337.2556,6043000,81567900,1413195900,18572382000,3347.0624,3363.4632,3328.8592,3342.4379
100115000,3337.0037,3826900,40367000,1417022800,18612749000,3347.0624,3363.4632,3328.8592,3342.4379
100120000,3336.398,2735000,44822100,1419757800,18657571100,3347.0624,3363.4632,3328.8592,3342.4379
100125000,3336.1662,2934200,48590900,1422692000,18706162000,3347.0624,3363.4632,3328.8592,3342.4379
100130000,3336.5654,2102600,28326200,1424794600,18734488200,3347.0624,3363.4632,3328.8592,3342.4379
100135000,3336.536,3749800,51963300,1428544400,18786451500,3347.0624,3363.4632,3328.8592,3342.4379
100140000,3336.376,3080000,49512100,1431624400,18835963600,3347.0624,3363.4632,3328.8592,3342.4379
100146000,3336.0892,3478000,54561000,1435102400,18890524600,3347.0624,3363.4632,3328.8592,3342.4379
100150000,3335.93,2198800,28573300,1437301200,18919097900,3347.0624,3363.4632,3328.8592,3342.4379
100155000,3335.4363,3894200,52359200,1441195400,18971457100,3347.0624,3363.4632,3328.8592,3342.4379
100201000,3335.3497,3173500,48224100,1444368900,19019681200,3347.0624,3363.4632,3328.8592,3342.4379
100205000,3335.2406,1635100,22905100,1446004000,19042586300,3347.0624,3363.4632,3328.8592,3342.4379
100211000,3335.133,3900200,46859400,1449904200,19089445700,3347.0624,3363.4632,3328.8592,3342.4379
100216000,3334.6633,4499900,52083200,1454404100,19141528900,3347.0624,3363.4632,3328.8592,3342.4379
100221000,3334.5611,2313700,32016000,1456717800,19173544900,3347.0624,3363.4632,3328.8592,3342.4379
100226000,3334.5292,2995000,37723200,1459712800,19211268100,3347.0624,3363.4632,3328.8592,3342.4379
100231000,3334.9485,3468000,52226600,1463180800,19263494700,3347.0624,3363.4632,3328.8592,3342.4379
100236000,3334.5463,3996000,41565300,1467176800,19305060000,3347.0624,3363.4632,3328.8592,3342.4379
100241000,3334.7468,3436000,41942700,1470612800,19347002700,3347.0624,3363.4632,3328.8592,3342.4379
100246000,3334.2343,4552100,52292100,1475164900,19399294800,3347.0624,3363.4632,3328.8592,3342.4379
100251000,3333.8733,2508600,36989200,1477673500,19436284000,3347.0624,3363.4632,3328.8592,3342.4379
100256000,3333.8541,4160900,44879600,1481834400,19481163600,3347.0624,3363.4632,3328.8592,3342.4379
100301000,3333.4538,3727600,44275500,1485562000,19525439100,3347.0624,3363.4632,3328.8592,3342.4379
100306000,3333.3041,2925200,37155400,1488487200,19562594500,3347.0624,3363.4632,3328.8592,3342.4379
100311000,3333.1163,3174400,45609900,1491661600,19608204400,3347.0624,3363.4632,3328.8592,3342.4379
100316000,3332.3483,5365200,54072300,1497026800,19662276700,3347.0624,3363.4632,3328.8592,3342.4379
100321000,3332.0718,3482000,41907500,1500508800,19704184200,3347.0624,3363.4632,3328.8592,3342.4379
100326000,3332.0182,3507500,33532700,1504016300,19737716900,3347.0624,3363.4632,3328.8592,3342.4379
100331000,3332.5138,4231900,48431100,1508248200,19786148000,3347.0624,3363.4632,3328.8592,3342.4379
100336000,3332.2826,2957500,36554100,1511205700,19822702100,3347.0624,3363.4632,3328.8592,3342.4379
100341000,3331.8506,4502300,46577800,1515708000,19869279900,3347.0624,3363.4632,3328.8592,3342.4379
100346000,3331.4289,3752600,45896900,1519460600,19915176800,3347.0624,3363.4632,3328.8592,3342.4379
100351000,3331.7462,2970800,29951100,1522431400,19945127900,3347.0624,3363.4632,3328.8592,3342.4379
100356000,3331.5332,3899300,42462400,1526330700,19987590300,3347.0624,3363.4632,3328.8592,3342.4379
100401000,3331.9682,3738900,45460800,1530069600,20033051100,3347.0624,3363.4632,3328.8592,3342.4379
100406000,3331.6573,3825600,31781100,1533895200,20064832200,3347.0624,3363.4632,3328.8592,3342.4379
100411000,3332.3279,3501800,43279000,1537397000,20108111200,3347.0624,3363.4632,3328.8592,3342.4379
100416000,3331.7921,4261300,46165200,1541658300,20154276400,3347.0624,3363.4632,3328.8592,3342.4379
100421000,3331.9704,5288400,39881300,1546946700,20194157700,3347.0624,3363.4632,3328.8592,3342.4379
100426000,3331.6788,4148800,39045800,1551095500,20233203500,3347.0624,3363.4632,3328.8592,3342.4379
100431000,3331.9591,4097100,43105600,1555192600,20276309100,3347.0624,3363.4632,3328.8592,3342.4379
100436000,3331.7841,2883400,35831400,1558076000,20312140500,3347.0624,3363.4632,3328.8592,3342.4379
100441000,3330.9199,3359600,42749500,1561435600,20354890000,3347.0624,3363.4632,3328.8592,3342.4379
100446000,3331.3298,3106700,38703500,1564542300,20393593500,3347.0624,3363.4632,3328.8592,3342.4379
100451000,3331.0873,1979000,28052700,1566521300,20421646200,3347.0624,3363.4632,3328.8592,3342.4379
100456000,3331.1244,3270900,43052200,1569792200,20464698400,3347.0624,3363.4632,3328.8592,3342.4379
100501000,3331.1528,3513900,42386200,1573306100,20507084600,3347.0624,3363.4632,3328.8592,3342.4379
100506000,3330.8965,2554800,32842300,1575860900,20539926900,3347.0624,3363.4632,3328.8592,3342.4379
100511000,3330.2031,3227300,53658500,1579088200,20593585400,3347.0624,3363.4632,3328.8592,3342.4379
100516000,3330.0483,3149400,38134300,1582237600,20631719700,3347.0624,3363.4632,3328.8592,3342.4379
100521000,3329.9948,3390600,35422000,1585628200,20667141700,3347.0624,3363.4632,3328.8592,3342.4379
100526000,3329.7896,2809300,31503300,1588437500,20698645000,3347.0624,3363.4632,3328.8592,3342.4379
100531000,3330.3688,3145300,41202800,1591582800,20739847800,3347.0624,3363.4632,3328.8592,3342.4379
100536000,3329.9926,2189800,31042000,1593772600,20770889800,3347.0624,3363.4632,3328.8592,3342.4379
100541000,3329.6117,3368100,34789400,1597140700,20805679200,3347.0624,3363.4632,3328.8592,3342.4379
100546000,3329.6778,2758200,38107600,1599898900,20843786800,3347.0624,3363.4632,3328.8592,3342.4379
100552000,3330.0274,2887600,42954000,1602786500,20886740800,3347.0624,3363.4632,3328.8592,3342.4379
100557000,3329.7727,2960700,31888800,1605747200,20918629600,3347.0624,3363.4632,3328.8592,3342.4379
100602000,3329.892,3422900,45005500,1609170100,20963635100,3347.0624,3363.4632,3328.8592,3342.4379
100606000,3329.4751,2945100,26948700,1612115200,20990583800,3347.0624,3363.4632,3328.8592,3342.4379
100612000,3329.287,3078300,39632500,1615193500,21030216300,3347.0624,3363.4632,3328.8592,3342.4379
100617000,3329.1955,2820400,37141400,1618013900,21067357700,3347.0624,3363.4632,3328.8592,3342.4379
100622000,3329.6287,2662400,42985700,1620676300,21110343400,3347.0624,3363.4632,3328.8592,3342.4379
100627000,3329.1665,1611300,21622800,1622287600,21131966200,3347.0624,3363.4632,3328.8592,3342.4379
100632000,3329.463,2575900,33259900,1624863500,21165226100,3347.0624,3363.4632,3328.8592,3342.4379
100637000,3329.3555,3589000,38903000,1628452500,21204129100,3347.0624,3363.4632,3328.8592,3342.4379
100642000,3329.0558,1829200,22053700,1630281700,21226182800,3347.0624,3363.4632,3328.8592,3342.4379
100647000,3329.2474,3155800,34555300,1633437500,21260738100,3347.0624,3363.4632,3328.8592,3342.4379
100652000,3329.0608,3184000,39007400,1636621500,21299745500,3347.0624,3363.4632,3328.8476,3342.4379
100657000,3328.7634,2118000,26550200,1638739500,21326295700,3347.0624,3363.4632,3328.7634,3342.4379
100702000,3329.0233,7306000,42832200,1646045500,21369127900,3347.0624,3363.4632,3328.6823,3342.4379
100707000,3328.4131,5891300,46644400,1651936800,21415772300,3347.0624,3363.4632,3328.4131,3342.4379
100712000,3328.3611,2739200,32014000,1654676000,21447786300,3347.0624,3363.4632,3328.3536,3342.4379
100717000,3328.348,3103000,44635500,1657779000,21492421800,3347.0624,3363.4632,3328.348,3342.4379
100722000,3327.7033,3360600,47481000,1661139600,21539902800,3347.0624,3363.4632,3327.7033,3342.4379
100727000,3327.4096,2937500,32725100,1664077100,21572627900,3347.0624,3363.4632,3327.4096,3342.4379
100732000,3327.3469,3949400,51858500,1668026500,21624486400,3347.0624,3363.4632,3326.9073,3342.4379
100737000,3326.2517,4176700,60910800,1672203200,21685397200,3347.0624,3363.4632,3326.2517,3342.4379
100742000,3325.8474,2879100,36940500,1675082300,21722337700,3347.0624,3363.4632,3325.8474,3342.4379
100747000,3325.8054,3579200,42502200,1678661500,21764839900,3347.0624,3363.4632,3325.6871,3342.4379
100752000,3325.2762,4555800,57283200,1683217300,21822123100,3347.0624,3363.4632,3325.2762,3342.4379
100757000,3324.9956,4663800,47472300,1687881100,21869595400,3347.0624,3363.4632,3324.9496,3342.4379
100802000,3324.9297,3691500,49159400,1691572600,21918754800,3347.0624,3363.4632,3324.8864,3342.4379
100807000,3323.928,4223100,54741300,1695795700,21973496100,3347.0624,3363.4632,3323.928,3342.4379
100812000,3323.738,4001400,43477100,1699797100,22016973200,3347.0624,3363.4632,3323.5111,3342.4379
100817000,3323.6533,4928700,57083900,1704725800,22074057100,3347.0624,3363.4632,3323.5111,3342.4379
100822000,3322.8185,4164800,49072100,1708890600,22123129200,3347.0624,3363.4632,3322.8185,3342.4379
100827000,3322.4203,3691600,46460900,1712582200,22169590100,3347.0624,3363.4632,3322.4203,3342.4379
100832000,3322.829,4787100,52700100,1717369300,22222290200,3347.0624,3363.4632,3322.083,3342.4379
100837000,3322.2755,7316400,66567800,1724685700,22288858000,3347.0624,3363.4632,3322.083,3342.4379
100842000,3321.6191,3022200,38332400,1727707900,22327190400,3347.0624,3363.4632,3321.6191,3342.4379
100847000,3321.8845,4630600,49524000,1732338500,22376714400,3347.0624,3363.4632,3321.6191,3342.4379
100852000,3321.3092,5893100,61386400,1738231600,22438100800,3347.0624,3363.4632,3321.3092,3342.4379
100857000,3320.8977,4750500,49654600,1742982100,22487755400,3347.0624,3363.4632,3320.8977,3342.4379
100902000,3320.4639,6500400,59519300,1749482500,22547274700,3347.0624,3363.4632,3320.4639,3342.4379
100907000,3320.1106,5640000,59571600,1755122500,22606846300,3347.0624,3363.4632,3320.1106,3342.4379
100912000,3320.2554,3584300,38924400,1758706800,22645770700,3347.0624,3363.4632,3320.1106,3342.4379
100917000,3320.4336,4832700,58581500,1763539500,22704352200,3347.0624,3363.4632,3320.1106,3342.4379
100922000,3321.5341,6280000,79699000,1769819500,22784051200,3347.0624,3363.4632,3320.1106,3342.4379
100927000,3322.0834,5445700,73386900,1775265200,22857438100,3347.0624,3363.4632,3320.1106,3342.4379
100932000,3323.4411,6652100,91890000,1781917300,22949328100,3347.0624,3363.4632,3320.1106,3342.4379
100937000,3325.2427,8642100,111765600,1790559400,23061093700,3347.0624,3363.4632,3320.1106,3342.4379
100942000,3325.4208,4496000,67024300,1795055400,23128118000,3347.0624,3363.4632,3320.1106,3342.4379
100947000,3326.2013,5404300,71578300,1800459700,23199696300,3347.0624,3363.4632,3320.1106,3342.4379
100952000,3326.5895,4728700,63377000,1805188400,23263073300,3347.0624,3363.4632,3320.1106,3342.4379
100957000,3327.7696,3071000,41401900,1808259400,23304475200,3347.0624,3363.4632,3320.1106,3342.4379
101002000,3328.4631,5660400,64343300,1813919800,23368818500,3347.0624,3363.4632,3320.1106,3342.4379
101008000,3329.0829,5264900,62737500,1819184700,23431556000,3347.0624,3363.4632,3320.1106,3342.4379
101013000,3328.8398,4528600,55819300,1823713300,23487375300,3347.0624,3363.4632,3320.1106,3342.4379
101018000,3330.2078,3930700,35047100,1827644000,23522422400,3347.0624,3363.4632,3320.1106,3342.4379
101023000,3329.8795,4904200,48502600,1832548200,23570925000,3347.0624,3363.4632,3320.1106,3342.4379
101028000,3330.2371,4323000,47602100,1836871200,23618527100,3347.0624,3363.4632,3320.1106,3342.4379
101033000,3330.4665,2257100,29338400,1839128300,23647865500,3347.0624,3363.4632,3320.1106,3342.4379
101038000,3330.3596,3437000,40197200,1842565300,23688062700,3347.0624,3363.4632,3320.1106,3342.4379
101043000,3330.3814,2986300,39897700,1845551600,23727960400,3347.0624,3363.4632,3320.1106,3342.4379
101048000,3330.7674,2603500,31605700,1848155100,23759566100,3347.0624,3363.4632,3320.1106,3342.4379
101053000,3330.6266,2681500,34962200,1850836600,23794528300,3347.0624,3363.4632,3320.1106,3342.4379
101058000,3330.9765,2862500,37853500,1853699100,23832381800,3347.0624,3363.4632,3320.1106,3342.4379
101103000,3330.8416,2305200,29360300,1856004300,23861742100,3347.0624,3363.4632,3320.1106,3342.4379
101108000,3331.1522,2960600,36161500,1858964900,23897903600,3347.0624,3363.4632,3320.1106,3342.4379
101113000,3330.2678,3533800,39423600,1862498700,23937327200,3347.0624,3363.4632,3320.1106,3342.4379
101118000,3330.3138,5128300,33143200,1867627000,23970470400,3347.0624,3363.4632,3320.1106,3342.4379
101123000,3330.3293,2911200,36083100,1870538200,24006553500,3347.0624,3363.4632,3320.1106,3342.4379
101128000,3330.4021,3316900,39452800,1873855100,24046006300,3347.0624,3363.4632,3320.1106,3342.4379
101133000,3331.1424,1474600,22714100,1875329700,24068720400,3347.0624,3363.4632,3320.1106,3342.4379
101138000,3330.7232,2364800,33755700,1877694500,24102476100,3347.0624,3363.4632,3320.1106,3342.4379
101143000,3330.8787,1773400,24011100,1879467900,24126487200,3347.0624,3363.4632,3320.1106,3342.4379
101148000,3330.9125,1760100,17569500,1881228000,24144056700,3347.0624,3363.4632,3320.1106,3342.4379
101153000,3330.9955,1854800,24505000,1883082800,24168561700,3347.0624,3363.4632,3320.1106,3342.4379
101158000,3331.4457,2546400,27738500,1885629200,24196300200,3347.0624,3363.4632,3320.1106,3342.4379
101203000,3331.3603,1708500,28067700,1887337700,24224367900,3347.0624,3363.4632,3320.1106,3342.4379
101208000,3330.8979,1929200,24816000,1889266900,24249183900,3347.0624,3363.4632,3320.1106,3342.4379
101213000,3330.8641,2615700,32890900,1891882600,24282074800,3347.0624,3363.4632,3320.1106,3342.4379
101218000,3330.9866,2275900,24924200,1894158500,24306999000,3347.0624,3363.4632,3320.1106,3342.4379
101223000,3330.819,2441100,26198000,1896599600,24333197000,3347.0624,3363.4632,3320.1106,3342.4379
101228000,3330.5376,3115700,35026600,1899715300,24368223600,3347.0624,3363.4632,3320.1106,3342.4379
101233000,3330.6026,2032000,31095200,1901747300,24399318800,3347.0624,3363.4632,3320.1106,3342.4379
101238000,3330.8779,2694400,29773200,1904441700,24429092000,3347.0624,3363.4632,3320.1106,3342.4379
101243000,3330.4785,2554100,28800900,1906995800,24457892900,3347.0624,3363.4632,3320.1106,3342.4379
101248000,3330.0236,1831700,21472700,1908827500,24479365600,3347.0624,3363.4632,3320.1106,3342.4379
101253000,3329.8525,1724100,24182500,1910551600,24503548100,3347.0624,3363.4632,3320.1106,3342.4379
101258000,3329.6957,2636800,29995500,1913188400,24533543600,3347.0624,3363.4632,3320.1106,3342.4379
101303000,3329.9737,1636900,18575400,1914825300,24552119000,3347.0624,3363.4632,3320.1106,3342.4379
101308000,3329.2723,1834800,25141900,1916660100,24577260900,3347.0624,3363.4632,3320.1106,3342.4379
101313000,3328.7012,2096600,27913000,1918756700,24605173900,3347.0624,3363.4632,3320.1106,3342.4379
101318000,3328.9184,1393100,18263000,1920149800,24623436900,3347.0624,3363.4632,3320.1106,3342.4379
101323000,3328.8474,2344100,27042100,1922493900,24650479000,3347.0624,3363.4632,3320.1106,3342.4379
101328000,3328.4247,4756700,36120700,1927250600,24686599700,3347.0624,3363.4632,3320.1106,3342.4379
101333000,3329.2214,2657800,29301100,1929908400,24715900800,3347.0624,3363.4632,3320.1106,3342.4379
101338000,3328.8001,2381800,31032600,1932290200,24746933400,3347.0624,3363.4632,3320.1106,3342.4379
101343000,3328.4359,3935900,42153300,1936226100,24789086700,3347.0624,3363.4632,3320.1106,3342.4379
101348000,3328.4039,1469800,19354000,1937695900,24808440700,3347.0624,3363.4632,3320.1106,3342.4379
101353000,3328.2396,1645400,22492600,1939341300,24830933300,3347.0624,3363.4632,3320.1106,3342.4379
101358000,3327.8546,2586800,28590000,1941928100,24859523300,3347.0624,3363.4632,3320.1106,3342.4379
101403000,3328.1377,1592100,19890600,1943520200,24879413900,3347.0624,3363.4632,3320.1106,3342.4379
101409000,3327.3519,2456600,27569500,1945976800,24906983400,3347.0624,3363.4632,3320.1106,3342.4379
101414000,3327.3056,3390700,29313800,1949367500,24936297200,3347.0624,3363.4632,3320.1106,3342.4379
101419000,3327.6535,2538500,31983000,1951906000,24968280200,3347.0624,3363.4632,3320.1106,3342.4379
101424000,3327.033,2956900,31205100,1954862900,24999485300,3347.0624,3363.4632,3320.1106,3342.4379
101429000,3327.0275,2335700,24083900,1957198600,25023569200,3347.0624,3363.4632,3320.1106,3342.4379
101434000,3327.6397,2361900,29137000,1959560500,25052706200,3347.0624,3363.4632,3320.1106,3342.4379
101439000,3327.2167,1552100,19253300,1961112600,25071959500,3347.0624,3363.4632,3320.1106,3342.4379
101444000,3327.2084,2130500,25345200,1963243100,25097304700,3347.0624,3363.4632,3320.1106,3342.4379
101449000,3327.455,2027200,29968800,1965270300,25127273500,3347.0624,3363.4632,3320.1106,3342.4379
101454000,3327.7938,1852500,23397500,1967122800,25150671000,3347.0624,3363.4632,3320.1106,3342.4379
101459000,3327.5233,2109400,26292400,1969232200,25176963400,3347.0624,3363.4632,3320.1106,3342.4379
101504000,3327.05,3019200,30874800,1972251400,25207838200,3347.0624,3363.4632,3320.1106,3342.4379
101509000,3327.4001,1714000,19928900,1973965400,25227767100,3347.0624,3363.4632,3320.1106,3342.4379
101514000,3326.977,2131200,24842100,1976096600,25252609200,3347.0624,3363.4632,3320.1106,3342.4379
101519000,3327.2067,2881500,30471500,1978978100,25283080700,3347.0624,3363.4632,3320.1106,3342.4379
101524000,3326.7164,2115100,28479300,1981093200,25311560000,3347.0624,3363.4632,3320.1106,3342.4379
101529000,3326.2905,3310800,30182100,1984404000,25341742100,3347.0624,3363.4632,3320.1106,3342.4379
101534000,3326.3871,2560100,33260600,1986964100,25375002700,3347.0624,3363.4632,3320.1106,3342.4379
101539000,3326.0238,2007800,23362000,1988971900,25398364700,3347.0624,3363.4632,3320.1106,3342.4379
101544000,3325.966,1824400,20867200,1990796300,25419231900,3347.0624,3363.4632,3320.1106,3342.4379
101549000,3325.7687,2380700,29402800,1993177000,25448634700,3347.0624,3363.4632,3320.1106,3342.4379
101554000,3325.8394,1917900,21717800,1995094900,25470352500,3347.0624,3363.4632,3320.1106,3342.4379
101559000,3325.6812,2457600,23835400,1997552500,25494187900,3347.0624,3363.4632,3320.1106,3342.4379
101604000,3324.9251,2396700,31583000,1999949200,25525770900,3347.0624,3363.4632,3320.1106,3342.4379
101609000,3324.8999,2199300,27589500,2002148500,25553360400,3347.0624,3363.4632,3320.1106,3342.4379
101614000,3324.7931,1823300,24979000,2003971800,25578339400,3347.0624,3363.4632,3320.1106,3342.4379
101619000,3324.8874,3176700,37497400,2007148500,25615836800,3347.0624,3363.4632,3320.1106,3342.4379
101624000,3324.5672,2782900,29452900,2009931400,25645289700,3347.0624,3363.4632,3320.1106,3342.4379
101629000,3325.391,4165500,42216800,2014096900,25687506500,3347.0624,3363.4632,3320.1106,3342.4379
101634000,3327.7157,3936000,46611300,2018032900,25734117800,3347.0624,3363.4632,3320.1106,3342.4379
101639000,3328.719,5618300,58333800,2023651200,25792451600,3347.0624,3363.4632,3320.1106,3342.4379
101644000,3330.8456,7015500,99041300,2030666700,25891492900,3347.0624,3363.4632,3320.1106,3342.4379
101649000,3332.3503,6415200,76670200,2037081900,25968163100,3347.0624,3363.4632,3320.1106,3342.4379
101654000,3333.0205,5023300,56440900,2042105200,26024604000,3347.0624,3363.4632,3320.1106,3342.4379
101659000,3333.8866,3657200,52416600,2045762400,26077020600,3347.0624,3363.4632,3320.1106,3342.4379
101704000,3333.8787,4330100,56011400,2050092500,26133032000,3347.0624,3363.4632,3320.1106,3342.4379
101709000,3334.0105,3065000,33325400,2053157500,26166357400,3347.0624,3363.4632,3320.1106,3342.4379
101714000,3334.0636,2941000,35487100,2056098500,26201844500,3347.0624,3363.4632,3320.1106,3342.4379
101719000,3334.6993,3931300,45395600,2060029800,26247240100,3347.0624,3363.4632,3320.1106,3342.4379
101724000,3334.5295,3063000,36226000,2063092800,26283466100,3347.0624,3363.4632,3320.1106,3342.4379
101729000,3334.6728,2804100,36437900,2065896900,26319904000,3347.0624,3363.4632,3320.1106,3342.4379
101734000,3334.7732,4232200,41929900,2070129100,26361833900,3347.0624,3363.4632,3320.1106,3342.4379
101739000,3334.7806,1361100,19754300,2071490200,26381588200,3347.0624,3363.4632,3320.1106,3342.4379
101744000,3335.3293,2178000,28556600,2073668200,26410144800,3347.0624,3363.4632,3320.1106,3342.4379
101749000,3335.0981,4365800,36464400,2078034000,26446609200,3347.0624,3363.4632,3320.1106,3342.4379
101754000,3334.9291,1889600,24532700,2079923600,26471141900,3347.0624,3363.4632,3320.1106,3342.4379
101759000,3334.5944,2442500,31724300,2082366100,26502866200,3347.0624,3363.4632,3320.1106,3342.4379
101805000,3334.7754,3177500,41019900,2085543600,26543886100,3347.0624,3363.4632,3320.1106,3342.4379
101809000,3334.3464,1249100,15240400,2086792700,26559126500,3347.0624,3363.4632,3320.1106,3342.4379
101814000,3334.3127,2592500,27890000,2089385200,26587016500,3347.0624,3363.4632,3320.1106,3342.4379
101820000,3334.4596,2874000,32526200,2092259200,26619542700,3347.0624,3363.4632,3320.1106,3342.4379
101825000,3334.7976,2369000,24038000,2094628200,26643580700,3347.0624,3363.4632,3320.1106,3342.4379
101830000,3334.1583,1903900,25915800,2096532100,26669496500,3347.0624,3363.4632,3320.1106,3342.4379
101835000,3335.2873,1555000,23724800,2098087100,26693221300,3347.0624,3363.4632,3320.1106,3342.4379
101840000,3335.3393,1669500,25433100,2099756600,26718654400,3347.0624,3363.4632,3320.1106,3342.4379
101845000,3335.2669,1171900,14668000,2100928500,26733322400,3347.0624,3363.4632,3320.1106,3342.4379
101850000,3334.8656,2092000,31385200,2103020500,26764707600,3347.0624,3363.4632,3320.1106,3342.4379
101855000,3335.2692,2179200,27424500,2105199700,26792132100,3347.0624,3363.4632,3320.1106,3342.4379
101900000,3335.2291,1205400,17723700,2106405100,26809855800,3347.0624,3363.4632,3320.1106,3342.4379
101905000,3335.09,2074900,23427100,2108480000,26833282900,3347.0624,3363.4632,3320.1106,3342.4379
101910000,3334.5745,1853800,24051600,2110333800,26857334500,3347.0624,3363.4632,3320.1106,3342.4379
101915000,3334.8511,1178900,15226000,2111512700,26872560500,3347.0624,3363.4632,3320.1106,3342.4379
101920000,3334.8736,1879400,24691900,2113392100,26897252400,3347.0624,3363.4632,3320.1106,3342.4379
101925000,3334.7948,1969000,25138500,2115361100,26922390900,3347.0624,3363.4632,3320.1106,3342.4379
101930000,3334.821,900800,10712500,2116261900,26933103400,3347.0624,3363.4632,3320.1106,3342.4379
101935000,3335.545,2007700,22612400,2118269600,26955715800,3347.0624,3363.4632,3320.1106,3342.4379
101940000,3334.9971,2094600,28062300,2120364200,26983778100,3347.0624,3363.4632,3320.1106,3342.4379
101945000,3335.1056,998000,15717500,2121362200,26999495600,3347.0624,3363.4632,3320.1106,3342.4379
101950000,3335.0597,3281700,27342500,2124643900,27026838100,3347.0624,3363.4632,3320.1106,3342.4379
101955000,3335.063,1616700,21543000,2126260600,27048381100,3347.0624,3363.4632,3320.1106,3342.4379
102000000,3334.7483,1244300,22496300,2127504900,27070877400,3347.0624,3363.4632,3320.1106,3342.4379
102005000,3334.3853,2522800,21078800,2130027700,27091956200,3347.0624,3363.4632,3320.1106,3342.4379
102010000,3335.0075,1836200,23464300,2131863900,27115420500,3347.0624,3363.4632,3320.1106,3342.4379
102015000,3334.2032,1349600,17833900,2133213500,27133254400,3347.0624,3363.4632,3320.1106,3342.4379
102020000,3334.8676,2215400,24687800,2135428900,27157942200,3347.0624,3363.4632,3320.1106,3342.4379
102025000,3334.2455,1854300,26544200,2137283200,27184486400,3347.0624,3363.4632,3320.1106,3342.4379
102030000,3334.6887,1271400,16948500,2138554600,27201434900,3347.0624,3363.4632,3320.1106,3342.4379
102035000,3335.2414,1948100,19529900,2140502700,27220964800,3347.0624,3363.4632,3320.1106,3342.4379
102040000,3334.99,1428200,25101100,2141930900,27246065900,3347.0624,3363.4632,3320.1106,3342.4379
102045000,3334.6431,1652100,22024000,2143583000,27268089900,3347.0624,3363.4632,3320.1106,3342.4379
102050000,3334.373,2492900,24921200,2146075900,27293011100,3347.0624,3363.4632,3320.1106,3342.4379
102055000,3334.4245,1823200,19038700,2147899100,27312049800,3347.0624,3363.4632,3320.1106,3342.4379
102100000,3334.2136,1419000,21027300,2149318100,27333077100,3347.0624,3363.4632,3320.1106,3342.4379
102105000,3333.8447,1357300,17159100,2150675400,27350236200,3347.0624,3363.4632,3320.1106,3342.4379
102110000,3333.1559,1628000,25776200,2152303400,27376012400,3347.0624,3363.4632,3320.1106,3342.4379
102115000,3332.9808,2504900,25776500,2154808300,27401788900,3347.0624,3363.4632,3320.1106,3342.4379
102120000,3332.6255,1956600,28143600,2156764900,27429932500,3347.0624,3363.4632,3320.1106,3342.4379
102125000,3331.6865,4112800,41998500,2160877700,27471931000,3347.0624,3363.4632,3320.1106,3342.4379
102130000,3331.4255,1628400,30040900,2162506100,27501971900,3347.0624,3363.4632,3320.1106,3342.4379
102135000,3331.0984,1901600,27337700,2164407700,27529309600,3347.0624,3363.4632,3320.1106,3342.4379
102140000,3330.9151,2176300,34271600,2166584000,27563581200,3347.0624,3363.4632,3320.1106,3342.4379
102145000,3330.5807,1563100,22219500,2168147100,27585800700,3347.0624,3363.4632,3320.1106,3342.4379
102150000,3330.2682,1194200,18172200,2169341300,27603972900,3347.0624,3363.4632,3320.1106,3342.4379
102155000,3329.9588,1873900,26589100,2171215200,27630562000,3347.0624,3363.4632,3320.1106,3342.4379
102200000,3330.1636,1042000,19434700,2172257200,27649996700,3347.0624,3363.4632,3320.1106,3342.4379
102205000,3329.6284,1995800,34025400,2174253000,27684022100,3347.0624,3363.4632,3320.1106,3342.4379
102210000,3329.6788,2062000,24883400,2176315000,27708905500,3347.0624,3363.4632,3320.1106,3342.4379
102216000,3329.2878,1532200,19983100,2177847200,27728888600,3347.0624,3363.4632,3320.1106,3342.4379
102220000,3329.9678,811600,11682200,2178658800,27740570800,3347.0624,3363.4632,3320.1106,3342.4379
102226000,3329.319,2833800,26723200,2181492600,27767294000,3347.0624,3363.4632,3320.1106,3342.4379
102231000,3329.8731,1901100,27034500,2183393700,27794328500,3347.0624,3363.4632,3320.1106,3342.4379
102236000,3330.3112,728200,12562500,2184121900,27806891000,3347.0624,3363.4632,3320.1106,3342.4379
102241000,3330.1768,1274400,18023100,2185396300,27824914100,3347.0624,3363.4632,3320.1106,3342.4379
102246000,3329.9623,2256100,20143900,2187652400,27845058000,3347.0624,3363.4632,3320.1106,3342.4379
102251000,3329.712,1160500,19727300,2188812900,27864785300,3347.0624,3363.4632,3320.1106,3342.4379
102256000,3329.5317,1158800,14925600,2189971700,27879710900,3347.0624,3363.4632,3320.1106,3342.4379
102301000,3329.669,2173100,23315700,2192144800,27903026600,3347.0624,3363.4632,3320.1106,3342.4379
102306000,3329.7135,1019300,12713400,2193164100,27915740000,3347.0624,3363.4632,3320.1106,3342.4379
102311000,3329.2206,1753200,19541900,2194917300,27935281900,3347.0624,3363.4632,3320.1106,3342.4379
102316000,3329.4113,3007900,24837000,2197925200,27960118900,3347.0624,3363.4632,3320.1106,3342.4379
102321000,3329.3043,1693700,17050400,2199618900,27977169300,3347.0624,3363.4632,3320.1106,3342.4379
102326000,3329.3296,1702600,17213200,2201321500,27994382500,3347.0624,3363.4632,3320.1106,3342.4379
102331000,3329.2858,1950100,22010400,2203271600,28016392900,3347.0624,3363.4632,3320.1106,3342.4379
102336000,3329.7003,3555700,18134000,2206827300,28034526900,3347.0624,3363.4632,3320.1106,3342.4379
102341000,3329.6339,1861100,16880400,2208688400,28051407300,3347.0624,3363.4632,3320.1106,3342.4379
102346000,3329.6933,1926600,22979700,2210615000,28074387000,3347.0624,3363.4632,3320.1106,3342.4379
102351000,3329.6573,1047400,13123200,2211662400,28087510200,3347.0624,3363.4632,3320.1106,3342.4379
102356000,3329.379,2284000,24228900,2213946400,28111739100,3347.0624,3363.4632,3320.1106,3342.4379
102401000,3329.1247,1773700,23960900,2215720100,28135700000,3347.0624,3363.4632,3320.1106,3342.4379
102406000,3328.8332,2413400,26660900,2218133500,28162360900,3347.0624,3363.4632,3320.1106,3342.4379
102411000,3328.8695,2397100,28724900,2220530600,28191085800,3347.0624,3363.4632,3320.1106,3342.4379
102416000,3328.9989,1745000,21389500,2222275600,28212475300,3347.0624,3363.4632,3320.1106,3342.4379
102421000,3328.5803,1732600,19982200,2224008200,28232457500,3347.0624,3363.4632,3320.1106,3342.4379
102426000,3328.5135,2159900,28029100,2226168100,28260486600,3347.0624,3363.4632,3320.1106,3342.4379
102431000,3328.1,2365500,25473200,2228533600,28285959800,3347.0624,3363.4632,3320.1106,3342.4379
102436000,3328.5918,1771100,20030000,2230304700,28305989800,3347.0624,3363.4632,3320.1106,3342.4379
102441000,3328.2941,2404100,22427100,2232708800,28328416900,3347.0624,3363.4632,3320.1106,3342.4379
102446000,3328.1026,2134700,20948100,2234843500,28349365000,3347.0624,3363.4632,3320.1106,3342.4379
102451000,3328.1643,1877100,20305000,2236720600,28369670000,3347.0624,3363.4632,3320.1106,3342.4379
102456000,3327.7383,1751600,18452100,2238472200,28388122100,3347.0624,3363.4632,3320.1106,3342.4379
102501000,3327.8288,2528500,26510300,2241000700,28414632400,3347.0624,3363.4632,3320.1106,3342.4379
102506000,3327.6425,1448900,17582400,2242449600,28432214800,3347.0624,3363.4632,3320.1106,3342.4379
102511000,3327.3536,2122700,26045500,2244572300,28458260300,3347.0624,3363.4632,3320.1106,3342.4379
102516000,3327.4016,1935200,25183100,2246507500,28483443400,3347.0624,3363.4632,3320.1106,3342.4379
102521000,3327.2035,1957600,16963900,2248465100,28500407300,3347.0624,3363.4632,3320.1106,3342.4379
102526000,3327.3759,4495600,43666200,2252960700,28544073500,3347.0624,3363.4632,3320.1106,3342.4379
102531000,3327.2818,2208800,22652200,2255169500,28566725700,3347.0624,3363.4632,3320.1106,3342.4379
102536000,3327.9389,2264600,18028100,2257434100,28584753800,3347.0624,3363.4632,3320.1106,3342.4379
102541000,3327.9105,2646500,28095200,2260080600,28612849000,3347.0624,3363.4632,3320.1106,3342.4379
102546000,3328.3999,2497900,29481900,2262578500,28642330900,3347.0624,3363.4632,3320.1106,3342.4379
102551000,3328.9627,3854400,32497500,2266432900,28674828400,3347.0624,3363.4632,3320.1106,3342.4379
102556000,3329.231,2353900,22993800,2268786800,28697822200,3347.0624,3363.4632,3320.1106,3342.4379
102601000,3329.2623,2722200,31275600,2271509000,28729097800,3347.0624,3363.4632,3320.1106,3342.4379
102606000,3329.1997,1556300,21656400,2273065300,28750754200,3347.0624,3363.4632,3320.1106,3342.4379
102611000,3328.8343,2897400,24599500,2275962700,28775353700,3347.0624,3363.4632,3320.1106,3342.4379
102617000,3329.7228,2899500,26021100,2278862200,28801374800,3347.0624,3363.4632,3320.1106,3342.4379
102621000,3329.8188,1601200,16965000,2280463400,28818339800,3347.0624,3363.4632,3320.1106,3342.4379
102627000,3329.6713,3630700,32041100,2284094100,28850380900,3347.0624,3363.4632,3320.1106,3342.4379
102632000,3329.4878,2387900,33775200,2286482000,28884156100,3347.0624,3363.4632,3320.1106,3342.4379
102637000,3330.2538,2303000,28143600,2288785000,28912299700,3347.0624,3363.4632,3320.1106,3342.4379
102642000,3329.9244,1685400,16321500,2290470400,28928621200,3347.0624,3363.4632,3320.1106,3342.4379
102647000,3329.8451,1607700,16076600,2292078100,28944697800,3347.0624,3363.4632,3320.1106,3342.4379
102652000,3329.562,1915700,20853500,2293993800,28965551300,3347.0624,3363.4632,3320.1106,3342.4379
102657000,3329.6444,2113500,19399500,2296107300,28984950800,3347.0624,3363.4632,3320.1106,3342.4379
102702000,3329.8028,1841500,19098500,2297948800,29004049300,3347.0624,3363.4632,3320.1106,3342.4379
102707000,3329.3909,1715600,21056900,2299664400,29025106200,3347.0624,3363.4632,3320.1106,3342.4379
102712000,3328.9745,1707800,17484100,2301372200,29042590300,3347.0624,3363.4632,3320.1106,3342.4379
102717000,3328.836,2650600,25371200,2304022800,29067961500,3347.0624,3363.4632,3320.1106,3342.4379
102722000,3328.1219,3190400,39419700,2307213200,29107381200,3347.0624,3363.4632,3320.1106,3342.4379
102727000,3328.0844,1686500,24004400,2308899700,29131385600,3347.0624,3363.4632,3320.1106,3342.4379
102732000,3327.2761,3241100,35599900,2312140800,29166985500,3347.0624,3363.4632,3320.1106,3342.4379
102737000,3327.2538,3225100,44145700,2315365900,29211131200,3347.0624,3363.4632,3320.1106,3342.4379
102742000,3326.6722,2056900,27543800,2317422800,29238675000,3347.0624,3363.4632,3320.1106,3342.4379
102747000,3326.3822,3145900,34920400,2320568700,29273595400,3347.0624,3363.4632,3320.1106,3342.4379
102752000,3325.7823,5165400,44037800,2325734100,29317633200,3347.0624,3363.4632,3320.1106,3342.4379
102757000,3325.2184,2255800,24204800,2327989900,29341838000,3347.0624,3363.4632,3320.1106,3342.4379
102802000,3325.599,3088700,35292300,2331078600,29377130300,3347.0624,3363.4632,3320.1106,3342.4379
102807000,3325.1156,3604100,36294500,2334682700,29413424800,3347.0624,3363.4632,3320.1106,3342.4379
102812000,3324.6073,2275600,21839500,2336958300,29435264300,3347.0624,3363.4632,3320.1106,3342.4379
102817000,3324.8482,4190300,45971200,2341148600,29481235500,3347.0624,3363.4632,3320.1106,3342.4379
102822000,3324.8902,2930900,32390600,2344079500,29513626100,3347.0624,3363.4632,3320.1106,3342.4379
102827000,3324.7715,2486400,31479700,2346565900,29545105800,3347.0624,3363.4632,3320.1106,3342.4379
102832000,3325.2937,2618100,27598200,2349184000,29572704000,3347.0624,3363.4632,3320.1106,3342.4379
102837000,3325.6501,3613500,42547600,2352797500,29615251600,3347.0624,3363.4632,3320.1106,3342.4379
102842000,3326.0734,2828300,32734600,2355625800,29647986200,3347.0624,3363.4632,3320.1106,3342.4379
102847000,3326.6541,2399400,31777400,2358025200,29679763600,3347.0624,3363.4632,3320.1106,3342.4379
102852000,3326.8111,2935000,38762300,2360960200,29718525900,3347.0624,3363.4632,3320.1106,3342.4379
102857000,3326.6374,2135700,23797300,2363095900,29742323200,3347.0624,3363.4632,3320.1106,3342.4379
102902000,3327.2172,2132700,28486400,2365228600,29770809600,3347.0624,3363.4632,3320.1106,3342.4379
102907000,3326.8666,2559900,31264100,2367788500,29802073700,3347.0624,3363.4632,3320.1106,3342.4379
102912000,3326.7781,1225700,21864600,2369014200,29823938300,3347.0624,3363.4632,3320.1106,3342.4379
102917000,3326.9066,1844000,22730900,2370858200,29846669200,3347.0624,3363.4632,3320.1106,3342.4379
102922000,3327.0144,1932400,24194400,2372790600,29870863600,3347.0624,3363.4632,3320.1106,3342.4379
102927000,3326.6107,1540100,20211200,2374330700,29891074800,3347.0624,3363.4632,3320.1106,3342.4379
102932000,3326.1817,1873300,19427100,2376204000,29910501900,3347.0624,3363.4632,3320.1106,3342.4379
102937000,3326.8479,2172600,22954900,2378376600,29933456800,3347.0624,3363.4632,3320.1106,3342.4379
102942000,3327.1201,1886700,19041800,2380263300,29952498600,3347.0624,3363.4632,3320.1106,3342.4379
102947000,3326.8204,2296400,22665800,2382559700,29975164400,3347.0624,3363.4632,3320.1106,3342.4379
102952000,3326.4823,1880300,20664000,2384440000,29995828400,3347.0624,3363.4632,3320.1106,3342.4379
102957000,3326.6108,1515300,15290700,2385955300,30011119100,3347.0624,3363.4632,3320.1106,3342.4379
103002000,3326.1816,1369700,15045600,2387325000,30026164700,3347.0624,3363.4632,3320.1106,3342.4379
103007000,3326.3743,2117400,26227900,2389442400,30052392600,3347.0624,3363.4632,3320.1106,3342.4379
103012000,3325.9048,1476600,16899000,2390919000,30069291600,3347.0624,3363.4632,3320.1106,3342.4379
103017000,3325.8226,1631700,17756600,2392550700,30087048200,3347.0624,3363.4632,3320.1106,3342.4379
103023000,3325.6618,3312400,44305300,2395863100,30131353500,3347.0624,3363.4632,3320.1106,3342.4379
103027000,3325.3537,1890000,18715000,2397753100,30150068500,3347.0624,3363.4632,3320.1106,3342.4379
103033000,3324.7846,4226400,37113800,2401979500,30187182300,3347.0624,3363.4632,3320.1106,3342.4379
103038000,3325.0432,2045800,28179700,2404025300,30215362000,3347.0624,3363.4632,3320.1106,3342.4379
103043000,3324.6663,3087500,33415200,2407112800,30248777200,3347.0624,3363.4632,3320.1106,3342.4379
103048000,3324.5325,1856200,23814800,2408969000,30272592000,3347.0624,3363.4632,3320.1106,3342.4379
103053000,3324.1237,2577800,29984500,2411546800,30302576500,3347.0624,3363.4632,3320.1106,3342.4379
103058000,3323.6558,2365200,28650000,2413912000,30331226500,3347.0624,3363.4632,3320.1106,3342.4379
103103000,3323.3942,1584000,19183300,2415496000,30350409800,3347.0624,3363.4632,3320.1106,3342.4379
103108000,3323.2697,2536500,25201900,2418032500,30375611700,3347.0624,3363.4632,3320.1106,3342.4379
103113000,3322.5235,2886900,30256900,2420919400,30405868600,3347.0624,3363.4632,3320.1106,3342.4379
103118000,3322.7543,1757500,16559400,2422676900,30422428000,3347.0624,3363.4632,3320.1106,3342.4379
103123000,3322.6968,2864500,29724600,2425541400,30452152600,3347.0624,3363.4632,3320.1106,3342.4379
103128000,3322.6512,2277600,22066300,2427819000,30474218900,3347.0624,3363.4632,3320.1106,3342.4379
103133000,3322.5008,1840600,18429000,2429659600,30492647900,3347.0624,3363.4632,3320.1106,3342.4379
103138000,3322.6334,2827400,33304100,2432487000,30525952000,3347.0624,3363.4632,3320.1106,3342.4379
103143000,3322.6605,3590500,32097700,2436077500,30558049700,3347.0624,3363.4632,3320.1106,3342.4379
103148000,3322.47,1706100,23293500,2437783600,30581343200,3347.0624,3363.4632,3320.1106,3342.4379
103153000,3322.1563,2516400,24852400,2440300000,30606195600,3347.0624,3363.4632,3320.1106,3342.4379
103158000,3321.7252,1911500,25243700,2442211500,30631439300,3347.0624,3363.4632,3320.1106,3342.4379
103203000,3321.5092,1646100,17842000,2443857600,30649281300,3347.0624,3363.4632,3320.1106,3342.4379
103208000,3321.0065,2212500,26433200,2446070100,30675714500,3347.0624,3363.4632,3320.1106,3342.4379
103213000,3320.8876,3080600,34134100,2449150700,30709848600,3347.0624,3363.4632,3320.1106,3342.4379
103218000,3321.2402,2961200,23521800,2452111900,30733370400,3347.0624,3363.4632,3320.1106,3342.4379
103223000,3321.25,3054800,37847000,2455166700,30771217400,3347.0624,3363.4632,3320.1106,3342.4379
103228000,3320.9717,2333300,28613500,2457500000,30799830900,3347.0624,3363.4632,3320.1106,3342.4379
103233000,3320.9533,2343900,23783300,2459843900,30823614200,3347.0624,3363.4632,3320.1106,3342.4379
103238000,3321.0528,3332400,33091500,2463176300,30856705700,3347.0624,3363.4632,3320.1106,3342.4379
103243000,3321.1433,3281500,33379800,2466457800,30890085500,3347.0624,3363.4632,3320.1106,3342.4379
103248000,3320.6861,1905600,21134800,2468363400,30911220300,3347.0624,3363.4632,3320.1106,3342.4379
103253000,3320.6341,2758300,26787900,2471121700,30938008200,3347.0624,3363.4632,3320.1106,3342.4379
103258000,3320.2233,3220400,32308100,2474342100,30970316300,3347.0624,3363.4632,3320.1106,3342.4379
103303000,3320.0303,2744500,29719000,2477086600,31000035300,3347.0624,3363.4632,3320.0303,3342.4379
103308000,3319.4592,2920400,33689900,2480007000,31033725200,3347.0624,3363.4632,3319.4488,3342.4379
103313000,3318.9822,4195700,42150600,2484202700,31075875800,3347.0624,3363.4632,3318.9822,3342.4379
103318000,3318.922,2282600,25159700,2486485300,31101035500,3347.0624,3363.4632,3318.8701,3342.4379
103323000,3318.967,2649900,30307200,2489135200,31131342700,3347.0624,3363.4632,3318.8701,3342.4379
103328000,3318.2028,3390200,35765200,2492525400,31167107900,3347.0624,3363.4632,3318.2028,3342.4379
103333000,3318.0069,2083000,22069200,2494608400,31189177100,3347.0624,3363.4632,3318.0069,3342.4379
103338000,3318.5038,2661800,29803400,2497270200,31218980500,3347.0624,3363.4632,3318.0069,3342.4379
103343000,3318.1942,3839200,37591800,2501109400,31256572300,3347.0624,3363.4632,3318.0003,3342.4379
103348000,3318.4591,2661900,32642000,2503771300,31289214300,3347.0624,3363.4632,3318.0003,3342.4379
103353000,3317.6879,2738600,33600800,2506509900,31322815100,3347.0624,3363.4632,3317.6879,3342.4379
103358000,3317.7737,3321300,37744000,2509831200,31360559100,3347.0624,3363.4632,3317.6879,3342.4379
103403000,3317.7619,4614800,37903900,2514446000,31398463000,3347.0624,3363.4632,3317.6879,3342.4379
103408000,3317.684,9753300,63926900,2524199300,31462389900,3347.0624,3363.4632,3317.4766,3342.4379
103413000,3318.3147,7343400,68127000,2531542700,31530516900,3347.0624,3363.4632,3317.4766,3342.4379
103418000,3318.3882,3949600,34957300,2535492300,31565474200,3347.0624,3363.4632,3317.4766,3342.4379
103423000,3318.9719,3479700,42096200,2538972000,31607570400,3347.0624,3363.4632,3317.4766,3342.4379
103428000,3319.3918,7553200,60653800,2546525200,31668224200,3347.0624,3363.4632,3317.4766,3342.4379
103434000,3320.1195,6345300,62113000,2552870500,31730337200,3347.0624,3363.4632,3317.4766,3342.4379
103439000,3320.8884,2901800,37293800,2555772300,31767631000,3347.0624,3363.4632,3317.4766,3342.4379
103444000,3321.0374,3661300,46925500,2559433600,31814556500,3347.0624,3363.4632,3317.4766,3342.4379
103449000,3321.3234,4306700,49124300,2563740300,31863680800,3347.0624,3363.4632,3317.4766,3342.4379
103454000,3321.6419,2643300,26670600,2566383600,31890351400,3347.0624,3363.4632,3317.4766,3342.4379
103459000,3321.3364,3489000,41219300,2569872600,31931570700,3347.0624,3363.4632,3317.4766,3342.4379
103504000,3321.9321,3774100,37106700,2573646700,31968677400,3347.0624,3363.4632,3317.4766,3342.4379
103509000,3321.8647,2765800,29419400,2576412500,31998096800,3347.0624,3363.4632,3317.4766,3342.4379
103514000,3322.4938,4049000,36661300,2580461500,32034758100,3347.0624,3363.4632,3317.4766,3342.4379
103519000,3322.5444,3158400,35231100,2583619900,32069989200,3347.0624,3363.4632,3317.4766,3342.4379
103524000,3321.9541,2084000,30851900,2585703900,32100841100,3347.0624,3363.4632,3317.4766,3342.4379
103529000,3321.9984,2934400,32228500,2588638300,32133069600,3347.0624,3363.4632,3317.4766,3342.4379
103534000,3321.9847,2530500,31356800,2591168800,32164426400,3347.0624,3363.4632,3317.4766,3342.4379
103539000,3322.5702,1775000,20268800,2592943800,32184695200,3347.0624,3363.4632,3317.4766,3342.4379
103544000,3322.2005,1947200,25336600,2594891000,32210031800,3347.0624,3363.4632,3317.4766,3342.4379
103549000,3322.3111,2551800,29115400,2597442800,32239147200,3347.0624,3363.4632,3317.4766,3342.4379
103554000,3322.6767,1693500,19000700,2599136300,32258147900,3347.0624,3363.4632,3317.4766,3342.4379
103559000,3322.7595,3431200,40531400,2602567500,32298679300,3347.0624,3363.4632,3317.4766,3342.4379
103604000,3322.4243,2846000,33607800,2605413500,32332287100,3347.0624,3363.4632,3317.4766,3342.4379
103609000,3321.6871,2614000,29979900,2608027500,32362267000,3347.0624,3363.4632,3317.4766,3342.4379
103614000,3322.3077,2117900,26343500,2610145400,32388610500,3347.0624,3363.4632,3317.4766,3342.4379
103619000,3322.8887,2552500,24360900,2612697900,32412971400,3347.0624,3363.4632,3317.4766,3342.4379
103624000,3322.2308,1852200,24411600,2614550100,32437383000,3347.0624,3363.4632,3317.4766,3342.4379
103629000,3322.3489,1987500,21135100,2616537600,32458518100,3347.0624,3363.4632,3317.4766,3342.4379
103634000,3322.2629,2379400,24826400,2618917000,32483344500,3347.0624,3363.4632,3317.4766,3342.4379
103639000,3322.0124,1747300,18878100,2620664300,32502222600,3347.0624,3363.4632,3317.4766,3342.4379
103644000,3322.1861,2062000,21811900,2622726300,32524034500,3347.0624,3363.4632,3317.4766,3342.4379
103649000,3322.0912,2475100,31020700,2625201400,32555055200,3347.0624,3363.4632,3317.4766,3342.4379
103654000,3321.5709,1188900,17736700,2626390300,32572791900,3347.0624,3363.4632,3317.4766,3342.4379
103659000,3321.7513,1699700,21072600,2628090000,32593864500,3347.0624,3363.4632,3317.4766,3342.4379
103704000,3322.1414,2142900,28018000,2630232900,32621882500,3347.0624,3363.4632,3317.4766,3342.4379
103709000,3321.4051,1028700,12615500,2631261600,32634498000,3347.0624,3363.4632,3317.4766,3342.4379
103714000,3321.3077,2154600,20343000,2633416200,32654841000,3347.0624,3363.4632,3317.4766,3342.4379
103719000,3321.6538,1455500,19255300,2634871700,32674096300,3347.0624,3363.4632,3317.4766,3342.4379
103724000,3321.3689,1694600,17605300,2636566300,32691701600,3347.0624,3363.4632,3317.4766,3342.4379
103729000,3320.697,1480000,16456400,2638046300,32708158000,3347.0624,3363.4632,3317.4766,3342.4379
103734000,3320.8502,2508700,25723400,2640555000,32733881400,3347.0624,3363.4632,3317.4766,3342.4379
103739000,3321.1916,1721700,18552800,2642276700,32752434200,3347.0624,3363.4632,3317.4766,3342.4379
103744000,3320.5336,1788600,23242700,2644065300,32775676900,3347.0624,3363.4632,3317.4766,3342.4379
103749000,3320.9874,2571900,36208300,2646637200,32811885200,3347.0624,3363.4632,3317.4766,3342.4379
103754000,3320.6154,1168500,16015200,2647805700,32827900400,3347.0624,3363.4632,3317.4766,3342.4379
103759000,3320.7832,4135200,35405000,2651940900,32863305400,3347.0624,3363.4632,3317.4766,3342.4379
103804000,3320.096,3556600,35079000,2655497500,32898384400,3347.0624,3363.4632,3317.4766,3342.4379
103809000,3319.5261,1916700,22265100,2657414200,32920649500,3347.0624,3363.4632,3317.4766,3342.4379
103814000,3319.3747,1963900,25637000,2659378100,32946286500,3347.0624,3363.4632,3317.4766,3342.4379
103819000,3319.6019,2354000,25987500,2661732100,32972274000,3347.0624,3363.4632,3317.4766,3342.4379
103825000,3319.0781,2492800,28590100,2664224900,33000864100,3347.0624,3363.4632,3317.4766,3342.4379
103829000,3318.6505,1545600,16276100,2665770500,33017140200,3347.0624,3363.4632,3317.4766,3342.4379
103834000,3318.2955,3350700,38902500,2669121200,33056042700,3347.0624,3363.4632,3317.4766,3342.4379
103840000,3318.5916,3047700,30328200,2672168900,33086370900,3347.0624,3363.4632,3317.4766,3342.4379
103845000,3318.4824,1729300,20003400,2673898200,33106374300,3347.0624,3363.4632,3317.4766,3342.4379
103850000,3318.6328,2647100,28344600,2676545300,33134718900,3347.0624,3363.4632,3317.4766,3342.4379
103855000,3317.897,2486300,25985600,2679031600,33160704500,3347.0624,3363.4632,3317.4766,3342.4379
103900000,3317.3239,2406700,24569800,2681438300,33185274300,3347.0624,3363.4632,3317.3022,3342.4379
103905000,3316.6353,3189300,35914700,2684627600,33221189000,3347.0624,3363.4632,3316.6353,3342.4379
103910000,3316.7577,2596500,29059700,2687224100,33250248700,3347.0624,3363.4632,3316.4832,3342.4379
103915000,3316.8156,2023900,21267500,2689248000,33271516200,3347.0624,3363.4632,3316.3448,3342.4379
103920000,3317.0401,2783800,35957300,2692031800,33307473500,3347.0624,3363.4632,3316.3448,3342.4379
103925000,3316.4766,2908800,35937300,2694940600,33343410800,3347.0624,3363.4632,3316.3448,3342.4379
103930000,3317.5636,2936300,31435100,2697876900,33374845900,3347.0624,3363.4632,3316.3432,3342.4379
103935000,3319.2283,6186500,63499800,2704063400,33438345700,3347.0624,3363.4632,3316.3432,3342.4379
103940000,3321.477,8262500,93516800,2712325900,33531862500,3347.0624,3363.4632,3316.3432,3342.4379
103945000,3321.9318,5393300,66358000,2717719200,33598220500,3347.0624,3363.4632,3316.3432,3342.4379
103950000,3322.6732,6615900,75973200,2724335100,33674193700,3347.0624,3363.4632,3316.3432,3342.4379
103955000,3322.5549,4265600,59906600,2728600700,33734100300,3347.0624,3363.4632,3316.3432,3342.4379
104000000,3322.5155,1658400,19858400,2730259100,33753958700,3347.0624,3363.4632,3316.3432,3342.4379
104005000,3323.0446,3462700,39590600,2733721800,33793549300,3347.0624,3363.4632,3316.3432,3342.4379
104010000,3323.2463,4043300,50960400,2737765100,33844509700,3347.0624,3363.4632,3316.3432,3342.4379
104015000,3323.1495,1818100,18272400,2739583200,33862782100,3347.0624,3363.4632,3316.3432,3342.4379
104020000,3323.4115,2461600,29945800,2742044800,33892727900,3347.0624,3363.4632,3316.3432,3342.4379
104025000,3323.661,2814600,37109900,2744859400,33929837800,3347.0624,3363.4632,3316.3432,3342.4379
104030000,3323.3787,1391400,16182700,2746250800,33946020500,3347.0624,3363.4632,3316.3432,3342.4379
104035000,3323.3722,2685600,30106600,2748936400,33976127100,3347.0624,3363.4632,3316.3432,3342.4379
104040000,3323.8374,2320000,26217700,2751256400,34002344800,3347.0624,3363.4632,3316.3432,3342.4379
104045000,3323.4635,1403200,15896300,2752659600,34018241100,3347.0624,3363.4632,3316.3432,3342.4379
104050000,3323.4422,5009200,40172200,2757668800,34058413300,3347.0624,3363.4632,3316.3432,3342.4379
104055000,3323.6345,2387600,27995900,2760056400,34086409200,3347.0624,3363.4632,3316.3432,3342.4379
104100000,3323.8492,1750000,20339300,2761806400,34106748500,3347.0624,3363.4632,3316.3432,3342.4379
104105000,3324.5606,2015300,30566000,2763821700,34137314500,3347.0624,3363.4632,3316.3432,3342.4379
104110000,3324.2381,2987100,35829000,2766808800,34173143500,3347.0624,3363.4632,3316.3432,3342.4379
104115000,3324.0,1572400,18442700,2768381200,34191586200,3347.0624,3363.4632,3316.3432,3342.4379
104120000,3324.4926,2761800,27784900,2771143000,34219371100,3347.0624,3363.4632,3316.3432,3342.4379
104125000,3324.4546,2031100,19725800,2773174100,34239096900,3347.0624,3363.4632,3316.3432,3342.4379
104130000,3324.2364,2148200,17150600,2775322300,34256247500,3347.0624,3363.4632,3316.3432,3342.4379
104135000,3324.1349,2446000,28183200,2777768300,34284430700,3347.0624,3363.4632,3316.3432,3342.4379
104140000,3324.6223,2237400,30503700,2780005700,34314934400,3347.0624,3363.4632,3316.3432,3342.4379
104145000,3324.7413,1479200,17437400,2781484900,34332371800,3347.0624,3363.4632,3316.3432,3342.4379
104150000,3324.5197,2103400,24869300,2783588300,34357241100,3347.0624,3363.4632,3316.3432,3342.4379
104155000,3324.1603,2027600,25122300,2785615900,34382363400,3347.0624,3363.4632,3316.3432,3342.4379
104200000,3324.2865,1420700,14379600,2787036600,34396743000,3347.0624,3363.4632,3316.3432,3342.4379
104205000,3323.8547,2106500,22615900,2789143100,34419358900,3347.0624,3363.4632,3316.3432,3342.4379
104210000,3323.828,1937000,24670200,2791080100,34444029100,3347.0624,3363.4632,3316.3432,3342.4379
104215000,3324.383,1000500,16481200,2792080600,34460510300,3347.0624,3363.4632,3316.3432,3342.4379
104220000,3324.4696,2341500,23182600,2794422100,34483692900,3347.0624,3363.4632,3316.3432,3342.4379
104225000,3324.7367,1712400,16942100,2796134500,34500635000,3347.0624,3363.4632,3316.3432,3342.4379
104231000,3324.1327,1890300,21223200,2798024800,34521858200,3347.0624,3363.4632,3316.3432,3342.4379
104235000,3324.204,815500,11569100,2798840300,34533427300,3347.0624,3363.4632,3316.3432,3342.4379
104241000,3324.6378,1758600,22117700,2800598900,34555545000,3347.0624,3363.4632,3316.3432,3342.4379
104246000,3324.8163,1409600,16803800,2802008500,34572348800,3347.0624,3363.4632,3316.3432,3342.4379
104251000,3324.9273,914200,11022500,2802922700,34583371300,3347.0624,3363.4632,3316.3432,3342.4379
104256000,3324.9969,2150900,24199600,2805073600,34607570900,3347.0624,3363.4632,3316.3432,3342.4379
104301000,3324.794,2529000,25661500,2807602600,34633232400,3347.0624,3363.4632,3316.3432,3342.4379
104306000,3324.586,1238600,14530700,2808841200,34647763100,3347.0624,3363.4632,3316.3432,3342.4379
104311000,3324.7949,1812400,23723000,2810653600,34671486100,3347.0624,3363.4632,3316.3432,3342.4379
104316000,3324.9328,1920200,22712800,2812573800,34694198900,3347.0624,3363.4632,3316.3432,3342.4379
104321000,3325.0621,1045700,10700500,2813619500,34704899400,3347.0624,3363.4632,3316.3432,3342.4379
104326000,3325.04,2235300,24018500,2815854800,34728917900,3347.0624,3363.4632,3316.3432,3342.4379
104331000,3325.4717,1633900,22531800,2817488700,34751449700,3347.0624,3363.4632,3316.3432,3342.4379
104336000,3325.2005,1173600,13875000,2818662300,34765324700,3347.0624,3363.4632,3316.3432,3342.4379
104341000,3325.615,2483100,26852800,2821145400,34792177500,3347.0624,3363.4632,3316.3432,3342.4379
104346000,3325.9381,1998300,25100000,2823143700,34817277500,3347.0624,3363.4632,3316.3432,3342.4379
104351000,3326.3501,1460400,18333100,2824604100,34835610600,3347.0624,3363.4632,3316.3432,3342.4379
104356000,3326.455,2403500,29227000,2827007600,34864837600,3347.0624,3363.4632,3316.3432,3342.4379
104401000,3327.4472,2542400,27926900,2829550000,34892764500,3347.0624,3363.4632,3316.3432,3342.4379
104406000,3327.4491,1167600,15450800,2830717600,34908215300,3347.0624,3363.4632,3316.3432,3342.4379
104411000,3326.6456,1926800,25274900,2832644400,34933490200,3347.0624,3363.4632,3316.3432,3342.4379
104416000,3327.2336,2111900,23274600,2834756300,34956764800,3347.0624,3363.4632,3316.3432,3342.4379
104421000,3327.2352,1910200,14480800,2836666500,34971245600,3347.0624,3363.4632,3316.3432,3342.4379
104426000,3327.5498,1882700,30183300,2838549200,35001428900,3347.0624,3363.4632,3316.3432,3342.4379
104431000,3327.226,1977300,23482700,2840526500,35024911600,3347.0624,3363.4632,3316.3432,3342.4379
104436000,3326.8093,1521200,19694400,2842047700,35044606000,3347.0624,3363.4632,3316.3432,3342.4379
104441000,3326.3574,1825300,20902600,2843873000,35065508600,3347.0624,3363.4632,3316.3432,3342.4379
104446000,3327.3056,1999900,29969000,2845872900,35095477600,3347.0624,3363.4632,3316.3432,3342.4379
104451000,3327.3522,932100,11668200,2846805000,35107145800,3347.0624,3363.4632,3316.3432,3342.4379
104456000,3326.8641,1754400,19550600,2848559400,35126696400,3347.0624,3363.4632,3316.3432,3342.4379
104501000,3327.3477,1837100,17643900,2850396500,35144340300,3347.0624,3363.4632,3316.3432,3342.4379
104506000,3327.0583,992100,13710100,2851388600,35158050400,3347.0624,3363.4632,3316.3432,3342.4379
104511000,3327.0226,1364300,17000900,2852752900,35175051300,3347.0624,3363.4632,3316.3432,3342.4379
104516000,3326.5,2027800,27377600,2854780700,35202428900,3347.0624,3363.4632,3316.3432,3342.4379
104521000,3326.7396,1064700,14792900,2855845400,35217221800,3347.0624,3363.4632,3316.3432,3342.4379
104526000,3327.1218,1783600,19846500,2857629000,35237068300,3347.0624,3363.4632,3316.3432,3342.4379
104531000,3326.2282,2978400,27500400,2860607400,35264568700,3347.0624,3363.4632,3316.3432,3342.4379
104536000,3326.0384,816700,16637500,2861424100,35281206200,3347.0624,3363.4632,3316.3432,3342.4379
104541000,3326.4591,1965200,23903800,2863389300,35305110000,3347.0624,3363.4632,3316.3432,3342.4379
104546000,3326.6143,1968900,22537100,2865358200,35327647100,3347.0624,3363.4632,3316.3432,3342.4379
104551000,3326.3026,950300,14703500,2866308500,35342350600,3347.0624,3363.4632,3316.3432,3342.4379
104556000,3325.9829,1318600,19871800,2867627100,35362222400,3347.0624,3363.4632,3316.3432,3342.4379
104601000,3325.8519,1615800,19731100,2869242900,35381953500,3347.0624,3363.4632,3316.3432,3342.4379
104606000,3325.6715,1031200,12618600,2870274100,35394572100,3347.0624,3363.4632,3316.3432,3342.4379
104611000,3325.3862,2260000,24327700,2872534100,35418899800,3347.0624,3363.4632,3316.3432,3342.4379
104616000,3325.3255,1311800,16944700,2873845900,35435844500,3347.0624,3363.4632,3316.3432,3342.4379
104621000,3325.7442,1015600,15495600,2874861500,35451340100,3347.0624,3363.4632,3316.3432,3342.4379
104627000,3325.5912,1428300,20582400,2876289800,35471922500,3347.0624,3363.4632,3316.3432,3342.4379
104632000,3325.3117,1517000,17761100,2877806800,35489683600,3347.0624,3363.4632,3316.3432,3342.4379
104636000,3325.2698,1414200,14599500,2879221000,35504283100,3347.0624,3363.4632,3316.3432,3342.4379
104642000,3325.6243,1826000,21528000,2881047000,35525811100,3347.0624,3363.4632,3316.3432,3342.4379
104647000,3325.2978,1035500,16808900,2882082500,35542620000,3347.0624,3363.4632,3316.3432,3342.4379
104652000,3325.3804,1627600,18909000,2883710100,35561529000,3347.0624,3363.4632,3316.3432,3342.4379
104657000,3325.2611,788900,13062400,2884499000,35574591400,3347.0624,3363.4632,3316.3432,3342.4379
104702000,3325.1252,1997500,20829100,2886496500,35595420500,3347.0624,3363.4632,3316.3432,3342.4379
104707000,3324.6584,1506000,20233600,2888002500,35615654100,3347.0624,3363.4632,3316.3432,3342.4379
104712000,3324.5871,698600,12128300,2888701100,35627782400,3347.0624,3363.4632,3316.3432,3342.4379
104717000,3324.5059,1439900,25340600,2890141000,35653123000,3347.0624,3363.4632,3316.3432,3342.4379
104722000,3325.1297,1393800,16616300,2891534800,35669739300,3347.0624,3363.4632,3316.3432,3342.4379
104727000,3324.8313,861100,13132300,2892395900,35682871600,3347.0624,3363.4632,3316.3432,3342.4379
104732000,3324.72,1933600,18281200,2894329500,35701152800,3347.0624,3363.4632,3316.3432,3342.4379
104737000,3324.3963,1654800,18254300,2895984300,35719407100,3347.0624,3363.4632,3316.3432,3342.4379
104742000,3325.1281,934000,11883100,2896918300,35731290200,3347.0624,3363.4632,3316.3432,3342.4379
104747000,3324.6374,1726600,18737400,2898644900,35750027600,3347.0624,3363.4632,3316.3432,3342.4379
104752000,3325.0556,1588500,15304200,2900233400,35765331800,3347.0624,3363.4632,3316.3432,3342.4379
104757000,3324.7686,1027400,12520700,2901260800,35777852500,3347.0624,3363.4632,3316.3432,3342.4379
104802000,3324.7453,1149800,17494600,2902410600,35795347100,3347.0624,3363.4632,3316.3432,3342.4379
104807000,3324.2545,2279500,23217600,2904690100,35818564700,3347.0624,3363.4632,3316.3432,3342.4379
104812000,3323.7941,1193500,15089400,2905883600,35833654100,3347.0624,3363.4632,3316.3432,3342.4379
104817000,3325.2261,1674500,20456100,2907558100,35854110200,3347.0624,3363.4632,3316.3432,3342.4379
104822000,3324.3986,1822200,20152500,2909380300,35874262700,3347.0624,3363.4632,3316.3432,3342.4379
104827000,3324.3926,900400,13504100,2910280700,35887766800,3347.0624,3363.4632,3316.3432,3342.4379
104832000,3324.1583,1087000,14996400,2911367700,35902763200,3347.0624,3363.4632,3316.3432,3342.4379
104837000,3323.5799,1092600,18716000,2912460300,35921479200,3347.0624,3363.4632,3316.3432,3342.4379
104842000,3323.8557,1272600,15292100,2913732900,35936771300,3347.0624,3363.4632,3316.3432,3342.4379
104847000,3324.2328,1046300,15838300,2914779200,35952609600,3347.0624,3363.4632,3316.3432,3342.4379
104852000,3323.8387,1331800,17618600,2916111000,35970228200,3347.0624,3363.4632,3316.3432,3342.4379
104857000,3323.4738,1526800,14667900,2917637800,35984896100,3347.0624,3363.4632,3316.3432,3342.4379
104902000,3323.5807,1704500,19345000,2919342300,36004241100,3347.0624,3363.4632,3316.3432,3342.4379
104907000,3323.4004,1525000,19904400,2920867300,36024145500,3347.0624,3363.4632,3316.3432,3342.4379
104912000,3322.8836,1170300,14042500,2922037600,36038188000,3347.0624,3363.4632,3316.3432,3342.4379
104917000,3323.299,1497800,20887500,2923535400,36059075500,3347.0624,3363.4632,3316.3432,3342.4379
104922000,3323.5505,2217700,24134200,2925753100,36083209700,3347.0624,3363.4632,3316.3432,3342.4379
104927000,3323.4284,785700,13813200,2926538800,36097022900,3347.0624,3363.4632,3316.3432,3342.4379
104932000,3323.3664,1556100,21575100,2928094900,36118598000,3347.0624,3363.4632,3316.3432,3342.4379
104937000,3323.1475,1444000,19490900,2929538900,36138088900,3347.0624,3363.4632,3316.3432,3342.4379
104942000,3323.5059,1825600,18507300,2931364500,36156596200,3347.0624,3363.4632,3316.3432,3342.4379
104947000,3323.6391,1495600,21039000,2932860100,36177635200,3347.0624,3363.4632,3316.3432,3342.4379
104952000,3323.6101,1767700,22572100,2934627800,36200207300,3347.0624,3363.4632,3316.3432,3342.4379
104957000,3323.3698,1091800,17779000,2935719600,36217986300,3347.0624,3363.4632,3316.3432,3342.4379
105002000,3323.1953,1845300,20735500,2937564900,36238721800,3347.0624,3363.4632,3316.3432,3342.4379
105007000,3322.8434,1459000,18235100,2939023900,36256956900,3347.0624,3363.4632,3316.3432,3342.4379
105012000,3322.6697,939300,12037600,2939963200,36268994500,3347.0624,3363.4632,3316.3432,3342.4379
105017000,3322.5499,1578100,23349800,2941541300,36292344300,3347.0624,3363.4632,3316.3432,3342.4379
105022000,3323.0521,1696000,24344500,2943237300,36316688800,3347.0624,3363.4632,3316.3432,3342.4379
105027000,3322.2592,1277400,17340100,2944514700,36334028900,3347.0624,3363.4632,3316.3432,3342.4379
105033000,3322.1587,2459500,29325900,2946974200,36363354800,3347.0624,3363.4632,3316.3432,3342.4379
105037000,3321.5059,2142500,28804800,2949116700,36392159600,3347.0624,3363.4632,3316.3432,3342.4379
105043000,3321.0406,2425100,35615100,2951541800,36427774700,3347.0624,3363.4632,3316.3432,3342.4379
105048000,3320.9268,1053300,16794800,2952595100,36444569500,3347.0624,3363.4632,3316.3432,3342.4379
105053000,3320.147,2175900,29881400,2954771000,36474450900,3347.0624,3363.4632,3316.3432,3342.4379
105058000,3319.9017,2633100,31682300,2957404100,36506133200,3347.0624,3363.4632,3316.3432,3342.4379
105103000,3319.7275,1576800,22110800,2958980900,36528244000,3347.0624,3363.4632,3316.3432,3342.4379
105108000,3319.165,2637900,31927500,2961618800,36560171500,3347.0624,3363.4632,3316.3432,3342.4379
105113000,3319.1515,1736000,20785400,2963354800,36580956900,3347.0624,3363.4632,3316.3432,3342.4379
105118000,3319.081,1937200,22217900,2965292000,36603174800,3347.0624,3363.4632,3316.3432,3342.4379
105123000,3318.9409,2402900,24974200,2967694900,36628149000,3347.0624,3363.4632,3316.3432,3342.4379
105128000,3318.9304,2117900,26283200,2969812800,36654432200,3347.0624,3363.4632,3316.3432,3342.4379
105133000,3317.9979,1479000,21906500,2971291800,36676338700,3347.0624,3363.4632,3316.3432,3342.4379
105138000,3318.2101,2094700,25537600,2973386500,36701876300,3347.0624,3363.4632,3316.3432,3342.4379
105143000,3318.7132,2346200,31370600,2975732700,36733246900,3347.0624,3363.4632,3316.3432,3342.4379
105148000,3318.6568,1174700,12986500,2976907400,36746233400,3347.0624,3363.4632,3316.3432,3342.4379
105153000,3318.4879,4208300,39582400,2981115700,36785815800,3347.0624,3363.4632,3316.3432,3342.4379
105158000,3318.4148,3719400,45847400,2984835100,36831663200,3347.0624,3363.4632,3316.3432,3342.4379
105203000,3318.0784,1191900,16322800,2986027000,36847986000,3347.0624,3363.4632,3316.3432,3342.4379
105208000,3317.156,3082100,39912800,2989109100,36887898800,3347.0624,3363.4632,3316.3432,3342.4379
105213000,3316.9637,2800100,36171700,2991909200,36924070500,3347.0624,3363.4632,3316.3432,3342.4379
105218000,3317.2677,1341400,17162400,2993250600,36941232900,3347.0624,3363.4632,3316.3432,3342.4379
105223000,3316.7693,2622000,31625000,2995872600,36972857900,3347.0624,3363.4632,3316.3432,3342.4379
105228000,3316.6892,2993200,36281500,2998865800,37009139400,3347.0624,3363.4632,3316.3432,3342.4379
105233000,3316.3406,2036900,22996700,3000902700,37032136100,3347.0624,3363.4632,3316.3406,3342.4379
105238000,3316.1221,3086700,27321300,3003989400,37059457400,3347.0624,3363.4632,3316.1221,3342.4379
105243000,3316.5,2779500,39867600,3006768900,37099325000,3347.0624,3363.4632,3316.1221,3342.4379
105248000,3316.0138,2501500,29062700,3009270400,37128387700,3347.0624,3363.4632,3315.9393,3342.4379
105253000,3315.9143,3118600,31391400,3012389000,37159779100,3347.0624,3363.4632,3315.7991,3342.4379
105258000,3315.5344,3057500,39450700,3015446500,37199229800,3347.0624,3363.4632,3315.5344,3342.4379
105303000,3315.327,1949600,21433700,3017396100,37220663500,3347.0624,3363.4632,3315.249,3342.4379
105308000,3315.168,2668500,33293400,3020064600,37253956900,3347.0624,3363.4632,3314.9485,3342.4379
105313000,3315.2137,2918100,34524600,3022982700,37288481500,3347.0624,3363.4632,3314.9485,3342.4379
105318000,3315.324,2054300,26322700,3025037000,37314804200,3347.0624,3363.4632,3314.9485,3342.4379
105323000,3317.7642,5007100,53202200,3030044100,37368006400,3347.0624,3363.4632,3314.9485,3342.4379
105328000,3318.4016,4934200,60319400,3034978300,37428325800,3347.0624,3363.4632,3314.9485,3342.4379
105333000,3318.8499,3429000,39111700,3038407300,37467437500,3347.0624,3363.4632,3314.9485,3342.4379
105338000,3319.9552,3732800,46653800,3042140100,37514091300,3347.0624,3363.4632,3314.9485,3342.4379
105343000,3320.2204,3112600,38965700,3045252700,37553057000,3347.0624,3363.4632,3314.9485,3342.4379
105348000,3319.5874,2342500,25969800,3047595200,37579026800,3347.0624,3363.4632,3314.9485,3342.4379
105353000,3319.3534,2478700,28825700,3050073900,37607852500,3347.0624,3363.4632,3314.9485,3342.4379
105358000,3319.575,2656600,33804600,3052730500,37641657100,3347.0624,3363.4632,3314.9485,3342.4379
105403000,3318.9997,1462800,19110900,3054193300,37660768000,3347.0624,3363.4632,3314.9485,3342.4379
105408000,3318.702,3552900,31198600,3057746200,37691966600,3347.0624,3363.4632,3314.9485,3342.4379
105413000,3318.9367,2002700,26550100,3059748900,37718516700,3347.0624,3363.4632,3314.9485,3342.4379
105418000,3318.8971,2109100,18303900,3061858000,37736820600,3347.0624,3363.4632,3314.9485,3342.4379
105424000,3319.2328,2419400,30274600,3064277400,37767095200,3347.0624,3363.4632,3314.9485,3342.4379
105428000,3318.7436,3018300,29942800,3067295700,37797038000,3347.0624,3363.4632,3314.9485,3342.4379
105434000,3318.604,1617700,21001300,3068913400,37818039300,3347.0624,3363.4632,3314.9485,3342.4379
105439000,3318.6187,1565900,14663200,3070479300,37832702500,3347.0624,3363.4632,3314.9485,3342.4379
105444000,3318.7085,1705400,23129100,3072184700,37855831600,3347.0624,3363.4632,3314.9485,3342.4379
105449000,3318.7993,1712800,24038800,3073897500,37879870400,3347.0624,3363.4632,3314.9485,3342.4379
105454000,3318.2002,1780700,19016800,3075678200,37898887200,3347.0624,3363.4632,3314.9485,3342.4379
105459000,3318.3426,1552000,17904600,3077230200,37916791800,3347.0624,3363.4632,3314.9485,3342.4379
105504000,3317.8865,1733300,21172700,3078963500,37937964500,3347.0624,3363.4632,3314.9485,3342.4379
105509000,3317.8215,1178600,13748600,3080142100,37951713100,3347.0624,3363.4632,3314.9485,3342.4379
105514000,3317.5926,2018600,23623700,3082160700,37975336800,3347.0624,3363.4632,3314.9485,3342.4379
105519000,3317.8457,2241400,23492500,3084402100,37998829300,3347.0624,3363.4632,3314.9485,3342.4379
105524000,3317.8683,879800,12154700,3085281900,38010984000,3347.0624,3363.4632,3314.9485,3342.4379
105529000,3317.6447,2018200,25479600,3087300100,38036463600,3347.0624,3363.4632,3314.9485,3342.4379
105534000,3316.7762,1458600,16638200,3088758700,38053101800,3347.0624,3363.4632,3314.9485,3342.4379
105539000,3316.4581,1393500,13485400,3090152200,38066587200,3347.0624,3363.4632,3314.9485,3342.4379
105544000,3316.9493,1662900,22409400,3091815100,38088996600,3347.0624,3363.4632,3314.9485,3342.4379
105549000,3317.0186,2108600,21147100,3093923700,38110143700,3347.0624,3363.4632,3314.9485,3342.4379
105554000,3316.6704,1599700,15796600,3095523400,38125940300,3347.0624,3363.4632,3314.9485,3342.4379
105559000,3316.4543,2152300,24557000,3097675700,38150497300,3347.0624,3363.4632,3314.9485,3342.4379
105604000,3316.5706,1369500,23885300,3099045200,38174382600,3347.0624,3363.4632,3314.9485,3342.4379
105609000,3316.1851,1407000,17625900,3100452200,38192008500,3347.0624,3363.4632,3314.9485,3342.4379
105614000,3316.2159,2210100,26255500,3102662300,38218264000,3347.0624,3363.4632,3314.9485,3342.4379
105619000,3316.4123,1444700,16861100,3104107000,38235125100,3347.0624,3363.4632,3314.9485,3342.4379
105624000,3316.562,1312500,18377800,3105419500,38253502900,3347.0624,3363.4632,3314.9485,3342.4379
105629000,3316.6538,2381800,26597600,3107801300,38280100500,3347.0624,3363.4632,3314.9485,3342.4379
105634000,3316.1057,1358600,20264400,3109159900,38300364900,3347.0624,3363.4632,3314.9485,3342.4379
105639000,3316.1201,1275800,14172200,3110435700,38314537100,3347.0624,3363.4632,3314.9485,3342.4379
105644000,3316.251,1824800,22308100,3112260500,38336845200,3347.0624,3363.4632,3314.9485,3342.4379
105649000,3316.5102,2264500,22802000,3114525000,38359647200,3347.0624,3363.4632,3314.9485,3342.4379
105654000,3316.4299,1862300,16785500,3116387300,38376432700,3347.0624,3363.4632,3314.9485,3342.4379
105659000,3316.1912,2379800,26795700,3118767100,38403228400,3347.0624,3363.4632,3314.9485,3342.4379
105704000,3316.2762,1624300,24521600,3120391400,38427750000,3347.0624,3363.4632,3314.9485,3342.4379
105709000,3315.5926,1274400,16122800,3121665800,38443872800,3347.0624,3363.4632,3314.9485,3342.4379
105714000,3315.5018,2449900,24940900,3124115700,38468813700,3347.0624,3363.4632,3314.9485,3342.4379
105719000,3315.91,1890200,20394500,3126005900,38489208200,3347.0624,3363.4632,3314.9485,3342.4379
105724000,3315.6098,1497400,13261800,3127503300,38502470000,3347.0624,3363.4632,3314.9485,3342.4379
105729000,3316.0621,2305800,28264300,3129809100,38530734300,3347.0624,3363.4632,3314.9485,3342.4379
105734000,3315.0281,1539300,18431000,3131348400,38549165300,3347.0624,3363.4632,3314.9485,3342.4379
105739000,3315.0028,1104600,12254400,3132453000,38561419700,3347.0624,3363.4632,3314.9485,3342.4379
105744000,3315.3959,1314700,14334400,3133767700,38575754100,3347.0624,3363.4632,3314.9485,3342.4379
105749000,3315.2433,2058700,22252700,3135826400,38598006800,3347.0624,3363.4632,3314.9485,3342.4379
105754000,3315.3754,1298400,14996300,3137124800,38613003100,3347.0624,3363.4632,3314.9485,3342.4379
105759000,3315.2449,2016000,24969900,3139140800,38637973000,3347.0624,3363.4632,3314.9485,3342.4379
105804000,3315.0317,2123200,26644400,3141264000,38664617400,3347.0624,3363.4632,3314.9485,3342.4379
105809000,3314.5748,1921600,21811100,3143185600,38686428500,3347.0624,3363.4632,3314.5023,3342.4379
105814000,3314.7092,2507000,25630500,3145692600,38712059000,3347.0624,3363.4632,3314.3794,3342.4379
105819000,3314.5563,2233400,26395100,3147926000,38738454100,3347.0624,3363.4632,3314.3794,3342.4379
105824000,3315.1961,2020900,26348300,3149946900,38764802400,3347.0624,3363.4632,3314.3794,3342.4379
105830000,3315.7142,2627200,30213400,3152574100,38795015800,3347.0624,3363.4632,3314.3794,3342.4379
105835000,3315.8285,2226800,26723100,3154800900,38821738900,3347.0624,3363.4632,3314.3794,3342.4379
105839000,3315.1852,1775300,18347100,3156576200,38840086000,3347.0624,3363.4632,3314.3794,3342.4379
105845000,3315.7798,2515000,30113700,3159091200,38870199700,3347.0624,3363.4632,3314.3794,3342.4379
105850000,3315.9071,3649300,37999800,3162740500,38908199500,3347.0624,3363.4632,3314.3794,3342.4379
105855000,3316.3187,4390900,35980200,3167131400,38944179700,3347.0624,3363.4632,3314.3794,3342.4379
105900000,3317.1256,3466400,29776100,3170597800,38973955800,3347.0624,3363.4632,3314.3794,3342.4379
105905000,3317.2847,4152600,43488000,3174750400,39017443800,3347.0624,3363.4632,3314.3794,3342.4379
105910000,3317.5962,3653600,44233800,3178404000,39061677600,3347.0624,3363.4632,3314.3794,3342.4379
105915000,3318.5183,2184500,23077900,3180588500,39084755500,3347.0624,3363.4632,3314.3794,3342.4379
105920000,3318.435,3424800,44518300,3184013300,39129273800,3347.0624,3363.4632,3314.3794,3342.4379
105925000,3317.9891,2408300,29943100,3186421600,39159216900,3347.0624,3363.4632,3314.3794,3342.4379
105930000,3318.0025,1393200,21321100,3187814800,39180538000,3347.0624,3363.4632,3314.3794,3342.4379
105935000,3317.7881,2308500,31368500,3190123300,39211906500,3347.0624,3363.4632,3314.3794,3342.4379
105940000,3318.4095,2210800,25914900,3192334100,39237821400,3347.0624,3363.4632,3314.3794,3342.4379
105945000,3318.5244,1310400,13601400,3193644500,39251422800,3347.0624,3363.4632,3314.3794,3342.4379
105950000,3318.3924,2292300,23678200,3195936800,39275101000,3347.0624,3363.4632,3314.3794,3342.4379
105955000,3318.5443,2148100,22938400,3198084900,39298039400,3347.0624,3363.4632,3314.3794,3342.4379
110000000,3319.0418,1763500,20025300,3199848400,39318064700,3347.0624,3363.4632,3314.3794,3342.4379
110005000,3318.8764,2287900,22394900,3202136300,39340459600,3347.0624,3363.4632,3314.3794,3342.4379
110010000,3318.7264,1969300,25189600,3204105600,39365649200,3347.0624,3363.4632,3314.3794,3342.4379
110015000,3318.3478,1090000,14191500,3205195600,39379840700,3347.0624,3363.4632,3314.3794,3342.4379
110020000,3318.1388,2127000,26526600,3207322600,39406367300,3347.0624,3363.4632,3314.3794,3342.4379
110025000,3317.536,1659600,25622700,3208982200,39431990000,3347.0624,3363.4632,3314.3794,3342.4379
110030000,3317.6159,1899600,24500400,3210881800,39456490400,3347.0624,3363.4632,3314.3794,3342.4379
110035000,3317.5626,1762400,25850800,3212644200,39482341200,3347.0624,3363.4632,3314.3794,3342.4379
110040000,3317.7662,1869900,24714300,3214514100,39507055500,3347.0624,3363.4632,3314.3794,3342.4379
110045000,3317.8824,1105500,13804800,3215619600,39520860300,3347.0624,3363.4632,3314.3794,3342.4379
110050000,3318.1347,1545100,19907900,3217164700,39540768200,3347.0624,3363.4632,3314.3794,3342.4379
110055000,3317.588,1507900,16316500,3218672600,39557084700,3347.0624,3363.4632,3314.3794,3342.4379
110100000,3317.8755,1021400,13919100,3219694000,39571003800,3347.0624,3363.4632,3314.3794,3342.4379
110105000,3317.1554,2021300,22388700,3221715300,39593392500,3347.0624,3363.4632,3314.3794,3342.4379
110110000,3317.1815,1792200,21748600,3223507500,39615141100,3347.0624,3363.4632,3314.3794,3342.4379
110115000,3316.7063,1269500,14017100,3224777000,39629158200,3347.0624,3363.4632,3314.3794,3342.4379
110120000,3317.1698,2186800,22906600,3226963800,39652064800,3347.0624,3363.4632,3314.3794,3342.4379
110125000,3317.3599,1432400,17858400,3228396200,39669923200,3347.0624,3363.4632,3314.3794,3342.4379
110130000,3317.4887,1472100,17295300,3229868300,39687218500,3347.0624,3363.4632,3314.3794,3342.4379
110135000,3316.7877,1754000,23056500,3231622300,39710275000,3347.0624,3363.4632,3314.3794,3342.4379
110140000,3316.6676,1744200,22887000,3233366500,39733162000,3347.0624,3363.4632,3314.3794,3342.4379
110145000,3317.1841,835500,13351800,3234202000,39746513800,3347.0624,3363.4632,3314.3794,3342.4379
110150000,3317.2107,2233000,21048700,3236435000,39767562500,3347.0624,3363.4632,3314.3794,3342.4379
110155000,3316.8776,1429500,16865300,3237864500,39784427800,3347.0624,3363.4632,3314.3794,3342.4379
110200000,3316.855,1434700,14610800,3239299200,39799038600,3347.0624,3363.4632,3314.3794,3342.4379
110205000,3316.2425,2619100,21949400,3241918300,39820988000,3347.0624,3363.4632,3314.3794,3342.4379
110210000,3316.1667,1902900,23233300,3243821200,39844221300,3347.0624,3363.4632,3314.3794,3342.4379
110215000,3316.3253,1241800,13031800,3245063000,39857253100,3347.0624,3363.4632,3314.3794,3342.4379
110220000,3316.4563,3134700,27519900,3248197700,39884773000,3347.0624,3363.4632,3314.3794,3342.4379
110225000,3316.2837,2148600,21913300,3250346300,39906686300,3347.0624,3363.4632,3314.3794,3342.4379
110231000,3315.9366,4176300,28274700,3254522600,39934961000,3347.0624,3363.4632,3314.3794,3342.4379
110236000,3315.2527,1152500,14516500,3255675100,39949477500,3347.0624,3363.4632,3314.3794,3342.4379
110241000,3315.4956,2211000,21920700,3257886100,39971398200,3347.0624,3363.4632,3314.3794,3342.4379
110246000,3315.6423,1976900,20793700,3259863000,39992191900,3347.0624,3363.4632,3314.3794,3342.4379
110251000,3316.0221,791300,10082300,3260654300,40002274200,3347.0624,3363.4632,3314.3794,3342.4379
110256000,3315.5489,1695500,19734800,3262349800,40022009000,3347.0624,3363.4632,3314.3794,3342.4379
110301000,3315.2295,1473200,20143600,3263823000,40042152600,3347.0624,3363.4632,3314.3794,3342.4379
110306000,3314.7754,1286100,14135600,3265109100,40056288200,3347.0624,3363.4632,3314.3794,3342.4379
110311000,3314.3653,1573800,19682900,3266682900,40075971100,3347.0624,3363.4632,3314.3489,3342.4379
110316000,3314.6157,2004600,24067300,3268687500,40100038400,3347.0624,3363.4632,3314.3489,3342.4379
110321000,3314.1875,1440600,15977000,3270128100,40116015400,3347.0624,3363.4632,3314.1069,3342.4379
110326000,3314.2624,3257500,31784700,3273385600,40147800100,3347.0624,3363.4632,3314.1069,3342.4379
110331000,3314.5039,3421200,33544200,3276806800,40181344300,3347.0624,3363.4632,3314.1069,3342.4379
110336000,3313.5744,1401100,17975800,3278207900,40199320100,3347.0624,3363.4632,3313.5744,3342.4379
110341000,3313.4821,3367500,35546500,3281575400,40234866600,3347.0624,3363.4632,3313.4821,3342.4379
110346000,3313.1834,3900600,40543700,3285476000,40275410300,3347.0624,3363.4632,3313.1811,3342.4379
110351000,3312.7345,2779200,25107900,3288255200,40300518200,3347.0624,3363.4632,3312.7345,3342.4379
110356000,3312.3493,3349600,39122500,3291604800,40339640700,3347.0624,3363.4632,3312.3493,3342.4379
110401000,3311.666,4555800,43408100,3296160600,40383048800,3347.0624,3363.4632,3311.666,3342.4379
110406000,3311.2343,2282200,26868700,3298442800,40409917500,3347.0624,3363.4632,3311.1484,3342.4379
110411000,3310.8978,4100300,41621800,3302543100,40451539300,3347.0624,3363.4632,3310.8978,3342.4379
110416000,3311.0351,4170300,36363700,3306713400,40487903000,3347.0624,3363.4632,3310.8978,3342.4379
110421000,3310.9142,1333000,17161300,3308046400,40505064300,3347.0624,3363.4632,3310.8978,3342.4379
110426000,3310.5256,3857600,36467000,3311904000,40541531300,3347.0624,3363.4632,3310.5231,3342.4379
110431000,3310.8742,4125200,35772000,3316029200,40577303300,3347.0624,3363.4632,3310.5231,3342.4379
110436000,3310.4753,2283900,23990600,3318313100,40601293900,3347.0624,3363.4632,3310.3817,3342.4379
110441000,3310.7227,3193700,37184300,3321506800,40638478200,3347.0624,3363.4632,3310.3817,3342.4379
110446000,3310.85,3263200,41836500,3324770000,40680314700,3347.0624,3363.4632,3310.3817,3342.4379
110451000,3310.6161,1537100,20200300,3326307100,40700515000,3347.0624,3363.4632,3310.3817,3342.4379
110456000,3310.1799,4406800,44348400,3330713900,40744863400,3347.0624,3363.4632,3310.1799,3342.4379
110501000,3310.0707,3434800,35802500,3334148700,40780665900,3347.0624,3363.4632,3310.0564,3342.4379
110506000,3309.8296,2390200,29610300,3336538900,40810276200,3347.0624,3363.4632,3309.7819,3342.4379
110511000,3309.9268,3587100,34752300,3340126000,40845028500,3347.0624,3363.4632,3309.7819,3342.4379
110516000,3309.1145,4054900,39519700,3344180900,40884548200,3347.0624,3363.4632,3309.1145,3342.4379
110521000,3309.3803,3118900,26501400,3347299800,40911049600,3347.0624,3363.4632,3308.6941,3342.4379
110526000,3308.8934,4127200,37656600,3351427000,40948706200,3347.0624,3363.4632,3308.6941,3342.4379
110531000,3308.9491,4139100,43255800,3355566100,40991962000,3347.0624,3363.4632,3308.6941,3342.4379
110536000,3308.4438,2376600,24838500,3357942700,41016800500,3347.0624,3363.4632,3308.4278,3342.4379
110541000,3307.9624,4037000,39432500,3361979700,41056233000,3347.0624,3363.4632,3307.9624,3342.4379
110546000,3308.1309,4775400,39037200,3366755100,41095270200,3347.0624,3363.4632,3307.7565,3342.4379
110551000,3308.0117,1590900,21514900,3368346000,41116785100,3347.0624,3363.4632,3307.7565,3342.4379
110556000,3307.6367,4418900,44612000,3372764900,41161397100,3347.0624,3363.4632,3307.6263,3342.4379
110601000,3307.3924,4394100,46080900,3377159000,41207478000,3347.0624,3363.4632,3307.2924,3342.4379
110606000,3306.7324,2765900,35823400,3379924900,41243301400,3347.0624,3363.4632,3306.7324,3342.4379
110611000,3306.1654,5338200,57907500,3385263100,41301208900,3347.0624,3363.4632,3306.1654,3342.4379
110616000,3306.2442,4847600,52345600,3390110700,41353554500,3347.0624,3363.4632,3306.1654,3342.4379
110621000,3306.8622,2429600,31320200,3392540300,41384874700,3347.0624,3363.4632,3306.1058,3342.4379
110627000,3307.792,5665700,55628900,3398206000,41440503600,3347.0624,3363.4632,3306.1058,3342.4379
110631000,3307.723,5260000,52068000,3403466000,41492571600,3347.0624,3363.4632,3306.1058,3342.4379
110637000,3307.7493,4811200,62110100,3408277200,41554681700,3347.0624,3363.4632,3306.1058,3342.4379
110642000,3309.4448,4095300,51433800,3412372500,41606115500,3347.0624,3363.4632,3306.1058,3342.4379
110647000,3310.4332,6054100,75473900,3418426600,41681589400,3347.0624,3363.4632,3306.1058,3342.4379
110652000,3310.1095,6433600,67210500,3424860200,41748799900,3347.0624,3363.4632,3306.1058,3342.4379
110657000,3310.3238,2385400,28780300,3427245600,41777580200,3347.0624,3363.4632,3306.1058,3342.4379
110701000,3310.8552,5645400,52498300,3432891000,41830078500,3347.0624,3363.4632,3306.1058,3342.4379
110707000,3310.8502,4937000,57238800,3437828000,41887317300,3347.0624,3363.4632,3306.1058,3342.4379
110712000,3311.1836,2199800,26288800,3440027800,41913606100,3347.0624,3363.4632,3306.1058,3342.4379
110717000,3311.3194,6101300,47266800,3446129100,41960872900,3347.0624,3363.4632,3306.1058,3342.4379
110722000,3311.1015,3550000,38321600,3449679100,41999194500,3347.0624,3363.4632,3306.1058,3342.4379
110727000,3310.9818,1918200,20531700,3451597300,42019726200,3347.0624,3363.4632,3306.1058,3342.4379
110731000,3311.9674,2953500,32529300,3454550800,42052255500,3347.0624,3363.4632,3306.1058,3342.4379
110737000,3311.1004,3202300,40026500,3457753100,42092282000,3347.0624,3363.4632,3306.1058,3342.4379
110742000,3311.0045,2429500,25953700,3460182600,42118235700,3347.0624,3363.4632,3306.1058,3342.4379
110747000,3311.029,3428200,37756400,3463610800,42155992100,3347.0624,3363.4632,3306.1058,3342.4379
110752000,3310.8882,2696800,31302100,3466307600,42187294200,3347.0624,3363.4632,3306.1058,3342.4379
110757000,3310.9394,1280100,16053000,3467587700,42203347200,3347.0624,3363.4632,3306.1058,3342.4379
110802000,3310.7771,2309700,27591600,3469897400,42230938800,3347.0624,3363.4632,3306.1058,3342.4379
110807000,3310.5003,3185400,36744400,3473082800,42267683200,3347.0624,3363.4632,3306.1058,3342.4379
110812000,3310.3358,1878700,18102000,3474961500,42285785200,3347.0624,3363.4632,3306.1058,3342.4379
110817000,3309.9614,2879100,32468000,3477840600,42318253200,3347.0624,3363.4632,3306.1058,3342.4379
110822000,3310.5358,2352500,27705500,3480193100,42345958700,3347.0624,3363.4632,3306.1058,3342.4379
110827000,3310.3796,2154300,28627800,3482347400,42374586500,3347.0624,3363.4632,3306.1058,3342.4379
110832000,3310.0044,2879900,31646700,3485227300,42406233200,3347.0624,3363.4632,3306.1058,3342.4379
110837000,3309.6618,3013700,31257500,3488241000,42437490700,3347.0624,3363.4632,3306.1058,3342.4379
110842000,3309.3422,1278700,18227600,3489519700,42455718300,3347.0624,3363.4632,3306.1058,3342.4379
110846000,3309.7468,2521600,25689200,3492041300,42481407500,3347.0624,3363.4632,3306.1058,3342.4379
110852000,3309.8277,3386800,37754900,3495428100,42519162400,3347.0624,3363.4632,3306.1058,3342.4379
110857000,3309.4581,1632800,20170600,3497060900,42539333000,3347.0624,3363.4632,3306.1058,3342.4379
110902000,3309.2859,2633000,24854800,3499693900,42564187800,3347.0624,3363.4632,3306.1058,3342.4379
110907000,3309.0277,2265500,27091400,3501959400,42591279200,3347.0624,3363.4632,3306.1058,3342.4379
110912000,3308.7636,1506400,17237900,3503465800,42608517100,3347.0624,3363.4632,3306.1058,3342.4379
110916000,3308.9417,1907500,20352400,3505373300,42628869500,3347.0624,3363.4632,3306.1058,3342.4379
110922000,3308.5264,2430200,26625700,3507803500,42655495200,3347.0624,3363.4632,3306.1058,3342.4379
110927000,3308.348,1632800,16457800,3509436300,42671953000,3347.0624,3363.4632,3306.1058,3342.4379
110931000,3308.5838,1854500,20510700,3511290800,42692463700,3347.0624,3363.4632,3306.1058,3342.4379
110937000,3307.9785,2364500,27980100,3513655300,42720443800,3347.0624,3363.4632,3306.1058,3342.4379
110942000,3308.0018,1742600,19058900,3515397900,42739502700,3347.0624,3363.4632,3306.1058,3342.4379
110947000,3307.8962,2255000,28603100,3517652900,42768105800,3347.0624,3363.4632,3306.1058,3342.4379
110952000,3307.677,2915000,37299600,3520567900,42805405400,3347.0624,3363.4632,3306.1058,3342.4379
110957000,3307.1454,1442200,19885800,3522010100,42825291200,3347.0624,3363.4632,3306.1058,3342.4379
111002000,3307.1693,2198700,25853900,3524208800,42851145100,3347.0624,3363.4632,3306.1058,3342.4379
111007000,3306.9404,3181700,35909100,3527390500,42887054200,3347.0624,3363.4632,3306.1058,3342.4379
111013000,3306.7254,2955000,35478000,3530345500,42922532200,3347.0624,3363.4632,3306.1058,3342.4379
111017000,3305.9439,1296200,21743600,3531641700,42944275800,3347.0624,3363.4632,3305.9439,3342.4379
111022000,3306.0772,2509800,29092700,3534151500,42973368500,3347.0624,3363.4632,3305.8125,3342.4379
111028000,3306.1523,2297000,29262200,3536448500,43002630700,3347.0624,3363.4632,3305.8125,3342.4379
111032000,3306.991,1547800,19082300,3537996300,43021713000,3347.0624,3363.4632,3305.8125,3342.4379
111038000,3305.8238,2727200,33082200,3540723500,43054795200,3347.0624,3363.4632,3305.8125,3342.4379
111043000,3305.722,2173500,26525700,3542897000,43081320900,3347.0624,3363.4632,3305.722,3342.4379
111048000,3306.151,1874400,24856100,3544771400,43106177000,3347.0624,3363.4632,3305.7151,3342.4379
111053000,3305.2735,2222300,29495300,3546993700,43135672300,3347.0624,3363.4632,3305.2735,3342.4379
111058000,3305.8715,2998500,35516100,3549992200,43171188400,3347.0624,3363.4632,3305.2735,3342.4379
111103000,3305.3643,2483700,29301300,3552475900,43200489700,3347.0624,3363.4632,3305.2735,3342.4379
111107000,3304.8349,3461200,39320400,3555937100,43239810100,3347.0624,3363.4632,3304.8349,3342.4379
111113000,3304.4306,3400500,37670200,3559337600,43277480300,3347.0624,3363.4632,3304.375,3342.4379
111118000,3304.2704,1734600,21603400,3561072200,43299083700,3347.0624,3363.4632,3304.211,3342.4379
111122000,3304.0287,2726300,32778600,3563798500,43331862300,3347.0624,3363.4632,3304.0287,3342.4379
111128000,3304.0168,4973000,46995200,3568771500,43378857500,3347.0624,3363.4632,3303.993,3342.4379
111133000,3303.5761,2297800,25294200,3571069300,43404151700,3347.0624,3363.4632,3303.5761,3342.4379
111137000,3303.1606,3557400,37267100,3574626700,43441418800,3347.0624,3363.4632,3303.1606,3342.4379
111143000,3302.5519,4845000,55255200,3579471700,43496674000,3347.0624,3363.4632,3302.5519,3342.4379
111148000,3302.8436,2594500,46491300,3582066200,43543165300,3347.0624,3363.4632,3302.5519,3342.4379
111152000,3301.8766,3260500,44824400,3585326700,43587989700,3347.0624,3363.4632,3301.8766,3342.4379
111158000,3301.6487,4476900,54624700,3589803600,43642614400,3347.0624,3363.4632,3301.6487,3342.4379
111203000,3300.9888,3393300,40751600,3593196900,43683366000,3347.0624,3363.4632,3300.9347,3342.4379
111207000,3300.9059,5881800,54806000,3599078700,43738172000,3347.0624,3363.4632,3300.9059,3342.4379
111213000,3300.7655,5402300,55270000,3604481000,43793442000,3347.0624,3363.4632,3300.6123,3342.4379
111218000,3300.3046,2743400,27445800,3607224400,43820887800,3347.0624,3363.4632,3300.3046,3342.4379
111222000,3300.3129,3912100,45339100,3611136500,43866226900,3347.0624,3363.4632,3299.9574,3342.4379
111228000,3300.1275,5098700,59073200,3616235200,43925300100,3347.0624,3363.4632,3299.9574,3342.4379
111233000,3300.0087,2881300,32479100,3619116500,43957779200,3347.0624,3363.4632,3299.9304,3342.4379
111237000,3299.7539,3602000,52357200,3622718500,44010136400,3347.0624,3363.4632,3299.7539,3342.4379
111243000,3299.576,4368200,59605200,3627086700,44069741600,3347.0624,3363.4632,3299.576,3342.4379
111248000,3300.1895,2895200,53214500,3629981900,44122956100,3347.0624,3363.4632,3299.576,3342.4379
111252000,3300.0712,5435000,45561900,3635416900,44168518000,3347.0624,3363.4632,3299.576,3342.4379
111258000,3299.6621,5135400,54011500,3640552300,44222529500,3347.0624,3363.4632,3299.576,3342.4379
111303000,3298.9129,3325800,40856800,3643878100,44263386300,3347.0624,3363.4632,3298.9129,3342.4379
111307000,3298.7816,3718400,40270000,3647596500,44303656300,3347.0624,3363.4632,3298.7816,3342.4379
111313000,3298.1814,4720000,57392400,3652316500,44361048700,3347.0624,3363.4632,3298.1814,3342.4379
111318000,3297.9176,3632700,38262400,3655949200,44399311100,3347.0624,3363.4632,3297.8058,3342.4379
111322000,3297.4391,4062100,44572600,3660011300,44443883700,3347.0624,3363.4632,3297.4391,3342.4379
111328000,3297.5778,5402300,65482700,3665413600,44509366400,3347.0624,3363.4632,3297.4391,3342.4379
111333000,3297.4672,3204500,36689100,3668618100,44546055500,3347.0624,3363.4632,3297.2152,3342.4379
111337000,3297.0005,5652300,56286900,3674270400,44602342400,3347.0624,3363.4632,3297.0005,3342.4379
111343000,3297.207,6492400,61584100,3680762800,44663926500,3347.0624,3363.4632,3297.0005,3342.4379
111348000,3297.3523,4215200,53287600,3684978000,44717214100,3347.0624,3363.4632,3297.0005,3342.4379
111352000,3296.7839,4653600,45833500,3689631600,44763047600,3347.0624,3363.4632,3296.7839,3342.4379
111358000,3296.629,5811600,57264100,3695443200,44820311700,3347.0624,3363.4632,3296.5198,3342.4379
111403000,3296.0967,3384300,34650800,3698827500,44854962500,3347.0624,3363.4632,3296.0967,3342.4379
111407000,3295.7296,4959800,59685400,3703787300,44914647900,3347.0624,3363.4632,3295.7296,3342.4379
111413000,3296.1418,5536900,53640000,3709324200,44968287900,3347.0624,3363.4632,3295.7296,3342.4379
111418000,3296.265,2639000,32319000,3711963200,45000606900,3347.0624,3363.4632,3295.7296,3342.4379
111422000,3297.6824,5064700,59217600,3717027900,45059824500,3347.0624,3363.4632,3295.7296,3342.4379
111428000,3299.9917,7486600,93771500,3724514500,45153596000,3347.0624,3363.4632,3295.7296,3342.4379
111434000,3300.1934,9858500,113878900,3734373000,45267474900,3347.0624,3363.4632,3295.7296,3342.4379
111439000,3300.0031,5313000,59611800,3739686000,45327086700,3347.0624,3363.4632,3295.7296,3342.4379
111443000,3301.6806,5573700,65924600,3745259700,45393011300,3347.0624,3363.4632,3295.7296,3342.4379
111449000,3302.0981,4947800,59573100,3750207500,45452584400,3347.0624,3363.4632,3295.7296,3342.4379
111454000,3301.855,3309000,41152100,3753516500,45493736500,3347.0624,3363.4632,3295.7296,3342.4379
111458000,3301.9397,4380000,49149000,3757896500,45542885500,3347.0624,3363.4632,3295.7296,3342.4379
111504000,3302.2011,4745900,53814000,3762642400,45596699500,3347.0624,3363.4632,3295.7296,3342.4379
111509000,3302.1831,2753400,32742300,3765395800,45629441800,3347.0624,3363.4632,3295.7296,3342.4379
111513000,3302.5501,3409800,36379800,3768805600,45665821600,3347.0624,3363.4632,3295.7296,3342.4379
111519000,3302.3648,4654800,43243100,3773460400,45709064700,3347.0624,3363.4632,3295.7296,3342.4379
111524000,3302.3644,2429400,22261500,3775889800,45731326200,3347.0624,3363.4632,3295.7296,3342.4379
111528000,3302.4308,3359400,35244500,3779249200,45766570700,3347.0624,3363.4632,3295.7296,3342.4379
111534000,3302.417,3464800,36609700,3782714000,45803180400,3347.0624,3363.4632,3295.7296,3342.4379
111539000,3302.5449,1930200,22631600,3784644200,45825812000,3347.0624,3363.4632,3295.7296,3342.4379
111543000,3302.916,3010400,39304000,3787654600,45865116000,3347.0624,3363.4632,3295.7296,3342.4379
111549000,3303.2568,2872200,30398700,3790526800,45895514700,3347.0624,3363.4632,3295.7296,3342.4379
111554000,3303.1155,2268900,25557200,3792795700,45921071900,3347.0624,3363.4632,3295.7296,3342.4379
111558000,3303.3669,6452000,47556500,3799247700,45968628400,3347.0624,3363.4632,3295.7296,3342.4379
111604000,3303.3036,2927300,37178800,3802175000,46005807200,3347.0624,3363.4632,3295.7296,3342.4379
111609000,3304.0015,1867000,28039300,3804042000,46033846500,3347.0624,3363.4632,3295.7296,3342.4379
111613000,3304.1604,3325100,33467000,3807367100,46067313500,3347.0624,3363.4632,3295.7296,3342.4379
111619000,3304.3434,3296400,34202500,3810663500,46101516000,3347.0624,3363.4632,3295.7296,3342.4379
111624000,3304.1195,1566800,15146000,3812230300,46116662000,3347.0624,3363.4632,3295.7296,3342.4379
111628000,3304.6323,3068300,29549100,3815298600,46146211100,3347.0624,3363.4632,3295.7296,3342.4379
111634000,3305.4556,3644100,31550500,3818942700,46177761600,3347.0624,3363.4632,3295.7296,3342.4379
111639000,3305.2116,1892700,18988500,3820835400,46196750100,3347.0624,3363.4632,3295.7296,3342.4379
111643000,3305.0823,2470300,26666700,3823305700,46223416800,3347.0624,3363.4632,3295.7296,3342.4379
111649000,3305.4337,2670000,30856800,3825975700,46254273600,3347.0624,3363.4632,3295.7296,3342.4379
111654000,3305.759,1440700,17058800,3827416400,46271332400,3347.0624,3363.4632,3295.7296,3342.4379
111658000,3306.6703,2833100,37971500,3830249500,46309303900,3347.0624,3363.4632,3295.7296,3342.4379
111704000,3306.5267,2927900,35661700,3833177400,46344965600,3347.0624,3363.4632,3295.7296,3342.4379
111709000,3306.1241,1970000,24000100,3835147400,46368965700,3347.0624,3363.4632,3295.7296,3342.4379
111713000,3306.05,2428000,26996600,3837575400,46395962300,3347.0624,3363.4632,3295.7296,3342.4379
111719000,3306.6339,2824500,31085300,3840399900,46427047600,3347.0624,3363.4632,3295.7296,3342.4379
111724000,3306.0906,4170800,26953900,3844570700,46454001500,3347.0624,3363.4632,3295.7296,3342.4379
111728000,3306.377,2561200,28200700,3847131900,46482202200,3347.0624,3363.4632,3295.7296,3342.4379
111734000,3306.2586,2885200,31497000,3850017100,46513699200,3347.0624,3363.4632,3295.7296,3342.4379
111739000,3305.7271,1412900,18190200,3851430000,46531889400,3347.0624,3363.4632,3295.7296,3342.4379
111743000,3306.4475,2381900,25250700,3853811900,46557140100,3347.0624,3363.4632,3295.7296,3342.4379
111749000,3306.8964,2414300,28870700,3856226200,46586010800,3347.0624,3363.4632,3295.7296,3342.4379
111754000,3307.0836,1794000,19640900,3858020200,46605651700,3347.0624,3363.4632,3295.7296,3342.4379
111758000,3307.5021,2546500,29311900,3860566700,46634963600,3347.0624,3363.4632,3295.7296,3342.4379
111804000,3308.3299,3784900,43212000,3864351600,46678175600,3347.0624,3363.4632,3295.7296,3342.4379
111809000,3307.9665,1271700,16495700,3865623300,46694671300,3347.0624,3363.4632,3295.7296,3342.4379
111813000,3308.0376,2225900,26255000,3867849200,46720926300,3347.0624,3363.4632,3295.7296,3342.4379
111819000,3308.3474,2950900,33249600,3870800100,46754175900,3347.0624,3363.4632,3295.7296,3342.4379
111825000,3309.0064,2965700,41891600,3873765800,46796067500,3347.0624,3363.4632,3295.7296,3342.4379
111828000,3309.3767,1422400,15758200,3875188200,46811825700,3347.0624,3363.4632,3295.7296,3342.4379
111834000,3310.1313,4401600,45457000,3879589800,46857282700,3347.0624,3363.4632,3295.7296,3342.4379
111840000,3310.5376,4441900,51349000,3884031700,46908631700,3347.0624,3363.4632,3295.7296,3342.4379
111845000,3311.0092,3570100,31528000,3887601800,46940159700,3347.0624,3363.4632,3295.7296,3342.4379
111849000,3312.2385,4432500,48208300,3892034300,46988368000,3347.0624,3363.4632,3295.7296,3342.4379
111855000,3312.9848,4918800,59844400,3896953100,47048212400,3347.0624,3363.4632,3295.7296,3342.4379
111900000,3313.7097,2953700,44302500,3899906800,47092514900,3347.0624,3363.4632,3295.7296,3342.4379
111904000,3314.2176,3996200,46279600,3903903000,47138794500,3347.0624,3363.4632,3295.7296,3342.4379
111910000,3314.4491,4680800,45924200,3908583800,47184718700,3347.0624,3363.4632,3295.7296,3342.4379
111915000,3314.5661,2084700,26497100,3910668500,47211215800,3347.0624,3363.4632,3295.7296,3342.4379
111919000,3314.8799,2451600,27002100,3913120100,47238217900,3347.0624,3363.4632,3295.7296,3342.4379
111925000,3314.9183,2846500,31820400,3915966600,47270038300,3347.0624,3363.4632,3295.7296,3342.4379
111930000,3314.8605,2009400,24443500,3917976000,47294481800,3347.0624,3363.4632,3295.7296,3342.4379
111934000,3315.3297,1849800,25870000,3919825800,47320351800,3347.0624,3363.4632,3295.7296,3342.4379
111940000,3315.1578,3441100,37417700,3923266900,47357769500,3347.0624,3363.4632,3295.7296,3342.4379
111945000,3315.1829,1872900,23129200,3925139800,47380898700,3347.0624,3363.4632,3295.7296,3342.4379
111949000,3315.1848,2433000,26143700,3927572800,47407042400,3347.0624,3363.4632,3295.7296,3342.4379
111955000,3315.5813,2972700,36705800,3930545500,47443748200,3347.0624,3363.4632,3295.7296,3342.4379
112000000,3315.6909,1414600,17651800,3931960100,47461400000,3347.0624,3363.4632,3295.7296,3342.4379
112004000,3315.6623,2054900,21972700,3934015000,47483372700,3347.0624,3363.4632,3295.7296,3342.4379
112010000,3315.4078,2825300,32533800,3936840300,47515906500,3347.0624,3363.4632,3295.7296,3342.4379
112015000,3315.4118,1198100,14801300,3938038400,47530707800,3347.0624,3363.4632,3295.7296,3342.4379
112019000,3315.4278,2045500,22186400,3940083900,47552894200,3347.0624,3363.4632,3295.7296,3342.4379
112025000,3315.3225,2374000,28381000,3942457900,47581275200,3347.0624,3363.4632,3295.7296,3342.4379
112030000,3315.6145,1278300,18794000,3943736200,47600069200,3347.0624,3363.4632,3295.7296,3342.4379
112034000,3316.1278,2083200,23148900,3945819400,47623218100,3347.0624,3363.4632,3295.7296,3342.4379
112040000,3315.8612,2763100,28059600,3948582500,47651277700,3347.0624,3363.4632,3295.7296,3342.4379
112045000,3315.59,878600,13571000,3949461100,47664848700,3347.0624,3363.4632,3295.7296,3342.4379
112049000,3315.7858,1999000,25821800,3951460100,47690670500,3347.0624,3363.4632,3295.7296,3342.4379
112055000,3315.7416,2054700,26612700,3953514800,47717283200,3347.0624,3363.4632,3295.7296,3342.4379
112100000,3315.7803,1335900,16599400,3954850700,47733882600,3347.0624,3363.4632,3295.7296,3342.4379
112104000,3315.5342,1744000,21422000,3956594700,47755304600,3347.0624,3363.4632,3295.7296,3342.4379
112110000,3315.5903,1791000,20581900,3958385700,47775886500,3347.0624,3363.4632,3295.7296,3342.4379
112115000,3315.4689,1027600,16163100,3959413300,47792049600,3347.0624,3363.4632,3295.7296,3342.4379
112119000,3315.4359,2391700,24972700,3961805000,47817022300,3347.0624,3363.4632,3295.7296,3342.4379
112125000,3317.4045,2867700,31695200,3964672700,47848717500,3347.0624,3363.4632,3295.7296,3342.4379
112130000,3318.2293,2996900,37975600,3967669600,47886693100,3347.0624,3363.4632,3295.7296,3342.4379
112134000,3319.2528,6050500,60706000,3973720100,47947399100,3347.0624,3363.4632,3295.7296,3342.4379
112140000,3320.6748,6002000,69701300,3979722100,48017100400,3347.0624,3363.4632,3295.7296,3342.4379
112145000,3320.7164,2558000,41386000,3982280100,48058486400,3347.0624,3363.4632,3295.7296,3342.4379
112149000,3320.8146,4257400,49540200,3986537500,48108026600,3347.0624,3363.4632,3295.7296,3342.4379
112155000,3322.1117,3747200,55229800,3990284700,48163256400,3347.0624,3363.4632,3295.7296,3342.4379
112200000,3322.1931,2335400,34941600,3992620100,48198198000,3347.0624,3363.4632,3295.7296,3342.4379
112204000,3323.3117,4083100,48027400,3996703200,48246225400,3347.0624,3363.4632,3295.7296,3342.4379
112210000,3323.0153,4137800,53845400,4000841000,48300070800,3347.0624,3363.4632,3295.7296,3342.4379
112215000,3323.5365,3009700,29083900,4003850700,48329154700,3347.0624,3363.4632,3295.7296,3342.4379
112221000,3323.9835,4211500,46628500,4008062200,48375783200,3347.0624,3363.4632,3295.7296,3342.4379
112225000,3324.19,4040200,47822100,4012102400,48423605300,3347.0624,3363.4632,3295.7296,3342.4379
112231000,3324.3033,3827000,47597700,4015929400,48471203000,3347.0624,3363.4632,3295.7296,3342.4379
112236000,3324.6615,1947000,30972300,4017876400,48502175300,3347.0624,3363.4632,3295.7296,3342.4379
112240000,3324.8157,3412000,40069900,4021288400,48542245200,3347.0624,3363.4632,3295.7296,3342.4379
112246000,3325.3694,3042100,43710100,4024330500,48585955300,3347.0624,3363.4632,3295.7296,3342.4379
112251000,3325.4194,2126100,24277700,4026456600,48610233000,3347.0624,3363.4632,3295.7296,3342.4379
112255000,3325.987,3280600,48400800,4029737200,48658633800,3347.0624,3363.4632,3295.7296,3342.4379
112301000,3326.112,2935700,51970800,4032672900,48710604600,3347.0624,3363.4632,3295.7296,3342.4379
112306000,3326.3671,1957800,23160400,4034630700,48733765000,3347.0624,3363.4632,3295.7296,3342.4379
112310000,3326.553,3066400,47109300,4037697100,48780874300,3347.0624,3363.4632,3295.7296,3342.4379
112316000,3326.4719,2638300,34484500,4040335400,48815358800,3347.0624,3363.4632,3295.7296,3342.4379
112321000,3326.5373,2668100,41253700,4043003500,48856612500,3347.0624,3363.4632,3295.7296,3342.4379
112325000,3326.7151,4648000,42827000,4047651500,48899439500,3347.0624,3363.4632,3295.7296,3342.4379
112331000,3326.6264,4740600,45822700,4052392100,48945262200,3347.0624,3363.4632,3295.7296,3342.4379
112336000,3326.881,1870100,24746500,4054262200,48970008700,3347.0624,3363.4632,3295.7296,3342.4379
112340000,3326.183,2191700,28137200,4056453900,48998145900,3347.0624,3363.4632,3295.7296,3342.4379
112346000,3326.0684,2802000,40256700,4059255900,49038402600,3347.0624,3363.4632,3295.7296,3342.4379
112351000,3325.9964,1513500,25669700,4060769400,49064072300,3347.0624,3363.4632,3295.7296,3342.4379
112355000,3325.9835,2005300,27657300,4062774700,49091729600,3347.0624,3363.4632,3295.7296,3342.4379
112401000,3326.076,2626700,30924300,4065401400,49122653900,3347.0624,3363.4632,3295.7296,3342.4379
112406000,3326.0145,1729100,21564600,4067130500,49144218500,3347.0624,3363.4632,3295.7296,3342.4379
112410000,3326.2087,1992200,27178000,4069122700,49171396500,3347.0624,3363.4632,3295.7296,3342.4379
112416000,3326.1011,3059300,35186600,4072182000,49206583100,3347.0624,3363.4632,3295.7296,3342.4379
112421000,3326.6923,1709500,25362900,4073891500,49231946000,3347.0624,3363.4632,3295.7296,3342.4379
112425000,3327.8249,2256900,32702500,4076148400,49264648500,3347.0624,3363.4632,3295.7296,3342.4379
112431000,3327.9769,3474900,48262900,4079623300,49312911400,3347.0624,3363.4632,3295.7296,3342.4379
112436000,3328.1703,2216100,39103300,4081839400,49352014700,3347.0624,3363.4632,3295.7296,3342.4379
112440000,3327.5873,3431700,42053300,4085271100,49394068000,3347.0624,3363.4632,3295.7296,3342.4379
112446000,3329.2798,3694900,58959800,4088966000,49453027800,3347.0624,3363.4632,3295.7296,3342.4379
112451000,3328.9753,3062200,40100900,4092028200,49493128700,3347.0624,3363.4632,3295.7296,3342.4379
112455000,3329.0978,2429100,33719900,4094457300,49526848600,3347.0624,3363.4632,3295.7296,3342.4379
112501000,3329.3312,2907200,48944400,4097364500,49575793000,3347.0624,3363.4632,3295.7296,3342.4379
112506000,3329.0891,1910000,29116300,4099274500,49604909300,3347.0624,3363.4632,3295.7296,3342.4379
112510000,3329.3136,2226000,30199800,4101500500,49635109100,3347.0624,3363.4632,3295.7296,3342.4379
112516000,3329.7415,2451900,42041900,4103952400,49677151000,3347.0624,3363.4632,3295.7296,3342.4379
112521000,3329.3965,1309900,19069800,4105262300,49696220800,3347.0624,3363.4632,3295.7296,3342.4379
112525000,3329.8068,3393900,34324200,4108656200,49730545000,3347.0624,3363.4632,3295.7296,3342.4379
112531000,3329.5981,2988800,30209000,4111645000,49760754000,3347.0624,3363.4632,3295.7296,3342.4379
112536000,3329.6565,2651600,34439900,4114296600,49795193900,3347.0624,3363.4632,3295.7296,3342.4379
112540000,3329.6433,2291200,33000600,4116587800,49828194500,3347.0624,3363.4632,3295.7296,3342.4379
112546000,3329.1699,2501700,35056000,4119089500,49863250500,3347.0624,3363.4632,3295.7296,3342.4379
112551000,3329.711,1817200,19079900,4120906700,49882330400,3347.0624,3363.4632,3295.7296,3342.4379
112555000,3329.9024,2554400,33178700,4123461100,49915509100,3347.0624,3363.4632,3295.7296,3342.4379
112601000,3329.7344,3384300,45954600,4126845400,49961463700,3347.0624,3363.4632,3295.7296,3342.4379
112606000,3329.6511,1665800,21585400,4128511200,49983049100,3347.0624,3363.4632,3295.7296,3342.4379
112610000,3329.871,2396700,34582000,4130907900,50017631100,3347.0624,3363.4632,3295.7296,3342.4379
112616000,3329.7933,2411800,33337900,4133319700,50050969000,3347.0624,3363.4632,3295.7296,3342.4379
112622000,3329.9018,2141400,29655600,4135461100,50080624600,3347.0624,3363.4632,3295.7296,3342.4379
112627000,3330.409,1626200,27996300,4137087300,50108620900,3347.0624,3363.4632,3295.7296,3342.4379
112631000,3330.2969,2315600,35799200,4139402900,50144420100,3347.0624,3363.4632,3295.7296,3342.4379
112637000,3330.7353,2860600,39068600,4142263500,50183488700,3347.0624,3363.4632,3295.7296,3342.4379
112642000,3330.1737,1466900,23625300,4143730400,50207114000,3347.0624,3363.4632,3295.7296,3342.4379
112646000,3331.3807,2549100,36429600,4146279500,50243543600,3347.0624,3363.4632,3295.7296,3342.4379
112652000,3332.9737,4743900,61443300,4151023400,50304986900,3347.0624,3363.4632,3295.7296,3342.4379
112657000,3333.3648,2426400,29949900,4153449800,50334936800,3347.0624,3363.4632,3295.7296,3342.4379
112701000,3333.3294,2701100,37932200,4156150900,50372869000,3347.0624,3363.4632,3295.7296,3342.4379
112707000,3333.8101,2782300,43006300,4158933200,50415875300,3347.0624,3363.4632,3295.7296,3342.4379
112712000,3334.2898,2997200,35714400,4161930400,50451589700,3347.0624,3363.4632,3295.7296,3342.4379
112716000,3335.5753,3152900,44568500,4165083300,50496158200,3347.0624,3363.4632,3295.7296,3342.4379
112722000,3335.5486,4205700,53840100,4169289000,50549998300,3347.0624,3363.4632,3295.7296,3342.4379
112727000,3335.5788,1456000,25217100,4170745000,50575215400,3347.0624,3363.4632,3295.7296,3342.4379
112731000,3336.6989,2845300,48017900,4173590300,50623233300,3347.0624,3363.4632,3295.7296,3342.4379
112737000,3336.6405,3162000,49320600,4176752300,50672553900,3347.0624,3363.4632,3295.7296,3342.4379
112742000,3336.764,2023500,33254200,4178775800,50705808100,3347.0624,3363.4632,3295.7296,3342.4379
112746000,3336.4877,2362500,30018700,4181138300,50735826800,3347.0624,3363.4632,3295.7296,3342.4379
112752000,3336.8239,3476500,70642800,4184614800,50806469600,3347.0624,3363.4632,3295.7296,3342.4379
112757000,3337.1409,1597800,22578900,4186212600,50829048500,3347.0624,3363.4632,3295.7296,3342.4379
112801000,3338.0922,3299500,38211900,4189512100,50867260400,3347.0624,3363.4632,3295.7296,3342.4379
112807000,3337.918,3663300,50353200,4193175400,50917613600,3347.0624,3363.4632,3295.7296,3342.4379
112812000,3337.6679,1548400,21908900,4194723800,50939522500,3347.0624,3363.4632,3295.7296,3342.4379
112816000,3337.4661,3107000,35840900,4197830800,50975363400,3347.0624,3363.4632,3295.7296,3342.4379
112822000,3337.6548,3812000,51260800,4201642800,51026624200,3347.0624,3363.4632,3295.7296,3342.4379
112827000,3337.2182,1914500,26183600,4203557300,51052807800,3347.0624,3363.4632,3295.7296,3342.4379
112831000,3337.0019,2015800,28166100,4205573100,51080973900,3347.0624,3363.4632,3295.7296,3342.4379
112837000,3336.6974,3663000,42536200,4209236100,51123510100,3347.0624,3363.4632,3295.7296,3342.4379
112842000,3336.9806,2713100,31399300,4211949200,51154909400,3347.0624,3363.4632,3295.7296,3342.4379
112846000,3336.5265,2112000,25930200,4214061200,51180839600,3347.0624,3363.4632,3295.7296,3342.4379
112852000,3336.9521,3356200,31027000,4217417400,51211866600,3347.0624,3363.4632,3295.7296,3342.4379
112857000,3336.7008,2133100,21040500,4219550500,51232907100,3347.0624,3363.4632,3295.7296,3342.4379
112901000,3336.8546,3780600,34023700,4223331100,51266930800,3347.0624,3363.4632,3295.7296,3342.4379
112907000,3336.8999,4658200,41437000,4227989300,51308367800,3347.0624,3363.4632,3295.7296,3342.4379
112912000,3336.9611,1378100,18008100,4229367400,51326375900,3347.0624,3363.4632,3295.7296,3342.4379
112916000,3336.7969,3041700,31083100,4232409100,51357459000,3347.0624,3363.4632,3295.7296,3342.4379
112922000,3336.9381,2288900,24616700,4234698000,51382075700,3347.0624,3363.4632,3295.7296,3342.4379
112927000,3337.0905,1513500,22053400,4236211500,51404129100,3347.0624,3363.4632,3295.7296,3342.4379
112931000,3337.3627,3099700,31571600,4239311200,51435700700,3347.0624,3363.4632,3295.7296,3342.4379
112937000,3337.745,2961500,41172700,4242272700,51476873400,3347.0624,3363.4632,3295.7296,3342.4379
112942000,3337.399,1192800,15555700,4243465500,51492429100,3347.0624,3363.4632,3295.7296,3342.4379
112946000,3336.962,2188700,31666200,4245654200,51524095300,3347.0624,3363.4632,3295.7296,3342.4379
112952000,3337.7396,6387100,44714800,4252041300,51568810100,3347.0624,3363.4632,3295.7296,3342.4379
112957000,3338.0735,2132300,24831000,4254173600,51593641100,3347.0624,3363.4632,3295.7296,3342.4379
113000000,3338.4373,2538200,30684300,4256711800,51624325400,3347.0624,3363.4632,3295.7296,3342.4379
113003000,3338.4694,189600,2613700,4256901400,51626939100,3347.0624,3363.4632,3295.7296,3342.4379
130000000,3338.6388,939600,21950600,4257841000,51648889700,3347.0624,3363.4632,3295.7296,3342.4379
130005000,3341.6887,62720100,597413100,4320561100,52246302800,3347.0624,3363.4632,3295.7296,3342.4379
130010000,3343.4546,10664200,134301000,4331225300,52380603800,3347.0624,3363.4632,3295.7296,3342.4379
130015000,3344.485,3079900,52059000,4334305200,52432662800,3347.0624,3363.4632,3295.7296,3342.4379
130020000,3345.1237,5940300,63943600,4340245500,52496606400,3347.0624,3363.4632,3295.7296,3342.4379
130025000,3345.4529,3470300,50618300,4343715800,52547224700,3347.0624,3363.4632,3295.7296,3342.4379
130030000,3345.842,2761700,38948400,4346477500,52586173100,3347.0624,3363.4632,3295.7296,3342.4379
130035000,3346.145,4959300,64466500,4351436800,52650639600,3347.0624,3363.4632,3295.7296,3342.4379
130040000,3346.6833,4534900,73461800,4355971700,52724101400,3347.0624,3363.4632,3295.7296,3342.4379
130045000,3347.2774,2980900,45612600,4358952600,52769714000,3347.0624,3363.4632,3295.7296,3342.4379
130050000,3347.6277,4915800,64764100,4363868400,52834478100,3347.0624,3363.4632,3295.7296,3342.4379
130055000,3348.1418,2992900,49697700,4366861300,52884175800,3347.0624,3363.4632,3295.7296,3342.4379
130100000,3348.0715,1337500,19120700,4368198800,52903296500,3347.0624,3363.4632,3295.7296,3342.4379
130105000,3347.9464,3592300,53807000,4371791100,52957103500,3347.0624,3363.4632,3295.7296,3342.4379
130110000,3348.6671,4822400,76119800,4376613500,53033223300,3347.0624,3363.4632,3295.7296,3342.4379
130115000,3349.4098,2574700,38986600,4379188200,53072209900,3347.0624,3363.4632,3295.7296,3342.4379
130119000,3349.674,4862900,83838700,4384051100,53156048600,3347.0624,3363.4632,3295.7296,3342.4379
130125000,3349.6313,2699000,53519200,4386750100,53209567800,3347.0624,3363.4632,3295.7296,3342.4379
130130000,3349.4811,2180600,39181200,4388930700,53248749000,3347.0624,3363.4632,3295.7296,3342.4379
130134000,3349.0396,2984800,42493000,4391915500,53291242000,3347.0624,3363.4632,3295.7296,3342.4379
130140000,3349.6774,2898800,57236700,4394814300,53348478700,3347.0624,3363.4632,3295.7296,3342.4379
130145000,3349.1393,1703700,26270000,4396518000,53374748700,3347.0624,3363.4632,3295.7296,3342.4379
130150000,3349.4903,2331100,46989700,4398849100,53421738400,3347.0624,3363.4632,3295.7296,3342.4379
130155000,3349.2482,3065100,47941600,4401914200,53469680000,3347.0624,3363.4632,3295.7296,3342.4379
130200000,3349.0484,1701100,26709100,4403615300,53496389100,3347.0624,3363.4632,3295.7296,3342.4379
130204000,3348.388,2779800,40000700,4406395100,53536389800,3347.0624,3363.4632,3295.7296,3342.4379
130210000,3348.7849,3470500,62253500,4409865600,53598643300,3347.0624,3363.4632,3295.7296,3342.4379
130215000,3348.1084,1812200,27397500,4411677800,53626040800,3347.0624,3363.4632,3295.7296,3342.4379
130220000,3347.5793,3516100,50420800,4415193900,53676461600,3347.0624,3363.4632,3295.7296,3342.4379
130225000,3348.4078,2801900,46087300,4417995800,53722548900,3347.0624,3363.4632,3295.7296,3342.4379
130230000,3348.4054,1567300,24742700,4419563100,53747291600,3347.0624,3363.4632,3295.7296,3342.4379
130235000,3347.9398,2685000,38276800,4422248100,53785568400,3347.0624,3363.4632,3295.7296,3342.4379
130240000,3348.1756,2339200,40509400,4424587300,53826077800,3347.0624,3363.4632,3295.7296,3342.4379
130245000,3348.0901,1300900,21846400,4425888200,53847924200,3347.0624,3363.4632,3295.7296,3342.4379
130250000,3347.982,3118200,41906400,4429006400,53889830600,3347.0624,3363.4632,3295.7296,3342.4379
130255000,3347.8291,1918800,30811900,4430925200,53920642500,3347.0624,3363.4632,3295.7296,3342.4379
130300000,3347.6197,1267600,20912700,4432192800,53941555200,3347.0624,3363.4632,3295.7296,3342.4379
130305000,3347.3143,2340800,32084800,4434533600,53973640000,3347.0624,3363.4632,3295.7296,3342.4379
130310000,3347.068,3902000,45840100,4438435600,54019480100,3347.0624,3363.4632,3295.7296,3342.4379
130315000,3347.2433,1671700,21365600,4440107300,54040845700,3347.0624,3363.4632,3295.7296,3342.4379
130321000,3347.3794,2918600,48254500,4443025900,54089100200,3347.0624,3363.4632,3295.7296,3342.4379
130326000,3347.3043,2868900,36343900,4445894800,54125444100,3347.0624,3363.4632,3295.7296,3342.4379
130331000,3347.5115,1725700,29686800,4447620500,54155130900,3347.0624,3363.4632,3295.7296,3342.4379
130336000,3347.3324,1408300,22831200,4449028800,54177962100,3347.0624,3363.4632,3295.7296,3342.4379
130340000,3347.323,2861900,38917900,4451890700,54216880000,3347.0624,3363.4632,3295.7296,3342.4379
130346000,3347.6857,2147100,28091700,4454037800,54244971700,3347.0624,3363.4632,3295.7296,3342.4379
130351000,3348.2014,1805200,27412500,4455843000,54272384200,3347.0624,3363.4632,3295.7296,3342.4379
130355000,3347.8184,1827700,31666000,4457670700,54304050200,3347.0624,3363.4632,3295.7296,3342.4379
130401000,3347.1788,1764300,31190900,4459435000,54335241100,3347.0624,3363.4632,3295.7296,3342.4379
130406000,3347.2452,1107100,18775600,4460542100,54354016700,3347.0624,3363.4632,3295.7296,3342.4379
130410000,3347.3815,2056200,35632500,4462598300,54389649200,3347.0624,3363.4632,3295.7296,3342.4379
130416000,3347.6238,2366300,39225800,4464964600,54428875000,3347.0624,3363.4632,3295.7296,3342.4379
130421000,3348.3466,1542800,29049300,4466507400,54457924300,3347.0624,3363.4632,3295.7296,3342.4379
130426000,3348.7465,2692100,44783100,4469199500,54502707400,3347.0624,3363.4632,3295.7296,3342.4379
130431000,3348.4895,3312200,49656900,4472511700,54552364300,3347.0624,3363.4632,3295.7296,3342.4379
130436000,3349.2421,2144900,28355200,4474656600,54580719500,3347.0624,3363.4632,3295.7296,3342.4379
130441000,3350.188,5050800,63890900,4479707400,54644610400,3347.0624,3363.4632,3295.7296,3342.4379
130446000,3351.1628,5083800,88583400,4484791200,54733193800,3347.0624,3363.4632,3295.7296,3342.4379
130451000,3351.8278,3242800,45232800,4488034000,54778426600,3347.0624,3363.4632,3295.7296,3342.4379
130456000,3352.8011,5845000,90428800,4493879000,54868855400,3347.0624,3363.4632,3295.7296,3342.4379
130501000,3353.0388,3937700,77077900,4497816700,54945933300,3347.0624,3363.4632,3295.7296,3342.4379
130506000,3353.8396,3758300,68985200,4501575000,55014918500,3347.0624,3363.4632,3295.7296,3342.4379
130511000,3354.9264,5711200,83201700,4507286200,55098120200,3347.0624,3363.4632,3295.7296,3342.4379
130516000,3355.2142,4832000,66219300,4512118200,55164339500,3347.0624,3363.4632,3295.7296,3342.4379
130521000,3355.307,2744400,44905100,4514862600,55209244600,3347.0624,3363.4632,3295.7296,3342.4379
130526000,3356.4252,5788400,84725100,4520651000,55293969700,3347.0624,3363.4632,3295.7296,3342.4379
130531000,3357.0654,5581600,77560400,4526232600,55371530100,3347.0624,3363.4632,3295.7296,3342.4379
130536000,3356.5626,2883500,44786500,4529116100,55416316600,3347.0624,3363.4632,3295.7296,3342.4379
130541000,3357.3561,3253700,53832100,4532369800,55470148700,3347.0624,3363.4632,3295.7296,3342.4379
130546000,3357.7094,6756600,76378900,4539126400,55546527600,3347.0624,3363.4632,3295.7296,3342.4379
130551000,3357.8721,2572300,41338000,4541698700,55587865600,3347.0624,3363.4632,3295.7296,3342.4379
130556000,3358.5327,4138100,66950600,4545836800,55654816200,3347.0624,3363.4632,3295.7296,3342.4379
130601000,3358.7977,5213700,70763300,4551050500,55725579500,3347.0624,3363.4632,3295.7296,3342.4379
130606000,3359.0402,3648400,61334200,4554698900,55786913700,3347.0624,3363.4632,3295.7296,3342.4379
130611000,3359.3247,4842200,57223200,4559541100,55844136900,3347.0624,3363.4632,3295.7296,3342.4379
130616000,3359.5933,4618300,71970200,4564159400,55916107100,3347.0624,3363.4632,3295.7296,3342.4379
130621000,3360.0156,2424100,33332700,4566583500,55949439800,3347.0624,3363.4632,3295.7296,3342.4379
130626000,3360.4723,4038300,62856700,4570621800,56012296500,3347.0624,3363.4632,3295.7296,3342.4379
130631000,3361.5738,5242900,65432000,4575864700,56077728500,3347.0624,3363.4632,3295.7296,3342.4379
130636000,3361.6012,4533800,48075100,4580398500,56125803600,3347.0624,3363.4632,3295.7296,3342.4379
130641000,3361.8011,3375500,55774700,4583774000,56181578300,3347.0624,3363.4632,3295.7296,3342.4379
130646000,3362.1886,5447900,76994600,4589221900,56258572900,3347.0624,3363.4632,3295.7296,3342.4379
130651000,3362.6035,2955100,38064400,4592177000,56296637300,3347.0624,3363.4632,3295.7296,3342.4379
130656000,3363.1565,4482000,68405900,4596659000,56365043200,3347.0624,3363.4632,3295.7296,3342.4379
130701000,3363.9475,5963500,81443800,4602622500,56446487000,3347.0624,3364.0144,3295.7296,3342.4379
130706000,3364.2993,4496000,57988200,4607118500,56504475200,3347.0624,3364.2993,3295.7296,3342.4379
130712000,3364.5861,4893900,75731900,4612012400,56580207100,3347.0624,3364.6143,3295.7296,3342.4379
130716000,3365.6646,5428900,75822700,4617441300,56656029800,3347.0624,3365.6646,3295.7296,3342.4379
130722000,3365.4324,7145700,82687500,4624587000,56738717300,3347.0624,3365.6646,3295.7296,3342.4379
130727000,3366.2172,3329300,39529800,4627916300,56778247100,3347.0624,3366.2172,3295.7296,3342.4379
130732000,3366.3961,5168100,63775600,4633084400,56842022700,3347.0624,3366.3961,3295.7296,3342.4379
130737000,3366.9889,6815000,84473000,4639899400,56926495700,3347.0624,3367.0408,3295.7296,3342.4379
130742000,3367.0712,5141800,61763000,4645041200,56988258700,3347.0624,3367.2671,3295.7296,3342.4379
130747000,3368.4084,6608500,79036500,4651649700,57067295200,3347.0624,3368.411,3295.7296,3342.4379
130752000,3369.3167,10160500,106269000,4661810200,57173564200,3347.0624,3369.3167,3295.7296,3342.4379
130757000,3369.8263,5737300,64246500,4667547500,57237810700,3347.0624,3369.8263,3295.7296,3342.4379
130802000,3370.4654,9406400,91550000,4676953900,57329360700,3347.0624,3370.4654,3295.7296,3342.4379
130807000,3371.0727,7950600,90800800,4684904500,57420161500,3347.0624,3371.0727,3295.7296,3342.4379
130812000,3371.0824,4152900,49424500,4689057400,57469586000,3347.0624,3371.3101,3295.7296,3342.4379
130817000,3372.2312,8502900,85447300,4697560300,57555033300,3347.0624,3372.2312,3295.7296,3342.4379
130822000,3372.5836,6964300,81187500,4704524600,57636220800,3347.0624,3372.5836,3295.7296,3342.4379
130827000,3373.2782,7281300,64138100,4711805900,57700358900,3347.0624,3373.2782,3295.7296,3342.4379
130832000,3373.1713,7375500,121825500,4719181400,57822184400,3347.0624,3373.3273,3295.7296,3342.4379
130837000,3373.4239,7158500,76512200,4726339900,57898696600,3347.0624,3373.4239,3295.7296,3342.4379
130842000,3373.5525,3295000,42228000,4729634900,57940924600,3347.0624,3373.6504,3295.7296,3342.4379
130847000,3373.5857,6111500,71026300,4735746400,58011950900,3347.0624,3373.8034,3295.7296,3342.4379
130852000,3373.8644,5320400,68281700,4741066800,58080232600,3347.0624,3374.01,3295.7296,3342.4379
130857000,3374.1935,3390900,43948600,4744457700,58124181200,3347.0624,3374.1935,3295.7296,3342.4379
130902000,3374.3237,5489500,74070800,4749947200,58198252000,3347.0624,3374.3806,3295.7296,3342.4379
130907000,3374.2013,10774600,97966800,4760721800,58296218800,3347.0624,3374.3806,3295.7296,3342.4379
130912000,3375.2565,3725700,53785800,4764447500,58350004600,3347.0624,3375.2565,3295.7296,3342.4379
130917000,3375.2333,6624200,75985800,4771071700,58425990400,3347.0624,3375.6299,3295.7296,3342.4379
130922000,3375.8106,5191300,66087900,4776263000,58492078300,3347.0624,3375.8106,3295.7296,3342.4379
130927000,3375.8955,3697000,41939900,4779960000,58534018200,3347.0624,3375.8955,3295.7296,3342.4379
130932000,3376.3304,7220500,82166100,4787180500,58616184300,3347.0624,3376.5236,3295.7296,3342.4379
130937000,3376.915,6185100,71086900,4793365600,58687271200,3347.0624,3376.928,3295.7296,3342.4379
130942000,3376.7642,3620100,55998700,4796985700,58743269900,3347.0624,3376.9754,3295.7296,3342.4379
130947000,3377.1578,5423100,73502400,4802408800,58816772300,3347.0624,3377.1578,3295.7296,3342.4379
130952000,3377.6925,6425100,81358500,4808833900,58898130800,3347.0624,3377.6925,3295.7296,3342.4379
130957000,3377.593,5265000,53188700,4814098900,58951319500,3347.0624,3377.6925,3295.7296,3342.4379
131002000,3377.6323,5555000,70490100,4819653900,59021809600,3347.0624,3377.6925,3295.7296,3342.4379
131007000,3377.7532,6066600,77657500,4825720500,59099467100,3347.0624,3377.7532,3295.7296,3342.4379
131012000,3378.0688,3464100,40162900,4829184600,59139630000,3347.0624,3378.0688,3295.7296,3342.4379
131017000,3378.7496,5666200,68924500,4834850800,59208554500,3347.0624,3378.7496,3295.7296,3342.4379
131022000,3379.4545,5358400,76835000,4840209200,59285389500,3347.0624,3379.4545,3295.7296,3342.4379
131027000,3379.6506,3629700,46137000,4843838900,59331526500,3347.0624,3379.6506,3295.7296,3342.4379
131032000,3379.6077,4765600,65346000,4848604500,59396872500,3347.0624,3380.0088,3295.7296,3342.4379
131037000,3379.8287,6229300,74763000,4854833800,59471635500,3347.0624,3380.0088,3295.7296,3342.4379
131042000,3379.8112,3428000,44158900,4858261800,59515794400,3347.0624,3380.0088,3295.7296,3342.4379
131047000,3379.6934,5253500,71137200,4863515300,59586931600,3347.0624,3380.0088,3295.7296,3342.4379
131052000,3379.8618,4581700,66521200,4868097000,59653452800,3347.0624,3380.0088,3295.7296,3342.4379
131057000,3380.1479,4355500,47859400,4872452500,59701312200,3347.0624,3380.1479,3295.7296,3342.4379
131101000,3380.2832,5264100,64552500,4877716600,59765864700,3347.0624,3380.2832,3295.7296,3342.4379
131107000,3380.4126,5456800,62905100,4883173400,59828769800,3347.0624,3380.4126,3295.7296,3342.4379
131113000,3380.0866,5624800,76172600,4888798200,59904942400,3347.0624,3380.4126,3295.7296,3342.4379
131117000,3379.9537,4079400,45523600,4892877600,59950466000,3347.0624,3380.4126,3295.7296,3342.4379
131123000,3379.9439,4971800,73028700,4897849400,60023494700,3347.0624,3380.4126,3295.7296,3342.4379
131128000,3378.8322,6279200,88794300,4904128600,60112289000,3347.0624,3380.4126,3295.7296,3342.4379
131133000,3378.4031,4118600,62681400,4908247200,60174970400,3347.0624,3380.4126,3295.7296,3342.4379
131138000,3378.4386,5044000,73219700,4913291200,60248190100,3347.0624,3380.4126,3295.7296,3342.4379
131143000,3378.1684,5226500,73429600,4918517700,60321619700,3347.0624,3380.4126,3295.7296,3342.4379
131148000,3377.6992,5103700,67277400,4923621400,60388897100,3347.0624,3380.4126,3295.7296,3342.4379
131153000,3377.194,5397700,69554500,4929019100,60458451600,3347.0624,3380.4126,3295.7296,3342.4379
131158000,3377.254,4684900,69091800,4933704000,60527543400,3347.0624,3380.4126,3295.7296,3342.4379
131203000,3376.8604,3067600,42799500,4936771600,60570342900,3347.0624,3380.4126,3295.7296,3342.4379
131208000,3375.8249,3754800,51718800,4940526400,60622061700,3347.0624,3380.4126,3295.7296,3342.4379
131213000,3375.7993,3733900,51444100,4944260300,60673505800,3347.0624,3380.4126,3295.7296,3342.4379
131218000,3376.0786,3051400,36000800,4947311700,60709506600,3347.0624,3380.4126,3295.7296,3342.4379
131223000,3375.5922,5036400,60637900,4952348100,60770144500,3347.0624,3380.4126,3295.7296,3342.4379
131228000,3375.6123,4102500,54587200,4956450600,60824731700,3347.0624,3380.4126,3295.7296,3342.4379
131233000,3375.098,3162000,34937200,4959612600,60859668900,3347.0624,3380.4126,3295.7296,3342.4379
131238000,3374.9019,3356400,44607600,4962969000,60904276500,3347.0624,3380.4126,3295.7296,3342.4379
131243000,3374.6228,3643300,42978100,4966612300,60947254600,3347.0624,3380.4126,3295.7296,3342.4379
131248000,3374.0473,3298000,29670200,4969910300,60976924800,3347.0624,3380.4126,3295.7296,3342.4379
131253000,3374.1661,3910200,55916300,4973820500,61032841100,3347.0624,3380.4126,3295.7296,3342.4379
131258000,3373.149,3935100,50749500,4977755600,61083590600,3347.0624,3380.4126,3295.7296,3342.4379
131303000,3372.7514,2317500,32154700,4980073100,61115745300,3347.0624,3380.4126,3295.7296,3342.4379
131308000,3372.6403,3815900,52037200,4983889000,61167782500,3347.0624,3380.4126,3295.7296,3342.4379
131313000,3372.4013,3092900,44140000,4986981900,61211922500,3347.0624,3380.4126,3295.7296,3342.4379
131318000,3372.501,3044900,33046600,4990026800,61244969100,3347.0624,3380.4126,3295.7296,3342.4379
131323000,3372.0002,2929300,43397400,4992956100,61288366500,3347.0624,3380.4126,3295.7296,3342.4379
131328000,3372.345,2955400,46601200,4995911500,61334967700,3347.0624,3380.4126,3295.7296,3342.4379
131333000,3372.6122,2650100,38512300,4998561600,61373480000,3347.0624,3380.4126,3295.7296,3342.4379
131338000,3372.5943,2652900,37042800,5001214500,61410522800,3347.0624,3380.4126,3295.7296,3342.4379
131343000,3372.458,2958400,40017000,5004172900,61450539800,3347.0624,3380.4126,3295.7296,3342.4379
131348000,3373.0174,3173800,32531500,5007346700,61483071300,3347.0624,3380.4126,3295.7296,3342.4379
131353000,3372.2245,3789200,50901900,5011135900,61533973200,3347.0624,3380.4126,3295.7296,3342.4379
131358000,3371.9015,3269000,47562900,5014404900,61581536100,3347.0624,3380.4126,3295.7296,3342.4379
131403000,3371.7363,1689400,27739400,5016094300,61609275500,3347.0624,3380.4126,3295.7296,3342.4379
131408000,3371.0874,2852500,44391400,5018946800,61653666900,3347.0624,3380.4126,3295.7296,3342.4379
131413000,3371.6693,2343000,36051600,5021289800,61689718500,3347.0624,3380.4126,3295.7296,3342.4379
131418000,3371.6853,2442500,32272000,5023732300,61721990500,3347.0624,3380.4126,3295.7296,3342.4379
131423000,3372.0875,3999500,48672500,5027731800,61770663000,3347.0624,3380.4126,3295.7296,3342.4379
131428000,3372.5227,3828100,59174400,5031559900,61829837400,3347.0624,3380.4126,3295.7296,3342.4379
131433000,3373.5342,4261500,47813100,5035821400,61877650500,3347.0624,3380.4126,3295.7296,3342.4379
131438000,3374.6788,6952300,79788700,5042773700,61957439200,3347.0624,3380.4126,3295.7296,3342.4379
131443000,3375.4104,5880600,78646700,5048654300,62036085900,3347.0624,3380.4126,3295.7296,3342.4379
131448000,3375.3168,3858300,44218400,5052512600,62080304300,3347.0624,3380.4126,3295.7296,3342.4379
131453000,3375.5034,3105900,49302100,5055618500,62129606400,3347.0624,3380.4126,3295.7296,3342.4379
131458000,3375.6135,3017900,49436900,5058636400,62179043300,3347.0624,3380.4126,3295.7296,3342.4379
131503000,3376.1914,2297100,40556000,5060933500,62219599300,3347.0624,3380.4126,3295.7296,3342.4379
131508000,3376.3128,3741300,54996800,5064674800,62274596100,3347.0624,3380.4126,3295.7296,3342.4379
131514000,3375.9223,3134200,44947200,5067809000,62319543300,3347.0624,3380.4126,3295.7296,3342.4379
131518000,3376.349,1591700,23980600,5069400700,62343523900,3347.0624,3380.4126,3295.7296,3342.4379
131524000,3376.5727,4268100,50778500,5073668800,62394302400,3347.0624,3380.4126,3295.7296,3342.4379
131529000,3376.7256,3146600,49574300,5076815400,62443876700,3347.0624,3380.4126,3295.7296,3342.4379
131534000,3376.6139,4329000,65034100,5081144400,62508910800,3347.0624,3380.4126,3295.7296,3342.4379
131539000,3376.1721,2667800,40748700,5083812200,62549659500,3347.0624,3380.4126,3295.7296,3342.4379
131544000,3375.6088,5072900,70481400,5088885100,62620140900,3347.0624,3380.4126,3295.7296,3342.4379
131549000,3375.2002,3370300,58256400,5092255400,62678397300,3347.0624,3380.4126,3295.7296,3342.4379
131554000,3375.4193,2421000,29943600,5094676400,62708340900,3347.0624,3380.4126,3295.7296,3342.4379
131559000,3374.8543,3089600,47927100,5097766000,62756268000,3347.0624,3380.4126,3295.7296,3342.4379
131604000,3374.2836,2373700,36422600,5100139700,62792690600,3347.0624,3380.4126,3295.7296,3342.4379
131609000,3373.9571,1603800,23758500,5101743500,62816449100,3347.0624,3380.4126,3295.7296,3342.4379
131614000,3374.0754,2391400,33508800,5104134900,62849957900,3347.0624,3380.4126,3295.7296,3342.4379
131619000,3374.1024,3135000,49556500,5107269900,62899514400,3347.0624,3380.4126,3295.7296,3342.4379
131624000,3373.9383,1960900,27796200,5109230800,62927310600,3347.0624,3380.4126,3295.7296,3342.4379
131629000,3373.5734,2730700,39920000,5111961500,62967230600,3347.0624,3380.4126,3295.7296,3342.4379
131634000,3373.9115,2339500,36450500,5114301000,63003681100,3347.0624,3380.4126,3295.7296,3342.4379
131639000,3374.0128,2068200,33310400,5116369200,63036991500,3347.0624,3380.4126,3295.7296,3342.4379
131644000,3373.3676,2454400,39856800,5118823600,63076848300,3347.0624,3380.4126,3295.7296,3342.4379
131649000,3373.4732,2480400,40107200,5121304000,63116955500,3347.0624,3380.4126,3295.7296,3342.4379
131654000,3373.0869,1835500,30980300,5123139500,63147935800,3347.0624,3380.4126,3295.7296,3342.4379
131659000,3373.1632,2396600,33879900,5125536100,63181815700,3347.0624,3380.4126,3295.7296,3342.4379
131704000,3371.9547,3427500,42443700,5128963600,63224259400,3347.0624,3380.4126,3295.7296,3342.4379
131709000,3371.6101,2067800,23854100,5131031400,63248113500,3347.0624,3380.4126,3295.7296,3342.4379
131714000,3371.5868,2361700,38474500,5133393100,63286588000,3347.0624,3380.4126,3295.7296,3342.4379
131719000,3371.4912,2644300,39874700,5136037400,63326462700,3347.0624,3380.4126,3295.7296,3342.4379
131724000,3370.9867,1804800,26493500,5137842200,63352956200,3347.0624,3380.4126,3295.7296,3342.4379
131729000,3370.8601,2750900,37497100,5140593100,63390453300,3347.0624,3380.4126,3295.7296,3342.4379
131734000,3370.5284,2399600,36680700,5142992700,63427134000,3347.0624,3380.4126,3295.7296,3342.4379
131739000,3370.0392,1432400,23223000,5144425100,63450357000,3347.0624,3380.4126,3295.7296,3342.4379
131744000,3369.858,2268100,31689700,5146693200,63482046700,3347.0624,3380.4126,3295.7296,3342.4379
131749000,3369.5965,2806900,38484200,5149500100,63520530900,3347.0624,3380.4126,3295.7296,3342.4379
131754000,3369.5462,2276800,30324400,5151776900,63550855300,3347.0624,3380.4126,3295.7296,3342.4379
131759000,3368.8127,2726800,37353900,5154503700,63588209200,3347.0624,3380.4126,3295.7296,3342.4379
131804000,3367.7629,2084400,34602400,5156588100,63622811600,3347.0624,3380.4126,3295.7296,3342.4379
131809000,3367.5036,2701900,25934600,5159290000,63648746200,3347.0624,3380.4126,3295.7296,3342.4379
131814000,3367.6699,5871500,48159500,5165161500,63696905700,3347.0624,3380.4126,3295.7296,3342.4379
131819000,3367.6895,3069300,40302700,5168230800,63737208400,3347.0624,3380.4126,3295.7296,3342.4379
131824000,3367.6119,1873700,27306400,5170104500,63764514800,3347.0624,3380.4126,3295.7296,3342.4379
131829000,3367.3518,2837900,40405800,5172942400,63804920600,3347.0624,3380.4126,3295.7296,3342.4379
131834000,3367.0547,2454300,42585800,5175396700,63847506400,3347.0624,3380.4126,3295.7296,3342.4379
131839000,3367.1967,2155400,29873600,5177552100,63877380000,3347.0624,3380.4126,3295.7296,3342.4379
131844000,3366.8388,2466400,39969200,5180018500,63917349200,3347.0624,3380.4126,3295.7296,3342.4379
131849000,3366.9299,2816500,46302100,5182835000,63963651300,3347.0624,3380.4126,3295.7296,3342.4379
131854000,3367.2264,1552700,23779100,5184387700,63987430400,3347.0624,3380.4126,3295.7296,3342.4379
131859000,3367.0497,2606300,36833300,5186994000,64024263700,3347.0624,3380.4126,3295.7296,3342.4379
131904000,3366.2206,2548800,38898300,5189542800,64063162000,3347.0624,3380.4126,3295.7296,3342.4379
131909000,3366.5759,1774100,35453700,5191316900,64098615700,3347.0624,3380.4126,3295.7296,3342.4379
131914000,3366.2631,2951000,42016600,5194267900,64140632300,3347.0624,3380.4126,3295.7296,3342.4379
131919000,3366.6369,2371700,35655400,5196639600,64176287700,3347.0624,3380.4126,3295.7296,3342.4379
131925000,3366.3097,1937900,32706600,5198577500,64208994300,3347.0624,3380.4126,3295.7296,3342.4379
131930000,3366.7246,1419900,22533800,5199997400,64231528100,3347.0624,3380.4126,3295.7296,3342.4379
131935000,3366.5581,1699800,33777900,5201697200,64265306000,3347.0624,3380.4126,3295.7296,3342.4379
131940000,3366.8367,2572300,47316600,5204269500,64312622600,3347.0624,3380.4126,3295.7296,3342.4379
131945000,3367.0477,1560500,24002800,5205830000,64336625400,3347.0624,3380.4126,3295.7296,3342.4379
131950000,3367.2722,2566200,41919400,5208396200,64378544800,3347.0624,3380.4126,3295.7296,3342.4379
131955000,3368.1755,3639300,46686800,5212035500,64425231600,3347.0624,3380.4126,3295.7296,3342.4379
132000000,3368.4461,2312600,33059700,5214348100,64458291300,3347.0624,3380.4126,3295.7296,3342.4379
132005000,3368.6345,3292100,53831800,5217640200,64512123100,3347.0624,3380.4126,3295.7296,3342.4379
132010000,3368.9341,3115400,51504600,5220755600,64563627700,3347.0624,3380.4126,3295.7296,3342.4379
132015000,3369.4304,2262000,36251700,5223017600,64599879400,3347.0624,3380.4126,3295.7296,3342.4379
132020000,3370.1335,2878100,46250100,5225895700,64646129500,3347.0624,3380.4126,3295.7296,3342.4379
132025000,3369.8714,2824200,47411300,5228719900,64693540800,3347.0624,3380.4126,3295.7296,3342.4379
132030000,3369.7604,1453600,25291900,5230173500,64718832700,3347.0624,3380.4126,3295.7296,3342.4379
132035000,3370.4009,2131600,41272400,5232305100,64760105100,3347.0624,3380.4126,3295.7296,3342.4379
132040000,3370.0246,2430300,49573600,5234735400,64809678700,3347.0624,3380.4126,3295.7296,3342.4379
132045000,3370.1021,1593800,28746800,5236329200,64838425500,3347.0624,3380.4126,3295.7296,3342.4379
132050000,3370.3096,2914200,53507800,5239243400,64891933300,3347.0624,3380.4126,3295.7296,3342.4379
132055000,3370.2257,2868900,49843900,5242112300,64941777200,3347.0624,3380.4126,3295.7296,3342.4379
132100000,3370.4058,1613400,21750400,5243725700,64963527600,3347.0624,3380.4126,3295.7296,3342.4379
132105000,3370.4954,2958900,43598600,5246684600,65007126200,3347.0624,3380.4126,3295.7296,3342.4379
132110000,3370.1477,2009200,31441000,5248693800,65038567200,3347.0624,3380.4126,3295.7296,3342.4379
132115000,3370.1368,1393200,23488000,5250087000,65062055200,3347.0624,3380.4126,3295.7296,3342.4379
132120000,3370.9587,2093600,35971800,5252180600,65098027000,3347.0624,3380.4126,3295.7296,3342.4379
132125000,3370.6534,2699000,35807100,5254879600,65133834100,3347.0624,3380.4126,3295.7296,3342.4379
132130000,3371.1755,2533200,29268900,5257412800,65163103000,3347.0624,3380.4126,3295.7296,3342.4379
132135000,3370.8348,1923900,36347000,5259336700,65199450000,3347.0624,3380.4126,3295.7296,3342.4379
132140000,3371.0013,2362000,34343700,5261698700,65233793700,3347.0624,3380.4126,3295.7296,3342.4379
132145000,3371.6398,1419900,23501300,5263118600,65257295000,3347.0624,3380.4126,3295.7296,3342.4379
132150000,3371.5742,2056000,33256900,5265174600,65290551900,3347.0624,3380.4126,3295.7296,3342.4379
132155000,3372.0241,3216400,39373900,5268391000,65329925800,3347.0624,3380.4126,3295.7296,3342.4379
132200000,3372.0448,1404700,22877600,5269795700,65352803400,3347.0624,3380.4126,3295.7296,3342.4379
132205000,3372.3821,2675600,46987400,5272471300,65399790800,3347.0624,3380.4126,3295.7296,3342.4379
132210000,3372.2911,2395100,42113800,5274866400,65441904600,3347.0624,3380.4126,3295.7296,3342.4379
132215000,3372.8855,1562800,24066500,5276429200,65465971100,3347.0624,3380.4126,3295.7296,3342.4379
132220000,3372.7403,1991800,39211100,5278421000,65505182200,3347.0624,3380.4126,3295.7296,3342.4379
132225000,3373.0212,2986200,43224900,5281407200,65548407100,3347.0624,3380.4126,3295.7296,3342.4379
132230000,3372.7675,2276700,31321500,5283683900,65579728600,3347.0624,3380.4126,3295.7296,3342.4379
132235000,3372.892,2199000,45535800,5285882900,65625264400,3347.0624,3380.4126,3295.7296,3342.4379
132240000,3373.0549,2585600,47268200,5288468500,65672532600,3347.0624,3380.4126,3295.7296,3342.4379
132245000,3372.9436,1690500,26106000,5290159000,65698638600,3347.0624,3380.4126,3295.7296,3342.4379
132250000,3373.4338,2311700,40146700,5292470700,65738785300,3347.0624,3380.4126,3295.7296,3342.4379
132255000,3373.1804,1922200,30744000,5294392900,65769529300,3347.0624,3380.4126,3295.7296,3342.4379
132300000,3373.5165,1537000,25375600,5295929900,65794904900,3347.0624,3380.4126,3295.7296,3342.4379
132305000,3373.2448,2539100,46343700,5298469000,65841248600,3347.0624,3380.4126,3295.7296,3342.4379
132310000,3372.8038,3842300,43848100,5302311300,65885096700,3347.0624,3380.4126,3295.7296,3342.4379
132315000,3373.1715,4991200,45276700,5307302500,65930373400,3347.0624,3380.4126,3295.7296,3342.4379
132320000,3373.3965,2836100,47878100,5310138600,65978251500,3347.0624,3380.4126,3295.7296,3342.4379
132326000,3373.4096,2081700,46773300,5312220300,66025024800,3347.0624,3380.4126,3295.7296,3342.4379
132331000,3373.7897,2135300,46744400,5314355600,66071769200,3347.0624,3380.4126,3295.7296,3342.4379
132336000,3374.1852,1518400,26602900,5315874000,66098372100,3347.0624,3380.4126,3295.7296,3342.4379
132341000,3373.6414,2182700,39405500,5318056700,66137777600,3347.0624,3380.4126,3295.7296,3342.4379
132346000,3374.222,1765700,30472400,5319822400,66168250000,3347.0624,3380.4126,3295.7296,3342.4379
132351000,3373.9581,2025900,26054700,5321848300,66194304700,3347.0624,3380.4126,3295.7296,3342.4379
132356000,3374.4971,2120300,38691700,5323968600,66232996400,3347.0624,3380.4126,3295.7296,3342.4379
132401000,3374.4937,2441000,40432600,5326409600,66273429000,3347.0624,3380.4126,3295.7296,3342.4379
132406000,3374.4201,1548300,23704600,5327957900,66297133600,3347.0624,3380.4126,3295.7296,3342.4379
132411000,3374.0365,2689100,44574800,5330647000,66341708400,3347.0624,3380.4126,3295.7296,3342.4379
132416000,3374.812,2076300,37425800,5332723300,66379134200,3347.0624,3380.4126,3295.7296,3342.4379
132421000,3374.8638,1754600,29683900,5334477900,66408818100,3347.0624,3380.4126,3295.7296,3342.4379
132426000,3374.8442,2463700,42994500,5336941600,66451812600,3347.0624,3380.4126,3295.7296,3342.4379
132431000,3374.7848,2768000,41403300,5339709600,66493215900,3347.0624,3380.4126,3295.7296,3342.4379
132436000,3374.5634,1273200,17235900,5340982800,66510451800,3347.0624,3380.4126,3295.7296,3342.4379
132441000,3374.4421,2679900,40844400,5343662700,66551296200,3347.0624,3380.4126,3295.7296,3342.4379
132446000,3374.6949,4734700,57291000,5348397400,66608587200,3347.0624,3380.4126,3295.7296,3342.4379
132451000,3374.5448,1741200,29014000,5350138600,66637601200,3347.0624,3380.4126,3295.7296,3342.4379
132456000,3375.3008,3354700,41724800,5353493300,66679326000,3347.0624,3380.4126,3295.7296,3342.4379
132501000,3375.9327,3020400,79933000,5356513700,66759259000,3347.0624,3380.4126,3295.7296,3342.4379
132506000,3375.9635,2183500,44010100,5358697200,66803269100,3347.0624,3380.4126,3295.7296,3342.4379
132511000,3376.6613,3249900,48190400,5361947100,66851459500,3347.0624,3380.4126,3295.7296,3342.4379
132516000,3377.4127,3972400,79586500,5365919500,66931046000,3347.0624,3380.4126,3295.7296,3342.4379
132521000,3378.6778,2843800,45747100,5368763300,66976793100,3347.0624,3380.4126,3295.7296,3342.4379
132526000,3379.7692,6322900,83643100,5375086200,67060436200,3347.0624,3380.4126,3295.7296,3342.4379
132531000,3380.3622,10322500,98943600,5385408700,67159379800,3347.0624,3380.4853,3295.7296,3342.4379
132536000,3380.7944,3510200,53432400,5388918900,67212812200,3347.0624,3380.7944,3295.7296,3342.4379
132541000,3381.6117,4930700,94590100,5393849600,67307402300,3347.0624,3381.6117,3295.7296,3342.4379
132546000,3382.5389,6200100,97507700,5400049700,67404910000,3347.0624,3382.5389,3295.7296,3342.4379
132551000,3382.7579,3641500,48637500,5403691200,67453547500,3347.0624,3382.9057,3295.7296,3342.4379
132556000,3383.4576,10885300,125676300,5414576500,67579223800,3347.0624,3383.4576,3295.7296,3342.4379
132601000,3384.4111,5511400,104717300,5420087900,67683941100,3347.0624,3384.4111,3295.7296,3342.4379
132606000,3384.0255,4684200,71855500,5424772100,67755796600,3347.0624,3384.4111,3295.7296,3342.4379
132611000,3384.4579,6724000,86223700,5431496100,67842020300,3347.0624,3384.4579,3295.7296,3342.4379
132616000,3385.551,5471900,81351400,5436968000,67923371700,3347.0624,3385.551,3295.7296,3342.4379
132621000,3386.1096,4347200,57003400,5441315200,67980375100,3347.0624,3386.1096,3295.7296,3342.4379
132626000,3386.4438,6964800,88728000,5448280000,68069103100,3347.0624,3386.4438,3295.7296,3342.4379
132631000,3386.8746,6264500,83611100,5454544500,68152714200,3347.0624,3386.8746,3295.7296,3342.4379
132636000,3387.1323,4286600,52425300,5458831100,68205139500,3347.0624,3387.1323,3295.7296,3342.4379
132641000,3387.5678,5458100,77104900,5464289200,68282244400,3347.0624,3387.6209,3295.7296,3342.4379
132646000,3387.6616,6865200,73900800,5471154400,68356145200,3347.0624,3387.6616,3295.7296,3342.4379
132651000,3387.8902,4960100,51843800,5476114500,68407989000,3347.0624,3387.8902,3295.7296,3342.4379
132656000,3388.3515,6808800,80193500,5482923300,68488182500,3347.0624,3388.3515,3295.7296,3342.4379
132701000,3388.5498,5253100,78683300,5488176400,68566865800,3347.0624,3388.6027,3295.7296,3342.4379
132706000,3388.7797,3822800,56487100,5491999200,68623352900,3347.0624,3388.9861,3295.7296,3342.4379
132711000,3388.6829,5522300,70745800,5497521500,68694098700,3347.0624,3388.9861,3295.7296,3342.4379
132717000,3389.526,5674300,80791200,5503195800,68774889900,3347.0624,3389.5305,3295.7296,3342.4379
132721000,3389.6633,3608300,50769700,5506804100,68825659600,3347.0624,3389.6983,3295.7296,3342.4379
132727000,3389.7768,5722800,81059900,5512526900,68906719500,3347.0624,3389.8531,3295.7296,3342.4379
132732000,3390.5172,7556700,96195200,5520083600,69002914700,3347.0624,3390.5172,3295.7296,3342.4379
132737000,3390.9324,6001800,83637700,5526085400,69086552400,3347.0624,3390.9384,3295.7296,3342.4379
132742000,3390.7626,4955900,57571500,5531041300,69144123900,3347.0624,3390.9384,3295.7296,3342.4379
132747000,3391.3213,5548100,70594500,5536589400,69214718400,3347.0624,3391.3213,3295.7296,3342.4379
132752000,3391.7281,6055200,85404300,5542644600,69300122700,3347.0624,3391.8244,3295.7296,3342.4379
132757000,3392.087,3942600,60293900,5546587200,69360416600,3347.0624,3392.1013,3295.7296,3342.4379
132802000,3392.1185,5959400,78456900,5552546600,69438873500,3347.0624,3392.2504,3295.7296,3342.4379
132807000,3392.4033,6813300,82646200,5559359900,69521519700,3347.0624,3392.4033,3295.7296,3342.4379
132812000,3391.9679,3407500,42292500,5562767400,69563812200,3347.0624,3392.4033,3295.7296,3342.4379
132817000,3392.5778,7885900,85444200,5570653300,69649256400,3347.0624,3392.5778,3295.7296,3342.4379
132822000,3392.8269,4815900,63600300,5575469200,69712856700,3347.0624,3393.0213,3295.7296,3342.4379
132827000,3392.508,3200000,39350000,5578669200,69752206700,3347.0624,3393.0213,3295.7296,3342.4379
132832000,3392.4789,6539100,80597300,5585208300,69832804000,3347.0624,3393.0213,3295.7296,3342.4379
132837000,3392.3383,5377600,73167800,5590585900,69905971800,3347.0624,3393.0213,3295.7296,3342.4379
132842000,3392.7177,4407500,57316800,5594993400,69963288600,3347.0624,3393.0213,3295.7296,3342.4379
132847000,3392.4425,8245100,99823500,5603238500,70063112100,3347.0624,3393.0213,3295.7296,3342.4379
132852000,3392.5342,5569600,81569300,5608808100,70144681400,3347.0624,3393.0213,3295.7296,3342.4379
132857000,3392.4807,4809400,66490400,5613617500,70211171800,3347.0624,3393.0213,3295.7296,3342.4379
132902000,3392.2389,5623300,85532800,5619240800,70296704600,3347.0624,3393.0213,3295.7296,3342.4379
132907000,3391.9056,5269900,75226100,5624510700,70371930700,3347.0624,3393.0213,3295.7296,3342.4379
132912000,3392.3857,3231600,48172800,5627742300,70420103500,3347.0624,3393.0213,3295.7296,3342.4379
132917000,3392.6086,5541600,63076800,5633283900,70483180300,3347.0624,3393.0213,3295.7296,3342.4379
132922000,3392.9602,5343300,66429200,5638627200,70549609500,3347.0624,3393.0213,3295.7296,3342.4379
132927000,3392.767,3140000,43352000,5641767200,70592961500,3347.0624,3393.0213,3295.7296,3342.4379
132932000,3393.0918,4289000,66792300,5646056200,70659753800,3347.0624,3393.0918,3295.7296,3342.4379
132937000,3392.9249,5011900,74207600,5651068100,70733961400,3347.0624,3393.164,3295.7296,3342.4379
132942000,3393.2098,2906400,48630000,5653974500,70782591400,3347.0624,3393.2098,3295.7296,3342.4379
132947000,3393.2477,4380900,65894700,5658355400,70848486100,3347.0624,3393.2477,3295.7296,3342.4379
132952000,3393.0025,3383600,56695400,5661739000,70905181500,3347.0624,3393.3981,3295.7296,3342.4379
132957000,3393.5973,3037600,44394600,5664776600,70949576100,3347.0624,3393.6236,3295.7296,3342.4379
133002000,3393.5943,4703900,71107900,5669480500,71020684000,3347.0624,3393.6236,3295.7296,3342.4379
133007000,3393.4471,4322500,56662600,5673803000,71077346600,3347.0624,3393.6236,3295.7296,3342.4379
133012000,3393.1692,2359100,35481600,5676162100,71112828200,3347.0624,3393.6236,3295.7296,3342.4379
133017000,3393.4085,3429400,56813800,5679591500,71169642000,3347.0624,3393.6236,3295.7296,3342.4379
133022000,3394.0816,5499300,68569100,5685090800,71238211100,3347.0624,3394.1051,3295.7296,3342.4379
133027000,3393.968,3572200,36619700,5688663000,71274830800,3347.0624,3394.1051,3295.7296,3342.4379
133032000,3394.1454,4296500,60313800,5692959500,71335144600,3347.0624,3394.1873,3295.7296,3342.4379
133037000,3394.0073,5214800,61102400,5698174300,71396247000,3347.0624,3394.3853,3295.7296,3342.4379
133042000,3394.1125,4332700,48166700,5702507000,71444413700,3347.0624,3394.3853,3295.7296,3342.4379
133047000,3394.4436,3605100,49416000,5706112100,71493829700,3347.0624,3394.4436,3295.7296,3342.4379
133052000,3394.398,3772400,61990600,5709884500,71555820300,3347.0624,3394.543,3295.7296,3342.4379
133057000,3394.4959,2163800,34343500,5712048300,71590163800,3347.0624,3394.5497,3295.7296,3342.4379
133102000,3395.2653,5342200,68900500,5717390500,71659064300,3347.0624,3395.2653,3295.7296,3342.4379
133107000,3394.8063,4038300,55398800,5721428800,71714463100,3347.0624,3395.2653,3295.7296,3342.4379
133112000,3394.6397,2791500,46353200,5724220300,71760816300,3347.0624,3395.2653,3295.7296,3342.4379
133117000,3395.4402,3679100,52303200,5727899400,71813119500,3347.0624,3395.4402,3295.7296,3342.4379
133122000,3395.1214,5910800,71027300,5733810200,71884146800,3347.0624,3395.4402,3295.7296,3342.4379
133127000,3395.3959,2786700,37344100,5736596900,71921490900,3347.0624,3395.4402,3295.7296,3342.4379
133133000,3395.4866,3635100,53424500,5740232000,71974915400,3347.0624,3395.8205,3295.7296,3342.4379
133138000,3395.3118,4555000,58563900,5744787000,72033479300,3347.0624,3395.8205,3295.7296,3342.4379
133143000,3395.5223,3399800,52044900,5748186800,72085524200,3347.0624,3395.8205,3295.7296,3342.4379
133148000,3395.1713,2992500,40292000,5751179300,72125816200,3347.0624,3395.8205,3295.7296,3342.4379
133153000,3395.2422,4280800,64642200,5755460100,72190458400,3347.0624,3395.8205,3295.7296,3342.4379
133158000,3395.0365,3959800,60713500,5759419900,72251171900,3347.0624,3395.8205,3295.7296,3342.4379
133203000,3393.9718,2448000,42901600,5761867900,72294073500,3347.0624,3395.8205,3295.7296,3342.4379
133208000,3394.5932,4651500,69050900,5766519400,72363124400,3347.0624,3395.8205,3295.7296,3342.4379
133213000,3394.2465,2994500,48880400,5769513900,72412004800,3347.0624,3395.8205,3295.7296,3342.4379
133218000,3394.7358,2507000,37870500,5772020900,72449875300,3347.0624,3395.8205,3295.7296,3342.4379
133223000,3394.5761,3787600,48641400,5775808500,72498516700,3347.0624,3395.8205,3295.7296,3342.4379
133228000,3394.4764,3420600,45540300,5779229100,72544057000,3347.0624,3395.8205,3295.7296,3342.4379
133233000,3394.3241,2703100,30805600,5781932200,72574862600,3347.0624,3395.8205,3295.7296,3342.4379
133238000,3394.6385,4297500,56507900,5786229700,72631370500,3347.0624,3395.8205,3295.7296,3342.4379
133243000,3394.2211,2175500,33977500,5788405200,72665348000,3347.0624,3395.8205,3295.7296,3342.4379
133248000,3394.3997,2701700,38612500,5791106900,72703960500,3347.0624,3395.8205,3295.7296,3342.4379
133253000,3394.2865,2242000,36229900,5793348900,72740190400,3347.0624,3395.8205,3295.7296,3342.4379
133258000,3394.3542,3238900,46645000,5796587800,72786835400,3347.0624,3395.8205,3295.7296,3342.4379
133303000,3394.2929,2877000,34982600,5799464800,72821818000,3347.0624,3395.8205,3295.7296,3342.4379
133308000,3393.6554,4678500,56928900,5804143300,72878746900,3347.0624,3395.8205,3295.7296,3342.4379
133313000,3393.7925,5307500,56453200,5809450800,72935200100,3347.0624,3395.8205,3295.7296,3342.4379
133318000,3393.8062,1953900,24908100,5811404700,72960108200,3347.0624,3395.8205,3295.7296,3342.4379
133323000,3393.393,3224600,47950900,5814629300,73008059100,3347.0624,3395.8205,3295.7296,3342.4379
133328000,3393.3498,4302800,46363700,5818932100,73054422800,3347.0624,3395.8205,3295.7296,3342.4379
133333000,3393.1085,1934200,26475800,5820866300,73080898600,3347.0624,3395.8205,3295.7296,3342.4379
133338000,3393.2222,3880300,47767500,5824746600,73128666100,3347.0624,3395.8205,3295.7296,3342.4379
133343000,3392.6322,2734900,41615400,5827481500,73170281500,3347.0624,3395.8205,3295.7296,3342.4379
133348000,3392.839,1738000,24255100,5829219500,73194536600,3347.0624,3395.8205,3295.7296,3342.4379
133353000,3392.3113,3459900,48806400,5832679400,73243343000,3347.0624,3395.8205,3295.7296,3342.4379
133358000,3392.2675,4015300,55701300,5836694700,73299044300,3347.0624,3395.8205,3295.7296,3342.4379
133403000,3391.719,2367300,29962300,5839062000,73329006600,3347.0624,3395.8205,3295.7296,3342.4379
133408000,3390.6815,3261400,45915700,5842323400,73374922300,3347.0624,3395.8205,3295.7296,3342.4379
133413000,3390.4871,3174100,45608600,5845497500,73420530900,3347.0624,3395.8205,3295.7296,3342.4379
133418000,3390.5962,1797800,22975500,5847295300,73443506400,3347.0624,3395.8205,3295.7296,3342.4379
133423000,3390.5349,3868300,42873500,5851163600,73486379900,3347.0624,3395.8205,3295.7296,3342.4379
133428000,3390.456,2160200,34823900,5853323800,73521203800,3347.0624,3395.8205,3295.7296,3342.4379
133433000,3390.3552,1835800,25544100,5855159600,73546747900,3347.0624,3395.8205,3295.7296,3342.4379
133438000,3390.5069,3698600,45394700,5858858200,73592142600,3347.0624,3395.8205,3295.7296,3342.4379
133443000,3389.9868,3044900,37637700,5861903100,73629780300,3347.0624,3395.8205,3295.7296,3342.4379
133448000,3389.7023,2226000,28723200,5864129100,73658503500,3347.0624,3395.8205,3295.7296,3342.4379
133453000,3389.454,2654800,39381000,5866783900,73697884500,3347.0624,3395.8205,3295.7296,3342.4379
133458000,3389.1647,2291200,36441200,5869075100,73734325700,3347.0624,3395.8205,3295.7296,3342.4379
133503000,3389.3702,1987800,25003400,5871062900,73759329100,3347.0624,3395.8205,3295.7296,3342.4379
133508000,3389.1049,3487600,57813900,5874550500,73817143000,3347.0624,3395.8205,3295.7296,3342.4379
133513000,3388.7902,3375400,40195800,5877925900,73857338800,3347.0624,3395.8205,3295.7296,3342.4379
133519000,3388.8791,2975200,42219300,5880901100,73899558100,3347.0624,3395.8205,3295.7296,3342.4379
133523000,3388.5964,1527400,22157000,5882428500,73921715100,3347.0624,3395.8205,3295.7296,3342.4379
133529000,3388.646,2590100,43918100,5885018600,73965633200,3347.0624,3395.8205,3295.7296,3342.4379
133534000,3388.6067,2611500,33461100,5887630100,73999094300,3347.0624,3395.8205,3295.7296,3342.4379
133539000,3388.5363,1499200,25262700,5889129300,74024357000,3347.0624,3395.8205,3295.7296,3342.4379
133544000,3388.4614,2410800,36308300,5891540100,74060665300,3347.0624,3395.8205,3295.7296,3342.4379
133549000,3388.0946,2873400,36629300,5894413500,74097294600,3347.0624,3395.8205,3295.7296,3342.4379
133554000,3387.8563,2338200,36508300,5896751700,74133802900,3347.0624,3395.8205,3295.7296,3342.4379
133559000,3387.6637,3418100,44152500,5900169800,74177955400,3347.0624,3395.8205,3295.7296,3342.4379
133604000,3387.2213,2776000,39315300,5902945800,74217270700,3347.0624,3395.8205,3295.7296,3342.4379
133609000,3387.3989,2153500,28225600,5905099300,74245496300,3347.0624,3395.8205,3295.7296,3342.4379
133614000,3387.2166,3070700,41726300,5908170000,74287222600,3347.0624,3395.8205,3295.7296,3342.4379
133619000,3387.2996,2481000,33704300,5910651000,74320926900,3347.0624,3395.8205,3295.7296,3342.4379
133624000,3387.0324,3592400,29128900,5914243400,74350055800,3347.0624,3395.8205,3295.7296,3342.4379
133629000,3386.8185,2693900,39204700,5916937300,74389260500,3347.0624,3395.8205,3295.7296,3342.4379
133634000,3387.1024,2241900,34303000,5919179200,74423563500,3347.0624,3395.8205,3295.7296,3342.4379
133639000,3386.8839,4095500,29679400,5923274700,74453242900,3347.0624,3395.8205,3295.7296,3342.4379
133644000,3386.7967,3986200,38784900,5927260900,74492027800,3347.0624,3395.8205,3295.7296,3342.4379
133649000,3387.2158,2398300,33807600,5929659200,74525835400,3347.0624,3395.8205,3295.7296,3342.4379
133654000,3386.8436,2068900,31801300,5931728100,74557636700,3347.0624,3395.8205,3295.7296,3342.4379
133659000,3387.2285,2232900,41625000,5933961000,74599261700,3347.0624,3395.8205,3295.7296,3342.4379
133704000,3386.9084,2302600,35991900,5936263600,74635253600,3347.0624,3395.8205,3295.7296,3342.4379
133709000,3387.0051,1843300,23420100,5938106900,74658673700,3347.0624,3395.8205,3295.7296,3342.4379
133714000,3386.8361,3155000,34755900,5941261900,74693429600,3347.0624,3395.8205,3295.7296,3342.4379
133719000,3387.0645,3343100,41539400,5944605000,74734969000,3347.0624,3395.8205,3295.7296,3342.4379
133724000,3386.9635,1771400,26066900,5946376400,74761035900,3347.0624,3395.8205,3295.7296,3342.4379
133729000,3387.3369,2642900,46149300,5949019300,74807185200,3347.0624,3395.8205,3295.7296,3342.4379
133734000,3387.5309,2443900,53263900,5951463200,74860449100,3347.0624,3395.8205,3295.7296,3342.4379
133739000,3387.5879,1447100,27501800,5952910300,74887950900,3347.0624,3395.8205,3295.7296,3342.4379
133744000,3387.7552,2056300,36711900,5954966600,74924662800,3347.0624,3395.8205,3295.7296,3342.4379
133749000,3387.9684,2633900,42050400,5957600500,74966713200,3347.0624,3395.8205,3295.7296,3342.4379
133754000,3388.004,1622900,22166200,5959223400,74988879400,3347.0624,3395.8205,3295.7296,3342.4379
133759000,3388.1198,1668100,31288200,5960891500,75020167600,3347.0624,3395.8205,3295.7296,3342.4379
133804000,3388.1145,2368500,38150800,5963260000,75058318400,3347.0624,3395.8205,3295.7296,3342.4379
133809000,3387.9316,1598800,23810200,5964858800,75082128600,3347.0624,3395.8205,3295.7296,3342.4379
133814000,3387.9796,2105700,36454900,5966964500,75118583500,3347.0624,3395.8205,3295.7296,3342.4379
133819000,3387.7124,1796400,30729200,5968760900,75149312700,3347.0624,3395.8205,3295.7296,3342.4379
133824000,3387.9379,1054700,18174200,5969815600,75167486900,3347.0624,3395.8205,3295.7296,3342.4379
133829000,3388.0356,1718900,27826900,5971534500,75195313800,3347.0624,3395.8205,3295.7296,3342.4379
133834000,3387.932,1961600,31483600,5973496100,75226797400,3347.0624,3395.8205,3295.7296,3342.4379
133839000,3388.0571,1592300,22893100,5975088400,75249690500,3347.0624,3395.8205,3295.7296,3342.4379
133844000,3387.8165,2503600,30509600,5977592000,75280200100,3347.0624,3395.8205,3295.7296,3342.4379
133849000,3388.1715,3120200,37016000,5980712200,75317216100,3347.0624,3395.8205,3295.7296,3342.4379
133854000,3387.8252,1269900,18460600,5981982100,75335676700,3347.0624,3395.8205,3295.7296,3342.4379
133859000,3387.7895,2271100,38103000,5984253200,75373779700,3347.0624,3395.8205,3295.7296,3342.4379
133904000,3387.1105,2092800,37578200,5986346000,75411357900,3347.0624,3395.8205,3295.7296,3342.4379
133909000,3387.2758,1389600,20038300,5987735600,75431396200,3347.0624,3395.8205,3295.7296,3342.4379
133914000,3386.958,2752500,46603800,5990488100,75478000000,3347.0624,3395.8205,3295.7296,3342.4379
133920000,3387.4899,1642500,23394100,5992130600,75501394100,3347.0624,3395.8205,3295.7296,3342.4379
133924000,3387.0287,2245600,25267400,5994376200,75526661500,3347.0624,3395.8205,3295.7296,3342.4379
133930000,3386.9752,2614500,35598100,5996990700,75562259600,3347.0624,3395.8205,3295.7296,3342.4379
133935000,3387.0609,1666600,25706100,5998657300,75587965700,3347.0624,3395.8205,3295.7296,3342.4379
133940000,3387.13,1860900,26377100,6000518200,75614342800,3347.0624,3395.8205,3295.7296,3342.4379
133945000,3387.145,1552700,21316200,6002070900,75635659000,3347.0624,3395.8205,3295.7296,3342.4379
133950000,3386.793,1981900,30642200,6004052800,75666301200,3347.0624,3395.8205,3295.7296,3342.4379
133955000,3386.6363,2225500,33049900,6006278300,75699351100,3347.0624,3395.8205,3295.7296,3342.4379
134000000,3386.6473,1381800,23852100,6007660100,75723203200,3347.0624,3395.8205,3295.7296,3342.4379
134005000,3386.2447,2342100,29269700,6010002200,75752472900,3347.0624,3395.8205,3295.7296,3342.4379
134010000,3386.5913,1648200,26487600,6011650400,75778960500,3347.0624,3395.8205,3295.7296,3342.4379
134015000,3386.083,1410200,22012000,6013060600,75800972500,3347.0624,3395.8205,3295.7296,3342.4379
134020000,3386.524,2082800,32100800,6015143400,75833073300,3347.0624,3395.8205,3295.7296,3342.4379
134025000,3387.0717,2089800,34323600,6017233200,75867396900,3347.0624,3395.8205,3295.7296,3342.4379
134030000,3387.295,3467800,44180900,6020701000,75911577800,3347.0624,3395.8205,3295.7296,3342.4379
134035000,3388.1095,4773800,66596800,6025474800,75978174600,3347.0624,3395.8205,3295.7296,3342.4379
134040000,3389.5583,5651800,87489600,6031126600,76065664200,3347.0624,3395.8205,3295.7296,3342.4379
134045000,3389.7084,3933500,50673100,6035060100,76116337300,3347.0624,3395.8205,3295.7296,3342.4379
134050000,3389.9763,4555400,82352300,6039615500,76198689600,3347.0624,3395.8205,3295.7296,3342.4379
134055000,3391.0462,3831200,66478600,6043446700,76265168200,3347.0624,3395.8205,3295.7296,3342.4379
134100000,3391.2407,2684000,44034000,6046130700,76309202200,3347.0624,3395.8205,3295.7296,3342.4379
134105000,3391.7771,4064300,67482500,6050195000,76376684700,3347.0624,3395.8205,3295.7296,3342.4379
134110000,3391.9707,4687700,57764200,6054882700,76434448900,3347.0624,3395.8205,3295.7296,3342.4379
134115000,3391.8498,2212600,34388700,6057095300,76468837600,3347.0624,3395.8205,3295.7296,3342.4379
134120000,3392.2923,3487700,45570100,6060583000,76514407700,3347.0624,3395.8205,3295.7296,3342.4379
134125000,3392.2236,3251700,42398400,6063834700,76556806100,3347.0624,3395.8205,3295.7296,3342.4379
134130000,3392.3308,2328200,31787900,6066162900,76588594000,3347.0624,3395.8205,3295.7296,3342.4379
134135000,3392.3065,5160900,58833100,6071323800,76647427100,3347.0624,3395.8205,3295.7296,3342.4379
134140000,3392.4886,2820500,38113700,6074144300,76685540800,3347.0624,3395.8205,3295.7296,3342.4379
134145000,3392.817,3543300,40560000,6077687600,76726100800,3347.0624,3395.8205,3295.7296,3342.4379
134150000,3392.4704,3313400,43057500,6081001000,76769158300,3347.0624,3395.8205,3295.7296,3342.4379
134155000,3392.7633,3346400,43795200,6084347400,76812953500,3347.0624,3395.8205,3295.7296,3342.4379
134200000,3392.5551,1448400,23797800,6085795800,76836751300,3347.0624,3395.8205,3295.7296,3342.4379
134205000,3392.3454,3174000,50411100,6088969800,76887162400,3347.0624,3395.8205,3295.7296,3342.4379
134210000,3392.5621,2411100,41135800,6091380900,76928298200,3347.0624,3395.8205,3295.7296,3342.4379
134215000,3392.4763,1563000,24734200,6092943900,76953032400,3347.0624,3395.8205,3295.7296,3342.4379
134220000,3392.5987,2946400,42087700,6095890300,76995120100,3347.0624,3395.8205,3295.7296,3342.4379
134225000,3392.8059,2176600,50472600,6098066900,77045592700,3347.0624,3395.8205,3295.7296,3342.4379
134230000,3393.0414,1630400,26371400,6099697300,77071964100,3347.0624,3395.8205,3295.7296,3342.4379
134235000,3393.2157,2749900,50905000,6102447200,77122869100,3347.0624,3395.8205,3295.7296,3342.4379
134240000,3393.0554,2306800,34922000,6104754000,77157791100,3347.0624,3395.8205,3295.7296,3342.4379
134245000,3392.5938,2598000,31530400,6107352000,77189321500,3347.0624,3395.8205,3295.7296,3342.4379
134250000,3392.9154,2340400,38802900,6109692400,77228124400,3347.0624,3395.8205,3295.7296,3342.4379
134255000,3392.5976,2936200,41036500,6112628600,77269160900,3347.0624,3395.8205,3295.7296,3342.4379
134300000,3393.1781,1397300,23810400,6114025900,77292971300,3347.0624,3395.8205,3295.7296,3342.4379
134305000,3392.7102,2731700,43135700,6116757600,77336107000,3347.0624,3395.8205,3295.7296,3342.4379
134310000,3392.9474,2840600,45913100,6119598200,77382020100,3347.0624,3395.8205,3295.7296,3342.4379
134315000,3393.0708,2416000,28232800,6122014200,77410252900,3347.0624,3395.8205,3295.7296,3342.4379
134321000,3392.9501,2805600,40121700,6124819800,77450374600,3347.0624,3395.8205,3295.7296,3342.4379
134325000,3393.1559,2727000,40317400,6127546800,77490692000,3347.0624,3395.8205,3295.7296,3342.4379
134331000,3393.1615,3741400,52321500,6131288200,77543013500,3347.0624,3395.8205,3295.7296,3342.4379
134336000,3392.9528,2071500,32302900,6133359700,77575316400,3347.0624,3395.8205,3295.7296,3342.4379
134341000,3393.0463,2867100,36926300,6136226800,77612242700,3347.0624,3395.8205,3295.7296,3342.4379
134346000,3392.8825,3085300,44213200,6139312100,77656455900,3347.0624,3395.8205,3295.7296,3342.4379
134351000,3392.5202,2097900,29768700,6141410000,77686224600,3347.0624,3395.8205,3295.7296,3342.4379
134356000,3392.675,2854300,47941100,6144264300,77734165700,3347.0624,3395.8205,3295.7296,3342.4379
134401000,3392.2644,2841100,46192100,6147105400,77780357800,3347.0624,3395.8205,3295.7296,3342.4379
134406000,3392.3769,2943500,33323400,6150048900,77813681200,3347.0624,3395.8205,3295.7296,3342.4379
134411000,3392.4434,4389600,59584800,6154438500,77873266000,3347.0624,3395.8205,3295.7296,3342.4379
134416000,3392.1194,2169600,40529100,6156608100,77913795100,3347.0624,3395.8205,3295.7296,3342.4379
134421000,3392.2901,1842700,30534600,6158450800,77944329700,3347.0624,3395.8205,3295.7296,3342.4379
134426000,3392.2691,4369300,55402000,6162820100,77999731700,3347.0624,3395.8205,3295.7296,3342.4379
134431000,3391.8165,2592200,38626900,6165412300,78038358600,3347.0624,3395.8205,3295.7296,3342.4379
134436000,3392.033,1624100,25299700,6167036400,78063658300,3347.0624,3395.8205,3295.7296,3342.4379
134441000,3391.7177,2923600,43689200,6169960000,78107347500,3347.0624,3395.8205,3295.7296,3342.4379
134446000,3391.3588,2050900,39077400,6172010900,78146424900,3347.0624,3395.8205,3295.7296,3342.4379
134451000,3391.5044,1516800,21955400,6173527700,78168380300,3347.0624,3395.8205,3295.7296,3342.4379
134456000,3391.6493,2773300,60990700,6176301000,78229371000,3347.0624,3395.8205,3295.7296,3342.4379
134501000,3391.389,2647700,54390300,6178948700,78283761300,3347.0624,3395.8205,3295.7296,3342.4379
134506000,3391.0544,1744800,32517900,6180693500,78316279200,3347.0624,3395.8205,3295.7296,3342.4379
134511000,3391.0339,2933500,38848200,6183627000,78355127400,3347.0624,3395.8205,3295.7296,3342.4379
134516000,3390.6825,3230900,53202400,6186857900,78408329800,3347.0624,3395.8205,3295.7296,3342.4379
134521000,3391.1944,1762400,25038600,6188620300,78433368400,3347.0624,3395.8205,3295.7296,3342.4379
134526000,3391.3785,1887700,27209900,6190508000,78460578300,3347.0624,3395.8205,3295.7296,3342.4379
134531000,3391.1589,2628500,35340600,6193136500,78495918900,3347.0624,3395.8205,3295.7296,3342.4379
134536000,3391.0699,2225400,32018700,6195361900,78527937600,3347.0624,3395.8205,3295.7296,3342.4379
134541000,3390.7554,2514400,33813100,6197876300,78561750700,3347.0624,3395.8205,3295.7296,3342.4379
134546000,3390.8398,3104000,43362900,6200980300,78605113600,3347.0624,3395.8205,3295.7296,3342.4379
134551000,3391.0167,2254200,33966400,6203234500,78639080000,3347.0624,3395.8205,3295.7296,3342.4379
134556000,3390.9032,1801500,30052600,6205036000,78669132600,3347.0624,3395.8205,3295.7296,3342.4379
134601000,3390.7693,2929300,46158100,6207965300,78715290700,3347.0624,3395.8205,3295.7296,3342.4379
134606000,3390.3716,1680200,24905100,6209645500,78740195800,3347.0624,3395.8205,3295.7296,3342.4379
134611000,3390.2898,2686500,32636500,6212332000,78772832300,3347.0624,3395.8205,3295.7296,3342.4379
134616000,3390.3025,2422600,39930900,6214754600,78812763200,3347.0624,3395.8205,3295.7296,3342.4379
134621000,3390.1352,1408500,18298800,6216163100,78831062000,3347.0624,3395.8205,3295.7296,3342.4379
134626000,3390.7696,2305800,35707500,6218468900,78866769500,3347.0624,3395.8205,3295.7296,3342.4379
134631000,3390.3431,2079900,34150900,6220548800,78900920400,3347.0624,3395.8205,3295.7296,3342.4379
134636000,3390.2424,2153600,35283900,6222702400,78936204300,3347.0624,3395.8205,3295.7296,3342.4379
134641000,3390.0763,2474800,40967300,6225177200,78977171600,3347.0624,3395.8205,3295.7296,3342.4379
134646000,3389.7343,2219900,28435700,6227397100,79005607300,3347.0624,3395.8205,3295.7296,3342.4379
134651000,3390.0803,1634500,25768500,6229031600,79031375800,3347.0624,3395.8205,3295.7296,3342.4379
134656000,3390.1157,4102500,51057400,6233134100,79082433200,3347.0624,3395.8205,3295.7296,3342.4379
134701000,3389.7948,2116600,36912600,6235250700,79119345800,3347.0624,3395.8205,3295.7296,3342.4379
134706000,3389.565,1765700,26045700,6237016400,79145391500,3347.0624,3395.8205,3295.7296,3342.4379
134712000,3388.6338,1910600,35231700,6238927000,79180623200,3347.0624,3395.8205,3295.7296,3342.4379
134716000,3388.4843,2852500,38685400,6241779500,79219308600,3347.0624,3395.8205,3295.7296,3342.4379
134721000,3388.1483,1798500,27273500,6243578000,79246582100,3347.0624,3395.8205,3295.7296,3342.4379
134727000,3387.1693,3302400,50618000,6246880400,79297200100,3347.0624,3395.8205,3295.7296,3342.4379
134732000,3386.9136,2794000,44775200,6249674400,79341975300,3347.0624,3395.8205,3295.7296,3342.4379
134737000,3386.5777,3054700,36138600,6252729100,79378113900,3347.0624,3395.8205,3295.7296,3342.4379
134742000,3386.2634,2215000,26061600,6254944100,79404175500,3347.0624,3395.8205,3295.7296,3342.4379
134747000,3386.1915,2485500,43216100,6257429600,79447391600,3347.0624,3395.8205,3295.7296,3342.4379
134752000,3386.0508,2020000,32062800,6259449600,79479454400,3347.0624,3395.8205,3295.7296,3342.4379
134757000,3385.6191,1923200,27678100,6261372800,79507132500,3347.0624,3395.8205,3295.7296,3342.4379
134802000,3385.1516,2866700,47530300,6264239500,79554662800,3347.0624,3395.8205,3295.7296,3342.4379
134807000,3384.4512,3384000,43632500,6267623500,79598295300,3347.0624,3395.8205,3295.7296,3342.4379
134812000,3383.917,1657100,26849800,6269280600,79625145100,3347.0624,3395.8205,3295.7296,3342.4379
134817000,3383.3713,2966900,44975600,6272247500,79670120700,3347.0624,3395.8205,3295.7296,3342.4379
134822000,3383.2435,2059500,32325800,6274307000,79702446500,3347.0624,3395.8205,3295.7296,3342.4379
134827000,3382.9577,3715200,36606300,6278022200,79739052800,3347.0624,3395.8205,3295.7296,3342.4379
134832000,3382.653,3903400,40564000,6281925600,79779616800,3347.0624,3395.8205,3295.7296,3342.4379
134837000,3381.9823,2909900,40631100,6284835500,79820247900,3347.0624,3395.8205,3295.7296,3342.4379
134842000,3382.2294,1934200,24093500,6286769700,79844341400,3347.0624,3395.8205,3295.7296,3342.4379
134847000,3381.5411,2307300,34527300,6289077000,79878868700,3347.0624,3395.8205,3295.7296,3342.4379
134852000,3381.5801,2764800,44254200,6291841800,79923122900,3347.0624,3395.8205,3295.7296,3342.4379
134857000,3381.7524,2232200,30609500,6294074000,79953732400,3347.0624,3395.8205,3295.7296,3342.4379
134902000,3381.3412,2757400,39533200,6296831400,79993265600,3347.0624,3395.8205,3295.7296,3342.4379
134907000,3380.8311,3074600,42439000,6299906000,80035704600,3347.0624,3395.8205,3295.7296,3342.4379
134912000,3380.4878,1466300,21315700,6301372300,80057020300,3347.0624,3395.8205,3295.7296,3342.4379
134917000,3380.518,2550100,37558300,6303922400,80094578600,3347.0624,3395.8205,3295.7296,3342.4379
134922000,3380.7555,2201100,41565400,6306123500,80136144000,3347.0624,3395.8205,3295.7296,3342.4379
134927000,3380.6236,1854100,24970600,6307977600,80161114600,3347.0624,3395.8205,3295.7296,3342.4379
134932000,3380.3476,5010700,46944700,6312988300,80208059300,3347.0624,3395.8205,3295.7296,3342.4379
134937000,3380.3056,1911000,30092400,6314899300,80238151700,3347.0624,3395.8205,3295.7296,3342.4379
134942000,3379.9173,1514200,26222000,6316413500,80264373700,3347.0624,3395.8205,3295.7296,3342.4379
134947000,3379.9967,2612300,37148800,6319025800,80301522500,3347.0624,3395.8205,3295.7296,3342.4379
134952000,3379.9748,2835900,36765700,6321861700,80338288200,3347.0624,3395.8205,3295.7296,3342.4379
134957000,3380.0286,1587900,26932700,6323449600,80365220900,3347.0624,3395.8205,3295.7296,3342.4379
135002000,3380.3096,2346800,52944700,6325796400,80418165600,3347.0624,3395.8205,3295.7296,3342.4379
135007000,3379.6226,3255100,40837600,6329051500,80459003200,3347.0624,3395.8205,3295.7296,3342.4379
135012000,3379.1604,1634800,25509600,6330686300,80484512800,3347.0624,3395.8205,3295.7296,3342.4379
135017000,3379.3341,2320600,37868200,6333006900,80522381000,3347.0624,3395.8205,3295.7296,3342.4379
135022000,3379.5175,2162700,37130300,6335169600,80559511300,3347.0624,3395.8205,3295.7296,3342.4379
135027000,3379.2704,1359200,19797800,6336528800,80579309100,3347.0624,3395.8205,3295.7296,3342.4379
135032000,3379.3227,2780500,34218600,6339309300,80613527700,3347.0624,3395.8205,3295.7296,3342.4379
135037000,3379.466,1911000,31999200,6341220300,80645526900,3347.0624,3395.8205,3295.7296,3342.4379
135042000,3379.6693,1176000,18844400,6342396300,80664371300,3347.0624,3395.8205,3295.7296,3342.4379
135047000,3379.6347,2061100,29254500,6344457400,80693625800,3347.0624,3395.8205,3295.7296,3342.4379
135052000,3379.8247,2060300,35007700,6346517700,80728633500,3347.0624,3395.8205,3295.7296,3342.4379
135057000,3380.0079,1001600,14759000,6347519300,80743392500,3347.0624,3395.8205,3295.7296,3342.4379
135102000,3379.684,2200400,36895300,6349719700,80780287800,3347.0624,3395.8205,3295.7296,3342.4379
135107000,3379.575,1908000,28540500,6351627700,80808828300,3347.0624,3395.8205,3295.7296,3342.4379
135112000,3379.1261,1236900,19358400,6352864600,80828186700,3347.0624,3395.8205,3295.7296,3342.4379
135117000,3379.0137,2286300,30935100,6355150900,80859121800,3347.0624,3395.8205,3295.7296,3342.4379
135122000,3379.6166,1824700,32300400,6356975600,80891422200,3347.0624,3395.8205,3295.7296,3342.4379
135127000,3379.3781,1712300,21451800,6358687900,80912874000,3347.0624,3395.8205,3295.7296,3342.4379
135132000,3379.6294,2070200,31393700,6360758100,80944267700,3347.0624,3395.8205,3295.7296,3342.4379
135138000,3379.2844,2487600,32251500,6363245700,80976519200,3347.0624,3395.8205,3295.7296,3342.4379
135143000,3379.3528,1554900,26362900,6364800600,81002882100,3347.0624,3395.8205,3295.7296,3342.4379
135148000,3379.456,1586300,18507600,6366386900,81021389700,3347.0624,3395.8205,3295.7296,3342.4379
135153000,3379.8173,2045000,27745400,6368431900,81049135100,3347.0624,3395.8205,3295.7296,3342.4379
135158000,3379.2969,1860400,24351800,6370292300,81073486900,3347.0624,3395.8205,3295.7296,3342.4379
135203000,3379.8484,1142800,22915400,6371435100,81096402300,3347.0624,3395.8205,3295.7296,3342.4379
135208000,3379.3861,2167500,27962200,6373602600,81124364500,3347.0624,3395.8205,3295.7296,3342.4379
135213000,3379.188,1919300,27320900,6375521900,81151685400,3347.0624,3395.8205,3295.7296,3342.4379
135218000,3379.4875,1169300,24850300,6376691200,81176535700,3347.0624,3395.8205,3295.7296,3342.4379
135223000,3379.7582,2457400,28986200,6379148600,81205521900,3347.0624,3395.8205,3295.7296,3342.4379
135228000,3379.8138,2336700,33947900,6381485300,81239469800,3347.0624,3395.8205,3295.7296,3342.4379
135233000,3380.6357,2651600,28889200,6384136900,81268359000,3347.0624,3395.8205,3295.7296,3342.4379
135238000,3380.7168,3462400,53091100,6387599300,81321450100,3347.0624,3395.8205,3295.7296,3342.4379
135243000,3381.1433,3479000,45483200,6391078300,81366933300,3347.0624,3395.8205,3295.7296,3342.4379
135248000,3381.9535,2734700,33213400,6393813000,81400146700,3347.0624,3395.8205,3295.7296,3342.4379
135253000,3383.1546,4941100,58973800,6398754100,81459120500,3347.0624,3395.8205,3295.7296,3342.4379
135258000,3384.1539,6586100,82952100,6405340200,81542072600,3347.0624,3395.8205,3295.7296,3342.4379
135303000,3384.5117,5221200,63425600,6410561400,81605498200,3347.0624,3395.8205,3295.7296,3342.4379
135308000,3384.9749,6088300,72340000,6416649700,81677838200,3347.0624,3395.8205,3295.7296,3342.4379
135313000,3385.2286,3877700,47694300,6420527400,81725532500,3347.0624,3395.8205,3295.7296,3342.4379
135318000,3385.3176,3022100,31419500,6423549500,81756952000,3347.0624,3395.8205,3295.7296,3342.4379
135323000,3385.9131,3922600,45208400,6427472100,81802160400,3347.0624,3395.8205,3295.7296,3342.4379
135328000,3386.1751,4117000,53070100,6431589100,81855230500,3347.0624,3395.8205,3295.7296,3342.4379
135333000,3386.4929,3500100,35546100,6435089200,81890776600,3347.0624,3395.8205,3295.7296,3342.4379
135338000,3386.4736,5000400,49855000,6440089600,81940631600,3347.0624,3395.8205,3295.7296,3342.4379
135343000,3386.7047,3702800,45472800,6443792400,81986104400,3347.0624,3395.8205,3295.7296,3342.4379
135348000,3386.7458,3795200,35128800,6447587600,82021233200,3347.0624,3395.8205,3295.7296,3342.4379
135353000,3387.2566,3953600,43280300,6451541200,82064513500,3347.0624,3395.8205,3295.7296,3342.4379
135358000,3387.3449,3994500,47398700,6455535700,82111912200,3347.0624,3395.8205,3295.7296,3342.4379
135403000,3387.4812,2871700,42319400,6458407400,82154231600,3347.0624,3395.8205,3295.7296,3342.4379
135408000,3387.1106,3321400,34769000,6461728800,82189000600,3347.0624,3395.8205,3295.7296,3342.4379
135413000,3387.5834,3087200,35770800,6464816000,82224771400,3347.0624,3395.8205,3295.7296,3342.4379
135418000,3387.6696,2259200,29027900,6467075200,82253799300,3347.0624,3395.8205,3295.7296,3342.4379
135423000,3387.829,5249700,60504100,6472324900,82314303400,3347.0624,3395.8205,3295.7296,3342.4379
135428000,3387.9525,5509100,62524000,6477834000,82376827400,3347.0624,3395.8205,3295.7296,3342.4379
135433000,3388.2475,4945200,47756800,6482779200,82424584200,3347.0624,3395.8205,3295.7296,3342.4379
135438000,3388.7925,5533800,50516300,6488313000,82475100500,3347.0624,3395.8205,3295.7296,3342.4379
135443000,3389.0318,3813500,46699300,6492126500,82521799800,3347.0624,3395.8205,3295.7296,3342.4379
135448000,3389.3481,4089000,45085500,6496215500,82566885300,3347.0624,3395.8205,3295.7296,3342.4379
135453000,3388.9443,6132300,67447900,6502347800,82634333200,3347.0624,3395.8205,3295.7296,3342.4379
135458000,3389.6651,4808100,52137000,6507155900,82686470200,3347.0624,3395.8205,3295.7296,3342.4379
135503000,3389.6251,3327600,34673000,6510483500,82721143200,3347.0624,3395.8205,3295.7296,3342.4379
135508000,3389.4999,4118400,48662100,6514601900,82769805300,3347.0624,3395.8205,3295.7296,3342.4379
135513000,3389.5775,4592500,46108300,6519194400,82815913600,3347.0624,3395.8205,3295.7296,3342.4379
135518000,3389.015,2927700,32156700,6522122100,82848070300,3347.0624,3395.8205,3295.7296,3342.4379
135524000,3389.6898,3926700,47569300,6526048800,82895639600,3347.0624,3395.8205,3295.7296,3342.4379
135528000,3389.9304,3745900,39719000,6529794700,82935358600,3347.0624,3395.8205,3295.7296,3342.4379
135534000,3390.1877,4152500,44154300,6533947200,82979512900,3347.0624,3395.8205,3295.7296,3342.4379
135539000,3390.5014,2355100,32841200,6536302300,83012354100,3347.0624,3395.8205,3295.7296,3342.4379
135544000,3391.0846,4916300,54111500,6541218600,83066465600,3347.0624,3395.8205,3295.7296,3342.4379
135549000,3390.9201,2836400,40030600,6544055000,83106496200,3347.0624,3395.8205,3295.7296,3342.4379
135554000,3391.2162,1963400,23239100,6546018400,83129735300,3347.0624,3395.8205,3295.7296,3342.4379
135559000,3390.7852,4578000,48479800,6550596400,83178215100,3347.0624,3395.8205,3295.7296,3342.4379
135604000,3390.7435,2632600,42933600,6553229000,83221148700,3347.0624,3395.8205,3295.7296,3342.4379
135609000,3390.6667,3054000,36295100,6556283000,83257443800,3347.0624,3395.8205,3295.7296,3342.4379
135614000,3390.9032,3238100,36759900,6559521100,83294203700,3347.0624,3395.8205,3295.7296,3342.4379
135619000,3390.8952,4301700,47750100,6563822800,83341953800,3347.0624,3395.8205,3295.7296,3342.4379
135624000,3391.1732,2304700,26993600,6566127500,83368947400,3347.0624,3395.8205,3295.7296,3342.4379
135629000,3390.7993,2955500,34508900,6569083000,83403456300,3347.0624,3395.8205,3295.7296,3342.4379
135634000,3391.044,4204400,44495900,6573287400,83447952200,3347.0624,3395.8205,3295.7296,3342.4379
135639000,3391.0476,1690900,24168800,6574978300,83472121000,3347.0624,3395.8205,3295.7296,3342.4379
135644000,3390.6623,2692200,34092900,6577670500,83506213900,3347.0624,3395.8205,3295.7296,3342.4379
135649000,3390.6398,2762200,32212200,6580432700,83538426100,3347.0624,3395.8205,3295.7296,3342.4379
135654000,3390.517,2261200,32146700,6582693900,83570572800,3347.0624,3395.8205,3295.7296,3342.4379
135659000,3390.689,2875200,36055300,6585569100,83606628100,3347.0624,3395.8205,3295.7296,3342.4379
135704000,3390.0127,2641300,30062200,6588210400,83636690300,3347.0624,3395.8205,3295.7296,3342.4379
135709000,3390.1616,2238400,30198300,6590448800,83666888600,3347.0624,3395.8205,3295.7296,3342.4379
135714000,3389.8284,3438600,38464600,6593887400,83705353200,3347.0624,3395.8205,3295.7296,3342.4379
135719000,3389.7398,3435900,32832700,6597323300,83738185900,3347.0624,3395.8205,3295.7296,3342.4379
135724000,3389.7145,2115700,26578400,6599439000,83764764300,3347.0624,3395.8205,3295.7296,3342.4379
135729000,3389.2975,2947400,35998600,6602386400,83800762900,3347.0624,3395.8205,3295.7296,3342.4379
135734000,3388.9555,2541100,32179100,6604927500,83832942000,3347.0624,3395.8205,3295.7296,3342.4379
135739000,3389.2926,2733300,23220600,6607660800,83856162600,3347.0624,3395.8205,3295.7296,3342.4379
135744000,3388.8681,2811800,33348800,6610472600,83889511400,3347.0624,3395.8205,3295.7296,3342.4379
135749000,3388.1303,4480800,47449400,6614953400,83936960800,3347.0624,3395.8205,3295.7296,3342.4379
135754000,3387.6048,2368500,32661200,6617321900,83969622000,3347.0624,3395.8205,3295.7296,3342.4379
135759000,3387.0325,3440800,41493300,6620762700,84011115300,3347.0624,3395.8205,3295.7296,3342.4379
135804000,3387.0832,3970300,43876000,6624733000,84054991300,3347.0624,3395.8205,3295.7296,3342.4379
135809000,3387.1488,1741800,24404800,6626474800,84079396100,3347.0624,3395.8205,3295.7296,3342.4379
135814000,3387.2538,5435100,43773200,6631909900,84123169300,3347.0624,3395.8205,3295.7296,3342.4379
135819000,3386.9708,2850500,29856000,6634760400,84153025300,3347.0624,3395.8205,3295.7296,3342.4379
135824000,3387.0537,1146300,15248200,6635906700,84168273500,3347.0624,3395.8205,3295.7296,3342.4379
135829000,3387.22,1724600,25506300,6637631300,84193779800,3347.0624,3395.8205,3295.7296,3342.4379
135834000,3387.6551,2354400,30404700,6639985700,84224184500,3347.0624,3395.8205,3295.7296,3342.4379
135839000,3387.6319,984600,14373000,6640970300,84238557500,3347.0624,3395.8205,3295.7296,3342.4379
135844000,3387.2427,2113500,31994100,6643083800,84270551600,3347.0624,3395.8205,3295.7296,3342.4379
135849000,3387.5471,2010700,27708200,6645094500,84298259800,3347.0624,3395.8205,3295.7296,3342.4379
135854000,3387.3116,2241400,18009300,6647335900,84316269100,3347.0624,3395.8205,3295.7296,3342.4379
135859000,3387.2762,1744200,25043300,6649080100,84341312400,3347.0624,3395.8205,3295.7296,3342.4379
135904000,3387.7199,1751300,27691800,6650831400,84369004200,3347.0624,3395.8205,3295.7296,3342.4379
135909000,3386.9385,1320300,16580100,6652151700,84385584300,3347.0624,3395.8205,3295.7296,3342.4379
135914000,3387.6564,2629900,30057500,6654781600,84415641800,3347.0624,3395.8205,3295.7296,3342.4379
135919000,3387.6317,2440600,40359200,6657222200,84456001000,3347.0624,3395.8205,3295.7296,3342.4379
135925000,3387.6202,2579200,34167600,6659801400,84490168600,3347.0624,3395.8205,3295.7296,3342.4379
135929000,3388.9183,1784500,27671100,6661585900,84517839700,3347.0624,3395.8205,3295.7296,3342.4379
135935000,3388.8783,3695400,50271000,6665281300,84568110700,3347.0624,3395.8205,3295.7296,3342.4379
135940000,3389.5243,3441800,42172900,6668723100,84610283600,3347.0624,3395.8205,3295.7296,3342.4379
135945000,3390.0184,2521700,40094800,6671244800,84650378400,3347.0624,3395.8205,3295.7296,3342.4379
135950000,3391.3497,4893900,66268700,6676138700,84716647100,3347.0624,3395.8205,3295.7296,3342.4379
135955000,3391.9151,4562100,61485200,6680700800,84778132300,3347.0624,3395.8205,3295.7296,3342.4379
140000000,3391.8184,6448900,62476500,6687149700,84840608800,3347.0624,3395.8205,3295.7296,3342.4379
140005000,3392.87,4045600,63488400,6691195300,84904097200,3347.0624,3395.8205,3295.7296,3342.4379
140010000,3392.7153,3892300,67103600,6695087600,84971200800,3347.0624,3395.8205,3295.7296,3342.4379
140015000,3392.3583,3614900,60008500,6698702500,85031209300,3347.0624,3395.8205,3295.7296,3342.4379
140020000,3393.3322,3581800,50445400,6702284300,85081654700,3347.0624,3395.8205,3295.7296,3342.4379
140025000,3393.0906,3331700,55409300,6705616000,85137064000,3347.0624,3395.8205,3295.7296,3342.4379
140030000,3393.3716,1683500,28459200,6707299500,85165523200,3347.0624,3395.8205,3295.7296,3342.4379
140035000,3393.1434,5336300,49629000,6712635800,85215152200,3347.0624,3395.8205,3295.7296,3342.4379
140040000,3393.3869,3070500,47241000,6715706300,85262393200,3347.0624,3395.8205,3295.7296,3342.4379
140045000,3393.5414,2854500,34024600,6718560800,85296417800,3347.0624,3395.8205,3295.7296,3342.4379
140050000,3393.5847,3949200,48285300,6722510000,85344703100,3347.0624,3395.8205,3295.7296,3342.4379
140055000,3393.6024,4362800,49688300,6726872800,85394391400,3347.0624,3395.8205,3295.7296,3342.4379
140100000,3393.4289,2060700,30360400,6728933500,85424751800,3347.0624,3395.8205,3295.7296,3342.4379
140105000,3393.1373,3944300,58113600,6732877800,85482865400,3347.0624,3395.8205,3295.7296,3342.4379
140110000,3393.8422,3977100,49540000,6736854900,85532405400,3347.0624,3395.8205,3295.7296,3342.4379
140115000,3394.1208,2409300,28870600,6739264200,85561276000,3347.0624,3395.8205,3295.7296,3342.4379
140120000,3393.6607,2916400,36638700,6742180600,85597914700,3347.0624,3395.8205,3295.7296,3342.4379
140125000,3393.9963,5532800,49250700,6747713400,85647165400,3347.0624,3395.8205,3295.7296,3342.4379
140130000,3394.1896,2516000,31838700,6750229400,85679004100,3347.0624,3395.8205,3295.7296,3342.4379
140135000,3394.4753,3124700,46232200,6753354100,85725236300,3347.0624,3395.8205,3295.7296,3342.4379
140140000,3394.4403,4482300,52478300,6757836400,85777714600,3347.0624,3395.8205,3295.7296,3342.4379
140145000,3394.5661,2132000,26501400,6759968400,85804216000,3347.0624,3395.8205,3295.7296,3342.4379
140150000,3394.5384,2922400,38318300,6762890800,85842534300,3347.0624,3395.8205,3295.7296,3342.4379
140155000,3394.9064,2936600,39425300,6765827400,85881959600,3347.0624,3395.8205,3295.7296,3342.4379
140200000,3394.7841,1821100,18254400,6767648500,85900214000,3347.0624,3395.8205,3295.7296,3342.4379
140205000,3394.4566,3954800,49922400,6771603300,85950136400,3347.0624,3395.8205,3295.7296,3342.4379
140210000,3394.7769,3580500,48853100,6775183800,85998989500,3347.0624,3395.8205,3295.7296,3342.4379
140215000,3395.2719,2327500,34875600,6777511300,86033865100,3347.0624,3395.8205,3295.7296,3342.4379
140220000,3395.1981,3615800,44037000,6781127100,86077902100,3347.0624,3395.8205,3295.7296,3342.4379
140225000,3395.3377,3011300,45758800,6784138400,86123660900,3347.0624,3395.8205,3295.7296,3342.4379
140230000,3395.3446,1439000,22851200,6785577400,86146512100,3347.0624,3395.8205,3295.7296,3342.4379
140235000,3395.9346,3156000,37232200,6788733400,86183744300,3347.0624,3395.9346,3295.7296,3342.4379
140240000,3395.6827,1771400,28830700,6790504800,86212575000,3347.0624,3395.9604,3295.7296,3342.4379
140245000,3395.9466,1877600,24654400,6792382400,86237229400,3347.0624,3395.9819,3295.7296,3342.4379
140250000,3395.9739,2615400,32217000,6794997800,86269446400,3347.0624,3396.1531,3295.7296,3342.4379
140255000,3396.2458,3134500,35883700,6798132300,86305330100,3347.0624,3396.2458,3295.7296,3342.4379
140300000,3396.2418,1975600,28631700,6800107900,86333961800,3347.0624,3396.2458,3295.7296,3342.4379
140305000,3396.0141,3621100,45078700,6803729000,86379040500,3347.0624,3396.2458,3295.7296,3342.4379
140310000,3395.7782,3056500,42265800,6806785500,86421306300,3347.0624,3396.2458,3295.7296,3342.4379
140315000,3395.9107,1557200,25031900,6808342700,86446338200,3347.0624,3396.2458,3295.7296,3342.4379
140320000,3395.6728,2646400,36005600,6810989100,86482343800,3347.0624,3396.2458,3295.7296,3342.4379
140326000,3395.7445,2710900,37661900,6813700000,86520005700,3347.0624,3396.2458,3295.7296,3342.4379
140331000,3395.7208,2963600,35978600,6816663600,86555984300,3347.0624,3396.2458,3295.7296,3342.4379
140336000,3395.9963,1634600,19663200,6818298200,86575647500,3347.0624,3396.2458,3295.7296,3342.4379
140341000,3395.6941,2489700,35211900,6820787900,86610859400,3347.0624,3396.2458,3295.7296,3342.4379
140346000,3395.4339,2965700,42236300,6823753600,86653095700,3347.0624,3396.2458,3295.7296,3342.4379
140351000,3395.2446,3951800,44175500,6827705400,86697271200,3347.0624,3396.2458,3295.7296,3342.4379
140356000,3395.252,2840400,33844800,6830545800,86731116000,3347.0624,3396.2458,3295.7296,3342.4379
140401000,3395.1815,2744000,37996500,6833289800,86769112500,3347.0624,3396.2458,3295.7296,3342.4379
140406000,3394.4017,2288600,29291200,6835578400,86798403700,3347.0624,3396.2458,3295.7296,3342.4379
140411000,3394.1078,3481700,45493600,6839060100,86843897300,3347.0624,3396.2458,3295.7296,3342.4379
140416000,3394.1064,2067600,34323300,6841127700,86878220600,3347.0624,3396.2458,3295.7296,3342.4379
140421000,3394.147,1761400,16604700,6842889100,86894825300,3347.0624,3396.2458,3295.7296,3342.4379
140426000,3394.3581,2305700,29672500,6845194800,86924497800,3347.0624,3396.2458,3295.7296,3342.4379
140431000,3394.0348,2887000,35527700,6848081800,86960025500,3347.0624,3396.2458,3295.7296,3342.4379
140436000,3393.9763,1386100,22862800,6849467900,86982888300,3347.0624,3396.2458,3295.7296,3342.4379
140441000,3393.6648,2077900,31394500,6851545800,87014282800,3347.0624,3396.2458,3295.7296,3342.4379
140446000,3393.5725,3252700,32852600,6854798500,87047135400,3347.0624,3396.2458,3295.7296,3342.4379
140451000,3393.6738,1544600,21236000,6856343100,87068371400,3347.0624,3396.2458,3295.7296,3342.4379
140456000,3393.3695,2220700,34117300,6858563800,87102488700,3347.0624,3396.2458,3295.7296,3342.4379
140501000,3392.9318,4593000,45830100,6863156800,87148318800,3347.0624,3396.2458,3295.7296,3342.4379
140506000,3393.019,1724500,22221400,6864881300,87170540200,3347.0624,3396.2458,3295.7296,3342.4379
140511000,3392.6337,2248900,30758300,6867130200,87201298500,3347.0624,3396.2458,3295.7296,3342.4379
140516000,3392.7147,2946300,32597000,6870076500,87233895500,3347.0624,3396.2458,3295.7296,3342.4379
140521000,3392.2839,1668500,21356800,6871745000,87255252300,3347.0624,3396.2458,3295.7296,3342.4379
140526000,3392.7929,2650200,33240600,6874395200,87288492900,3347.0624,3396.2458,3295.7296,3342.4379
140531000,3392.6834,2490100,33308100,6876885300,87321801000,3347.0624,3396.2458,3295.7296,3342.4379
140536000,3392.7657,1747600,24496300,6878632900,87346297300,3347.0624,3396.2458,3295.7296,3342.4379
140541000,3392.485,2278900,27448300,6880911800,87373745600,3347.0624,3396.2458,3295.7296,3342.4379
140546000,3392.724,2455900,34821200,6883367700,87408566800,3347.0624,3396.2458,3295.7296,3342.4379
140551000,3392.7949,2202800,25770100,6885570500,87434336900,3347.0624,3396.2458,3295.7296,3342.4379
140556000,3392.7693,1985000,22703700,6887555500,87457040600,3347.0624,3396.2458,3295.7296,3342.4379
140601000,3392.5759,2553600,29392400,6890109100,87486433000,3347.0624,3396.2458,3295.7296,3342.4379
140606000,3392.4495,1692500,20149300,6891801600,87506582300,3347.0624,3396.2458,3295.7296,3342.4379
140611000,3392.4411,1758000,23762200,6893559600,87530344500,3347.0624,3396.2458,3295.7296,3342.4379
140616000,3392.3532,1801600,25498400,6895361200,87555842900,3347.0624,3396.2458,3295.7296,3342.4379
140621000,3392.0436,1724800,29400900,6897086000,87585243800,3347.0624,3396.2458,3295.7296,3342.4379
140626000,3392.5742,1900500,28631400,6898986500,87613875200,3347.0624,3396.2458,3295.7296,3342.4379
140631000,3392.4947,1564900,22557000,6900551400,87636432200,3347.0624,3396.2458,3295.7296,3342.4379
140636000,3392.5097,1255600,18105800,6901807000,87654538000,3347.0624,3396.2458,3295.7296,3342.4379
140641000,3391.7928,1794600,31535200,6903601600,87686073200,3347.0624,3396.2458,3295.7296,3342.4379
140646000,3392.2903,1697600,20248900,6905299200,87706322100,3347.0624,3396.2458,3295.7296,3342.4379
140651000,3391.9848,1169600,21178900,6906468800,87727501000,3347.0624,3396.2458,3295.7296,3342.4379
140656000,3392.1446,2148500,27875200,6908617300,87755376200,3347.0624,3396.2458,3295.7296,3342.4379
140701000,3391.9147,1763000,25615700,6910380300,87780991900,3347.0624,3396.2458,3295.7296,3342.4379
140706000,3391.8955,1290700,18431600,6911671000,87799423500,3347.0624,3396.2458,3295.7296,3342.4379
140711000,3391.2682,1980200,23283800,6913651200,87822707300,3347.0624,3396.2458,3295.7296,3342.4379
140716000,3391.1375,3140800,31968500,6916792000,87854675800,3347.0624,3396.2458,3295.7296,3342.4379
140722000,3391.1089,2393400,28540000,6919185400,87883215800,3347.0624,3396.2458,3295.7296,3342.4379
140726000,3391.1339,1348900,19224300,6920534300,87902440100,3347.0624,3396.2458,3295.7296,3342.4379
140732000,3390.8797,2162500,29734500,6922696800,87932174600,3347.0624,3396.2458,3295.7296,3342.4379
140737000,3391.0355,2227300,30218600,6924924100,87962393200,3347.0624,3396.2458,3295.7296,3342.4379
140742000,3391.0014,1484200,27861100,6926408300,87990254300,3347.0624,3396.2458,3295.7296,3342.4379
140747000,3390.9402,2043000,30879200,6928451300,88021133500,3347.0624,3396.2458,3295.7296,3342.4379
140752000,3390.892,1801500,22325700,6930252800,88043459200,3347.0624,3396.2458,3295.7296,3342.4379
140757000,3390.9413,1135000,16306000,6931387800,88059765200,3347.0624,3396.2458,3295.7296,3342.4379
140802000,3390.8116,1931600,24902400,6933319400,88084667600,3347.0624,3396.2458,3295.7296,3342.4379
140807000,3390.3768,2017500,23660400,6935336900,88108328000,3347.0624,3396.2458,3295.7296,3342.4379
140812000,3390.6969,1630400,21103400,6936967300,88129431400,3347.0624,3396.2458,3295.7296,3342.4379
140817000,3390.662,2304800,25308800,6939272100,88154740200,3347.0624,3396.2458,3295.7296,3342.4379
140822000,3390.8131,1912900,24446400,6941185000,88179186600,3347.0624,3396.2458,3295.7296,3342.4379
140827000,3390.759,971400,13764200,6942156400,88192950800,3347.0624,3396.2458,3295.7296,3342.4379
140832000,3390.5755,2131200,29698000,6944287600,88222648800,3347.0624,3396.2458,3295.7296,3342.4379
140837000,3390.4922,1546900,23236700,6945834500,88245885500,3347.0624,3396.2458,3295.7296,3342.4379
140842000,3390.4258,1464400,19675600,6947298900,88265561100,3347.0624,3396.2458,3295.7296,3342.4379
140847000,3390.6604,2227200,28489500,6949526100,88294050600,3347.0624,3396.2458,3295.7296,3342.4379
140852000,3390.2854,1540400,26561900,6951066500,88320612500,3347.0624,3396.2458,3295.7296,3342.4379
140857000,3390.8535,1080700,16961600,6952147200,88337574100,3347.0624,3396.2458,3295.7296,3342.4379
140902000,3390.5951,2000900,29639000,6954148100,88367213100,3347.0624,3396.2458,3295.7296,3342.4379
140907000,3390.7912,1651000,28356300,6955799100,88395569400,3347.0624,3396.2458,3295.7296,3342.4379
140912000,3390.895,1381500,24339700,6957180600,88419909100,3347.0624,3396.2458,3295.7296,3342.4379
140917000,3391.0983,3697200,46442000,6960877800,88466351100,3347.0624,3396.2458,3295.7296,3342.4379
140922000,3391.9342,2657300,47991900,6963535100,88514343000,3347.0624,3396.2458,3295.7296,3342.4379
140927000,3391.5583,2398000,50624000,6965933100,88564967000,3347.0624,3396.2458,3295.7296,3342.4379
140932000,3392.5089,3994000,59382200,6969927100,88624349200,3347.0624,3396.2458,3295.7296,3342.4379
140937000,3393.4615,5784600,76089200,6975711700,88700438400,3347.0624,3396.2458,3295.7296,3342.4379
140942000,3394.2688,2204800,38531800,6977916500,88738970200,3347.0624,3396.2458,3295.7296,3342.4379
140947000,3393.8058,3633100,56319700,6981549600,88795289900,3347.0624,3396.2458,3295.7296,3342.4379
140952000,3394.1357,3584300,46912900,6985133900,88842202800,3347.0624,3396.2458,3295.7296,3342.4379
140957000,3394.5517,2114400,32298500,6987248300,88874501300,3347.0624,3396.2458,3295.7296,3342.4379
141002000,3394.9783,4655000,64180100,6991903300,88938681400,3347.0624,3396.2458,3295.7296,3342.4379
141007000,3395.1619,3379500,64579200,6995282800,89003260600,3347.0624,3396.2458,3295.7296,3342.4379
141012000,3395.0639,1699500,32733200,6996982300,89035993800,3347.0624,3396.2458,3295.7296,3342.4379
141017000,3395.2393,2512600,36869000,6999494900,89072862800,3347.0624,3396.2458,3295.7296,3342.4379
141022000,3395.4923,2881400,38542500,7002376300,89111405300,3347.0624,3396.2458,3295.7296,3342.4379
141027000,3395.3986,1662300,31602700,7004038600,89143008000,3347.0624,3396.2458,3295.7296,3342.4379
141032000,3395.4054,3422300,40574500,7007460900,89183582500,3347.0624,3396.2458,3295.7296,3342.4379
141037000,3395.7522,2463400,38057500,7009924300,89221640000,3347.0624,3396.2458,3295.7296,3342.4379
141042000,3395.2127,2632300,35674600,7012556600,89257314600,3347.0624,3396.2458,3295.7296,3342.4379
141047000,3395.5144,3428900,43743500,7015985500,89301058100,3347.0624,3396.2458,3295.7296,3342.4379
141052000,3395.4874,3052200,33215000,7019037700,89334273100,3347.0624,3396.2458,3295.7296,3342.4379
141057000,3395.9154,1529600,25186100,7020567300,89359459200,3347.0624,3396.2458,3295.7296,3342.4379
141102000,3395.815,4553300,46004400,7025120600,89405463600,3347.0624,3396.2458,3295.7296,3342.4379
141107000,3395.1661,2573400,33836800,7027694000,89439300400,3347.0624,3396.2458,3295.7296,3342.4379
141112000,3395.5886,2257200,21413200,7029951200,89460713600,3347.0624,3396.2458,3295.7296,3342.4379
141117000,3395.5264,2390500,30250500,7032341700,89490964100,3347.0624,3396.2458,3295.7296,3342.4379
141123000,3395.4606,2853200,34104300,7035194900,89525068400,3347.0624,3396.2458,3295.7296,3342.4379
141128000,3395.1697,2005300,30155900,7037200200,89555224300,3347.0624,3396.2458,3295.7296,3342.4379
141133000,3395.4741,1440400,21435000,7038640600,89576659300,3347.0624,3396.2458,3295.7296,3342.4379
141138000,3395.1854,3410200,34494700,7042050800,89611154000,3347.0624,3396.2458,3295.7296,3342.4379
141143000,3395.3225,1925100,26259500,7043975900,89637413500,3347.0624,3396.2458,3295.7296,3342.4379
141148000,3394.5813,1201000,17327200,7045176900,89654740700,3347.0624,3396.2458,3295.7296,3342.4379
141153000,3394.5486,3620300,40602900,7048797200,89695343600,3347.0624,3396.2458,3295.7296,3342.4379
141158000,3394.8069,4056200,35101200,7052853400,89730444800,3347.0624,3396.2458,3295.7296,3342.4379
141203000,3394.0042,2912900,26002900,7055766300,89756447700,3347.0624,3396.2458,3295.7296,3342.4379
141208000,3394.0444,3198800,34071000,7058965100,89790518700,3347.0624,3396.2458,3295.7296,3342.4379
141213000,3393.774,3513500,42859700,7062478600,89833378400,3347.0624,3396.2458,3295.7296,3342.4379
141218000,3393.1179,2568900,34180400,7065047500,89867558800,3347.0624,3396.2458,3295.7296,3342.4379
141223000,3392.5678,4417300,45782300,7069464800,89913341100,3347.0624,3396.2458,3295.7296,3342.4379
141228000,3391.8477,4454700,63806700,7073919500,89977147800,3347.0624,3396.2458,3295.7296,3342.4379
141233000,3391.9595,2463200,30190700,7076382700,90007338500,3347.0624,3396.2458,3295.7296,3342.4379
141238000,3391.3422,3481400,38734000,7079864100,90046072500,3347.0624,3396.2458,3295.7296,3342.4379
141243000,3390.9627,3563700,46224300,7083427800,90092296800,3347.0624,3396.2458,3295.7296,3342.4379
141248000,3390.4672,2071000,25515900,7085498800,90117812700,3347.0624,3396.2458,3295.7296,3342.4379
141253000,3390.3459,2972300,42178800,7088471100,90159991500,3347.0624,3396.2458,3295.7296,3342.4379
141258000,3390.5477,3015700,40442300,7091486800,90200433800,3347.0624,3396.2458,3295.7296,3342.4379
141303000,3389.9584,1942600,28137700,7093429400,90228571500,3347.0624,3396.2458,3295.7296,3342.4379
141308000,3389.0624,4769900,53421300,7098199300,90281992800,3347.0624,3396.2458,3295.7296,3342.4379
141313000,3388.759,2358400,31410800,7100557700,90313403600,3347.0624,3396.2458,3295.7296,3342.4379
141318000,3388.4528,2364900,30542300,7102922600,90343945900,3347.0624,3396.2458,3295.7296,3342.4379
141323000,3388.3235,3019200,41197400,7105941800,90385143300,3347.0624,3396.2458,3295.7296,3342.4379
141328000,3387.9809,2647500,39571300,7108589300,90424714600,3347.0624,3396.2458,3295.7296,3342.4379
141333000,3388.0196,2040200,24478900,7110629500,90449193500,3347.0624,3396.2458,3295.7296,3342.4379
141338000,3387.8261,2745300,39068800,7113374800,90488262300,3347.0624,3396.2458,3295.7296,3342.4379
141343000,3387.6996,1752400,27559300,7115127200,90515821600,3347.0624,3396.2458,3295.7296,3342.4379
141348000,3387.5725,1258100,19103700,7116385300,90534925300,3347.0624,3396.2458,3295.7296,3342.4379
141353000,3387.1441,3109600,35751400,7119494900,90570676700,3347.0624,3396.2458,3295.7296,3342.4379
141358000,3387.2691,3199500,36153600,7122694400,90606830300,3347.0624,3396.2458,3295.7296,3342.4379
141403000,3386.7292,2092000,25786400,7124786400,90632616700,3347.0624,3396.2458,3295.7296,3342.4379
141408000,3386.4416,3510400,37329000,7128296800,90669945700,3347.0624,3396.2458,3295.7296,3342.4379
141413000,3386.275,2602800,35308100,7130899600,90705253800,3347.0624,3396.2458,3295.7296,3342.4379
141418000,3386.184,1531500,21661600,7132431100,90726915400,3347.0624,3396.2458,3295.7296,3342.4379
141423000,3385.5524,2498800,28150800,7134929900,90755066200,3347.0624,3396.2458,3295.7296,3342.4379
141428000,3385.4942,2414100,34772000,7137344000,90789838200,3347.0624,3396.2458,3295.7296,3342.4379
141433000,3385.4727,1522800,20715600,7138866800,90810553800,3347.0624,3396.2458,3295.7296,3342.4379
141438000,3385.4452,3781600,41123500,7142648400,90851677300,3347.0624,3396.2458,3295.7296,3342.4379
141443000,3385.0734,1819000,29744300,7144467400,90881421600,3347.0624,3396.2458,3295.7296,3342.4379
141448000,3384.7416,1715100,22632900,7146182500,90904054500,3347.0624,3396.2458,3295.7296,3342.4379
141453000,3384.9101,2903900,33294700,7149086400,90937349200,3347.0624,3396.2458,3295.7296,3342.4379
141458000,3384.3964,3358100,35539700,7152444500,90972888900,3347.0624,3396.2458,3295.7296,3342.4379
141503000,3384.5334,2055000,30414500,7154499500,91003303400,3347.0624,3396.2458,3295.7296,3342.4379
141508000,3384.0484,3687400,40640900,7158186900,91043944300,3347.0624,3396.2458,3295.7296,3342.4379
141513000,3384.1585,2599100,29897000,7160786000,91073841300,3347.0624,3396.2458,3295.7296,3342.4379
141518000,3383.9048,2602600,25549500,7163388600,91099390800,3347.0624,3396.2458,3295.7296,3342.4379
141524000,3383.5962,2379300,35898300,7165767900,91135289100,3347.0624,3396.2458,3295.7296,3342.4379
141529000,3383.3762,2957200,37405700,7168725100,91172694800,3347.0624,3396.2458,3295.7296,3342.4379
141534000,3383.597,3932200,39656500,7172657300,91212351300,3347.0624,3396.2458,3295.7296,3342.4379
141539000,3383.4483,2111900,21803100,7174769200,91234154400,3347.0624,3396.2458,3295.7296,3342.4379
141544000,3383.2458,2537200,30103900,7177306400,91264258300,3347.0624,3396.2458,3295.7296,3342.4379
141549000,3382.8762,2357400,29137800,7179663800,91293396100,3347.0624,3396.2458,3295.7296,3342.4379
141554000,3382.7007,1890500,26283100,7181554300,91319679200,3347.0624,3396.2458,3295.7296,3342.4379
141559000,3382.6379,2434200,34001700,7183988500,91353680900,3347.0624,3396.2458,3295.7296,3342.4379
141604000,3382.0774,2750300,35492600,7186738800,91389173500,3347.0624,3396.2458,3295.7296,3342.4379
141609000,3382.4456,2332300,28790200,7189071100,91417963700,3347.0624,3396.2458,3295.7296,3342.4379
141614000,3382.1061,2892800,31344500,7191963900,91449308200,3347.0624,3396.2458,3295.7296,3342.4379
141619000,3381.9119,1741300,22861300,7193705200,91472169500,3347.0624,3396.2458,3295.7296,3342.4379
141624000,3382.1972,1604000,16280200,7195309200,91488449700,3347.0624,3396.2458,3295.7296,3342.4379
141629000,3381.7377,2991200,36832700,7198300400,91525282400,3347.0624,3396.2458,3295.7296,3342.4379
141634000,3381.7047,3038500,42542000,7201338900,91567824400,3347.0624,3396.2458,3295.7296,3342.4379
141639000,3381.2947,1544100,19104400,7202883000,91586928800,3347.0624,3396.2458,3295.7296,3342.4379
141644000,3381.7048,2036500,30256800,7204919500,91617185600,3347.0624,3396.2458,3295.7296,3342.4379
141649000,3381.6852,2658500,40909800,7207578000,91658095400,3347.0624,3396.2458,3295.7296,3342.4379
141654000,3381.873,1332900,18431500,7208910900,91676526900,3347.0624,3396.2458,3295.7296,3342.4379
141659000,3381.5124,2026300,28941600,7210937200,91705468500,3347.0624,3396.2458,3295.7296,3342.4379
141704000,3381.5865,2107300,31299300,7213044500,91736767800,3347.0624,3396.2458,3295.7296,3342.4379
141709000,3381.5719,1355400,18753000,7214399900,91755520800,3347.0624,3396.2458,3295.7296,3342.4379
141714000,3381.9933,2029000,29707800,7216428900,91785228600,3347.0624,3396.2458,3295.7296,3342.4379
141719000,3381.3626,1950100,31364100,7218379000,91816592700,3347.0624,3396.2458,3295.7296,3342.4379
141724000,3381.5012,1119500,17752500,7219498500,91834345200,3347.0624,3396.2458,3295.7296,3342.4379
141729000,3381.1834,2320100,29414100,7221818600,91863759300,3347.0624,3396.2458,3295.7296,3342.4379
141734000,3381.2686,2249800,30564700,7224068400,91894324000,3347.0624,3396.2458,3295.7296,3342.4379
141739000,3381.2967,1678900,19843900,7225747300,91914167900,3347.0624,3396.2458,3295.7296,3342.4379
141744000,3381.1457,2180300,26884100,7227927600,91941052000,3347.0624,3396.2458,3295.7296,3342.4379
141749000,3380.96,2760000,31517300,7230687600,91972569300,3347.0624,3396.2458,3295.7296,3342.4379
141754000,3381.4539,2098000,29620200,7232785600,92002189500,3347.0624,3396.2458,3295.7296,3342.4379
141759000,3381.0549,2639400,37974600,7235425000,92040164100,3347.0624,3396.2458,3295.7296,3342.4379
141804000,3380.5564,2598600,30343600,7238023600,92070507700,3347.0624,3396.2458,3295.7296,3342.4379
141809000,3380.475,1347000,17266600,7239370600,92087774300,3347.0624,3396.2458,3295.7296,3342.4379
141814000,3380.6269,2034300,28763000,7241404900,92116537300,3347.0624,3396.2458,3295.7296,3342.4379
141819000,3380.5785,2310900,32359200,7243715800,92148896500,3347.0624,3396.2458,3295.7296,3342.4379
141824000,3380.1772,1405700,20002800,7245121500,92168899300,3347.0624,3396.2458,3295.7296,3342.4379
141829000,3380.2231,2239600,33549100,7247361100,92202448400,3347.0624,3396.2458,3295.7296,3342.4379
141834000,3380.0337,3256700,43658600,7250617800,92246107000,3347.0624,3396.2458,3295.7296,3342.4379
141839000,3379.6546,1308700,17819000,7251926500,92263926000,3347.0624,3396.2458,3295.7296,3342.4379
141844000,3379.722,2640300,33207200,7254566800,92297133200,3347.0624,3396.2458,3295.7296,3342.4379
141849000,3379.6398,1739000,26985800,7256305800,92324119000,3347.0624,3396.2458,3295.7296,3342.4379
141854000,3379.7331,1580100,19233600,7257885900,92343352600,3347.0624,3396.2458,3295.7296,3342.4379
141859000,3379.4534,2041300,29009200,7259927200,92372361800,3347.0624,3396.2458,3295.7296,3342.4379
141904000,3378.9494,2327100,32931100,7262254300,92405292900,3347.0624,3396.2458,3295.7296,3342.4379
141910000,3378.9681,1596400,20504300,7263850700,92425797200,3347.0624,3396.2458,3295.7296,3342.4379
141915000,3379.5422,2297700,34058200,7266148400,92459855400,3347.0624,3396.2458,3295.7296,3342.4379
141919000,3378.9958,1958700,34145000,7268107100,92494000400,3347.0624,3396.2458,3295.7296,3342.4379
141925000,3379.0243,2346300,34488400,7270453400,92528488800,3347.0624,3396.2458,3295.7296,3342.4379
141930000,3378.5333,1108900,14265800,7271562300,92542754600,3347.0624,3396.2458,3295.7296,3342.4379
141935000,3378.5523,2255100,31891800,7273817400,92574646400,3347.0624,3396.2458,3295.7296,3342.4379
141940000,3378.5907,1975700,32525100,7275793100,92607171500,3347.0624,3396.2458,3295.7296,3342.4379
141945000,3378.5799,1318600,17820100,7277111700,92624991600,3347.0624,3396.2458,3295.7296,3342.4379
141950000,3379.269,2502300,32012700,7279614000,92657004300,3347.0624,3396.2458,3295.7296,3342.4379
141955000,3378.6005,2202000,38799300,7281816000,92695803600,3347.0624,3396.2458,3295.7296,3342.4379
142000000,3378.4322,1664500,28192300,7283480500,92723995900,3347.0624,3396.2458,3295.7296,3342.4379
142005000,3378.7429,2483800,35303500,7285964300,92759299400,3347.0624,3396.2458,3295.7296,3342.4379
142010000,3378.7363,2105100,29295200,7288069400,92788594600,3347.0624,3396.2458,3295.7296,3342.4379
142015000,3379.0439,890200,14828800,7288959600,92803423400,3347.0624,3396.2458,3295.7296,3342.4379
142020000,3378.562,4009000,35289800,7292968600,92838713200,3347.0624,3396.2458,3295.7296,3342.4379
142025000,3378.3429,2165000,36106100,7295133600,92874819300,3347.0624,3396.2458,3295.7296,3342.4379
142030000,3378.2083,1355800,18302700,7296489400,92893122000,3347.0624,3396.2458,3295.7296,3342.4379
142035000,3378.5138,2388800,33720400,7298878200,92926842400,3347.0624,3396.2458,3295.7296,3342.4379
142040000,3378.446,1595800,23246400,7300474000,92950088800,3347.0624,3396.2458,3295.7296,3342.4379
142045000,3378.5409,1376000,19486400,7301850000,92969575200,3347.0624,3396.2458,3295.7296,3342.4379
142050000,3378.7818,2289900,27640000,7304139900,92997215200,3347.0624,3396.2458,3295.7296,3342.4379
142055000,3378.7119,1850500,32967600,7305990400,93030182800,3347.0624,3396.2458,3295.7296,3342.4379
142100000,3378.6269,1279700,15172100,7307270100,93045354900,3347.0624,3396.2458,3295.7296,3342.4379
142105000,3378.481,1933700,32513400,7309203800,93077868300,3347.0624,3396.2458,3295.7296,3342.4379
142110000,3378.4984,1693700,23193400,7310897500,93101061700,3347.0624,3396.2458,3295.7296,3342.4379
142115000,3378.4414,1550200,18322000,7312447700,93119383700,3347.0624,3396.2458,3295.7296,3342.4379
142120000,3378.2554,1444100,19554900,7313891800,93138938600,3347.0624,3396.2458,3295.7296,3342.4379
142125000,3378.383,1677900,31193800,7315569700,93170132400,3347.0624,3396.2458,3295.7296,3342.4379
142130000,3378.7858,1258400,15831200,7316828100,93185963600,3347.0624,3396.2458,3295.7296,3342.4379
142135000,3378.4505,2283200,29585700,7319111300,93215549300,3347.0624,3396.2458,3295.7296,3342.4379
142140000,3378.1946,2173100,31975500,7321284400,93247524800,3347.0624,3396.2458,3295.7296,3342.4379
142145000,3377.9895,1978600,29928800,7323263000,93277453600,3347.0624,3396.2458,3295.7296,3342.4379
142150000,3378.5879,1990200,26177500,7325253200,93303631100,3347.0624,3396.2458,3295.7296,3342.4379
142155000,3378.3419,1902500,24426700,7327155700,93328057800,3347.0624,3396.2458,3295.7296,3342.4379
142200000,3378.5075,2047000,29436300,7329202700,93357494100,3347.0624,3396.2458,3295.7296,3342.4379
142205000,3377.8705,2457000,33887400,7331659700,93391381500,3347.0624,3396.2458,3295.7296,3342.4379
142210000,3377.9433,1512100,22453300,7333171800,93413834800,3347.0624,3396.2458,3295.7296,3342.4379
142215000,3377.6078,1254100,23548400,7334425900,93437383200,3347.0624,3396.2458,3295.7296,3342.4379
142220000,3377.7283,2113800,32382900,7336539700,93469766100,3347.0624,3396.2458,3295.7296,3342.4379
142225000,3377.6752,2237900,39440800,7338777600,93509206900,3347.0624,3396.2458,3295.7296,3342.4379
142230000,3376.9347,1365800,19732700,7340143400,93528939600,3347.0624,3396.2458,3295.7296,3342.4379
142235000,3376.4862,3622000,39768100,7343765400,93568707700,3347.0624,3396.2458,3295.7296,3342.4379
142240000,3376.1796,2777400,38780900,7346542800,93607488600,3347.0624,3396.2458,3295.7296,3342.4379
142245000,3376.1775,2642900,33449200,7349185700,93640937800,3347.0624,3396.2458,3295.7296,3342.4379
142250000,3375.9579,3289400,46402600,7352475100,93687340400,3347.0624,3396.2458,3295.7296,3342.4379
142255000,3375.3952,1888400,29274100,7354363500,93716614500,3347.0624,3396.2458,3295.7296,3342.4379
142301000,3375.4325,2829100,49529800,7357192600,93766144300,3347.0624,3396.2458,3295.7296,3342.4379
142305000,3375.2173,1828100,27631600,7359020700,93793775900,3347.0624,3396.2458,3295.7296,3342.4379
142310000,3374.8397,2521600,35160500,7361542300,93828936400,3347.0624,3396.2458,3295.7296,3342.4379
142316000,3374.6506,4084500,45779900,7365626800,93874716300,3347.0624,3396.2458,3295.7296,3342.4379
142320000,3374.214,1487500,19833100,7367114300,93894549400,3347.0624,3396.2458,3295.7296,3342.4379
142326000,3374.5196,2614300,50451100,7369728600,93945000500,3347.0624,3396.2458,3295.7296,3342.4379
142331000,3374.4324,2077300,31257000,7371805900,93976257500,3347.0624,3396.2458,3295.7296,3342.4379
142336000,3374.2433,1942300,27739100,7373748200,94003996600,3347.0624,3396.2458,3295.7296,3342.4379
142341000,3374.1431,2633800,40289900,7376382000,94044286500,3347.0624,3396.2458,3295.7296,3342.4379
142346000,3374.2415,3616500,38254700,7379998500,94082541200,3347.0624,3396.2458,3295.7296,3342.4379
142351000,3374.0641,1805900,24428700,7381804400,94106969900,3347.0624,3396.2458,3295.7296,3342.4379
142356000,3373.9109,2599700,36665000,7384404100,94143634900,3347.0624,3396.2458,3295.7296,3342.4379
142401000,3374.1573,1786500,30420900,7386190600,94174055800,3347.0624,3396.2458,3295.7296,3342.4379
142406000,3373.7465,2512900,33146700,7388703500,94207202500,3347.0624,3396.2458,3295.7296,3342.4379
142411000,3374.4149,2310700,34051400,7391014200,94241253900,3347.0624,3396.2458,3295.7296,3342.4379
142416000,3373.9339,1501400,22765500,7392515600,94264019400,3347.0624,3396.2458,3295.7296,3342.4379
142421000,3373.897,1765900,25156700,7394281500,94289176100,3347.0624,3396.2458,3295.7296,3342.4379
142426000,3375.5168,6985800,74446900,7401267300,94363623000,3347.0624,3396.2458,3295.7296,3342.4379
142431000,3374.5605,1571000,26537400,7402838300,94390160400,3347.0624,3396.2458,3295.7296,3342.4379
142436000,3374.823,2159000,26991200,7404997300,94417151600,3347.0624,3396.2458,3295.7296,3342.4379
142441000,3374.9572,2401300,36745900,7407398600,94453897500,3347.0624,3396.2458,3295.7296,3342.4379
142446000,3375.3,2114100,32254300,7409512700,94486151800,3347.0624,3396.2458,3295.7296,3342.4379
142451000,3375.4877,1694400,28420200,7411207100,94514572000,3347.0624,3396.2458,3295.7296,3342.4379
142456000,3375.5116,2824300,35533700,7414031400,94550105700,3347.0624,3396.2458,3295.7296,3342.4379
142501000,3375.7385,2191100,30136900,7416222500,94580242600,3347.0624,3396.2458,3295.7296,3342.4379
142506000,3375.8291,1690800,24002600,7417913300,94604245200,3347.0624,3396.2458,3295.7296,3342.4379
142511000,3376.0471,2075100,33585200,7419988400,94637830400,3347.0624,3396.2458,3295.7296,3342.4379
142516000,3375.9039,1478300,22887500,7421466700,94660717900,3347.0624,3396.2458,3295.7296,3342.4379
142521000,3376.1716,1271700,20417600,7422738400,94681135500,3347.0624,3396.2458,3295.7296,3342.4379
142526000,3375.9921,1999000,29076400,7424737400,94710211900,3347.0624,3396.2458,3295.7296,3342.4379
142531000,3375.6856,1710700,26909500,7426448100,94737121400,3347.0624,3396.2458,3295.7296,3342.4379
142536000,3376.2183,1856000,24394200,7428304100,94761515600,3347.0624,3396.2458,3295.7296,3342.4379
142541000,3376.1674,1935100,28265600,7430239200,94789781200,3347.0624,3396.2458,3295.7296,3342.4379
142546000,3376.4397,1755900,27370500,7431995100,94817151700,3347.0624,3396.2458,3295.7296,3342.4379
142551000,3376.4036,1637900,23997800,7433633000,94841149500,3347.0624,3396.2458,3295.7296,3342.4379
142556000,3376.1957,2472500,34364200,7436105500,94875513700,3347.0624,3396.2458,3295.7296,3342.4379
142601000,3376.9853,1619600,21778600,7437725100,94897292300,3347.0624,3396.2458,3295.7296,3342.4379
142606000,3376.2089,1261600,24936500,7438986700,94922228800,3347.0624,3396.2458,3295.7296,3342.4379
142611000,3376.8635,2524900,27286200,7441511600,94949515000,3347.0624,3396.2458,3295.7296,3342.4379
142616000,3377.0741,1664800,25446700,7443176400,94974961700,3347.0624,3396.2458,3295.7296,3342.4379
142621000,3376.6659,1408200,16835300,7444584600,94991797000,3347.0624,3396.2458,3295.7296,3342.4379
142626000,3376.2309,1754700,26984000,7446339300,95018781000,3347.0624,3396.2458,3295.7296,3342.4379
142631000,3376.3616,2659700,36384100,7448999000,95055165100,3347.0624,3396.2458,3295.7296,3342.4379
142636000,3376.6743,1409200,19554600,7450408200,95074719700,3347.0624,3396.2458,3295.7296,3342.4379
142641000,3376.6145,1540600,24669500,7451948800,95099389200,3347.0624,3396.2458,3295.7296,3342.4379
142646000,3376.8491,1912100,21083700,7453860900,95120472900,3347.0624,3396.2458,3295.7296,3342.4379
142651000,3376.503,1167800,17379600,7455028700,95137852500,3347.0624,3396.2458,3295.7296,3342.4379
142656000,3376.4387,2216200,30110200,7457244900,95167962700,3347.0624,3396.2458,3295.7296,3342.4379
142701000,3377.1344,1671300,25079700,7458916200,95193042400,3347.0624,3396.2458,3295.7296,3342.4379
142707000,3376.5829,1751500,29468200,7460667700,95222510600,3347.0624,3396.2458,3295.7296,3342.4379
142711000,3377.2171,1300400,16401300,7461968100,95238911900,3347.0624,3396.2458,3295.7296,3342.4379
142717000,3377.588,2627100,32049400,7464595200,95270961300,3347.0624,3396.2458,3295.7296,3342.4379
142722000,3377.3192,1617600,22589000,7466212800,95293550300,3347.0624,3396.2458,3295.7296,3342.4379
142727000,3377.1551,1103700,15589700,7467316500,95309140000,3347.0624,3396.2458,3295.7296,3342.4379
142732000,3376.589,1966000,23855400,7469282500,95332995400,3347.0624,3396.2458,3295.7296,3342.4379
142737000,3376.7231,1410300,23302700,7470692800,95356298100,3347.0624,3396.2458,3295.7296,3342.4379
142742000,3377.0258,1431300,22228600,7472124100,95378526700,3347.0624,3396.2458,3295.7296,3342.4379
142747000,3377.3396,1353400,22754700,7473477500,95401281400,3347.0624,3396.2458,3295.7296,3342.4379
142752000,3377.4043,2158400,27553200,7475635900,95428834600,3347.0624,3396.2458,3295.7296,3342.4379
142757000,3377.6558,2369800,36127000,7478005700,95464961600,3347.0624,3396.2458,3295.7296,3342.4379
142802000,3378.2922,3396800,40707500,7481402500,95505669100,3347.0624,3396.2458,3295.7296,3342.4379
142807000,3378.5077,1918400,30093800,7483320900,95535762900,3347.0624,3396.2458,3295.7296,3342.4379
142812000,3379.0939,2647300,30270800,7485968200,95566033700,3347.0624,3396.2458,3295.7296,3342.4379
142817000,3378.7501,2476400,30362400,7488444600,95596396100,3347.0624,3396.2458,3295.7296,3342.4379
142822000,3378.9097,1594400,22797000,7490039000,95619193100,3347.0624,3396.2458,3295.7296,3342.4379
142827000,3378.8167,1679400,28007300,7491718400,95647200400,3347.0624,3396.2458,3295.7296,3342.4379
142832000,3379.1188,2422700,29814400,7494141100,95677014800,3347.0624,3396.2458,3295.7296,3342.4379
142837000,3378.9192,1777700,28795000,7495918800,95705809800,3347.0624,3396.2458,3295.7296,3342.4379
142842000,3378.744,1817900,27721300,7497736700,95733531100,3347.0624,3396.2458,3295.7296,3342.4379
142847000,3379.0047,1795800,28121000,7499532500,95761652100,3347.0624,3396.2458,3295.7296,3342.4379
142852000,3379.1745,1718100,26045800,7501250600,95787697900,3347.0624,3396.2458,3295.7296,3342.4379
142857000,3379.51,1937700,27956200,7503188300,95815654100,3347.0624,3396.2458,3295.7296,3342.4379
142902000,3379.2972,2414000,28899100,7505602300,95844553200,3347.0624,3396.2458,3295.7296,3342.4379
142907000,3379.142,1572300,24444100,7507174600,95868997300,3347.0624,3396.2458,3295.7296,3342.4379
142912000,3379.1108,958000,16062900,7508132600,95885060200,3347.0624,3396.2458,3295.7296,3342.4379
142917000,3379.5909,1958400,31038000,7510091000,95916098200,3347.0624,3396.2458,3295.7296,3342.4379
142922000,3378.8005,1825600,26460400,7511916600,95942558600,3347.0624,3396.2458,3295.7296,3342.4379
142927000,3378.6582,2282700,32484600,7514199300,95975043200,3347.0624,3396.2458,3295.7296,3342.4379
142932000,3378.482,1792000,26740800,7515991300,96001784000,3347.0624,3396.2458,3295.7296,3342.4379
142937000,3379.0308,2694000,47550000,7518685300,96049334000,3347.0624,3396.2458,3295.7296,3342.4379
142942000,3378.9913,1788100,22432100,7520473400,96071766100,3347.0624,3396.2458,3295.7296,3342.4379
142947000,3378.92,1859000,28793800,7522332400,96100559900,3347.0624,3396.2458,3295.7296,3342.4379
142952000,3378.985,1867800,26576700,7524200200,96127136600,3347.0624,3396.2458,3295.7296,3342.4379
142957000,3379.1649,1843300,28987800,7526043500,96156124400,3347.0624,3396.2458,3295.7296,3342.4379
143002000,3379.2446,2115500,28159600,7528159000,96184284000,3347.0624,3396.2458,3295.7296,3342.4379
143007000,3378.7028,3167900,33602400,7531326900,96217886400,3347.0624,3396.2458,3295.7296,3342.4379
143012000,3378.9729,1634500,27337500,7532961400,96245223900,3347.0624,3396.2458,3295.7296,3342.4379
143017000,3378.69,1966000,27229200,7534927400,96272453100,3347.0624,3396.2458,3295.7296,3342.4379
143022000,3378.4549,2583100,32019900,7537510500,96304473000,3347.0624,3396.2458,3295.7296,3342.4379
143027000,3378.3149,1620900,21228400,7539131400,96325701400,3347.0624,3396.2458,3295.7296,3342.4379
143032000,3378.1556,2140400,27044800,7541271800,96352746200,3347.0624,3396.2458,3295.7296,3342.4379
143037000,3377.9695,1623600,24521100,7542895400,96377267300,3347.0624,3396.2458,3295.7296,3342.4379
143042000,3377.7889,2282200,30705800,7545177600,96407973100,3347.0624,3396.2458,3295.7296,3342.4379
143047000,3376.8741,2244200,33163600,7547421800,96441136700,3347.0624,3396.2458,3295.7296,3342.4379
143052000,3377.3532,3226500,32530200,7550648300,96473666900,3347.0624,3396.2458,3295.7296,3342.4379
143057000,3377.2237,2114300,41810400,7552762600,96515477300,3347.0624,3396.2458,3295.7296,3342.4379
143103000,3377.4287,2786100,33848300,7555548700,96549325600,3347.0624,3396.2458,3295.7296,3342.4379
143107000,3377.0544,2008600,23814400,7557557300,96573140000,3347.0624,3396.2458,3295.7296,3342.4379
143113000,3377.3261,2235700,37358600,7559793000,96610498600,3347.0624,3396.2458,3295.7296,3342.4379
143118000,3377.1091,1615600,21295300,7561408600,96631793900,3347.0624,3396.2458,3295.7296,3342.4379
143123000,3376.3809,2299400,39417400,7563708000,96671211300,3347.0624,3396.2458,3295.7296,3342.4379
143128000,3376.4298,2177500,38708600,7565885500,96709919900,3347.0624,3396.2458,3295.7296,3342.4379
143133000,3376.6268,1842900,34813000,7567728400,96744732900,3347.0624,3396.2458,3295.7296,3342.4379
143138000,3376.2307,3539800,48002800,7571268200,96792735700,3347.0624,3396.2458,3295.7296,3342.4379
143143000,3376.5846,1817400,24017100,7573085600,96816752800,3347.0624,3396.2458,3295.7296,3342.4379
143148000,3376.2794,2056400,30338800,7575142000,96847091600,3347.0624,3396.2458,3295.7296,3342.4379
143153000,3376.1779,3148700,37583500,7578290700,96884675100,3347.0624,3396.2458,3295.7296,3342.4379
143158000,3376.0348,1778800,29658600,7580069500,96914333700,3347.0624,3396.2458,3295.7296,3342.4379
143203000,3376.3623,1549000,20835200,7581618500,96935168900,3347.0624,3396.2458,3295.7296,3342.4379
143208000,3376.0504,3261200,41196300,7584879700,96976365200,3347.0624,3396.2458,3295.7296,3342.4379
143213000,3376.5012,2092600,34472100,7586972300,97010837300,3347.0624,3396.2458,3295.7296,3342.4379
143218000,3376.1445,2922900,32880400,7589895200,97043717700,3347.0624,3396.2458,3295.7296,3342.4379
143223000,3375.8668,3506900,37800400,7593402100,97081518100,3347.0624,3396.2458,3295.7296,3342.4379
143228000,3375.7323,1342600,18117000,7594744700,97099635100,3347.0624,3396.2458,3295.7296,3342.4379
143233000,3375.9039,2808800,30220000,7597553500,97129855100,3347.0624,3396.2458,3295.7296,3342.4379
143238000,3375.5544,2033400,31285400,7599586900,97161140500,3347.0624,3396.2458,3295.7296,3342.4379
143243000,3375.8221,1729400,30103400,7601316300,97191243900,3347.0624,3396.2458,3295.7296,3342.4379
143248000,3375.6625,1601100,22848400,7602917400,97214092300,3347.0624,3396.2458,3295.7296,3342.4379
143253000,3376.0755,2678100,41052300,7605595500,97255144600,3347.0624,3396.2458,3295.7296,3342.4379
143258000,3375.6531,1768400,27632600,7607363900,97282777200,3347.0624,3396.2458,3295.7296,3342.4379
143303000,3376.0853,1690700,22567800,7609054600,97305345000,3347.0624,3396.2458,3295.7296,3342.4379
143308000,3375.8667,2089600,30460200,7611144200,97335805200,3347.0624,3396.2458,3295.7296,3342.4379
143313000,3376.0199,1621400,26944100,7612765600,97362749300,3347.0624,3396.2458,3295.7296,3342.4379
143318000,3375.4891,2054900,33705300,7614820500,97396454600,3347.0624,3396.2458,3295.7296,3342.4379
143323000,3375.7047,2211300,30166500,7617031800,97426621100,3347.0624,3396.2458,3295.7296,3342.4379
143328000,3375.0496,1445900,23923000,7618477700,97450544100,3347.0624,3396.2458,3295.7296,3342.4379
143333000,3375.2173,2326700,32815400,7620804400,97483359500,3347.0624,3396.2458,3295.7296,3342.4379
143338000,3375.2595,1803300,27065900,7622607700,97510425400,3347.0624,3396.2458,3295.7296,3342.4379
143343000,3375.6291,1315400,19062500,7623923100,97529487900,3347.0624,3396.2458,3295.7296,3342.4379
143348000,3375.1238,1703000,28528400,7625626100,97558016300,3347.0624,3396.2458,3295.7296,3342.4379
143353000,3375.8958,3443300,43459000,7629069400,97601475300,3347.0624,3396.2458,3295.7296,3342.4379
143358000,3375.1756,1914000,31651300,7630983400,97633126600,3347.0624,3396.2458,3295.7296,3342.4379
143403000,3376.1406,1708200,24169400,7632691600,97657296000,3347.0624,3396.2458,3295.7296,3342.4379
143408000,3375.8641,2099700,28809500,7634791300,97686105500,3347.0624,3396.2458,3295.7296,3342.4379
143413000,3375.8195,2320700,30060700,7637112000,97716166200,3347.0624,3396.2458,3295.7296,3342.4379
143418000,3375.4236,1891600,20502200,7639003600,97736668400,3347.0624,3396.2458,3295.7296,3342.4379
143423000,3375.5601,2349200,30148900,7641352800,97766817300,3347.0624,3396.2458,3295.7296,3342.4379
143428000,3375.3048,1906000,26993200,7643258800,97793810500,3347.0624,3396.2458,3295.7296,3342.4379
143433000,3375.7931,1636000,22679700,7644894800,97816490200,3347.0624,3396.2458,3295.7296,3342.4379
143438000,3375.9493,1602100,27567700,7646496900,97844057900,3347.0624,3396.2458,3295.7296,3342.4379
143443000,3375.9825,1739800,25973900,7648236700,97870031800,3347.0624,3396.2458,3295.7296,3342.4379
143448000,3375.8442,1558300,24981900,7649795000,97895013700,3347.0624,3396.2458,3295.7296,3342.4379
143454000,3376.4056,2416500,34620900,7652211500,97929634600,3347.0624,3396.2458,3295.7296,3342.4379
143458000,3376.5979,1793900,29907500,7654005400,97959542100,3347.0624,3396.2458,3295.7296,3342.4379
143504000,3377.2148,9126700,65780100,7663132100,98025322200,3347.0624,3396.2458,3295.7296,3342.4379
143509000,3378.0684,3285300,44263000,7666417400,98069585200,3347.0624,3396.2458,3295.7296,3342.4379
143514000,3378.0791,4346800,47863200,7670764200,98117448400,3347.0624,3396.2458,3295.7296,3342.4379
143519000,3377.695,1765700,23990300,7672529900,98141438700,3347.0624,3396.2458,3295.7296,3342.4379
143524000,3378.4735,2593600,27556000,7675123500,98168994700,3347.0624,3396.2458,3295.7296,3342.4379
143529000,3377.5401,3001000,34928400,7678124500,98203923100,3347.0624,3396.2458,3295.7296,3342.4379
143534000,3377.8591,1462600,21318700,7679587100,98225241800,3347.0624,3396.2458,3295.7296,3342.4379
143539000,3377.7307,1385600,26982300,7680972700,98252224100,3347.0624,3396.2458,3295.7296,3342.4379
143544000,3377.9622,2194900,31173000,7683167600,98283397100,3347.0624,3396.2458,3295.7296,3342.4379
143549000,3378.1176,2042200,27032600,7685209800,98310429700,3347.0624,3396.2458,3295.7296,3342.4379
143554000,3378.2667,1852000,23895200,7687061800,98334324900,3347.0624,3396.2458,3295.7296,3342.4379
143559000,3378.7914,2296100,29857500,7689357900,98364182400,3347.0624,3396.2458,3295.7296,3342.4379
143604000,3378.8498,1978300,27362700,7691336200,98391545100,3347.0624,3396.2458,3295.7296,3342.4379
143609000,3378.488,1715800,22512100,7693052000,98414057200,3347.0624,3396.2458,3295.7296,3342.4379
143614000,3379.2533,1841300,32109500,7694893300,98446166700,3347.0624,3396.2458,3295.7296,3342.4379
143619000,3378.4826,1960700,27209000,7696854000,98473375700,3347.0624,3396.2458,3295.7296,3342.4379
143624000,3378.3979,1890500,23899200,7698744500,98497274900,3347.0624,3396.2458,3295.7296,3342.4379
143629000,3378.3432,2541800,33632200,7701286300,98530907100,3347.0624,3396.2458,3295.7296,3342.4379
143634000,3378.5214,2150800,26863700,7703437100,98557770800,3347.0624,3396.2458,3295.7296,3342.4379
143639000,3379.2528,1801600,22307600,7705238700,98580078400,3347.0624,3396.2458,3295.7296,3342.4379
143644000,3378.9849,2455900,28788600,7707694600,98608867000,3347.0624,3396.2458,3295.7296,3342.4379
143649000,3379.4362,2343700,27795500,7710038300,98636662500,3347.0624,3396.2458,3295.7296,3342.4379
143654000,3379.2865,2111700,30014300,7712150000,98666676800,3347.0624,3396.2458,3295.7296,3342.4379
143659000,3379.4346,2695200,27870700,7714845200,98694547500,3347.0624,3396.2458,3295.7296,3342.4379
143704000,3379.3815,1795200,21900000,7716640400,98716447500,3347.0624,3396.2458,3295.7296,3342.4379
143709000,3379.6219,1471100,20961700,7718111500,98737409200,3347.0624,3396.2458,3295.7296,3342.4379
143714000,3380.0248,2197000,28965800,7720308500,98766375000,3347.0624,3396.2458,3295.7296,3342.4379
143719000,3379.7145,1825900,23860400,7722134400,98790235400,3347.0624,3396.2458,3295.7296,3342.4379
143724000,3379.6634,1642500,18181500,7723776900,98808416900,3347.0624,3396.2458,3295.7296,3342.4379
143729000,3379.4573,2125400,32120500,7725902300,98840537400,3347.0624,3396.2458,3295.7296,3342.4379
143734000,3379.5626,1996400,29572800,7727898700,98870110200,3347.0624,3396.2458,3295.7296,3342.4379
143739000,3379.9411,2526400,27607200,7730425100,98897717400,3347.0624,3396.2458,3295.7296,3342.4379
143744000,3379.7967,2167400,29389200,7732592500,98927106600,3347.0624,3396.2458,3295.7296,3342.4379
143749000,3379.8277,1474200,21586400,7734066700,98948693000,3347.0624,3396.2458,3295.7296,3342.4379
143754000,3379.2131,1483000,21156800,7735549700,98969849800,3347.0624,3396.2458,3295.7296,3342.4379
143759000,3379.127,2047000,25939900,7737596700,98995789700,3347.0624,3396.2458,3295.7296,3342.4379
143804000,3379.4551,4220500,38574700,7741817200,99034364400,3347.0624,3396.2458,3295.7296,3342.4379
143809000,3378.5478,2708900,31799900,7744526100,99066164300,3347.0624,3396.2458,3295.7296,3342.4379
143814000,3378.6711,3822800,40263400,7748348900,99106427700,3347.0624,3396.2458,3295.7296,3342.4379
143819000,3377.5953,4426600,52854300,7752775500,99159282000,3347.0624,3396.2458,3295.7296,3342.4379
143824000,3377.5683,2235200,29288900,7755010700,99188570900,3347.0624,3396.2458,3295.7296,3342.4379
143829000,3376.2252,5192700,49569100,7760203400,99238140000,3347.0624,3396.2458,3295.7296,3342.4379
143834000,3375.963,3068500,42103300,7763271900,99280243300,3347.0624,3396.2458,3295.7296,3342.4379
143839000,3375.5403,3518000,40134200,7766789900,99320377500,3347.0624,3396.2458,3295.7296,3342.4379
143844000,3375.5112,3130400,39421500,7769920300,99359799000,3347.0624,3396.2458,3295.7296,3342.4379
143849000,3375.0334,3546800,42162400,7773467100,99401961400,3347.0624,3396.2458,3295.7296,3342.4379
143855000,3374.6011,3375900,44508900,7776843000,99446470300,3347.0624,3396.2458,3295.7296,3342.4379
143859000,3373.8936,2661000,30268400,7779504000,99476738700,3347.0624,3396.2458,3295.7296,3342.4379
143905000,3374.056,4673900,57676200,7784177900,99534414900,3347.0624,3396.2458,3295.7296,3342.4379
143910000,3373.7817,3405600,56221800,7787583500,99590636700,3347.0624,3396.2458,3295.7296,3342.4379
143915000,3373.433,2344800,29135300,7789928300,99619772000,3347.0624,3396.2458,3295.7296,3342.4379
143920000,3372.2566,3375300,38933800,7793303600,99658705800,3347.0624,3396.2458,3295.7296,3342.4379
143925000,3372.0023,2743900,34621800,7796047500,99693327600,3347.0624,3396.2458,3295.7296,3342.4379
143930000,3371.8678,2425300,29514800,7798472800,99722842400,3347.0624,3396.2458,3295.7296,3342.4379
143935000,3372.3943,3384900,39221900,7801857700,99762064300,3347.0624,3396.2458,3295.7296,3342.4379
143940000,3371.8427,4838600,52111300,7806696300,99814175600,3347.0624,3396.2458,3295.7296,3342.4379
143945000,3371.4095,2832300,29684800,7809528600,99843860400,3347.0624,3396.2458,3295.7296,3342.4379
143950000,3371.2193,3516700,42780200,7813045300,99886640600,3347.0624,3396.2458,3295.7296,3342.4379
143955000,3370.6719,3391500,40499300,7816436800,99927139900,3347.0624,3396.2458,3295.7296,3342.4379
144000000,3371.0154,2799200,33658000,7819236000,99960797900,3347.0624,3396.2458,3295.7296,3342.4379
144005000,3370.7421,4695600,49474300,7823931600,100010272200,3347.0624,3396.2458,3295.7296,3342.4379
144010000,3370.2226,3555300,44119400,7827486900,100054391600,3347.0624,3396.2458,3295.7296,3342.4379
144015000,3370.0909,2204900,30027300,7829691800,100084418900,3347.0624,3396.2458,3295.7296,3342.4379
144020000,3370.0637,3501500,44207000,7833193300,100128625900,3347.0624,3396.2458,3295.7296,3342.4379
144025000,3369.6391,2467500,32259600,7835660800,100160885500,3347.0624,3396.2458,3295.7296,3342.4379
144030000,3369.2725,2261900,26138200,7837922700,100187023700,3347.0624,3396.2458,3295.7296,3342.4379
144035000,3369.0961,3691100,44351700,7841613800,100231375400,3347.0624,3396.2458,3295.7296,3342.4379
144040000,3369.4913,3141100,41758400,7844754900,100273133800,3347.0624,3396.2458,3295.7296,3342.4379
144045000,3368.9919,3255400,34084900,7848010300,100307218700,3347.0624,3396.2458,3295.7296,3342.4379
144050000,3368.8094,3529900,41151300,7851540200,100348370000,3347.0624,3396.2458,3295.7296,3342.4379
144055000,3368.971,3312100,40047800,7854852300,100388417800,3347.0624,3396.2458,3295.7296,3342.4379
144100000,3368.9895,2379800,37839800,7857232100,100426257600,3347.0624,3396.2458,3295.7296,3342.4379
144105000,3368.8778,2702900,35941900,7859935000,100462199500,3347.0624,3396.2458,3295.7296,3342.4379
144110000,3368.8677,2828500,34637200,7862763500,100496836700,3347.0624,3396.2458,3295.7296,3342.4379
144115000,3367.9696,2398000,35350000,7865161500,100532186700,3347.0624,3396.2458,3295.7296,3342.4379
144120000,3368.5518,2640500,34754900,7867802000,100566941600,3347.0624,3396.2458,3295.7296,3342.4379
144125000,3368.087,3363900,34007400,7871165900,100600949000,3347.0624,3396.2458,3295.7296,3342.4379
144130000,3368.1927,2393400,24808800,7873559300,100625757800,3347.0624,3396.2458,3295.7296,3342.4379
144135000,3367.6582,3505700,36021000,7877065000,100661778800,3347.0624,3396.2458,3295.7296,3342.4379
144140000,3367.5085,2593500,36241700,7879658500,100698020500,3347.0624,3396.2458,3295.7296,3342.4379
144145000,3366.8821,2158400,27155700,7881816900,100725176200,3347.0624,3396.2458,3295.7296,3342.4379
144150000,3367.4141,3700200,39962800,7885517100,100765139000,3347.0624,3396.2458,3295.7296,3342.4379
144155000,3367.2078,3342500,42529800,7888859600,100807668800,3347.0624,3396.2458,3295.7296,3342.4379
144200000,3367.0822,2239700,26092700,7891099300,100833761500,3347.0624,3396.2458,3295.7296,3342.4379
144205000,3367.5456,2808900,32781000,7893908200,100866542500,3347.0624,3396.2458,3295.7296,3342.4379
144210000,3367.2342,2587000,38414500,7896495200,100904957000,3347.0624,3396.2458,3295.7296,3342.4379
144215000,3367.236,2132800,27378500,7898628000,100932335500,3347.0624,3396.2458,3295.7296,3342.4379
144220000,3367.1088,3263700,38331000,7901891700,100970666500,3347.0624,3396.2458,3295.7296,3342.4379
144225000,3366.9959,2475200,31191700,7904366900,101001858200,3347.0624,3396.2458,3295.7296,3342.4379
144230000,3367.2354,1838700,21908600,7906205600,101023766800,3347.0624,3396.2458,3295.7296,3342.4379
144235000,3367.4246,3279900,40518000,7909485500,101064284800,3347.0624,3396.2458,3295.7296,3342.4379
144240000,3367.5296,3698600,41610000,7913184100,101105894800,3347.0624,3396.2458,3295.7296,3342.4379
144245000,3367.3824,2082800,25091300,7915266900,101130986100,3347.0624,3396.2458,3295.7296,3342.4379
144250000,3367.5693,3347100,38749400,7918614000,101169735500,3347.0624,3396.2458,3295.7296,3342.4379
144256000,3367.7373,2498900,41057100,7921112900,101210792600,3347.0624,3396.2458,3295.7296,3342.4379
144300000,3367.4343,1529800,23521600,7922642700,101234314200,3347.0624,3396.2458,3295.7296,3342.4379
144306000,3368.0502,3420900,39061000,7926063600,101273375200,3347.0624,3396.2458,3295.7296,3342.4379
144311000,3367.5265,2886300,32370300,7928949900,101305745500,3347.0624,3396.2458,3295.7296,3342.4379
144316000,3367.7538,3746500,42347300,7932696400,101348092800,3347.0624,3396.2458,3295.7296,3342.4379
144321000,3367.6933,3624000,29767900,7936320400,101377860700,3347.0624,3396.2458,3295.7296,3342.4379
144326000,3367.6346,2560200,31240200,7938880600,101409100900,3347.0624,3396.2458,3295.7296,3342.4379
144331000,3367.0834,3032000,37706900,7941912600,101446807800,3347.0624,3396.2458,3295.7296,3342.4379
144336000,3367.7367,2670700,26374700,7944583300,101473182500,3347.0624,3396.2458,3295.7296,3342.4379
144341000,3367.2311,4320700,47390000,7948904000,101520572500,3347.0624,3396.2458,3295.7296,3342.4379
144346000,3367.8381,3305900,39762400,7952209900,101560334900,3347.0624,3396.2458,3295.7296,3342.4379
144351000,3367.827,3001400,34212600,7955211300,101594547500,3347.0624,3396.2458,3295.7296,3342.4379
144356000,3367.4651,2334100,34023200,7957545400,101628570700,3347.0624,3396.2458,3295.7296,3342.4379
144401000,3367.5515,2836900,33151500,7960382300,101661722200,3347.0624,3396.2458,3295.7296,3342.4379
144406000,3367.8645,1746000,21140900,7962128300,101682863100,3347.0624,3396.2458,3295.7296,3342.4379
144411000,3367.7535,3442100,40515900,7965570400,101723379000,3347.0624,3396.2458,3295.7296,3342.4379
144416000,3367.6525,2353300,28655600,7967923700,101752034600,3347.0624,3396.2458,3295.7296,3342.4379
144421000,3367.7941,1966500,34262900,7969890200,101786297500,3347.0624,3396.2458,3295.7296,3342.4379
144426000,3367.7545,3338600,38224800,7973228800,101824522300,3347.0624,3396.2458,3295.7296,3342.4379
144431000,3368.1478,2023900,26431800,7975252700,101850954100,3347.0624,3396.2458,3295.7296,3342.4379
144436000,3367.7476,2177300,35398900,7977430000,101886353000,3347.0624,3396.2458,3295.7296,3342.4379
144441000,3367.9234,2548800,33525500,7979978800,101919878500,3347.0624,3396.2458,3295.7296,3342.4379
144446000,3367.9326,3454400,35131900,7983433200,101955010400,3347.0624,3396.2458,3295.7296,3342.4379
144451000,3368.2533,2758500,35561700,7986191700,101990572100,3347.0624,3396.2458,3295.7296,3342.4379
144456000,3368.1267,2126800,34163500,7988318500,102024735600,3347.0624,3396.2458,3295.7296,3342.4379
144501000,3367.8744,2272400,34868200,7990590900,102059603800,3347.0624,3396.2458,3295.7296,3342.4379
144506000,3368.6153,2704400,46199300,7993295300,102105803100,3347.0624,3396.2458,3295.7296,3342.4379
144511000,3368.3423,2058600,29848500,7995353900,102135651600,3347.0624,3396.2458,3295.7296,3342.4379
144516000,3368.7163,2932000,35912500,7998285900,102171564100,3347.0624,3396.2458,3295.7296,3342.4379
144521000,3368.7116,1864700,25620700,8000150600,102197184800,3347.0624,3396.2458,3295.7296,3342.4379
144526000,3368.3225,2658300,39475500,8002808900,102236660300,3347.0624,3396.2458,3295.7296,3342.4379
144531000,3368.5296,2810100,33627900,8005619000,102270288200,3347.0624,3396.2458,3295.7296,3342.4379
144536000,3368.4078,2709500,30657200,8008328500,102300945400,3347.0624,3396.2458,3295.7296,3342.4379
144541000,3368.6508,2068900,35751000,8010397400,102336696400,3347.0624,3396.2458,3295.7296,3342.4379
144546000,3369.0182,2013300,34095000,8012410700,102370791400,3347.0624,3396.2458,3295.7296,3342.4379
144551000,3368.765,1931200,27978800,8014341900,102398770200,3347.0624,3396.2458,3295.7296,3342.4379
144556000,3368.4905,2426900,32471100,8016768800,102431241300,3347.0624,3396.2458,3295.7296,3342.4379
144601000,3368.1648,3017100,31238600,8019785900,102462479900,3347.0624,3396.2458,3295.7296,3342.4379
144606000,3368.4912,1867300,22387500,8021653200,102484867400,3347.0624,3396.2458,3295.7296,3342.4379
144611000,3368.5196,4514800,36543000,8026168000,102521410400,3347.0624,3396.2458,3295.7296,3342.4379
144616000,3368.2243,3426100,34143900,8029594100,102555554300,3347.0624,3396.2458,3295.7296,3342.4379
144621000,3368.4464,3149500,36531300,8032743600,102592085600,3347.0624,3396.2458,3295.7296,3342.4379
144626000,3367.9214,2864000,33131600,8035607600,102625217200,3347.0624,3396.2458,3295.7296,3342.4379
144631000,3367.5789,2804900,32853500,8038412500,102658070700,3347.0624,3396.2458,3295.7296,3342.4379
144636000,3367.6782,4084600,35633200,8042497100,102693703900,3347.0624,3396.2458,3295.7296,3342.4379
144641000,3368.1368,2222500,34675900,8044719600,102728379800,3347.0624,3396.2458,3295.7296,3342.4379
144646000,3368.5789,3157000,52485300,8047876600,102780865100,3347.0624,3396.2458,3295.7296,3342.4379
144651000,3368.6289,2161700,30476100,8050038300,102811341200,3347.0624,3396.2458,3295.7296,3342.4379
144657000,3368.5028,3342400,43384400,8053380700,102854725600,3347.0624,3396.2458,3295.7296,3342.4379
144702000,3368.5675,2531000,35373500,8055911700,102890099100,3347.0624,3396.2458,3295.7296,3342.4379
144707000,3368.3246,2701400,39670900,8058613100,102929770000,3347.0624,3396.2458,3295.7296,3342.4379
144712000,3368.5435,3543300,37555300,8062156400,102967325300,3347.0624,3396.2458,3295.7296,3342.4379
144717000,3368.3153,4551200,40787400,8066707600,103008112700,3347.0624,3396.2458,3295.7296,3342.4379
144722000,3367.5017,3434100,43413600,8070141700,103051526300,3347.0624,3396.2458,3295.7296,3342.4379
144727000,3367.4504,4513300,49896400,8074655000,103101422700,3347.0624,3396.2458,3295.7296,3342.4379
144732000,3366.7482,5135600,55354700,8079790600,103156777400,3347.0624,3396.2458,3295.7296,3342.4379
144737000,3366.851,4554000,43417100,8084344600,103200194500,3347.0624,3396.2458,3295.7296,3342.4379
144742000,3366.5649,3140600,42706300,8087485200,103242900800,3347.0624,3396.2458,3295.7296,3342.4379
144747000,3366.4191,4398900,51867600,8091884100,103294768400,3347.0624,3396.2458,3295.7296,3342.4379
144752000,3366.6049,3745100,46935100,8095629200,103341703500,3347.0624,3396.2458,3295.7296,3342.4379
144757000,3366.2671,3593400,40699100,8099222600,103382402600,3347.0624,3396.2458,3295.7296,3342.4379
144802000,3366.2461,4562000,56669300,8103784600,103439071900,3347.0624,3396.2458,3295.7296,3342.4379
144807000,3366.5337,3800000,55048700,8107584600,103494120600,3347.0624,3396.2458,3295.7296,3342.4379
144812000,3365.7273,4090100,37698200,8111674700,103531818800,3347.0624,3396.2458,3295.7296,3342.4379
144817000,3365.5274,5155900,52784700,8116830600,103584603500,3347.0624,3396.2458,3295.7296,3342.4379
144822000,3365.5467,6883800,49427400,8123714400,103634030900,3347.0624,3396.2458,3295.7296,3342.4379
144827000,3365.9609,3038200,33422000,8126752600,103667452900,3347.0624,3396.2458,3295.7296,3342.4379
144832000,3365.4056,5079700,42007500,8131832300,103709460400,3347.0624,3396.2458,3295.7296,3342.4379
144837000,3365.114,2624100,37077300,8134456400,103746537700,3347.0624,3396.2458,3295.7296,3342.4379
144842000,3365.351,3897800,37277800,8138354200,103783815500,3347.0624,3396.2458,3295.7296,3342.4379
144847000,3364.848,4385500,49328600,8142739700,103833144100,3347.0624,3396.2458,3295.7296,3342.4379
144852000,3365.1318,2915400,37890200,8145655100,103871034300,3347.0624,3396.2458,3295.7296,3342.4379
144857000,3364.7257,2477000,30989500,8148132100,103902023800,3347.0624,3396.2458,3295.7296,3342.4379
144902000,3364.7901,3544200,47186500,8151676300,103949210300,3347.0624,3396.2458,3295.7296,3342.4379
144907000,3364.698,2880900,42482400,8154557200,103991692700,3347.0624,3396.2458,3295.7296,3342.4379
144912000,3363.9266,3521700,64352300,8158078900,104056045000,3347.0624,3396.2458,3295.7296,3342.4379
144917000,3363.6604,4214700,48900200,8162293600,104104945200,3347.0624,3396.2458,3295.7296,3342.4379
144922000,3363.5497,3214500,41759400,8165508100,104146704600,3347.0624,3396.2458,3295.7296,3342.4379
144927000,3363.4205,3119600,49982300,8168627700,104196686900,3347.0624,3396.2458,3295.7296,3342.4379
144932000,3363.5608,3874000,40904300,8172501700,104237591200,3347.0624,3396.2458,3295.7296,3342.4379
144937000,3363.368,3814200,53189700,8176315900,104290780900,3347.0624,3396.2458,3295.7296,3342.4379
144942000,3363.5926,2950000,43039400,8179265900,104333820300,3347.0624,3396.2458,3295.7296,3342.4379
144947000,3363.3451,3677300,49743600,8182943200,104383563900,3347.0624,3396.2458,3295.7296,3342.4379
144952000,3363.6257,3493900,48765600,8186437100,104432329500,3347.0624,3396.2458,3295.7296,3342.4379
144957000,3363.5234,3544700,34923800,8189981800,104467253300,3347.0624,3396.2458,3295.7296,3342.4379
145002000,3363.685,4139600,46056600,8194121400,104513309900,3347.0624,3396.2458,3295.7296,3342.4379
145007000,3363.023,3903500,48307600,8198024900,104561617500,3347.0624,3396.2458,3295.7296,3342.4379
145012000,3362.9728,3268700,39189600,8201293600,104600807100,3347.0624,3396.2458,3295.7296,3342.4379
145017000,3362.7474,3765700,44233600,8205059300,104645040700,3347.0624,3396.2458,3295.7296,3342.4379
145022000,3362.5443,3615900,40116900,8208675200,104685157600,3347.0624,3396.2458,3295.7296,3342.4379
145027000,3362.5354,4275000,48759500,8212950200,104733917100,3347.0624,3396.2458,3295.7296,3342.4379
145032000,3362.5498,4275500,47217100,8217225700,104781134200,3347.0624,3396.2458,3295.7296,3342.4379
145037000,3362.3808,2787000,34294300,8220012700,104815428500,3347.0624,3396.2458,3295.7296,3342.4379
145042000,3361.8939,2738800,36734400,8222751500,104852162900,3347.0624,3396.2458,3295.7296,3342.4379
145047000,3361.8173,3337500,45214200,8226089000,104897377100,3347.0624,3396.2458,3295.7296,3342.4379
145052000,3362.3865,3544700,37980300,8229633700,104935357400,3347.0624,3396.2458,3295.7296,3342.4379
145058000,3361.7666,4128300,52211300,8233762000,104987568700,3347.0624,3396.2458,3295.7296,3342.4379
145103000,3361.9661,4177200,39545700,8237939200,105027114400,3347.0624,3396.2458,3295.7296,3342.4379
145108000,3361.8367,5278200,51495000,8243217400,105078609400,3347.0624,3396.2458,3295.7296,3342.4379
145113000,3362.2382,4067000,52276700,8247284400,105130886100,3347.0624,3396.2458,3295.7296,3342.4379
145118000,3362.296,5954500,49792300,8253238900,105180678400,3347.0624,3396.2458,3295.7296,3342.4379
145123000,3362.2743,3796900,46762000,8257035800,105227440400,3347.0624,3396.2458,3295.7296,3342.4379
145128000,3362.6891,4700900,56307800,8261736700,105283748200,3347.0624,3396.2458,3295.7296,3342.4379
145133000,3362.5252,3693100,40519600,8265429800,105324267800,3347.0624,3396.2458,3295.7296,3342.4379
145138000,3361.9913,3748000,49432200,8269177800,105373700000,3347.0624,3396.2458,3295.7296,3342.4379
145143000,3362.3041,3156800,41590900,8272334600,105415290900,3347.0624,3396.2458,3295.7296,3342.4379
145148000,3362.583,2678200,33493500,8275012800,105448784400,3347.0624,3396.2458,3295.7296,3342.4379
145153000,3362.7494,3950900,51798300,8278963700,105500582700,3347.0624,3396.2458,3295.7296,3342.4379
145158000,3362.8101,3166700,41695600,8282130400,105542278300,3347.0624,3396.2458,3295.7296,3342.4379
145203000,3363.2803,2866400,46960500,8284996800,105589238800,3347.0624,3396.2458,3295.7296,3342.4379
145208000,3363.0959,4237900,57584400,8289234700,105646823200,3347.0624,3396.2458,3295.7296,3342.4379
145213000,3362.7459,4314900,48751400,8293549600,105695574600,3347.0624,3396.2458,3295.7296,3342.4379
145218000,3363.0477,2793000,33137700,8296342600,105728712300,3347.0624,3396.2458,3295.7296,3342.4379
145223000,3363.1231,4311000,48542300,8300653600,105777254600,3347.0624,3396.2458,3295.7296,3342.4379
145228000,3363.4399,4095300,47789300,8304748900,105825043900,3347.0624,3396.2458,3295.7296,3342.4379
145233000,3363.2096,2291900,27823300,8307040800,105852867200,3347.0624,3396.2458,3295.7296,3342.4379
145238000,3363.2568,4171600,45702900,8311212400,105898570100,3347.0624,3396.2458,3295.7296,3342.4379
145243000,3362.7919,3616600,45032700,8314829000,105943602800,3347.0624,3396.2458,3295.7296,3342.4379
145248000,3363.473,3181500,33772600,8318010500,105977375400,3347.0624,3396.2458,3295.7296,3342.4379
145253000,3363.8181,3794000,51542600,8321804500,106028918000,3347.0624,3396.2458,3295.7296,3342.4379
145258000,3363.1255,2177600,30161300,8323982100,106059079300,3347.0624,3396.2458,3295.7296,3342.4379
145303000,3362.953,2495600,31691300,8326477700,106090770600,3347.0624,3396.2458,3295.7296,3342.4379
145308000,3363.6347,3299800,40354500,8329777500,106131125100,3347.0624,3396.2458,3295.7296,3342.4379
145313000,3363.4438,2712600,34660000,8332490100,106165785100,3347.0624,3396.2458,3295.7296,3342.4379
145318000,3363.764,5250400,46393100,8337740500,106212178200,3347.0624,3396.2458,3295.7296,3342.4379
145323000,3364.1426,3239200,38122500,8340979700,106250300700,3347.0624,3396.2458,3295.7296,3342.4379
145328000,3364.1285,1849200,29422000,8342828900,106279722700,3347.0624,3396.2458,3295.7296,3342.4379
145333000,3364.2206,3290900,36265800,8346119800,106315988500,3347.0624,3396.2458,3295.7296,3342.4379
145338000,3364.6365,4044100,49864700,8350163900,106365853200,3347.0624,3396.2458,3295.7296,3342.4379
145343000,3364.5452,3248300,47151900,8353412200,106413005100,3347.0624,3396.2458,3295.7296,3342.4379
145348000,3364.495,3053900,43393800,8356466100,106456398900,3347.0624,3396.2458,3295.7296,3342.4379
145353000,3365.1971,3543000,51855500,8360009100,106508254400,3347.0624,3396.2458,3295.7296,3342.4379
145358000,3364.827,3176400,39749100,8363185500,106548003500,3347.0624,3396.2458,3295.7296,3342.4379
145403000,3364.8773,2829900,34695800,8366015400,106582699300,3347.0624,3396.2458,3295.7296,3342.4379
145408000,3364.7197,4198000,48108700,8370213400,106630808000,3347.0624,3396.2458,3295.7296,3342.4379
145413000,3364.8628,2961800,36762400,8373175200,106667570400,3347.0624,3396.2458,3295.7296,3342.4379
145418000,3365.2208,3100300,33347900,8376275500,106700918300,3347.0624,3396.2458,3295.7296,3342.4379
145423000,3365.0704,3592200,50117400,8379867700,106751035700,3347.0624,3396.2458,3295.7296,3342.4379
145428000,3365.0243,3203100,39409900,8383070800,106790445600,3347.0624,3396.2458,3295.7296,3342.4379
145433000,3364.9144,3349800,42282800,8386420600,106832728400,3347.0624,3396.2458,3295.7296,3342.4379
145438000,3364.9629,3823400,46899200,8390244000,106879627600,3347.0624,3396.2458,3295.7296,3342.4379
145443000,3364.9228,3386700,44013100,8393630700,106923640700,3347.0624,3396.2458,3295.7296,3342.4379
145449000,3365.0123,3603100,45899500,8397233800,106969540200,3347.0624,3396.2458,3295.7296,3342.4379
145453000,3364.7926,3883300,47202200,8401117100,107016742400,3347.0624,3396.2458,3295.7296,3342.4379
145459000,3364.7002,4566700,51686000,8405683800,107068428400,3347.0624,3396.2458,3295.7296,3342.4379
145504000,3365.2357,3052300,37715400,8408736100,107106143800,3347.0624,3396.2458,3295.7296,3342.4379
145509000,3365.0525,2039300,29308500,8410775400,107135452300,3347.0624,3396.2458,3295.7296,3342.4379
145514000,3365.0866,3844700,47271200,8414620100,107182723500,3347.0624,3396.2458,3295.7296,3342.4379
145519000,3365.753,3965900,64096700,8418586000,107246820200,3347.0624,3396.2458,3295.7296,3342.4379
145524000,3365.0692,2740800,29483000,8421326800,107276303200,3347.0624,3396.2458,3295.7296,3342.4379
145529000,3364.8059,3687900,44372400,8425014700,107320675600,3347.0624,3396.2458,3295.7296,3342.4379
145534000,3364.6369,3332000,46143200,8428346700,107366818800,3347.0624,3396.2458,3295.7296,3342.4379
145539000,3364.4971,2748300,32347300,8431095000,107399166100,3347.0624,3396.2458,3295.7296,3342.4379
145544000,3364.953,4938400,57373200,8436033400,107456539300,3347.0624,3396.2458,3295.7296,3342.4379
145549000,3364.989,2872700,45520400,8438906100,107502059700,3347.0624,3396.2458,3295.7296,3342.4379
145554000,3365.3345,2655800,34748400,8441561900,107536808100,3347.0624,3396.2458,3295.7296,3342.4379
145559000,3365.4686,3378800,36631000,8444940700,107573439100,3347.0624,3396.2458,3295.7296,3342.4379
145604000,3365.1314,3720400,50593400,8448661100,107624032500,3347.0624,3396.2458,3295.7296,3342.4379
145609000,3365.45,3151700,39939900,8451812800,107663972400,3347.0624,3396.2458,3295.7296,3342.4379
145614000,3365.4042,2940200,35530600,8454753000,107699503000,3347.0624,3396.2458,3295.7296,3342.4379
145619000,3365.3057,3218400,39954200,8457971400,107739457200,3347.0624,3396.2458,3295.7296,3342.4379
145624000,3365.307,2870400,38815800,8460841800,107778273000,3347.0624,3396.2458,3295.7296,3342.4379
145629000,3365.3187,4336900,50644500,8465178700,107828917500,3347.0624,3396.2458,3295.7296,3342.4379
145634000,3365.3292,3273000,40408100,8468451700,107869325600,3347.0624,3396.2458,3295.7296,3342.4379
145639000,3364.5992,2741100,32955400,8471192800,107902281000,3347.0624,3396.2458,3295.7296,3342.4379
145644000,3364.7244,3805100,45983600,8474997900,107948264600,3347.0624,3396.2458,3295.7296,3342.4379
145649000,3365.0037,2882300,38282200,8477880200,107986546800,3347.0624,3396.2458,3295.7296,3342.4379
145654000,3365.1737,3874400,45014900,8481754600,108031561700,3347.0624,3396.2458,3295.7296,3342.4379
145659000,3364.7104,3595700,40457500,8485350300,108072019200,3347.0624,3396.2458,3295.7296,3342.4379
145704000,3364.712,3157400,30889400,8488507700,108102908600,3347.0624,3396.2458,3295.7296,3342.4379
145709000,3365.1516,1891400,24042600,8490399100,108126951200,3347.0624,3396.2458,3295.7296,3342.4379
145714000,3365.1786,1973700,26010500,8492372800,108152961700,3347.0624,3396.2458,3295.7296,3342.4379
145719000,3365.1274,1704500,19569500,8494077300,108172531200,3347.0624,3396.2458,3295.7296,3342.4379
145724000,3365.1726,2014500,23102600,8496091800,108195633800,3347.0624,3396.2458,3295.7296,3342.4379
145729000,3365.3507,2299400,27557200,8498391200,108223191000,3347.0624,3396.2458,3295.7296,3342.4379
145734000,3365.2919,2756800,25381600,8501148000,108248572600,3347.0624,3396.2458,3295.7296,3342.4379
145739000,3365.1193,2038800,25500600,8503186800,108274073200,3347.0624,3396.2458,3295.7296,3342.4379
145744000,3365.4658,2110700,30375400,8505297500,108304448600,3347.0624,3396.2458,3295.7296,3342.4379
145749000,3365.2594,1247400,14477900,8506544900,108318926500,3347.0624,3396.2458,3295.7296,3342.4379
145754000,3365.0867,2048000,22918200,8508592900,108341844700,3347.0624,3396.2458,3295.7296,3342.4379
145759000,3365.413,2537900,25597900,8511130800,108367442600,3347.0624,3396.2458,3295.7296,3342.4379
145804000,3365.3404,2407900,21826000,8513538700,108389268600,3347.0624,3396.2458,3295.7296,3342.4379
145809000,3365.0616,3062000,29995500,8516600700,108419264100,3347.0624,3396.2458,3295.7296,3342.4379
145814000,3365.3102,1950100,30283300,8518550800,108449547400,3347.0624,3396.2458,3295.7296,3342.4379
145819000,3365.5833,1978200,23517800,8520529000,108473065200,3347.0624,3396.2458,3295.7296,3342.4379
145824000,3365.3344,2035200,23591000,8522564200,108496656200,3347.0624,3396.2458,3295.7296,3342.4379
145829000,3365.2273,1765800,24988300,8524330000,108521644500,3347.0624,3396.2458,3295.7296,3342.4379
145835000,3365.2095,2527700,32502100,8526857700,108554146600,3347.0624,3396.2458,3295.7296,3342.4379
145839000,3365.2118,1105200,14506200,8527962900,108568652800,3347.0624,3396.2458,3295.7296,3342.4379
145844000,3364.9716,1645700,17548700,8529608600,108586201500,3347.0624,3396.2458,3295.7296,3342.4379
145849000,3365.0378,1929500,25749300,8531538100,108611950800,3347.0624,3396.2458,3295.7296,3342.4379
145855000,3365.3773,2362100,28205200,8533900200,108640156000,3347.0624,3396.2458,3295.7296,3342.4379
145900000,3365.1909,2464500,29577000,8536364700,108669733000,3347.0624,3396.2458,3295.7296,3342.4379
145905000,3365.2613,3049400,30007400,8539414100,108699740400,3347.0624,3396.2458,3295.7296,3342.4379
145910000,3365.0004,2745100,28660000,8542159200,108728400400,3347.0624,3396.2458,3295.7296,3342.4379
145915000,3365.1035,3706100,38356200,8545865300,108766756600,3347.0624,3396.2458,3295.7296,3342.4379
145920000,3365.0195,3858100,38655300,8549723400,108805411900,3347.0624,3396.2458,3295.7296,3342.4379
145925000,3365.3597,2869300,32442900,8552592700,108837854800,3347.0624,3396.2458,3295.7296,3342.4379
145930000,3365.4418,4092400,37582000,8556685100,108875436800,3347.0624,3396.2458,3295.7296,3342.4379
145935000,3364.7587,3511800,30982200,8560196900,108906419000,3347.0624,3396.2458,3295.7296,3342.4379
145940000,3365.2544,2010100,24621400,8562207000,108931040400,3347.0624,3396.2458,3295.7296,3342.4379
145945000,3364.9114,2284300,28181900,8564491300,108959222300,3347.0624,3396.2458,3295.7296,3342.4379
145950000,3365.1303,3687900,36022400,8568179200,108995244700,3347.0624,3396.2458,3295.7296,3342.4379
145955000,3365.3025,2072200,25829900,8570251400,109021074600,3347.0624,3396.2458,3295.7296,3342.4379
145959000,3365.038,1567900,17656500,8571819300,109038731100,3347.0624,3396.2458,3295.7296,3342.4379
150003000,3364.86,37938600,443211400,8609757900,109481942500,3347.0624,3396.2458,3295.7296,3342.4379
150049000,3365.1227,0,0,8609757900,109481942500,3347.0624,3396.2458,3295.7296,3342.4379
