Time,Price,Volume,Turnover,AccVolume,AccTurnover,Open,High,Low,PreClose
92505000,2940.1916,84525400,723021500,84525400,723021500,2940.1916,2940.1916,2940.1916,2964.8421
92954000,2940.1916,3125000,38331300,87650400,761352800,2940.1916,2940.1916,2940.0646,2964.8421
93005000,2937.4125,69982600,613223400,157633000,1374576200,2940.1916,2940.1916,2937.4125,2964.8421
93010000,2938.2601,24667200,233206700,182300200,1607782900,2940.1916,2940.1916,2937.4125,2964.8421
93014000,2937.7037,6022500,58828700,188322700,1666611600,2940.1916,2940.1916,2937.4125,2964.8421
93020000,2938.8877,8462800,81437400,196785500,1748049000,2940.1916,2940.1916,2937.4125,2964.8421
93025000,2939.1239,9365900,93861000,206151400,1841910000,2940.1916,2940.1916,2937.4125,2964.8421
93029000,2939.4805,6768200,75444700,212919600,1917354700,2940.1916,2940.1916,2937.4125,2964.8421
93035000,2941.8707,7860300,73950400,220779900,1991305100,2940.1916,2941.8707,2937.4125,2964.8421
93040000,2941.8883,10294700,97266600,231074600,2088571700,2940.1916,2941.8883,2937.4125,2964.8421
93044000,2942.671,5514400,54960800,236589000,2143532500,2940.1916,2942.671,2937.4125,2964.8421
93050000,2942.2188,9148600,88797700,245737600,2232330200,2940.1916,2942.671,2937.4125,2964.8421
93055000,2943.2561,8310500,90163000,254048100,2322493200,2940.1916,2943.7208,2937.4125,2964.8421
93059000,2944.4226,6316200,77868100,260364300,2400361300,2940.1916,2944.4226,2937.4125,2964.8421
93105000,2944.3747,6277700,66553300,266642000,2466914600,2940.1916,2944.4226,2937.4125,2964.8421
93110000,2945.7998,9557900,96590000,276199900,2563504600,2940.1916,2945.7998,2937.4125,2964.8421
93115000,2945.3463,4346200,50656400,280546100,2614161000,2940.1916,2945.7998,2937.4125,2964.8421
93120000,2946.4338,8696600,84197500,289242700,2698358500,2940.1916,2946.4338,2937.4125,2964.8421
93125000,2944.9311,7819700,79353600,297062400,2777712100,2940.1916,2946.4338,2937.4125,2964.8421
93129000,2945.6924,4810500,53903200,301872900,2831615300,2940.1916,2946.4338,2937.4125,2964.8421
93135000,2945.4423,5211900,53170900,307084800,2884786200,2940.1916,2946.4338,2937.4125,2964.8421
93140000,2945.4807,6413800,72050400,313498600,2956836600,2940.1916,2946.4338,2937.4125,2964.8421
93144000,2945.0193,2865200,31909400,316363800,2988746000,2940.1916,2946.4338,2937.4125,2964.8421
93150000,2945.1049,6588600,77765600,322952400,3066511600,2940.1916,2946.4338,2937.4125,2964.8421
93155000,2945.0144,5113200,55561000,328065600,3122072600,2940.1916,2946.4338,2937.4125,2964.8421
93159000,2944.7829,4787700,52168800,332853300,3174241400,2940.1916,2946.4338,2937.4125,2964.8421
93205000,2944.6652,4311300,50461900,337164600,3224703300,2940.1916,2946.4338,2937.4125,2964.8421
93210000,2944.8819,7169200,74051900,344333800,3298755200,2940.1916,2946.4338,2937.4125,2964.8421
93214000,2945.1206,3246000,36559600,347579800,3335314800,2940.1916,2946.4338,2937.4125,2964.8421
93220000,2944.9861,5498900,62480600,353078700,3397795400,2940.1916,2946.4338,2937.4125,2964.8421
93225000,2945.1454,7158300,75735900,360237000,3473531300,2940.1916,2946.4338,2937.4125,2964.8421
93229000,2945.2126,3890000,47417500,364127000,3520948800,2940.1916,2946.4338,2937.4125,2964.8421
93235000,2945.0965,3752300,47106600,367879300,3568055400,2940.1916,2946.4338,2937.4125,2964.8421
93240000,2944.6366,5850300,67041500,373729600,3635096900,2940.1916,2946.4338,2937.4125,2964.8421
93244000,2944.5378,3825600,40748600,377555200,3675845500,2940.1916,2946.4338,2937.4125,2964.8421
93250000,2945.1389,4971400,64346600,382526600,3740192100,2940.1916,2946.4338,2937.4125,2964.8421
93255000,2944.8884,6714900,70361800,389241500,3810553900,2940.1916,2946.4338,2937.4125,2964.8421
93259000,2944.584,3585400,43598800,392826900,3854152700,2940.1916,2946.4338,2937.4125,2964.8421
93305000,2944.6667,6783600,58750900,399610500,3912903600,2940.1916,2946.4338,2937.4125,2964.8421
93310000,2944.7508,5674000,61836200,405284500,3974739800,2940.1916,2946.4338,2937.4125,2964.8421
93314000,2943.9275,3130400,38517500,408414900,4013257300,2940.1916,2946.4338,2937.4125,2964.8421
93320000,2943.1579,5942900,74999900,414357800,4088257200,2940.1916,2946.4338,2937.4125,2964.8421
93325000,2941.7211,7895900,104583600,422253700,4192840800,2940.1916,2946.4338,2937.4125,2964.8421
93329000,2940.5703,6471100,75850300,428724800,4268691100,2940.1916,2946.4338,2937.4125,2964.8421
93335000,2939.2507,6342000,80095500,435066800,4348786600,2940.1916,2946.4338,2937.4125,2964.8421
93340000,2938.6527,9481900,105219800,444548700,4454006400,2940.1916,2946.4338,2937.4125,2964.8421
93344000,2937.8244,5426000,54547000,449974700,4508553400,2940.1916,2946.4338,2937.4125,2964.8421
93350000,2937.7918,8971000,91051300,458945700,4599604700,2940.1916,2946.4338,2937.4125,2964.8421
93355000,2937.5236,10368000,93778200,469313700,4693382900,2940.1916,2946.4338,2936.8823,2964.8421
93359000,2936.7288,6086400,70919700,475400100,4764302600,2940.1916,2946.4338,2936.4103,2964.8421
93405000,2935.9458,5113700,56800900,480513800,4821103500,2940.1916,2946.4338,2935.9458,2964.8421
93410000,2935.8295,8317800,90223600,488831600,4911327100,2940.1916,2946.4338,2935.8295,2964.8421
93414000,2936.9431,6446400,59720700,495278000,4971047800,2940.1916,2946.4338,2935.8295,2964.8421
93420000,2938.3935,10539800,110390900,505817800,5081438700,2940.1916,2946.4338,2935.8295,2964.8421
93425000,2938.2634,9344800,99949300,515162600,5181388000,2940.1916,2946.4338,2935.8295,2964.8421
93429000,2938.4959,5858300,66368200,521020900,5247756200,2940.1916,2946.4338,2935.8295,2964.8421
93435000,2939.7395,5871700,68352700,526892600,5316108900,2940.1916,2946.4338,2935.8295,2964.8421
93440000,2939.8285,6886600,78438900,533779200,5394547800,2940.1916,2946.4338,2935.8295,2964.8421
93444000,2940.7403,4114500,40303200,537893700,5434851000,2940.1916,2946.4338,2935.8295,2964.8421
93450000,2941.0515,6966700,75732900,544860400,5510583900,2940.1916,2946.4338,2935.8295,2964.8421
93455000,2941.826,7489100,75041800,552349500,5585625700,2940.1916,2946.4338,2935.8295,2964.8421
93459000,2942.0476,5240000,58133200,557589500,5643758900,2940.1916,2946.4338,2935.8295,2964.8421
93505000,2942.6086,6265400,61573700,563854900,5705332600,2940.1916,2946.4338,2935.8295,2964.8421
93510000,2942.5753,8973500,94513300,572828400,5799845900,2940.1916,2946.4338,2935.8295,2964.8421
93514000,2942.8858,4140100,43183700,576968500,5843029600,2940.1916,2946.4338,2935.8295,2964.8421
93520000,2944.5433,8598400,85604500,585566900,5928634100,2940.1916,2946.4338,2935.8295,2964.8421
93525000,2945.817,14081900,124107400,599648800,6052741500,2940.1916,2946.4338,2935.8295,2964.8421
93529000,2948.682,9811800,104771200,609460600,6157512700,2940.1916,2949.4971,2935.8295,2964.8421
93535000,2951.5363,10901600,113837900,620362200,6271350600,2940.1916,2951.5363,2935.8295,2964.8421
93540000,2952.384,12530000,131942500,632892200,6403293100,2940.1916,2953.7603,2935.8295,2964.8421
93544000,2954.6816,8506000,78348400,641398200,6481641500,2940.1916,2954.9607,2935.8295,2964.8421
93550000,2957.8969,11933000,119323400,653331200,6600964900,2940.1916,2957.8969,2935.8295,2964.8421
93555000,2959.0422,14841400,130502500,668172600,6731467400,2940.1916,2959.0422,2935.8295,2964.8421
93559000,2960.1059,7702200,79319400,675874800,6810786800,2940.1916,2960.5384,2935.8295,2964.8421
93605000,2960.7053,9390100,79608400,685264900,6890395200,2940.1916,2960.7053,2935.8295,2964.8421
93610000,2960.9692,14477900,113704500,699742800,7004099700,2940.1916,2960.9692,2935.8295,2964.8421
93615000,2961.0121,6305400,53992900,706048200,7058092600,2940.1916,2961.0121,2935.8295,2964.8421
93620000,2960.9217,9501200,83960300,715549400,7142052900,2940.1916,2961.0121,2935.8295,2964.8421
93625000,2961.0771,9636700,84394200,725186100,7226447100,2940.1916,2961.2819,2935.8295,2964.8421
93629000,2961.1613,6013000,58872300,731199100,7285319400,2940.1916,2961.2819,2935.8295,2964.8421
93635000,2960.9738,5385800,51208000,736584900,7336527400,2940.1916,2961.2819,2935.8295,2964.8421
93640000,2960.527,8732900,84181500,745317800,7420708900,2940.1916,2962.0719,2935.8295,2964.8421
93644000,2961.668,3707100,39219600,749024900,7459928500,2940.1916,2962.0719,2935.8295,2964.8421
93650000,2962.1596,7027000,76006500,756051900,7535935000,2940.1916,2962.1596,2935.8295,2964.8421
93655000,2961.8395,6635900,71803100,762687800,7607738100,2940.1916,2962.1596,2935.8295,2964.8421
93659000,2961.9532,4341800,47237200,767029600,7654975300,2940.1916,2962.1596,2935.8295,2964.8421
93705000,2961.6654,5910200,57476800,772939800,7712452100,2940.1916,2962.1596,2935.8295,2964.8421
93710000,2961.5644,5838900,60856800,778778700,7773308900,2940.1916,2962.1596,2935.8295,2964.8421
93714000,2961.4156,3178400,35158400,781957100,7808467300,2940.1916,2962.1596,2935.8295,2964.8421
93720000,2961.3994,6297600,67975600,788254700,7876442900,2940.1916,2962.1596,2935.8295,2964.8421
93725000,2961.0865,7189600,71640200,795444300,7948083100,2940.1916,2962.1596,2935.8295,2964.8421
93729000,2960.4084,4587000,48346700,800031300,7996429800,2940.1916,2962.1596,2935.8295,2964.8421
93735000,2960.396,4384100,48246600,804415400,8044676400,2940.1916,2962.1596,2935.8295,2964.8421
93740000,2960.4637,6235300,63041200,810650700,8107717600,2940.1916,2962.1596,2935.8295,2964.8421
93744000,2960.745,3012600,35655500,813663300,8143373100,2940.1916,2962.1596,2935.8295,2964.8421
93750000,2961.0564,5852900,56517700,819516200,8199890800,2940.1916,2962.1596,2935.8295,2964.8421
93755000,2960.1483,7940200,68258900,827456400,8268149700,2940.1916,2962.1596,2935.8295,2964.8421
93759000,2959.9785,3836200,39216400,831292600,8307366100,2940.1916,2962.1596,2935.8295,2964.8421
93805000,2959.5636,4727200,46993000,836019800,8354359100,2940.1916,2962.1596,2935.8295,2964.8421
93810000,2959.5013,6158700,56850000,842178500,8411209100,2940.1916,2962.1596,2935.8295,2964.8421
93814000,2958.8282,3123000,31635100,845301500,8442844200,2940.1916,2962.1596,2935.8295,2964.8421
93820000,2959.8834,5983600,61577400,851285100,8504421600,2940.1916,2962.1596,2935.8295,2964.8421
93825000,2960.399,5948100,63257100,857233200,8567678700,2940.1916,2962.1596,2935.8295,2964.8421
93829000,2961.6116,5441000,61234500,862674200,8628913200,2940.1916,2962.1596,2935.8295,2964.8421
93835000,2960.6884,4805100,55664000,867479300,8684577200,2940.1916,2962.1596,2935.8295,2964.8421
93840000,2961.2865,5114600,57178200,872593900,8741755400,2940.1916,2962.1596,2935.8295,2964.8421
93845000,2961.7536,2937300,32025200,875531200,8773780600,2940.1916,2962.1596,2935.8295,2964.8421
93850000,2961.5783,4651400,49051800,880182600,8822832400,2940.1916,2962.1596,2935.8295,2964.8421
93855000,2961.4245,5246900,58185800,885429500,8881018200,2940.1916,2962.1596,2935.8295,2964.8421
93859000,2961.1661,3793300,41227400,889222800,8922245600,2940.1916,2962.1596,2935.8295,2964.8421
93905000,2961.0084,3185400,32816400,892408200,8955062000,2940.1916,2962.1596,2935.8295,2964.8421
93910000,2961.1576,5276000,50610600,897684200,9005672600,2940.1916,2962.1596,2935.8295,2964.8421
93914000,2960.8412,2643600,27254200,900327800,9032926800,2940.1916,2962.1596,2935.8295,2964.8421
93920000,2960.6474,5229400,57640500,905557200,9090567300,2940.1916,2962.1596,2935.8295,2964.8421
93925000,2960.1095,6704400,68994900,912261600,9159562200,2940.1916,2962.1596,2935.8295,2964.8421
93929000,2959.7994,4548000,56356400,916809600,9215918600,2940.1916,2962.1596,2935.8295,2964.8421
93935000,2959.7993,5456100,54165900,922265700,9270084500,2940.1916,2962.1596,2935.8295,2964.8421
93940000,2959.8579,6302800,66769300,928568500,9336853800,2940.1916,2962.1596,2935.8295,2964.8421
93944000,2960.0541,3049100,30339000,931617600,9367192800,2940.1916,2962.1596,2935.8295,2964.8421
93950000,2959.9086,6558000,63183200,938175600,9430376000,2940.1916,2962.1596,2935.8295,2964.8421
93955000,2959.8415,6324800,61920100,944500400,9492296100,2940.1916,2962.1596,2935.8295,2964.8421
93959000,2960.3064,4450500,43865800,948950900,9536161900,2940.1916,2962.1596,2935.8295,2964.8421
94005000,2959.9493,3707800,36191300,952658700,9572353200,2940.1916,2962.1596,2935.8295,2964.8421
94010000,2959.3817,5549300,48811300,958208000,9621164500,2940.1916,2962.1596,2935.8295,2964.8421
94015000,2959.1374,2741400,26190200,960949400,9647354700,2940.1916,2962.1596,2935.8295,2964.8421
94020000,2958.9533,5152700,51214900,966102100,9698569600,2940.1916,2962.1596,2935.8295,2964.8421
94025000,2958.3448,5928300,55685900,972030400,9754255500,2940.1916,2962.1596,2935.8295,2964.8421
94029000,2958.3242,3402600,37239600,975433000,9791495100,2940.1916,2962.1596,2935.8295,2964.8421
94035000,2957.6081,3935100,43112600,979368100,9834607700,2940.1916,2962.1596,2935.8295,2964.8421
94040000,2957.4102,5178500,52766600,984546600,9887374300,2940.1916,2962.1596,2935.8295,2964.8421
94044000,2956.916,2303400,25862800,986850000,9913237100,2940.1916,2962.1596,2935.8295,2964.8421
94050000,2956.7584,4878500,53266500,991728500,9966503600,2940.1916,2962.1596,2935.8295,2964.8421
94055000,2956.5448,6599200,59350900,998327700,10025854500,2940.1916,2962.1596,2935.8295,2964.8421
94059000,2956.1305,4229400,38513000,1002557100,10064367500,2940.1916,2962.1596,2935.8295,2964.8421
94105000,2956.5217,4199500,36508700,1006756600,10100876200,2940.1916,2962.1596,2935.8295,2964.8421
94110000,2956.7591,5784100,54344900,1012540700,10155221100,2940.1916,2962.1596,2935.8295,2964.8421
94115000,2957.3458,3623800,32567800,1016164500,10187788900,2940.1916,2962.1596,2935.8295,2964.8421
94120000,2957.233,3918200,40531600,1020082700,10228320500,2940.1916,2962.1596,2935.8295,2964.8421
94125000,2959.3805,7755100,77687700,1027837800,10306008200,2940.1916,2962.1596,2935.8295,2964.8421
94129000,2960.1135,4402600,52599700,1032240400,10358607900,2940.1916,2962.1596,2935.8295,2964.8421
94135000,2960.9635,6197700,54037600,1038438100,10412645500,2940.1916,2962.1596,2935.8295,2964.8421
94140000,2961.9508,7669400,73984100,1046107500,10486629600,2940.1916,2962.2308,2935.8295,2964.8421
94145000,2962.2603,3796900,40613600,1049904400,10527243200,2940.1916,2962.2603,2935.8295,2964.8421
94150000,2963.3134,6689800,76787000,1056594200,10604030200,2940.1916,2963.3134,2935.8295,2964.8421
94155000,2964.1335,6999500,77031900,1063593700,10681062100,2940.1916,2964.1436,2935.8295,2964.8421
94159000,2964.385,4415000,49721300,1068008700,10730783400,2940.1916,2964.5515,2935.8295,2964.8421
94205000,2964.6268,7300100,65347300,1075308800,10796130700,2940.1916,2964.6268,2935.8295,2964.8421
94210000,2965.1438,7418800,79321700,1082727600,10875452400,2940.1916,2965.9463,2935.8295,2964.8421
94214000,2965.6528,3722500,36717500,1086450100,10912169900,2940.1916,2965.9463,2935.8295,2964.8421
94220000,2965.3595,5151300,61890200,1091601400,10974060100,2940.1916,2965.9463,2935.8295,2964.8421
94225000,2965.5377,4906900,59002300,1096508300,11033062400,2940.1916,2965.9463,2935.8295,2964.8421
94229000,2965.1279,4182800,48960200,1100691100,11082022600,2940.1916,2965.9463,2935.8295,2964.8421
94235000,2965.5122,5244200,52565200,1105935300,11134587800,2940.1916,2965.9463,2935.8295,2964.8421
94240000,2964.4697,5658100,64724900,1111593400,11199312700,2940.1916,2965.9463,2935.8295,2964.8421
94245000,2964.9814,2634300,24718600,1114227700,11224031300,2940.1916,2965.9463,2935.8295,2964.8421
94250000,2965.0441,5660000,57911800,1119887700,11281943100,2940.1916,2965.9463,2935.8295,2964.8421
94255000,2964.6857,5912100,60871100,1125799800,11342814200,2940.1916,2965.9463,2935.8295,2964.8421
94259000,2965.0624,3442800,38378200,1129242600,11381192400,2940.1916,2965.9463,2935.8295,2964.8421
94305000,2964.8159,3312800,44250400,1132555400,11425442800,2940.1916,2965.9463,2935.8295,2964.8421
94310000,2965.2769,4286700,52291000,1136842100,11477733800,2940.1916,2965.9463,2935.8295,2964.8421
94315000,2965.2445,3803000,32431000,1140645100,11510164800,2940.1916,2965.9463,2935.8295,2964.8421
94320000,2964.9495,4686800,54673700,1145331900,11564838500,2940.1916,2965.9463,2935.8295,2964.8421
94325000,2964.8164,4915500,48901300,1150247400,11613739800,2940.1916,2965.9463,2935.8295,2964.8421
94329000,2965.2551,3359000,34412700,1153606400,11648152500,2940.1916,2965.9463,2935.8295,2964.8421
94335000,2964.5363,3519500,39985400,1157125900,11688137900,2940.1916,2965.9463,2935.8295,2964.8421
94340000,2964.9166,3700700,40732900,1160826600,11728870800,2940.1916,2965.9463,2935.8295,2964.8421
94345000,2964.4937,1680200,19965700,1162506800,11748836500,2940.1916,2965.9463,2935.8295,2964.8421
94350000,2963.7581,4598500,46837200,1167105300,11795673700,2940.1916,2965.9463,2935.8295,2964.8421
94355000,2963.3231,5976300,60252700,1173081600,11855926400,2940.1916,2965.9463,2935.8295,2964.8421
94359000,2962.3839,5122500,54605200,1178204100,11910531600,2940.1916,2965.9463,2935.8295,2964.8421
94405000,2961.4838,5033700,51606000,1183237800,11962137600,2940.1916,2965.9463,2935.8295,2964.8421
94410000,2961.4205,6335700,67939700,1189573500,12030077300,2940.1916,2965.9463,2935.8295,2964.8421
94414000,2961.2195,3409500,28571600,1192983000,12058648900,2940.1916,2965.9463,2935.8295,2964.8421
94420000,2960.8606,4754400,47698900,1197737400,12106347800,2940.1916,2965.9463,2935.8295,2964.8421
94425000,2961.0015,4472800,46089600,1202210200,12152437400,2940.1916,2965.9463,2935.8295,2964.8421
94429000,2960.6589,3284000,33769700,1205494200,12186207100,2940.1916,2965.9463,2935.8295,2964.8421
94435000,2960.2274,3473600,30490700,1208967800,12216697800,2940.1916,2965.9463,2935.8295,2964.8421
94440000,2960.1933,4287300,42934100,1213255100,12259631900,2940.1916,2965.9463,2935.8295,2964.8421
94444000,2959.7755,2436800,24570600,1215691900,12284202500,2940.1916,2965.9463,2935.8295,2964.8421
94450000,2959.2781,5446400,54856900,1221138300,12339059400,2940.1916,2965.9463,2935.8295,2964.8421
94455000,2958.9107,6655000,57362900,1227793300,12396422300,2940.1916,2965.9463,2935.8295,2964.8421
94459000,2958.2176,3054100,32318300,1230847400,12428740600,2940.1916,2965.9463,2935.8295,2964.8421
94505000,2958.461,2913700,28361500,1233761100,12457102100,2940.1916,2965.9463,2935.8295,2964.8421
94510000,2958.4291,4240700,39727500,1238001800,12496829600,2940.1916,2965.9463,2935.8295,2964.8421
94514000,2958.4857,1879800,20077300,1239881600,12516906900,2940.1916,2965.9463,2935.8295,2964.8421
94520000,2958.8167,4389000,37674000,1244270600,12554580900,2940.1916,2965.9463,2935.8295,2964.8421
94525000,2958.8739,4249400,41115200,1248520000,12595696100,2940.1916,2965.9463,2935.8295,2964.8421
94529000,2958.8481,2416300,24816500,1250936300,12620512600,2940.1916,2965.9463,2935.8295,2964.8421
94535000,2958.792,2809100,27269400,1253745400,12647782000,2940.1916,2965.9463,2935.8295,2964.8421
94540000,2958.6706,3295400,36257600,1257040800,12684039600,2940.1916,2965.9463,2935.8295,2964.8421
94544000,2959.3535,1688500,21056000,1258729300,12705095600,2940.1916,2965.9463,2935.8295,2964.8421
94550000,2959.0426,3244000,33954900,1261973300,12739050500,2940.1916,2965.9463,2935.8295,2964.8421
94555000,2958.9179,3071200,33290800,1265044500,12772341300,2940.1916,2965.9463,2935.8295,2964.8421
94559000,2958.7362,2718400,25814300,1267762900,12798155600,2940.1916,2965.9463,2935.8295,2964.8421
94605000,2959.1481,2449500,21578700,1270212400,12819734300,2940.1916,2965.9463,2935.8295,2964.8421
94610000,2959.1183,3547600,33832400,1273760000,12853566700,2940.1916,2965.9463,2935.8295,2964.8421
94614000,2958.8685,1769200,18912700,1275529200,12872479400,2940.1916,2965.9463,2935.8295,2964.8421
94620000,2958.8298,2528700,29121700,1278057900,12901601100,2940.1916,2965.9463,2935.8295,2964.8421
94625000,2958.569,3558400,37254200,1281616300,12938855300,2940.1916,2965.9463,2935.8295,2964.8421
94629000,2958.9783,2430700,24171600,1284047000,12963026900,2940.1916,2965.9463,2935.8295,2964.8421
94635000,2958.8712,2786500,27226400,1286833500,12990253300,2940.1916,2965.9463,2935.8295,2964.8421
94640000,2958.9893,3286600,32999300,1290120100,13023252600,2940.1916,2965.9463,2935.8295,2964.8421
94644000,2958.958,1944800,20259300,1292064900,13043511900,2940.1916,2965.9463,2935.8295,2964.8421
94650000,2958.7694,3204500,29805900,1295269400,13073317800,2940.1916,2965.9463,2935.8295,2964.8421
94655000,2958.7643,4112800,39369800,1299382200,13112687600,2940.1916,2965.9463,2935.8295,2964.8421
94659000,2959.2352,2201700,24217200,1301583900,13136904800,2940.1916,2965.9463,2935.8295,2964.8421
94705000,2959.1308,3243600,26125800,1304827500,13163030600,2940.1916,2965.9463,2935.8295,2964.8421
94710000,2959.6964,4821100,53598000,1309648600,13216628600,2940.1916,2965.9463,2935.8295,2964.8421
94715000,2960.3164,2457400,29097600,1312106000,13245726200,2940.1916,2965.9463,2935.8295,2964.8421
94720000,2962.4783,5332200,61909400,1317438200,13307635600,2940.1916,2965.9463,2935.8295,2964.8421
94725000,2961.6459,4243800,50810500,1321682000,13358446100,2940.1916,2965.9463,2935.8295,2964.8421
94729000,2962.3422,2908100,33875000,1324590100,13392321100,2940.1916,2965.9463,2935.8295,2964.8421
94735000,2962.4481,2591900,30453000,1327182000,13422774100,2940.1916,2965.9463,2935.8295,2964.8421
94740000,2962.9841,3309800,39052900,1330491800,13461827000,2940.1916,2965.9463,2935.8295,2964.8421
94744000,2963.4187,1820300,21307900,1332312100,13483134900,2940.1916,2965.9463,2935.8295,2964.8421
94750000,2963.9378,3278100,39088800,1335590200,13522223700,2940.1916,2965.9463,2935.8295,2964.8421
94755000,2963.9231,4899000,52577300,1340489200,13574801000,2940.1916,2965.9463,2935.8295,2964.8421
94759000,2965.5807,3984000,47280800,1344473200,13622081800,2940.1916,2965.9463,2935.8295,2964.8421
94805000,2966.1998,4727900,51457900,1349201100,13673539700,2940.1916,2966.1998,2935.8295,2964.8421
94810000,2965.6926,4962700,59539300,1354163800,13733079000,2940.1916,2966.1998,2935.8295,2964.8421
94815000,2965.9233,1921900,21154900,1356085700,13754233900,2940.1916,2966.1998,2935.8295,2964.8421
94820000,2966.0465,3844300,49028600,1359930000,13803262500,2940.1916,2966.1998,2935.8295,2964.8421
94825000,2966.0292,4302300,47735400,1364232300,13850997900,2940.1916,2966.1998,2935.8295,2964.8421
94829000,2965.843,3130100,37069800,1367362400,13888067700,2940.1916,2966.1998,2935.8295,2964.8421
94835000,2965.697,3296900,46626200,1370659300,13934693900,2940.1916,2966.1998,2935.8295,2964.8421
94840000,2964.8008,4294100,55562900,1374953400,13990256800,2940.1916,2966.1998,2935.8295,2964.8421
94844000,2965.1873,2390000,28662800,1377343400,14018919600,2940.1916,2966.1998,2935.8295,2964.8421
94850000,2965.246,4495100,51930800,1381838500,14070850400,2940.1916,2966.1998,2935.8295,2964.8421
94855000,2965.0569,3942900,43773800,1385781400,14114624200,2940.1916,2966.1998,2935.8295,2964.8421
94859000,2965.7283,3072300,35708900,1388853700,14150333100,2940.1916,2966.1998,2935.8295,2964.8421
94905000,2965.5333,3122700,34895800,1391976400,14185228900,2940.1916,2966.1998,2935.8295,2964.8421
94910000,2965.8267,3129100,37836000,1395105500,14223064900,2940.1916,2966.1998,2935.8295,2964.8421
94914000,2965.9536,1928300,28271600,1397033800,14251336500,2940.1916,2966.1998,2935.8295,2964.8421
94920000,2965.7589,3941200,46152100,1400975000,14297488600,2940.1916,2966.1998,2935.8295,2964.8421
94925000,2965.7319,3451200,40921400,1404426200,14338410000,2940.1916,2966.1998,2935.8295,2964.8421
94929000,2965.765,2743300,29695200,1407169500,14368105200,2940.1916,2966.1998,2935.8295,2964.8421
94935000,2965.8809,2164400,26581100,1409333900,14394686300,2940.1916,2966.1998,2935.8295,2964.8421
94940000,2965.9977,2970200,37044100,1412304100,14431730400,2940.1916,2966.1998,2935.8295,2964.8421
94944000,2965.8905,1691600,19831400,1413995700,14451561800,2940.1916,2966.1998,2935.8295,2964.8421
94950000,2966.0784,3633000,40329400,1417628700,14491891200,2940.1916,2966.1998,2935.8295,2964.8421
94955000,2966.0659,3132500,40886200,1420761200,14532777400,2940.1916,2966.365,2935.8295,2964.8421
94959000,2966.3145,2662200,36280800,1423423400,14569058200,2940.1916,2966.365,2935.8295,2964.8421
95005000,2966.196,3378400,32130200,1426801800,14601188400,2940.1916,2966.365,2935.8295,2964.8421
95010000,2966.3598,4534800,45316300,1431336600,14646504700,2940.1916,2966.6843,2935.8295,2964.8421
95014000,2966.5415,2082200,24706400,1433418800,14671211100,2940.1916,2966.6843,2935.8295,2964.8421
95020000,2966.8989,4944600,55082200,1438363400,14726293300,2940.1916,2966.8989,2935.8295,2964.8421
95025000,2967.5047,5903800,58240500,1444267200,14784533800,2940.1916,2967.5047,2935.8295,2964.8421
95029000,2967.4247,3816200,37395600,1448083400,14821929400,2940.1916,2967.5047,2935.8295,2964.8421
95035000,2967.4878,2288200,23909900,1450371600,14845839300,2940.1916,2967.5047,2935.8295,2964.8421
95040000,2967.4468,3526100,37111700,1453897700,14882951000,2940.1916,2967.5047,2935.8295,2964.8421
95045000,2967.5931,2167200,25337800,1456064900,14908288800,2940.1916,2967.6017,2935.8295,2964.8421
95050000,2967.7048,3444000,35855200,1459508900,14944144000,2940.1916,2967.7048,2935.8295,2964.8421
95055000,2967.1562,3735300,38955600,1463244200,14983099600,2940.1916,2967.7048,2935.8295,2964.8421
95059000,2967.1392,3023300,35175800,1466267500,15018275400,2940.1916,2967.7048,2935.8295,2964.8421
95105000,2967.5819,2794500,33066500,1469062000,15051341900,2940.1916,2967.7048,2935.8295,2964.8421
95110000,2967.6915,4097300,52261900,1473159300,15103603800,2940.1916,2967.9879,2935.8295,2964.8421
95114000,2968.741,3629500,38830900,1476788800,15142434700,2940.1916,2968.8049,2935.8295,2964.8421
95120000,2970.1193,7965200,83972200,1484754000,15226406900,2940.1916,2970.1193,2935.8295,2964.8421
95125000,2970.4862,8254100,86811300,1493008100,15313218200,2940.1916,2970.935,2935.8295,2964.8421
95129000,2971.2215,6039300,83557800,1499047400,15396776000,2940.1916,2971.6358,2935.8295,2964.8421
95135000,2971.4278,5662800,58898900,1504710200,15455674900,2940.1916,2971.6358,2935.8295,2964.8421
95140000,2972.1757,5172100,55729900,1509882300,15511404800,2940.1916,2972.1757,2935.8295,2964.8421
95144000,2973.0858,3036500,37827200,1512918800,15549232000,2940.1916,2973.0858,2935.8295,2964.8421
95150000,2973.0393,7383200,72430600,1520302000,15621662600,2940.1916,2973.0858,2935.8295,2964.8421
95155000,2972.9623,4747000,56422200,1525049000,15678084800,2940.1916,2973.4963,2935.8295,2964.8421
95159000,2973.7248,2807400,34553700,1527856400,15712638500,2940.1916,2973.8124,2935.8295,2964.8421
95205000,2973.9177,4273800,43620000,1532130200,15756258500,2940.1916,2973.9177,2935.8295,2964.8421
95210000,2973.7156,6038500,70839000,1538168700,15827097500,2940.1916,2973.9814,2935.8295,2964.8421
95215000,2974.1685,3234200,33846700,1541402900,15860944200,2940.1916,2974.2784,2935.8295,2964.8421
95220000,2974.5809,4047700,56662600,1545450600,15917606800,2940.1916,2974.5809,2935.8295,2964.8421
95225000,2974.6777,6133500,59134400,1551584100,15976741200,2940.1916,2974.6777,2935.8295,2964.8421
95229000,2974.756,4120200,63455100,1555704300,16040196300,2940.1916,2974.756,2935.8295,2964.8421
95235000,2974.534,3645600,45135800,1559349900,16085332100,2940.1916,2974.756,2935.8295,2964.8421
95240000,2974.4185,5118600,64422000,1564468500,16149754100,2940.1916,2974.756,2935.8295,2964.8421
95244000,2974.3111,2785700,36502100,1567254200,16186256200,2940.1916,2974.756,2935.8295,2964.8421
95250000,2974.5381,3662400,52158100,1570916600,16238414300,2940.1916,2974.756,2935.8295,2964.8421
95255000,2974.4042,4811800,53644200,1575728400,16292058500,2940.1916,2974.756,2935.8295,2964.8421
95259000,2974.5186,3191200,40767500,1578919600,16332826000,2940.1916,2974.756,2935.8295,2964.8421
95305000,2974.8,4313600,46343600,1583233200,16379169600,2940.1916,2974.8,2935.8295,2964.8421
95310000,2974.6576,4514100,48208900,1587747300,16427378500,2940.1916,2974.8721,2935.8295,2964.8421
95315000,2974.5409,1724200,19871500,1589471500,16447250000,2940.1916,2974.8721,2935.8295,2964.8421
95320000,2975.1228,4118300,57667600,1593589800,16504917600,2940.1916,2975.1228,2935.8295,2964.8421
95325000,2975.2581,4588500,55967000,1598178300,16560884600,2940.1916,2975.2581,2935.8295,2964.8421
95329000,2974.6607,3221700,43847000,1601400000,16604731600,2940.1916,2975.2581,2935.8295,2964.8421
95335000,2974.7171,2519200,28000600,1603919200,16632732200,2940.1916,2975.2581,2935.8295,2964.8421
95340000,2974.4897,4924300,59778100,1608843500,16692510300,2940.1916,2975.2581,2935.8295,2964.8421
95344000,2974.468,3275000,31377700,1612118500,16723888000,2940.1916,2975.2581,2935.8295,2964.8421
95350000,2974.2307,4320000,46023200,1616438500,16769911200,2940.1916,2975.2581,2935.8295,2964.8421
95355000,2973.6946,5119400,49697900,1621557900,16819609100,2940.1916,2975.2581,2935.8295,2964.8421
95359000,2973.3264,2984200,34558100,1624542100,16854167200,2940.1916,2975.2581,2935.8295,2964.8421
95405000,2973.6563,3137100,39263600,1627679200,16893430800,2940.1916,2975.2581,2935.8295,2964.8421
95410000,2973.4652,3614800,48142300,1631294000,16941573100,2940.1916,2975.2581,2935.8295,2964.8421
95414000,2973.4093,2546300,34109500,1633840300,16975682600,2940.1916,2975.2581,2935.8295,2964.8421
95420000,2972.7794,4653500,56428600,1638493800,17032111200,2940.1916,2975.2581,2935.8295,2964.8421
95425000,2972.2856,3775700,44307900,1642269500,17076419100,2940.1916,2975.2581,2935.8295,2964.8421
95429000,2972.3567,3801800,43113800,1646071300,17119532900,2940.1916,2975.2581,2935.8295,2964.8421
95435000,2971.776,3230800,33966100,1649302100,17153499000,2940.1916,2975.2581,2935.8295,2964.8421
95440000,2972.168,3313000,41918200,1652615100,17195417200,2940.1916,2975.2581,2935.8295,2964.8421
95445000,2971.9722,2409300,27824400,1655024400,17223241600,2940.1916,2975.2581,2935.8295,2964.8421
95450000,2971.1521,6271700,52321500,1661296100,17275563100,2940.1916,2975.2581,2935.8295,2964.8421
95455000,2970.8047,5602800,56186900,1666898900,17331750000,2940.1916,2975.2581,2935.8295,2964.8421
95459000,2970.6692,3014700,37334200,1669913600,17369084200,2940.1916,2975.2581,2935.8295,2964.8421
95505000,2970.7471,4348000,43273700,1674261600,17412357900,2940.1916,2975.2581,2935.8295,2964.8421
95510000,2970.7212,5556600,46786900,1679818200,17459144800,2940.1916,2975.2581,2935.8295,2964.8421
95515000,2970.1999,1827300,21129900,1681645500,17480274700,2940.1916,2975.2581,2935.8295,2964.8421
95520000,2970.4474,2703800,34269700,1684349300,17514544400,2940.1916,2975.2581,2935.8295,2964.8421
95525000,2970.1245,3311100,40802200,1687660400,17555346600,2940.1916,2975.2581,2935.8295,2964.8421
95529000,2970.0163,2350600,31704400,1690011000,17587051000,2940.1916,2975.2581,2935.8295,2964.8421
95535000,2969.601,2765000,26962400,1692776000,17614013400,2940.1916,2975.2581,2935.8295,2964.8421
95540000,2969.9773,2800600,31064200,1695576600,17645077600,2940.1916,2975.2581,2935.8295,2964.8421
95544000,2969.8975,2164100,23087900,1697740700,17668165500,2940.1916,2975.2581,2935.8295,2964.8421
95550000,2969.8688,3245500,34307800,1700986200,17702473300,2940.1916,2975.2581,2935.8295,2964.8421
95555000,2969.4697,3136700,34322500,1704122900,17736795800,2940.1916,2975.2581,2935.8295,2964.8421
95559000,2969.4977,1741500,22487900,1705864400,17759283700,2940.1916,2975.2581,2935.8295,2964.8421
95605000,2969.5766,1944400,23158700,1707808800,17782442400,2940.1916,2975.2581,2935.8295,2964.8421
95610000,2969.4509,3839300,34864700,1711648100,17817307100,2940.1916,2975.2581,2935.8295,2964.8421
95615000,2969.3329,1339800,16340700,1712987900,17833647800,2940.1916,2975.2581,2935.8295,2964.8421
95620000,2969.343,2419200,28668600,1715407100,17862316400,2940.1916,2975.2581,2935.8295,2964.8421
95625000,2969.6479,2752600,28042000,1718159700,17890358400,2940.1916,2975.2581,2935.8295,2964.8421
95629000,2969.2621,2005800,21663000,1720165500,17912021400,2940.1916,2975.2581,2935.8295,2964.8421
95635000,2969.2385,3415900,31205900,1723581400,17943227300,2940.1916,2975.2581,2935.8295,2964.8421
95640000,2969.146,2644000,36139900,1726225400,17979367200,2940.1916,2975.2581,2935.8295,2964.8421
95644000,2968.7691,2154900,28317600,1728380300,18007684800,2940.1916,2975.2581,2935.8295,2964.8421
95650000,2968.713,2594200,32747700,1730974500,18040432500,2940.1916,2975.2581,2935.8295,2964.8421
95655000,2968.7376,3503900,37015300,1734478400,18077447800,2940.1916,2975.2581,2935.8295,2964.8421
95659000,2968.8257,2764200,27464300,1737242600,18104912100,2940.1916,2975.2581,2935.8295,2964.8421
95705000,2968.8278,2229100,25135000,1739471700,18130047100,2940.1916,2975.2581,2935.8295,2964.8421
95710000,2968.8917,3169800,35722600,1742641500,18165769700,2940.1916,2975.2581,2935.8295,2964.8421
95714000,2968.4061,3099400,25568200,1745740900,18191337900,2940.1916,2975.2581,2935.8295,2964.8421
95720000,2968.8396,2911800,34323600,1748652700,18225661500,2940.1916,2975.2581,2935.8295,2964.8421
95725000,2968.9854,3443500,34337200,1752096200,18259998700,2940.1916,2975.2581,2935.8295,2964.8421
95729000,2968.6176,2357000,22283100,1754453200,18282281800,2940.1916,2975.2581,2935.8295,2964.8421
95735000,2968.9221,5102200,46454900,1759555400,18328736700,2940.1916,2975.2581,2935.8295,2964.8421
95740000,2969.5728,6122200,52189800,1765677600,18380926500,2940.1916,2975.2581,2935.8295,2964.8421
95744000,2969.9532,3033200,28298300,1768710800,18409224800,2940.1916,2975.2581,2935.8295,2964.8421
95750000,2969.7988,4591600,48237000,1773302400,18457461800,2940.1916,2975.2581,2935.8295,2964.8421
95755000,2969.858,4433300,45947500,1777735700,18503409300,2940.1916,2975.2581,2935.8295,2964.8421
95759000,2970.9131,3417400,36246000,1781153100,18539655300,2940.1916,2975.2581,2935.8295,2964.8421
95805000,2970.6869,3648600,34224400,1784801700,18573879700,2940.1916,2975.2581,2935.8295,2964.8421
95810000,2970.686,4753000,47326900,1789554700,18621206600,2940.1916,2975.2581,2935.8295,2964.8421
95814000,2970.5678,1833300,20082300,1791388000,18641288900,2940.1916,2975.2581,2935.8295,2964.8421
95820000,2969.7633,4492500,42532300,1795880500,18683821200,2940.1916,2975.2581,2935.8295,2964.8421
95825000,2969.9751,4126600,38060500,1800007100,18721881700,2940.1916,2975.2581,2935.8295,2964.8421
95829000,2970.146,2029000,23946100,1802036100,18745827800,2940.1916,2975.2581,2935.8295,2964.8421
95835000,2969.9052,2196300,23686100,1804232400,18769513900,2940.1916,2975.2581,2935.8295,2964.8421
95840000,2969.5909,2601900,27191700,1806834300,18796705600,2940.1916,2975.2581,2935.8295,2964.8421
95844000,2969.721,1697200,18973600,1808531500,18815679200,2940.1916,2975.2581,2935.8295,2964.8421
95850000,2969.7262,3268800,39433300,1811800300,18855112500,2940.1916,2975.2581,2935.8295,2964.8421
95855000,2969.3178,3547500,32033300,1815347800,18887145800,2940.1916,2975.2581,2935.8295,2964.8421
95859000,2969.7381,1791800,20092600,1817139600,18907238400,2940.1916,2975.2581,2935.8295,2964.8421
95905000,2969.5272,1707200,20820500,1818846800,18928058900,2940.1916,2975.2581,2935.8295,2964.8421
95910000,2969.8871,2351200,34682800,1821198000,18962741700,2940.1916,2975.2581,2935.8295,2964.8421
95915000,2969.6534,1464900,19627000,1822662900,18982368700,2940.1916,2975.2581,2935.8295,2964.8421
95920000,2969.6676,3068100,38008000,1825731000,19020376700,2940.1916,2975.2581,2935.8295,2964.8421
95925000,2969.3514,2184700,28607300,1827915700,19048984000,2940.1916,2975.2581,2935.8295,2964.8421
95929000,2969.5044,1933600,24409100,1829849300,19073393100,2940.1916,2975.2581,2935.8295,2964.8421
95935000,2969.4876,1810900,21986500,1831660200,19095379600,2940.1916,2975.2581,2935.8295,2964.8421
95940000,2969.488,1828900,24426600,1833489100,19119806200,2940.1916,2975.2581,2935.8295,2964.8421
95944000,2969.6888,1369800,14321300,1834858900,19134127500,2940.1916,2975.2581,2935.8295,2964.8421
95950000,2969.6747,2727200,31688100,1837586100,19165815600,2940.1916,2975.2581,2935.8295,2964.8421
95955000,2969.2409,3083200,30815600,1840669300,19196631200,2940.1916,2975.2581,2935.8295,2964.8421
95959000,2969.6611,2261700,23377900,1842931000,19220009100,2940.1916,2975.2581,2935.8295,2964.8421
100005000,2969.5278,1637300,19681300,1844568300,19239690400,2940.1916,2975.2581,2935.8295,2964.8421
100010000,2969.5633,2125400,30901100,1846693700,19270591500,2940.1916,2975.2581,2935.8295,2964.8421
100014000,2969.9979,1643000,21576500,1848336700,19292168000,2940.1916,2975.2581,2935.8295,2964.8421
100020000,2969.8456,2185600,25046200,1850522300,19317214200,2940.1916,2975.2581,2935.8295,2964.8421
100025000,2969.2144,3262600,33140600,1853784900,19350354800,2940.1916,2975.2581,2935.8295,2964.8421
100029000,2969.4837,1622900,16923600,1855407800,19367278400,2940.1916,2975.2581,2935.8295,2964.8421
100035000,2969.1096,1497300,18690800,1856905100,19385969200,2940.1916,2975.2581,2935.8295,2964.8421
100040000,2969.0584,2874100,28745100,1859779200,19414714300,2940.1916,2975.2581,2935.8295,2964.8421
100044000,2969.0181,1215100,13314600,1860994300,19428028900,2940.1916,2975.2581,2935.8295,2964.8421
100050000,2968.3374,3091400,35409500,1864085700,19463438400,2940.1916,2975.2581,2935.8295,2964.8421
100055000,2968.0059,4047300,34503500,1868133000,19497941900,2940.1916,2975.2581,2935.8295,2964.8421
100059000,2968.2372,2067200,22848000,1870200200,19520789900,2940.1916,2975.2581,2935.8295,2964.8421
100105000,2967.885,3024900,37161300,1873225100,19557951200,2940.1916,2975.2581,2935.8295,2964.8421
100110000,2967.7242,3788000,46941700,1877013100,19604892900,2940.1916,2975.2581,2935.8295,2964.8421
100115000,2967.6672,1315400,17551600,1878328500,19622444500,2940.1916,2975.2581,2935.8295,2964.8421
100120000,2967.3306,3151100,31153700,1881479600,19653598200,2940.1916,2975.2581,2935.8295,2964.8421
100125000,2967.1342,2466700,33318600,1883946300,19686916800,2940.1916,2975.2581,2935.8295,2964.8421
100129000,2966.9839,1678900,21032100,1885625200,19707948900,2940.1916,2975.2581,2935.8295,2964.8421
100135000,2966.99,2581300,25778900,1888206500,19733727800,2940.1916,2975.2581,2935.8295,2964.8421
100140000,2966.6775,2911900,35724600,1891118400,19769452400,2940.1916,2975.2581,2935.8295,2964.8421
100144000,2966.4381,2338800,19200200,1893457200,19788652600,2940.1916,2975.2581,2935.8295,2964.8421
100150000,2965.8874,3182500,33600800,1896639700,19822253400,2940.1916,2975.2581,2935.8295,2964.8421
100155000,2965.583,3105800,32747600,1899745500,19855001000,2940.1916,2975.2581,2935.8295,2964.8421
100159000,2965.776,2221700,21589000,1901967200,19876590000,2940.1916,2975.2581,2935.8295,2964.8421
100205000,2965.8234,2195300,31718900,1904162500,19908308900,2940.1916,2975.2581,2935.8295,2964.8421
100210000,2965.1103,2416700,29744400,1906579200,19938053300,2940.1916,2975.2581,2935.8295,2964.8421
100214000,2964.8804,1577200,14268700,1908156400,19952322000,2940.1916,2975.2581,2935.8295,2964.8421
100220000,2965.2171,2517400,29303400,1910673800,19981625400,2940.1916,2975.2581,2935.8295,2964.8421
100225000,2965.0149,2737100,29515700,1913410900,20011141100,2940.1916,2975.2581,2935.8295,2964.8421
100229000,2965.0649,2028200,26269600,1915439100,20037410700,2940.1916,2975.2581,2935.8295,2964.8421
100235000,2964.95,3158900,29776900,1918598000,20067187600,2940.1916,2975.2581,2935.8295,2964.8421
100240000,2965.0958,2658100,30080400,1921256100,20097268000,2940.1916,2975.2581,2935.8295,2964.8421
100244000,2964.9652,1172900,13731400,1922429000,20110999400,2940.1916,2975.2581,2935.8295,2964.8421
100250000,2964.9151,2781000,32231500,1925210000,20143230900,2940.1916,2975.2581,2935.8295,2964.8421
100255000,2964.8385,3620900,33217400,1928830900,20176448300,2940.1916,2975.2581,2935.8295,2964.8421
100259000,2965.1346,1756200,18228200,1930587100,20194676500,2940.1916,2975.2581,2935.8295,2964.8421
100305000,2964.7188,2767800,26813300,1933354900,20221489800,2940.1916,2975.2581,2935.8295,2964.8421
100310000,2965.3075,2922000,28328700,1936276900,20249818500,2940.1916,2975.2581,2935.8295,2964.8421
100315000,2965.3224,1874100,14711200,1938151000,20264529700,2940.1916,2975.2581,2935.8295,2964.8421
100320000,2965.0325,3007000,30426300,1941158000,20294956000,2940.1916,2975.2581,2935.8295,2964.8421
100325000,2965.0377,3256600,24593200,1944414600,20319549200,2940.1916,2975.2581,2935.8295,2964.8421
100329000,2964.859,2197800,22088100,1946612400,20341637300,2940.1916,2975.2581,2935.8295,2964.8421
100335000,2965.159,2263800,24318300,1948876200,20365955600,2940.1916,2975.2581,2935.8295,2964.8421
100340000,2965.0987,2546200,29539900,1951422400,20395495500,2940.1916,2975.2581,2935.8295,2964.8421
100344000,2965.1892,1500900,17404300,1952923300,20412899800,2940.1916,2975.2581,2935.8295,2964.8421
100350000,2965.0597,2500200,28938100,1955423500,20441837900,2940.1916,2975.2581,2935.8295,2964.8421
100355000,2964.5043,2750200,31208900,1958173700,20473046800,2940.1916,2975.2581,2935.8295,2964.8421
100359000,2964.8733,1847400,21042600,1960021100,20494089400,2940.1916,2975.2581,2935.8295,2964.8421
100405000,2965.0375,2133500,22463900,1962154600,20516553300,2940.1916,2975.2581,2935.8295,2964.8421
100410000,2965.1679,3443600,35440700,1965598200,20551994000,2940.1916,2975.2581,2935.8295,2964.8421
100414000,2965.1169,1023600,13299900,1966621800,20565293900,2940.1916,2975.2581,2935.8295,2964.8421
100420000,2965.4808,2420200,31065600,1969042000,20596359500,2940.1916,2975.2581,2935.8295,2964.8421
100425000,2965.2588,3235700,37447700,1972277700,20633807200,2940.1916,2975.2581,2935.8295,2964.8421
100429000,2965.3357,1712300,24303600,1973990000,20658110800,2940.1916,2975.2581,2935.8295,2964.8421
100435000,2965.8334,1988600,20813600,1975978600,20678924400,2940.1916,2975.2581,2935.8295,2964.8421
100440000,2966.778,3077400,36406200,1979056000,20715330600,2940.1916,2975.2581,2935.8295,2964.8421
100444000,2965.9279,1783900,17753500,1980839900,20733084100,2940.1916,2975.2581,2935.8295,2964.8421
100450000,2966.4416,2765400,34166900,1983605300,20767251000,2940.1916,2975.2581,2935.8295,2964.8421
100454000,2966.4156,2829500,35618600,1986434800,20802869600,2940.1916,2975.2581,2935.8295,2964.8421
100459000,2966.4578,1884700,20119800,1988319500,20822989400,2940.1916,2975.2581,2935.8295,2964.8421
100505000,2966.6644,1898800,20938900,1990218300,20843928300,2940.1916,2975.2581,2935.8295,2964.8421
100510000,2966.7932,2279500,29365600,1992497800,20873293900,2940.1916,2975.2581,2935.8295,2964.8421
100515000,2967.0686,1168100,13828200,1993665900,20887122100,2940.1916,2975.2581,2935.8295,2964.8421
100520000,2966.7079,2279000,28772900,1995944900,20915895000,2940.1916,2975.2581,2935.8295,2964.8421
100525000,2966.9521,2686200,24310000,1998631100,20940205000,2940.1916,2975.2581,2935.8295,2964.8421
100529000,2966.7252,1666000,17932500,2000297100,20958137500,2940.1916,2975.2581,2935.8295,2964.8421
100535000,2966.9027,1692200,16114300,2001989300,20974251800,2940.1916,2975.2581,2935.8295,2964.8421
100538000,2967.0631,3147400,30815200,2005136700,21005067000,2940.1916,2975.2581,2935.8295,2964.8421
100545000,2966.7073,1058400,10161700,2006195100,21015228700,2940.1916,2975.2581,2935.8295,2964.8421
100550000,2966.8445,3479800,31339200,2009674900,21046567900,2940.1916,2975.2581,2935.8295,2964.8421
100554000,2966.2112,2380500,22472100,2012055400,21069040000,2940.1916,2975.2581,2935.8295,2964.8421
100559000,2966.3143,1710600,14395400,2013766000,21083435400,2940.1916,2975.2581,2935.8295,2964.8421
100605000,2966.19,1693800,18374100,2015459800,21101809500,2940.1916,2975.2581,2935.8295,2964.8421
100609000,2966.5716,2483900,28660100,2017943700,21130469600,2940.1916,2975.2581,2935.8295,2964.8421
100615000,2966.1556,1010500,11941900,2018954200,21142411500,2940.1916,2975.2581,2935.8295,2964.8421
100620000,2966.0463,2433900,30062200,2021388100,21172473700,2940.1916,2975.2581,2935.8295,2964.8421
100624000,2966.0705,2968400,26581800,2024356500,21199055500,2940.1916,2975.2581,2935.8295,2964.8421
100629000,2965.7265,1488800,15375500,2025845300,21214431000,2940.1916,2975.2581,2935.8295,2964.8421
100635000,2965.5854,1888400,19193600,2027733700,21233624600,2940.1916,2975.2581,2935.8295,2964.8421
100638000,2965.7058,2299700,22932600,2030033400,21256557200,2940.1916,2975.2581,2935.8295,2964.8421
100644000,2965.583,1567800,18319400,2031601200,21274876600,2940.1916,2975.2581,2935.8295,2964.8421
100650000,2965.5305,2303500,23675200,2033904700,21298551800,2940.1916,2975.2581,2935.8295,2964.8421
100654000,2964.8327,2638300,26648600,2036543000,21325200400,2940.1916,2975.2581,2935.8295,2964.8421
100659000,2964.9289,1918500,20084000,2038461500,21345284400,2940.1916,2975.2581,2935.8295,2964.8421
100705000,2964.5225,2786200,30548100,2041247700,21375832500,2940.1916,2975.2581,2935.8295,2964.8421
100709000,2964.2869,3656600,37715900,2044904300,21413548400,2940.1916,2975.2581,2935.8295,2964.8421
100715000,2963.9335,1833400,19305100,2046737700,21432853500,2940.1916,2975.2581,2935.8295,2964.8421
100720000,2963.7915,2726300,33302700,2049464000,21466156200,2940.1916,2975.2581,2935.8295,2964.8421
100724000,2963.7792,2057300,25388800,2051521300,21491545000,2940.1916,2975.2581,2935.8295,2964.8421
100729000,2963.654,1863000,21322700,2053384300,21512867700,2940.1916,2975.2581,2935.8295,2964.8421
100735000,2963.7383,2840800,32397600,2056225100,21545265300,2940.1916,2975.2581,2935.8295,2964.8421
100738000,2963.2103,3110900,29352300,2059336000,21574617600,2940.1916,2975.2581,2935.8295,2964.8421
100744000,2963.033,1930300,18409800,2061266300,21593027400,2940.1916,2975.2581,2935.8295,2964.8421
100750000,2962.5282,4526900,44094100,2065793200,21637121500,2940.1916,2975.2581,2935.8295,2964.8421
100754000,2962.4661,3670400,43055000,2069463600,21680176500,2940.1916,2975.2581,2935.8295,2964.8421
100759000,2962.5334,2213400,25037300,2071677000,21705213800,2940.1916,2975.2581,2935.8295,2964.8421
100805000,2962.3487,2947600,32113600,2074624600,21737327400,2940.1916,2975.2581,2935.8295,2964.8421
100808000,2962.3119,3559400,38586800,2078184000,21775914200,2940.1916,2975.2581,2935.8295,2964.8421
100814000,2962.5675,1388700,14229400,2079572700,21790143600,2940.1916,2975.2581,2935.8295,2964.8421
100820000,2961.8091,2765400,28246900,2082338100,21818390500,2940.1916,2975.2581,2935.8295,2964.8421
100824000,2961.7222,4088200,35398900,2086426300,21853789400,2940.1916,2975.2581,2935.8295,2964.8421
100829000,2961.488,2233400,21564000,2088659700,21875353400,2940.1916,2975.2581,2935.8295,2964.8421
100835000,2961.3338,2511500,26052600,2091171200,21901406000,2940.1916,2975.2581,2935.8295,2964.8421
100839000,2961.0905,2298100,25562100,2093469300,21926968100,2940.1916,2975.2581,2935.8295,2964.8421
100845000,2961.0578,2003000,28355600,2095472300,21955323700,2940.1916,2975.2581,2935.8295,2964.8421
100850000,2960.7192,3592500,40163800,2099064800,21995487500,2940.1916,2975.2581,2935.8295,2964.8421
100854000,2960.9049,3647700,36795700,2102712500,22032283200,2940.1916,2975.2581,2935.8295,2964.8421
100859000,2960.5145,2769200,24623000,2105481700,22056906200,2940.1916,2975.2581,2935.8295,2964.8421
100905000,2960.512,3022000,33563800,2108503700,22090470000,2940.1916,2975.2581,2935.8295,2964.8421
100909000,2960.4147,3561600,34911500,2112065300,22125381500,2940.1916,2975.2581,2935.8295,2964.8421
100915000,2960.225,1787400,19435900,2113852700,22144817400,2940.1916,2975.2581,2935.8295,2964.8421
100920000,2960.1222,3624300,39743300,2117477000,22184560700,2940.1916,2975.2581,2935.8295,2964.8421
100924000,2959.6556,3803400,40550700,2121280400,22225111400,2940.1916,2975.2581,2935.8295,2964.8421
100929000,2959.0943,2372000,24485900,2123652400,22249597300,2940.1916,2975.2581,2935.8295,2964.8421
100935000,2958.788,2576700,27986400,2126229100,22277583700,2940.1916,2975.2581,2935.8295,2964.8421
100939000,2958.9758,3266900,32653900,2129496000,22310237600,2940.1916,2975.2581,2935.8295,2964.8421
100945000,2958.9918,1806300,16191200,2131302300,22326428800,2940.1916,2975.2581,2935.8295,2964.8421
100950000,2958.7299,3858300,36224100,2135160600,22362652900,2940.1916,2975.2581,2935.8295,2964.8421
100954000,2958.6599,3134300,31521900,2138294900,22394174800,2940.1916,2975.2581,2935.8295,2964.8421
100959000,2958.9414,6241900,36417900,2144536800,22430592700,2940.1916,2975.2581,2935.8295,2964.8421
101005000,2958.8475,2375800,24276400,2146912600,22454869100,2940.1916,2975.2581,2935.8295,2964.8421
101009000,2959.6694,3376100,35716600,2150288700,22490585700,2940.1916,2975.2581,2935.8295,2964.8421
101014000,2959.2785,1149100,14867700,2151437800,22505453400,2940.1916,2975.2581,2935.8295,2964.8421
101020000,2959.1646,3562800,51800900,2155000600,22557254300,2940.1916,2975.2581,2935.8295,2964.8421
101024000,2960.1502,4162400,47593700,2159163000,22604848000,2940.1916,2975.2581,2935.8295,2964.8421
101029000,2960.2966,2273500,26816200,2161436500,22631664200,2940.1916,2975.2581,2935.8295,2964.8421
101035000,2960.1022,1813100,21136000,2163249600,22652800200,2940.1916,2975.2581,2935.8295,2964.8421
101039000,2960.2592,2765200,30247400,2166014800,22683047600,2940.1916,2975.2581,2935.8295,2964.8421
101044000,2960.1837,2133000,18370200,2168147800,22701417800,2940.1916,2975.2581,2935.8295,2964.8421
101050000,2960.0197,3255600,38805800,2171403400,22740223600,2940.1916,2975.2581,2935.8295,2964.8421
101054000,2959.9308,3233100,33493900,2174636500,22773717500,2940.1916,2975.2581,2935.8295,2964.8421
101059000,2960.084,1551800,18852500,2176188300,22792570000,2940.1916,2975.2581,2935.8295,2964.8421
101105000,2960.2932,1928200,21453200,2178116500,22814023200,2940.1916,2975.2581,2935.8295,2964.8421
101108000,2960.528,2197200,22578400,2180313700,22836601600,2940.1916,2975.2581,2935.8295,2964.8421
101115000,2960.7853,1199000,12349600,2181512700,22848951200,2940.1916,2975.2581,2935.8295,2964.8421
101120000,2960.3607,2393600,26072600,2183906300,22875023800,2940.1916,2975.2581,2935.8295,2964.8421
101124000,2960.6053,2302900,23741800,2186209200,22898765600,2940.1916,2975.2581,2935.8295,2964.8421
101129000,2960.8861,1618300,16629400,2187827500,22915395000,2940.1916,2975.2581,2935.8295,2964.8421
101135000,2961.0447,2085500,20914700,2189913000,22936309700,2940.1916,2975.2581,2935.8295,2964.8421
101139000,2961.0428,2885500,28709700,2192798500,22965019400,2940.1916,2975.2581,2935.8295,2964.8421
101144000,2961.2043,817200,10153300,2193615700,22975172700,2940.1916,2975.2581,2935.8295,2964.8421
101150000,2960.6959,2120000,25530700,2195735700,23000703400,2940.1916,2975.2581,2935.8295,2964.8421
101154000,2960.7134,2355200,28547500,2198090900,23029250900,2940.1916,2975.2581,2935.8295,2964.8421
101159000,2961.0898,1169900,12130800,2199260800,23041381700,2940.1916,2975.2581,2935.8295,2964.8421
101205000,2961.889,2825900,24544800,2202086700,23065926500,2940.1916,2975.2581,2935.8295,2964.8421
101208000,2961.8746,2056700,24618500,2204143400,23090545000,2940.1916,2975.2581,2935.8295,2964.8421
101215000,2961.2782,892700,11881900,2205036100,23102426900,2940.1916,2975.2581,2935.8295,2964.8421
101220000,2960.8174,3077000,26708300,2208113100,23129135200,2940.1916,2975.2581,2935.8295,2964.8421
101224000,2960.8418,6261900,43358900,2214375000,23172494100,2940.1916,2975.2581,2935.8295,2964.8421
101229000,2960.7577,1423700,15766600,2215798700,23188260700,2940.1916,2975.2581,2935.8295,2964.8421
101235000,2960.8534,1917200,18805200,2217715900,23207065900,2940.1916,2975.2581,2935.8295,2964.8421
101238000,2960.8251,3212700,27244500,2220928600,23234310400,2940.1916,2975.2581,2935.8295,2964.8421
101244000,2960.9896,1083700,9484000,2222012300,23243794400,2940.1916,2975.2581,2935.8295,2964.8421
101250000,2960.8286,2611900,26240700,2224624200,23270035100,2940.1916,2975.2581,2935.8295,2964.8421
101254000,2960.4387,2085400,23213600,2226709600,23293248700,2940.1916,2975.2581,2935.8295,2964.8421
101259000,2960.9838,2012300,22682900,2228721900,23315931600,2940.1916,2975.2581,2935.8295,2964.8421
101305000,2960.8181,2192900,20913500,2230914800,23336845100,2940.1916,2975.2581,2935.8295,2964.8421
101308000,2961.0001,2333600,21720400,2233248400,23358565500,2940.1916,2975.2581,2935.8295,2964.8421
101315000,2961.213,1144300,13856900,2234392700,23372422400,2940.1916,2975.2581,2935.8295,2964.8421
101320000,2961.2297,2681700,29743100,2237074400,23402165500,2940.1916,2975.2581,2935.8295,2964.8421
101324000,2961.7058,3295200,32007900,2240369600,23434173400,2940.1916,2975.2581,2935.8295,2964.8421
101329000,2961.6087,1729500,17058900,2242099100,23451232300,2940.1916,2975.2581,2935.8295,2964.8421
101335000,2961.7414,3252900,25379900,2245352000,23476612200,2940.1916,2975.2581,2935.8295,2964.8421
101339000,2961.4537,2115500,23603800,2247467500,23500216000,2940.1916,2975.2581,2935.8295,2964.8421
101344000,2962.0674,1928500,14082400,2249396000,23514298400,2940.1916,2975.2581,2935.8295,2964.8421
101350000,2961.7238,2572400,29114400,2251968400,23543412800,2940.1916,2975.2581,2935.8295,2964.8421
101354000,2961.399,2048900,22906900,2254017300,23566319700,2940.1916,2975.2581,2935.8295,2964.8421
101359000,2961.5513,1319700,13326200,2255337000,23579645900,2940.1916,2975.2581,2935.8295,2964.8421
101405000,2962.1119,1990400,19304700,2257327400,23598950600,2940.1916,2975.2581,2935.8295,2964.8421
101408000,2962.1022,3195400,29552800,2260522800,23628503400,2940.1916,2975.2581,2935.8295,2964.8421
101415000,2962.3755,1277900,12720000,2261800700,23641223400,2940.1916,2975.2581,2935.8295,2964.8421
101420000,2961.6689,2730200,30222800,2264530900,23671446200,2940.1916,2975.2581,2935.8295,2964.8421
101424000,2961.6983,2637800,28655700,2267168700,23700101900,2940.1916,2975.2581,2935.8295,2964.8421
101430000,2962.0371,1493800,17959100,2268662500,23718061000,2940.1916,2975.2581,2935.8295,2964.8421
101435000,2961.927,1817000,16749900,2270479500,23734810900,2940.1916,2975.2581,2935.8295,2964.8421
101438000,2961.7871,2201800,24525900,2272681300,23759336800,2940.1916,2975.2581,2935.8295,2964.8421
101445000,2961.8708,1656800,14446600,2274338100,23773783400,2940.1916,2975.2581,2935.8295,2964.8421
101450000,2961.7494,2458300,27121500,2276796400,23800904900,2940.1916,2975.2581,2935.8295,2964.8421
101454000,2961.7872,2895500,24103400,2279691900,23825008300,2940.1916,2975.2581,2935.8295,2964.8421
101459000,2961.7325,1836300,19632900,2281528200,23844641200,2940.1916,2975.2581,2935.8295,2964.8421
101505000,2961.3873,2137100,17659000,2283665300,23862300200,2940.1916,2975.2581,2935.8295,2964.8421
101509000,2961.549,2258400,24756800,2285923700,23887057000,2940.1916,2975.2581,2935.8295,2964.8421
101515000,2961.4324,736000,8779500,2286659700,23895836500,2940.1916,2975.2581,2935.8295,2964.8421
101520000,2961.032,2413800,22938300,2289073500,23918774800,2940.1916,2975.2581,2935.8295,2964.8421
101524000,2960.9246,2150300,20410700,2291223800,23939185500,2940.1916,2975.2581,2935.8295,2964.8421
101529000,2961.4417,1570800,15239600,2292794600,23954425100,2940.1916,2975.2581,2935.8295,2964.8421
101535000,2960.9836,1727500,17724000,2294522100,23972149100,2940.1916,2975.2581,2935.8295,2964.8421
101538000,2960.7985,1910800,17870900,2296432900,23990020000,2940.1916,2975.2581,2935.8295,2964.8421
101544000,2961.0724,1453100,13573100,2297886000,24003593100,2940.1916,2975.2581,2935.8295,2964.8421
101550000,2960.8468,2528400,26752100,2300414400,24030345200,2940.1916,2975.2581,2935.8295,2964.8421
101554000,2960.8691,2280000,21796000,2302694400,24052141200,2940.1916,2975.2581,2935.8295,2964.8421
101559000,2960.603,1474600,15190300,2304169000,24067331500,2940.1916,2975.2581,2935.8295,2964.8421
101605000,2960.4388,1946900,21166100,2306115900,24088497600,2940.1916,2975.2581,2935.8295,2964.8421
101608000,2960.5812,2565100,25244600,2308681000,24113742200,2940.1916,2975.2581,2935.8295,2964.8421
101614000,2960.8121,1293600,12466900,2309974600,24126209100,2940.1916,2975.2581,2935.8295,2964.8421
101620000,2960.5204,1910000,20420000,2311884600,24146629100,2940.1916,2975.2581,2935.8295,2964.8421
101624000,2960.4969,3321400,30802900,2315206000,24177432000,2940.1916,2975.2581,2935.8295,2964.8421
101629000,2960.6179,2529000,23162100,2317735000,24200594100,2940.1916,2975.2581,2935.8295,2964.8421
101635000,2961.0656,2539900,22047600,2320274900,24222641700,2940.1916,2975.2581,2935.8295,2964.8421
101638000,2960.8278,2787100,29404400,2323062000,24252046100,2940.1916,2975.2581,2935.8295,2964.8421
101644000,2961.8111,1848800,20755100,2324910800,24272801200,2940.1916,2975.2581,2935.8295,2964.8421
101650000,2962.0713,4370400,51235100,2329281200,24324036300,2940.1916,2975.2581,2935.8295,2964.8421
101654000,2963.6266,5296900,58122900,2334578100,24382159200,2940.1916,2975.2581,2935.8295,2964.8421
101659000,2963.3195,1950400,26644500,2336528500,24408803700,2940.1916,2975.2581,2935.8295,2964.8421
101705000,2963.5367,3362100,32377400,2339890600,24441181100,2940.1916,2975.2581,2935.8295,2964.8421
101709000,2963.6318,3496100,35709700,2343386700,24476890800,2940.1916,2975.2581,2935.8295,2964.8421
101714000,2963.6582,2241700,22575000,2345628400,24499465800,2940.1916,2975.2581,2935.8295,2964.8421
101720000,2963.3046,2630100,27319400,2348258500,24526785200,2940.1916,2975.2581,2935.8295,2964.8421
101724000,2963.2746,2258100,25331700,2350516600,24552116900,2940.1916,2975.2581,2935.8295,2964.8421
101729000,2963.2346,1678100,16137400,2352194700,24568254300,2940.1916,2975.2581,2935.8295,2964.8421
101735000,2963.283,1819500,15864500,2354014200,24584118800,2940.1916,2975.2581,2935.8295,2964.8421
101739000,2963.0533,2786800,25671000,2356801000,24609789800,2940.1916,2975.2581,2935.8295,2964.8421
101745000,2963.4233,2821800,21061000,2359622800,24630850800,2940.1916,2975.2581,2935.8295,2964.8421
101750000,2962.7075,2633200,22772000,2362256000,24653622800,2940.1916,2975.2581,2935.8295,2964.8421
101754000,2962.9243,2369700,24304800,2364625700,24677927600,2940.1916,2975.2581,2935.8295,2964.8421
101759000,2963.0375,1279900,14357100,2365905600,24692284700,2940.1916,2975.2581,2935.8295,2964.8421
101805000,2962.9125,1624300,17617100,2367529900,24709901800,2940.1916,2975.2581,2935.8295,2964.8421
101809000,2963.1961,2928700,28384100,2370458600,24738285900,2940.1916,2975.2581,2935.8295,2964.8421
101814000,2963.4618,961100,10819400,2371419700,24749105300,2940.1916,2975.2581,2935.8295,2964.8421
101820000,2963.108,2301500,25468100,2373721200,24774573400,2940.1916,2975.2581,2935.8295,2964.8421
101824000,2963.1611,2338100,27377700,2376059300,24801951100,2940.1916,2975.2581,2935.8295,2964.8421
101829000,2962.8653,1444700,12626400,2377504000,24814577500,2940.1916,2975.2581,2935.8295,2964.8421
101835000,2963.2142,1622200,16306000,2379126200,24830883500,2940.1916,2975.2581,2935.8295,2964.8421
101839000,2963.4044,1922300,20012800,2381048500,24850896300,2940.1916,2975.2581,2935.8295,2964.8421
101844000,2963.2428,1133400,11182500,2382181900,24862078800,2940.1916,2975.2581,2935.8295,2964.8421
101850000,2962.7581,2609700,26516900,2384791600,24888595700,2940.1916,2975.2581,2935.8295,2964.8421
101854000,2962.6297,2035700,23128700,2386827300,24911724400,2940.1916,2975.2581,2935.8295,2964.8421
101859000,2962.972,1208000,15097100,2388035300,24926821500,2940.1916,2975.2581,2935.8295,2964.8421
101905000,2962.6846,1478700,15379100,2389514000,24942200600,2940.1916,2975.2581,2935.8295,2964.8421
101908000,2962.8362,2161000,18237100,2391675000,24960437700,2940.1916,2975.2581,2935.8295,2964.8421
101915000,2963.0057,1349500,10860000,2393024500,24971297700,2940.1916,2975.2581,2935.8295,2964.8421
101920000,2963.1496,1781100,19737100,2394805600,24991034800,2940.1916,2975.2581,2935.8295,2964.8421
101924000,2963.2727,3544500,29251800,2398350100,25020286600,2940.1916,2975.2581,2935.8295,2964.8421
101929000,2963.1301,2560800,17885600,2400910900,25038172200,2940.1916,2975.2581,2935.8295,2964.8421
101935000,2963.0965,3000200,21354300,2403911100,25059526500,2940.1916,2975.2581,2935.8295,2964.8421
101939000,2963.1682,2311000,23672300,2406222100,25083198800,2940.1916,2975.2581,2935.8295,2964.8421
101945000,2963.5424,1208400,11855800,2407430500,25095054600,2940.1916,2975.2581,2935.8295,2964.8421
101950000,2963.1361,2202300,21820000,2409632800,25116874600,2940.1916,2975.2581,2935.8295,2964.8421
101954000,2963.1794,2006900,23778000,2411639700,25140652600,2940.1916,2975.2581,2935.8295,2964.8421
101959000,2963.3483,1654100,20631100,2413293800,25161283700,2940.1916,2975.2581,2935.8295,2964.8421
102005000,2963.7979,1672100,20051400,2414965900,25181335100,2940.1916,2975.2581,2935.8295,2964.8421
102008000,2963.571,2379100,26553100,2417345000,25207888200,2940.1916,2975.2581,2935.8295,2964.8421
102014000,2963.9626,1247600,11577200,2418592600,25219465400,2940.1916,2975.2581,2935.8295,2964.8421
102020000,2964.1322,2446300,26215200,2421038900,25245680600,2940.1916,2975.2581,2935.8295,2964.8421
102024000,2964.0441,2108100,27505600,2423147000,25273186200,2940.1916,2975.2581,2935.8295,2964.8421
102029000,2964.4034,3062000,22353500,2426209000,25295539700,2940.1916,2975.2581,2935.8295,2964.8421
102035000,2963.7656,2288800,20381200,2428497800,25315920900,2940.1916,2975.2581,2935.8295,2964.8421
102038000,2964.2014,2828200,29988300,2431326000,25345909200,2940.1916,2975.2581,2935.8295,2964.8421
102045000,2963.9991,1495900,15664000,2432821900,25361573200,2940.1916,2975.2581,2935.8295,2964.8421
102050000,2963.9926,3596900,32582000,2436418800,25394155200,2940.1916,2975.2581,2935.8295,2964.8421
102054000,2964.2297,3399500,31930200,2439818300,25426085400,2940.1916,2975.2581,2935.8295,2964.8421
102059000,2964.0448,1990700,24336700,2441809000,25450422100,2940.1916,2975.2581,2935.8295,2964.8421
102105000,2964.4013,2373300,22432400,2444182300,25472854500,2940.1916,2975.2581,2935.8295,2964.8421
102109000,2964.6553,2102800,28750600,2446285100,25501605100,2940.1916,2975.2581,2935.8295,2964.8421
102114000,2965.0531,1673500,18031900,2447958600,25519637000,2940.1916,2975.2581,2935.8295,2964.8421
102120000,2964.9698,2947400,31703300,2450906000,25551340300,2940.1916,2975.2581,2935.8295,2964.8421
102124000,2964.6474,2424000,26067600,2453330000,25577407900,2940.1916,2975.2581,2935.8295,2964.8421
102129000,2964.4892,1924100,21044000,2455254100,25598451900,2940.1916,2975.2581,2935.8295,2964.8421
102135000,2964.5325,1597400,21182000,2456851500,25619633900,2940.1916,2975.2581,2935.8295,2964.8421
102138000,2964.3225,2708700,30626900,2459560200,25650260800,2940.1916,2975.2581,2935.8295,2964.8421
102144000,2965.2777,1349300,17154900,2460909500,25667415700,2940.1916,2975.2581,2935.8295,2964.8421
102150000,2964.7773,4823800,42409300,2465733300,25709825000,2940.1916,2975.2581,2935.8295,2964.8421
102154000,2965.2371,2378200,29147000,2468111500,25738972000,2940.1916,2975.2581,2935.8295,2964.8421
102159000,2965.1595,1699600,18360100,2469811100,25757332100,2940.1916,2975.2581,2935.8295,2964.8421
102205000,2965.1186,1517400,15896000,2471328500,25773228100,2940.1916,2975.2581,2935.8295,2964.8421
102208000,2964.8076,2885000,27504000,2474213500,25800732100,2940.1916,2975.2581,2935.8295,2964.8421
102214000,2965.2286,864000,11658900,2475077500,25812391000,2940.1916,2975.2581,2935.8295,2964.8421
102220000,2965.1063,2345300,27482500,2477422800,25839873500,2940.1916,2975.2581,2935.8295,2964.8421
102224000,2965.2897,2555400,25599700,2479978200,25865473200,2940.1916,2975.2581,2935.8295,2964.8421
102229000,2965.0123,1413500,15589400,2481391700,25881062600,2940.1916,2975.2581,2935.8295,2964.8421
102235000,2965.1477,1904800,19669500,2483296500,25900732100,2940.1916,2975.2581,2935.8295,2964.8421
102239000,2964.8493,1949400,23732400,2485245900,25924464500,2940.1916,2975.2581,2935.8295,2964.8421
102244000,2965.4739,1069100,14278800,2486315000,25938743300,2940.1916,2975.2581,2935.8295,2964.8421
102250000,2965.2427,3497500,33341400,2489812500,25972084700,2940.1916,2975.2581,2935.8295,2964.8421
102254000,2965.331,2526200,23677400,2492338700,25995762100,2940.1916,2975.2581,2935.8295,2964.8421
102259000,2965.5453,2309800,25038400,2494648500,26020800500,2940.1916,2975.2581,2935.8295,2964.8421
102305000,2965.9736,2799200,29411600,2497447700,26050212100,2940.1916,2975.2581,2935.8295,2964.8421
102309000,2965.5173,2435200,25430300,2499882900,26075642400,2940.1916,2975.2581,2935.8295,2964.8421
102315000,2965.8135,1119700,12628300,2501002600,26088270700,2940.1916,2975.2581,2935.8295,2964.8421
102320000,2965.8645,2036000,22710700,2503038600,26110981400,2940.1916,2975.2581,2935.8295,2964.8421
102324000,2965.7199,2276600,24090600,2505315200,26135072000,2940.1916,2975.2581,2935.8295,2964.8421
102329000,2966.8696,3196200,30478900,2508511400,26165550900,2940.1916,2975.2581,2935.8295,2964.8421
102335000,2967.2706,5791500,44530900,2514302900,26210081800,2940.1916,2975.2581,2935.8295,2964.8421
102339000,2967.7325,4525700,42572500,2518828600,26252654300,2940.1916,2975.2581,2935.8295,2964.8421
102344000,2967.4682,1833700,21791800,2520662300,26274446100,2940.1916,2975.2581,2935.8295,2964.8421
102350000,2967.6496,3904500,46671000,2524566800,26321117100,2940.1916,2975.2581,2935.8295,2964.8421
102354000,2968.205,4121400,40004000,2528688200,26361121100,2940.1916,2975.2581,2935.8295,2964.8421
102359000,2968.9298,1625400,20971800,2530313600,26382092900,2940.1916,2975.2581,2935.8295,2964.8421
102405000,2968.4578,2653100,29706500,2532966700,26411799400,2940.1916,2975.2581,2935.8295,2964.8421
102408000,2968.5658,3981900,38517600,2536948600,26450317000,2940.1916,2975.2581,2935.8295,2964.8421
102415000,2968.8888,1293900,15893700,2538242500,26466210700,2940.1916,2975.2581,2935.8295,2964.8421
102420000,2968.5007,3174000,39050300,2541416500,26505261000,2940.1916,2975.2581,2935.8295,2964.8421
102424000,2968.6511,2949600,31639700,2544366100,26536900700,2940.1916,2975.2581,2935.8295,2964.8421
102429000,2969.4599,2076300,23303700,2546442400,26560204400,2940.1916,2975.2581,2935.8295,2964.8421
102435000,2969.9311,3292200,31666200,2549734600,26591870600,2940.1916,2975.2581,2935.8295,2964.8421
102438000,2969.8508,3513400,36016700,2553248000,26627887300,2940.1916,2975.2581,2935.8295,2964.8421
102444000,2970.4247,2433000,24169000,2555681000,26652056300,2940.1916,2975.2581,2935.8295,2964.8421
102450000,2969.6392,4287500,48708500,2559968500,26700764800,2940.1916,2975.2581,2935.8295,2964.8421
102454000,2971.0916,4127700,57101800,2564096200,26757866600,2940.1916,2975.2581,2935.8295,2964.8421
102459000,2971.2342,2556100,31264500,2566652300,26789131100,2940.1916,2975.2581,2935.8295,2964.8421
102505000,2971.1517,3037700,32481600,2569690000,26821612700,2940.1916,2975.2581,2935.8295,2964.8421
102508000,2971.4982,3528400,35677200,2573218400,26857289900,2940.1916,2975.2581,2935.8295,2964.8421
102514000,2972.0017,3407100,30860700,2576625500,26888150600,2940.1916,2975.2581,2935.8295,2964.8421
102520000,2971.6658,3577400,36083800,2580202900,26924234400,2940.1916,2975.2581,2935.8295,2964.8421
102524000,2972.3257,2657800,34595200,2582860700,26958829600,2940.1916,2975.2581,2935.8295,2964.8421
102529000,2971.9035,2406000,24805500,2585266700,26983635100,2940.1916,2975.2581,2935.8295,2964.8421
102535000,2972.0481,2642000,30439200,2587908700,27014074300,2940.1916,2975.2581,2935.8295,2964.8421
102539000,2972.0161,2684200,31609500,2590592900,27045683800,2940.1916,2975.2581,2935.8295,2964.8421
102544000,2972.0764,1535300,14707000,2592128200,27060390800,2940.1916,2975.2581,2935.8295,2964.8421
102550000,2971.9584,3172800,35115200,2595301000,27095506000,2940.1916,2975.2581,2935.8295,2964.8421
102554000,2972.1512,3875300,40987500,2599176300,27136493500,2940.1916,2975.2581,2935.8295,2964.8421
102559000,2972.1853,2124700,21361100,2601301000,27157854600,2940.1916,2975.2581,2935.8295,2964.8421
102605000,2972.2569,1788200,18014400,2603089200,27175869000,2940.1916,2975.2581,2935.8295,2964.8421
102609000,2972.1748,3715500,32656600,2606804700,27208525600,2940.1916,2975.2581,2935.8295,2964.8421
102614000,2972.6636,1730600,21021500,2608535300,27229547100,2940.1916,2975.2581,2935.8295,2964.8421
102620000,2972.8528,2770600,32144400,2611305900,27261691500,2940.1916,2975.2581,2935.8295,2964.8421
102624000,2973.2076,4254400,38871900,2615560300,27300563400,2940.1916,2975.2581,2935.8295,2964.8421
102629000,2973.3839,2662300,27826400,2618222600,27328389800,2940.1916,2975.2581,2935.8295,2964.8421
102635000,2973.8451,7755100,59960400,2625977700,27388350200,2940.1916,2975.2581,2935.8295,2964.8421
102639000,2975.3069,10788400,78325800,2636766100,27466676000,2940.1916,2975.3069,2935.8295,2964.8421
102644000,2975.2812,2431700,23965500,2639197800,27490641500,2940.1916,2975.3069,2935.8295,2964.8421
102650000,2975.8882,6460400,57808700,2645658200,27548450200,2940.1916,2975.8882,2935.8295,2964.8421
102654000,2976.238,5734600,61333500,2651392800,27609783700,2940.1916,2976.238,2935.8295,2964.8421
102659000,2976.401,4077300,38852700,2655470100,27648636400,2940.1916,2976.401,2935.8295,2964.8421
102705000,2976.3206,3993900,41631100,2659464000,27690267500,2940.1916,2976.401,2935.8295,2964.8421
102708000,2976.8328,3629500,36239200,2663093500,27726506700,2940.1916,2976.8328,2935.8295,2964.8421
102715000,2976.7867,2286500,19338600,2665380000,27745845300,2940.1916,2976.8328,2935.8295,2964.8421
102720000,2976.3484,4668200,46146300,2670048200,27791991600,2940.1916,2976.8328,2935.8295,2964.8421
102724000,2976.231,4950400,47824900,2674998600,27839816500,2940.1916,2976.8328,2935.8295,2964.8421
102729000,2976.5572,4246900,38371800,2679245500,27878188300,2940.1916,2976.8328,2935.8295,2964.8421
102735000,2976.2632,4325300,38340800,2683570800,27916529100,2940.1916,2976.8328,2935.8295,2964.8421
102738000,2976.4135,4295800,41109200,2687866600,27957638300,2940.1916,2976.8328,2935.8295,2964.8421
102745000,2976.5366,2171400,21294700,2690038000,27978933000,2940.1916,2976.8328,2935.8295,2964.8421
102750000,2976.178,4073700,38471100,2694111700,28017404100,2940.1916,2976.8328,2935.8295,2964.8421
102754000,2976.6298,3449000,38833200,2697560700,28056237300,2940.1916,2976.8328,2935.8295,2964.8421
102759000,2976.4039,2821800,31063500,2700382500,28087300800,2940.1916,2976.8328,2935.8295,2964.8421
102805000,2975.971,3481600,29729800,2703864100,28117030600,2940.1916,2976.8328,2935.8295,2964.8421
102808000,2975.875,3467200,36011100,2707331300,28153041700,2940.1916,2976.8328,2935.8295,2964.8421
102814000,2976.2007,1686700,20376900,2709018000,28173418600,2940.1916,2976.8328,2935.8295,2964.8421
102820000,2975.606,3797900,38419400,2712815900,28211838000,2940.1916,2976.8328,2935.8295,2964.8421
102824000,2975.9698,5114700,57717000,2717930600,28269555000,2940.1916,2976.8328,2935.8295,2964.8421
102829000,2975.6229,2552500,26840900,2720483100,28296395900,2940.1916,2976.8328,2935.8295,2964.8421
102835000,2975.5562,3436500,30310200,2723919600,28326706100,2940.1916,2976.8328,2935.8295,2964.8421
102838000,2975.1938,3080600,37113300,2727000200,28363819400,2940.1916,2976.8328,2935.8295,2964.8421
102844000,2975.3748,2163800,23178800,2729164000,28386998200,2940.1916,2976.8328,2935.8295,2964.8421
102850000,2975.215,3552800,34805800,2732716800,28421804000,2940.1916,2976.8328,2935.8295,2964.8421
102854000,2975.1948,2838000,30049200,2735554800,28451853200,2940.1916,2976.8328,2935.8295,2964.8421
102859000,2975.238,1698000,15729000,2737252800,28467582200,2940.1916,2976.8328,2935.8295,2964.8421
102905000,2975.0793,2937400,28244400,2740190200,28495826600,2940.1916,2976.8328,2935.8295,2964.8421
102909000,2974.9162,3402100,30798900,2743592300,28526625500,2940.1916,2976.8328,2935.8295,2964.8421
102914000,2975.296,1984200,17119000,2745576500,28543744500,2940.1916,2976.8328,2935.8295,2964.8421
102920000,2974.9222,2878300,28516000,2748454800,28572260500,2940.1916,2976.8328,2935.8295,2964.8421
102924000,2975.1518,2483100,23736100,2750937900,28595996600,2940.1916,2976.8328,2935.8295,2964.8421
102929000,2974.9315,1976800,24771400,2752914700,28620768000,2940.1916,2976.8328,2935.8295,2964.8421
102935000,2974.8892,1882300,19799000,2754797000,28640567000,2940.1916,2976.8328,2935.8295,2964.8421
102938000,2974.8592,2142800,22876600,2756939800,28663443600,2940.1916,2976.8328,2935.8295,2964.8421
102945000,2974.9469,1034000,11840000,2757973800,28675283600,2940.1916,2976.8328,2935.8295,2964.8421
102950000,2974.8498,2433300,26918700,2760407100,28702202300,2940.1916,2976.8328,2935.8295,2964.8421
102954000,2974.5254,2993800,28269900,2763400900,28730472200,2940.1916,2976.8328,2935.8295,2964.8421
102959000,2975.0036,1421200,15759300,2764822100,28746231500,2940.1916,2976.8328,2935.8295,2964.8421
103005000,2975.1977,1650700,19856000,2766472800,28766087500,2940.1916,2976.8328,2935.8295,2964.8421
103008000,2974.9154,3222900,34742100,2769695700,28800829600,2940.1916,2976.8328,2935.8295,2964.8421
103014000,2976.0762,1723300,23666200,2771419000,28824495800,2940.1916,2976.8328,2935.8295,2964.8421
103020000,2976.379,2757100,32304100,2774176100,28856799900,2940.1916,2976.8328,2935.8295,2964.8421
103024000,2975.8702,2614700,28678800,2776790800,28885478700,2940.1916,2976.8328,2935.8295,2964.8421
103029000,2975.5658,1228200,15365100,2778019000,28900843800,2940.1916,2976.8328,2935.8295,2964.8421
103035000,2975.5048,1977200,28786800,2779996200,28929630600,2940.1916,2976.8328,2935.8295,2964.8421
103039000,2975.5218,3073800,33626100,2783070000,28963256700,2940.1916,2976.8328,2935.8295,2964.8421
103045000,2976.6671,2527700,23433900,2785597700,28986690600,2940.1916,2976.8328,2935.8295,2964.8421
103050000,2977.0319,4626800,45184900,2790224500,29031875500,2940.1916,2977.0319,2935.8295,2964.8421
103054000,2977.6446,5899700,56083300,2796124200,29087958800,2940.1916,2977.6446,2935.8295,2964.8421
103059000,2978.7214,5042800,55366800,2801167000,29143325600,2940.1916,2978.7822,2935.8295,2964.8421
103105000,2979.1543,6909600,64194200,2808076600,29207519800,2940.1916,2979.1543,2935.8295,2964.8421
103109000,2979.278,7461900,79194200,2815538500,29286714000,2940.1916,2979.4445,2935.8295,2964.8421
103114000,2979.0665,5815000,35026700,2821353500,29321740700,2940.1916,2979.4445,2935.8295,2964.8421
103120000,2979.4242,6636000,50665700,2827989500,29372406400,2940.1916,2979.4445,2935.8295,2964.8421
103124000,2979.9181,5401300,60381700,2833390800,29432788100,2940.1916,2979.9181,2935.8295,2964.8421
103129000,2979.6639,2462100,27635300,2835852900,29460423400,2940.1916,2979.9181,2935.8295,2964.8421
103135000,2980.2594,4112200,48319700,2839965100,29508743100,2940.1916,2980.2594,2935.8295,2964.8421
103138000,2980.3312,4106400,47789600,2844071500,29556532700,2940.1916,2980.3312,2935.8295,2964.8421
103144000,2980.7112,2544000,23844000,2846615500,29580376700,2940.1916,2980.7112,2935.8295,2964.8421
103150000,2980.6674,5396000,47564300,2852011500,29627941000,2940.1916,2980.7112,2935.8295,2964.8421
103154000,2980.9252,7030600,71377400,2859042100,29699318400,2940.1916,2980.9252,2935.8295,2964.8421
103159000,2980.8669,6201300,45248900,2865243400,29744567300,2940.1916,2981.0683,2935.8295,2964.8421
103205000,2982.2943,10415500,69057300,2875658900,29813624600,2940.1916,2982.2943,2935.8295,2964.8421
103209000,2982.907,11013500,96885100,2886672400,29910509700,2940.1916,2983.3235,2935.8295,2964.8421
103214000,2983.4419,4262400,45062700,2890934800,29955572400,2940.1916,2983.4419,2935.8295,2964.8421
103220000,2983.5519,7689700,82631300,2898624500,30038203700,2940.1916,2983.5519,2935.8295,2964.8421
103224000,2983.5199,10813100,93366100,2909437600,30131569800,2940.1916,2984.347,2935.8295,2964.8421
103229000,2984.529,8148400,68231000,2917586000,30199800800,2940.1916,2984.5508,2935.8295,2964.8421
103235000,2985.0657,13239700,124351000,2930825700,30324151800,2940.1916,2985.0657,2935.8295,2964.8421
103238000,2985.0428,11307400,96260300,2942133100,30420412100,2940.1916,2985.1464,2935.8295,2964.8421
103244000,2985.3478,3774500,38394600,2945907600,30458806700,2940.1916,2985.3478,2935.8295,2964.8421
103250000,2985.3332,9211500,70662800,2955119100,30529469500,2940.1916,2985.3478,2935.8295,2964.8421
103254000,2986.0903,7026600,78882600,2962145700,30608352100,2940.1916,2986.0903,2935.8295,2964.8421
103259000,2986.4254,5555200,57199900,2967700900,30665552000,2940.1916,2986.4813,2935.8295,2964.8421
103305000,2986.3424,5530400,65513100,2973231300,30731065100,2940.1916,2986.4813,2935.8295,2964.8421
103309000,2986.7614,6724800,74236100,2979956100,30805301200,2940.1916,2986.9043,2935.8295,2964.8421
103314000,2986.6759,3295000,34771800,2983251100,30840073000,2940.1916,2986.9043,2935.8295,2964.8421
103320000,2986.8855,8649500,69915600,2991900600,30909988600,2940.1916,2986.9043,2935.8295,2964.8421
103324000,2986.9564,6934800,61382900,2998835400,30971371500,2940.1916,2986.9927,2935.8295,2964.8421
103329000,2987.4168,4108700,41929200,3002944100,31013300700,2940.1916,2987.4508,2935.8295,2964.8421
103335000,2987.6667,5598000,50549400,3008542100,31063850100,2940.1916,2987.6667,2935.8295,2964.8421
103339000,2987.9205,6172100,58593300,3014714200,31122443400,2940.1916,2987.9898,2935.8295,2964.8421
103344000,2987.8261,2566500,24495400,3017280700,31146938800,2940.1916,2987.9898,2935.8295,2964.8421
103350000,2987.9517,6555900,56794400,3023836600,31203733200,2940.1916,2987.9898,2935.8295,2964.8421
103354000,2987.8375,5926400,51165000,3029763000,31254898200,2940.1916,2987.9898,2935.8295,2964.8421
103359000,2987.7086,3566100,33927400,3033329100,31288825600,2940.1916,2987.9898,2935.8295,2964.8421
103405000,2987.5894,4622100,48283200,3037951200,31337108800,2940.1916,2987.9898,2935.8295,2964.8421
103409000,2987.5295,7657700,76912500,3045608900,31414021300,2940.1916,2987.9898,2935.8295,2964.8421
103414000,2986.4784,3701700,30688700,3049310600,31444710000,2940.1916,2987.9898,2935.8295,2964.8421
103420000,2986.1273,8547600,72916000,3057858200,31517626000,2940.1916,2987.9898,2935.8295,2964.8421
103424000,2986.2677,6641800,60820100,3064500000,31578446100,2940.1916,2987.9898,2935.8295,2964.8421
103429000,2985.3466,4423000,43059300,3068923000,31621505400,2940.1916,2987.9898,2935.8295,2964.8421
103435000,2985.4061,9330500,73366900,3078253500,31694872300,2940.1916,2987.9898,2935.8295,2964.8421
103438000,2984.2394,5779700,55633600,3084033200,31750505900,2940.1916,2987.9898,2935.8295,2964.8421
103445000,2984.2804,2476900,31561400,3086510100,31782067300,2940.1916,2987.9898,2935.8295,2964.8421
103450000,2984.0236,4292200,44038100,3090802300,31826105400,2940.1916,2987.9898,2935.8295,2964.8421
103454000,2983.9651,4047600,35355000,3094849900,31861460400,2940.1916,2987.9898,2935.8295,2964.8421
103459000,2983.1482,2985900,28803700,3097835800,31890264100,2940.1916,2987.9898,2935.8295,2964.8421
103505000,2983.0996,3772000,38665600,3101607800,31928929700,2940.1916,2987.9898,2935.8295,2964.8421
103509000,2983.0584,3814200,36976300,3105422000,31965906000,2940.1916,2987.9898,2935.8295,2964.8421
103515000,2983.1753,1840700,19732300,3107262700,31985638300,2940.1916,2987.9898,2935.8295,2964.8421
103520000,2982.6746,2726500,30256000,3109989200,32015894300,2940.1916,2987.9898,2935.8295,2964.8421
103524000,2982.6033,2980500,29507000,3112969700,32045401300,2940.1916,2987.9898,2935.8295,2964.8421
103529000,2982.7719,2134500,20753600,3115104200,32066154900,2940.1916,2987.9898,2935.8295,2964.8421
103535000,2982.6408,2364000,24818300,3117468200,32090973200,2940.1916,2987.9898,2935.8295,2964.8421
103538000,2982.3,3030100,31596400,3120498300,32122569600,2940.1916,2987.9898,2935.8295,2964.8421
103545000,2983.009,1767600,19110200,3122265900,32141679800,2940.1916,2987.9898,2935.8295,2964.8421
103550000,2982.3337,3157400,32101600,3125423300,32173781400,2940.1916,2987.9898,2935.8295,2964.8421
103554000,2982.432,3219100,30613400,3128642400,32204394800,2940.1916,2987.9898,2935.8295,2964.8421
103559000,2982.3546,2809200,22089100,3131451600,32226483900,2940.1916,2987.9898,2935.8295,2964.8421
103605000,2982.4054,2134800,25787100,3133586400,32252271000,2940.1916,2987.9898,2935.8295,2964.8421
103608000,2982.4993,4326800,32708300,3137913200,32284979300,2940.1916,2987.9898,2935.8295,2964.8421
103614000,2982.4787,1372500,12179000,3139285700,32297158300,2940.1916,2987.9898,2935.8295,2964.8421
103620000,2981.9686,4171300,42064000,3143457000,32339222300,2940.1916,2987.9898,2935.8295,2964.8421
103624000,2982.187,3303600,30326200,3146760600,32369548500,2940.1916,2987.9898,2935.8295,2964.8421
103629000,2981.9741,1773500,18872400,3148534100,32388420900,2940.1916,2987.9898,2935.8295,2964.8421
103635000,2982.0707,2370300,28639500,3150904400,32417060400,2940.1916,2987.9898,2935.8295,2964.8421
103639000,2981.8949,2316300,25898600,3153220700,32442959000,2940.1916,2987.9898,2935.8295,2964.8421
103644000,2982.0075,1173600,13186500,3154394300,32456145500,2940.1916,2987.9898,2935.8295,2964.8421
103650000,2981.7181,3029800,36527800,3157424100,32492673300,2940.1916,2987.9898,2935.8295,2964.8421
103654000,2981.7363,2337900,27435400,3159762000,32520108700,2940.1916,2987.9898,2935.8295,2964.8421
103659000,2981.9813,1510900,17270800,3161272900,32537379500,2940.1916,2987.9898,2935.8295,2964.8421
103705000,2981.9932,1967900,21237800,3163240800,32558617300,2940.1916,2987.9898,2935.8295,2964.8421
103709000,2982.1233,2976500,32971600,3166217300,32591588900,2940.1916,2987.9898,2935.8295,2964.8421
103714000,2982.1968,1177700,12078500,3167395000,32603667400,2940.1916,2987.9898,2935.8295,2964.8421
103720000,2981.7408,3004900,31465200,3170399900,32635132600,2940.1916,2987.9898,2935.8295,2964.8421
103724000,2981.874,2273500,23653000,3172673400,32658785600,2940.1916,2987.9898,2935.8295,2964.8421
103729000,2981.6805,1573900,18274600,3174247300,32677060200,2940.1916,2987.9898,2935.8295,2964.8421
103735000,2981.7597,1982000,21567000,3176229300,32698627200,2940.1916,2987.9898,2935.8295,2964.8421
103738000,2981.5236,2353900,25046500,3178583200,32723673700,2940.1916,2987.9898,2935.8295,2964.8421
103744000,2981.8751,1026500,10621300,3179609700,32734295000,2940.1916,2987.9898,2935.8295,2964.8421
103750000,2981.7899,3430100,33139800,3183039800,32767434800,2940.1916,2987.9898,2935.8295,2964.8421
103754000,2981.8973,3292700,33202100,3186332500,32800636900,2940.1916,2987.9898,2935.8295,2964.8421
103759000,2981.657,1337300,15524300,3187669800,32816161200,2940.1916,2987.9898,2935.8295,2964.8421
103805000,2981.9004,1985900,21332900,3189655700,32837494100,2940.1916,2987.9898,2935.8295,2964.8421
103808000,2981.9146,2858400,29883600,3192514100,32867377700,2940.1916,2987.9898,2935.8295,2964.8421
103814000,2981.8794,1389100,11548900,3193903200,32878926600,2940.1916,2987.9898,2935.8295,2964.8421
103820000,2982.0651,2345800,24221100,3196249000,32903147700,2940.1916,2987.9898,2935.8295,2964.8421
103824000,2981.6359,2592500,23799100,3198841500,32926946800,2940.1916,2987.9898,2935.8295,2964.8421
103829000,2981.8122,7032700,29706300,3205874200,32956653100,2940.1916,2987.9898,2935.8295,2964.8421
103835000,2981.9025,3490200,32201700,3209364400,32988854800,2940.1916,2987.9898,2935.8295,2964.8421
103838000,2981.7808,3220900,28884100,3212585300,33017738900,2940.1916,2987.9898,2935.8295,2964.8421
103845000,2981.4067,1734600,15852900,3214319900,33033591800,2940.1916,2987.9898,2935.8295,2964.8421
103850000,2981.77,6037700,45963300,3220357600,33079555100,2940.1916,2987.9898,2935.8295,2964.8421
103854000,2982.6677,4154500,37111800,3224512100,33116666900,2940.1916,2987.9898,2935.8295,2964.8421
103859000,2982.7367,2074800,21969300,3226586900,33138636200,2940.1916,2987.9898,2935.8295,2964.8421
103905000,2982.8529,3501400,30306700,3230088300,33168942900,2940.1916,2987.9898,2935.8295,2964.8421
103908000,2982.7951,3461900,28629700,3233550200,33197572600,2940.1916,2987.9898,2935.8295,2964.8421
103915000,2983.014,2055400,16610200,3235605600,33214182800,2940.1916,2987.9898,2935.8295,2964.8421
103920000,2983.0119,5282400,43847400,3240888000,33258030200,2940.1916,2987.9898,2935.8295,2964.8421
103924000,2983.4351,4993400,45484200,3245881400,33303514400,2940.1916,2987.9898,2935.8295,2964.8421
103929000,2983.5162,2981700,26696400,3248863100,33330210800,2940.1916,2987.9898,2935.8295,2964.8421
103935000,2983.6374,3159200,30384800,3252022300,33360595600,2940.1916,2987.9898,2935.8295,2964.8421
103938000,2983.7354,3673400,36836500,3255695700,33397432100,2940.1916,2987.9898,2935.8295,2964.8421
103945000,2983.7719,2220300,30741700,3257916000,33428173800,2940.1916,2987.9898,2935.8295,2964.8421
103950000,2984.0033,3978800,40957300,3261894800,33469131100,2940.1916,2987.9898,2935.8295,2964.8421
103954000,2984.1207,3750200,43137100,3265645000,33512268200,2940.1916,2987.9898,2935.8295,2964.8421
103959000,2984.6511,2685800,39140000,3268330800,33551408200,2940.1916,2987.9898,2935.8295,2964.8421
104005000,2984.206,3025600,31834400,3271356400,33583242600,2940.1916,2987.9898,2935.8295,2964.8421
104009000,2984.8045,3401300,35764300,3274757700,33619006900,2940.1916,2987.9898,2935.8295,2964.8421
104015000,2984.5396,1382600,13921000,3276140300,33632927900,2940.1916,2987.9898,2935.8295,2964.8421
104020000,2985.1404,3528100,35390000,3279668400,33668317900,2940.1916,2987.9898,2935.8295,2964.8421
104024000,2985.0696,2996500,33427600,3282664900,33701745500,2940.1916,2987.9898,2935.8295,2964.8421
104029000,2984.9391,2519300,27443800,3285184200,33729189300,2940.1916,2987.9898,2935.8295,2964.8421
104035000,2984.8963,3155900,29061700,3288340100,33758251000,2940.1916,2987.9898,2935.8295,2964.8421
104039000,2984.8765,2882800,29417400,3291222900,33787668400,2940.1916,2987.9898,2935.8295,2964.8421
104045000,2985.1354,3400400,22207700,3294623300,33809876100,2940.1916,2987.9898,2935.8295,2964.8421
104050000,2985.0066,3116400,33108900,3297739700,33842985000,2940.1916,2987.9898,2935.8295,2964.8421
104054000,2984.8937,4122600,37941500,3301862300,33880926500,2940.1916,2987.9898,2935.8295,2964.8421
104059000,2984.9439,1871500,19098100,3303733800,33900024600,2940.1916,2987.9898,2935.8295,2964.8421
104105000,2985.0414,2922600,27370000,3306656400,33927394600,2940.1916,2987.9898,2935.8295,2964.8421
104108000,2985.0887,3790000,39868300,3310446400,33967262900,2940.1916,2987.9898,2935.8295,2964.8421
104114000,2985.0418,1617600,16463900,3312064000,33983726800,2940.1916,2987.9898,2935.8295,2964.8421
104120000,2984.9181,3150500,32049700,3315214500,34015776500,2940.1916,2987.9898,2935.8295,2964.8421
104124000,2985.0641,3263400,29020100,3318477900,34044796600,2940.1916,2987.9898,2935.8295,2964.8421
104129000,2985.217,1556000,17885700,3320033900,34062682300,2940.1916,2987.9898,2935.8295,2964.8421
104135000,2985.2359,2034800,19306400,3322068700,34081988700,2940.1916,2987.9898,2935.8295,2964.8421
104138000,2985.0475,3831100,36723300,3325899800,34118712000,2940.1916,2987.9898,2935.8295,2964.8421
104145000,2985.1443,5331400,27667500,3331231200,34146379500,2940.1916,2987.9898,2935.8295,2964.8421
104150000,2985.4742,4359300,42259800,3335590500,34188639300,2940.1916,2987.9898,2935.8295,2964.8421
104154000,2986.0698,4680800,55433400,3340271300,34244072700,2940.1916,2987.9898,2935.8295,2964.8421
104159000,2987.7009,6810000,60787400,3347081300,34304860100,2940.1916,2987.9898,2935.8295,2964.8421
104205000,2988.2642,9285900,83933700,3356367200,34388793800,2940.1916,2988.2642,2935.8295,2964.8421
104209000,2988.4024,8384800,91671900,3364752000,34480465700,2940.1916,2989.4189,2935.8295,2964.8421
104215000,2989.9086,7070400,81529400,3371822400,34561995100,2940.1916,2989.9086,2935.8295,2964.8421
104220000,2991.4567,11738700,129891300,3383561100,34691886400,2940.1916,2991.4567,2935.8295,2964.8421
104224000,2991.7385,10798200,107343100,3394359300,34799229500,2940.1916,2991.7385,2935.8295,2964.8421
104229000,2992.3395,4844700,53750800,3399204000,34852980300,2940.1916,2992.3395,2935.8295,2964.8421
104235000,2992.338,5547000,54761000,3404751000,34907741300,2940.1916,2992.3395,2935.8295,2964.8421
104238000,2992.2145,6868600,69759900,3411619600,34977501200,2940.1916,2992.7217,2935.8295,2964.8421
104244000,2992.4036,3992500,44210200,3415612100,35021711400,2940.1916,2992.7217,2935.8295,2964.8421
104250000,2992.8978,8178400,72712100,3423790500,35094423500,2940.1916,2992.8978,2935.8295,2964.8421
104254000,2992.7257,6211800,59935300,3430002300,35154358800,2940.1916,2992.9195,2935.8295,2964.8421
104259000,2993.1766,4871800,49265200,3434874100,35203624000,2940.1916,2993.1766,2935.8295,2964.8421
104305000,2992.9662,7807800,71207400,3442681900,35274831400,2940.1916,2993.1766,2935.8295,2964.8421
104308000,2993.2639,15778500,102331400,3458460400,35377162800,2940.1916,2993.2639,2935.8295,2964.8421
104314000,2993.1397,4562700,46955600,3463023100,35424118400,2940.1916,2993.2639,2935.8295,2964.8421
104320000,2993.1146,7592000,72147800,3470615100,35496266200,2940.1916,2993.2639,2935.8295,2964.8421
104324000,2993.2274,8898300,67844300,3479513400,35564110500,2940.1916,2993.2639,2935.8295,2964.8421
104329000,2992.4102,4513200,45607200,3484026600,35609717700,2940.1916,2993.2639,2935.8295,2964.8421
104335000,2992.7982,6173100,53328900,3490199700,35663046600,2940.1916,2993.2639,2935.8295,2964.8421
104339000,2992.5998,6421200,58059200,3496620900,35721105800,2940.1916,2993.2639,2935.8295,2964.8421
104345000,2992.5399,2702600,26824800,3499323500,35747930600,2940.1916,2993.2639,2935.8295,2964.8421
104350000,2992.1318,5715800,55704000,3505039300,35803634600,2940.1916,2993.2639,2935.8295,2964.8421
104354000,2992.4274,5706200,57900400,3510745500,35861535000,2940.1916,2993.2639,2935.8295,2964.8421
104359000,2991.9934,5106600,51696500,3515852100,35913231500,2940.1916,2993.2639,2935.8295,2964.8421
104405000,2992.2878,3978100,38747800,3519830200,35951979300,2940.1916,2993.2639,2935.8295,2964.8421
104408000,2992.364,5101300,48130700,3524931500,36000110000,2940.1916,2993.2639,2935.8295,2964.8421
104415000,2992.1892,2285700,25917900,3527217200,36026027900,2940.1916,2993.2639,2935.8295,2964.8421
104420000,2992.1911,4152200,36625600,3531369400,36062653500,2940.1916,2993.2639,2935.8295,2964.8421
104424000,2992.0533,4072900,38840200,3535442300,36101493700,2940.1916,2993.2639,2935.8295,2964.8421
104429000,2991.7045,2571600,31013600,3538013900,36132507300,2940.1916,2993.2639,2935.8295,2964.8421
104435000,2992.2947,3972800,33561600,3541986700,36166068900,2940.1916,2993.2639,2935.8295,2964.8421
104438000,2992.3022,4148800,41943400,3546135500,36208012300,2940.1916,2993.2639,2935.8295,2964.8421
104445000,2992.4881,3274300,25919800,3549409800,36233932100,2940.1916,2993.2639,2935.8295,2964.8421
104450000,2992.8564,3960300,35719900,3553370100,36269652000,2940.1916,2993.2639,2935.8295,2964.8421
104454000,2992.6098,5698700,45190900,3559068800,36314842900,2940.1916,2993.2639,2935.8295,2964.8421
104459000,2992.4744,3872300,35853200,3562941100,36350696100,2940.1916,2993.2639,2935.8295,2964.8421
104505000,2993.0344,4022400,35326100,3566963500,36386022200,2940.1916,2993.2639,2935.8295,2964.8421
104508000,2993.2169,6250900,57379800,3573214400,36443402000,2940.1916,2993.2639,2935.8295,2964.8421
104515000,2993.1458,3157800,27372100,3576372200,36470774100,2940.1916,2993.2639,2935.8295,2964.8421
104520000,2993.4005,5983900,53273700,3582356100,36524047800,2940.1916,2993.4005,2935.8295,2964.8421
104524000,2993.5449,6008600,53321500,3588364700,36577369300,2940.1916,2993.7629,2935.8295,2964.8421
104529000,2993.8406,4137800,38507600,3592502500,36615876900,2940.1916,2993.8986,2935.8295,2964.8421
104535000,2994.4565,5372200,52861900,3597874700,36668738800,2940.1916,2994.4565,2935.8295,2964.8421
104538000,2994.6068,8812400,76527900,3606687100,36745266700,2940.1916,2994.635,2935.8295,2964.8421
104544000,2994.6635,4260200,30759100,3610947300,36776025800,2940.1916,2994.6635,2935.8295,2964.8421
104550000,2994.9223,8305500,69994500,3619252800,36846020300,2940.1916,2994.9223,2935.8295,2964.8421
104554000,2995.1014,5025300,50872100,3624278100,36896892400,2940.1916,2995.1411,2935.8295,2964.8421
104559000,2995.3896,6438100,43902100,3630716200,36940794500,2940.1916,2995.526,2935.8295,2964.8421
104605000,2996.1278,7852700,75461700,3638568900,37016256200,2940.1916,2996.1278,2935.8295,2964.8421
104609000,2996.0364,6989500,73403500,3645558400,37089659700,2940.1916,2996.3101,2935.8295,2964.8421
104614000,2995.9398,3469900,31502100,3649028300,37121161800,2940.1916,2996.3101,2935.8295,2964.8421
104620000,2996.4196,7723300,65965200,3656751600,37187127000,2940.1916,2996.4196,2935.8295,2964.8421
104624000,2996.5553,6157200,57497400,3662908800,37244624400,2940.1916,2996.9163,2935.8295,2964.8421
104629000,2997.1092,4014300,43517700,3666923100,37288142100,2940.1916,2997.2043,2935.8295,2964.8421
104635000,2997.5378,6114700,69930000,3673037800,37358072100,2940.1916,2997.5378,2935.8295,2964.8421
104638000,2996.9595,5377000,56047900,3678414800,37414120000,2940.1916,2997.5869,2935.8295,2964.8421
104644000,2997.5711,3395800,37915800,3681810600,37452035800,2940.1916,2997.5869,2935.8295,2964.8421
104650000,2997.79,5580200,61369700,3687390800,37513405500,2940.1916,2997.79,2935.8295,2964.8421
104654000,2997.5834,6168600,60705100,3693559400,37574110600,2940.1916,2997.8864,2935.8295,2964.8421
104659000,2998.0027,5588300,67772300,3699147700,37641882900,2940.1916,2998.1005,2935.8295,2964.8421
104705000,2998.2931,4586000,45127100,3703733700,37687010000,2940.1916,2998.2931,2935.8295,2964.8421
104709000,2997.9973,5244000,62332500,3708977700,37749342500,2940.1916,2998.2931,2935.8295,2964.8421
104714000,2997.5125,4127800,42339000,3713105500,37791681500,2940.1916,2998.2931,2935.8295,2964.8421
104720000,2997.2441,6614400,65418200,3719719900,37857099700,2940.1916,2998.2931,2935.8295,2964.8421
104724000,2997.0009,6514900,68456900,3726234800,37925556600,2940.1916,2998.2931,2935.8295,2964.8421
104729000,2996.211,4985600,45932500,3731220400,37971489100,2940.1916,2998.2931,2935.8295,2964.8421
104735000,2996.475,6751300,60186500,3737971700,38031675600,2940.1916,2998.2931,2935.8295,2964.8421
104738000,2995.9829,7082300,62215800,3745054000,38093891400,2940.1916,2998.2931,2935.8295,2964.8421
104744000,2996.1973,2702600,30229100,3747756600,38124120500,2940.1916,2998.2931,2935.8295,2964.8421
104750000,2995.864,7120300,65189400,3754876900,38189309900,2940.1916,2998.2931,2935.8295,2964.8421
104754000,2995.2892,6223000,60953700,3761099900,38250263600,2940.1916,2998.2931,2935.8295,2964.8421
104759000,2994.7009,3909000,37982700,3765008900,38288246300,2940.1916,2998.2931,2935.8295,2964.8421
104805000,2994.5922,4813400,41110600,3769822300,38329356900,2940.1916,2998.2931,2935.8295,2964.8421
104809000,2994.5782,4777200,46730000,3774599500,38376086900,2940.1916,2998.2931,2935.8295,2964.8421
104815000,2994.6923,2521800,25401100,3777121300,38401488000,2940.1916,2998.2931,2935.8295,2964.8421
104820000,2993.9647,4993900,48279600,3782115200,38449767600,2940.1916,2998.2931,2935.8295,2964.8421
104824000,2994.2723,5100900,50037600,3787216100,38499805200,2940.1916,2998.2931,2935.8295,2964.8421
104829000,2993.6943,3214000,31792100,3790430100,38531597300,2940.1916,2998.2931,2935.8295,2964.8421
104835000,2993.7576,3738200,32570300,3794168300,38564167600,2940.1916,2998.2931,2935.8295,2964.8421
104838000,2993.5541,3254000,37010600,3797422300,38601178200,2940.1916,2998.2931,2935.8295,2964.8421
104844000,2993.2812,1660800,20262700,3799083100,38621440900,2940.1916,2998.2931,2935.8295,2964.8421
104850000,2992.8539,4870000,48434300,3803953100,38669875200,2940.1916,2998.2931,2935.8295,2964.8421
104854000,2992.4408,3688100,36766100,3807641200,38706641300,2940.1916,2998.2931,2935.8295,2964.8421
104859000,2992.2059,3037000,29966300,3810678200,38736607600,2940.1916,2998.2931,2935.8295,2964.8421
104905000,2991.9876,3480500,34113300,3814158700,38770720900,2940.1916,2998.2931,2935.8295,2964.8421
104909000,2992.1373,3236400,38806300,3817395100,38809527200,2940.1916,2998.2931,2935.8295,2964.8421
104915000,2991.6364,2220800,27229400,3819615900,38836756600,2940.1916,2998.2931,2935.8295,2964.8421
104920000,2991.3898,4801500,49036400,3824417400,38885793000,2940.1916,2998.2931,2935.8295,2964.8421
104924000,2991.3745,3061200,30415800,3827478600,38916208800,2940.1916,2998.2931,2935.8295,2964.8421
104929000,2991.3441,2349800,26906800,3829828400,38943115600,2940.1916,2998.2931,2935.8295,2964.8421
104935000,2991.2896,2757600,27819400,3832586000,38970935000,2940.1916,2998.2931,2935.8295,2964.8421
104938000,2991.3262,3115000,31436000,3835701000,39002371000,2940.1916,2998.2931,2935.8295,2964.8421
104944000,2990.7681,1074700,12757800,3836775700,39015128800,2940.1916,2998.2931,2935.8295,2964.8421
104950000,2990.5425,2700000,27981300,3839475700,39043110100,2940.1916,2998.2931,2935.8295,2964.8421
104954000,2990.7723,3340800,32632200,3842816500,39075742300,2940.1916,2998.2931,2935.8295,2964.8421
104959000,2990.0486,2390500,23072200,3845207000,39098814500,2940.1916,2998.2931,2935.8295,2964.8421
105005000,2990.621,2625700,23754600,3847832700,39122569100,2940.1916,2998.2931,2935.8295,2964.8421
105009000,2990.8559,3065100,28085900,3850897800,39150655000,2940.1916,2998.2931,2935.8295,2964.8421
105014000,2990.6662,2043100,18587200,3852940900,39169242200,2940.1916,2998.2931,2935.8295,2964.8421
105020000,2990.5788,2353600,26995900,3855294500,39196238100,2940.1916,2998.2931,2935.8295,2964.8421
105024000,2990.6554,3242400,29345500,3858536900,39225583600,2940.1916,2998.2931,2935.8295,2964.8421
105029000,2990.3972,1801200,18641700,3860338100,39244225300,2940.1916,2998.2931,2935.8295,2964.8421
105035000,2990.9842,2387000,25701700,3862725100,39269927000,2940.1916,2998.2931,2935.8295,2964.8421
105038000,2990.5115,5472000,37886800,3868197100,39307813800,2940.1916,2998.2931,2935.8295,2964.8421
105044000,2990.6235,1197500,11949000,3869394600,39319762800,2940.1916,2998.2931,2935.8295,2964.8421
105050000,2990.4007,2407600,24961000,3871802200,39344723800,2940.1916,2998.2931,2935.8295,2964.8421
105054000,2990.7402,2873200,29787000,3874675400,39374510800,2940.1916,2998.2931,2935.8295,2964.8421
105059000,2990.6997,1912200,17885300,3876587600,39392396100,2940.1916,2998.2931,2935.8295,2964.8421
105105000,2990.4088,2318100,21003900,3878905700,39413400000,2940.1916,2998.2931,2935.8295,2964.8421
105109000,2990.6086,2185500,27065600,3881091200,39440465600,2940.1916,2998.2931,2935.8295,2964.8421
105114000,2990.7442,1415900,12536100,3882507100,39453001700,2940.1916,2998.2931,2935.8295,2964.8421
105120000,2990.9096,2373800,24552000,3884880900,39477553700,2940.1916,2998.2931,2935.8295,2964.8421
105124000,2990.3423,2591100,28785000,3887472000,39506338700,2940.1916,2998.2931,2935.8295,2964.8421
105129000,2990.5976,1899300,20405500,3889371300,39526744200,2940.1916,2998.2931,2935.8295,2964.8421
105135000,2989.3409,3630100,36975100,3893001400,39563719300,2940.1916,2998.2931,2935.8295,2964.8421
105139000,2989.299,4185300,48948800,3897186700,39612668100,2940.1916,2998.2931,2935.8295,2964.8421
105144000,2988.9687,1543400,13856900,3898730100,39626525000,2940.1916,2998.2931,2935.8295,2964.8421
105150000,2988.9744,3193400,34203100,3901923500,39660728100,2940.1916,2998.2931,2935.8295,2964.8421
105154000,2988.8879,2596900,27499500,3904520400,39688227600,2940.1916,2998.2931,2935.8295,2964.8421
105159000,2988.9921,1636700,20427500,3906157100,39708655100,2940.1916,2998.2931,2935.8295,2964.8421
105205000,2987.6295,1921200,19048400,3908078300,39727703500,2940.1916,2998.2931,2935.8295,2964.8421
105208000,2988.3565,4135000,43839800,3912213300,39771543300,2940.1916,2998.2931,2935.8295,2964.8421
105215000,2988.7485,1425100,16437900,3913638400,39787981200,2940.1916,2998.2931,2935.8295,2964.8421
105220000,2988.7098,2457700,27395900,3916096100,39815377100,2940.1916,2998.2931,2935.8295,2964.8421
105224000,2988.6631,2754600,28645800,3918850700,39844022900,2940.1916,2998.2931,2935.8295,2964.8421
105229000,2988.3216,1702700,20241400,3920553400,39864264300,2940.1916,2998.2931,2935.8295,2964.8421
105235000,2988.906,2229400,16269700,3922782800,39880534000,2940.1916,2998.2931,2935.8295,2964.8421
105238000,2988.0658,2795000,21746500,3925577800,39902280500,2940.1916,2998.2931,2935.8295,2964.8421
105245000,2988.8093,1663100,12486300,3927240900,39914766800,2940.1916,2998.2931,2935.8295,2964.8421
105250000,2988.5687,2734600,26376500,3929975500,39941143300,2940.1916,2998.2931,2935.8295,2964.8421
105254000,2988.6009,3282100,22639100,3933257600,39963782400,2940.1916,2998.2931,2935.8295,2964.8421
105259000,2988.8595,1414600,14640700,3934672200,39978423100,2940.1916,2998.2931,2935.8295,2964.8421
105305000,2988.3053,1839300,16223800,3936511500,39994646900,2940.1916,2998.2931,2935.8295,2964.8421
105309000,2988.3758,3914800,33650900,3940426300,40028297800,2940.1916,2998.2931,2935.8295,2964.8421
105315000,2988.1823,814900,10659900,3941241200,40038957700,2940.1916,2998.2931,2935.8295,2964.8421
105320000,2988.4122,2220400,21983800,3943461600,40060941500,2940.1916,2998.2931,2935.8295,2964.8421
105324000,2988.1965,2642200,28094500,3946103800,40089036000,2940.1916,2998.2931,2935.8295,2964.8421
105329000,2988.2908,2306900,18896900,3948410700,40107932900,2940.1916,2998.2931,2935.8295,2964.8421
105335000,2988.1595,2206600,18178600,3950617300,40126111500,2940.1916,2998.2931,2935.8295,2964.8421
105338000,2988.0589,2197500,21621600,3952814800,40147733100,2940.1916,2998.2931,2935.8295,2964.8421
105345000,2988.6695,964800,12803400,3953779600,40160536500,2940.1916,2998.2931,2935.8295,2964.8421
105350000,2988.3283,2355200,20345600,3956134800,40180882100,2940.1916,2998.2931,2935.8295,2964.8421
105354000,2988.4291,2042800,20116700,3958177600,40200998800,2940.1916,2998.2931,2935.8295,2964.8421
105359000,2988.3498,1172700,13230500,3959350300,40214229300,2940.1916,2998.2931,2935.8295,2964.8421
105405000,2988.6229,1736000,20241100,3961086300,40234470400,2940.1916,2998.2931,2935.8295,2964.8421
105409000,2988.2681,2236900,29309800,3963323200,40263780200,2940.1916,2998.2931,2935.8295,2964.8421
105415000,2988.2485,960500,11029300,3964283700,40274809500,2940.1916,2998.2931,2935.8295,2964.8421
105420000,2987.8689,2092900,23850100,3966376600,40298659600,2940.1916,2998.2931,2935.8295,2964.8421
105424000,2987.8776,2940600,30827300,3969317200,40329486900,2940.1916,2998.2931,2935.8295,2964.8421
105429000,2987.6434,1275300,15007700,3970592500,40344494600,2940.1916,2998.2931,2935.8295,2964.8421
105435000,2988.21,1444100,17713100,3972036600,40362207700,2940.1916,2998.2931,2935.8295,2964.8421
105438000,2988.2785,1819400,21818900,3973856000,40384026600,2940.1916,2998.2931,2935.8295,2964.8421
105444000,2988.2427,671600,8250000,3974527600,40392276600,2940.1916,2998.2931,2935.8295,2964.8421
105450000,2987.9749,1552200,21951600,3976079800,40414228200,2940.1916,2998.2931,2935.8295,2964.8421
105454000,2987.6275,1890900,21076700,3977970700,40435304900,2940.1916,2998.2931,2935.8295,2964.8421
105459000,2987.7041,1925100,18896900,3979895800,40454201800,2940.1916,2998.2931,2935.8295,2964.8421
105505000,2988.1287,1517300,16277200,3981413100,40470479000,2940.1916,2998.2931,2935.8295,2964.8421
105508000,2988.09,2225000,21243600,3983638100,40491722600,2940.1916,2998.2931,2935.8295,2964.8421
105515000,2987.7278,926600,10375900,3984564700,40502098500,2940.1916,2998.2931,2935.8295,2964.8421
105520000,2987.8127,2230700,28611000,3986795400,40530709500,2940.1916,2998.2931,2935.8295,2964.8421
105524000,2988.0922,2439600,27892300,3989235000,40558601800,2940.1916,2998.2931,2935.8295,2964.8421
105529000,2987.8908,1360800,18200800,3990595800,40576802600,2940.1916,2998.2931,2935.8295,2964.8421
105535000,2987.7884,2077600,18961500,3992673400,40595764100,2940.1916,2998.2931,2935.8295,2964.8421
105538000,2987.8032,2095100,22207100,3994768500,40617971200,2940.1916,2998.2931,2935.8295,2964.8421
105544000,2988.4175,705500,8494500,3995474000,40626465700,2940.1916,2998.2931,2935.8295,2964.8421
105550000,2988.1011,3194800,22178000,3998668800,40648643700,2940.1916,2998.2931,2935.8295,2964.8421
105554000,2987.9247,1586800,17289900,4000255600,40665933600,2940.1916,2998.2931,2935.8295,2964.8421
105559000,2988.2915,1212900,15362800,4001468500,40681296400,2940.1916,2998.2931,2935.8295,2964.8421
105605000,2988.3956,1750000,16152800,4003218500,40697449200,2940.1916,2998.2931,2935.8295,2964.8421
105608000,2988.4229,2152200,22311300,4005370700,40719760500,2940.1916,2998.2931,2935.8295,2964.8421
105615000,2988.5946,1202200,12540600,4006572900,40732301100,2940.1916,2998.2931,2935.8295,2964.8421
105620000,2988.3987,2470000,27035600,4009042900,40759336700,2940.1916,2998.2931,2935.8295,2964.8421
105624000,2988.9245,2268900,23880600,4011311800,40783217300,2940.1916,2998.2931,2935.8295,2964.8421
105629000,2988.6527,1243700,13473300,4012555500,40796690600,2940.1916,2998.2931,2935.8295,2964.8421
105635000,2988.6707,2069300,17328500,4014624800,40814019100,2940.1916,2998.2931,2935.8295,2964.8421
105639000,2988.7034,1499300,20985500,4016124100,40835004600,2940.1916,2998.2931,2935.8295,2964.8421
105644000,2988.6904,1099400,11447700,4017223500,40846452300,2940.1916,2998.2931,2935.8295,2964.8421
105650000,2989.1312,2201400,24388400,4019424900,40870840700,2940.1916,2998.2931,2935.8295,2964.8421
105654000,2988.7643,1820300,21887100,4021245200,40892727800,2940.1916,2998.2931,2935.8295,2964.8421
105659000,2989.1152,1097600,12934900,4022342800,40905662700,2940.1916,2998.2931,2935.8295,2964.8421
105705000,2989.079,2339400,26760600,4024682200,40932423300,2940.1916,2998.2931,2935.8295,2964.8421
105708000,2989.3611,2102800,23924600,4026785000,40956347900,2940.1916,2998.2931,2935.8295,2964.8421
105715000,2989.3836,1505200,16084000,4028290200,40972431900,2940.1916,2998.2931,2935.8295,2964.8421
105720000,2989.4979,2371200,25254200,4030661400,40997686100,2940.1916,2998.2931,2935.8295,2964.8421
105724000,2990.0329,3297300,35250100,4033958700,41032936200,2940.1916,2998.2931,2935.8295,2964.8421
105729000,2989.7751,2538700,25422300,4036497400,41058358500,2940.1916,2998.2931,2935.8295,2964.8421
105735000,2990.2874,1563600,20606700,4038061000,41078965200,2940.1916,2998.2931,2935.8295,2964.8421
105738000,2990.1553,2412500,24944700,4040473500,41103909900,2940.1916,2998.2931,2935.8295,2964.8421
105744000,2990.6758,984300,12739600,4041457800,41116649500,2940.1916,2998.2931,2935.8295,2964.8421
105750000,2990.2872,2401800,25324900,4043859600,41141974400,2940.1916,2998.2931,2935.8295,2964.8421
105754000,2990.3821,2496100,26657100,4046355700,41168631500,2940.1916,2998.2931,2935.8295,2964.8421
105759000,2990.3762,1949500,20927200,4048305200,41189558700,2940.1916,2998.2931,2935.8295,2964.8421
105805000,2990.7711,2257800,23999600,4050563000,41213558300,2940.1916,2998.2931,2935.8295,2964.8421
105809000,2991.1055,3357400,33907000,4053920400,41247465300,2940.1916,2998.2931,2935.8295,2964.8421
105815000,2991.4494,2531500,27077700,4056451900,41274543000,2940.1916,2998.2931,2935.8295,2964.8421
105820000,2991.9954,4417200,51730200,4060869100,41326273200,2940.1916,2998.2931,2935.8295,2964.8421
105824000,2992.7166,4531500,54386400,4065400600,41380659600,2940.1916,2998.2931,2935.8295,2964.8421
105829000,2993.3527,6376600,58329300,4071777200,41438988900,2940.1916,2998.2931,2935.8295,2964.8421
105835000,2994.4258,4278400,48174200,4076055600,41487163100,2940.1916,2998.2931,2935.8295,2964.8421
105839000,2994.4056,5901400,64949500,4081957000,41552112600,2940.1916,2998.2931,2935.8295,2964.8421
105845000,2994.2141,3315100,35574100,4085272100,41587686700,2940.1916,2998.2931,2935.8295,2964.8421
105850000,2994.7951,4529400,51195800,4089801500,41638882500,2940.1916,2998.2931,2935.8295,2964.8421
105854000,2994.6723,5338600,57006900,4095140100,41695889400,2940.1916,2998.2931,2935.8295,2964.8421
105859000,2995.5193,4238400,51165300,4099378500,41747054700,2940.1916,2998.2931,2935.8295,2964.8421
105905000,2995.5568,4408000,39007600,4103786500,41786062300,2940.1916,2998.2931,2935.8295,2964.8421
105908000,2995.8585,6278600,62183900,4110065100,41848246200,2940.1916,2998.2931,2935.8295,2964.8421
105914000,2996.1541,2474200,30307600,4112539300,41878553800,2940.1916,2998.2931,2935.8295,2964.8421
105920000,2996.3211,5224100,63040100,4117763400,41941593900,2940.1916,2998.2931,2935.8295,2964.8421
105924000,2996.7666,6360700,55414300,4124124100,41997008200,2940.1916,2998.2931,2935.8295,2964.8421
105929000,2996.4847,3373900,32676300,4127498000,42029684500,2940.1916,2998.2931,2935.8295,2964.8421
105935000,2997.2093,3106400,36667200,4130604400,42066351700,2940.1916,2998.2931,2935.8295,2964.8421
105938000,2997.1325,4710900,39996500,4135315300,42106348200,2940.1916,2998.2931,2935.8295,2964.8421
105944000,2996.5056,2542900,28238300,4137858200,42134586500,2940.1916,2998.2931,2935.8295,2964.8421
105950000,2997.2192,4531200,47681100,4142389400,42182267600,2940.1916,2998.2931,2935.8295,2964.8421
105954000,2997.3926,3699300,44058000,4146088700,42226325600,2940.1916,2998.2931,2935.8295,2964.8421
110000000,2997.1556,4159500,36088200,4150248200,42262413800,2940.1916,2998.2931,2935.8295,2964.8421
110005000,2998.0402,6460100,52673900,4156708300,42315087700,2940.1916,2998.2931,2935.8295,2964.8421
110008000,2998.5328,6586700,52722200,4163295000,42367809900,2940.1916,2998.5539,2935.8295,2964.8421
110014000,2998.2935,2345500,21604200,4165640500,42389414100,2940.1916,2998.5539,2935.8295,2964.8421
110020000,2998.4981,5902000,51022900,4171542500,42440437000,2940.1916,2998.5539,2935.8295,2964.8421
110024000,2998.7437,4906500,44457800,4176449000,42484894800,2940.1916,2998.7437,2935.8295,2964.8421
110029000,2998.7357,10896600,56340800,4187345600,42541235600,2940.1916,2998.8385,2935.8295,2964.8421
110035000,2998.0264,3535700,41359200,4190881300,42582594800,2940.1916,2998.8385,2935.8295,2964.8421
110038000,2998.4848,5834400,55733400,4196715700,42638328200,2940.1916,2998.8385,2935.8295,2964.8421
110044000,2998.4864,5489000,51880200,4202204700,42690208400,2940.1916,2998.8385,2935.8295,2964.8421
110050000,2998.2724,5219800,53801800,4207424500,42744010200,2940.1916,2998.8385,2935.8295,2964.8421
110054000,2998.5778,3688300,44535500,4211112800,42788545700,2940.1916,2998.8385,2935.8295,2964.8421
110059000,2998.6693,3394800,41153500,4214507600,42829699200,2940.1916,2998.8385,2935.8295,2964.8421
110105000,2998.6336,3880200,36404000,4218387800,42866103200,2940.1916,2998.8385,2935.8295,2964.8421
110108000,2998.4165,4118900,36202600,4222506700,42902305800,2940.1916,2998.8385,2935.8295,2964.8421
110114000,2998.3621,1971600,24002200,4224478300,42926308000,2940.1916,2998.8385,2935.8295,2964.8421
110120000,2998.3639,3710100,39427100,4228188400,42965735100,2940.1916,2998.8385,2935.8295,2964.8421
110124000,2998.2966,3636000,36178200,4231824400,43001913300,2940.1916,2998.8385,2935.8295,2964.8421
110129000,2998.3665,3317000,32189000,4235141400,43034102300,2940.1916,2998.8385,2935.8295,2964.8421
110135000,2998.6801,4004000,41662100,4239145400,43075764400,2940.1916,2998.8385,2935.8295,2964.8421
110138000,2998.5492,3153500,34297500,4242298900,43110061900,2940.1916,2998.9277,2935.8295,2964.8421
110145000,2998.6804,2047900,19713500,4244346800,43129775400,2940.1916,2998.9277,2935.8295,2964.8421
110150000,2998.6708,4521400,43320300,4248868200,43173095700,2940.1916,2998.9277,2935.8295,2964.8421
110154000,2999.1465,3482500,32850700,4252350700,43205946400,2940.1916,2999.2503,2935.8295,2964.8421
110159000,2999.2456,3612700,31406400,4255963400,43237352800,2940.1916,2999.3614,2935.8295,2964.8421
110205000,2999.4935,2556300,29945700,4258519700,43267298500,2940.1916,2999.4935,2935.8295,2964.8421
110208000,2999.0142,2898100,30200500,4261417800,43297499000,2940.1916,2999.4935,2935.8295,2964.8421
110215000,2998.8404,3984400,34104800,4265402200,43331603800,2940.1916,2999.4935,2935.8295,2964.8421
110220000,2998.9159,3512000,38516200,4268914200,43370120000,2940.1916,2999.4935,2935.8295,2964.8421
110224000,2998.6676,3651700,36310900,4272565900,43406430900,2940.1916,2999.4935,2935.8295,2964.8421
110229000,2998.4602,2766500,32019100,4275332400,43438450000,2940.1916,2999.4935,2935.8295,2964.8421
110235000,2998.7653,3029100,30136600,4278361500,43468586600,2940.1916,2999.4935,2935.8295,2964.8421
110238000,2997.9464,3819800,32370100,4282181300,43500956700,2940.1916,2999.4935,2935.8295,2964.8421
110244000,2998.1871,3636300,24945000,4285817600,43525901700,2940.1916,2999.4935,2935.8295,2964.8421
110250000,2997.6044,4691000,39865800,4290508600,43565767500,2940.1916,2999.4935,2935.8295,2964.8421
110254000,2997.8276,4768600,37083200,4295277200,43602850700,2940.1916,2999.4935,2935.8295,2964.8421
110259000,2997.8973,2605000,25525200,4297882200,43628375900,2940.1916,2999.4935,2935.8295,2964.8421
110305000,2997.8187,3307300,33482700,4301189500,43661858600,2940.1916,2999.4935,2935.8295,2964.8421
110309000,2997.8386,3447400,29294200,4304636900,43691152800,2940.1916,2999.4935,2935.8295,2964.8421
110315000,2998.025,1569800,17298400,4306206700,43708451200,2940.1916,2999.4935,2935.8295,2964.8421
110320000,2998.0297,2426100,24024200,4308632800,43732475400,2940.1916,2999.4935,2935.8295,2964.8421
110324000,2998.1849,3096400,28028800,4311729200,43760504200,2940.1916,2999.4935,2935.8295,2964.8421
110329000,2998.019,2381400,24995600,4314110600,43785499800,2940.1916,2999.4935,2935.8295,2964.8421
110335000,2998.1319,2850300,29708100,4316960900,43815207900,2940.1916,2999.4935,2935.8295,2964.8421
110338000,2998.2271,3431800,37296300,4320392700,43852504200,2940.1916,2999.4935,2935.8295,2964.8421
110344000,2998.4417,1573600,18363700,4321966300,43870867900,2940.1916,2999.4935,2935.8295,2964.8421
110350000,2999.093,3964600,53133900,4325930900,43924001800,2940.1916,2999.4935,2935.8295,2964.8421
110354000,2999.4963,4520500,50134700,4330451400,43974136500,2940.1916,2999.5716,2935.8295,2964.8421
110359000,2999.5815,3745900,42620500,4334197300,44016757000,2940.1916,2999.5815,2935.8295,2964.8421
110405000,2999.5192,3643200,40460600,4337840500,44057217600,2940.1916,2999.5815,2935.8295,2964.8421
110409000,2999.8283,4759200,49903500,4342599700,44107121100,2940.1916,2999.9035,2935.8295,2964.8421
110415000,3000.1293,2251200,25564500,4344850900,44132685600,2940.1916,3000.1293,2935.8295,2964.8421
110420000,2999.6402,3946200,44634900,4348797100,44177320500,2940.1916,3000.1293,2935.8295,2964.8421
110424000,2999.9941,3597500,36904300,4352394600,44214224800,2940.1916,3000.1333,2935.8295,2964.8421
110429000,3000.3141,4578700,38575700,4356973300,44252800500,2940.1916,3000.3318,2935.8295,2964.8421
110435000,3000.5036,4542000,45322700,4361515300,44298123200,2940.1916,3000.5036,2935.8295,2964.8421
110438000,3000.5998,6790800,61586600,4368306100,44359709800,2940.1916,3000.5998,2935.8295,2964.8421
110444000,3000.5426,3859900,32756200,4372166000,44392466000,2940.1916,3000.5998,2935.8295,2964.8421
110450000,3000.7659,10043800,73287300,4382209800,44465753300,2940.1916,3000.7659,2935.8295,2964.8421
110454000,3000.6203,22925300,157862400,4405135100,44623615700,2940.1916,3000.8692,2935.8295,2964.8421
110459000,3000.8934,4818700,45837500,4409953800,44669453200,2940.1916,3001.1113,2935.8295,2964.8421
110505000,3001.131,4865100,43547300,4414818900,44713000500,2940.1916,3001.1761,2935.8295,2964.8421
110508000,3001.4436,5244900,50560900,4420063800,44763561400,2940.1916,3001.4945,2935.8295,2964.8421
110514000,3001.7424,3357600,32312500,4423421400,44795873900,2940.1916,3001.7424,2935.8295,2964.8421
110520000,3001.9211,4865500,51817400,4428286900,44847691300,2940.1916,3001.9211,2935.8295,2964.8421
110524000,3002.2955,4538100,48028200,4432825000,44895719500,2940.1916,3002.4098,2935.8295,2964.8421
110529000,3002.2236,4765100,53960600,4437590100,44949680100,2940.1916,3002.4143,2935.8295,2964.8421
110535000,3002.5264,4594600,43221800,4442184700,44992901900,2940.1916,3002.625,2935.8295,2964.8421
110539000,3002.6615,4736900,42504100,4446921600,45035406000,2940.1916,3002.7733,2935.8295,2964.8421
110544000,3002.7189,3190000,36723800,4450111600,45072129800,2940.1916,3002.7733,2935.8295,2964.8421
110550000,3003.0039,6529300,62406800,4456640900,45134536600,2940.1916,3003.0665,2935.8295,2964.8421
110554000,3003.2397,5237900,56830000,4461878800,45191366600,2940.1916,3003.5579,2935.8295,2964.8421
110559000,3003.6179,4953000,50280100,4466831800,45241646700,2940.1916,3003.6473,2935.8295,2964.8421
110605000,3004.0404,6086900,62598500,4472918700,45304245200,2940.1916,3004.2522,2935.8295,2964.8421
110608000,3004.5531,4880700,53712300,4477799400,45357957500,2940.1916,3004.7136,2935.8295,2964.8421
110615000,3005.2685,4465200,39697400,4482264600,45397654900,2940.1916,3005.2685,2935.8295,2964.8421
110620000,3005.301,6984900,72219200,4489249500,45469874100,2940.1916,3005.4797,2935.8295,2964.8421
110624000,3006.1376,6926300,70732800,4496175800,45540606900,2940.1916,3006.1376,2935.8295,2964.8421
110629000,3005.8564,6420800,61643700,4502596600,45602250600,2940.1916,3006.1376,2935.8295,2964.8421
110635000,3006.4777,5084400,52926900,4507681000,45655177500,2940.1916,3006.5846,2935.8295,2964.8421
110638000,3006.1286,5683200,57745100,4513364200,45712922600,2940.1916,3006.5846,2935.8295,2964.8421
110644000,3006.12,3994200,39429200,4517358400,45752351800,2940.1916,3006.5846,2935.8295,2964.8421
110650000,3006.6293,6088900,54876400,4523447300,45807228200,2940.1916,3006.7313,2935.8295,2964.8421
110654000,3007.0399,6487700,60655000,4529935000,45867883200,2940.1916,3007.0399,2935.8295,2964.8421
110659000,3006.861,16335800,78771300,4546270800,45946654500,2940.1916,3007.0399,2935.8295,2964.8421
110705000,3007.1681,5534700,59227200,4551805500,46005881700,2940.1916,3007.3889,2935.8295,2964.8421
110708000,3007.082,6971600,61584300,4558777100,46067466000,2940.1916,3007.3889,2935.8295,2964.8421
110715000,3006.6291,3989000,51864300,4562766100,46119330300,2940.1916,3007.3889,2935.8295,2964.8421
110720000,3006.5892,7536700,79948200,4570302800,46199278500,2940.1916,3007.3889,2935.8295,2964.8421
110724000,3006.4517,6939000,64112600,4577241800,46263391100,2940.1916,3007.3889,2935.8295,2964.8421
110729000,3006.6488,7039800,60938900,4584281600,46324330000,2940.1916,3007.3889,2935.8295,2964.8421
110735000,3006.1628,4827000,55058400,4589108600,46379388400,2940.1916,3007.3889,2935.8295,2964.8421
110738000,3006.3604,5845600,54089900,4594954200,46433478300,2940.1916,3007.3889,2935.8295,2964.8421
110744000,3006.2,2955500,29689100,4597909700,46463167400,2940.1916,3007.3889,2935.8295,2964.8421
110750000,3006.1761,6739800,66580900,4604649500,46529748300,2940.1916,3007.3889,2935.8295,2964.8421
110754000,3006.1284,4336400,46065700,4608985900,46575814000,2940.1916,3007.3889,2935.8295,2964.8421
110759000,3005.7808,4490600,46939800,4613476500,46622753800,2940.1916,3007.3889,2935.8295,2964.8421
110805000,3005.3035,3798900,34731500,4617275400,46657485300,2940.1916,3007.3889,2935.8295,2964.8421
110809000,3005.3642,3719900,38249300,4620995300,46695734600,2940.1916,3007.3889,2935.8295,2964.8421
110815000,3005.8194,2542800,29486500,4623538100,46725221100,2940.1916,3007.3889,2935.8295,2964.8421
110820000,3005.3043,4650000,47259700,4628188100,46772480800,2940.1916,3007.3889,2935.8295,2964.8421
110824000,3005.6666,3408200,41316200,4631596300,46813797000,2940.1916,3007.3889,2935.8295,2964.8421
110829000,3005.7328,3298300,36446300,4634894600,46850243300,2940.1916,3007.3889,2935.8295,2964.8421
110835000,3005.6584,3787500,33979300,4638682100,46884222600,2940.1916,3007.3889,2935.8295,2964.8421
110838000,3006.1546,4226700,37089100,4642908800,46921311700,2940.1916,3007.3889,2935.8295,2964.8421
110845000,3005.5835,2302300,21735700,4645211100,46943047400,2940.1916,3007.3889,2935.8295,2964.8421
110850000,3005.7523,5172000,46607600,4650383100,46989655000,2940.1916,3007.3889,2935.8295,2964.8421
110854000,3005.8256,4200300,43981100,4654583400,47033636100,2940.1916,3007.3889,2935.8295,2964.8421
110900000,3005.5491,4942800,45884600,4659526200,47079520700,2940.1916,3007.3889,2935.8295,2964.8421
110905000,3005.6641,3368000,32839400,4662894200,47112360100,2940.1916,3007.3889,2935.8295,2964.8421
110908000,3005.5823,2331100,23289600,4665225300,47135649700,2940.1916,3007.3889,2935.8295,2964.8421
110914000,3006.056,1800300,19357000,4667025600,47155006700,2940.1916,3007.3889,2935.8295,2964.8421
110920000,3006.0113,4370400,36988700,4671396000,47191995400,2940.1916,3007.3889,2935.8295,2964.8421
110924000,3006.3955,3279200,31007700,4674675200,47223003100,2940.1916,3007.3889,2935.8295,2964.8421
110929000,3006.5381,3031800,36910000,4677707000,47259913100,2940.1916,3007.3889,2935.8295,2964.8421
110935000,3006.3572,4854300,40653200,4682561300,47300566300,2940.1916,3007.3889,2935.8295,2964.8421
110938000,3006.9635,3057400,29289600,4685618700,47329855900,2940.1916,3007.3889,2935.8295,2964.8421
110945000,3006.7691,4241500,30990500,4689860200,47360846400,2940.1916,3007.3889,2935.8295,2964.8421
110950000,3006.4755,4462800,41235000,4694323000,47402081400,2940.1916,3007.3889,2935.8295,2964.8421
110954000,3006.8879,2885000,32372900,4697208000,47434454300,2940.1916,3007.3889,2935.8295,2964.8421
110959000,3006.5579,3994600,40031500,4701202600,47474485800,2940.1916,3007.3889,2935.8295,2964.8421
111005000,3006.6676,3861200,51067000,4705063800,47525552800,2940.1916,3007.3889,2935.8295,2964.8421
111008000,3006.9786,3024100,36360400,4708087900,47561913200,2940.1916,3007.3889,2935.8295,2964.8421
111015000,3006.6407,2677400,26911500,4710765300,47588824700,2940.1916,3007.3889,2935.8295,2964.8421
111020000,3006.659,4196600,44383000,4714961900,47633207700,2940.1916,3007.3889,2935.8295,2964.8421
111024000,3006.6874,3178600,31242200,4718140500,47664449900,2940.1916,3007.3889,2935.8295,2964.8421
111029000,3006.3747,3085600,32062400,4721226100,47696512300,2940.1916,3007.3889,2935.8295,2964.8421
111035000,3005.7124,4719000,49301100,4725945100,47745813400,2940.1916,3007.3889,2935.8295,2964.8421
111038000,3006.0082,2819900,30842600,4728765000,47776656000,2940.1916,3007.3889,2935.8295,2964.8421
111045000,3005.1825,3959000,40698400,4732724000,47817354400,2940.1916,3007.3889,2935.8295,2964.8421
111050000,3005.3004,6393900,66454300,4739117900,47883808700,2940.1916,3007.3889,2935.8295,2964.8421
111054000,3004.7478,4726200,38129400,4743844100,47921938100,2940.1916,3007.3889,2935.8295,2964.8421
111059000,3004.6085,4644500,50321700,4748488600,47972259800,2940.1916,3007.3889,2935.8295,2964.8421
111105000,3003.9439,4535000,43019300,4753023600,48015279100,2940.1916,3007.3889,2935.8295,2964.8421
111109000,3004.1586,2920500,27656500,4755944100,48042935600,2940.1916,3007.3889,2935.8295,2964.8421
111115000,3004.3994,2110200,25376100,4758054300,48068311700,2940.1916,3007.3889,2935.8295,2964.8421
111120000,3004.592,3947300,36363200,4762001600,48104674900,2940.1916,3007.3889,2935.8295,2964.8421
111124000,3004.4439,2308300,21946300,4764309900,48126621200,2940.1916,3007.3889,2935.8295,2964.8421
111130000,3004.6356,2931300,31240600,4767241200,48157861800,2940.1916,3007.3889,2935.8295,2964.8421
111135000,3004.5092,2136300,26449600,4769377500,48184311400,2940.1916,3007.3889,2935.8295,2964.8421
111139000,3004.1492,2082600,21274300,4771460100,48205585700,2940.1916,3007.3889,2935.8295,2964.8421
111145000,3004.3779,3333200,29347200,4774793300,48234932900,2940.1916,3007.3889,2935.8295,2964.8421
111150000,3004.3247,2579800,29827700,4777373100,48264760600,2940.1916,3007.3889,2935.8295,2964.8421
111154000,3004.4306,2085000,23850200,4779458100,48288610800,2940.1916,3007.3889,2935.8295,2964.8421
111159000,3004.1332,2047100,22051300,4781505200,48310662100,2940.1916,3007.3889,2935.8295,2964.8421
111205000,3004.1247,2562800,25620400,4784068000,48336282500,2940.1916,3007.3889,2935.8295,2964.8421
111209000,3004.4963,2282200,22188800,4786350200,48358471300,2940.1916,3007.3889,2935.8295,2964.8421
111215000,3003.9172,1937600,20671600,4788287800,48379142900,2940.1916,3007.3889,2935.8295,2964.8421
111220000,3004.2003,3517200,35802100,4791805000,48414945000,2940.1916,3007.3889,2935.8295,2964.8421
111224000,3004.2146,2061100,21502500,4793866100,48436447500,2940.1916,3007.3889,2935.8295,2964.8421
111230000,3004.1797,2473000,26622000,4796339100,48463069500,2940.1916,3007.3889,2935.8295,2964.8421
111235000,3004.0163,2196200,26525400,4798535300,48489594900,2940.1916,3007.3889,2935.8295,2964.8421
111239000,3004.1019,2258100,25445000,4800793400,48515039900,2940.1916,3007.3889,2935.8295,2964.8421
111245000,3004.0466,3270700,30654600,4804064100,48545694500,2940.1916,3007.3889,2935.8295,2964.8421
111250000,3003.9084,3297700,38595600,4807361800,48584290100,2940.1916,3007.3889,2935.8295,2964.8421
111254000,3004.1394,2567100,25454800,4809928900,48609744900,2940.1916,3007.3889,2935.8295,2964.8421
111300000,3004.1114,2930900,38155300,4812859800,48647900200,2940.1916,3007.3889,2935.8295,2964.8421
111305000,3004.1195,2732100,27628000,4815591900,48675528200,2940.1916,3007.3889,2935.8295,2964.8421
111308000,3004.4362,2376000,25387200,4817967900,48700915400,2940.1916,3007.3889,2935.8295,2964.8421
111314000,3003.9819,1848500,20565700,4819816400,48721481100,2940.1916,3007.3889,2935.8295,2964.8421
111320000,3004.226,4146500,39836000,4823962900,48761317100,2940.1916,3007.3889,2935.8295,2964.8421
111324000,3004.8347,2750400,37824400,4826713300,48799141500,2940.1916,3007.3889,2935.8295,2964.8421
111330000,3005.6857,5322900,58092600,4832036200,48857234100,2940.1916,3007.3889,2935.8295,2964.8421
111335000,3006.3563,4379900,53511400,4836416100,48910745500,2940.1916,3007.3889,2935.8295,2964.8421
111338000,3006.9676,4980700,48640900,4841396800,48959386400,2940.1916,3007.3889,2935.8295,2964.8421
111345000,3006.9105,3683700,36431200,4845080500,48995817600,2940.1916,3007.3889,2935.8295,2964.8421
111350000,3007.228,8220800,80301300,4853301300,49076118900,2940.1916,3007.4257,2935.8295,2964.8421
111354000,3007.3542,5015600,55292300,4858316900,49131411200,2940.1916,3007.4805,2935.8295,2964.8421
111359000,3007.9903,6866300,71629800,4865183200,49203041000,2940.1916,3008.1354,2935.8295,2964.8421
111405000,3007.9552,5293300,47924500,4870476500,49250965500,2940.1916,3008.1354,2935.8295,2964.8421
111409000,3008.2266,4851100,46861300,4875327600,49297826800,2940.1916,3008.3216,2935.8295,2964.8421
111414000,3008.8599,4423300,50282600,4879750900,49348109400,2940.1916,3008.8599,2935.8295,2964.8421
111420000,3008.5725,5639800,59216500,4885390700,49407325900,2940.1916,3008.8813,2935.8295,2964.8421
111424000,3008.6692,5594400,49622500,4890985100,49456948400,2940.1916,3008.8813,2935.8295,2964.8421
111429000,3009.3524,5701000,49633900,4896686100,49506582300,2940.1916,3009.4751,2935.8295,2964.8421
111435000,3009.2492,4292100,42881800,4900978200,49549464100,2940.1916,3009.4751,2935.8295,2964.8421
111439000,3009.444,4247100,44750900,4905225300,49594215000,2940.1916,3009.6566,2935.8295,2964.8421
111444000,3009.8394,3630500,36448500,4908855800,49630663500,2940.1916,3009.8394,2935.8295,2964.8421
111450000,3009.6753,5544100,55243000,4914399900,49685906500,2940.1916,3009.9264,2935.8295,2964.8421
111454000,3010.3815,4054500,46624900,4918454400,49732531400,2940.1916,3010.4207,2935.8295,2964.8421
111459000,3010.3399,7788500,71042300,4926242900,49803573700,2940.1916,3010.4207,2935.8295,2964.8421
111505000,3010.6241,6329900,50497500,4932572800,49854071200,2940.1916,3010.9973,2935.8295,2964.8421
111509000,3010.7834,4252900,50508600,4936825700,49904579800,2940.1916,3010.9973,2935.8295,2964.8421
111515000,3011.2648,4349400,41702700,4941175100,49946282500,2940.1916,3011.2648,2935.8295,2964.8421
111520000,3011.0857,4837200,48635200,4946012300,49994917700,2940.1916,3011.2933,2935.8295,2964.8421
111524000,3011.4535,5026800,47266600,4951039100,50042184300,2940.1916,3011.4535,2935.8295,2964.8421
111529000,3011.4572,6297700,51774200,4957336800,50093958500,2940.1916,3011.4572,2935.8295,2964.8421
111535000,3011.6371,4020300,42883200,4961357100,50136841700,2940.1916,3011.6371,2935.8295,2964.8421
111538000,3011.4584,4365000,46371300,4965722100,50183213000,2940.1916,3011.6371,2935.8295,2964.8421
111544000,3011.7709,4751500,45583400,4970473600,50228796400,2940.1916,3011.7709,2935.8295,2964.8421
111550000,3011.6542,6142400,65524800,4976616000,50294321200,2940.1916,3012.1971,2935.8295,2964.8421
111554000,3012.3233,4072400,45640800,4980688400,50339962000,2940.1916,3012.4101,2935.8295,2964.8421
111600000,3012.3742,4609100,46262600,4985297500,50386224600,2940.1916,3012.4101,2935.8295,2964.8421
111605000,3012.3104,4217600,46194800,4989515100,50432419400,2940.1916,3012.6488,2935.8295,2964.8421
111609000,3012.8704,3816200,38882700,4993331300,50471302100,2940.1916,3012.8704,2935.8295,2964.8421
111614000,3013.2001,3320800,41145500,4996652100,50512447600,2940.1916,3013.2001,2935.8295,2964.8421
111620000,3012.7354,4067700,44545200,5000719800,50556992800,2940.1916,3013.2001,2935.8295,2964.8421
111624000,3013.0415,2884500,32778400,5003604300,50589771200,2940.1916,3013.2001,2935.8295,2964.8421
111629000,3013.244,4106600,49944100,5007710900,50639715300,2940.1916,3013.323,2935.8295,2964.8421
111635000,3013.3114,3278700,42436600,5010989600,50682151900,2940.1916,3013.3895,2935.8295,2964.8421
111639000,3013.5392,4388800,41666800,5015378400,50723818700,2940.1916,3013.5829,2935.8295,2964.8421
111644000,3013.6651,3783300,44664500,5019161700,50768483200,2940.1916,3013.6651,2935.8295,2964.8421
111650000,3013.9373,4717400,58002100,5023879100,50826485300,2940.1916,3014.1661,2935.8295,2964.8421
111654000,3014.2217,3144800,34635000,5027023900,50861120300,2940.1916,3014.2217,2935.8295,2964.8421
111700000,3014.1089,5259200,53116400,5032283100,50914236700,2940.1916,3014.309,2935.8295,2964.8421
111705000,3013.7883,4593500,39430900,5036876600,50953667600,2940.1916,3014.309,2935.8295,2964.8421
111709000,3013.9792,4427100,58356400,5041303700,51012024000,2940.1916,3014.309,2935.8295,2964.8421
111715000,3014.1246,3966800,44384800,5045270500,51056408800,2940.1916,3014.309,2935.8295,2964.8421
111720000,3013.9238,5521800,58819100,5050792300,51115227900,2940.1916,3014.309,2935.8295,2964.8421
111724000,3013.6761,4609900,44336600,5055402200,51159564500,2940.1916,3014.309,2935.8295,2964.8421
111730000,3013.9012,5408400,52660200,5060810600,51212224700,2940.1916,3014.309,2935.8295,2964.8421
111735000,3012.924,8541700,73230300,5069352300,51285455000,2940.1916,3014.309,2935.8295,2964.8421
111739000,3013.1515,3938300,46867100,5073290600,51332322100,2940.1916,3014.309,2935.8295,2964.8421
111745000,3013.0517,5510400,50841500,5078801000,51383163600,2940.1916,3014.309,2935.8295,2964.8421
111750000,3012.2366,6079000,54807100,5084880000,51437970700,2940.1916,3014.309,2935.8295,2964.8421
111754000,3012.8457,3109200,34784700,5087989200,51472755400,2940.1916,3014.309,2935.8295,2964.8421
111800000,3012.7982,5840900,44744100,5093830100,51517499500,2940.1916,3014.309,2935.8295,2964.8421
111805000,3013.0586,6317900,50562500,5100148000,51568062000,2940.1916,3014.309,2935.8295,2964.8421
111809000,3012.9998,3114600,34921200,5103262600,51602983200,2940.1916,3014.309,2935.8295,2964.8421
111815000,3013.3695,4039300,37398000,5107301900,51640381200,2940.1916,3014.309,2935.8295,2964.8421
111820000,3013.1393,5406900,48249100,5112708800,51688630300,2940.1916,3014.309,2935.8295,2964.8421
111824000,3013.6456,3455300,35403200,5116164100,51724033500,2940.1916,3014.309,2935.8295,2964.8421
111830000,3013.6808,4796600,40376100,5120960700,51764409600,2940.1916,3014.309,2935.8295,2964.8421
111835000,3013.6773,3455600,31688700,5124416300,51796098300,2940.1916,3014.309,2935.8295,2964.8421
111839000,3013.5586,3312700,35381500,5127729000,51831479800,2940.1916,3014.309,2935.8295,2964.8421
111845000,3013.7363,3788700,45963500,5131517700,51877443300,2940.1916,3014.309,2935.8295,2964.8421
111850000,3013.6496,4140900,43587500,5135658600,51921030800,2940.1916,3014.309,2935.8295,2964.8421
111854000,3013.9751,3411400,37353400,5139070000,51958384200,2940.1916,3014.309,2935.8295,2964.8421
111900000,3014.1023,3874700,44235500,5142944700,52002619700,2940.1916,3014.309,2935.8295,2964.8421
111905000,3014.0167,3400600,31027900,5146345300,52033647600,2940.1916,3014.309,2935.8295,2964.8421
111909000,3013.9721,3165000,33602000,5149510300,52067249600,2940.1916,3014.309,2935.8295,2964.8421
111915000,3014.5168,2915200,32055300,5152425500,52099304900,2940.1916,3014.5168,2935.8295,2964.8421
111920000,3014.1812,3850000,37279300,5156275500,52136584200,2940.1916,3014.5168,2935.8295,2964.8421
111924000,3014.3542,3279200,39403400,5159554700,52175987600,2940.1916,3014.5168,2935.8295,2964.8421
111930000,3014.4009,3496600,39524800,5163051300,52215512400,2940.1916,3014.5168,2935.8295,2964.8421
111935000,3014.5825,3213800,34753600,5166265100,52250266000,2940.1916,3014.5825,2935.8295,2964.8421
111939000,3014.3661,3710600,37929100,5169975700,52288195100,2940.1916,3014.5825,2935.8295,2964.8421
111944000,3014.4632,1863200,21673600,5171838900,52309868700,2940.1916,3014.5825,2935.8295,2964.8421
111950000,3014.4672,4747600,50391000,5176586500,52360259700,2940.1916,3014.5894,2935.8295,2964.8421
111954000,3014.3028,3208100,29811900,5179794600,52390071600,2940.1916,3014.5894,2935.8295,2964.8421
112000000,3013.5288,5025200,46724500,5184819800,52436796100,2940.1916,3014.5894,2935.8295,2964.8421
112005000,3013.5864,3801200,39557600,5188621000,52476353700,2940.1916,3014.5894,2935.8295,2964.8421
112009000,3013.3171,4125700,42628300,5192746700,52518982000,2940.1916,3014.5894,2935.8295,2964.8421
112015000,3013.3384,3281600,41199400,5196028300,52560181400,2940.1916,3014.5894,2935.8295,2964.8421
112020000,3013.3856,4703300,55132900,5200731600,52615314300,2940.1916,3014.5894,2935.8295,2964.8421
112024000,3013.4334,3102000,33032200,5203833600,52648346500,2940.1916,3014.5894,2935.8295,2964.8421
112030000,3013.6462,3665600,41644800,5207499200,52689991300,2940.1916,3014.5894,2935.8295,2964.8421
112035000,3013.4209,3219300,37313000,5210718500,52727304300,2940.1916,3014.5894,2935.8295,2964.8421
112039000,3013.596,2350700,33789900,5213069200,52761094200,2940.1916,3014.5894,2935.8295,2964.8421
112045000,3013.4181,2724800,47780300,5215794000,52808874500,2940.1916,3014.5894,2935.8295,2964.8421
112050000,3013.0423,4528600,49371000,5220322600,52858245500,2940.1916,3014.5894,2935.8295,2964.8421
112054000,3013.5822,2796700,28529900,5223119300,52886775400,2940.1916,3014.5894,2935.8295,2964.8421
112100000,3013.2545,3207900,32034000,5226327200,52918809400,2940.1916,3014.5894,2935.8295,2964.8421
112105000,3013.6181,3376800,44327300,5229704000,52963136700,2940.1916,3014.5894,2935.8295,2964.8421
112109000,3013.7527,3021800,29916100,5232725800,52993052800,2940.1916,3014.5894,2935.8295,2964.8421
112115000,3013.7169,2954200,31480000,5235680000,53024532800,2940.1916,3014.5894,2935.8295,2964.8421
112120000,3013.4825,4421500,49311700,5240101500,53073844500,2940.1916,3014.5894,2935.8295,2964.8421
112124000,3013.7471,2486000,35207100,5242587500,53109051600,2940.1916,3014.5894,2935.8295,2964.8421
112130000,3014.5751,4061600,46477700,5246649100,53155529300,2940.1916,3014.62,2935.8295,2964.8421
112135000,3014.4369,4374100,56247900,5251023200,53211777200,2940.1916,3014.7859,2935.8295,2964.8421
112139000,3014.6224,2540900,26793000,5253564100,53238570200,2940.1916,3014.7859,2935.8295,2964.8421
112145000,3014.7293,3486800,36388400,5257050900,53274958600,2940.1916,3014.7859,2935.8295,2964.8421
112150000,3014.7283,4295700,47303900,5261346600,53322262500,2940.1916,3014.9996,2935.8295,2964.8421
112154000,3015.0952,4239400,38763000,5265586000,53361025500,2940.1916,3015.0952,2935.8295,2964.8421
112200000,3015.0097,3423600,41235700,5269009600,53402261200,2940.1916,3015.2095,2935.8295,2964.8421
112205000,3015.2848,3588200,34580200,5272597800,53436841400,2940.1916,3015.5962,2935.8295,2964.8421
112209000,3015.6517,3723200,43384000,5276321000,53480225400,2940.1916,3015.7852,2935.8295,2964.8421
112215000,3016.0385,3601200,36832800,5279922200,53517058200,2940.1916,3016.0385,2935.8295,2964.8421
112220000,3016.1271,4194800,51910100,5284117000,53568968300,2940.1916,3016.1271,2935.8295,2964.8421
112224000,3016.4053,3530500,37988500,5287647500,53606956800,2940.1916,3016.4468,2935.8295,2964.8421
112230000,3016.5234,4087800,47180400,5291735300,53654137200,2940.1916,3016.7046,2935.8295,2964.8421
112235000,3016.4492,3945600,45087000,5295680900,53699224200,2940.1916,3016.7046,2935.8295,2964.8421
112239000,3016.5759,3810600,43787500,5299491500,53743011700,2940.1916,3016.7046,2935.8295,2964.8421
112245000,3017.092,5055000,57071100,5304546500,53800082800,2940.1916,3017.092,2935.8295,2964.8421
112250000,3016.8669,5816800,61289400,5310363300,53861372200,2940.1916,3017.1141,2935.8295,2964.8421
112254000,3017.5495,4112000,43035500,5314475300,53904407700,2940.1916,3017.5495,2935.8295,2964.8421
112300000,3017.5849,5072300,64722200,5319547600,53969129900,2940.1916,3017.6409,2935.8295,2964.8421
112305000,3017.8403,5572600,64241600,5325120200,54033371500,2940.1916,3018.2421,2935.8295,2964.8421
112309000,3018.052,4939400,47973300,5330059600,54081344800,2940.1916,3018.2421,2935.8295,2964.8421
112315000,3018.4401,5602300,44610700,5335661900,54125955500,2940.1916,3018.4401,2935.8295,2964.8421
112320000,3018.5028,5876700,64005600,5341538600,54189961100,2940.1916,3018.5832,2935.8295,2964.8421
112324000,3018.9355,3771500,39170900,5345310100,54229132000,2940.1916,3019.005,2935.8295,2964.8421
112330000,3019.437,5587800,63984800,5350897900,54293116800,2940.1916,3019.437,2935.8295,2964.8421
112335000,3019.3279,4631500,48636300,5355529400,54341753100,2940.1916,3019.437,2935.8295,2964.8421
112339000,3019.4549,5189800,62008500,5360719200,54403761600,2940.1916,3019.5591,2935.8295,2964.8421
112345000,3020.0242,5498100,55117800,5366217300,54458879400,2940.1916,3020.0242,2935.8295,2964.8421
112350000,3019.9866,9533100,83400100,5375750400,54542279500,2940.1916,3020.5835,2935.8295,2964.8421
112354000,3020.6546,4352700,48063700,5380103100,54590343200,2940.1916,3020.6958,2935.8295,2964.8421
112400000,3021.0638,7406000,76769400,5387509100,54667112600,2940.1916,3021.0638,2935.8295,2964.8421
112405000,3021.1165,6758600,67243700,5394267700,54734356300,2940.1916,3021.3533,2935.8295,2964.8421
112409000,3021.2292,4502800,47999400,5398770500,54782355700,2940.1916,3021.3533,2935.8295,2964.8421
112415000,3020.9198,6024200,75319700,5404794700,54857675400,2940.1916,3021.3533,2935.8295,2964.8421
112420000,3021.2375,7645400,80130500,5412440100,54937805900,2940.1916,3021.3533,2935.8295,2964.8421
112424000,3021.5427,10364500,98361500,5422804600,55036167400,2940.1916,3021.5427,2935.8295,2964.8421
112430000,3020.8667,7019100,81029900,5429823700,55117197300,2940.1916,3021.5427,2935.8295,2964.8421
112435000,3021.6629,5584300,58764500,5435408000,55175961800,2940.1916,3021.6629,2935.8295,2964.8421
112439000,3021.5974,5644100,73609700,5441052100,55249571500,2940.1916,3021.7134,2935.8295,2964.8421
112445000,3022.014,4542900,58401400,5445595000,55307972900,2940.1916,3022.014,2935.8295,2964.8421
112450000,3021.9255,6425600,72779500,5452020600,55380752400,2940.1916,3022.1791,2935.8295,2964.8421
112454000,3022.2047,3732900,38854700,5455753500,55419607100,2940.1916,3022.2826,2935.8295,2964.8421
112500000,3022.1797,5431200,62840500,5461184700,55482447600,2940.1916,3022.2826,2935.8295,2964.8421
112505000,3021.4806,4748000,53148100,5465932700,55535595700,2940.1916,3022.2826,2935.8295,2964.8421
112509000,3022.425,4546200,48112800,5470478900,55583708500,2940.1916,3022.5758,2935.8295,2964.8421
112515000,3022.6822,4167000,46470900,5474645900,55630179400,2940.1916,3022.6822,2935.8295,2964.8421
112520000,3023.0076,6360500,60239400,5481006400,55690418800,2940.1916,3023.4579,2935.8295,2964.8421
112524000,3023.2021,4484200,42257900,5485490600,55732676700,2940.1916,3023.4579,2935.8295,2964.8421
112530000,3023.7044,7501700,74372700,5492992300,55807049400,2940.1916,3023.7062,2935.8295,2964.8421
112535000,3023.9366,5905500,71020700,5498897800,55878070100,2940.1916,3023.9366,2935.8295,2964.8421
112539000,3023.9275,4179100,47631900,5503076900,55925702000,2940.1916,3023.9818,2935.8295,2964.8421
112545000,3024.1997,5127800,43491700,5508204700,55969193700,2940.1916,3024.1997,2935.8295,2964.8421
112550000,3024.2263,5408300,58452200,5513613000,56027645900,2940.1916,3024.8812,2935.8295,2964.8421
112554000,3024.7959,4655300,55500500,5518268300,56083146400,2940.1916,3024.8812,2935.8295,2964.8421
112600000,3025.2747,6082700,61186400,5524351000,56144332800,2940.1916,3025.4897,2935.8295,2964.8421
112605000,3025.4921,5363200,63789700,5529714200,56208122500,2940.1916,3025.5859,2935.8295,2964.8421
112609000,3025.6603,4485900,59077000,5534200100,56267199500,2940.1916,3025.6603,2935.8295,2964.8421
112615000,3025.8354,6936300,77302400,5541136400,56344501900,2940.1916,3025.8354,2935.8295,2964.8421
112620000,3026.2521,5644300,63194500,5546780700,56407696400,2940.1916,3026.2521,2935.8295,2964.8421
112624000,3026.1241,6449300,61793600,5553230000,56469490000,2940.1916,3026.2521,2935.8295,2964.8421
112630000,3026.4335,8136700,91203600,5561366700,56560693600,2940.1916,3026.4641,2935.8295,2964.8421
112635000,3026.315,6125500,69593400,5567492200,56630287000,2940.1916,3026.4641,2935.8295,2964.8421
112639000,3026.4123,4076600,47375000,5571568800,56677662000,2940.1916,3026.5875,2935.8295,2964.8421
112645000,3026.9807,6602400,78740200,5578171200,56756402200,2940.1916,3026.9807,2935.8295,2964.8421
112650000,3026.9029,6715500,82100700,5584886700,56838502900,2940.1916,3027.1535,2935.8295,2964.8421
112654000,3026.8202,4412100,55431100,5589298800,56893934000,2940.1916,3027.1535,2935.8295,2964.8421
112700000,3026.9481,9109400,92890600,5598408200,56986824600,2940.1916,3027.1535,2935.8295,2964.8421
112705000,3026.9298,8522600,81048000,5606930800,57067872600,2940.1916,3027.4673,2935.8295,2964.8421
112709000,3027.5788,5099500,55499600,5612030300,57123372200,2940.1916,3027.7402,2935.8295,2964.8421
112715000,3028.1537,5642100,56687700,5617672400,57180059900,2940.1916,3028.1537,2935.8295,2964.8421
112720000,3028.1612,7330800,74175500,5625003200,57254235400,2940.1916,3028.3083,2935.8295,2964.8421
112724000,3028.1593,5413100,52336200,5630416300,57306571600,2940.1916,3028.3083,2935.8295,2964.8421
112730000,3028.269,7528600,64151300,5637944900,57370722900,2940.1916,3028.3083,2935.8295,2964.8421
112735000,3028.1178,6642800,62354400,5644587700,57433077300,2940.1916,3028.4691,2935.8295,2964.8421
112739000,3028.5847,7670100,56208400,5652257800,57489285700,2940.1916,3028.6278,2935.8295,2964.8421
112745000,3028.9336,6470000,68965400,5658727800,57558251100,2940.1916,3028.9336,2935.8295,2964.8421
112750000,3029.033,6375100,64251000,5665102900,57622502100,2940.1916,3029.2229,2935.8295,2964.8421
112754000,3029.3585,5786700,61044900,5670889600,57683547000,2940.1916,3029.3585,2935.8295,2964.8421
112800000,3029.2394,9523800,91134600,5680413400,57774681600,2940.1916,3029.3585,2935.8295,2964.8421
112805000,3029.8198,6174600,63009200,5686588000,57837690800,2940.1916,3029.8198,2935.8295,2964.8421
112809000,3029.8778,6714300,64079700,5693302300,57901770500,2940.1916,3029.8952,2935.8295,2964.8421
112815000,3030.2233,3873900,42541800,5697176200,57944312300,2940.1916,3030.2233,2935.8295,2964.8421
112820000,3029.9422,7357500,69571100,5704533700,58013883400,2940.1916,3030.2233,2935.8295,2964.8421
112824000,3030.1364,8623000,75191000,5713156700,58089074400,2940.1916,3030.2233,2935.8295,2964.8421
112830000,3030.3724,6495400,64398200,5719652100,58153472600,2940.1916,3030.3724,2935.8295,2964.8421
112835000,3030.6823,5722800,51493800,5725374900,58204966400,2940.1916,3030.6823,2935.8295,2964.8421
112839000,3030.3529,3932600,39403500,5729307500,58244369900,2940.1916,3030.6823,2935.8295,2964.8421
112845000,3030.724,5036900,51658200,5734344400,58296028100,2940.1916,3030.724,2935.8295,2964.8421
112850000,3030.6759,6260700,74844900,5740605100,58370873000,2940.1916,3030.724,2935.8295,2964.8421
112854000,3030.9631,6582900,59822700,5747188000,58430695700,2940.1916,3031.0676,2935.8295,2964.8421
112900000,3031.3287,13413100,84970100,5760601100,58515665800,2940.1916,3031.5644,2935.8295,2964.8421
112905000,3031.2562,6473500,65485700,5767074600,58581151500,2940.1916,3031.5644,2935.8295,2964.8421
112909000,3030.7436,6711000,59781400,5773785600,58640932900,2940.1916,3031.5644,2935.8295,2964.8421
112915000,3031.2072,6175300,62620600,5779960900,58703553500,2940.1916,3031.5644,2935.8295,2964.8421
112920000,3030.8451,8021400,70584400,5787982300,58774137900,2940.1916,3031.5644,2935.8295,2964.8421
112924000,3030.9506,6507200,60435200,5794489500,58834573100,2940.1916,3031.5644,2935.8295,2964.8421
112930000,3031.3695,9976500,82329100,5804466000,58916902200,2940.1916,3031.5644,2935.8295,2964.8421
112935000,3031.2791,4893600,43887300,5809359600,58960789500,2940.1916,3031.5644,2935.8295,2964.8421
112939000,3031.5543,4268700,41963300,5813628300,59002752800,2940.1916,3031.6283,2935.8295,2964.8421
112945000,3031.8493,5611300,41971300,5819239600,59044724100,2940.1916,3031.8493,2935.8295,2964.8421
112950000,3031.9542,8972700,67977900,5828212300,59112702000,2940.1916,3032.2695,2935.8295,2964.8421
112954000,3032.1083,3436300,34671400,5831648600,59147373400,2940.1916,3032.2695,2935.8295,2964.8421
112959000,3031.7169,4813600,49184100,5836462200,59196557500,2940.1916,3032.2695,2935.8295,2964.8421
113003000,3031.82,267800,2962400,5836730000,59199519900,2940.1916,3032.2695,2935.8295,2964.8421
130000000,3032.6496,22374000,170362200,5859104000,59369882100,2940.1916,3032.687,2935.8295,2964.8421
130005000,3033.8118,107896300,924518800,5967000300,60294400900,2940.1916,3034.4334,2935.8295,2964.8421
130009000,3034.9736,32443200,310021500,5999443500,60604422400,2940.1916,3035.061,2935.8295,2964.8421
130015000,3035.1559,15730800,147565900,6015174300,60751988300,2940.1916,3035.1559,2935.8295,2964.8421
130020000,3035.431,19967500,193774000,6035141800,60945762300,2940.1916,3035.431,2935.8295,2964.8421
130024000,3035.694,10507100,102328200,6045648900,61048090500,2940.1916,3035.7509,2935.8295,2964.8421
130030000,3036.0681,11519700,114824700,6057168600,61162915200,2940.1916,3036.0681,2935.8295,2964.8421
130035000,3036.1554,7203100,74928500,6064371700,61237843700,2940.1916,3036.8147,2935.8295,2964.8421
130039000,3036.3131,4767800,52657200,6069139500,61290500900,2940.1916,3036.8147,2935.8295,2964.8421
130045000,3035.8823,6221500,65029800,6075361000,61355530700,2940.1916,3036.8147,2935.8295,2964.8421
130050000,3035.6006,8607700,87129200,6083968700,61442659900,2940.1916,3036.8147,2935.8295,2964.8421
130054000,3036.1813,5338000,59180800,6089306700,61501840700,2940.1916,3036.8147,2935.8295,2964.8421
130100000,3035.5637,8015600,89715600,6097322300,61591556300,2940.1916,3036.8147,2935.8295,2964.8421
130105000,3035.8272,8934800,93233300,6106257100,61684789600,2940.1916,3036.8147,2935.8295,2964.8421
130109000,3035.6465,5649600,75035100,6111906700,61759824700,2940.1916,3036.8147,2935.8295,2964.8421
130115000,3036.5593,5650600,56810400,6117557300,61816635100,2940.1916,3036.8147,2935.8295,2964.8421
130120000,3035.8178,10239900,79680800,6127797200,61896315900,2940.1916,3036.8147,2935.8295,2964.8421
130124000,3035.6336,7155100,98195700,6134952300,61994511600,2940.1916,3036.8147,2935.8295,2964.8421
130130000,3035.4852,7988500,83874000,6142940800,62078385600,2940.1916,3036.8147,2935.8295,2964.8421
130135000,3034.7624,9801400,97222500,6152742200,62175608100,2940.1916,3036.8147,2935.8295,2964.8421
130139000,3034.68,7276300,76671700,6160018500,62252279800,2940.1916,3036.8147,2935.8295,2964.8421
130145000,3033.4889,10036700,92748800,6170055200,62345028600,2940.1916,3036.8147,2935.8295,2964.8421
130150000,3033.8072,6993900,78376300,6177049100,62423404900,2940.1916,3036.8147,2935.8295,2964.8421
130154000,3033.2263,6177100,67316700,6183226200,62490721600,2940.1916,3036.8147,2935.8295,2964.8421
130200000,3033.4359,11122900,83906000,6194349100,62574627600,2940.1916,3036.8147,2935.8295,2964.8421
130205000,3033.8745,7676300,70680800,6202025400,62645308400,2940.1916,3036.8147,2935.8295,2964.8421
130209000,3033.6671,4908000,53699700,6206933400,62699008100,2940.1916,3036.8147,2935.8295,2964.8421
130215000,3033.4655,6194500,56688900,6213127900,62755697000,2940.1916,3036.8147,2935.8295,2964.8421
130220000,3033.9021,8074400,81836400,6221202300,62837533400,2940.1916,3036.8147,2935.8295,2964.8421
130224000,3033.6824,4461000,55174900,6225663300,62892708300,2940.1916,3036.8147,2935.8295,2964.8421
130230000,3033.6916,6569700,65896800,6232233000,62958605100,2940.1916,3036.8147,2935.8295,2964.8421
130235000,3033.1716,4862200,54636000,6237095200,63013241100,2940.1916,3036.8147,2935.8295,2964.8421
130239000,3033.5433,3546600,44668000,6240641800,63057909100,2940.1916,3036.8147,2935.8295,2964.8421
130245000,3033.7852,3780900,41130900,6244422700,63099040000,2940.1916,3036.8147,2935.8295,2964.8421
130250000,3033.9797,4908000,59720900,6249330700,63158760900,2940.1916,3036.8147,2935.8295,2964.8421
130254000,3033.6567,2952800,31073200,6252283500,63189834100,2940.1916,3036.8147,2935.8295,2964.8421
130300000,3033.944,4989100,51298500,6257272600,63241132600,2940.1916,3036.8147,2935.8295,2964.8421
130305000,3033.2545,4263600,47957500,6261536200,63289090100,2940.1916,3036.8147,2935.8295,2964.8421
130309000,3032.929,2892400,34004100,6264428600,63323094200,2940.1916,3036.8147,2935.8295,2964.8421
130315000,3033.9005,2830100,32333300,6267258700,63355427500,2940.1916,3036.8147,2935.8295,2964.8421
130320000,3033.7485,4015700,45401300,6271274400,63400828800,2940.1916,3036.8147,2935.8295,2964.8421
130324000,3033.8123,2764400,35661700,6274038800,63436490500,2940.1916,3036.8147,2935.8295,2964.8421
130330000,3033.8473,3500900,47433700,6277539700,63483924200,2940.1916,3036.8147,2935.8295,2964.8421
130335000,3033.5384,4203000,49733000,6281742700,63533657200,2940.1916,3036.8147,2935.8295,2964.8421
130339000,3033.4246,3456700,39294400,6285199400,63572951600,2940.1916,3036.8147,2935.8295,2964.8421
130345000,3032.9566,3552800,35568700,6288752200,63608520300,2940.1916,3036.8147,2935.8295,2964.8421
130350000,3033.2073,5060200,56267400,6293812400,63664787700,2940.1916,3036.8147,2935.8295,2964.8421
130354000,3032.477,3163700,42390900,6296976100,63707178600,2940.1916,3036.8147,2935.8295,2964.8421
130400000,3032.5443,4787200,54096300,6301763300,63761274900,2940.1916,3036.8147,2935.8295,2964.8421
130405000,3032.6417,5024700,49161700,6306788000,63810436600,2940.1916,3036.8147,2935.8295,2964.8421
130409000,3032.4648,3515600,47866200,6310303600,63858302800,2940.1916,3036.8147,2935.8295,2964.8421
130415000,3032.0334,4391400,38736000,6314695000,63897038800,2940.1916,3036.8147,2935.8295,2964.8421
130420000,3032.2216,4181300,42186900,6318876300,63939225700,2940.1916,3036.8147,2935.8295,2964.8421
130424000,3032.4072,3213100,32634800,6322089400,63971860500,2940.1916,3036.8147,2935.8295,2964.8421
130430000,3032.2246,3702600,39796700,6325792000,64011657200,2940.1916,3036.8147,2935.8295,2964.8421
130435000,3032.287,3229100,43010000,6329021100,64054667200,2940.1916,3036.8147,2935.8295,2964.8421
130439000,3032.1156,2626400,34560100,6331647500,64089227300,2940.1916,3036.8147,2935.8295,2964.8421
130445000,3032.1524,2857900,51806400,6334505400,64141033700,2940.1916,3036.8147,2935.8295,2964.8421
130450000,3031.3,3616700,42574900,6338122100,64183608600,2940.1916,3036.8147,2935.8295,2964.8421
130454000,3031.6907,3115800,37047900,6341237900,64220656500,2940.1916,3036.8147,2935.8295,2964.8421
130500000,3031.6725,4298500,48957600,6345536400,64269614100,2940.1916,3036.8147,2935.8295,2964.8421
130505000,3031.7458,3470800,37472400,6349007200,64307086500,2940.1916,3036.8147,2935.8295,2964.8421
130509000,3031.5832,2804300,32093000,6351811500,64339179500,2940.1916,3036.8147,2935.8295,2964.8421
130515000,3031.6822,2586500,29305500,6354398000,64368485000,2940.1916,3036.8147,2935.8295,2964.8421
130520000,3031.1858,4945600,53059600,6359343600,64421544600,2940.1916,3036.8147,2935.8295,2964.8421
130524000,3031.0713,2898200,34264700,6362241800,64455809300,2940.1916,3036.8147,2935.8295,2964.8421
130530000,3030.2159,4921800,52396700,6367163600,64508206000,2940.1916,3036.8147,2935.8295,2964.8421
130535000,3030.7135,3281300,41581300,6370444900,64549787300,2940.1916,3036.8147,2935.8295,2964.8421
130539000,3030.7739,3959300,39105600,6374404200,64588892900,2940.1916,3036.8147,2935.8295,2964.8421
130545000,3030.1702,5664800,53803000,6380069000,64642695900,2940.1916,3036.8147,2935.8295,2964.8421
130550000,3030.1429,5126700,55968100,6385195700,64698664000,2940.1916,3036.8147,2935.8295,2964.8421
130554000,3030.0787,3748300,39724900,6388944000,64738388900,2940.1916,3036.8147,2935.8295,2964.8421
130600000,3030.1883,5058600,50643000,6394002600,64789031900,2940.1916,3036.8147,2935.8295,2964.8421
130605000,3029.911,5593200,52755100,6399595800,64841787000,2940.1916,3036.8147,2935.8295,2964.8421
130609000,3030.1379,3286400,38820800,6402882200,64880607800,2940.1916,3036.8147,2935.8295,2964.8421
130615000,3030.3687,3019000,32368000,6405901200,64912975800,2940.1916,3036.8147,2935.8295,2964.8421
130620000,3030.2733,6411700,72834600,6412312900,64985810400,2940.1916,3036.8147,2935.8295,2964.8421
130624000,3030.0563,2857900,34753900,6415170800,65020564300,2940.1916,3036.8147,2935.8295,2964.8421
130630000,3029.9618,4587300,46501900,6419758100,65067066200,2940.1916,3036.8147,2935.8295,2964.8421
130635000,3030.1282,3416000,40730500,6423174100,65107796700,2940.1916,3036.8147,2935.8295,2964.8421
130639000,3029.7992,2947500,32122300,6426121600,65139919000,2940.1916,3036.8147,2935.8295,2964.8421
130645000,3029.9175,2681500,30217400,6428803100,65170136400,2940.1916,3036.8147,2935.8295,2964.8421
130650000,3030.023,3228000,37352700,6432031100,65207489100,2940.1916,3036.8147,2935.8295,2964.8421
130654000,3030.1402,3326200,37464100,6435357300,65244953200,2940.1916,3036.8147,2935.8295,2964.8421
130700000,3030.0235,3700400,49075900,6439057700,65294029100,2940.1916,3036.8147,2935.8295,2964.8421
130705000,3029.8081,3898900,47107400,6442956600,65341136500,2940.1916,3036.8147,2935.8295,2964.8421
130709000,3029.5754,3443200,36305900,6446399800,65377442400,2940.1916,3036.8147,2935.8295,2964.8421
130715000,3030.1984,4615100,44900400,6451014900,65422342800,2940.1916,3036.8147,2935.8295,2964.8421
130720000,3030.4934,3783600,53657900,6454798500,65476000700,2940.1916,3036.8147,2935.8295,2964.8421
130724000,3030.542,2419300,30993900,6457217800,65506994600,2940.1916,3036.8147,2935.8295,2964.8421
130730000,3030.3587,3532700,47567000,6460750500,65554561600,2940.1916,3036.8147,2935.8295,2964.8421
130735000,3030.7189,2848100,34264400,6463598600,65588826000,2940.1916,3036.8147,2935.8295,2964.8421
130739000,3030.809,3368200,41782500,6466966800,65630608500,2940.1916,3036.8147,2935.8295,2964.8421
130745000,3030.9548,3379300,34630600,6470346100,65665239100,2940.1916,3036.8147,2935.8295,2964.8421
130750000,3031.1044,3519000,40745300,6473865100,65705984400,2940.1916,3036.8147,2935.8295,2964.8421
130754000,3030.8426,2463600,27834900,6476328700,65733819300,2940.1916,3036.8147,2935.8295,2964.8421
130800000,3031.28,3482900,35607100,6479811600,65769426400,2940.1916,3036.8147,2935.8295,2964.8421
130805000,3031.4641,4005700,39389700,6483817300,65808816100,2940.1916,3036.8147,2935.8295,2964.8421
130809000,3030.9037,3211600,35720700,6487028900,65844536800,2940.1916,3036.8147,2935.8295,2964.8421
130815000,3031.5051,3741100,40775400,6490770000,65885312200,2940.1916,3036.8147,2935.8295,2964.8421
130820000,3031.5306,3299000,38246200,6494069000,65923558400,2940.1916,3036.8147,2935.8295,2964.8421
130824000,3031.511,2663400,32443700,6496732400,65956002100,2940.1916,3036.8147,2935.8295,2964.8421
130830000,3031.862,3336700,39018900,6500069100,65995021000,2940.1916,3036.8147,2935.8295,2964.8421
130835000,3031.855,2780200,31515200,6502849300,66026536200,2940.1916,3036.8147,2935.8295,2964.8421
130839000,3031.8281,3381600,36955700,6506230900,66063491900,2940.1916,3036.8147,2935.8295,2964.8421
130845000,3031.9034,2740400,32144700,6508971300,66095636600,2940.1916,3036.8147,2935.8295,2964.8421
130850000,3031.8557,6044700,53847800,6515016000,66149484400,2940.1916,3036.8147,2935.8295,2964.8421
130854000,3031.9467,2823000,30427100,6517839000,66179911500,2940.1916,3036.8147,2935.8295,2964.8421
130900000,3032.1931,3431500,40903900,6521270500,66220815400,2940.1916,3036.8147,2935.8295,2964.8421
130905000,3032.3296,2388500,30962800,6523659000,66251778200,2940.1916,3036.8147,2935.8295,2964.8421
130909000,3032.2911,2720400,33712000,6526379400,66285490200,2940.1916,3036.8147,2935.8295,2964.8421
130915000,3031.8844,2741400,29196300,6529120800,66314686500,2940.1916,3036.8147,2935.8295,2964.8421
130920000,3032.2683,3056600,35804700,6532177400,66350491200,2940.1916,3036.8147,2935.8295,2964.8421
130924000,3032.3679,2195800,32116900,6534373200,66382608100,2940.1916,3036.8147,2935.8295,2964.8421
130930000,3032.1562,4313400,54056800,6538686600,66436664900,2940.1916,3036.8147,2935.8295,2964.8421
130935000,3032.2994,2745600,37177700,6541432200,66473842600,2940.1916,3036.8147,2935.8295,2964.8421
130939000,3032.0387,2423500,29001800,6543855700,66502844400,2940.1916,3036.8147,2935.8295,2964.8421
130945000,3031.991,3226900,37509800,6547082600,66540354200,2940.1916,3036.8147,2935.8295,2964.8421
130950000,3031.6837,3926000,51038500,6551008600,66591392700,2940.1916,3036.8147,2935.8295,2964.8421
130954000,3031.3714,2767900,31592700,6553776500,66622985400,2940.1916,3036.8147,2935.8295,2964.8421
131000000,3030.949,3685500,41828100,6557462000,66664813500,2940.1916,3036.8147,2935.8295,2964.8421
131005000,3030.4379,3500900,42999100,6560962900,66707812600,2940.1916,3036.8147,2935.8295,2964.8421
131009000,3030.6706,3562300,43957700,6564525200,66751770300,2940.1916,3036.8147,2935.8295,2964.8421
131015000,3030.0995,3873300,39256200,6568398500,66791026500,2940.1916,3036.8147,2935.8295,2964.8421
131020000,3030.5775,4247700,47364400,6572646200,66838390900,2940.1916,3036.8147,2935.8295,2964.8421
131024000,3030.1052,3964600,41115100,6576610800,66879506000,2940.1916,3036.8147,2935.8295,2964.8421
131030000,3029.7984,3933600,45969700,6580544400,66925475700,2940.1916,3036.8147,2935.8295,2964.8421
131035000,3029.7586,3840900,36696400,6584385300,66962172100,2940.1916,3036.8147,2935.8295,2964.8421
131039000,3029.268,3071400,31766100,6587456700,66993938200,2940.1916,3036.8147,2935.8295,2964.8421
131045000,3029.0586,3978100,38390900,6591434800,67032329100,2940.1916,3036.8147,2935.8295,2964.8421
131050000,3029.4325,5379100,47084200,6596813900,67079413300,2940.1916,3036.8147,2935.8295,2964.8421
131054000,3029.2522,4620300,40579600,6601434200,67119992900,2940.1916,3036.8147,2935.8295,2964.8421
131100000,3029.1596,4342500,52284900,6605776700,67172277800,2940.1916,3036.8147,2935.8295,2964.8421
131105000,3029.2825,3907200,53441400,6609683900,67225719200,2940.1916,3036.8147,2935.8295,2964.8421
131109000,3029.314,4019700,46481200,6613703600,67272200400,2940.1916,3036.8147,2935.8295,2964.8421
131115000,3028.7282,2619600,31078400,6616323200,67303278800,2940.1916,3036.8147,2935.8295,2964.8421
131120000,3028.1623,4016600,50018200,6620339800,67353297000,2940.1916,3036.8147,2935.8295,2964.8421
131124000,3028.0227,3669800,37755500,6624009600,67391052500,2940.1916,3036.8147,2935.8295,2964.8421
131130000,3028.634,3754800,41154100,6627764400,67432206600,2940.1916,3036.8147,2935.8295,2964.8421
131135000,3028.4314,4217700,42576000,6631982100,67474782600,2940.1916,3036.8147,2935.8295,2964.8421
131139000,3028.2286,3636300,37424900,6635618400,67512207500,2940.1916,3036.8147,2935.8295,2964.8421
131145000,3027.7407,2698000,33752700,6638316400,67545960200,2940.1916,3036.8147,2935.8295,2964.8421
131150000,3027.8613,3449900,40772900,6641766300,67586733100,2940.1916,3036.8147,2935.8295,2964.8421
131154000,3028.0236,2763700,29673000,6644530000,67616406100,2940.1916,3036.8147,2935.8295,2964.8421
131200000,3027.6549,4194300,49914400,6648724300,67666320500,2940.1916,3036.8147,2935.8295,2964.8421
131205000,3027.8609,3364000,42456600,6652088300,67708777100,2940.1916,3036.8147,2935.8295,2964.8421
131209000,3027.8786,3758800,37227700,6655847100,67746004800,2940.1916,3036.8147,2935.8295,2964.8421
131215000,3027.5713,3316800,36788200,6659163900,67782793000,2940.1916,3036.8147,2935.8295,2964.8421
131220000,3027.4029,6686500,66020600,6665850400,67848813600,2940.1916,3036.8147,2935.8295,2964.8421
131224000,3027.4886,5360700,39655000,6671211100,67888468600,2940.1916,3036.8147,2935.8295,2964.8421
131230000,3027.3856,5453800,55504800,6676664900,67943973400,2940.1916,3036.8147,2935.8295,2964.8421
131235000,3027.3518,4712300,52208700,6681377200,67996182100,2940.1916,3036.8147,2935.8295,2964.8421
131239000,3027.2521,4299300,46696900,6685676500,68042879000,2940.1916,3036.8147,2935.8295,2964.8421
131245000,3027.2118,6303100,58228600,6691979600,68101107600,2940.1916,3036.8147,2935.8295,2964.8421
131250000,3026.8648,5961600,60133600,6697941200,68161241200,2940.1916,3036.8147,2935.8295,2964.8421
131254000,3027.0342,4111500,37880500,6702052700,68199121700,2940.1916,3036.8147,2935.8295,2964.8421
131300000,3026.843,3980900,44496500,6706033600,68243618200,2940.1916,3036.8147,2935.8295,2964.8421
131305000,3026.7456,3172000,33585000,6709205600,68277203200,2940.1916,3036.8147,2935.8295,2964.8421
131309000,3026.6066,2902800,33688100,6712108400,68310891300,2940.1916,3036.8147,2935.8295,2964.8421
131315000,3026.7419,3171600,35053400,6715280000,68345944700,2940.1916,3036.8147,2935.8295,2964.8421
131320000,3026.2651,4462800,54220400,6719742800,68400165100,2940.1916,3036.8147,2935.8295,2964.8421
131324000,3026.3217,3810800,42210200,6723553600,68442375300,2940.1916,3036.8147,2935.8295,2964.8421
131330000,3026.2454,4658600,55965700,6728212200,68498341000,2940.1916,3036.8147,2935.8295,2964.8421
131335000,3026.6288,3840000,39951000,6732052200,68538292000,2940.1916,3036.8147,2935.8295,2964.8421
131339000,3026.4872,3093900,37359200,6735146100,68575651200,2940.1916,3036.8147,2935.8295,2964.8421
131345000,3026.0584,3050400,32135700,6738196500,68607786900,2940.1916,3036.8147,2935.8295,2964.8421
131350000,3025.8895,2915200,36050500,6741111700,68643837400,2940.1916,3036.8147,2935.8295,2964.8421
131354000,3025.949,2618100,32199500,6743729800,68676036900,2940.1916,3036.8147,2935.8295,2964.8421
131400000,3025.84,3363400,37852300,6747093200,68713889200,2940.1916,3036.8147,2935.8295,2964.8421
131405000,3025.6157,2942000,36090300,6750035200,68749979500,2940.1916,3036.8147,2935.8295,2964.8421
131409000,3025.7913,2479400,28479200,6752514600,68778458700,2940.1916,3036.8147,2935.8295,2964.8421
131415000,3025.2864,2904200,33041000,6755418800,68811499700,2940.1916,3036.8147,2935.8295,2964.8421
131420000,3025.5186,3378600,40351600,6758797400,68851851300,2940.1916,3036.8147,2935.8295,2964.8421
131424000,3025.2614,2464600,27599000,6761262000,68879450300,2940.1916,3036.8147,2935.8295,2964.8421
131430000,3025.3627,3008500,32508500,6764270500,68911958800,2940.1916,3036.8147,2935.8295,2964.8421
131435000,3025.3417,3307700,36225500,6767578200,68948184300,2940.1916,3036.8147,2935.8295,2964.8421
131439000,3025.1376,2775500,33079200,6770353700,68981263500,2940.1916,3036.8147,2935.8295,2964.8421
131445000,3024.5958,3484900,32748600,6773838600,69014012100,2940.1916,3036.8147,2935.8295,2964.8421
131450000,3024.7656,4279600,44656800,6778118200,69058668900,2940.1916,3036.8147,2935.8295,2964.8421
131454000,3024.6886,3051300,31622400,6781169500,69090291300,2940.1916,3036.8147,2935.8295,2964.8421
131500000,3024.1898,4151300,51711700,6785320800,69142003000,2940.1916,3036.8147,2935.8295,2964.8421
131505000,3024.0827,3352700,38985900,6788673500,69180988900,2940.1916,3036.8147,2935.8295,2964.8421
131509000,3024.1706,3636300,38880600,6792309800,69219869500,2940.1916,3036.8147,2935.8295,2964.8421
131515000,3024.5857,3416600,36922000,6795726400,69256791500,2940.1916,3036.8147,2935.8295,2964.8421
131520000,3024.7897,3401600,40533300,6799128000,69297324800,2940.1916,3036.8147,2935.8295,2964.8421
131524000,3024.3289,3017200,42012100,6802145200,69339336900,2940.1916,3036.8147,2935.8295,2964.8421
131530000,3024.5603,3457900,38363000,6805603100,69377699900,2940.1916,3036.8147,2935.8295,2964.8421
131535000,3024.3052,2453400,29222300,6808056500,69406922200,2940.1916,3036.8147,2935.8295,2964.8421
131539000,3024.7818,2450200,31843100,6810506700,69438765300,2940.1916,3036.8147,2935.8295,2964.8421
131545000,3024.4785,2418300,30251200,6812925000,69469016500,2940.1916,3036.8147,2935.8295,2964.8421
131550000,3024.761,3791100,46316300,6816716100,69515332800,2940.1916,3036.8147,2935.8295,2964.8421
131554000,3024.2808,2764300,36209400,6819480400,69551542200,2940.1916,3036.8147,2935.8295,2964.8421
131600000,3024.6572,3643100,40867000,6823123500,69592409200,2940.1916,3036.8147,2935.8295,2964.8421
131605000,3024.4412,3733200,40262700,6826856700,69632671900,2940.1916,3036.8147,2935.8295,2964.8421
131609000,3024.2043,2780800,27289100,6829637500,69659961000,2940.1916,3036.8147,2935.8295,2964.8421
131615000,3024.471,3262900,35935000,6832900400,69695896000,2940.1916,3036.8147,2935.8295,2964.8421
131620000,3024.8235,3328700,36349600,6836229100,69732245600,2940.1916,3036.8147,2935.8295,2964.8421
131624000,3024.3154,2185400,22656000,6838414500,69754901600,2940.1916,3036.8147,2935.8295,2964.8421
131630000,3024.7453,3294700,36193200,6841709200,69791094800,2940.1916,3036.8147,2935.8295,2964.8421
131635000,3024.8255,2550600,34695600,6844259800,69825790400,2940.1916,3036.8147,2935.8295,2964.8421
131639000,3024.6058,2349700,27314600,6846609500,69853105000,2940.1916,3036.8147,2935.8295,2964.8421
131645000,3024.521,2479100,28243300,6849088600,69881348300,2940.1916,3036.8147,2935.8295,2964.8421
131650000,3024.8682,2891500,34783300,6851980100,69916131600,2940.1916,3036.8147,2935.8295,2964.8421
131654000,3025.0068,2669400,29044300,6854649500,69945175900,2940.1916,3036.8147,2935.8295,2964.8421
131700000,3024.8737,3200800,36095600,6857850300,69981271500,2940.1916,3036.8147,2935.8295,2964.8421
131705000,3025.118,3031800,31964400,6860882100,70013235900,2940.1916,3036.8147,2935.8295,2964.8421
131709000,3024.8102,2214600,28689100,6863096700,70041925000,2940.1916,3036.8147,2935.8295,2964.8421
131715000,3025.1628,3020200,34878900,6866116900,70076803900,2940.1916,3036.8147,2935.8295,2964.8421
131720000,3025.0454,3070400,41961000,6869187300,70118764900,2940.1916,3036.8147,2935.8295,2964.8421
131724000,3025.4252,2357200,29566200,6871544500,70148331100,2940.1916,3036.8147,2935.8295,2964.8421
131730000,3025.2984,4880800,58663400,6876425300,70206994500,2940.1916,3036.8147,2935.8295,2964.8421
131735000,3025.41,1940000,26851400,6878365300,70233845900,2940.1916,3036.8147,2935.8295,2964.8421
131739000,3025.8855,2555700,33406900,6880921000,70267252800,2940.1916,3036.8147,2935.8295,2964.8421
131745000,3025.9286,2238200,26339900,6883159200,70293592700,2940.1916,3036.8147,2935.8295,2964.8421
131750000,3025.8448,3713600,43720600,6886872800,70337313300,2940.1916,3036.8147,2935.8295,2964.8421
131754000,3026.1826,2217500,26464900,6889090300,70363778200,2940.1916,3036.8147,2935.8295,2964.8421
131800000,3025.5,2586300,32020600,6891676600,70395798800,2940.1916,3036.8147,2935.8295,2964.8421
131805000,3025.6776,2676200,33183700,6894352800,70428982500,2940.1916,3036.8147,2935.8295,2964.8421
131809000,3026.1616,2860500,30118600,6897213300,70459101100,2940.1916,3036.8147,2935.8295,2964.8421
131815000,3026.1313,2384800,27711000,6899598100,70486812100,2940.1916,3036.8147,2935.8295,2964.8421
131820000,3026.1586,3773700,43494200,6903371800,70530306300,2940.1916,3036.8147,2935.8295,2964.8421
131824000,3026.294,3258800,57468100,6906630600,70587774400,2940.1916,3036.8147,2935.8295,2964.8421
131830000,3026.3552,3171700,39937400,6909802300,70627711800,2940.1916,3036.8147,2935.8295,2964.8421
131835000,3026.3944,2457600,33099100,6912259900,70660810900,2940.1916,3036.8147,2935.8295,2964.8421
131839000,3026.3669,2052300,27143700,6914312200,70687954600,2940.1916,3036.8147,2935.8295,2964.8421
131845000,3026.8462,2007900,27733600,6916320100,70715688200,2940.1916,3036.8147,2935.8295,2964.8421
131850000,3026.4237,2691400,37198900,6919011500,70752887100,2940.1916,3036.8147,2935.8295,2964.8421
131854000,3026.8887,2122700,27076900,6921134200,70779964000,2940.1916,3036.8147,2935.8295,2964.8421
131900000,3026.5585,3089900,37770200,6924224100,70817734200,2940.1916,3036.8147,2935.8295,2964.8421
131905000,3026.8797,2236300,31314000,6926460400,70849048200,2940.1916,3036.8147,2935.8295,2964.8421
131909000,3027.1124,2321000,31754100,6928781400,70880802300,2940.1916,3036.8147,2935.8295,2964.8421
131915000,3026.7158,3407300,37235800,6932188700,70918038100,2940.1916,3036.8147,2935.8295,2964.8421
131920000,3027.1778,2917000,36324600,6935105700,70954362700,2940.1916,3036.8147,2935.8295,2964.8421
131924000,3026.9143,2853700,27073600,6937959400,70981436300,2940.1916,3036.8147,2935.8295,2964.8421
131930000,3027.2572,3532800,32893100,6941492200,71014329400,2940.1916,3036.8147,2935.8295,2964.8421
131935000,3027.0614,3795000,37524500,6945287200,71051853900,2940.1916,3036.8147,2935.8295,2964.8421
131939000,3026.7721,3510500,32100200,6948797700,71083954100,2940.1916,3036.8147,2935.8295,2964.8421
131945000,3027.1216,3932900,34417000,6952730600,71118371100,2940.1916,3036.8147,2935.8295,2964.8421
131950000,3027.5464,2896600,37236700,6955627200,71155607800,2940.1916,3036.8147,2935.8295,2964.8421
131954000,3027.493,3901300,29466800,6959528500,71185074600,2940.1916,3036.8147,2935.8295,2964.8421
132000000,3027.5096,5026100,62097100,6964554600,71247171700,2940.1916,3036.8147,2935.8295,2964.8421
132005000,3027.3549,2606500,31110400,6967161100,71278282100,2940.1916,3036.8147,2935.8295,2964.8421
132009000,3027.6544,1789900,26185600,6968951000,71304467700,2940.1916,3036.8147,2935.8295,2964.8421
132015000,3027.6676,1939900,21600500,6970890900,71326068200,2940.1916,3036.8147,2935.8295,2964.8421
132020000,3028.1424,2533600,44424800,6973424500,71370493000,2940.1916,3036.8147,2935.8295,2964.8421
132024000,3028.0328,2070600,27362800,6975495100,71397855800,2940.1916,3036.8147,2935.8295,2964.8421
132030000,3028.1025,3545700,45364800,6979040800,71443220600,2940.1916,3036.8147,2935.8295,2964.8421
132035000,3028.2759,2186900,29964700,6981227700,71473185300,2940.1916,3036.8147,2935.8295,2964.8421
132039000,3028.3469,2823400,30078200,6984051100,71503263500,2940.1916,3036.8147,2935.8295,2964.8421
132045000,3028.7392,2047800,31304200,6986098900,71534567700,2940.1916,3036.8147,2935.8295,2964.8421
132050000,3029.231,3718100,45931700,6989817000,71580499400,2940.1916,3036.8147,2935.8295,2964.8421
132054000,3029.1172,2320100,29844900,6992137100,71610344300,2940.1916,3036.8147,2935.8295,2964.8421
132100000,3028.8293,3848600,42123000,6995985700,71652467300,2940.1916,3036.8147,2935.8295,2964.8421
132105000,3028.7415,2400900,34079500,6998386600,71686546800,2940.1916,3036.8147,2935.8295,2964.8421
132109000,3029.0861,3062800,35056900,7001449400,71721603700,2940.1916,3036.8147,2935.8295,2964.8421
132115000,3029.2696,3541300,47494900,7004990700,71769098600,2940.1916,3036.8147,2935.8295,2964.8421
132120000,3029.0394,3873500,47097800,7008864200,71816196400,2940.1916,3036.8147,2935.8295,2964.8421
132124000,3029.3199,2013600,28790600,7010877800,71844987000,2940.1916,3036.8147,2935.8295,2964.8421
132130000,3029.188,4543700,49744600,7015421500,71894731600,2940.1916,3036.8147,2935.8295,2964.8421
132135000,3029.4104,2342300,33575800,7017763800,71928307400,2940.1916,3036.8147,2935.8295,2964.8421
132139000,3029.4598,2602600,29533000,7020366400,71957840400,2940.1916,3036.8147,2935.8295,2964.8421
132145000,3029.6399,2929400,31497200,7023295800,71989337600,2940.1916,3036.8147,2935.8295,2964.8421
132150000,3030.0964,2964100,38611400,7026259900,72027949000,2940.1916,3036.8147,2935.8295,2964.8421
132154000,3029.6584,2057200,27710000,7028317100,72055659000,2940.1916,3036.8147,2935.8295,2964.8421
132200000,3029.5957,3255600,41962500,7031572700,72097621500,2940.1916,3036.8147,2935.8295,2964.8421
132205000,3029.7509,3425200,42710200,7034997900,72140331700,2940.1916,3036.8147,2935.8295,2964.8421
132209000,3030.0322,2414500,29270200,7037412400,72169601900,2940.1916,3036.8147,2935.8295,2964.8421
132215000,3029.5412,2411100,27969300,7039823500,72197571200,2940.1916,3036.8147,2935.8295,2964.8421
132220000,3029.6189,4559700,44016000,7044383200,72241587200,2940.1916,3036.8147,2935.8295,2964.8421
132224000,3029.6878,2394000,26451800,7046777200,72268039000,2940.1916,3036.8147,2935.8295,2964.8421
132230000,3029.095,2691800,30479100,7049469000,72298518100,2940.1916,3036.8147,2935.8295,2964.8421
132235000,3029.4249,1700400,24961000,7051169400,72323479100,2940.1916,3036.8147,2935.8295,2964.8421
132239000,3029.5698,2794200,34996800,7053963600,72358475900,2940.1916,3036.8147,2935.8295,2964.8421
132245000,3029.9314,1802100,26130300,7055765700,72384606200,2940.1916,3036.8147,2935.8295,2964.8421
132250000,3030.0363,2534600,43664500,7058300300,72428270700,2940.1916,3036.8147,2935.8295,2964.8421
132254000,3029.8932,2321700,25251300,7060622000,72453522000,2940.1916,3036.8147,2935.8295,2964.8421
132300000,3029.4777,3253700,36242800,7063875700,72489764800,2940.1916,3036.8147,2935.8295,2964.8421
132305000,3029.3832,2557700,32717900,7066433400,72522482700,2940.1916,3036.8147,2935.8295,2964.8421
132309000,3029.6586,1556700,20983100,7067990100,72543465800,2940.1916,3036.8147,2935.8295,2964.8421
132315000,3029.7139,2361800,29580800,7070351900,72573046600,2940.1916,3036.8147,2935.8295,2964.8421
132320000,3029.643,2637500,33667200,7072989400,72606713800,2940.1916,3036.8147,2935.8295,2964.8421
132324000,3029.3945,1879600,21511300,7074869000,72628225100,2940.1916,3036.8147,2935.8295,2964.8421
132330000,3029.7999,3497900,37458000,7078366900,72665683100,2940.1916,3036.8147,2935.8295,2964.8421
132335000,3029.936,2499100,37530500,7080866000,72703213600,2940.1916,3036.8147,2935.8295,2964.8421
132339000,3029.8799,1536500,20607200,7082402500,72723820800,2940.1916,3036.8147,2935.8295,2964.8421
132345000,3029.8736,2618500,30483500,7085021000,72754304300,2940.1916,3036.8147,2935.8295,2964.8421
132350000,3030.2423,2937500,36960600,7087958500,72791264900,2940.1916,3036.8147,2935.8295,2964.8421
132354000,3030.0589,2053600,26391300,7090012100,72817656200,2940.1916,3036.8147,2935.8295,2964.8421
132400000,3029.8565,2875800,33360300,7092887900,72851016500,2940.1916,3036.8147,2935.8295,2964.8421
132405000,3029.8339,2674000,37440000,7095561900,72888456500,2940.1916,3036.8147,2935.8295,2964.8421
132409000,3030.1633,2559000,27189100,7098120900,72915645600,2940.1916,3036.8147,2935.8295,2964.8421
132415000,3030.2383,2322500,35499600,7100443400,72951145200,2940.1916,3036.8147,2935.8295,2964.8421
132420000,3030.2194,3997700,48048900,7104441100,72999194100,2940.1916,3036.8147,2935.8295,2964.8421
132424000,3030.3017,3584500,33590200,7108025600,73032784300,2940.1916,3036.8147,2935.8295,2964.8421
132430000,3029.9663,3057000,39871700,7111082600,73072656000,2940.1916,3036.8147,2935.8295,2964.8421
132435000,3030.1181,1994000,24069600,7113076600,73096725600,2940.1916,3036.8147,2935.8295,2964.8421
132439000,3029.2963,2384600,27104800,7115461200,73123830400,2940.1916,3036.8147,2935.8295,2964.8421
132445000,3029.8481,2976900,32324400,7118438100,73156154800,2940.1916,3036.8147,2935.8295,2964.8421
132450000,3030.3708,3467600,40996000,7121905700,73197150800,2940.1916,3036.8147,2935.8295,2964.8421
132454000,3030.0066,2084900,27131800,7123990600,73224282600,2940.1916,3036.8147,2935.8295,2964.8421
132500000,3029.7675,3265600,46807600,7127256200,73271090200,2940.1916,3036.8147,2935.8295,2964.8421
132505000,3029.7734,2695600,31634500,7129951800,73302724700,2940.1916,3036.8147,2935.8295,2964.8421
132509000,3028.8328,3760900,38168800,7133712700,73340893500,2940.1916,3036.8147,2935.8295,2964.8421
132515000,3029.0354,2823300,33409700,7136536000,73374303200,2940.1916,3036.8147,2935.8295,2964.8421
132520000,3029.0,3607700,44153600,7140143700,73418456800,2940.1916,3036.8147,2935.8295,2964.8421
132524000,3028.0815,4252300,49334000,7144396000,73467790800,2940.1916,3036.8147,2935.8295,2964.8421
132530000,3027.9873,4276000,47373800,7148672000,73515164600,2940.1916,3036.8147,2935.8295,2964.8421
132535000,3027.2706,3967100,49735600,7152639100,73564900200,2940.1916,3036.8147,2935.8295,2964.8421
132539000,3027.4449,3582600,42370600,7156221700,73607270800,2940.1916,3036.8147,2935.8295,2964.8421
132545000,3026.9707,3170800,45422600,7159392500,73652693400,2940.1916,3036.8147,2935.8295,2964.8421
132550000,3026.8749,6713000,78279500,7166105500,73730972900,2940.1916,3036.8147,2935.8295,2964.8421
132554000,3026.0423,3532200,38335600,7169637700,73769308500,2940.1916,3036.8147,2935.8295,2964.8421
132600000,3025.7082,5813700,63436500,7175451400,73832745000,2940.1916,3036.8147,2935.8295,2964.8421
132605000,3025.0659,4411500,45758200,7179862900,73878503200,2940.1916,3036.8147,2935.8295,2964.8421
132609000,3025.1072,4203500,42979800,7184066400,73921483000,2940.1916,3036.8147,2935.8295,2964.8421
132615000,3025.1014,2591000,31846400,7186657400,73953329400,2940.1916,3036.8147,2935.8295,2964.8421
132620000,3024.8553,3518100,38105800,7190175500,73991435200,2940.1916,3036.8147,2935.8295,2964.8421
132624000,3024.6108,2420200,27937500,7192595700,74019372700,2940.1916,3036.8147,2935.8295,2964.8421
132630000,3024.7413,6115500,48365900,7198711200,74067738600,2940.1916,3036.8147,2935.8295,2964.8421
132635000,3024.4087,2780200,30955200,7201491400,74098693800,2940.1916,3036.8147,2935.8295,2964.8421
132639000,3024.4488,3104700,31557600,7204596100,74130251400,2940.1916,3036.8147,2935.8295,2964.8421
132645000,3024.2295,2652900,29084100,7207249000,74159335500,2940.1916,3036.8147,2935.8295,2964.8421
132650000,3024.5442,4138400,49461400,7211387400,74208796900,2940.1916,3036.8147,2935.8295,2964.8421
132654000,3024.1406,2750400,33280300,7214137800,74242077200,2940.1916,3036.8147,2935.8295,2964.8421
132700000,3023.882,3253000,35715700,7217390800,74277792900,2940.1916,3036.8147,2935.8295,2964.8421
132705000,3023.5879,2755300,26072600,7220146100,74303865500,2940.1916,3036.8147,2935.8295,2964.8421
132709000,3023.6955,2367300,29171900,7222513400,74333037400,2940.1916,3036.8147,2935.8295,2964.8421
132715000,3023.5367,2155700,25010500,7224669100,74358047900,2940.1916,3036.8147,2935.8295,2964.8421
132720000,3023.6925,2735700,29334200,7227404800,74387382100,2940.1916,3036.8147,2935.8295,2964.8421
132724000,3023.4609,2473700,26224700,7229878500,74413606800,2940.1916,3036.8147,2935.8295,2964.8421
132730000,3023.4095,3178300,36185000,7233056800,74449791800,2940.1916,3036.8147,2935.8295,2964.8421
132735000,3023.4919,2143200,25007500,7235200000,74474799300,2940.1916,3036.8147,2935.8295,2964.8421
132739000,3023.4066,2254600,25042800,7237454600,74499842100,2940.1916,3036.8147,2935.8295,2964.8421
132745000,3023.0769,2748600,22899800,7240203200,74522741900,2940.1916,3036.8147,2935.8295,2964.8421
132750000,3023.5998,3481000,34783500,7243684200,74557525400,2940.1916,3036.8147,2935.8295,2964.8421
132754000,3023.4453,2225000,28495200,7245909200,74586020600,2940.1916,3036.8147,2935.8295,2964.8421
132800000,3022.7064,4294000,39243400,7250203200,74625264000,2940.1916,3036.8147,2935.8295,2964.8421
132805000,3022.8764,3388800,32291400,7253592000,74657555400,2940.1916,3036.8147,2935.8295,2964.8421
132809000,3022.8114,2417800,23584600,7256009800,74681140000,2940.1916,3036.8147,2935.8295,2964.8421
132815000,3022.729,2793000,25577800,7258802800,74706717800,2940.1916,3036.8147,2935.8295,2964.8421
132820000,3022.9233,2271400,35740400,7261074200,74742458200,2940.1916,3036.8147,2935.8295,2964.8421
132824000,3022.5677,2295300,26754200,7263369500,74769212400,2940.1916,3036.8147,2935.8295,2964.8421
132830000,3022.6747,2800800,33118900,7266170300,74802331300,2940.1916,3036.8147,2935.8295,2964.8421
132835000,3022.9511,2187200,24993000,7268357500,74827324300,2940.1916,3036.8147,2935.8295,2964.8421
132839000,3022.8368,2324400,27255000,7270681900,74854579300,2940.1916,3036.8147,2935.8295,2964.8421
132845000,3022.6082,2533700,25339200,7273215600,74879918500,2940.1916,3036.8147,2935.8295,2964.8421
132850000,3023.1489,2703200,34006200,7275918800,74913924700,2940.1916,3036.8147,2935.8295,2964.8421
132854000,3022.6612,2325400,24967100,7278244200,74938891800,2940.1916,3036.8147,2935.8295,2964.8421
132900000,3022.1828,3350400,34682800,7281594600,74973574600,2940.1916,3036.8147,2935.8295,2964.8421
132905000,3022.1019,2143300,25882700,7283737900,74999457300,2940.1916,3036.8147,2935.8295,2964.8421
132909000,3022.2948,2043700,22483300,7285781600,75021940600,2940.1916,3036.8147,2935.8295,2964.8421
132915000,3021.9971,2223400,21350800,7288005000,75043291400,2940.1916,3036.8147,2935.8295,2964.8421
132920000,3022.2364,2883100,31147600,7290888100,75074439000,2940.1916,3036.8147,2935.8295,2964.8421
132924000,3021.9434,1716400,22185000,7292604500,75096624000,2940.1916,3036.8147,2935.8295,2964.8421
132930000,3022.3149,2191400,23667100,7294795900,75120291100,2940.1916,3036.8147,2935.8295,2964.8421
132935000,3022.1418,2401800,26240800,7297197700,75146531900,2940.1916,3036.8147,2935.8295,2964.8421
132939000,3022.0164,1815100,22278500,7299012800,75168810400,2940.1916,3036.8147,2935.8295,2964.8421
132945000,3022.0561,1957000,21260800,7300969800,75190071200,2940.1916,3036.8147,2935.8295,2964.8421
132950000,3022.6918,3648100,39371400,7304617900,75229442600,2940.1916,3036.8147,2935.8295,2964.8421
132954000,3022.6606,1874700,26907500,7306492600,75256350100,2940.1916,3036.8147,2935.8295,2964.8421
133000000,3022.1703,3159500,40479000,7309652100,75296829100,2940.1916,3036.8147,2935.8295,2964.8421
133005000,3022.083,2559700,24965300,7312211800,75321794400,2940.1916,3036.8147,2935.8295,2964.8421
133009000,3022.1079,1507100,19003700,7313718900,75340798100,2940.1916,3036.8147,2935.8295,2964.8421
133015000,3021.8465,2032100,25634400,7315751000,75366432500,2940.1916,3036.8147,2935.8295,2964.8421
133020000,3022.0932,2589800,29597300,7318340800,75396029800,2940.1916,3036.8147,2935.8295,2964.8421
133024000,3021.6724,1874100,23238900,7320214900,75419268700,2940.1916,3036.8147,2935.8295,2964.8421
133030000,3021.8003,2884500,31804600,7323099400,75451073300,2940.1916,3036.8147,2935.8295,2964.8421
133035000,3022.0944,2498900,28524900,7325598300,75479598200,2940.1916,3036.8147,2935.8295,2964.8421
133039000,3021.6356,2670300,29908800,7328268600,75509507000,2940.1916,3036.8147,2935.8295,2964.8421
133045000,3021.6485,2630100,33460000,7330898700,75542967000,2940.1916,3036.8147,2935.8295,2964.8421
133050000,3022.0206,3642900,46439000,7334541600,75589406000,2940.1916,3036.8147,2935.8295,2964.8421
133054000,3022.0201,2314500,28023800,7336856100,75617429800,2940.1916,3036.8147,2935.8295,2964.8421
133100000,3021.4506,3512000,39396200,7340368100,75656826000,2940.1916,3036.8147,2935.8295,2964.8421
133105000,3021.7015,2039400,22378900,7342407500,75679204900,2940.1916,3036.8147,2935.8295,2964.8421
133109000,3021.7888,2153300,24398400,7344560800,75703603300,2940.1916,3036.8147,2935.8295,2964.8421
133115000,3021.4168,1893600,25193500,7346454400,75728796800,2940.1916,3036.8147,2935.8295,2964.8421
133120000,3021.472,3276200,34387800,7349730600,75763184600,2940.1916,3036.8147,2935.8295,2964.8421
133124000,3021.509,1868100,24244400,7351598700,75787429000,2940.1916,3036.8147,2935.8295,2964.8421
133130000,3021.61,3924200,40718200,7355522900,75828147200,2940.1916,3036.8147,2935.8295,2964.8421
133135000,3022.1684,3645000,36880700,7359167900,75865027900,2940.1916,3036.8147,2935.8295,2964.8421
133139000,3022.0071,2746800,26805800,7361914700,75891833700,2940.1916,3036.8147,2935.8295,2964.8421
133145000,3021.9088,3090800,29138800,7365005500,75920972500,2940.1916,3036.8147,2935.8295,2964.8421
133150000,3022.3317,3538900,39974200,7368544400,75960946700,2940.1916,3036.8147,2935.8295,2964.8421
133154000,3022.4384,2337900,31129100,7370882300,75992075800,2940.1916,3036.8147,2935.8295,2964.8421
133200000,3022.4772,2819800,35908700,7373702100,76027984500,2940.1916,3036.8147,2935.8295,2964.8421
133205000,3022.4036,2426300,26738600,7376128400,76054723100,2940.1916,3036.8147,2935.8295,2964.8421
133209000,3022.6778,2070200,24405200,7378198600,76079128300,2940.1916,3036.8147,2935.8295,2964.8421
133215000,3022.3219,2201200,29714400,7380399800,76108842700,2940.1916,3036.8147,2935.8295,2964.8421
133220000,3022.831,3404300,35318300,7383804100,76144161000,2940.1916,3036.8147,2935.8295,2964.8421
133224000,3022.8382,3173600,41046500,7386977700,76185207500,2940.1916,3036.8147,2935.8295,2964.8421
133230000,3022.8909,2807800,34100400,7389785500,76219307900,2940.1916,3036.8147,2935.8295,2964.8421
133235000,3022.9283,2278100,27707400,7392063600,76247015300,2940.1916,3036.8147,2935.8295,2964.8421
133239000,3023.3588,3163900,33179500,7395227500,76280194800,2940.1916,3036.8147,2935.8295,2964.8421
133245000,3023.1197,1785600,19163800,7397013100,76299358600,2940.1916,3036.8147,2935.8295,2964.8421
133250000,3023.1571,3202100,32726300,7400215200,76332084900,2940.1916,3036.8147,2935.8295,2964.8421
133254000,3023.7146,2466100,27449600,7402681300,76359534500,2940.1916,3036.8147,2935.8295,2964.8421
133300000,3023.4397,2764800,26594100,7405446100,76386128600,2940.1916,3036.8147,2935.8295,2964.8421
133305000,3023.473,2964400,30875300,7408410500,76417003900,2940.1916,3036.8147,2935.8295,2964.8421
133309000,3023.8065,1922200,23129800,7410332700,76440133700,2940.1916,3036.8147,2935.8295,2964.8421
133315000,3023.628,2059200,25961500,7412391900,76466095200,2940.1916,3036.8147,2935.8295,2964.8421
133320000,3024.3477,3787900,40093900,7416179800,76506189100,2940.1916,3036.8147,2935.8295,2964.8421
133324000,3024.1071,2461500,30216600,7418641300,76536405700,2940.1916,3036.8147,2935.8295,2964.8421
133330000,3024.2482,2991000,38857200,7421632300,76575262900,2940.1916,3036.8147,2935.8295,2964.8421
133335000,3024.5329,2591700,33921500,7424224000,76609184400,2940.1916,3036.8147,2935.8295,2964.8421
133339000,3024.4196,2022300,21616900,7426246300,76630801300,2940.1916,3036.8147,2935.8295,2964.8421
133345000,3024.5904,2180900,24974400,7428427200,76655775700,2940.1916,3036.8147,2935.8295,2964.8421
133350000,3024.7385,3065200,35743200,7431492400,76691518900,2940.1916,3036.8147,2935.8295,2964.8421
133354000,3024.4523,1925700,22939500,7433418100,76714458400,2940.1916,3036.8147,2935.8295,2964.8421
133400000,3024.3465,2768200,30608100,7436186300,76745066500,2940.1916,3036.8147,2935.8295,2964.8421
133405000,3024.344,2106300,25130300,7438292600,76770196800,2940.1916,3036.8147,2935.8295,2964.8421
133409000,3024.7743,2019500,25582500,7440312100,76795779300,2940.1916,3036.8147,2935.8295,2964.8421
133415000,3024.6853,1517900,17396900,7441830000,76813176200,2940.1916,3036.8147,2935.8295,2964.8421
133420000,3024.6194,2369100,33077500,7444199100,76846253700,2940.1916,3036.8147,2935.8295,2964.8421
133424000,3024.9091,1760200,19502400,7445959300,76865756100,2940.1916,3036.8147,2935.8295,2964.8421
133430000,3024.479,2375900,36774700,7448335200,76902530800,2940.1916,3036.8147,2935.8295,2964.8421
133435000,3024.6578,2485800,24736900,7450821000,76927267700,2940.1916,3036.8147,2935.8295,2964.8421
133439000,3025.0403,2244100,26075100,7453065100,76953342800,2940.1916,3036.8147,2935.8295,2964.8421
133445000,3024.7563,1568700,23076400,7454633800,76976419200,2940.1916,3036.8147,2935.8295,2964.8421
133450000,3025.1203,2919700,32010900,7457553500,77008430100,2940.1916,3036.8147,2935.8295,2964.8421
133454000,3025.0083,1620900,20103900,7459174400,77028534000,2940.1916,3036.8147,2935.8295,2964.8421
133500000,3024.7188,2314900,27203600,7461489300,77055737600,2940.1916,3036.8147,2935.8295,2964.8421
133505000,3024.5818,2498100,26732000,7463987400,77082469600,2940.1916,3036.8147,2935.8295,2964.8421
133509000,3024.6342,1777200,20867200,7465764600,77103336800,2940.1916,3036.8147,2935.8295,2964.8421
133515000,3024.263,1613100,20770100,7467377700,77124106900,2940.1916,3036.8147,2935.8295,2964.8421
133520000,3024.6771,2881600,29379300,7470259300,77153486200,2940.1916,3036.8147,2935.8295,2964.8421
133524000,3024.5982,1728600,19127400,7471987900,77172613600,2940.1916,3036.8147,2935.8295,2964.8421
133530000,3024.5765,1940300,24453700,7473928200,77197067300,2940.1916,3036.8147,2935.8295,2964.8421
133535000,3024.4063,1535300,20036900,7475463500,77217104200,2940.1916,3036.8147,2935.8295,2964.8421
133539000,3024.1176,1738600,19200400,7477202100,77236304600,2940.1916,3036.8147,2935.8295,2964.8421
133545000,3024.2172,1818800,22006800,7479020900,77258311400,2940.1916,3036.8147,2935.8295,2964.8421
133550000,3023.7985,3907900,37957800,7482928800,77296269200,2940.1916,3036.8147,2935.8295,2964.8421
133554000,3023.6641,2935000,34010700,7485863800,77330279900,2940.1916,3036.8147,2935.8295,2964.8421
133600000,3023.7773,3053600,34807000,7488917400,77365086900,2940.1916,3036.8147,2935.8295,2964.8421
133605000,3023.3937,2595200,32570900,7491512600,77397657800,2940.1916,3036.8147,2935.8295,2964.8421
133609000,3023.3789,2622800,31565800,7494135400,77429223600,2940.1916,3036.8147,2935.8295,2964.8421
133615000,3023.2945,1736300,21539900,7495871700,77450763500,2940.1916,3036.8147,2935.8295,2964.8421
133620000,3023.6456,2052500,25998100,7497924200,77476761600,2940.1916,3036.8147,2935.8295,2964.8421
133624000,3023.8036,1702500,19933200,7499626700,77496694800,2940.1916,3036.8147,2935.8295,2964.8421
133630000,3023.2786,2270000,28236000,7501896700,77524930800,2940.1916,3036.8147,2935.8295,2964.8421
133635000,3023.465,1637600,18284300,7503534300,77543215100,2940.1916,3036.8147,2935.8295,2964.8421
133639000,3023.4668,1708600,20340300,7505242900,77563555400,2940.1916,3036.8147,2935.8295,2964.8421
133645000,3022.9776,3732800,29226400,7508975700,77592781800,2940.1916,3036.8147,2935.8295,2964.8421
133650000,3023.1879,3145400,35665400,7512121100,77628447200,2940.1916,3036.8147,2935.8295,2964.8421
133654000,3023.1551,1505500,17968600,7513626600,77646415800,2940.1916,3036.8147,2935.8295,2964.8421
133700000,3022.8555,2338700,27633400,7515965300,77674049200,2940.1916,3036.8147,2935.8295,2964.8421
133705000,3022.8137,1850300,28625100,7517815600,77702674300,2940.1916,3036.8147,2935.8295,2964.8421
133709000,3022.5449,1612200,20931800,7519427800,77723606100,2940.1916,3036.8147,2935.8295,2964.8421
133715000,3022.508,1559800,19005100,7520987600,77742611200,2940.1916,3036.8147,2935.8295,2964.8421
133720000,3022.604,2958900,27795600,7523946500,77770406800,2940.1916,3036.8147,2935.8295,2964.8421
133724000,3022.3521,2135100,25317900,7526081600,77795724700,2940.1916,3036.8147,2935.8295,2964.8421
133730000,3022.4129,1837400,22248500,7527919000,77817973200,2940.1916,3036.8147,2935.8295,2964.8421
133735000,3022.4634,1739100,24039400,7529658100,77842012600,2940.1916,3036.8147,2935.8295,2964.8421
133739000,3022.4653,1471500,16551300,7531129600,77858563900,2940.1916,3036.8147,2935.8295,2964.8421
133745000,3022.784,1900300,18137500,7533029900,77876701400,2940.1916,3036.8147,2935.8295,2964.8421
133750000,3022.565,2487100,28004200,7535517000,77904705600,2940.1916,3036.8147,2935.8295,2964.8421
133754000,3022.5935,1770400,20091300,7537287400,77924796900,2940.1916,3036.8147,2935.8295,2964.8421
133800000,3022.5521,2125900,25285300,7539413300,77950082200,2940.1916,3036.8147,2935.8295,2964.8421
133805000,3022.5136,2054500,24358200,7541467800,77974440400,2940.1916,3036.8147,2935.8295,2964.8421
133809000,3022.3757,1684000,21073500,7543151800,77995513900,2940.1916,3036.8147,2935.8295,2964.8421
133815000,3022.2875,1910700,23090900,7545062500,78018604800,2940.1916,3036.8147,2935.8295,2964.8421
133820000,3022.4658,2343900,29136400,7547406400,78047741200,2940.1916,3036.8147,2935.8295,2964.8421
133824000,3022.7155,1312100,19124100,7548718500,78066865300,2940.1916,3036.8147,2935.8295,2964.8421
133830000,3022.4499,1990600,24646100,7550709100,78091511400,2940.1916,3036.8147,2935.8295,2964.8421
133835000,3022.6857,2131900,23929500,7552841000,78115440900,2940.1916,3036.8147,2935.8295,2964.8421
133839000,3022.6016,1648800,18935300,7554489800,78134376200,2940.1916,3036.8147,2935.8295,2964.8421
133845000,3022.6298,1745300,19238500,7556235100,78153614700,2940.1916,3036.8147,2935.8295,2964.8421
133850000,3022.4195,2262400,25312500,7558497500,78178927200,2940.1916,3036.8147,2935.8295,2964.8421
133854000,3022.8414,1342700,16177700,7559840200,78195104900,2940.1916,3036.8147,2935.8295,2964.8421
133900000,3022.3394,2130200,23819700,7561970400,78218924600,2940.1916,3036.8147,2935.8295,2964.8421
133905000,3022.5558,1796200,22519200,7563766600,78241443800,2940.1916,3036.8147,2935.8295,2964.8421
133909000,3022.7385,1478000,18325400,7565244600,78259769200,2940.1916,3036.8147,2935.8295,2964.8421
133915000,3022.7122,1669000,23165600,7566913600,78282934800,2940.1916,3036.8147,2935.8295,2964.8421
133920000,3022.9419,1820700,21549200,7568734300,78304484000,2940.1916,3036.8147,2935.8295,2964.8421
133924000,3023.091,1469300,15679100,7570203600,78320163100,2940.1916,3036.8147,2935.8295,2964.8421
133930000,3022.8796,2032200,21434900,7572235800,78341598000,2940.1916,3036.8147,2935.8295,2964.8421
133935000,3022.7444,1450200,17322900,7573686000,78358920900,2940.1916,3036.8147,2935.8295,2964.8421
133939000,3022.8906,1674800,19739400,7575360800,78378660300,2940.1916,3036.8147,2935.8295,2964.8421
133945000,3023.0978,1745100,23465600,7577105900,78402125900,2940.1916,3036.8147,2935.8295,2964.8421
133950000,3022.7046,2321000,27836200,7579426900,78429962100,2940.1916,3036.8147,2935.8295,2964.8421
133954000,3022.7084,2253300,24019300,7581680200,78453981400,2940.1916,3036.8147,2935.8295,2964.8421
134000000,3022.7549,2337100,27633200,7584017300,78481614600,2940.1916,3036.8147,2935.8295,2964.8421
134005000,3022.7822,2341400,27639700,7586358700,78509254300,2940.1916,3036.8147,2935.8295,2964.8421
134009000,3022.8748,1594500,16799500,7587953200,78526053800,2940.1916,3036.8147,2935.8295,2964.8421
134015000,3023.1891,1168800,14523300,7589122000,78540577100,2940.1916,3036.8147,2935.8295,2964.8421
134020000,3022.8828,2505200,26764500,7591627200,78567341600,2940.1916,3036.8147,2935.8295,2964.8421
134024000,3023.1566,1628100,22246700,7593255300,78589588300,2940.1916,3036.8147,2935.8295,2964.8421
134030000,3023.0427,2690000,32350300,7595945300,78621938600,2940.1916,3036.8147,2935.8295,2964.8421
134035000,3022.9105,1577900,20304900,7597523200,78642243500,2940.1916,3036.8147,2935.8295,2964.8421
134039000,3023.027,1699100,18773900,7599222300,78661017400,2940.1916,3036.8147,2935.8295,2964.8421
134045000,3022.8172,1966700,19862900,7601189000,78680880300,2940.1916,3036.8147,2935.8295,2964.8421
134050000,3022.9643,2181000,29855600,7603370000,78710735900,2940.1916,3036.8147,2935.8295,2964.8421
134054000,3023.4155,1801700,19049800,7605171700,78729785700,2940.1916,3036.8147,2935.8295,2964.8421
134100000,3023.0885,2416400,29413700,7607588100,78759199400,2940.1916,3036.8147,2935.8295,2964.8421
134105000,3023.2389,1874800,24976200,7609462900,78784175600,2940.1916,3036.8147,2935.8295,2964.8421
134109000,3022.9661,1628100,26109700,7611091000,78810285300,2940.1916,3036.8147,2935.8295,2964.8421
134115000,3023.4711,1902600,23819400,7612993600,78834104700,2940.1916,3036.8147,2935.8295,2964.8421
134120000,3023.0375,2470200,27152000,7615463800,78861256700,2940.1916,3036.8147,2935.8295,2964.8421
134124000,3022.9354,1856700,21254900,7617320500,78882511600,2940.1916,3036.8147,2935.8295,2964.8421
134130000,3023.0507,2737600,24064400,7620058100,78906576000,2940.1916,3036.8147,2935.8295,2964.8421
134135000,3023.2161,1947100,23595300,7622005200,78930171300,2940.1916,3036.8147,2935.8295,2964.8421
134139000,3023.6142,1976400,21734600,7623981600,78951905900,2940.1916,3036.8147,2935.8295,2964.8421
134145000,3023.3843,1709600,19176400,7625691200,78971082300,2940.1916,3036.8147,2935.8295,2964.8421
134150000,3023.4872,2423900,28213300,7628115100,78999295600,2940.1916,3036.8147,2935.8295,2964.8421
134154000,3023.8187,2228800,20608800,7630343900,79019904400,2940.1916,3036.8147,2935.8295,2964.8421
134200000,3023.508,2760600,31482600,7633104500,79051387000,2940.1916,3036.8147,2935.8295,2964.8421
134205000,3023.2844,1935700,22505400,7635040200,79073892400,2940.1916,3036.8147,2935.8295,2964.8421
134209000,3023.3233,2884700,30704300,7637924900,79104596700,2940.1916,3036.8147,2935.8295,2964.8421
134215000,3023.0542,2314400,21916000,7640239300,79126512700,2940.1916,3036.8147,2935.8295,2964.8421
134220000,3023.1749,2770100,30804500,7643009400,79157317200,2940.1916,3036.8147,2935.8295,2964.8421
134224000,3022.9601,2001700,19248300,7645011100,79176565500,2940.1916,3036.8147,2935.8295,2964.8421
134230000,3022.6444,2200800,25617100,7647211900,79202182600,2940.1916,3036.8147,2935.8295,2964.8421
134235000,3022.7419,2496700,27501100,7649708600,79229683700,2940.1916,3036.8147,2935.8295,2964.8421
134239000,3022.7043,1812500,20403500,7651521100,79250087200,2940.1916,3036.8147,2935.8295,2964.8421
134245000,3022.7385,1991700,22070800,7653512800,79272158000,2940.1916,3036.8147,2935.8295,2964.8421
134250000,3022.1912,2748800,28319800,7656261600,79300477800,2940.1916,3036.8147,2935.8295,2964.8421
134254000,3022.7664,1392000,20013800,7657653600,79320491600,2940.1916,3036.8147,2935.8295,2964.8421
134300000,3022.39,2322600,25445800,7659976200,79345937400,2940.1916,3036.8147,2935.8295,2964.8421
134305000,3022.4733,2213000,28575900,7662189200,79374513300,2940.1916,3036.8147,2935.8295,2964.8421
134309000,3022.3792,1554200,17789700,7663743400,79392303000,2940.1916,3036.8147,2935.8295,2964.8421
134315000,3022.3944,1754500,18145700,7665497900,79410448700,2940.1916,3036.8147,2935.8295,2964.8421
134320000,3022.4105,1800600,22482300,7667298500,79432931000,2940.1916,3036.8147,2935.8295,2964.8421
134324000,3021.9147,1512300,19305500,7668810800,79452236500,2940.1916,3036.8147,2935.8295,2964.8421
134330000,3022.0339,1982800,23760100,7670793600,79475996600,2940.1916,3036.8147,2935.8295,2964.8421
134335000,3022.2265,2000000,24071400,7672793600,79500068000,2940.1916,3036.8147,2935.8295,2964.8421
134339000,3021.9586,3049200,27510500,7675842800,79527578500,2940.1916,3036.8147,2935.8295,2964.8421
134345000,3021.8322,1382300,16952200,7677225100,79544530700,2940.1916,3036.8147,2935.8295,2964.8421
134350000,3021.7084,2500100,30202200,7679725200,79574732900,2940.1916,3036.8147,2935.8295,2964.8421
134354000,3022.1723,1792300,19700100,7681517500,79594433000,2940.1916,3036.8147,2935.8295,2964.8421
134400000,3021.7538,2008300,26787800,7683525800,79621220800,2940.1916,3036.8147,2935.8295,2964.8421
134405000,3021.7303,2257200,24154900,7685783000,79645375700,2940.1916,3036.8147,2935.8295,2964.8421
134409000,3021.6492,1732000,21495400,7687515000,79666871100,2940.1916,3036.8147,2935.8295,2964.8421
134415000,3021.4462,1621200,20129300,7689136200,79687000400,2940.1916,3036.8147,2935.8295,2964.8421
134420000,3021.1709,2683600,25808400,7691819800,79712808800,2940.1916,3036.8147,2935.8295,2964.8421
134424000,3021.3918,1565100,21032600,7693384900,79733841400,2940.1916,3036.8147,2935.8295,2964.8421
134430000,3021.355,2469700,25622500,7695854600,79759463900,2940.1916,3036.8147,2935.8295,2964.8421
134435000,3020.8787,2647200,38666200,7698501800,79798130100,2940.1916,3036.8147,2935.8295,2964.8421
134439000,3021.0415,2005300,20837200,7700507100,79818967300,2940.1916,3036.8147,2935.8295,2964.8421
134445000,3020.9874,1964500,27769500,7702471600,79846736800,2940.1916,3036.8147,2935.8295,2964.8421
134450000,3021.3011,2412100,26081500,7704883700,79872818300,2940.1916,3036.8147,2935.8295,2964.8421
134454000,3021.5637,2706000,27046400,7707589700,79899864700,2940.1916,3036.8147,2935.8295,2964.8421
134500000,3021.0013,2485600,30111900,7710075300,79929976600,2940.1916,3036.8147,2935.8295,2964.8421
134505000,3020.8268,2984600,29314000,7713059900,79959290600,2940.1916,3036.8147,2935.8295,2964.8421
134509000,3020.6954,2273200,24276400,7715333100,79983567000,2940.1916,3036.8147,2935.8295,2964.8421
134515000,3020.2617,2354000,26136800,7717687100,80009703800,2940.1916,3036.8147,2935.8295,2964.8421
134520000,3020.6532,2451000,22836900,7720138100,80032540700,2940.1916,3036.8147,2935.8295,2964.8421
134524000,3020.5385,1835600,23414300,7721973700,80055955000,2940.1916,3036.8147,2935.8295,2964.8421
134530000,3020.6398,2054800,21287400,7724028500,80077242400,2940.1916,3036.8147,2935.8295,2964.8421
134535000,3020.4717,1701800,19635800,7725730300,80096878200,2940.1916,3036.8147,2935.8295,2964.8421
134539000,3020.369,2006600,21998900,7727736900,80118877100,2940.1916,3036.8147,2935.8295,2964.8421
134545000,3019.9358,1769400,20416900,7729506300,80139294000,2940.1916,3036.8147,2935.8295,2964.8421
134550000,3020.0066,2864100,34147200,7732370400,80173441200,2940.1916,3036.8147,2935.8295,2964.8421
134554000,3020.5796,2233700,26189100,7734604100,80199630300,2940.1916,3036.8147,2935.8295,2964.8421
134600000,3019.786,2530000,30689200,7737134100,80230319500,2940.1916,3036.8147,2935.8295,2964.8421
134605000,3019.9512,2055000,22737700,7739189100,80253057200,2940.1916,3036.8147,2935.8295,2964.8421
134609000,3020.2208,2257600,24285100,7741446700,80277342300,2940.1916,3036.8147,2935.8295,2964.8421
134615000,3020.2694,2152800,17048700,7743599500,80294391000,2940.1916,3036.8147,2935.8295,2964.8421
134620000,3020.2834,2243600,23024300,7745843100,80317415300,2940.1916,3036.8147,2935.8295,2964.8421
134624000,3020.1075,1763900,21246500,7747607000,80338661800,2940.1916,3036.8147,2935.8295,2964.8421
134630000,3019.8893,2204600,24870300,7749811600,80363532100,2940.1916,3036.8147,2935.8295,2964.8421
134635000,3019.7806,1865200,16918900,7751676800,80380451000,2940.1916,3036.8147,2935.8295,2964.8421
134639000,3019.5855,1862200,17498100,7753539000,80397949100,2940.1916,3036.8147,2935.8295,2964.8421
134645000,3019.4289,1629000,22294300,7755168000,80420243400,2940.1916,3036.8147,2935.8295,2964.8421
134650000,3019.3675,2688700,28293400,7757856700,80448536800,2940.1916,3036.8147,2935.8295,2964.8421
134654000,3020.1471,1679700,28913900,7759536400,80477450700,2940.1916,3036.8147,2935.8295,2964.8421
134700000,3019.3727,2779300,28380000,7762315700,80505830700,2940.1916,3036.8147,2935.8295,2964.8421
134705000,3019.0959,4280600,36770900,7766596300,80542601600,2940.1916,3036.8147,2935.8295,2964.8421
134709000,3019.0246,2061700,21584100,7768658000,80564185700,2940.1916,3036.8147,2935.8295,2964.8421
134715000,3018.6692,2050200,23469300,7770708200,80587655000,2940.1916,3036.8147,2935.8295,2964.8421
134720000,3018.4964,2460900,28102200,7773169100,80615757200,2940.1916,3036.8147,2935.8295,2964.8421
134724000,3019.1296,1808700,18717400,7774977800,80634474600,2940.1916,3036.8147,2935.8295,2964.8421
134730000,3018.5483,4732500,35577600,7779710300,80670052200,2940.1916,3036.8147,2935.8295,2964.8421
134735000,3018.8305,2148500,23798500,7781858800,80693850700,2940.1916,3036.8147,2935.8295,2964.8421
134739000,3018.4444,3765000,31429100,7785623800,80725279800,2940.1916,3036.8147,2935.8295,2964.8421
134745000,3018.416,1744800,18384000,7787368600,80743663800,2940.1916,3036.8147,2935.8295,2964.8421
134750000,3018.0667,3706600,34201300,7791075200,80777865100,2940.1916,3036.8147,2935.8295,2964.8421
134754000,3018.5084,2067000,23748800,7793142200,80801613900,2940.1916,3036.8147,2935.8295,2964.8421
134800000,3017.9544,2761400,26860300,7795903600,80828474200,2940.1916,3036.8147,2935.8295,2964.8421
134805000,3017.8731,2323000,24462900,7798226600,80852937100,2940.1916,3036.8147,2935.8295,2964.8421
134809000,3017.8734,2707700,28994500,7800934300,80881931600,2940.1916,3036.8147,2935.8295,2964.8421
134815000,3017.7167,2047800,25288200,7802982100,80907219800,2940.1916,3036.8147,2935.8295,2964.8421
134820000,3017.6412,3482800,33498300,7806464900,80940718100,2940.1916,3036.8147,2935.8295,2964.8421
134824000,3017.1781,2891400,22397900,7809356300,80963116000,2940.1916,3036.8147,2935.8295,2964.8421
134830000,3017.2378,3551600,30089700,7812907900,80993205700,2940.1916,3036.8147,2935.8295,2964.8421
134835000,3017.1567,3956500,27975900,7816864400,81021181600,2940.1916,3036.8147,2935.8295,2964.8421
134839000,3016.9655,2996900,23628000,7819861300,81044809600,2940.1916,3036.8147,2935.8295,2964.8421
134845000,3016.9722,2413400,27463900,7822274700,81072273500,2940.1916,3036.8147,2935.8295,2964.8421
134850000,3016.4143,5975800,58057000,7828250500,81130330500,2940.1916,3036.8147,2935.8295,2964.8421
134854000,3017.3119,2031700,22403900,7830282200,81152734400,2940.1916,3036.8147,2935.8295,2964.8421
134900000,3016.5585,3362000,32899800,7833644200,81185634200,2940.1916,3036.8147,2935.8295,2964.8421
134905000,3016.0618,3411400,33939900,7837055600,81219574100,2940.1916,3036.8147,2935.8295,2964.8421
134909000,3016.2029,3126000,31151900,7840181600,81250726000,2940.1916,3036.8147,2935.8295,2964.8421
134915000,3016.0033,3740300,30851000,7843921900,81281577000,2940.1916,3036.8147,2935.8295,2964.8421
134920000,3016.1543,4807300,41914700,7848729200,81323491700,2940.1916,3036.8147,2935.8295,2964.8421
134924000,3015.7867,2813200,28212700,7851542400,81351704400,2940.1916,3036.8147,2935.8295,2964.8421
134930000,3015.759,4778200,37775900,7856320600,81389480300,2940.1916,3036.8147,2935.8295,2964.8421
134935000,3015.6211,4195600,30897400,7860516200,81420377700,2940.1916,3036.8147,2935.8295,2964.8421
134939000,3015.5065,4685600,37098300,7865201800,81457476000,2940.1916,3036.8147,2935.8295,2964.8421
134945000,3015.6284,4327300,33598900,7869529100,81491074900,2940.1916,3036.8147,2935.8295,2964.8421
134950000,3015.3822,8845800,56510400,7878374900,81547585300,2940.1916,3036.8147,2935.8295,2964.8421
134954000,3015.3296,5120000,39772900,7883494900,81587358200,2940.1916,3036.8147,2935.8295,2964.8421
135000000,3014.9815,4699300,43576700,7888194200,81630934900,2940.1916,3036.8147,2935.8295,2964.8421
135005000,3014.4314,2861800,28118300,7891056000,81659053200,2940.1916,3036.8147,2935.8295,2964.8421
135009000,3014.8465,3120900,32418400,7894176900,81691471600,2940.1916,3036.8147,2935.8295,2964.8421
135015000,3014.5384,3293100,29055700,7897470000,81720527300,2940.1916,3036.8147,2935.8295,2964.8421
135020000,3014.5351,5230000,41119300,7902700000,81761646600,2940.1916,3036.8147,2935.8295,2964.8421
135024000,3014.4442,2954000,28153900,7905654000,81789800500,2940.1916,3036.8147,2935.8295,2964.8421
135030000,3014.5326,9923700,60673800,7915577700,81850474300,2940.1916,3036.8147,2935.8295,2964.8421
135035000,3014.5319,1974800,22206000,7917552500,81872680300,2940.1916,3036.8147,2935.8295,2964.8421
135039000,3014.5611,3250900,29678700,7920803400,81902359000,2940.1916,3036.8147,2935.8295,2964.8421
135045000,3014.2789,2670200,25164300,7923473600,81927523300,2940.1916,3036.8147,2935.8295,2964.8421
135050000,3014.4923,3500900,38057800,7926974500,81965581100,2940.1916,3036.8147,2935.8295,2964.8421
135054000,3015.1265,2556600,28386100,7929531100,81993967200,2940.1916,3036.8147,2935.8295,2964.8421
135100000,3014.3416,3713100,46180900,7933244200,82040148100,2940.1916,3036.8147,2935.8295,2964.8421
135105000,3014.3517,2571600,30740700,7935815800,82070888800,2940.1916,3036.8147,2935.8295,2964.8421
135109000,3014.4175,2451000,25607000,7938266800,82096495800,2940.1916,3036.8147,2935.8295,2964.8421
135115000,3014.0308,3068700,27986700,7941335500,82124482500,2940.1916,3036.8147,2935.8295,2964.8421
135120000,3014.1838,3274900,36235200,7944610400,82160717700,2940.1916,3036.8147,2935.8295,2964.8421
135124000,3013.6502,4554600,36547100,7949165000,82197264800,2940.1916,3036.8147,2935.8295,2964.8421
135130000,3013.8048,2893300,27764600,7952058300,82225029400,2940.1916,3036.8147,2935.8295,2964.8421
135135000,3014.0198,2815900,31701700,7954874200,82256731100,2940.1916,3036.8147,2935.8295,2964.8421
135139000,3013.9432,4355300,31239900,7959229500,82287971000,2940.1916,3036.8147,2935.8295,2964.8421
135145000,3014.2131,2602800,26126800,7961832300,82314097800,2940.1916,3036.8147,2935.8295,2964.8421
135150000,3014.2807,2287000,28663300,7964119300,82342761100,2940.1916,3036.8147,2935.8295,2964.8421
135154000,3013.9211,2302400,23228300,7966421700,82365989400,2940.1916,3036.8147,2935.8295,2964.8421
135200000,3013.8441,4072700,34535600,7970494400,82400525000,2940.1916,3036.8147,2935.8295,2964.8421
135205000,3013.6008,1837100,19220700,7972331500,82419745700,2940.1916,3036.8147,2935.8295,2964.8421
135209000,3014.5414,2519600,26821100,7974851100,82446566800,2940.1916,3036.8147,2935.8295,2964.8421
135215000,3013.8195,1852600,18128000,7976703700,82464694800,2940.1916,3036.8147,2935.8295,2964.8421
135220000,3013.88,2818000,31782600,7979521700,82496477400,2940.1916,3036.8147,2935.8295,2964.8421
135224000,3013.8738,2157700,23513200,7981679400,82519990600,2940.1916,3036.8147,2935.8295,2964.8421
135230000,3013.8893,3053600,37662200,7984733000,82557652800,2940.1916,3036.8147,2935.8295,2964.8421
135235000,3014.1801,2422200,27018600,7987155200,82584671400,2940.1916,3036.8147,2935.8295,2964.8421
135239000,3014.1659,2808500,29456700,7989963700,82614128100,2940.1916,3036.8147,2935.8295,2964.8421
135245000,3014.3558,2219000,23865900,7992182700,82637994000,2940.1916,3036.8147,2935.8295,2964.8421
135250000,3014.3218,5245000,39528500,7997427700,82677522500,2940.1916,3036.8147,2935.8295,2964.8421
135254000,3014.6945,2053700,21297900,7999481400,82698820400,2940.1916,3036.8147,2935.8295,2964.8421
135300000,3014.0881,2456700,29882900,8001938100,82728703300,2940.1916,3036.8147,2935.8295,2964.8421
135305000,3014.3253,1875300,23991700,8003813400,82752695000,2940.1916,3036.8147,2935.8295,2964.8421
135309000,3014.4642,2004700,24046000,8005818100,82776741000,2940.1916,3036.8147,2935.8295,2964.8421
135315000,3014.3675,1972700,22011300,8007790800,82798752300,2940.1916,3036.8147,2935.8295,2964.8421
135320000,3014.2449,2894200,29836400,8010685000,82828588700,2940.1916,3036.8147,2935.8295,2964.8421
135324000,3014.1434,1759800,18901100,8012444800,82847489800,2940.1916,3036.8147,2935.8295,2964.8421
135330000,3014.2309,3306300,36261100,8015751100,82883750900,2940.1916,3036.8147,2935.8295,2964.8421
135335000,3014.4568,2000400,21719100,8017751500,82905470000,2940.1916,3036.8147,2935.8295,2964.8421
135339000,3014.7966,1449000,18328000,8019200500,82923798000,2940.1916,3036.8147,2935.8295,2964.8421
135345000,3014.6847,2010700,19839800,8021211200,82943637800,2940.1916,3036.8147,2935.8295,2964.8421
135350000,3014.65,2374300,28153200,8023585500,82971791000,2940.1916,3036.8147,2935.8295,2964.8421
135354000,3014.6753,1835900,18858500,8025421400,82990649500,2940.1916,3036.8147,2935.8295,2964.8421
135400000,3014.8205,2261000,27760300,8027682400,83018409800,2940.1916,3036.8147,2935.8295,2964.8421
135405000,3014.9368,2294200,31157100,8029976600,83049566900,2940.1916,3036.8147,2935.8295,2964.8421
135409000,3014.933,1323700,17042400,8031300300,83066609300,2940.1916,3036.8147,2935.8295,2964.8421
135415000,3014.87,1584900,21448600,8032885200,83088057900,2940.1916,3036.8147,2935.8295,2964.8421
135420000,3014.7321,1692600,22010600,8034577800,83110068500,2940.1916,3036.8147,2935.8295,2964.8421
135424000,3014.7398,1653900,16854600,8036231700,83126923100,2940.1916,3036.8147,2935.8295,2964.8421
135430000,3014.5363,2040400,22539500,8038272100,83149462600,2940.1916,3036.8147,2935.8295,2964.8421
135435000,3014.7757,1364800,17781000,8039636900,83167243600,2940.1916,3036.8147,2935.8295,2964.8421
135439000,3014.7439,1412700,24282600,8041049600,83191526200,2940.1916,3036.8147,2935.8295,2964.8421
135445000,3015.0077,1780400,17295500,8042830000,83208821700,2940.1916,3036.8147,2935.8295,2964.8421
135450000,3014.9932,1756000,24555600,8044586000,83233377300,2940.1916,3036.8147,2935.8295,2964.8421
135454000,3015.0121,1552400,16902900,8046138400,83250280200,2940.1916,3036.8147,2935.8295,2964.8421
135500000,3015.1088,2259000,25532300,8048397400,83275812500,2940.1916,3036.8147,2935.8295,2964.8421
135505000,3014.6214,1575500,22717000,8049972900,83298529500,2940.1916,3036.8147,2935.8295,2964.8421
135509000,3014.6633,1590400,17256100,8051563300,83315785600,2940.1916,3036.8147,2935.8295,2964.8421
135515000,3014.8075,1212400,14050200,8052775700,83329835800,2940.1916,3036.8147,2935.8295,2964.8421
135520000,3014.8541,1443600,19084500,8054219300,83348920300,2940.1916,3036.8147,2935.8295,2964.8421
135524000,3014.7881,2052200,17365500,8056271500,83366285800,2940.1916,3036.8147,2935.8295,2964.8421
135530000,3014.7484,2087900,24373700,8058359400,83390659500,2940.1916,3036.8147,2935.8295,2964.8421
135535000,3014.7475,2002700,22936700,8060362100,83413596200,2940.1916,3036.8147,2935.8295,2964.8421
135539000,3014.6059,1476700,15805300,8061838800,83429401500,2940.1916,3036.8147,2935.8295,2964.8421
135545000,3014.496,1383500,18736700,8063222300,83448138200,2940.1916,3036.8147,2935.8295,2964.8421
135550000,3014.5438,2028400,18934700,8065250700,83467072900,2940.1916,3036.8147,2935.8295,2964.8421
135554000,3015.2596,1317600,16634200,8066568300,83483707100,2940.1916,3036.8147,2935.8295,2964.8421
135600000,3015.1046,1699800,19069300,8068268100,83502776400,2940.1916,3036.8147,2935.8295,2964.8421
135605000,3014.5223,1715900,19062600,8069984000,83521839000,2940.1916,3036.8147,2935.8295,2964.8421
135609000,3014.6552,1236600,15923200,8071220600,83537762200,2940.1916,3036.8147,2935.8295,2964.8421
135615000,3014.6278,1606200,17256200,8072826800,83555018400,2940.1916,3036.8147,2935.8295,2964.8421
135620000,3014.6514,1893700,22319900,8074720500,83577338300,2940.1916,3036.8147,2935.8295,2964.8421
135624000,3014.4715,1515800,15908400,8076236300,83593246700,2940.1916,3036.8147,2935.8295,2964.8421
135630000,3014.4727,1851600,20176400,8078087900,83613423100,2940.1916,3036.8147,2935.8295,2964.8421
135635000,3014.3249,1681600,23376700,8079769500,83636799800,2940.1916,3036.8147,2935.8295,2964.8421
135639000,3014.4816,1478000,15625800,8081247500,83652425600,2940.1916,3036.8147,2935.8295,2964.8421
135645000,3014.3716,1425600,14946300,8082673100,83667371900,2940.1916,3036.8147,2935.8295,2964.8421
135650000,3014.4424,2255400,29492100,8084928500,83696864000,2940.1916,3036.8147,2935.8295,2964.8421
135654000,3014.7502,2118400,20901500,8087046900,83717765500,2940.1916,3036.8147,2935.8295,2964.8421
135700000,3014.8822,2136000,24095700,8089182900,83741861200,2940.1916,3036.8147,2935.8295,2964.8421
135705000,3014.9064,1326300,17650300,8090509200,83759511500,2940.1916,3036.8147,2935.8295,2964.8421
135709000,3014.9662,1208600,13430300,8091717800,83772941800,2940.1916,3036.8147,2935.8295,2964.8421
135715000,3014.8374,1546800,22135500,8093264600,83795077300,2940.1916,3036.8147,2935.8295,2964.8421
135720000,3014.6018,1745300,23020700,8095009900,83818098000,2940.1916,3036.8147,2935.8295,2964.8421
135724000,3014.6032,1745700,18084100,8096755600,83836182100,2940.1916,3036.8147,2935.8295,2964.8421
135730000,3014.5978,1799900,21772100,8098555500,83857954200,2940.1916,3036.8147,2935.8295,2964.8421
135735000,3014.7271,1889300,17809100,8100444800,83875763300,2940.1916,3036.8147,2935.8295,2964.8421
135739000,3014.728,1807700,21874200,8102252500,83897637500,2940.1916,3036.8147,2935.8295,2964.8421
135745000,3015.0711,1329600,16111500,8103582100,83913749000,2940.1916,3036.8147,2935.8295,2964.8421
135750000,3015.1557,1896100,22569800,8105478200,83936318800,2940.1916,3036.8147,2935.8295,2964.8421
135754000,3015.0506,1355200,18452800,8106833400,83954771600,2940.1916,3036.8147,2935.8295,2964.8421
135800000,3015.5807,2807200,26287500,8109640600,83981059100,2940.1916,3036.8147,2935.8295,2964.8421
135805000,3015.3976,1869000,20437400,8111509600,84001496500,2940.1916,3036.8147,2935.8295,2964.8421
135809000,3015.3209,1529000,13775600,8113038600,84015272100,2940.1916,3036.8147,2935.8295,2964.8421
135815000,3015.1969,1409500,19574700,8114448100,84034846800,2940.1916,3036.8147,2935.8295,2964.8421
135820000,3015.4696,2175700,21980600,8116623800,84056827400,2940.1916,3036.8147,2935.8295,2964.8421
135824000,3015.2465,2284900,19684500,8118908700,84076511900,2940.1916,3036.8147,2935.8295,2964.8421
135830000,3015.751,2182100,22515800,8121090800,84099027700,2940.1916,3036.8147,2935.8295,2964.8421
135835000,3016.0954,1908600,20181900,8122999400,84119209600,2940.1916,3036.8147,2935.8295,2964.8421
135839000,3016.3476,1662600,20195500,8124662000,84139405100,2940.1916,3036.8147,2935.8295,2964.8421
135845000,3015.8253,1692200,19328300,8126354200,84158733400,2940.1916,3036.8147,2935.8295,2964.8421
135850000,3016.1386,2412600,24378500,8128766800,84183111900,2940.1916,3036.8147,2935.8295,2964.8421
135854000,3016.8093,1951100,29760300,8130717900,84212872200,2940.1916,3036.8147,2935.8295,2964.8421
135900000,3017.199,3784100,45230300,8134502000,84258102500,2940.1916,3036.8147,2935.8295,2964.8421
135905000,3017.1735,2507100,31484700,8137009100,84289587200,2940.1916,3036.8147,2935.8295,2964.8421
135909000,3017.2019,1990800,22608100,8138999900,84312195300,2940.1916,3036.8147,2935.8295,2964.8421
135915000,3017.1913,1854700,20717700,8140854600,84332913000,2940.1916,3036.8147,2935.8295,2964.8421
135920000,3017.9034,2563700,27525800,8143418300,84360438800,2940.1916,3036.8147,2935.8295,2964.8421
135924000,3017.5384,2760700,23878800,8146179000,84384317600,2940.1916,3036.8147,2935.8295,2964.8421
135930000,3017.5711,2215400,21021000,8148394400,84405338600,2940.1916,3036.8147,2935.8295,2964.8421
135935000,3017.2909,2470900,28567800,8150865300,84433906400,2940.1916,3036.8147,2935.8295,2964.8421
135939000,3017.4256,1835500,24511200,8152700800,84458417600,2940.1916,3036.8147,2935.8295,2964.8421
135945000,3017.473,1840500,23811600,8154541300,84482229200,2940.1916,3036.8147,2935.8295,2964.8421
135950000,3018.0818,2219600,25097400,8156760900,84507326600,2940.1916,3036.8147,2935.8295,2964.8421
135954000,3018.391,1800200,20924600,8158561100,84528251200,2940.1916,3036.8147,2935.8295,2964.8421
140000000,3018.0093,2008900,21527000,8160570000,84549778200,2940.1916,3036.8147,2935.8295,2964.8421
140005000,3017.9821,1888600,19268300,8162458600,84569046500,2940.1916,3036.8147,2935.8295,2964.8421
140009000,3017.9267,2264500,17797900,8164723100,84586844400,2940.1916,3036.8147,2935.8295,2964.8421
140015000,3017.8765,2701700,24999800,8167424800,84611844200,2940.1916,3036.8147,2935.8295,2964.8421
140020000,3018.0944,1942800,23246800,8169367600,84635091000,2940.1916,3036.8147,2935.8295,2964.8421
140024000,3017.8288,1538900,15886900,8170906500,84650977900,2940.1916,3036.8147,2935.8295,2964.8421
140030000,3018.2674,3696500,33251500,8174603000,84684229400,2940.1916,3036.8147,2935.8295,2964.8421
140035000,3018.1135,1887900,22691300,8176490900,84706920700,2940.1916,3036.8147,2935.8295,2964.8421
140039000,3018.0499,1221200,17432000,8177712100,84724352700,2940.1916,3036.8147,2935.8295,2964.8421
140045000,3018.0686,1443200,14971600,8179155300,84739324300,2940.1916,3036.8147,2935.8295,2964.8421
140050000,3017.8942,1572100,17965700,8180727400,84757290000,2940.1916,3036.8147,2935.8295,2964.8421
140054000,3017.7169,1357900,12570300,8182085300,84769860300,2940.1916,3036.8147,2935.8295,2964.8421
140100000,3018.0051,1699300,19801100,8183784600,84789661400,2940.1916,3036.8147,2935.8295,2964.8421
140105000,3018.0712,1304500,14763800,8185089100,84804425200,2940.1916,3036.8147,2935.8295,2964.8421
140109000,3017.8473,1327500,18370600,8186416600,84822795800,2940.1916,3036.8147,2935.8295,2964.8421
140115000,3017.5723,1033400,13951500,8187450000,84836747300,2940.1916,3036.8147,2935.8295,2964.8421
140120000,3017.7044,2584900,29107700,8190034900,84865855000,2940.1916,3036.8147,2935.8295,2964.8421
140124000,3017.7951,1161500,14201600,8191196400,84880056600,2940.1916,3036.8147,2935.8295,2964.8421
140130000,3018.0799,2649800,23325300,8193846200,84903381900,2940.1916,3036.8147,2935.8295,2964.8421
140135000,3017.9889,1242500,16840500,8195088700,84920222400,2940.1916,3036.8147,2935.8295,2964.8421
140139000,3017.9674,1385200,16069300,8196473900,84936291700,2940.1916,3036.8147,2935.8295,2964.8421
140145000,3017.909,1096700,12062800,8197570600,84948354500,2940.1916,3036.8147,2935.8295,2964.8421
140150000,3017.9312,1734300,19869200,8199304900,84968223700,2940.1916,3036.8147,2935.8295,2964.8421
140154000,3017.9886,1113200,12485500,8200418100,84980709200,2940.1916,3036.8147,2935.8295,2964.8421
140200000,3017.9921,1856700,21902900,8202274800,85002612100,2940.1916,3036.8147,2935.8295,2964.8421
140205000,3018.0497,1796000,18883900,8204070800,85021496000,2940.1916,3036.8147,2935.8295,2964.8421
140209000,3017.5877,1440300,16930000,8205511100,85038426000,2940.1916,3036.8147,2935.8295,2964.8421
140215000,3017.6863,1397700,17512600,8206908800,85055938600,2940.1916,3036.8147,2935.8295,2964.8421
140220000,3017.7869,1744100,17124200,8208652900,85073062800,2940.1916,3036.8147,2935.8295,2964.8421
140224000,3017.72,1225100,14930400,8209878000,85087993200,2940.1916,3036.8147,2935.8295,2964.8421
140230000,3017.5756,1895100,21167600,8211773100,85109160800,2940.1916,3036.8147,2935.8295,2964.8421
140235000,3017.4342,1338800,15866300,8213111900,85125027100,2940.1916,3036.8147,2935.8295,2964.8421
140239000,3017.5908,1684100,18855600,8214796000,85143882700,2940.1916,3036.8147,2935.8295,2964.8421
140245000,3017.731,1333500,14071700,8216129500,85157954400,2940.1916,3036.8147,2935.8295,2964.8421
140250000,3017.7759,1908700,20140000,8218038200,85178094400,2940.1916,3036.8147,2935.8295,2964.8421
140254000,3017.3507,972700,11456600,8219010900,85189551000,2940.1916,3036.8147,2935.8295,2964.8421
140300000,3017.6215,1561400,19481400,8220572300,85209032400,2940.1916,3036.8147,2935.8295,2964.8421
140305000,3017.877,1385900,15262800,8221958200,85224295200,2940.1916,3036.8147,2935.8295,2964.8421
140309000,3017.3748,2023800,18061400,8223982000,85242356600,2940.1916,3036.8147,2935.8295,2964.8421
140315000,3017.0207,828500,12682400,8224810500,85255039000,2940.1916,3036.8147,2935.8295,2964.8421
140320000,3017.0641,1653700,19641300,8226464200,85274680300,2940.1916,3036.8147,2935.8295,2964.8421
140324000,3017.3208,1323900,13157600,8227788100,85287837900,2940.1916,3036.8147,2935.8295,2964.8421
140330000,3017.3846,1721300,17891800,8229509400,85305729700,2940.1916,3036.8147,2935.8295,2964.8421
140335000,3017.5496,1614100,19396500,8231123500,85325126200,2940.1916,3036.8147,2935.8295,2964.8421
140339000,3017.2248,1272500,12527600,8232396000,85337653800,2940.1916,3036.8147,2935.8295,2964.8421
140345000,3017.1291,1060100,12213000,8233456100,85349866800,2940.1916,3036.8147,2935.8295,2964.8421
140350000,3017.2067,1681700,20239300,8235137800,85370106100,2940.1916,3036.8147,2935.8295,2964.8421
140354000,3017.1704,1350500,14333300,8236488300,85384439400,2940.1916,3036.8147,2935.8295,2964.8421
140400000,3017.023,1718800,19360800,8238207100,85403800200,2940.1916,3036.8147,2935.8295,2964.8421
140405000,3017.3396,1579500,19928400,8239786600,85423728600,2940.1916,3036.8147,2935.8295,2964.8421
140409000,3016.9609,1518100,15478500,8241304700,85439207100,2940.1916,3036.8147,2935.8295,2964.8421
140415000,3016.9103,1110300,12780300,8242415000,85451987400,2940.1916,3036.8147,2935.8295,2964.8421
140420000,3016.9183,1742000,18881800,8244157000,85470869200,2940.1916,3036.8147,2935.8295,2964.8421
140424000,3017.1559,1240500,17327400,8245397500,85488196600,2940.1916,3036.8147,2935.8295,2964.8421
140430000,3016.9562,1628400,19700500,8247025900,85507897100,2940.1916,3036.8147,2935.8295,2964.8421
140435000,3016.8157,935800,11519500,8247961700,85519416600,2940.1916,3036.8147,2935.8295,2964.8421
140439000,3017.2647,913500,11856100,8248875200,85531272700,2940.1916,3036.8147,2935.8295,2964.8421
140445000,3016.7718,1548700,18044300,8250423900,85549317000,2940.1916,3036.8147,2935.8295,2964.8421
140450000,3016.8405,1944300,18708700,8252368200,85568025700,2940.1916,3036.8147,2935.8295,2964.8421
140454000,3016.9444,1219900,13248300,8253588100,85581274000,2940.1916,3036.8147,2935.8295,2964.8421
140500000,3017.1595,2514500,25710800,8256102600,85606984800,2940.1916,3036.8147,2935.8295,2964.8421
140505000,3016.8459,1653800,16674800,8257756400,85623659600,2940.1916,3036.8147,2935.8295,2964.8421
140509000,3016.8062,1553300,15398700,8259309700,85639058300,2940.1916,3036.8147,2935.8295,2964.8421
140515000,3016.6829,1118900,12681500,8260428600,85651739800,2940.1916,3036.8147,2935.8295,2964.8421
140520000,3016.843,1917600,17635200,8262346200,85669375000,2940.1916,3036.8147,2935.8295,2964.8421
140524000,3016.6007,988700,10246800,8263334900,85679621800,2940.1916,3036.8147,2935.8295,2964.8421
140530000,3016.5473,1733900,19046800,8265068800,85698668600,2940.1916,3036.8147,2935.8295,2964.8421
140535000,3016.4816,1673400,17766400,8266742200,85716435000,2940.1916,3036.8147,2935.8295,2964.8421
140539000,3016.1521,1745100,17600500,8268487300,85734035500,2940.1916,3036.8147,2935.8295,2964.8421
140545000,3016.1392,1149800,12165600,8269637100,85746201100,2940.1916,3036.8147,2935.8295,2964.8421
140550000,3016.2147,2248700,22397300,8271885800,85768598400,2940.1916,3036.8147,2935.8295,2964.8421
140554000,3016.1602,1679800,20049600,8273565600,85788648000,2940.1916,3036.8147,2935.8295,2964.8421
140600000,3015.9532,2128600,22235500,8275694200,85810883500,2940.1916,3036.8147,2935.8295,2964.8421
140605000,3015.5699,2669100,26068200,8278363300,85836951700,2940.1916,3036.8147,2935.8295,2964.8421
140609000,3015.103,1705200,20548000,8280068500,85857499700,2940.1916,3036.8147,2935.8295,2964.8421
140615000,3015.55,2525000,21777300,8282593500,85879277000,2940.1916,3036.8147,2935.8295,2964.8421
140620000,3015.4175,2837600,27730100,8285431100,85907007100,2940.1916,3036.8147,2935.8295,2964.8421
140624000,3016.012,1197300,14392600,8286628400,85921399700,2940.1916,3036.8147,2935.8295,2964.8421
140630000,3015.47,1514900,19088500,8288143300,85940488200,2940.1916,3036.8147,2935.8295,2964.8421
140635000,3014.941,1931800,19864800,8290075100,85960353000,2940.1916,3036.8147,2935.8295,2964.8421
140639000,3014.8816,1538000,16818300,8291613100,85977171300,2940.1916,3036.8147,2935.8295,2964.8421
140645000,3014.9303,1559300,16863700,8293172400,85994035000,2940.1916,3036.8147,2935.8295,2964.8421
140650000,3014.8546,2804400,26940300,8295976800,86020975300,2940.1916,3036.8147,2935.8295,2964.8421
140654000,3015.2984,2157800,25600600,8298134600,86046575900,2940.1916,3036.8147,2935.8295,2964.8421
140700000,3015.3713,2588900,24967200,8300723500,86071543100,2940.1916,3036.8147,2935.8295,2964.8421
140705000,3014.7814,1944700,19496500,8302668200,86091039600,2940.1916,3036.8147,2935.8295,2964.8421
140709000,3014.7303,1515400,15604900,8304183600,86106644500,2940.1916,3036.8147,2935.8295,2964.8421
140715000,3014.9497,1854800,17367700,8306038400,86124012200,2940.1916,3036.8147,2935.8295,2964.8421
140720000,3015.0666,2182500,29057800,8308220900,86153070000,2940.1916,3036.8147,2935.8295,2964.8421
140724000,3014.986,1849700,20478300,8310070600,86173548300,2940.1916,3036.8147,2935.8295,2964.8421
140730000,3014.5739,1755800,21809200,8311826400,86195357500,2940.1916,3036.8147,2935.8295,2964.8421
140735000,3014.516,1297200,17192600,8313123600,86212550100,2940.1916,3036.8147,2935.8295,2964.8421
140739000,3014.3834,1129400,12373900,8314253000,86224924000,2940.1916,3036.8147,2935.8295,2964.8421
140745000,3014.2128,1286500,16448300,8315539500,86241372300,2940.1916,3036.8147,2935.8295,2964.8421
140750000,3014.1612,3263700,29103000,8318803200,86270475300,2940.1916,3036.8147,2935.8295,2964.8421
140754000,3014.8995,1677100,17304800,8320480300,86287780100,2940.1916,3036.8147,2935.8295,2964.8421
140800000,3014.6936,2685700,25642600,8323166000,86313422700,2940.1916,3036.8147,2935.8295,2964.8421
140805000,3014.7519,2882200,29042400,8326048200,86342465100,2940.1916,3036.8147,2935.8295,2964.8421
140809000,3014.1914,1288900,16311200,8327337100,86358776300,2940.1916,3036.8147,2935.8295,2964.8421
140815000,3014.6969,1715100,18232700,8329052200,86377009000,2940.1916,3036.8147,2935.8295,2964.8421
140820000,3014.6407,2420600,25869300,8331472800,86402878300,2940.1916,3036.8147,2935.8295,2964.8421
140824000,3014.4394,1608500,19406900,8333081300,86422285200,2940.1916,3036.8147,2935.8295,2964.8421
140830000,3014.5653,2167200,23050600,8335248500,86445335800,2940.1916,3036.8147,2935.8295,2964.8421
140835000,3014.7477,2150800,21895700,8337399300,86467231500,2940.1916,3036.8147,2935.8295,2964.8421
140839000,3014.4052,1579600,17012700,8338978900,86484244200,2940.1916,3036.8147,2935.8295,2964.8421
140845000,3014.5999,1552800,18461100,8340531700,86502705300,2940.1916,3036.8147,2935.8295,2964.8421
140850000,3014.6299,2010400,22899200,8342542100,86525604500,2940.1916,3036.8147,2935.8295,2964.8421
140854000,3014.8528,1599200,17569200,8344141300,86543173700,2940.1916,3036.8147,2935.8295,2964.8421
140900000,3014.827,2538700,28941000,8346680000,86572114700,2940.1916,3036.8147,2935.8295,2964.8421
140905000,3014.7844,2993700,25721100,8349673700,86597835800,2940.1916,3036.8147,2935.8295,2964.8421
140909000,3014.3126,1131900,14586300,8350805600,86612422100,2940.1916,3036.8147,2935.8295,2964.8421
140915000,3014.3336,1858900,20141700,8352664500,86632563800,2940.1916,3036.8147,2935.8295,2964.8421
140920000,3014.1829,2477000,32732000,8355141500,86665295800,2940.1916,3036.8147,2935.8295,2964.8421
140924000,3013.836,1845600,21818500,8356987100,86687114300,2940.1916,3036.8147,2935.8295,2964.8421
140930000,3014.2352,2173800,25979000,8359160900,86713093300,2940.1916,3036.8147,2935.8295,2964.8421
140935000,3014.1344,1859400,19538800,8361020300,86732632100,2940.1916,3036.8147,2935.8295,2964.8421
140939000,3013.0235,2150100,26627900,8363170400,86759260000,2940.1916,3036.8147,2935.8295,2964.8421
140945000,3013.3787,1928000,22411800,8365098400,86781671800,2940.1916,3036.8147,2935.8295,2964.8421
140950000,3013.6322,2485800,33620900,8367584200,86815292700,2940.1916,3036.8147,2935.8295,2964.8421
140954000,3013.0676,1841700,21354400,8369425900,86836647100,2940.1916,3036.8147,2935.8295,2964.8421
141000000,3013.526,2522700,31364200,8371948600,86868011300,2940.1916,3036.8147,2935.8295,2964.8421
141005000,3013.4426,1925400,21077200,8373874000,86889088500,2940.1916,3036.8147,2935.8295,2964.8421
141009000,3013.3886,1904200,20342700,8375778200,86909431200,2940.1916,3036.8147,2935.8295,2964.8421
141015000,3013.2335,2246400,22350200,8378024600,86931781400,2940.1916,3036.8147,2935.8295,2964.8421
141020000,3012.8292,2369900,35018200,8380394500,86966799600,2940.1916,3036.8147,2935.8295,2964.8421
141024000,3012.8855,1734800,20401700,8382129300,86987201300,2940.1916,3036.8147,2935.8295,2964.8421
141030000,3013.1603,1853000,25058600,8383982300,87012259900,2940.1916,3036.8147,2935.8295,2964.8421
141035000,3013.2237,1424800,15151600,8385407100,87027411500,2940.1916,3036.8147,2935.8295,2964.8421
141039000,3013.4642,2159700,21038700,8387566800,87048450200,2940.1916,3036.8147,2935.8295,2964.8421
141045000,3013.1253,2218000,21426900,8389784800,87069877100,2940.1916,3036.8147,2935.8295,2964.8421
141050000,3013.5985,2110000,20801800,8391894800,87090678900,2940.1916,3036.8147,2935.8295,2964.8421
141054000,3013.2719,1672100,18273900,8393566900,87108952800,2940.1916,3036.8147,2935.8295,2964.8421
141100000,3013.4616,2213500,27182600,8395780400,87136135400,2940.1916,3036.8147,2935.8295,2964.8421
141105000,3013.8621,2308000,22061200,8398088400,87158196600,2940.1916,3036.8147,2935.8295,2964.8421
141109000,3013.2893,1355900,16384700,8399444300,87174581300,2940.1916,3036.8147,2935.8295,2964.8421
141115000,3013.0272,1699200,19063300,8401143500,87193644600,2940.1916,3036.8147,2935.8295,2964.8421
141120000,3013.2285,1663600,19977100,8402807100,87213621700,2940.1916,3036.8147,2935.8295,2964.8421
141124000,3013.0895,1281300,15026700,8404088400,87228648400,2940.1916,3036.8147,2935.8295,2964.8421
141130000,3012.8528,2271500,26916800,8406359900,87255565200,2940.1916,3036.8147,2935.8295,2964.8421
141135000,3013.0159,1975700,31385600,8408335600,87286950800,2940.1916,3036.8147,2935.8295,2964.8421
141139000,3014.2172,2504300,27677200,8410839900,87314628000,2940.1916,3036.8147,2935.8295,2964.8421
141145000,3013.2416,2069800,18266000,8412909700,87332894000,2940.1916,3036.8147,2935.8295,2964.8421
141150000,3013.3417,1943600,20063700,8414853300,87352957700,2940.1916,3036.8147,2935.8295,2964.8421
141154000,3013.6291,1495000,13713500,8416348300,87366671200,2940.1916,3036.8147,2935.8295,2964.8421
141200000,3013.5609,2047600,27088400,8418395900,87393759600,2940.1916,3036.8147,2935.8295,2964.8421
141205000,3014.2466,1629400,21084000,8420025300,87414843600,2940.1916,3036.8147,2935.8295,2964.8421
141209000,3013.7902,1420600,15145600,8421445900,87429989200,2940.1916,3036.8147,2935.8295,2964.8421
141215000,3013.5559,1588900,18097900,8423034800,87448087100,2940.1916,3036.8147,2935.8295,2964.8421
141220000,3013.4597,1974300,23146900,8425009100,87471234000,2940.1916,3036.8147,2935.8295,2964.8421
141224000,3013.6805,1169200,15813800,8426178300,87487047800,2940.1916,3036.8147,2935.8295,2964.8421
141230000,3013.5679,1795900,19880000,8427974200,87506927800,2940.1916,3036.8147,2935.8295,2964.8421
141235000,3014.1087,1871700,21490000,8429845900,87528417800,2940.1916,3036.8147,2935.8295,2964.8421
141239000,3013.9318,1247900,15202900,8431093800,87543620700,2940.1916,3036.8147,2935.8295,2964.8421
141245000,3014.0408,1439000,14454300,8432532800,87558075000,2940.1916,3036.8147,2935.8295,2964.8421
141250000,3013.9618,1932200,20750200,8434465000,87578825200,2940.1916,3036.8147,2935.8295,2964.8421
141254000,3014.2236,1516900,15700800,8435981900,87594526000,2940.1916,3036.8147,2935.8295,2964.8421
141300000,3014.049,1454300,17924600,8437436200,87612450600,2940.1916,3036.8147,2935.8295,2964.8421
141305000,3014.2956,1376000,17246400,8438812200,87629697000,2940.1916,3036.8147,2935.8295,2964.8421
141309000,3014.3886,1719000,16915500,8440531200,87646612500,2940.1916,3036.8147,2935.8295,2964.8421
141315000,3014.0763,1129700,13483700,8441660900,87660096200,2940.1916,3036.8147,2935.8295,2964.8421
141320000,3014.2498,2051700,19652300,8443712600,87679748500,2940.1916,3036.8147,2935.8295,2964.8421
141324000,3013.9073,1709000,18862100,8445421600,87698610600,2940.1916,3036.8147,2935.8295,2964.8421
141330000,3014.0072,2165200,22483700,8447586800,87721094300,2940.1916,3036.8147,2935.8295,2964.8421
141335000,3014.2372,1524100,15494000,8449110900,87736588300,2940.1916,3036.8147,2935.8295,2964.8421
141339000,3014.0359,1142500,12068300,8450253400,87748656600,2940.1916,3036.8147,2935.8295,2964.8421
141345000,3014.036,1385300,14762900,8451638700,87763419500,2940.1916,3036.8147,2935.8295,2964.8421
141350000,3014.3265,2597900,24809600,8454236600,87788229100,2940.1916,3036.8147,2935.8295,2964.8421
141354000,3014.3357,1168800,12696500,8455405400,87800925600,2940.1916,3036.8147,2935.8295,2964.8421
141400000,3014.201,1499500,15930000,8456904900,87816855600,2940.1916,3036.8147,2935.8295,2964.8421
141405000,3014.6382,2049000,21633500,8458953900,87838489100,2940.1916,3036.8147,2935.8295,2964.8421
141409000,3014.4455,1369700,19953500,8460323600,87858442600,2940.1916,3036.8147,2935.8295,2964.8421
141415000,3014.2936,968800,11160900,8461292400,87869603500,2940.1916,3036.8147,2935.8295,2964.8421
141420000,3014.4638,2624400,24906200,8463916800,87894509700,2940.1916,3036.8147,2935.8295,2964.8421
141424000,3014.3936,1361100,15249000,8465277900,87909758700,2940.1916,3036.8147,2935.8295,2964.8421
141430000,3014.3324,1225300,12574000,8466503200,87922332700,2940.1916,3036.8147,2935.8295,2964.8421
141435000,3014.2174,1982300,19598100,8468485500,87941930800,2940.1916,3036.8147,2935.8295,2964.8421
141439000,3014.4616,1109900,13322500,8469595400,87955253300,2940.1916,3036.8147,2935.8295,2964.8421
141445000,3014.1677,1770900,15864200,8471366300,87971117500,2940.1916,3036.8147,2935.8295,2964.8421
141450000,3014.7333,1380400,17482000,8472746700,87988599500,2940.1916,3036.8147,2935.8295,2964.8421
141454000,3014.5352,1820900,20625900,8474567600,88009225400,2940.1916,3036.8147,2935.8295,2964.8421
141500000,3014.8653,2347900,24096700,8476915500,88033322100,2940.1916,3036.8147,2935.8295,2964.8421
141505000,3014.6284,2617700,23529600,8479533200,88056851700,2940.1916,3036.8147,2935.8295,2964.8421
141509000,3014.8543,3757700,32968700,8483290900,88089820400,2940.1916,3036.8147,2935.8295,2964.8421
141515000,3014.3423,2941600,25950700,8486232500,88115771100,2940.1916,3036.8147,2935.8295,2964.8421
141520000,3014.7272,1830400,18954100,8488062900,88134725200,2940.1916,3036.8147,2935.8295,2964.8421
141524000,3014.4361,2860000,26658900,8490922900,88161384100,2940.1916,3036.8147,2935.8295,2964.8421
141530000,3014.9844,1810100,19544500,8492733000,88180928600,2940.1916,3036.8147,2935.8295,2964.8421
141535000,3015.0519,2419300,25340500,8495152300,88206269100,2940.1916,3036.8147,2935.8295,2964.8421
141539000,3015.2866,2125900,17793400,8497278200,88224062500,2940.1916,3036.8147,2935.8295,2964.8421
141545000,3015.3076,1875100,20433200,8499153300,88244495700,2940.1916,3036.8147,2935.8295,2964.8421
141550000,3014.817,2016800,21927600,8501170100,88266423300,2940.1916,3036.8147,2935.8295,2964.8421
141554000,3014.7449,1333400,14624000,8502503500,88281047300,2940.1916,3036.8147,2935.8295,2964.8421
141600000,3014.8683,2737600,26355300,8505241100,88307402600,2940.1916,3036.8147,2935.8295,2964.8421
141605000,3015.1418,2152200,20289700,8507393300,88327692300,2940.1916,3036.8147,2935.8295,2964.8421
141609000,3015.362,1582800,16126400,8508976100,88343818700,2940.1916,3036.8147,2935.8295,2964.8421
141615000,3015.0652,1365600,14887300,8510341700,88358706000,2940.1916,3036.8147,2935.8295,2964.8421
141620000,3015.46,1727200,19249600,8512068900,88377955600,2940.1916,3036.8147,2935.8295,2964.8421
141624000,3015.1353,1150000,15055500,8513218900,88393011100,2940.1916,3036.8147,2935.8295,2964.8421
141630000,3015.4317,1730100,19630300,8514949000,88412641400,2940.1916,3036.8147,2935.8295,2964.8421
141635000,3015.1547,1423000,15307200,8516372000,88427948600,2940.1916,3036.8147,2935.8295,2964.8421
141639000,3015.4191,1525800,15905900,8517897800,88443854500,2940.1916,3036.8147,2935.8295,2964.8421
141645000,3015.5486,2120900,16200400,8520018700,88460054900,2940.1916,3036.8147,2935.8295,2964.8421
141650000,3015.619,2472300,26090400,8522491000,88486145300,2940.1916,3036.8147,2935.8295,2964.8421
141654000,3015.6921,2530500,28324800,8525021500,88514470100,2940.1916,3036.8147,2935.8295,2964.8421
141700000,3015.7025,2354500,31421700,8527376000,88545891800,2940.1916,3036.8147,2935.8295,2964.8421
141705000,3016.1078,1977800,22399700,8529353800,88568291500,2940.1916,3036.8147,2935.8295,2964.8421
141709000,3016.5201,1729500,22283200,8531083300,88590574700,2940.1916,3036.8147,2935.8295,2964.8421
141715000,3015.9841,1969700,18581000,8533053000,88609155700,2940.1916,3036.8147,2935.8295,2964.8421
141720000,3016.0385,2072800,22563500,8535125800,88631719200,2940.1916,3036.8147,2935.8295,2964.8421
141724000,3016.3519,1972500,20378700,8537098300,88652097900,2940.1916,3036.8147,2935.8295,2964.8421
141730000,3016.4306,2055900,20949100,8539154200,88673047000,2940.1916,3036.8147,2935.8295,2964.8421
141735000,3016.9301,2217800,22253200,8541372000,88695300200,2940.1916,3036.8147,2935.8295,2964.8421
141739000,3017.0298,2066900,27070100,8543438900,88722370300,2940.1916,3036.8147,2935.8295,2964.8421
141745000,3017.5828,2467000,22800100,8545905900,88745170400,2940.1916,3036.8147,2935.8295,2964.8421
141750000,3017.6324,2967500,31383900,8548873400,88776554300,2940.1916,3036.8147,2935.8295,2964.8421
141754000,3017.9061,2652400,27126900,8551525800,88803681200,2940.1916,3036.8147,2935.8295,2964.8421
141800000,3018.32,3069300,31324600,8554595100,88835005800,2940.1916,3036.8147,2935.8295,2964.8421
141805000,3018.7827,2797100,30805900,8557392200,88865811700,2940.1916,3036.8147,2935.8295,2964.8421
141809000,3018.5254,2177700,24213300,8559569900,88890025000,2940.1916,3036.8147,2935.8295,2964.8421
141815000,3018.6261,2301800,21485900,8561871700,88911510900,2940.1916,3036.8147,2935.8295,2964.8421
141820000,3018.367,3219900,29046700,8565091600,88940557600,2940.1916,3036.8147,2935.8295,2964.8421
141824000,3018.65,1914900,19834700,8567006500,88960392300,2940.1916,3036.8147,2935.8295,2964.8421
141830000,3018.9199,2650900,33395800,8569657400,88993788100,2940.1916,3036.8147,2935.8295,2964.8421
141835000,3019.2296,2006700,22566500,8571664100,89016354600,2940.1916,3036.8147,2935.8295,2964.8421
141839000,3019.4999,2569400,30656400,8574233500,89047011000,2940.1916,3036.8147,2935.8295,2964.8421
141845000,3019.4482,2239100,23234600,8576472600,89070245600,2940.1916,3036.8147,2935.8295,2964.8421
141850000,3019.9208,3543900,35199400,8580016500,89105445000,2940.1916,3036.8147,2935.8295,2964.8421
141854000,3019.5444,4566900,38720400,8584583400,89144165400,2940.1916,3036.8147,2935.8295,2964.8421
141900000,3019.7928,3038800,31569200,8587622200,89175734600,2940.1916,3036.8147,2935.8295,2964.8421
141905000,3020.2187,3467500,37930900,8591089700,89213665500,2940.1916,3036.8147,2935.8295,2964.8421
141909000,3020.4008,3124900,29242100,8594214600,89242907600,2940.1916,3036.8147,2935.8295,2964.8421
141915000,3019.5117,2647400,29754500,8596862000,89272662100,2940.1916,3036.8147,2935.8295,2964.8421
141920000,3020.08,3076900,34836100,8599938900,89307498200,2940.1916,3036.8147,2935.8295,2964.8421
141924000,3019.9504,1725300,19054800,8601664200,89326553000,2940.1916,3036.8147,2935.8295,2964.8421
141930000,3020.3572,2450500,26517000,8604114700,89353070000,2940.1916,3036.8147,2935.8295,2964.8421
141935000,3020.4957,2452100,22270900,8606566800,89375340900,2940.1916,3036.8147,2935.8295,2964.8421
141939000,3020.7274,1916300,20129000,8608483100,89395469900,2940.1916,3036.8147,2935.8295,2964.8421
141945000,3020.662,2030700,20610400,8610513800,89416080300,2940.1916,3036.8147,2935.8295,2964.8421
141950000,3021.2568,3224500,35472600,8613738300,89451552900,2940.1916,3036.8147,2935.8295,2964.8421
141954000,3021.183,2147800,25867700,8615886100,89477420600,2940.1916,3036.8147,2935.8295,2964.8421
142000000,3020.7988,2553700,28008800,8618439800,89505429400,2940.1916,3036.8147,2935.8295,2964.8421
142005000,3020.9501,2134300,30865500,8620574100,89536294900,2940.1916,3036.8147,2935.8295,2964.8421
142009000,3021.2892,2421300,27595500,8622995400,89563890400,2940.1916,3036.8147,2935.8295,2964.8421
142015000,3020.8243,1808300,19126700,8624803700,89583017100,2940.1916,3036.8147,2935.8295,2964.8421
142020000,3020.8426,3767300,32539200,8628571000,89615556300,2940.1916,3036.8147,2935.8295,2964.8421
142024000,3020.8728,3558900,26549500,8632129900,89642105800,2940.1916,3036.8147,2935.8295,2964.8421
142030000,3021.2582,4748900,34428000,8636878800,89676533800,2940.1916,3036.8147,2935.8295,2964.8421
142035000,3021.4895,3616300,26655100,8640495100,89703188900,2940.1916,3036.8147,2935.8295,2964.8421
142039000,3021.3362,2697800,19808000,8643192900,89722996900,2940.1916,3036.8147,2935.8295,2964.8421
142045000,3021.1432,3017900,23964400,8646210800,89746961300,2940.1916,3036.8147,2935.8295,2964.8421
142050000,3021.7115,3697500,35864400,8649908300,89782825700,2940.1916,3036.8147,2935.8295,2964.8421
142054000,3021.1901,2798500,28274500,8652706800,89811100200,2940.1916,3036.8147,2935.8295,2964.8421
142100000,3021.4157,2738800,28156900,8655445600,89839257100,2940.1916,3036.8147,2935.8295,2964.8421
142105000,3021.8126,2383300,24948800,8657828900,89864205900,2940.1916,3036.8147,2935.8295,2964.8421
142109000,3021.9635,1797200,20588000,8659626100,89884793900,2940.1916,3036.8147,2935.8295,2964.8421
142115000,3021.866,1820400,18431900,8661446500,89903225800,2940.1916,3036.8147,2935.8295,2964.8421
142120000,3022.023,2263700,24140600,8663710200,89927366400,2940.1916,3036.8147,2935.8295,2964.8421
142124000,3021.9176,1533200,18230200,8665243400,89945596600,2940.1916,3036.8147,2935.8295,2964.8421
142130000,3022.035,5274900,37517900,8670518300,89983114500,2940.1916,3036.8147,2935.8295,2964.8421
142135000,3021.8581,3262100,27831100,8673780400,90010945600,2940.1916,3036.8147,2935.8295,2964.8421
142139000,3021.7788,2391800,23243600,8676172200,90034189200,2940.1916,3036.8147,2935.8295,2964.8421
142145000,3021.7651,2610000,20586800,8678782200,90054776000,2940.1916,3036.8147,2935.8295,2964.8421
142150000,3022.1182,2564200,29168900,8681346400,90083944900,2940.1916,3036.8147,2935.8295,2964.8421
142154000,3021.8807,2415900,21303600,8683762300,90105248500,2940.1916,3036.8147,2935.8295,2964.8421
142200000,3022.403,2473300,27231500,8686235600,90132480000,2940.1916,3036.8147,2935.8295,2964.8421
142205000,3022.5005,2251400,24447900,8688487000,90156927900,2940.1916,3036.8147,2935.8295,2964.8421
142209000,3022.5514,1915400,18556600,8690402400,90175484500,2940.1916,3036.8147,2935.8295,2964.8421
142215000,3022.5458,1977800,17782600,8692380200,90193267100,2940.1916,3036.8147,2935.8295,2964.8421
142220000,3022.5097,2558500,24067900,8694938700,90217335000,2940.1916,3036.8147,2935.8295,2964.8421
142224000,3022.3084,2907200,28053300,8697845900,90245388300,2940.1916,3036.8147,2935.8295,2964.8421
142230000,3022.374,2281900,25744200,8700127800,90271132500,2940.1916,3036.8147,2935.8295,2964.8421
142235000,3022.3942,2126000,24333000,8702253800,90295465500,2940.1916,3036.8147,2935.8295,2964.8421
142239000,3022.385,3278600,23101600,8705532400,90318567100,2940.1916,3036.8147,2935.8295,2964.8421
142245000,3022.6662,2047000,21952100,8707579400,90340519200,2940.1916,3036.8147,2935.8295,2964.8421
142250000,3022.7827,4455200,36369000,8712034600,90376888200,2940.1916,3036.8147,2935.8295,2964.8421
142254000,3022.4696,4762900,44075500,8716797500,90420963700,2940.1916,3036.8147,2935.8295,2964.8421
142300000,3022.7123,4544500,47563900,8721342000,90468527600,2940.1916,3036.8147,2935.8295,2964.8421
142305000,3022.971,9779000,71992200,8731121000,90540519800,2940.1916,3036.8147,2935.8295,2964.8421
142309000,3022.7927,2774500,23289200,8733895500,90563809000,2940.1916,3036.8147,2935.8295,2964.8421
142315000,3022.7529,5171900,29420300,8739067400,90593229300,2940.1916,3036.8147,2935.8295,2964.8421
142320000,3022.8713,3963300,27357000,8743030700,90620586300,2940.1916,3036.8147,2935.8295,2964.8421
142324000,3022.5391,4434500,38235400,8747465200,90658821700,2940.1916,3036.8147,2935.8295,2964.8421
142330000,3022.9755,4692600,33747400,8752157800,90692569100,2940.1916,3036.8147,2935.8295,2964.8421
142335000,3022.9869,3023400,20760200,8755181200,90713329300,2940.1916,3036.8147,2935.8295,2964.8421
142339000,3022.8578,2397200,24922700,8757578400,90738252000,2940.1916,3036.8147,2935.8295,2964.8421
142345000,3022.7808,1700100,21504500,8759278500,90759756500,2940.1916,3036.8147,2935.8295,2964.8421
142350000,3023.034,2664400,21898900,8761942900,90781655400,2940.1916,3036.8147,2935.8295,2964.8421
142354000,3023.1563,5277200,38518800,8767220100,90820174200,2940.1916,3036.8147,2935.8295,2964.8421
142400000,3023.0817,5671900,48544700,8772892000,90868718900,2940.1916,3036.8147,2935.8295,2964.8421
142405000,3023.084,4563100,32751200,8777455100,90901470100,2940.1916,3036.8147,2935.8295,2964.8421
142409000,3023.5484,3103700,24166700,8780558800,90925636800,2940.1916,3036.8147,2935.8295,2964.8421
142415000,3023.7842,3295300,29634200,8783854100,90955271000,2940.1916,3036.8147,2935.8295,2964.8421
142420000,3023.5721,3472800,34365800,8787326900,90989636800,2940.1916,3036.8147,2935.8295,2964.8421
142424000,3023.6947,2675600,25730700,8790002500,91015367500,2940.1916,3036.8147,2935.8295,2964.8421
142430000,3023.7283,2554500,25921100,8792557000,91041288600,2940.1916,3036.8147,2935.8295,2964.8421
142435000,3023.9101,2262400,24421400,8794819400,91065710000,2940.1916,3036.8147,2935.8295,2964.8421
142439000,3023.9782,2608300,26559000,8797427700,91092269000,2940.1916,3036.8147,2935.8295,2964.8421
142445000,3024.2172,3240800,37177500,8800668500,91129446500,2940.1916,3036.8147,2935.8295,2964.8421
142450000,3024.771,4090100,39698300,8804758600,91169144800,2940.1916,3036.8147,2935.8295,2964.8421
142454000,3024.1848,3096100,28400600,8807854700,91197545400,2940.1916,3036.8147,2935.8295,2964.8421
142500000,3024.0163,3225500,34268100,8811080200,91231813500,2940.1916,3036.8147,2935.8295,2964.8421
142505000,3024.4598,2648000,25729800,8813728200,91257543300,2940.1916,3036.8147,2935.8295,2964.8421
142509000,3024.9094,2686500,24987400,8816414700,91282530700,2940.1916,3036.8147,2935.8295,2964.8421
142515000,3024.1946,2168500,20076500,8818583200,91302607200,2940.1916,3036.8147,2935.8295,2964.8421
142520000,3024.6748,3335000,35852500,8821918200,91338459700,2940.1916,3036.8147,2935.8295,2964.8421
142524000,3024.6261,2280600,25036700,8824198800,91363496400,2940.1916,3036.8147,2935.8295,2964.8421
142530000,3024.5673,3590200,36267300,8827789000,91399763700,2940.1916,3036.8147,2935.8295,2964.8421
142535000,3024.6728,1881600,23057800,8829670600,91422821500,2940.1916,3036.8147,2935.8295,2964.8421
142539000,3024.6232,2489900,29315700,8832160500,91452137200,2940.1916,3036.8147,2935.8295,2964.8421
142545000,3024.8054,2379100,20446600,8834539600,91472583800,2940.1916,3036.8147,2935.8295,2964.8421
142550000,3024.83,3912000,38531100,8838451600,91511114900,2940.1916,3036.8147,2935.8295,2964.8421
142554000,3025.2802,1805200,26796000,8840256800,91537910900,2940.1916,3036.8147,2935.8295,2964.8421
142600000,3024.8614,2137500,24204600,8842394300,91562115500,2940.1916,3036.8147,2935.8295,2964.8421
142605000,3025.1874,2287600,28442400,8844681900,91590557900,2940.1916,3036.8147,2935.8295,2964.8421
142609000,3025.2493,2294900,21237600,8846976800,91611795500,2940.1916,3036.8147,2935.8295,2964.8421
142615000,3024.5367,1999500,23644800,8848976300,91635440300,2940.1916,3036.8147,2935.8295,2964.8421
142620000,3024.6553,2446600,32580900,8851422900,91668021200,2940.1916,3036.8147,2935.8295,2964.8421
142624000,3024.5287,3637000,29420500,8855059900,91697441700,2940.1916,3036.8147,2935.8295,2964.8421
142630000,3024.6465,2415600,22855300,8857475500,91720297000,2940.1916,3036.8147,2935.8295,2964.8421
142635000,3024.6257,2384000,25843700,8859859500,91746140700,2940.1916,3036.8147,2935.8295,2964.8421
142639000,3024.5377,3063000,29154500,8862922500,91775295200,2940.1916,3036.8147,2935.8295,2964.8421
142645000,3024.8647,3350800,31207600,8866273300,91806502800,2940.1916,3036.8147,2935.8295,2964.8421
142650000,3024.4956,3949500,38777000,8870222800,91845279800,2940.1916,3036.8147,2935.8295,2964.8421
142654000,3024.1189,2998700,33550500,8873221500,91878830300,2940.1916,3036.8147,2935.8295,2964.8421
142700000,3024.4076,2747200,28424200,8875968700,91907254500,2940.1916,3036.8147,2935.8295,2964.8421
142705000,3024.4433,3005500,25130400,8878974200,91932384900,2940.1916,3036.8147,2935.8295,2964.8421
142709000,3024.6002,2864400,26838000,8881838600,91959222900,2940.1916,3036.8147,2935.8295,2964.8421
142715000,3024.346,2478900,19144400,8884317500,91978367300,2940.1916,3036.8147,2935.8295,2964.8421
142720000,3024.3182,2301800,24071800,8886619300,92002439100,2940.1916,3036.8147,2935.8295,2964.8421
142724000,3023.9818,2012100,24605900,8888631400,92027045000,2940.1916,3036.8147,2935.8295,2964.8421
142730000,3024.1585,3713300,37134000,8892344700,92064179000,2940.1916,3036.8147,2935.8295,2964.8421
142735000,3024.2801,1609400,17466100,8893954100,92081645100,2940.1916,3036.8147,2935.8295,2964.8421
142739000,3024.3143,2231000,21440800,8896185100,92103085900,2940.1916,3036.8147,2935.8295,2964.8421
142745000,3024.3237,1526400,16826700,8897711500,92119912600,2940.1916,3036.8147,2935.8295,2964.8421
142750000,3024.0591,1556900,19278600,8899268400,92139191200,2940.1916,3036.8147,2935.8295,2964.8421
142754000,3024.2177,1433900,17751600,8900702300,92156942800,2940.1916,3036.8147,2935.8295,2964.8421
142800000,3024.1942,2013900,24836200,8902716200,92181779000,2940.1916,3036.8147,2935.8295,2964.8421
142805000,3024.3577,2016500,25127600,8904732700,92206906600,2940.1916,3036.8147,2935.8295,2964.8421
142809000,3024.4492,2155900,22371800,8906888600,92229278400,2940.1916,3036.8147,2935.8295,2964.8421
142815000,3024.1173,1625200,16247000,8908513800,92245525400,2940.1916,3036.8147,2935.8295,2964.8421
142820000,3024.0723,1902800,21456200,8910416600,92266981600,2940.1916,3036.8147,2935.8295,2964.8421
142824000,3023.8997,1834300,20486600,8912250900,92287468200,2940.1916,3036.8147,2935.8295,2964.8421
142830000,3023.8291,1899200,20921800,8914150100,92308390000,2940.1916,3036.8147,2935.8295,2964.8421
142835000,3023.8923,2059500,22677900,8916209600,92331067900,2940.1916,3036.8147,2935.8295,2964.8421
142839000,3024.1461,1499700,19375400,8917709300,92350443300,2940.1916,3036.8147,2935.8295,2964.8421
142845000,3023.9646,3917300,28278400,8921626600,92378721700,2940.1916,3036.8147,2935.8295,2964.8421
142850000,3024.3847,3497800,36216200,8925124400,92414937900,2940.1916,3036.8147,2935.8295,2964.8421
142854000,3024.4204,2176500,19809600,8927300900,92434747500,2940.1916,3036.8147,2935.8295,2964.8421
142900000,3024.1805,2502400,25589100,8929803300,92460336600,2940.1916,3036.8147,2935.8295,2964.8421
142905000,3024.5288,4148900,30248800,8933952200,92490585400,2940.1916,3036.8147,2935.8295,2964.8421
142909000,3024.7054,3231100,24522100,8937183300,92515107500,2940.1916,3036.8147,2935.8295,2964.8421
142915000,3024.5134,4757500,29417000,8941940800,92544524500,2940.1916,3036.8147,2935.8295,2964.8421
142920000,3024.4731,4238500,30845500,8946179300,92575370000,2940.1916,3036.8147,2935.8295,2964.8421
142925000,3024.3602,2868300,20575500,8949047600,92595945500,2940.1916,3036.8147,2935.8295,2964.8421
142930000,3024.0092,2759500,24237700,8951807100,92620183200,2940.1916,3036.8147,2935.8295,2964.8421
142935000,3024.0169,2170700,20902900,8953977800,92641086100,2940.1916,3036.8147,2935.8295,2964.8421
142939000,3024.3999,2366500,23532000,8956344300,92664618100,2940.1916,3036.8147,2935.8295,2964.8421
142945000,3024.5681,2751700,23969000,8959096000,92688587100,2940.1916,3036.8147,2935.8295,2964.8421
142950000,3024.5204,3588100,35729900,8962684100,92724317000,2940.1916,3036.8147,2935.8295,2964.8421
142954000,3024.5365,5014400,39850200,8967698500,92764167200,2940.1916,3036.8147,2935.8295,2964.8421
143000000,3024.5229,3846100,37005200,8971544600,92801172400,2940.1916,3036.8147,2935.8295,2964.8421
143005000,3024.4272,4686700,33239800,8976231300,92834412200,2940.1916,3036.8147,2935.8295,2964.8421
143010000,3024.7887,2726800,24590600,8978958100,92859002800,2940.1916,3036.8147,2935.8295,2964.8421
143015000,3024.6593,1865300,22039500,8980823400,92881042300,2940.1916,3036.8147,2935.8295,2964.8421
143020000,3024.8775,1894300,22113200,8982717700,92903155500,2940.1916,3036.8147,2935.8295,2964.8421
143024000,3024.4,2080300,29981500,8984798000,92933137000,2940.1916,3036.8147,2935.8295,2964.8421
143030000,3024.6554,3769800,51927000,8988567800,92985064000,2940.1916,3036.8147,2935.8295,2964.8421
143035000,3024.575,1933900,20458500,8990501700,93005522500,2940.1916,3036.8147,2935.8295,2964.8421
143039000,3024.8408,3523300,27527200,8994025000,93033049700,2940.1916,3036.8147,2935.8295,2964.8421
143045000,3024.6038,2274000,23530700,8996299000,93056580400,2940.1916,3036.8147,2935.8295,2964.8421
143050000,3024.8437,2980100,43011400,8999279100,93099591800,2940.1916,3036.8147,2935.8295,2964.8421
143054000,3024.9768,3699400,27256600,9002978500,93126848400,2940.1916,3036.8147,2935.8295,2964.8421
143100000,3024.6797,4744500,39871500,9007723000,93166719900,2940.1916,3036.8147,2935.8295,2964.8421
143105000,3024.976,2387000,23051900,9010110000,93189771800,2940.1916,3036.8147,2935.8295,2964.8421
143109000,3025.3506,2645500,29635900,9012755500,93219407700,2940.1916,3036.8147,2935.8295,2964.8421
143115000,3025.2325,2263600,30813300,9015019100,93250221000,2940.1916,3036.8147,2935.8295,2964.8421
143120000,3025.1178,4002100,46561300,9019021200,93296782300,2940.1916,3036.8147,2935.8295,2964.8421
143124000,3025.2021,2475800,28361500,9021497000,93325143800,2940.1916,3036.8147,2935.8295,2964.8421
143130000,3025.0539,3687400,35346700,9025184400,93360490500,2940.1916,3036.8147,2935.8295,2964.8421
143135000,3025.5783,2744000,34452100,9027928400,93394942600,2940.1916,3036.8147,2935.8295,2964.8421
143140000,3025.5979,3664100,35273000,9031592500,93430215600,2940.1916,3036.8147,2935.8295,2964.8421
143145000,3025.8921,2566300,32065900,9034158800,93462281500,2940.1916,3036.8147,2935.8295,2964.8421
143150000,3025.4121,2825400,37897200,9036984200,93500178700,2940.1916,3036.8147,2935.8295,2964.8421
143155000,3025.5056,2730300,32155600,9039714500,93532334300,2940.1916,3036.8147,2935.8295,2964.8421
143200000,3025.7199,2777200,37998200,9042491700,93570332500,2940.1916,3036.8147,2935.8295,2964.8421
143205000,3026.0334,3241600,39578600,9045733300,93609911100,2940.1916,3036.8147,2935.8295,2964.8421
143209000,3026.6623,2607000,34356800,9048340300,93644267900,2940.1916,3036.8147,2935.8295,2964.8421
143215000,3026.4721,2824500,35740100,9051164800,93680008000,2940.1916,3036.8147,2935.8295,2964.8421
143220000,3026.1274,3200900,39380100,9054365700,93719388100,2940.1916,3036.8147,2935.8295,2964.8421
143224000,3025.9038,2906300,33093300,9057272000,93752481400,2940.1916,3036.8147,2935.8295,2964.8421
143230000,3026.0959,2467100,28782200,9059739100,93781263600,2940.1916,3036.8147,2935.8295,2964.8421
143235000,3026.2625,1946200,30716500,9061685300,93811980100,2940.1916,3036.8147,2935.8295,2964.8421
143239000,3026.1309,2218100,34146100,9063903400,93846126200,2940.1916,3036.8147,2935.8295,2964.8421
143245000,3026.4275,2781400,30044700,9066684800,93876170900,2940.1916,3036.8147,2935.8295,2964.8421
143250000,3026.6956,4721300,47092200,9071406100,93923263100,2940.1916,3036.8147,2935.8295,2964.8421
143254000,3026.59,2541200,23848300,9073947300,93947111400,2940.1916,3036.8147,2935.8295,2964.8421
143300000,3026.3573,5894800,46164600,9079842100,93993276000,2940.1916,3036.8147,2935.8295,2964.8421
143305000,3026.7648,3003500,33731200,9082845600,94027007200,2940.1916,3036.8147,2935.8295,2964.8421
143309000,3027.145,2465100,31639200,9085310700,94058646400,2940.1916,3036.8147,2935.8295,2964.8421
143315000,3027.2686,1917300,25095600,9087228000,94083742000,2940.1916,3036.8147,2935.8295,2964.8421
143320000,3026.9841,3380500,39908700,9090608500,94123650700,2940.1916,3036.8147,2935.8295,2964.8421
143325000,3027.1603,2493400,28845200,9093101900,94152495900,2940.1916,3036.8147,2935.8295,2964.8421
143330000,3027.1797,4216200,45682700,9097318100,94198178600,2940.1916,3036.8147,2935.8295,2964.8421
143335000,3027.396,3319900,35417100,9100638000,94233595700,2940.1916,3036.8147,2935.8295,2964.8421
143339000,3027.3512,2812300,26793100,9103450300,94260388800,2940.1916,3036.8147,2935.8295,2964.8421
143345000,3027.4691,4700400,33101500,9108150700,94293490300,2940.1916,3036.8147,2935.8295,2964.8421
143350000,3027.628,3495400,36283900,9111646100,94329774200,2940.1916,3036.8147,2935.8295,2964.8421
143354000,3027.4974,3365900,31664400,9115012000,94361438600,2940.1916,3036.8147,2935.8295,2964.8421
143400000,3028.2284,3511100,40416100,9118523100,94401854700,2940.1916,3036.8147,2935.8295,2964.8421
143405000,3028.3666,4477400,37199700,9123000500,94439054400,2940.1916,3036.8147,2935.8295,2964.8421
143410000,3028.3594,3861600,29562800,9126862100,94468617200,2940.1916,3036.8147,2935.8295,2964.8421
143415000,3028.0846,5414300,40317400,9132276400,94508934600,2940.1916,3036.8147,2935.8295,2964.8421
143420000,3028.379,7903800,46086000,9140180200,94555020600,2940.1916,3036.8147,2935.8295,2964.8421
143424000,3028.44,3916800,36761900,9144097000,94591782500,2940.1916,3036.8147,2935.8295,2964.8421
143430000,3028.698,4276100,46574500,9148373100,94638357000,2940.1916,3036.8147,2935.8295,2964.8421
143435000,3029.1888,3390800,33806900,9151763900,94672163900,2940.1916,3036.8147,2935.8295,2964.8421
143439000,3029.0965,3403700,31939500,9155167600,94704103400,2940.1916,3036.8147,2935.8295,2964.8421
143445000,3029.1144,4567500,40914700,9159735100,94745018100,2940.1916,3036.8147,2935.8295,2964.8421
143450000,3029.0943,3588400,47084900,9163323500,94792103000,2940.1916,3036.8147,2935.8295,2964.8421
143455000,3029.1507,3185600,33887700,9166509100,94825990700,2940.1916,3036.8147,2935.8295,2964.8421
143500000,3029.3512,3832000,44054000,9170341100,94870044700,2940.1916,3036.8147,2935.8295,2964.8421
143505000,3029.2809,4390200,37997700,9174731300,94908042400,2940.1916,3036.8147,2935.8295,2964.8421
143510000,3029.9731,3188800,35276900,9177920100,94943319300,2940.1916,3036.8147,2935.8295,2964.8421
143515000,3029.9661,3590700,37648000,9181510800,94980967300,2940.1916,3036.8147,2935.8295,2964.8421
143520000,3029.9955,4776500,49571900,9186287300,95030539200,2940.1916,3036.8147,2935.8295,2964.8421
143525000,3029.9329,3767500,36797100,9190054800,95067336300,2940.1916,3036.8147,2935.8295,2964.8421
143530000,3029.8054,3552600,44693500,9193607400,95112029800,2940.1916,3036.8147,2935.8295,2964.8421
143535000,3030.1468,3032300,35696600,9196639700,95147726400,2940.1916,3036.8147,2935.8295,2964.8421
143540000,3030.1328,2691700,31067500,9199331400,95178793900,2940.1916,3036.8147,2935.8295,2964.8421
143545000,3030.2524,3244900,33837700,9202576300,95212631600,2940.1916,3036.8147,2935.8295,2964.8421
143550000,3030.4508,4044200,40924400,9206620500,95253556000,2940.1916,3036.8147,2935.8295,2964.8421
143555000,3030.4571,3292900,38750300,9209913400,95292306300,2940.1916,3036.8147,2935.8295,2964.8421
143600000,3030.3807,4698700,49798400,9214612100,95342104700,2940.1916,3036.8147,2935.8295,2964.8421
143605000,3030.5986,3643000,33720900,9218255100,95375825600,2940.1916,3036.8147,2935.8295,2964.8421
143609000,3030.8103,3850000,42290700,9222105100,95418116300,2940.1916,3036.8147,2935.8295,2964.8421
143615000,3030.7486,2522600,31110800,9224627700,95449227100,2940.1916,3036.8147,2935.8295,2964.8421
143620000,3030.6065,4482500,48496200,9229110200,95497723300,2940.1916,3036.8147,2935.8295,2964.8421
143625000,3030.5474,4517600,49174100,9233627800,95546897400,2940.1916,3036.8147,2935.8295,2964.8421
143630000,3030.6685,5234900,67898400,9238862700,95614795800,2940.1916,3036.8147,2935.8295,2964.8421
143635000,3030.8748,2796100,29506500,9241658800,95644302300,2940.1916,3036.8147,2935.8295,2964.8421
143640000,3031.116,3020200,33891300,9244679000,95678193600,2940.1916,3036.8147,2935.8295,2964.8421
143645000,3030.854,2470700,24592500,9247149700,95702786100,2940.1916,3036.8147,2935.8295,2964.8421
143650000,3031.2072,2719500,34005700,9249869200,95736791800,2940.1916,3036.8147,2935.8295,2964.8421
143654000,3031.1572,3988100,38404900,9253857300,95775196700,2940.1916,3036.8147,2935.8295,2964.8421
143700000,3030.8665,4466200,49704100,9258323500,95824900800,2940.1916,3036.8147,2935.8295,2964.8421
143705000,3031.3044,3434500,34438900,9261758000,95859339700,2940.1916,3036.8147,2935.8295,2964.8421
143709000,3031.5207,3064500,33162100,9264822500,95892501800,2940.1916,3036.8147,2935.8295,2964.8421
143715000,3031.2434,3336100,32640500,9268158600,95925142300,2940.1916,3036.8147,2935.8295,2964.8421
143720000,3031.4436,3606600,40945600,9271765200,95966087900,2940.1916,3036.8147,2935.8295,2964.8421
143725000,3031.3687,2439600,28689100,9274204800,95994777000,2940.1916,3036.8147,2935.8295,2964.8421
143730000,3031.5894,3629700,43041700,9277834500,96037818700,2940.1916,3036.8147,2935.8295,2964.8421
143735000,3031.5609,3308200,40099300,9281142700,96077918000,2940.1916,3036.8147,2935.8295,2964.8421
143740000,3031.4028,4498000,46347000,9285640700,96124265000,2940.1916,3036.8147,2935.8295,2964.8421
143745000,3031.6235,3024200,32366000,9288664900,96156631000,2940.1916,3036.8147,2935.8295,2964.8421
143750000,3031.6281,3978900,43227300,9292643800,96199858300,2940.1916,3036.8147,2935.8295,2964.8421
143755000,3031.6579,3730800,42051800,9296374600,96241910100,2940.1916,3036.8147,2935.8295,2964.8421
143800000,3031.6942,3878500,38560000,9300253100,96280470100,2940.1916,3036.8147,2935.8295,2964.8421
143805000,3031.7538,2575700,32440000,9302828800,96312910100,2940.1916,3036.8147,2935.8295,2964.8421
143809000,3031.7229,3373100,36371100,9306201900,96349281200,2940.1916,3036.8147,2935.8295,2964.8421
143815000,3031.677,3250800,37302300,9309452700,96386583500,2940.1916,3036.8147,2935.8295,2964.8421
143820000,3031.6676,2681100,35095100,9312133800,96421678600,2940.1916,3036.8147,2935.8295,2964.8421
143825000,3031.6479,3766400,37156300,9315900200,96458834900,2940.1916,3036.8147,2935.8295,2964.8421
143830000,3031.3287,3208400,37598000,9319108600,96496432900,2940.1916,3036.8147,2935.8295,2964.8421
143835000,3031.5577,3250000,27717300,9322358600,96524150200,2940.1916,3036.8147,2935.8295,2964.8421
143840000,3031.4101,3219100,34528600,9325577700,96558678800,2940.1916,3036.8147,2935.8295,2964.8421
143845000,3031.323,2297400,23849900,9327875100,96582528700,2940.1916,3036.8147,2935.8295,2964.8421
143850000,3030.9575,4517600,41650200,9332392700,96624178900,2940.1916,3036.8147,2935.8295,2964.8421
143855000,3030.6421,4475000,45658900,9336867700,96669837800,2940.1916,3036.8147,2935.8295,2964.8421
143900000,3030.9793,5298900,49499000,9342166600,96719336800,2940.1916,3036.8147,2935.8295,2964.8421
143905000,3030.7129,3707200,37093400,9345873800,96756430200,2940.1916,3036.8147,2935.8295,2964.8421
143910000,3031.2732,4482300,39011400,9350356100,96795441600,2940.1916,3036.8147,2935.8295,2964.8421
143915000,3031.0155,4347400,40720300,9354703500,96836161900,2940.1916,3036.8147,2935.8295,2964.8421
143920000,3031.2136,3470300,35608500,9358173800,96871770400,2940.1916,3036.8147,2935.8295,2964.8421
143925000,3031.1165,3100500,34299200,9361274300,96906069600,2940.1916,3036.8147,2935.8295,2964.8421
143930000,3030.9348,4827300,47600400,9366101600,96953670000,2940.1916,3036.8147,2935.8295,2964.8421
143935000,3030.9369,2568900,32456900,9368670500,96986126900,2940.1916,3036.8147,2935.8295,2964.8421
143940000,3031.1633,3771300,37114100,9372441800,97023241000,2940.1916,3036.8147,2935.8295,2964.8421
143945000,3031.3981,3126600,35642500,9375568400,97058883500,2940.1916,3036.8147,2935.8295,2964.8421
143950000,3031.1949,4365500,37593400,9379933900,97096476900,2940.1916,3036.8147,2935.8295,2964.8421
143955000,3031.0552,3470700,31454700,9383404600,97127931600,2940.1916,3036.8147,2935.8295,2964.8421
144000000,3031.2394,5997600,58818500,9389402200,97186750100,2940.1916,3036.8147,2935.8295,2964.8421
144005000,3031.1362,5921600,38833900,9395323800,97225584000,2940.1916,3036.8147,2935.8295,2964.8421
144010000,3031.2115,3895000,33660700,9399218800,97259244700,2940.1916,3036.8147,2935.8295,2964.8421
144015000,3031.3384,2193000,23722400,9401411800,97282967100,2940.1916,3036.8147,2935.8295,2964.8421
144020000,3031.2114,2914500,29057000,9404326300,97312024100,2940.1916,3036.8147,2935.8295,2964.8421
144024000,3031.2799,3363200,34433000,9407689500,97346457100,2940.1916,3036.8147,2935.8295,2964.8421
144030000,3031.0905,3423300,38743200,9411112800,97385200300,2940.1916,3036.8147,2935.8295,2964.8421
144035000,3031.3159,2362200,19871700,9413475000,97405072000,2940.1916,3036.8147,2935.8295,2964.8421
144040000,3031.2432,2842100,36462500,9416317100,97441534500,2940.1916,3036.8147,2935.8295,2964.8421
144045000,3031.8677,2541500,28000000,9418858600,97469534500,2940.1916,3036.8147,2935.8295,2964.8421
144050000,3031.4642,2996800,31155100,9421855400,97500689600,2940.1916,3036.8147,2935.8295,2964.8421
144055000,3031.154,3345300,33640800,9425200700,97534330400,2940.1916,3036.8147,2935.8295,2964.8421
144100000,3031.3988,4831100,49177900,9430031800,97583508300,2940.1916,3036.8147,2935.8295,2964.8421
144105000,3031.079,3703000,31509100,9433734800,97615017400,2940.1916,3036.8147,2935.8295,2964.8421
144110000,3031.1,3553500,32201300,9437288300,97647218700,2940.1916,3036.8147,2935.8295,2964.8421
144115000,3031.1522,4476000,39672700,9441764300,97686891400,2940.1916,3036.8147,2935.8295,2964.8421
144120000,3031.1508,3581700,38961000,9445346000,97725852400,2940.1916,3036.8147,2935.8295,2964.8421
144125000,3031.5951,3371400,36695700,9448717400,97762548100,2940.1916,3036.8147,2935.8295,2964.8421
144130000,3031.1444,4194800,41370500,9452912200,97803918600,2940.1916,3036.8147,2935.8295,2964.8421
144135000,3031.0525,2034200,20614600,9454946400,97824533200,2940.1916,3036.8147,2935.8295,2964.8421
144140000,3031.2586,3135300,30112900,9458081700,97854646100,2940.1916,3036.8147,2935.8295,2964.8421
144145000,3031.0624,3026700,29351600,9461108400,97883997700,2940.1916,3036.8147,2935.8295,2964.8421
144150000,3031.1228,3634500,41669800,9464742900,97925667500,2940.1916,3036.8147,2935.8295,2964.8421
144155000,3031.3961,2170600,31891000,9466913500,97957558500,2940.1916,3036.8147,2935.8295,2964.8421
144200000,3031.1214,2977200,32357700,9469890700,97989916200,2940.1916,3036.8147,2935.8295,2964.8421
144205000,3030.9896,2839900,31090600,9472730600,98021006800,2940.1916,3036.8147,2935.8295,2964.8421
144209000,3030.3094,2555600,31445800,9475286200,98052452600,2940.1916,3036.8147,2935.8295,2964.8421
144215000,3031.0679,3928200,35900000,9479214400,98088352600,2940.1916,3036.8147,2935.8295,2964.8421
144220000,3030.8755,3215100,31388500,9482429500,98119741100,2940.1916,3036.8147,2935.8295,2964.8421
144225000,3030.9897,3861600,36915000,9486291100,98156656100,2940.1916,3036.8147,2935.8295,2964.8421
144230000,3030.9151,4899500,44989500,9491190600,98201645600,2940.1916,3036.8147,2935.8295,2964.8421
144235000,3030.663,2590100,26188700,9493780700,98227834300,2940.1916,3036.8147,2935.8295,2964.8421
144240000,3031.1695,2835600,38438600,9496616300,98266272900,2940.1916,3036.8147,2935.8295,2964.8421
144245000,3031.0967,3470500,36997300,9500086800,98303270200,2940.1916,3036.8147,2935.8295,2964.8421
144249000,3031.2567,3309300,36858700,9503396100,98340128900,2940.1916,3036.8147,2935.8295,2964.8421
144255000,3031.1018,3795300,38107400,9507191400,98378236300,2940.1916,3036.8147,2935.8295,2964.8421
144300000,3031.047,3727700,34604100,9510919100,98412840400,2940.1916,3036.8147,2935.8295,2964.8421
144305000,3030.7198,2577900,23548500,9513497000,98436388900,2940.1916,3036.8147,2935.8295,2964.8421
144310000,3031.0942,3244300,38690200,9516741300,98475079100,2940.1916,3036.8147,2935.8295,2964.8421
144315000,3030.92,2368700,29582800,9519110000,98504661900,2940.1916,3036.8147,2935.8295,2964.8421
144319000,3031.0862,3059800,43160900,9522169800,98547822800,2940.1916,3036.8147,2935.8295,2964.8421
144325000,3030.9306,2361400,27908500,9524531200,98575731300,2940.1916,3036.8147,2935.8295,2964.8421
144330000,3030.6906,4861400,45876600,9529392600,98621607900,2940.1916,3036.8147,2935.8295,2964.8421
144334000,3030.946,3406300,31575400,9532798900,98653183300,2940.1916,3036.8147,2935.8295,2964.8421
144340000,3030.7977,5211600,56484600,9538010500,98709667900,2940.1916,3036.8147,2935.8295,2964.8421
144345000,3030.8203,3312700,34465600,9541323200,98744133500,2940.1916,3036.8147,2935.8295,2964.8421
144350000,3030.5438,4705000,39018900,9546028200,98783152400,2940.1916,3036.8147,2935.8295,2964.8421
144355000,3030.9623,2989600,34346400,9549017800,98817498800,2940.1916,3036.8147,2935.8295,2964.8421
144400000,3031.0094,3686200,37461800,9552704000,98854960600,2940.1916,3036.8147,2935.8295,2964.8421
144405000,3030.5665,2604400,25294200,9555308400,98880254800,2940.1916,3036.8147,2935.8295,2964.8421
144410000,3030.8488,3016500,32050200,9558324900,98912305000,2940.1916,3036.8147,2935.8295,2964.8421
144415000,3030.9717,2854100,33614100,9561179000,98945919100,2940.1916,3036.8147,2935.8295,2964.8421
144419000,3030.503,2617100,29887400,9563796100,98975806500,2940.1916,3036.8147,2935.8295,2964.8421
144425000,3030.6394,3022100,28503700,9566818200,99004310200,2940.1916,3036.8147,2935.8295,2964.8421
144430000,3030.8198,4276500,38956200,9571094700,99043266400,2940.1916,3036.8147,2935.8295,2964.8421
144434000,3030.647,2085100,31442700,9573179800,99074709100,2940.1916,3036.8147,2935.8295,2964.8421
144440000,3031.0506,2518300,28203300,9575698100,99102912400,2940.1916,3036.8147,2935.8295,2964.8421
144445000,3031.0732,2913900,31306600,9578612000,99134219000,2940.1916,3036.8147,2935.8295,2964.8421
144450000,3031.0718,2313800,30725400,9580925800,99164944400,2940.1916,3036.8147,2935.8295,2964.8421
144455000,3031.0824,3103000,36812400,9584028800,99201756800,2940.1916,3036.8147,2935.8295,2964.8421
144500000,3031.0335,4970600,52461500,9588999400,99254218300,2940.1916,3036.8147,2935.8295,2964.8421
144504000,3030.7992,3373700,41528300,9592373100,99295746600,2940.1916,3036.8147,2935.8295,2964.8421
144510000,3031.1828,3132400,42638000,9595505500,99338384600,2940.1916,3036.8147,2935.8295,2964.8421
144515000,3030.6317,3642800,36348500,9599148300,99374733100,2940.1916,3036.8147,2935.8295,2964.8421
144519000,3030.4423,3078100,33667600,9602226400,99408400700,2940.1916,3036.8147,2935.8295,2964.8421
144525000,3030.7147,2776400,32201000,9605002800,99440601700,2940.1916,3036.8147,2935.8295,2964.8421
144530000,3030.5557,3014500,38785200,9608017300,99479386900,2940.1916,3036.8147,2935.8295,2964.8421
144534000,3030.9516,2218100,25700900,9610235400,99505087800,2940.1916,3036.8147,2935.8295,2964.8421
144540000,3031.1203,3032400,35009300,9613267800,99540097100,2940.1916,3036.8147,2935.8295,2964.8421
144545000,3030.6013,3057000,32466100,9616324800,99572563200,2940.1916,3036.8147,2935.8295,2964.8421
144549000,3030.833,3002800,29293100,9619327600,99601856300,2940.1916,3036.8147,2935.8295,2964.8421
144555000,3030.8382,3310500,32506700,9622638100,99634363000,2940.1916,3036.8147,2935.8295,2964.8421
144600000,3030.7817,4207800,41246000,9626845900,99675609000,2940.1916,3036.8147,2935.8295,2964.8421
144604000,3030.8703,2568700,30724700,9629414600,99706333700,2940.1916,3036.8147,2935.8295,2964.8421
144610000,3030.7006,3567100,40935400,9632981700,99747269100,2940.1916,3036.8147,2935.8295,2964.8421
144615000,3030.6411,4505800,43008500,9637487500,99790277600,2940.1916,3036.8147,2935.8295,2964.8421
144619000,3030.7241,3370000,34573400,9640857500,99824851000,2940.1916,3036.8147,2935.8295,2964.8421
144625000,3030.7516,3272400,43778300,9644129900,99868629300,2940.1916,3036.8147,2935.8295,2964.8421
144630000,3030.8832,4745100,50959400,9648875000,99919588700,2940.1916,3036.8147,2935.8295,2964.8421
144634000,3030.5711,2912600,27246600,9651787600,99946835300,2940.1916,3036.8147,2935.8295,2964.8421
144640000,3030.7726,2767900,37399300,9654555500,99984234600,2940.1916,3036.8147,2935.8295,2964.8421
144645000,3030.3457,3383400,31184600,9657938900,100015419200,2940.1916,3036.8147,2935.8295,2964.8421
144649000,3030.5683,3011700,31683200,9660950600,100047102400,2940.1916,3036.8147,2935.8295,2964.8421
144655000,3029.7627,3868500,44793400,9664819100,100091895800,2940.1916,3036.8147,2935.8295,2964.8421
144700000,3030.0522,6176000,55143500,9670995100,100147039300,2940.1916,3036.8147,2935.8295,2964.8421
144704000,3030.2211,3105400,31037900,9674100500,100178077200,2940.1916,3036.8147,2935.8295,2964.8421
144710000,3030.0437,3492200,37580400,9677592700,100215657600,2940.1916,3036.8147,2935.8295,2964.8421
144715000,3030.0788,3905300,33174900,9681498000,100248832500,2940.1916,3036.8147,2935.8295,2964.8421
144719000,3029.7032,4099700,36837000,9685597700,100285669500,2940.1916,3036.8147,2935.8295,2964.8421
144725000,3030.1282,3157100,36277200,9688754800,100321946700,2940.1916,3036.8147,2935.8295,2964.8421
144730000,3029.9063,3961500,43817200,9692716300,100365763900,2940.1916,3036.8147,2935.8295,2964.8421
144734000,3029.8186,4067000,32671400,9696783300,100398435300,2940.1916,3036.8147,2935.8295,2964.8421
144740000,3029.9751,5368400,50581400,9702151700,100449016700,2940.1916,3036.8147,2935.8295,2964.8421
144745000,3029.3836,3688800,41605500,9705840500,100490622200,2940.1916,3036.8147,2935.8295,2964.8421
144749000,3029.5776,3362100,31882700,9709202600,100522504900,2940.1916,3036.8147,2935.8295,2964.8421
144755000,3029.8813,3301300,40344900,9712503900,100562849800,2940.1916,3036.8147,2935.8295,2964.8421
144800000,3029.926,3630000,44767900,9716133900,100607617700,2940.1916,3036.8147,2935.8295,2964.8421
144804000,3029.9083,2212000,21769100,9718345900,100629386800,2940.1916,3036.8147,2935.8295,2964.8421
144810000,3030.0084,3769400,39466800,9722115300,100668853600,2940.1916,3036.8147,2935.8295,2964.8421
144815000,3030.119,3470000,34970000,9725585300,100703823600,2940.1916,3036.8147,2935.8295,2964.8421
144818000,3029.7707,2364000,25551800,9727949300,100729375400,2940.1916,3036.8147,2935.8295,2964.8421
144825000,3029.8357,2919200,34556200,9730868500,100763931600,2940.1916,3036.8147,2935.8295,2964.8421
144830000,3029.8398,3140800,40211900,9734009300,100804143500,2940.1916,3036.8147,2935.8295,2964.8421
144834000,3030.0446,2225300,22794000,9736234600,100826937500,2940.1916,3036.8147,2935.8295,2964.8421
144840000,3030.0424,3272500,46235300,9739507100,100873172800,2940.1916,3036.8147,2935.8295,2964.8421
144845000,3030.0253,2977400,36387300,9742484500,100909560100,2940.1916,3036.8147,2935.8295,2964.8421
144849000,3029.8887,4490900,48038700,9746975400,100957598800,2940.1916,3036.8147,2935.8295,2964.8421
144855000,3030.0394,3585000,39394900,9750560400,100996993700,2940.1916,3036.8147,2935.8295,2964.8421
144900000,3029.7066,5664300,61782800,9756224700,101058776500,2940.1916,3036.8147,2935.8295,2964.8421
144904000,3029.8997,3132900,31141900,9759357600,101089918400,2940.1916,3036.8147,2935.8295,2964.8421
144910000,3029.9558,3729300,42045200,9763086900,101131963600,2940.1916,3036.8147,2935.8295,2964.8421
144915000,3030.0061,5804200,49847700,9768891100,101181811300,2940.1916,3036.8147,2935.8295,2964.8421
144919000,3030.0872,3573700,32444700,9772464800,101214256000,2940.1916,3036.8147,2935.8295,2964.8421
144925000,3030.3841,4386200,42471100,9776851000,101256727100,2940.1916,3036.8147,2935.8295,2964.8421
144930000,3030.4659,4654300,48724900,9781505300,101305452000,2940.1916,3036.8147,2935.8295,2964.8421
144934000,3030.3984,2034300,21539800,9783539600,101326991800,2940.1916,3036.8147,2935.8295,2964.8421
144940000,3030.8669,4398200,50980100,9787937800,101377971900,2940.1916,3036.8147,2935.8295,2964.8421
144945000,3030.6451,2132500,26726500,9790070300,101404698400,2940.1916,3036.8147,2935.8295,2964.8421
144949000,3031.0505,3045900,33838600,9793116200,101438537000,2940.1916,3036.8147,2935.8295,2964.8421
144955000,3030.8111,4357700,43463400,9797473900,101482000400,2940.1916,3036.8147,2935.8295,2964.8421
145000000,3030.9156,5305700,55007700,9802779600,101537008100,2940.1916,3036.8147,2935.8295,2964.8421
145004000,3031.1104,3474300,28954400,9806253900,101565962500,2940.1916,3036.8147,2935.8295,2964.8421
145010000,3031.0792,5873600,50680900,9812127500,101616643400,2940.1916,3036.8147,2935.8295,2964.8421
145015000,3031.1598,4457700,43907800,9816585200,101660551200,2940.1916,3036.8147,2935.8295,2964.8421
145019000,3031.2655,3575600,36416300,9820160800,101696967500,2940.1916,3036.8147,2935.8295,2964.8421
145025000,3031.3007,4762300,49771300,9824923100,101746738800,2940.1916,3036.8147,2935.8295,2964.8421
145030000,3031.4622,4423600,46217600,9829346700,101792956400,2940.1916,3036.8147,2935.8295,2964.8421
145034000,3031.1481,2339500,21613200,9831686200,101814569600,2940.1916,3036.8147,2935.8295,2964.8421
145040000,3031.2914,3794500,41842700,9835480700,101856412300,2940.1916,3036.8147,2935.8295,2964.8421
145045000,3031.6273,5286200,54636500,9840766900,101911048800,2940.1916,3036.8147,2935.8295,2964.8421
145049000,3032.4293,4188900,41789800,9844955800,101952838600,2940.1916,3036.8147,2935.8295,2964.8421
145055000,3032.2658,4576000,52134600,9849531800,102004973200,2940.1916,3036.8147,2935.8295,2964.8421
145100000,3032.6205,5547600,65786700,9855079400,102070759900,2940.1916,3036.8147,2935.8295,2964.8421
145104000,3032.0285,2531100,28784100,9857610500,102099544000,2940.1916,3036.8147,2935.8295,2964.8421
145110000,3032.3569,4180500,46962300,9861791000,102146506300,2940.1916,3036.8147,2935.8295,2964.8421
145115000,3032.1928,4661800,50624800,9866452800,102197131100,2940.1916,3036.8147,2935.8295,2964.8421
145119000,3032.1336,3412000,43619000,9869864800,102240750100,2940.1916,3036.8147,2935.8295,2964.8421
145125000,3032.6082,5293700,51009600,9875158500,102291759700,2940.1916,3036.8147,2935.8295,2964.8421
145130000,3032.551,5783000,57437900,9880941500,102349197600,2940.1916,3036.8147,2935.8295,2964.8421
145134000,3032.6185,3836700,40800500,9884778200,102389998100,2940.1916,3036.8147,2935.8295,2964.8421
145140000,3032.7967,5490900,63193000,9890269100,102453191100,2940.1916,3036.8147,2935.8295,2964.8421
145145000,3032.7549,4022000,42208600,9894291100,102495399700,2940.1916,3036.8147,2935.8295,2964.8421
145149000,3033.1573,3585100,40519800,9897876200,102535919500,2940.1916,3036.8147,2935.8295,2964.8421
145155000,3033.005,4682800,50994200,9902559000,102586913700,2940.1916,3036.8147,2935.8295,2964.8421
145200000,3033.0965,4858700,53078500,9907417700,102639992200,2940.1916,3036.8147,2935.8295,2964.8421
145204000,3033.3327,2615200,26089800,9910032900,102666082000,2940.1916,3036.8147,2935.8295,2964.8421
145210000,3033.3573,4742300,52798600,9914775200,102718880600,2940.1916,3036.8147,2935.8295,2964.8421
145215000,3032.933,3952800,47653800,9918728000,102766534400,2940.1916,3036.8147,2935.8295,2964.8421
145219000,3033.456,5085900,43503000,9923813900,102810037400,2940.1916,3036.8147,2935.8295,2964.8421
145225000,3033.4606,5414300,58497700,9929228200,102868535100,2940.1916,3036.8147,2935.8295,2964.8421
145230000,3033.508,4537500,51924000,9933765700,102920459100,2940.1916,3036.8147,2935.8295,2964.8421
145234000,3033.7489,3136200,28207600,9936901900,102948666700,2940.1916,3036.8147,2935.8295,2964.8421
145240000,3033.3295,5835800,66929400,9942737700,103015596100,2940.1916,3036.8147,2935.8295,2964.8421
145245000,3033.5599,5150600,48378100,9947888300,103063974200,2940.1916,3036.8147,2935.8295,2964.8421
145249000,3033.7782,4053000,46441600,9951941300,103110415800,2940.1916,3036.8147,2935.8295,2964.8421
145255000,3033.7424,6002900,74691100,9957944200,103185106900,2940.1916,3036.8147,2935.8295,2964.8421
145300000,3033.6225,5347800,63254600,9963292000,103248361500,2940.1916,3036.8147,2935.8295,2964.8421
145304000,3034.1167,3273700,33835800,9966565700,103282197300,2940.1916,3036.8147,2935.8295,2964.8421
145310000,3034.1269,5697900,58042900,9972263600,103340240200,2940.1916,3036.8147,2935.8295,2964.8421
145315000,3034.239,4502400,44992700,9976766000,103385232900,2940.1916,3036.8147,2935.8295,2964.8421
145319000,3034.0769,4423100,51408700,9981189100,103436641600,2940.1916,3036.8147,2935.8295,2964.8421
145325000,3034.1718,4795500,57101800,9985984600,103493743400,2940.1916,3036.8147,2935.8295,2964.8421
145330000,3034.4256,6310000,64871600,9992294600,103558615000,2940.1916,3036.8147,2935.8295,2964.8421
145334000,3034.5267,4932900,41244300,9997227500,103599859300,2940.1916,3036.8147,2935.8295,2964.8421
145340000,3034.765,5954200,66859500,10003181700,103666718800,2940.1916,3036.8147,2935.8295,2964.8421
145345000,3034.6832,4257100,45391700,10007438800,103712110500,2940.1916,3036.8147,2935.8295,2964.8421
145349000,3034.8658,4163200,40181800,10011602000,103752292300,2940.1916,3036.8147,2935.8295,2964.8421
145355000,3034.3555,5984700,85848300,10017586700,103838140600,2940.1916,3036.8147,2935.8295,2964.8421
145400000,3034.8193,5721300,63693500,10023308000,103901834100,2940.1916,3036.8147,2935.8295,2964.8421
145404000,3034.6959,3166800,31343100,10026474800,103933177200,2940.1916,3036.8147,2935.8295,2964.8421
145410000,3034.8336,6754800,65139500,10033229600,103998316700,2940.1916,3036.8147,2935.8295,2964.8421
145415000,3034.6562,5044100,49179100,10038273700,104047495800,2940.1916,3036.8147,2935.8295,2964.8421
145419000,3034.5632,2980300,37329000,10041254000,104084824800,2940.1916,3036.8147,2935.8295,2964.8421
145425000,3034.903,6768500,60554800,10048022500,104145379600,2940.1916,3036.8147,2935.8295,2964.8421
145430000,3035.0383,6407000,61930000,10054429500,104207309600,2940.1916,3036.8147,2935.8295,2964.8421
145434000,3035.1293,4630500,41661500,10059060000,104248971100,2940.1916,3036.8147,2935.8295,2964.8421
145440000,3034.6959,5397200,65651900,10064457200,104314623000,2940.1916,3036.8147,2935.8295,2964.8421
145445000,3034.3438,4366500,50699400,10068823700,104365322400,2940.1916,3036.8147,2935.8295,2964.8421
145449000,3034.8331,3877400,45060400,10072701100,104410382800,2940.1916,3036.8147,2935.8295,2964.8421
145455000,3035.0095,5419700,55800800,10078120800,104466183600,2940.1916,3036.8147,2935.8295,2964.8421
145500000,3035.2524,6139900,67418500,10084260700,104533602100,2940.1916,3036.8147,2935.8295,2964.8421
145504000,3035.3038,3809000,42646100,10088069700,104576248200,2940.1916,3036.8147,2935.8295,2964.8421
145510000,3034.9665,5572000,55046900,10093641700,104631295100,2940.1916,3036.8147,2935.8295,2964.8421
145515000,3035.0724,5965300,55726400,10099607000,104687021500,2940.1916,3036.8147,2935.8295,2964.8421
145519000,3035.0584,4873600,59592000,10104480600,104746613500,2940.1916,3036.8147,2935.8295,2964.8421
145525000,3035.2784,4943100,64729000,10109423700,104811342500,2940.1916,3036.8147,2935.8295,2964.8421
145530000,3035.1754,6297900,63979300,10115721600,104875321800,2940.1916,3036.8147,2935.8295,2964.8421
145534000,3035.1483,3868300,36724100,10119589900,104912045900,2940.1916,3036.8147,2935.8295,2964.8421
145540000,3035.0785,5406300,60872800,10124996200,104972918700,2940.1916,3036.8147,2935.8295,2964.8421
145545000,3035.0429,5199300,44311800,10130195500,105017230500,2940.1916,3036.8147,2935.8295,2964.8421
145549000,3035.5732,4641300,52450100,10134836800,105069680600,2940.1916,3036.8147,2935.8295,2964.8421
145555000,3035.3102,6767800,68806400,10141604600,105138487000,2940.1916,3036.8147,2935.8295,2964.8421
145600000,3035.3328,6517800,79671900,10148122400,105218158900,2940.1916,3036.8147,2935.8295,2964.8421
145604000,3035.2818,3457700,32591900,10151580100,105250750800,2940.1916,3036.8147,2935.8295,2964.8421
145610000,3035.338,5656000,53517700,10157236100,105304268500,2940.1916,3036.8147,2935.8295,2964.8421
145615000,3035.0447,4465300,48490900,10161701400,105352759400,2940.1916,3036.8147,2935.8295,2964.8421
145619000,3035.1658,5949800,62216300,10167651200,105414975700,2940.1916,3036.8147,2935.8295,2964.8421
145625000,3035.4344,6064400,64034000,10173715600,105479009700,2940.1916,3036.8147,2935.8295,2964.8421
145630000,3035.4292,7077300,80691900,10180792900,105559701600,2940.1916,3036.8147,2935.8295,2964.8421
145634000,3035.5187,3810700,42317400,10184603600,105602019000,2940.1916,3036.8147,2935.8295,2964.8421
145640000,3035.505,5996400,64153500,10190600000,105666172500,2940.1916,3036.8147,2935.8295,2964.8421
145645000,3035.8189,5456500,58756500,10196056500,105724929000,2940.1916,3036.8147,2935.8295,2964.8421
145649000,3035.7933,6690400,67213000,10202746900,105792142000,2940.1916,3036.8147,2935.8295,2964.8421
145655000,3035.7596,5990200,65453900,10208737100,105857595900,2940.1916,3036.8147,2935.8295,2964.8421
145659000,3035.7392,4839400,51585600,10213576500,105909181500,2940.1916,3036.8147,2935.8295,2964.8421
145704000,3035.9837,1035900,9806100,10214612400,105918987600,2940.1916,3036.8147,2935.8295,2964.8421
150000000,3035.9837,4408500,50291200,10219020900,105969278800,2940.1916,3036.8147,2935.8295,2964.8421
150003000,3035.9772,104218100,1121996200,10323239000,107091275000,2940.1916,3036.8147,2935.8295,2964.8421
150012000,3035.8741,8658200,49762100,10331897200,107141037100,2940.1916,3036.8147,2935.8295,2964.8421
