Time,Price,Volume,Turnover,AccVolume,AccTurnover,Open,High,Low,PreClose
92513000,3203.1189,82114900,807462800,82114900,807462800,0.0,0.0,0.0,3184.4696
92518000,3203.1189,0,0,82114900,807462800,3203.1189,3203.1189,3203.1189,3184.4696
93003000,3204.2399,29744400,279379100,111859300,1086841900,3203.1189,3204.2399,3203.1189,3184.4696
93008000,3205.4294,88546100,834643400,200405400,1921485300,3203.1189,3205.4294,3203.1189,3184.4696
93013000,3205.9123,9840300,84608000,210245700,2006093300,3203.1189,3206.115,3203.1189,3184.4696
93018000,3206.4876,9881100,115334000,220126800,2121427300,3203.1189,3206.4876,3203.1189,3184.4696
93023000,3206.3736,8624200,88026400,228751000,2209453700,3203.1189,3206.4876,3203.1189,3184.4696
93028000,3206.4888,8649600,117968100,237400600,2327421800,3203.1189,3206.4888,3203.1189,3184.4696
93033000,3207.2113,9756600,112792600,247157200,2440214400,3203.1189,3207.2113,3203.1189,3184.4696
93038000,3207.6138,12556800,137218900,259714000,2577433300,3203.1189,3207.6138,3203.1189,3184.4696
93043000,3207.5139,7818900,89055000,267532900,2666488300,3203.1189,3207.7092,3203.1189,3184.4696
93048000,3207.4609,10608900,109092200,278141800,2775580500,3203.1189,3207.8292,3203.1189,3184.4696
93053000,3208.2451,9663600,96531000,287805400,2872111500,3203.1189,3208.2451,3203.1189,3184.4696
93058000,3208.5807,9611800,114012500,297417200,2986124000,3203.1189,3208.5807,3203.1189,3184.4696
93103000,3209.2304,10279300,117059200,307696500,3103183200,3203.1189,3209.2304,3203.1189,3184.4696
93108000,3209.3745,14490400,131731300,322186900,3234914500,3203.1189,3209.4076,3203.1189,3184.4696
93113000,3209.5443,10004100,91115700,332191000,3326030200,3203.1189,3209.5443,3203.1189,3184.4696
93118000,3209.4539,9202100,111387300,341393100,3437417500,3203.1189,3209.5825,3203.1189,3184.4696
93123000,3209.918,9502100,88874200,350895200,3526291700,3203.1189,3209.918,3203.1189,3184.4696
93128000,3209.9807,12094400,124459700,362989600,3650751400,3203.1189,3209.9807,3203.1189,3184.4696
93133000,3209.6685,11147900,127013400,374137500,3777764800,3203.1189,3209.9807,3203.1189,3184.4696
93138000,3209.6593,10734500,121574500,384872000,3899339300,3203.1189,3209.9807,3203.1189,3184.4696
93143000,3209.3308,6245600,74924900,391117600,3974264200,3203.1189,3209.9807,3203.1189,3184.4696
93148000,3209.2428,11570700,116320900,402688300,4090585100,3203.1189,3209.9807,3203.1189,3184.4696
93153000,3209.4275,8718400,96850700,411406700,4187435800,3203.1189,3209.9807,3203.1189,3184.4696
93158000,3209.4928,8899700,97004400,420306400,4284440200,3203.1189,3209.9807,3203.1189,3184.4696
93203000,3209.0069,12191500,129529700,432497900,4413969900,3203.1189,3209.9807,3203.1189,3184.4696
93208000,3208.9705,11959300,143018600,444457200,4556988500,3203.1189,3209.9807,3203.1189,3184.4696
93213000,3208.7835,6691100,96368600,451148300,4653357100,3203.1189,3209.9807,3203.1189,3184.4696
93218000,3209.0432,9287500,113301300,460435800,4766658400,3203.1189,3209.9807,3203.1189,3184.4696
93223000,3208.3549,8706700,96593000,469142500,4863251400,3203.1189,3209.9807,3203.1189,3184.4696
93228000,3208.2907,8179200,91899100,477321700,4955150500,3203.1189,3209.9807,3203.1189,3184.4696
93233000,3208.4596,9604600,114847500,486926300,5069998000,3203.1189,3209.9807,3203.1189,3184.4696
93238000,3208.0399,10486700,119926300,497413000,5189924300,3203.1189,3209.9807,3203.1189,3184.4696
93243000,3207.7218,5684400,71346700,503097400,5261271000,3203.1189,3209.9807,3203.1189,3184.4696
93248000,3207.2755,9220200,104846800,512317600,5366117800,3203.1189,3209.9807,3203.1189,3184.4696
93253000,3207.0685,10149800,109445300,522467400,5475563100,3203.1189,3209.9807,3203.1189,3184.4696
93258000,3206.6145,8458300,96876600,530925700,5572439700,3203.1189,3209.9807,3203.1189,3184.4696
93303000,3206.8049,9495300,110663300,540421000,5683103000,3203.1189,3209.9807,3203.1189,3184.4696
93308000,3205.8739,10314500,123024500,550735500,5806127500,3203.1189,3209.9807,3203.1189,3184.4696
93313000,3205.8284,6033100,72744500,556768600,5878872000,3203.1189,3209.9807,3203.1189,3184.4696
93318000,3205.4264,9621000,104349900,566389600,5983221900,3203.1189,3209.9807,3203.1189,3184.4696
93323000,3205.0068,7322600,77790600,573712200,6061012500,3203.1189,3209.9807,3203.1189,3184.4696
93328000,3204.7072,7168300,82884500,580880500,6143897000,3203.1189,3209.9807,3203.1189,3184.4696
93333000,3204.3138,7914700,91302000,588795200,6235199000,3203.1189,3209.9807,3203.1189,3184.4696
93338000,3204.6848,10400300,108218900,599195500,6343417900,3203.1189,3209.9807,3203.1189,3184.4696
93343000,3205.578,7393500,80917200,606589000,6424335100,3203.1189,3209.9807,3203.1189,3184.4696
93348000,3206.1584,10501700,116001100,617090700,6540336200,3203.1189,3209.9807,3203.1189,3184.4696
93353000,3206.8365,12534000,127846500,629624700,6668182700,3203.1189,3209.9807,3203.1189,3184.4696
93358000,3207.659,10710300,137037700,640335000,6805220400,3203.1189,3209.9807,3203.1189,3184.4696
93403000,3207.8266,10891100,133345300,651226100,6938565700,3203.1189,3209.9807,3203.1189,3184.4696
93408000,3208.4582,9070400,108841700,660296500,7047407400,3203.1189,3209.9807,3203.1189,3184.4696
93413000,3208.7737,7426200,78762200,667722700,7126169600,3203.1189,3209.9807,3203.1189,3184.4696
93418000,3208.5022,7842000,104459100,675564700,7230628700,3203.1189,3209.9807,3203.1189,3184.4696
93423000,3208.9855,6853100,88635700,682417800,7319264400,3203.1189,3209.9807,3203.1189,3184.4696
93428000,3209.3853,9652700,116700200,692070500,7435964600,3203.1189,3209.9807,3203.1189,3184.4696
93433000,3210.8449,10694500,145198800,702765000,7581163400,3203.1189,3210.8449,3203.1189,3184.4696
93438000,3210.6138,10289600,128106900,713054600,7709270300,3203.1189,3210.8449,3203.1189,3184.4696
93443000,3211.8707,4887600,71851000,717942200,7781121300,3203.1189,3211.8707,3203.1189,3184.4696
93448000,3212.2696,7806700,97163300,725748900,7878284600,3203.1189,3212.2696,3203.1189,3184.4696
93453000,3213.1128,7490800,88030200,733239700,7966314800,3203.1189,3213.1128,3203.1189,3184.4696
93458000,3213.5869,8871700,122310400,742111400,8088625200,3203.1189,3213.5869,3203.1189,3184.4696
93503000,3214.6135,10410400,122196900,752521800,8210822100,3203.1189,3214.6135,3203.1189,3184.4696
93508000,3215.935,11092400,130369100,763614200,8341191200,3203.1189,3215.935,3203.1189,3184.4696
93513000,3216.5083,9506900,110258000,773121100,8451449200,3203.1189,3216.5083,3203.1189,3184.4696
93518000,3217.4405,14469300,157160700,787590400,8608609900,3203.1189,3217.4405,3203.1189,3184.4696
93523000,3218.4649,10672600,115829900,798263000,8724439800,3203.1189,3218.4649,3203.1189,3184.4696
93528000,3219.0194,8954800,109217500,807217800,8833657300,3203.1189,3219.0194,3203.1189,3184.4696
93533000,3219.7992,10284600,126441600,817502400,8960098900,3203.1189,3219.7992,3203.1189,3184.4696
93538000,3219.9562,8434700,113317000,825937100,9073415900,3203.1189,3219.9562,3203.1189,3184.4696
93543000,3220.3532,8010400,96095700,833947500,9169511600,3203.1189,3220.4643,3203.1189,3184.4696
93548000,3220.3358,9044200,101084600,842991700,9270596200,3203.1189,3220.4896,3203.1189,3184.4696
93553000,3220.3295,7573300,98175500,850565000,9368771700,3203.1189,3220.5966,3203.1189,3184.4696
93558000,3220.9879,7523400,104947900,858088400,9473719600,3203.1189,3221.144,3203.1189,3184.4696
93603000,3221.3854,8243900,100715400,866332300,9574435000,3203.1189,3221.3854,3203.1189,3184.4696
93608000,3222.2435,11411700,117475100,877744000,9691910100,3203.1189,3222.2435,3203.1189,3184.4696
93613000,3222.2831,9529000,95794200,887273000,9787704300,3203.1189,3222.2831,3203.1189,3184.4696
93618000,3222.0242,10032100,112181600,897305100,9899885900,3203.1189,3222.2831,3203.1189,3184.4696
93623000,3221.7683,8383700,102919300,905688800,10002805200,3203.1189,3222.2831,3203.1189,3184.4696
93628000,3221.5508,8797000,109096900,914485800,10111902100,3203.1189,3222.2831,3203.1189,3184.4696
93633000,3221.0543,9003300,107308100,923489100,10219210200,3203.1189,3222.2831,3203.1189,3184.4696
93638000,3221.6769,10010600,111340400,933499700,10330550600,3203.1189,3222.2831,3203.1189,3184.4696
93643000,3221.2119,6812500,71002900,940312200,10401553500,3203.1189,3222.2831,3203.1189,3184.4696
93648000,3221.2093,10314800,115548900,950627000,10517102400,3203.1189,3222.2831,3203.1189,3184.4696
93653000,3220.9402,5648000,71599900,956275000,10588702300,3203.1189,3222.2831,3203.1189,3184.4696
93658000,3220.4834,8952800,90574000,965227800,10679276300,3203.1189,3222.2831,3203.1189,3184.4696
93703000,3220.4688,8114700,122732900,973342500,10802009200,3203.1189,3222.2831,3203.1189,3184.4696
93708000,3220.1105,7259500,92059300,980602000,10894068500,3203.1189,3222.2831,3203.1189,3184.4696
93713000,3219.3336,5126700,66793400,985728700,10960861900,3203.1189,3222.2831,3203.1189,3184.4696
93718000,3219.7048,9230400,94159700,994959100,11055021600,3203.1189,3222.2831,3203.1189,3184.4696
93723000,3219.2545,5374400,72019100,1000333500,11127040700,3203.1189,3222.2831,3203.1189,3184.4696
93728000,3218.9929,6777500,83788900,1007111000,11210829600,3203.1189,3222.2831,3203.1189,3184.4696
93733000,3218.7667,7601100,93930300,1014712100,11304759900,3203.1189,3222.2831,3203.1189,3184.4696
93738000,3218.6922,7567500,88907200,1022279600,11393667100,3203.1189,3222.2831,3203.1189,3184.4696
93743000,3218.7204,7912300,82429300,1030191900,11476096400,3203.1189,3222.2831,3203.1189,3184.4696
93748000,3218.3243,9428100,107813700,1039620000,11583910100,3203.1189,3222.2831,3203.1189,3184.4696
93753000,3217.9795,5493000,73196200,1045113000,11657106300,3203.1189,3222.2831,3203.1189,3184.4696
93758000,3217.7978,7091100,92180100,1052204100,11749286400,3203.1189,3222.2831,3203.1189,3184.4696
93803000,3217.7077,6553100,78769600,1058757200,11828056000,3203.1189,3222.2831,3203.1189,3184.4696
93808000,3217.3063,7062700,91191500,1065819900,11919247500,3203.1189,3222.2831,3203.1189,3184.4696
93813000,3216.5893,4942600,55850900,1070762500,11975098400,3203.1189,3222.2831,3203.1189,3184.4696
93818000,3216.3297,8628800,102167000,1079391300,12077265400,3203.1189,3222.2831,3203.1189,3184.4696
93823000,3215.9842,5229900,67213600,1084621200,12144479000,3203.1189,3222.2831,3203.1189,3184.4696
93828000,3215.0594,6087200,82446000,1090708400,12226925000,3203.1189,3222.2831,3203.1189,3184.4696
93833000,3215.1183,7132900,90515100,1097841300,12317440100,3203.1189,3222.2831,3203.1189,3184.4696
93838000,3214.9027,6673100,100881700,1104514400,12418321800,3203.1189,3222.2831,3203.1189,3184.4696
93843000,3214.407,5054400,53726100,1109568800,12472047900,3203.1189,3222.2831,3203.1189,3184.4696
93848000,3214.7895,6893200,78453000,1116462000,12550500900,3203.1189,3222.2831,3203.1189,3184.4696
93853000,3214.6384,5056800,63565300,1121518800,12614066200,3203.1189,3222.2831,3203.1189,3184.4696
93858000,3214.0942,6036500,71822700,1127555300,12685888900,3203.1189,3222.2831,3203.1189,3184.4696
93903000,3213.8771,7878600,82033800,1135433900,12767922700,3203.1189,3222.2831,3203.1189,3184.4696
93908000,3213.7171,7558800,95259800,1142992700,12863182500,3203.1189,3222.2831,3203.1189,3184.4696
93913000,3213.6693,4966800,62433600,1147959500,12925616100,3203.1189,3222.2831,3203.1189,3184.4696
93918000,3214.4496,6290000,83403100,1154249500,13009019200,3203.1189,3222.2831,3203.1189,3184.4696
93923000,3214.5387,7173900,76835700,1161423400,13085854900,3203.1189,3222.2831,3203.1189,3184.4696
93928000,3215.1106,7481300,94516600,1168904700,13180371500,3203.1189,3222.2831,3203.1189,3184.4696
93933000,3215.8378,7722300,102145900,1176627000,13282517400,3203.1189,3222.2831,3203.1189,3184.4696
93938000,3216.366,8224800,98161100,1184851800,13380678500,3203.1189,3222.2831,3203.1189,3184.4696
93943000,3216.9276,6107300,68166500,1190959100,13448845000,3203.1189,3222.2831,3203.1189,3184.4696
93948000,3216.5619,6945300,83886500,1197904400,13532731500,3203.1189,3222.2831,3203.1189,3184.4696
93953000,3216.645,7854400,82058900,1205758800,13614790400,3203.1189,3222.2831,3203.1189,3184.4696
93958000,3216.5918,5983400,71962200,1211742200,13686752600,3203.1189,3222.2831,3203.1189,3184.4696
94003000,3216.9781,5774900,74233000,1217517100,13760985600,3203.1189,3222.2831,3203.1189,3184.4696
94008000,3217.2424,6414900,81149500,1223932000,13842135100,3203.1189,3222.2831,3203.1189,3184.4696
94013000,3216.9009,4173300,56401200,1228105300,13898536300,3203.1189,3222.2831,3203.1189,3184.4696
94018000,3217.1076,5947500,79180300,1234052800,13977716600,3203.1189,3222.2831,3203.1189,3184.4696
94023000,3216.5512,6320500,76408800,1240373300,14054125400,3203.1189,3222.2831,3203.1189,3184.4696
94028000,3216.6248,6786500,94504100,1247159800,14148629500,3203.1189,3222.2831,3203.1189,3184.4696
94033000,3216.0916,6467700,79124500,1253627500,14227754000,3203.1189,3222.2831,3203.1189,3184.4696
94038000,3216.0731,7223500,84822300,1260851000,14312576300,3203.1189,3222.2831,3203.1189,3184.4696
94043000,3215.9766,8040800,74936400,1268891800,14387512700,3203.1189,3222.2831,3203.1189,3184.4696
94048000,3216.0395,8891100,87918600,1277782900,14475431300,3203.1189,3222.2831,3203.1189,3184.4696
94053000,3216.3829,5008900,66455800,1282791800,14541887100,3203.1189,3222.2831,3203.1189,3184.4696
94058000,3215.9241,6514400,85165900,1289306200,14627053000,3203.1189,3222.2831,3203.1189,3184.4696
94103000,3215.5819,6732000,79971900,1296038200,14707024900,3203.1189,3222.2831,3203.1189,3184.4696
94108000,3215.393,7613600,90620800,1303651800,14797645700,3203.1189,3222.2831,3203.1189,3184.4696
94113000,3215.0468,4354300,57684400,1308006100,14855330100,3203.1189,3222.2831,3203.1189,3184.4696
94118000,3215.0672,6178500,71042200,1314184600,14926372300,3203.1189,3222.2831,3203.1189,3184.4696
94123000,3215.1374,6335300,74703400,1320519900,15001075700,3203.1189,3222.2831,3203.1189,3184.4696
94128000,3215.0521,5418700,68438600,1325938600,15069514300,3203.1189,3222.2831,3203.1189,3184.4696
94133000,3214.4416,5730300,76741200,1331668900,15146255500,3203.1189,3222.2831,3203.1189,3184.4696
94138000,3214.1527,7382700,86344700,1339051600,15232600200,3203.1189,3222.2831,3203.1189,3184.4696
94143000,3213.6336,3340400,46897600,1342392000,15279497800,3203.1189,3222.2831,3203.1189,3184.4696
94148000,3213.7273,9385900,93076400,1351777900,15372574200,3203.1189,3222.2831,3203.1189,3184.4696
94153000,3213.4211,6525300,61234100,1358303200,15433808300,3203.1189,3222.2831,3203.1189,3184.4696
94158000,3213.014,6366800,82392900,1364670000,15516201200,3203.1189,3222.2831,3203.1189,3184.4696
94203000,3213.2796,6365800,79318600,1371035800,15595519800,3203.1189,3222.2831,3203.1189,3184.4696
94208000,3212.8393,8404500,90499300,1379440300,15686019100,3203.1189,3222.2831,3203.1189,3184.4696
94213000,3213.19,4712200,59878700,1384152500,15745897800,3203.1189,3222.2831,3203.1189,3184.4696
94218000,3212.7509,6869700,71165500,1391022200,15817063300,3203.1189,3222.2831,3203.1189,3184.4696
94223000,3212.8142,15215900,102552600,1406238100,15919615900,3203.1189,3222.2831,3203.1189,3184.4696
94228000,3212.6952,6633100,73569100,1412871200,15993185000,3203.1189,3222.2831,3203.1189,3184.4696
94233000,3213.3384,7487900,79101900,1420359100,16072286900,3203.1189,3222.2831,3203.1189,3184.4696
94238000,3213.9052,9604000,110464900,1429963100,16182751800,3203.1189,3222.2831,3203.1189,3184.4696
94243000,3214.8253,5416400,77086200,1435379500,16259838000,3203.1189,3222.2831,3203.1189,3184.4696
94248000,3215.0256,9783500,107540200,1445163000,16367378200,3203.1189,3222.2831,3203.1189,3184.4696
94253000,3214.6317,5555900,60067000,1450718900,16427445200,3203.1189,3222.2831,3203.1189,3184.4696
94258000,3214.2516,7458400,82740400,1458177300,16510185600,3203.1189,3222.2831,3203.1189,3184.4696
94303000,3213.9858,7541900,87008400,1465719200,16597194000,3203.1189,3222.2831,3203.1189,3184.4696
94308000,3214.128,6613700,85605100,1472332900,16682799100,3203.1189,3222.2831,3203.1189,3184.4696
94313000,3213.6968,3536600,45443800,1475869500,16728242900,3203.1189,3222.2831,3203.1189,3184.4696
94318000,3213.5637,3749600,53846800,1479619100,16782089700,3203.1189,3222.2831,3203.1189,3184.4696
94323000,3213.2073,5148500,57779300,1484767600,16839869000,3203.1189,3222.2831,3203.1189,3184.4696
94328000,3213.4434,5470900,74834600,1490238500,16914703600,3203.1189,3222.2831,3203.1189,3184.4696
94333000,3213.2316,6016800,70121000,1496255300,16984824600,3203.1189,3222.2831,3203.1189,3184.4696
94338000,3213.1785,5110200,76733800,1501365500,17061558400,3203.1189,3222.2831,3203.1189,3184.4696
94343000,3213.4601,5123600,65716400,1506489100,17127274800,3203.1189,3222.2831,3203.1189,3184.4696
94348000,3213.0779,7016900,86060400,1513506000,17213335200,3203.1189,3222.2831,3203.1189,3184.4696
94353000,3213.6293,4530400,62210500,1518036400,17275545700,3203.1189,3222.2831,3203.1189,3184.4696
94358000,3213.4591,5053000,66547500,1523089400,17342093200,3203.1189,3222.2831,3203.1189,3184.4696
94403000,3213.5956,7205700,78808700,1530295100,17420901900,3203.1189,3222.2831,3203.1189,3184.4696
94408000,3213.4796,7050200,85469200,1537345300,17506371100,3203.1189,3222.2831,3203.1189,3184.4696
94413000,3214.3581,4478400,58243400,1541823700,17564614500,3203.1189,3222.2831,3203.1189,3184.4696
94418000,3214.6889,8921300,96981300,1550745000,17661595800,3203.1189,3222.2831,3203.1189,3184.4696
94423000,3214.6018,7586500,73513800,1558331500,17735109600,3203.1189,3222.2831,3203.1189,3184.4696
94428000,3214.9413,5312200,71688900,1563643700,17806798500,3203.1189,3222.2831,3203.1189,3184.4696
94433000,3215.0569,6613400,84917500,1570257100,17891716000,3203.1189,3222.2831,3203.1189,3184.4696
94438000,3215.2558,7143600,86742900,1577400700,17978458900,3203.1189,3222.2831,3203.1189,3184.4696
94443000,3215.2592,3143200,41689700,1580543900,18020148600,3203.1189,3222.2831,3203.1189,3184.4696
94448000,3215.4864,5642600,74709900,1586186500,18094858500,3203.1189,3222.2831,3203.1189,3184.4696
94453000,3215.3451,3873000,47184300,1590059500,18142042800,3203.1189,3222.2831,3203.1189,3184.4696
94458000,3215.414,4598900,62288200,1594658400,18204331000,3203.1189,3222.2831,3203.1189,3184.4696
94503000,3214.9516,4399400,59614500,1599057800,18263945500,3203.1189,3222.2831,3203.1189,3184.4696
94508000,3215.0458,5304600,79603600,1604362400,18343549100,3203.1189,3222.2831,3203.1189,3184.4696
94513000,3215.665,3226000,44593400,1607588400,18388142500,3203.1189,3222.2831,3203.1189,3184.4696
94518000,3215.849,5736600,71219800,1613325000,18459362300,3203.1189,3222.2831,3203.1189,3184.4696
94523000,3215.5765,3900400,50908700,1617225400,18510271000,3203.1189,3222.2831,3203.1189,3184.4696
94528000,3215.7317,4439000,61505600,1621664400,18571776600,3203.1189,3222.2831,3203.1189,3184.4696
94533000,3215.8149,6881700,69414800,1628546100,18641191400,3203.1189,3222.2831,3203.1189,3184.4696
94538000,3215.7781,6508600,77946400,1635054700,18719137800,3203.1189,3222.2831,3203.1189,3184.4696
94543000,3216.0635,3097600,41138200,1638152300,18760276000,3203.1189,3222.2831,3203.1189,3184.4696
94548000,3216.1415,5100100,57261600,1643252400,18817537600,3203.1189,3222.2831,3203.1189,3184.4696
94553000,3215.9085,4447500,52943700,1647699900,18870481300,3203.1189,3222.2831,3203.1189,3184.4696
94558000,3215.642,6147400,69972600,1653847300,18940453900,3203.1189,3222.2831,3203.1189,3184.4696
94603000,3215.7756,5085700,70929900,1658933000,19011383800,3203.1189,3222.2831,3203.1189,3184.4696
94608000,3215.7391,4629700,56274700,1663562700,19067658500,3203.1189,3222.2831,3203.1189,3184.4696
94613000,3215.8645,2696100,51435400,1666258800,19119093900,3203.1189,3222.2831,3203.1189,3184.4696
94618000,3216.0945,6074100,75349100,1672332900,19194443000,3203.1189,3222.2831,3203.1189,3184.4696
94623000,3215.5199,5166400,63072400,1677499300,19257515400,3203.1189,3222.2831,3203.1189,3184.4696
94628000,3215.675,4313800,60954700,1681813100,19318470100,3203.1189,3222.2831,3203.1189,3184.4696
94633000,3214.2302,6154500,75369400,1687967600,19393839500,3203.1189,3222.2831,3203.1189,3184.4696
94638000,3213.8194,8445100,98685500,1696412700,19492525000,3203.1189,3222.2831,3203.1189,3184.4696
94643000,3213.1015,4945200,59338800,1701357900,19551863800,3203.1189,3222.2831,3203.1189,3184.4696
94648000,3212.5859,8648600,108229500,1710006500,19660093300,3203.1189,3222.2831,3203.1189,3184.4696
94653000,3211.6956,5420300,63889000,1715426800,19723982300,3203.1189,3222.2831,3203.1189,3184.4696
94658000,3211.887,5647500,73464700,1721074300,19797447000,3203.1189,3222.2831,3203.1189,3184.4696
94703000,3211.6867,10498100,115984500,1731572400,19913431500,3203.1189,3222.2831,3203.1189,3184.4696
94708000,3211.6237,6234600,92174200,1737807000,20005605700,3203.1189,3222.2831,3203.1189,3184.4696
94713000,3211.797,5550600,56620500,1743357600,20062226200,3203.1189,3222.2831,3203.1189,3184.4696
94718000,3211.9286,7017000,66733100,1750374600,20128959300,3203.1189,3222.2831,3203.1189,3184.4696
94723000,3211.9002,5205100,61895800,1755579700,20190855100,3203.1189,3222.2831,3203.1189,3184.4696
94728000,3211.7716,3454800,49168400,1759034500,20240023500,3203.1189,3222.2831,3203.1189,3184.4696
94733000,3211.6034,6209500,67704200,1765244000,20307727700,3203.1189,3222.2831,3203.1189,3184.4696
94738000,3211.414,5201300,59600800,1770445300,20367328500,3203.1189,3222.2831,3203.1189,3184.4696
94743000,3211.0916,5167000,57132200,1775612300,20424460700,3203.1189,3222.2831,3203.1189,3184.4696
94748000,3211.1786,5565300,78632800,1781177600,20503093500,3203.1189,3222.2831,3203.1189,3184.4696
94753000,3211.1066,4350100,62073400,1785527700,20565166900,3203.1189,3222.2831,3203.1189,3184.4696
94758000,3210.879,4581400,58323600,1790109100,20623490500,3203.1189,3222.2831,3203.1189,3184.4696
94803000,3210.0423,6005300,70837300,1796114400,20694327800,3203.1189,3222.2831,3203.1189,3184.4696
94808000,3210.6999,5664300,63802300,1801778700,20758130100,3203.1189,3222.2831,3203.1189,3184.4696
94813000,3210.6457,3086600,44239000,1804865300,20802369100,3203.1189,3222.2831,3203.1189,3184.4696
94818000,3210.7241,5795600,61332000,1810660900,20863701100,3203.1189,3222.2831,3203.1189,3184.4696
94823000,3210.2434,3231600,38205000,1813892500,20901906100,3203.1189,3222.2831,3203.1189,3184.4696
94828000,3210.5427,3214900,45472000,1817107400,20947378100,3203.1189,3222.2831,3203.1189,3184.4696
94833000,3210.1091,4514100,52747300,1821621500,21000125400,3203.1189,3222.2831,3203.1189,3184.4696
94838000,3210.3078,4130900,56712700,1825752400,21056838100,3203.1189,3222.2831,3203.1189,3184.4696
94843000,3209.62,3461500,41836700,1829213900,21098674800,3203.1189,3222.2831,3203.1189,3184.4696
94848000,3209.604,4283800,56424900,1833497700,21155099700,3203.1189,3222.2831,3203.1189,3184.4696
94853000,3209.6379,4110900,40877600,1837608600,21195977300,3203.1189,3222.2831,3203.1189,3184.4696
94858000,3209.4118,4096300,50514500,1841704900,21246491800,3203.1189,3222.2831,3203.1189,3184.4696
94903000,3209.1389,5895000,69694900,1847599900,21316186700,3203.1189,3222.2831,3203.1189,3184.4696
94908000,3209.2088,5901300,63821100,1853501200,21380007800,3203.1189,3222.2831,3203.1189,3184.4696
94913000,3209.5292,2222300,28204200,1855723500,21408212000,3203.1189,3222.2831,3203.1189,3184.4696
94918000,3209.1362,5693600,53634900,1861417100,21461846900,3203.1189,3222.2831,3203.1189,3184.4696
94923000,3209.3044,4240600,38956700,1865657700,21500803600,3203.1189,3222.2831,3203.1189,3184.4696
94928000,3209.2153,3142700,42784600,1868800400,21543588200,3203.1189,3222.2831,3203.1189,3184.4696
94933000,3209.7797,4785100,64814800,1873585500,21608403000,3203.1189,3222.2831,3203.1189,3184.4696
94938000,3209.7576,4088100,48333400,1877673600,21656736400,3203.1189,3222.2831,3203.1189,3184.4696
94943000,3210.013,4272400,41381700,1881946000,21698118100,3203.1189,3222.2831,3203.1189,3184.4696
94948000,3209.8478,4799100,56047200,1886745100,21754165300,3203.1189,3222.2831,3203.1189,3184.4696
94953000,3209.7852,7594600,54207000,1894339700,21808372300,3203.1189,3222.2831,3203.1189,3184.4696
94958000,3209.7858,3822200,50660500,1898161900,21859032800,3203.1189,3222.2831,3203.1189,3184.4696
95003000,3209.8771,6141700,87414800,1904303600,21946447600,3203.1189,3222.2831,3203.1189,3184.4696
95008000,3210.6188,5694000,74103600,1909997600,22020551200,3203.1189,3222.2831,3203.1189,3184.4696
95013000,3210.6655,4598300,49371800,1914595900,22069923000,3203.1189,3222.2831,3203.1189,3184.4696
95018000,3210.9234,9543600,90921500,1924139500,22160844500,3203.1189,3222.2831,3203.1189,3184.4696
95023000,3212.1218,10692000,104174600,1934831500,22265019100,3203.1189,3222.2831,3203.1189,3184.4696
95028000,3212.4631,7244300,86707000,1942075800,22351726100,3203.1189,3222.2831,3203.1189,3184.4696
95033000,3212.9486,10378500,107573900,1952454300,22459300000,3203.1189,3222.2831,3203.1189,3184.4696
95038000,3212.8384,6748900,66907500,1959203200,22526207500,3203.1189,3222.2831,3203.1189,3184.4696
95043000,3213.4405,3358400,41257500,1962561600,22567465000,3203.1189,3222.2831,3203.1189,3184.4696
95048000,3213.3834,4359800,69168000,1966921400,22636633000,3203.1189,3222.2831,3203.1189,3184.4696
95053000,3213.9144,5758200,53201900,1972679600,22689834900,3203.1189,3222.2831,3203.1189,3184.4696
95058000,3213.9419,5454100,72551200,1978133700,22762386100,3203.1189,3222.2831,3203.1189,3184.4696
95103000,3214.1243,6322500,79104100,1984456200,22841490200,3203.1189,3222.2831,3203.1189,3184.4696
95108000,3214.1039,6346300,67089800,1990802500,22908580000,3203.1189,3222.2831,3203.1189,3184.4696
95113000,3214.0839,3133100,57715800,1993935600,22966295800,3203.1189,3222.2831,3203.1189,3184.4696
95118000,3214.1836,5847500,69699400,1999783100,23035995200,3203.1189,3222.2831,3203.1189,3184.4696
95123000,3214.6364,4534600,52490300,2004317700,23088485500,3203.1189,3222.2831,3203.1189,3184.4696
95128000,3214.7731,3979700,63136200,2008297400,23151621700,3203.1189,3222.2831,3203.1189,3184.4696
95133000,3214.7433,4923300,62889800,2013220700,23214511500,3203.1189,3222.2831,3203.1189,3184.4696
95138000,3214.8774,4936700,72247400,2018157400,23286758900,3203.1189,3222.2831,3203.1189,3184.4696
95143000,3215.1267,3150200,40067400,2021307600,23326826300,3203.1189,3222.2831,3203.1189,3184.4696
95148000,3215.4312,6768700,89640300,2028076300,23416466600,3203.1189,3222.2831,3203.1189,3184.4696
95153000,3215.7556,6764700,69828200,2034841000,23486294800,3203.1189,3222.2831,3203.1189,3184.4696
95158000,3216.3303,5103500,70743600,2039944500,23557038400,3203.1189,3222.2831,3203.1189,3184.4696
95203000,3216.5354,6182400,74523400,2046126900,23631561800,3203.1189,3222.2831,3203.1189,3184.4696
95208000,3216.8379,6400100,73041200,2052527000,23704603000,3203.1189,3222.2831,3203.1189,3184.4696
95213000,3216.7304,3268500,48664500,2055795500,23753267500,3203.1189,3222.2831,3203.1189,3184.4696
95218000,3217.6893,7014600,76650900,2062810100,23829918400,3203.1189,3222.2831,3203.1189,3184.4696
95223000,3217.5747,4289000,58116800,2067099100,23888035200,3203.1189,3222.2831,3203.1189,3184.4696
95228000,3217.7563,4036600,54008300,2071135700,23942043500,3203.1189,3222.2831,3203.1189,3184.4696
95233000,3217.553,5008200,60387700,2076143900,24002431200,3203.1189,3222.2831,3203.1189,3184.4696
95238000,3218.3444,6390000,76101300,2082533900,24078532500,3203.1189,3222.2831,3203.1189,3184.4696
95243000,3218.4466,2699700,40927400,2085233600,24119459900,3203.1189,3222.2831,3203.1189,3184.4696
95248000,3218.7419,4660900,74518900,2089894500,24193978800,3203.1189,3222.2831,3203.1189,3184.4696
95253000,3219.4191,4883500,58385100,2094778000,24252363900,3203.1189,3222.2831,3203.1189,3184.4696
95258000,3219.7635,6778900,90656100,2101556900,24343020000,3203.1189,3222.2831,3203.1189,3184.4696
95303000,3220.0014,7180200,91067500,2108737100,24434087500,3203.1189,3222.2831,3203.1189,3184.4696
95308000,3221.3212,9501800,113668800,2118238900,24547756300,3203.1189,3222.2831,3203.1189,3184.4696
95313000,3220.7424,3849700,52862100,2122088600,24600618400,3203.1189,3222.2831,3203.1189,3184.4696
95318000,3221.4003,7472400,89172800,2129561000,24689791200,3203.1189,3222.2831,3203.1189,3184.4696
95323000,3221.1331,4677900,52901700,2134238900,24742692900,3203.1189,3222.2831,3203.1189,3184.4696
95328000,3221.3592,4561600,57649500,2138800500,24800342400,3203.1189,3222.2831,3203.1189,3184.4696
95333000,3221.1424,4781900,69222900,2143582400,24869565300,3203.1189,3222.2831,3203.1189,3184.4696
95338000,3221.5411,6857800,87485300,2150440200,24957050600,3203.1189,3222.2831,3203.1189,3184.4696
95343000,3221.8128,3250700,37534700,2153690900,24994585300,3203.1189,3222.2831,3203.1189,3184.4696
95348000,3221.7421,5653100,72498800,2159344000,25067084100,3203.1189,3222.2831,3203.1189,3184.4696
95353000,3221.6177,4566000,56817300,2163910000,25123901400,3203.1189,3222.2831,3203.1189,3184.4696
95358000,3221.4938,5149700,60891100,2169059700,25184792500,3203.1189,3222.2831,3203.1189,3184.4696
95403000,3221.6809,6246000,77387500,2175305700,25262180000,3203.1189,3222.2831,3203.1189,3184.4696
95408000,3222.0221,4244700,70571900,2179550400,25332751900,3203.1189,3222.2831,3203.1189,3184.4696
95413000,3221.6898,2342100,39801500,2181892500,25372553400,3203.1189,3222.2831,3203.1189,3184.4696
95418000,3222.3791,6466500,89622700,2188359000,25462176100,3203.1189,3222.4444,3203.1189,3184.4696
95423000,3222.425,4090200,53525300,2192449200,25515701400,3203.1189,3222.4444,3203.1189,3184.4696
95428000,3222.3489,4002400,59926300,2196451600,25575627700,3203.1189,3222.4444,3203.1189,3184.4696
95433000,3221.7482,5429700,78927900,2201881300,25654555600,3203.1189,3222.4444,3203.1189,3184.4696
95438000,3222.424,5601700,58996000,2207483000,25713551600,3203.1189,3222.4529,3203.1189,3184.4696
95443000,3222.2832,3573400,43072500,2211056400,25756624100,3203.1189,3222.4529,3203.1189,3184.4696
95448000,3222.4665,5286100,66583800,2216342500,25823207900,3203.1189,3222.4665,3203.1189,3184.4696
95453000,3222.1952,3396100,42523400,2219738600,25865731300,3203.1189,3222.4665,3203.1189,3184.4696
95458000,3221.9213,4182300,57013500,2223920900,25922744800,3203.1189,3222.4665,3203.1189,3184.4696
95503000,3221.9118,5705600,67036600,2229626500,25989781400,3203.1189,3222.4665,3203.1189,3184.4696
95508000,3222.1945,4628900,55940800,2234255400,26045722200,3203.1189,3222.4665,3203.1189,3184.4696
95513000,3222.2389,2456100,34643700,2236711500,26080365900,3203.1189,3222.4665,3203.1189,3184.4696
95518000,3221.7367,4672400,64515500,2241383900,26144881400,3203.1189,3222.4665,3203.1189,3184.4696
95523000,3221.8853,3349800,45342100,2244733700,26190223500,3203.1189,3222.4665,3203.1189,3184.4696
95528000,3222.0264,3365100,55221300,2248098800,26245444800,3203.1189,3222.4665,3203.1189,3184.4696
95533000,3222.1188,4462900,58568800,2252561700,26304013600,3203.1189,3222.4665,3203.1189,3184.4696
95538000,3222.0309,5240500,65477500,2257802200,26369491100,3203.1189,3222.4665,3203.1189,3184.4696
95543000,3221.929,3065100,43392200,2260867300,26412883300,3203.1189,3222.4665,3203.1189,3184.4696
95548000,3221.953,5319100,51648400,2266186400,26464531700,3203.1189,3222.4665,3203.1189,3184.4696
95553000,3222.0187,4547000,46595100,2270733400,26511126800,3203.1189,3222.4665,3203.1189,3184.4696
95558000,3222.1794,4289300,49859000,2275022700,26560985800,3203.1189,3222.4665,3203.1189,3184.4696
95603000,3221.8515,4301900,57110500,2279324600,26618096300,3203.1189,3222.4665,3203.1189,3184.4696
95608000,3221.4229,4131300,55686100,2283455900,26673782400,3203.1189,3222.4665,3203.1189,3184.4696
95613000,3221.6573,2525300,29538700,2285981200,26703321100,3203.1189,3222.4665,3203.1189,3184.4696
95618000,3221.2607,4276200,53649700,2290257400,26756970800,3203.1189,3222.4665,3203.1189,3184.4696
95623000,3221.5657,3800900,40961700,2294058300,26797932500,3203.1189,3222.4665,3203.1189,3184.4696
95628000,3221.2926,3502200,54162700,2297560500,26852095200,3203.1189,3222.4665,3203.1189,3184.4696
95633000,3221.1364,4175000,58601300,2301735500,26910696500,3203.1189,3222.4665,3203.1189,3184.4696
95638000,3221.2401,4043600,52947500,2305779100,26963644000,3203.1189,3222.4665,3203.1189,3184.4696
95643000,3221.1787,2881100,37127600,2308660200,27000771600,3203.1189,3222.4665,3203.1189,3184.4696
95648000,3221.8051,5071100,57703700,2313731300,27058475300,3203.1189,3222.4665,3203.1189,3184.4696
95653000,3221.3155,3650800,48145900,2317382100,27106621200,3203.1189,3222.4665,3203.1189,3184.4696
95658000,3221.4024,3140900,48139800,2320523000,27154761000,3203.1189,3222.4665,3203.1189,3184.4696
95703000,3221.7129,5794700,69023100,2326317700,27223784100,3203.1189,3222.4665,3203.1189,3184.4696
95708000,3221.6861,5787400,61414800,2332105100,27285198900,3203.1189,3222.4665,3203.1189,3184.4696
95713000,3221.5485,2995300,39721200,2335100400,27324920100,3203.1189,3222.4665,3203.1189,3184.4696
95718000,3221.4022,6516500,74438000,2341616900,27399358100,3203.1189,3222.4665,3203.1189,3184.4696
95723000,3221.122,4514600,48846600,2346131500,27448204700,3203.1189,3222.4665,3203.1189,3184.4696
95728000,3220.4546,5272800,62205600,2351404300,27510410300,3203.1189,3222.4665,3203.1189,3184.4696
95733000,3220.3298,5422400,74515400,2356826700,27584925700,3203.1189,3222.4665,3203.1189,3184.4696
95738000,3220.4872,5685100,69251300,2362511800,27654177000,3203.1189,3222.4665,3203.1189,3184.4696
95743000,3220.363,3269500,40658700,2365781300,27694835700,3203.1189,3222.4665,3203.1189,3184.4696
95748000,3220.5107,4446900,55750200,2370228200,27750585900,3203.1189,3222.4665,3203.1189,3184.4696
95753000,3220.6207,3522600,38172800,2373750800,27788758700,3203.1189,3222.4665,3203.1189,3184.4696
95758000,3220.5616,3247900,41566500,2376998700,27830325200,3203.1189,3222.4665,3203.1189,3184.4696
95803000,3220.0921,5652900,56541000,2382651600,27886866200,3203.1189,3222.4665,3203.1189,3184.4696
95808000,3220.0725,4558100,56622100,2387209700,27943488300,3203.1189,3222.4665,3203.1189,3184.4696
95813000,3220.3212,3661900,29902800,2390871600,27973391100,3203.1189,3222.4665,3203.1189,3184.4696
95818000,3220.3764,4253100,47796800,2395124700,28021187900,3203.1189,3222.4665,3203.1189,3184.4696
95823000,3220.4303,2844100,36090600,2397968800,28057278500,3203.1189,3222.4665,3203.1189,3184.4696
95828000,3220.5814,3769000,38585000,2401737800,28095863500,3203.1189,3222.4665,3203.1189,3184.4696
95833000,3220.2405,6116700,61975400,2407854500,28157838900,3203.1189,3222.4665,3203.1189,3184.4696
95838000,3220.1324,4160900,50694400,2412015400,28208533300,3203.1189,3222.4665,3203.1189,3184.4696
95843000,3219.5732,1841200,26104100,2413856600,28234637400,3203.1189,3222.4665,3203.1189,3184.4696
95848000,3219.7338,3487100,55437700,2417343700,28290075100,3203.1189,3222.4665,3203.1189,3184.4696
95853000,3219.9395,3594600,36407300,2420938300,28326482400,3203.1189,3222.4665,3203.1189,3184.4696
95858000,3219.8365,2735100,37937600,2423673400,28364420000,3203.1189,3222.4665,3203.1189,3184.4696
95903000,3219.7018,3431900,51240600,2427105300,28415660600,3203.1189,3222.4665,3203.1189,3184.4696
95908000,3219.9112,3335800,43034500,2430441100,28458695100,3203.1189,3222.4665,3203.1189,3184.4696
95913000,3219.6634,2079400,26382700,2432520500,28485077800,3203.1189,3222.4665,3203.1189,3184.4696
95918000,3220.1275,4178700,46116900,2436699200,28531194700,3203.1189,3222.4665,3203.1189,3184.4696
95923000,3219.9481,2563500,36520700,2439262700,28567715400,3203.1189,3222.4665,3203.1189,3184.4696
95928000,3219.9746,2332800,29011500,2441595500,28596726900,3203.1189,3222.4665,3203.1189,3184.4696
95933000,3219.6352,3708200,38841200,2445303700,28635568100,3203.1189,3222.4665,3203.1189,3184.4696
95938000,3219.9453,5045000,50653800,2450348700,28686221900,3203.1189,3222.4665,3203.1189,3184.4696
95943000,3220.0815,2175300,33329700,2452524000,28719551600,3203.1189,3222.4665,3203.1189,3184.4696
95948000,3220.3335,5448200,60782600,2457972200,28780334200,3203.1189,3222.4665,3203.1189,3184.4696
95953000,3221.0243,4100100,43298800,2462072300,28823633000,3203.1189,3222.4665,3203.1189,3184.4696
95958000,3220.9436,4254100,56682700,2466326400,28880315700,3203.1189,3222.4665,3203.1189,3184.4696
100003000,3220.8752,9129600,75185100,2475456000,28955500800,3203.1189,3222.4665,3203.1189,3184.4696
100008000,3221.7239,6457800,65594100,2481913800,29021094900,3203.1189,3222.4665,3203.1189,3184.4696
100013000,3221.3129,4345500,41398700,2486259300,29062493600,3203.1189,3222.4665,3203.1189,3184.4696
100018000,3221.6311,5663200,68648900,2491922500,29131142500,3203.1189,3222.4665,3203.1189,3184.4696
100023000,3221.4622,5654500,47056200,2497577000,29178198700,3203.1189,3222.4665,3203.1189,3184.4696
100028000,3221.5884,8119000,64858300,2505696000,29243057000,3203.1189,3222.4665,3203.1189,3184.4696
100033000,3221.6351,6012800,57657400,2511708800,29300714400,3203.1189,3222.4665,3203.1189,3184.4696
100038000,3221.8373,4474400,54725200,2516183200,29355439600,3203.1189,3222.4665,3203.1189,3184.4696
100043000,3221.9742,2072200,27686700,2518255400,29383126300,3203.1189,3222.4665,3203.1189,3184.4696
100048000,3221.999,5087600,58490300,2523343000,29441616600,3203.1189,3222.4665,3203.1189,3184.4696
100053000,3222.1734,3065900,36192100,2526408900,29477808700,3203.1189,3222.4665,3203.1189,3184.4696
100058000,3222.5732,2651400,42935400,2529060300,29520744100,3203.1189,3222.5732,3203.1189,3184.4696
100103000,3222.4483,4192500,54832300,2533252800,29575576400,3203.1189,3222.5732,3203.1189,3184.4696
100108000,3222.5606,3330600,43000300,2536583400,29618576700,3203.1189,3222.5732,3203.1189,3184.4696
100113000,3222.5393,3146000,32848700,2539729400,29651425400,3203.1189,3222.5732,3203.1189,3184.4696
100118000,3222.5035,3790500,54525000,2543519900,29705950400,3203.1189,3222.6502,3203.1189,3184.4696
100123000,3222.0291,3364200,40175900,2546884100,29746126300,3203.1189,3222.6502,3203.1189,3184.4696
100128000,3222.0907,3348800,46895000,2550232900,29793021300,3203.1189,3222.6502,3203.1189,3184.4696
100133000,3221.6228,4707700,59387000,2554940600,29852408300,3203.1189,3222.6502,3203.1189,3184.4696
100138000,3221.6676,4994300,66640400,2559934900,29919048700,3203.1189,3222.6502,3203.1189,3184.4696
100143000,3221.6157,2223200,28290400,2562158100,29947339100,3203.1189,3222.6502,3203.1189,3184.4696
100148000,3221.2537,4880500,64627200,2567038600,30011966300,3203.1189,3222.6502,3203.1189,3184.4696
100153000,3221.5753,4176200,42039600,2571214800,30054005900,3203.1189,3222.6502,3203.1189,3184.4696
100158000,3221.1199,3792800,49936300,2575007600,30103942200,3203.1189,3222.6502,3203.1189,3184.4696
100203000,3220.5837,6041100,70642300,2581048700,30174584500,3203.1189,3222.6502,3203.1189,3184.4696
100208000,3220.4286,4749300,55815400,2585798000,30230399900,3203.1189,3222.6502,3203.1189,3184.4696
100213000,3220.6639,2034100,27161300,2587832100,30257561200,3203.1189,3222.6502,3203.1189,3184.4696
100218000,3220.7038,3145300,42939400,2590977400,30300500600,3203.1189,3222.6502,3203.1189,3184.4696
100223000,3220.8064,2907800,34261400,2593885200,30334762000,3203.1189,3222.6502,3203.1189,3184.4696
100228000,3220.2053,2907200,35975500,2596792400,30370737500,3203.1189,3222.6502,3203.1189,3184.4696
100233000,3220.0758,3256800,38929000,2600049200,30409666500,3203.1189,3222.6502,3203.1189,3184.4696
100238000,3220.497,3877700,51390200,2603926900,30461056700,3203.1189,3222.6502,3203.1189,3184.4696
100243000,3220.7814,1790900,20982200,2605717800,30482038900,3203.1189,3222.6502,3203.1189,3184.4696
100248000,3220.2163,4707500,55459100,2610425300,30537498000,3203.1189,3222.6502,3203.1189,3184.4696
100253000,3220.4345,3714600,41052600,2614139900,30578550600,3203.1189,3222.6502,3203.1189,3184.4696
100258000,3220.3985,2796200,38448000,2616936100,30616998600,3203.1189,3222.6502,3203.1189,3184.4696
100303000,3220.2483,4428500,56235000,2621364600,30673233600,3203.1189,3222.6502,3203.1189,3184.4696
100308000,3220.5987,4166300,48190800,2625530900,30721424400,3203.1189,3222.6502,3203.1189,3184.4696
100313000,3220.4222,2450500,32063900,2627981400,30753488300,3203.1189,3222.6502,3203.1189,3184.4696
100318000,3220.8944,4869600,56682100,2632851000,30810170400,3203.1189,3222.6502,3203.1189,3184.4696
100323000,3220.5364,3999200,42653400,2636850200,30852823800,3203.1189,3222.6502,3203.1189,3184.4696
100328000,3220.2992,3375900,49810900,2640226100,30902634700,3203.1189,3222.6502,3203.1189,3184.4696
100333000,3220.1827,3668100,43793900,2643894200,30946428600,3203.1189,3222.6502,3203.1189,3184.4696
100338000,3220.7824,3928900,47517500,2647823100,30993946100,3203.1189,3222.6502,3203.1189,3184.4696
100343000,3220.6492,2834800,35431500,2650657900,31029377600,3203.1189,3222.6502,3203.1189,3184.4696
100348000,3220.6946,5128700,53783700,2655786600,31083161300,3203.1189,3222.6502,3203.1189,3184.4696
100353000,3220.7888,4275300,45602600,2660061900,31128763900,3203.1189,3222.6502,3203.1189,3184.4696
100358000,3221.1211,3288500,45917000,2663350400,31174680900,3203.1189,3222.6502,3203.1189,3184.4696
100403000,3222.1933,7009400,93766800,2670359800,31268447700,3203.1189,3222.6502,3203.1189,3184.4696
100408000,3221.9257,4383600,50384900,2674743400,31318832600,3203.1189,3222.6502,3203.1189,3184.4696
100413000,3221.8908,2332000,22988000,2677075400,31341820600,3203.1189,3222.6502,3203.1189,3184.4696
100418000,3221.5674,4748600,58493400,2681824000,31400314000,3203.1189,3222.6502,3203.1189,3184.4696
100423000,3221.5521,3182600,37251300,2685006600,31437565300,3203.1189,3222.6502,3203.1189,3184.4696
100428000,3221.7319,3873400,45687400,2688880000,31483252700,3203.1189,3222.6502,3203.1189,3184.4696
100433000,3221.4092,3833800,51453800,2692713800,31534706500,3203.1189,3222.6502,3203.1189,3184.4696
100438000,3221.4579,3554700,44343000,2696268500,31579049500,3203.1189,3222.6502,3203.1189,3184.4696
100443000,3221.3888,1596300,21000100,2697864800,31600049600,3203.1189,3222.6502,3203.1189,3184.4696
100448000,3221.7186,5583800,62775900,2703448600,31662825500,3203.1189,3222.6502,3203.1189,3184.4696
100453000,3221.565,5166500,53429000,2708615100,31716254500,3203.1189,3222.6502,3203.1189,3184.4696
100458000,3221.8496,4983500,44000900,2713598600,31760255400,3203.1189,3222.6502,3203.1189,3184.4696
100503000,3221.8321,4783500,45284100,2718382100,31805539500,3203.1189,3222.6502,3203.1189,3184.4696
100508000,3221.7811,4149000,52669100,2722531100,31858208600,3203.1189,3222.6502,3203.1189,3184.4696
100513000,3222.1849,2612200,29798600,2725143300,31888007200,3203.1189,3222.6502,3203.1189,3184.4696
100518000,3222.113,4529400,71990800,2729672700,31959998000,3203.1189,3222.6502,3203.1189,3184.4696
100523000,3222.5918,5065600,53756400,2734738300,32013754400,3203.1189,3222.673,3203.1189,3184.4696
100528000,3223.2161,4576800,66703900,2739315100,32080458300,3203.1189,3223.2161,3203.1189,3184.4696
100533000,3224.277,9115700,97314900,2748430800,32177773200,3203.1189,3224.277,3203.1189,3184.4696
100538000,3224.556,9156600,103736500,2757587400,32281509700,3203.1189,3224.5927,3203.1189,3184.4696
100543000,3225.1422,5322100,61125300,2762909500,32342635000,3203.1189,3225.1422,3203.1189,3184.4696
100548000,3224.9362,7866100,94230600,2770775600,32436865600,3203.1189,3225.1422,3203.1189,3184.4696
100553000,3225.2163,4052700,53079200,2774828300,32489944800,3203.1189,3225.2163,3203.1189,3184.4696
100558000,3225.2222,4647300,66342700,2779475600,32556287500,3203.1189,3225.2222,3203.1189,3184.4696
100603000,3225.3418,6655700,86286200,2786131300,32642573700,3203.1189,3225.3833,3203.1189,3184.4696
100608000,3225.659,5235600,87911700,2791366900,32730485400,3203.1189,3225.7297,3203.1189,3184.4696
100613000,3226.3047,2714100,44624500,2794081000,32775109900,3203.1189,3226.3047,3203.1189,3184.4696
100618000,3226.3791,6805500,91269900,2800886500,32866379800,3203.1189,3226.5239,3203.1189,3184.4696
100623000,3226.236,5179300,73008800,2806065800,32939388600,3203.1189,3226.5239,3203.1189,3184.4696
100628000,3226.2069,4294400,52001900,2810360200,32991390500,3203.1189,3226.5239,3203.1189,3184.4696
100633000,3226.6257,5255100,69880800,2815615300,33061271300,3203.1189,3226.6345,3203.1189,3184.4696
100638000,3226.2828,5935600,73744600,2821550900,33135015900,3203.1189,3226.6345,3203.1189,3184.4696
100643000,3226.3179,3227600,32709800,2824778500,33167725700,3203.1189,3226.6345,3203.1189,3184.4696
100648000,3226.4812,6028900,72652800,2830807400,33240378500,3203.1189,3226.6345,3203.1189,3184.4696
100653000,3226.7651,3992000,42973100,2834799400,33283351600,3203.1189,3226.7985,3203.1189,3184.4696
100658000,3226.7816,4557400,53026300,2839356800,33336377900,3203.1189,3226.7985,3203.1189,3184.4696
100703000,3226.5259,4641800,63159500,2843998600,33399537400,3203.1189,3226.7985,3203.1189,3184.4696
100708000,3226.6816,5406700,70870200,2849405300,33470407600,3203.1189,3226.7985,3203.1189,3184.4696
100713000,3227.031,2069600,34976000,2851474900,33505383600,3203.1189,3227.031,3203.1189,3184.4696
100718000,3227.001,5608000,72738800,2857082900,33578122400,3203.1189,3227.031,3203.1189,3184.4696
100723000,3226.7586,3199400,42081600,2860282300,33620204000,3203.1189,3227.031,3203.1189,3184.4696
100728000,3226.7616,4743300,54353500,2865025600,33674557500,3203.1189,3227.031,3203.1189,3184.4696
100733000,3226.9048,6342000,67866700,2871367600,33742424200,3203.1189,3227.031,3203.1189,3184.4696
100738000,3227.2499,5890400,59779500,2877258000,33802203700,3203.1189,3227.2499,3203.1189,3184.4696
100743000,3227.0216,3088800,38450000,2880346800,33840653700,3203.1189,3227.2499,3203.1189,3184.4696
100748000,3227.5313,5323000,67018700,2885669800,33907672400,3203.1189,3227.5913,3203.1189,3184.4696
100753000,3227.4939,3113200,35304200,2888783000,33942976600,3203.1189,3227.6981,3203.1189,3184.4696
100758000,3226.9179,5341100,66946400,2894124100,34009923000,3203.1189,3227.6981,3203.1189,3184.4696
100803000,3227.3944,5489800,67608300,2899613900,34077531300,3203.1189,3227.6981,3203.1189,3184.4696
100808000,3227.3946,5394800,54971100,2905008700,34132502400,3203.1189,3227.6981,3203.1189,3184.4696
100813000,3227.2595,3115700,60416100,2908124400,34192918500,3203.1189,3227.6981,3203.1189,3184.4696
100818000,3227.8369,14121900,93485100,2922246300,34286403600,3203.1189,3227.8369,3203.1189,3184.4696
100823000,3227.6835,3456100,41822500,2925702400,34328226100,3203.1189,3227.8369,3203.1189,3184.4696
100828000,3227.7716,3148500,52073300,2928850900,34380299400,3203.1189,3227.8369,3203.1189,3184.4696
100833000,3227.9234,3394300,55756200,2932245200,34436055600,3203.1189,3227.9702,3203.1189,3184.4696
100838000,3227.6027,5259400,63033600,2937504600,34499089200,3203.1189,3227.9702,3203.1189,3184.4696
100843000,3227.4976,2684600,28982900,2940189200,34528072100,3203.1189,3227.9702,3203.1189,3184.4696
100848000,3228.0752,5889200,66972400,2946078400,34595044500,3203.1189,3228.1242,3203.1189,3184.4696
100853000,3228.0286,3614000,39145500,2949692400,34634190000,3203.1189,3228.2115,3203.1189,3184.4696
100858000,3228.3365,4119100,52039600,2953811500,34686229600,3203.1189,3228.3365,3203.1189,3184.4696
100903000,3228.728,6309100,70934000,2960120600,34757163600,3203.1189,3228.7591,3203.1189,3184.4696
100908000,3228.8151,4543700,66871500,2964664300,34824035100,3203.1189,3228.8151,3203.1189,3184.4696
100913000,3228.8678,3094700,37633500,2967759000,34861668600,3203.1189,3228.8678,3203.1189,3184.4696
100918000,3228.5629,4277400,50819100,2972036400,34912487700,3203.1189,3228.8678,3203.1189,3184.4696
100923000,3228.2524,3517500,41704300,2975553900,34954192000,3203.1189,3228.8678,3203.1189,3184.4696
100928000,3228.1993,2609300,36214100,2978163200,34990406100,3203.1189,3228.8678,3203.1189,3184.4696
100933000,3227.9201,4478400,53779600,2982641600,35044185700,3203.1189,3228.8678,3203.1189,3184.4696
100938000,3228.0444,5056100,60264300,2987697700,35104450000,3203.1189,3228.8678,3203.1189,3184.4696
100943000,3228.2204,2521600,29017800,2990219300,35133467800,3203.1189,3228.8678,3203.1189,3184.4696
100948000,3227.9889,6119900,81558100,2996339200,35215025900,3203.1189,3228.8678,3203.1189,3184.4696
100953000,3227.9971,4580800,45743400,3000920000,35260769300,3203.1189,3228.8678,3203.1189,3184.4696
100958000,3228.389,3099800,43734800,3004019800,35304504100,3203.1189,3228.8678,3203.1189,3184.4696
101003000,3228.2773,7472100,68670700,3011491900,35373174800,3203.1189,3228.8678,3203.1189,3184.4696
101008000,3228.2702,3531000,38316100,3015022900,35411490900,3203.1189,3228.8678,3203.1189,3184.4696
101013000,3228.2115,2169700,20761600,3017192600,35432252500,3203.1189,3228.8678,3203.1189,3184.4696
101018000,3228.4397,4473800,51584600,3021666400,35483837100,3203.1189,3228.8678,3203.1189,3184.4696
101023000,3228.1561,3638000,44598400,3025304400,35528435500,3203.1189,3228.8678,3203.1189,3184.4696
101028000,3228.065,2581700,41824000,3027886100,35570259500,3203.1189,3228.8678,3203.1189,3184.4696
101033000,3227.9097,4435700,51089600,3032321800,35621349100,3203.1189,3228.8678,3203.1189,3184.4696
101038000,3228.2935,5020600,61311400,3037342400,35682660500,3203.1189,3228.8678,3203.1189,3184.4696
101043000,3227.6628,3397800,37573100,3040740200,35720233600,3203.1189,3228.8678,3203.1189,3184.4696
101048000,3227.3134,5793500,53129200,3046533700,35773362800,3203.1189,3228.8678,3203.1189,3184.4696
101053000,3227.1765,3098200,38746500,3049631900,35812109300,3203.1189,3228.8678,3203.1189,3184.4696
101058000,3227.3475,3837500,50164700,3053469400,35862274000,3203.1189,3228.8678,3203.1189,3184.4696
101103000,3227.6721,4108400,60414700,3057577800,35922688700,3203.1189,3228.8678,3203.1189,3184.4696
101108000,3227.4879,5614500,57937200,3063192300,35980625900,3203.1189,3228.8678,3203.1189,3184.4696
101113000,3227.7212,2338500,29584500,3065530800,36010210400,3203.1189,3228.8678,3203.1189,3184.4696
101118000,3227.4549,4061600,62383500,3069592400,36072593900,3203.1189,3228.8678,3203.1189,3184.4696
101123000,3227.0868,4283500,59860000,3073875900,36132453900,3203.1189,3228.8678,3203.1189,3184.4696
101128000,3227.3309,2738600,31988000,3076614500,36164441900,3203.1189,3228.8678,3203.1189,3184.4696
101133000,3227.0596,3437200,49635400,3080051700,36214077300,3203.1189,3228.8678,3203.1189,3184.4696
101138000,3227.1801,5386600,79032100,3085438300,36293109400,3203.1189,3228.8678,3203.1189,3184.4696
101143000,3227.2265,3290100,40170300,3088728400,36333279700,3203.1189,3228.8678,3203.1189,3184.4696
101148000,3227.4042,3123800,48058900,3091852200,36381338600,3203.1189,3228.8678,3203.1189,3184.4696
101153000,3227.3877,2458900,32953300,3094311100,36414291900,3203.1189,3228.8678,3203.1189,3184.4696
101158000,3227.0028,3222300,42122800,3097533400,36456414700,3203.1189,3228.8678,3203.1189,3184.4696
101203000,3227.7616,3635700,47360100,3101169100,36503774800,3203.1189,3228.8678,3203.1189,3184.4696
101208000,3227.6809,4417500,52193300,3105586600,36555968100,3203.1189,3228.8678,3203.1189,3184.4696
101213000,3228.21,1975900,28661100,3107562500,36584629200,3203.1189,3228.8678,3203.1189,3184.4696
101218000,3228.2529,3707600,53704200,3111270100,36638333400,3203.1189,3228.8678,3203.1189,3184.4696
101223000,3228.1027,2582000,31331000,3113852100,36669664400,3203.1189,3228.8678,3203.1189,3184.4696
101228000,3228.3161,6107000,72219000,3119959100,36741883400,3203.1189,3228.8678,3203.1189,3184.4696
101233000,3227.9881,7049800,71674700,3127008900,36813558100,3203.1189,3228.8678,3203.1189,3184.4696
101238000,3228.1772,5242000,71266700,3132250900,36884824800,3203.1189,3228.8678,3203.1189,3184.4696
101243000,3228.336,1717200,20124500,3133968100,36904949300,3203.1189,3228.8678,3203.1189,3184.4696
101248000,3228.5581,4919700,45477800,3138887800,36950427100,3203.1189,3228.8678,3203.1189,3184.4696
101253000,3228.3723,3914900,40589600,3142802700,36991016700,3203.1189,3228.8678,3203.1189,3184.4696
101258000,3228.0864,2994300,42538900,3145797000,37033555600,3203.1189,3228.8678,3203.1189,3184.4696
101303000,3228.444,3651500,44569600,3149448500,37078125200,3203.1189,3228.8678,3203.1189,3184.4696
101308000,3228.5792,5526800,52649600,3154975300,37130774800,3203.1189,3228.8678,3203.1189,3184.4696
101313000,3228.6385,2661900,29520300,3157637200,37160295100,3203.1189,3228.8678,3203.1189,3184.4696
101318000,3228.4437,8314300,52413600,3165951500,37212708700,3203.1189,3228.8678,3203.1189,3184.4696
101323000,3228.0339,5415600,35636600,3171367100,37248345300,3203.1189,3228.8678,3203.1189,3184.4696
101328000,3228.5035,5529400,58035400,3176896500,37306380700,3203.1189,3228.8678,3203.1189,3184.4696
101333000,3228.0155,3908600,46485700,3180805100,37352866400,3203.1189,3228.8678,3203.1189,3184.4696
101338000,3227.8753,4423700,55238600,3185228800,37408105000,3203.1189,3228.8678,3203.1189,3184.4696
101343000,3228.0296,2538800,34085800,3187767600,37442190800,3203.1189,3228.8678,3203.1189,3184.4696
101348000,3227.8443,5472800,56802700,3193240400,37498993500,3203.1189,3228.8678,3203.1189,3184.4696
101353000,3227.6285,2958700,34891900,3196199100,37533885400,3203.1189,3228.8678,3203.1189,3184.4696
101358000,3227.5153,2476800,34925700,3198675900,37568811100,3203.1189,3228.8678,3203.1189,3184.4696
101403000,3226.9872,3884900,50529700,3202560800,37619340800,3203.1189,3228.8678,3203.1189,3184.4696
101408000,3226.5983,5558100,51918600,3208118900,37671259400,3203.1189,3228.8678,3203.1189,3184.4696
101413000,3226.7882,2512900,28617500,3210631800,37699876900,3203.1189,3228.8678,3203.1189,3184.4696
101418000,3227.0514,5857200,57161400,3216489000,37757038300,3203.1189,3228.8678,3203.1189,3184.4696
101423000,3226.5475,3333700,33326900,3219822700,37790365200,3203.1189,3228.8678,3203.1189,3184.4696
101428000,3226.872,2927900,27304100,3222750600,37817669300,3203.1189,3228.8678,3203.1189,3184.4696
101433000,3227.3168,4201800,50185300,3226952400,37867854600,3203.1189,3228.8678,3203.1189,3184.4696
101438000,3226.8913,3533600,41221400,3230486000,37909076000,3203.1189,3228.8678,3203.1189,3184.4696
101443000,3226.7038,2406400,19951100,3232892400,37929027100,3203.1189,3228.8678,3203.1189,3184.4696
101448000,3227.011,3107700,46567800,3236000100,37975594900,3203.1189,3228.8678,3203.1189,3184.4696
101453000,3226.6493,2544100,32560200,3238544200,38008155100,3203.1189,3228.8678,3203.1189,3184.4696
101458000,3226.4932,3360200,44412900,3241904400,38052568000,3203.1189,3228.8678,3203.1189,3184.4696
101503000,3226.4406,3264700,50176900,3245169100,38102744900,3203.1189,3228.8678,3203.1189,3184.4696
101508000,3226.4139,3280700,40165400,3248449800,38142910300,3203.1189,3228.8678,3203.1189,3184.4696
101513000,3226.4344,1772200,22962600,3250222000,38165872900,3203.1189,3228.8678,3203.1189,3184.4696
101518000,3226.4778,3837000,44738500,3254059000,38210611400,3203.1189,3228.8678,3203.1189,3184.4696
101523000,3226.3825,3601400,45667900,3257660400,38256279300,3203.1189,3228.8678,3203.1189,3184.4696
101528000,3225.9678,2658300,34057500,3260318700,38290336800,3203.1189,3228.8678,3203.1189,3184.4696
101533000,3226.0004,4127200,43579700,3264445900,38333916500,3203.1189,3228.8678,3203.1189,3184.4696
101538000,3225.7684,3663900,43898500,3268109800,38377815000,3203.1189,3228.8678,3203.1189,3184.4696
101543000,3225.7434,2978300,24962200,3271088100,38402777200,3203.1189,3228.8678,3203.1189,3184.4696
101548000,3226.0729,3668000,53919800,3274756100,38456697000,3203.1189,3228.8678,3203.1189,3184.4696
101553000,3225.5914,2245800,27649200,3277001900,38484346200,3203.1189,3228.8678,3203.1189,3184.4696
101558000,3225.5071,2163500,33838700,3279165400,38518184900,3203.1189,3228.8678,3203.1189,3184.4696
101603000,3225.3002,4996800,48832700,3284162200,38567017600,3203.1189,3228.8678,3203.1189,3184.4696
101608000,3225.3579,3574800,49602300,3287737000,38616619900,3203.1189,3228.8678,3203.1189,3184.4696
101613000,3225.5811,2040400,25006500,3289777400,38641626400,3203.1189,3228.8678,3203.1189,3184.4696
101618000,3225.3222,3877300,63833300,3293654700,38705459700,3203.1189,3228.8678,3203.1189,3184.4696
101623000,3225.7803,3038300,36800500,3296693000,38742260200,3203.1189,3228.8678,3203.1189,3184.4696
101628000,3225.7804,3002800,45086400,3299695800,38787346600,3203.1189,3228.8678,3203.1189,3184.4696
101633000,3225.5954,2722700,40086500,3302418500,38827433100,3203.1189,3228.8678,3203.1189,3184.4696
101638000,3225.535,2859500,42698500,3305278000,38870131600,3203.1189,3228.8678,3203.1189,3184.4696
101643000,3225.7346,1955100,29161300,3307233100,38899292900,3203.1189,3228.8678,3203.1189,3184.4696
101648000,3225.3715,3075500,43376200,3310308600,38942669100,3203.1189,3228.8678,3203.1189,3184.4696
101653000,3225.1787,2953600,36387200,3313262200,38979056300,3203.1189,3228.8678,3203.1189,3184.4696
101658000,3225.3127,1946700,31917800,3315208900,39010974100,3203.1189,3228.8678,3203.1189,3184.4696
101703000,3225.2557,3200700,35773900,3318409600,39046748000,3203.1189,3228.8678,3203.1189,3184.4696
101708000,3225.8375,3165100,37774600,3321574700,39084522600,3203.1189,3228.8678,3203.1189,3184.4696
101713000,3225.6515,2229000,24430400,3323803700,39108953000,3203.1189,3228.8678,3203.1189,3184.4696
101718000,3225.3309,4288600,45956400,3328092300,39154909400,3203.1189,3228.8678,3203.1189,3184.4696
101723000,3224.9778,2010800,25752200,3330103100,39180661600,3203.1189,3228.8678,3203.1189,3184.4696
101728000,3225.0593,3543900,36801500,3333647000,39217463100,3203.1189,3228.8678,3203.1189,3184.4696
101733000,3225.0869,3720400,49706000,3337367400,39267169100,3203.1189,3228.8678,3203.1189,3184.4696
101738000,3224.8607,3907200,44379800,3341274600,39311548900,3203.1189,3228.8678,3203.1189,3184.4696
101743000,3224.264,1834500,24951300,3343109100,39336500200,3203.1189,3228.8678,3203.1189,3184.4696
101748000,3224.6276,4299900,54567900,3347409000,39391068100,3203.1189,3228.8678,3203.1189,3184.4696
101753000,3224.1276,3610000,37260800,3351019000,39428328900,3203.1189,3228.8678,3203.1189,3184.4696
101758000,3224.2478,2461600,32731400,3353480600,39461060300,3203.1189,3228.8678,3203.1189,3184.4696
101803000,3223.9728,4661100,55993100,3358141700,39517053400,3203.1189,3228.8678,3203.1189,3184.4696
101808000,3224.0374,4623600,50657200,3362765300,39567710600,3203.1189,3228.8678,3203.1189,3184.4696
101813000,3224.126,1943800,24417600,3364709100,39592128200,3203.1189,3228.8678,3203.1189,3184.4696
101818000,3224.1612,3192000,35457400,3367901100,39627585600,3203.1189,3228.8678,3203.1189,3184.4696
101823000,3223.8208,3167500,43620500,3371068600,39671206100,3203.1189,3228.8678,3203.1189,3184.4696
101828000,3223.9008,2122000,32196200,3373190600,39703402300,3203.1189,3228.8678,3203.1189,3184.4696
101833000,3223.5451,2484800,35716300,3375675400,39739118600,3203.1189,3228.8678,3203.1189,3184.4696
101838000,3223.7028,2669800,43165800,3378345200,39782284400,3203.1189,3228.8678,3203.1189,3184.4696
101843000,3223.6146,1369900,24405800,3379715100,39806690200,3203.1189,3228.8678,3203.1189,3184.4696
101848000,3223.3612,3162500,40221200,3382877600,39846911400,3203.1189,3228.8678,3203.1189,3184.4696
101853000,3223.3471,3247800,30018200,3386125400,39876929600,3203.1189,3228.8678,3203.1189,3184.4696
101858000,3223.3812,3219600,35050200,3389345000,39911979800,3203.1189,3228.8678,3203.1189,3184.4696
101903000,3223.1259,3590600,48968500,3392935600,39960948300,3203.1189,3228.8678,3203.1189,3184.4696
101908000,3223.0167,3168800,42818900,3396104400,40003767200,3203.1189,3228.8678,3203.1189,3184.4696
101913000,3223.1283,2351800,40795700,3398456200,40044562900,3203.1189,3228.8678,3203.1189,3184.4696
101918000,3223.0524,5379900,69768900,3403836100,40114331800,3203.1189,3228.8678,3203.1189,3184.4696
101923000,3223.124,2403200,31566000,3406239300,40145897800,3203.1189,3228.8678,3203.1189,3184.4696
101928000,3222.86,1641700,23426500,3407881000,40169324300,3203.1189,3228.8678,3203.1189,3184.4696
101933000,3222.8322,4328400,44157100,3412209400,40213481400,3203.1189,3228.8678,3203.1189,3184.4696
101938000,3222.8399,4605100,43239100,3416814500,40256720500,3203.1189,3228.8678,3203.1189,3184.4696
101943000,3222.475,1817600,25787700,3418632100,40282508200,3203.1189,3228.8678,3203.1189,3184.4696
101948000,3222.8666,4401900,50471600,3423034000,40332979800,3203.1189,3228.8678,3203.1189,3184.4696
101953000,3222.554,2387600,24621900,3425421600,40357601700,3203.1189,3228.8678,3203.1189,3184.4696
101958000,3222.6558,2553600,32842300,3427975200,40390444000,3203.1189,3228.8678,3203.1189,3184.4696
102003000,3222.1093,3321900,41038800,3431297100,40431482800,3203.1189,3228.8678,3203.1189,3184.4696
102008000,3222.0286,3464800,37567400,3434761900,40469050200,3203.1189,3228.8678,3203.1189,3184.4696
102013000,3222.4202,2111100,23130500,3436873000,40492180700,3203.1189,3228.8678,3203.1189,3184.4696
102018000,3222.2092,5294700,46914700,3442167700,40539095400,3203.1189,3228.8678,3203.1189,3184.4696
102023000,3222.4206,6292400,39494500,3448460100,40578589900,3203.1189,3228.8678,3203.1189,3184.4696
102028000,3222.0243,8507100,45692000,3456967200,40624281900,3203.1189,3228.8678,3203.1189,3184.4696
102033000,3221.9306,3924200,42548500,3460891400,40666830400,3203.1189,3228.8678,3203.1189,3184.4696
102038000,3221.6968,3740000,43426100,3464631400,40710256500,3203.1189,3228.8678,3203.1189,3184.4696
102043000,3222.0682,1524100,24654600,3466155500,40734911100,3203.1189,3228.8678,3203.1189,3184.4696
102048000,3221.6184,3008000,34261100,3469163500,40769172200,3203.1189,3228.8678,3203.1189,3184.4696
102053000,3221.6072,2961100,27864300,3472124600,40797036500,3203.1189,3228.8678,3203.1189,3184.4696
102058000,3222.1398,3533800,40087400,3475658400,40837123900,3203.1189,3228.8678,3203.1189,3184.4696
102103000,3221.6025,3317100,42730700,3478975500,40879854600,3203.1189,3228.8678,3203.1189,3184.4696
102108000,3221.875,4155100,48213000,3483130600,40928067600,3203.1189,3228.8678,3203.1189,3184.4696
102113000,3222.2854,1777300,26491300,3484907900,40954558900,3203.1189,3228.8678,3203.1189,3184.4696
102118000,3221.7445,2902700,39047000,3487810600,40993605900,3203.1189,3228.8678,3203.1189,3184.4696
102123000,3221.2496,2867100,32026300,3490677700,41025632200,3203.1189,3228.8678,3203.1189,3184.4696
102128000,3221.442,4883500,48387500,3495561200,41074019700,3203.1189,3228.8678,3203.1189,3184.4696
102133000,3221.4717,4657500,52794100,3500218700,41126813800,3203.1189,3228.8678,3203.1189,3184.4696
102138000,3221.2838,4249300,42860700,3504468000,41169674500,3203.1189,3228.8678,3203.1189,3184.4696
102143000,3221.2553,2010900,18515500,3506478900,41188190000,3203.1189,3228.8678,3203.1189,3184.4696
102148000,3221.1211,3317600,42567800,3509796500,41230757800,3203.1189,3228.8678,3203.1189,3184.4696
102153000,3220.898,3265700,36147300,3513062200,41266905100,3203.1189,3228.8678,3203.1189,3184.4696
102158000,3220.7737,2516700,32620500,3515578900,41299525600,3203.1189,3228.8678,3203.1189,3184.4696
102203000,3221.2171,4214300,48512600,3519793200,41348038200,3203.1189,3228.8678,3203.1189,3184.4696
102208000,3220.5369,3687100,43282300,3523480300,41391320500,3203.1189,3228.8678,3203.1189,3184.4696
102213000,3220.3251,1784000,27003200,3525264300,41418323700,3203.1189,3228.8678,3203.1189,3184.4696
102218000,3221.1306,5221200,54265000,3530485500,41472588700,3203.1189,3228.8678,3203.1189,3184.4696
102223000,3220.9126,3486600,33585700,3533972100,41506174400,3203.1189,3228.8678,3203.1189,3184.4696
102228000,3221.0907,2650200,32233600,3536622300,41538408000,3203.1189,3228.8678,3203.1189,3184.4696
102233000,3221.8824,4801900,58856300,3541424200,41597264300,3203.1189,3228.8678,3203.1189,3184.4696
102238000,3221.2953,3214400,40720100,3544638600,41637984400,3203.1189,3228.8678,3203.1189,3184.4696
102243000,3220.9706,1152100,17344500,3545790700,41655328900,3203.1189,3228.8678,3203.1189,3184.4696
102248000,3221.2221,2715200,36442100,3548505900,41691771000,3203.1189,3228.8678,3203.1189,3184.4696
102253000,3220.9328,2608800,28946800,3551114700,41720717800,3203.1189,3228.8678,3203.1189,3184.4696
102258000,3220.7775,3306800,32116800,3554421500,41752834600,3203.1189,3228.8678,3203.1189,3184.4696
102303000,3220.7279,3596400,48768600,3558017900,41801603200,3203.1189,3228.8678,3203.1189,3184.4696
102308000,3220.9668,4215300,44061800,3562233200,41845665000,3203.1189,3228.8678,3203.1189,3184.4696
102313000,3220.8788,1995500,36013300,3564228700,41881678300,3203.1189,3228.8678,3203.1189,3184.4696
102318000,3220.8214,3356300,42420800,3567585000,41924099100,3203.1189,3228.8678,3203.1189,3184.4696
102323000,3220.6664,2552200,30547200,3570137200,41954646300,3203.1189,3228.8678,3203.1189,3184.4696
102328000,3220.5755,1920300,27246700,3572057500,41981893000,3203.1189,3228.8678,3203.1189,3184.4696
102333000,3220.7275,3494400,41876800,3575551900,42023769800,3203.1189,3228.8678,3203.1189,3184.4696
102338000,3220.595,4077900,46804600,3579629800,42070574400,3203.1189,3228.8678,3203.1189,3184.4696
102343000,3220.9139,2518200,26318400,3582148000,42096892800,3203.1189,3228.8678,3203.1189,3184.4696
102348000,3220.5626,3406500,40961200,3585554500,42137854000,3203.1189,3228.8678,3203.1189,3184.4696
102353000,3220.4513,2572000,28551500,3588126500,42166405500,3203.1189,3228.8678,3203.1189,3184.4696
102358000,3221.539,2986800,38650100,3591113300,42205055600,3203.1189,3228.8678,3203.1189,3184.4696
102403000,3220.8867,4271500,56325000,3595384800,42261380600,3203.1189,3228.8678,3203.1189,3184.4696
102408000,3221.0353,2942600,37015200,3598327400,42298395800,3203.1189,3228.8678,3203.1189,3184.4696
102413000,3220.7946,2547600,27616900,3600875000,42326012700,3203.1189,3228.8678,3203.1189,3184.4696
102418000,3220.9681,3658100,45008400,3604533100,42371021100,3203.1189,3228.8678,3203.1189,3184.4696
102423000,3221.0366,2589100,28671500,3607122200,42399692600,3203.1189,3228.8678,3203.1189,3184.4696
102428000,3220.9073,2067600,25598100,3609189800,42425290700,3203.1189,3228.8678,3203.1189,3184.4696
102433000,3220.7598,2955100,37661900,3612144900,42462952600,3203.1189,3228.8678,3203.1189,3184.4696
102438000,3220.6102,2942200,33633600,3615087100,42496586200,3203.1189,3228.8678,3203.1189,3184.4696
102443000,3220.7677,2037100,21098100,3617124200,42517684300,3203.1189,3228.8678,3203.1189,3184.4696
102448000,3220.853,4148000,47318900,3621272200,42565003200,3203.1189,3228.8678,3203.1189,3184.4696
102453000,3221.6661,2659800,28775500,3623932000,42593778700,3203.1189,3228.8678,3203.1189,3184.4696
102458000,3221.0309,3167300,31630700,3627099300,42625409400,3203.1189,3228.8678,3203.1189,3184.4696
102503000,3220.9971,2662100,34484500,3629761400,42659893900,3203.1189,3228.8678,3203.1189,3184.4696
102508000,3221.0806,2880300,54466200,3632641700,42714360100,3203.1189,3228.8678,3203.1189,3184.4696
102513000,3221.112,2322300,29952800,3634964000,42744312900,3203.1189,3228.8678,3203.1189,3184.4696
102518000,3220.5937,3531000,45534100,3638495000,42789847000,3203.1189,3228.8678,3203.1189,3184.4696
102523000,3220.6134,4468800,55485800,3642963800,42845332800,3203.1189,3228.8678,3203.1189,3184.4696
102528000,3219.9329,3872700,57225400,3646836500,42902558200,3203.1189,3228.8678,3203.1189,3184.4696
102533000,3220.0675,4202000,58487000,3651038500,42961045200,3203.1189,3228.8678,3203.1189,3184.4696
102538000,3219.4933,3507100,54026200,3654545600,43015071400,3203.1189,3228.8678,3203.1189,3184.4696
102543000,3219.4056,2048800,26046200,3656594400,43041117600,3203.1189,3228.8678,3203.1189,3184.4696
102548000,3218.721,3586200,56698600,3660180600,43097816200,3203.1189,3228.8678,3203.1189,3184.4696
102553000,3219.2256,2416400,33097500,3662597000,43130913700,3203.1189,3228.8678,3203.1189,3184.4696
102558000,3219.0813,2632400,37193200,3665229400,43168106900,3203.1189,3228.8678,3203.1189,3184.4696
102603000,3218.7823,4586300,67264000,3669815700,43235370900,3203.1189,3228.8678,3203.1189,3184.4696
102608000,3218.9697,4164200,47867500,3673979900,43283238400,3203.1189,3228.8678,3203.1189,3184.4696
102613000,3219.1586,2025200,25973600,3676005100,43309212000,3203.1189,3228.8678,3203.1189,3184.4696
102618000,3218.9622,4195700,49642800,3680200800,43358854800,3203.1189,3228.8678,3203.1189,3184.4696
102623000,3219.3778,4063700,42041400,3684264500,43400896200,3203.1189,3228.8678,3203.1189,3184.4696
102628000,3220.3318,6683900,61465100,3690948400,43462361300,3203.1189,3228.8678,3203.1189,3184.4696
102633000,3220.8963,5544500,66430100,3696492900,43528791400,3203.1189,3228.8678,3203.1189,3184.4696
102638000,3221.0671,4203400,63858700,3700696300,43592650100,3203.1189,3228.8678,3203.1189,3184.4696
102643000,3221.1063,2112100,26222600,3702808400,43618872700,3203.1189,3228.8678,3203.1189,3184.4696
102648000,3221.2819,5202700,57089600,3708011100,43675962300,3203.1189,3228.8678,3203.1189,3184.4696
102653000,3221.6551,2720300,31054300,3710731400,43707016600,3203.1189,3228.8678,3203.1189,3184.4696
102658000,3221.676,2626300,32163000,3713357700,43739179600,3203.1189,3228.8678,3203.1189,3184.4696
102703000,3221.5101,2889100,37619900,3716246800,43776799500,3203.1189,3228.8678,3203.1189,3184.4696
102708000,3221.3818,3082000,43710300,3719328800,43820509800,3203.1189,3228.8678,3203.1189,3184.4696
102713000,3221.9044,1600800,24112600,3720929600,43844622400,3203.1189,3228.8678,3203.1189,3184.4696
102718000,3221.5185,3504000,37133700,3724433600,43881756100,3203.1189,3228.8678,3203.1189,3184.4696
102723000,3221.695,3022700,28590100,3727456300,43910346200,3203.1189,3228.8678,3203.1189,3184.4696
102728000,3221.2301,1741800,23441900,3729198100,43933788100,3203.1189,3228.8678,3203.1189,3184.4696
102733000,3221.4557,2940700,33081800,3732138800,43966869900,3203.1189,3228.8678,3203.1189,3184.4696
102738000,3221.1455,3093500,37039200,3735232300,44003909100,3203.1189,3228.8678,3203.1189,3184.4696
102743000,3221.3859,1145100,13701900,3736377400,44017611000,3203.1189,3228.8678,3203.1189,3184.4696
102748000,3221.0429,3489700,37396100,3739867100,44055007100,3203.1189,3228.8678,3203.1189,3184.4696
102753000,3220.9266,2517100,27377700,3742384200,44082384800,3203.1189,3228.8678,3203.1189,3184.4696
102758000,3221.3369,1902000,26445000,3744286200,44108829800,3203.1189,3228.8678,3203.1189,3184.4696
102803000,3221.1801,3908200,52009000,3748194400,44160838800,3203.1189,3228.8678,3203.1189,3184.4696
102808000,3221.1439,2830800,34849700,3751025200,44195688500,3203.1189,3228.8678,3203.1189,3184.4696
102813000,3221.664,2548900,23832500,3753574100,44219521000,3203.1189,3228.8678,3203.1189,3184.4696
102818000,3221.7019,3858800,41495100,3757432900,44261016100,3203.1189,3228.8678,3203.1189,3184.4696
102823000,3221.9332,2869900,33329200,3760302800,44294345300,3203.1189,3228.8678,3203.1189,3184.4696
102828000,3222.5868,3119200,33332100,3763422000,44327677400,3203.1189,3228.8678,3203.1189,3184.4696
102833000,3222.895,4374500,48067000,3767796500,44375744400,3203.1189,3228.8678,3203.1189,3184.4696
102838000,3222.8692,4153300,48525600,3771949800,44424270000,3203.1189,3228.8678,3203.1189,3184.4696
102843000,3223.067,1972900,24254500,3773922700,44448524500,3203.1189,3228.8678,3203.1189,3184.4696
102848000,3223.4193,4382900,48432400,3778305600,44496956900,3203.1189,3228.8678,3203.1189,3184.4696
102853000,3222.7876,3451300,39010300,3781756900,44535967200,3203.1189,3228.8678,3203.1189,3184.4696
102858000,3222.9207,1930900,27232900,3783687800,44563200100,3203.1189,3228.8678,3203.1189,3184.4696
102903000,3222.8211,3449000,47111200,3787136800,44610311300,3203.1189,3228.8678,3203.1189,3184.4696
102908000,3222.6563,2771100,25203800,3789907900,44635515100,3203.1189,3228.8678,3203.1189,3184.4696
102913000,3222.6807,2050100,20458000,3791958000,44655973100,3203.1189,3228.8678,3203.1189,3184.4696
102918000,3222.2047,3862000,35976300,3795820000,44691949400,3203.1189,3228.8678,3203.1189,3184.4696
102923000,3222.0562,2466600,29614600,3798286600,44721564000,3203.1189,3228.8678,3203.1189,3184.4696
102928000,3222.0264,2526200,26088700,3800812800,44747652700,3203.1189,3228.8678,3203.1189,3184.4696
102933000,3222.3299,2834700,36786200,3803647500,44784438900,3203.1189,3228.8678,3203.1189,3184.4696
102938000,3222.0309,2904700,31087500,3806552200,44815526400,3203.1189,3228.8678,3203.1189,3184.4696
102943000,3222.0338,1189600,15849700,3807741800,44831376100,3203.1189,3228.8678,3203.1189,3184.4696
102948000,3222.5628,3832500,35439400,3811574300,44866815500,3203.1189,3228.8678,3203.1189,3184.4696
102953000,3221.9533,2721300,26241100,3814295600,44893056600,3203.1189,3228.8678,3203.1189,3184.4696
102958000,3222.0433,2440700,24751700,3816736300,44917808300,3203.1189,3228.8678,3203.1189,3184.4696
103003000,3221.6109,3618800,42598200,3820355100,44960406500,3203.1189,3228.8678,3203.1189,3184.4696
103008000,3221.768,2240900,28772300,3822596000,44989178800,3203.1189,3228.8678,3203.1189,3184.4696
103013000,3221.9291,1474800,18564400,3824070800,45007743200,3203.1189,3228.8678,3203.1189,3184.4696
103018000,3221.9579,3833400,40033900,3827904200,45047777100,3203.1189,3228.8678,3203.1189,3184.4696
103023000,3223.1469,5829600,62550000,3833733800,45110327100,3203.1189,3228.8678,3203.1189,3184.4696
103028000,3223.7684,4120700,48464400,3837854500,45158791500,3203.1189,3228.8678,3203.1189,3184.4696
103033000,3223.7198,3554400,49450000,3841408900,45208241500,3203.1189,3228.8678,3203.1189,3184.4696
103038000,3223.1336,3467500,45319300,3844876400,45253560800,3203.1189,3228.8678,3203.1189,3184.4696
103043000,3223.4873,2560500,26160800,3847436900,45279721600,3203.1189,3228.8678,3203.1189,3184.4696
103048000,3222.9885,4609300,63079100,3852046200,45342800700,3203.1189,3228.8678,3203.1189,3184.4696
103053000,3223.3323,2586600,28970100,3854632800,45371770800,3203.1189,3228.8678,3203.1189,3184.4696
103058000,3223.3162,2248100,24961700,3856880900,45396732500,3203.1189,3228.8678,3203.1189,3184.4696
103103000,3223.3713,2425600,32319500,3859306500,45429052000,3203.1189,3228.8678,3203.1189,3184.4696
103108000,3223.5881,2933900,38500400,3862240400,45467552400,3203.1189,3228.8678,3203.1189,3184.4696
103113000,3223.4363,2160600,32550100,3864401000,45500102500,3203.1189,3228.8678,3203.1189,3184.4696
103118000,3223.5051,2960500,44749700,3867361500,45544852200,3203.1189,3228.8678,3203.1189,3184.4696
103123000,3223.4535,3524400,35000100,3870885900,45579852300,3203.1189,3228.8678,3203.1189,3184.4696
103128000,3223.4378,2402300,30248700,3873288200,45610101000,3203.1189,3228.8678,3203.1189,3184.4696
103133000,3224.0002,4184900,41580700,3877473100,45651681700,3203.1189,3228.8678,3203.1189,3184.4696
103138000,3223.8549,3209700,43752600,3880682800,45695434300,3203.1189,3228.8678,3203.1189,3184.4696
103143000,3224.0629,1801000,22607500,3882483800,45718041800,3203.1189,3228.8678,3203.1189,3184.4696
103148000,3223.5574,2845400,31769000,3885329200,45749810800,3203.1189,3228.8678,3203.1189,3184.4696
103153000,3223.4863,2834200,33458300,3888163400,45783269100,3203.1189,3228.8678,3203.1189,3184.4696
103158000,3223.7939,1665400,30881000,3889828800,45814150100,3203.1189,3228.8678,3203.1189,3184.4696
103203000,3223.553,3547700,50686700,3893376500,45864836800,3203.1189,3228.8678,3203.1189,3184.4696
103208000,3223.7253,3281400,54287200,3896657900,45919124000,3203.1189,3228.8678,3203.1189,3184.4696
103213000,3223.7998,2171400,39606000,3898829300,45958730000,3203.1189,3228.8678,3203.1189,3184.4696
103218000,3223.6833,2990400,41035600,3901819700,45999765600,3203.1189,3228.8678,3203.1189,3184.4696
103223000,3223.7322,2145200,26662700,3903964900,46026428300,3203.1189,3228.8678,3203.1189,3184.4696
103228000,3223.3897,2191100,31382700,3906156000,46057811000,3203.1189,3228.8678,3203.1189,3184.4696
103233000,3223.2626,3172700,43071400,3909328700,46100882400,3203.1189,3228.8678,3203.1189,3184.4696
103238000,3223.1439,3543500,42971000,3912872200,46143853400,3203.1189,3228.8678,3203.1189,3184.4696
103243000,3223.3456,2114900,25260600,3914987100,46169114000,3203.1189,3228.8678,3203.1189,3184.4696
103248000,3223.0732,2809200,40824300,3917796300,46209938300,3203.1189,3228.8678,3203.1189,3184.4696
103253000,3223.1901,2724500,30729100,3920520800,46240667400,3203.1189,3228.8678,3203.1189,3184.4696
103258000,3223.0106,2143900,34795900,3922664700,46275463300,3203.1189,3228.8678,3203.1189,3184.4696
103303000,3223.3746,3095800,38271600,3925760500,46313734900,3203.1189,3228.8678,3203.1189,3184.4696
103308000,3222.9904,2686100,32574500,3928446600,46346309400,3203.1189,3228.8678,3203.1189,3184.4696
103313000,3222.9914,1341800,20912500,3929788400,46367221900,3203.1189,3228.8678,3203.1189,3184.4696
103318000,3223.0457,2279300,34389900,3932067700,46401611800,3203.1189,3228.8678,3203.1189,3184.4696
103323000,3223.1332,2647200,35161900,3934714900,46436773700,3203.1189,3228.8678,3203.1189,3184.4696
103328000,3223.0053,1811200,22133600,3936526100,46458907300,3203.1189,3228.8678,3203.1189,3184.4696
103333000,3222.7325,4549800,57263100,3941075900,46516170400,3203.1189,3228.8678,3203.1189,3184.4696
103338000,3222.6073,2860200,35756100,3943936100,46551926500,3203.1189,3228.8678,3203.1189,3184.4696
103343000,3222.4067,1186700,15988600,3945122800,46567915100,3203.1189,3228.8678,3203.1189,3184.4696
103348000,3222.4962,2899400,36323100,3948022200,46604238200,3203.1189,3228.8678,3203.1189,3184.4696
103353000,3222.106,2948900,28113700,3950971100,46632351900,3203.1189,3228.8678,3203.1189,3184.4696
103358000,3222.4687,1750900,23424200,3952722000,46655776100,3203.1189,3228.8678,3203.1189,3184.4696
103403000,3222.2322,3120800,40346100,3955842800,46696122200,3203.1189,3228.8678,3203.1189,3184.4696
103408000,3222.2104,2647900,35418400,3958490700,46731540600,3203.1189,3228.8678,3203.1189,3184.4696
103413000,3222.1588,1732100,26464600,3960222800,46758005200,3203.1189,3228.8678,3203.1189,3184.4696
103418000,3221.9523,3366700,41088100,3963589500,46799093300,3203.1189,3228.8678,3203.1189,3184.4696
103423000,3222.3938,1916600,25957700,3965506100,46825051000,3203.1189,3228.8678,3203.1189,3184.4696
103428000,3222.077,1509600,22022800,3967015700,46847073800,3203.1189,3228.8678,3203.1189,3184.4696
103433000,3222.2897,3323900,40736000,3970339600,46887809800,3203.1189,3228.8678,3203.1189,3184.4696
103438000,3221.7379,3307100,34096800,3973646700,46921906600,3203.1189,3228.8678,3203.1189,3184.4696
103443000,3222.1901,1455300,21760600,3975102000,46943667200,3203.1189,3228.8678,3203.1189,3184.4696
103448000,3222.0299,4193500,49257900,3979295500,46992925100,3203.1189,3228.8678,3203.1189,3184.4696
103453000,3222.2157,2348600,30259400,3981644100,47023184500,3203.1189,3228.8678,3203.1189,3184.4696
103458000,3222.0195,3060700,26800600,3984704800,47049985100,3203.1189,3228.8678,3203.1189,3184.4696
103503000,3222.442,3374900,41835900,3988079700,47091821000,3203.1189,3228.8678,3203.1189,3184.4696
103508000,3222.1739,2702900,31191700,3990782600,47123012700,3203.1189,3228.8678,3203.1189,3184.4696
103513000,3222.0327,2445400,23739300,3993228000,47146752000,3203.1189,3228.8678,3203.1189,3184.4696
103518000,3222.1163,3253500,37019700,3996481500,47183771700,3203.1189,3228.8678,3203.1189,3184.4696
103523000,3221.6965,2821300,27155600,3999302800,47210927300,3203.1189,3228.8678,3203.1189,3184.4696
103528000,3221.9662,3361900,26737900,4002664700,47237665200,3203.1189,3228.8678,3203.1189,3184.4696
103533000,3221.55,3411000,41104200,4006075700,47278769400,3203.1189,3228.8678,3203.1189,3184.4696
103538000,3222.0041,2895700,38080700,4008971400,47316850100,3203.1189,3228.8678,3203.1189,3184.4696
103543000,3221.9316,1314100,20428400,4010285500,47337278500,3203.1189,3228.8678,3203.1189,3184.4696
103548000,3222.1609,3286600,32943500,4013572100,47370222000,3203.1189,3228.8678,3203.1189,3184.4696
103553000,3222.1743,1939900,33290700,4015512000,47403512700,3203.1189,3228.8678,3203.1189,3184.4696
103558000,3221.981,1440800,26558800,4016952800,47430071500,3203.1189,3228.8678,3203.1189,3184.4696
103603000,3222.2093,2864600,33605800,4019817400,47463677300,3203.1189,3228.8678,3203.1189,3184.4696
103608000,3221.5871,1798600,26020300,4021616000,47489697600,3203.1189,3228.8678,3203.1189,3184.4696
103613000,3222.0039,1630700,18625300,4023246700,47508322900,3203.1189,3228.8678,3203.1189,3184.4696
103618000,3221.6395,3143500,49914900,4026390200,47558237800,3203.1189,3228.8678,3203.1189,3184.4696
103623000,3221.7797,1840500,27337800,4028230700,47585575600,3203.1189,3228.8678,3203.1189,3184.4696
103628000,3221.9153,1901700,23806100,4030132400,47609381700,3203.1189,3228.8678,3203.1189,3184.4696
103633000,3221.8766,3191900,33954200,4033324300,47643335900,3203.1189,3228.8678,3203.1189,3184.4696
103638000,3221.6004,3077200,41572800,4036401500,47684908700,3203.1189,3228.8678,3203.1189,3184.4696
103643000,3222.0434,1717700,24790500,4038119200,47709699200,3203.1189,3228.8678,3203.1189,3184.4696
103648000,3221.6306,2702400,33856300,4040821600,47743555500,3203.1189,3228.8678,3203.1189,3184.4696
103653000,3221.5932,2816100,26160600,4043637700,47769716100,3203.1189,3228.8678,3203.1189,3184.4696
103658000,3221.6295,1996100,22037200,4045633800,47791753300,3203.1189,3228.8678,3203.1189,3184.4696
103703000,3221.5509,2444100,42759900,4048077900,47834513200,3203.1189,3228.8678,3203.1189,3184.4696
103708000,3221.6169,3092900,47373500,4051170800,47881886700,3203.1189,3228.8678,3203.1189,3184.4696
103713000,3221.5721,1245700,16933800,4052416500,47898820500,3203.1189,3228.8678,3203.1189,3184.4696
103718000,3221.1126,4196200,41686400,4056612700,47940506900,3203.1189,3228.8678,3203.1189,3184.4696
103723000,3221.1618,2855400,29888900,4059468100,47970395800,3203.1189,3228.8678,3203.1189,3184.4696
103728000,3221.4778,1682700,23469900,4061150800,47993865700,3203.1189,3228.8678,3203.1189,3184.4696
103733000,3221.302,2127300,24082600,4063278100,48017948300,3203.1189,3228.8678,3203.1189,3184.4696
103738000,3221.5777,2203900,26944300,4065482000,48044892600,3203.1189,3228.8678,3203.1189,3184.4696
103743000,3221.1334,1627800,19424200,4067109800,48064316800,3203.1189,3228.8678,3203.1189,3184.4696
103748000,3221.0992,2702800,33145800,4069812600,48097462600,3203.1189,3228.8678,3203.1189,3184.4696
103753000,3221.2496,1846400,22225800,4071659000,48119688400,3203.1189,3228.8678,3203.1189,3184.4696
103758000,3221.031,2440300,23684300,4074099300,48143372700,3203.1189,3228.8678,3203.1189,3184.4696
103803000,3221.2634,2532100,34699000,4076631400,48178071700,3203.1189,3228.8678,3203.1189,3184.4696
103808000,3221.2334,2383600,30294100,4079015000,48208365800,3203.1189,3228.8678,3203.1189,3184.4696
103813000,3221.2287,2063200,23070800,4081078200,48231436600,3203.1189,3228.8678,3203.1189,3184.4696
103818000,3221.0753,3110000,39154800,4084188200,48270591400,3203.1189,3228.8678,3203.1189,3184.4696
103823000,3220.8443,2315800,25622500,4086504000,48296213900,3203.1189,3228.8678,3203.1189,3184.4696
103828000,3221.0528,2662000,36299600,4089166000,48332513500,3203.1189,3228.8678,3203.1189,3184.4696
103833000,3220.7419,2075200,28567800,4091241200,48361081300,3203.1189,3228.8678,3203.1189,3184.4696
103838000,3221.0606,1730500,22695900,4092971700,48383777200,3203.1189,3228.8678,3203.1189,3184.4696
103843000,3220.7703,923100,14046400,4093894800,48397823600,3203.1189,3228.8678,3203.1189,3184.4696
103848000,3220.6305,2749300,34953900,4096644100,48432777500,3203.1189,3228.8678,3203.1189,3184.4696
103853000,3220.7797,2376000,23842100,4099020100,48456619600,3203.1189,3228.8678,3203.1189,3184.4696
103858000,3221.1465,2409800,25330000,4101429900,48481949600,3203.1189,3228.8678,3203.1189,3184.4696
103903000,3220.6731,2661000,34277100,4104090900,48516226700,3203.1189,3228.8678,3203.1189,3184.4696
103908000,3220.5147,2379200,29005500,4106470100,48545232200,3203.1189,3228.8678,3203.1189,3184.4696
103913000,3220.6425,1073000,18495000,4107543100,48563727200,3203.1189,3228.8678,3203.1189,3184.4696
103918000,3220.6901,2076400,28105700,4109619500,48591832900,3203.1189,3228.8678,3203.1189,3184.4696
103923000,3220.5226,2797000,30947200,4112416500,48622780100,3203.1189,3228.8678,3203.1189,3184.4696
103928000,3220.6488,1665400,27254400,4114081900,48650034500,3203.1189,3228.8678,3203.1189,3184.4696
103933000,3220.5785,1986900,24934400,4116068800,48674968900,3203.1189,3228.8678,3203.1189,3184.4696
103938000,3220.4077,2776100,32653800,4118844900,48707622700,3203.1189,3228.8678,3203.1189,3184.4696
103943000,3220.4055,1570900,19756600,4120415800,48727379300,3203.1189,3228.8678,3203.1189,3184.4696
103948000,3219.8676,3310700,43270800,4123726500,48770650100,3203.1189,3228.8678,3203.1189,3184.4696
103953000,3219.8891,2421400,41619700,4126147900,48812269800,3203.1189,3228.8678,3203.1189,3184.4696
103958000,3219.5063,3422500,40768200,4129570400,48853038000,3203.1189,3228.8678,3203.1189,3184.4696
104003000,3219.4379,7017300,87926500,4136587700,48940964500,3203.1189,3228.8678,3203.1189,3184.4696
104008000,3218.7805,4754000,71769400,4141341700,49012733900,3203.1189,3228.8678,3203.1189,3184.4696
104013000,3218.0283,4020200,45086400,4145361900,49057820300,3203.1189,3228.8678,3203.1189,3184.4696
104018000,3217.6957,4589900,73746700,4149951800,49131567000,3203.1189,3228.8678,3203.1189,3184.4696
104023000,3217.0644,4089900,57503000,4154041700,49189070000,3203.1189,3228.8678,3203.1189,3184.4696
104028000,3216.3705,3927400,56752800,4157969100,49245822800,3203.1189,3228.8678,3203.1189,3184.4696
104033000,3215.8063,6998200,97008100,4164967300,49342830900,3203.1189,3228.8678,3203.1189,3184.4696
104038000,3215.2503,6858800,85527200,4171826100,49428358100,3203.1189,3228.8678,3203.1189,3184.4696
104043000,3214.7904,4568600,49521400,4176394700,49477879500,3203.1189,3228.8678,3203.1189,3184.4696
104048000,3214.7044,7297000,77925500,4183691700,49555805000,3203.1189,3228.8678,3203.1189,3184.4696
104053000,3214.3709,4072400,44817900,4187764100,49600622900,3203.1189,3228.8678,3203.1189,3184.4696
104058000,3214.202,4173600,45509100,4191937700,49646132000,3203.1189,3228.8678,3203.1189,3184.4696
104103000,3213.9271,6943800,60925800,4198881500,49707057800,3203.1189,3228.8678,3203.1189,3184.4696
104108000,3214.2143,8550600,60528100,4207432100,49767585900,3203.1189,3228.8678,3203.1189,3184.4696
104113000,3213.6175,4504300,38377600,4211936400,49805963500,3203.1189,3228.8678,3203.1189,3184.4696
104118000,3213.9888,4316200,48683500,4216252600,49854647000,3203.1189,3228.8678,3203.1189,3184.4696
104123000,3213.6828,2707200,34666900,4218959800,49889313900,3203.1189,3228.8678,3203.1189,3184.4696
104128000,3213.249,2130500,32370100,4221090300,49921684000,3203.1189,3228.8678,3203.1189,3184.4696
104133000,3213.6563,3774400,48700000,4224864700,49970384000,3203.1189,3228.8678,3203.1189,3184.4696
104138000,3213.4419,3311300,41905500,4228176000,50012289500,3203.1189,3228.8678,3203.1189,3184.4696
104143000,3213.3272,2416300,29756500,4230592300,50042046000,3203.1189,3228.8678,3203.1189,3184.4696
104148000,3213.5966,4281000,49539600,4234873300,50091585600,3203.1189,3228.8678,3203.1189,3184.4696
104153000,3213.7447,3314100,34635900,4238187400,50126221500,3203.1189,3228.8678,3203.1189,3184.4696
104158000,3214.5051,3671800,42732400,4241859200,50168953900,3203.1189,3228.8678,3203.1189,3184.4696
104203000,3213.7781,3514600,44299000,4245373800,50213252900,3203.1189,3228.8678,3203.1189,3184.4696
104208000,3213.7143,3417000,38591000,4248790800,50251843900,3203.1189,3228.8678,3203.1189,3184.4696
104213000,3213.602,1914100,29956900,4250704900,50281800800,3203.1189,3228.8678,3203.1189,3184.4696
104218000,3213.4322,3368000,43424200,4254072900,50325225000,3203.1189,3228.8678,3203.1189,3184.4696
104223000,3213.0942,3495500,36943300,4257568400,50362168300,3203.1189,3228.8678,3203.1189,3184.4696
104228000,3213.2869,2776800,32101800,4260345200,50394270100,3203.1189,3228.8678,3203.1189,3184.4696
104233000,3213.4851,3939000,44176000,4264284200,50438446100,3203.1189,3228.8678,3203.1189,3184.4696
104238000,3213.1987,2751700,35001200,4267035900,50473447300,3203.1189,3228.8678,3203.1189,3184.4696
104243000,3213.1818,1471100,21765100,4268507000,50495212400,3203.1189,3228.8678,3203.1189,3184.4696
104248000,3213.2753,3272400,36088500,4271779400,50531300900,3203.1189,3228.8678,3203.1189,3184.4696
104253000,3213.2581,2205600,28855600,4273985000,50560156500,3203.1189,3228.8678,3203.1189,3184.4696
104258000,3213.0655,2002800,27360800,4275987800,50587517300,3203.1189,3228.8678,3203.1189,3184.4696
104303000,3213.1402,3355600,34178000,4279343400,50621695300,3203.1189,3228.8678,3203.1189,3184.4696
104308000,3213.0266,3152300,40887100,4282495700,50662582400,3203.1189,3228.8678,3203.1189,3184.4696
104313000,3212.86,1525000,17990800,4284020700,50680573200,3203.1189,3228.8678,3203.1189,3184.4696
104318000,3213.4019,2481800,33115900,4286502500,50713689100,3203.1189,3228.8678,3203.1189,3184.4696
104323000,3213.3046,2619500,30309800,4289122000,50743998900,3203.1189,3228.8678,3203.1189,3184.4696
104328000,3213.7259,2655100,35116200,4291777100,50779115100,3203.1189,3228.8678,3203.1189,3184.4696
104333000,3213.4402,2211500,33451000,4293988600,50812566100,3203.1189,3228.8678,3203.1189,3184.4696
104338000,3213.5548,3306500,39818900,4297295100,50852385000,3203.1189,3228.8678,3203.1189,3184.4696
104343000,3213.5647,1774500,21035300,4299069600,50873420300,3203.1189,3228.8678,3203.1189,3184.4696
104348000,3213.6374,2988200,34943500,4302057800,50908363800,3203.1189,3228.8678,3203.1189,3184.4696
104353000,3213.7361,2912400,30438700,4304970200,50938802500,3203.1189,3228.8678,3203.1189,3184.4696
104358000,3213.8546,2306600,27973700,4307276800,50966776200,3203.1189,3228.8678,3203.1189,3184.4696
104403000,3213.7835,2349800,33689200,4309626600,51000465400,3203.1189,3228.8678,3203.1189,3184.4696
104408000,3213.9099,2325900,35592100,4311952500,51036057500,3203.1189,3228.8678,3203.1189,3184.4696
104413000,3213.8092,1173800,13752700,4313126300,51049810200,3203.1189,3228.8678,3203.1189,3184.4696
104418000,3213.4232,3074500,37409700,4316200800,51087219900,3203.1189,3228.8678,3203.1189,3184.4696
104423000,3213.5486,1749700,25195100,4317950500,51112415000,3203.1189,3228.8678,3203.1189,3184.4696
104428000,3214.2484,1714700,23293800,4319665200,51135708800,3203.1189,3228.8678,3203.1189,3184.4696
104433000,3214.0381,2577100,35173300,4322242300,51170882100,3203.1189,3228.8678,3203.1189,3184.4696
104438000,3213.7539,2157200,33538300,4324399500,51204420400,3203.1189,3228.8678,3203.1189,3184.4696
104443000,3213.9267,1185100,17121900,4325584600,51221542300,3203.1189,3228.8678,3203.1189,3184.4696
104448000,3213.5809,2356200,31587200,4327940800,51253129500,3203.1189,3228.8678,3203.1189,3184.4696
104453000,3213.5436,1658800,22050800,4329599600,51275180300,3203.1189,3228.8678,3203.1189,3184.4696
104458000,3213.4622,1417500,19721500,4331017100,51294901800,3203.1189,3228.8678,3203.1189,3184.4696
104503000,3213.5243,2240500,31280700,4333257600,51326182500,3203.1189,3228.8678,3203.1189,3184.4696
104508000,3213.4519,2468800,31690100,4335726400,51357872600,3203.1189,3228.8678,3203.1189,3184.4696
104513000,3213.68,1660700,19681200,4337387100,51377553800,3203.1189,3228.8678,3203.1189,3184.4696
104518000,3213.7235,1990400,26873600,4339377500,51404427400,3203.1189,3228.8678,3203.1189,3184.4696
104523000,3213.5322,1367500,19111200,4340745000,51423538600,3203.1189,3228.8678,3203.1189,3184.4696
104528000,3213.42,1553100,20106900,4342298100,51443645500,3203.1189,3228.8678,3203.1189,3184.4696
104533000,3213.8207,3635800,36377400,4345933900,51480022900,3203.1189,3228.8678,3203.1189,3184.4696
104538000,3214.0145,2113300,29583700,4348047200,51509606600,3203.1189,3228.8678,3203.1189,3184.4696
104543000,3213.8023,1441800,14651300,4349489000,51524257900,3203.1189,3228.8678,3203.1189,3184.4696
104548000,3213.77,2597600,32784700,4352086600,51557042600,3203.1189,3228.8678,3203.1189,3184.4696
104553000,3213.5934,1863700,23308900,4353950300,51580351500,3203.1189,3228.8678,3203.1189,3184.4696
104558000,3214.0021,1594300,24027000,4355544600,51604378500,3203.1189,3228.8678,3203.1189,3184.4696
104603000,3213.7325,1989100,44049900,4357533700,51648428400,3203.1189,3228.8678,3203.1189,3184.4696
104608000,3213.371,1911500,28371300,4359445200,51676799700,3203.1189,3228.8678,3203.1189,3184.4696
104613000,3213.4926,1005600,13004500,4360450800,51689804200,3203.1189,3228.8678,3203.1189,3184.4696
104618000,3213.2262,2442900,45044500,4362893700,51734848700,3203.1189,3228.8678,3203.1189,3184.4696
104623000,3213.1215,1507000,22081800,4364400700,51756930500,3203.1189,3228.8678,3203.1189,3184.4696
104628000,3212.527,2052500,24790900,4366453200,51781721400,3203.1189,3228.8678,3203.1189,3184.4696
104633000,3213.1857,2227200,29887100,4368680400,51811608500,3203.1189,3228.8678,3203.1189,3184.4696
104638000,3212.8179,2400000,37698000,4371080400,51849306500,3203.1189,3228.8678,3203.1189,3184.4696
104643000,3213.0076,1057200,18068100,4372137600,51867374600,3203.1189,3228.8678,3203.1189,3184.4696
104648000,3212.5859,2525800,38219000,4374663400,51905593600,3203.1189,3228.8678,3203.1189,3184.4696
104653000,3212.4555,1659100,25440300,4376322500,51931033900,3203.1189,3228.8678,3203.1189,3184.4696
104658000,3212.3422,1355700,22334900,4377678200,51953368800,3203.1189,3228.8678,3203.1189,3184.4696
104703000,3212.1536,1871900,31511800,4379550100,51984880600,3203.1189,3228.8678,3203.1189,3184.4696
104708000,3212.472,2082300,28251000,4381632400,52013131600,3203.1189,3228.8678,3203.1189,3184.4696
104713000,3212.6222,1358100,23641300,4382990500,52036772900,3203.1189,3228.8678,3203.1189,3184.4696
104718000,3213.2836,2797700,33397000,4385788200,52070169900,3203.1189,3228.8678,3203.1189,3184.4696
104723000,3213.0495,1966300,29024900,4387754500,52099194800,3203.1189,3228.8678,3203.1189,3184.4696
104728000,3213.0246,2199400,31884700,4389953900,52131079500,3203.1189,3228.8678,3203.1189,3184.4696
104733000,3212.9208,2309300,33441700,4392263200,52164521200,3203.1189,3228.8678,3203.1189,3184.4696
104738000,3213.839,2363000,31049800,4394626200,52195571000,3203.1189,3228.8678,3203.1189,3184.4696
104743000,3213.8705,1307900,18040500,4395934100,52213611500,3203.1189,3228.8678,3203.1189,3184.4696
104748000,3213.7153,2787300,36900100,4398721400,52250511600,3203.1189,3228.8678,3203.1189,3184.4696
104753000,3213.421,1880600,20843200,4400602000,52271354800,3203.1189,3228.8678,3203.1189,3184.4696
104758000,3213.3867,1900000,23510500,4402502000,52294865300,3203.1189,3228.8678,3203.1189,3184.4696
104803000,3213.3961,1770800,26260600,4404272800,52321125900,3203.1189,3228.8678,3203.1189,3184.4696
104808000,3213.4017,2376700,33858000,4406649500,52354983900,3203.1189,3228.8678,3203.1189,3184.4696
104813000,3213.4743,1197200,22359400,4407846700,52377343300,3203.1189,3228.8678,3203.1189,3184.4696
104818000,3213.3241,2301200,28254600,4410147900,52405597900,3203.1189,3228.8678,3203.1189,3184.4696
104823000,3213.7338,2328600,26487800,4412476500,52432085700,3203.1189,3228.8678,3203.1189,3184.4696
104828000,3213.7422,2107100,32575000,4414583600,52464660700,3203.1189,3228.8678,3203.1189,3184.4696
104833000,3213.4799,1490500,22096000,4416074100,52486756700,3203.1189,3228.8678,3203.1189,3184.4696
104838000,3213.6748,2118100,28370400,4418192200,52515127100,3203.1189,3228.8678,3203.1189,3184.4696
104843000,3213.6951,1144200,13922900,4419336400,52529050000,3203.1189,3228.8678,3203.1189,3184.4696
104848000,3213.6051,2040900,28401600,4421377300,52557451600,3203.1189,3228.8678,3203.1189,3184.4696
104853000,3213.2334,1578800,18908000,4422956100,52576359600,3203.1189,3228.8678,3203.1189,3184.4696
104858000,3213.5415,1358000,19515900,4424314100,52595875500,3203.1189,3228.8678,3203.1189,3184.4696
104903000,3213.7803,1923200,27798900,4426237300,52623674400,3203.1189,3228.8678,3203.1189,3184.4696
104908000,3213.6986,2092400,33343900,4428329700,52657018300,3203.1189,3228.8678,3203.1189,3184.4696
104913000,3213.8102,1215700,17867400,4429545400,52674885700,3203.1189,3228.8678,3203.1189,3184.4696
104918000,3213.6863,1760100,27935900,4431305500,52702821600,3203.1189,3228.8678,3203.1189,3184.4696
104923000,3213.491,1656100,22710700,4432961600,52725532300,3203.1189,3228.8678,3203.1189,3184.4696
104928000,3213.7998,1774000,21951200,4434735600,52747483500,3203.1189,3228.8678,3203.1189,3184.4696
104933000,3213.6861,2754400,34988800,4437490000,52782472300,3203.1189,3228.8678,3203.1189,3184.4696
104938000,3213.4591,1972900,26520100,4439462900,52808992400,3203.1189,3228.8678,3203.1189,3184.4696
104943000,3213.4947,966300,16432100,4440429200,52825424500,3203.1189,3228.8678,3203.1189,3184.4696
104948000,3213.2675,2174400,30018700,4442603600,52855443200,3203.1189,3228.8678,3203.1189,3184.4696
104953000,3213.4329,2228000,27306300,4444831600,52882749500,3203.1189,3228.8678,3203.1189,3184.4696
104958000,3213.6623,2422000,28329900,4447253600,52911079400,3203.1189,3228.8678,3203.1189,3184.4696
105003000,3213.4088,2863000,43414500,4450116600,52954493900,3203.1189,3228.8678,3203.1189,3184.4696
105008000,3213.2974,1976100,25773100,4452092700,52980267000,3203.1189,3228.8678,3203.1189,3184.4696
105013000,3213.4176,1172700,20475500,4453265400,53000742500,3203.1189,3228.8678,3203.1189,3184.4696
105018000,3213.9468,2010300,28250000,4455275700,53028992500,3203.1189,3228.8678,3203.1189,3184.4696
105023000,3213.6138,2066900,25867800,4457342600,53054860300,3203.1189,3228.8678,3203.1189,3184.4696
105028000,3213.8157,1701500,26420900,4459044100,53081281200,3203.1189,3228.8678,3203.1189,3184.4696
105033000,3213.4943,1590400,24937900,4460634500,53106219100,3203.1189,3228.8678,3203.1189,3184.4696
105038000,3213.2753,1331500,20566200,4461966000,53126785300,3203.1189,3228.8678,3203.1189,3184.4696
105043000,3213.5597,1078700,16160800,4463044700,53142946100,3203.1189,3228.8678,3203.1189,3184.4696
105048000,3213.2742,2768700,31896900,4465813400,53174843000,3203.1189,3228.8678,3203.1189,3184.4696
105053000,3213.4831,1923400,19165200,4467736800,53194008200,3203.1189,3228.8678,3203.1189,3184.4696
105058000,3213.4569,1396000,20007700,4469132800,53214015900,3203.1189,3228.8678,3203.1189,3184.4696
105103000,3213.5275,1887100,28646400,4471019900,53242662300,3203.1189,3228.8678,3203.1189,3184.4696
105108000,3213.2086,1901500,25912500,4472921400,53268574800,3203.1189,3228.8678,3203.1189,3184.4696
105113000,3213.172,989900,13494900,4473911300,53282069700,3203.1189,3228.8678,3203.1189,3184.4696
105118000,3213.3157,1893100,26201800,4475804400,53308271500,3203.1189,3228.8678,3203.1189,3184.4696
105123000,3213.2702,1668700,17468800,4477473100,53325740300,3203.1189,3228.8678,3203.1189,3184.4696
105128000,3213.2538,1842900,28276400,4479316000,53354016700,3203.1189,3228.8678,3203.1189,3184.4696
105133000,3213.0437,2247800,32574900,4481563800,53386591600,3203.1189,3228.8678,3203.1189,3184.4696
105138000,3213.2893,1505200,19034100,4483069000,53405625700,3203.1189,3228.8678,3203.1189,3184.4696
105143000,3213.1221,733100,12434000,4483802100,53418059700,3203.1189,3228.8678,3203.1189,3184.4696
105148000,3212.8359,2361200,31297600,4486163300,53449357300,3203.1189,3228.8678,3203.1189,3184.4696
105153000,3213.0262,1822800,25672900,4487986100,53475030200,3203.1189,3228.8678,3203.1189,3184.4696
105158000,3213.1122,1371800,21107500,4489357900,53496137700,3203.1189,3228.8678,3203.1189,3184.4696
105203000,3212.6908,2866100,31032000,4492224000,53527169700,3203.1189,3228.8678,3203.1189,3184.4696
105208000,3212.7348,2779900,26640200,4495003900,53553809900,3203.1189,3228.8678,3203.1189,3184.4696
105213000,3212.5159,1534800,22322300,4496538700,53576132200,3203.1189,3228.8678,3203.1189,3184.4696
105218000,3212.5944,1960600,29207800,4498499300,53605340000,3203.1189,3228.8678,3203.1189,3184.4696
105223000,3212.4849,1615300,24070100,4500114600,53629410100,3203.1189,3228.8678,3203.1189,3184.4696
105228000,3212.7993,1643100,22251700,4501757700,53651661800,3203.1189,3228.8678,3203.1189,3184.4696
105233000,3212.5746,2645600,28407100,4504403300,53680068900,3203.1189,3228.8678,3203.1189,3184.4696
105238000,3212.6736,2691600,27245400,4507094900,53707314300,3203.1189,3228.8678,3203.1189,3184.4696
105243000,3212.5801,2133500,23832400,4509228400,53731146700,3203.1189,3228.8678,3203.1189,3184.4696
105248000,3213.1151,2118800,27483800,4511347200,53758630500,3203.1189,3228.8678,3203.1189,3184.4696
105253000,3212.4634,1292800,17958400,4512640000,53776588900,3203.1189,3228.8678,3203.1189,3184.4696
105258000,3212.4646,1299800,19388600,4513939800,53795977500,3203.1189,3228.8678,3203.1189,3184.4696
105303000,3212.4386,2094700,28067800,4516034500,53824045300,3203.1189,3228.8678,3203.1189,3184.4696
105308000,3212.2138,2354300,27897200,4518388800,53851942500,3203.1189,3228.8678,3203.1189,3184.4696
105313000,3211.9498,1247600,17257000,4519636400,53869199500,3203.1189,3228.8678,3203.1189,3184.4696
105318000,3212.355,2036900,26554300,4521673300,53895753800,3203.1189,3228.8678,3203.1189,3184.4696
105323000,3212.5239,1788600,22724800,4523461900,53918478600,3203.1189,3228.8678,3203.1189,3184.4696
105328000,3212.4778,1496000,18199500,4524957900,53936678100,3203.1189,3228.8678,3203.1189,3184.4696
105333000,3212.3441,1917100,23680400,4526875000,53960358500,3203.1189,3228.8678,3203.1189,3184.4696
105338000,3214.2448,4892500,56243800,4531767500,54016602300,3203.1189,3228.8678,3203.1189,3184.4696
105343000,3214.348,2197600,25347200,4533965100,54041949500,3203.1189,3228.8678,3203.1189,3184.4696
105348000,3215.2617,5828200,70465700,4539793300,54112415200,3203.1189,3228.8678,3203.1189,3184.4696
105353000,3215.118,2922900,39403800,4542716200,54151819000,3203.1189,3228.8678,3203.1189,3184.4696
105358000,3214.8108,1962600,22334500,4544678800,54174153500,3203.1189,3228.8678,3203.1189,3184.4696
105403000,3214.9056,2672600,29756200,4547351400,54203909700,3203.1189,3228.8678,3203.1189,3184.4696
105408000,3214.4131,1887500,22237600,4549238900,54226147300,3203.1189,3228.8678,3203.1189,3184.4696
105413000,3214.2496,1277600,20790700,4550516500,54246938000,3203.1189,3228.8678,3203.1189,3184.4696
105418000,3214.6613,1841300,24369900,4552357800,54271307900,3203.1189,3228.8678,3203.1189,3184.4696
105423000,3214.9371,2109300,19436700,4554467100,54290744600,3203.1189,3228.8678,3203.1189,3184.4696
105428000,3214.8797,1355900,21271500,4555823000,54312016100,3203.1189,3228.8678,3203.1189,3184.4696
105433000,3214.7796,2429000,25083600,4558252000,54337099700,3203.1189,3228.8678,3203.1189,3184.4696
105438000,3214.7084,2134700,28537600,4560386700,54365637300,3203.1189,3228.8678,3203.1189,3184.4696
105443000,3214.3831,954400,15149900,4561341100,54380787200,3203.1189,3228.8678,3203.1189,3184.4696
105448000,3214.4742,1657300,23870100,4562998400,54404657300,3203.1189,3228.8678,3203.1189,3184.4696
105453000,3214.6707,1178500,15967000,4564176900,54420624300,3203.1189,3228.8678,3203.1189,3184.4696
105458000,3214.497,1675100,22518800,4565852000,54443143100,3203.1189,3228.8678,3203.1189,3184.4696
105503000,3214.3087,1830100,21630900,4567682100,54464774000,3203.1189,3228.8678,3203.1189,3184.4696
105508000,3214.4474,1720300,19550100,4569402400,54484324100,3203.1189,3228.8678,3203.1189,3184.4696
105513000,3214.2872,1053900,15473900,4570456300,54499798000,3203.1189,3228.8678,3203.1189,3184.4696
105518000,3214.6564,1724600,22873000,4572180900,54522671000,3203.1189,3228.8678,3203.1189,3184.4696
105523000,3214.0767,1180900,17166000,4573361800,54539837000,3203.1189,3228.8678,3203.1189,3184.4696
105528000,3214.2364,1693900,21746500,4575055700,54561583500,3203.1189,3228.8678,3203.1189,3184.4696
105533000,3214.225,2015000,26220600,4577070700,54587804100,3203.1189,3228.8678,3203.1189,3184.4696
105538000,3214.2085,2398500,25498000,4579469200,54613302100,3203.1189,3228.8678,3203.1189,3184.4696
105543000,3214.4387,1211500,18599600,4580680700,54631901700,3203.1189,3228.8678,3203.1189,3184.4696
105548000,3213.9158,2102500,21773200,4582783200,54653674900,3203.1189,3228.8678,3203.1189,3184.4696
105553000,3214.0945,1529000,20076900,4584312200,54673751800,3203.1189,3228.8678,3203.1189,3184.4696
105558000,3214.2428,1192500,16535200,4585504700,54690287000,3203.1189,3228.8678,3203.1189,3184.4696
105603000,3214.2987,2004000,27002300,4587508700,54717289300,3203.1189,3228.8678,3203.1189,3184.4696
105608000,3214.5347,1484700,18164100,4588993400,54735453400,3203.1189,3228.8678,3203.1189,3184.4696
105613000,3214.1676,977900,13578300,4589971300,54749031700,3203.1189,3228.8678,3203.1189,3184.4696
105618000,3214.078,3250000,34202000,4593221300,54783233700,3203.1189,3228.8678,3203.1189,3184.4696
105623000,3214.0871,1102400,16464200,4594323700,54799697900,3203.1189,3228.8678,3203.1189,3184.4696
105628000,3213.7565,1187900,16511700,4595511600,54816209600,3203.1189,3228.8678,3203.1189,3184.4696
105633000,3214.3521,1511800,22353400,4597023400,54838563000,3203.1189,3228.8678,3203.1189,3184.4696
105638000,3213.6501,1911200,21009600,4598934600,54859572600,3203.1189,3228.8678,3203.1189,3184.4696
105643000,3214.077,780700,12446700,4599715300,54872019300,3203.1189,3228.8678,3203.1189,3184.4696
105648000,3213.6967,2096600,28984200,4601811900,54901003500,3203.1189,3228.8678,3203.1189,3184.4696
105653000,3213.8569,2150400,19986100,4603962300,54920989600,3203.1189,3228.8678,3203.1189,3184.4696
105658000,3213.7974,914800,14469900,4604877100,54935459500,3203.1189,3228.8678,3203.1189,3184.4696
105703000,3213.3461,2538200,23061100,4607415300,54958520600,3203.1189,3228.8678,3203.1189,3184.4696
105708000,3213.0606,1868500,20995100,4609283800,54979515700,3203.1189,3228.8678,3203.1189,3184.4696
105713000,3213.4667,1056500,12478900,4610340300,54991994600,3203.1189,3228.8678,3203.1189,3184.4696
105718000,3213.5571,2000200,25025800,4612340500,55017020400,3203.1189,3228.8678,3203.1189,3184.4696
105723000,3213.131,1363900,15763300,4613704400,55032783700,3203.1189,3228.8678,3203.1189,3184.4696
105728000,3213.1129,1469800,17840300,4615174200,55050624000,3203.1189,3228.8678,3203.1189,3184.4696
105733000,3212.6839,2177000,22957700,4617351200,55073581700,3203.1189,3228.8678,3203.1189,3184.4696
105738000,3212.8648,3095000,31088000,4620446200,55104669700,3203.1189,3228.8678,3203.1189,3184.4696
105743000,3212.6017,1332700,15066900,4621778900,55119736600,3203.1189,3228.8678,3203.1189,3184.4696
105748000,3212.8132,1677800,19316600,4623456700,55139053200,3203.1189,3228.8678,3203.1189,3184.4696
105753000,3212.6705,1189900,16254800,4624646600,55155308000,3203.1189,3228.8678,3203.1189,3184.4696
105758000,3212.173,1907300,23156400,4626553900,55178464400,3203.1189,3228.8678,3203.1189,3184.4696
105803000,3211.7883,2582000,36397900,4629135900,55214862300,3203.1189,3228.8678,3203.1189,3184.4696
105808000,3212.1383,3288800,35945100,4632424700,55250807400,3203.1189,3228.8678,3203.1189,3184.4696
105813000,3211.8528,1538900,21138600,4633963600,55271946000,3203.1189,3228.8678,3203.1189,3184.4696
105818000,3211.8318,3015900,31851100,4636979500,55303797100,3203.1189,3228.8678,3203.1189,3184.4696
105823000,3211.5607,2734500,27925600,4639714000,55331722700,3203.1189,3228.8678,3203.1189,3184.4696
105828000,3211.0576,1182800,16922300,4640896800,55348645000,3203.1189,3228.8678,3203.1189,3184.4696
105833000,3211.1762,2253600,32881100,4643150400,55381526100,3203.1189,3228.8678,3203.1189,3184.4696
105838000,3211.0288,2147700,23537100,4645298100,55405063200,3203.1189,3228.8678,3203.1189,3184.4696
105843000,3211.1684,907500,11779000,4646205600,55416842200,3203.1189,3228.8678,3203.1189,3184.4696
105848000,3210.879,2241900,29328000,4648447500,55446170200,3203.1189,3228.8678,3203.1189,3184.4696
105853000,3210.6343,1443400,15842500,4649890900,55462012700,3203.1189,3228.8678,3203.1189,3184.4696
105858000,3210.9724,1440100,19178100,4651331000,55481190800,3203.1189,3228.8678,3203.1189,3184.4696
105903000,3210.7097,2325500,27407100,4653656500,55508597900,3203.1189,3228.8678,3203.1189,3184.4696
105908000,3210.8761,3473900,31943900,4657130400,55540541800,3203.1189,3228.8678,3203.1189,3184.4696
105913000,3210.863,876000,12712700,4658006400,55553254500,3203.1189,3228.8678,3203.1189,3184.4696
105918000,3210.6405,2521100,31389500,4660527500,55584644000,3203.1189,3228.8678,3203.1189,3184.4696
105923000,3210.2888,1970000,27883300,4662497500,55612527300,3203.1189,3228.8678,3203.1189,3184.4696
105928000,3210.3231,1424200,21717800,4663921700,55634245100,3203.1189,3228.8678,3203.1189,3184.4696
105933000,3210.4237,2378100,29407600,4666299800,55663652700,3203.1189,3228.8678,3203.1189,3184.4696
105938000,3210.0832,1793100,21017600,4668092900,55684670300,3203.1189,3228.8678,3203.1189,3184.4696
105943000,3210.4498,1210000,17498000,4669302900,55702168300,3203.1189,3228.8678,3203.1189,3184.4696
105948000,3209.6735,2802900,32942800,4672105800,55735111100,3203.1189,3228.8678,3203.1189,3184.4696
105953000,3209.9049,2208700,22884600,4674314500,55757995700,3203.1189,3228.8678,3203.1189,3184.4696
105958000,3209.6027,1688300,22946600,4676002800,55780942300,3203.1189,3228.8678,3203.1189,3184.4696
110003000,3209.6186,2346600,29798200,4678349400,55810740500,3203.1189,3228.8678,3203.1189,3184.4696
110008000,3209.1708,3282300,54845100,4681631700,55865585600,3203.1189,3228.8678,3203.1189,3184.4696
110013000,3209.6848,1008300,17344800,4682640000,55882930400,3203.1189,3228.8678,3203.1189,3184.4696
110018000,3209.2122,2272000,29760400,4684912000,55912690800,3203.1189,3228.8678,3203.1189,3184.4696
110023000,3208.6747,1596600,19936600,4686508600,55932627400,3203.1189,3228.8678,3203.1189,3184.4696
110028000,3209.1509,1326300,17761600,4687834900,55950389000,3203.1189,3228.8678,3203.1189,3184.4696
110033000,3208.6739,2058100,33893900,4689893000,55984282900,3203.1189,3228.8678,3203.1189,3184.4696
110038000,3208.3301,1868000,26111500,4691761000,56010394400,3203.1189,3228.8678,3203.1189,3184.4696
110043000,3208.4463,1529700,17448300,4693290700,56027842700,3203.1189,3228.8678,3203.1189,3184.4696
110048000,3208.4805,3159400,34333100,4696450100,56062175800,3203.1189,3228.8678,3203.1189,3184.4696
110053000,3208.3014,2285000,31804000,4698735100,56093979800,3203.1189,3228.8678,3203.1189,3184.4696
110058000,3208.5836,1830000,22380800,4700565100,56116360600,3203.1189,3228.8678,3203.1189,3184.4696
110103000,3208.44,1978100,29279600,4702543200,56145640200,3203.1189,3228.8678,3203.1189,3184.4696
110108000,3208.0914,2390700,31109300,4704933900,56176749500,3203.1189,3228.8678,3203.1189,3184.4696
110113000,3208.2591,1309200,15750800,4706243100,56192500300,3203.1189,3228.8678,3203.1189,3184.4696
110118000,3208.2014,2310900,30951300,4708554000,56223451600,3203.1189,3228.8678,3203.1189,3184.4696
110123000,3208.0567,2174000,26801900,4710728000,56250253500,3203.1189,3228.8678,3203.1189,3184.4696
110128000,3207.6666,2010600,24233100,4712738600,56274486600,3203.1189,3228.8678,3203.1189,3184.4696
110133000,3208.1276,2742900,30227600,4715481500,56304714200,3203.1189,3228.8678,3203.1189,3184.4696
110138000,3207.6537,2661100,26859700,4718142600,56331573900,3203.1189,3228.8678,3203.1189,3184.4696
110143000,3207.939,946400,13434900,4719089000,56345008800,3203.1189,3228.8678,3203.1189,3184.4696
110148000,3209.0244,2649100,32437100,4721738100,56377445900,3203.1189,3228.8678,3203.1189,3184.4696
110153000,3208.8725,2037600,24358700,4723775700,56401804600,3203.1189,3228.8678,3203.1189,3184.4696
110158000,3209.2318,2389000,27139200,4726164700,56428943800,3203.1189,3228.8678,3203.1189,3184.4696
110203000,3209.3441,2615200,27498600,4728779900,56456442400,3203.1189,3228.8678,3203.1189,3184.4696
110208000,3209.002,1946700,23981500,4730726600,56480423900,3203.1189,3228.8678,3203.1189,3184.4696
110213000,3209.0381,3195000,27337500,4733921600,56507761400,3203.1189,3228.8678,3203.1189,3184.4696
110218000,3208.7854,3358000,32419600,4737279600,56540181000,3203.1189,3228.8678,3203.1189,3184.4696
110223000,3208.2358,1623000,15703800,4738902600,56555884800,3203.1189,3228.8678,3203.1189,3184.4696
110228000,3208.4203,1379600,17873100,4740282200,56573757900,3203.1189,3228.8678,3203.1189,3184.4696
110233000,3208.3818,2010300,26145600,4742292500,56599903500,3203.1189,3228.8678,3203.1189,3184.4696
110238000,3208.3892,1718800,20205300,4744011300,56620108800,3203.1189,3228.8678,3203.1189,3184.4696
110243000,3208.0891,1327900,13979000,4745339200,56634087800,3203.1189,3228.8678,3203.1189,3184.4696
110248000,3207.9611,2416100,25113600,4747755300,56659201400,3203.1189,3228.8678,3203.1189,3184.4696
110253000,3208.0694,1383300,18767100,4749138600,56677968500,3203.1189,3228.8678,3203.1189,3184.4696
110258000,3208.7595,1421500,18605800,4750560100,56696574300,3203.1189,3228.8678,3203.1189,3184.4696
110303000,3208.0895,2490000,26693300,4753050100,56723267600,3203.1189,3228.8678,3203.1189,3184.4696
110308000,3208.5488,3293900,31492900,4756344000,56754760500,3203.1189,3228.8678,3203.1189,3184.4696
110313000,3208.3613,1261800,15267300,4757605800,56770027800,3203.1189,3228.8678,3203.1189,3184.4696
110318000,3208.0492,1830600,20201200,4759436400,56790229000,3203.1189,3228.8678,3203.1189,3184.4696
110323000,3208.0997,2080900,19906400,4761517300,56810135400,3203.1189,3228.8678,3203.1189,3184.4696
110328000,3207.7527,1503500,15430300,4763020800,56825565700,3203.1189,3228.8678,3203.1189,3184.4696
110333000,3207.8903,1900800,24552800,4764921600,56850118500,3203.1189,3228.8678,3203.1189,3184.4696
110338000,3208.7841,2674400,31054200,4767596000,56881172700,3203.1189,3228.8678,3203.1189,3184.4696
110343000,3208.4791,1119800,18577200,4768715800,56899749900,3203.1189,3228.8678,3203.1189,3184.4696
110348000,3208.3539,3159500,28094600,4771875300,56927844500,3203.1189,3228.8678,3203.1189,3184.4696
110353000,3208.4534,1413900,18331000,4773289200,56946175500,3203.1189,3228.8678,3203.1189,3184.4696
110358000,3208.3822,1585100,20740400,4774874300,56966915900,3203.1189,3228.8678,3203.1189,3184.4696
110403000,3208.3289,2635600,31222200,4777509900,56998138100,3203.1189,3228.8678,3203.1189,3184.4696
110408000,3208.2778,2145600,22568000,4779655500,57020706100,3203.1189,3228.8678,3203.1189,3184.4696
110413000,3208.0221,1055800,15701100,4780711300,57036407200,3203.1189,3228.8678,3203.1189,3184.4696
110418000,3208.2914,1878800,23869100,4782590100,57060276300,3203.1189,3228.8678,3203.1189,3184.4696
110423000,3208.0387,1491200,16218600,4784081300,57076494900,3203.1189,3228.8678,3203.1189,3184.4696
110428000,3208.1015,1067800,14963200,4785149100,57091458100,3203.1189,3228.8678,3203.1189,3184.4696
110433000,3207.8677,1459500,18584600,4786608600,57110042700,3203.1189,3228.8678,3203.1189,3184.4696
110438000,3207.995,1986800,26920900,4788595400,57136963600,3203.1189,3228.8678,3203.1189,3184.4696
110443000,3208.4485,1669500,16221800,4790264900,57153185400,3203.1189,3228.8678,3203.1189,3184.4696
110448000,3208.0961,2279600,34061200,4792544500,57187246600,3203.1189,3228.8678,3203.1189,3184.4696
110453000,3208.2225,1621900,19172300,4794166400,57206418900,3203.1189,3228.8678,3203.1189,3184.4696
110458000,3208.3307,1481600,20101700,4795648000,57226520600,3203.1189,3228.8678,3203.1189,3184.4696
110503000,3208.4484,1728000,23319700,4797376000,57249840300,3203.1189,3228.8678,3203.1189,3184.4696
110508000,3207.9929,2004100,23886300,4799380100,57273726600,3203.1189,3228.8678,3203.1189,3184.4696
110513000,3208.2973,945200,13196400,4800325300,57286923000,3203.1189,3228.8678,3203.1189,3184.4696
110518000,3208.0829,2087800,28913800,4802413100,57315836800,3203.1189,3228.8678,3203.1189,3184.4696
110523000,3208.219,1150900,12933900,4803564000,57328770700,3203.1189,3228.8678,3203.1189,3184.4696
110528000,3208.1018,2421000,21696600,4805985000,57350467300,3203.1189,3228.8678,3203.1189,3184.4696
110533000,3208.1432,1893300,27978200,4807878300,57378445500,3203.1189,3228.8678,3203.1189,3184.4696
110538000,3207.8428,3801600,30649800,4811679900,57409095300,3203.1189,3228.8678,3203.1189,3184.4696
110543000,3208.0985,1225300,15229600,4812905200,57424324900,3203.1189,3228.8678,3203.1189,3184.4696
110548000,3207.9771,2832300,33722900,4815737500,57458047800,3203.1189,3228.8678,3203.1189,3184.4696
110553000,3207.9314,1443300,19272700,4817180800,57477320500,3203.1189,3228.8678,3203.1189,3184.4696
110558000,3208.2132,1295900,18981300,4818476700,57496301800,3203.1189,3228.8678,3203.1189,3184.4696
110603000,3207.6698,1687300,25526200,4820164000,57521828000,3203.1189,3228.8678,3203.1189,3184.4696
110608000,3207.9226,1691200,23348500,4821855200,57545176500,3203.1189,3228.8678,3203.1189,3184.4696
110613000,3208.4415,875400,12939400,4822730600,57558115900,3203.1189,3228.8678,3203.1189,3184.4696
110618000,3207.8784,1617000,21859800,4824347600,57579975700,3203.1189,3228.8678,3203.1189,3184.4696
110623000,3208.1422,3009500,28591100,4827357100,57608566800,3203.1189,3228.8678,3203.1189,3184.4696
110628000,3207.9307,1315600,15720800,4828672700,57624287600,3203.1189,3228.8678,3203.1189,3184.4696
110633000,3208.954,2336200,25716500,4831008900,57650004100,3203.1189,3228.8678,3203.1189,3184.4696
110638000,3208.853,2630100,26881000,4833639000,57676885100,3203.1189,3228.8678,3203.1189,3184.4696
110643000,3208.7307,2094900,17243800,4835733900,57694128900,3203.1189,3228.8678,3203.1189,3184.4696
110648000,3208.6487,1901200,31502800,4837635100,57725631700,3203.1189,3228.8678,3203.1189,3184.4696
110653000,3209.0025,1130400,14024500,4838765500,57739656200,3203.1189,3228.8678,3203.1189,3184.4696
110658000,3208.5306,2108400,24096500,4840873900,57763752700,3203.1189,3228.8678,3203.1189,3184.4696
110703000,3209.1947,2265700,26956000,4843139600,57790708700,3203.1189,3228.8678,3203.1189,3184.4696
110708000,3208.8333,1723900,23869500,4844863500,57814578200,3203.1189,3228.8678,3203.1189,3184.4696
110713000,3208.9773,789300,12115100,4845652800,57826693300,3203.1189,3228.8678,3203.1189,3184.4696
110718000,3208.6877,1741400,21153400,4847394200,57847846700,3203.1189,3228.8678,3203.1189,3184.4696
110723000,3208.5576,2005800,18853200,4849400000,57866699900,3203.1189,3228.8678,3203.1189,3184.4696
110728000,3208.7216,1232400,14152600,4850632400,57880852500,3203.1189,3228.8678,3203.1189,3184.4696
110733000,3208.3577,1915200,21486000,4852547600,57902338500,3203.1189,3228.8678,3203.1189,3184.4696
110738000,3208.5992,1519100,20328000,4854066700,57922666500,3203.1189,3228.8678,3203.1189,3184.4696
110743000,3208.61,837800,10139900,4854904500,57932806400,3203.1189,3228.8678,3203.1189,3184.4696
110748000,3208.2419,1291800,16867200,4856196300,57949673600,3203.1189,3228.8678,3203.1189,3184.4696
110753000,3207.9469,1564500,17021200,4857760800,57966694800,3203.1189,3228.8678,3203.1189,3184.4696
110758000,3208.377,1263100,16425100,4859023900,57983119900,3203.1189,3228.8678,3203.1189,3184.4696
110803000,3208.463,1836600,18144600,4860860500,58001264500,3203.1189,3228.8678,3203.1189,3184.4696
110808000,3208.4998,2363900,24155000,4863224400,58025419500,3203.1189,3228.8678,3203.1189,3184.4696
110813000,3208.959,1261600,13710700,4864486000,58039130200,3203.1189,3228.8678,3203.1189,3184.4696
110818000,3208.5052,1995000,21391800,4866481000,58060522000,3203.1189,3228.8678,3203.1189,3184.4696
110823000,3208.1453,1419000,15957800,4867900000,58076479800,3203.1189,3228.8678,3203.1189,3184.4696
110828000,3208.0382,869600,11695900,4868769600,58088175700,3203.1189,3228.8678,3203.1189,3184.4696
110833000,3208.5479,1530300,19429900,4870299900,58107605600,3203.1189,3228.8678,3203.1189,3184.4696
110838000,3208.719,1837600,26030000,4872137500,58133635600,3203.1189,3228.8678,3203.1189,3184.4696
110843000,3208.4895,903100,12417300,4873040600,58146052900,3203.1189,3228.8678,3203.1189,3184.4696
110848000,3208.5292,1786300,21586800,4874826900,58167639700,3203.1189,3228.8678,3203.1189,3184.4696
110853000,3208.4818,893500,11544700,4875720400,58179184400,3203.1189,3228.8678,3203.1189,3184.4696
110858000,3208.5342,1330700,18816000,4877051100,58198000400,3203.1189,3228.8678,3203.1189,3184.4696
110903000,3208.529,1797800,28206600,4878848900,58226207000,3203.1189,3228.8678,3203.1189,3184.4696
110908000,3208.1927,1394400,19023900,4880243300,58245230900,3203.1189,3228.8678,3203.1189,3184.4696
110913000,3208.3847,646900,8674000,4880890200,58253904900,3203.1189,3228.8678,3203.1189,3184.4696
110918000,3208.7497,1693900,20515200,4882584100,58274420100,3203.1189,3228.8678,3203.1189,3184.4696
110923000,3208.2685,1263900,15173300,4883848000,58289593400,3203.1189,3228.8678,3203.1189,3184.4696
110928000,3208.3949,1060200,13764700,4884908200,58303358100,3203.1189,3228.8678,3203.1189,3184.4696
110933000,3208.0695,2529300,26916000,4887437500,58330274100,3203.1189,3228.8678,3203.1189,3184.4696
110938000,3208.3009,1338000,19715900,4888775500,58349990000,3203.1189,3228.8678,3203.1189,3184.4696
110943000,3208.2722,791500,10484400,4889567000,58360474400,3203.1189,3228.8678,3203.1189,3184.4696
110948000,3208.4124,1411700,21584300,4890978700,58382058700,3203.1189,3228.8678,3203.1189,3184.4696
110953000,3208.3016,2097500,20240500,4893076200,58402299200,3203.1189,3228.8678,3203.1189,3184.4696
110958000,3208.2597,1767600,25325600,4894843800,58427624800,3203.1189,3228.8678,3203.1189,3184.4696
111003000,3208.4666,1717100,22384300,4896560900,58450009100,3203.1189,3228.8678,3203.1189,3184.4696
111008000,3208.1341,1512000,19024400,4898072900,58469033500,3203.1189,3228.8678,3203.1189,3184.4696
111013000,3208.2505,931600,11555400,4899004500,58480588900,3203.1189,3228.8678,3203.1189,3184.4696
111018000,3207.8568,2221300,28448900,4901225800,58509037800,3203.1189,3228.8678,3203.1189,3184.4696
111023000,3207.4968,1688900,20946800,4902914700,58529984600,3203.1189,3228.8678,3203.1189,3184.4696
111028000,3207.0183,1493800,21563300,4904408500,58551547900,3203.1189,3228.8678,3203.1189,3184.4696
111033000,3206.7068,2832100,43460000,4907240600,58595007900,3203.1189,3228.8678,3203.1189,3184.4696
111038000,3206.0475,3343500,58808000,4910584100,58653815900,3203.1189,3228.8678,3203.1189,3184.4696
111043000,3206.0385,1307000,21780000,4911891100,58675595900,3203.1189,3228.8678,3203.1189,3184.4696
111048000,3206.1078,2267100,29546400,4914158200,58705142300,3203.1189,3228.8678,3203.1189,3184.4696
111053000,3206.9137,2736200,29795100,4916894400,58734937400,3203.1189,3228.8678,3203.1189,3184.4696
111058000,3207.3032,4166600,43584900,4921061000,58778522300,3203.1189,3228.8678,3203.1189,3184.4696
111103000,3207.3361,3596400,48527900,4924657400,58827050200,3203.1189,3228.8678,3203.1189,3184.4696
111108000,3208.3425,4265300,46481400,4928922700,58873531600,3203.1189,3228.8678,3203.1189,3184.4696
111113000,3208.9995,3108200,37062800,4932030900,58910594400,3203.1189,3228.8678,3203.1189,3184.4696
111118000,3210.9094,8094100,92726500,4940125000,59003320900,3203.1189,3228.8678,3203.1189,3184.4696
111123000,3211.7082,8792000,97039400,4948917000,59100360300,3203.1189,3228.8678,3203.1189,3184.4696
111128000,3212.2193,8223200,79352700,4957140200,59179713000,3203.1189,3228.8678,3203.1189,3184.4696
111133000,3211.378,4220400,39846800,4961360600,59219559800,3203.1189,3228.8678,3203.1189,3184.4696
111138000,3211.4783,3144600,31011500,4964505200,59250571300,3203.1189,3228.8678,3203.1189,3184.4696
111143000,3210.9307,1380700,19230900,4965885900,59269802200,3203.1189,3228.8678,3203.1189,3184.4696
111148000,3211.3215,2212300,27552800,4968098200,59297355000,3203.1189,3228.8678,3203.1189,3184.4696
111153000,3211.2932,1650000,21895400,4969748200,59319250400,3203.1189,3228.8678,3203.1189,3184.4696
111158000,3210.8651,1541300,14382300,4971289500,59333632700,3203.1189,3228.8678,3203.1189,3184.4696
111203000,3211.0756,1489300,18447800,4972778800,59352080500,3203.1189,3228.8678,3203.1189,3184.4696
111208000,3211.1382,1635100,21152900,4974413900,59373233400,3203.1189,3228.8678,3203.1189,3184.4696
111213000,3211.0691,889900,12802700,4975303800,59386036100,3203.1189,3228.8678,3203.1189,3184.4696
111218000,3210.9633,1912700,21582500,4977216500,59407618600,3203.1189,3228.8678,3203.1189,3184.4696
111223000,3210.6686,1403500,14052300,4978620000,59421670900,3203.1189,3228.8678,3203.1189,3184.4696
111228000,3210.6638,1327700,17325900,4979947700,59438996800,3203.1189,3228.8678,3203.1189,3184.4696
111233000,3210.0764,2670800,24564800,4982618500,59463561600,3203.1189,3228.8678,3203.1189,3184.4696
111238000,3210.0739,1718700,19809300,4984337200,59483370900,3203.1189,3228.8678,3203.1189,3184.4696
111243000,3209.8226,618500,11597400,4984955700,59494968300,3203.1189,3228.8678,3203.1189,3184.4696
111248000,3209.861,1710800,20850400,4986666500,59515818700,3203.1189,3228.8678,3203.1189,3184.4696
111253000,3209.792,1263000,14511100,4987929500,59530329800,3203.1189,3228.8678,3203.1189,3184.4696
111258000,3210.0176,1758600,21506900,4989688100,59551836700,3203.1189,3228.8678,3203.1189,3184.4696
111303000,3210.0315,1883000,32046600,4991571100,59583883300,3203.1189,3228.8678,3203.1189,3184.4696
111308000,3210.3885,1459500,18177000,4993030600,59602060300,3203.1189,3228.8678,3203.1189,3184.4696
111313000,3209.8822,732000,11561200,4993762600,59613621500,3203.1189,3228.8678,3203.1189,3184.4696
111318000,3209.5893,1263300,17449800,4995025900,59631071300,3203.1189,3228.8678,3203.1189,3184.4696
111323000,3209.3071,1493000,15179200,4996518900,59646250500,3203.1189,3228.8678,3203.1189,3184.4696
111328000,3209.1512,894700,14407700,4997413600,59660658200,3203.1189,3228.8678,3203.1189,3184.4696
111333000,3209.1962,1638900,22673700,4999052500,59683331900,3203.1189,3228.8678,3203.1189,3184.4696
111338000,3209.4522,1627200,22130900,5000679700,59705462800,3203.1189,3228.8678,3203.1189,3184.4696
111343000,3209.7255,1027400,14296800,5001707100,59719759600,3203.1189,3228.8678,3203.1189,3184.4696
111348000,3209.2199,1764700,19863500,5003471800,59739623100,3203.1189,3228.8678,3203.1189,3184.4696
111353000,3209.0812,1110900,15967600,5004582700,59755590700,3203.1189,3228.8678,3203.1189,3184.4696
111358000,3209.1093,1390700,27173000,5005973400,59782763700,3203.1189,3228.8678,3203.1189,3184.4696
111403000,3209.3188,1255500,18247300,5007228900,59801011000,3203.1189,3228.8678,3203.1189,3184.4696
111408000,3208.6972,989500,14170100,5008218400,59815181100,3203.1189,3228.8678,3203.1189,3184.4696
111413000,3208.8346,644100,8312100,5008862500,59823493200,3203.1189,3228.8678,3203.1189,3184.4696
111418000,3209.2327,1321100,15525200,5010183600,59839018400,3203.1189,3228.8678,3203.1189,3184.4696
111423000,3209.0021,1573200,26236400,5011756800,59865254800,3203.1189,3228.8678,3203.1189,3184.4696
111428000,3209.1659,1124500,18029400,5012881300,59883284200,3203.1189,3228.8678,3203.1189,3184.4696
111433000,3208.6282,2010600,29967400,5014891900,59913251600,3203.1189,3228.8678,3203.1189,3184.4696
111438000,3209.0543,1721700,20632800,5016613600,59933884400,3203.1189,3228.8678,3203.1189,3184.4696
111443000,3208.9312,1752900,15248000,5018366500,59949132400,3203.1189,3228.8678,3203.1189,3184.4696
111448000,3208.8843,1231000,17014400,5019597500,59966146800,3203.1189,3228.8678,3203.1189,3184.4696
111453000,3209.1533,1688000,20159100,5021285500,59986305900,3203.1189,3228.8678,3203.1189,3184.4696
111458000,3209.1812,1118900,16045400,5022404400,60002351300,3203.1189,3228.8678,3203.1189,3184.4696
111503000,3209.2274,1411800,17055000,5023816200,60019406300,3203.1189,3228.8678,3203.1189,3184.4696
111508000,3208.9429,1800600,21429800,5025616800,60040836100,3203.1189,3228.8678,3203.1189,3184.4696
111513000,3208.8611,859900,8697200,5026476700,60049533300,3203.1189,3228.8678,3203.1189,3184.4696
111518000,3208.6837,2185800,35514400,5028662500,60085047700,3203.1189,3228.8678,3203.1189,3184.4696
111523000,3208.9397,1472100,17501600,5030134600,60102549300,3203.1189,3228.8678,3203.1189,3184.4696
111528000,3209.3569,1138100,14815600,5031272700,60117364900,3203.1189,3228.8678,3203.1189,3184.4696
111533000,3209.0828,2128800,23983200,5033401500,60141348100,3203.1189,3228.8678,3203.1189,3184.4696
111538000,3208.8459,1779800,20785700,5035181300,60162133800,3203.1189,3228.8678,3203.1189,3184.4696
111543000,3209.1474,576500,8290100,5035757800,60170423900,3203.1189,3228.8678,3203.1189,3184.4696
111548000,3208.8663,1514300,19123000,5037272100,60189546900,3203.1189,3228.8678,3203.1189,3184.4696
111553000,3208.9197,1236800,14035500,5038508900,60203582400,3203.1189,3228.8678,3203.1189,3184.4696
111558000,3208.9683,1211600,21851400,5039720500,60225433800,3203.1189,3228.8678,3203.1189,3184.4696
111603000,3208.7666,1997500,29681500,5041718000,60255115300,3203.1189,3228.8678,3203.1189,3184.4696
111608000,3208.8528,1511300,18119100,5043229300,60273234400,3203.1189,3228.8678,3203.1189,3184.4696
111613000,3208.7675,750800,8407600,5043980100,60281642000,3203.1189,3228.8678,3203.1189,3184.4696
111618000,3208.9278,1120900,15021100,5045101000,60296663100,3203.1189,3228.8678,3203.1189,3184.4696
111623000,3208.534,1302600,14198800,5046403600,60310861900,3203.1189,3228.8678,3203.1189,3184.4696
111628000,3208.8501,852400,13829100,5047256000,60324691000,3203.1189,3228.8678,3203.1189,3184.4696
111633000,3208.5878,1916100,23366600,5049172100,60348057600,3203.1189,3228.8678,3203.1189,3184.4696
111638000,3209.0903,2468900,32427900,5051641000,60380485500,3203.1189,3228.8678,3203.1189,3184.4696
111643000,3209.0923,827100,11962400,5052468100,60392447900,3203.1189,3228.8678,3203.1189,3184.4696
111648000,3208.8614,1838200,21318000,5054306300,60413765900,3203.1189,3228.8678,3203.1189,3184.4696
111653000,3208.6643,1400700,19314500,5055707000,60433080400,3203.1189,3228.8678,3203.1189,3184.4696
111658000,3209.2801,1606600,17889900,5057313600,60450970300,3203.1189,3228.8678,3203.1189,3184.4696
111703000,3208.7173,1947200,51684200,5059260800,60502654500,3203.1189,3228.8678,3203.1189,3184.4696
111708000,3208.4372,3257900,28392300,5062518700,60531046800,3203.1189,3228.8678,3203.1189,3184.4696
111713000,3208.3169,978400,17236900,5063497100,60548283700,3203.1189,3228.8678,3203.1189,3184.4696
111718000,3208.0221,2069200,25166500,5065566300,60573450200,3203.1189,3228.8678,3203.1189,3184.4696
111723000,3208.2474,1453300,19550000,5067019600,60593000200,3203.1189,3228.8678,3203.1189,3184.4696
111728000,3208.0696,2720000,25972800,5069739600,60618973000,3203.1189,3228.8678,3203.1189,3184.4696
111733000,3207.6545,3202900,29277100,5072942500,60648250100,3203.1189,3228.8678,3203.1189,3184.4696
111738000,3207.4849,2278500,24977400,5075221000,60673227500,3203.1189,3228.8678,3203.1189,3184.4696
111743000,3207.4868,1049400,16723100,5076270400,60689950600,3203.1189,3228.8678,3203.1189,3184.4696
111748000,3207.7321,2660200,27563700,5078930600,60717514300,3203.1189,3228.8678,3203.1189,3184.4696
111753000,3207.4279,1510000,14809600,5080440600,60732323900,3203.1189,3228.8678,3203.1189,3184.4696
111758000,3207.6988,1431000,18888500,5081871600,60751212400,3203.1189,3228.8678,3203.1189,3184.4696
111803000,3207.3789,2103100,24309300,5083974700,60775521700,3203.1189,3228.8678,3203.1189,3184.4696
111808000,3207.1671,2120700,25733900,5086095400,60801255600,3203.1189,3228.8678,3203.1189,3184.4696
111813000,3207.5733,813200,8342200,5086908600,60809597800,3203.1189,3228.8678,3203.1189,3184.4696
111818000,3207.0181,1323800,17041000,5088232400,60826638800,3203.1189,3228.8678,3203.1189,3184.4696
111823000,3206.7333,1477700,16827000,5089710100,60843465800,3203.1189,3228.8678,3203.1189,3184.4696
111828000,3206.9884,1021400,10539700,5090731500,60854005500,3203.1189,3228.8678,3203.1189,3184.4696
111833000,3207.1434,1253100,15743500,5091984600,60869749000,3203.1189,3228.8678,3203.1189,3184.4696
111838000,3206.8891,1724000,18996500,5093708600,60888745500,3203.1189,3228.8678,3203.1189,3184.4696
111843000,3206.9753,764900,9509900,5094473500,60898255400,3203.1189,3228.8678,3203.1189,3184.4696
111848000,3206.5615,1416200,20613300,5095889700,60918868700,3203.1189,3228.8678,3203.1189,3184.4696
111853000,3206.7109,1497900,19098200,5097387600,60937966900,3203.1189,3228.8678,3203.1189,3184.4696
111858000,3206.8757,1175600,15543400,5098563200,60953510300,3203.1189,3228.8678,3203.1189,3184.4696
111903000,3206.5372,2384300,24142900,5100947500,60977653200,3203.1189,3228.8678,3203.1189,3184.4696
111908000,3206.4217,8978400,48571000,5109925900,61026224200,3203.1189,3228.8678,3203.1189,3184.4696
111913000,3206.7509,2924200,26941100,5112850100,61053165300,3203.1189,3228.8678,3203.1189,3184.4696
111918000,3206.4571,1441100,20451500,5114291200,61073616800,3203.1189,3228.8678,3203.1189,3184.4696
111923000,3206.4082,2195700,17320800,5116486900,61090937600,3203.1189,3228.8678,3203.1189,3184.4696
111928000,3206.1368,1259100,18113700,5117746000,61109051300,3203.1189,3228.8678,3203.1189,3184.4696
111933000,3206.1715,1739200,17685500,5119485200,61126736800,3203.1189,3228.8678,3203.1189,3184.4696
111938000,3205.9262,1589400,21262800,5121074600,61147999600,3203.1189,3228.8678,3203.1189,3184.4696
111943000,3206.0775,1191100,13587300,5122265700,61161586900,3203.1189,3228.8678,3203.1189,3184.4696
111948000,3206.0737,3712400,30262400,5125978100,61191849300,3203.1189,3228.8678,3203.1189,3184.4696
111953000,3205.5336,2363100,21837800,5128341200,61213687100,3203.1189,3228.8678,3203.1189,3184.4696
111958000,3205.6444,1493600,19783300,5129834800,61233470400,3203.1189,3228.8678,3203.1189,3184.4696
112003000,3205.8197,2234200,23298000,5132069000,61256768400,3203.1189,3228.8678,3203.1189,3184.4696
112008000,3205.6144,1538600,19074800,5133607600,61275843200,3203.1189,3228.8678,3203.1189,3184.4696
112013000,3205.5141,1162100,17252600,5134769700,61293095800,3203.1189,3228.8678,3203.1189,3184.4696
112018000,3205.4132,2454300,39115900,5137224000,61332211700,3203.1189,3228.8678,3203.1189,3184.4696
112023000,3205.316,1282700,16252300,5138506700,61348464000,3203.1189,3228.8678,3203.1189,3184.4696
112028000,3204.9305,1364600,16441000,5139871300,61364905000,3203.1189,3228.8678,3203.1189,3184.4696
112033000,3205.0012,1842600,22148900,5141713900,61387053900,3203.1189,3228.8678,3203.1189,3184.4696
112038000,3204.8356,1921400,18629700,5143635300,61405683600,3203.1189,3228.8678,3203.1189,3184.4696
112043000,3205.1186,1231700,15179400,5144867000,61420863000,3203.1189,3228.8678,3203.1189,3184.4696
112048000,3204.4556,1698400,18879500,5146565400,61439742500,3203.1189,3228.8678,3203.1189,3184.4696
112053000,3204.5238,1419700,20960500,5147985100,61460703000,3203.1189,3228.8678,3203.1189,3184.4696
112058000,3204.8136,2462300,24299300,5150447400,61485002300,3203.1189,3228.8678,3203.1189,3184.4696
112103000,3204.4161,1786800,21878400,5152234200,61506880700,3203.1189,3228.8678,3203.1189,3184.4696
112108000,3204.5117,1855300,19073600,5154089500,61525954300,3203.1189,3228.8678,3203.1189,3184.4696
112113000,3204.3335,1121100,15957100,5155210600,61541911400,3203.1189,3228.8678,3203.1189,3184.4696
112118000,3204.4416,2470800,27319200,5157681400,61569230600,3203.1189,3228.8678,3203.1189,3184.4696
112123000,3204.4038,1413000,15664700,5159094400,61584895300,3203.1189,3228.8678,3203.1189,3184.4696
112128000,3204.1282,1384800,22366900,5160479200,61607262200,3203.1189,3228.8678,3203.1189,3184.4696
112133000,3203.8728,1820500,25953300,5162299700,61633215500,3203.1189,3228.8678,3203.1189,3184.4696
112138000,3204.2298,2313500,30354500,5164613200,61663570000,3203.1189,3228.8678,3203.1189,3184.4696
112143000,3204.1149,999800,14349200,5165613000,61677919200,3203.1189,3228.8678,3203.1189,3184.4696
112148000,3204.2063,1883700,21153000,5167496700,61699072200,3203.1189,3228.8678,3203.1189,3184.4696
112153000,3204.1058,1833000,18153500,5169329700,61717225700,3203.1189,3228.8678,3203.1189,3184.4696
112158000,3203.8791,1943200,23973300,5171272900,61741199000,3203.1189,3228.8678,3203.1189,3184.4696
112203000,3203.9122,2112700,23251200,5173385600,61764450200,3203.1189,3228.8678,3203.1189,3184.4696
112208000,3203.7952,1793100,22796700,5175178700,61787246900,3203.1189,3228.8678,3203.1189,3184.4696
112213000,3203.9376,1233700,11754800,5176412400,61799001700,3203.1189,3228.8678,3203.1189,3184.4696
112218000,3204.0911,1516900,22453200,5177929300,61821454900,3203.1189,3228.8678,3203.1189,3184.4696
112223000,3203.5845,2831800,22477500,5180761100,61843932400,3203.1189,3228.8678,3203.1189,3184.4696
112228000,3203.2106,1586800,21273900,5182347900,61865206300,3203.1189,3228.8678,3203.1189,3184.4696
112233000,3203.2705,2602400,27792400,5184950300,61892998700,3203.1189,3228.8678,3203.1189,3184.4696
112238000,3203.5365,2321100,27161000,5187271400,61920159700,3203.1189,3228.8678,3203.1189,3184.4696
112243000,3203.3254,741300,11796900,5188012700,61931956600,3203.1189,3228.8678,3203.1189,3184.4696
112248000,3203.0968,2117600,28791300,5190130300,61960747900,3203.1189,3228.8678,3203.0119,3184.4696
112253000,3203.1997,2648400,23159200,5192778700,61983907100,3203.1189,3228.8678,3203.0119,3184.4696
112258000,3203.429,2055800,19401600,5194834500,62003308700,3203.1189,3228.8678,3203.0119,3184.4696
112303000,3203.4765,2247100,24697400,5197081600,62028006100,3203.1189,3228.8678,3203.0119,3184.4696
112308000,3203.3404,2022500,24395300,5199104100,62052401400,3203.1189,3228.8678,3203.0119,3184.4696
112313000,3203.5528,1265900,17021000,5200370000,62069422400,3203.1189,3228.8678,3203.0119,3184.4696
112318000,3203.2083,3816400,31770500,5204186400,62101192900,3203.1189,3228.8678,3203.0119,3184.4696
112323000,3203.022,2241700,22843900,5206428100,62124036800,3203.1189,3228.8678,3203.0119,3184.4696
112328000,3202.4926,1865700,18295900,5208293800,62142332700,3203.1189,3228.8678,3202.4926,3184.4696
112333000,3202.7948,2801500,29242700,5211095300,62171575400,3203.1189,3228.8678,3202.4926,3184.4696
112338000,3202.6917,2355200,26882100,5213450500,62198457500,3203.1189,3228.8678,3202.4835,3184.4696
112343000,3203.2123,1083700,11445900,5214534200,62209903400,3203.1189,3228.8678,3202.4835,3184.4696
112348000,3202.7474,1835600,23083700,5216369800,62232987100,3203.1189,3228.8678,3202.4835,3184.4696
112353000,3203.0164,1230000,15136800,5217599800,62248123900,3203.1189,3228.8678,3202.4835,3184.4696
112358000,3202.7005,1353200,16885900,5218953000,62265009800,3203.1189,3228.8678,3202.4835,3184.4696
112403000,3203.0731,2409500,25504600,5221362500,62290514400,3203.1189,3228.8678,3202.4835,3184.4696
112408000,3202.5915,1737100,19405800,5223099600,62309920200,3203.1189,3228.8678,3202.4835,3184.4696
112413000,3202.4014,1006400,12444800,5224106000,62322365000,3203.1189,3228.8678,3202.4014,3184.4696
112418000,3202.4675,2438800,30240400,5226544800,62352605400,3203.1189,3228.8678,3202.4014,3184.4696
112423000,3202.4871,1773600,16204600,5228318400,62368810000,3203.1189,3228.8678,3202.4014,3184.4696
112428000,3203.0263,1586000,18323900,5229904400,62387133900,3203.1189,3228.8678,3202.4014,3184.4696
112433000,3202.2572,2532600,25996600,5232437000,62413130500,3203.1189,3228.8678,3202.2572,3184.4696
112438000,3202.6965,3334100,30602600,5235771100,62443733100,3203.1189,3228.8678,3202.2572,3184.4696
112443000,3202.5891,1036400,12830600,5236807500,62456563700,3203.1189,3228.8678,3202.2572,3184.4696
112448000,3202.0763,2898000,33773700,5239705500,62490337400,3203.1189,3228.8678,3202.0763,3184.4696
112453000,3202.1907,1735200,20175800,5241440700,62510513200,3203.1189,3228.8678,3202.0763,3184.4696
112458000,3202.2969,2050400,30296500,5243491100,62540809700,3203.1189,3228.8678,3202.0763,3184.4696
112503000,3202.327,1573600,18349200,5245064700,62559158900,3203.1189,3228.8678,3202.0763,3184.4696
112508000,3201.8721,3188700,28707800,5248253400,62587866700,3203.1189,3228.8678,3201.8721,3184.4696
112513000,3201.9391,1033300,13943700,5249286700,62601810400,3203.1189,3228.8678,3201.8721,3184.4696
112518000,3201.8265,2205700,31475700,5251492400,62633286100,3203.1189,3228.8678,3201.8265,3184.4696
112523000,3202.0312,4017400,33651800,5255509800,62666937900,3203.1189,3228.8678,3201.8265,3184.4696
112528000,3201.8721,1430900,19729600,5256940700,62686667500,3203.1189,3228.8678,3201.8265,3184.4696
112533000,3201.621,1869000,23772200,5258809700,62710439700,3203.1189,3228.8678,3201.5687,3184.4696
112538000,3201.7935,2951400,35502800,5261761100,62745942500,3203.1189,3228.8678,3201.5687,3184.4696
112543000,3201.8257,2534200,34356600,5264295300,62780299100,3203.1189,3228.8678,3201.5687,3184.4696
112548000,3201.3919,4087200,45853400,5268382500,62826152500,3203.1189,3228.8678,3201.3919,3184.4696
112553000,3201.1432,1558000,16811700,5269940500,62842964200,3203.1189,3228.8678,3201.1432,3184.4696
112558000,3201.4427,1415400,20252700,5271355900,62863216900,3203.1189,3228.8678,3201.1432,3184.4696
112603000,3201.2982,3324900,29725500,5274680800,62892942400,3203.1189,3228.8678,3201.1432,3184.4696
112608000,3200.9231,1492200,18552100,5276173000,62911494500,3203.1189,3228.8678,3200.9231,3184.4696
112613000,3200.9418,1100300,13517700,5277273300,62925012200,3203.1189,3228.8678,3200.9231,3184.4696
112618000,3200.9776,1848500,22491700,5279121800,62947503900,3203.1189,3228.8678,3200.9231,3184.4696
112623000,3200.8563,1407500,17657800,5280529300,62965161700,3203.1189,3228.8678,3200.7072,3184.4696
112628000,3200.794,2196700,21729200,5282726000,62986890900,3203.1189,3228.8678,3200.7072,3184.4696
112633000,3200.6787,2777700,28063300,5285503700,63014954200,3203.1189,3228.8678,3200.6787,3184.4696
112638000,3200.8949,2052000,31051600,5287555700,63046005800,3203.1189,3228.8678,3200.6787,3184.4696
112643000,3200.894,1717000,20280900,5289272700,63066286700,3203.1189,3228.8678,3200.6787,3184.4696
112648000,3200.5677,2989200,32618500,5292261900,63098905200,3203.1189,3228.8678,3200.4617,3184.4696
112653000,3200.822,1628300,17626000,5293890200,63116531200,3203.1189,3228.8678,3200.4617,3184.4696
112658000,3201.0237,2097400,37699100,5295987600,63154230300,3203.1189,3228.8678,3200.4617,3184.4696
112703000,3200.8277,2933000,35449400,5298920600,63189679700,3203.1189,3228.8678,3200.4617,3184.4696
112708000,3200.6239,1710500,21838400,5300631100,63211518100,3203.1189,3228.8678,3200.4617,3184.4696
112713000,3200.7331,1242700,15565800,5301873800,63227083900,3203.1189,3228.8678,3200.4617,3184.4696
112718000,3200.5428,3187900,34995100,5305061700,63262079000,3203.1189,3228.8678,3200.4617,3184.4696
112723000,3200.6488,1802700,21445100,5306864400,63283524100,3203.1189,3228.8678,3200.4437,3184.4696
112728000,3200.5426,1816600,22186700,5308681000,63305710800,3203.1189,3228.8678,3200.4437,3184.4696
112733000,3200.4295,2152200,26849000,5310833200,63332559800,3203.1189,3228.8678,3200.4048,3184.4696
112738000,3200.4067,1954300,25584000,5312787500,63358143800,3203.1189,3228.8678,3200.4048,3184.4696
112743000,3200.4572,1145700,13919700,5313933200,63372063500,3203.1189,3228.8678,3200.4048,3184.4696
112748000,3200.117,2036200,24316700,5315969400,63396380200,3203.1189,3228.8678,3200.117,3184.4696
112753000,3200.3133,1819600,19162900,5317789000,63415543100,3203.1189,3228.8678,3200.117,3184.4696
112758000,3200.9389,2070500,24999000,5319859500,63440542100,3203.1189,3228.8678,3200.117,3184.4696
112803000,3200.7711,2276200,27979900,5322135700,63468522000,3203.1189,3228.8678,3200.117,3184.4696
112808000,3201.1914,1950900,20907700,5324086600,63489429700,3203.1189,3228.8678,3200.117,3184.4696
112813000,3201.2112,1066200,13059100,5325152800,63502488800,3203.1189,3228.8678,3200.117,3184.4696
112818000,3200.9275,1704700,20856900,5326857500,63523345700,3203.1189,3228.8678,3200.117,3184.4696
112823000,3200.6785,1560700,18948400,5328418200,63542294100,3203.1189,3228.8678,3200.117,3184.4696
112828000,3200.7278,1785900,21538700,5330204100,63563832800,3203.1189,3228.8678,3200.117,3184.4696
112833000,3200.6846,1816300,20545300,5332020400,63584378100,3203.1189,3228.8678,3200.117,3184.4696
112838000,3200.7062,2149900,25285100,5334170300,63609663200,3203.1189,3228.8678,3200.117,3184.4696
112843000,3200.9914,978700,15522600,5335149000,63625185800,3203.1189,3228.8678,3200.117,3184.4696
112848000,3200.6751,1367300,16519800,5336516300,63641705600,3203.1189,3228.8678,3200.117,3184.4696
112853000,3200.7597,2536600,18229800,5339052900,63659935400,3203.1189,3228.8678,3200.117,3184.4696
112858000,3200.6836,1724600,23098400,5340777500,63683033800,3203.1189,3228.8678,3200.117,3184.4696
112903000,3200.6245,1636700,20536500,5342414200,63703570300,3203.1189,3228.8678,3200.117,3184.4696
112908000,3200.9623,2071100,24591900,5344485300,63728162200,3203.1189,3228.8678,3200.117,3184.4696
112913000,3200.665,1624200,18123100,5346109500,63746285300,3203.1189,3228.8678,3200.117,3184.4696
112918000,3200.7161,1629700,21333800,5347739200,63767619100,3203.1189,3228.8678,3200.117,3184.4696
112923000,3200.6146,1676700,17784600,5349415900,63785403700,3203.1189,3228.8678,3200.117,3184.4696
112928000,3200.755,1154000,17242900,5350569900,63802646600,3203.1189,3228.8678,3200.117,3184.4696
112933000,3200.7065,1832700,19303700,5352402600,63821950300,3203.1189,3228.8678,3200.117,3184.4696
112938000,3200.6649,1883600,21792700,5354286200,63843743000,3203.1189,3228.8678,3200.117,3184.4696
112943000,3201.1523,936800,10546400,5355223000,63854289400,3203.1189,3228.8678,3200.117,3184.4696
112948000,3200.9781,1079100,13179800,5356302100,63867469200,3203.1189,3228.8678,3200.117,3184.4696
112953000,3201.4394,1012600,12183700,5357314700,63879652900,3203.1189,3228.8678,3200.117,3184.4696
112958000,3201.2729,1012100,14785900,5358326800,63894438800,3203.1189,3228.8678,3200.117,3184.4696
113003000,3201.0682,971100,11779700,5359297900,63906218500,3203.1189,3228.8678,3200.117,3184.4696
113008000,3201.0692,27600,500200,5359325500,63906718700,3203.1189,3228.8678,3200.117,3184.4696
130003000,3200.6884,13629500,117575600,5372955000,64024294300,3203.1189,3228.8678,3200.117,3184.4696
130008000,3200.575,23792400,254988900,5396747400,64279283200,3203.1189,3228.8678,3200.117,3184.4696
130013000,3200.9253,2393200,25961000,5399140600,64305244200,3203.1189,3228.8678,3200.117,3184.4696
130018000,3201.3102,2296700,32819100,5401437300,64338063300,3203.1189,3228.8678,3200.117,3184.4696
130023000,3201.1918,900000,14542300,5402337300,64352605600,3203.1189,3228.8678,3200.117,3184.4696
130028000,3201.234,1660100,24199600,5403997400,64376805200,3203.1189,3228.8678,3200.117,3184.4696
130033000,3201.2454,1365800,19587900,5405363200,64396393100,3203.1189,3228.8678,3200.117,3184.4696
130038000,3201.3144,1788900,19168300,5407152100,64415561400,3203.1189,3228.8678,3200.117,3184.4696
130043000,3201.3921,1023700,15323500,5408175800,64430884900,3203.1189,3228.8678,3200.117,3184.4696
130048000,3201.2737,1215200,15593700,5409391000,64446478600,3203.1189,3228.8678,3200.117,3184.4696
130053000,3201.3447,1380000,20749100,5410771000,64467227700,3203.1189,3228.8678,3200.117,3184.4696
130058000,3201.485,1232500,16196800,5412003500,64483424500,3203.1189,3228.8678,3200.117,3184.4696
130103000,3201.4906,1082700,11888700,5413086200,64495313200,3203.1189,3228.8678,3200.117,3184.4696
130108000,3201.1267,1558100,20011700,5414644300,64515324900,3203.1189,3228.8678,3200.117,3184.4696
130113000,3201.1959,1287300,16607000,5415931600,64531931900,3203.1189,3228.8678,3200.117,3184.4696
130118000,3201.1563,1411800,20596900,5417343400,64552528800,3203.1189,3228.8678,3200.117,3184.4696
130123000,3200.8669,921900,11505700,5418265300,64564034500,3203.1189,3228.8678,3200.117,3184.4696
130128000,3201.4227,1481200,18130000,5419746500,64582164500,3203.1189,3228.8678,3200.117,3184.4696
130133000,3200.8736,1464700,15904200,5421211200,64598068700,3203.1189,3228.8678,3200.117,3184.4696
130138000,3200.6473,1178800,15313300,5422390000,64613382000,3203.1189,3228.8678,3200.117,3184.4696
130143000,3201.133,948800,11908500,5423338800,64625290500,3203.1189,3228.8678,3200.117,3184.4696
130148000,3201.1454,1748100,19422200,5425086900,64644712700,3203.1189,3228.8678,3200.117,3184.4696
130153000,3201.3251,1611000,20110600,5426697900,64664823300,3203.1189,3228.8678,3200.117,3184.4696
130158000,3201.2494,1493400,18932100,5428191300,64683755400,3203.1189,3228.8678,3200.117,3184.4696
130203000,3201.4653,2676200,27234300,5430867500,64710989700,3203.1189,3228.8678,3200.117,3184.4696
130208000,3200.872,2021200,24449300,5432888700,64735439000,3203.1189,3228.8678,3200.117,3184.4696
130213000,3201.0767,764500,8006800,5433653200,64743445800,3203.1189,3228.8678,3200.117,3184.4696
130218000,3200.6828,1408900,19114900,5435062100,64762560700,3203.1189,3228.8678,3200.117,3184.4696
130223000,3200.8812,786600,10218300,5435848700,64772779000,3203.1189,3228.8678,3200.117,3184.4696
130228000,3201.1262,1414600,18285600,5437263300,64791064600,3203.1189,3228.8678,3200.117,3184.4696
130233000,3201.24,1369700,20888300,5438633000,64811952900,3203.1189,3228.8678,3200.117,3184.4696
130238000,3200.983,1276500,19169800,5439909500,64831122700,3203.1189,3228.8678,3200.117,3184.4696
130243000,3201.402,1065500,14368500,5440975000,64845491200,3203.1189,3228.8678,3200.117,3184.4696
130248000,3200.8217,1722100,21005900,5442697100,64866497100,3203.1189,3228.8678,3200.117,3184.4696
130253000,3201.0238,821300,10916700,5443518400,64877413800,3203.1189,3228.8678,3200.117,3184.4696
130258000,3201.1652,1174800,17005200,5444693200,64894419000,3203.1189,3228.8678,3200.117,3184.4696
130303000,3200.9375,1252900,16399400,5445946100,64910818400,3203.1189,3228.8678,3200.117,3184.4696
130308000,3200.4782,1072600,14240800,5447018700,64925059200,3203.1189,3228.8678,3200.117,3184.4696
130313000,3200.7057,793400,9351500,5447812100,64934410700,3203.1189,3228.8678,3200.117,3184.4696
130318000,3200.8699,1226400,16409200,5449038500,64950819900,3203.1189,3228.8678,3200.117,3184.4696
130323000,3201.051,1243000,14200400,5450281500,64965020300,3203.1189,3228.8678,3200.117,3184.4696
130328000,3201.1243,1144200,16311700,5451425700,64981332000,3203.1189,3228.8678,3200.117,3184.4696
130333000,3200.8495,1278200,16688500,5452703900,64998020500,3203.1189,3228.8678,3200.117,3184.4696
130338000,3200.6743,834700,11791200,5453538600,65009811700,3203.1189,3228.8678,3200.117,3184.4696
130343000,3201.1194,602400,9849400,5454141000,65019661100,3203.1189,3228.8678,3200.117,3184.4696
130348000,3200.9469,1738200,18476900,5455879200,65038138000,3203.1189,3228.8678,3200.117,3184.4696
130353000,3200.8881,1245200,12087500,5457124400,65050225500,3203.1189,3228.8678,3200.117,3184.4696
130358000,3200.8382,1525700,18176800,5458650100,65068402300,3203.1189,3228.8678,3200.117,3184.4696
130403000,3201.053,1382800,18636000,5460032900,65087038300,3203.1189,3228.8678,3200.117,3184.4696
130408000,3200.8266,1204400,17419000,5461237300,65104457300,3203.1189,3228.8678,3200.117,3184.4696
130413000,3200.6943,1090000,14394600,5462327300,65118851900,3203.1189,3228.8678,3200.117,3184.4696
130418000,3201.008,1389500,18633500,5463716800,65137485400,3203.1189,3228.8678,3200.117,3184.4696
130423000,3200.5539,1451000,17374300,5465167800,65154859700,3203.1189,3228.8678,3200.117,3184.4696
130428000,3200.9077,2010800,25222800,5467178600,65180082500,3203.1189,3228.8678,3200.117,3184.4696
130433000,3200.8291,1629700,22506500,5468808300,65202589000,3203.1189,3228.8678,3200.117,3184.4696
130438000,3200.5098,1180900,16091800,5469989200,65218680800,3203.1189,3228.8678,3200.117,3184.4696
130443000,3200.9002,930100,12815400,5470919300,65231496200,3203.1189,3228.8678,3200.117,3184.4696
130448000,3200.439,2239700,30044600,5473159000,65261540800,3203.1189,3228.8678,3200.117,3184.4696
130453000,3200.5019,774800,9297700,5473933800,65270838500,3203.1189,3228.8678,3200.117,3184.4696
130458000,3200.473,1251200,18338900,5475185000,65289177400,3203.1189,3228.8678,3200.117,3184.4696
130503000,3200.4063,1470700,17304400,5476655700,65306481800,3203.1189,3228.8678,3200.117,3184.4696
130508000,3199.8871,1729200,21429200,5478384900,65327911000,3203.1189,3228.8678,3199.8871,3184.4696
130513000,3200.0613,1192300,15850400,5479577200,65343761400,3203.1189,3228.8678,3199.8871,3184.4696
130518000,3199.8767,1836900,23362000,5481414100,65367123400,3203.1189,3228.8678,3199.8767,3184.4696
130523000,3199.5405,1934600,20773000,5483348700,65387896400,3203.1189,3228.8678,3199.3593,3184.4696
130528000,3199.8084,1843900,21632900,5485192600,65409529300,3203.1189,3228.8678,3199.3593,3184.4696
130533000,3199.6028,1372600,16594700,5486565200,65426124000,3203.1189,3228.8678,3199.3593,3184.4696
130538000,3199.7522,1212400,16982600,5487777600,65443106600,3203.1189,3228.8678,3199.3593,3184.4696
130543000,3199.6067,1185900,19151900,5488963500,65462258500,3203.1189,3228.8678,3199.3593,3184.4696
130548000,3199.3972,1702300,22732400,5490665800,65484990900,3203.1189,3228.8678,3199.3593,3184.4696
130553000,3199.6654,2304400,27495600,5492970200,65512486500,3203.1189,3228.8678,3199.3593,3184.4696
130558000,3199.1821,1551100,22242800,5494521300,65534729300,3203.1189,3228.8678,3199.1756,3184.4696
130603000,3199.3342,1645500,19020600,5496166800,65553749900,3203.1189,3228.8678,3199.1756,3184.4696
130608000,3198.9382,1810200,25183700,5497977000,65578933600,3203.1189,3228.8678,3198.8236,3184.4696
130613000,3199.1736,1144100,12449200,5499121100,65591382800,3203.1189,3228.8678,3198.8236,3184.4696
130618000,3198.7076,1312400,21395900,5500433500,65612778700,3203.1189,3228.8678,3198.7076,3184.4696
130623000,3198.5094,1127800,13625500,5501561300,65626404200,3203.1189,3228.8678,3198.435,3184.4696
130628000,3199.0334,1670100,22711200,5503231400,65649115400,3203.1189,3228.8678,3198.435,3184.4696
130633000,3198.6766,1529000,22665000,5504760400,65671780400,3203.1189,3228.8678,3198.435,3184.4696
130638000,3198.6926,1006400,15346800,5505766800,65687127200,3203.1189,3228.8678,3198.435,3184.4696
130643000,3198.8944,1248800,19628900,5507015600,65706756100,3203.1189,3228.8678,3198.435,3184.4696
130648000,3198.5447,2637400,26609600,5509653000,65733365700,3203.1189,3228.8678,3198.435,3184.4696
130653000,3198.4536,1156800,14546900,5510809800,65747912600,3203.1189,3228.8678,3198.435,3184.4696
130658000,3198.0659,2310200,23739600,5513120000,65771652200,3203.1189,3228.8678,3198.0659,3184.4696
130703000,3198.1313,1574800,22735800,5514694800,65794388000,3203.1189,3228.8678,3198.0227,3184.4696
130708000,3197.7134,1676400,17351300,5516371200,65811739300,3203.1189,3228.8678,3197.7134,3184.4696
130713000,3197.8619,1255400,15390100,5517626600,65827129400,3203.1189,3228.8678,3197.7134,3184.4696
130718000,3197.772,1670600,27887800,5519297200,65855017200,3203.1189,3228.8678,3197.6984,3184.4696
130723000,3197.3437,1226600,24979700,5520523800,65879996900,3203.1189,3228.8678,3197.3256,3184.4696
130728000,3198.0274,1278300,18943600,5521802100,65898940500,3203.1189,3228.8678,3197.3256,3184.4696
130733000,3197.6603,2046500,26499300,5523848600,65925439800,3203.1189,3228.8678,3197.3256,3184.4696
130738000,3197.5506,1229400,17400300,5525078000,65942840100,3203.1189,3228.8678,3197.3256,3184.4696
130743000,3197.7934,948600,22576900,5526026600,65965417000,3203.1189,3228.8678,3197.3256,3184.4696
130748000,3197.979,1522400,17252100,5527549000,65982669100,3203.1189,3228.8678,3197.3256,3184.4696
130753000,3197.4777,956000,15211700,5528505000,65997880800,3203.1189,3228.8678,3197.3256,3184.4696
130758000,3197.7583,1680100,22366800,5530185100,66020247600,3203.1189,3228.8678,3197.3256,3184.4696
130803000,3197.5585,1854200,20498100,5532039300,66040745700,3203.1189,3228.8678,3197.3256,3184.4696
130808000,3197.3774,1674100,22872300,5533713400,66063618000,3203.1189,3228.8678,3197.3256,3184.4696
130813000,3197.7246,1514400,18481600,5535227800,66082099600,3203.1189,3228.8678,3197.3256,3184.4696
130818000,3197.7603,1637400,22249200,5536865200,66104348800,3203.1189,3228.8678,3197.3256,3184.4696
130823000,3197.3743,884500,15112700,5537749700,66119461500,3203.1189,3228.8678,3197.2565,3184.4696
130828000,3197.6104,1259300,19979600,5539009000,66139441100,3203.1189,3228.8678,3197.2565,3184.4696
130833000,3197.7111,2003500,38720900,5541012500,66178162000,3203.1189,3228.8678,3197.2565,3184.4696
130838000,3197.6584,1591400,23199700,5542603900,66201361700,3203.1189,3228.8678,3197.2565,3184.4696
130843000,3197.8706,1040600,18187000,5543644500,66219548700,3203.1189,3228.8678,3197.2565,3184.4696
130848000,3197.1673,1888400,22659600,5545532900,66242208300,3203.1189,3228.8678,3197.1673,3184.4696
130853000,3197.6977,2957700,17880100,5548490600,66260088400,3203.1189,3228.8678,3197.1673,3184.4696
130858000,3197.6546,1358200,19567500,5549848800,66279655900,3203.1189,3228.8678,3197.1673,3184.4696
130903000,3197.6437,1600200,22555200,5551449000,66302211100,3203.1189,3228.8678,3197.1673,3184.4696
130908000,3197.4242,1039000,14951200,5552488000,66317162300,3203.1189,3228.8678,3197.1673,3184.4696
130913000,3197.5811,3774200,25533200,5556262200,66342695500,3203.1189,3228.8678,3197.1673,3184.4696
130918000,3197.8847,2570800,24582500,5558833000,66367278000,3203.1189,3228.8678,3197.1673,3184.4696
130923000,3197.2745,1656500,16547600,5560489500,66383825600,3203.1189,3228.8678,3197.1673,3184.4696
130928000,3197.9223,1173900,16807200,5561663400,66400632800,3203.1189,3228.8678,3197.1673,3184.4696
130933000,3197.3586,2137100,23376700,5563800500,66424009500,3203.1189,3228.8678,3197.1673,3184.4696
130938000,3197.4991,2774100,29865700,5566574600,66453875200,3203.1189,3228.8678,3197.1673,3184.4696
130943000,3197.4744,1163200,13679200,5567737800,66467554400,3203.1189,3228.8678,3197.1673,3184.4696
130948000,3197.3224,1571500,20763800,5569309300,66488318200,3203.1189,3228.8678,3197.1673,3184.4696
130953000,3197.1469,1602400,17435400,5570911700,66505753600,3203.1189,3228.8678,3197.1469,3184.4696
130958000,3197.1279,1594200,18188000,5572505900,66523941600,3203.1189,3228.8678,3197.1279,3184.4696
131003000,3197.4534,1310400,17305500,5573816300,66541247100,3203.1189,3228.8678,3197.1279,3184.4696
131008000,3196.9353,2069000,25654600,5575885300,66566901700,3203.1189,3228.8678,3196.9353,3184.4696
131013000,3197.3269,1233100,14469500,5577118400,66581371200,3203.1189,3228.8678,3196.9353,3184.4696
131018000,3197.5663,1485200,19886300,5578603600,66601257500,3203.1189,3228.8678,3196.9353,3184.4696
131023000,3197.1018,842000,11654900,5579445600,66612912400,3203.1189,3228.8678,3196.9353,3184.4696
131028000,3197.2471,3105900,28110100,5582551500,66641022500,3203.1189,3228.8678,3196.9353,3184.4696
131033000,3197.1853,1622600,19358800,5584174100,66660381300,3203.1189,3228.8678,3196.9353,3184.4696
131038000,3196.8454,1213800,20952600,5585387900,66681333900,3203.1189,3228.8678,3196.8454,3184.4696
131043000,3197.4746,1026800,13104300,5586414700,66694438200,3203.1189,3228.8678,3196.8454,3184.4696
131048000,3197.5306,1497500,18313800,5587912200,66712752000,3203.1189,3228.8678,3196.8454,3184.4696
131053000,3197.1128,1635800,20633500,5589548000,66733385500,3203.1189,3228.8678,3196.8454,3184.4696
131058000,3197.0873,1620800,24720100,5591168800,66758105600,3203.1189,3228.8678,3196.8454,3184.4696
131103000,3197.4126,2055200,23350500,5593224000,66781456100,3203.1189,3228.8678,3196.8454,3184.4696
131108000,3197.2831,2382300,26093600,5595606300,66807549700,3203.1189,3228.8678,3196.8454,3184.4696
131113000,3197.4987,1611900,19772100,5597218200,66827321800,3203.1189,3228.8678,3196.8454,3184.4696
131118000,3197.7127,2619500,23567000,5599837700,66850888800,3203.1189,3228.8678,3196.8454,3184.4696
131123000,3197.4121,1121900,13856000,5600959600,66864744800,3203.1189,3228.8678,3196.8454,3184.4696
131128000,3197.4306,1289100,18472000,5602248700,66883216800,3203.1189,3228.8678,3196.8454,3184.4696
131133000,3197.554,1695700,23175600,5603944400,66906392400,3203.1189,3228.8678,3196.8454,3184.4696
131138000,3197.4598,1007100,14620800,5604951500,66921013200,3203.1189,3228.8678,3196.8454,3184.4696
131143000,3197.9311,1063900,12952600,5606015400,66933965800,3203.1189,3228.8678,3196.8454,3184.4696
131148000,3197.9609,1228500,16469400,5607243900,66950435200,3203.1189,3228.8678,3196.8454,3184.4696
131153000,3197.9281,2124700,14939100,5609368600,66965374300,3203.1189,3228.8678,3196.8454,3184.4696
131158000,3197.9538,1129700,17319900,5610498300,66982694200,3203.1189,3228.8678,3196.8454,3184.4696
131203000,3198.2004,1949500,22380600,5612447800,67005074800,3203.1189,3228.8678,3196.8454,3184.4696
131208000,3198.029,1485500,18953200,5613933300,67024028000,3203.1189,3228.8678,3196.8454,3184.4696
131213000,3198.0595,1394700,14821100,5615328000,67038849100,3203.1189,3228.8678,3196.8454,3184.4696
131218000,3198.1876,1528600,20277700,5616856600,67059126800,3203.1189,3228.8678,3196.8454,3184.4696
131223000,3198.0934,876200,11652000,5617732800,67070778800,3203.1189,3228.8678,3196.8454,3184.4696
131228000,3198.1269,1263100,18266500,5618995900,67089045300,3203.1189,3228.8678,3196.8454,3184.4696
131233000,3198.3055,1214400,17411600,5620210300,67106456900,3203.1189,3228.8678,3196.8454,3184.4696
131238000,3198.1057,2116000,20617500,5622326300,67127074400,3203.1189,3228.8678,3196.8454,3184.4696
131243000,3198.1688,712600,10518000,5623038900,67137592400,3203.1189,3228.8678,3196.8454,3184.4696
131248000,3198.1188,1656100,20021900,5624695000,67157614300,3203.1189,3228.8678,3196.8454,3184.4696
131253000,3197.9598,1411600,14137800,5626106600,67171752100,3203.1189,3228.8678,3196.8454,3184.4696
131258000,3197.7298,1304200,19752000,5627410800,67191504100,3203.1189,3228.8678,3196.8454,3184.4696
131303000,3198.3443,1798300,20321300,5629209100,67211825400,3203.1189,3228.8678,3196.8454,3184.4696
131308000,3198.2798,1248200,16700000,5630457300,67228525400,3203.1189,3228.8678,3196.8454,3184.4696
131313000,3197.8565,1106200,15978600,5631563500,67244504000,3203.1189,3228.8678,3196.8454,3184.4696
131318000,3198.0687,2395200,25249300,5633958700,67269753300,3203.1189,3228.8678,3196.8454,3184.4696
131323000,3197.7483,903300,11688400,5634862000,67281441700,3203.1189,3228.8678,3196.8454,3184.4696
131328000,3197.8459,1309800,16965300,5636171800,67298407000,3203.1189,3228.8678,3196.8454,3184.4696
131333000,3197.5229,2888200,24950300,5639060000,67323357300,3203.1189,3228.8678,3196.8454,3184.4696
131338000,3197.5346,1592700,20697100,5640652700,67344054400,3203.1189,3228.8678,3196.8454,3184.4696
131343000,3197.9324,890400,12067800,5641543100,67356122200,3203.1189,3228.8678,3196.8454,3184.4696
131348000,3197.8556,2448200,23266000,5643991300,67379388200,3203.1189,3228.8678,3196.8454,3184.4696
131353000,3198.1123,1023500,12630900,5645014800,67392019100,3203.1189,3228.8678,3196.8454,3184.4696
131358000,3197.9429,1313800,17414000,5646328600,67409433100,3203.1189,3228.8678,3196.8454,3184.4696
131403000,3197.6151,1294800,18706500,5647623400,67428139600,3203.1189,3228.8678,3196.8454,3184.4696
131408000,3197.7052,1086900,17242200,5648710300,67445381800,3203.1189,3228.8678,3196.8454,3184.4696
131413000,3197.6739,965400,11602300,5649675700,67456984100,3203.1189,3228.8678,3196.8454,3184.4696
131418000,3197.7367,2026000,23116300,5651701700,67480100400,3203.1189,3228.8678,3196.8454,3184.4696
131423000,3197.5908,2005100,18007900,5653706800,67498108300,3203.1189,3228.8678,3196.8454,3184.4696
131428000,3197.5315,1858200,23497000,5655565000,67521605300,3203.1189,3228.8678,3196.8454,3184.4696
131433000,3197.657,2083800,25035800,5657648800,67546641100,3203.1189,3228.8678,3196.8454,3184.4696
131438000,3197.764,1450800,18842100,5659099600,67565483200,3203.1189,3228.8678,3196.8454,3184.4696
131443000,3197.9754,1187700,14749200,5660287300,67580232400,3203.1189,3228.8678,3196.8454,3184.4696
131448000,3197.5587,1420500,21122000,5661707800,67601354400,3203.1189,3228.8678,3196.8454,3184.4696
131453000,3197.4162,817400,10163100,5662525200,67611517500,3203.1189,3228.8678,3196.8454,3184.4696
131458000,3197.6286,1102000,15980600,5663627200,67627498100,3203.1189,3228.8678,3196.8454,3184.4696
131503000,3197.7099,1544600,18229300,5665171800,67645727400,3203.1189,3228.8678,3196.8454,3184.4696
131508000,3197.7109,1152900,19005400,5666324700,67664732800,3203.1189,3228.8678,3196.8454,3184.4696
131513000,3197.944,1010600,11489900,5667335300,67676222700,3203.1189,3228.8678,3196.8454,3184.4696
131518000,3197.8527,1507600,15625300,5668842900,67691848000,3203.1189,3228.8678,3196.8454,3184.4696
131523000,3197.0206,1016300,13643100,5669859200,67705491100,3203.1189,3228.8678,3196.8454,3184.4696
131528000,3197.4147,1743900,18338300,5671603100,67723829400,3203.1189,3228.8678,3196.8454,3184.4696
131533000,3197.3786,1733000,21407300,5673336100,67745236700,3203.1189,3228.8678,3196.8454,3184.4696
131538000,3197.632,1671300,20247900,5675007400,67765484600,3203.1189,3228.8678,3196.8454,3184.4696
131543000,3197.9757,867200,12527000,5675874600,67778011600,3203.1189,3228.8678,3196.8454,3184.4696
131548000,3197.0884,2211300,26430100,5678085900,67804441700,3203.1189,3228.8678,3196.8454,3184.4696
131553000,3197.3308,1238000,12752500,5679323900,67817194200,3203.1189,3228.8678,3196.8454,3184.4696
131558000,3197.4968,1571200,19006000,5680895100,67836200200,3203.1189,3228.8678,3196.8454,3184.4696
131603000,3197.199,1352700,21259300,5682247800,67857459500,3203.1189,3228.8678,3196.8454,3184.4696
131608000,3197.1064,1343300,19877200,5683591100,67877336700,3203.1189,3228.8678,3196.8454,3184.4696
131613000,3197.2759,839400,12105400,5684430500,67889442100,3203.1189,3228.8678,3196.8454,3184.4696
131618000,3196.9735,1345100,19405300,5685775600,67908847400,3203.1189,3228.8678,3196.8454,3184.4696
131623000,3197.0842,1208000,16889400,5686983600,67925736800,3203.1189,3228.8678,3196.8454,3184.4696
131628000,3197.1941,1513300,19109600,5688496900,67944846400,3203.1189,3228.8678,3196.8454,3184.4696
131633000,3197.1344,1460100,19407300,5689957000,67964253700,3203.1189,3228.8678,3196.8454,3184.4696
131638000,3196.8339,1253800,16678300,5691210800,67980932000,3203.1189,3228.8678,3196.8339,3184.4696
131643000,3197.0065,1413700,16550400,5692624500,67997482400,3203.1189,3228.8678,3196.8339,3184.4696
131648000,3197.0421,1180100,17743600,5693804600,68015226000,3203.1189,3228.8678,3196.8339,3184.4696
131653000,3197.2309,1077400,12538800,5694882000,68027764800,3203.1189,3228.8678,3196.8339,3184.4696
131658000,3197.2804,1334000,18036700,5696216000,68045801500,3203.1189,3228.8678,3196.8339,3184.4696
131703000,3197.0595,2333400,28038400,5698549400,68073839900,3203.1189,3228.8678,3196.8339,3184.4696
131708000,3196.9552,1357500,18144700,5699906900,68091984600,3203.1189,3228.8678,3196.8339,3184.4696
131713000,3196.7049,846100,12209100,5700753000,68104193700,3203.1189,3228.8678,3196.7049,3184.4696
131718000,3196.9082,1496200,17889800,5702249200,68122083500,3203.1189,3228.8678,3196.7049,3184.4696
131723000,3196.9981,1315900,15496100,5703565100,68137579600,3203.1189,3228.8678,3196.7049,3184.4696
131728000,3197.1828,1091600,16705700,5704656700,68154285300,3203.1189,3228.8678,3196.7049,3184.4696
131733000,3196.12,1820100,22597900,5706476800,68176883200,3203.1189,3228.8678,3196.12,3184.4696
131738000,3196.7008,1586900,24672700,5708063700,68201555900,3203.1189,3228.8678,3196.12,3184.4696
131743000,3196.9954,1327800,20207700,5709391500,68221763600,3203.1189,3228.8678,3196.12,3184.4696
131748000,3196.2823,1633700,20407900,5711025200,68242171500,3203.1189,3228.8678,3196.12,3184.4696
131753000,3196.8554,1245000,14284200,5712270200,68256455700,3203.1189,3228.8678,3196.12,3184.4696
131758000,3196.3802,1397800,21200100,5713668000,68277655800,3203.1189,3228.8678,3196.12,3184.4696
131803000,3196.6085,2044700,23555400,5715712700,68301211200,3203.1189,3228.8678,3196.12,3184.4696
131808000,3196.4379,1499200,20500600,5717211900,68321711800,3203.1189,3228.8678,3196.12,3184.4696
131813000,3196.8201,1138900,15086300,5718350800,68336798100,3203.1189,3228.8678,3196.12,3184.4696
131818000,3196.5421,1801400,20721600,5720152200,68357519700,3203.1189,3228.8678,3196.12,3184.4696
131823000,3196.5166,1724100,19608900,5721876300,68377128600,3203.1189,3228.8678,3196.12,3184.4696
131828000,3196.573,1686800,20013200,5723563100,68397141800,3203.1189,3228.8678,3196.12,3184.4696
131833000,3196.6012,1789800,19685500,5725352900,68416827300,3203.1189,3228.8678,3196.12,3184.4696
131838000,3196.7916,1729000,25151500,5727081900,68441978800,3203.1189,3228.8678,3196.12,3184.4696
131843000,3196.4136,1748500,29994200,5728830400,68471973000,3203.1189,3228.8678,3196.12,3184.4696
131848000,3196.8996,1614600,30766900,5730445000,68502739900,3203.1189,3228.8678,3196.12,3184.4696
131853000,3196.8127,1710900,20005800,5732155900,68522745700,3203.1189,3228.8678,3196.12,3184.4696
131858000,3196.1295,2454600,23071600,5734610500,68545817300,3203.1189,3228.8678,3196.12,3184.4696
131903000,3197.3824,1950700,25800700,5736561200,68571618000,3203.1189,3228.8678,3196.12,3184.4696
131908000,3196.6832,1244900,18562300,5737806100,68590180300,3203.1189,3228.8678,3196.12,3184.4696
131913000,3197.1222,1432300,14422600,5739238400,68604602900,3203.1189,3228.8678,3196.12,3184.4696
131918000,3196.8679,1634400,21865400,5740872800,68626468300,3203.1189,3228.8678,3196.12,3184.4696
131923000,3196.3544,1482300,15568600,5742355100,68642036900,3203.1189,3228.8678,3196.12,3184.4696
131928000,3196.9941,1721400,19896400,5744076500,68661933300,3203.1189,3228.8678,3196.12,3184.4696
131933000,3196.7262,2500200,23870000,5746576700,68685803300,3203.1189,3228.8678,3196.12,3184.4696
131938000,3197.1429,1373500,18807700,5747950200,68704611000,3203.1189,3228.8678,3196.12,3184.4696
131943000,3196.78,1266300,20905000,5749216500,68725516000,3203.1189,3228.8678,3196.12,3184.4696
131948000,3196.8279,1608300,18432700,5750824800,68743948700,3203.1189,3228.8678,3196.12,3184.4696
131953000,3196.7625,1199500,23819700,5752024300,68767768400,3203.1189,3228.8678,3196.12,3184.4696
131958000,3196.6779,1940800,20483900,5753965100,68788252300,3203.1189,3228.8678,3196.12,3184.4696
132003000,3197.0487,3173900,27030800,5757139000,68815283100,3203.1189,3228.8678,3196.12,3184.4696
132008000,3196.5934,2168700,24150600,5759307700,68839433700,3203.1189,3228.8678,3196.12,3184.4696
132013000,3196.7836,1904000,17960600,5761211700,68857394300,3203.1189,3228.8678,3196.12,3184.4696
132018000,3196.938,1829600,19832700,5763041300,68877227000,3203.1189,3228.8678,3196.12,3184.4696
132023000,3196.761,1029600,12360800,5764070900,68889587800,3203.1189,3228.8678,3196.12,3184.4696
132028000,3196.932,1615600,21525800,5765686500,68911113600,3203.1189,3228.8678,3196.12,3184.4696
132033000,3196.7555,1246700,16419100,5766933200,68927532700,3203.1189,3228.8678,3196.12,3184.4696
132038000,3196.8517,1119500,18397800,5768052700,68945930500,3203.1189,3228.8678,3196.12,3184.4696
132043000,3196.7351,1312000,19337700,5769364700,68965268200,3203.1189,3228.8678,3196.12,3184.4696
132048000,3196.7745,1676100,26139100,5771040800,68991407300,3203.1189,3228.8678,3196.12,3184.4696
132053000,3196.6398,1038500,12253500,5772079300,69003660800,3203.1189,3228.8678,3196.12,3184.4696
132058000,3196.9595,1175100,22236100,5773254400,69025896900,3203.1189,3228.8678,3196.12,3184.4696
132103000,3196.8251,1557300,20631400,5774811700,69046528300,3203.1189,3228.8678,3196.12,3184.4696
132108000,3196.4159,1608500,21962700,5776420200,69068491000,3203.1189,3228.8678,3196.12,3184.4696
132113000,3196.3305,1133200,14326300,5777553400,69082817300,3203.1189,3228.8678,3196.12,3184.4696
132118000,3196.4266,1237200,16766300,5778790600,69099583600,3203.1189,3228.8678,3196.12,3184.4696
132123000,3196.1773,1160100,12636800,5779950700,69112220400,3203.1189,3228.8678,3196.12,3184.4696
132128000,3196.5055,1626600,20373200,5781577300,69132593600,3203.1189,3228.8678,3196.12,3184.4696
132133000,3196.2573,1550200,18924700,5783127500,69151518300,3203.1189,3228.8678,3196.1093,3184.4696
132138000,3196.3097,1253000,17462300,5784380500,69168980600,3203.1189,3228.8678,3196.1093,3184.4696
132143000,3196.4079,1315700,17415400,5785696200,69186396000,3203.1189,3228.8678,3196.1093,3184.4696
132148000,3196.1063,1202000,15955100,5786898200,69202351100,3203.1189,3228.8678,3196.1063,3184.4696
132153000,3195.6896,1607000,20004700,5788505200,69222355800,3203.1189,3228.8678,3195.6896,3184.4696
132158000,3196.0903,1776800,19562500,5790282000,69241918300,3203.1189,3228.8678,3195.6896,3184.4696
132203000,3195.7603,1570100,19316000,5791852100,69261234300,3203.1189,3228.8678,3195.6896,3184.4696
132208000,3195.8105,1666000,24078700,5793518100,69285313000,3203.1189,3228.8678,3195.6896,3184.4696
132213000,3195.8016,1171000,14320400,5794689100,69299633400,3203.1189,3228.8678,3195.6896,3184.4696
132218000,3195.8703,1369700,18734400,5796058800,69318367800,3203.1189,3228.8678,3195.6896,3184.4696
132223000,3195.6141,1063300,13585400,5797122100,69331953200,3203.1189,3228.8678,3195.568,3184.4696
132228000,3195.6856,2358300,26007500,5799480400,69357960700,3203.1189,3228.8678,3195.568,3184.4696
132233000,3195.4533,1859400,20837100,5801339800,69378797800,3203.1189,3228.8678,3195.4533,3184.4696
132238000,3195.2554,1341100,15141800,5802680900,69393939600,3203.1189,3228.8678,3195.2554,3184.4696
132243000,3195.6232,1213400,13314000,5803894300,69407253600,3203.1189,3228.8678,3195.2554,3184.4696
132248000,3195.7061,1556600,18949300,5805450900,69426202900,3203.1189,3228.8678,3195.2554,3184.4696
132253000,3195.582,1121500,16504900,5806572400,69442707800,3203.1189,3228.8678,3195.2554,3184.4696
132258000,3195.3721,1978700,24567900,5808551100,69467275700,3203.1189,3228.8678,3195.2554,3184.4696
132303000,3195.1762,1911800,23652700,5810462900,69490928400,3203.1189,3228.8678,3195.1762,3184.4696
132308000,3195.2344,1548600,20486700,5812011500,69511415100,3203.1189,3228.8678,3195.1762,3184.4696
132313000,3195.2263,1015700,14219700,5813027200,69525634800,3203.1189,3228.8678,3195.1762,3184.4696
132318000,3195.2287,1376900,16791200,5814404100,69542426000,3203.1189,3228.8678,3195.1468,3184.4696
132323000,3195.1086,807800,12852400,5815211900,69555278400,3203.1189,3228.8678,3195.1086,3184.4696
132328000,3195.4459,1956800,27638300,5817168700,69582916700,3203.1189,3228.8678,3195.1086,3184.4696
132333000,3195.0718,1667100,22226100,5818835800,69605142800,3203.1189,3228.8678,3195.0718,3184.4696
132338000,3195.141,1036900,14089000,5819872700,69619231800,3203.1189,3228.8678,3195.0552,3184.4696
132343000,3195.2154,1488800,23144400,5821361500,69642376200,3203.1189,3228.8678,3195.0552,3184.4696
132348000,3195.2002,2388400,30853200,5823749900,69673229400,3203.1189,3228.8678,3195.0552,3184.4696
132353000,3195.3262,1266500,16077200,5825016400,69689306600,3203.1189,3228.8678,3195.0552,3184.4696
132358000,3195.3523,3147500,30000000,5828163900,69719306600,3203.1189,3228.8678,3195.0552,3184.4696
132403000,3194.8395,2124900,22932400,5830288800,69742239000,3203.1189,3228.8678,3194.8395,3184.4696
132408000,3194.7103,2486500,31269500,5832775300,69773508500,3203.1189,3228.8678,3194.7075,3184.4696
132413000,3194.9487,1263400,17663200,5834038700,69791171700,3203.1189,3228.8678,3194.7075,3184.4696
132418000,3195.0058,2239200,25610400,5836277900,69816782100,3203.1189,3228.8678,3194.7075,3184.4696
132423000,3194.3241,1426300,20100900,5837704200,69836883000,3203.1189,3228.8678,3194.1862,3184.4696
132428000,3194.159,1544900,20505400,5839249100,69857388400,3203.1189,3228.8678,3194.159,3184.4696
132433000,3194.3065,2406200,22166400,5841655300,69879554800,3203.1189,3228.8678,3194.159,3184.4696
132438000,3194.3453,1477600,20759800,5843132900,69900314600,3203.1189,3228.8678,3194.159,3184.4696
132443000,3194.3565,1448400,20791900,5844581300,69921106500,3203.1189,3228.8678,3194.159,3184.4696
132448000,3194.1804,2219300,27849200,5846800600,69948955700,3203.1189,3228.8678,3194.159,3184.4696
132453000,3194.2379,1059600,13870300,5847860200,69962826000,3203.1189,3228.8678,3194.159,3184.4696
132458000,3194.1194,2488500,26455700,5850348700,69989281700,3203.1189,3228.8678,3194.1194,3184.4696
132503000,3194.0136,2200400,27005000,5852549100,70016286700,3203.1189,3228.8678,3194.0136,3184.4696
132508000,3193.931,2307200,31546600,5854856300,70047833300,3203.1189,3228.8678,3193.9285,3184.4696
132513000,3193.9449,1809400,22307800,5856665700,70070141100,3203.1189,3228.8678,3193.917,3184.4696
132518000,3193.5959,2639500,29117800,5859305200,70099258900,3203.1189,3228.8678,3193.5526,3184.4696
132523000,3193.5151,1729700,25159100,5861034900,70124418000,3203.1189,3228.8678,3193.5115,3184.4696
132528000,3193.5965,3279200,31143600,5864314100,70155561600,3203.1189,3228.8678,3193.5115,3184.4696
132533000,3193.2817,2621900,37314800,5866936000,70192876400,3203.1189,3228.8678,3193.2817,3184.4696
132538000,3193.4331,1933300,24973500,5868869300,70217849900,3203.1189,3228.8678,3193.2817,3184.4696
132543000,3193.3454,1891800,23242700,5870761100,70241092600,3203.1189,3228.8678,3193.2817,3184.4696
132548000,3193.3787,2046400,24508200,5872807500,70265600800,3203.1189,3228.8678,3193.2817,3184.4696
132553000,3193.4311,1285700,16822600,5874093200,70282423400,3203.1189,3228.8678,3193.2817,3184.4696
132558000,3193.2566,2673700,26795200,5876766900,70309218600,3203.1189,3228.8678,3193.1746,3184.4696
132603000,3193.0905,2635200,38866800,5879402100,70348085400,3203.1189,3228.8678,3193.0646,3184.4696
132608000,3192.8962,1793400,25490800,5881195500,70373576200,3203.1189,3228.8678,3192.8657,3184.4696
132613000,3192.8615,1577400,16572200,5882772900,70390148400,3203.1189,3228.8678,3192.8094,3184.4696
132618000,3193.1844,2537900,41707600,5885310800,70431856000,3203.1189,3228.8678,3192.8094,3184.4696
132623000,3192.8278,1460800,15134800,5886771600,70446990800,3203.1189,3228.8678,3192.788,3184.4696
132628000,3192.5933,1709600,22976900,5888481200,70469967700,3203.1189,3228.8678,3192.5803,3184.4696
132633000,3192.6297,1517000,24372100,5889998200,70494339800,3203.1189,3228.8678,3192.5654,3184.4696
132638000,3192.4108,1611400,20241900,5891609600,70514581700,3203.1189,3228.8678,3192.3869,3184.4696
132643000,3192.3718,2193100,20212700,5893802700,70534794400,3203.1189,3228.8678,3192.2755,3184.4696
132648000,3192.4861,2958100,25538100,5896760800,70560332500,3203.1189,3228.8678,3192.2755,3184.4696
132653000,3192.3835,954700,12040400,5897715500,70572372900,3203.1189,3228.8678,3192.2755,3184.4696
132658000,3192.4663,2156000,25266700,5899871500,70597639600,3203.1189,3228.8678,3192.2755,3184.4696
132703000,3192.4859,1827400,21134600,5901698900,70618774200,3203.1189,3228.8678,3192.2687,3184.4696
132708000,3193.0372,1822400,24935300,5903521300,70643709500,3203.1189,3228.8678,3192.2687,3184.4696
132713000,3192.6129,1803100,21450000,5905324400,70665159500,3203.1189,3228.8678,3192.2687,3184.4696
132718000,3193.2282,2205000,30198200,5907529400,70695357700,3203.1189,3228.8678,3192.2687,3184.4696
132723000,3193.3638,1403400,19466600,5908932800,70714824300,3203.1189,3228.8678,3192.2687,3184.4696
132728000,3193.0484,1969100,27851100,5910901900,70742675400,3203.1189,3228.8678,3192.2687,3184.4696
132733000,3193.0004,3601600,33243000,5914503500,70775918400,3203.1189,3228.8678,3192.2687,3184.4696
132738000,3193.4375,3253200,37792000,5917756700,70813710400,3203.1189,3228.8678,3192.2687,3184.4696
132743000,3193.5436,2498100,22685200,5920254800,70836395600,3203.1189,3228.8678,3192.2687,3184.4696
132748000,3193.5372,2717100,32942600,5922971900,70869338200,3203.1189,3228.8678,3192.2687,3184.4696
132753000,3194.1818,1943400,22756200,5924915300,70892094400,3203.1189,3228.8678,3192.2687,3184.4696
132758000,3194.1785,1977500,25617100,5926892800,70917711500,3203.1189,3228.8678,3192.2687,3184.4696
132803000,3194.1484,1878800,23839400,5928771600,70941550900,3203.1189,3228.8678,3192.2687,3184.4696
132808000,3194.1185,1946600,25075600,5930718200,70966626500,3203.1189,3228.8678,3192.2687,3184.4696
132813000,3194.0344,1306600,13988500,5932024800,70980615000,3203.1189,3228.8678,3192.2687,3184.4696
132818000,3193.8997,2415500,29173300,5934440300,71009788300,3203.1189,3228.8678,3192.2687,3184.4696
132823000,3193.5732,1374800,19046800,5935815100,71028835100,3203.1189,3228.8678,3192.2687,3184.4696
132828000,3194.1275,1534200,22899800,5937349300,71051734900,3203.1189,3228.8678,3192.2687,3184.4696
132833000,3193.9432,2484900,20290300,5939834200,71072025200,3203.1189,3228.8678,3192.2687,3184.4696
132838000,3194.0187,1320900,17549600,5941155100,71089574800,3203.1189,3228.8678,3192.2687,3184.4696
132843000,3194.1817,1235600,12978200,5942390700,71102553000,3203.1189,3228.8678,3192.2687,3184.4696
132848000,3193.9586,2061800,36500400,5944452500,71139053400,3203.1189,3228.8678,3192.2687,3184.4696
132853000,3193.6388,1525700,14545400,5945978200,71153598800,3203.1189,3228.8678,3192.2687,3184.4696
132858000,3193.9701,2886700,25176200,5948864900,71178775000,3203.1189,3228.8678,3192.2687,3184.4696
132903000,3193.6791,1677100,20705300,5950542000,71199480300,3203.1189,3228.8678,3192.2687,3184.4696
132908000,3194.0665,1263000,17577400,5951805000,71217057700,3203.1189,3228.8678,3192.2687,3184.4696
132913000,3193.9627,3004300,21195200,5954809300,71238252900,3203.1189,3228.8678,3192.2687,3184.4696
132918000,3193.8254,2444400,24846300,5957253700,71263099200,3203.1189,3228.8678,3192.2687,3184.4696
132923000,3193.6669,1446000,15296900,5958699700,71278396100,3203.1189,3228.8678,3192.2687,3184.4696
132928000,3193.9511,2667500,26704700,5961367200,71305100800,3203.1189,3228.8678,3192.2687,3184.4696
132933000,3193.7983,1760000,21477500,5963127200,71326578300,3203.1189,3228.8678,3192.2687,3184.4696
132938000,3193.641,1402000,19092400,5964529200,71345670700,3203.1189,3228.8678,3192.2687,3184.4696
132943000,3193.5594,1102300,15304100,5965631500,71360974800,3203.1189,3228.8678,3192.2687,3184.4696
132948000,3194.1279,1735000,26956500,5967366500,71387931300,3203.1189,3228.8678,3192.2687,3184.4696
132953000,3194.2652,1349300,16275900,5968715800,71404207200,3203.1189,3228.8678,3192.2687,3184.4696
132958000,3194.2372,2171600,24651700,5970887400,71428858900,3203.1189,3228.8678,3192.2687,3184.4696
133003000,3193.8276,2366200,24392400,5973253600,71453251300,3203.1189,3228.8678,3192.2687,3184.4696
133008000,3193.8876,1493400,20749400,5974747000,71474000700,3203.1189,3228.8678,3192.2687,3184.4696
133013000,3194.1281,1402200,15614700,5976149200,71489615400,3203.1189,3228.8678,3192.2687,3184.4696
133018000,3193.9167,1476100,16957400,5977625300,71506572800,3203.1189,3228.8678,3192.2687,3184.4696
133023000,3193.6315,1839500,19067000,5979464800,71525639800,3203.1189,3228.8678,3192.2687,3184.4696
133028000,3193.7024,1773700,20525700,5981238500,71546165500,3203.1189,3228.8678,3192.2687,3184.4696
133033000,3193.7896,2113200,23344500,5983351700,71569510000,3203.1189,3228.8678,3192.2687,3184.4696
133038000,3193.6737,2278300,28920400,5985630000,71598430400,3203.1189,3228.8678,3192.2687,3184.4696
133043000,3193.7448,2163200,22942800,5987793200,71621373200,3203.1189,3228.8678,3192.2687,3184.4696
133048000,3193.2328,1845800,18506300,5989639000,71639879500,3203.1189,3228.8678,3192.2687,3184.4696
133053000,3193.4971,1160800,14618900,5990799800,71654498400,3203.1189,3228.8678,3192.2687,3184.4696
133058000,3193.1756,1899400,21878100,5992699200,71676376500,3203.1189,3228.8678,3192.2687,3184.4696
133103000,3192.6738,2057900,27697000,5994757100,71704073500,3203.1189,3228.8678,3192.2687,3184.4696
133108000,3193.3854,2311400,31263700,5997068500,71735337200,3203.1189,3228.8678,3192.2687,3184.4696
133113000,3193.3495,1382400,17537200,5998450900,71752874400,3203.1189,3228.8678,3192.2687,3184.4696
133118000,3193.6188,2378600,24332900,6000829500,71777207300,3203.1189,3228.8678,3192.2687,3184.4696
133123000,3193.5031,1127300,13368300,6001956800,71790575600,3203.1189,3228.8678,3192.2687,3184.4696
133128000,3193.2034,1781900,25147600,6003738700,71815723200,3203.1189,3228.8678,3192.2687,3184.4696
133133000,3193.3603,1810300,26311500,6005549000,71842034700,3203.1189,3228.8678,3192.2687,3184.4696
133138000,3193.035,1775600,19034100,6007324600,71861068800,3203.1189,3228.8678,3192.2687,3184.4696
133143000,3192.8066,1752000,14644200,6009076600,71875713000,3203.1189,3228.8678,3192.2687,3184.4696
133148000,3193.0355,1498400,20505000,6010575000,71896218000,3203.1189,3228.8678,3192.2687,3184.4696
133153000,3192.8043,1659300,16492000,6012234300,71912710000,3203.1189,3228.8678,3192.2687,3184.4696
133158000,3192.8196,1766500,25934900,6014000800,71938644900,3203.1189,3228.8678,3192.2687,3184.4696
133203000,3192.5458,2069400,26540200,6016070200,71965185100,3203.1189,3228.8678,3192.2687,3184.4696
133208000,3192.8867,1999500,19558800,6018069700,71984743900,3203.1189,3228.8678,3192.2687,3184.4696
133213000,3192.9289,1509600,18070100,6019579300,72002814000,3203.1189,3228.8678,3192.2687,3184.4696
133218000,3192.7071,1941700,23674500,6021521000,72026488500,3203.1189,3228.8678,3192.2687,3184.4696
133223000,3192.2835,939700,12128200,6022460700,72038616700,3203.1189,3228.8678,3192.2687,3184.4696
133228000,3192.7244,1699800,20971300,6024160500,72059588000,3203.1189,3228.8678,3192.2687,3184.4696
133233000,3192.1486,3323900,42054800,6027484400,72101642800,3203.1189,3228.8678,3192.1486,3184.4696
133238000,3191.9329,2062600,24910000,6029547000,72126552800,3203.1189,3228.8678,3191.9329,3184.4696
133243000,3191.8672,1554000,21500600,6031101000,72148053400,3203.1189,3228.8678,3191.8672,3184.4696
133248000,3191.8674,2953200,30356800,6034054200,72178410200,3203.1189,3228.8678,3191.8672,3184.4696
133253000,3191.7348,1109100,12813200,6035163300,72191223400,3203.1189,3228.8678,3191.7348,3184.4696
133258000,3191.8486,1643600,20378900,6036806900,72211602300,3203.1189,3228.8678,3191.7348,3184.4696
133303000,3191.7718,1635500,21215600,6038442400,72232817900,3203.1189,3228.8678,3191.7348,3184.4696
133308000,3191.5875,1999900,24568500,6040442300,72257386400,3203.1189,3228.8678,3191.5875,3184.4696
133313000,3191.2833,2226400,26177700,6042668700,72283564100,3203.1189,3228.8678,3191.2833,3184.4696
133318000,3191.2881,2381000,23773100,6045049700,72307337200,3203.1189,3228.8678,3191.2337,3184.4696
133323000,3191.0009,1800600,20655200,6046850300,72327992400,3203.1189,3228.8678,3190.7626,3184.4696
133328000,3191.3597,2277700,27211300,6049128000,72355203700,3203.1189,3228.8678,3190.7626,3184.4696
133333000,3191.0674,2590400,30089100,6051718400,72385292800,3203.1189,3228.8678,3190.7626,3184.4696
133338000,3191.2458,2336500,30776800,6054054900,72416069600,3203.1189,3228.8678,3190.7626,3184.4696
133343000,3191.3992,1189400,17690800,6055244300,72433760400,3203.1189,3228.8678,3190.7626,3184.4696
133348000,3190.9211,2008700,25365300,6057253000,72459125700,3203.1189,3228.8678,3190.7626,3184.4696
133353000,3191.0274,1806200,21972800,6059059200,72481098500,3203.1189,3228.8678,3190.7626,3184.4696
133358000,3190.9438,2530800,27359100,6061590000,72508457600,3203.1189,3228.8678,3190.7626,3184.4696
133403000,3190.3779,2067500,25027700,6063657500,72533485300,3203.1189,3228.8678,3190.3779,3184.4696
133408000,3190.2423,1810100,24650100,6065467600,72558135400,3203.1189,3228.8678,3190.2423,3184.4696
133413000,3190.3851,2023400,33407000,6067491000,72591542400,3203.1189,3228.8678,3190.2423,3184.4696
133418000,3190.6963,2067000,26202700,6069558000,72617745100,3203.1189,3228.8678,3190.2423,3184.4696
133423000,3190.0735,1929800,19454700,6071487800,72637199800,3203.1189,3228.8678,3189.8037,3184.4696
133428000,3190.329,1783000,21236300,6073270800,72658436100,3203.1189,3228.8678,3189.8037,3184.4696
133433000,3190.0764,1974900,22274900,6075245700,72680711000,3203.1189,3228.8678,3189.8037,3184.4696
133438000,3190.342,1765900,23313200,6077011600,72704024200,3203.1189,3228.8678,3189.8037,3184.4696
133443000,3190.4488,1454100,18474200,6078465700,72722498400,3203.1189,3228.8678,3189.8037,3184.4696
133448000,3190.3446,2212700,25962800,6080678400,72748461200,3203.1189,3228.8678,3189.8037,3184.4696
133453000,3190.1204,1593000,22257600,6082271400,72770718800,3203.1189,3228.8678,3189.8037,3184.4696
133458000,3189.7552,2872000,34535000,6085143400,72805253800,3203.1189,3228.8678,3189.7552,3184.4696
133503000,3189.92,2636700,33727500,6087780100,72838981300,3203.1189,3228.8678,3189.7552,3184.4696
133508000,3190.1414,1987300,23828400,6089767400,72862809700,3203.1189,3228.8678,3189.7552,3184.4696
133513000,3190.1699,2015800,39696200,6091783200,72902505900,3203.1189,3228.8678,3189.7552,3184.4696
133518000,3189.9275,3579800,36323400,6095363000,72938829300,3203.1189,3228.8678,3189.7552,3184.4696
133523000,3189.6959,1435100,19468400,6096798100,72958297700,3203.1189,3228.8678,3189.5794,3184.4696
133528000,3189.7266,1411700,24114800,6098209800,72982412500,3203.1189,3228.8678,3189.5794,3184.4696
133533000,3189.6521,1829200,29324900,6100039000,73011737400,3203.1189,3228.8678,3189.5794,3184.4696
133538000,3190.1471,2346200,28502800,6102385200,73040240200,3203.1189,3228.8678,3189.5794,3184.4696
133543000,3190.1899,1468700,19357000,6103853900,73059597200,3203.1189,3228.8678,3189.5794,3184.4696
133548000,3189.8142,2328200,32182300,6106182100,73091779500,3203.1189,3228.8678,3189.5794,3184.4696
133553000,3189.6534,1767100,19122200,6107949200,73110901700,3203.1189,3228.8678,3189.5794,3184.4696
133558000,3189.8579,2193100,24783800,6110142300,73135685500,3203.1189,3228.8678,3189.5794,3184.4696
133603000,3189.3032,2475500,34185400,6112617800,73169870900,3203.1189,3228.8678,3189.3032,3184.4696
133608000,3189.6843,1455400,30228000,6114073200,73200098900,3203.1189,3228.8678,3189.3032,3184.4696
133613000,3189.6998,1755200,19673500,6115828400,73219772400,3203.1189,3228.8678,3189.3032,3184.4696
133618000,3189.3387,1722300,23019500,6117550700,73242791900,3203.1189,3228.8678,3189.2211,3184.4696
133623000,3189.1551,1066200,16612700,6118616900,73259404600,3203.1189,3228.8678,3188.8632,3184.4696
133628000,3189.5093,1983300,25857000,6120600200,73285261600,3203.1189,3228.8678,3188.8632,3184.4696
133633000,3189.3493,2010500,30476100,6122610700,73315737700,3203.1189,3228.8678,3188.8632,3184.4696
133638000,3189.3735,2927800,29811600,6125538500,73345549300,3203.1189,3228.8678,3188.8632,3184.4696
133643000,3189.567,978800,14324500,6126517300,73359873800,3203.1189,3228.8678,3188.8632,3184.4696
133648000,3189.2453,1780700,25972000,6128298000,73385845800,3203.1189,3228.8678,3188.8632,3184.4696
133653000,3189.6713,1522700,20420800,6129820700,73406266600,3203.1189,3228.8678,3188.8632,3184.4696
133658000,3189.2016,1742000,22365400,6131562700,73428632000,3203.1189,3228.8678,3188.8632,3184.4696
133703000,3189.5426,2521200,30949900,6134083900,73459581900,3203.1189,3228.8678,3188.8632,3184.4696
133708000,3189.6642,1358400,17942500,6135442300,73477524400,3203.1189,3228.8678,3188.8632,3184.4696
133713000,3189.7435,1576200,19639500,6137018500,73497163900,3203.1189,3228.8678,3188.8632,3184.4696
133718000,3189.5979,2612200,30937400,6139630700,73528101300,3203.1189,3228.8678,3188.8632,3184.4696
133723000,3189.3513,1839500,18238900,6141470200,73546340200,3203.1189,3228.8678,3188.8632,3184.4696
133728000,3190.01,2732500,27295500,6144202700,73573635700,3203.1189,3228.8678,3188.8632,3184.4696
133733000,3189.4975,2616900,35489200,6146819600,73609124900,3203.1189,3228.8678,3188.8632,3184.4696
133738000,3189.3052,1381400,19566900,6148201000,73628691800,3203.1189,3228.8678,3188.8632,3184.4696
133743000,3189.1945,3339700,30073000,6151540700,73658764800,3203.1189,3228.8678,3188.8632,3184.4696
133748000,3189.046,2843100,26983800,6154383800,73685748600,3203.1189,3228.8678,3188.8632,3184.4696
133753000,3189.0312,1555900,15838800,6155939700,73701587400,3203.1189,3228.8678,3188.8632,3184.4696
133758000,3188.935,1767100,22909400,6157706800,73724496800,3203.1189,3228.8678,3188.8632,3184.4696
133803000,3189.346,2903500,32085400,6160610300,73756582200,3203.1189,3228.8678,3188.8632,3184.4696
133808000,3189.1163,1536700,22607000,6162147000,73779189200,3203.1189,3228.8678,3188.8632,3184.4696
133813000,3189.4244,1809600,18740800,6163956600,73797930000,3203.1189,3228.8678,3188.8632,3184.4696
133818000,3189.4784,1883000,24299400,6165839600,73822229400,3203.1189,3228.8678,3188.8632,3184.4696
133823000,3189.5659,1779200,23119500,6167618800,73845348900,3203.1189,3228.8678,3188.8632,3184.4696
133828000,3189.5016,1824000,23751400,6169442800,73869100300,3203.1189,3228.8678,3188.8632,3184.4696
133833000,3188.9475,1652800,23446300,6171095600,73892546600,3203.1189,3228.8678,3188.8632,3184.4696
133838000,3189.1254,1988000,28222000,6173083600,73920768600,3203.1189,3228.8678,3188.8632,3184.4696
133843000,3189.4264,1459500,19349200,6174543100,73940117800,3203.1189,3228.8678,3188.8632,3184.4696
133848000,3189.3368,2409400,25541700,6176952500,73965659500,3203.1189,3228.8678,3188.8632,3184.4696
133853000,3189.3496,963000,14266900,6177915500,73979926400,3203.1189,3228.8678,3188.8632,3184.4696
133858000,3189.8325,1532800,21836500,6179448300,74001762900,3203.1189,3228.8678,3188.8632,3184.4696
133903000,3189.4569,2090100,24259200,6181538400,74026022100,3203.1189,3228.8678,3188.8632,3184.4696
133908000,3189.4262,1531400,20416900,6183069800,74046439000,3203.1189,3228.8678,3188.8632,3184.4696
133913000,3189.8682,1272300,14573900,6184342100,74061012900,3203.1189,3228.8678,3188.8632,3184.4696
133918000,3189.6153,2314500,31821600,6186656600,74092834500,3203.1189,3228.8678,3188.8632,3184.4696
133923000,3189.3763,1348000,17042900,6188004600,74109877400,3203.1189,3228.8678,3188.8632,3184.4696
133928000,3189.4136,1654100,22027700,6189658700,74131905100,3203.1189,3228.8678,3188.8632,3184.4696
133933000,3189.2151,2437000,26737800,6192095700,74158642900,3203.1189,3228.8678,3188.8632,3184.4696
133938000,3188.9516,1425200,16445100,6193520900,74175088000,3203.1189,3228.8678,3188.8632,3184.4696
133943000,3189.3123,970200,15121500,6194491100,74190209500,3203.1189,3228.8678,3188.8632,3184.4696
133948000,3189.2128,1607000,21080000,6196098100,74211289500,3203.1189,3228.8678,3188.8632,3184.4696
133953000,3189.4691,837400,11018800,6196935500,74222308300,3203.1189,3228.8678,3188.8632,3184.4696
133958000,3189.1403,1296300,19519200,6198231800,74241827500,3203.1189,3228.8678,3188.8632,3184.4696
134003000,3188.9888,1675800,18791100,6199907600,74260618600,3203.1189,3228.8678,3188.8277,3184.4696
134008000,3189.6397,1838500,21815300,6201746100,74282433900,3203.1189,3228.8678,3188.8277,3184.4696
134013000,3189.6631,1317200,15951500,6203063300,74298385400,3203.1189,3228.8678,3188.8277,3184.4696
134018000,3189.1116,1873300,25534400,6204936600,74323919800,3203.1189,3228.8678,3188.8277,3184.4696
134023000,3189.4889,1557900,17544300,6206494500,74341464100,3203.1189,3228.8678,3188.8277,3184.4696
134028000,3189.5237,1908200,22188600,6208402700,74363652700,3203.1189,3228.8678,3188.8277,3184.4696
134033000,3189.0092,1948200,22215500,6210350900,74385868200,3203.1189,3228.8678,3188.8277,3184.4696
134038000,3189.2108,1662300,20610000,6212013200,74406478200,3203.1189,3228.8678,3188.8277,3184.4696
134043000,3189.6006,1227000,19823300,6213240200,74426301500,3203.1189,3228.8678,3188.8277,3184.4696
134048000,3189.5255,1298700,16514000,6214538900,74442815500,3203.1189,3228.8678,3188.8277,3184.4696
134053000,3189.3528,1415200,17122700,6215954100,74459938200,3203.1189,3228.8678,3188.8277,3184.4696
134058000,3189.3385,3516000,29829900,6219470100,74489768100,3203.1189,3228.8678,3188.8277,3184.4696
134103000,3189.4788,1341100,21200100,6220811200,74510968200,3203.1189,3228.8678,3188.8277,3184.4696
134108000,3189.1957,1629600,21447400,6222440800,74532415600,3203.1189,3228.8678,3188.8277,3184.4696
134113000,3189.2269,2630800,22354700,6225071600,74554770300,3203.1189,3228.8678,3188.8277,3184.4696
134118000,3189.6999,2195800,23271400,6227267400,74578041700,3203.1189,3228.8678,3188.8277,3184.4696
134123000,3189.4121,1612500,18060000,6228879900,74596101700,3203.1189,3228.8678,3188.8277,3184.4696
134128000,3189.3538,2352300,27849900,6231232200,74623951600,3203.1189,3228.8678,3188.8277,3184.4696
134133000,3189.163,2048400,25180200,6233280600,74649131800,3203.1189,3228.8678,3188.8277,3184.4696
134138000,3188.975,2561800,25225600,6235842400,74674357400,3203.1189,3228.8678,3188.8277,3184.4696
134143000,3188.8869,1732000,18213200,6237574400,74692570600,3203.1189,3228.8678,3188.8277,3184.4696
134148000,3188.7424,2278400,27512400,6239852800,74720083000,3203.1189,3228.8678,3188.7424,3184.4696
134153000,3188.5809,1749000,24944800,6241601800,74745027800,3203.1189,3228.8678,3188.5809,3184.4696
134158000,3188.4381,3547900,40610200,6245149700,74785638000,3203.1189,3228.8678,3188.4381,3184.4696
134203000,3188.1517,3837900,42603600,6248987600,74828241600,3203.1189,3228.8678,3188.1517,3184.4696
134208000,3187.4883,3473300,43098200,6252460900,74871339800,3203.1189,3228.8678,3187.4883,3184.4696
134213000,3186.9762,2824100,43102000,6255285000,74914441800,3203.1189,3228.8678,3186.9762,3184.4696
134218000,3186.6564,3697200,41417800,6258982200,74955859600,3203.1189,3228.8678,3186.6564,3184.4696
134223000,3186.3589,3039900,27153600,6262022100,74983013200,3203.1189,3228.8678,3186.3204,3184.4696
134228000,3186.6293,3435700,38632300,6265457800,75021645500,3203.1189,3228.8678,3186.3204,3184.4696
134233000,3186.1202,2609900,33674900,6268067700,75055320400,3203.1189,3228.8678,3186.1202,3184.4696
134238000,3186.01,2565500,32892500,6270633200,75088212900,3203.1189,3228.8678,3186.01,3184.4696
134243000,3186.0091,1726400,22576800,6272359600,75110789700,3203.1189,3228.8678,3186.0091,3184.4696
134248000,3186.0913,3957800,38221200,6276317400,75149010900,3203.1189,3228.8678,3186.0091,3184.4696
134253000,3185.8016,1735100,18392500,6278052500,75167403400,3203.1189,3228.8678,3185.779,3184.4696
134258000,3185.6766,2494800,29739900,6280547300,75197143300,3203.1189,3228.8678,3185.6766,3184.4696
134303000,3185.7682,3909400,36807700,6284456700,75233951000,3203.1189,3228.8678,3185.6766,3184.4696
134308000,3185.1161,2650800,30144600,6287107500,75264095600,3203.1189,3228.8678,3185.1161,3184.4696
134313000,3184.7421,2226800,27196800,6289334300,75291292400,3203.1189,3228.8678,3184.7421,3184.4696
134318000,3184.4493,4962400,57307100,6294296700,75348599500,3203.1189,3228.8678,3184.4493,3184.4696
134323000,3184.3381,3482700,36512900,6297779400,75385112400,3203.1189,3228.8678,3184.0902,3184.4696
134328000,3184.424,3540200,39608300,6301319600,75424720700,3203.1189,3228.8678,3184.0902,3184.4696
134333000,3183.8141,5882900,56627500,6307202500,75481348200,3203.1189,3228.8678,3183.8141,3184.4696
134338000,3183.6685,3750300,42848500,6310952800,75524196700,3203.1189,3228.8678,3183.6685,3184.4696
134343000,3183.7777,2215600,32751800,6313168400,75556948500,3203.1189,3228.8678,3183.6685,3184.4696
134348000,3183.6056,4734300,47278700,6317902700,75604227200,3203.1189,3228.8678,3183.6056,3184.4696
134353000,3183.0971,1775500,20920700,6319678200,75625147900,3203.1189,3228.8678,3183.0971,3184.4696
134358000,3183.3678,2453400,32088200,6322131600,75657236100,3203.1189,3228.8678,3183.0971,3184.4696
134403000,3183.2116,4442400,44785300,6326574000,75702021400,3203.1189,3228.8678,3183.0971,3184.4696
134408000,3182.8141,3867300,35282800,6330441300,75737304200,3203.1189,3228.8678,3182.8141,3184.4696
134413000,3182.5813,2830200,30533300,6333271500,75767837500,3203.1189,3228.8678,3182.5813,3184.4696
134418000,3182.6634,5632300,50382900,6338903800,75818220400,3203.1189,3228.8678,3182.5813,3184.4696
134423000,3182.1496,1642500,20733900,6340546300,75838954300,3203.1189,3228.8678,3182.0893,3184.4696
134428000,3182.4682,3851600,43412500,6344397900,75882366800,3203.1189,3228.8678,3182.0893,3184.4696
134433000,3182.3207,2416300,37651100,6346814200,75920017900,3203.1189,3228.8678,3182.0893,3184.4696
134438000,3182.1977,2292200,29152600,6349106400,75949170500,3203.1189,3228.8678,3182.0893,3184.4696
134443000,3182.0533,2055900,26059700,6351162300,75975230200,3203.1189,3228.8678,3182.0103,3184.4696
134448000,3182.035,2625700,34723800,6353788000,76009954000,3203.1189,3228.8678,3182.0103,3184.4696
134453000,3182.1926,1619000,20311500,6355407000,76030265500,3203.1189,3228.8678,3182.0103,3184.4696
134458000,3182.0943,2126600,27094500,6357533600,76057360000,3203.1189,3228.8678,3182.0103,3184.4696
134503000,3182.0253,2461000,32251000,6359994600,76089611000,3203.1189,3228.8678,3181.8993,3184.4696
134508000,3181.6967,2907900,30172000,6362902500,76119783000,3203.1189,3228.8678,3181.6507,3184.4696
134513000,3181.6519,1535300,22121700,6364437800,76141904700,3203.1189,3228.8678,3181.5834,3184.4696
134518000,3181.4657,3027500,36618600,6367465300,76178523300,3203.1189,3228.8678,3181.4657,3184.4696
134523000,3181.3594,1640700,19373000,6369106000,76197896300,3203.1189,3228.8678,3181.1626,3184.4696
134528000,3181.6828,2267600,28539900,6371373600,76226436200,3203.1189,3228.8678,3181.1626,3184.4696
134533000,3181.6444,4794200,51358900,6376167800,76277795100,3203.1189,3228.8678,3181.1626,3184.4696
134538000,3181.7787,2166000,23675500,6378333800,76301470600,3203.1189,3228.8678,3181.1626,3184.4696
134543000,3181.6964,2103500,23705500,6380437300,76325176100,3203.1189,3228.8678,3181.1626,3184.4696
134548000,3181.6442,2617900,26983400,6383055200,76352159500,3203.1189,3228.8678,3181.1626,3184.4696
134553000,3181.6341,1900500,20154800,6384955700,76372314300,3203.1189,3228.8678,3181.1626,3184.4696
134558000,3181.4795,2710000,30376100,6387665700,76402690400,3203.1189,3228.8678,3181.1626,3184.4696
134603000,3181.9957,2898800,32628900,6390564500,76435319300,3203.1189,3228.8678,3181.1626,3184.4696
134608000,3181.3291,2819800,32377300,6393384300,76467696600,3203.1189,3228.8678,3181.1626,3184.4696
134613000,3181.5966,1834300,21853600,6395218600,76489550200,3203.1189,3228.8678,3181.1626,3184.4696
134618000,3181.2995,2592900,30876100,6397811500,76520426300,3203.1189,3228.8678,3181.1626,3184.4696
134623000,3181.261,2588300,25039000,6400399800,76545465300,3203.1189,3228.8678,3181.1474,3184.4696
134628000,3181.4458,2532600,36708200,6402932400,76582173500,3203.1189,3228.8678,3181.1474,3184.4696
134633000,3181.5755,2595800,27949300,6405528200,76610122800,3203.1189,3228.8678,3181.1474,3184.4696
134638000,3181.2804,2181700,27529200,6407709900,76637652000,3203.1189,3228.8678,3181.1474,3184.4696
134643000,3181.6618,2123900,22869200,6409833800,76660521200,3203.1189,3228.8678,3181.1474,3184.4696
134648000,3181.4284,3163100,39913100,6412996900,76700434300,3203.1189,3228.8678,3181.1474,3184.4696
134653000,3181.3481,1576400,20639000,6414573300,76721073300,3203.1189,3228.8678,3181.1474,3184.4696
134658000,3181.5879,3480700,35782100,6418054000,76756855400,3203.1189,3228.8678,3181.1474,3184.4696
134703000,3181.4232,2314500,27803800,6420368500,76784659200,3203.1189,3228.8678,3181.1474,3184.4696
134708000,3181.3465,2649500,28798000,6423018000,76813457200,3203.1189,3228.8678,3181.1474,3184.4696
134713000,3181.5993,2201600,22330400,6425219600,76835787600,3203.1189,3228.8678,3181.1474,3184.4696
134718000,3181.7393,2449700,26768500,6427669300,76862556100,3203.1189,3228.8678,3181.1474,3184.4696
134723000,3181.0611,2285600,22471300,6429954900,76885027400,3203.1189,3228.8678,3181.0611,3184.4696
134728000,3181.4875,2186200,26016100,6432141100,76911043500,3203.1189,3228.8678,3181.0611,3184.4696
134733000,3181.0087,2952600,30000600,6435093700,76941044100,3203.1189,3228.8678,3180.906,3184.4696
134738000,3181.5474,2470300,33584900,6437564000,76974629000,3203.1189,3228.8678,3180.906,3184.4696
134743000,3181.152,1612300,18275000,6439176300,76992904000,3203.1189,3228.8678,3180.906,3184.4696
134748000,3181.132,2893300,31394500,6442069600,77024298500,3203.1189,3228.8678,3180.906,3184.4696
134753000,3180.8646,1454900,18090000,6443524500,77042388500,3203.1189,3228.8678,3180.833,3184.4696
134758000,3181.4152,2408500,26888300,6445933000,77069276800,3203.1189,3228.8678,3180.833,3184.4696
134803000,3180.7844,3561500,33015300,6449494500,77102292100,3203.1189,3228.8678,3180.6226,3184.4696
134808000,3180.6156,2309300,29390500,6451803800,77131682600,3203.1189,3228.8678,3180.6131,3184.4696
134813000,3180.7185,1737500,19171700,6453541300,77150854300,3203.1189,3228.8678,3180.6131,3184.4696
134818000,3180.6651,2147100,27594800,6455688400,77178449100,3203.1189,3228.8678,3180.6131,3184.4696
134823000,3180.7494,1205700,15627400,6456894100,77194076500,3203.1189,3228.8678,3180.6131,3184.4696
134828000,3180.9399,1916400,25018700,6458810500,77219095200,3203.1189,3228.8678,3180.6131,3184.4696
134833000,3180.7883,1692700,23209900,6460503200,77242305100,3203.1189,3228.8678,3180.6131,3184.4696
134838000,3180.5428,2949600,34133900,6463452800,77276439000,3203.1189,3228.8678,3180.5192,3184.4696
134843000,3180.641,1474600,17093200,6464927400,77293532200,3203.1189,3228.8678,3180.5192,3184.4696
134848000,3180.4998,2570100,26507500,6467497500,77320039700,3203.1189,3228.8678,3180.4998,3184.4696
134853000,3180.6194,1720900,18465700,6469218400,77338505400,3203.1189,3228.8678,3180.4998,3184.4696
134858000,3180.2979,2593900,30484100,6471812300,77368989500,3203.1189,3228.8678,3180.2979,3184.4696
134903000,3180.184,2059100,27611000,6473871400,77396600500,3203.1189,3228.8678,3180.184,3184.4696
134908000,3180.4228,1720500,22096000,6475591900,77418696500,3203.1189,3228.8678,3180.184,3184.4696
134913000,3180.5478,2953900,26218200,6478545800,77444914700,3203.1189,3228.8678,3180.184,3184.4696
134918000,3180.3899,2355700,28015100,6480901500,77472929800,3203.1189,3228.8678,3180.184,3184.4696
134923000,3180.0205,2368500,26584200,6483270000,77499514000,3203.1189,3228.8678,3179.9142,3184.4696
134928000,3180.2891,2407700,25280300,6485677700,77524794300,3203.1189,3228.8678,3179.9142,3184.4696
134933000,3180.2854,2387100,30419800,6488064800,77555214100,3203.1189,3228.8678,3179.9142,3184.4696
134938000,3180.1037,2554300,31527100,6490619100,77586741200,3203.1189,3228.8678,3179.9142,3184.4696
134943000,3180.382,2011300,22695300,6492630400,77609436500,3203.1189,3228.8678,3179.9142,3184.4696
134948000,3180.4642,2514200,25712700,6495144600,77635149200,3203.1189,3228.8678,3179.9142,3184.4696
134953000,3180.515,1575000,18206200,6496719600,77653355400,3203.1189,3228.8678,3179.9142,3184.4696
134958000,3180.1189,3006300,34320400,6499725900,77687675800,3203.1189,3228.8678,3179.9142,3184.4696
135003000,3180.5645,2560500,31317000,6502286400,77718992800,3203.1189,3228.8678,3179.9142,3184.4696
135008000,3180.7128,2165800,26516100,6504452200,77745508900,3203.1189,3228.8678,3179.9142,3184.4696
135013000,3180.751,1373100,18282100,6505825300,77763791000,3203.1189,3228.8678,3179.9142,3184.4696
135018000,3180.5329,2046900,26354600,6507872200,77790145600,3203.1189,3228.8678,3179.9142,3184.4696
135023000,3180.1845,1087100,14277100,6508959300,77804422700,3203.1189,3228.8678,3179.9142,3184.4696
135028000,3180.9462,2645400,33199600,6511604700,77837622300,3203.1189,3228.8678,3179.9142,3184.4696
135033000,3180.5565,2350200,36589400,6513954900,77874211700,3203.1189,3228.8678,3179.9142,3184.4696
135038000,3180.3684,1732100,22256000,6515687000,77896467700,3203.1189,3228.8678,3179.9142,3184.4696
135043000,3180.5728,1317100,16570300,6517004100,77913038000,3203.1189,3228.8678,3179.9142,3184.4696
135048000,3180.1447,2861800,30698200,6519865900,77943736200,3203.1189,3228.8678,3179.9142,3184.4696
135053000,3180.4237,1716800,19175600,6521582700,77962911800,3203.1189,3228.8678,3179.9142,3184.4696
135058000,3180.0311,2661100,24219300,6524243800,77987131100,3203.1189,3228.8678,3179.9142,3184.4696
135103000,3180.4725,3422200,40721300,6527666000,78027852400,3203.1189,3228.8678,3179.9142,3184.4696
135108000,3180.2987,1909500,22744000,6529575500,78050596400,3203.1189,3228.8678,3179.9142,3184.4696
135113000,3180.2661,1635800,20164800,6531211300,78070761200,3203.1189,3228.8678,3179.9142,3184.4696
135118000,3180.4249,2516400,27892000,6533727700,78098653200,3203.1189,3228.8678,3179.9142,3184.4696
135123000,3180.0359,1723500,13504500,6535451200,78112157700,3203.1189,3228.8678,3179.9142,3184.4696
135128000,3180.5018,1936400,22042400,6537387600,78134200100,3203.1189,3228.8678,3179.9142,3184.4696
135133000,3180.2431,2273600,25487300,6539661200,78159687400,3203.1189,3228.8678,3179.9142,3184.4696
135138000,3180.0237,1747500,19419600,6541408700,78179107000,3203.1189,3228.8678,3179.9142,3184.4696
135143000,3180.0168,1644900,19609700,6543053600,78198716700,3203.1189,3228.8678,3179.9142,3184.4696
135148000,3179.901,2342200,28912600,6545395800,78227629300,3203.1189,3228.8678,3179.901,3184.4696
135153000,3179.9258,1102500,15057500,6546498300,78242686800,3203.1189,3228.8678,3179.901,3184.4696
135158000,3179.4804,1999500,25672300,6548497800,78268359100,3203.1189,3228.8678,3179.4688,3184.4696
135203000,3179.7187,2343500,26521600,6550841300,78294880700,3203.1189,3228.8678,3179.4688,3184.4696
135208000,3179.6661,3493000,32096600,6554334300,78326977300,3203.1189,3228.8678,3179.4688,3184.4696
135213000,3179.8494,2640700,25402800,6556975000,78352380100,3203.1189,3228.8678,3179.4688,3184.4696
135218000,3179.4025,1810700,22894600,6558785700,78375274700,3203.1189,3228.8678,3179.4025,3184.4696
135223000,3179.233,1323700,17988100,6560109400,78393262800,3203.1189,3228.8678,3179.1855,3184.4696
135228000,3179.454,1787200,24503500,6561896600,78417766300,3203.1189,3228.8678,3179.1855,3184.4696
135233000,3179.8507,1465500,19502700,6563362100,78437269000,3203.1189,3228.8678,3179.1855,3184.4696
135238000,3179.5375,1917400,25456700,6565279500,78462725700,3203.1189,3228.8678,3179.1855,3184.4696
135243000,3179.4348,2064600,23522500,6567344100,78486248200,3203.1189,3228.8678,3179.1855,3184.4696
135248000,3179.1099,1859400,24228800,6569203500,78510477000,3203.1189,3228.8678,3179.1099,3184.4696
135253000,3179.11,2629600,47189200,6571833100,78557666200,3203.1189,3228.8678,3179.0341,3184.4696
135258000,3178.9602,2614200,37756700,6574447300,78595422900,3203.1189,3228.8678,3178.9447,3184.4696
135303000,3178.4378,2771000,32077200,6577218300,78627500100,3203.1189,3228.8678,3178.4378,3184.4696
135308000,3178.4841,1593100,21339300,6578811400,78648839400,3203.1189,3228.8678,3178.4378,3184.4696
135313000,3178.6973,1862100,21193800,6580673500,78670033200,3203.1189,3228.8678,3178.4378,3184.4696
135318000,3178.5922,1594300,18995300,6582267800,78689028500,3203.1189,3228.8678,3178.4378,3184.4696
135323000,3178.5165,1769600,20948300,6584037400,78709976800,3203.1189,3228.8678,3178.4378,3184.4696
135328000,3178.89,2630700,31424600,6586668100,78741401400,3203.1189,3228.8678,3178.4378,3184.4696
135333000,3178.4746,2278700,22213000,6588946800,78763614400,3203.1189,3228.8678,3178.4378,3184.4696
135338000,3178.6246,1867500,28889500,6590814300,78792503900,3203.1189,3228.8678,3178.4378,3184.4696
135343000,3178.7117,1207600,15761400,6592021900,78808265300,3203.1189,3228.8678,3178.4378,3184.4696
135348000,3178.7796,2170100,24645600,6594192000,78832910900,3203.1189,3228.8678,3178.4378,3184.4696
135353000,3178.4178,1426500,18452000,6595618500,78851362900,3203.1189,3228.8678,3178.4178,3184.4696
135358000,3178.6457,2331100,28372800,6597949600,78879735700,3203.1189,3228.8678,3178.4178,3184.4696
135403000,3178.4909,2334500,27322700,6600284100,78907058400,3203.1189,3228.8678,3178.4178,3184.4696
135408000,3178.3077,2624700,27399100,6602908800,78934457500,3203.1189,3228.8678,3178.3077,3184.4696
135413000,3178.5543,1804800,17351900,6604713600,78951809400,3203.1189,3228.8678,3178.3077,3184.4696
135418000,3178.5898,2451600,34393900,6607165200,78986203300,3203.1189,3228.8678,3178.3077,3184.4696
135423000,3178.2028,1528100,17546400,6608693300,79003749700,3203.1189,3228.8678,3178.2028,3184.4696
135428000,3178.659,1712800,20548500,6610406100,79024298200,3203.1189,3228.8678,3178.2028,3184.4696
135433000,3178.6161,1802000,21969600,6612208100,79046267800,3203.1189,3228.8678,3178.2028,3184.4696
135438000,3178.4811,1453000,20721200,6613661100,79066989000,3203.1189,3228.8678,3178.2028,3184.4696
135443000,3178.6364,1353200,14693100,6615014300,79081682100,3203.1189,3228.8678,3178.2028,3184.4696
135448000,3178.443,2163300,26664500,6617177600,79108346600,3203.1189,3228.8678,3178.2028,3184.4696
135453000,3178.5752,1058000,15420800,6618235600,79123767400,3203.1189,3228.8678,3178.2028,3184.4696
135458000,3178.2277,1954500,22529100,6620190100,79146296500,3203.1189,3228.8678,3178.2028,3184.4696
135503000,3178.0605,1937900,25135100,6622128000,79171431600,3203.1189,3228.8678,3178.0605,3184.4696
135508000,3178.3734,1605700,21510400,6623733700,79192942000,3203.1189,3228.8678,3178.0605,3184.4696
135513000,3178.4441,1532200,17660800,6625265900,79210602800,3203.1189,3228.8678,3178.0605,3184.4696
135518000,3178.6795,1660100,21543700,6626926000,79232146500,3203.1189,3228.8678,3178.0605,3184.4696
135523000,3178.0546,1163900,14127500,6628089900,79246274000,3203.1189,3228.8678,3178.0546,3184.4696
135528000,3178.7437,1604800,21153000,6629694700,79267427000,3203.1189,3228.8678,3178.0546,3184.4696
135533000,3178.3298,2267800,27514700,6631962500,79294941700,3203.1189,3228.8678,3178.0546,3184.4696
135538000,3178.483,1351400,20968900,6633313900,79315910600,3203.1189,3228.8678,3178.0546,3184.4696
135543000,3178.4075,1287600,16640700,6634601500,79332551300,3203.1189,3228.8678,3178.0546,3184.4696
135548000,3178.4576,1632300,20615100,6636233800,79353166400,3203.1189,3228.8678,3178.0546,3184.4696
135553000,3178.4006,1605600,18546200,6637839400,79371712600,3203.1189,3228.8678,3178.0546,3184.4696
135558000,3178.4933,2506500,29969200,6640345900,79401681800,3203.1189,3228.8678,3178.0546,3184.4696
135603000,3178.1355,1768300,22731200,6642114200,79424413000,3203.1189,3228.8678,3178.0546,3184.4696
135608000,3178.3712,1486700,20819700,6643600900,79445232700,3203.1189,3228.8678,3178.0546,3184.4696
135613000,3178.4615,1700700,21012300,6645301600,79466245000,3203.1189,3228.8678,3178.0546,3184.4696
135618000,3178.9762,2585900,29068000,6647887500,79495313000,3203.1189,3228.8678,3178.0546,3184.4696
135623000,3178.8024,1856300,19823800,6649743800,79515136800,3203.1189,3228.8678,3178.0546,3184.4696
135628000,3178.9574,1876300,27503200,6651620100,79542640000,3203.1189,3228.8678,3178.0546,3184.4696
135633000,3178.726,2493400,28071900,6654113500,79570711900,3203.1189,3228.8678,3178.0546,3184.4696
135638000,3178.748,1439300,18982000,6655552800,79589693900,3203.1189,3228.8678,3178.0546,3184.4696
135643000,3178.8646,1117400,15249300,6656670200,79604943200,3203.1189,3228.8678,3178.0546,3184.4696
135648000,3179.2356,2575600,25741900,6659245800,79630685100,3203.1189,3228.8678,3178.0546,3184.4696
135653000,3178.7288,1467700,15356100,6660713500,79646041200,3203.1189,3228.8678,3178.0546,3184.4696
135658000,3179.0838,2312900,22945200,6663026400,79668986400,3203.1189,3228.8678,3178.0546,3184.4696
135703000,3179.1317,2556700,26585900,6665583100,79695572300,3203.1189,3228.8678,3178.0546,3184.4696
135708000,3179.5454,1552400,17258300,6667135500,79712830600,3203.1189,3228.8678,3178.0546,3184.4696
135713000,3179.0589,1428900,19036600,6668564400,79731867200,3203.1189,3228.8678,3178.0546,3184.4696
135718000,3179.3445,3903800,38158400,6672468200,79770025600,3203.1189,3228.8678,3178.0546,3184.4696
135723000,3179.34,1735500,19985800,6674203700,79790011400,3203.1189,3228.8678,3178.0546,3184.4696
135728000,3179.6323,1894400,25616100,6676098100,79815627500,3203.1189,3228.8678,3178.0546,3184.4696
135733000,3179.4374,2531400,25055600,6678629500,79840683100,3203.1189,3228.8678,3178.0546,3184.4696
135738000,3179.8413,1496900,24114300,6680126400,79864797400,3203.1189,3228.8678,3178.0546,3184.4696
135743000,3179.809,2318400,20868000,6682444800,79885665400,3203.1189,3228.8678,3178.0546,3184.4696
135748000,3179.6685,2768500,27156300,6685213300,79912821700,3203.1189,3228.8678,3178.0546,3184.4696
135753000,3179.7572,2386600,23080300,6687599900,79935902000,3203.1189,3228.8678,3178.0546,3184.4696
135758000,3180.1603,2789300,31885200,6690389200,79967787200,3203.1189,3228.8678,3178.0546,3184.4696
135803000,3180.5702,2255000,25131100,6692644200,79992918300,3203.1189,3228.8678,3178.0546,3184.4696
135808000,3180.3015,2736400,34498000,6695380600,80027416300,3203.1189,3228.8678,3178.0546,3184.4696
135813000,3179.7015,2094700,24655100,6697475300,80052071400,3203.1189,3228.8678,3178.0546,3184.4696
135818000,3180.2399,2560900,35549400,6700036200,80087620800,3203.1189,3228.8678,3178.0546,3184.4696
135823000,3179.5875,1333300,21961300,6701369500,80109582100,3203.1189,3228.8678,3178.0546,3184.4696
135828000,3180.2817,2392200,25248900,6703761700,80134831000,3203.1189,3228.8678,3178.0546,3184.4696
135833000,3179.9573,1727400,22036800,6705489100,80156867800,3203.1189,3228.8678,3178.0546,3184.4696
135838000,3179.8735,1443700,20424500,6706932800,80177292300,3203.1189,3228.8678,3178.0546,3184.4696
135843000,3180.1539,1514200,19366700,6708447000,80196659000,3203.1189,3228.8678,3178.0546,3184.4696
135848000,3180.2021,2119800,29787600,6710566800,80226446600,3203.1189,3228.8678,3178.0546,3184.4696
135853000,3180.2163,1162100,15300500,6711728900,80241747100,3203.1189,3228.8678,3178.0546,3184.4696
135858000,3180.0625,2391800,28932900,6714120700,80270680000,3203.1189,3228.8678,3178.0546,3184.4696
135903000,3180.1657,1778600,18995100,6715899300,80289675100,3203.1189,3228.8678,3178.0546,3184.4696
135908000,3180.3589,1328200,17998700,6717227500,80307673800,3203.1189,3228.8678,3178.0546,3184.4696
135913000,3180.5456,2352600,18358800,6719580100,80326032600,3203.1189,3228.8678,3178.0546,3184.4696
135918000,3180.7375,1658900,19570100,6721239000,80345602700,3203.1189,3228.8678,3178.0546,3184.4696
135923000,3180.2472,1041700,14482200,6722280700,80360084900,3203.1189,3228.8678,3178.0546,3184.4696
135928000,3180.9198,2396000,25021100,6724676700,80385106000,3203.1189,3228.8678,3178.0546,3184.4696
135933000,3180.7774,2565900,27234400,6727242600,80412340400,3203.1189,3228.8678,3178.0546,3184.4696
135938000,3181.2955,1341200,19442900,6728583800,80431783300,3203.1189,3228.8678,3178.0546,3184.4696
135943000,3181.1567,1576200,18650500,6730160000,80450433800,3203.1189,3228.8678,3178.0546,3184.4696
135948000,3180.8835,2172800,25283200,6732332800,80475717000,3203.1189,3228.8678,3178.0546,3184.4696
135953000,3181.0479,1613900,16746900,6733946700,80492463900,3203.1189,3228.8678,3178.0546,3184.4696
135958000,3180.6924,1733900,29454600,6735680600,80521918500,3203.1189,3228.8678,3178.0546,3184.4696
140003000,3181.0838,2700600,27422800,6738381200,80549341300,3203.1189,3228.8678,3178.0546,3184.4696
140008000,3180.6612,1495200,19968800,6739876400,80569310100,3203.1189,3228.8678,3178.0546,3184.4696
140013000,3181.0337,1491400,17644800,6741367800,80586954900,3203.1189,3228.8678,3178.0546,3184.4696
140018000,3181.1038,1558200,17773200,6742926000,80604728100,3203.1189,3228.8678,3178.0546,3184.4696
140023000,3180.7828,1186900,15999300,6744112900,80620727400,3203.1189,3228.8678,3178.0546,3184.4696
140028000,3180.9363,1630300,24182000,6745743200,80644909400,3203.1189,3228.8678,3178.0546,3184.4696
140033000,3180.5592,2193000,26210000,6747936200,80671119400,3203.1189,3228.8678,3178.0546,3184.4696
140038000,3180.4513,1534700,18333400,6749470900,80689452800,3203.1189,3228.8678,3178.0546,3184.4696
140043000,3180.5211,1074400,14714700,6750545300,80704167500,3203.1189,3228.8678,3178.0546,3184.4696
140048000,3180.1613,1369400,20770500,6751914700,80724938000,3203.1189,3228.8678,3178.0546,3184.4696
140053000,3180.0185,2411400,25077300,6754326100,80750015300,3203.1189,3228.8678,3178.0546,3184.4696
140058000,3180.521,2251000,25961000,6756577100,80775976300,3203.1189,3228.8678,3178.0546,3184.4696
140103000,3180.3044,2712400,26297600,6759289500,80802273900,3203.1189,3228.8678,3178.0546,3184.4696
140108000,3180.3314,2728600,28148900,6762018100,80830422800,3203.1189,3228.8678,3178.0546,3184.4696
140113000,3180.1651,2034000,20848100,6764052100,80851270900,3203.1189,3228.8678,3178.0546,3184.4696
140118000,3180.6054,5170800,35577800,6769222900,80886848700,3203.1189,3228.8678,3178.0546,3184.4696
140123000,3180.0853,1472400,14250200,6770695300,80901098900,3203.1189,3228.8678,3178.0546,3184.4696
140128000,3180.6005,2462600,22280200,6773157900,80923379100,3203.1189,3228.8678,3178.0546,3184.4696
140133000,3180.143,2390500,25748700,6775548400,80949127800,3203.1189,3228.8678,3178.0546,3184.4696
140138000,3180.2509,1891000,21473000,6777439400,80970600800,3203.1189,3228.8678,3178.0546,3184.4696
140143000,3180.375,3223700,19666800,6780663100,80990267600,3203.1189,3228.8678,3178.0546,3184.4696
140148000,3180.3192,3559100,24161500,6784222200,81014429100,3203.1189,3228.8678,3178.0546,3184.4696
140153000,3180.1524,2173700,11197300,6786395900,81025626400,3203.1189,3228.8678,3178.0546,3184.4696
140158000,3179.8329,3387400,21534200,6789783300,81047160600,3203.1189,3228.8678,3178.0546,3184.4696
140203000,3180.3139,4043000,30090600,6793826300,81077251200,3203.1189,3228.8678,3178.0546,3184.4696
140208000,3179.7524,1601300,28427000,6795427600,81105678200,3203.1189,3228.8678,3178.0546,3184.4696
140213000,3179.8837,1173000,12800600,6796600600,81118478800,3203.1189,3228.8678,3178.0546,3184.4696
140218000,3180.2904,1656900,21740300,6798257500,81140219100,3203.1189,3228.8678,3178.0546,3184.4696
140223000,3179.6755,1338800,13654400,6799596300,81153873500,3203.1189,3228.8678,3178.0546,3184.4696
140228000,3180.0462,2718100,32023200,6802314400,81185896700,3203.1189,3228.8678,3178.0546,3184.4696
140233000,3179.8204,1452500,23459200,6803766900,81209355900,3203.1189,3228.8678,3178.0546,3184.4696
140238000,3179.7284,1626000,26971400,6805392900,81236327300,3203.1189,3228.8678,3178.0546,3184.4696
140243000,3180.1129,1977500,23324900,6807370400,81259652200,3203.1189,3228.8678,3178.0546,3184.4696
140248000,3179.9411,2163900,27481700,6809534300,81287133900,3203.1189,3228.8678,3178.0546,3184.4696
140253000,3179.7588,817400,10926300,6810351700,81298060200,3203.1189,3228.8678,3178.0546,3184.4696
140258000,3179.82,2707600,23846500,6813059300,81321906700,3203.1189,3228.8678,3178.0546,3184.4696
140303000,3179.4801,1708000,22316000,6814767300,81344222700,3203.1189,3228.8678,3178.0546,3184.4696
140308000,3179.4606,1207400,15659700,6815974700,81359882400,3203.1189,3228.8678,3178.0546,3184.4696
140313000,3179.312,1849400,24474100,6817824100,81384356500,3203.1189,3228.8678,3178.0546,3184.4696
140318000,3178.9043,2634300,30338000,6820458400,81414694500,3203.1189,3228.8678,3178.0546,3184.4696
140323000,3178.2159,2046400,26034300,6822504800,81440728800,3203.1189,3228.8678,3178.0546,3184.4696
140328000,3177.8623,5279600,56372300,6827784400,81497101100,3203.1189,3228.8678,3177.8623,3184.4696
140333000,3177.1276,5377200,50087200,6833161600,81547188300,3203.1189,3228.8678,3177.1276,3184.4696
140338000,3176.8932,4101800,43297100,6837263400,81590485400,3203.1189,3228.8678,3176.8932,3184.4696
140343000,3176.8256,1964100,23825100,6839227500,81614310500,3203.1189,3228.8678,3176.8256,3184.4696
140348000,3176.6565,2661600,28553900,6841889100,81642864400,3203.1189,3228.8678,3176.6565,3184.4696
140353000,3176.4248,2472900,24772900,6844362000,81667637300,3203.1189,3228.8678,3176.3383,3184.4696
140358000,3176.1551,3958600,38296800,6848320600,81705934100,3203.1189,3228.8678,3176.1551,3184.4696
140403000,3175.6895,3756900,49085600,6852077500,81755019700,3203.1189,3228.8678,3175.5685,3184.4696
140408000,3175.5043,2674800,34134800,6854752300,81789154500,3203.1189,3228.8678,3175.5043,3184.4696
140413000,3174.9778,3486500,36168900,6858238800,81825323400,3203.1189,3228.8678,3174.975,3184.4696
140418000,3176.0852,3055200,33471200,6861294000,81858794600,3203.1189,3228.8678,3174.975,3184.4696
140423000,3175.5785,1862200,24600400,6863156200,81883395000,3203.1189,3228.8678,3174.975,3184.4696
140428000,3175.4189,2569700,27800000,6865725900,81911195000,3203.1189,3228.8678,3174.975,3184.4696
140433000,3175.1647,2778200,34033300,6868504100,81945228300,3203.1189,3228.8678,3174.975,3184.4696
140438000,3174.8842,1975200,27173600,6870479300,81972401900,3203.1189,3228.8678,3174.8842,3184.4696
140443000,3175.3896,2914100,34253400,6873393400,82006655300,3203.1189,3228.8678,3174.8842,3184.4696
140448000,3175.1539,3351100,36417400,6876744500,82043072700,3203.1189,3228.8678,3174.8842,3184.4696
140453000,3175.0219,2106600,28148900,6878851100,82071221600,3203.1189,3228.8678,3174.8842,3184.4696
140458000,3175.1581,3442000,35408400,6882293100,82106630000,3203.1189,3228.8678,3174.8842,3184.4696
140503000,3175.1133,2905600,33224700,6885198700,82139854700,3203.1189,3228.8678,3174.8842,3184.4696
140508000,3174.9899,2362700,33438000,6887561400,82173292700,3203.1189,3228.8678,3174.8842,3184.4696
140513000,3175.3136,1703300,23516200,6889264700,82196808900,3203.1189,3228.8678,3174.8842,3184.4696
140518000,3175.2244,3075000,33099400,6892339700,82229908300,3203.1189,3228.8678,3174.8842,3184.4696
140523000,3174.7243,2503600,30649900,6894843300,82260558200,3203.1189,3228.8678,3174.7243,3184.4696
140528000,3175.2283,3031400,28992600,6897874700,82289550800,3203.1189,3228.8678,3174.7243,3184.4696
140533000,3174.9357,2726400,36906600,6900601100,82326457400,3203.1189,3228.8678,3174.7243,3184.4696
140538000,3175.2772,2154400,29320100,6902755500,82355777500,3203.1189,3228.8678,3174.7243,3184.4696
140543000,3175.6446,1706900,21943900,6904462400,82377721400,3203.1189,3228.8678,3174.7243,3184.4696
140548000,3175.4987,2341000,30939000,6906803400,82408660400,3203.1189,3228.8678,3174.7243,3184.4696
140553000,3175.4817,1638400,22560500,6908441800,82431220900,3203.1189,3228.8678,3174.7243,3184.4696
140558000,3176.2051,3295800,40449300,6911737600,82471670200,3203.1189,3228.8678,3174.7243,3184.4696
140603000,3176.5452,2674800,34094700,6914412400,82505764900,3203.1189,3228.8678,3174.7243,3184.4696
140608000,3176.6171,2133700,28026300,6916546100,82533791200,3203.1189,3228.8678,3174.7243,3184.4696
140613000,3176.7188,1523600,19700900,6918069700,82553492100,3203.1189,3228.8678,3174.7243,3184.4696
140618000,3176.8849,2057400,23935500,6920127100,82577427600,3203.1189,3228.8678,3174.7243,3184.4696
140623000,3176.4062,1269300,17609700,6921396400,82595037300,3203.1189,3228.8678,3174.7243,3184.4696
140628000,3176.7276,1275000,17455000,6922671400,82612492300,3203.1189,3228.8678,3174.7243,3184.4696
140633000,3176.4211,1651700,22230100,6924323100,82634722400,3203.1189,3228.8678,3174.7243,3184.4696
140638000,3176.8957,1295100,19865000,6925618200,82654587400,3203.1189,3228.8678,3174.7243,3184.4696
140643000,3177.0386,1147600,14051400,6926765800,82668638800,3203.1189,3228.8678,3174.7243,3184.4696
140648000,3177.3707,2082100,27923900,6928847900,82696562700,3203.1189,3228.8678,3174.7243,3184.4696
140653000,3177.1092,1321400,18373000,6930169300,82714935700,3203.1189,3228.8678,3174.7243,3184.4696
140658000,3176.9109,2904900,33483200,6933074200,82748418900,3203.1189,3228.8678,3174.7243,3184.4696
140703000,3177.2802,1787800,20021500,6934862000,82768440400,3203.1189,3228.8678,3174.7243,3184.4696
140708000,3177.399,1875300,22080200,6936737300,82790520600,3203.1189,3228.8678,3174.7243,3184.4696
140713000,3177.3727,1449100,15835000,6938186400,82806355600,3203.1189,3228.8678,3174.7243,3184.4696
140718000,3177.8149,1624600,19762300,6939811000,82826117900,3203.1189,3228.8678,3174.7243,3184.4696
140723000,3177.492,959400,11514800,6940770400,82837632700,3203.1189,3228.8678,3174.7243,3184.4696
140728000,3177.8661,2089700,22234700,6942860100,82859867400,3203.1189,3228.8678,3174.7243,3184.4696
140733000,3177.7223,2088700,20923900,6944948800,82880791300,3203.1189,3228.8678,3174.7243,3184.4696
140738000,3178.1301,1415800,18485900,6946364600,82899277200,3203.1189,3228.8678,3174.7243,3184.4696
140743000,3178.3689,3024000,25575500,6949388600,82924852700,3203.1189,3228.8678,3174.7243,3184.4696
140748000,3178.4997,3205600,39840800,6952594200,82964693500,3203.1189,3228.8678,3174.7243,3184.4696
140753000,3178.8,2196900,27059300,6954791100,82991752800,3203.1189,3228.8678,3174.7243,3184.4696
140758000,3179.2894,3291800,37458400,6958082900,83029211200,3203.1189,3228.8678,3174.7243,3184.4696
140803000,3179.4194,2310600,32419000,6960393500,83061630200,3203.1189,3228.8678,3174.7243,3184.4696
140808000,3179.613,3085100,27622100,6963478600,83089252300,3203.1189,3228.8678,3174.7243,3184.4696
140813000,3179.7778,2099800,22429500,6965578400,83111681800,3203.1189,3228.8678,3174.7243,3184.4696
140818000,3180.5726,4063200,44358300,6969641600,83156040100,3203.1189,3228.8678,3174.7243,3184.4696
140823000,3180.6177,2456600,29089800,6972098200,83185129900,3203.1189,3228.8678,3174.7243,3184.4696
140828000,3181.6886,3356600,40044200,6975454800,83225174100,3203.1189,3228.8678,3174.7243,3184.4696
140833000,3181.5283,3369600,44666600,6978824400,83269840700,3203.1189,3228.8678,3174.7243,3184.4696
140838000,3181.9338,2440800,28005800,6981265200,83297846500,3203.1189,3228.8678,3174.7243,3184.4696
140843000,3182.4398,1687400,21026200,6982952600,83318872700,3203.1189,3228.8678,3174.7243,3184.4696
140848000,3182.9159,2873600,28937900,6985826200,83347810600,3203.1189,3228.8678,3174.7243,3184.4696
140853000,3182.7303,1335200,13101500,6987161400,83360912100,3203.1189,3228.8678,3174.7243,3184.4696
140858000,3182.74,1939000,19725900,6989100400,83380638000,3203.1189,3228.8678,3174.7243,3184.4696
140903000,3183.0292,1908000,19660700,6991008400,83400298700,3203.1189,3228.8678,3174.7243,3184.4696
140908000,3183.0561,1682900,21781600,6992691300,83422080300,3203.1189,3228.8678,3174.7243,3184.4696
140913000,3182.8907,1705100,23491800,6994396400,83445572100,3203.1189,3228.8678,3174.7243,3184.4696
140918000,3183.6288,2725900,28226400,6997122300,83473798500,3203.1189,3228.8678,3174.7243,3184.4696
140923000,3183.0847,1145100,15880000,6998267400,83489678500,3203.1189,3228.8678,3174.7243,3184.4696
140928000,3183.3774,2170900,25500400,7000438300,83515178900,3203.1189,3228.8678,3174.7243,3184.4696
140933000,3184.0015,1913800,20558500,7002352100,83535737400,3203.1189,3228.8678,3174.7243,3184.4696
140938000,3183.6756,1807800,24294900,7004159900,83560032300,3203.1189,3228.8678,3174.7243,3184.4696
140943000,3183.7585,1406500,16771400,7005566400,83576803700,3203.1189,3228.8678,3174.7243,3184.4696
140948000,3183.8888,1977000,22776800,7007543400,83599580500,3203.1189,3228.8678,3174.7243,3184.4696
140953000,3183.9142,891100,12558400,7008434500,83612138900,3203.1189,3228.8678,3174.7243,3184.4696
140958000,3184.0643,1964700,22317800,7010399200,83634456700,3203.1189,3228.8678,3174.7243,3184.4696
141003000,3183.973,1884000,24840700,7012283200,83659297400,3203.1189,3228.8678,3174.7243,3184.4696
141008000,3183.9555,1867800,24981700,7014151000,83684279100,3203.1189,3228.8678,3174.7243,3184.4696
141013000,3184.0488,1882800,21382100,7016033800,83705661200,3203.1189,3228.8678,3174.7243,3184.4696
141018000,3184.3805,2380900,29542300,7018414700,83735203500,3203.1189,3228.8678,3174.7243,3184.4696
141023000,3183.7697,1306500,15374900,7019721200,83750578400,3203.1189,3228.8678,3174.7243,3184.4696
141028000,3184.1436,1940600,23541200,7021661800,83774119600,3203.1189,3228.8678,3174.7243,3184.4696
141033000,3184.1757,2027700,20778900,7023689500,83794898500,3203.1189,3228.8678,3174.7243,3184.4696
141038000,3184.0691,2061500,26244700,7025751000,83821143200,3203.1189,3228.8678,3174.7243,3184.4696
141043000,3184.5316,1078600,14877300,7026829600,83836020500,3203.1189,3228.8678,3174.7243,3184.4696
141048000,3184.6164,1506900,18543800,7028336500,83854564300,3203.1189,3228.8678,3174.7243,3184.4696
141053000,3184.612,1126900,12594400,7029463400,83867158700,3203.1189,3228.8678,3174.7243,3184.4696
141058000,3184.5077,1681200,18454700,7031144600,83885613400,3203.1189,3228.8678,3174.7243,3184.4696
141103000,3184.4462,3150800,32247500,7034295400,83917860900,3203.1189,3228.8678,3174.7243,3184.4696
141108000,3184.6726,1582000,22350100,7035877400,83940211000,3203.1189,3228.8678,3174.7243,3184.4696
141113000,3184.3613,1479300,16884400,7037356700,83957095400,3203.1189,3228.8678,3174.7243,3184.4696
141118000,3184.7484,1695300,23467300,7039052000,83980562700,3203.1189,3228.8678,3174.7243,3184.4696
141123000,3184.3736,1123400,17776800,7040175400,83998339500,3203.1189,3228.8678,3174.7243,3184.4696
141128000,3184.7621,1451400,20550500,7041626800,84018890000,3203.1189,3228.8678,3174.7243,3184.4696
141133000,3184.8058,1471500,20196500,7043098300,84039086500,3203.1189,3228.8678,3174.7243,3184.4696
141138000,3184.9255,1161700,16342100,7044260000,84055428600,3203.1189,3228.8678,3174.7243,3184.4696
141143000,3185.108,1940700,22093000,7046200700,84077521600,3203.1189,3228.8678,3174.7243,3184.4696
141148000,3185.208,1406600,18906400,7047607300,84096428000,3203.1189,3228.8678,3174.7243,3184.4696
141153000,3185.1823,1068500,14856400,7048675800,84111284400,3203.1189,3228.8678,3174.7243,3184.4696
141158000,3185.3105,1986900,20638700,7050662700,84131923100,3203.1189,3228.8678,3174.7243,3184.4696
141203000,3184.8561,1958000,20691000,7052620700,84152614100,3203.1189,3228.8678,3174.7243,3184.4696
141208000,3185.178,1922900,21412100,7054543600,84174026200,3203.1189,3228.8678,3174.7243,3184.4696
141213000,3185.2313,1676900,19675700,7056220500,84193701900,3203.1189,3228.8678,3174.7243,3184.4696
141218000,3185.4033,1895200,22095000,7058115700,84215796900,3203.1189,3228.8678,3174.7243,3184.4696
141223000,3185.2425,1030400,10969300,7059146100,84226766200,3203.1189,3228.8678,3174.7243,3184.4696
141228000,3185.1715,1365600,19728000,7060511700,84246494200,3203.1189,3228.8678,3174.7243,3184.4696
141233000,3185.0485,1863700,19905100,7062375400,84266399300,3203.1189,3228.8678,3174.7243,3184.4696
141238000,3184.8488,1582700,17047100,7063958100,84283446400,3203.1189,3228.8678,3174.7243,3184.4696
141243000,3185.379,1073400,17191800,7065031500,84300638200,3203.1189,3228.8678,3174.7243,3184.4696
141248000,3185.0992,1875700,23571100,7066907200,84324209300,3203.1189,3228.8678,3174.7243,3184.4696
141253000,3184.7892,1543300,16994900,7068450500,84341204200,3203.1189,3228.8678,3174.7243,3184.4696
141258000,3184.954,1622100,28065700,7070072600,84369269900,3203.1189,3228.8678,3174.7243,3184.4696
141303000,3184.8938,1260900,18593500,7071333500,84387863400,3203.1189,3228.8678,3174.7243,3184.4696
141308000,3184.9658,1243100,13446200,7072576600,84401309600,3203.1189,3228.8678,3174.7243,3184.4696
141313000,3184.4663,1628300,16589600,7074204900,84417899200,3203.1189,3228.8678,3174.7243,3184.4696
141318000,3185.1453,1555400,16975500,7075760300,84434874700,3203.1189,3228.8678,3174.7243,3184.4696
141323000,3184.5265,1407000,16770400,7077167300,84451645100,3203.1189,3228.8678,3174.7243,3184.4696
141328000,3184.6426,1647400,19845800,7078814700,84471490900,3203.1189,3228.8678,3174.7243,3184.4696
141333000,3184.5839,1841900,22927500,7080656600,84494418400,3203.1189,3228.8678,3174.7243,3184.4696
141338000,3184.5171,966200,13218200,7081622800,84507636600,3203.1189,3228.8678,3174.7243,3184.4696
141343000,3184.8489,1195700,14097000,7082818500,84521733600,3203.1189,3228.8678,3174.7243,3184.4696
141348000,3184.8711,1376900,15438900,7084195400,84537172500,3203.1189,3228.8678,3174.7243,3184.4696
141353000,3184.6758,1126100,13203100,7085321500,84550375600,3203.1189,3228.8678,3174.7243,3184.4696
141358000,3185.058,1938500,20051600,7087260000,84570427200,3203.1189,3228.8678,3174.7243,3184.4696
141403000,3184.6912,1314400,15727000,7088574400,84586154200,3203.1189,3228.8678,3174.7243,3184.4696
141408000,3184.7553,1196900,14541400,7089771300,84600695600,3203.1189,3228.8678,3174.7243,3184.4696
141413000,3184.3406,1693600,17201400,7091464900,84617897000,3203.1189,3228.8678,3174.7243,3184.4696
141418000,3184.7731,1601300,17762800,7093066200,84635659800,3203.1189,3228.8678,3174.7243,3184.4696
141423000,3184.3881,992800,12221500,7094059000,84647881300,3203.1189,3228.8678,3174.7243,3184.4696
141428000,3184.4691,1638200,17535800,7095697200,84665417100,3203.1189,3228.8678,3174.7243,3184.4696
141433000,3184.907,1694000,22825000,7097391200,84688242100,3203.1189,3228.8678,3174.7243,3184.4696
141438000,3184.6489,1600500,19664700,7098991700,84707906800,3203.1189,3228.8678,3174.7243,3184.4696
141443000,3184.8018,1619600,16549800,7100611300,84724456600,3203.1189,3228.8678,3174.7243,3184.4696
141448000,3184.7367,1700500,18326500,7102311800,84742783100,3203.1189,3228.8678,3174.7243,3184.4696
141453000,3184.7601,734900,10444200,7103046700,84753227300,3203.1189,3228.8678,3174.7243,3184.4696
141458000,3184.5239,1340700,20015600,7104387400,84773242900,3203.1189,3228.8678,3174.7243,3184.4696
141503000,3184.5438,1391900,16780200,7105779300,84790023100,3203.1189,3228.8678,3174.7243,3184.4696
141508000,3184.8371,2409500,23090100,7108188800,84813113200,3203.1189,3228.8678,3174.7243,3184.4696
141513000,3184.7311,1147300,13143700,7109336100,84826256900,3203.1189,3228.8678,3174.7243,3184.4696
141518000,3184.4608,1664200,18374800,7111000300,84844631700,3203.1189,3228.8678,3174.7243,3184.4696
141523000,3184.3399,987500,12465200,7111987800,84857096900,3203.1189,3228.8678,3174.7243,3184.4696
141528000,3184.6114,1935100,22792700,7113922900,84879889600,3203.1189,3228.8678,3174.7243,3184.4696
141533000,3184.3916,2336200,27192500,7116259100,84907082100,3203.1189,3228.8678,3174.7243,3184.4696
141538000,3184.2241,1790100,18141700,7118049200,84925223800,3203.1189,3228.8678,3174.7243,3184.4696
141543000,3184.4608,1479500,14936000,7119528700,84940159800,3203.1189,3228.8678,3174.7243,3184.4696
141548000,3184.3671,1872000,20984000,7121400700,84961143800,3203.1189,3228.8678,3174.7243,3184.4696
141553000,3184.2413,1101900,11760000,7122502600,84972903800,3203.1189,3228.8678,3174.7243,3184.4696
141558000,3184.1177,1962100,23539900,7124464700,84996443700,3203.1189,3228.8678,3174.7243,3184.4696
141603000,3184.118,2107200,27753300,7126571900,85024197000,3203.1189,3228.8678,3174.7243,3184.4696
141608000,3183.8732,1777300,21832300,7128349200,85046029300,3203.1189,3228.8678,3174.7243,3184.4696
141613000,3183.969,1133000,13267800,7129482200,85059297100,3203.1189,3228.8678,3174.7243,3184.4696
141618000,3183.9454,1260200,17795900,7130742400,85077093000,3203.1189,3228.8678,3174.7243,3184.4696
141623000,3183.3514,1274400,14842400,7132016800,85091935400,3203.1189,3228.8678,3174.7243,3184.4696
141628000,3184.0054,1772300,20668100,7133789100,85112603500,3203.1189,3228.8678,3174.7243,3184.4696
141633000,3183.654,1573200,18083600,7135362300,85130687100,3203.1189,3228.8678,3174.7243,3184.4696
141638000,3183.6755,923600,12556500,7136285900,85143243600,3203.1189,3228.8678,3174.7243,3184.4696
141643000,3183.6548,1194700,11985600,7137480600,85155229200,3203.1189,3228.8678,3174.7243,3184.4696
141648000,3183.781,1391700,18023500,7138872300,85173252700,3203.1189,3228.8678,3174.7243,3184.4696
141653000,3183.4889,894800,10706300,7139767100,85183959000,3203.1189,3228.8678,3174.7243,3184.4696
141658000,3183.6305,1422600,20413300,7141189700,85204372300,3203.1189,3228.8678,3174.7243,3184.4696
141703000,3183.8344,1753800,18913900,7142943500,85223286200,3203.1189,3228.8678,3174.7243,3184.4696
141708000,3183.6468,1418000,15208200,7144361500,85238494400,3203.1189,3228.8678,3174.7243,3184.4696
141713000,3183.5385,1213000,12617900,7145574500,85251112300,3203.1189,3228.8678,3174.7243,3184.4696
141718000,3184.0307,1631500,18912600,7147206000,85270024900,3203.1189,3228.8678,3174.7243,3184.4696
141723000,3183.5318,816900,10722700,7148022900,85280747600,3203.1189,3228.8678,3174.7243,3184.4696
141728000,3184.2334,1352900,17976500,7149375800,85298724100,3203.1189,3228.8678,3174.7243,3184.4696
141733000,3183.9801,1799400,21524400,7151175200,85320248500,3203.1189,3228.8678,3174.7243,3184.4696
141738000,3183.5179,1212300,18216200,7152387500,85338464700,3203.1189,3228.8678,3174.7243,3184.4696
141743000,3183.5006,979700,12552800,7153367200,85351017500,3203.1189,3228.8678,3174.7243,3184.4696
141748000,3183.5869,2179100,21324900,7155546300,85372342400,3203.1189,3228.8678,3174.7243,3184.4696
141753000,3183.2338,1062100,14492700,7156608400,85386835100,3203.1189,3228.8678,3174.7243,3184.4696
141758000,3183.6389,2376500,23640400,7158984900,85410475500,3203.1189,3228.8678,3174.7243,3184.4696
141803000,3183.9459,1813600,22295600,7160798500,85432771100,3203.1189,3228.8678,3174.7243,3184.4696
141808000,3183.3356,1782200,19880700,7162580700,85452651800,3203.1189,3228.8678,3174.7243,3184.4696
141813000,3183.3945,1482000,15929300,7164062700,85468581100,3203.1189,3228.8678,3174.7243,3184.4696
141818000,3183.616,1570600,19924700,7165633300,85488505800,3203.1189,3228.8678,3174.7243,3184.4696
141823000,3183.2768,1288100,15967200,7166921400,85504473000,3203.1189,3228.8678,3174.7243,3184.4696
141828000,3183.9224,1716200,18558500,7168637600,85523031500,3203.1189,3228.8678,3174.7243,3184.4696
141833000,3183.537,1868700,19855900,7170506300,85542887400,3203.1189,3228.8678,3174.7243,3184.4696
141838000,3183.8208,1256900,15856000,7171763200,85558743400,3203.1189,3228.8678,3174.7243,3184.4696
141843000,3183.9144,1185300,16685600,7172948500,85575429000,3203.1189,3228.8678,3174.7243,3184.4696
141848000,3183.6557,1469500,18687300,7174418000,85594116300,3203.1189,3228.8678,3174.7243,3184.4696
141853000,3183.407,1149900,12353400,7175567900,85606469700,3203.1189,3228.8678,3174.7243,3184.4696
141858000,3183.5877,1342800,16049800,7176910700,85622519500,3203.1189,3228.8678,3174.7243,3184.4696
141903000,3183.6411,1339600,15961100,7178250300,85638480600,3203.1189,3228.8678,3174.7243,3184.4696
141908000,3183.5828,1466000,15291000,7179716300,85653771600,3203.1189,3228.8678,3174.7243,3184.4696
141913000,3183.907,1491500,17844400,7181207800,85671616000,3203.1189,3228.8678,3174.7243,3184.4696
141918000,3184.0206,1374500,19048600,7182582300,85690664600,3203.1189,3228.8678,3174.7243,3184.4696
141923000,3183.9752,1172800,13849400,7183755100,85704514000,3203.1189,3228.8678,3174.7243,3184.4696
141928000,3183.8362,1617800,18833600,7185372900,85723347600,3203.1189,3228.8678,3174.7243,3184.4696
141933000,3183.911,2320900,21535200,7187693800,85744882800,3203.1189,3228.8678,3174.7243,3184.4696
141938000,3183.9066,1205000,15882800,7188898800,85760765600,3203.1189,3228.8678,3174.7243,3184.4696
141943000,3183.7505,1220100,15817700,7190118900,85776583300,3203.1189,3228.8678,3174.7243,3184.4696
141948000,3183.7662,2277400,22782500,7192396300,85799365800,3203.1189,3228.8678,3174.7243,3184.4696
141953000,3183.6629,994000,12063100,7193390300,85811428900,3203.1189,3228.8678,3174.7243,3184.4696
141958000,3183.8363,1453500,17508400,7194843800,85828937300,3203.1189,3228.8678,3174.7243,3184.4696
142003000,3183.5593,1809200,20872400,7196653000,85849809700,3203.1189,3228.8678,3174.7243,3184.4696
142008000,3183.4731,1317200,18757200,7197970200,85868566900,3203.1189,3228.8678,3174.7243,3184.4696
142013000,3183.4012,1322800,13794000,7199293000,85882360900,3203.1189,3228.8678,3174.7243,3184.4696
142018000,3183.2483,1420600,16972300,7200713600,85899333200,3203.1189,3228.8678,3174.7243,3184.4696
142023000,3183.1721,1017900,10413800,7201731500,85909747000,3203.1189,3228.8678,3174.7243,3184.4696
142028000,3183.439,1695500,18217100,7203427000,85927964100,3203.1189,3228.8678,3174.7243,3184.4696
142033000,3183.0653,1817600,21212200,7205244600,85949176300,3203.1189,3228.8678,3174.7243,3184.4696
142038000,3183.4392,1722200,18945000,7206966800,85968121300,3203.1189,3228.8678,3174.7243,3184.4696
142043000,3183.3539,960000,10925400,7207926800,85979046700,3203.1189,3228.8678,3174.7243,3184.4696
142048000,3183.6707,1578300,19840400,7209505100,85998887100,3203.1189,3228.8678,3174.7243,3184.4696
142053000,3183.2444,1075400,11470600,7210580500,86010357700,3203.1189,3228.8678,3174.7243,3184.4696
142058000,3183.3178,2320300,23289000,7212900800,86033646700,3203.1189,3228.8678,3174.7243,3184.4696
142103000,3183.497,1720600,16397300,7214621400,86050044000,3203.1189,3228.8678,3174.7243,3184.4696
142108000,3183.3381,1305400,17541600,7215926800,86067585600,3203.1189,3228.8678,3174.7243,3184.4696
142113000,3183.2064,1309800,16428500,7217236600,86084014100,3203.1189,3228.8678,3174.7243,3184.4696
142118000,3183.0272,1371200,15256900,7218607800,86099271000,3203.1189,3228.8678,3174.7243,3184.4696
142123000,3183.0541,971700,10922400,7219579500,86110193400,3203.1189,3228.8678,3174.7243,3184.4696
142128000,3183.2286,1594300,21632400,7221173800,86131825800,3203.1189,3228.8678,3174.7243,3184.4696
142133000,3183.5756,2152300,20752600,7223326100,86152578400,3203.1189,3228.8678,3174.7243,3184.4696
142138000,3183.3444,1306300,16527500,7224632400,86169105900,3203.1189,3228.8678,3174.7243,3184.4696
142143000,3183.2201,1007400,12514000,7225639800,86181619900,3203.1189,3228.8678,3174.7243,3184.4696
142148000,3183.2537,1171300,17569000,7226811100,86199188900,3203.1189,3228.8678,3174.7243,3184.4696
142153000,3183.3346,834800,10534700,7227645900,86209723600,3203.1189,3228.8678,3174.7243,3184.4696
142158000,3183.1312,1768800,19301500,7229414700,86229025100,3203.1189,3228.8678,3174.7243,3184.4696
142203000,3183.1731,2202000,22449200,7231616700,86251474300,3203.1189,3228.8678,3174.7243,3184.4696
142208000,3183.4761,1362200,16827600,7232978900,86268301900,3203.1189,3228.8678,3174.7243,3184.4696
142213000,3183.1433,1729000,14681200,7234707900,86282983100,3203.1189,3228.8678,3174.7243,3184.4696
142218000,3183.2179,1335500,15232100,7236043400,86298215200,3203.1189,3228.8678,3174.7243,3184.4696
142223000,3183.1732,1033600,11480900,7237077000,86309696100,3203.1189,3228.8678,3174.7243,3184.4696
142228000,3183.2447,2189800,20249800,7239266800,86329945900,3203.1189,3228.8678,3174.7243,3184.4696
142233000,3183.0533,1472500,16894300,7240739300,86346840200,3203.1189,3228.8678,3174.7243,3184.4696
142238000,3183.0647,2097300,21510100,7242836600,86368350300,3203.1189,3228.8678,3174.7243,3184.4696
142243000,3182.7716,2481500,24469900,7245318100,86392820200,3203.1189,3228.8678,3174.7243,3184.4696
142248000,3182.8338,1515800,17797000,7246833900,86410617200,3203.1189,3228.8678,3174.7243,3184.4696
142253000,3182.6192,717600,10096500,7247551500,86420713700,3203.1189,3228.8678,3174.7243,3184.4696
142258000,3182.6733,1661000,18501700,7249212500,86439215400,3203.1189,3228.8678,3174.7243,3184.4696
142303000,3182.5118,1610000,19222900,7250822500,86458438300,3203.1189,3228.8678,3174.7243,3184.4696
142308000,3182.3779,1415600,17519600,7252238100,86475957900,3203.1189,3228.8678,3174.7243,3184.4696
142313000,3182.1177,1844800,13866700,7254082900,86489824600,3203.1189,3228.8678,3174.7243,3184.4696
142318000,3181.8596,2679000,20963700,7256761900,86510788300,3203.1189,3228.8678,3174.7243,3184.4696
142323000,3182.3605,1056800,11567400,7257818700,86522355700,3203.1189,3228.8678,3174.7243,3184.4696
142328000,3182.4728,1932700,19821300,7259751400,86542177000,3203.1189,3228.8678,3174.7243,3184.4696
142333000,3182.0065,1831400,20266000,7261582800,86562443000,3203.1189,3228.8678,3174.7243,3184.4696
142338000,3182.0612,1173700,14735800,7262756500,86577178800,3203.1189,3228.8678,3174.7243,3184.4696
142343000,3182.028,1497800,15472400,7264254300,86592651200,3203.1189,3228.8678,3174.7243,3184.4696
142348000,3182.0348,2000800,20864800,7266255100,86613516000,3203.1189,3228.8678,3174.7243,3184.4696
142353000,3181.8598,873300,10290700,7267128400,86623806700,3203.1189,3228.8678,3174.7243,3184.4696
142358000,3181.9534,1863500,21059100,7268991900,86644865800,3203.1189,3228.8678,3174.7243,3184.4696
142403000,3181.6556,1165700,12519800,7270157600,86657385600,3203.1189,3228.8678,3174.7243,3184.4696
142408000,3181.8676,1093600,14350300,7271251200,86671735900,3203.1189,3228.8678,3174.7243,3184.4696
142413000,3181.9119,1286800,14517700,7272538000,86686253600,3203.1189,3228.8678,3174.7243,3184.4696
142418000,3181.6537,1788000,19050900,7274326000,86705304500,3203.1189,3228.8678,3174.7243,3184.4696
142423000,3182.0295,1179800,11693400,7275505800,86716997900,3203.1189,3228.8678,3174.7243,3184.4696
142428000,3181.8581,1564900,18896000,7277070700,86735893900,3203.1189,3228.8678,3174.7243,3184.4696
142433000,3182.0159,3016300,24871200,7280087000,86760765100,3203.1189,3228.8678,3174.7243,3184.4696
142438000,3181.5084,1158500,15719100,7281245500,86776484200,3203.1189,3228.8678,3174.7243,3184.4696
142443000,3182.0482,1639000,15135500,7282884500,86791619700,3203.1189,3228.8678,3174.7243,3184.4696
142448000,3181.9033,1781900,22860500,7284666400,86814480200,3203.1189,3228.8678,3174.7243,3184.4696
142453000,3181.5079,1274900,12383800,7285941300,86826864000,3203.1189,3228.8678,3174.7243,3184.4696
142458000,3181.899,1449200,19060700,7287390500,86845924700,3203.1189,3228.8678,3174.7243,3184.4696
142503000,3181.7824,1733100,17688900,7289123600,86863613600,3203.1189,3228.8678,3174.7243,3184.4696
142508000,3181.8623,2326500,23934200,7291450100,86887547800,3203.1189,3228.8678,3174.7243,3184.4696
142513000,3182.2699,1576400,16833400,7293026500,86904381200,3203.1189,3228.8678,3174.7243,3184.4696
142518000,3181.8381,1431900,16974100,7294458400,86921355300,3203.1189,3228.8678,3174.7243,3184.4696
142523000,3182.379,1015400,10560800,7295473800,86931916100,3203.1189,3228.8678,3174.7243,3184.4696
142528000,3182.3912,1358500,15649500,7296832300,86947565600,3203.1189,3228.8678,3174.7243,3184.4696
142533000,3182.2027,2330900,26221200,7299163200,86973786800,3203.1189,3228.8678,3174.7243,3184.4696
142538000,3182.9124,1487100,18739100,7300650300,86992525900,3203.1189,3228.8678,3174.7243,3184.4696
142543000,3182.4657,1045700,12566900,7301696000,87005092800,3203.1189,3228.8678,3174.7243,3184.4696
142548000,3182.4726,2179900,22514100,7303875900,87027606900,3203.1189,3228.8678,3174.7243,3184.4696
142553000,3182.4043,1261500,13070100,7305137400,87040677000,3203.1189,3228.8678,3174.7243,3184.4696
142558000,3182.7636,2311400,25069500,7307448800,87065746500,3203.1189,3228.8678,3174.7243,3184.4696
142603000,3182.3375,1038100,14169600,7308486900,87079916100,3203.1189,3228.8678,3174.7243,3184.4696
142608000,3182.88,3175800,25387800,7311662700,87105303900,3203.1189,3228.8678,3174.7243,3184.4696
142613000,3182.7043,1803200,19375800,7313465900,87124679700,3203.1189,3228.8678,3174.7243,3184.4696
142618000,3182.3277,2699800,31829700,7316165700,87156509400,3203.1189,3228.8678,3174.7243,3184.4696
142623000,3182.5677,1442400,17746700,7317608100,87174256100,3203.1189,3228.8678,3174.7243,3184.4696
142628000,3182.5726,4929000,37571500,7322537100,87211827600,3203.1189,3228.8678,3174.7243,3184.4696
142633000,3182.741,2382000,22871800,7324919100,87234699400,3203.1189,3228.8678,3174.7243,3184.4696
142638000,3182.3393,1963200,20023100,7326882300,87254722500,3203.1189,3228.8678,3174.7243,3184.4696
142643000,3182.5394,1161000,15938100,7328043300,87270660600,3203.1189,3228.8678,3174.7243,3184.4696
142648000,3182.8018,1538700,19088700,7329582000,87289749300,3203.1189,3228.8678,3174.7243,3184.4696
142653000,3182.4672,848200,10002800,7330430200,87299752100,3203.1189,3228.8678,3174.7243,3184.4696
142658000,3182.3926,1289400,15491300,7331719600,87315243400,3203.1189,3228.8678,3174.7243,3184.4696
142703000,3182.4922,1694600,18287200,7333414200,87333530600,3203.1189,3228.8678,3174.7243,3184.4696
142708000,3182.6443,1660700,14972900,7335074900,87348503500,3203.1189,3228.8678,3174.7243,3184.4696
142713000,3182.6982,1259800,14326700,7336334700,87362830200,3203.1189,3228.8678,3174.7243,3184.4696
142718000,3182.5025,2044700,18361100,7338379400,87381191300,3203.1189,3228.8678,3174.7243,3184.4696
142723000,3182.3524,1130900,12680900,7339510300,87393872200,3203.1189,3228.8678,3174.7243,3184.4696
142728000,3182.8832,2191600,20709200,7341701900,87414581400,3203.1189,3228.8678,3174.7243,3184.4696
142733000,3182.3905,2181500,22732100,7343883400,87437313500,3203.1189,3228.8678,3174.7243,3184.4696
142738000,3182.3127,1028900,14127100,7344912300,87451440600,3203.1189,3228.8678,3174.7243,3184.4696
142743000,3182.4955,2487300,22268000,7347399600,87473708600,3203.1189,3228.8678,3174.7243,3184.4696
142748000,3182.5972,1176100,13994200,7348575700,87487702800,3203.1189,3228.8678,3174.7243,3184.4696
142753000,3182.4142,828000,12709600,7349403700,87500412400,3203.1189,3228.8678,3174.7243,3184.4696
142758000,3182.6903,1148900,14771200,7350552600,87515183600,3203.1189,3228.8678,3174.7243,3184.4696
142803000,3182.5004,1333000,13776000,7351885600,87528959600,3203.1189,3228.8678,3174.7243,3184.4696
142808000,3182.3122,2676700,19657500,7354562300,87548617100,3203.1189,3228.8678,3174.7243,3184.4696
142813000,3182.1685,2799600,21870400,7357361900,87570487500,3203.1189,3228.8678,3174.7243,3184.4696
142818000,3182.07,1430700,15507900,7358792600,87585995400,3203.1189,3228.8678,3174.7243,3184.4696
142823000,3182.1197,1835200,20095900,7360627800,87606091300,3203.1189,3228.8678,3174.7243,3184.4696
142828000,3182.572,1917900,22727300,7362545700,87628818600,3203.1189,3228.8678,3174.7243,3184.4696
142833000,3182.0224,2358200,23576700,7364903900,87652395300,3203.1189,3228.8678,3174.7243,3184.4696
142838000,3182.2396,1865700,18015800,7366769600,87670411100,3203.1189,3228.8678,3174.7243,3184.4696
142843000,3182.1984,968800,12354000,7367738400,87682765100,3203.1189,3228.8678,3174.7243,3184.4696
142848000,3182.4569,1434400,15593400,7369172800,87698358500,3203.1189,3228.8678,3174.7243,3184.4696
142853000,3182.408,944300,13608000,7370117100,87711966500,3203.1189,3228.8678,3174.7243,3184.4696
142858000,3182.1879,2179400,23155000,7372296500,87735121500,3203.1189,3228.8678,3174.7243,3184.4696
142903000,3181.74,2460500,30126500,7374757000,87765248000,3203.1189,3228.8678,3174.7243,3184.4696
142908000,3181.9311,1929200,25665000,7376686200,87790913000,3203.1189,3228.8678,3174.7243,3184.4696
142913000,3182.0353,1151300,15336300,7377837500,87806249300,3203.1189,3228.8678,3174.7243,3184.4696
142918000,3181.8537,1925500,41238600,7379763000,87847487900,3203.1189,3228.8678,3174.7243,3184.4696
142923000,3181.5379,1516500,18525400,7381279500,87866013300,3203.1189,3228.8678,3174.7243,3184.4696
142928000,3182.0818,2292700,27878900,7383572200,87893892200,3203.1189,3228.8678,3174.7243,3184.4696
142933000,3181.3914,1944700,21147700,7385516900,87915039900,3203.1189,3228.8678,3174.7243,3184.4696
142938000,3180.8258,3807500,42580100,7389324400,87957620000,3203.1189,3228.8678,3174.7243,3184.4696
142943000,3181.1471,2760900,25304000,7392085300,87982924000,3203.1189,3228.8678,3174.7243,3184.4696
142948000,3181.2243,1925900,19480300,7394011200,88002404300,3203.1189,3228.8678,3174.7243,3184.4696
142953000,3181.072,1383100,13325300,7395394300,88015729600,3203.1189,3228.8678,3174.7243,3184.4696
142958000,3180.9257,2097200,27663300,7397491500,88043392900,3203.1189,3228.8678,3174.7243,3184.4696
143003000,3181.1331,2248600,31048800,7399740100,88074441700,3203.1189,3228.8678,3174.7243,3184.4696
143008000,3180.6309,1644100,24000200,7401384200,88098441900,3203.1189,3228.8678,3174.7243,3184.4696
143013000,3181.2202,1278200,17614200,7402662400,88116056100,3203.1189,3228.8678,3174.7243,3184.4696
143018000,3180.6682,2114600,22147400,7404777000,88138203500,3203.1189,3228.8678,3174.7243,3184.4696
143023000,3180.7574,1110900,14823700,7405887900,88153027200,3203.1189,3228.8678,3174.7243,3184.4696
143028000,3181.2871,2394500,26618900,7408282400,88179646100,3203.1189,3228.8678,3174.7243,3184.4696
143033000,3180.9682,2175800,27102700,7410458200,88206748800,3203.1189,3228.8678,3174.7243,3184.4696
143038000,3180.9713,1337900,16556000,7411796100,88223304800,3203.1189,3228.8678,3174.7243,3184.4696
143043000,3180.7879,1724100,17051800,7413520200,88240356600,3203.1189,3228.8678,3174.7243,3184.4696
143048000,3180.3393,2786500,25533300,7416306700,88265889900,3203.1189,3228.8678,3174.7243,3184.4696
143053000,3180.3397,1008200,13134600,7417314900,88279024500,3203.1189,3228.8678,3174.7243,3184.4696
143058000,3180.6386,1839100,25396100,7419154000,88304420600,3203.1189,3228.8678,3174.7243,3184.4696
143103000,3180.6326,2331700,20979600,7421485700,88325400200,3203.1189,3228.8678,3174.7243,3184.4696
143108000,3180.5302,1715600,16857200,7423201300,88342257400,3203.1189,3228.8678,3174.7243,3184.4696
143113000,3180.6096,1821100,20487200,7425022400,88362744600,3203.1189,3228.8678,3174.7243,3184.4696
143118000,3180.2845,1666100,22029100,7426688500,88384773700,3203.1189,3228.8678,3174.7243,3184.4696
143123000,3180.4216,1215800,15648400,7427904300,88400422100,3203.1189,3228.8678,3174.7243,3184.4696
143128000,3180.8902,1910000,19361000,7429814300,88419783100,3203.1189,3228.8678,3174.7243,3184.4696
143133000,3180.7249,2717100,23709200,7432531400,88443492300,3203.1189,3228.8678,3174.7243,3184.4696
143138000,3180.5669,4843300,32947200,7437374700,88476439500,3203.1189,3228.8678,3174.7243,3184.4696
143143000,3180.9545,2694100,24993300,7440068800,88501432800,3203.1189,3228.8678,3174.7243,3184.4696
143148000,3181.1535,2272900,22683200,7442341700,88524116000,3203.1189,3228.8678,3174.7243,3184.4696
143153000,3180.6575,1688000,18750800,7444029700,88542866800,3203.1189,3228.8678,3174.7243,3184.4696
143158000,3180.652,2019100,21681000,7446048800,88564547800,3203.1189,3228.8678,3174.7243,3184.4696
143203000,3181.3437,2815700,25066600,7448864500,88589614400,3203.1189,3228.8678,3174.7243,3184.4696
143208000,3181.2928,2154600,23107900,7451019100,88612722300,3203.1189,3228.8678,3174.7243,3184.4696
143213000,3181.6196,2830800,29496100,7453849900,88642218400,3203.1189,3228.8678,3174.7243,3184.4696
143218000,3182.5716,4249600,52001800,7458099500,88694220200,3203.1189,3228.8678,3174.7243,3184.4696
143223000,3183.6994,3916700,44076800,7462016200,88738297000,3203.1189,3228.8678,3174.7243,3184.4696
143228000,3183.9923,4891200,57635800,7466907400,88795932800,3203.1189,3228.8678,3174.7243,3184.4696
143233000,3183.9857,3310500,43783200,7470217900,88839716000,3203.1189,3228.8678,3174.7243,3184.4696
143238000,3183.793,3554200,41894500,7473772100,88881610500,3203.1189,3228.8678,3174.7243,3184.4696
143243000,3183.989,2024600,26863100,7475796700,88908473600,3203.1189,3228.8678,3174.7243,3184.4696
143248000,3184.6641,2650700,37344800,7478447400,88945818400,3203.1189,3228.8678,3174.7243,3184.4696
143253000,3184.7586,2008900,20634700,7480456300,88966453100,3203.1189,3228.8678,3174.7243,3184.4696
143258000,3184.9711,2844400,41146200,7483300700,89007599300,3203.1189,3228.8678,3174.7243,3184.4696
143303000,3185.6163,2316400,27205500,7485617100,89034804800,3203.1189,3228.8678,3174.7243,3184.4696
143308000,3185.5046,2875000,34772000,7488492100,89069576800,3203.1189,3228.8678,3174.7243,3184.4696
143313000,3185.8392,2198900,27740900,7490691000,89097317700,3203.1189,3228.8678,3174.7243,3184.4696
143318000,3185.7214,2326000,24492000,7493017000,89121809700,3203.1189,3228.8678,3174.7243,3184.4696
143323000,3185.6725,1491700,19576700,7494508700,89141386400,3203.1189,3228.8678,3174.7243,3184.4696
143328000,3185.9739,2125600,25449400,7496634300,89166835800,3203.1189,3228.8678,3174.7243,3184.4696
143333000,3185.854,2628200,24965100,7499262500,89191800900,3203.1189,3228.8678,3174.7243,3184.4696
143338000,3185.7139,1733500,23384100,7500996000,89215185000,3203.1189,3228.8678,3174.7243,3184.4696
143343000,3186.1875,4338700,22949000,7505334700,89238134000,3203.1189,3228.8678,3174.7243,3184.4696
143348000,3185.9947,2560700,23967000,7507895400,89262101000,3203.1189,3228.8678,3174.7243,3184.4696
143353000,3186.0305,1564000,19414400,7509459400,89281515400,3203.1189,3228.8678,3174.7243,3184.4696
143358000,3186.2039,1665600,20046600,7511125000,89301562000,3203.1189,3228.8678,3174.7243,3184.4696
143403000,3186.2447,2842400,25156000,7513967400,89326718000,3203.1189,3228.8678,3174.7243,3184.4696
143408000,3186.0505,1904100,29482300,7515871500,89356200300,3203.1189,3228.8678,3174.7243,3184.4696
143413000,3186.0444,2005000,17623600,7517876500,89373823900,3203.1189,3228.8678,3174.7243,3184.4696
143418000,3186.0011,2629000,22719300,7520505500,89396543200,3203.1189,3228.8678,3174.7243,3184.4696
143423000,3186.1548,1400400,16692200,7521905900,89413235400,3203.1189,3228.8678,3174.7243,3184.4696
143428000,3186.7616,2720600,26489900,7524626500,89439725300,3203.1189,3228.8678,3174.7243,3184.4696
143433000,3186.5687,2133400,23171500,7526759900,89462896800,3203.1189,3228.8678,3174.7243,3184.4696
143438000,3186.434,2029700,23269400,7528789600,89486166200,3203.1189,3228.8678,3174.7243,3184.4696
143443000,3186.1769,1408500,16302200,7530198100,89502468400,3203.1189,3228.8678,3174.7243,3184.4696
143448000,3186.4969,1447600,16421800,7531645700,89518890200,3203.1189,3228.8678,3174.7243,3184.4696
143453000,3186.6334,1229700,15004600,7532875400,89533894800,3203.1189,3228.8678,3174.7243,3184.4696
143458000,3186.5678,2202500,27187600,7535077900,89561082400,3203.1189,3228.8678,3174.7243,3184.4696
143503000,3186.6174,2050000,24825400,7537127900,89585907800,3203.1189,3228.8678,3174.7243,3184.4696
143508000,3186.529,1600600,18439700,7538728500,89604347500,3203.1189,3228.8678,3174.7243,3184.4696
143513000,3186.592,1924800,24430000,7540653300,89628777500,3203.1189,3228.8678,3174.7243,3184.4696
143518000,3186.2006,1828400,22547700,7542481700,89651325200,3203.1189,3228.8678,3174.7243,3184.4696
143523000,3186.4982,968100,15922800,7543449800,89667248000,3203.1189,3228.8678,3174.7243,3184.4696
143528000,3186.6941,2205500,25088000,7545655300,89692336000,3203.1189,3228.8678,3174.7243,3184.4696
143533000,3186.4165,1938800,27117000,7547594100,89719453000,3203.1189,3228.8678,3174.7243,3184.4696
143538000,3186.1527,2061700,23636300,7549655800,89743089300,3203.1189,3228.8678,3174.7243,3184.4696
143543000,3186.3093,3196300,28613300,7552852100,89771702600,3203.1189,3228.8678,3174.7243,3184.4696
143548000,3186.3158,1700400,20069200,7554552500,89791771800,3203.1189,3228.8678,3174.7243,3184.4696
143553000,3186.4019,1523000,17157300,7556075500,89808929100,3203.1189,3228.8678,3174.7243,3184.4696
143558000,3186.5188,1425300,19127300,7557500800,89828056400,3203.1189,3228.8678,3174.7243,3184.4696
143603000,3186.6013,1890300,21207200,7559391100,89849263600,3203.1189,3228.8678,3174.7243,3184.4696
143608000,3186.4145,2617300,25598700,7562008400,89874862300,3203.1189,3228.8678,3174.7243,3184.4696
143613000,3186.5176,1304500,15569300,7563312900,89890431600,3203.1189,3228.8678,3174.7243,3184.4696
143618000,3186.2169,1825200,21944100,7565138100,89912375700,3203.1189,3228.8678,3174.7243,3184.4696
143623000,3186.2475,1384700,15960200,7566522800,89928335900,3203.1189,3228.8678,3174.7243,3184.4696
143628000,3186.4753,2028500,27007200,7568551300,89955343100,3203.1189,3228.8678,3174.7243,3184.4696
143633000,3186.3278,2231100,26941300,7570782400,89982284400,3203.1189,3228.8678,3174.7243,3184.4696
143638000,3186.2284,1881900,20459900,7572664300,90002744300,3203.1189,3228.8678,3174.7243,3184.4696
143643000,3186.2959,1027200,11329000,7573691500,90014073300,3203.1189,3228.8678,3174.7243,3184.4696
143648000,3186.1277,1699800,19824800,7575391300,90033898100,3203.1189,3228.8678,3174.7243,3184.4696
143653000,3186.2305,865500,10486600,7576256800,90044384700,3203.1189,3228.8678,3174.7243,3184.4696
143658000,3186.405,2748300,24189100,7579005100,90068573800,3203.1189,3228.8678,3174.7243,3184.4696
143703000,3186.5152,1959300,22657800,7580964400,90091231600,3203.1189,3228.8678,3174.7243,3184.4696
143708000,3186.4898,2132100,24261300,7583096500,90115492900,3203.1189,3228.8678,3174.7243,3184.4696
143713000,3186.2858,1384900,17176200,7584481400,90132669100,3203.1189,3228.8678,3174.7243,3184.4696
143718000,3186.2512,1931800,19414800,7586413200,90152083900,3203.1189,3228.8678,3174.7243,3184.4696
143723000,3186.5019,1058000,16165700,7587471200,90168249600,3203.1189,3228.8678,3174.7243,3184.4696
143728000,3186.6183,1914100,21629100,7589385300,90189878700,3203.1189,3228.8678,3174.7243,3184.4696
143733000,3186.9341,1821700,23610500,7591207000,90213489200,3203.1189,3228.8678,3174.7243,3184.4696
143738000,3186.9913,2000600,22019700,7593207600,90235508900,3203.1189,3228.8678,3174.7243,3184.4696
143743000,3187.3096,1370300,18543000,7594577900,90254051900,3203.1189,3228.8678,3174.7243,3184.4696
143748000,3186.8652,1125900,16489300,7595703800,90270541200,3203.1189,3228.8678,3174.7243,3184.4696
143753000,3187.2044,1168200,12942100,7596872000,90283483300,3203.1189,3228.8678,3174.7243,3184.4696
143758000,3186.8371,2109600,22904400,7598981600,90306387700,3203.1189,3228.8678,3174.7243,3184.4696
143803000,3187.3019,2031100,20538900,7601012700,90326926600,3203.1189,3228.8678,3174.7243,3184.4696
143808000,3187.1118,1973700,27263500,7602986400,90354190100,3203.1189,3228.8678,3174.7243,3184.4696
143813000,3187.0798,1646100,16732900,7604632500,90370923000,3203.1189,3228.8678,3174.7243,3184.4696
143818000,3187.1032,1477100,14481000,7606109600,90385404000,3203.1189,3228.8678,3174.7243,3184.4696
143823000,3186.8824,1095000,12753500,7607204600,90398157500,3203.1189,3228.8678,3174.7243,3184.4696
143828000,3186.8077,2154500,22323200,7609359100,90420480700,3203.1189,3228.8678,3174.7243,3184.4696
143833000,3187.3249,1929000,23166700,7611288100,90443647400,3203.1189,3228.8678,3174.7243,3184.4696
143838000,3187.2572,2002600,21590800,7613290700,90465238200,3203.1189,3228.8678,3174.7243,3184.4696
143843000,3186.8597,1235700,13441400,7614526400,90478679600,3203.1189,3228.8678,3174.7243,3184.4696
143848000,3186.8818,1874900,18470700,7616401300,90497150300,3203.1189,3228.8678,3174.7243,3184.4696
143853000,3186.682,828700,12919600,7617230000,90510069900,3203.1189,3228.8678,3174.7243,3184.4696
143858000,3186.9452,1991800,27633000,7619221800,90537702900,3203.1189,3228.8678,3174.7243,3184.4696
143903000,3186.8686,3247000,24209300,7622468800,90561912200,3203.1189,3228.8678,3174.7243,3184.4696
143908000,3186.51,1618700,21729800,7624087500,90583642000,3203.1189,3228.8678,3174.7243,3184.4696
143913000,3186.2869,2057600,26779300,7626145100,90610421300,3203.1189,3228.8678,3174.7243,3184.4696
143918000,3186.1062,1685100,20686600,7627830200,90631107900,3203.1189,3228.8678,3174.7243,3184.4696
143923000,3186.1916,1593900,19761900,7629424100,90650869800,3203.1189,3228.8678,3174.7243,3184.4696
143928000,3186.6527,2275500,33586800,7631699600,90684456600,3203.1189,3228.8678,3174.7243,3184.4696
143933000,3186.1519,2506800,28115000,7634206400,90712571600,3203.1189,3228.8678,3174.7243,3184.4696
143938000,3186.1802,2384700,23224300,7636591100,90735795900,3203.1189,3228.8678,3174.7243,3184.4696
143943000,3185.7234,1480000,14408800,7638071100,90750204700,3203.1189,3228.8678,3174.7243,3184.4696
143948000,3186.0159,1995800,21743600,7640066900,90771948300,3203.1189,3228.8678,3174.7243,3184.4696
143953000,3185.7203,1187200,16360800,7641254100,90788309100,3203.1189,3228.8678,3174.7243,3184.4696
143958000,3185.5299,2337400,23641900,7643591500,90811951000,3203.1189,3228.8678,3174.7243,3184.4696
144003000,3185.5453,2281200,29408300,7645872700,90841359300,3203.1189,3228.8678,3174.7243,3184.4696
144008000,3185.8211,2512700,31056100,7648385400,90872415400,3203.1189,3228.8678,3174.7243,3184.4696
144013000,3185.3997,1811500,29903500,7650196900,90902318900,3203.1189,3228.8678,3174.7243,3184.4696
144018000,3185.4349,1907700,20453700,7652104600,90922772600,3203.1189,3228.8678,3174.7243,3184.4696
144023000,3185.3221,1330400,16801300,7653435000,90939573900,3203.1189,3228.8678,3174.7243,3184.4696
144028000,3185.6909,2197600,23004300,7655632600,90962578200,3203.1189,3228.8678,3174.7243,3184.4696
144033000,3185.4829,4028300,27128900,7659660900,90989707100,3203.1189,3228.8678,3174.7243,3184.4696
144038000,3185.4944,2987600,20051900,7662648500,91009759000,3203.1189,3228.8678,3174.7243,3184.4696
144043000,3185.5402,2339200,21142500,7664987700,91030901500,3203.1189,3228.8678,3174.7243,3184.4696
144048000,3185.4473,1774800,22468800,7666762500,91053370300,3203.1189,3228.8678,3174.7243,3184.4696
144053000,3185.6341,1341200,15992000,7668103700,91069362300,3203.1189,3228.8678,3174.7243,3184.4696
144058000,3185.195,2615000,28270200,7670718700,91097632500,3203.1189,3228.8678,3174.7243,3184.4696
144103000,3185.3255,1710700,17955600,7672429400,91115588100,3203.1189,3228.8678,3174.7243,3184.4696
144108000,3185.166,1754200,18679000,7674183600,91134267100,3203.1189,3228.8678,3174.7243,3184.4696
144113000,3185.2567,2433600,23250900,7676617200,91157518000,3203.1189,3228.8678,3174.7243,3184.4696
144118000,3185.0488,2113800,20915000,7678731000,91178433000,3203.1189,3228.8678,3174.7243,3184.4696
144123000,3185.2472,1637600,19164600,7680368600,91197597600,3203.1189,3228.8678,3174.7243,3184.4696
144128000,3185.2693,3613800,39763800,7683982400,91237361400,3203.1189,3228.8678,3174.7243,3184.4696
144133000,3185.5879,2145900,25188000,7686128300,91262549400,3203.1189,3228.8678,3174.7243,3184.4696
144138000,3184.8958,2360800,24050200,7688489100,91286599600,3203.1189,3228.8678,3174.7243,3184.4696
144143000,3184.838,3002600,21385500,7691491700,91307985100,3203.1189,3228.8678,3174.7243,3184.4696
144148000,3185.0494,3612900,27224000,7695104600,91335209100,3203.1189,3228.8678,3174.7243,3184.4696
144153000,3184.8565,1884100,23635700,7696988700,91358844800,3203.1189,3228.8678,3174.7243,3184.4696
144158000,3185.2146,2291000,29088100,7699279700,91387932900,3203.1189,3228.8678,3174.7243,3184.4696
144203000,3184.8779,3062300,21792500,7702342000,91409725400,3203.1189,3228.8678,3174.7243,3184.4696
144208000,3184.8057,2455800,29035400,7704797800,91438760800,3203.1189,3228.8678,3174.7243,3184.4696
144213000,3184.757,1789200,22824400,7706587000,91461585200,3203.1189,3228.8678,3174.7243,3184.4696
144218000,3184.4268,2145700,24528000,7708732700,91486113200,3203.1189,3228.8678,3174.7243,3184.4696
144223000,3184.5326,1643000,20818300,7710375700,91506931500,3203.1189,3228.8678,3174.7243,3184.4696
144228000,3184.6233,3072500,33166400,7713448200,91540097900,3203.1189,3228.8678,3174.7243,3184.4696
144233000,3184.7449,2296900,29082700,7715745100,91569180600,3203.1189,3228.8678,3174.7243,3184.4696
144238000,3184.6493,1884500,23168600,7717629600,91592349200,3203.1189,3228.8678,3174.7243,3184.4696
144243000,3184.528,2278400,24651700,7719908000,91617000900,3203.1189,3228.8678,3174.7243,3184.4696
144248000,3184.4026,2609300,22606000,7722517300,91639606900,3203.1189,3228.8678,3174.7243,3184.4696
144253000,3184.1875,1218800,14085900,7723736100,91653692800,3203.1189,3228.8678,3174.7243,3184.4696
144258000,3184.2037,2497400,34946400,7726233500,91688639200,3203.1189,3228.8678,3174.7243,3184.4696
144303000,3184.2662,2530900,22764000,7728764400,91711403200,3203.1189,3228.8678,3174.7243,3184.4696
144308000,3184.445,2428200,24456400,7731192600,91735859600,3203.1189,3228.8678,3174.7243,3184.4696
144313000,3184.3883,2519000,22691600,7733711600,91758551200,3203.1189,3228.8678,3174.7243,3184.4696
144318000,3184.4399,1790700,21427000,7735502300,91779978200,3203.1189,3228.8678,3174.7243,3184.4696
144323000,3184.1116,1418900,16099000,7736921200,91796077200,3203.1189,3228.8678,3174.7243,3184.4696
144328000,3184.0719,3412800,28859700,7740334000,91824936900,3203.1189,3228.8678,3174.7243,3184.4696
144333000,3184.5613,2903300,26042500,7743237300,91850979400,3203.1189,3228.8678,3174.7243,3184.4696
144338000,3184.1472,1845800,26316600,7745083100,91877296000,3203.1189,3228.8678,3174.7243,3184.4696
144343000,3184.2092,2287700,22578800,7747370800,91899874800,3203.1189,3228.8678,3174.7243,3184.4696
144348000,3184.1609,2426100,21335600,7749796900,91921210400,3203.1189,3228.8678,3174.7243,3184.4696
144353000,3184.2111,1136600,13975100,7750933500,91935185500,3203.1189,3228.8678,3174.7243,3184.4696
144358000,3184.3077,2821100,27229100,7753754600,91962414600,3203.1189,3228.8678,3174.7243,3184.4696
144403000,3184.162,2121000,21533400,7755875600,91983948000,3203.1189,3228.8678,3174.7243,3184.4696
144408000,3184.3722,2440400,31438600,7758316000,92015386600,3203.1189,3228.8678,3174.7243,3184.4696
144413000,3184.2474,2325000,20734500,7760641000,92036121100,3203.1189,3228.8678,3174.7243,3184.4696
144418000,3184.1688,2014200,19609700,7762655200,92055730800,3203.1189,3228.8678,3174.7243,3184.4696
144423000,3184.1209,2537200,21728800,7765192400,92077459600,3203.1189,3228.8678,3174.7243,3184.4696
144428000,3184.3102,2911900,30920600,7768104300,92108380200,3203.1189,3228.8678,3174.7243,3184.4696
144433000,3184.0583,2702800,25351000,7770807100,92133731200,3203.1189,3228.8678,3174.7243,3184.4696
144438000,3184.1452,2276100,27410300,7773083200,92161141500,3203.1189,3228.8678,3174.7243,3184.4696
144443000,3183.9686,2859300,26628200,7775942500,92187769700,3203.1189,3228.8678,3174.7243,3184.4696
144448000,3183.9209,2209000,21109300,7778151500,92208879000,3203.1189,3228.8678,3174.7243,3184.4696
144453000,3183.7982,1426900,14377100,7779578400,92223256100,3203.1189,3228.8678,3174.7243,3184.4696
144458000,3183.7613,3362600,28197400,7782941000,92251453500,3203.1189,3228.8678,3174.7243,3184.4696
144503000,3184.0097,2717500,29094000,7785658500,92280547500,3203.1189,3228.8678,3174.7243,3184.4696
144508000,3183.6388,2099000,24173500,7787757500,92304721000,3203.1189,3228.8678,3174.7243,3184.4696
144513000,3183.8458,2737800,27144100,7790495300,92331865100,3203.1189,3228.8678,3174.7243,3184.4696
144518000,3183.5428,2280600,25031500,7792775900,92356896600,3203.1189,3228.8678,3174.7243,3184.4696
144523000,3183.6434,1571900,17609600,7794347800,92374506200,3203.1189,3228.8678,3174.7243,3184.4696
144528000,3183.674,2232100,23047600,7796579900,92397553800,3203.1189,3228.8678,3174.7243,3184.4696
144533000,3183.9284,4477800,34887000,7801057700,92432440800,3203.1189,3228.8678,3174.7243,3184.4696
144538000,3183.614,1713400,21193400,7802771100,92453634200,3203.1189,3228.8678,3174.7243,3184.4696
144543000,3183.6682,2083100,23179900,7804854200,92476814100,3203.1189,3228.8678,3174.7243,3184.4696
144548000,3183.3841,3101500,30118700,7807955700,92506932800,3203.1189,3228.8678,3174.7243,3184.4696
144553000,3183.4404,1639600,21040400,7809595300,92527973200,3203.1189,3228.8678,3174.7243,3184.4696
144558000,3183.3989,2379700,25506300,7811975000,92553479500,3203.1189,3228.8678,3174.7243,3184.4696
144603000,3183.5442,2252100,27059600,7814227100,92580539100,3203.1189,3228.8678,3174.7243,3184.4696
144608000,3183.5821,1989200,24705300,7816216300,92605244400,3203.1189,3228.8678,3174.7243,3184.4696
144613000,3183.5208,3213600,24049900,7819429900,92629294300,3203.1189,3228.8678,3174.7243,3184.4696
144618000,3183.685,3131700,31841000,7822561600,92661135300,3203.1189,3228.8678,3174.7243,3184.4696
144623000,3183.4579,2894000,29210700,7825455600,92690346000,3203.1189,3228.8678,3174.7243,3184.4696
144628000,3183.8135,2936000,29511600,7828391600,92719857600,3203.1189,3228.8678,3174.7243,3184.4696
144633000,3184.0465,2720600,30350400,7831112200,92750208000,3203.1189,3228.8678,3174.7243,3184.4696
144638000,3183.8797,2303800,26737500,7833416000,92776945500,3203.1189,3228.8678,3174.7243,3184.4696
144643000,3184.0482,2201200,21332800,7835617200,92798278300,3203.1189,3228.8678,3174.7243,3184.4696
144648000,3183.7038,3559100,31360600,7839176300,92829638900,3203.1189,3228.8678,3174.7243,3184.4696
144653000,3184.1541,2015300,20128100,7841191600,92849767000,3203.1189,3228.8678,3174.7243,3184.4696
144658000,3183.5379,3124000,33664400,7844315600,92883431400,3203.1189,3228.8678,3174.7243,3184.4696
144703000,3183.9744,2502200,29970800,7846817800,92913402200,3203.1189,3228.8678,3174.7243,3184.4696
144708000,3183.7286,2451500,24438100,7849269300,92937840300,3203.1189,3228.8678,3174.7243,3184.4696
144713000,3183.9457,1675000,17922300,7850944300,92955762600,3203.1189,3228.8678,3174.7243,3184.4696
144718000,3184.0805,2219600,23780000,7853163900,92979542600,3203.1189,3228.8678,3174.7243,3184.4696
144723000,3183.5679,1794800,21328100,7854958700,93000870700,3203.1189,3228.8678,3174.7243,3184.4696
144728000,3183.6283,3105100,32169700,7858063800,93033040400,3203.1189,3228.8678,3174.7243,3184.4696
144733000,3183.7211,3329300,30943400,7861393100,93063983800,3203.1189,3228.8678,3174.7243,3184.4696
144738000,3183.5175,3246400,30175100,7864639500,93094158900,3203.1189,3228.8678,3174.7243,3184.4696
144743000,3183.1757,2394200,25381400,7867033700,93119540300,3203.1189,3228.8678,3174.7243,3184.4696
144748000,3183.642,2539100,24518900,7869572800,93144059200,3203.1189,3228.8678,3174.7243,3184.4696
144753000,3183.7663,1144300,17104700,7870717100,93161163900,3203.1189,3228.8678,3174.7243,3184.4696
144758000,3183.6766,3748000,33519500,7874465100,93194683400,3203.1189,3228.8678,3174.7243,3184.4696
144803000,3183.6275,1821400,19042400,7876286500,93213725800,3203.1189,3228.8678,3174.7243,3184.4696
144808000,3183.5122,2214400,28862700,7878500900,93242588500,3203.1189,3228.8678,3174.7243,3184.4696
144813000,3183.7865,2146000,24638400,7880646900,93267226900,3203.1189,3228.8678,3174.7243,3184.4696
144818000,3183.4671,2276500,27779700,7882923400,93295006600,3203.1189,3228.8678,3174.7243,3184.4696
144823000,3183.7525,1889700,19902000,7884813100,93314908600,3203.1189,3228.8678,3174.7243,3184.4696
144828000,3183.8008,2805800,29101100,7887618900,93344009700,3203.1189,3228.8678,3174.7243,3184.4696
144833000,3183.8115,2888000,30118400,7890506900,93374128100,3203.1189,3228.8678,3174.7243,3184.4696
144838000,3183.7804,2950500,32019600,7893457400,93406147700,3203.1189,3228.8678,3174.7243,3184.4696
144843000,3183.5093,1997200,28521700,7895454600,93434669400,3203.1189,3228.8678,3174.7243,3184.4696
144848000,3183.3743,3350800,33211200,7898805400,93467880600,3203.1189,3228.8678,3174.7243,3184.4696
144853000,3183.5423,1285300,16857200,7900090700,93484737800,3203.1189,3228.8678,3174.7243,3184.4696
144858000,3183.2563,2179200,25826400,7902269900,93510564200,3203.1189,3228.8678,3174.7243,3184.4696
144903000,3182.9873,1957200,26540400,7904227100,93537104600,3203.1189,3228.8678,3174.7243,3184.4696
144908000,3183.1907,3011100,31091800,7907238200,93568196400,3203.1189,3228.8678,3174.7243,3184.4696
144913000,3183.4814,1860100,21001600,7909098300,93589198000,3203.1189,3228.8678,3174.7243,3184.4696
144918000,3182.9607,2539500,30526000,7911637800,93619724000,3203.1189,3228.8678,3174.7243,3184.4696
144923000,3182.8413,1628500,17979400,7913266300,93637703400,3203.1189,3228.8678,3174.7243,3184.4696
144928000,3182.7656,3150100,36822100,7916416400,93674525500,3203.1189,3228.8678,3174.7243,3184.4696
144933000,3183.0333,3272700,28498300,7919689100,93703023800,3203.1189,3228.8678,3174.7243,3184.4696
144938000,3182.9094,4431300,34452200,7924120400,93737476000,3203.1189,3228.8678,3174.7243,3184.4696
144943000,3183.1832,2520500,29051500,7926640900,93766527500,3203.1189,3228.8678,3174.7243,3184.4696
144948000,3182.7331,4053400,36948700,7930694300,93803476200,3203.1189,3228.8678,3174.7243,3184.4696
144953000,3183.0725,1726700,22480500,7932421000,93825956700,3203.1189,3228.8678,3174.7243,3184.4696
144958000,3182.8147,3123100,38003100,7935544100,93863959800,3203.1189,3228.8678,3174.7243,3184.4696
145003000,3183.0631,3978800,37989000,7939522900,93901948800,3203.1189,3228.8678,3174.7243,3184.4696
145008000,3182.931,3527100,35676700,7943050000,93937625500,3203.1189,3228.8678,3174.7243,3184.4696
145013000,3183.0153,3066600,28948400,7946116600,93966573900,3203.1189,3228.8678,3174.7243,3184.4696
145018000,3182.6671,2844500,31873000,7948961100,93998446900,3203.1189,3228.8678,3174.7243,3184.4696
145023000,3183.0076,2057000,24760900,7951018100,94023207800,3203.1189,3228.8678,3174.7243,3184.4696
145028000,3182.9249,2892000,34135200,7953910100,94057343000,3203.1189,3228.8678,3174.7243,3184.4696
145033000,3182.8865,2943100,33514000,7956853200,94090857000,3203.1189,3228.8678,3174.7243,3184.4696
145038000,3182.9179,3169300,30422800,7960022500,94121279800,3203.1189,3228.8678,3174.7243,3184.4696
145043000,3183.1786,2450100,25184100,7962472600,94146463900,3203.1189,3228.8678,3174.7243,3184.4696
145048000,3183.0325,3389100,38977000,7965861700,94185440900,3203.1189,3228.8678,3174.7243,3184.4696
145053000,3182.4896,2241000,24861300,7968102700,94210302200,3203.1189,3228.8678,3174.7243,3184.4696
145058000,3182.6934,3759300,36102900,7971862000,94246405100,3203.1189,3228.8678,3174.7243,3184.4696
145103000,3183.2355,2873500,31803500,7974735500,94278208600,3203.1189,3228.8678,3174.7243,3184.4696
145108000,3182.9796,2813400,33162400,7977548900,94311371000,3203.1189,3228.8678,3174.7243,3184.4696
145113000,3182.8044,2955200,37522000,7980504100,94348893000,3203.1189,3228.8678,3174.7243,3184.4696
145118000,3182.5741,2816500,32232600,7983320600,94381125600,3203.1189,3228.8678,3174.7243,3184.4696
145123000,3182.7046,2170900,25481600,7985491500,94406607200,3203.1189,3228.8678,3174.7243,3184.4696
145128000,3182.6236,4165700,39915100,7989657200,94446522300,3203.1189,3228.8678,3174.7243,3184.4696
145133000,3182.6033,3777000,35517600,7993434200,94482039900,3203.1189,3228.8678,3174.7243,3184.4696
145138000,3182.781,2758200,33372600,7996192400,94515412500,3203.1189,3228.8678,3174.7243,3184.4696
145143000,3182.659,2643800,30522100,7998836200,94545934600,3203.1189,3228.8678,3174.7243,3184.4696
145148000,3182.684,2768200,25615800,8001604400,94571550400,3203.1189,3228.8678,3174.7243,3184.4696
145153000,3182.4362,1805600,20024400,8003410000,94591574800,3203.1189,3228.8678,3174.7243,3184.4696
145158000,3182.7243,3451700,40362800,8006861700,94631937600,3203.1189,3228.8678,3174.7243,3184.4696
145203000,3182.3765,3094500,37950600,8009956200,94669888200,3203.1189,3228.8678,3174.7243,3184.4696
145208000,3182.7464,3232200,31363500,8013188400,94701251700,3203.1189,3228.8678,3174.7243,3184.4696
145213000,3182.4295,2069200,24259300,8015257600,94725511000,3203.1189,3228.8678,3174.7243,3184.4696
145218000,3182.2749,4200100,37301800,8019457700,94762812800,3203.1189,3228.8678,3174.7243,3184.4696
145223000,3182.0291,2890800,22809600,8022348500,94785622400,3203.1189,3228.8678,3174.7243,3184.4696
145228000,3182.2045,3607700,40654300,8025956200,94826276700,3203.1189,3228.8678,3174.7243,3184.4696
145233000,3182.1624,3182100,35691800,8029138300,94861968500,3203.1189,3228.8678,3174.7243,3184.4696
145238000,3182.1952,2667600,34817800,8031805900,94896786300,3203.1189,3228.8678,3174.7243,3184.4696
145243000,3182.3112,3865100,41575300,8035671000,94938361600,3203.1189,3228.8678,3174.7243,3184.4696
145248000,3182.3504,3077100,32666300,8038748100,94971027900,3203.1189,3228.8678,3174.7243,3184.4696
145253000,3182.1627,1882300,20776000,8040630400,94991803900,3203.1189,3228.8678,3174.7243,3184.4696
145258000,3182.5289,3389600,35102400,8044020000,95026906300,3203.1189,3228.8678,3174.7243,3184.4696
145303000,3182.7751,4032100,34799600,8048052100,95061705900,3203.1189,3228.8678,3174.7243,3184.4696
145308000,3182.7258,3423500,37290600,8051475600,95098996500,3203.1189,3228.8678,3174.7243,3184.4696
145313000,3182.6578,2757800,27452800,8054233400,95126449300,3203.1189,3228.8678,3174.7243,3184.4696
145318000,3182.6884,3643700,36536400,8057877100,95162985700,3203.1189,3228.8678,3174.7243,3184.4696
145323000,3182.7779,2177800,24880500,8060054900,95187866200,3203.1189,3228.8678,3174.7243,3184.4696
145328000,3182.9743,3081700,36630600,8063136600,95224496800,3203.1189,3228.8678,3174.7243,3184.4696
145333000,3182.9638,3912900,33937500,8067049500,95258434300,3203.1189,3228.8678,3174.7243,3184.4696
145338000,3183.0298,2918700,35510300,8069968200,95293944600,3203.1189,3228.8678,3174.7243,3184.4696
145343000,3183.2493,3478400,34638300,8073446600,95328582900,3203.1189,3228.8678,3174.7243,3184.4696
145348000,3183.0144,2730500,30225000,8076177100,95358807900,3203.1189,3228.8678,3174.7243,3184.4696
145353000,3183.3714,1902500,25557300,8078079600,95384365200,3203.1189,3228.8678,3174.7243,3184.4696
145358000,3183.3405,3507200,35691500,8081586800,95420056700,3203.1189,3228.8678,3174.7243,3184.4696
145403000,3183.925,3760300,34627600,8085347100,95454684300,3203.1189,3228.8678,3174.7243,3184.4696
145408000,3183.3519,2929200,30872100,8088276300,95485556400,3203.1189,3228.8678,3174.7243,3184.4696
145413000,3183.5996,2790000,29432900,8091066300,95514989300,3203.1189,3228.8678,3174.7243,3184.4696
145418000,3183.2623,3663600,38747100,8094729900,95553736400,3203.1189,3228.8678,3174.7243,3184.4696
145423000,3183.3881,1884500,22412100,8096614400,95576148500,3203.1189,3228.8678,3174.7243,3184.4696
145428000,3183.8716,3987700,44731400,8100602100,95620879900,3203.1189,3228.8678,3174.7243,3184.4696
145433000,3184.0534,3878700,36639000,8104480800,95657518900,3203.1189,3228.8678,3174.7243,3184.4696
145438000,3184.1701,4205800,57126800,8108686600,95714645700,3203.1189,3228.8678,3174.7243,3184.4696
145443000,3184.0371,2985800,30576600,8111672400,95745222300,3203.1189,3228.8678,3174.7243,3184.4696
145448000,3183.8877,2853100,33287500,8114525500,95778509800,3203.1189,3228.8678,3174.7243,3184.4696
145453000,3183.9237,2222900,24921700,8116748400,95803431500,3203.1189,3228.8678,3174.7243,3184.4696
145458000,3184.0203,4157000,44084300,8120905400,95847515800,3203.1189,3228.8678,3174.7243,3184.4696
145503000,3184.0323,3889600,37381700,8124795000,95884897500,3203.1189,3228.8678,3174.7243,3184.4696
145508000,3184.0303,3510900,39760600,8128305900,95924658100,3203.1189,3228.8678,3174.7243,3184.4696
145513000,3184.0477,3761200,28509600,8132067100,95953167700,3203.1189,3228.8678,3174.7243,3184.4696
145518000,3184.398,3260800,32990900,8135327900,95986158600,3203.1189,3228.8678,3174.7243,3184.4696
145523000,3184.126,1841900,20001100,8137169800,96006159700,3203.1189,3228.8678,3174.7243,3184.4696
145528000,3183.7801,3535500,33520200,8140705300,96039679900,3203.1189,3228.8678,3174.7243,3184.4696
145533000,3183.9066,2790200,30065600,8143495500,96069745500,3203.1189,3228.8678,3174.7243,3184.4696
145538000,3184.0528,2888700,32747200,8146384200,96102492700,3203.1189,3228.8678,3174.7243,3184.4696
145543000,3184.0638,3079900,25881000,8149464100,96128373700,3203.1189,3228.8678,3174.7243,3184.4696
145548000,3183.8577,3057300,30987600,8152521400,96159361300,3203.1189,3228.8678,3174.7243,3184.4696
145553000,3183.958,2588200,24469800,8155109600,96183831100,3203.1189,3228.8678,3174.7243,3184.4696
145558000,3183.2495,2710400,33660700,8157820000,96217491800,3203.1189,3228.8678,3174.7243,3184.4696
145603000,3183.6885,3405800,35748800,8161225800,96253240600,3203.1189,3228.8678,3174.7243,3184.4696
145608000,3183.9772,3233600,36827700,8164459400,96290068300,3203.1189,3228.8678,3174.7243,3184.4696
145613000,3183.4703,3234200,36932500,8167693600,96327000800,3203.1189,3228.8678,3174.7243,3184.4696
145618000,3183.7715,4813100,40879300,8172506700,96367880100,3203.1189,3228.8678,3174.7243,3184.4696
145623000,3183.6443,2123500,28260600,8174630200,96396140700,3203.1189,3228.8678,3174.7243,3184.4696
145628000,3183.9255,4275500,47902700,8178905700,96444043400,3203.1189,3228.8678,3174.7243,3184.4696
145633000,3183.6164,3894500,39352700,8182800200,96483396100,3203.1189,3228.8678,3174.7243,3184.4696
145638000,3183.8711,3494600,36226100,8186294800,96519622200,3203.1189,3228.8678,3174.7243,3184.4696
145643000,3183.9528,2745200,31937000,8189040000,96551559200,3203.1189,3228.8678,3174.7243,3184.4696
145648000,3184.2391,3022900,34945400,8192062900,96586504600,3203.1189,3228.8678,3174.7243,3184.4696
145653000,3184.0388,1421200,17501200,8193484100,96604005800,3203.1189,3228.8678,3174.7243,3184.4696
145658000,3183.7153,3900000,41820000,8197384100,96645825800,3203.1189,3228.8678,3174.7243,3184.4696
145703000,3183.5807,2422200,25515900,8199806300,96671341700,3203.1189,3228.8678,3174.7243,3184.4696
145708000,3183.6899,143900,1130800,8199950200,96672472500,3203.1189,3228.8678,3174.7243,3184.4696
150003000,3183.8225,9152700,90754100,8209102900,96763226600,3203.1189,3228.8678,3174.7243,3184.4696
150008000,3183.9295,44333500,567884900,8253436400,97331111500,3203.1189,3228.8678,3174.7243,3184.4696
150018000,3183.7777,8806700,40384600,8262243100,97371496100,3203.1189,3228.8678,3174.7243,3184.4696
