Time,Price,Volume,Turnover,AccVolume,AccTurnover,Open,High,Low,PreClose
92510000,3575.8528,507459200,5739934900,507459200,5739934900,3575.8528,3575.8528,3575.8528,3520.1182
93005000,3578.2247,142669900,1599511300,650129100,7339446200,3575.8528,3578.568,3575.8528,3520.1182
93010000,3581.9641,368778200,4006887200,1018907300,11346333400,3575.8528,3582.2451,3575.8528,3520.1182
93015000,3582.4446,150057800,1589886600,1168965100,12936220000,3575.8528,3582.802,3575.8528,3520.1182
93020000,3582.6976,61362300,615886600,1230327400,13552106600,3575.8528,3582.802,3575.8528,3520.1182
93025000,3583.3205,39140300,464690200,1269467700,14016796800,3575.8528,3583.3205,3575.8528,3520.1182
93030000,3584.8283,76381300,740819900,1345849000,14757616700,3575.8528,3584.8283,3575.8528,3520.1182
93035000,3584.0194,43253400,470747200,1389102400,15228363900,3575.8528,3584.8283,3575.8528,3520.1182
93040000,3585.7426,63937100,696740400,1453039500,15925104300,3575.8528,3585.7671,3575.8528,3520.1182
93045000,3585.8765,67522500,671295100,1520562000,16596399400,3575.8528,3585.9702,3575.8528,3520.1182
93050000,3586.9187,51396000,557321400,1571958000,17153720800,3575.8528,3587.0024,3575.8528,3520.1182
93055000,3587.9399,44871300,488988700,1616829300,17642709500,3575.8528,3588.008,3575.8528,3520.1182
93100000,3587.8229,60690600,600003300,1677519900,18242712800,3575.8528,3588.008,3575.8528,3520.1182
93105000,3588.4328,40347000,458634100,1717866900,18701346900,3575.8528,3588.4882,3575.8528,3520.1182
93110000,3588.3139,53898300,621101200,1771765200,19322448100,3575.8528,3589.1388,3575.8528,3520.1182
93115000,3589.292,75035700,699125900,1846800900,20021574000,3575.8528,3589.625,3575.8528,3520.1182
93120000,3589.6433,52091700,523879900,1898892600,20545453900,3575.8528,3589.6563,3575.8528,3520.1182
93125000,3589.8764,42594800,456033800,1941487400,21001487700,3575.8528,3589.8764,3575.8528,3520.1182
93130000,3590.0704,55024200,578305800,1996511600,21579793500,3575.8528,3590.0704,3575.8528,3520.1182
93135000,3590.4073,42541300,421200500,2039052900,22000994000,3575.8528,3590.4073,3575.8528,3520.1182
93140000,3589.5042,54679800,577170500,2093732700,22578164500,3575.8528,3590.4073,3575.8528,3520.1182
93145000,3589.5632,55817500,608706600,2149550200,23186871100,3575.8528,3590.4073,3575.8528,3520.1182
93150000,3589.2034,49533400,526796500,2199083600,23713667600,3575.8528,3590.4073,3575.8528,3520.1182
93155000,3589.0721,36265700,415610800,2235349300,24129278400,3575.8528,3590.4073,3575.8528,3520.1182
93200000,3589.6449,55741500,589545500,2291090800,24718823900,3575.8528,3590.4073,3575.8528,3520.1182
93205000,3590.2859,34347300,387958000,2325438100,25106781900,3575.8528,3590.4073,3575.8528,3520.1182
93210000,3589.6618,52119700,535056000,2377557800,25641837900,3575.8528,3590.4073,3575.8528,3520.1182
93215000,3589.081,55586900,601990300,2433144700,26243828200,3575.8528,3590.4073,3575.8528,3520.1182
93220000,3589.8403,43353500,470663500,2476498200,26714491700,3575.8528,3590.4073,3575.8528,3520.1182
93225000,3588.8984,35041300,415466000,2511539500,27129957700,3575.8528,3590.4073,3575.8528,3520.1182
93230000,3588.0362,50099500,558824300,2561639000,27688782000,3575.8528,3590.4073,3575.8528,3520.1182
93235000,3588.075,37577500,379028500,2599216500,28067810500,3575.8528,3590.4073,3575.8528,3520.1182
93240000,3586.7582,56208800,623401100,2655425300,28691211600,3575.8528,3590.4073,3575.8528,3520.1182
93245000,3585.8133,50026900,578596200,2705452200,29269807800,3575.8528,3590.4073,3575.8528,3520.1182
93250000,3585.2915,41087700,451098000,2746539900,29720905800,3575.8528,3590.4073,3575.8528,3520.1182
93255000,3585.7657,33123600,385906100,2779663500,30106811900,3575.8528,3590.4073,3575.8528,3520.1182
93300000,3584.7474,47789900,501455400,2827453400,30608267300,3575.8528,3590.4073,3575.8528,3520.1182
93305000,3584.189,38907900,397083200,2866361300,31005350500,3575.8528,3590.4073,3575.8528,3520.1182
93310000,3583.4987,49465300,560065500,2915826600,31565416000,3575.8528,3590.4073,3575.8528,3520.1182
93315000,3582.6663,41509200,491082800,2957335800,32056498800,3575.8528,3590.4073,3575.8528,3520.1182
93320000,3582.427,43186300,438141700,3000522100,32494640500,3575.8528,3590.4073,3575.8528,3520.1182
93325000,3582.0454,31042500,372659100,3031564600,32867299600,3575.8528,3590.4073,3575.8528,3520.1182
93330000,3581.2707,46084100,493409300,3077648700,33360708900,3575.8528,3590.4073,3575.8528,3520.1182
93335000,3581.113,29953600,289820700,3107602300,33650529600,3575.8528,3590.4073,3575.8528,3520.1182
93340000,3580.8192,46805800,494131500,3154408100,34144661100,3575.8528,3590.4073,3575.8528,3520.1182
93345000,3580.1345,46620900,473888200,3201029000,34618549300,3575.8528,3590.4073,3575.8528,3520.1182
93350000,3579.4311,35928400,375016800,3236957400,34993566100,3575.8528,3590.4073,3575.8528,3520.1182
93355000,3578.3835,27340400,339417100,3264297800,35332983200,3575.8528,3590.4073,3575.8528,3520.1182
93400000,3578.2045,43329400,435261300,3307627200,35768244500,3575.8528,3590.4073,3575.8528,3520.1182
93405000,3577.8701,25323200,268160700,3332950400,36036405200,3575.8528,3590.4073,3575.8528,3520.1182
93410000,3577.5971,38164500,432152000,3371114900,36468557200,3575.8528,3590.4073,3575.8528,3520.1182
93415000,3577.0709,38257600,410696500,3409372500,36879253700,3575.8528,3590.4073,3575.8528,3520.1182
93420000,3576.7672,31939600,343551000,3441312100,37222804700,3575.8528,3590.4073,3575.8528,3520.1182
93425000,3577.2744,27390800,318155600,3468702900,37540960300,3575.8528,3590.4073,3575.8528,3520.1182
93430000,3577.3317,39720000,442296400,3508422900,37983256700,3575.8528,3590.4073,3575.8528,3520.1182
93435000,3577.4432,27722900,309227900,3536145800,38292484600,3575.8528,3590.4073,3575.8528,3520.1182
93440000,3577.4502,34416300,394390200,3570562100,38686874800,3575.8528,3590.4073,3575.8528,3520.1182
93445000,3577.6854,39354600,423995900,3609916700,39110870700,3575.8528,3590.4073,3575.8528,3520.1182
93450000,3577.5084,28284700,316004000,3638201400,39426874700,3575.8528,3590.4073,3575.8528,3520.1182
93455000,3577.6574,27676500,323075400,3665877900,39749950100,3575.8528,3590.4073,3575.8528,3520.1182
93500000,3577.5023,44859800,437193300,3710737700,40187143400,3575.8528,3590.4073,3575.8528,3520.1182
93505000,3577.834,33900100,305788000,3744637800,40492931400,3575.8528,3590.4073,3575.8528,3520.1182
93510000,3577.5604,37161400,423715100,3781799200,40916646500,3575.8528,3590.4073,3575.8528,3520.1182
93515000,3576.9972,35898300,381380600,3817697500,41298027100,3575.8528,3590.4073,3575.8528,3520.1182
93520000,3576.767,29695700,334158000,3847393200,41632185100,3575.8528,3590.4073,3575.8528,3520.1182
93525000,3576.5171,26578100,297197100,3873971300,41929382200,3575.8528,3590.4073,3575.8528,3520.1182
93530000,3576.4867,34844600,365059000,3908815900,42294441200,3575.8528,3590.4073,3575.8528,3520.1182
93535000,3576.7392,27588800,271615100,3936404700,42566056300,3575.8528,3590.4073,3575.8528,3520.1182
93540000,3576.3773,35708800,371208500,3972113500,42937264800,3575.8528,3590.4073,3575.8528,3520.1182
93545000,3576.7817,36520000,363679600,4008633500,43300944400,3575.8528,3590.4073,3575.8528,3520.1182
93550000,3576.5677,35455800,361324900,4044089300,43662269300,3575.8528,3590.4073,3575.8528,3520.1182
93555000,3576.7443,23829000,281137100,4067918300,43943406400,3575.8528,3590.4073,3575.8528,3520.1182
93600000,3576.3069,53164800,446450200,4121083100,44389856600,3575.8528,3590.4073,3575.8528,3520.1182
93605000,3576.2825,41035600,314827100,4162118700,44704683700,3575.8528,3590.4073,3575.8528,3520.1182
93610000,3575.5148,99887600,668065000,4262006300,45372748700,3575.8528,3590.4073,3575.4156,3520.1182
93615000,3575.625,51886200,484352200,4313892500,45857100900,3575.8528,3590.4073,3575.384,3520.1182
93620000,3575.522,30666000,308302300,4344558500,46165403200,3575.8528,3590.4073,3575.384,3520.1182
93625000,3575.2967,24830100,287511300,4369388600,46452914500,3575.8528,3590.4073,3575.1441,3520.1182
93630000,3574.6885,32983600,366508100,4402372200,46819422600,3575.8528,3590.4073,3574.6885,3520.1182
93635000,3575.3759,21960300,230744100,4424332500,47050166700,3575.8528,3590.4073,3574.6885,3520.1182
93640000,3575.6214,33280300,381786800,4457612800,47431953500,3575.8528,3590.4073,3574.6885,3520.1182
93645000,3575.9338,31938600,352681000,4489551400,47784634500,3575.8528,3590.4073,3574.6885,3520.1182
93650000,3576.3035,29669200,306681700,4519220600,48091316200,3575.8528,3590.4073,3574.6885,3520.1182
93655000,3576.8349,22054900,259715300,4541275500,48351031500,3575.8528,3590.4073,3574.6885,3520.1182
93700000,3576.6389,28557400,335496200,4569832900,48686527700,3575.8528,3590.4073,3574.6885,3520.1182
93705000,3577.0133,20634700,237094400,4590467600,48923622100,3575.8528,3590.4073,3574.6885,3520.1182
93710000,3577.1099,25621600,304972700,4616089200,49228594800,3575.8528,3590.4073,3574.6885,3520.1182
93715000,3577.2995,29634200,298982800,4645723400,49527577600,3575.8528,3590.4073,3574.6885,3520.1182
93720000,3577.9159,26999800,291789700,4672723200,49819367300,3575.8528,3590.4073,3574.6885,3520.1182
93725000,3578.5243,21738100,260652000,4694461300,50080019300,3575.8528,3590.4073,3574.6885,3520.1182
93730000,3578.4622,31266500,340360900,4725727800,50420380200,3575.8528,3590.4073,3574.6885,3520.1182
93735000,3579.2197,21375500,253994700,4747103300,50674374900,3575.8528,3590.4073,3574.6885,3520.1182
93740000,3579.9355,28888400,335628300,4775991700,51010003200,3575.8528,3590.4073,3574.6885,3520.1182
93745000,3580.3877,28585600,321435200,4804577300,51331438400,3575.8528,3590.4073,3574.6885,3520.1182
93750000,3581.2649,26045400,288931900,4830622700,51620370300,3575.8528,3590.4073,3574.6885,3520.1182
93755000,3582.3834,22709500,299449400,4853332200,51919819700,3575.8528,3590.4073,3574.6885,3520.1182
93800000,3582.4929,31133600,383907600,4884465800,52303727300,3575.8528,3590.4073,3574.6885,3520.1182
93805000,3583.2603,24000400,257029700,4908466200,52560757000,3575.8528,3590.4073,3574.6885,3520.1182
93810000,3583.9552,31905900,470040200,4940372100,53030797200,3575.8528,3590.4073,3574.6885,3520.1182
93815000,3584.8754,30022700,362114000,4970394800,53392911200,3575.8528,3590.4073,3574.6885,3520.1182
93820000,3585.5497,24411100,280823000,4994805900,53673734200,3575.8528,3590.4073,3574.6885,3520.1182
93825000,3586.7543,21727800,250887600,5016533700,53924621800,3575.8528,3590.4073,3574.6885,3520.1182
93830000,3587.1,26145400,288405100,5042679100,54213026900,3575.8528,3590.4073,3574.6885,3520.1182
93835000,3588.1949,22706100,222785600,5065385200,54435812500,3575.8528,3590.4073,3574.6885,3520.1182
93840000,3589.0978,27643700,328869300,5093028900,54764681800,3575.8528,3590.4073,3574.6885,3520.1182
93845000,3589.6802,28805000,313657700,5121833900,55078339500,3575.8528,3590.4073,3574.6885,3520.1182
93850000,3590.6717,23801400,272873200,5145635300,55351212700,3575.8528,3590.8156,3574.6885,3520.1182
93855000,3591.6981,22592400,253138600,5168227700,55604351300,3575.8528,3591.6981,3574.6885,3520.1182
93900000,3592.3123,31514100,311811100,5199741800,55916162400,3575.8528,3592.79,3574.6885,3520.1182
93905000,3593.2542,21418300,205259900,5221160100,56121422300,3575.8528,3593.2912,3574.6885,3520.1182
93910000,3594.0581,34178800,362354700,5255338900,56483777000,3575.8528,3594.2892,3574.6885,3520.1182
93915000,3594.9747,33413200,346480600,5288752100,56830257600,3575.8528,3594.9747,3574.6885,3520.1182
93920000,3596.0324,27301700,348577400,5316053800,57178835000,3575.8528,3596.3387,3574.6885,3520.1182
93925000,3597.035,22812600,251505300,5338866400,57430340300,3575.8528,3597.1099,3574.6885,3520.1182
93930000,3598.0424,29351900,311541300,5368218300,57741881600,3575.8528,3598.2564,3574.6885,3520.1182
93935000,3599.1575,22429500,213595000,5390647800,57955476600,3575.8528,3599.1575,3574.6885,3520.1182
93940000,3600.2417,27366200,320572100,5418014000,58276048700,3575.8528,3600.3977,3574.6885,3520.1182
93945000,3601.8196,31568400,348756100,5449582400,58624804800,3575.8528,3601.8196,3574.6885,3520.1182
93950000,3602.3716,28855700,313808500,5478438100,58938613300,3575.8528,3602.4921,3574.6885,3520.1182
93955000,3603.8086,22892400,260721900,5501330500,59199335200,3575.8528,3603.8812,3574.6885,3520.1182
94000000,3604.4235,28472700,314519400,5529803200,59513854600,3575.8528,3604.8375,3574.6885,3520.1182
94005000,3604.9071,22376900,238112200,5552180100,59751966800,3575.8528,3604.922,3574.6885,3520.1182
94010000,3605.611,31363100,383347700,5583543200,60135314500,3575.8528,3605.611,3574.6885,3520.1182
94015000,3606.8431,29915200,330280300,5613458400,60465594800,3575.8528,3607.0365,3574.6885,3520.1182
94020000,3607.4377,26751200,296136400,5640209600,60761731200,3575.8528,3607.4377,3574.6885,3520.1182
94025000,3608.0628,21881800,268458100,5662091400,61030189300,3575.8528,3608.0628,3574.6885,3520.1182
94030000,3609.2122,29550500,345605500,5691641900,61375794800,3575.8528,3609.2695,3574.6885,3520.1182
94035000,3609.6755,20756200,228408000,5712398100,61604202800,3575.8528,3609.6935,3574.6885,3520.1182
94040000,3610.4461,32119300,380685100,5744517400,61984887900,3575.8528,3610.4461,3574.6885,3520.1182
94045000,3611.1573,31521500,358981500,5776038900,62343869400,3575.8528,3611.1573,3574.6885,3520.1182
94050000,3612.2659,26445100,320119800,5802484000,62663989200,3575.8528,3612.3613,3574.6885,3520.1182
94055000,3612.6214,22965200,253361500,5825449200,62917350700,3575.8528,3612.6553,3574.6885,3520.1182
94100000,3613.5067,33949900,388196600,5859399100,63305547300,3575.8528,3613.8932,3574.6885,3520.1182
94105000,3614.4022,22548200,250726600,5881947300,63556273900,3575.8528,3614.4022,3574.6885,3520.1182
94110000,3615.1778,28788800,324794500,5910736100,63881068400,3575.8528,3615.6635,3574.6885,3520.1182
94115000,3616.1495,34941800,376038600,5945677900,64257107000,3575.8528,3616.2341,3574.6885,3520.1182
94120000,3617.0056,26706000,276889800,5972383900,64533996800,3575.8528,3617.0056,3574.6885,3520.1182
94125000,3617.2574,25622500,298091800,5998006400,64832088600,3575.8528,3617.3604,3574.6885,3520.1182
94130000,3617.525,33353400,407331500,6031359800,65239420100,3575.8528,3618.2477,3574.6885,3520.1182
94135000,3618.6852,24335200,239249400,6055695000,65478669500,3575.8528,3618.6852,3574.6885,3520.1182
94140000,3619.6877,28773300,322702000,6084468300,65801371500,3575.8528,3619.8099,3574.6885,3520.1182
94145000,3620.2938,34612900,363582400,6119081200,66164953900,3575.8528,3620.3944,3574.6885,3520.1182
94150000,3620.687,27492700,301234700,6146573900,66466188600,3575.8528,3621.4268,3574.6885,3520.1182
94155000,3621.2493,24017700,313215900,6170591600,66779404500,3575.8528,3621.4268,3574.6885,3520.1182
94200000,3621.544,30590600,352272200,6201182200,67131676700,3575.8528,3621.7954,3574.6885,3520.1182
94205000,3621.48,23979700,268522800,6225161900,67400199500,3575.8528,3621.7954,3574.6885,3520.1182
94210000,3622.2185,27200600,308592500,6252362500,67708792000,3575.8528,3622.2308,3574.6885,3520.1182
94215000,3622.3902,34620000,382336100,6286982500,68091128100,3575.8528,3622.3902,3574.6885,3520.1182
94220000,3622.4483,30073000,319615100,6317055500,68410743200,3575.8528,3622.4483,3574.6885,3520.1182
94225000,3621.8636,24832000,287291500,6341887500,68698034700,3575.8528,3622.4483,3574.6885,3520.1182
94230000,3621.8175,36288900,424484400,6378176400,69122519100,3575.8528,3622.4483,3574.6885,3520.1182
94235000,3620.8111,21766900,252447400,6399943300,69374966500,3575.8528,3622.4483,3574.6885,3520.1182
94240000,3620.9355,27555000,334207200,6427498300,69709173700,3575.8528,3622.4483,3574.6885,3520.1182
94245000,3621.0289,28665400,334773700,6456163700,70043947400,3575.8528,3622.4483,3574.6885,3520.1182
94250000,3620.5526,28282400,344435700,6484446100,70388383100,3575.8528,3622.4483,3574.6885,3520.1182
94255000,3621.0048,23982000,296764000,6508428100,70685147100,3575.8528,3622.4483,3574.6885,3520.1182
94300000,3620.897,27329600,320648500,6535757700,71005795600,3575.8528,3622.4483,3574.6885,3520.1182
94305000,3620.5162,19944300,231581300,6555702000,71237376900,3575.8528,3622.4483,3574.6885,3520.1182
94310000,3620.4828,25644200,316545300,6581346200,71553922200,3575.8528,3622.4483,3574.6885,3520.1182
94315000,3620.35,28565400,291381300,6609911600,71845303500,3575.8528,3622.4483,3574.6885,3520.1182
94320000,3620.3846,22669300,280419900,6632580900,72125723400,3575.8528,3622.4483,3574.6885,3520.1182
94325000,3620.5988,19601100,243307100,6652182000,72369030500,3575.8528,3622.4483,3574.6885,3520.1182
94330000,3620.9395,28806300,287961900,6680988300,72656992400,3575.8528,3622.4483,3574.6885,3520.1182
94335000,3620.6717,20086800,202091700,6701075100,72859084100,3575.8528,3622.4483,3574.6885,3520.1182
94340000,3620.8306,23203400,279305800,6724278500,73138389900,3575.8528,3622.4483,3574.6885,3520.1182
94345000,3620.4441,35530600,334714700,6759809100,73473104600,3575.8528,3622.4483,3574.6885,3520.1182
94350000,3620.8691,22746000,273798200,6782555100,73746902800,3575.8528,3622.4483,3574.6885,3520.1182
94355000,3620.935,21357400,256084500,6803912500,74002987300,3575.8528,3622.4483,3574.6885,3520.1182
94400000,3620.9219,27651300,306824500,6831563800,74309811800,3575.8528,3622.4483,3574.6885,3520.1182
94405000,3620.5051,18286700,199523800,6849850500,74509335600,3575.8528,3622.4483,3574.6885,3520.1182
94410000,3620.4548,24237900,315882500,6874088400,74825218100,3575.8528,3622.4483,3574.6885,3520.1182
94415000,3619.8872,26240500,305854700,6900328900,75131072800,3575.8528,3622.4483,3574.6885,3520.1182
94420000,3619.7324,21558900,247812700,6921887800,75378885500,3575.8528,3622.4483,3574.6885,3520.1182
94425000,3619.582,20762000,271600700,6942649800,75650486200,3575.8528,3622.4483,3574.6885,3520.1182
94430000,3619.2158,25344400,293763000,6967994200,75944249200,3575.8528,3622.4483,3574.6885,3520.1182
94435000,3618.9289,20044800,207367200,6988039000,76151616400,3575.8528,3622.4483,3574.6885,3520.1182
94440000,3618.0273,26164800,310272700,7014203800,76461889100,3575.8528,3622.4483,3574.6885,3520.1182
94445000,3617.3416,30318800,339621500,7044522600,76801510600,3575.8528,3622.4483,3574.6885,3520.1182
94450000,3617.9331,28130500,308667000,7072653100,77110177600,3575.8528,3622.4483,3574.6885,3520.1182
94455000,3616.981,19945200,263094300,7092598300,77373271900,3575.8528,3622.4483,3574.6885,3520.1182
94500000,3616.7418,24715400,297935900,7117313700,77671207800,3575.8528,3622.4483,3574.6885,3520.1182
94505000,3616.2726,18991800,232602800,7136305500,77903810600,3575.8528,3622.4483,3574.6885,3520.1182
94510000,3616.0007,23109600,257072100,7159415100,78160882700,3575.8528,3622.4483,3574.6885,3520.1182
94515000,3615.7132,25629400,286362100,7185044500,78447244800,3575.8528,3622.4483,3574.6885,3520.1182
94520000,3615.344,21723000,238479800,7206767500,78685724600,3575.8528,3622.4483,3574.6885,3520.1182
94525000,3615.3578,22634600,237930900,7229402100,78923655500,3575.8528,3622.4483,3574.6885,3520.1182
94530000,3615.2312,26154600,289534100,7255556700,79213189600,3575.8528,3622.4483,3574.6885,3520.1182
94535000,3615.0254,16196300,176807600,7271753000,79389997200,3575.8528,3622.4483,3574.6885,3520.1182
94540000,3615.1213,26907000,297078400,7298660000,79687075600,3575.8528,3622.4483,3574.6885,3520.1182
94545000,3615.2494,29701800,281272600,7328361800,79968348200,3575.8528,3622.4483,3574.6885,3520.1182
94550000,3615.3074,21755900,264793100,7350117700,80233141300,3575.8528,3622.4483,3574.6885,3520.1182
94555000,3615.6887,17164500,187303000,7367282200,80420444300,3575.8528,3622.4483,3574.6885,3520.1182
94600000,3615.9212,24191300,272805600,7391473500,80693249900,3575.8528,3622.4483,3574.6885,3520.1182
94605000,3615.6759,12986200,155913600,7404459700,80849163500,3575.8528,3622.4483,3574.6885,3520.1182
94610000,3615.7318,21240900,272364000,7425700600,81121527500,3575.8528,3622.4483,3574.6885,3520.1182
94615000,3617.0462,24460000,300972500,7450160600,81422500000,3575.8528,3622.4483,3574.6885,3520.1182
94620000,3617.8953,21920600,253524800,7472081200,81676024800,3575.8528,3622.4483,3574.6885,3520.1182
94625000,3618.5652,26532800,301630800,7498614000,81977655600,3575.8528,3622.4483,3574.6885,3520.1182
94630000,3618.7794,25704200,312415100,7524318200,82290070700,3575.8528,3622.4483,3574.6885,3520.1182
94635000,3619.4335,17765000,210119500,7542083200,82500190200,3575.8528,3622.4483,3574.6885,3520.1182
94640000,3619.4284,22552200,267292600,7564635400,82767482800,3575.8528,3622.4483,3574.6885,3520.1182
94645000,3619.5008,21418800,273659300,7586054200,83041142100,3575.8528,3622.4483,3574.6885,3520.1182
94650000,3619.8597,19618900,241218000,7605673100,83282360100,3575.8528,3622.4483,3574.6885,3520.1182
94655000,3620.6736,15501100,191911500,7621174200,83474271600,3575.8528,3622.4483,3574.6885,3520.1182
94700000,3621.2169,22146000,256899200,7643320200,83731170800,3575.8528,3622.4483,3574.6885,3520.1182
94705000,3621.4458,14909800,191226300,7658230000,83922397100,3575.8528,3622.4483,3574.6885,3520.1182
94710000,3621.6956,19742600,246797000,7677972600,84169194100,3575.8528,3622.4483,3574.6885,3520.1182
94715000,3622.1236,22704400,244162500,7700677000,84413356600,3575.8528,3622.4483,3574.6885,3520.1182
94720000,3622.0813,20237000,256405700,7720914000,84669762300,3575.8528,3622.4483,3574.6885,3520.1182
94725000,3622.0654,16907200,189237200,7737821200,84858999500,3575.8528,3622.4483,3574.6885,3520.1182
94730000,3622.2911,21934900,253335600,7759756100,85112335100,3575.8528,3622.4483,3574.6885,3520.1182
94735000,3622.7573,16121700,174204600,7775877800,85286539700,3575.8528,3622.7858,3574.6885,3520.1182
94740000,3623.3794,19727500,235697900,7795605300,85522237600,3575.8528,3623.4436,3574.6885,3520.1182
94745000,3623.3291,22118900,248377200,7817724200,85770614800,3575.8528,3623.4436,3574.6885,3520.1182
94750000,3623.6494,20845000,240268100,7838569200,86010882900,3575.8528,3623.6494,3574.6885,3520.1182
94755000,3623.8929,15167400,198102600,7853736600,86208985500,3575.8528,3624.0177,3574.6885,3520.1182
94800000,3624.458,20802100,259920600,7874538700,86468906100,3575.8528,3624.458,3574.6885,3520.1182
94805000,3624.3923,15833400,196652900,7890372100,86665559000,3575.8528,3624.4816,3574.6885,3520.1182
94810000,3624.8496,22359300,255154300,7912731400,86920713300,3575.8528,3625.0242,3574.6885,3520.1182
94815000,3624.9174,21019900,244941600,7933751300,87165654900,3575.8528,3625.0242,3574.6885,3520.1182
94820000,3624.9272,18941100,245182200,7952692400,87410837100,3575.8528,3625.0242,3574.6885,3520.1182
94825000,3624.7158,15319700,222642900,7968012100,87633480000,3575.8528,3625.0242,3574.6885,3520.1182
94830000,3624.4891,23584800,290256500,7991596900,87923736500,3575.8528,3625.0242,3574.6885,3520.1182
94835000,3624.2273,15840900,206851700,8007437800,88130588200,3575.8528,3625.0242,3574.6885,3520.1182
94840000,3622.1969,26939700,336992500,8034377500,88467580700,3575.8528,3625.0242,3574.6885,3520.1182
94845000,3622.8319,24568700,296293600,8058946200,88763874300,3575.8528,3625.0242,3574.6885,3520.1182
94850000,3622.6877,17521900,231677000,8076468100,88995551300,3575.8528,3625.0242,3574.6885,3520.1182
94855000,3622.9305,16721400,237182800,8093189500,89232734100,3575.8528,3625.0242,3574.6885,3520.1182
94900000,3622.528,20757300,266186900,8113946800,89498921000,3575.8528,3625.0242,3574.6885,3520.1182
94905000,3622.3256,15063200,197564200,8129010000,89696485200,3575.8528,3625.0242,3574.6885,3520.1182
94910000,3621.9782,19814700,267466800,8148824700,89963952000,3575.8528,3625.0242,3574.6885,3520.1182
94915000,3621.7209,22137900,288188000,8170962600,90252140000,3575.8528,3625.0242,3574.6885,3520.1182
94920000,3621.3102,23909900,304422400,8194872500,90556562400,3575.8528,3625.0242,3574.6885,3520.1182
94925000,3621.66,19819400,253647500,8214691900,90810209900,3575.8528,3625.0242,3574.6885,3520.1182
94930000,3621.6734,21949800,272374900,8236641700,91082584800,3575.8528,3625.0242,3574.6885,3520.1182
94935000,3621.2577,14051200,163804100,8250692900,91246388900,3575.8528,3625.0242,3574.6885,3520.1182
94940000,3621.355,19756000,244084700,8270448900,91490473600,3575.8528,3625.0242,3574.6885,3520.1182
94945000,3621.3033,21769900,250074500,8292218800,91740548100,3575.8528,3625.0242,3574.6885,3520.1182
94950000,3621.4142,15572500,192813000,8307791300,91933361100,3575.8528,3625.0242,3574.6885,3520.1182
94955000,3620.5981,18179000,218819000,8325970300,92152180100,3575.8528,3625.0242,3574.6885,3520.1182
95000000,3619.9,24832900,300474100,8350803200,92452654200,3575.8528,3625.0242,3574.6885,3520.1182
95005000,3618.3918,18492700,219531700,8369295900,92672185900,3575.8528,3625.0242,3574.6885,3520.1182
95010000,3618.6057,21331500,284655800,8390627400,92956841700,3575.8528,3625.0242,3574.6885,3520.1182
95015000,3618.1541,22619400,310167500,8413246800,93267009200,3575.8528,3625.0242,3574.6885,3520.1182
95020000,3617.6835,18387100,216253600,8431633900,93483262800,3575.8528,3625.0242,3574.6885,3520.1182
95025000,3617.734,16228800,201407800,8447862700,93684670600,3575.8528,3625.0242,3574.6885,3520.1182
95030000,3617.8827,19352600,239084100,8467215300,93923754700,3575.8528,3625.0242,3574.6885,3520.1182
95035000,3617.6841,13803200,161680400,8481018500,94085435100,3575.8528,3625.0242,3574.6885,3520.1182
95040000,3616.6624,19682800,234682500,8500701300,94320117600,3575.8528,3625.0242,3574.6885,3520.1182
95045000,3616.3336,21547300,231659400,8522248600,94551777000,3575.8528,3625.0242,3574.6885,3520.1182
95050000,3616.6066,19315100,208287000,8541563700,94760064000,3575.8528,3625.0242,3574.6885,3520.1182
95055000,3615.7332,20566800,206815500,8562130500,94966879500,3575.8528,3625.0242,3574.6885,3520.1182
95100000,3615.9637,20277500,240162600,8582408000,95207042100,3575.8528,3625.0242,3574.6885,3520.1182
95105000,3615.303,17755100,178196100,8600163100,95385238200,3575.8528,3625.0242,3574.6885,3520.1182
95110000,3615.0417,21911600,277457100,8622074700,95662695300,3575.8528,3625.0242,3574.6885,3520.1182
95115000,3615.1766,23067900,226007100,8645142600,95888702400,3575.8528,3625.0242,3574.6885,3520.1182
95120000,3614.3569,23720000,214971700,8668862600,96103674100,3575.8528,3625.0242,3574.6885,3520.1182
95125000,3614.3786,19231000,223025200,8688093600,96326699300,3575.8528,3625.0242,3574.6885,3520.1182
95130000,3613.9677,24425600,253841700,8712519200,96580541000,3575.8528,3625.0242,3574.6885,3520.1182
95135000,3613.5344,15142800,172931500,8727662000,96753472500,3575.8528,3625.0242,3574.6885,3520.1182
95140000,3613.0304,18092500,236873500,8745754500,96990346000,3575.8528,3625.0242,3574.6885,3520.1182
95145000,3613.0212,20497600,235567400,8766252100,97225913400,3575.8528,3625.0242,3574.6885,3520.1182
95150000,3612.6366,19650000,246118200,8785902100,97472031600,3575.8528,3625.0242,3574.6885,3520.1182
95155000,3612.5772,12794600,161343800,8798696700,97633375400,3575.8528,3625.0242,3574.6885,3520.1182
95200000,3611.9876,19992200,233837800,8818688900,97867213200,3575.8528,3625.0242,3574.6885,3520.1182
95205000,3611.2872,13707500,151025300,8832396400,98018238500,3575.8528,3625.0242,3574.6885,3520.1182
95210000,3610.8415,29868800,265463900,8862265200,98283702400,3575.8528,3625.0242,3574.6885,3520.1182
95215000,3610.3478,24248400,267084200,8886513600,98550786600,3575.8528,3625.0242,3574.6885,3520.1182
95220000,3609.7707,42407100,307805100,8928920700,98858591700,3575.8528,3625.0242,3574.6885,3520.1182
95225000,3609.9866,39849100,278678700,8968769800,99137270400,3575.8528,3625.0242,3574.6885,3520.1182
95230000,3609.9893,102948300,567268100,9071718100,99704538500,3575.8528,3625.0242,3574.6885,3520.1182
95235000,3609.5221,19614400,192289400,9091332500,99896827900,3575.8528,3625.0242,3574.6885,3520.1182
95240000,3609.0987,19289200,197637400,9110621700,100094465300,3575.8528,3625.0242,3574.6885,3520.1182
95245000,3608.8043,22952900,236157300,9133574600,100330622600,3575.8528,3625.0242,3574.6885,3520.1182
95250000,3608.1853,26155700,265567300,9159730300,100596189900,3575.8528,3625.0242,3574.6885,3520.1182
95255000,3607.8047,19452800,224003200,9179183100,100820193100,3575.8528,3625.0242,3574.6885,3520.1182
95300000,3607.2809,28659500,261257700,9207842600,101081450800,3575.8528,3625.0242,3574.6885,3520.1182
95305000,3607.1061,15633500,147181900,9223476100,101228632700,3575.8528,3625.0242,3574.6885,3520.1182
95310000,3607.2453,26311700,264610400,9249787800,101493243100,3575.8528,3625.0242,3574.6885,3520.1182
95315000,3606.9901,23412900,241445500,9273200700,101734688600,3575.8528,3625.0242,3574.6885,3520.1182
95320000,3607.2004,27595900,267349300,9300796600,102002037900,3575.8528,3625.0242,3574.6885,3520.1182
95325000,3606.6619,26044900,382517800,9326841500,102384555700,3575.8528,3625.0242,3574.6885,3520.1182
95330000,3606.1219,34506600,411258500,9361348100,102795814200,3575.8528,3625.0242,3574.6885,3520.1182
95335000,3604.9037,17296900,187564700,9378645000,102983378900,3575.8528,3625.0242,3574.6885,3520.1182
95340000,3604.7567,20734900,235653600,9399379900,103219032500,3575.8528,3625.0242,3574.6885,3520.1182
95345000,3603.5038,24477900,267102800,9423857800,103486135300,3575.8528,3625.0242,3574.6885,3520.1182
95350000,3603.5583,16417200,189058200,9440275000,103675193500,3575.8528,3625.0242,3574.6885,3520.1182
95355000,3602.8341,17165500,181453400,9457440500,103856646900,3575.8528,3625.0242,3574.6885,3520.1182
95400000,3602.3773,24009300,256261700,9481449800,104112908600,3575.8528,3625.0242,3574.6885,3520.1182
95405000,3601.2676,21627100,197860100,9503076900,104310768700,3575.8528,3625.0242,3574.6885,3520.1182
95410000,3601.1434,24498400,282296800,9527575300,104593065500,3575.8528,3625.0242,3574.6885,3520.1182
95415000,3600.8005,23683900,234498900,9551259200,104827564400,3575.8528,3625.0242,3574.6885,3520.1182
95420000,3600.4198,23389400,243727500,9574648600,105071291900,3575.8528,3625.0242,3574.6885,3520.1182
95425000,3599.9126,16784200,209094900,9591432800,105280386800,3575.8528,3625.0242,3574.6885,3520.1182
95430000,3599.2207,30476600,277781500,9621909400,105558168300,3575.8528,3625.0242,3574.6885,3520.1182
95435000,3599.2138,16523600,150584500,9638433000,105708752800,3575.8528,3625.0242,3574.6885,3520.1182
95440000,3598.5266,25372600,243298700,9663805600,105952051500,3575.8528,3625.0242,3574.6885,3520.1182
95445000,3597.9169,29820800,268600300,9693626400,106220651800,3575.8528,3625.0242,3574.6885,3520.1182
95450000,3597.5231,21845800,227938800,9715472200,106448590600,3575.8528,3625.0242,3574.6885,3520.1182
95455000,3597.153,19061800,208637200,9734534000,106657227800,3575.8528,3625.0242,3574.6885,3520.1182
95500000,3596.3815,22398400,260224000,9756932400,106917451800,3575.8528,3625.0242,3574.6885,3520.1182
95505000,3595.5444,18194800,187381400,9775127200,107104833200,3575.8528,3625.0242,3574.6885,3520.1182
95510000,3595.1167,22444100,249029800,9797571300,107353863000,3575.8528,3625.0242,3574.6885,3520.1182
95515000,3594.8431,23294200,245459800,9820865500,107599322800,3575.8528,3625.0242,3574.6885,3520.1182
95520000,3594.2138,22759000,231542000,9843624500,107830864800,3575.8528,3625.0242,3574.6885,3520.1182
95525000,3593.7851,16633200,182252100,9860257700,108013116900,3575.8528,3625.0242,3574.6885,3520.1182
95530000,3593.4087,22378500,235104400,9882636200,108248221300,3575.8528,3625.0242,3574.6885,3520.1182
95535000,3593.4245,13128700,144930000,9895764900,108393151300,3575.8528,3625.0242,3574.6885,3520.1182
95540000,3592.931,18863500,218813900,9914628400,108611965200,3575.8528,3625.0242,3574.6885,3520.1182
95545000,3592.7608,24110100,226390400,9938738500,108838355600,3575.8528,3625.0242,3574.6885,3520.1182
95550000,3592.3589,26147300,289129900,9964885800,109127485500,3575.8528,3625.0242,3574.6885,3520.1182
95555000,3591.7834,15825300,180337200,9980711100,109307822700,3575.8528,3625.0242,3574.6885,3520.1182
95600000,3591.3122,31151500,309023300,10011862600,109616846000,3575.8528,3625.0242,3574.6885,3520.1182
95605000,3590.9412,18514600,180606400,10030377200,109797452400,3575.8528,3625.0242,3574.6885,3520.1182
95610000,3590.3906,22766800,257308200,10053144000,110054760600,3575.8528,3625.0242,3574.6885,3520.1182
95615000,3590.0878,29199500,283049500,10082343500,110337810100,3575.8528,3625.0242,3574.6885,3520.1182
95620000,3589.9017,19838800,236252200,10102182300,110574062300,3575.8528,3625.0242,3574.6885,3520.1182
95625000,3589.5237,22259700,210456800,10124442000,110784519100,3575.8528,3625.0242,3574.6885,3520.1182
95630000,3589.0965,22593900,244325100,10147035900,111028844200,3575.8528,3625.0242,3574.6885,3520.1182
95635000,3589.3317,15205000,176337100,10162240900,111205181300,3575.8528,3625.0242,3574.6885,3520.1182
95640000,3589.0914,18696100,223622800,10180937000,111428804100,3575.8528,3625.0242,3574.6885,3520.1182
95645000,3588.7825,25421200,281499600,10206358200,111710303700,3575.8528,3625.0242,3574.6885,3520.1182
95650000,3588.5791,16427600,183372000,10222785800,111893675700,3575.8528,3625.0242,3574.6885,3520.1182
95655000,3587.8002,14112200,153334300,10236898000,112047010000,3575.8528,3625.0242,3574.6885,3520.1182
95700000,3587.628,22934700,223315700,10259832700,112270325700,3575.8528,3625.0242,3574.6885,3520.1182
95705000,3587.3479,13667400,136548500,10273500100,112406874200,3575.8528,3625.0242,3574.6885,3520.1182
95710000,3587.4138,19020300,213211100,10292520400,112620085300,3575.8528,3625.0242,3574.6885,3520.1182
95715000,3587.1505,16022300,170337500,10308542700,112790422800,3575.8528,3625.0242,3574.6885,3520.1182
95720000,3587.1475,16747800,191582700,10325290500,112982005500,3575.8528,3625.0242,3574.6885,3520.1182
95725000,3587.0511,15804300,156942400,10341094800,113138947900,3575.8528,3625.0242,3574.6885,3520.1182
95730000,3587.1457,17842200,200365100,10358937000,113339313000,3575.8528,3625.0242,3574.6885,3520.1182
95735000,3587.038,12165200,124510300,10371102200,113463823300,3575.8528,3625.0242,3574.6885,3520.1182
95740000,3587.4651,16180800,204544200,10387283000,113668367500,3575.8528,3625.0242,3574.6885,3520.1182
95745000,3587.4796,18378200,224720900,10405661200,113893088400,3575.8528,3625.0242,3574.6885,3520.1182
95750000,3587.8439,16532900,195902200,10422194100,114088990600,3575.8528,3625.0242,3574.6885,3520.1182
95755000,3587.8732,12738200,147346400,10434932300,114236337000,3575.8528,3625.0242,3574.6885,3520.1182
95800000,3587.9851,21242500,204154900,10456174800,114440491900,3575.8528,3625.0242,3574.6885,3520.1182
95805000,3588.4473,10876800,127995300,10467051600,114568487200,3575.8528,3625.0242,3574.6885,3520.1182
95810000,3588.2924,18274900,212397200,10485326500,114780884400,3575.8528,3625.0242,3574.6885,3520.1182
95815000,3589.1088,21048400,228004600,10506374900,115008889000,3575.8528,3625.0242,3574.6885,3520.1182
95820000,3589.5021,13420200,158373200,10519795100,115167262200,3575.8528,3625.0242,3574.6885,3520.1182
95825000,3590.1112,12179600,160819000,10531974700,115328081200,3575.8528,3625.0242,3574.6885,3520.1182
95830000,3589.4442,18802300,211286300,10550777000,115539367500,3575.8528,3625.0242,3574.6885,3520.1182
95835000,3590.1589,11734100,122032200,10562511100,115661399700,3575.8528,3625.0242,3574.6885,3520.1182
95840000,3590.706,19004200,213893200,10581515300,115875292900,3575.8528,3625.0242,3574.6885,3520.1182
95845000,3591.1586,18974900,214432600,10600490200,116089725500,3575.8528,3625.0242,3574.6885,3520.1182
95850000,3591.5143,16908400,202419200,10617398600,116292144700,3575.8528,3625.0242,3574.6885,3520.1182
95855000,3591.942,13371500,156410500,10630770100,116448555200,3575.8528,3625.0242,3574.6885,3520.1182
95900000,3592.3719,20042200,224640900,10650812300,116673196100,3575.8528,3625.0242,3574.6885,3520.1182
95905000,3592.7179,10970000,129823300,10661782300,116803019400,3575.8528,3625.0242,3574.6885,3520.1182
95910000,3593.6499,19940300,258659700,10681722600,117061679100,3575.8528,3625.0242,3574.6885,3520.1182
95915000,3593.8172,20448400,219723700,10702171000,117281402800,3575.8528,3625.0242,3574.6885,3520.1182
95920000,3594.3516,16329200,211434200,10718500200,117492837000,3575.8528,3625.0242,3574.6885,3520.1182
95925000,3594.8942,13193700,135397000,10731693900,117628234000,3575.8528,3625.0242,3574.6885,3520.1182
95930000,3594.7949,13211100,172545300,10744905000,117800779300,3575.8528,3625.0242,3574.6885,3520.1182
95935000,3594.9099,12873900,135272800,10757778900,117936052100,3575.8528,3625.0242,3574.6885,3520.1182
95940000,3595.8667,13909400,175791800,10771688300,118111843900,3575.8528,3625.0242,3574.6885,3520.1182
95945000,3595.5867,15573000,185199000,10787261300,118297042900,3575.8528,3625.0242,3574.6885,3520.1182
95950000,3595.324,16537400,181859900,10803798700,118478902800,3575.8528,3625.0242,3574.6885,3520.1182
95955000,3595.2562,11023900,141769400,10814822600,118620672200,3575.8528,3625.0242,3574.6885,3520.1182
100000000,3595.7494,24019000,211438900,10838841600,118832111100,3575.8528,3625.0242,3574.6885,3520.1182
100005000,3596.1778,14503000,148918100,10853344600,118981029200,3575.8528,3625.0242,3574.6885,3520.1182
100010000,3596.8414,14372700,171623400,10867717300,119152652600,3575.8528,3625.0242,3574.6885,3520.1182
100015000,3596.6722,14986200,179547300,10882703500,119332199900,3575.8528,3625.0242,3574.6885,3520.1182
100020000,3596.8439,14833100,164086000,10897536600,119496285900,3575.8528,3625.0242,3574.6885,3520.1182
100025000,3597.0964,12418600,142223200,10909955200,119638509100,3575.8528,3625.0242,3574.6885,3520.1182
100030000,3597.2937,14013900,157735500,10923969100,119796244600,3575.8528,3625.0242,3574.6885,3520.1182
100035000,3597.4955,10683300,115496300,10934652400,119911740900,3575.8528,3625.0242,3574.6885,3520.1182
100040000,3597.2534,16857600,167649200,10951510000,120079390100,3575.8528,3625.0242,3574.6885,3520.1182
100045000,3597.4724,16765100,168807600,10968275100,120248197700,3575.8528,3625.0242,3574.6885,3520.1182
100050000,3596.8597,14873800,167748900,10983148900,120415946600,3575.8528,3625.0242,3574.6885,3520.1182
100055000,3596.8509,11396600,126871700,10994545500,120542818300,3575.8528,3625.0242,3574.6885,3520.1182
100100000,3597.0352,12795600,146720400,11007341100,120689538700,3575.8528,3625.0242,3574.6885,3520.1182
100105000,3597.1789,12469700,121693300,11019810800,120811232000,3575.8528,3625.0242,3574.6885,3520.1182
100110000,3597.5959,11423800,138820200,11031234600,120950052200,3575.8528,3625.0242,3574.6885,3520.1182
100115000,3597.7393,16724700,182463500,11047959300,121132515700,3575.8528,3625.0242,3574.6885,3520.1182
100120000,3597.6813,12541800,150696000,11060501100,121283211700,3575.8528,3625.0242,3574.6885,3520.1182
100125000,3597.8972,11733400,139125600,11072234500,121422337300,3575.8528,3625.0242,3574.6885,3520.1182
100130000,3598.302,16247900,173121800,11088482400,121595459100,3575.8528,3625.0242,3574.6885,3520.1182
100135000,3597.3602,8824800,136808200,11097307200,121732267300,3575.8528,3625.0242,3574.6885,3520.1182
100140000,3598.5334,11471500,141327900,11108778700,121873595200,3575.8528,3625.0242,3574.6885,3520.1182
100145000,3597.5948,13094000,148502800,11121872700,122022098000,3575.8528,3625.0242,3574.6885,3520.1182
100150000,3597.6225,15545600,159388600,11137418300,122181486600,3575.8528,3625.0242,3574.6885,3520.1182
100155000,3597.7228,11599300,137162200,11149017600,122318648800,3575.8528,3625.0242,3574.6885,3520.1182
100200000,3598.1174,12688100,168563000,11161705700,122487211800,3575.8528,3625.0242,3574.6885,3520.1182
100205000,3598.2436,8835100,109048000,11170540800,122596259800,3575.8528,3625.0242,3574.6885,3520.1182
100210000,3598.4164,15609100,180898500,11186149900,122777158300,3575.8528,3625.0242,3574.6885,3520.1182
100215000,3598.6435,13219200,171947800,11199369100,122949106100,3575.8528,3625.0242,3574.6885,3520.1182
100220000,3598.8189,12899700,142580800,11212268800,123091686900,3575.8528,3625.0242,3574.6885,3520.1182
100225000,3598.7355,11213700,146259200,11223482500,123237946100,3575.8528,3625.0242,3574.6885,3520.1182
100230000,3598.9544,16090200,162401100,11239572700,123400347200,3575.8528,3625.0242,3574.6885,3520.1182
100235000,3598.8634,10027300,101579500,11249600000,123501926700,3575.8528,3625.0242,3574.6885,3520.1182
100240000,3598.8708,20128700,179848600,11269728700,123681775300,3575.8528,3625.0242,3574.6885,3520.1182
100245000,3599.0862,16411000,165863500,11286139700,123847638800,3575.8528,3625.0242,3574.6885,3520.1182
100250000,3599.2526,16659200,157454700,11302798900,124005093500,3575.8528,3625.0242,3574.6885,3520.1182
100255000,3599.1044,10164900,114527600,11312963800,124119621100,3575.8528,3625.0242,3574.6885,3520.1182
100300000,3599.4262,16420100,160229400,11329383900,124279850500,3575.8528,3625.0242,3574.6885,3520.1182
100305000,3599.8702,13864300,123759000,11343248200,124403609500,3575.8528,3625.0242,3574.6885,3520.1182
100310000,3599.6729,19034400,186728500,11362282600,124590338000,3575.8528,3625.0242,3574.6885,3520.1182
100315000,3599.9531,21297100,174899900,11383579700,124765237900,3575.8528,3625.0242,3574.6885,3520.1182
100320000,3599.8638,27048900,204676700,11410628600,124969914600,3575.8528,3625.0242,3574.6885,3520.1182
100325000,3600.4988,19301600,163247900,11429930200,125133162500,3575.8528,3625.0242,3574.6885,3520.1182
100330000,3600.6411,36612700,256101800,11466542900,125389264300,3575.8528,3625.0242,3574.6885,3520.1182
100335000,3601.3044,34088600,222185700,11500631500,125611450000,3575.8528,3625.0242,3574.6885,3520.1182
100340000,3601.8215,51080300,336121300,11551711800,125947571300,3575.8528,3625.0242,3574.6885,3520.1182
100345000,3602.5035,47989000,315652400,11599700800,126263223700,3575.8528,3625.0242,3574.6885,3520.1182
100350000,3602.8547,22102700,178906300,11621803500,126442130000,3575.8528,3625.0242,3574.6885,3520.1182
100355000,3603.1599,13946900,144426600,11635750400,126586556600,3575.8528,3625.0242,3574.6885,3520.1182
100400000,3603.878,23076800,206342400,11658827200,126792899000,3575.8528,3625.0242,3574.6885,3520.1182
100405000,3604.3213,13697100,119024700,11672524300,126911923700,3575.8528,3625.0242,3574.6885,3520.1182
100410000,3604.111,18781300,176216300,11691305600,127088140000,3575.8528,3625.0242,3574.6885,3520.1182
100415000,3604.8584,20189900,168530800,11711495500,127256670800,3575.8528,3625.0242,3574.6885,3520.1182
100420000,3604.9345,18127800,152811400,11729623300,127409482200,3575.8528,3625.0242,3574.6885,3520.1182
100425000,3605.4735,13990200,125439800,11743613500,127534922000,3575.8528,3625.0242,3574.6885,3520.1182
100430000,3605.1949,24729500,188702500,11768343000,127723624500,3575.8528,3625.0242,3574.6885,3520.1182
100435000,3605.3698,21266800,136725900,11789609800,127860350400,3575.8528,3625.0242,3574.6885,3520.1182
100440000,3605.7791,36437500,254758100,11826047300,128115108500,3575.8528,3625.0242,3574.6885,3520.1182
100445000,3605.891,35666700,234361300,11861714000,128349469800,3575.8528,3625.0242,3574.6885,3520.1182
100450000,3606.0997,16819300,152493400,11878533300,128501963200,3575.8528,3625.0242,3574.6885,3520.1182
100455000,3606.5171,13295300,127656600,11891828600,128629619800,3575.8528,3625.0242,3574.6885,3520.1182
100500000,3606.5057,20334300,190924200,11912162900,128820544000,3575.8528,3625.0242,3574.6885,3520.1182
100505000,3607.0948,13034300,142417200,11925197200,128962961200,3575.8528,3625.0242,3574.6885,3520.1182
100510000,3607.196,17766000,175713200,11942963200,129138674400,3575.8528,3625.0242,3574.6885,3520.1182
100515000,3607.387,17717000,184538700,11960680200,129323213100,3575.8528,3625.0242,3574.6885,3520.1182
100520000,3607.7478,14464600,164383800,11975144800,129487596900,3575.8528,3625.0242,3574.6885,3520.1182
100525000,3607.8002,12449600,135742300,11987594400,129623339200,3575.8528,3625.0242,3574.6885,3520.1182
100530000,3607.6493,21763800,196100900,12009358200,129819440100,3575.8528,3625.0242,3574.6885,3520.1182
100535000,3607.7103,11379900,108827300,12020738100,129928267400,3575.8528,3625.0242,3574.6885,3520.1182
100540000,3608.0493,16687500,162037300,12037425600,130090304700,3575.8528,3625.0242,3574.6885,3520.1182
100545000,3608.1128,20296900,180408400,12057722500,130270713100,3575.8528,3625.0242,3574.6885,3520.1182
100550000,3608.7776,14350500,131920000,12072073000,130402633100,3575.8528,3625.0242,3574.6885,3520.1182
100555000,3609.0848,12354100,140015800,12084427100,130542648900,3575.8528,3625.0242,3574.6885,3520.1182
100600000,3609.3435,20733300,204489900,12105160400,130747138800,3575.8528,3625.0242,3574.6885,3520.1182
100605000,3609.6438,10655600,116305700,12115816000,130863444500,3575.8528,3625.0242,3574.6885,3520.1182
100610000,3609.8069,15515700,181626000,12131331700,131045070500,3575.8528,3625.0242,3574.6885,3520.1182
100615000,3609.5485,19921300,188174000,12151253000,131233244500,3575.8528,3625.0242,3574.6885,3520.1182
100620000,3608.9862,18311300,183420500,12169564300,131416665000,3575.8528,3625.0242,3574.6885,3520.1182
100625000,3608.9893,13600100,137279600,12183164400,131553944600,3575.8528,3625.0242,3574.6885,3520.1182
100630000,3608.7585,20746200,204583700,12203910600,131758528300,3575.8528,3625.0242,3574.6885,3520.1182
100635000,3608.7642,13522700,127529700,12217433300,131886058000,3575.8528,3625.0242,3574.6885,3520.1182
100640000,3607.8603,15115600,164644800,12232548900,132050702800,3575.8528,3625.0242,3574.6885,3520.1182
100645000,3608.4289,21696100,222360300,12254245000,132273063100,3575.8528,3625.0242,3574.6885,3520.1182
100650000,3607.796,16036500,164864600,12270281500,132437927700,3575.8528,3625.0242,3574.6885,3520.1182
100655000,3606.9952,14070500,151733100,12284352000,132589660800,3575.8528,3625.0242,3574.6885,3520.1182
100700000,3606.1735,18630300,191509000,12302982300,132781169800,3575.8528,3625.0242,3574.6885,3520.1182
100705000,3606.0013,12390300,129663600,12315372600,132910833400,3575.8528,3625.0242,3574.6885,3520.1182
100710000,3606.0601,14813600,166250100,12330186200,133077083500,3575.8528,3625.0242,3574.6885,3520.1182
100715000,3605.8496,39608200,211106300,12369794400,133288189800,3575.8528,3625.0242,3574.6885,3520.1182
100720000,3605.8008,14519900,131911800,12384314300,133420101600,3575.8528,3625.0242,3574.6885,3520.1182
100725000,3605.7321,11414300,122674700,12395728600,133542776300,3575.8528,3625.0242,3574.6885,3520.1182
100730000,3605.4767,17382400,174119800,12413111000,133716896100,3575.8528,3625.0242,3574.6885,3520.1182
100735000,3605.5074,10668900,97059000,12423779900,133813955100,3575.8528,3625.0242,3574.6885,3520.1182
100740000,3604.871,14685600,145057500,12438465500,133959012600,3575.8528,3625.0242,3574.6885,3520.1182
100745000,3605.1939,14614400,159100100,12453079900,134118112700,3575.8528,3625.0242,3574.6885,3520.1182
100750000,3604.9787,32336500,213143800,12485416400,134331256500,3575.8528,3625.0242,3574.6885,3520.1182
100755000,3604.7392,10047900,113941200,12495464300,134445197700,3575.8528,3625.0242,3574.6885,3520.1182
100800000,3604.8245,13714300,141244500,12509178600,134586442200,3575.8528,3625.0242,3574.6885,3520.1182
100805000,3604.7165,10206100,107263000,12519384700,134693705200,3575.8528,3625.0242,3574.6885,3520.1182
100810000,3604.9728,15332900,160127000,12534717600,134853832200,3575.8528,3625.0242,3574.6885,3520.1182
100815000,3604.7451,12947700,142670000,12547665300,134996502200,3575.8528,3625.0242,3574.6885,3520.1182
100820000,3605.0503,12988000,135357300,12560653300,135131859500,3575.8528,3625.0242,3574.6885,3520.1182
100825000,3605.6528,12247700,131679800,12572901000,135263539300,3575.8528,3625.0242,3574.6885,3520.1182
100830000,3606.0125,16431100,167194300,12589332100,135430733600,3575.8528,3625.0242,3574.6885,3520.1182
100835000,3606.3677,10343800,111003100,12599675900,135541736700,3575.8528,3625.0242,3574.6885,3520.1182
100840000,3606.7767,12873600,144066200,12612549500,135685802900,3575.8528,3625.0242,3574.6885,3520.1182
100845000,3606.3322,16524200,160586900,12629073700,135846389800,3575.8528,3625.0242,3574.6885,3520.1182
100850000,3606.5642,12994600,127322700,12642068300,135973712500,3575.8528,3625.0242,3574.6885,3520.1182
100855000,3606.9458,11544000,127706200,12653612300,136101418700,3575.8528,3625.0242,3574.6885,3520.1182
100900000,3607.2334,20432200,195560400,12674044500,136296979100,3575.8528,3625.0242,3574.6885,3520.1182
100905000,3607.5771,12852600,117365700,12686897100,136414344800,3575.8528,3625.0242,3574.6885,3520.1182
100910000,3608.3245,18022600,166126700,12704919700,136580471500,3575.8528,3625.0242,3574.6885,3520.1182
100915000,3608.5158,17498800,156506600,12722418500,136736978100,3575.8528,3625.0242,3574.6885,3520.1182
100920000,3608.4912,12711300,119943700,12735129800,136856921800,3575.8528,3625.0242,3574.6885,3520.1182
100925000,3608.9627,8698300,102670000,12743828100,136959591800,3575.8528,3625.0242,3574.6885,3520.1182
100930000,3609.0676,17905000,177348500,12761733100,137136940300,3575.8528,3625.0242,3574.6885,3520.1182
100935000,3609.0625,9718300,98899100,12771451400,137235839400,3575.8528,3625.0242,3574.6885,3520.1182
100940000,3609.8399,16571500,147818400,12788022900,137383657800,3575.8528,3625.0242,3574.6885,3520.1182
100945000,3609.9662,13267600,143174200,12801290500,137526832000,3575.8528,3625.0242,3574.6885,3520.1182
100950000,3610.5133,17374900,155209800,12818665400,137682041800,3575.8528,3625.0242,3574.6885,3520.1182
100955000,3611.0774,11302000,132024500,12829967400,137814066300,3575.8528,3625.0242,3574.6885,3520.1182
101000000,3611.3556,19156200,175762000,12849123600,137989828300,3575.8528,3625.0242,3574.6885,3520.1182
101005000,3611.8388,12378800,113605100,12861502400,138103433400,3575.8528,3625.0242,3574.6885,3520.1182
101010000,3612.013,16935900,166448200,12878438300,138269881600,3575.8528,3625.0242,3574.6885,3520.1182
101015000,3612.1385,15625800,149915800,12894064100,138419797400,3575.8528,3625.0242,3574.6885,3520.1182
101020000,3612.4204,15765000,157450600,12909829100,138577248000,3575.8528,3625.0242,3574.6885,3520.1182
101025000,3612.5315,13431000,143963300,12923260100,138721211300,3575.8528,3625.0242,3574.6885,3520.1182
101030000,3612.8409,18826700,171779500,12942086800,138892990800,3575.8528,3625.0242,3574.6885,3520.1182
101035000,3613.3094,12198400,116837000,12954285200,139009827800,3575.8528,3625.0242,3574.6885,3520.1182
101040000,3613.3432,14987900,167307000,12969273100,139177134800,3575.8528,3625.0242,3574.6885,3520.1182
101045000,3613.631,18102900,159003700,12987376000,139336138500,3575.8528,3625.0242,3574.6885,3520.1182
101050000,3613.7177,15074900,148816800,13002450900,139484955300,3575.8528,3625.0242,3574.6885,3520.1182
101055000,3614.1926,14838300,161148600,13017289200,139646103900,3575.8528,3625.0242,3574.6885,3520.1182
101100000,3614.4282,19895400,178424800,13037184600,139824528700,3575.8528,3625.0242,3574.6885,3520.1182
101105000,3614.9498,14128400,140132400,13051313000,139964661100,3575.8528,3625.0242,3574.6885,3520.1182
101110000,3615.1972,15628100,152101700,13066941100,140116762800,3575.8528,3625.0242,3574.6885,3520.1182
101115000,3615.4091,14789900,159729900,13081731000,140276492700,3575.8528,3625.0242,3574.6885,3520.1182
101120000,3615.312,15432300,159492500,13097163300,140435985200,3575.8528,3625.0242,3574.6885,3520.1182
101125000,3615.7355,8996200,113857800,13106159500,140549843000,3575.8528,3625.0242,3574.6885,3520.1182
101130000,3615.5793,20109700,192025300,13126269200,140741868300,3575.8528,3625.0242,3574.6885,3520.1182
101135000,3616.2571,11055100,103746000,13137324300,140845614300,3575.8528,3625.0242,3574.6885,3520.1182
101140000,3615.9885,15632500,161881500,13152956800,141007495800,3575.8528,3625.0242,3574.6885,3520.1182
101145000,3616.3335,13997000,153242700,13166953800,141160738500,3575.8528,3625.0242,3574.6885,3520.1182
101150000,3616.1581,15235200,162126300,13182189000,141322864800,3575.8528,3625.0242,3574.6885,3520.1182
101155000,3616.6222,12491500,130705200,13194680500,141453570000,3575.8528,3625.0242,3574.6885,3520.1182
101200000,3616.5306,17075900,172788800,13211756400,141626358800,3575.8528,3625.0242,3574.6885,3520.1182
101205000,3616.467,11121700,114796500,13222878100,141741155300,3575.8528,3625.0242,3574.6885,3520.1182
101210000,3616.8032,15690100,162458700,13238568200,141903614000,3575.8528,3625.0242,3574.6885,3520.1182
101215000,3617.0339,16697100,175046100,13255265300,142078660100,3575.8528,3625.0242,3574.6885,3520.1182
101220000,3616.6178,15122200,157078000,13270387500,142235738100,3575.8528,3625.0242,3574.6885,3520.1182
101225000,3616.8549,10851900,137641800,13281239400,142373379900,3575.8528,3625.0242,3574.6885,3520.1182
101230000,3616.3413,15529900,168222500,13296769300,142541602400,3575.8528,3625.0242,3574.6885,3520.1182
101235000,3616.6572,8523000,85410100,13305292300,142627012500,3575.8528,3625.0242,3574.6885,3520.1182
101240000,3617.1462,13187400,153662500,13318479700,142780675000,3575.8528,3625.0242,3574.6885,3520.1182
101245000,3616.9894,12686700,144314300,13331166400,142924989300,3575.8528,3625.0242,3574.6885,3520.1182
101250000,3617.1084,11685600,126834200,13342852000,143051823500,3575.8528,3625.0242,3574.6885,3520.1182
101255000,3617.0797,11315700,126688600,13354167700,143178512100,3575.8528,3625.0242,3574.6885,3520.1182
101300000,3617.1886,13990400,149042300,13368158100,143327554400,3575.8528,3625.0242,3574.6885,3520.1182
101305000,3617.3999,11121300,103095700,13379279400,143430650100,3575.8528,3625.0242,3574.6885,3520.1182
101310000,3617.235,11477900,128597000,13390757300,143559247100,3575.8528,3625.0242,3574.6885,3520.1182
101315000,3617.4598,24769500,224658200,13415526800,143783905300,3575.8528,3625.0242,3574.6885,3520.1182
101320000,3617.81,16200300,140147200,13431727100,143924052500,3575.8528,3625.0242,3574.6885,3520.1182
101325000,3618.1619,12668300,135446400,13444395400,144059498900,3575.8528,3625.0242,3574.6885,3520.1182
101330000,3618.1449,18981900,170826300,13463377300,144230325200,3575.8528,3625.0242,3574.6885,3520.1182
101335000,3618.6479,9812400,91506900,13473189700,144321832100,3575.8528,3625.0242,3574.6885,3520.1182
101340000,3618.7634,13420000,154338500,13486609700,144476170600,3575.8528,3625.0242,3574.6885,3520.1182
101345000,3618.9378,14919600,152167800,13501529300,144628338400,3575.8528,3625.0242,3574.6885,3520.1182
101350000,3618.943,15487500,139007000,13517016800,144767345400,3575.8528,3625.0242,3574.6885,3520.1182
101355000,3619.3626,11346600,108483400,13528363400,144875828800,3575.8528,3625.0242,3574.6885,3520.1182
101400000,3619.4306,14733300,150549600,13543096700,145026378400,3575.8528,3625.0242,3574.6885,3520.1182
101405000,3619.8845,10877400,102460600,13553974100,145128839000,3575.8528,3625.0242,3574.6885,3520.1182
101410000,3620.0516,15338400,156823500,13569312500,145285662500,3575.8528,3625.0242,3574.6885,3520.1182
101415000,3620.1907,16074700,155581900,13585387200,145441244400,3575.8528,3625.0242,3574.6885,3520.1182
101420000,3619.9679,13270100,138688900,13598657300,145579933300,3575.8528,3625.0242,3574.6885,3520.1182
101425000,3620.7012,11604900,122422700,13610262200,145702356000,3575.8528,3625.0242,3574.6885,3520.1182
101430000,3620.3312,14301100,141002000,13624563300,145843358000,3575.8528,3625.0242,3574.6885,3520.1182
101435000,3620.5529,10278800,104594700,13634842100,145947952700,3575.8528,3625.0242,3574.6885,3520.1182
101440000,3621.114,13373900,139230600,13648216000,146087183300,3575.8528,3625.0242,3574.6885,3520.1182
101445000,3621.0703,13970900,150012400,13662186900,146237195700,3575.8528,3625.0242,3574.6885,3520.1182
101450000,3621.3423,12008800,127203400,13674195700,146364399100,3575.8528,3625.0242,3574.6885,3520.1182
101455000,3621.4785,12627600,141853700,13686823300,146506252800,3575.8528,3625.0242,3574.6885,3520.1182
101500000,3621.7219,14186000,139692100,13701009300,146645944900,3575.8528,3625.0242,3574.6885,3520.1182
101505000,3621.7843,10640700,114257900,13711650000,146760202800,3575.8528,3625.0242,3574.6885,3520.1182
101510000,3622.0115,17838100,163178800,13729488100,146923381600,3575.8528,3625.0242,3574.6885,3520.1182
101515000,3622.5961,12529700,132200300,13742017800,147055581900,3575.8528,3625.0242,3574.6885,3520.1182
101520000,3622.4975,11589700,119808300,13753607500,147175390200,3575.8528,3625.0242,3574.6885,3520.1182
101525000,3622.0425,10680100,117299900,13764287600,147292690100,3575.8528,3625.0242,3574.6885,3520.1182
101530000,3622.4497,15359600,166828200,13779647200,147459518300,3575.8528,3625.0242,3574.6885,3520.1182
101535000,3622.5864,9082900,89851200,13788730100,147549369500,3575.8528,3625.0242,3574.6885,3520.1182
101540000,3621.996,16499600,177575600,13805229700,147726945100,3575.8528,3625.0242,3574.6885,3520.1182
101545000,3622.5317,15105500,144964800,13820335200,147871909900,3575.8528,3625.0242,3574.6885,3520.1182
101550000,3622.912,9969100,111845100,13830304300,147983755000,3575.8528,3625.0242,3574.6885,3520.1182
101555000,3622.9934,11399300,111921200,13841703600,148095676200,3575.8528,3625.0242,3574.6885,3520.1182
101600000,3623.2676,13973900,141584600,13855677500,148237260800,3575.8528,3625.0242,3574.6885,3520.1182
101605000,3623.3794,10603400,96731000,13866280900,148333991800,3575.8528,3625.0242,3574.6885,3520.1182
101610000,3623.1449,14633100,151008300,13880914000,148485000100,3575.8528,3625.0242,3574.6885,3520.1182
101615000,3623.399,14494500,147355600,13895408500,148632355700,3575.8528,3625.0242,3574.6885,3520.1182
101620000,3622.5372,13643500,149023300,13909052000,148781379000,3575.8528,3625.0242,3574.6885,3520.1182
101625000,3621.9563,15408200,190262000,13924460200,148971641000,3575.8528,3625.0242,3574.6885,3520.1182
101630000,3621.8628,12964600,182490000,13937424800,149154131000,3575.8528,3625.0242,3574.6885,3520.1182
101635000,3621.1787,13664300,144898500,13951089100,149299029500,3575.8528,3625.0242,3574.6885,3520.1182
101640000,3619.4754,19509000,207665400,13970598100,149506694900,3575.8528,3625.0242,3574.6885,3520.1182
101645000,3618.8727,16675400,195339300,13987273500,149702034200,3575.8528,3625.0242,3574.6885,3520.1182
101650000,3617.4082,16678800,182830700,14003952300,149884864900,3575.8528,3625.0242,3574.6885,3520.1182
101655000,3616.1425,14816800,145961400,14018769100,150030826300,3575.8528,3625.0242,3574.6885,3520.1182
101700000,3616.3967,23627800,221087800,14042396900,150251914100,3575.8528,3625.0242,3574.6885,3520.1182
101705000,3615.5787,9903800,108782100,14052300700,150360696200,3575.8528,3625.0242,3574.6885,3520.1182
101710000,3615.3231,14285500,143854400,14066586200,150504550600,3575.8528,3625.0242,3574.6885,3520.1182
101715000,3614.972,11409800,122257500,14077996000,150626808100,3575.8528,3625.0242,3574.6885,3520.1182
101720000,3614.8196,12688900,106753000,14090684900,150733561100,3575.8528,3625.0242,3574.6885,3520.1182
101725000,3614.6886,14321100,115497100,14105006000,150849058200,3575.8528,3625.0242,3574.6885,3520.1182
101730000,3614.096,15272800,155620600,14120278800,151004678800,3575.8528,3625.0242,3574.6885,3520.1182
101735000,3613.7712,9593900,98093500,14129872700,151102772300,3575.8528,3625.0242,3574.6885,3520.1182
101740000,3613.4577,13428200,136794700,14143300900,151239567000,3575.8528,3625.0242,3574.6885,3520.1182
101745000,3613.0914,12910700,142468000,14156211600,151382035000,3575.8528,3625.0242,3574.6885,3520.1182
101750000,3613.0508,9803400,103552800,14166015000,151485587800,3575.8528,3625.0242,3574.6885,3520.1182
101755000,3612.7315,10576100,100316300,14176591100,151585904100,3575.8528,3625.0242,3574.6885,3520.1182
101800000,3612.6989,12621000,136655300,14189212100,151722559400,3575.8528,3625.0242,3574.6885,3520.1182
101805000,3612.0712,6664300,76809600,14195876400,151799369000,3575.8528,3625.0242,3574.6885,3520.1182
101810000,3612.0579,11562000,140685600,14207438400,151940054600,3575.8528,3625.0242,3574.6885,3520.1182
101815000,3611.7796,13148700,120740100,14220587100,152060794700,3575.8528,3625.0242,3574.6885,3520.1182
101820000,3612.0303,8758100,111600600,14229345200,152172395300,3575.8528,3625.0242,3574.6885,3520.1182
101825000,3612.5304,9451900,92654400,14238797100,152265049700,3575.8528,3625.0242,3574.6885,3520.1182
101830000,3612.2168,11504800,121974700,14250301900,152387024400,3575.8528,3625.0242,3574.6885,3520.1182
101835000,3612.2109,6994900,87141700,14257296800,152474166100,3575.8528,3625.0242,3574.6885,3520.1182
101840000,3612.5506,11288900,122723800,14268585700,152596889900,3575.8528,3625.0242,3574.6885,3520.1182
101845000,3612.4824,9780000,104585600,14278365700,152701475500,3575.8528,3625.0242,3574.6885,3520.1182
101850000,3612.5653,7203800,92651200,14285569500,152794126700,3575.8528,3625.0242,3574.6885,3520.1182
101855000,3612.5325,9504300,90283300,14295073800,152884410000,3575.8528,3625.0242,3574.6885,3520.1182
101900000,3612.5335,11491500,109353700,14306565300,152993763700,3575.8528,3625.0242,3574.6885,3520.1182
101905000,3612.4131,6579700,89243000,14313145000,153083006700,3575.8528,3625.0242,3574.6885,3520.1182
101910000,3612.5343,11737700,116327700,14324882700,153199334400,3575.8528,3625.0242,3574.6885,3520.1182
101915000,3612.2,9835900,103782900,14334718600,153303117300,3575.8528,3625.0242,3574.6885,3520.1182
101920000,3612.1626,9113700,128579300,14343832300,153431696600,3575.8528,3625.0242,3574.6885,3520.1182
101925000,3612.4164,8439700,79100700,14352272000,153510797300,3575.8528,3625.0242,3574.6885,3520.1182
101930000,3612.6157,13337400,146623800,14365609400,153657421100,3575.8528,3625.0242,3574.6885,3520.1182
101935000,3612.6702,9245700,103456800,14374855100,153760877900,3575.8528,3625.0242,3574.6885,3520.1182
101940000,3612.8279,9228300,106004200,14384083400,153866882100,3575.8528,3625.0242,3574.6885,3520.1182
101945000,3612.9717,10732500,114278300,14394815900,153981160400,3575.8528,3625.0242,3574.6885,3520.1182
101950000,3612.8777,6031200,80499400,14400847100,154061659800,3575.8528,3625.0242,3574.6885,3520.1182
101955000,3612.72,7596600,77079300,14408443700,154138739100,3575.8528,3625.0242,3574.6885,3520.1182
102000000,3613.059,8193900,98568600,14416637600,154237307700,3575.8528,3625.0242,3574.6885,3520.1182
102005000,3613.2305,7154400,82412400,14423792000,154319720100,3575.8528,3625.0242,3574.6885,3520.1182
102010000,3613.3605,10831400,125747400,14434623400,154445467500,3575.8528,3625.0242,3574.6885,3520.1182
102015000,3613.3028,9471700,101040300,14444095100,154546507800,3575.8528,3625.0242,3574.6885,3520.1182
102020000,3613.7825,8074500,88011600,14452169600,154634519400,3575.8528,3625.0242,3574.6885,3520.1182
102025000,3613.6709,6399000,77746700,14458568600,154712266100,3575.8528,3625.0242,3574.6885,3520.1182
102030000,3614.1986,9348900,104120900,14467917500,154816387000,3575.8528,3625.0242,3574.6885,3520.1182
102035000,3614.552,8723100,86241600,14476640600,154902628600,3575.8528,3625.0242,3574.6885,3520.1182
102040000,3615.2657,9815000,113110800,14486455600,155015739400,3575.8528,3625.0242,3574.6885,3520.1182
102045000,3615.292,11893300,134808200,14498348900,155150547600,3575.8528,3625.0242,3574.6885,3520.1182
102050000,3615.8531,7818900,93915200,14506167800,155244462800,3575.8528,3625.0242,3574.6885,3520.1182
102055000,3616.333,6790200,88427400,14512958000,155332890200,3575.8528,3625.0242,3574.6885,3520.1182
102100000,3616.646,8369300,106639600,14521327300,155439529800,3575.8528,3625.0242,3574.6885,3520.1182
102105000,3616.6347,7084400,76750100,14528411700,155516279900,3575.8528,3625.0242,3574.6885,3520.1182
102110000,3617.0677,9583600,98847200,14537995300,155615127100,3575.8528,3625.0242,3574.6885,3520.1182
102115000,3617.703,8819400,114360700,14546814700,155729487800,3575.8528,3625.0242,3574.6885,3520.1182
102120000,3617.6456,7255500,76690100,14554070200,155806177900,3575.8528,3625.0242,3574.6885,3520.1182
102125000,3617.9746,7103700,82324700,14561173900,155888502600,3575.8528,3625.0242,3574.6885,3520.1182
102130000,3618.397,8724400,101745000,14569898300,155990247600,3575.8528,3625.0242,3574.6885,3520.1182
102135000,3618.5722,5331000,64002700,14575229300,156054250300,3575.8528,3625.0242,3574.6885,3520.1182
102140000,3618.4368,9081900,101370000,14584311200,156155620300,3575.8528,3625.0242,3574.6885,3520.1182
102145000,3618.5571,10094100,110542200,14594405300,156266162500,3575.8528,3625.0242,3574.6885,3520.1182
102150000,3618.7158,8451500,96367500,14602856800,156362530000,3575.8528,3625.0242,3574.6885,3520.1182
102155000,3619.2427,6398400,66177900,14609255200,156428707900,3575.8528,3625.0242,3574.6885,3520.1182
102200000,3619.0834,16220800,130290900,14625476000,156558998800,3575.8528,3625.0242,3574.6885,3520.1182
102205000,3619.1855,6412100,69427400,14631888100,156628426200,3575.8528,3625.0242,3574.6885,3520.1182
102210000,3619.4192,10536400,121668400,14642424500,156750094600,3575.8528,3625.0242,3574.6885,3520.1182
102215000,3619.6452,7577300,96491000,14650001800,156846585600,3575.8528,3625.0242,3574.6885,3520.1182
102220000,3619.499,9646900,99184000,14659648700,156945769600,3575.8528,3625.0242,3574.6885,3520.1182
102225000,3619.6103,9263800,106306200,14668912500,157052075800,3575.8528,3625.0242,3574.6885,3520.1182
102230000,3619.9113,9915800,108591800,14678828300,157160667600,3575.8528,3625.0242,3574.6885,3520.1182
102235000,3619.7837,6737400,77458100,14685565700,157238125700,3575.8528,3625.0242,3574.6885,3520.1182
102240000,3619.9404,10067700,111308000,14695633400,157349433700,3575.8528,3625.0242,3574.6885,3520.1182
102245000,3619.9872,7948300,94340500,14703581700,157443774200,3575.8528,3625.0242,3574.6885,3520.1182
102250000,3620.0213,10378800,112919800,14713960500,157556694000,3575.8528,3625.0242,3574.6885,3520.1182
102255000,3619.6142,7237700,88543800,14721198200,157645237800,3575.8528,3625.0242,3574.6885,3520.1182
102300000,3620.1733,11613100,127248700,14732811300,157772486500,3575.8528,3625.0242,3574.6885,3520.1182
102305000,3619.9852,5947600,68024400,14738758900,157840510900,3575.8528,3625.0242,3574.6885,3520.1182
102310000,3620.1609,8454800,95475400,14747213700,157935986300,3575.8528,3625.0242,3574.6885,3520.1182
102315000,3620.079,10471500,112885800,14757685200,158048872100,3575.8528,3625.0242,3574.6885,3520.1182
102320000,3620.1818,8425100,95516600,14766110300,158144388700,3575.8528,3625.0242,3574.6885,3520.1182
102325000,3620.3909,7353400,79640800,14773463700,158224029500,3575.8528,3625.0242,3574.6885,3520.1182
102330000,3619.6659,11425100,128100100,14784888800,158352129600,3575.8528,3625.0242,3574.6885,3520.1182
102335000,3619.3088,8172800,92798900,14793061600,158444928500,3575.8528,3625.0242,3574.6885,3520.1182
102340000,3618.3753,18681700,185530700,14811743300,158630459200,3575.8528,3625.0242,3574.6885,3520.1182
102345000,3617.4214,20089700,179009200,14831833000,158809468400,3575.8528,3625.0242,3574.6885,3520.1182
102350000,3617.4774,10406000,109848100,14842239000,158919316500,3575.8528,3625.0242,3574.6885,3520.1182
102355000,3616.8753,10550000,104249800,14852789000,159023566300,3575.8528,3625.0242,3574.6885,3520.1182
102400000,3616.3474,14020100,152779800,14866809100,159176346100,3575.8528,3625.0242,3574.6885,3520.1182
102405000,3616.4953,8599700,87539300,14875408800,159263885400,3575.8528,3625.0242,3574.6885,3520.1182
102410000,3615.9224,8914100,103371400,14884322900,159367256800,3575.8528,3625.0242,3574.6885,3520.1182
102415000,3616.4395,12174700,141116100,14896497600,159508372900,3575.8528,3625.0242,3574.6885,3520.1182
102420000,3616.206,7148600,90164900,14903646200,159598537800,3575.8528,3625.0242,3574.6885,3520.1182
102425000,3616.0802,8478000,87281500,14912124200,159685819300,3575.8528,3625.0242,3574.6885,3520.1182
102430000,3616.1491,9822800,106409400,14921947000,159792228700,3575.8528,3625.0242,3574.6885,3520.1182
102435000,3616.1117,5109700,60436200,14927056700,159852664900,3575.8528,3625.0242,3574.6885,3520.1182
102440000,3616.2504,9131100,107949800,14936187800,159960614700,3575.8528,3625.0242,3574.6885,3520.1182
102445000,3616.1064,12343900,128225900,14948531700,160088840600,3575.8528,3625.0242,3574.6885,3520.1182
102450000,3616.217,11934600,131125200,14960466300,160219965800,3575.8528,3625.0242,3574.6885,3520.1182
102455000,3616.1994,19947400,99190200,14980413700,160319156000,3575.8528,3625.0242,3574.6885,3520.1182
102500000,3615.8707,17116400,156751700,14997530100,160475907700,3575.8528,3625.0242,3574.6885,3520.1182
102505000,3615.9423,6765500,74939400,15004295600,160550847100,3575.8528,3625.0242,3574.6885,3520.1182
102510000,3615.7926,12609700,110716200,15016905300,160661563300,3575.8528,3625.0242,3574.6885,3520.1182
102515000,3616.142,14636300,117948700,15031541600,160779512000,3575.8528,3625.0242,3574.6885,3520.1182
102520000,3616.6738,12202700,108078700,15043744300,160887590700,3575.8528,3625.0242,3574.6885,3520.1182
102525000,3616.9179,13569100,97131000,15057313400,160984721700,3575.8528,3625.0242,3574.6885,3520.1182
102530000,3617.0465,18078000,145644000,15075391400,161130365700,3575.8528,3625.0242,3574.6885,3520.1182
102535000,3617.1992,8320000,72567100,15083711400,161202932800,3575.8528,3625.0242,3574.6885,3520.1182
102540000,3617.2226,14926300,117365600,15098637700,161320298400,3575.8528,3625.0242,3574.6885,3520.1182
102545000,3617.5803,12027500,130624800,15110665200,161450923200,3575.8528,3625.0242,3574.6885,3520.1182
102550000,3617.6207,6913600,83994600,15117578800,161534917800,3575.8528,3625.0242,3574.6885,3520.1182
102555000,3617.4756,10013400,86854200,15127592200,161621772000,3575.8528,3625.0242,3574.6885,3520.1182
102600000,3617.6357,10712800,103956900,15138305000,161725728900,3575.8528,3625.0242,3574.6885,3520.1182
102605000,3617.5901,4954700,52108200,15143259700,161777837100,3575.8528,3625.0242,3574.6885,3520.1182
102610000,3617.8762,12751700,116397000,15156011400,161894234100,3575.8528,3625.0242,3574.6885,3520.1182
102615000,3618.0072,11929800,114131600,15167941200,162008365700,3575.8528,3625.0242,3574.6885,3520.1182
102620000,3617.8593,8723900,94465300,15176665100,162102831000,3575.8528,3625.0242,3574.6885,3520.1182
102625000,3618.4235,12201100,93935500,15188866200,162196766500,3575.8528,3625.0242,3574.6885,3520.1182
102630000,3618.4415,15984500,126887100,15204850700,162323653600,3575.8528,3625.0242,3574.6885,3520.1182
102635000,3618.5718,6797800,73715000,15211648500,162397368600,3575.8528,3625.0242,3574.6885,3520.1182
102640000,3618.5314,9597100,105208300,15221245600,162502576900,3575.8528,3625.0242,3574.6885,3520.1182
102645000,3618.8517,10848000,101744400,15232093600,162604321300,3575.8528,3625.0242,3574.6885,3520.1182
102650000,3619.1515,7761300,81438200,15239854900,162685759500,3575.8528,3625.0242,3574.6885,3520.1182
102655000,3619.2921,9779700,91219000,15249634600,162776978500,3575.8528,3625.0242,3574.6885,3520.1182
102700000,3619.3078,12026200,107924300,15261660800,162884902800,3575.8528,3625.0242,3574.6885,3520.1182
102705000,3619.1943,6679300,64333700,15268340100,162949236500,3575.8528,3625.0242,3574.6885,3520.1182
102710000,3619.3958,11751900,110189800,15280092000,163059426300,3575.8528,3625.0242,3574.6885,3520.1182
102715000,3619.6523,13518700,123260800,15293610700,163182687100,3575.8528,3625.0242,3574.6885,3520.1182
102720000,3620.0631,11597900,104991300,15305208600,163287678400,3575.8528,3625.0242,3574.6885,3520.1182
102725000,3620.3577,10544100,99490000,15315752700,163387168400,3575.8528,3625.0242,3574.6885,3520.1182
102730000,3620.5247,11407700,141388800,15327160400,163528557200,3575.8528,3625.0242,3574.6885,3520.1182
102735000,3620.2314,10373300,93328600,15337533700,163621885800,3575.8528,3625.0242,3574.6885,3520.1182
102740000,3620.6936,11501800,119167600,15349035500,163741053400,3575.8528,3625.0242,3574.6885,3520.1182
102745000,3620.6629,12133600,131871100,15361169100,163872924500,3575.8528,3625.0242,3574.6885,3520.1182
102750000,3620.9253,8677000,109245200,15369846100,163982169700,3575.8528,3625.0242,3574.6885,3520.1182
102755000,3621.0512,9718000,91994500,15379564100,164074164200,3575.8528,3625.0242,3574.6885,3520.1182
102800000,3621.2264,10638300,125639100,15390202400,164199803300,3575.8528,3625.0242,3574.6885,3520.1182
102805000,3621.3724,9079200,82657800,15399281600,164282461100,3575.8528,3625.0242,3574.6885,3520.1182
102810000,3621.6784,14414600,131682700,15413696200,164414143800,3575.8528,3625.0242,3574.6885,3520.1182
102815000,3621.6882,15027600,115781000,15428723800,164529924800,3575.8528,3625.0242,3574.6885,3520.1182
102820000,3622.2068,9457300,99287500,15438181100,164629212300,3575.8528,3625.0242,3574.6885,3520.1182
102825000,3621.6147,10498800,90998000,15448679900,164720210300,3575.8528,3625.0242,3574.6885,3520.1182
102830000,3621.9369,9736200,122921100,15458416100,164843131400,3575.8528,3625.0242,3574.6885,3520.1182
102835000,3621.6069,7732900,85092000,15466149000,164928223400,3575.8528,3625.0242,3574.6885,3520.1182
102840000,3622.0411,10711500,116500500,15476860500,165044723900,3575.8528,3625.0242,3574.6885,3520.1182
102845000,3622.6185,13227700,132591700,15490088200,165177315600,3575.8528,3625.0242,3574.6885,3520.1182
102850000,3622.9255,10297500,115462000,15500385700,165292777600,3575.8528,3625.0242,3574.6885,3520.1182
102855000,3622.7829,13400800,106459800,15513786500,165399237400,3575.8528,3625.0242,3574.6885,3520.1182
102900000,3623.156,14358000,123358100,15528144500,165522595500,3575.8528,3625.0242,3574.6885,3520.1182
102905000,3623.3119,7487000,83185600,15535631500,165605781100,3575.8528,3625.0242,3574.6885,3520.1182
102910000,3623.7603,10996300,104498500,15546627800,165710279600,3575.8528,3625.0242,3574.6885,3520.1182
102915000,3623.6284,9127700,108360900,15555755500,165818640500,3575.8528,3625.0242,3574.6885,3520.1182
102920000,3624.1095,23644600,173666600,15579400100,165992307100,3575.8528,3625.0242,3574.6885,3520.1182
102925000,3624.1864,17707500,142775400,15597107600,166135082500,3575.8528,3625.0242,3574.6885,3520.1182
102930000,3624.2175,23097100,172553700,15620204700,166307636200,3575.8528,3625.0242,3574.6885,3520.1182
102935000,3624.5614,7906100,88645000,15628110800,166396281200,3575.8528,3625.0242,3574.6885,3520.1182
102940000,3625.0532,14423000,126069700,15642533800,166522350900,3575.8528,3625.0977,3574.6885,3520.1182
102945000,3625.0884,21187500,177766100,15663721300,166700117000,3575.8528,3625.1066,3574.6885,3520.1182
102950000,3625.2896,19628100,158972200,15683349400,166859089200,3575.8528,3625.4652,3574.6885,3520.1182
102955000,3625.4236,14649200,128383000,15697998600,166987472200,3575.8528,3625.4987,3574.6885,3520.1182
103000000,3626.0273,26425700,200589600,15724424300,167188061800,3575.8528,3626.5021,3574.6885,3520.1182
103005000,3626.477,9917800,96245400,15734342100,167284307200,3575.8528,3626.5594,3574.6885,3520.1182
103010000,3627.0208,20629600,168657100,15754971700,167452964300,3575.8528,3627.2166,3574.6885,3520.1182
103015000,3627.24,19808400,163697100,15774780100,167616661400,3575.8528,3627.2988,3574.6885,3520.1182
103020000,3627.7297,20533500,153935400,15795313600,167770596800,3575.8528,3628.026,3574.6885,3520.1182
103025000,3627.998,12730300,107675300,15808043900,167878272100,3575.8528,3628.026,3574.6885,3520.1182
103030000,3627.9321,14946000,136962600,15822989900,168015234700,3575.8528,3628.026,3574.6885,3520.1182
103035000,3628.2094,10152200,99713400,15833142100,168114948100,3575.8528,3628.2094,3574.6885,3520.1182
103040000,3628.0869,15593200,131621700,15848735300,168246569800,3575.8528,3628.2517,3574.6885,3520.1182
103045000,3628.307,15628000,138670800,15864363300,168385240600,3575.8528,3628.307,3574.6885,3520.1182
103050000,3628.5435,10583400,102843000,15874946700,168488083600,3575.8528,3628.6239,3574.6885,3520.1182
103055000,3628.3951,9920000,119979900,15884866700,168608063500,3575.8528,3628.6239,3574.6885,3520.1182
103100000,3628.5234,15669700,140170100,15900536400,168748233600,3575.8528,3628.6239,3574.6885,3520.1182
103105000,3628.5495,10879800,106478600,15911416200,168854712200,3575.8528,3628.6455,3574.6885,3520.1182
103110000,3628.4497,16788000,149666900,15928204200,169004379100,3575.8528,3628.6455,3574.6885,3520.1182
103115000,3628.9983,22654000,213112800,15950858200,169217491900,3575.8528,3628.9983,3574.6885,3520.1182
103120000,3628.809,20134900,175128600,15970993100,169392620500,3575.8528,3629.1026,3574.6885,3520.1182
103125000,3629.1283,15340400,123245600,15986333500,169515866100,3575.8528,3629.1283,3574.6885,3520.1182
103130000,3629.1617,29136000,203667700,16015469500,169719533800,3575.8528,3629.1617,3574.6885,3520.1182
103135000,3629.1023,8274400,90675000,16023743900,169810208800,3575.8528,3629.1617,3574.6885,3520.1182
103140000,3629.4617,13895600,148890700,16037639500,169959099500,3575.8528,3629.4617,3574.6885,3520.1182
103145000,3629.1053,16785300,137860200,16054424800,170096959700,3575.8528,3629.4617,3574.6885,3520.1182
103150000,3629.333,13957600,146999300,16068382400,170243959000,3575.8528,3629.4617,3574.6885,3520.1182
103155000,3628.7818,10597400,113360400,16078979800,170357319400,3575.8528,3629.4617,3574.6885,3520.1182
103200000,3628.2662,17521300,166078500,16096501100,170523397900,3575.8528,3629.4617,3574.6885,3520.1182
103205000,3628.3674,9941100,106245600,16106442200,170629643500,3575.8528,3629.4617,3574.6885,3520.1182
103210000,3627.5911,11721400,133983200,16118163600,170763626700,3575.8528,3629.4617,3574.6885,3520.1182
103215000,3627.3073,10971900,121400400,16129135500,170885027100,3575.8528,3629.4617,3574.6885,3520.1182
103220000,3627.605,10734200,110983300,16139869700,170996010400,3575.8528,3629.4617,3574.6885,3520.1182
103225000,3627.4548,9237100,102051900,16149106800,171098062300,3575.8528,3629.4617,3574.6885,3520.1182
103230000,3627.4255,12020500,125708100,16161127300,171223770400,3575.8528,3629.4617,3574.6885,3520.1182
103235000,3627.1715,7502700,78977300,16168630000,171302747700,3575.8528,3629.4617,3574.6885,3520.1182
103240000,3627.4398,11060600,126712200,16179690600,171429459900,3575.8528,3629.4617,3574.6885,3520.1182
103245000,3627.2284,9952200,104403100,16189642800,171533863000,3575.8528,3629.4617,3574.6885,3520.1182
103250000,3626.3561,11588400,120863400,16201231200,171654726400,3575.8528,3629.4617,3574.6885,3520.1182
103255000,3626.1484,11852100,128494900,16213083300,171783221300,3575.8528,3629.4617,3574.6885,3520.1182
103300000,3625.2563,15301900,177066800,16228385200,171960288100,3575.8528,3629.4617,3574.6885,3520.1182
103305000,3624.4344,11434600,133156500,16239819800,172093444600,3575.8528,3629.4617,3574.6885,3520.1182
103310000,3623.7566,16142300,164578700,16255962100,172258023300,3575.8528,3629.4617,3574.6885,3520.1182
103315000,3624.3213,26158200,180663100,16282120300,172438686400,3575.8528,3629.4617,3574.6885,3520.1182
103320000,3624.1685,26005800,167013900,16308126100,172605700300,3575.8528,3629.4617,3574.6885,3520.1182
103325000,3624.454,10652500,88654900,16318778600,172694355200,3575.8528,3629.4617,3574.6885,3520.1182
103330000,3624.1421,20288200,146291600,16339066800,172840646800,3575.8528,3629.4617,3574.6885,3520.1182
103335000,3623.982,8304800,77122400,16347371600,172917769200,3575.8528,3629.4617,3574.6885,3520.1182
103340000,3624.5522,10923700,125465600,16358295300,173043234800,3575.8528,3629.4617,3574.6885,3520.1182
103345000,3623.5784,9589600,106175200,16367884900,173149410000,3575.8528,3629.4617,3574.6885,3520.1182
103350000,3624.4633,9251400,93210700,16377136300,173242620700,3575.8528,3629.4617,3574.6885,3520.1182
103355000,3624.558,9877200,98773300,16387013500,173341394000,3575.8528,3629.4617,3574.6885,3520.1182
103400000,3624.4631,10101200,102331100,16397114700,173443725100,3575.8528,3629.4617,3574.6885,3520.1182
103405000,3624.6319,6903500,76719900,16404018200,173520445000,3575.8528,3629.4617,3574.6885,3520.1182
103410000,3624.7132,8412300,90903000,16412430500,173611348000,3575.8528,3629.4617,3574.6885,3520.1182
103415000,3625.1771,10817700,103336300,16423248200,173714684300,3575.8528,3629.4617,3574.6885,3520.1182
103420000,3625.1039,8171100,94194500,16431419300,173808878800,3575.8528,3629.4617,3574.6885,3520.1182
103425000,3625.3239,7878200,72808500,16439297500,173881687300,3575.8528,3629.4617,3574.6885,3520.1182
103430000,3625.2724,11457700,121279600,16450755200,174002966900,3575.8528,3629.4617,3574.6885,3520.1182
103435000,3625.5343,8211400,81860400,16458966600,174084827300,3575.8528,3629.4617,3574.6885,3520.1182
103440000,3625.2767,8557500,105604100,16467524100,174190431400,3575.8528,3629.4617,3574.6885,3520.1182
103445000,3625.4261,11610600,127132500,16479134700,174317563900,3575.8528,3629.4617,3574.6885,3520.1182
103450000,3625.9921,7785100,92483800,16486919800,174410047700,3575.8528,3629.4617,3574.6885,3520.1182
103455000,3626.2466,7850800,102949400,16494770600,174512997100,3575.8528,3629.4617,3574.6885,3520.1182
103500000,3626.4282,10606500,121689000,16505377100,174634686100,3575.8528,3629.4617,3574.6885,3520.1182
103505000,3626.6657,6728400,77337200,16512105500,174712023300,3575.8528,3629.4617,3574.6885,3520.1182
103510000,3626.6189,9541000,106361300,16521646500,174818384600,3575.8528,3629.4617,3574.6885,3520.1182
103515000,3626.7759,8947200,114873600,16530593700,174933258200,3575.8528,3629.4617,3574.6885,3520.1182
103520000,3626.5657,9606000,95935100,16540199700,175029193300,3575.8528,3629.4617,3574.6885,3520.1182
103525000,3626.9293,5690000,66673200,16545889700,175095866500,3575.8528,3629.4617,3574.6885,3520.1182
103530000,3626.6801,9759100,116827200,16555648800,175212693700,3575.8528,3629.4617,3574.6885,3520.1182
103535000,3626.614,5760200,73859000,16561409000,175286552700,3575.8528,3629.4617,3574.6885,3520.1182
103540000,3626.5824,10571600,107549800,16571980600,175394102500,3575.8528,3629.4617,3574.6885,3520.1182
103545000,3626.4633,11539700,126750400,16583520300,175520852900,3575.8528,3629.4617,3574.6885,3520.1182
103550000,3626.8785,7722300,96961500,16591242600,175617814400,3575.8528,3629.4617,3574.6885,3520.1182
103555000,3626.8764,6701200,77305600,16597943800,175695120000,3575.8528,3629.4617,3574.6885,3520.1182
103600000,3626.9398,6809800,77630800,16604753600,175772750800,3575.8528,3629.4617,3574.6885,3520.1182
103605000,3627.0188,6030800,70969300,16610784400,175843720100,3575.8528,3629.4617,3574.6885,3520.1182
103610000,3627.0324,7840500,90685200,16618624900,175934405300,3575.8528,3629.4617,3574.6885,3520.1182
103615000,3626.9711,8547400,102477000,16627172300,176036882300,3575.8528,3629.4617,3574.6885,3520.1182
103620000,3627.0241,6552600,75142300,16633724900,176112024600,3575.8528,3629.4617,3574.6885,3520.1182
103625000,3626.7305,8645500,90829400,16642370400,176202854000,3575.8528,3629.4617,3574.6885,3520.1182
103630000,3625.8531,10359100,127011800,16652729500,176329865800,3575.8528,3629.4617,3574.6885,3520.1182
103635000,3625.4066,9935700,118875900,16662665200,176448741700,3575.8528,3629.4617,3574.6885,3520.1182
103640000,3625.1866,10869000,128399000,16673534200,176577140700,3575.8528,3629.4617,3574.6885,3520.1182
103645000,3624.3435,12241400,135692500,16685775600,176712833200,3575.8528,3629.4617,3574.6885,3520.1182
103650000,3624.9347,10953400,116357200,16696729000,176829190400,3575.8528,3629.4617,3574.6885,3520.1182
103655000,3624.0356,8413100,97463400,16705142100,176926653800,3575.8528,3629.4617,3574.6885,3520.1182
103700000,3624.297,12344000,141062700,16717486100,177067716500,3575.8528,3629.4617,3574.6885,3520.1182
103705000,3623.9221,7571700,77132800,16725057800,177144849300,3575.8528,3629.4617,3574.6885,3520.1182
103710000,3623.3174,11622000,119304400,16736679800,177264153700,3575.8528,3629.4617,3574.6885,3520.1182
103715000,3622.9936,12487400,130121600,16749167200,177394275300,3575.8528,3629.4617,3574.6885,3520.1182
103720000,3623.6327,8366100,97062000,16757533300,177491337300,3575.8528,3629.4617,3574.6885,3520.1182
103725000,3623.9266,8873700,84773000,16766407000,177576110300,3575.8528,3629.4617,3574.6885,3520.1182
103730000,3623.2712,8849000,93199300,16775256000,177669309600,3575.8528,3629.4617,3574.6885,3520.1182
103735000,3623.2577,8278900,74004400,16783534900,177743314000,3575.8528,3629.4617,3574.6885,3520.1182
103740000,3622.9285,8398000,92290100,16791932900,177835604100,3575.8528,3629.4617,3574.6885,3520.1182
103745000,3623.1028,9639500,97200900,16801572400,177932805000,3575.8528,3629.4617,3574.6885,3520.1182
103750000,3623.1688,6231500,79498000,16807803900,178012303000,3575.8528,3629.4617,3574.6885,3520.1182
103755000,3623.1779,5652300,69436300,16813456200,178081739300,3575.8528,3629.4617,3574.6885,3520.1182
103800000,3622.6332,8126200,97384800,16821582400,178179124100,3575.8528,3629.4617,3574.6885,3520.1182
103805000,3622.7694,4621000,60410800,16826203400,178239534900,3575.8528,3629.4617,3574.6885,3520.1182
103810000,3622.9509,12281500,122991700,16838484900,178362526600,3575.8528,3629.4617,3574.6885,3520.1182
103815000,3622.8126,8015700,91755000,16846500600,178454281600,3575.8528,3629.4617,3574.6885,3520.1182
103820000,3622.398,6957400,75486700,16853458000,178529768300,3575.8528,3629.4617,3574.6885,3520.1182
103825000,3622.3761,7300000,80867700,16860758000,178610636000,3575.8528,3629.4617,3574.6885,3520.1182
103830000,3622.02,11478400,118456300,16872236400,178729092300,3575.8528,3629.4617,3574.6885,3520.1182
103835000,3621.6185,6306300,77229400,16878542700,178806321700,3575.8528,3629.4617,3574.6885,3520.1182
103840000,3621.0187,12185900,142014300,16890728600,178948336000,3575.8528,3629.4617,3574.6885,3520.1182
103845000,3619.2069,14717900,140735100,16905446500,179089071100,3575.8528,3629.4617,3574.6885,3520.1182
103850000,3618.5055,11669300,142904400,16917115800,179231975500,3575.8528,3629.4617,3574.6885,3520.1182
103855000,3617.9785,11406800,124602200,16928522600,179356577700,3575.8528,3629.4617,3574.6885,3520.1182
103900000,3617.7266,14455100,175566900,16942977700,179532144600,3575.8528,3629.4617,3574.6885,3520.1182
103905000,3616.9557,10228800,114528000,16953206500,179646672600,3575.8528,3629.4617,3574.6885,3520.1182
103910000,3616.3273,12900400,147810400,16966106900,179794483000,3575.8528,3629.4617,3574.6885,3520.1182
103915000,3616.4212,13070000,134844700,16979176900,179929327700,3575.8528,3629.4617,3574.6885,3520.1182
103920000,3616.3755,10950100,116361700,16990127000,180045689400,3575.8528,3629.4617,3574.6885,3520.1182
103925000,3615.3637,10424600,104132900,17000551600,180149822300,3575.8528,3629.4617,3574.6885,3520.1182
103930000,3614.7817,10331200,102010200,17010882800,180251832500,3575.8528,3629.4617,3574.6885,3520.1182
103935000,3614.6914,8348000,103368300,17019230800,180355200800,3575.8528,3629.4617,3574.6885,3520.1182
103940000,3614.0551,11352300,127805800,17030583100,180483006600,3575.8528,3629.4617,3574.6885,3520.1182
103945000,3614.0968,10083600,121741800,17040666700,180604748400,3575.8528,3629.4617,3574.6885,3520.1182
103950000,3614.4287,8149400,100827500,17048816100,180705575900,3575.8528,3629.4617,3574.6885,3520.1182
103955000,3613.7037,6648600,90184100,17055464700,180795760000,3575.8528,3629.4617,3574.6885,3520.1182
104000000,3613.7371,11474100,119401200,17066938800,180915161200,3575.8528,3629.4617,3574.6885,3520.1182
104005000,3613.1578,7679000,72985800,17074617800,180988147000,3575.8528,3629.4617,3574.6885,3520.1182
104010000,3613.2973,11814400,107569300,17086432200,181095716300,3575.8528,3629.4617,3574.6885,3520.1182
104015000,3612.9346,11158200,107998300,17097590400,181203714600,3575.8528,3629.4617,3574.6885,3520.1182
104020000,3612.8249,7420200,85901800,17105010600,181289616400,3575.8528,3629.4617,3574.6885,3520.1182
104025000,3612.1113,7603300,88423600,17112613900,181378040000,3575.8528,3629.4617,3574.6885,3520.1182
104030000,3612.3328,10983800,109746600,17123597700,181487786600,3575.8528,3629.4617,3574.6885,3520.1182
104035000,3611.5361,6722700,77317800,17130320400,181565104400,3575.8528,3629.4617,3574.6885,3520.1182
104040000,3611.3025,13364200,124606500,17143684600,181689710900,3575.8528,3629.4617,3574.6885,3520.1182
104045000,3610.3628,12465900,130507500,17156150500,181820218400,3575.8528,3629.4617,3574.6885,3520.1182
104050000,3610.2078,10224700,101309900,17166375200,181921528300,3575.8528,3629.4617,3574.6885,3520.1182
104055000,3609.5557,8923800,96014300,17175299000,182017542600,3575.8528,3629.4617,3574.6885,3520.1182
104100000,3609.9912,10961200,107362100,17186260200,182124904700,3575.8528,3629.4617,3574.6885,3520.1182
104105000,3609.8253,6559900,72505500,17192820100,182197410200,3575.8528,3629.4617,3574.6885,3520.1182
104110000,3609.3882,10250300,102115200,17203070400,182299525400,3575.8528,3629.4617,3574.6885,3520.1182
104115000,3609.1113,10338100,106178800,17213408500,182405704200,3575.8528,3629.4617,3574.6885,3520.1182
104120000,3609.3991,6771800,79299600,17220180300,182485003800,3575.8528,3629.4617,3574.6885,3520.1182
104125000,3609.1526,7632800,90367100,17227813100,182575370900,3575.8528,3629.4617,3574.6885,3520.1182
104130000,3609.1435,8295100,100203800,17236108200,182675574700,3575.8528,3629.4617,3574.6885,3520.1182
104135000,3609.2819,5332100,61487400,17241440300,182737062100,3575.8528,3629.4617,3574.6885,3520.1182
104140000,3609.4095,9548700,104908600,17250989000,182841970700,3575.8528,3629.4617,3574.6885,3520.1182
104145000,3609.3844,13744200,121517000,17264733200,182963487700,3575.8528,3629.4617,3574.6885,3520.1182
104150000,3609.535,8322000,87995800,17273055200,183051483500,3575.8528,3629.4617,3574.6885,3520.1182
104155000,3609.7139,6849200,88875000,17279904400,183140358500,3575.8528,3629.4617,3574.6885,3520.1182
104200000,3609.6002,9161100,101440900,17289065500,183241799400,3575.8528,3629.4617,3574.6885,3520.1182
104205000,3610.0457,6998700,75229400,17296064200,183317028800,3575.8528,3629.4617,3574.6885,3520.1182
104210000,3609.9733,9729500,108335000,17305793700,183425363800,3575.8528,3629.4617,3574.6885,3520.1182
104215000,3609.7332,10887800,110913900,17316681500,183536277700,3575.8528,3629.4617,3574.6885,3520.1182
104220000,3609.7098,6996800,79332600,17323678300,183615610300,3575.8528,3629.4617,3574.6885,3520.1182
104225000,3609.7505,7475500,66513000,17331153800,183682123300,3575.8528,3629.4617,3574.6885,3520.1182
104230000,3609.6938,10156300,94389100,17341310100,183776512400,3575.8528,3629.4617,3574.6885,3520.1182
104235000,3609.6576,4084600,50128000,17345394700,183826640400,3575.8528,3629.4617,3574.6885,3520.1182
104240000,3609.7266,8318000,87072800,17353712700,183913713200,3575.8528,3629.4617,3574.6885,3520.1182
104245000,3610.0691,7485400,91313500,17361198100,184005026700,3575.8528,3629.4617,3574.6885,3520.1182
104250000,3609.8351,6209900,83593200,17367408000,184088619900,3575.8528,3629.4617,3574.6885,3520.1182
104255000,3609.9802,9467200,82615300,17376875200,184171235200,3575.8528,3629.4617,3574.6885,3520.1182
104300000,3609.9684,13555100,112679500,17390430300,184283914700,3575.8528,3629.4617,3574.6885,3520.1182
104305000,3609.9815,8885000,70680600,17399315300,184354595300,3575.8528,3629.4617,3574.6885,3520.1182
104310000,3610.3645,15474300,115900000,17414789600,184470495300,3575.8528,3629.4617,3574.6885,3520.1182
104315000,3609.8437,10628300,97163600,17425417900,184567658900,3575.8528,3629.4617,3574.6885,3520.1182
104320000,3610.1953,6802600,78729100,17432220500,184646388000,3575.8528,3629.4617,3574.6885,3520.1182
104325000,3610.245,5435400,73349700,17437655900,184719737700,3575.8528,3629.4617,3574.6885,3520.1182
104330000,3610.0342,6275500,71230800,17443931400,184790968500,3575.8528,3629.4617,3574.6885,3520.1182
104335000,3610.097,5943000,61020500,17449874400,184851989000,3575.8528,3629.4617,3574.6885,3520.1182
104340000,3610.3322,7871800,104205100,17457746200,184956194100,3575.8528,3629.4617,3574.6885,3520.1182
104345000,3609.9287,7046100,96992800,17464792300,185053186900,3575.8528,3629.4617,3574.6885,3520.1182
104350000,3610.1719,5280600,69791300,17470072900,185122978200,3575.8528,3629.4617,3574.6885,3520.1182
104355000,3609.7434,5082500,56730600,17475155400,185179708800,3575.8528,3629.4617,3574.6885,3520.1182
104400000,3609.9821,8459600,98954500,17483615000,185278663300,3575.8528,3629.4617,3574.6885,3520.1182
104405000,3610.097,6347800,63543700,17489962800,185342207000,3575.8528,3629.4617,3574.6885,3520.1182
104410000,3609.853,7899700,89426200,17497862500,185431633200,3575.8528,3629.4617,3574.6885,3520.1182
104415000,3609.9379,6400400,72818300,17504262900,185504451500,3575.8528,3629.4617,3574.6885,3520.1182
104420000,3610.1542,6907600,64710900,17511170500,185569162400,3575.8528,3629.4617,3574.6885,3520.1182
104425000,3610.4177,4909900,61917000,17516080400,185631079400,3575.8528,3629.4617,3574.6885,3520.1182
104430000,3610.2463,6944700,81930300,17523025100,185713009700,3575.8528,3629.4617,3574.6885,3520.1182
104435000,3610.0978,4709800,53006600,17527734900,185766016300,3575.8528,3629.4617,3574.6885,3520.1182
104440000,3610.2358,8541500,70221800,17536276400,185836238100,3575.8528,3629.4617,3574.6885,3520.1182
104445000,3610.0895,8764400,78297100,17545040800,185914535200,3575.8528,3629.4617,3574.6885,3520.1182
104450000,3610.3086,8348100,93373400,17553388900,186007908600,3575.8528,3629.4617,3574.6885,3520.1182
104455000,3610.1827,6946500,70821900,17560335400,186078730500,3575.8528,3629.4617,3574.6885,3520.1182
104500000,3610.2026,6461700,74143200,17566797100,186152873700,3575.8528,3629.4617,3574.6885,3520.1182
104505000,3610.1909,5122200,59872100,17571919300,186212745800,3575.8528,3629.4617,3574.6885,3520.1182
104510000,3610.6013,5867900,72516300,17577787200,186285262100,3575.8528,3629.4617,3574.6885,3520.1182
104515000,3610.1448,5695700,78342300,17583482900,186363604400,3575.8528,3629.4617,3574.6885,3520.1182
104520000,3610.3487,7333300,68167000,17590816200,186431771400,3575.8528,3629.4617,3574.6885,3520.1182
104525000,3610.3389,5079800,64201900,17595896000,186495973300,3575.8528,3629.4617,3574.6885,3520.1182
104530000,3609.5279,9235600,102435500,17605131600,186598408800,3575.8528,3629.4617,3574.6885,3520.1182
104535000,3608.528,7687400,94404700,17612819000,186692813500,3575.8528,3629.4617,3574.6885,3520.1182
104540000,3607.6558,10113600,115914800,17622932600,186808728300,3575.8528,3629.4617,3574.6885,3520.1182
104545000,3606.7875,11495600,133077800,17634428200,186941806100,3575.8528,3629.4617,3574.6885,3520.1182
104550000,3606.5884,7423700,89282800,17641851900,187031088900,3575.8528,3629.4617,3574.6885,3520.1182
104555000,3605.3256,7945200,91905100,17649797100,187122994000,3575.8528,3629.4617,3574.6885,3520.1182
104600000,3604.727,11780400,151576000,17661577500,187274570000,3575.8528,3629.4617,3574.6885,3520.1182
104605000,3604.0691,10336600,104032200,17671914100,187378602200,3575.8528,3629.4617,3574.6885,3520.1182
104610000,3603.4915,14142400,155367300,17686056500,187533969500,3575.8528,3629.4617,3574.6885,3520.1182
104615000,3602.5207,12480600,150112100,17698537100,187684081600,3575.8528,3629.4617,3574.6885,3520.1182
104620000,3602.3701,10444800,116740100,17708981900,187800821700,3575.8528,3629.4617,3574.6885,3520.1182
104625000,3602.3406,7437900,84306700,17716419800,187885128400,3575.8528,3629.4617,3574.6885,3520.1182
104630000,3601.9798,10568100,116943400,17726987900,188002071800,3575.8528,3629.4617,3574.6885,3520.1182
104635000,3601.796,7730700,90841900,17734718600,188092913700,3575.8528,3629.4617,3574.6885,3520.1182
104640000,3601.3455,8847200,107727100,17743565800,188200640800,3575.8528,3629.4617,3574.6885,3520.1182
104645000,3600.9281,8924200,100821300,17752490000,188301462100,3575.8528,3629.4617,3574.6885,3520.1182
104650000,3601.1311,6487000,92709300,17758977000,188394171400,3575.8528,3629.4617,3574.6885,3520.1182
104655000,3600.8469,7156400,83566000,17766133400,188477737400,3575.8528,3629.4617,3574.6885,3520.1182
104700000,3600.9542,9072500,104040800,17775205900,188581778200,3575.8528,3629.4617,3574.6885,3520.1182
104705000,3600.9461,5544300,67903100,17780750200,188649681300,3575.8528,3629.4617,3574.6885,3520.1182
104710000,3600.5655,8051700,92261300,17788801900,188741942600,3575.8528,3629.4617,3574.6885,3520.1182
104715000,3600.4211,9179700,113861000,17797981600,188855803600,3575.8528,3629.4617,3574.6885,3520.1182
104720000,3601.1397,8548300,91901100,17806529900,188947704700,3575.8528,3629.4617,3574.6885,3520.1182
104725000,3600.8226,7439200,79187900,17813969100,189026892600,3575.8528,3629.4617,3574.6885,3520.1182
104730000,3600.5896,8403500,99532700,17822372600,189126425300,3575.8528,3629.4617,3574.6885,3520.1182
104735000,3600.5605,5371600,71165100,17827744200,189197590400,3575.8528,3629.4617,3574.6885,3520.1182
104740000,3600.8535,7283400,77449700,17835027600,189275040100,3575.8528,3629.4617,3574.6885,3520.1182
104745000,3600.5991,9134200,91893600,17844161800,189366933700,3575.8528,3629.4617,3574.6885,3520.1182
104750000,3600.9148,7036700,82263000,17851198500,189449196700,3575.8528,3629.4617,3574.6885,3520.1182
104755000,3600.6003,5507800,63276300,17856706300,189512473000,3575.8528,3629.4617,3574.6885,3520.1182
104800000,3600.7202,7215200,81245200,17863921500,189593718200,3575.8528,3629.4617,3574.6885,3520.1182
104805000,3600.4957,4862000,71243900,17868783500,189664962100,3575.8528,3629.4617,3574.6885,3520.1182
104810000,3600.4671,7698800,98682500,17876482300,189763644600,3575.8528,3629.4617,3574.6885,3520.1182
104815000,3600.1388,6757000,81091400,17883239300,189844736000,3575.8528,3629.4617,3574.6885,3520.1182
104820000,3600.4199,6615400,77194000,17889854700,189921930000,3575.8528,3629.4617,3574.6885,3520.1182
104825000,3600.3587,7715100,79612900,17897569800,190001542900,3575.8528,3629.4617,3574.6885,3520.1182
104830000,3600.2178,8244600,83989100,17905814400,190085532000,3575.8528,3629.4617,3574.6885,3520.1182
104835000,3599.8418,4202200,51604900,17910016600,190137136900,3575.8528,3629.4617,3574.6885,3520.1182
104840000,3599.7358,6977000,84754000,17916993600,190221890900,3575.8528,3629.4617,3574.6885,3520.1182
104845000,3599.431,7479800,79362200,17924473400,190301253100,3575.8528,3629.4617,3574.6885,3520.1182
104850000,3599.516,6021800,78119600,17930495200,190379372700,3575.8528,3629.4617,3574.6885,3520.1182
104855000,3599.2745,6735000,75195800,17937230200,190454568500,3575.8528,3629.4617,3574.6885,3520.1182
104900000,3599.1909,9641600,109058100,17946871800,190563626600,3575.8528,3629.4617,3574.6885,3520.1182
104905000,3599.1586,5868300,60984300,17952740100,190624610900,3575.8528,3629.4617,3574.6885,3520.1182
104910000,3598.6065,8088700,82680000,17960828800,190707290900,3575.8528,3629.4617,3574.6885,3520.1182
104915000,3598.8836,6978300,88354300,17967807100,190795645200,3575.8528,3629.4617,3574.6885,3520.1182
104920000,3598.841,6406700,93710600,17974213800,190889355800,3575.8528,3629.4617,3574.6885,3520.1182
104925000,3598.4371,5877000,71589900,17980090800,190960945700,3575.8528,3629.4617,3574.6885,3520.1182
104930000,3598.2223,7516800,109558300,17987607600,191070504000,3575.8528,3629.4617,3574.6885,3520.1182
104935000,3598.1819,5030100,62144200,17992637700,191132648200,3575.8528,3629.4617,3574.6885,3520.1182
104940000,3598.7043,9795400,116561700,18002433100,191249209900,3575.8528,3629.4617,3574.6885,3520.1182
104945000,3598.972,10847100,107477300,18013280200,191356687200,3575.8528,3629.4617,3574.6885,3520.1182
104950000,3598.9107,5882200,80064600,18019162400,191436751800,3575.8528,3629.4617,3574.6885,3520.1182
104955000,3599.0009,6297500,61690300,18025459900,191498442100,3575.8528,3629.4617,3574.6885,3520.1182
105000000,3598.647,7260900,84061600,18032720800,191582503700,3575.8528,3629.4617,3574.6885,3520.1182
105005000,3598.6055,7989700,84928000,18040710500,191667431700,3575.8528,3629.4617,3574.6885,3520.1182
105010000,3598.4123,7341600,89370000,18048052100,191756801700,3575.8528,3629.4617,3574.6885,3520.1182
105015000,3597.8827,8894100,93814300,18056946200,191850616000,3575.8528,3629.4617,3574.6885,3520.1182
105020000,3598.3905,6525600,64573600,18063471800,191915189600,3575.8528,3629.4617,3574.6885,3520.1182
105025000,3598.1496,4498200,56339600,18067970000,191971529200,3575.8528,3629.4617,3574.6885,3520.1182
105030000,3598.9289,6387100,77892900,18074357100,192049422100,3575.8528,3629.4617,3574.6885,3520.1182
105035000,3598.6129,5472100,57661900,18079829200,192107084000,3575.8528,3629.4617,3574.6885,3520.1182
105040000,3598.779,7255800,76232400,18087085000,192183316400,3575.8528,3629.4617,3574.6885,3520.1182
105045000,3598.9495,7309700,82950800,18094394700,192266267200,3575.8528,3629.4617,3574.6885,3520.1182
105050000,3599.0288,7986600,87248000,18102381300,192353515200,3575.8528,3629.4617,3574.6885,3520.1182
105055000,3598.8084,4341800,54185300,18106723100,192407700500,3575.8528,3629.4617,3574.6885,3520.1182
105100000,3598.7989,7300500,78106200,18114023600,192485806700,3575.8528,3629.4617,3574.6885,3520.1182
105105000,3598.8633,4586000,58078200,18118609600,192543884900,3575.8528,3629.4617,3574.6885,3520.1182
105110000,3599.0228,8277400,78043000,18126887000,192621927900,3575.8528,3629.4617,3574.6885,3520.1182
105115000,3598.8071,6601500,80152200,18133488500,192702080100,3575.8528,3629.4617,3574.6885,3520.1182
105120000,3599.0188,4423000,58695800,18137911500,192760775900,3575.8528,3629.4617,3574.6885,3520.1182
105125000,3598.989,5274800,53363500,18143186300,192814139400,3575.8528,3629.4617,3574.6885,3520.1182
105130000,3599.0948,5979200,69350400,18149165500,192883489800,3575.8528,3629.4617,3574.6885,3520.1182
105135000,3599.1874,4391800,55637200,18153557300,192939127000,3575.8528,3629.4617,3574.6885,3520.1182
105140000,3599.4764,6943000,102559900,18160500300,193041686900,3575.8528,3629.4617,3574.6885,3520.1182
105145000,3599.3231,7176600,73747600,18167676900,193115434500,3575.8528,3629.4617,3574.6885,3520.1182
105150000,3599.7106,5745800,73171800,18173422700,193188606300,3575.8528,3629.4617,3574.6885,3520.1182
105155000,3599.8489,6083900,71551700,18179506600,193260158000,3575.8528,3629.4617,3574.6885,3520.1182
105200000,3600.1042,9052500,84659300,18188559100,193344817300,3575.8528,3629.4617,3574.6885,3520.1182
105205000,3600.5241,3539000,50978300,18192098100,193395795600,3575.8528,3629.4617,3574.6885,3520.1182
105210000,3600.4384,6641200,74202100,18198739300,193469997700,3575.8528,3629.4617,3574.6885,3520.1182
105215000,3600.4774,4967700,63577300,18203707000,193533575000,3575.8528,3629.4617,3574.6885,3520.1182
105220000,3600.8955,6485100,76898800,18210192100,193610473800,3575.8528,3629.4617,3574.6885,3520.1182
105225000,3600.9995,5428900,54357500,18215621000,193664831300,3575.8528,3629.4617,3574.6885,3520.1182
105230000,3601.2102,7558600,79174600,18223179600,193744005900,3575.8528,3629.4617,3574.6885,3520.1182
105235000,3601.6311,3915900,47522100,18227095500,193791528000,3575.8528,3629.4617,3574.6885,3520.1182
105240000,3601.6339,7536200,76487700,18234631700,193868015700,3575.8528,3629.4617,3574.6885,3520.1182
105245000,3601.9877,7823300,89309000,18242455000,193957324700,3575.8528,3629.4617,3574.6885,3520.1182
105250000,3602.4497,7332800,76574500,18249787800,194033899200,3575.8528,3629.4617,3574.6885,3520.1182
105255000,3603.0984,4930000,69368200,18254717800,194103267400,3575.8528,3629.4617,3574.6885,3520.1182
105300000,3603.1277,10140600,96116500,18264858400,194199383900,3575.8528,3629.4617,3574.6885,3520.1182
105305000,3603.5245,4667700,53486800,18269526100,194252870700,3575.8528,3629.4617,3574.6885,3520.1182
105310000,3604.2878,6215700,63330200,18275741800,194316200900,3575.8528,3629.4617,3574.6885,3520.1182
105315000,3604.1508,6633700,104489600,18282375500,194420690500,3575.8528,3629.4617,3574.6885,3520.1182
105320000,3604.0462,5872100,69044600,18288247600,194489735100,3575.8528,3629.4617,3574.6885,3520.1182
105325000,3604.8985,4902000,66706100,18293149600,194556441200,3575.8528,3629.4617,3574.6885,3520.1182
105330000,3604.5487,5752500,68186900,18298902100,194624628100,3575.8528,3629.4617,3574.6885,3520.1182
105335000,3605.1629,3417500,40295300,18302319600,194664923400,3575.8528,3629.4617,3574.6885,3520.1182
105340000,3605.4484,6128100,66204400,18308447700,194731127800,3575.8528,3629.4617,3574.6885,3520.1182
105345000,3605.6769,5476500,66826700,18313924200,194797954500,3575.8528,3629.4617,3574.6885,3520.1182
105350000,3605.9836,5294800,63120100,18319219000,194861074600,3575.8528,3629.4617,3574.6885,3520.1182
105355000,3606.3974,4689400,56983200,18323908400,194918057800,3575.8528,3629.4617,3574.6885,3520.1182
105400000,3605.8745,6257000,76139500,18330165400,194994197300,3575.8528,3629.4617,3574.6885,3520.1182
105405000,3606.462,4487400,50307600,18334652800,195044504900,3575.8528,3629.4617,3574.6885,3520.1182
105410000,3606.7286,6401700,73017100,18341054500,195117522000,3575.8528,3629.4617,3574.6885,3520.1182
105415000,3607.0552,5218000,72864100,18346272500,195190386100,3575.8528,3629.4617,3574.6885,3520.1182
105420000,3606.9302,4527600,61336500,18350800100,195251722600,3575.8528,3629.4617,3574.6885,3520.1182
105425000,3607.2061,4195200,54757900,18354995300,195306480500,3575.8528,3629.4617,3574.6885,3520.1182
105430000,3607.3114,5508900,66607200,18360504200,195373087700,3575.8528,3629.4617,3574.6885,3520.1182
105435000,3607.5103,4144600,44445400,18364648800,195417533100,3575.8528,3629.4617,3574.6885,3520.1182
105440000,3607.9916,5493600,59908700,18370142400,195477441800,3575.8528,3629.4617,3574.6885,3520.1182
105445000,3608.067,5400100,68285600,18375542500,195545727400,3575.8528,3629.4617,3574.6885,3520.1182
105450000,3608.1622,4450200,54810700,18379992700,195600538100,3575.8528,3629.4617,3574.6885,3520.1182
105455000,3608.9874,5942100,72259800,18385934800,195672797900,3575.8528,3629.4617,3574.6885,3520.1182
105500000,3608.8781,5358700,70478300,18391293500,195743276200,3575.8528,3629.4617,3574.6885,3520.1182
105505000,3608.8926,4705400,55482600,18395998900,195798758800,3575.8528,3629.4617,3574.6885,3520.1182
105510000,3609.0537,5372600,67882700,18401371500,195866641500,3575.8528,3629.4617,3574.6885,3520.1182
105515000,3609.5407,5397900,70063000,18406769400,195936704500,3575.8528,3629.4617,3574.6885,3520.1182
105520000,3610.2114,6239800,74182000,18413009200,196010886500,3575.8528,3629.4617,3574.6885,3520.1182
105525000,3609.8053,4426400,55341000,18417435600,196066227500,3575.8528,3629.4617,3574.6885,3520.1182
105530000,3609.6653,6263000,77761400,18423698600,196143988900,3575.8528,3629.4617,3574.6885,3520.1182
105535000,3609.9358,3601400,55230700,18427300000,196199219600,3575.8528,3629.4617,3574.6885,3520.1182
105540000,3610.0478,6016700,76314800,18433316700,196275534400,3575.8528,3629.4617,3574.6885,3520.1182
105545000,3610.118,7396300,89119000,18440713000,196364653400,3575.8528,3629.4617,3574.6885,3520.1182
105550000,3610.153,3874600,61746600,18444587600,196426400000,3575.8528,3629.4617,3574.6885,3520.1182
105555000,3610.5631,5560700,59756000,18450148300,196486156000,3575.8528,3629.4617,3574.6885,3520.1182
105600000,3610.4394,7021200,83614900,18457169500,196569770900,3575.8528,3629.4617,3574.6885,3520.1182
105605000,3610.8645,4131800,55307400,18461301300,196625078300,3575.8528,3629.4617,3574.6885,3520.1182
105610000,3611.3501,5156600,71737000,18466457900,196696815300,3575.8528,3629.4617,3574.6885,3520.1182
105615000,3611.1698,8545600,94447400,18475003500,196791262700,3575.8528,3629.4617,3574.6885,3520.1182
105620000,3610.7824,4696600,58831400,18479700100,196850094100,3575.8528,3629.4617,3574.6885,3520.1182
105625000,3611.3287,4456300,58335600,18484156400,196908429700,3575.8528,3629.4617,3574.6885,3520.1182
105630000,3611.8883,5291800,63169300,18489448200,196971599000,3575.8528,3629.4617,3574.6885,3520.1182
105635000,3611.5428,3666200,47917400,18493114400,197019516400,3575.8528,3629.4617,3574.6885,3520.1182
105640000,3611.9538,6120600,70636500,18499235000,197090152900,3575.8528,3629.4617,3574.6885,3520.1182
105645000,3612.1576,5135800,81135300,18504370800,197171288200,3575.8528,3629.4617,3574.6885,3520.1182
105650000,3611.7499,5103000,65449500,18509473800,197236737700,3575.8528,3629.4617,3574.6885,3520.1182
105655000,3612.3105,4831800,52405700,18514305600,197289143400,3575.8528,3629.4617,3574.6885,3520.1182
105700000,3612.3272,6112900,69013800,18520418500,197358157200,3575.8528,3629.4617,3574.6885,3520.1182
105705000,3612.4649,4485600,50716600,18524904100,197408873800,3575.8528,3629.4617,3574.6885,3520.1182
105710000,3612.2141,5020700,62012700,18529924800,197470886500,3575.8528,3629.4617,3574.6885,3520.1182
105715000,3612.5742,4181800,55708300,18534106600,197526594800,3575.8528,3629.4617,3574.6885,3520.1182
105720000,3612.4346,6173700,76733100,18540280300,197603327900,3575.8528,3629.4617,3574.6885,3520.1182
105725000,3612.7298,4097000,46086600,18544377300,197649414500,3575.8528,3629.4617,3574.6885,3520.1182
105730000,3612.3985,6013000,75065200,18550390300,197724479700,3575.8528,3629.4617,3574.6885,3520.1182
105735000,3612.2835,3738500,49935500,18554128800,197774415200,3575.8528,3629.4617,3574.6885,3520.1182
105740000,3612.632,5259900,72043900,18559388700,197846459100,3575.8528,3629.4617,3574.6885,3520.1182
105745000,3612.6267,5168400,68247400,18564557100,197914706500,3575.8528,3629.4617,3574.6885,3520.1182
105750000,3612.5228,5101000,64881100,18569658100,197979587600,3575.8528,3629.4617,3574.6885,3520.1182
105755000,3612.5769,4365400,55257800,18574023500,198034845400,3575.8528,3629.4617,3574.6885,3520.1182
105800000,3612.6794,4894900,59802100,18578918400,198094647500,3575.8528,3629.4617,3574.6885,3520.1182
105805000,3612.9322,4353000,58237100,18583271400,198152884600,3575.8528,3629.4617,3574.6885,3520.1182
105810000,3613.0683,5998500,68801300,18589269900,198221685900,3575.8528,3629.4617,3574.6885,3520.1182
105815000,3612.7538,5919600,71761200,18595189500,198293447100,3575.8528,3629.4617,3574.6885,3520.1182
105820000,3613.0812,4720400,58083100,18599909900,198351530200,3575.8528,3629.4617,3574.6885,3520.1182
105825000,3613.1378,4701700,53842900,18604611600,198405373100,3575.8528,3629.4617,3574.6885,3520.1182
105830000,3613.1768,5883900,73317700,18610495500,198478690800,3575.8528,3629.4617,3574.6885,3520.1182
105835000,3613.1254,3857500,53927200,18614353000,198532618000,3575.8528,3629.4617,3574.6885,3520.1182
105840000,3613.4676,6277100,75910900,18620630100,198608528900,3575.8528,3629.4617,3574.6885,3520.1182
105845000,3613.4608,5273300,69951100,18625903400,198678480000,3575.8528,3629.4617,3574.6885,3520.1182
105850000,3613.5063,5895800,85277100,18631799200,198763757100,3575.8528,3629.4617,3574.6885,3520.1182
105855000,3613.7517,5181000,57474400,18636980200,198821231500,3575.8528,3629.4617,3574.6885,3520.1182
105900000,3613.4848,5566800,72269100,18642547000,198893500600,3575.8528,3629.4617,3574.6885,3520.1182
105905000,3614.1989,3252400,45267800,18645799400,198938768400,3575.8528,3629.4617,3574.6885,3520.1182
105910000,3614.6347,4718500,63805200,18650517900,199002573600,3575.8528,3629.4617,3574.6885,3520.1182
105915000,3614.6078,5274000,73239000,18655791900,199075812600,3575.8528,3629.4617,3574.6885,3520.1182
105920000,3614.5707,4579100,59590100,18660371000,199135402700,3575.8528,3629.4617,3574.6885,3520.1182
105925000,3614.6073,4481000,55093700,18664852000,199190496400,3575.8528,3629.4617,3574.6885,3520.1182
105930000,3614.4152,4866300,68025500,18669718300,199258521900,3575.8528,3629.4617,3574.6885,3520.1182
105935000,3614.6163,3364900,44044200,18673083200,199302566100,3575.8528,3629.4617,3574.6885,3520.1182
105940000,3614.651,4819200,55604600,18677902400,199358170700,3575.8528,3629.4617,3574.6885,3520.1182
105945000,3614.5744,5116200,67114800,18683018600,199425285500,3575.8528,3629.4617,3574.6885,3520.1182
105950000,3614.8172,4619500,69441700,18687638100,199494727200,3575.8528,3629.4617,3574.6885,3520.1182
105955000,3614.8323,4100800,52666900,18691738900,199547394100,3575.8528,3629.4617,3574.6885,3520.1182
110000000,3615.0538,5609100,73609500,18697348000,199621003600,3575.8528,3629.4617,3574.6885,3520.1182
110005000,3615.269,3443700,50201500,18700791700,199671205100,3575.8528,3629.4617,3574.6885,3520.1182
110010000,3615.322,5575100,72193600,18706366800,199743398700,3575.8528,3629.4617,3574.6885,3520.1182
110015000,3614.9705,5058000,66755600,18711424800,199810154300,3575.8528,3629.4617,3574.6885,3520.1182
110020000,3615.1883,3918700,58259600,18715343500,199868413900,3575.8528,3629.4617,3574.6885,3520.1182
110025000,3615.3926,4111100,56555200,18719454600,199924969100,3575.8528,3629.4617,3574.6885,3520.1182
110030000,3615.4186,5197200,71564500,18724651800,199996533600,3575.8528,3629.4617,3574.6885,3520.1182
110035000,3615.12,4863100,54163400,18729514900,200050697000,3575.8528,3629.4617,3574.6885,3520.1182
110040000,3614.9831,4867300,65372800,18734382200,200116069800,3575.8528,3629.4617,3574.6885,3520.1182
110045000,3615.0165,6776900,72998200,18741159100,200189068000,3575.8528,3629.4617,3574.6885,3520.1182
110050000,3615.2317,5227000,62344500,18746386100,200251412500,3575.8528,3629.4617,3574.6885,3520.1182
110055000,3615.4832,4797600,51230900,18751183700,200302643400,3575.8528,3629.4617,3574.6885,3520.1182
110100000,3615.7793,5625300,66628100,18756809000,200369271500,3575.8528,3629.4617,3574.6885,3520.1182
110105000,3615.6938,3306800,44236600,18760115800,200413508100,3575.8528,3629.4617,3574.6885,3520.1182
110110000,3615.6855,5309600,67054300,18765425400,200480562400,3575.8528,3629.4617,3574.6885,3520.1182
110115000,3615.8595,4806700,62415000,18770232100,200542977400,3575.8528,3629.4617,3574.6885,3520.1182
110120000,3615.9182,3903700,56708400,18774135800,200599685800,3575.8528,3629.4617,3574.6885,3520.1182
110125000,3615.9909,4847500,50318100,18778983300,200650003900,3575.8528,3629.4617,3574.6885,3520.1182
110130000,3616.1387,4608600,62517700,18783591900,200712521600,3575.8528,3629.4617,3574.6885,3520.1182
110135000,3615.6798,3871800,50218100,18787463700,200762739700,3575.8528,3629.4617,3574.6885,3520.1182
110140000,3616.1805,5437200,61309100,18792900900,200824048800,3575.8528,3629.4617,3574.6885,3520.1182
110145000,3616.0378,4744900,56899800,18797645800,200880948600,3575.8528,3629.4617,3574.6885,3520.1182
110150000,3616.2787,4129800,59909000,18801775600,200940857600,3575.8528,3629.4617,3574.6885,3520.1182
110155000,3616.5878,4859900,50965000,18806635500,200991822600,3575.8528,3629.4617,3574.6885,3520.1182
110200000,3616.4367,4973000,63429500,18811608500,201055252100,3575.8528,3629.4617,3574.6885,3520.1182
110205000,3616.6813,3299200,40934900,18814907700,201096187000,3575.8528,3629.4617,3574.6885,3520.1182
110210000,3616.8884,5698200,69758400,18820605900,201165945400,3575.8528,3629.4617,3574.6885,3520.1182
110215000,3617.2673,7439600,81737000,18828045500,201247682400,3575.8528,3629.4617,3574.6885,3520.1182
110220000,3617.3491,4363000,56206400,18832408500,201303888800,3575.8528,3629.4617,3574.6885,3520.1182
110225000,3617.2929,3530800,40792900,18835939300,201344681700,3575.8528,3629.4617,3574.6885,3520.1182
110230000,3617.3199,5378800,67798400,18841318100,201412480100,3575.8528,3629.4617,3574.6885,3520.1182
110235000,3617.5375,2567600,33378600,18843885700,201445858700,3575.8528,3629.4617,3574.6885,3520.1182
110240000,3617.3293,4845100,61936100,18848730800,201507794800,3575.8528,3629.4617,3574.6885,3520.1182
110245000,3617.5281,7682800,77318000,18856413600,201585112800,3575.8528,3629.4617,3574.6885,3520.1182
110250000,3617.5299,4190600,50418400,18860604200,201635531200,3575.8528,3629.4617,3574.6885,3520.1182
110255000,3617.5456,5432100,73809200,18866036300,201709340400,3575.8528,3629.4617,3574.6885,3520.1182
110300000,3617.5571,6150900,66727200,18872187200,201776067600,3575.8528,3629.4617,3574.6885,3520.1182
110305000,3617.2989,4208600,45387900,18876395800,201821455500,3575.8528,3629.4617,3574.6885,3520.1182
110310000,3617.4502,5440100,73801000,18881835900,201895256500,3575.8528,3629.4617,3574.6885,3520.1182
110315000,3617.5368,4659500,70072500,18886495400,201965329000,3575.8528,3629.4617,3574.6885,3520.1182
110320000,3617.4127,5785900,59665800,18892281300,202024994800,3575.8528,3629.4617,3574.6885,3520.1182
110325000,3617.7742,5777600,74839700,18898058900,202099834500,3575.8528,3629.4617,3574.6885,3520.1182
110330000,3617.4547,7055800,76649100,18905114700,202176483600,3575.8528,3629.4617,3574.6885,3520.1182
110335000,3617.6767,4429500,44778800,18909544200,202221262400,3575.8528,3629.4617,3574.6885,3520.1182
110340000,3617.6475,7992200,72664500,18917536400,202293926900,3575.8528,3629.4617,3574.6885,3520.1182
110345000,3617.5666,6488700,75765600,18924025100,202369692500,3575.8528,3629.4617,3574.6885,3520.1182
110350000,3617.9217,4478200,62652900,18928503300,202432345400,3575.8528,3629.4617,3574.6885,3520.1182
110355000,3617.6711,6399300,60630200,18934902600,202492975600,3575.8528,3629.4617,3574.6885,3520.1182
110400000,3618.0376,4598000,65404200,18939500600,202558379800,3575.8528,3629.4617,3574.6885,3520.1182
110405000,3617.966,3853800,49817800,18943354400,202608197600,3575.8528,3629.4617,3574.6885,3520.1182
110410000,3617.9091,6465400,87850800,18949819800,202696048400,3575.8528,3629.4617,3574.6885,3520.1182
110415000,3618.27,4667200,62667500,18954487000,202758715900,3575.8528,3629.4617,3574.6885,3520.1182
110420000,3617.9979,4197900,53698500,18958684900,202812414400,3575.8528,3629.4617,3574.6885,3520.1182
110425000,3618.4725,4965700,64013700,18963650600,202876428100,3575.8528,3629.4617,3574.6885,3520.1182
110430000,3618.1938,5304200,73369200,18968954800,202949797300,3575.8528,3629.4617,3574.6885,3520.1182
110435000,3618.3614,3245000,49093600,18972199800,202998890900,3575.8528,3629.4617,3574.6885,3520.1182
110440000,3618.3244,7810100,98055900,18980009900,203096946800,3575.8528,3629.4617,3574.6885,3520.1182
110445000,3618.6112,6321900,83481500,18986331800,203180428300,3575.8528,3629.4617,3574.6885,3520.1182
110450000,3618.437,5584200,87176000,18991916000,203267604300,3575.8528,3629.4617,3574.6885,3520.1182
110455000,3618.3009,4271300,51893500,18996187300,203319497800,3575.8528,3629.4617,3574.6885,3520.1182
110500000,3618.7221,5877500,68683300,19002064800,203388181100,3575.8528,3629.4617,3574.6885,3520.1182
110505000,3618.8583,4505700,50567100,19006570500,203438748200,3575.8528,3629.4617,3574.6885,3520.1182
110510000,3619.3118,6265000,80296300,19012835500,203519044500,3575.8528,3629.4617,3574.6885,3520.1182
110515000,3619.2606,5270700,77976700,19018106200,203597021200,3575.8528,3629.4617,3574.6885,3520.1182
110520000,3619.1926,7127700,76427900,19025233900,203673449100,3575.8528,3629.4617,3574.6885,3520.1182
110525000,3619.5903,5887100,67621900,19031121000,203741071000,3575.8528,3629.4617,3574.6885,3520.1182
110530000,3619.5121,6457400,88608200,19037578400,203829679200,3575.8528,3629.4617,3574.6885,3520.1182
110535000,3619.923,3044600,41205100,19040623000,203870884300,3575.8528,3629.4617,3574.6885,3520.1182
110540000,3619.7625,9073400,85488700,19049696400,203956373000,3575.8528,3629.4617,3574.6885,3520.1182
110545000,3619.7123,6655600,83863800,19056352000,204040236800,3575.8528,3629.4617,3574.6885,3520.1182
110550000,3620.1842,5306100,70064300,19061658100,204110301100,3575.8528,3629.4617,3574.6885,3520.1182
110555000,3620.2703,4913100,58765900,19066571200,204169067000,3575.8528,3629.4617,3574.6885,3520.1182
110600000,3620.4778,7402100,81630900,19073973300,204250697900,3575.8528,3629.4617,3574.6885,3520.1182
110605000,3620.6913,7497900,72284800,19081471200,204322982700,3575.8528,3629.4617,3574.6885,3520.1182
110610000,3620.6883,6639600,79180700,19088110800,204402163400,3575.8528,3629.4617,3574.6885,3520.1182
110615000,3621.0858,6834800,84140900,19094945600,204486304300,3575.8528,3629.4617,3574.6885,3520.1182
110620000,3621.0323,6633200,80280700,19101578800,204566585000,3575.8528,3629.4617,3574.6885,3520.1182
110625000,3621.3682,5685200,67684100,19107264000,204634269100,3575.8528,3629.4617,3574.6885,3520.1182
110630000,3620.8587,5929700,80461600,19113193700,204714730700,3575.8528,3629.4617,3574.6885,3520.1182
110635000,3621.2451,4413900,57804800,19117607600,204772535500,3575.8528,3629.4617,3574.6885,3520.1182
110640000,3621.289,7255500,83076600,19124863100,204855612100,3575.8528,3629.4617,3574.6885,3520.1182
110645000,3621.1867,7752700,85704600,19132615800,204941316700,3575.8528,3629.4617,3574.6885,3520.1182
110650000,3621.0425,5591800,66217900,19138207600,205007534600,3575.8528,3629.4617,3574.6885,3520.1182
110655000,3621.3324,5016700,53128000,19143224300,205060662600,3575.8528,3629.4617,3574.6885,3520.1182
110700000,3621.0694,7377600,72200700,19150601900,205132863300,3575.8528,3629.4617,3574.6885,3520.1182
110705000,3621.2285,5514000,52272600,19156115900,205185135900,3575.8528,3629.4617,3574.6885,3520.1182
110710000,3621.2473,5723300,73586600,19161839200,205258722500,3575.8528,3629.4617,3574.6885,3520.1182
110715000,3621.1444,5991900,73017500,19167831100,205331740000,3575.8528,3629.4617,3574.6885,3520.1182
110720000,3621.6143,5567500,71345200,19173398600,205403085200,3575.8528,3629.4617,3574.6885,3520.1182
110725000,3621.3171,5491700,60349200,19178890300,205463434400,3575.8528,3629.4617,3574.6885,3520.1182
110730000,3621.4621,6779100,69866000,19185669400,205533300400,3575.8528,3629.4617,3574.6885,3520.1182
110735000,3621.326,3475900,38794000,19189145300,205572094400,3575.8528,3629.4617,3574.6885,3520.1182
110740000,3621.0609,6173000,75655800,19195318300,205647750200,3575.8528,3629.4617,3574.6885,3520.1182
110745000,3620.6427,7243200,77213200,19202561500,205724963400,3575.8528,3629.4617,3574.6885,3520.1182
110750000,3620.428,7080100,81655200,19209641600,205806618600,3575.8528,3629.4617,3574.6885,3520.1182
110755000,3619.6726,7025400,89265900,19216667000,205895884500,3575.8528,3629.4617,3574.6885,3520.1182
110800000,3619.0913,12638800,121029300,19229305800,206016913800,3575.8528,3629.4617,3574.6885,3520.1182
110805000,3618.522,7791600,91232100,19237097400,206108145900,3575.8528,3629.4617,3574.6885,3520.1182
110810000,3618.1146,9600900,110945300,19246698300,206219091200,3575.8528,3629.4617,3574.6885,3520.1182
110815000,3618.8153,6785000,97066200,19253483300,206316157400,3575.8528,3629.4617,3574.6885,3520.1182
110820000,3619.4062,6473800,74386600,19259957100,206390544000,3575.8528,3629.4617,3574.6885,3520.1182
110825000,3619.027,6382000,64425000,19266339100,206454969000,3575.8528,3629.4617,3574.6885,3520.1182
110830000,3619.0165,5125400,66386200,19271464500,206521355200,3575.8528,3629.4617,3574.6885,3520.1182
110835000,3619.2442,3657700,41228100,19275122200,206562583300,3575.8528,3629.4617,3574.6885,3520.1182
110840000,3619.2346,5597000,73782900,19280719200,206636366200,3575.8528,3629.4617,3574.6885,3520.1182
110845000,3619.2368,6977900,87738700,19287697100,206724104900,3575.8528,3629.4617,3574.6885,3520.1182
110850000,3619.4369,4891300,66510700,19292588400,206790615600,3575.8528,3629.4617,3574.6885,3520.1182
110855000,3619.4507,4676500,56183800,19297264900,206846799400,3575.8528,3629.4617,3574.6885,3520.1182
110900000,3619.2235,4556500,58396800,19301821400,206905196200,3575.8528,3629.4617,3574.6885,3520.1182
110905000,3619.486,2705900,34159600,19304527300,206939355800,3575.8528,3629.4617,3574.6885,3520.1182
110910000,3619.6326,5428900,65721100,19309956200,207005076900,3575.8528,3629.4617,3574.6885,3520.1182
110915000,3619.9393,6770800,66279800,19316727000,207071356700,3575.8528,3629.4617,3574.6885,3520.1182
110920000,3619.9298,6266300,69575900,19322993300,207140932600,3575.8528,3629.4617,3574.6885,3520.1182
110925000,3620.3078,6384600,63972100,19329377900,207204904700,3575.8528,3629.4617,3574.6885,3520.1182
110930000,3620.6351,7524900,80860200,19336902800,207285764900,3575.8528,3629.4617,3574.6885,3520.1182
110935000,3620.5636,4029000,60534900,19340931800,207346299800,3575.8528,3629.4617,3574.6885,3520.1182
110940000,3620.3346,6595400,67728000,19347527200,207414027800,3575.8528,3629.4617,3574.6885,3520.1182
110945000,3620.8311,6166700,62294400,19353693900,207476322200,3575.8528,3629.4617,3574.6885,3520.1182
110950000,3620.6328,5836000,65601300,19359529900,207541923500,3575.8528,3629.4617,3574.6885,3520.1182
110955000,3620.657,6378800,72910100,19365908700,207614833600,3575.8528,3629.4617,3574.6885,3520.1182
111000000,3620.8023,7849000,89546600,19373757700,207704380200,3575.8528,3629.4617,3574.6885,3520.1182
111005000,3621.0892,4791600,48030100,19378549300,207752410300,3575.8528,3629.4617,3574.6885,3520.1182
111010000,3621.3727,9439600,89292000,19387988900,207841702300,3575.8528,3629.4617,3574.6885,3520.1182
111015000,3621.7613,8091700,88380800,19396080600,207930083100,3575.8528,3629.4617,3574.6885,3520.1182
111020000,3621.7324,4232300,61546800,19400312900,207991629900,3575.8528,3629.4617,3574.6885,3520.1182
111025000,3622.0168,4790600,54450800,19405103500,208046080700,3575.8528,3629.4617,3574.6885,3520.1182
111030000,3622.0382,7345900,81969800,19412449400,208128050500,3575.8528,3629.4617,3574.6885,3520.1182
111035000,3622.1146,6151400,68615500,19418600800,208196666000,3575.8528,3629.4617,3574.6885,3520.1182
111040000,3622.6867,5862900,72446400,19424463700,208269112400,3575.8528,3629.4617,3574.6885,3520.1182
111045000,3622.4974,7265300,90482500,19431729000,208359594900,3575.8528,3629.4617,3574.6885,3520.1182
111050000,3622.4464,5617200,65184100,19437346200,208424779000,3575.8528,3629.4617,3574.6885,3520.1182
111055000,3622.8278,4335000,56197900,19441681200,208480976900,3575.8528,3629.4617,3574.6885,3520.1182
111100000,3623.4348,6741100,82931900,19448422300,208563908800,3575.8528,3629.4617,3574.6885,3520.1182
111105000,3622.8701,4056800,51872200,19452479100,208615781000,3575.8528,3629.4617,3574.6885,3520.1182
111110000,3623.2948,7268500,84932000,19459747600,208700713000,3575.8528,3629.4617,3574.6885,3520.1182
111115000,3623.5747,7103000,74969600,19466850600,208775682600,3575.8528,3629.4617,3574.6885,3520.1182
111120000,3623.6338,5242800,69411800,19472093400,208845094400,3575.8528,3629.4617,3574.6885,3520.1182
111125000,3623.644,5066200,53024200,19477159600,208898118600,3575.8528,3629.4617,3574.6885,3520.1182
111130000,3623.8882,5466600,68294600,19482626200,208966413200,3575.8528,3629.4617,3574.6885,3520.1182
111135000,3624.0651,4578700,46269800,19487204900,209012683000,3575.8528,3629.4617,3574.6885,3520.1182
111140000,3624.0731,5704000,69738100,19492908900,209082421100,3575.8528,3629.4617,3574.6885,3520.1182
111145000,3624.1181,6118100,70041500,19499027000,209152462600,3575.8528,3629.4617,3574.6885,3520.1182
111150000,3624.3056,5150500,63214700,19504177500,209215677300,3575.8528,3629.4617,3574.6885,3520.1182
111155000,3624.5054,4822100,57192800,19508999600,209272870100,3575.8528,3629.4617,3574.6885,3520.1182
111200000,3624.3963,5322700,68669500,19514322300,209341539600,3575.8528,3629.4617,3574.6885,3520.1182
111205000,3624.4972,4507000,59865200,19518829300,209401404800,3575.8528,3629.4617,3574.6885,3520.1182
111210000,3624.8206,5746100,69456900,19524575400,209470861700,3575.8528,3629.4617,3574.6885,3520.1182
111215000,3624.7845,6564700,82433000,19531140100,209553294700,3575.8528,3629.4617,3574.6885,3520.1182
111220000,3625.0243,5596000,61344400,19536736100,209614639100,3575.8528,3629.4617,3574.6885,3520.1182
111225000,3624.9676,5960900,55998100,19542697000,209670637200,3575.8528,3629.4617,3574.6885,3520.1182
111230000,3625.0535,7234200,65303100,19549931200,209735940300,3575.8528,3629.4617,3574.6885,3520.1182
111235000,3624.9719,3160200,43488200,19553091400,209779428500,3575.8528,3629.4617,3574.6885,3520.1182
111240000,3625.0088,6176900,73955700,19559268300,209853384200,3575.8528,3629.4617,3574.6885,3520.1182
111245000,3625.084,7852100,72049400,19567120400,209925433600,3575.8528,3629.4617,3574.6885,3520.1182
111250000,3625.1561,4475200,54955200,19571595600,209980388800,3575.8528,3629.4617,3574.6885,3520.1182
111255000,3624.9037,4344400,58858700,19575940000,210039247500,3575.8528,3629.4617,3574.6885,3520.1182
111300000,3625.2845,5514100,66802300,19581454100,210106049800,3575.8528,3629.4617,3574.6885,3520.1182
111305000,3625.2531,5600700,63676900,19587054800,210169726700,3575.8528,3629.4617,3574.6885,3520.1182
111310000,3625.7682,6226900,68667100,19593281700,210238393800,3575.8528,3629.4617,3574.6885,3520.1182
111315000,3625.9715,7040200,70265200,19600321900,210308659000,3575.8528,3629.4617,3574.6885,3520.1182
111320000,3625.9114,5173700,58791000,19605495600,210367450000,3575.8528,3629.4617,3574.6885,3520.1182
111325000,3625.9949,6039500,61054100,19611535100,210428504100,3575.8528,3629.4617,3574.6885,3520.1182
111330000,3626.101,5902500,69514800,19617437600,210498018900,3575.8528,3629.4617,3574.6885,3520.1182
111335000,3626.0297,3819700,58330000,19621257300,210556348900,3575.8528,3629.4617,3574.6885,3520.1182
111340000,3626.4854,6456000,71568500,19627713300,210627917400,3575.8528,3629.4617,3574.6885,3520.1182
111345000,3626.1447,5308100,60429300,19633021400,210688346700,3575.8528,3629.4617,3574.6885,3520.1182
111350000,3626.469,4740400,60108600,19637761800,210748455300,3575.8528,3629.4617,3574.6885,3520.1182
111355000,3626.7669,6825100,76078800,19644586900,210824534100,3575.8528,3629.4617,3574.6885,3520.1182
111400000,3626.8831,7094100,75243400,19651681000,210899777500,3575.8528,3629.4617,3574.6885,3520.1182
111405000,3627.1112,5232600,58146100,19656913600,210957923600,3575.8528,3629.4617,3574.6885,3520.1182
111410000,3627.1046,7077800,83586300,19663991400,211041509900,3575.8528,3629.4617,3574.6885,3520.1182
111415000,3627.4924,7393900,79119300,19671385300,211120629200,3575.8528,3629.4617,3574.6885,3520.1182
111420000,3627.7455,4685400,57857100,19676070700,211178486300,3575.8528,3629.4617,3574.6885,3520.1182
111425000,3627.6498,5355500,62041400,19681426200,211240527700,3575.8528,3629.4617,3574.6885,3520.1182
111430000,3627.7504,6340600,67052600,19687766800,211307580300,3575.8528,3629.4617,3574.6885,3520.1182
111435000,3627.6977,5066600,52137900,19692833400,211359718200,3575.8528,3629.4617,3574.6885,3520.1182
111440000,3627.764,7218500,78734500,19700051900,211438452700,3575.8528,3629.4617,3574.6885,3520.1182
111445000,3627.8355,6761400,79167300,19706813300,211517620000,3575.8528,3629.4617,3574.6885,3520.1182
111450000,3628.2978,5490100,70109800,19712303400,211587729800,3575.8528,3629.4617,3574.6885,3520.1182
111455000,3628.284,4742200,49675200,19717045600,211637405000,3575.8528,3629.4617,3574.6885,3520.1182
111500000,3628.2617,8614700,92813700,19725660300,211730218700,3575.8528,3629.4617,3574.6885,3520.1182
111505000,3628.4498,3590900,44776400,19729251200,211774995100,3575.8528,3629.4617,3574.6885,3520.1182
111510000,3628.1651,6239700,75432600,19735490900,211850427700,3575.8528,3629.4617,3574.6885,3520.1182
111515000,3628.6042,6756400,85897600,19742247300,211936325300,3575.8528,3629.4617,3574.6885,3520.1182
111520000,3628.4763,6210900,77707700,19748458200,212014033000,3575.8528,3629.4617,3574.6885,3520.1182
111525000,3627.9549,6881200,84063200,19755339400,212098096200,3575.8528,3629.4617,3574.6885,3520.1182
111530000,3627.7145,6723700,87267700,19762063100,212185363900,3575.8528,3629.4617,3574.6885,3520.1182
111535000,3628.2561,4968800,57799900,19767031900,212243163800,3575.8528,3629.4617,3574.6885,3520.1182
111540000,3627.7172,7941500,89413300,19774973400,212332577100,3575.8528,3629.4617,3574.6885,3520.1182
111545000,3627.7009,6765800,81997800,19781739200,212414574900,3575.8528,3629.4617,3574.6885,3520.1182
111550000,3627.8411,5657200,71796400,19787396400,212486371300,3575.8528,3629.4617,3574.6885,3520.1182
111555000,3628.0638,5322600,58427000,19792719000,212544798300,3575.8528,3629.4617,3574.6885,3520.1182
111600000,3627.9767,7357700,96554500,19800076700,212641352800,3575.8528,3629.4617,3574.6885,3520.1182
111605000,3628.4986,4675300,50832300,19804752000,212692185100,3575.8528,3629.4617,3574.6885,3520.1182
111610000,3628.571,9648200,118813500,19814400200,212810998600,3575.8528,3629.4617,3574.6885,3520.1182
111615000,3629.0631,6110100,84212500,19820510300,212895211100,3575.8528,3629.4617,3574.6885,3520.1182
111620000,3628.2781,6479300,69225500,19826989600,212964436600,3575.8528,3629.4617,3574.6885,3520.1182
111625000,3628.8822,5721500,60573400,19832711100,213025010000,3575.8528,3629.4617,3574.6885,3520.1182
111630000,3628.4872,5024900,63126300,19837736000,213088136300,3575.8528,3629.4617,3574.6885,3520.1182
111635000,3628.3781,4115800,49314800,19841851800,213137451100,3575.8528,3629.4617,3574.6885,3520.1182
111640000,3628.4314,8614800,94061700,19850466600,213231512800,3575.8528,3629.4617,3574.6885,3520.1182
111645000,3628.309,8006100,85566300,19858472700,213317079100,3575.8528,3629.4617,3574.6885,3520.1182
111650000,3628.2863,5202100,52055100,19863674800,213369134200,3575.8528,3629.4617,3574.6885,3520.1182
111655000,3628.5956,4830700,52977300,19868505500,213422111500,3575.8528,3629.4617,3574.6885,3520.1182
111700000,3628.708,6511400,77910700,19875016900,213500022200,3575.8528,3629.4617,3574.6885,3520.1182
111705000,3628.3079,3708600,46226500,19878725500,213546248700,3575.8528,3629.4617,3574.6885,3520.1182
111710000,3628.91,6534600,66711600,19885260100,213612960300,3575.8528,3629.4617,3574.6885,3520.1182
111715000,3628.6125,6884800,85121800,19892144900,213698082100,3575.8528,3629.4617,3574.6885,3520.1182
111720000,3628.8031,5114900,64159400,19897259800,213762241500,3575.8528,3629.4617,3574.6885,3520.1182
111725000,3628.6677,5249800,64817500,19902509600,213827059000,3575.8528,3629.4617,3574.6885,3520.1182
111730000,3628.7563,5585400,66710200,19908095000,213893769200,3575.8528,3629.4617,3574.6885,3520.1182
111735000,3629.0335,5472100,50787900,19913567100,213944557100,3575.8528,3629.4617,3574.6885,3520.1182
111740000,3629.0345,7487400,78601800,19921054500,214023158900,3575.8528,3629.4617,3574.6885,3520.1182
111745000,3629.0451,5844600,61771100,19926899100,214084930000,3575.8528,3629.4617,3574.6885,3520.1182
111750000,3629.3108,4483000,58777200,19931382100,214143707200,3575.8528,3629.4617,3574.6885,3520.1182
111755000,3629.1566,5971100,61355900,19937353200,214205063100,3575.8528,3629.4617,3574.6885,3520.1182
111800000,3629.0253,7000300,68374200,19944353500,214273437300,3575.8528,3629.4617,3574.6885,3520.1182
111805000,3629.013,5082000,64184100,19949435500,214337621400,3575.8528,3629.4617,3574.6885,3520.1182
111810000,3629.2417,6089600,74112400,19955525100,214411733800,3575.8528,3629.4617,3574.6885,3520.1182
111815000,3629.3367,5456000,68120600,19960981100,214479854400,3575.8528,3629.4617,3574.6885,3520.1182
111820000,3629.3979,5253300,67218900,19966234400,214547073300,3575.8528,3629.5309,3574.6885,3520.1182
111825000,3629.5353,4994300,57628200,19971228700,214604701500,3575.8528,3629.6285,3574.6885,3520.1182
111830000,3629.5218,4551000,57911700,19975779700,214662613200,3575.8528,3629.676,3574.6885,3520.1182
111835000,3629.8716,2725700,39742700,19978505400,214702355900,3575.8528,3629.9468,3574.6885,3520.1182
111840000,3630.1743,5554500,68238700,19984059900,214770594600,3575.8528,3630.2754,3574.6885,3520.1182
111845000,3630.1068,7111600,93827900,19991171500,214864422500,3575.8528,3630.2754,3574.6885,3520.1182
111850000,3629.8355,6165100,82726500,19997336600,214947149000,3575.8528,3630.2754,3574.6885,3520.1182
111855000,3630.1186,4869800,57848900,20002206400,215004997900,3575.8528,3630.2754,3574.6885,3520.1182
111900000,3630.1166,6599800,70425500,20008806200,215075423400,3575.8528,3630.2754,3574.6885,3520.1182
111905000,3630.0995,4825600,59067500,20013631800,215134490900,3575.8528,3630.2754,3574.6885,3520.1182
111910000,3630.5538,6054300,68322800,20019686100,215202813700,3575.8528,3630.5538,3574.6885,3520.1182
111915000,3630.786,6706800,76800200,20026392900,215279613900,3575.8528,3630.8566,3574.6885,3520.1182
111920000,3631.0862,6149400,65002400,20032542300,215344616300,3575.8528,3631.146,3574.6885,3520.1182
111925000,3630.8118,4584300,54160400,20037126600,215398776700,3575.8528,3631.146,3574.6885,3520.1182
111930000,3631.2114,5338500,67317800,20042465100,215466094500,3575.8528,3631.2114,3574.6885,3520.1182
111935000,3630.8362,3312900,46963700,20045778000,215513058200,3575.8528,3631.2114,3574.6885,3520.1182
111940000,3631.0164,6668500,75473800,20052446500,215588532000,3575.8528,3631.2114,3574.6885,3520.1182
111945000,3631.4969,5111300,65695900,20057557800,215654227900,3575.8528,3631.4969,3574.6885,3520.1182
111950000,3631.3665,4397400,59354900,20061955200,215713582800,3575.8528,3631.5449,3574.6885,3520.1182
111955000,3631.6877,7153100,78535800,20069108300,215792118600,3575.8528,3631.6877,3574.6885,3520.1182
112000000,3632.0467,5311100,62379100,20074419400,215854497700,3575.8528,3632.0467,3574.6885,3520.1182
112005000,3632.1283,3579500,49797300,20077998900,215904295000,3575.8528,3632.2563,3574.6885,3520.1182
112010000,3632.0586,8305900,86068400,20086304800,215990363400,3575.8528,3632.2563,3574.6885,3520.1182
112015000,3632.4586,6417400,80035400,20092722200,216070398800,3575.8528,3632.6569,3574.6885,3520.1182
112020000,3632.5712,5987300,71418500,20098709500,216141817300,3575.8528,3632.7031,3574.6885,3520.1182
112025000,3632.6854,6351700,70858300,20105061200,216212675600,3575.8528,3632.7031,3574.6885,3520.1182
112030000,3632.8201,6988400,78752900,20112049600,216291428500,3575.8528,3632.8201,3574.6885,3520.1182
112035000,3632.7103,4296100,65789600,20116345700,216357218100,3575.8528,3632.8317,3574.6885,3520.1182
112040000,3633.1179,7862800,73728400,20124208500,216430946500,3575.8528,3633.234,3574.6885,3520.1182
112045000,3633.224,5856700,72857700,20130065200,216503804200,3575.8528,3633.4743,3574.6885,3520.1182
112050000,3633.2727,6334500,75680400,20136399700,216579484600,3575.8528,3633.4743,3574.6885,3520.1182
112055000,3633.5598,4973700,65926200,20141373400,216645410800,3575.8528,3633.7057,3574.6885,3520.1182
112100000,3633.7273,5482200,73542400,20146855600,216718953200,3575.8528,3633.7722,3574.6885,3520.1182
112105000,3633.7234,3356300,50887400,20150211900,216769840600,3575.8528,3633.7835,3574.6885,3520.1182
112110000,3634.0552,8520500,79123600,20158732400,216848964200,3575.8528,3634.073,3574.6885,3520.1182
112115000,3634.1414,6271100,73716300,20165003500,216922680500,3575.8528,3634.2459,3574.6885,3520.1182
112120000,3634.4181,6097800,75874100,20171101300,216998554600,3575.8528,3634.4181,3574.6885,3520.1182
112125000,3634.5039,5600900,58067000,20176702200,217056621600,3575.8528,3634.5039,3574.6885,3520.1182
112130000,3633.6,9025400,113657400,20185727600,217170279000,3575.8528,3634.5039,3574.6885,3520.1182
112135000,3634.2981,3861100,64592100,20189588700,217234871100,3575.8528,3634.5039,3574.6885,3520.1182
112140000,3634.5779,8220000,76880300,20197808700,217311751400,3575.8528,3634.6245,3574.6885,3520.1182
112145000,3634.6883,6376800,78495800,20204185500,217390247200,3575.8528,3634.6883,3574.6885,3520.1182
112150000,3634.5705,6637300,89393100,20210822800,217479640300,3575.8528,3634.6883,3574.6885,3520.1182
112155000,3634.7547,4649300,54691400,20215472100,217534331700,3575.8528,3634.7599,3574.6885,3520.1182
112200000,3635.0348,7553400,93038500,20223025500,217627370200,3575.8528,3635.0348,3574.6885,3520.1182
112205000,3634.8465,4567000,70888900,20227592500,217698259100,3575.8528,3635.0348,3574.6885,3520.1182
112210000,3635.2174,7006400,75967500,20234598900,217774226600,3575.8528,3635.2735,3574.6885,3520.1182
112215000,3635.3059,6784100,84841400,20241383000,217859068000,3575.8528,3635.3059,3574.6885,3520.1182
112220000,3634.6825,6324300,66946700,20247707300,217926014700,3575.8528,3635.3059,3574.6885,3520.1182
112225000,3634.9406,5221000,77604400,20252928300,218003619100,3575.8528,3635.3059,3574.6885,3520.1182
112230000,3634.9423,9296000,88474900,20262224300,218092094000,3575.8528,3635.3059,3574.6885,3520.1182
112235000,3634.7735,3705700,42430100,20265930000,218134524100,3575.8528,3635.3059,3574.6885,3520.1182
112240000,3635.072,8830900,81449100,20274760900,218215973200,3575.8528,3635.3059,3574.6885,3520.1182
112245000,3634.759,6800900,90089700,20281561800,218306062900,3575.8528,3635.3059,3574.6885,3520.1182
112250000,3635.1813,5699000,60727600,20287260800,218366790500,3575.8528,3635.3059,3574.6885,3520.1182
112255000,3635.3083,5878700,65258000,20293139500,218432048500,3575.8528,3635.3083,3574.6885,3520.1182
112300000,3635.3191,9199900,103143700,20302339400,218535192200,3575.8528,3635.3191,3574.6885,3520.1182
112305000,3635.4906,8855900,93153400,20311195300,218628345600,3575.8528,3635.4906,3574.6885,3520.1182
112310000,3635.2253,9936100,94352900,20321131400,218722698500,3575.8528,3635.4906,3574.6885,3520.1182
112315000,3635.5463,6400100,82435700,20327531500,218805134200,3575.8528,3635.7221,3574.6885,3520.1182
112320000,3635.9373,6347700,72444400,20333879200,218877578600,3575.8528,3635.9373,3574.6885,3520.1182
112325000,3635.6734,5621700,71908500,20339500900,218949487100,3575.8528,3635.9373,3574.6885,3520.1182
112330000,3635.9902,8842000,87386100,20348342900,219036873200,3575.8528,3635.9902,3574.6885,3520.1182
112335000,3635.6255,4631700,50359400,20352974600,219087232600,3575.8528,3635.9902,3574.6885,3520.1182
112340000,3635.8731,6435500,70550800,20359410100,219157783400,3575.8528,3635.9902,3574.6885,3520.1182
112345000,3636.0142,7659300,88265600,20367069400,219246049000,3575.8528,3636.1148,3574.6885,3520.1182
112350000,3636.1375,5055700,63092300,20372125100,219309141300,3575.8528,3636.1476,3574.6885,3520.1182
112355000,3636.0532,6610800,63454300,20378735900,219372595600,3575.8528,3636.1594,3574.6885,3520.1182
112400000,3636.3881,7763400,82333100,20386499300,219454928700,3575.8528,3636.3881,3574.6885,3520.1182
112405000,3636.3853,4765100,58282900,20391264400,219513211600,3575.8528,3636.5348,3574.6885,3520.1182
112410000,3636.4454,6680200,77891500,20397944600,219591103100,3575.8528,3636.5485,3574.6885,3520.1182
112415000,3636.4072,6594900,81905900,20404539500,219673009000,3575.8528,3636.5485,3574.6885,3520.1182
112420000,3636.432,5591600,66749300,20410131100,219739758300,3575.8528,3636.5974,3574.6885,3520.1182
112425000,3636.4348,5512500,55013400,20415643600,219794771700,3575.8528,3636.5974,3574.6885,3520.1182
112430000,3636.7182,6199400,85312100,20421843000,219880083800,3575.8528,3637.0457,3574.6885,3520.1182
112435000,3636.67,5543100,66181000,20427386100,219946264800,3575.8528,3637.0457,3574.6885,3520.1182
112440000,3636.7562,7202900,78667000,20434589000,220024931800,3575.8528,3637.0457,3574.6885,3520.1182
112445000,3635.9472,9174400,111834700,20443763400,220136766500,3575.8528,3637.0457,3574.6885,3520.1182
112450000,3636.9079,5112800,66026200,20448876200,220202792700,3575.8528,3637.0457,3574.6885,3520.1182
112455000,3636.7433,8190100,80422300,20457066300,220283215000,3575.8528,3637.0457,3574.6885,3520.1182
112500000,3637.0159,8101000,93678300,20465167300,220376893300,3575.8528,3637.0457,3574.6885,3520.1182
112505000,3637.054,3959700,43117000,20469127000,220420010300,3575.8528,3637.1128,3574.6885,3520.1182
112510000,3637.3861,7845100,112151900,20476972100,220532162200,3575.8528,3637.3861,3574.6885,3520.1182
112515000,3636.9447,7787100,98008100,20484759200,220630170300,3575.8528,3637.3861,3574.6885,3520.1182
112520000,3637.4347,6674300,74660000,20491433500,220704830300,3575.8528,3637.4347,3574.6885,3520.1182
112525000,3637.4621,6078700,65075700,20497512200,220769906000,3575.8528,3637.4621,3574.6885,3520.1182
112530000,3637.2636,11502100,134029800,20509014300,220903935800,3575.8528,3637.487,3574.6885,3520.1182
112535000,3637.7487,5434700,100687800,20514449000,221004623600,3575.8528,3637.7714,3574.6885,3520.1182
112540000,3637.9714,9917100,117679400,20524366100,221122303000,3575.8528,3638.0806,3574.6885,3520.1182
112545000,3638.0776,6424500,80288300,20530790600,221202591300,3575.8528,3638.0806,3574.6885,3520.1182
112550000,3638.005,10393800,115732900,20541184400,221318324200,3575.8528,3638.1128,3574.6885,3520.1182
112555000,3638.3475,8922500,92066700,20550106900,221410390900,3575.8528,3638.4669,3574.6885,3520.1182
112600000,3638.5558,7675200,99071800,20557782100,221509462700,3575.8528,3638.5558,3574.6885,3520.1182
112605000,3638.2771,7145400,89701300,20564927500,221599164000,3575.8528,3638.5558,3574.6885,3520.1182
112610000,3638.6345,6903300,90356000,20571830800,221689520000,3575.8528,3638.6996,3574.6885,3520.1182
112615000,3638.7017,9744600,118346100,20581575400,221807866100,3575.8528,3638.8207,3574.6885,3520.1182
112620000,3638.9777,7267200,76518900,20588842600,221884385000,3575.8528,3639.0045,3574.6885,3520.1182
112625000,3639.1347,6202500,69953300,20595045100,221954338300,3575.8528,3639.309,3574.6885,3520.1182
112630000,3639.3776,7505900,78824300,20602551000,222033162600,3575.8528,3639.3776,3574.6885,3520.1182
112635000,3639.2335,5232700,52172500,20607783700,222085335100,3575.8528,3639.3776,3574.6885,3520.1182
112640000,3639.4628,10759500,111254500,20618543200,222196589600,3575.8528,3639.4628,3574.6885,3520.1182
112645000,3639.1306,7323300,80509600,20625866500,222277099200,3575.8528,3639.4628,3574.6885,3520.1182
112650000,3639.3658,4992500,67479700,20630859000,222344578900,3575.8528,3639.4628,3574.6885,3520.1182
112655000,3639.441,7639000,75182600,20638498000,222419761500,3575.8528,3639.6392,3574.6885,3520.1182
112700000,3639.4575,9296700,110724300,20647794700,222530485800,3575.8528,3639.6392,3574.6885,3520.1182
112705000,3639.6243,5968900,77283200,20653763600,222607769000,3575.8528,3639.7228,3574.6885,3520.1182
112710000,3639.886,8859100,107499400,20662622700,222715268400,3575.8528,3639.9326,3574.6885,3520.1182
112715000,3640.1036,10029500,102263600,20672652200,222817532000,3575.8528,3640.3346,3574.6885,3520.1182
112720000,3640.3394,6552700,78904500,20679204900,222896436500,3575.8528,3640.3394,3574.6885,3520.1182
112725000,3640.2773,7883800,91630100,20687088700,222988066600,3575.8528,3640.3394,3574.6885,3520.1182
112730000,3640.4482,12482800,147411700,20699571500,223135478300,3575.8528,3640.4482,3574.6885,3520.1182
112735000,3640.4007,6769600,64864000,20706341100,223200342300,3575.8528,3640.4969,3574.6885,3520.1182
112740000,3640.527,10525000,108638300,20716866100,223308980600,3575.8528,3640.6211,3574.6885,3520.1182
112745000,3640.5726,7474700,91610100,20724340800,223400590700,3575.8528,3640.6211,3574.6885,3520.1182
112750000,3640.7396,6090800,78245900,20730431600,223478836600,3575.8528,3640.7747,3574.6885,3520.1182
112755000,3641.0188,7659900,83896500,20738091500,223562733100,3575.8528,3641.05,3574.6885,3520.1182
112800000,3641.1003,8336400,94853100,20746427900,223657586200,3575.8528,3641.1842,3574.6885,3520.1182
112805000,3641.2672,6435500,62262900,20752863400,223719849100,3575.8528,3641.2672,3574.6885,3520.1182
112810000,3641.4107,8470600,93654700,20761334000,223813503800,3575.8528,3641.4107,3574.6885,3520.1182
112815000,3641.502,10005900,95644600,20771339900,223909148400,3575.8528,3641.7498,3574.6885,3520.1182
112820000,3641.8504,9586800,104543700,20780926700,224013692100,3575.8528,3641.9102,3574.6885,3520.1182
112825000,3641.9636,8205300,89265600,20789132000,224102957700,3575.8528,3642.0364,3574.6885,3520.1182
112830000,3642.1446,9481900,98929400,20798613900,224201887100,3575.8528,3642.3712,3574.6885,3520.1182
112835000,3642.5637,8975700,86577800,20807589600,224288464900,3575.8528,3642.6012,3574.6885,3520.1182
112840000,3643.0151,9167400,103162800,20816757000,224391627700,3575.8528,3643.021,3574.6885,3520.1182
112845000,3642.7066,8357200,99906500,20825114200,224491534200,3575.8528,3643.021,3574.6885,3520.1182
112850000,3643.1542,8232500,91124300,20833346700,224582658500,3575.8528,3643.3588,3574.6885,3520.1182
112855000,3643.1161,10275800,94204400,20843622500,224676862900,3575.8528,3643.3588,3574.6885,3520.1182
112900000,3643.7185,9468000,101695900,20853090500,224778558800,3575.8528,3643.7185,3574.6885,3520.1182
112905000,3643.7227,4807200,60205600,20857897700,224838764400,3575.8528,3643.8198,3574.6885,3520.1182
112910000,3643.8833,9966300,109247700,20867864000,224948012100,3575.8528,3643.8833,3574.6885,3520.1182
112915000,3643.5491,6080600,74133900,20873944600,225022146000,3575.8528,3643.8833,3574.6885,3520.1182
112920000,3644.3565,6487500,82511800,20880432100,225104657800,3575.8528,3644.4556,3574.6885,3520.1182
112925000,3644.362,8708200,87369800,20889140300,225192027600,3575.8528,3644.4556,3574.6885,3520.1182
112930000,3644.2658,9400900,93347600,20898541200,225285375200,3575.8528,3644.4556,3574.6885,3520.1182
112935000,3644.0904,5807600,63521000,20904348800,225348896200,3575.8528,3644.4556,3574.6885,3520.1182
112940000,3644.2891,6149600,77286900,20910498400,225426183100,3575.8528,3644.4556,3574.6885,3520.1182
112945000,3644.5467,8435400,81912200,20918933800,225508095300,3575.8528,3644.6364,3574.6885,3520.1182
112950000,3644.6983,7374700,76651600,20926308500,225584746900,3575.8528,3644.6983,3574.6885,3520.1182
112955000,3644.5942,7053800,71915900,20933362300,225656662800,3575.8528,3644.7847,3574.6885,3520.1182
113000000,3645.0381,11446000,105898600,20944808300,225762561400,3575.8528,3645.3982,3574.6885,3520.1182
113005000,3644.9728,1917200,23184800,20946725500,225785746200,3575.8528,3645.3982,3574.6885,3520.1182
113010000,3644.9431,76700,1009400,20946802200,225786755600,3575.8528,3645.3982,3574.6885,3520.1182
130005000,3646.1046,89679400,832246400,21036481600,226619002000,3575.8528,3646.3354,3574.6885,3520.1182
130010000,3649.1414,196134400,1903342900,21232616000,228522344900,3575.8528,3649.43,3574.6885,3520.1182
130015000,3650.1523,35605500,378424500,21268221500,228900769400,3575.8528,3650.2712,3574.6885,3520.1182
130020000,3651.0312,14808200,189023500,21283029700,229089792900,3575.8528,3651.4861,3574.6885,3520.1182
130025000,3651.913,14317000,175795600,21297346700,229265588500,3575.8528,3652.0258,3574.6885,3520.1182
130030000,3652.3159,13381000,171164700,21310727700,229436753200,3575.8528,3652.5836,3574.6885,3520.1182
130035000,3652.4701,11587700,141001100,21322315400,229577754300,3575.8528,3652.5836,3574.6885,3520.1182
130040000,3653.4877,14455600,178506900,21336771000,229756261200,3575.8528,3653.5672,3574.6885,3520.1182
130045000,3654.1279,19168600,180506800,21355939600,229936768000,3575.8528,3654.1279,3574.6885,3520.1182
130050000,3653.8146,16978500,189666500,21372918100,230126434500,3575.8528,3654.1279,3574.6885,3520.1182
130055000,3654.4609,16707900,212450100,21389626000,230338884600,3575.8528,3654.9069,3574.6885,3520.1182
130100000,3655.4123,13579800,149484000,21403205800,230488368600,3575.8528,3655.4123,3574.6885,3520.1182
130105000,3655.8822,12592600,123347300,21415798400,230611715900,3575.8528,3655.9614,3574.6885,3520.1182
130110000,3656.0921,16085700,191243700,21431884100,230802959600,3575.8528,3656.1564,3574.6885,3520.1182
130115000,3656.2207,15712100,167532700,21447596200,230970492300,3575.8528,3656.2207,3574.6885,3520.1182
130120000,3656.724,13515100,179939200,21461111300,231150431500,3575.8528,3656.9523,3574.6885,3520.1182
130125000,3656.8132,14607600,167947700,21475718900,231318379200,3575.8528,3657.0275,3574.6885,3520.1182
130130000,3656.5644,20856000,282170200,21496574900,231600549400,3575.8528,3657.0275,3574.6885,3520.1182
130135000,3656.9866,25211600,469318700,21521786500,232069868100,3575.8528,3657.0275,3574.6885,3520.1182
130140000,3657.5751,21784400,321502700,21543570900,232391370800,3575.8528,3657.5751,3574.6885,3520.1182
130145000,3656.9351,17024700,183533500,21560595600,232574904300,3575.8528,3657.5751,3574.6885,3520.1182
130150000,3657.5613,15053600,163773200,21575649200,232738677500,3575.8528,3657.7067,3574.6885,3520.1182
130155000,3657.7338,16474500,174236000,21592123700,232912913500,3575.8528,3657.8953,3574.6885,3520.1182
130200000,3657.5661,16886600,180293800,21609010300,233093207300,3575.8528,3657.8953,3574.6885,3520.1182
130205000,3658.2427,12290700,167262700,21621301000,233260470000,3575.8528,3658.2427,3574.6885,3520.1182
130210000,3658.2452,15640100,168476700,21636941100,233428946700,3575.8528,3658.2452,3574.6885,3520.1182
130215000,3658.7722,13506000,164245300,21650447100,233593192000,3575.8528,3658.8686,3574.6885,3520.1182
130220000,3659.0212,14167200,172654300,21664614300,233765846300,3575.8528,3659.1291,3574.6885,3520.1182
130225000,3659.4939,12746600,146205300,21677360900,233912051600,3575.8528,3659.4939,3574.6885,3520.1182
130230000,3659.4057,14779700,157459900,21692140600,234069511500,3575.8528,3659.9003,3574.6885,3520.1182
130235000,3659.6646,11937600,129650800,21704078200,234199162300,3575.8528,3659.9003,3574.6885,3520.1182
130240000,3660.3087,20039500,197413900,21724117700,234396576200,3575.8528,3660.3087,3574.6885,3520.1182
130245000,3660.2488,16943000,183717000,21741060700,234580293200,3575.8528,3660.3653,3574.6885,3520.1182
130250000,3660.3753,14931100,165242000,21755991800,234745535200,3575.8528,3660.6614,3574.6885,3520.1182
130255000,3661.2848,14536600,143806700,21770528400,234889341900,3575.8528,3661.4487,3574.6885,3520.1182
130300000,3661.0271,15213300,150260600,21785741700,235039602500,3575.8528,3661.4487,3574.6885,3520.1182
130305000,3661.8968,9987700,111224300,21795729400,235150826800,3575.8528,3661.8968,3574.6885,3520.1182
130310000,3661.8627,12976600,147508600,21808706000,235298335400,3575.8528,3661.901,3574.6885,3520.1182
130315000,3662.1612,15864500,176303600,21824570500,235474639000,3575.8528,3662.2503,3574.6885,3520.1182
130320000,3662.4725,13745100,193739200,21838315600,235668378200,3575.8528,3662.4725,3574.6885,3520.1182
130325000,3662.6754,13332400,138745800,21851648000,235807124000,3575.8528,3662.7066,3574.6885,3520.1182
130330000,3662.589,12661700,155991200,21864309700,235963115200,3575.8528,3662.8795,3574.6885,3520.1182
130335000,3662.9656,13440200,155780300,21877749900,236118895500,3575.8528,3663.1747,3574.6885,3520.1182
130340000,3663.0039,14121100,161267000,21891871000,236280162500,3575.8528,3663.1747,3574.6885,3520.1182
130345000,3663.4134,11552600,149326000,21903423600,236429488500,3575.8528,3663.5804,3574.6885,3520.1182
130350000,3663.3931,13602700,155351400,21917026300,236584839900,3575.8528,3663.6004,3574.6885,3520.1182
130355000,3663.9466,11921600,119013100,21928947900,236703853000,3575.8528,3664.098,3574.6885,3520.1182
130400000,3664.0695,12960100,121759100,21941908000,236825612100,3575.8528,3664.098,3574.6885,3520.1182
130405000,3664.4219,8952000,102780300,21950860000,236928392400,3575.8528,3664.4219,3574.6885,3520.1182
130410000,3664.6162,13814100,149030500,21964674100,237077422900,3575.8528,3665.0216,3574.6885,3520.1182
130415000,3664.9282,12946700,135746200,21977620800,237213169100,3575.8528,3665.0311,3574.6885,3520.1182
130420000,3665.398,15246700,160512500,21992867500,237373681600,3575.8528,3665.5837,3574.6885,3520.1182
130425000,3665.4116,11320400,119927000,22004187900,237493608600,3575.8528,3665.5837,3574.6885,3520.1182
130430000,3665.7294,12849000,133694200,22017036900,237627302800,3575.8528,3665.7667,3574.6885,3520.1182
130435000,3666.1409,10370800,106312200,22027407700,237733615000,3575.8528,3666.1487,3574.6885,3520.1182
130440000,3665.9291,12404100,151181400,22039811800,237884796400,3575.8528,3666.205,3574.6885,3520.1182
130445000,3666.2206,17160200,165060700,22056972000,238049857100,3575.8528,3666.4666,3574.6885,3520.1182
130450000,3666.8765,12609900,141998700,22069581900,238191855800,3575.8528,3666.8765,3574.6885,3520.1182
130455000,3666.8272,11485200,126190200,22081067100,238318046000,3575.8528,3666.8765,3574.6885,3520.1182
130500000,3666.7714,14328900,170764800,22095396000,238488810800,3575.8528,3666.8765,3574.6885,3520.1182
130505000,3667.1141,11147300,125833200,22106543300,238614644000,3575.8528,3667.1568,3574.6885,3520.1182
130510000,3667.2344,14676500,136904800,22121219800,238751548800,3575.8528,3667.2546,3574.6885,3520.1182
130515000,3667.178,11640900,131120800,22132860700,238882669600,3575.8528,3667.3018,3574.6885,3520.1182
130520000,3667.3806,13181300,141050500,22146042000,239023720100,3575.8528,3667.5465,3574.6885,3520.1182
130525000,3667.2911,10226600,110011700,22156268600,239133731800,3575.8528,3667.5579,3574.6885,3520.1182
130530000,3667.7151,11778200,137278300,22168046800,239271010100,3575.8528,3667.8037,3574.6885,3520.1182
130535000,3667.8747,9990200,128616800,22178037000,239399626900,3575.8528,3667.8747,3574.6885,3520.1182
130540000,3667.6439,12979600,152020400,22191016600,239551647300,3575.8528,3667.8747,3574.6885,3520.1182
130545000,3668.0093,14062900,148419600,22205079500,239700066900,3575.8528,3668.0093,3574.6885,3520.1182
130550000,3668.1074,18191300,187437900,22223270800,239887504800,3575.8528,3668.1074,3574.6885,3520.1182
130555000,3667.9751,10397100,113561600,22233667900,240001066400,3575.8528,3668.1233,3574.6885,3520.1182
130600000,3668.1183,16138800,170029900,22249806700,240171096300,3575.8528,3668.3243,3574.6885,3520.1182
130605000,3667.8665,15206000,130054700,22265012700,240301151000,3575.8528,3668.3243,3574.6885,3520.1182
130610000,3668.3985,13512300,137005000,22278525000,240438156000,3575.8528,3668.3985,3574.6885,3520.1182
130615000,3668.1903,14167300,137994900,22292692300,240576150900,3575.8528,3668.3985,3574.6885,3520.1182
130620000,3668.2231,12687500,138040900,22305379800,240714191800,3575.8528,3668.4391,3574.6885,3520.1182
130625000,3668.4852,9293900,101991100,22314673700,240816182900,3575.8528,3668.4852,3574.6885,3520.1182
130630000,3668.7456,11463700,134524300,22326137400,240950707200,3575.8528,3668.9518,3574.6885,3520.1182
130635000,3668.9973,11521400,129826000,22337658800,241080533200,3575.8528,3669.0083,3574.6885,3520.1182
130640000,3668.7337,13052600,152107100,22350711400,241232640300,3575.8528,3669.0481,3574.6885,3520.1182
130645000,3668.7214,9815000,139065800,22360526400,241371706100,3575.8528,3669.0481,3574.6885,3520.1182
130650000,3668.9445,11336100,129212600,22371862500,241500918700,3575.8528,3669.0481,3574.6885,3520.1182
130655000,3669.0685,8515300,95774500,22380377800,241596693200,3575.8528,3669.0685,3574.6885,3520.1182
130700000,3669.1468,10908400,127007400,22391286200,241723700600,3575.8528,3669.1752,3574.6885,3520.1182
130705000,3669.2529,8327600,113055600,22399613800,241836756200,3575.8528,3669.4197,3574.6885,3520.1182
130710000,3669.5381,10263500,121152300,22409877300,241957908500,3575.8528,3669.6289,3574.6885,3520.1182
130715000,3669.3065,10326500,120619400,22420203800,242078527900,3575.8528,3669.6289,3574.6885,3520.1182
130720000,3669.3906,12895700,203026400,22433099500,242281554300,3575.8528,3669.6289,3574.6885,3520.1182
130725000,3669.5648,11598900,129872600,22444698400,242411426900,3575.8528,3669.6313,3574.6885,3520.1182
130730000,3669.6084,9189300,111558700,22453887700,242522985600,3575.8528,3669.7594,3574.6885,3520.1182
130735000,3669.478,9336300,110458800,22463224000,242633444400,3575.8528,3669.7594,3574.6885,3520.1182
130740000,3670.0281,13216400,176158700,22476440400,242809603100,3575.8528,3670.1201,3574.6885,3520.1182
130745000,3670.1165,11769500,141997600,22488209900,242951600700,3575.8528,3670.1201,3574.6885,3520.1182
130750000,3670.4173,15422700,171423700,22503632600,243123024400,3575.8528,3670.442,3574.6885,3520.1182
130755000,3670.2606,12167600,127689200,22515800200,243250713600,3575.8528,3670.442,3574.6885,3520.1182
130800000,3670.5233,10354900,141739400,22526155100,243392453000,3575.8528,3670.5233,3574.6885,3520.1182
130805000,3670.73,11612300,134194000,22537767400,243526647000,3575.8528,3670.7382,3574.6885,3520.1182
130810000,3671.0964,14326400,166653100,22552093800,243693300100,3575.8528,3671.0964,3574.6885,3520.1182
130815000,3671.133,10139400,117492000,22562233200,243810792100,3575.8528,3671.133,3574.6885,3520.1182
130820000,3671.3994,12212000,151226800,22574445200,243962018900,3575.8528,3671.4241,3574.6885,3520.1182
130825000,3671.3874,8605500,101875800,22583050700,244063894700,3575.8528,3671.5894,3574.6885,3520.1182
130830000,3671.4121,10233500,145389600,22593284200,244209284300,3575.8528,3671.5894,3574.6885,3520.1182
130835000,3671.3074,10136400,110301200,22603420600,244319585500,3575.8528,3671.5894,3574.6885,3520.1182
130840000,3671.7756,11494300,129091200,22614914900,244448676700,3575.8528,3671.7756,3574.6885,3520.1182
130845000,3671.8714,7706600,95162900,22622621500,244543839600,3575.8528,3671.9336,3574.6885,3520.1182
130850000,3672.0314,14275400,166899700,22636896900,244710739300,3575.8528,3672.2131,3574.6885,3520.1182
130855000,3672.2734,9609100,114817200,22646506000,244825556500,3575.8528,3672.3568,3574.6885,3520.1182
130900000,3672.5177,11156100,139414300,22657662100,244964970800,3575.8528,3672.7352,3574.6885,3520.1182
130905000,3672.6327,9417900,112139500,22667080000,245077110300,3575.8528,3672.7352,3574.6885,3520.1182
130910000,3672.9899,11226800,116334800,22678306800,245193445100,3575.8528,3673.0653,3574.6885,3520.1182
130915000,3672.9177,12024600,131734300,22690331400,245325179400,3575.8528,3673.0653,3574.6885,3520.1182
130920000,3673.3943,17380500,154016600,22707711900,245479196000,3575.8528,3673.5898,3574.6885,3520.1182
130925000,3673.5789,14284800,144208700,22721996700,245623404700,3575.8528,3673.7079,3574.6885,3520.1182
130930000,3673.5036,9356900,120731000,22731353600,245744135700,3575.8528,3673.785,3574.6885,3520.1182
130935000,3674.2267,8582700,115877400,22739936300,245860013100,3575.8528,3674.2267,3574.6885,3520.1182
130940000,3673.8329,11556300,131434200,22751492600,245991447300,3575.8528,3674.2267,3574.6885,3520.1182
130945000,3674.6021,8868300,112013500,22760360900,246103460800,3575.8528,3674.7052,3574.6885,3520.1182
130950000,3674.6816,12978500,149637100,22773339400,246253097900,3575.8528,3674.7052,3574.6885,3520.1182
130955000,3674.8799,10457300,107257500,22783796700,246360355400,3575.8528,3674.8799,3574.6885,3520.1182
131000000,3674.9981,13191600,145794200,22796988300,246506149600,3575.8528,3675.1878,3574.6885,3520.1182
131005000,3675.4525,7973000,97718100,22804961300,246603867700,3575.8528,3675.4525,3574.6885,3520.1182
131010000,3675.803,13809000,182242100,22818770300,246786109800,3575.8528,3675.9017,3574.6885,3520.1182
131015000,3676.3455,24954800,193711800,22843725100,246979821600,3575.8528,3676.3455,3574.6885,3520.1182
131020000,3676.4804,13111100,159821000,22856836200,247139642600,3575.8528,3676.4804,3574.6885,3520.1182
131025000,3676.5994,10733900,117888700,22867570100,247257531300,3575.8528,3676.5994,3574.6885,3520.1182
131030000,3676.5628,13919100,150897000,22881489200,247408428300,3575.8528,3676.9649,3574.6885,3520.1182
131035000,3677.1347,12919300,147214400,22894408500,247555642700,3575.8528,3677.1817,3574.6885,3520.1182
131040000,3677.4119,14683500,184588200,22909092000,247740230900,3575.8528,3677.6079,3574.6885,3520.1182
131045000,3677.5499,11073100,128778200,22920165100,247869009100,3575.8528,3677.7133,3574.6885,3520.1182
131050000,3677.6227,20426200,205097400,22940591300,248074106500,3575.8528,3677.7133,3574.6885,3520.1182
131055000,3677.576,14001100,125846400,22954592400,248199952900,3575.8528,3677.9911,3574.6885,3520.1182
131100000,3678.1441,12624700,129800700,22967217100,248329753600,3575.8528,3678.1441,3574.6885,3520.1182
131105000,3678.1512,8558100,93316200,22975775200,248423069800,3575.8528,3678.2815,3574.6885,3520.1182
131110000,3678.5799,20036700,176269500,22995811900,248599339300,3575.8528,3678.5799,3574.6885,3520.1182
131115000,3678.5907,16766400,155924700,23012578300,248755264000,3575.8528,3678.7586,3574.6885,3520.1182
131120000,3678.97,13505600,174433700,23026083900,248929697700,3575.8528,3679.0542,3574.6885,3520.1182
131125000,3679.5226,13027500,142107100,23039111400,249071804800,3575.8528,3679.5226,3574.6885,3520.1182
131130000,3679.6393,18724800,163682500,23057836200,249235487300,3575.8528,3679.7532,3574.6885,3520.1182
131135000,3679.915,12091900,126714100,23069928100,249362201400,3575.8528,3679.915,3574.6885,3520.1182
131140000,3680.1435,12751700,139087400,23082679800,249501288800,3575.8528,3680.1435,3574.6885,3520.1182
131145000,3680.2668,10233600,106675900,23092913400,249607964700,3575.8528,3680.299,3574.6885,3520.1182
131150000,3680.8471,10987200,130718500,23103900600,249738683200,3575.8528,3680.9392,3574.6885,3520.1182
131155000,3680.7718,11193700,142802100,23115094300,249881485300,3575.8528,3680.9392,3574.6885,3520.1182
131200000,3680.9524,11962500,131147000,23127056800,250012632300,3575.8528,3681.0119,3574.6885,3520.1182
131205000,3681.3137,12911000,153593900,23139967800,250166226200,3575.8528,3681.414,3574.6885,3520.1182
131210000,3681.5069,22513700,261888800,23162481500,250428115000,3575.8528,3681.5069,3574.6885,3520.1182
131215000,3681.7705,14404700,137510500,23176886200,250565625500,3575.8528,3681.7705,3574.6885,3520.1182
131220000,3681.8768,13622000,164970900,23190508200,250730596400,3575.8528,3681.8815,3574.6885,3520.1182
131225000,3682.1773,12238500,147016200,23202746700,250877612600,3575.8528,3682.1773,3574.6885,3520.1182
131230000,3682.1571,11631000,125550100,23214377700,251003162700,3575.8528,3682.1773,3574.6885,3520.1182
131235000,3682.4074,9922100,113190200,23224299800,251116352900,3575.8528,3682.4744,3574.6885,3520.1182
131240000,3682.0862,11644500,124867000,23235944300,251241219900,3575.8528,3682.4744,3574.6885,3520.1182
131245000,3682.5552,11386500,139131800,23247330800,251380351700,3575.8528,3682.5552,3574.6885,3520.1182
131250000,3682.4355,11810100,145979700,23259140900,251526331400,3575.8528,3682.5552,3574.6885,3520.1182
131255000,3682.2426,15115600,152389800,23274256500,251678721200,3575.8528,3682.5752,3574.6885,3520.1182
131300000,3682.4575,11097500,132225100,23285354000,251810946300,3575.8528,3682.5752,3574.6885,3520.1182
131305000,3682.1604,12545700,144623700,23297899700,251955570000,3575.8528,3682.5752,3574.6885,3520.1182
131310000,3682.6831,13520100,163414700,23311419800,252118984700,3575.8528,3682.6831,3574.6885,3520.1182
131315000,3681.8812,14901600,141368700,23326321400,252260353400,3575.8528,3682.6831,3574.6885,3520.1182
131320000,3681.8345,16842300,208822900,23343163700,252469176300,3575.8528,3682.6831,3574.6885,3520.1182
131325000,3681.4354,13425300,156499900,23356589000,252625676200,3575.8528,3682.6831,3574.6885,3520.1182
131330000,3680.6158,17928100,198712800,23374517100,252824389000,3575.8528,3682.6831,3574.6885,3520.1182
131335000,3679.1303,14388100,184592500,23388905200,253008981500,3575.8528,3682.6831,3574.6885,3520.1182
131340000,3679.0685,20355800,229818300,23409261000,253238799800,3575.8528,3682.6831,3574.6885,3520.1182
131345000,3677.9956,18192900,230678300,23427453900,253469478100,3575.8528,3682.6831,3574.6885,3520.1182
131350000,3677.9387,14450700,171447800,23441904600,253640925900,3575.8528,3682.6831,3574.6885,3520.1182
131355000,3677.1096,13642900,139883800,23455547500,253780809700,3575.8528,3682.6831,3574.6885,3520.1182
131400000,3677.2568,14048900,164337600,23469596400,253945147300,3575.8528,3682.6831,3574.6885,3520.1182
131405000,3676.7004,12618800,140002600,23482215200,254085149900,3575.8528,3682.6831,3574.6885,3520.1182
131410000,3675.8652,20507700,182223700,23502722900,254267373600,3575.8528,3682.6831,3574.6885,3520.1182
131415000,3676.1752,13690100,136969900,23516413000,254404343500,3575.8528,3682.6831,3574.6885,3520.1182
131420000,3675.6512,13359100,149465300,23529772100,254553808800,3575.8528,3682.6831,3574.6885,3520.1182
131425000,3675.2897,13700300,112573800,23543472400,254666382600,3575.8528,3682.6831,3574.6885,3520.1182
131430000,3675.4321,9499200,109872100,23552971600,254776254700,3575.8528,3682.6831,3574.6885,3520.1182
131435000,3675.7254,11585900,118713300,23564557500,254894968000,3575.8528,3682.6831,3574.6885,3520.1182
131440000,3675.5368,11605600,123476100,23576163100,255018444100,3575.8528,3682.6831,3574.6885,3520.1182
131445000,3675.1519,8535200,104457600,23584698300,255122901700,3575.8528,3682.6831,3574.6885,3520.1182
131450000,3674.7755,11405000,144003900,23596103300,255266905600,3575.8528,3682.6831,3574.6885,3520.1182
131455000,3674.8885,12257600,105640200,23608360900,255372545800,3575.8528,3682.6831,3574.6885,3520.1182
131500000,3674.064,11245600,125231600,23619606500,255497777400,3575.8528,3682.6831,3574.6885,3520.1182
131505000,3673.761,10209100,135287800,23629815600,255633065200,3575.8528,3682.6831,3574.6885,3520.1182
131510000,3673.7196,12602100,134856000,23642417700,255767921200,3575.8528,3682.6831,3574.6885,3520.1182
131515000,3673.8429,8914100,100804300,23651331800,255868725500,3575.8528,3682.6831,3574.6885,3520.1182
131520000,3673.955,12196500,126221900,23663528300,255994947400,3575.8528,3682.6831,3574.6885,3520.1182
131525000,3673.9538,8234200,88802000,23671762500,256083749400,3575.8528,3682.6831,3574.6885,3520.1182
131530000,3673.7283,9678400,102025600,23681440900,256185775000,3575.8528,3682.6831,3574.6885,3520.1182
131535000,3673.8162,8053800,87739400,23689494700,256273514400,3575.8528,3682.6831,3574.6885,3520.1182
131540000,3673.7091,9367600,101681000,23698862300,256375195400,3575.8528,3682.6831,3574.6885,3520.1182
131545000,3673.4718,8466800,96555100,23707329100,256471750500,3575.8528,3682.6831,3574.6885,3520.1182
131550000,3673.0903,10028800,121634300,23717357900,256593384800,3575.8528,3682.6831,3574.6885,3520.1182
131555000,3672.8615,7290500,94014000,23724648400,256687398800,3575.8528,3682.6831,3574.6885,3520.1182
131600000,3672.7306,8088200,97111600,23732736600,256784510400,3575.8528,3682.6831,3574.6885,3520.1182
131605000,3672.1919,6524300,81619300,23739260900,256866129700,3575.8528,3682.6831,3574.6885,3520.1182
131610000,3672.1918,9793500,114169700,23749054400,256980299400,3575.8528,3682.6831,3574.6885,3520.1182
131615000,3672.0041,8395100,94887700,23757449500,257075187100,3575.8528,3682.6831,3574.6885,3520.1182
131620000,3671.2639,10011900,132400200,23767461400,257207587300,3575.8528,3682.6831,3574.6885,3520.1182
131625000,3670.5309,10582700,119590500,23778044100,257327177800,3575.8528,3682.6831,3574.6885,3520.1182
131630000,3669.7354,11049300,112773200,23789093400,257439951000,3575.8528,3682.6831,3574.6885,3520.1182
131635000,3669.5383,9230900,109018700,23798324300,257548969700,3575.8528,3682.6831,3574.6885,3520.1182
131640000,3669.0359,12944500,137025400,23811268800,257685995100,3575.8528,3682.6831,3574.6885,3520.1182
131645000,3668.5149,8939500,106841100,23820208300,257792836200,3575.8528,3682.6831,3574.6885,3520.1182
131650000,3668.7538,9306500,129334600,23829514800,257922170800,3575.8528,3682.6831,3574.6885,3520.1182
131655000,3667.8565,10516400,113961800,23840031200,258036132600,3575.8528,3682.6831,3574.6885,3520.1182
131700000,3667.1567,11043300,139094300,23851074500,258175226900,3575.8528,3682.6831,3574.6885,3520.1182
131705000,3666.6326,9630500,104365300,23860705000,258279592200,3575.8528,3682.6831,3574.6885,3520.1182
131710000,3666.4618,12199700,122648300,23872904700,258402240500,3575.8528,3682.6831,3574.6885,3520.1182
131715000,3665.6703,11145600,144102700,23884050300,258546343200,3575.8528,3682.6831,3574.6885,3520.1182
131720000,3665.8659,10262600,122754700,23894312900,258669097900,3575.8528,3682.6831,3574.6885,3520.1182
131725000,3665.1366,10126100,127118500,23904439000,258796216400,3575.8528,3682.6831,3574.6885,3520.1182
131730000,3664.969,7533500,98507500,23911972500,258894723900,3575.8528,3682.6831,3574.6885,3520.1182
131735000,3664.4773,7086500,98640400,23919059000,258993364300,3575.8528,3682.6831,3574.6885,3520.1182
131740000,3664.0108,10883500,120072200,23929942500,259113436500,3575.8528,3682.6831,3574.6885,3520.1182
131745000,3664.2014,8659800,110184500,23938602300,259223621000,3575.8528,3682.6831,3574.6885,3520.1182
131750000,3663.9499,10304200,121318400,23948906500,259344939400,3575.8528,3682.6831,3574.6885,3520.1182
131755000,3664.1652,8336300,95759200,23957242800,259440698600,3575.8528,3682.6831,3574.6885,3520.1182
131800000,3664.2177,9031500,97267700,23966274300,259537966300,3575.8528,3682.6831,3574.6885,3520.1182
131805000,3663.6477,7595000,85225300,23973869300,259623191600,3575.8528,3682.6831,3574.6885,3520.1182
131810000,3663.4482,9726500,112209300,23983595800,259735400900,3575.8528,3682.6831,3574.6885,3520.1182
131815000,3663.4711,8385200,106266600,23991981000,259841667500,3575.8528,3682.6831,3574.6885,3520.1182
131820000,3663.0961,8097800,105920600,24000078800,259947588100,3575.8528,3682.6831,3574.6885,3520.1182
131825000,3663.0815,7852700,87460400,24007931500,260035048500,3575.8528,3682.6831,3574.6885,3520.1182
131830000,3662.6589,8864500,103636600,24016796000,260138685100,3575.8528,3682.6831,3574.6885,3520.1182
131835000,3663.002,9155600,107991200,24025951600,260246676300,3575.8528,3682.6831,3574.6885,3520.1182
131840000,3663.0927,10447100,115676300,24036398700,260362352600,3575.8528,3682.6831,3574.6885,3520.1182
131845000,3662.9996,9648100,108271500,24046046800,260470624100,3575.8528,3682.6831,3574.6885,3520.1182
131850000,3663.1984,11312300,124097900,24057359100,260594722000,3575.8528,3682.6831,3574.6885,3520.1182
131855000,3662.9269,8500100,99974000,24065859200,260694696000,3575.8528,3682.6831,3574.6885,3520.1182
131900000,3663.301,8143300,86689600,24074002500,260781385600,3575.8528,3682.6831,3574.6885,3520.1182
131905000,3663.3447,7035900,87367600,24081038400,260868753200,3575.8528,3682.6831,3574.6885,3520.1182
131910000,3663.3636,8981600,106064100,24090020000,260974817300,3575.8528,3682.6831,3574.6885,3520.1182
131915000,3663.8453,9371400,103430200,24099391400,261078247500,3575.8528,3682.6831,3574.6885,3520.1182
131920000,3664.0643,7535100,94394500,24106926500,261172642000,3575.8528,3682.6831,3574.6885,3520.1182
131925000,3663.7126,7665100,83852900,24114591600,261256494900,3575.8528,3682.6831,3574.6885,3520.1182
131930000,3663.7591,10610700,107129200,24125202300,261363624100,3575.8528,3682.6831,3574.6885,3520.1182
131935000,3664.3716,7390900,100957800,24132593200,261464581900,3575.8528,3682.6831,3574.6885,3520.1182
131940000,3664.3004,11516700,107813000,24144109900,261572394900,3575.8528,3682.6831,3574.6885,3520.1182
131945000,3664.8549,7309700,88947300,24151419600,261661342200,3575.8528,3682.6831,3574.6885,3520.1182
131950000,3664.7681,7519800,94119800,24158939400,261755462000,3575.8528,3682.6831,3574.6885,3520.1182
131955000,3665.2094,7030300,72505900,24165969700,261827967900,3575.8528,3682.6831,3574.6885,3520.1182
132000000,3665.2832,9356600,92356000,24175326300,261920323900,3575.8528,3682.6831,3574.6885,3520.1182
132005000,3664.8637,7733400,74473300,24183059700,261994797200,3575.8528,3682.6831,3574.6885,3520.1182
132010000,3665.0494,10252700,97608300,24193312400,262092405500,3575.8528,3682.6831,3574.6885,3520.1182
132015000,3665.4009,8483600,83612600,24201796000,262176018100,3575.8528,3682.6831,3574.6885,3520.1182
132020000,3664.9077,7825300,102771300,24209621300,262278789400,3575.8528,3682.6831,3574.6885,3520.1182
132025000,3665.3823,6187300,83223200,24215808600,262362012600,3575.8528,3682.6831,3574.6885,3520.1182
132030000,3665.6288,7845500,80172400,24223654100,262442185000,3575.8528,3682.6831,3574.6885,3520.1182
132035000,3665.7537,6589200,74681300,24230243300,262516866300,3575.8528,3682.6831,3574.6885,3520.1182
132040000,3665.9257,8914100,91383800,24239157400,262608250100,3575.8528,3682.6831,3574.6885,3520.1182
132045000,3665.8978,7520900,97778100,24246678300,262706028200,3575.8528,3682.6831,3574.6885,3520.1182
132050000,3666.2268,6470900,77170000,24253149200,262783198200,3575.8528,3682.6831,3574.6885,3520.1182
132055000,3666.1574,5591400,59593700,24258740600,262842791900,3575.8528,3682.6831,3574.6885,3520.1182
132100000,3666.3896,7050600,86820400,24265791200,262929612300,3575.8528,3682.6831,3574.6885,3520.1182
132105000,3666.5572,4642500,61448900,24270433700,262991061200,3575.8528,3682.6831,3574.6885,3520.1182
132110000,3666.8104,7901800,85617300,24278335500,263076678500,3575.8528,3682.6831,3574.6885,3520.1182
132115000,3666.9265,6143400,77521500,24284478900,263154200000,3575.8528,3682.6831,3574.6885,3520.1182
132120000,3666.5891,7196900,87639900,24291675800,263241839900,3575.8528,3682.6831,3574.6885,3520.1182
132125000,3666.9878,6773400,68518000,24298449200,263310357900,3575.8528,3682.6831,3574.6885,3520.1182
132130000,3667.121,6051200,66474900,24304500400,263376832800,3575.8528,3682.6831,3574.6885,3520.1182
132135000,3667.3404,5733800,82476300,24310234200,263459309100,3575.8528,3682.6831,3574.6885,3520.1182
132140000,3667.6456,7150500,100166700,24317384700,263559475800,3575.8528,3682.6831,3574.6885,3520.1182
132145000,3667.928,4772000,59038900,24322156700,263618514700,3575.8528,3682.6831,3574.6885,3520.1182
132150000,3667.9785,6855100,82088300,24329011800,263700603000,3575.8528,3682.6831,3574.6885,3520.1182
132155000,3667.9069,6946500,82337500,24335958300,263782940500,3575.8528,3682.6831,3574.6885,3520.1182
132200000,3668.3281,9310500,93373900,24345268800,263876314400,3575.8528,3682.6831,3574.6885,3520.1182
132205000,3668.232,6287800,78657700,24351556600,263954972100,3575.8528,3682.6831,3574.6885,3520.1182
132210000,3668.4558,8611200,94008100,24360167800,264048980200,3575.8528,3682.6831,3574.6885,3520.1182
132215000,3668.6794,7012800,89528900,24367180600,264138509100,3575.8528,3682.6831,3574.6885,3520.1182
132220000,3668.8134,7342000,101160300,24374522600,264239669400,3575.8528,3682.6831,3574.6885,3520.1182
132225000,3669.1237,9401200,89439900,24383923800,264329109300,3575.8528,3682.6831,3574.6885,3520.1182
132230000,3668.7436,6725000,84688300,24390648800,264413797600,3575.8528,3682.6831,3574.6885,3520.1182
132235000,3669.1206,6751300,74495900,24397400100,264488293500,3575.8528,3682.6831,3574.6885,3520.1182
132240000,3669.5358,7215200,93716400,24404615300,264582009900,3575.8528,3682.6831,3574.6885,3520.1182
132245000,3669.7591,6822600,86021200,24411437900,264668031100,3575.8528,3682.6831,3574.6885,3520.1182
132250000,3669.6739,5867000,92136000,24417304900,264760167100,3575.8528,3682.6831,3574.6885,3520.1182
132255000,3670.3938,7877900,133907000,24425182800,264894074100,3575.8528,3682.6831,3574.6885,3520.1182
132300000,3670.2356,6965200,83566000,24432148000,264977640100,3575.8528,3682.6831,3574.6885,3520.1182
132305000,3670.4168,6691300,80436100,24438839300,265058076200,3575.8528,3682.6831,3574.6885,3520.1182
132310000,3670.5721,6337400,90587900,24445176700,265148664100,3575.8528,3682.6831,3574.6885,3520.1182
132315000,3670.5649,7087400,82319400,24452264100,265230983500,3575.8528,3682.6831,3574.6885,3520.1182
132320000,3670.6933,5483200,65157000,24457747300,265296140500,3575.8528,3682.6831,3574.6885,3520.1182
132325000,3670.9203,6380100,76187500,24464127400,265372328000,3575.8528,3682.6831,3574.6885,3520.1182
132330000,3670.7256,6629600,88169700,24470757000,265460497700,3575.8528,3682.6831,3574.6885,3520.1182
132335000,3670.7179,4928700,63394100,24475685700,265523891800,3575.8528,3682.6831,3574.6885,3520.1182
132340000,3670.6848,10990400,108695200,24486676100,265632587000,3575.8528,3682.6831,3574.6885,3520.1182
132345000,3670.648,7284300,84293000,24493960400,265716880000,3575.8528,3682.6831,3574.6885,3520.1182
132350000,3670.7302,8911200,100817000,24502871600,265817697000,3575.8528,3682.6831,3574.6885,3520.1182
132355000,3670.4884,6944800,85248100,24509816400,265902945100,3575.8528,3682.6831,3574.6885,3520.1182
132400000,3670.6992,7815400,91227500,24517631800,265994172600,3575.8528,3682.6831,3574.6885,3520.1182
132405000,3670.9353,5163700,79982700,24522795500,266074155300,3575.8528,3682.6831,3574.6885,3520.1182
132410000,3670.0898,6643100,75953000,24529438600,266150108300,3575.8528,3682.6831,3574.6885,3520.1182
132415000,3670.4879,8362000,99456100,24537800600,266249564400,3575.8528,3682.6831,3574.6885,3520.1182
132420000,3670.3312,6777000,97866200,24544577600,266347430600,3575.8528,3682.6831,3574.6885,3520.1182
132425000,3670.4459,8996700,85304000,24553574300,266432734600,3575.8528,3682.6831,3574.6885,3520.1182
132430000,3670.5204,6453000,78254700,24560027300,266510989300,3575.8528,3682.6831,3574.6885,3520.1182
132435000,3670.4258,7254300,85653600,24567281600,266596642900,3575.8528,3682.6831,3574.6885,3520.1182
132440000,3670.4016,6692200,77028500,24573973800,266673671400,3575.8528,3682.6831,3574.6885,3520.1182
132445000,3670.4449,5665600,75104000,24579639400,266748775400,3575.8528,3682.6831,3574.6885,3520.1182
132450000,3670.8369,10904100,112486000,24590543500,266861261400,3575.8528,3682.6831,3574.6885,3520.1182
132455000,3670.5695,5897400,63883500,24596440900,266925144900,3575.8528,3682.6831,3574.6885,3520.1182
132500000,3671.03,6058300,73631200,24602499200,266998776100,3575.8528,3682.6831,3574.6885,3520.1182
132505000,3670.5955,5947000,72167900,24608446200,267070944000,3575.8528,3682.6831,3574.6885,3520.1182
132510000,3670.8512,7809800,94556400,24616256000,267165500400,3575.8528,3682.6831,3574.6885,3520.1182
132515000,3670.8429,7101900,74978700,24623357900,267240479100,3575.8528,3682.6831,3574.6885,3520.1182
132520000,3670.8462,8973200,106216000,24632331100,267346695100,3575.8528,3682.6831,3574.6885,3520.1182
132525000,3671.1577,7264700,83005200,24639595800,267429700300,3575.8528,3682.6831,3574.6885,3520.1182
132530000,3671.2912,7993600,77219700,24647589400,267506920000,3575.8528,3682.6831,3574.6885,3520.1182
132535000,3671.0299,7092400,90654300,24654681800,267597574300,3575.8528,3682.6831,3574.6885,3520.1182
132540000,3671.3338,10101100,133321700,24664782900,267730896000,3575.8528,3682.6831,3574.6885,3520.1182
132545000,3671.2055,6434500,81558800,24671217400,267812454800,3575.8528,3682.6831,3574.6885,3520.1182
132550000,3671.2863,8192500,92331300,24679409900,267904786100,3575.8528,3682.6831,3574.6885,3520.1182
132555000,3671.3216,5708200,61759700,24685118100,267966545800,3575.8528,3682.6831,3574.6885,3520.1182
132600000,3671.2156,7266700,99176800,24692384800,268065722600,3575.8528,3682.6831,3574.6885,3520.1182
132605000,3671.3004,5796500,63427400,24698181300,268129150000,3575.8528,3682.6831,3574.6885,3520.1182
132610000,3671.3959,8380100,88889400,24706561400,268218039400,3575.8528,3682.6831,3574.6885,3520.1182
132615000,3671.357,7713600,94322000,24714275000,268312361400,3575.8528,3682.6831,3574.6885,3520.1182
132620000,3671.385,7453100,87226300,24721728100,268399587700,3575.8528,3682.6831,3574.6885,3520.1182
132625000,3671.2199,7843400,84587400,24729571500,268484175100,3575.8528,3682.6831,3574.6885,3520.1182
132630000,3671.6719,5879800,74025400,24735451300,268558200500,3575.8528,3682.6831,3574.6885,3520.1182
132635000,3671.4913,5004500,58143100,24740455800,268616343600,3575.8528,3682.6831,3574.6885,3520.1182
132640000,3671.7613,7591200,81484600,24748047000,268697828200,3575.8528,3682.6831,3574.6885,3520.1182
132645000,3671.52,6609100,82351300,24754656100,268780179500,3575.8528,3682.6831,3574.6885,3520.1182
132650000,3671.7266,7017800,108335500,24761673900,268888515000,3575.8528,3682.6831,3574.6885,3520.1182
132655000,3671.6356,5958600,81782800,24767632500,268970297800,3575.8528,3682.6831,3574.6885,3520.1182
132700000,3671.5386,7282000,78137600,24774914500,269048435400,3575.8528,3682.6831,3574.6885,3520.1182
132705000,3671.3564,6479400,88878300,24781393900,269137313700,3575.8528,3682.6831,3574.6885,3520.1182
132710000,3671.5145,6838200,90112400,24788232100,269227426100,3575.8528,3682.6831,3574.6885,3520.1182
132715000,3671.5826,5622600,79657200,24793854700,269307083300,3575.8528,3682.6831,3574.6885,3520.1182
132720000,3671.7082,5965400,74944000,24799820100,269382027300,3575.8528,3682.6831,3574.6885,3520.1182
132725000,3671.7219,5522200,72921900,24805342300,269454949200,3575.8528,3682.6831,3574.6885,3520.1182
132730000,3671.7838,6792100,78153700,24812134400,269533102900,3575.8528,3682.6831,3574.6885,3520.1182
132735000,3671.6586,6164300,71148900,24818298700,269604251800,3575.8528,3682.6831,3574.6885,3520.1182
132740000,3672.1004,6804300,92052700,24825103000,269696304500,3575.8528,3682.6831,3574.6885,3520.1182
132745000,3671.4464,5516400,74451900,24830619400,269770756400,3575.8528,3682.6831,3574.6885,3520.1182
132750000,3671.9879,7623100,82174200,24838242500,269852930600,3575.8528,3682.6831,3574.6885,3520.1182
132755000,3671.9888,4772200,55387700,24843014700,269908318300,3575.8528,3682.6831,3574.6885,3520.1182
132800000,3672.128,7001600,78230000,24850016300,269986548300,3575.8528,3682.6831,3574.6885,3520.1182
132805000,3672.4029,5543700,79777600,24855560000,270066325900,3575.8528,3682.6831,3574.6885,3520.1182
132810000,3672.3943,7162800,84488500,24862722800,270150814400,3575.8528,3682.6831,3574.6885,3520.1182
132815000,3672.4317,7301900,82928300,24870024700,270233742700,3575.8528,3682.6831,3574.6885,3520.1182
132820000,3672.7118,6262300,77876200,24876287000,270311618900,3575.8528,3682.6831,3574.6885,3520.1182
132825000,3672.2629,6183200,62541900,24882470200,270374160800,3575.8528,3682.6831,3574.6885,3520.1182
132830000,3672.6646,6541600,77409800,24889011800,270451570600,3575.8528,3682.6831,3574.6885,3520.1182
132835000,3672.7066,4714000,61530800,24893725800,270513101400,3575.8528,3682.6831,3574.6885,3520.1182
132840000,3672.7381,8222200,114207400,24901948000,270627308800,3575.8528,3682.6831,3574.6885,3520.1182
132845000,3671.9962,4645100,67203100,24906593100,270694511900,3575.8528,3682.6831,3574.6885,3520.1182
132850000,3672.4258,7057700,89859600,24913650800,270784371500,3575.8528,3682.6831,3574.6885,3520.1182
132855000,3672.6471,8650800,97923600,24922301600,270882295100,3575.8528,3682.6831,3574.6885,3520.1182
132900000,3672.4286,6660700,97963200,24928962300,270980258300,3575.8528,3682.6831,3574.6885,3520.1182
132905000,3672.4818,4768400,64256600,24933730700,271044514900,3575.8528,3682.6831,3574.6885,3520.1182
132910000,3672.7897,6427700,94822000,24940158400,271139336900,3575.8528,3682.6831,3574.6885,3520.1182
132915000,3673.0411,5484900,77242800,24945643300,271216579700,3575.8528,3682.6831,3574.6885,3520.1182
132920000,3672.8735,7265900,90808500,24952909200,271307388200,3575.8528,3682.6831,3574.6885,3520.1182
132925000,3673.3029,6413300,65289400,24959322500,271372677600,3575.8528,3682.6831,3574.6885,3520.1182
132930000,3673.1068,6386600,71494500,24965709100,271444172100,3575.8528,3682.6831,3574.6885,3520.1182
132935000,3672.8948,5496600,74436000,24971205700,271518608100,3575.8528,3682.6831,3574.6885,3520.1182
132940000,3673.0664,7123700,89985400,24978329400,271608593500,3575.8528,3682.6831,3574.6885,3520.1182
132945000,3673.5248,5742500,67986200,24984071900,271676579700,3575.8528,3682.6831,3574.6885,3520.1182
132950000,3673.3715,6316400,86015400,24990388300,271762595100,3575.8528,3682.6831,3574.6885,3520.1182
132955000,3673.3657,7618400,72542800,24998006700,271835137900,3575.8528,3682.6831,3574.6885,3520.1182
133000000,3673.7923,6885800,74778800,25004892500,271909916700,3575.8528,3682.6831,3574.6885,3520.1182
133005000,3673.6225,4759000,73721800,25009651500,271983638500,3575.8528,3682.6831,3574.6885,3520.1182
133010000,3673.8588,5493500,75671800,25015145000,272059310300,3575.8528,3682.6831,3574.6885,3520.1182
133015000,3673.7316,6729800,80448100,25021874800,272139758400,3575.8528,3682.6831,3574.6885,3520.1182
133020000,3673.7523,5781100,78852000,25027655900,272218610400,3575.8528,3682.6831,3574.6885,3520.1182
133025000,3673.7537,6641200,69784100,25034297100,272288394500,3575.8528,3682.6831,3574.6885,3520.1182
133030000,3673.8965,7063100,92935200,25041360200,272381329700,3575.8528,3682.6831,3574.6885,3520.1182
133035000,3674.1534,5242000,61263900,25046602200,272442593600,3575.8528,3682.6831,3574.6885,3520.1182
133040000,3674.3026,6662800,82310900,25053265000,272524904500,3575.8528,3682.6831,3574.6885,3520.1182
133045000,3674.2007,7666600,72329000,25060931600,272597233500,3575.8528,3682.6831,3574.6885,3520.1182
133050000,3674.2683,7839500,96862600,25068771100,272694096100,3575.8528,3682.6831,3574.6885,3520.1182
133055000,3673.8947,5069100,51352700,25073840200,272745448800,3575.8528,3682.6831,3574.6885,3520.1182
133100000,3674.224,7290600,80707900,25081130800,272826156700,3575.8528,3682.6831,3574.6885,3520.1182
133105000,3674.0893,5005500,63191500,25086136300,272889348200,3575.8528,3682.6831,3574.6885,3520.1182
133110000,3674.2187,8080700,105186300,25094217000,272994534500,3575.8528,3682.6831,3574.6885,3520.1182
133115000,3674.0841,6625500,74882800,25100842500,273069417300,3575.8528,3682.6831,3574.6885,3520.1182
133120000,3674.0207,9441200,90051800,25110283700,273159469100,3575.8528,3682.6831,3574.6885,3520.1182
133125000,3674.1594,5514000,67590900,25115797700,273227060000,3575.8528,3682.6831,3574.6885,3520.1182
133130000,3673.3585,7507400,87338800,25123305100,273314398800,3575.8528,3682.6831,3574.6885,3520.1182
133135000,3672.9022,11217300,130672500,25134522400,273445071300,3575.8528,3682.6831,3574.6885,3520.1182
133140000,3671.5727,13225300,156450200,25147747700,273601521500,3575.8528,3682.6831,3574.6885,3520.1182
133145000,3670.9903,10860800,128598300,25158608500,273730119800,3575.8528,3682.6831,3574.6885,3520.1182
133150000,3669.4992,9628700,124179700,25168237200,273854299500,3575.8528,3682.6831,3574.6885,3520.1182
133155000,3669.046,9586500,110167900,25177823700,273964467400,3575.8528,3682.6831,3574.6885,3520.1182
133200000,3668.4432,11088900,109785300,25188912600,274074252700,3575.8528,3682.6831,3574.6885,3520.1182
133205000,3667.7654,7396300,82957100,25196308900,274157209800,3575.8528,3682.6831,3574.6885,3520.1182
133210000,3667.6831,9361300,105324500,25205670200,274262534300,3575.8528,3682.6831,3574.6885,3520.1182
133215000,3667.5192,7056700,83885300,25212726900,274346419600,3575.8528,3682.6831,3574.6885,3520.1182
133220000,3667.2561,8507200,112538700,25221234100,274458958300,3575.8528,3682.6831,3574.6885,3520.1182
133225000,3667.4919,6359500,70678500,25227593600,274529636800,3575.8528,3682.6831,3574.6885,3520.1182
133230000,3667.3243,5846800,74927400,25233440400,274604564200,3575.8528,3682.6831,3574.6885,3520.1182
133235000,3667.1461,6192800,65166900,25239633200,274669731100,3575.8528,3682.6831,3574.6885,3520.1182
133240000,3666.9401,8965500,104073300,25248598700,274773804400,3575.8528,3682.6831,3574.6885,3520.1182
133245000,3666.7549,6770700,79299400,25255369400,274853103800,3575.8528,3682.6831,3574.6885,3520.1182
133250000,3666.967,8551800,95872200,25263921200,274948976000,3575.8528,3682.6831,3574.6885,3520.1182
133255000,3666.7781,6685200,75974300,25270606400,275024950300,3575.8528,3682.6831,3574.6885,3520.1182
133300000,3666.5512,7163600,70218500,25277770000,275095168800,3575.8528,3682.6831,3574.6885,3520.1182
133305000,3666.2594,6380300,70146900,25284150300,275165315700,3575.8528,3682.6831,3574.6885,3520.1182
133310000,3666.4197,6649100,81483200,25290799400,275246798900,3575.8528,3682.6831,3574.6885,3520.1182
133315000,3666.1641,5244400,69635300,25296043800,275316434200,3575.8528,3682.6831,3574.6885,3520.1182
133320000,3666.1608,8019000,88248400,25304062800,275404682600,3575.8528,3682.6831,3574.6885,3520.1182
133325000,3665.7731,6551500,72988700,25310614300,275477671300,3575.8528,3682.6831,3574.6885,3520.1182
133330000,3665.5996,5468100,76796200,25316082400,275554467500,3575.8528,3682.6831,3574.6885,3520.1182
133335000,3665.3344,5576300,64091800,25321658700,275618559300,3575.8528,3682.6831,3574.6885,3520.1182
133340000,3665.1008,10659300,112050700,25332318000,275730610000,3575.8528,3682.6831,3574.6885,3520.1182
133345000,3663.6859,8927000,114600900,25341245000,275845210900,3575.8528,3682.6831,3574.6885,3520.1182
133350000,3663.8645,8720800,97800500,25349965800,275943011400,3575.8528,3682.6831,3574.6885,3520.1182
133355000,3663.224,9407300,105348200,25359373100,276048359600,3575.8528,3682.6831,3574.6885,3520.1182
133400000,3662.7312,7825900,91036100,25367199000,276139395700,3575.8528,3682.6831,3574.6885,3520.1182
133405000,3661.7581,7247500,84858400,25374446500,276224254100,3575.8528,3682.6831,3574.6885,3520.1182
133410000,3661.2046,11272600,146540500,25385719100,276370794600,3575.8528,3682.6831,3574.6885,3520.1182
133415000,3660.6008,9430600,117943500,25395149700,276488738100,3575.8528,3682.6831,3574.6885,3520.1182
133420000,3660.6614,10080900,118332300,25405230600,276607070400,3575.8528,3682.6831,3574.6885,3520.1182
133425000,3660.3787,8847900,91631200,25414078500,276698701600,3575.8528,3682.6831,3574.6885,3520.1182
133430000,3659.7105,9171600,107501200,25423250100,276806202800,3575.8528,3682.6831,3574.6885,3520.1182
133435000,3659.542,7079700,85562600,25430329800,276891765400,3575.8528,3682.6831,3574.6885,3520.1182
133440000,3659.5752,9385800,104035300,25439715600,276995800700,3575.8528,3682.6831,3574.6885,3520.1182
133445000,3658.9204,10561700,101575500,25450277300,277097376200,3575.8528,3682.6831,3574.6885,3520.1182
133450000,3659.2859,9042000,108063100,25459319300,277205439300,3575.8528,3682.6831,3574.6885,3520.1182
133455000,3658.7582,6970200,86305200,25466289500,277291744500,3575.8528,3682.6831,3574.6885,3520.1182
133500000,3658.4316,9166600,118367900,25475456100,277410112400,3575.8528,3682.6831,3574.6885,3520.1182
133505000,3658.0811,9189000,91724200,25484645100,277501836600,3575.8528,3682.6831,3574.6885,3520.1182
133510000,3657.9578,9570500,111537000,25494215600,277613373600,3575.8528,3682.6831,3574.6885,3520.1182
133515000,3657.4927,7069900,76804300,25501285500,277690177900,3575.8528,3682.6831,3574.6885,3520.1182
133520000,3657.6952,8760200,103064200,25510045700,277793242100,3575.8528,3682.6831,3574.6885,3520.1182
133525000,3657.4774,7604400,85108600,25517650100,277878350700,3575.8528,3682.6831,3574.6885,3520.1182
133530000,3657.3452,8156600,86014700,25525806700,277964365400,3575.8528,3682.6831,3574.6885,3520.1182
133535000,3656.9897,7399900,85916800,25533206600,278050282200,3575.8528,3682.6831,3574.6885,3520.1182
133540000,3656.5064,8834000,108797600,25542040600,278159079800,3575.8528,3682.6831,3574.6885,3520.1182
133545000,3656.6462,8351700,92318500,25550392300,278251398300,3575.8528,3682.6831,3574.6885,3520.1182
133550000,3656.3495,9024200,114427000,25559416500,278365825300,3575.8528,3682.6831,3574.6885,3520.1182
133555000,3656.0451,9186100,104676100,25568602600,278470501400,3575.8528,3682.6831,3574.6885,3520.1182
133600000,3656.4368,7249600,82037300,25575852200,278552538700,3575.8528,3682.6831,3574.6885,3520.1182
133605000,3656.0545,5522000,66939000,25581374200,278619477700,3575.8528,3682.6831,3574.6885,3520.1182
133610000,3655.487,8486200,118804700,25589860400,278738282400,3575.8528,3682.6831,3574.6885,3520.1182
133615000,3655.5629,8110400,83248100,25597970800,278821530500,3575.8528,3682.6831,3574.6885,3520.1182
133620000,3656.396,9394200,122574400,25607365000,278944104900,3575.8528,3682.6831,3574.6885,3520.1182
133625000,3656.7564,8527700,98265600,25615892700,279042370500,3575.8528,3682.6831,3574.6885,3520.1182
133630000,3656.6272,6404100,84961500,25622296800,279127332000,3575.8528,3682.6831,3574.6885,3520.1182
133635000,3656.8432,6286800,73327900,25628583600,279200659900,3575.8528,3682.6831,3574.6885,3520.1182
133640000,3656.8656,9373000,112368800,25637956600,279313028700,3575.8528,3682.6831,3574.6885,3520.1182
133645000,3656.7793,6875700,91658800,25644832300,279404687500,3575.8528,3682.6831,3574.6885,3520.1182
133650000,3656.4672,7935600,97025700,25652767900,279501713200,3575.8528,3682.6831,3574.6885,3520.1182
133655000,3656.4379,7906400,87890700,25660674300,279589603900,3575.8528,3682.6831,3574.6885,3520.1182
133700000,3656.5165,7739200,91099700,25668413500,279680703600,3575.8528,3682.6831,3574.6885,3520.1182
133705000,3656.5953,5769900,64374300,25674183400,279745077900,3575.8528,3682.6831,3574.6885,3520.1182
133710000,3656.5261,9195300,103818300,25683378700,279848896200,3575.8528,3682.6831,3574.6885,3520.1182
133715000,3656.5592,5423800,77161200,25688802500,279926057400,3575.8528,3682.6831,3574.6885,3520.1182
133720000,3656.6278,6946100,80523100,25695748600,280006580500,3575.8528,3682.6831,3574.6885,3520.1182
133725000,3656.6473,7851200,71632000,25703599800,280078212500,3575.8528,3682.6831,3574.6885,3520.1182
133730000,3656.654,6585400,86855200,25710185200,280165067700,3575.8528,3682.6831,3574.6885,3520.1182
133735000,3656.3146,5377200,68139600,25715562400,280233207300,3575.8528,3682.6831,3574.6885,3520.1182
133740000,3656.624,9052400,96121600,25724614800,280329328900,3575.8528,3682.6831,3574.6885,3520.1182
133745000,3656.5543,7282100,77130500,25731896900,280406459400,3575.8528,3682.6831,3574.6885,3520.1182
133750000,3656.2939,6884600,74124100,25738781500,280480583500,3575.8528,3682.6831,3574.6885,3520.1182
133755000,3656.6233,6651900,75275500,25745433400,280555859000,3575.8528,3682.6831,3574.6885,3520.1182
133800000,3656.1858,6113100,75587400,25751546500,280631446400,3575.8528,3682.6831,3574.6885,3520.1182
133805000,3656.3092,5110700,57485600,25756657200,280688932000,3575.8528,3682.6831,3574.6885,3520.1182
133810000,3656.4333,6604600,76120600,25763261800,280765052600,3575.8528,3682.6831,3574.6885,3520.1182
133815000,3656.3721,5247300,67026000,25768509100,280832078600,3575.8528,3682.6831,3574.6885,3520.1182
133820000,3656.6914,6781100,83911400,25775290200,280915990000,3575.8528,3682.6831,3574.6885,3520.1182
133825000,3656.0724,6326100,65796600,25781616300,280981786600,3575.8528,3682.6831,3574.6885,3520.1182
133830000,3656.5156,5257000,72258300,25786873300,281054044900,3575.8528,3682.6831,3574.6885,3520.1182
133835000,3656.4065,5207900,61139300,25792081200,281115184200,3575.8528,3682.6831,3574.6885,3520.1182
133840000,3656.8025,7962500,85924200,25800043700,281201108400,3575.8528,3682.6831,3574.6885,3520.1182
133845000,3656.4381,6149900,79025600,25806193600,281280134000,3575.8528,3682.6831,3574.6885,3520.1182
133850000,3656.2897,5324200,69439600,25811517800,281349573600,3575.8528,3682.6831,3574.6885,3520.1182
133855000,3656.5424,5123600,57248400,25816641400,281406822000,3575.8528,3682.6831,3574.6885,3520.1182
133900000,3656.7301,4833000,56818000,25821474400,281463640000,3575.8528,3682.6831,3574.6885,3520.1182
133905000,3656.5161,6318900,59185800,25827793300,281522825800,3575.8528,3682.6831,3574.6885,3520.1182
133910000,3656.6804,7335600,92209000,25835128900,281615034800,3575.8528,3682.6831,3574.6885,3520.1182
133915000,3656.6143,5153100,71649500,25840282000,281686684300,3575.8528,3682.6831,3574.6885,3520.1182
133920000,3656.5069,6983100,89671400,25847265100,281776355700,3575.8528,3682.6831,3574.6885,3520.1182
133925000,3656.3516,7707600,85933800,25854972700,281862289500,3575.8528,3682.6831,3574.6885,3520.1182
133930000,3656.4204,6515000,71752600,25861487700,281934042100,3575.8528,3682.6831,3574.6885,3520.1182
133935000,3656.3677,4806500,66519900,25866294200,282000562000,3575.8528,3682.6831,3574.6885,3520.1182
133940000,3656.1121,6277300,86954200,25872571500,282087516200,3575.8528,3682.6831,3574.6885,3520.1182
133945000,3656.0119,7407900,95511200,25879979400,282183027400,3575.8528,3682.6831,3574.6885,3520.1182
133950000,3655.7527,6290100,77270000,25886269500,282260297400,3575.8528,3682.6831,3574.6885,3520.1182
133955000,3655.6854,4999500,67269000,25891269000,282327566400,3575.8528,3682.6831,3574.6885,3520.1182
134000000,3655.8886,5673300,66201000,25896942300,282393767400,3575.8528,3682.6831,3574.6885,3520.1182
134005000,3656.2293,6212500,74771600,25903154800,282468539000,3575.8528,3682.6831,3574.6885,3520.1182
134010000,3655.5211,6806000,82249500,25909960800,282550788500,3575.8528,3682.6831,3574.6885,3520.1182
134015000,3655.8643,5164100,65551700,25915124900,282616340200,3575.8528,3682.6831,3574.6885,3520.1182
134020000,3655.9457,8563600,130450700,25923688500,282746790900,3575.8528,3682.6831,3574.6885,3520.1182
134025000,3655.998,6282600,105261300,25929971100,282852052200,3575.8528,3682.6831,3574.6885,3520.1182
134030000,3655.9189,4899600,57496700,25934870700,282909548900,3575.8528,3682.6831,3574.6885,3520.1182
134035000,3655.3754,7409800,121053000,25942280500,283030601900,3575.8528,3682.6831,3574.6885,3520.1182
134040000,3655.7201,7178700,88714200,25949459200,283119316100,3575.8528,3682.6831,3574.6885,3520.1182
134045000,3655.8468,7763700,87089300,25957222900,283206405400,3575.8528,3682.6831,3574.6885,3520.1182
134050000,3655.5032,10825900,144415500,25968048800,283350820900,3575.8528,3682.6831,3574.6885,3520.1182
134055000,3654.9243,5449400,73828300,25973498200,283424649200,3575.8528,3682.6831,3574.6885,3520.1182
134100000,3655.5261,6604300,80847400,25980102500,283505496600,3575.8528,3682.6831,3574.6885,3520.1182
134105000,3655.3095,6475100,69999300,25986577600,283575495900,3575.8528,3682.6831,3574.6885,3520.1182
134110000,3655.0014,6821700,79056700,25993399300,283654552600,3575.8528,3682.6831,3574.6885,3520.1182
134115000,3655.0976,6001600,70956500,25999400900,283725509100,3575.8528,3682.6831,3574.6885,3520.1182
134120000,3655.0569,6417100,89134800,26005818000,283814643900,3575.8528,3682.6831,3574.6885,3520.1182
134125000,3655.3097,6736600,77537100,26012554600,283892181000,3575.8528,3682.6831,3574.6885,3520.1182
134130000,3655.2774,6896200,74435000,26019450800,283966616000,3575.8528,3682.6831,3574.6885,3520.1182
134135000,3654.6069,5682600,86207200,26025133400,284052823200,3575.8528,3682.6831,3574.6885,3520.1182
134140000,3655.3476,6500000,79302000,26031633400,284132125200,3575.8528,3682.6831,3574.6885,3520.1182
134145000,3655.1172,5503100,81424000,26037136500,284213549200,3575.8528,3682.6831,3574.6885,3520.1182
134150000,3655.514,6942800,82217100,26044079300,284295766300,3575.8528,3682.6831,3574.6885,3520.1182
134155000,3655.3602,5855000,65899800,26049934300,284361666100,3575.8528,3682.6831,3574.6885,3520.1182
134200000,3655.56,6600400,75043800,26056534700,284436709900,3575.8528,3682.6831,3574.6885,3520.1182
134205000,3655.8701,5858300,62450400,26062393000,284499160300,3575.8528,3682.6831,3574.6885,3520.1182
134210000,3655.5669,9682900,104524300,26072075900,284603684600,3575.8528,3682.6831,3574.6885,3520.1182
134215000,3656.0443,5373100,68772300,26077449000,284672456900,3575.8528,3682.6831,3574.6885,3520.1182
134220000,3656.3997,6360900,71863900,26083809900,284744320800,3575.8528,3682.6831,3574.6885,3520.1182
134225000,3656.3806,6361600,64952400,26090171500,284809273200,3575.8528,3682.6831,3574.6885,3520.1182
134230000,3656.6223,4937100,66693100,26095108600,284875966300,3575.8528,3682.6831,3574.6885,3520.1182
134235000,3656.5253,4488900,64424400,26099597500,284940390700,3575.8528,3682.6831,3574.6885,3520.1182
134240000,3656.6547,5586100,86595800,26105183600,285026986500,3575.8528,3682.6831,3574.6885,3520.1182
134245000,3656.7726,6608800,65272600,26111792400,285092259100,3575.8528,3682.6831,3574.6885,3520.1182
134250000,3657.0408,6710300,89903500,26118502700,285182162600,3575.8528,3682.6831,3574.6885,3520.1182
134255000,3657.0163,4402200,49275100,26122904900,285231437700,3575.8528,3682.6831,3574.6885,3520.1182
134300000,3657.1768,6709600,63456700,26129614500,285294894400,3575.8528,3682.6831,3574.6885,3520.1182
134305000,3657.513,5326400,57904500,26134940900,285352798900,3575.8528,3682.6831,3574.6885,3520.1182
134310000,3657.4476,6923800,75387400,26141864700,285428186300,3575.8528,3682.6831,3574.6885,3520.1182
134315000,3657.8303,8042000,111834800,26149906700,285540021100,3575.8528,3682.6831,3574.6885,3520.1182
134320000,3657.9231,5731000,85702800,26155637700,285625723900,3575.8528,3682.6831,3574.6885,3520.1182
134325000,3658.261,7302000,64405300,26162939700,285690129200,3575.8528,3682.6831,3574.6885,3520.1182
134330000,3658.6408,7575500,86560500,26170515200,285776689700,3575.8528,3682.6831,3574.6885,3520.1182
134335000,3659.6095,8730800,83879300,26179246000,285860569000,3575.8528,3682.6831,3574.6885,3520.1182
134340000,3660.2331,8927500,101961300,26188173500,285962530300,3575.8528,3682.6831,3574.6885,3520.1182
134345000,3660.2951,7218100,83780500,26195391600,286046310800,3575.8528,3682.6831,3574.6885,3520.1182
134350000,3660.7024,10414700,108814100,26205806300,286155124900,3575.8528,3682.6831,3574.6885,3520.1182
134355000,3661.3763,7451100,66537300,26213257400,286221662200,3575.8528,3682.6831,3574.6885,3520.1182
134400000,3661.6614,9401700,96760800,26222659100,286318423000,3575.8528,3682.6831,3574.6885,3520.1182
134405000,3661.7665,7015800,97475800,26229674900,286415898800,3575.8528,3682.6831,3574.6885,3520.1182
134410000,3661.9142,7039400,79846700,26236714300,286495745500,3575.8528,3682.6831,3574.6885,3520.1182
134415000,3661.9571,6911500,70623600,26243625800,286566369100,3575.8528,3682.6831,3574.6885,3520.1182
134420000,3661.9056,5655300,75122600,26249281100,286641491700,3575.8528,3682.6831,3574.6885,3520.1182
134425000,3662.188,5991800,57283400,26255272900,286698775100,3575.8528,3682.6831,3574.6885,3520.1182
134430000,3662.4848,6573900,83952900,26261846800,286782728000,3575.8528,3682.6831,3574.6885,3520.1182
134435000,3662.3009,6587000,80750000,26268433800,286863478000,3575.8528,3682.6831,3574.6885,3520.1182
134440000,3662.8533,6476600,86588800,26274910400,286950066800,3575.8528,3682.6831,3574.6885,3520.1182
134445000,3663.0608,5474900,66441900,26280385300,287016508700,3575.8528,3682.6831,3574.6885,3520.1182
134450000,3663.1379,7910900,76898900,26288296200,287093407600,3575.8528,3682.6831,3574.6885,3520.1182
134455000,3662.8889,5254900,50157100,26293551100,287143564700,3575.8528,3682.6831,3574.6885,3520.1182
134500000,3663.4754,8435700,89467300,26301986800,287233032000,3575.8528,3682.6831,3574.6885,3520.1182
134505000,3663.2865,8749900,73877800,26310736700,287306909800,3575.8528,3682.6831,3574.6885,3520.1182
134510000,3663.4244,10594100,103603600,26321330800,287410513400,3575.8528,3682.6831,3574.6885,3520.1182
134515000,3663.1016,9332000,92505000,26330662800,287503018400,3575.8528,3682.6831,3574.6885,3520.1182
134520000,3663.1581,18363000,133439100,26349025800,287636457500,3575.8528,3682.6831,3574.6885,3520.1182
134525000,3663.1175,6466600,61864000,26355492400,287698321500,3575.8528,3682.6831,3574.6885,3520.1182
134530000,3663.3049,5681100,61893300,26361173500,287760214800,3575.8528,3682.6831,3574.6885,3520.1182
134535000,3663.1355,6352700,72495000,26367526200,287832709800,3575.8528,3682.6831,3574.6885,3520.1182
134540000,3663.463,7022400,77377400,26374548600,287910087200,3575.8528,3682.6831,3574.6885,3520.1182
134545000,3663.7169,6041700,73709800,26380590300,287983797000,3575.8528,3682.6831,3574.6885,3520.1182
134550000,3663.2781,6864000,75394700,26387454300,288059191700,3575.8528,3682.6831,3574.6885,3520.1182
134555000,3663.4713,4872400,56281100,26392326700,288115472800,3575.8528,3682.6831,3574.6885,3520.1182
134600000,3663.1716,5098900,54140100,26397425600,288169612900,3575.8528,3682.6831,3574.6885,3520.1182
134605000,3663.8409,4917700,57351400,26402343300,288226964300,3575.8528,3682.6831,3574.6885,3520.1182
134610000,3663.6942,8246100,96486400,26410589400,288323450700,3575.8528,3682.6831,3574.6885,3520.1182
134615000,3663.7245,5364200,64027000,26415953600,288387477700,3575.8528,3682.6831,3574.6885,3520.1182
134620000,3663.9094,7174700,80795800,26423128300,288468273500,3575.8528,3682.6831,3574.6885,3520.1182
134625000,3663.8371,4540000,51707200,26427668300,288519980700,3575.8528,3682.6831,3574.6885,3520.1182
134630000,3663.4963,4623900,62205300,26432292200,288582186000,3575.8528,3682.6831,3574.6885,3520.1182
134635000,3663.5708,4892500,54066700,26437184700,288636252700,3575.8528,3682.6831,3574.6885,3520.1182
134640000,3663.6403,8263700,99401100,26445448400,288735653800,3575.8528,3682.6831,3574.6885,3520.1182
134645000,3663.6787,5041300,53393500,26450489700,288789047300,3575.8528,3682.6831,3574.6885,3520.1182
134650000,3663.7566,4749400,62805000,26455239100,288851852300,3575.8528,3682.6831,3574.6885,3520.1182
134655000,3664.3173,6560600,64575600,26461799700,288916427900,3575.8528,3682.6831,3574.6885,3520.1182
134700000,3664.0353,4962800,58008800,26466762500,288974436700,3575.8528,3682.6831,3574.6885,3520.1182
134705000,3663.9449,5086500,58535600,26471849000,289032972300,3575.8528,3682.6831,3574.6885,3520.1182
134710000,3663.6811,4660700,63254500,26476509700,289096226800,3575.8528,3682.6831,3574.6885,3520.1182
134715000,3663.6826,4009400,51894400,26480519100,289148121200,3575.8528,3682.6831,3574.6885,3520.1182
134720000,3663.7081,6340700,72065200,26486859800,289220186400,3575.8528,3682.6831,3574.6885,3520.1182
134725000,3663.7753,5527700,74954900,26492387500,289295141300,3575.8528,3682.6831,3574.6885,3520.1182
134730000,3663.7085,6142200,77347300,26498529700,289372488600,3575.8528,3682.6831,3574.6885,3520.1182
134735000,3663.105,3424800,40296500,26501954500,289412785100,3575.8528,3682.6831,3574.6885,3520.1182
134740000,3663.4597,6045400,78209600,26507999900,289490994700,3575.8528,3682.6831,3574.6885,3520.1182
134745000,3663.4746,4955600,60076900,26512955500,289551071600,3575.8528,3682.6831,3574.6885,3520.1182
134750000,3663.2672,7421400,87364200,26520376900,289638435800,3575.8528,3682.6831,3574.6885,3520.1182
134755000,3663.0829,5827900,69741500,26526204800,289708177300,3575.8528,3682.6831,3574.6885,3520.1182
134800000,3662.3139,5280500,73032900,26531485300,289781210200,3575.8528,3682.6831,3574.6885,3520.1182
134805000,3662.3155,5390600,58877300,26536875900,289840087500,3575.8528,3682.6831,3574.6885,3520.1182
134810000,3662.3286,6969600,71002500,26543845500,289911090000,3575.8528,3682.6831,3574.6885,3520.1182
134815000,3662.0603,6081900,63047800,26549927400,289974137800,3575.8528,3682.6831,3574.6885,3520.1182
134820000,3662.338,6126300,80750100,26556053700,290054887900,3575.8528,3682.6831,3574.6885,3520.1182
134825000,3662.2532,5868800,63993500,26561922500,290118881400,3575.8528,3682.6831,3574.6885,3520.1182
134830000,3661.6933,5501800,72105300,26567424300,290190986700,3575.8528,3682.6831,3574.6885,3520.1182
134835000,3661.1794,8035400,94354800,26575459700,290285341500,3575.8528,3682.6831,3574.6885,3520.1182
134840000,3660.8085,6947300,81229000,26582407000,290366570500,3575.8528,3682.6831,3574.6885,3520.1182
134845000,3660.4546,5868400,67845300,26588275400,290434415800,3575.8528,3682.6831,3574.6885,3520.1182
134850000,3660.1674,7048300,92807600,26595323700,290527223400,3575.8528,3682.6831,3574.6885,3520.1182
134855000,3659.9393,5457200,59096800,26600780900,290586320200,3575.8528,3682.6831,3574.6885,3520.1182
134900000,3659.7412,4654400,64351400,26605435300,290650671600,3575.8528,3682.6831,3574.6885,3520.1182
134905000,3659.1609,6227000,64166700,26611662300,290714838300,3575.8528,3682.6831,3574.6885,3520.1182
134910000,3658.3788,8122700,88703400,26619785000,290803541700,3575.8528,3682.6831,3574.6885,3520.1182
134915000,3658.881,4530500,54851700,26624315500,290858393400,3575.8528,3682.6831,3574.6885,3520.1182
134920000,3658.6182,5931100,75154000,26630246600,290933547400,3575.8528,3682.6831,3574.6885,3520.1182
134925000,3658.6247,6389700,57746000,26636636300,290991293400,3575.8528,3682.6831,3574.6885,3520.1182
134930000,3658.2179,4577500,53792900,26641213800,291045086300,3575.8528,3682.6831,3574.6885,3520.1182
134935000,3657.3797,5659000,56971200,26646872800,291102057500,3575.8528,3682.6831,3574.6885,3520.1182
134940000,3657.0876,7909800,88427200,26654782600,291190484700,3575.8528,3682.6831,3574.6885,3520.1182
134945000,3657.3487,5365200,63751700,26660147800,291254236400,3575.8528,3682.6831,3574.6885,3520.1182
134950000,3657.0066,5471800,73799700,26665619600,291328036100,3575.8528,3682.6831,3574.6885,3520.1182
134955000,3656.6476,5175700,57041400,26670795300,291385077500,3575.8528,3682.6831,3574.6885,3520.1182
135000000,3656.7661,5595900,79781100,26676391200,291464858600,3575.8528,3682.6831,3574.6885,3520.1182
135005000,3656.0382,6404800,75403200,26682796000,291540261800,3575.8528,3682.6831,3574.6885,3520.1182
135010000,3655.6215,7737900,99173500,26690533900,291639435300,3575.8528,3682.6831,3574.6885,3520.1182
135015000,3655.9087,6429100,72997700,26696963000,291712433000,3575.8528,3682.6831,3574.6885,3520.1182
135020000,3655.8904,6103100,78574800,26703066100,291791007800,3575.8528,3682.6831,3574.6885,3520.1182
135025000,3655.8164,4621300,55945900,26707687400,291846953700,3575.8528,3682.6831,3574.6885,3520.1182
135030000,3655.9626,5293700,70346500,26712981100,291917300200,3575.8528,3682.6831,3574.6885,3520.1182
135035000,3655.8781,3738700,47013500,26716719800,291964313700,3575.8528,3682.6831,3574.6885,3520.1182
135040000,3655.9188,5319000,62547000,26722038800,292026860700,3575.8528,3682.6831,3574.6885,3520.1182
135045000,3655.4788,6841700,80965100,26728880500,292107825800,3575.8528,3682.6831,3574.6885,3520.1182
135050000,3656.1601,7229600,98921600,26736110100,292206747400,3575.8528,3682.6831,3574.6885,3520.1182
135055000,3655.9943,4496200,50981900,26740606300,292257729300,3575.8528,3682.6831,3574.6885,3520.1182
135100000,3655.7167,4880900,60320300,26745487200,292318049600,3575.8528,3682.6831,3574.6885,3520.1182
135105000,3655.9898,5798300,71309500,26751285500,292389359100,3575.8528,3682.6831,3574.6885,3520.1182
135110000,3655.9957,5703900,73155200,26756989400,292462514300,3575.8528,3682.6831,3574.6885,3520.1182
135115000,3656.1361,4586600,65512100,26761576000,292528026400,3575.8528,3682.6831,3574.6885,3520.1182
135120000,3655.865,5068900,69006600,26766644900,292597033000,3575.8528,3682.6831,3574.6885,3520.1182
135125000,3656.293,5114300,50321900,26771759200,292647354900,3575.8528,3682.6831,3574.6885,3520.1182
135130000,3655.9939,5561200,69764300,26777320400,292717119200,3575.8528,3682.6831,3574.6885,3520.1182
135135000,3656.18,4261200,53052600,26781581600,292770171800,3575.8528,3682.6831,3574.6885,3520.1182
135140000,3656.1143,5017500,65502200,26786599100,292835674000,3575.8528,3682.6831,3574.6885,3520.1182
135145000,3656.171,5302400,76603300,26791901500,292912277300,3575.8528,3682.6831,3574.6885,3520.1182
135150000,3656.0192,5335500,75513800,26797237000,292987791100,3575.8528,3682.6831,3574.6885,3520.1182
135155000,3656.1179,6300500,57329900,26803537500,293045121000,3575.8528,3682.6831,3574.6885,3520.1182
135200000,3656.0797,3858800,58612400,26807396300,293103733400,3575.8528,3682.6831,3574.6885,3520.1182
135205000,3655.9401,5521700,60824500,26812918000,293164557900,3575.8528,3682.6831,3574.6885,3520.1182
135210000,3656.3183,6295600,83152700,26819213600,293247710600,3575.8528,3682.6831,3574.6885,3520.1182
135215000,3656.1732,5550300,70849600,26824763900,293318560200,3575.8528,3682.6831,3574.6885,3520.1182
135220000,3655.8981,5570800,73081600,26830334700,293391641800,3575.8528,3682.6831,3574.6885,3520.1182
135225000,3655.4946,4669500,54944100,26835004200,293446585900,3575.8528,3682.6831,3574.6885,3520.1182
135230000,3655.885,4463300,57223200,26839467500,293503809100,3575.8528,3682.6831,3574.6885,3520.1182
135235000,3655.5772,4267700,49121400,26843735200,293552930500,3575.8528,3682.6831,3574.6885,3520.1182
135240000,3655.9249,6117000,66863500,26849852200,293619794000,3575.8528,3682.6831,3574.6885,3520.1182
135245000,3655.6565,4531100,64417200,26854383300,293684211200,3575.8528,3682.6831,3574.6885,3520.1182
135250000,3655.7435,6105500,80294700,26860488800,293764505900,3575.8528,3682.6831,3574.6885,3520.1182
135255000,3655.5182,5030000,61785200,26865518800,293826291100,3575.8528,3682.6831,3574.6885,3520.1182
135300000,3655.8973,5714300,71482600,26871233100,293897773700,3575.8528,3682.6831,3574.6885,3520.1182
135305000,3655.6605,5078600,60591900,26876311700,293958365600,3575.8528,3682.6831,3574.6885,3520.1182
135310000,3655.7076,7998700,76079500,26884310400,294034445100,3575.8528,3682.6831,3574.6885,3520.1182
135315000,3656.0173,5538200,73816900,26889848600,294108262000,3575.8528,3682.6831,3574.6885,3520.1182
135320000,3655.7325,7739700,76206100,26897588300,294184468100,3575.8528,3682.6831,3574.6885,3520.1182
135325000,3656.1775,4886700,59062800,26902475000,294243530900,3575.8528,3682.6831,3574.6885,3520.1182
135330000,3656.1614,3889800,51085700,26906364800,294294616600,3575.8528,3682.6831,3574.6885,3520.1182
135335000,3656.0523,5042800,56942200,26911407600,294351558800,3575.8528,3682.6831,3574.6885,3520.1182
135340000,3656.7999,6324500,61608600,26917732100,294413167400,3575.8528,3682.6831,3574.6885,3520.1182
135345000,3656.9645,5311500,54678400,26923043600,294467845800,3575.8528,3682.6831,3574.6885,3520.1182
135350000,3657.5885,6668100,74276400,26929711700,294542122200,3575.8528,3682.6831,3574.6885,3520.1182
135355000,3657.8862,5964500,64114300,26935676200,294606236500,3575.8528,3682.6831,3574.6885,3520.1182
135400000,3657.4938,5806500,65688600,26941482700,294671925100,3575.8528,3682.6831,3574.6885,3520.1182
135405000,3657.2294,4565600,67133200,26946048300,294739058300,3575.8528,3682.6831,3574.6885,3520.1182
135410000,3657.7906,6543700,82340400,26952592000,294821398700,3575.8528,3682.6831,3574.6885,3520.1182
135415000,3657.5525,4183100,48918800,26956775100,294870317500,3575.8528,3682.6831,3574.6885,3520.1182
135420000,3657.9573,7138500,87907100,26963913600,294958224600,3575.8528,3682.6831,3574.6885,3520.1182
135425000,3657.6532,5844400,53690900,26969758000,295011915500,3575.8528,3682.6831,3574.6885,3520.1182
135430000,3657.7366,3960100,53386300,26973718100,295065301800,3575.8528,3682.6831,3574.6885,3520.1182
135435000,3657.782,3709500,49380500,26977427600,295114682300,3575.8528,3682.6831,3574.6885,3520.1182
135440000,3658.105,5297300,71992400,26982724900,295186674700,3575.8528,3682.6831,3574.6885,3520.1182
135445000,3658.2452,5737800,58106700,26988462700,295244781400,3575.8528,3682.6831,3574.6885,3520.1182
135450000,3658.1022,4002000,51851800,26992464700,295296633200,3575.8528,3682.6831,3574.6885,3520.1182
135455000,3658.3041,4803000,49222500,26997267700,295345855700,3575.8528,3682.6831,3574.6885,3520.1182
135500000,3658.4605,4600200,57692600,27001867900,295403548300,3575.8528,3682.6831,3574.6885,3520.1182
135505000,3658.1994,5041300,52650500,27006909200,295456198800,3575.8528,3682.6831,3574.6885,3520.1182
135510000,3658.5951,6558100,74750300,27013467300,295530949100,3575.8528,3682.6831,3574.6885,3520.1182
135515000,3658.5502,4447400,50661800,27017914700,295581610900,3575.8528,3682.6831,3574.6885,3520.1182
135520000,3658.1286,5002400,61928800,27022917100,295643539700,3575.8528,3682.6831,3574.6885,3520.1182
135525000,3658.2614,4498600,48159900,27027415700,295691699600,3575.8528,3682.6831,3574.6885,3520.1182
135530000,3658.6012,4321800,50982500,27031737500,295742682100,3575.8528,3682.6831,3574.6885,3520.1182
135535000,3658.3478,5473200,56181800,27037210700,295798863900,3575.8528,3682.6831,3574.6885,3520.1182
135540000,3658.2429,6825700,63271000,27044036400,295862134900,3575.8528,3682.6831,3574.6885,3520.1182
135545000,3658.1967,4739000,55859000,27048775400,295917993900,3575.8528,3682.6831,3574.6885,3520.1182
135550000,3657.8512,6252400,75920700,27055027800,295993914600,3575.8528,3682.6831,3574.6885,3520.1182
135555000,3657.4759,4934200,65050200,27059962000,296058964800,3575.8528,3682.6831,3574.6885,3520.1182
135600000,3657.8373,4899700,62804600,27064861700,296121769400,3575.8528,3682.6831,3574.6885,3520.1182
135605000,3657.3918,4438400,58510500,27069300100,296180279900,3575.8528,3682.6831,3574.6885,3520.1182
135610000,3657.4767,6286600,73205500,27075586700,296253485400,3575.8528,3682.6831,3574.6885,3520.1182
135615000,3657.5512,5830100,55318300,27081416800,296308803700,3575.8528,3682.6831,3574.6885,3520.1182
135620000,3657.3271,7259700,72858300,27088676500,296381662000,3575.8528,3682.6831,3574.6885,3520.1182
135625000,3657.4357,5580000,56954100,27094256500,296438616100,3575.8528,3682.6831,3574.6885,3520.1182
135630000,3657.3512,3596000,43924100,27097852500,296482540200,3575.8528,3682.6831,3574.6885,3520.1182
135635000,3657.2083,6208600,59140600,27104061100,296541680800,3575.8528,3682.6831,3574.6885,3520.1182
135640000,3657.2188,6943700,71442800,27111004800,296613123600,3575.8528,3682.6831,3574.6885,3520.1182
135645000,3657.5477,4182400,51259000,27115187200,296664382600,3575.8528,3682.6831,3574.6885,3520.1182
135650000,3657.3595,5497800,59958300,27120685000,296724340900,3575.8528,3682.6831,3574.6885,3520.1182
135655000,3657.2713,4474500,44234300,27125159500,296768575200,3575.8528,3682.6831,3574.6885,3520.1182
135700000,3657.1962,5035000,50864300,27130194500,296819439500,3575.8528,3682.6831,3574.6885,3520.1182
135705000,3657.2089,10663100,81192400,27140857600,296900631900,3575.8528,3682.6831,3574.6885,3520.1182
135710000,3657.3688,5011700,67956400,27145869300,296968588300,3575.8528,3682.6831,3574.6885,3520.1182
135715000,3657.5352,5118600,54427200,27150987900,297023015500,3575.8528,3682.6831,3574.6885,3520.1182
135720000,3657.2961,4633500,59180000,27155621400,297082195500,3575.8528,3682.6831,3574.6885,3520.1182
135725000,3657.6818,4655000,58844000,27160276400,297141039500,3575.8528,3682.6831,3574.6885,3520.1182
135730000,3657.8516,4380200,50095900,27164656600,297191135400,3575.8528,3682.6831,3574.6885,3520.1182
135735000,3657.7455,10946900,86495500,27175603500,297277630900,3575.8528,3682.6831,3574.6885,3520.1182
135740000,3657.7464,7822200,74466500,27183425700,297352097400,3575.8528,3682.6831,3574.6885,3520.1182
135745000,3658.2923,6250400,69049400,27189676100,297421146800,3575.8528,3682.6831,3574.6885,3520.1182
135750000,3658.4788,5878800,70208700,27195554900,297491355500,3575.8528,3682.6831,3574.6885,3520.1182
135755000,3658.8394,6589800,66982600,27202144700,297558338100,3575.8528,3682.6831,3574.6885,3520.1182
135800000,3659.208,5172500,60264000,27207317200,297618602100,3575.8528,3682.6831,3574.6885,3520.1182
135805000,3658.8874,4591800,61440800,27211909000,297680042900,3575.8528,3682.6831,3574.6885,3520.1182
135810000,3659.0053,5671900,77212900,27217580900,297757255800,3575.8528,3682.6831,3574.6885,3520.1182
135815000,3659.1719,5063500,64330200,27222644400,297821586000,3575.8528,3682.6831,3574.6885,3520.1182
135820000,3659.5298,6368800,72246800,27229013200,297893832800,3575.8528,3682.6831,3574.6885,3520.1182
135825000,3659.2429,3732600,46021600,27232745800,297939854400,3575.8528,3682.6831,3574.6885,3520.1182
135830000,3659.5762,5109900,72514900,27237855700,298012369300,3575.8528,3682.6831,3574.6885,3520.1182
135835000,3659.7233,3969300,49746200,27241825000,298062115500,3575.8528,3682.6831,3574.6885,3520.1182
135840000,3659.8722,5646600,64547400,27247471600,298126662900,3575.8528,3682.6831,3574.6885,3520.1182
135845000,3659.9734,6168900,67816300,27253640500,298194479200,3575.8528,3682.6831,3574.6885,3520.1182
135850000,3659.8907,6053700,73323000,27259694200,298267802200,3575.8528,3682.6831,3574.6885,3520.1182
135855000,3660.4773,6766900,83628200,27266461100,298351430400,3575.8528,3682.6831,3574.6885,3520.1182
135900000,3660.3592,4915500,56417900,27271376600,298407848300,3575.8528,3682.6831,3574.6885,3520.1182
135905000,3660.4466,5647000,54621900,27277023600,298462470200,3575.8528,3682.6831,3574.6885,3520.1182
135910000,3660.7122,5431600,63052600,27282455200,298525522800,3575.8528,3682.6831,3574.6885,3520.1182
135915000,3660.6538,6143400,60292300,27288598600,298585815100,3575.8528,3682.6831,3574.6885,3520.1182
135920000,3660.6606,5984400,69547100,27294583000,298655362200,3575.8528,3682.6831,3574.6885,3520.1182
135925000,3660.573,5840500,57831200,27300423500,298713193400,3575.8528,3682.6831,3574.6885,3520.1182
135930000,3661.2496,3904200,67922200,27304327700,298781115600,3575.8528,3682.6831,3574.6885,3520.1182
135935000,3660.8404,7012400,71621100,27311340100,298852736700,3575.8528,3682.6831,3574.6885,3520.1182
135940000,3661.2801,5207400,59497600,27316547500,298912234300,3575.8528,3682.6831,3574.6885,3520.1182
135945000,3661.4916,5197400,61422700,27321744900,298973657000,3575.8528,3682.6831,3574.6885,3520.1182
135950000,3661.6457,6475700,61589600,27328220600,299035246600,3575.8528,3682.6831,3574.6885,3520.1182
135955000,3661.8375,7051000,83294800,27335271600,299118541400,3575.8528,3682.6831,3574.6885,3520.1182
140000000,3662.1062,5901300,56808100,27341172900,299175349500,3575.8528,3682.6831,3574.6885,3520.1182
140005000,3661.898,5093500,56290800,27346266400,299231640300,3575.8528,3682.6831,3574.6885,3520.1182
140010000,3662.0703,6831200,79038200,27353097600,299310678500,3575.8528,3682.6831,3574.6885,3520.1182
140015000,3662.2545,5911300,68102500,27359008900,299378781000,3575.8528,3682.6831,3574.6885,3520.1182
140020000,3662.3251,7495500,104514300,27366504400,299483295300,3575.8528,3682.6831,3574.6885,3520.1182
140025000,3663.3977,8585200,90843700,27375089600,299574139000,3575.8528,3682.6831,3574.6885,3520.1182
140030000,3663.7044,6879800,98550000,27381969400,299672689000,3575.8528,3682.6831,3574.6885,3520.1182
140035000,3663.8081,10900400,94769500,27392869800,299767458500,3575.8528,3682.6831,3574.6885,3520.1182
140040000,3663.8591,9431300,94814400,27402301100,299862272900,3575.8528,3682.6831,3574.6885,3520.1182
140045000,3664.8846,6491800,70399600,27408792900,299932672500,3575.8528,3682.6831,3574.6885,3520.1182
140050000,3665.0344,6610700,75874200,27415403600,300008546700,3575.8528,3682.6831,3574.6885,3520.1182
140055000,3665.1079,7221600,72240500,27422625200,300080787200,3575.8528,3682.6831,3574.6885,3520.1182
140100000,3664.6062,11736200,112717200,27434361400,300193504400,3575.8528,3682.6831,3574.6885,3520.1182
140105000,3665.0605,8636000,92232800,27442997400,300285737200,3575.8528,3682.6831,3574.6885,3520.1182
140110000,3665.4769,10083100,131993200,27453080500,300417730400,3575.8528,3682.6831,3574.6885,3520.1182
140115000,3665.1746,10568300,113983600,27463648800,300531714000,3575.8528,3682.6831,3574.6885,3520.1182
140120000,3665.5829,9021800,102232900,27472670600,300633946900,3575.8528,3682.6831,3574.6885,3520.1182
140125000,3665.8095,9397300,75326600,27482067900,300709273500,3575.8528,3682.6831,3574.6885,3520.1182
140130000,3666.1824,6612900,69833900,27488680800,300779107400,3575.8528,3682.6831,3574.6885,3520.1182
140135000,3665.9536,6275800,65149400,27494956600,300844256800,3575.8528,3682.6831,3574.6885,3520.1182
140140000,3665.6433,8371300,97524300,27503327900,300941781100,3575.8528,3682.6831,3574.6885,3520.1182
140145000,3666.3592,7551300,72154000,27510879200,301013935100,3575.8528,3682.6831,3574.6885,3520.1182
140150000,3666.3602,10693300,158791000,27521572500,301172726100,3575.8528,3682.6831,3574.6885,3520.1182
140155000,3666.6977,6409700,79906100,27527982200,301252632200,3575.8528,3682.6831,3574.6885,3520.1182
140200000,3667.0059,6183300,76023600,27534165500,301328655800,3575.8528,3682.6831,3574.6885,3520.1182
140205000,3667.0762,5926000,62913400,27540091500,301391569200,3575.8528,3682.6831,3574.6885,3520.1182
140210000,3667.0585,10248700,130227800,27550340200,301521797000,3575.8528,3682.6831,3574.6885,3520.1182
140215000,3667.8663,7873400,79424400,27558213600,301601221400,3575.8528,3682.6831,3574.6885,3520.1182
140220000,3667.7532,9222900,107258300,27567436500,301708479700,3575.8528,3682.6831,3574.6885,3520.1182
140225000,3667.9564,7526700,69044700,27574963200,301777524400,3575.8528,3682.6831,3574.6885,3520.1182
140230000,3667.7914,5256300,65345600,27580219500,301842870000,3575.8528,3682.6831,3574.6885,3520.1182
140235000,3667.7112,6959300,79533100,27587178800,301922403100,3575.8528,3682.6831,3574.6885,3520.1182
140240000,3667.7898,7752100,96001900,27594930900,302018405000,3575.8528,3682.6831,3574.6885,3520.1182
140245000,3667.8276,11505200,93195300,27606436100,302111600300,3575.8528,3682.6831,3574.6885,3520.1182
140250000,3667.7464,8576600,105873600,27615012700,302217473900,3575.8528,3682.6831,3574.6885,3520.1182
140255000,3668.2881,8483900,86432700,27623496600,302303906600,3575.8528,3682.6831,3574.6885,3520.1182
140300000,3668.0752,7944900,87348000,27631441500,302391254600,3575.8528,3682.6831,3574.6885,3520.1182
140305000,3668.0513,9020600,98986700,27640462100,302490241300,3575.8528,3682.6831,3574.6885,3520.1182
140310000,3668.4611,8220500,86554300,27648682600,302576795600,3575.8528,3682.6831,3574.6885,3520.1182
140315000,3668.5385,7337800,91929900,27656020400,302668725500,3575.8528,3682.6831,3574.6885,3520.1182
140320000,3668.3589,8555400,81201600,27664575800,302749927100,3575.8528,3682.6831,3574.6885,3520.1182
140325000,3668.3774,7601500,87457000,27672177300,302837384100,3575.8528,3682.6831,3574.6885,3520.1182
140330000,3668.791,8048800,89241400,27680226100,302926625500,3575.8528,3682.6831,3574.6885,3520.1182
140335000,3669.0148,5623300,51017900,27685849400,302977643400,3575.8528,3682.6831,3574.6885,3520.1182
140340000,3668.7983,9783500,85528700,27695632900,303063172100,3575.8528,3682.6831,3574.6885,3520.1182
140345000,3668.7937,10348600,91080200,27705981500,303154252300,3575.8528,3682.6831,3574.6885,3520.1182
140350000,3669.0586,7479200,94712800,27713460700,303248965100,3575.8528,3682.6831,3574.6885,3520.1182
140355000,3669.108,7567100,79133200,27721027800,303328098300,3575.8528,3682.6831,3574.6885,3520.1182
140400000,3669.1427,7621700,87873800,27728649500,303415972100,3575.8528,3682.6831,3574.6885,3520.1182
140405000,3669.0852,6527400,64971800,27735176900,303480943900,3575.8528,3682.6831,3574.6885,3520.1182
140410000,3669.3365,10318700,100725800,27745495600,303581669700,3575.8528,3682.6831,3574.6885,3520.1182
140415000,3669.4396,8816300,104978700,27754311900,303686648400,3575.8528,3682.6831,3574.6885,3520.1182
140420000,3669.5466,9272500,90004900,27763584400,303776653300,3575.8528,3682.6831,3574.6885,3520.1182
140425000,3669.5689,7694400,74796000,27771278800,303851449300,3575.8528,3682.6831,3574.6885,3520.1182
140430000,3669.9176,5548900,86941100,27776827700,303938390400,3575.8528,3682.6831,3574.6885,3520.1182
140435000,3669.953,4776300,50997900,27781604000,303989388300,3575.8528,3682.6831,3574.6885,3520.1182
140440000,3670.004,7533400,80526900,27789137400,304069915200,3575.8528,3682.6831,3574.6885,3520.1182
140445000,3670.1879,5554100,60429200,27794691500,304130344400,3575.8528,3682.6831,3574.6885,3520.1182
140450000,3670.2629,8788000,83789700,27803479500,304214134100,3575.8528,3682.6831,3574.6885,3520.1182
140455000,3670.5157,4967100,54979200,27808446600,304269113300,3575.8528,3682.6831,3574.6885,3520.1182
140500000,3670.402,5486900,62225100,27813933500,304331338400,3575.8528,3682.6831,3574.6885,3520.1182
140505000,3670.5685,5345100,59674500,27819278600,304391012900,3575.8528,3682.6831,3574.6885,3520.1182
140510000,3670.6815,8350700,89542100,27827629300,304480555000,3575.8528,3682.6831,3574.6885,3520.1182
140515000,3670.73,6999400,79203800,27834628700,304559758800,3575.8528,3682.6831,3574.6885,3520.1182
140520000,3670.7961,7658800,75219400,27842287500,304634978200,3575.8528,3682.6831,3574.6885,3520.1182
140525000,3671.0925,13461400,99241600,27855748900,304734219800,3575.8528,3682.6831,3574.6885,3520.1182
140530000,3671.0293,13839000,161813600,27869587900,304896033400,3575.8528,3682.6831,3574.6885,3520.1182
140535000,3671.3422,7311100,129075100,27876899000,305025108500,3575.8528,3682.6831,3574.6885,3520.1182
140540000,3671.4204,8739600,106640300,27885638600,305131748800,3575.8528,3682.6831,3574.6885,3520.1182
140545000,3671.3959,6715500,69398000,27892354100,305201146800,3575.8528,3682.6831,3574.6885,3520.1182
140550000,3671.4118,4927100,59916700,27897281200,305261063500,3575.8528,3682.6831,3574.6885,3520.1182
140555000,3671.8769,6659100,73998000,27903940300,305335061500,3575.8528,3682.6831,3574.6885,3520.1182
140600000,3671.7057,6777600,118730800,27910717900,305453792300,3575.8528,3682.6831,3574.6885,3520.1182
140605000,3671.8336,4541800,66315500,27915259700,305520107800,3575.8528,3682.6831,3574.6885,3520.1182
140610000,3672.3759,7562000,82862700,27922821700,305602970500,3575.8528,3682.6831,3574.6885,3520.1182
140615000,3672.2703,7702100,87799500,27930523800,305690770000,3575.8528,3682.6831,3574.6885,3520.1182
140620000,3672.3956,10041100,97934400,27940564900,305788704400,3575.8528,3682.6831,3574.6885,3520.1182
140625000,3672.2141,8175500,77559600,27948740400,305866264000,3575.8528,3682.6831,3574.6885,3520.1182
140630000,3672.5716,8418700,89806300,27957159100,305956070300,3575.8528,3682.6831,3574.6885,3520.1182
140635000,3672.56,5523500,62814600,27962682600,306018884900,3575.8528,3682.6831,3574.6885,3520.1182
140640000,3672.5452,9651400,97297100,27972334000,306116182000,3575.8528,3682.6831,3574.6885,3520.1182
140645000,3672.4977,12409700,97770600,27984743700,306213952600,3575.8528,3682.6831,3574.6885,3520.1182
140650000,3672.7836,5004600,58712800,27989748300,306272665400,3575.8528,3682.6831,3574.6885,3520.1182
140655000,3672.8289,7458000,75096600,27997206300,306347762000,3575.8528,3682.6831,3574.6885,3520.1182
140700000,3672.6697,5761900,59654200,28002968200,306407416200,3575.8528,3682.6831,3574.6885,3520.1182
140705000,3673.3056,5528000,72459300,28008496200,306479875500,3575.8528,3682.6831,3574.6885,3520.1182
140710000,3673.4517,6916900,72103800,28015413100,306551979300,3575.8528,3682.6831,3574.6885,3520.1182
140715000,3673.7067,9227700,98810700,28024640800,306650790000,3575.8528,3682.6831,3574.6885,3520.1182
140720000,3673.5259,8052500,99322100,28032693300,306750112100,3575.8528,3682.6831,3574.6885,3520.1182
140725000,3673.2586,5670000,71759600,28038363300,306821871700,3575.8528,3682.6831,3574.6885,3520.1182
140730000,3673.1818,7373200,84808300,28045736500,306906680000,3575.8528,3682.6831,3574.6885,3520.1182
140735000,3673.6245,5971700,63996500,28051708200,306970676500,3575.8528,3682.6831,3574.6885,3520.1182
140740000,3673.5472,6134200,78999100,28057842400,307049675600,3575.8528,3682.6831,3574.6885,3520.1182
140745000,3673.4262,4768700,63102200,28062611100,307112777800,3575.8528,3682.6831,3574.6885,3520.1182
140750000,3673.4951,5823400,92668800,28068434500,307205446600,3575.8528,3682.6831,3574.6885,3520.1182
140755000,3673.9812,4850500,52775500,28073285000,307258222100,3575.8528,3682.6831,3574.6885,3520.1182
140800000,3673.7171,6551400,75104800,28079836400,307333326900,3575.8528,3682.6831,3574.6885,3520.1182
140805000,3674.0171,5522100,63386900,28085358500,307396713800,3575.8528,3682.6831,3574.6885,3520.1182
140810000,3674.3908,6958100,90809100,28092316600,307487522900,3575.8528,3682.6831,3574.6885,3520.1182
140815000,3674.1473,6679000,87624200,28098995600,307575147100,3575.8528,3682.6831,3574.6885,3520.1182
140820000,3674.2507,16110900,88062200,28115106500,307663209300,3575.8528,3682.6831,3574.6885,3520.1182
140825000,3674.3413,4827300,64269800,28119933800,307727479100,3575.8528,3682.6831,3574.6885,3520.1182
140830000,3674.6565,5673800,73343400,28125607600,307800822500,3575.8528,3682.6831,3574.6885,3520.1182
140835000,3674.4186,4816200,63044300,28130423800,307863866800,3575.8528,3682.6831,3574.6885,3520.1182
140840000,3674.707,7617000,94072000,28138040800,307957938800,3575.8528,3682.6831,3574.6885,3520.1182
140845000,3674.4063,5624300,79253400,28143665100,308037192200,3575.8528,3682.6831,3574.6885,3520.1182
140850000,3674.6265,6960100,81826100,28150625200,308119018300,3575.8528,3682.6831,3574.6885,3520.1182
140855000,3674.5902,4764800,64882100,28155390000,308183900400,3575.8528,3682.6831,3574.6885,3520.1182
140900000,3674.8251,5027800,64191600,28160417800,308248092000,3575.8528,3682.6831,3574.6885,3520.1182
140905000,3674.6638,7062900,70852900,28167480700,308318944900,3575.8528,3682.6831,3574.6885,3520.1182
140910000,3674.6636,10079100,136900400,28177559800,308455845300,3575.8528,3682.6831,3574.6885,3520.1182
140915000,3674.9756,7380900,87539200,28184940700,308543384500,3575.8528,3682.6831,3574.6885,3520.1182
140920000,3674.8197,6135000,82631700,28191075700,308626016200,3575.8528,3682.6831,3574.6885,3520.1182
140925000,3675.0031,7241400,69925900,28198317100,308695942100,3575.8528,3682.6831,3574.6885,3520.1182
140930000,3675.008,7871100,86448700,28206188200,308782390800,3575.8528,3682.6831,3574.6885,3520.1182
140935000,3675.0494,6084100,72531800,28212272300,308854922600,3575.8528,3682.6831,3574.6885,3520.1182
140940000,3674.6905,8924000,99681400,28221196300,308954604000,3575.8528,3682.6831,3574.6885,3520.1182
140945000,3674.8838,9178000,79584900,28230374300,309034188900,3575.8528,3682.6831,3574.6885,3520.1182
140950000,3674.8795,7357300,82423300,28237731600,309116612200,3575.8528,3682.6831,3574.6885,3520.1182
140955000,3675.4554,8568800,87368900,28246300400,309203981100,3575.8528,3682.6831,3574.6885,3520.1182
141000000,3675.1319,8447000,84702900,28254747400,309288684000,3575.8528,3682.6831,3574.6885,3520.1182
141005000,3675.5615,6740000,78749100,28261487400,309367433100,3575.8528,3682.6831,3574.6885,3520.1182
141010000,3675.6015,7438200,86352000,28268925600,309453785100,3575.8528,3682.6831,3574.6885,3520.1182
141015000,3675.1906,7325500,84019000,28276251100,309537804100,3575.8528,3682.6831,3574.6885,3520.1182
141020000,3675.8038,9277800,87990800,28285528900,309625794900,3575.8528,3682.6831,3574.6885,3520.1182
141025000,3675.668,8924000,79760500,28294452900,309705555400,3575.8528,3682.6831,3574.6885,3520.1182
141030000,3676.0499,6419000,79256600,28300871900,309784812000,3575.8528,3682.6831,3574.6885,3520.1182
141035000,3676.1675,6116400,63738200,28306988300,309848550200,3575.8528,3682.6831,3574.6885,3520.1182
141040000,3676.4835,11495200,102853600,28318483500,309951403800,3575.8528,3682.6831,3574.6885,3520.1182
141045000,3677.1012,6728600,89702100,28325212100,310041105900,3575.8528,3682.6831,3574.6885,3520.1182
141050000,3677.0355,7681200,103945700,28332893300,310145051600,3575.8528,3682.6831,3574.6885,3520.1182
141055000,3677.5372,6882900,102595300,28339776200,310247646900,3575.8528,3682.6831,3574.6885,3520.1182
141100000,3677.6027,10647700,108362500,28350423900,310356009400,3575.8528,3682.6831,3574.6885,3520.1182
141105000,3678.0701,13451900,115536200,28363875800,310471545600,3575.8528,3682.6831,3574.6885,3520.1182
141110000,3678.4205,10902700,108630000,28374778500,310580175600,3575.8528,3682.6831,3574.6885,3520.1182
141115000,3678.4804,8796100,105851800,28383574600,310686027400,3575.8528,3682.6831,3574.6885,3520.1182
141120000,3678.5981,11162600,112787700,28394737200,310798815100,3575.8528,3682.6831,3574.6885,3520.1182
141125000,3678.6592,7642000,76395100,28402379200,310875210200,3575.8528,3682.6831,3574.6885,3520.1182
141130000,3679.0053,10707300,111513400,28413086500,310986723600,3575.8528,3682.6831,3574.6885,3520.1182
141135000,3679.391,8586200,95406000,28421672700,311082129600,3575.8528,3682.6831,3574.6885,3520.1182
141140000,3679.654,8541500,103985100,28430214200,311186114700,3575.8528,3682.6831,3574.6885,3520.1182
141145000,3679.7394,8881900,100982500,28439096100,311287097200,3575.8528,3682.6831,3574.6885,3520.1182
141150000,3680.1624,8465600,98682100,28447561700,311385779300,3575.8528,3682.6831,3574.6885,3520.1182
141155000,3680.7262,8313900,118614300,28455875600,311504393600,3575.8528,3682.6831,3574.6885,3520.1182
141200000,3680.8743,8755400,102043000,28464631000,311606436600,3575.8528,3682.6831,3574.6885,3520.1182
141205000,3680.9674,8799400,93546200,28473430400,311699982800,3575.8528,3682.6831,3574.6885,3520.1182
141210000,3680.9563,10440400,107195800,28483870800,311807178600,3575.8528,3682.6831,3574.6885,3520.1182
141215000,3681.4107,8352000,103704000,28492222800,311910882600,3575.8528,3682.6831,3574.6885,3520.1182
141220000,3681.3994,11643200,104781100,28503866000,312015663700,3575.8528,3682.6831,3574.6885,3520.1182
141225000,3681.8033,9919100,93176200,28513785100,312108839900,3575.8528,3682.6831,3574.6885,3520.1182
141230000,3682.0924,9293300,117061400,28523078400,312225901300,3575.8528,3682.6831,3574.6885,3520.1182
141235000,3682.3705,7540100,83587900,28530618500,312309489200,3575.8528,3682.6831,3574.6885,3520.1182
141240000,3682.586,9692900,102060300,28540311400,312411549500,3575.8528,3682.6831,3574.6885,3520.1182
141245000,3682.5823,7730700,77343500,28548042100,312488893000,3575.8528,3682.7176,3574.6885,3520.1182
141250000,3682.9871,9774000,112192400,28557816100,312601085400,3575.8528,3683.1979,3574.6885,3520.1182
141255000,3682.9802,10089600,116299100,28567905700,312717384500,3575.8528,3683.1979,3574.6885,3520.1182
141300000,3682.7981,11164500,145302700,28579070200,312862687200,3575.8528,3683.206,3574.6885,3520.1182
141305000,3683.1691,7946700,87954000,28587016900,312950641200,3575.8528,3683.206,3574.6885,3520.1182
141310000,3683.3697,13336900,120897600,28600353800,313071538800,3575.8528,3683.3953,3574.6885,3520.1182
141315000,3683.3047,13997400,128387700,28614351200,313199926500,3575.8528,3683.3953,3574.6885,3520.1182
141320000,3683.3569,11328500,108928600,28625679700,313308855100,3575.8528,3683.4464,3574.6885,3520.1182
141325000,3683.6995,9704900,99699200,28635384600,313408554300,3575.8528,3683.9375,3574.6885,3520.1182
141330000,3684.1838,12268900,109080400,28647653500,313517634700,3575.8528,3684.2258,3574.6885,3520.1182
141335000,3684.1056,10827200,87609300,28658480700,313605244000,3575.8528,3684.2356,3574.6885,3520.1182
141340000,3684.4607,15763000,150608200,28674243700,313755852200,3575.8528,3684.4607,3574.6885,3520.1182
141345000,3684.4777,13753000,110446000,28687996700,313866298200,3575.8528,3684.7834,3574.6885,3520.1182
141350000,3684.7105,11205500,94625600,28699202200,313960923800,3575.8528,3685.0152,3574.6885,3520.1182
141355000,3685.0882,9083800,85465600,28708286000,314046389400,3575.8528,3685.0882,3574.6885,3520.1182
141400000,3685.4037,10251700,107933500,28718537700,314154322900,3575.8528,3685.4037,3574.6885,3520.1182
141405000,3685.64,10721900,99141600,28729259600,314253464500,3575.8528,3685.64,3574.6885,3520.1182
141410000,3685.6792,10119200,121421400,28739378800,314374885900,3575.8528,3685.87,3574.6885,3520.1182
141415000,3685.9821,13995500,125735700,28753374300,314500621600,3575.8528,3686.0788,3574.6885,3520.1182
141420000,3686.5018,10207000,94009300,28763581300,314594630900,3575.8528,3686.5744,3574.6885,3520.1182
141425000,3686.3711,8526300,81645800,28772107600,314676276700,3575.8528,3686.5975,3574.6885,3520.1182
141430000,3686.4744,12897000,117319200,28785004600,314793595900,3575.8528,3686.6734,3574.6885,3520.1182
141435000,3687.1989,9973800,77487900,28794978400,314871083800,3575.8528,3687.1989,3574.6885,3520.1182
141440000,3687.2885,10462900,106771000,28805441300,314977854800,3575.8528,3687.3014,3574.6885,3520.1182
141445000,3687.1751,12400900,120189900,28817842200,315098044700,3575.8528,3687.3604,3574.6885,3520.1182
141450000,3687.4857,10987000,99020800,28828829200,315197065500,3575.8528,3687.6332,3574.6885,3520.1182
141455000,3687.7208,12738500,114848700,28841567700,315311914200,3575.8528,3688.1442,3574.6885,3520.1182
141500000,3687.9215,8619800,101234200,28850187500,315413148400,3575.8528,3688.2337,3574.6885,3520.1182
141505000,3688.4594,7942800,92871200,28858130300,315506019600,3575.8528,3688.4594,3574.6885,3520.1182
141510000,3688.6277,8608000,92457300,28866738300,315598476900,3575.8528,3688.6277,3574.6885,3520.1182
141515000,3688.9478,8807700,94542700,28875546000,315693019600,3575.8528,3688.9478,3574.6885,3520.1182
141520000,3689.1428,11231100,113355300,28886777100,315806374900,3575.8528,3689.2113,3574.6885,3520.1182
141525000,3688.6966,8400400,102789800,28895177500,315909164700,3575.8528,3689.2113,3574.6885,3520.1182
141530000,3688.8936,10345300,126711600,28905522800,316035876300,3575.8528,3689.2113,3574.6885,3520.1182
141535000,3688.5716,10185100,103951900,28915707900,316139828200,3575.8528,3689.2113,3574.6885,3520.1182
141540000,3688.7961,10281000,110869000,28925988900,316250697200,3575.8528,3689.2113,3574.6885,3520.1182
141545000,3688.366,9181300,94205300,28935170200,316344902500,3575.8528,3689.2113,3574.6885,3520.1182
141550000,3688.5127,8392200,100435300,28943562400,316445337800,3575.8528,3689.2113,3574.6885,3520.1182
141555000,3688.5541,8634000,87220200,28952196400,316532558000,3575.8528,3689.2113,3574.6885,3520.1182
141600000,3688.3396,7578100,84352000,28959774500,316616910000,3575.8528,3689.2113,3574.6885,3520.1182
141605000,3688.8322,7470200,79969500,28967244700,316696879500,3575.8528,3689.2113,3574.6885,3520.1182
141610000,3689.028,9383000,97596400,28976627700,316794475900,3575.8528,3689.2113,3574.6885,3520.1182
141615000,3689.014,5776400,67460800,28982404100,316861936700,3575.8528,3689.2113,3574.6885,3520.1182
141620000,3688.7643,8804900,106863700,28991209000,316968800400,3575.8528,3689.2113,3574.6885,3520.1182
141625000,3689.3103,11349300,107355400,29002558300,317076155800,3575.8528,3689.3825,3574.6885,3520.1182
141630000,3689.6882,9955400,100836900,29012513700,317176992700,3575.8528,3689.7349,3574.6885,3520.1182
141635000,3689.6331,8883400,84946400,29021397100,317261939100,3575.8528,3689.7349,3574.6885,3520.1182
141640000,3690.2239,8464000,95041600,29029861100,317356980700,3575.8528,3690.2239,3574.6885,3520.1182
141645000,3690.1614,11176800,94433700,29041037900,317451414400,3575.8528,3690.2239,3574.6885,3520.1182
141650000,3690.4933,7879300,96191400,29048917200,317547605800,3575.8528,3690.5531,3574.6885,3520.1182
141655000,3690.9188,9142800,91668300,29058060000,317639274100,3575.8528,3690.9814,3574.6885,3520.1182
141700000,3690.8663,7847500,85386500,29065907500,317724660600,3575.8528,3690.9814,3574.6885,3520.1182
141705000,3691.191,6985500,71360100,29072893000,317796020700,3575.8528,3691.191,3574.6885,3520.1182
141710000,3690.9069,10378400,114151200,29083271400,317910171900,3575.8528,3691.191,3574.6885,3520.1182
141715000,3691.5689,7461900,89262700,29090733300,317999434600,3575.8528,3691.6303,3574.6885,3520.1182
141720000,3691.7647,9899000,95166500,29100632300,318094601100,3575.8528,3691.7647,3574.6885,3520.1182
141725000,3691.939,8315000,77090800,29108947300,318171691900,3575.8528,3691.939,3574.6885,3520.1182
141730000,3692.0531,6771700,74255700,29115719000,318245947600,3575.8528,3692.1721,3574.6885,3520.1182
141735000,3692.2921,7787200,96216500,29123506200,318342164100,3575.8528,3692.2921,3574.6885,3520.1182
141740000,3693.1079,11948400,119526100,29135454600,318461690200,3575.8528,3693.1079,3574.6885,3520.1182
141745000,3693.3051,9702900,110873000,29145157500,318572563200,3575.8528,3693.3051,3574.6885,3520.1182
141750000,3693.6602,12619800,111643100,29157777300,318684206300,3575.8528,3693.8355,3574.6885,3520.1182
141755000,3693.8443,14078900,116705600,29171856200,318800911900,3575.8528,3693.9707,3574.6885,3520.1182
141800000,3693.9841,10600000,124938400,29182456200,318925850300,3575.8528,3694.1868,3574.6885,3520.1182
141805000,3693.9323,11349700,102970400,29193805900,319028820700,3575.8528,3694.1868,3574.6885,3520.1182
141810000,3694.2569,13044800,153947300,29206850700,319182768000,3575.8528,3694.359,3574.6885,3520.1182
141815000,3695.0027,9901700,117740400,29216752400,319300508400,3575.8528,3695.0027,3574.6885,3520.1182
141820000,3694.9579,10603400,108662400,29227355800,319409170800,3575.8528,3695.0027,3574.6885,3520.1182
141825000,3695.1939,8805000,101918500,29236160800,319511089300,3575.8528,3695.1939,3574.6885,3520.1182
141830000,3695.3823,10038700,107370900,29246199500,319618460200,3575.8528,3695.5918,3574.6885,3520.1182
141835000,3695.7123,7763800,73127300,29253963300,319691587500,3575.8528,3695.7123,3574.6885,3520.1182
141840000,3695.6065,13201600,139363900,29267164900,319830951400,3575.8528,3695.7123,3574.6885,3520.1182
141845000,3695.5602,9317600,107825100,29276482500,319938776500,3575.8528,3695.7123,3574.6885,3520.1182
141850000,3695.0854,10421800,129658300,29286904300,320068434800,3575.8528,3695.7123,3574.6885,3520.1182
141855000,3695.2132,9937700,99849300,29296842000,320168284100,3575.8528,3695.7123,3574.6885,3520.1182
141900000,3695.3939,7340600,84122000,29304182600,320252406100,3575.8528,3695.7123,3574.6885,3520.1182
141905000,3695.3329,8374400,66219200,29312557000,320318625300,3575.8528,3695.7123,3574.6885,3520.1182
141910000,3695.7223,10903500,110744500,29323460500,320429369800,3575.8528,3695.8183,3574.6885,3520.1182
141915000,3695.613,9793000,91533700,29333253500,320520903500,3575.8528,3695.8183,3574.6885,3520.1182
141920000,3695.523,9946000,98400500,29343199500,320619304000,3575.8528,3695.8183,3574.6885,3520.1182
141925000,3695.7562,7217100,74371700,29350416600,320693675700,3575.8528,3695.8183,3574.6885,3520.1182
141930000,3695.8772,9621100,89324000,29360037700,320782999700,3575.8528,3695.9667,3574.6885,3520.1182
141935000,3695.8792,9240500,80013200,29369278200,320863012900,3575.8528,3695.9667,3574.6885,3520.1182
141940000,3696.1437,9855400,131253500,29379133600,320994266400,3575.8528,3696.1437,3574.6885,3520.1182
141945000,3695.7713,9583900,101139200,29388717500,321095405600,3575.8528,3696.1437,3574.6885,3520.1182
141950000,3695.9074,7421000,85759700,29396138500,321181165300,3575.8528,3696.1437,3574.6885,3520.1182
141955000,3695.9502,6441700,84128300,29402580200,321265293600,3575.8528,3696.1437,3574.6885,3520.1182
142000000,3695.8844,8665800,98002700,29411246000,321363296300,3575.8528,3696.1437,3574.6885,3520.1182
142005000,3696.1308,7351700,73694500,29418597700,321436990800,3575.8528,3696.1437,3574.6885,3520.1182
142010000,3695.7856,9837600,98671500,29428435300,321535662300,3575.8528,3696.1437,3574.6885,3520.1182
142015000,3695.9194,8113600,73486400,29436548900,321609148700,3575.8528,3696.1437,3574.6885,3520.1182
142020000,3696.1566,9886600,109997400,29446435500,321719146100,3575.8528,3696.201,3574.6885,3520.1182
142025000,3695.9491,6257000,74190100,29452692500,321793336200,3575.8528,3696.201,3574.6885,3520.1182
142030000,3695.7011,7774400,82425300,29460466900,321875761500,3575.8528,3696.201,3574.6885,3520.1182
142035000,3695.7103,6229600,70724700,29466696500,321946486200,3575.8528,3696.201,3574.6885,3520.1182
142040000,3695.754,10414600,109385700,29477111100,322055871900,3575.8528,3696.201,3574.6885,3520.1182
142045000,3695.2638,8132500,88030400,29485243600,322143902300,3575.8528,3696.201,3574.6885,3520.1182
142050000,3695.2803,10144200,120925300,29495387800,322264827600,3575.8528,3696.201,3574.6885,3520.1182
142055000,3695.1411,8667700,87520400,29504055500,322352348000,3575.8528,3696.201,3574.6885,3520.1182
142100000,3694.6935,7217400,90288800,29511272900,322442636800,3575.8528,3696.201,3574.6885,3520.1182
142105000,3694.723,9355000,100887400,29520627900,322543524200,3575.8528,3696.201,3574.6885,3520.1182
142110000,3694.1433,7593200,93108300,29528221100,322636632500,3575.8528,3696.201,3574.6885,3520.1182
142115000,3694.5666,7228700,78943100,29535449800,322715575600,3575.8528,3696.201,3574.6885,3520.1182
142120000,3694.1722,7307800,89069900,29542757600,322804645500,3575.8528,3696.201,3574.6885,3520.1182
142125000,3693.991,7026100,79648600,29549783700,322884294100,3575.8528,3696.201,3574.6885,3520.1182
142130000,3693.9904,7632200,84239700,29557415900,322968533800,3575.8528,3696.201,3574.6885,3520.1182
142135000,3693.8808,9392900,102157200,29566808800,323070691000,3575.8528,3696.201,3574.6885,3520.1182
142140000,3693.3018,8518400,98592800,29575327200,323169283800,3575.8528,3696.201,3574.6885,3520.1182
142145000,3693.3076,5811100,72105100,29581138300,323241388900,3575.8528,3696.201,3574.6885,3520.1182
142150000,3693.3899,7066400,83230500,29588204700,323324619400,3575.8528,3696.201,3574.6885,3520.1182
142155000,3693.0021,6656000,67035500,29594860700,323391654900,3575.8528,3696.201,3574.6885,3520.1182
142200000,3693.349,8006500,86333800,29602867200,323477988700,3575.8528,3696.201,3574.6885,3520.1182
142205000,3692.7247,6248100,62719600,29609115300,323540708300,3575.8528,3696.201,3574.6885,3520.1182
142210000,3692.706,8041200,90583000,29617156500,323631291300,3575.8528,3696.201,3574.6885,3520.1182
142215000,3692.7446,6475700,82213300,29623632200,323713504600,3575.8528,3696.201,3574.6885,3520.1182
142220000,3692.7089,7925600,78140900,29631557800,323791645500,3575.8528,3696.201,3574.6885,3520.1182
142225000,3692.5668,5502100,57403500,29637059900,323849049000,3575.8528,3696.201,3574.6885,3520.1182
142230000,3692.6997,7872900,80301100,29644932800,323929350100,3575.8528,3696.201,3574.6885,3520.1182
142235000,3692.5681,6917600,73691700,29651850400,324003041800,3575.8528,3696.201,3574.6885,3520.1182
142240000,3692.7429,8395300,97687900,29660245700,324100729700,3575.8528,3696.201,3574.6885,3520.1182
142245000,3692.765,7434300,81029500,29667680000,324181759200,3575.8528,3696.201,3574.6885,3520.1182
142250000,3692.4649,9782300,88590700,29677462300,324270349900,3575.8528,3696.201,3574.6885,3520.1182
142255000,3692.4187,6290700,63013200,29683753000,324333363100,3575.8528,3696.201,3574.6885,3520.1182
142300000,3692.2902,7456500,80174800,29691209500,324413537900,3575.8528,3696.201,3574.6885,3520.1182
142305000,3692.2561,7592700,75670000,29698802200,324489207900,3575.8528,3696.201,3574.6885,3520.1182
142310000,3692.2968,8459900,84886400,29707262100,324574094300,3575.8528,3696.201,3574.6885,3520.1182
142315000,3692.3098,7184200,77993400,29714446300,324652087700,3575.8528,3696.201,3574.6885,3520.1182
142320000,3692.073,9538300,91091300,29723984600,324743179000,3575.8528,3696.201,3574.6885,3520.1182
142325000,3692.4348,11084500,91805100,29735069100,324834984100,3575.8528,3696.201,3574.6885,3520.1182
142330000,3692.1714,6924700,73748700,29741993800,324908732800,3575.8528,3696.201,3574.6885,3520.1182
142335000,3692.1073,8054000,76380600,29750047800,324985113400,3575.8528,3696.201,3574.6885,3520.1182
142340000,3691.9898,7240200,74641600,29757288000,325059755000,3575.8528,3696.201,3574.6885,3520.1182
142345000,3691.8729,5257300,59972200,29762545300,325119727200,3575.8528,3696.201,3574.6885,3520.1182
142350000,3691.9638,7452000,77933900,29769997300,325197661100,3575.8528,3696.201,3574.6885,3520.1182
142355000,3692.1265,6821600,78916000,29776818900,325276577100,3575.8528,3696.201,3574.6885,3520.1182
142400000,3692.162,12098200,113961000,29788917100,325390538100,3575.8528,3696.201,3574.6885,3520.1182
142405000,3692.6069,6607600,74916000,29795524700,325465454100,3575.8528,3696.201,3574.6885,3520.1182
142410000,3692.7932,10525900,120235200,29806050600,325585689300,3575.8528,3696.201,3574.6885,3520.1182
142415000,3693.4081,12424500,139955100,29818475100,325725644400,3575.8528,3696.201,3574.6885,3520.1182
142420000,3693.5659,7554900,88991800,29826030000,325814636200,3575.8528,3696.201,3574.6885,3520.1182
142425000,3693.9066,7909300,88928200,29833939300,325903564400,3575.8528,3696.201,3574.6885,3520.1182
142430000,3694.2296,8747100,107606500,29842686400,326011170900,3575.8528,3696.201,3574.6885,3520.1182
142435000,3694.2868,9600400,97272700,29852286800,326108443600,3575.8528,3696.201,3574.6885,3520.1182
142440000,3695.0198,8087000,109700500,29860373800,326218144100,3575.8528,3696.201,3574.6885,3520.1182
142445000,3695.5495,8415800,117994800,29868789600,326336138900,3575.8528,3696.201,3574.6885,3520.1182
142450000,3696.0524,12418500,133404400,29881208100,326469543300,3575.8528,3696.201,3574.6885,3520.1182
142455000,3696.512,11581500,133449600,29892789600,326602992900,3575.8528,3696.6666,3574.6885,3520.1182
142500000,3697.1412,10043800,126562100,29902833400,326729555000,3575.8528,3697.1484,3574.6885,3520.1182
142505000,3697.4853,12696300,136690800,29915529700,326866245800,3575.8528,3697.4853,3574.6885,3520.1182
142510000,3697.6506,13788000,161940700,29929317700,327028186500,3575.8528,3697.7971,3574.6885,3520.1182
142515000,3698.2332,10933700,128238700,29940251400,327156425200,3575.8528,3698.4926,3574.6885,3520.1182
142520000,3698.8396,11952200,127207300,29952203600,327283632500,3575.8528,3698.9281,3574.6885,3520.1182
142525000,3698.8743,10208500,93345400,29962412100,327376977900,3575.8528,3698.9281,3574.6885,3520.1182
142530000,3699.0356,10228400,106903200,29972640500,327483881100,3575.8528,3699.0691,3574.6885,3520.1182
142535000,3699.1615,11286400,105904500,29983926900,327589785600,3575.8528,3699.2928,3574.6885,3520.1182
142540000,3699.3883,9334300,102616700,29993261200,327692402300,3575.8528,3699.3962,3574.6885,3520.1182
142545000,3699.7687,9073900,122363000,30002335100,327814765300,3575.8528,3699.7995,3574.6885,3520.1182
142550000,3699.9874,9993200,112205400,30012328300,327926970700,3575.8528,3700.1543,3574.6885,3520.1182
142555000,3699.9104,7413900,82829300,30019742200,328009800000,3575.8528,3700.1543,3574.6885,3520.1182
142600000,3700.3812,9714500,101541800,30029456700,328111341800,3575.8528,3700.3812,3574.6885,3520.1182
142605000,3700.4204,8367400,85353700,30037824100,328196695500,3575.8528,3700.4608,3574.6885,3520.1182
142610000,3700.8314,13018800,151899100,30050842900,328348594600,3575.8528,3700.8551,3574.6885,3520.1182
142615000,3700.7752,12054300,141407700,30062897200,328490002300,3575.8528,3700.8551,3574.6885,3520.1182
142620000,3700.8374,9123700,99394800,30072020900,328589397100,3575.8528,3700.8551,3574.6885,3520.1182
142625000,3700.7382,9243400,90299900,30081264300,328679697000,3575.8528,3700.8838,3574.6885,3520.1182
142630000,3700.8786,9374800,105592200,30090639100,328785289200,3575.8528,3700.9385,3574.6885,3520.1182
142635000,3700.9958,8836000,78245800,30099475100,328863535000,3575.8528,3701.1491,3574.6885,3520.1182
142640000,3701.5364,9910600,112104500,30109385700,328975639500,3575.8528,3701.8524,3574.6885,3520.1182
142645000,3701.7902,11936700,129424100,30121322400,329105063600,3575.8528,3701.9053,3574.6885,3520.1182
142650000,3702.26,11193500,118043500,30132515900,329223107100,3575.8528,3702.26,3574.6885,3520.1182
142655000,3702.4493,9367300,94289100,30141883200,329317396200,3575.8528,3702.4493,3574.6885,3520.1182
142700000,3702.274,10712400,107380900,30152595600,329424777100,3575.8528,3702.4493,3574.6885,3520.1182
142705000,3702.7978,12663100,131165500,30165258700,329555942600,3575.8528,3702.9829,3574.6885,3520.1182
142710000,3703.0839,14612400,135828400,30179871100,329691771000,3575.8528,3703.0982,3574.6885,3520.1182
142715000,3703.3103,9629600,109729300,30189500700,329801500300,3575.8528,3703.3345,3574.6885,3520.1182
142720000,3703.3837,11695000,117946700,30201195700,329919447000,3575.8528,3703.4376,3574.6885,3520.1182
142725000,3703.3925,9994000,112474500,30211189700,330031921500,3575.8528,3703.4376,3574.6885,3520.1182
142730000,3703.2602,9091900,96929500,30220281600,330128851000,3575.8528,3703.4376,3574.6885,3520.1182
142735000,3703.3691,8993800,99348200,30229275400,330228199200,3575.8528,3703.5472,3574.6885,3520.1182
142740000,3703.7056,13450200,135221200,30242725600,330363420400,3575.8528,3703.8132,3574.6885,3520.1182
142745000,3703.8071,9915700,101705800,30252641300,330465126200,3575.8528,3703.8984,3574.6885,3520.1182
142750000,3703.8451,13167200,141206300,30265808500,330606332500,3575.8528,3703.8984,3574.6885,3520.1182
142755000,3703.7587,11573900,120033700,30277382400,330726366200,3575.8528,3703.8984,3574.6885,3520.1182
142800000,3703.8263,11405700,132529400,30288788100,330858895600,3575.8528,3704.0869,3574.6885,3520.1182
142805000,3703.5942,9642100,96447600,30298430200,330955343200,3575.8528,3704.0869,3574.6885,3520.1182
142810000,3703.7484,8615200,108774100,30307045400,331064117300,3575.8528,3704.0869,3574.6885,3520.1182
142815000,3703.9264,9267500,104881300,30316312900,331168998600,3575.8528,3704.0869,3574.6885,3520.1182
142820000,3704.1212,11272600,110592000,30327585500,331279590600,3575.8528,3704.265,3574.6885,3520.1182
142825000,3703.9237,7323000,81628100,30334908500,331361218700,3575.8528,3704.265,3574.6885,3520.1182
142830000,3703.9914,7736900,84409100,30342645400,331445627800,3575.8528,3704.265,3574.6885,3520.1182
142835000,3704.5438,7015100,78866400,30349660500,331524494200,3575.8528,3704.5438,3574.6885,3520.1182
142840000,3704.7094,11961000,120614300,30361621500,331645108500,3575.8528,3704.783,3574.6885,3520.1182
142845000,3704.6351,10490800,101969400,30372112300,331747077900,3575.8528,3704.783,3574.6885,3520.1182
142850000,3704.4908,13141700,114175500,30385254000,331861253400,3575.8528,3704.783,3574.6885,3520.1182
142855000,3704.6383,7924100,84702400,30393178100,331945955800,3575.8528,3704.783,3574.6885,3520.1182
142900000,3704.3117,8844600,80641100,30402022700,332026596900,3575.8528,3704.783,3574.6885,3520.1182
142905000,3704.3436,13010000,106463000,30415032700,332133059900,3575.8528,3704.783,3574.6885,3520.1182
142910000,3704.5643,12689600,126334400,30427722300,332259394300,3575.8528,3704.783,3574.6885,3520.1182
142915000,3704.6438,8417400,93253900,30436139700,332352648200,3575.8528,3704.783,3574.6885,3520.1182
142920000,3704.2131,8107700,92635500,30444247400,332445283700,3575.8528,3704.783,3574.6885,3520.1182
142925000,3704.5204,6664300,67950300,30450911700,332513234000,3575.8528,3704.783,3574.6885,3520.1182
142930000,3705.1161,8028900,98937500,30458940600,332612171500,3575.8528,3705.1161,3574.6885,3520.1182
142935000,3705.141,5856900,56724500,30464797500,332668896000,3575.8528,3705.141,3574.6885,3520.1182
142940000,3705.2108,9461000,99455300,30474258500,332768351300,3575.8528,3705.2594,3574.6885,3520.1182
142945000,3705.2036,10597800,95735200,30484856300,332864086500,3575.8528,3705.3576,3574.6885,3520.1182
142950000,3705.5558,11493600,107649100,30496349900,332971735600,3575.8528,3705.5558,3574.6885,3520.1182
142955000,3705.6623,7861300,112486000,30504211200,333084221600,3575.8528,3705.6623,3574.6885,3520.1182
143000000,3705.9866,8612700,98423000,30512823900,333182644600,3575.8528,3705.9866,3574.6885,3520.1182
143005000,3706.6783,12813000,138416200,30525636900,333321060800,3575.8528,3706.7082,3574.6885,3520.1182
143010000,3706.8267,12454100,130549000,30538091000,333451609800,3575.8528,3706.8267,3574.6885,3520.1182
143015000,3706.9003,11137300,110229000,30549228300,333561838800,3575.8528,3706.9003,3574.6885,3520.1182
143020000,3707.5257,9084100,103141000,30558312400,333664979800,3575.8528,3707.6082,3574.6885,3520.1182
143025000,3707.4695,9833100,106158300,30568145500,333771138100,3575.8528,3707.7207,3574.6885,3520.1182
143030000,3707.8296,9271100,103050700,30577416600,333874188800,3575.8528,3708.0764,3574.6885,3520.1182
143035000,3708.368,6202300,66387100,30583618900,333940575900,3575.8528,3708.368,3574.6885,3520.1182
143040000,3708.2767,9322800,102270300,30592941700,334042846200,3575.8528,3708.5398,3574.6885,3520.1182
143045000,3709.3954,10630100,124741400,30603571800,334167587600,3575.8528,3709.3954,3574.6885,3520.1182
143050000,3709.416,12960100,144309100,30616531900,334311896700,3575.8528,3709.416,3574.6885,3520.1182
143055000,3709.3467,9910300,107255200,30626442200,334419151900,3575.8528,3709.5817,3574.6885,3520.1182
143100000,3709.7842,9684900,126491100,30636127100,334545643000,3575.8528,3710.113,3574.6885,3520.1182
143105000,3710.5098,9344800,108258500,30645471900,334653901500,3575.8528,3710.5098,3574.6885,3520.1182
143110000,3710.5723,15543100,176977100,30661015000,334830878600,3575.8528,3710.8167,3574.6885,3520.1182
143115000,3710.9477,11511000,133158200,30672526000,334964036800,3575.8528,3711.0802,3574.6885,3520.1182
143120000,3711.3489,11686000,134526500,30684212000,335098563300,3575.8528,3711.3489,3574.6885,3520.1182
143125000,3711.5802,8598600,102357200,30692810600,335200920500,3575.8528,3711.6446,3574.6885,3520.1182
143130000,3711.8119,11098700,141691200,30703909300,335342611700,3575.8528,3711.909,3574.6885,3520.1182
143135000,3712.1017,14052900,144914800,30717962200,335487526500,3575.8528,3712.2173,3574.6885,3520.1182
143140000,3712.6694,21079700,166964400,30739041900,335654490900,3575.8528,3712.6694,3574.6885,3520.1182
143145000,3712.9538,7873200,98215500,30746915100,335752706400,3575.8528,3712.9538,3574.6885,3520.1182
143150000,3713.1587,12001200,152080400,30758916300,335904786800,3575.8528,3713.3642,3574.6885,3520.1182
143155000,3713.734,12204600,144642400,30771120900,336049429200,3575.8528,3713.8442,3574.6885,3520.1182
143200000,3713.7941,14515500,182519500,30785636400,336231948700,3575.8528,3714.1011,3574.6885,3520.1182
143205000,3714.4571,14618200,145234300,30800254600,336377183000,3575.8528,3714.4571,3574.6885,3520.1182
143210000,3714.7873,19598800,190098900,30819853400,336567281900,3575.8528,3714.7873,3574.6885,3520.1182
143215000,3715.4294,11688800,157249700,30831542200,336724531600,3575.8528,3715.4925,3574.6885,3520.1182
143220000,3715.8665,11742300,139141300,30843284500,336863672900,3575.8528,3715.8665,3574.6885,3520.1182
143225000,3715.6316,13873000,155546700,30857157500,337019219600,3575.8528,3715.8665,3574.6885,3520.1182
143230000,3716.1619,9529700,148355800,30866687200,337167575400,3575.8528,3716.1619,3574.6885,3520.1182
143235000,3716.3607,13367000,151031100,30880054200,337318606500,3575.8528,3716.4174,3574.6885,3520.1182
143240000,3716.8585,15995500,190956500,30896049700,337509563000,3575.8528,3716.8585,3574.6885,3520.1182
143245000,3717.1505,11225500,166591600,30907275200,337676154600,3575.8528,3717.1505,3574.6885,3520.1182
143250000,3717.0563,11733500,158377700,30919008700,337834532300,3575.8528,3717.1505,3574.6885,3520.1182
143255000,3717.6817,11293100,141388100,30930301800,337975920400,3575.8528,3717.6817,3574.6885,3520.1182
143300000,3718.0653,12450800,164473500,30942752600,338140393900,3575.8528,3718.213,3574.6885,3520.1182
143305000,3717.9166,11213500,108019300,30953966100,338248413200,3575.8528,3718.213,3574.6885,3520.1182
143310000,3718.2909,14361300,163132400,30968327400,338411545600,3575.8528,3718.3659,3574.6885,3520.1182
143315000,3718.2584,10085700,114758700,30978413100,338526304300,3575.8528,3718.382,3574.6885,3520.1182
143320000,3718.6453,9493300,109902900,30987906400,338636207200,3575.8528,3718.6698,3574.6885,3520.1182
143325000,3718.73,11696200,101494500,30999602600,338737701700,3575.8528,3718.8049,3574.6885,3520.1182
143330000,3718.6486,8218900,101333100,31007821500,338839034800,3575.8528,3718.8049,3574.6885,3520.1182
143335000,3718.9366,9778600,107024600,31017600100,338946059400,3575.8528,3718.9366,3574.6885,3520.1182
143340000,3719.2987,11865700,116930400,31029465800,339062989800,3575.8528,3719.2987,3574.6885,3520.1182
143345000,3719.8712,12118500,132377100,31041584300,339195366900,3575.8528,3719.8712,3574.6885,3520.1182
143350000,3719.362,13215600,152320700,31054799900,339347687600,3575.8528,3719.8712,3574.6885,3520.1182
143355000,3719.5421,12664300,115338500,31067464200,339463026100,3575.8528,3719.8712,3574.6885,3520.1182
143400000,3719.4707,11546800,129621300,31079011000,339592647400,3575.8528,3719.8712,3574.6885,3520.1182
143405000,3720.2913,12583100,132593500,31091594100,339725240900,3575.8528,3720.2913,3574.6885,3520.1182
143410000,3720.0759,11393600,137139300,31102987700,339862380200,3575.8528,3720.3044,3574.6885,3520.1182
143415000,3720.4195,11473500,141894200,31114461200,340004274400,3575.8528,3720.4195,3574.6885,3520.1182
143420000,3720.2771,13719200,140621400,31128180400,340144895800,3575.8528,3720.6394,3574.6885,3520.1182
143425000,3720.7471,10219100,111231800,31138399500,340256127600,3575.8528,3720.794,3574.6885,3520.1182
143430000,3720.7484,7791200,104262100,31146190700,340360389700,3575.8528,3720.794,3574.6885,3520.1182
143435000,3721.0453,8976700,144350500,31155167400,340504740200,3575.8528,3721.1157,3574.6885,3520.1182
143440000,3721.2747,10085800,108075700,31165253200,340612815900,3575.8528,3721.513,3574.6885,3520.1182
143445000,3721.5329,8091700,98861700,31173344900,340711677600,3575.8528,3721.5329,3574.6885,3520.1182
143450000,3722.171,10838400,133443400,31184183300,340845121000,3575.8528,3722.2934,3574.6885,3520.1182
143455000,3721.9526,11016000,129090200,31195199300,340974211200,3575.8528,3722.2934,3574.6885,3520.1182
143500000,3722.0054,8851400,100652600,31204050700,341074863800,3575.8528,3722.2934,3574.6885,3520.1182
143505000,3722.6585,9800500,126032100,31213851200,341200895900,3575.8528,3722.6585,3574.6885,3520.1182
143510000,3722.3359,11507800,116513600,31225359000,341317409500,3575.8528,3722.9082,3574.6885,3520.1182
143515000,3722.716,9331700,114501700,31234690700,341431911200,3575.8528,3723.0869,3574.6885,3520.1182
143520000,3723.0517,12871600,143458000,31247562300,341575369200,3575.8528,3723.0869,3574.6885,3520.1182
143525000,3723.6476,11896100,123652600,31259458400,341699021800,3575.8528,3724.0078,3574.6885,3520.1182
143530000,3723.8991,11512900,129521700,31270971300,341828543500,3575.8528,3724.0078,3574.6885,3520.1182
143535000,3723.9877,8971400,99756900,31279942700,341928300400,3575.8528,3724.1752,3574.6885,3520.1182
143540000,3724.1837,12206700,153852700,31292149400,342082153100,3575.8528,3724.3243,3574.6885,3520.1182
143545000,3724.5463,8952900,153954600,31301102300,342236107700,3575.8528,3724.5463,3574.6885,3520.1182
143550000,3725.1007,15540600,171269300,31316642900,342407377000,3575.8528,3725.1007,3574.6885,3520.1182
143555000,3724.9917,11416100,121457300,31328059000,342528834300,3575.8528,3725.2566,3574.6885,3520.1182
143600000,3725.4698,12322800,159883000,31340381800,342688717300,3575.8528,3725.4698,3574.6885,3520.1182
143605000,3725.7307,13579000,130498000,31353960800,342819215300,3575.8528,3725.9773,3574.6885,3520.1182
143610000,3726.5434,12933800,165850000,31366894600,342985065300,3575.8528,3726.6235,3574.6885,3520.1182
143615000,3726.2772,11212900,181866100,31378107500,343166931400,3575.8528,3726.6235,3574.6885,3520.1182
143620000,3726.9155,15472400,158067300,31393579900,343324998700,3575.8528,3726.9673,3574.6885,3520.1182
143625000,3726.826,9975400,119307300,31403555300,343444306000,3575.8528,3727.0613,3574.6885,3520.1182
143630000,3727.1553,9868400,144477900,31413423700,343588783900,3575.8528,3727.1553,3574.6885,3520.1182
143635000,3726.9898,13142800,124770000,31426566500,343713553900,3575.8528,3727.1553,3574.6885,3520.1182
143640000,3727.0491,13782600,153107000,31440349100,343866660900,3575.8528,3727.3862,3574.6885,3520.1182
143645000,3727.8115,10134500,135612200,31450483600,344002273100,3575.8528,3727.8115,3574.6885,3520.1182
143650000,3727.8082,12633800,156060500,31463117400,344158333600,3575.8528,3727.8115,3574.6885,3520.1182
143655000,3728.192,15293200,178687700,31478410600,344337021300,3575.8528,3728.5291,3574.6885,3520.1182
143700000,3728.4624,15836500,197884900,31494247100,344534906200,3575.8528,3728.5291,3574.6885,3520.1182
143705000,3728.7967,16192800,160709400,31510439900,344695615600,3575.8528,3728.7967,3574.6885,3520.1182
143710000,3729.2364,15300300,172680400,31525740200,344868296000,3575.8528,3729.2364,3574.6885,3520.1182
143715000,3729.2794,10715700,145238400,31536455900,345013534400,3575.8528,3729.3717,3574.6885,3520.1182
143720000,3728.7538,14937300,169245700,31551393200,345182780100,3575.8528,3729.3717,3574.6885,3520.1182
143725000,3728.4919,13892300,143537500,31565285500,345326317600,3575.8528,3729.3717,3574.6885,3520.1182
143730000,3728.5157,11590900,170336700,31576876400,345496654300,3575.8528,3729.3717,3574.6885,3520.1182
143735000,3728.008,9998900,118682300,31586875300,345615336600,3575.8528,3729.3717,3574.6885,3520.1182
143740000,3727.5845,14129300,163972300,31601004600,345779308900,3575.8528,3729.3717,3574.6885,3520.1182
143745000,3726.9885,9290300,118018400,31610294900,345897327300,3575.8528,3729.3717,3574.6885,3520.1182
143750000,3726.5939,11843900,134608400,31622138800,346031935700,3575.8528,3729.3717,3574.6885,3520.1182
143755000,3726.8668,10326000,119624300,31632464800,346151560000,3575.8528,3729.3717,3574.6885,3520.1182
143800000,3726.539,9842700,126268200,31642307500,346277828200,3575.8528,3729.3717,3574.6885,3520.1182
143805000,3726.337,9543900,120132900,31651851400,346397961100,3575.8528,3729.3717,3574.6885,3520.1182
143810000,3725.7415,9780000,141875200,31661631400,346539836300,3575.8528,3729.3717,3574.6885,3520.1182
143815000,3725.7017,9258300,127519000,31670889700,346667355300,3575.8528,3729.3717,3574.6885,3520.1182
143820000,3725.2628,9942100,112402200,31680831800,346779757500,3575.8528,3729.3717,3574.6885,3520.1182
143825000,3725.3958,10103400,130150700,31690935200,346909908200,3575.8528,3729.3717,3574.6885,3520.1182
143830000,3724.6359,8444500,118700900,31699379700,347028609100,3575.8528,3729.3717,3574.6885,3520.1182
143835000,3724.9648,9605500,107123200,31708985200,347135732300,3575.8528,3729.3717,3574.6885,3520.1182
143840000,3724.5342,9835500,131171900,31718820700,347266904200,3575.8528,3729.3717,3574.6885,3520.1182
143845000,3724.6152,11588600,132804500,31730409300,347399708700,3575.8528,3729.3717,3574.6885,3520.1182
143850000,3724.4609,10243800,131913900,31740653100,347531622600,3575.8528,3729.3717,3574.6885,3520.1182
143855000,3724.355,8363800,107373400,31749016900,347638996000,3575.8528,3729.3717,3574.6885,3520.1182
143900000,3724.315,7776900,120245800,31756793800,347759241800,3575.8528,3729.3717,3574.6885,3520.1182
143905000,3723.9294,8279900,109586800,31765073700,347868828600,3575.8528,3729.3717,3574.6885,3520.1182
143910000,3724.38,13828500,148773900,31778902200,348017602500,3575.8528,3729.3717,3574.6885,3520.1182
143915000,3724.8345,9473700,120974300,31788375900,348138576800,3575.8528,3729.3717,3574.6885,3520.1182
143920000,3724.5992,11631700,119797300,31800007600,348258374100,3575.8528,3729.3717,3574.6885,3520.1182
143925000,3724.6674,10733300,120939500,31810740900,348379313600,3575.8528,3729.3717,3574.6885,3520.1182
143930000,3725.2138,12575300,148151700,31823316200,348527465300,3575.8528,3729.3717,3574.6885,3520.1182
143935000,3724.8756,7864700,87188600,31831180900,348614653900,3575.8528,3729.3717,3574.6885,3520.1182
143940000,3725.0351,12309900,135251100,31843490800,348749905000,3575.8528,3729.3717,3574.6885,3520.1182
143945000,3724.6993,6767000,95564900,31850257800,348845469900,3575.8528,3729.3717,3574.6885,3520.1182
143950000,3725.0297,11585300,129169200,31861843100,348974639100,3575.8528,3729.3717,3574.6885,3520.1182
143955000,3724.0964,9410400,113548700,31871253500,349088187800,3575.8528,3729.3717,3574.6885,3520.1182
144000000,3724.6228,8020500,126662600,31879274000,349214850400,3575.8528,3729.3717,3574.6885,3520.1182
144005000,3724.3427,11476200,122911400,31890750200,349337761800,3575.8528,3729.3717,3574.6885,3520.1182
144010000,3723.9226,11873400,141152700,31902623600,349478914500,3575.8528,3729.3717,3574.6885,3520.1182
144015000,3723.3334,9066000,110828800,31911689600,349589743300,3575.8528,3729.3717,3574.6885,3520.1182
144020000,3723.4228,10033800,130168400,31921723400,349719911700,3575.8528,3729.3717,3574.6885,3520.1182
144025000,3723.3601,8955000,114721000,31930678400,349834632700,3575.8528,3729.3717,3574.6885,3520.1182
144030000,3722.6368,10545000,115181800,31941223400,349949814500,3575.8528,3729.3717,3574.6885,3520.1182
144035000,3721.7177,8862900,95599600,31950086300,350045414100,3575.8528,3729.3717,3574.6885,3520.1182
144040000,3721.9787,10286900,115310400,31960373200,350160724500,3575.8528,3729.3717,3574.6885,3520.1182
144045000,3721.6233,8108500,112678100,31968481700,350273402600,3575.8528,3729.3717,3574.6885,3520.1182
144050000,3722.145,10321300,134402800,31978803000,350407805400,3575.8528,3729.3717,3574.6885,3520.1182
144055000,3721.9321,9488800,108129000,31988291800,350515934400,3575.8528,3729.3717,3574.6885,3520.1182
144100000,3721.943,6775800,83575500,31995067600,350599509900,3575.8528,3729.3717,3574.6885,3520.1182
144105000,3721.6359,9281200,87605700,32004348800,350687115600,3575.8528,3729.3717,3574.6885,3520.1182
144110000,3721.3561,9712800,108874500,32014061600,350795990100,3575.8528,3729.3717,3574.6885,3520.1182
144115000,3721.3533,7307200,100843000,32021368800,350896833100,3575.8528,3729.3717,3574.6885,3520.1182
144120000,3721.3147,8421000,111843700,32029789800,351008676800,3575.8528,3729.3717,3574.6885,3520.1182
144125000,3721.2864,6660600,87512200,32036450400,351096189000,3575.8528,3729.3717,3574.6885,3520.1182
144130000,3720.9797,7887500,116151400,32044337900,351212340400,3575.8528,3729.3717,3574.6885,3520.1182
144135000,3721.253,7174100,88017300,32051512000,351300357700,3575.8528,3729.3717,3574.6885,3520.1182
144140000,3721.343,9760700,124939200,32061272700,351425296900,3575.8528,3729.3717,3574.6885,3520.1182
144145000,3721.104,7038900,103665100,32068311600,351528962000,3575.8528,3729.3717,3574.6885,3520.1182
144150000,3720.9855,10766300,111656000,32079077900,351640618000,3575.8528,3729.3717,3574.6885,3520.1182
144155000,3721.1181,10633500,123044400,32089711400,351763662400,3575.8528,3729.3717,3574.6885,3520.1182
144200000,3721.4093,10922100,127886000,32100633500,351891548400,3575.8528,3729.3717,3574.6885,3520.1182
144205000,3721.6278,9940600,124409000,32110574100,352015957400,3575.8528,3729.3717,3574.6885,3520.1182
144210000,3721.5527,10087600,119134300,32120661700,352135091700,3575.8528,3729.3717,3574.6885,3520.1182
144215000,3721.5757,6793900,87402800,32127455600,352222494500,3575.8528,3729.3717,3574.6885,3520.1182
144220000,3721.3962,8980300,127586700,32136435900,352350081200,3575.8528,3729.3717,3574.6885,3520.1182
144225000,3721.582,9608700,121730300,32146044600,352471811500,3575.8528,3729.3717,3574.6885,3520.1182
144230000,3722.0112,10213300,121604600,32156257900,352593416100,3575.8528,3729.3717,3574.6885,3520.1182
144235000,3721.7104,7508200,90312200,32163766100,352683728300,3575.8528,3729.3717,3574.6885,3520.1182
144240000,3721.8814,9299400,107695900,32173065500,352791424200,3575.8528,3729.3717,3574.6885,3520.1182
144245000,3722.0815,9891200,97234600,32182956700,352888658800,3575.8528,3729.3717,3574.6885,3520.1182
144250000,3721.335,8893000,119904000,32191849700,353008562800,3575.8528,3729.3717,3574.6885,3520.1182
144255000,3721.6505,6927100,88135200,32198776800,353096698000,3575.8528,3729.3717,3574.6885,3520.1182
144300000,3721.8109,10118500,98515000,32208895300,353195213000,3575.8528,3729.3717,3574.6885,3520.1182
144305000,3721.9806,10289900,120613200,32219185200,353315826200,3575.8528,3729.3717,3574.6885,3520.1182
144310000,3722.0286,10162800,114323200,32229348000,353430149400,3575.8528,3729.3717,3574.6885,3520.1182
144315000,3722.2592,6821400,98480400,32236169400,353528629800,3575.8528,3729.3717,3574.6885,3520.1182
144320000,3722.2609,9826500,122107100,32245995900,353650736900,3575.8528,3729.3717,3574.6885,3520.1182
144325000,3721.754,9164500,93527500,32255160400,353744264400,3575.8528,3729.3717,3574.6885,3520.1182
144330000,3721.9566,8654500,89224800,32263814900,353833489200,3575.8528,3729.3717,3574.6885,3520.1182
144335000,3722.0345,7127500,84358000,32270942400,353917847200,3575.8528,3729.3717,3574.6885,3520.1182
144340000,3721.8289,9545800,111151100,32280488200,354028998300,3575.8528,3729.3717,3574.6885,3520.1182
144345000,3721.9965,12087800,112512000,32292576000,354141510300,3575.8528,3729.3717,3574.6885,3520.1182
144350000,3722.1474,10467700,100184200,32303043700,354241694500,3575.8528,3729.3717,3574.6885,3520.1182
144355000,3721.7766,13119200,89258600,32316162900,354330953100,3575.8528,3729.3717,3574.6885,3520.1182
144400000,3721.5869,8977000,95683300,32325139900,354426636400,3575.8528,3729.3717,3574.6885,3520.1182
144405000,3721.5165,7828500,69047200,32332968400,354495683600,3575.8528,3729.3717,3574.6885,3520.1182
144410000,3721.4654,10669200,103706900,32343637600,354599390500,3575.8528,3729.3717,3574.6885,3520.1182
144415000,3721.3316,6514800,88706200,32350152400,354688096700,3575.8528,3729.3717,3574.6885,3520.1182
144420000,3721.1971,9149500,92947100,32359301900,354781043800,3575.8528,3729.3717,3574.6885,3520.1182
144425000,3720.7292,8449100,104156400,32367751000,354885200200,3575.8528,3729.3717,3574.6885,3520.1182
144430000,3720.7249,6675500,87034100,32374426500,354972234300,3575.8528,3729.3717,3574.6885,3520.1182
144435000,3720.6715,9016800,88747200,32383443300,355060981500,3575.8528,3729.3717,3574.6885,3520.1182
144440000,3719.9814,13070800,126872900,32396514100,355187854400,3575.8528,3729.3717,3574.6885,3520.1182
144445000,3719.8336,8591400,105947700,32405105500,355293802100,3575.8528,3729.3717,3574.6885,3520.1182
144450000,3719.7251,26115800,147389700,32431221300,355441191800,3575.8528,3729.3717,3574.6885,3520.1182
144455000,3719.5449,7439200,70398600,32438660500,355511590400,3575.8528,3729.3717,3574.6885,3520.1182
144500000,3719.5262,9370100,90136000,32448030600,355601726400,3575.8528,3729.3717,3574.6885,3520.1182
144505000,3719.7599,8257200,97017400,32456287800,355698743800,3575.8528,3729.3717,3574.6885,3520.1182
144510000,3719.3817,10802600,115991500,32467090400,355814735300,3575.8528,3729.3717,3574.6885,3520.1182
144515000,3719.2184,12023500,130516700,32479113900,355945252000,3575.8528,3729.3717,3574.6885,3520.1182
144520000,3719.4426,10461400,115745700,32489575300,356060997700,3575.8528,3729.3717,3574.6885,3520.1182
144525000,3719.3321,8775000,87579500,32498350300,356148577200,3575.8528,3729.3717,3574.6885,3520.1182
144530000,3719.4618,9668000,110084300,32508018300,356258661500,3575.8528,3729.3717,3574.6885,3520.1182
144535000,3718.9863,8006900,87657700,32516025200,356346319200,3575.8528,3729.3717,3574.6885,3520.1182
144540000,3718.8264,10580200,127945400,32526605400,356474264600,3575.8528,3729.3717,3574.6885,3520.1182
144545000,3718.9319,8783400,101772800,32535388800,356576037400,3575.8528,3729.3717,3574.6885,3520.1182
144550000,3718.7565,11390800,120455200,32546779600,356696492600,3575.8528,3729.3717,3574.6885,3520.1182
144555000,3718.7768,10519800,93120800,32557299400,356789613400,3575.8528,3729.3717,3574.6885,3520.1182
144600000,3718.4672,10016800,114929100,32567316200,356904542500,3575.8528,3729.3717,3574.6885,3520.1182
144605000,3718.1106,9184000,93325700,32576500200,356997868200,3575.8528,3729.3717,3574.6885,3520.1182
144610000,3718.2804,10648900,116970500,32587149100,357114838700,3575.8528,3729.3717,3574.6885,3520.1182
144615000,3717.892,9855000,111936700,32597004100,357226775400,3575.8528,3729.3717,3574.6885,3520.1182
144620000,3718.2904,8511000,93834400,32605515100,357320609800,3575.8528,3729.3717,3574.6885,3520.1182
144625000,3717.6593,7313600,91060100,32612828700,357411669900,3575.8528,3729.3717,3574.6885,3520.1182
144630000,3717.9578,8646900,102155000,32621475600,357513824900,3575.8528,3729.3717,3574.6885,3520.1182
144635000,3717.8459,11112300,107303200,32632587900,357621128100,3575.8528,3729.3717,3574.6885,3520.1182
144640000,3717.4003,10453100,141972800,32643041000,357763100900,3575.8528,3729.3717,3574.6885,3520.1182
144645000,3717.4328,6483500,89926300,32649524500,357853027200,3575.8528,3729.3717,3574.6885,3520.1182
144650000,3717.1592,10330300,110322100,32659854800,357963349300,3575.8528,3729.3717,3574.6885,3520.1182
144655000,3717.199,9516600,103878300,32669371400,358067227600,3575.8528,3729.3717,3574.6885,3520.1182
144700000,3717.0181,7859200,96285400,32677230600,358163513000,3575.8528,3729.3717,3574.6885,3520.1182
144705000,3717.1597,8352800,93959400,32685583400,358257472400,3575.8528,3729.3717,3574.6885,3520.1182
144710000,3716.9769,10537500,114862600,32696120900,358372335000,3575.8528,3729.3717,3574.6885,3520.1182
144715000,3716.825,8569300,85814300,32704690200,358458149300,3575.8528,3729.3717,3574.6885,3520.1182
144720000,3717.2613,9798600,119335200,32714488800,358577484500,3575.8528,3729.3717,3574.6885,3520.1182
144725000,3717.4619,9289300,101861300,32723778100,358679345800,3575.8528,3729.3717,3574.6885,3520.1182
144730000,3717.1677,10877900,121930700,32734656000,358801276500,3575.8528,3729.3717,3574.6885,3520.1182
144735000,3717.492,12511700,139706400,32747167700,358940982900,3575.8528,3729.3717,3574.6885,3520.1182
144740000,3717.5718,13799600,166453500,32760967300,359107436400,3575.8528,3729.3717,3574.6885,3520.1182
144745000,3717.6591,9320500,123158400,32770287800,359230594800,3575.8528,3729.3717,3574.6885,3520.1182
144750000,3717.6939,12720400,143541300,32783008200,359374136100,3575.8528,3729.3717,3574.6885,3520.1182
144755000,3717.955,9275500,101738900,32792283700,359475875000,3575.8528,3729.3717,3574.6885,3520.1182
144800000,3717.6067,10673000,118446900,32802956700,359594321900,3575.8528,3729.3717,3574.6885,3520.1182
144805000,3717.8953,9146400,101415200,32812103100,359695737100,3575.8528,3729.3717,3574.6885,3520.1182
144810000,3717.1793,11692000,138061000,32823795100,359833798100,3575.8528,3729.3717,3574.6885,3520.1182
144815000,3716.9963,8727200,96111300,32832522300,359929909400,3575.8528,3729.3717,3574.6885,3520.1182
144820000,3717.0887,16321000,132938000,32848843300,360062847400,3575.8528,3729.3717,3574.6885,3520.1182
144825000,3717.0352,9669100,90001600,32858512400,360152849000,3575.8528,3729.3717,3574.6885,3520.1182
144830000,3716.755,9066000,105129700,32867578400,360257978700,3575.8528,3729.3717,3574.6885,3520.1182
144835000,3716.7587,7638900,80115600,32875217300,360338094300,3575.8528,3729.3717,3574.6885,3520.1182
144840000,3716.4281,11853000,129338200,32887070300,360467432500,3575.8528,3729.3717,3574.6885,3520.1182
144845000,3716.5638,7569000,111049400,32894639300,360578481900,3575.8528,3729.3717,3574.6885,3520.1182
144850000,3716.6583,9465200,124776400,32904104500,360703258300,3575.8528,3729.3717,3574.6885,3520.1182
144855000,3716.5086,6005900,70574600,32910110400,360773832900,3575.8528,3729.3717,3574.6885,3520.1182
144900000,3716.4004,10400400,114412000,32920510800,360888244900,3575.8528,3729.3717,3574.6885,3520.1182
144905000,3716.473,7635800,87001300,32928146600,360975246200,3575.8528,3729.3717,3574.6885,3520.1182
144910000,3717.0447,11751200,118606100,32939897800,361093852300,3575.8528,3729.3717,3574.6885,3520.1182
144915000,3716.8542,8152100,103288000,32948049900,361197140300,3575.8528,3729.3717,3574.6885,3520.1182
144920000,3717.207,8958600,128931300,32957008500,361326071600,3575.8528,3729.3717,3574.6885,3520.1182
144925000,3717.2932,7810600,80266900,32964819100,361406338500,3575.8528,3729.3717,3574.6885,3520.1182
144930000,3716.7384,7099500,95310700,32971918600,361501649200,3575.8528,3729.3717,3574.6885,3520.1182
144935000,3717.0023,8888700,95781600,32980807300,361597430800,3575.8528,3729.3717,3574.6885,3520.1182
144940000,3717.2341,10217800,124574200,32991025100,361722005000,3575.8528,3729.3717,3574.6885,3520.1182
144945000,3717.2336,10472300,127207600,33001497400,361849212600,3575.8528,3729.3717,3574.6885,3520.1182
144950000,3717.391,10379300,114533900,33011876700,361963746500,3575.8528,3729.3717,3574.6885,3520.1182
144955000,3717.4712,9281300,110576400,33021158000,362074322900,3575.8528,3729.3717,3574.6885,3520.1182
145000000,3717.4212,7053700,102233900,33028211700,362176556800,3575.8528,3729.3717,3574.6885,3520.1182
145005000,3717.2828,8343500,94838500,33036555200,362271395300,3575.8528,3729.3717,3574.6885,3520.1182
145010000,3717.6212,8981300,109601700,33045536500,362380997000,3575.8528,3729.3717,3574.6885,3520.1182
145015000,3717.6853,7605700,105215100,33053142200,362486212100,3575.8528,3729.3717,3574.6885,3520.1182
145020000,3717.4445,12148600,149592600,33065290800,362635804700,3575.8528,3729.3717,3574.6885,3520.1182
145025000,3717.6285,7473800,87497300,33072764600,362723302000,3575.8528,3729.3717,3574.6885,3520.1182
145030000,3717.873,13163300,143840300,33085927900,362867142300,3575.8528,3729.3717,3574.6885,3520.1182
145035000,3718.0166,10809100,123351800,33096737000,362990494100,3575.8528,3729.3717,3574.6885,3520.1182
145040000,3717.8862,15400900,163353800,33112137900,363153847900,3575.8528,3729.3717,3574.6885,3520.1182
145045000,3718.1047,7387800,111156200,33119525700,363265004100,3575.8528,3729.3717,3574.6885,3520.1182
145050000,3718.3144,11580400,143787800,33131106100,363408791900,3575.8528,3729.3717,3574.6885,3520.1182
145055000,3718.8814,8205400,93136300,33139311500,363501928200,3575.8528,3729.3717,3574.6885,3520.1182
145100000,3718.8201,9410100,130694900,33148721600,363632623100,3575.8528,3729.3717,3574.6885,3520.1182
145105000,3719.2077,13582900,151746700,33162304500,363784369800,3575.8528,3729.3717,3574.6885,3520.1182
145110000,3718.9905,12787500,154590600,33175092000,363938960400,3575.8528,3729.3717,3574.6885,3520.1182
145115000,3718.8192,8710800,120042700,33183802800,364059003100,3575.8528,3729.3717,3574.6885,3520.1182
145120000,3718.8191,11501600,137256500,33195304400,364196259600,3575.8528,3729.3717,3574.6885,3520.1182
145125000,3719.0165,10161300,108450600,33205465700,364304710200,3575.8528,3729.3717,3574.6885,3520.1182
145130000,3718.8555,8999200,112097200,33214464900,364416807400,3575.8528,3729.3717,3574.6885,3520.1182
145135000,3719.0905,8662500,88669200,33223127400,364505476600,3575.8528,3729.3717,3574.6885,3520.1182
145140000,3719.4802,11544600,128858100,33234672000,364634334700,3575.8528,3729.3717,3574.6885,3520.1182
145145000,3719.8722,8261500,107382500,33242933500,364741717200,3575.8528,3729.3717,3574.6885,3520.1182
145150000,3719.9224,11110700,144083200,33254044200,364885800400,3575.8528,3729.3717,3574.6885,3520.1182
145155000,3720.1837,8259300,87540900,33262303500,364973341300,3575.8528,3729.3717,3574.6885,3520.1182
145200000,3720.5565,10844300,134439600,33273147800,365107780900,3575.8528,3729.3717,3574.6885,3520.1182
145205000,3720.6678,10427100,112417600,33283574900,365220198500,3575.8528,3729.3717,3574.6885,3520.1182
145210000,3720.6916,13184300,157434700,33296759200,365377633200,3575.8528,3729.3717,3574.6885,3520.1182
145215000,3720.5698,10245500,112295300,33307004700,365489928500,3575.8528,3729.3717,3574.6885,3520.1182
145220000,3720.9257,10476200,125990600,33317480900,365615919100,3575.8528,3729.3717,3574.6885,3520.1182
145225000,3720.5811,11841300,114778400,33329322200,365730697500,3575.8528,3729.3717,3574.6885,3520.1182
145230000,3721.1342,11558200,147630300,33340880400,365878327800,3575.8528,3729.3717,3574.6885,3520.1182
145235000,3721.5567,11763900,135948900,33352644300,366014276700,3575.8528,3729.3717,3574.6885,3520.1182
145240000,3721.0812,13845500,155458500,33366489800,366169735200,3575.8528,3729.3717,3574.6885,3520.1182
145245000,3721.2753,11436000,119359700,33377925800,366289094900,3575.8528,3729.3717,3574.6885,3520.1182
145250000,3721.7477,12337000,131932900,33390262800,366421027800,3575.8528,3729.3717,3574.6885,3520.1182
145255000,3721.7274,9579000,104864000,33399841800,366525891800,3575.8528,3729.3717,3574.6885,3520.1182
145300000,3721.7399,11239700,137108600,33411081500,366663000400,3575.8528,3729.3717,3574.6885,3520.1182
145305000,3721.9691,10079000,94724400,33421160500,366757724800,3575.8528,3729.3717,3574.6885,3520.1182
145310000,3721.8736,10973800,130894100,33432134300,366888618900,3575.8528,3729.3717,3574.6885,3520.1182
145315000,3722.5564,10889200,142982500,33443023500,367031601400,3575.8528,3729.3717,3574.6885,3520.1182
145320000,3722.8131,14737900,154025800,33457761400,367185627200,3575.8528,3729.3717,3574.6885,3520.1182
145325000,3722.1855,7929100,96607200,33465690500,367282234400,3575.8528,3729.3717,3574.6885,3520.1182
145330000,3722.2234,8844700,120037700,33474535200,367402272100,3575.8528,3729.3717,3574.6885,3520.1182
145335000,3722.8282,11032000,105989000,33485567200,367508261100,3575.8528,3729.3717,3574.6885,3520.1182
145340000,3722.9031,12330200,144980500,33497897400,367653241600,3575.8528,3729.3717,3574.6885,3520.1182
145345000,3723.3305,9741500,133485700,33507638900,367786727300,3575.8528,3729.3717,3574.6885,3520.1182
145350000,3723.397,10834200,139236800,33518473100,367925964100,3575.8528,3729.3717,3574.6885,3520.1182
145355000,3723.3648,10384400,109716700,33528857500,368035680800,3575.8528,3729.3717,3574.6885,3520.1182
145400000,3723.8238,11428000,145426200,33540285500,368181107000,3575.8528,3729.3717,3574.6885,3520.1182
145405000,3724.4464,13734400,140015500,33554019900,368321122500,3575.8528,3729.3717,3574.6885,3520.1182
145410000,3724.3163,14319500,158022300,33568339400,368479144800,3575.8528,3729.3717,3574.6885,3520.1182
145415000,3724.5606,11151100,129871600,33579490500,368609016400,3575.8528,3729.3717,3574.6885,3520.1182
145420000,3724.3883,14157000,215910800,33593647500,368824927200,3575.8528,3729.3717,3574.6885,3520.1182
145425000,3724.3859,11081800,129097100,33604729300,368954024300,3575.8528,3729.3717,3574.6885,3520.1182
145430000,3724.6635,9477400,127695200,33614206700,369081719500,3575.8528,3729.3717,3574.6885,3520.1182
145435000,3724.8544,10991900,130407200,33625198600,369212126700,3575.8528,3729.3717,3574.6885,3520.1182
145440000,3725.0411,13071300,160405300,33638269900,369372532000,3575.8528,3729.3717,3574.6885,3520.1182
145445000,3725.0119,9699000,127200400,33647968900,369499732400,3575.8528,3729.3717,3574.6885,3520.1182
145450000,3725.1038,14010800,156393300,33661979700,369656125700,3575.8528,3729.3717,3574.6885,3520.1182
145455000,3725.2293,13841200,149975500,33675820900,369806101200,3575.8528,3729.3717,3574.6885,3520.1182
145500000,3725.4146,9472900,125338700,33685293800,369931439900,3575.8528,3729.3717,3574.6885,3520.1182
145505000,3725.0054,12772700,143114400,33698066500,370074554300,3575.8528,3729.3717,3574.6885,3520.1182
145510000,3725.4015,13886300,156721500,33711952800,370231275800,3575.8528,3729.3717,3574.6885,3520.1182
145515000,3725.3116,11215300,147547100,33723168100,370378822900,3575.8528,3729.3717,3574.6885,3520.1182
145520000,3725.4685,14168000,166524300,33737336100,370545347200,3575.8528,3729.3717,3574.6885,3520.1182
145525000,3725.874,10181400,115597000,33747517500,370660944200,3575.8528,3729.3717,3574.6885,3520.1182
145530000,3725.9073,13534300,148061500,33761051800,370809005700,3575.8528,3729.3717,3574.6885,3520.1182
145535000,3725.8212,10991600,119844500,33772043400,370928850200,3575.8528,3729.3717,3574.6885,3520.1182
145540000,3725.9293,16811000,179900400,33788854400,371108750600,3575.8528,3729.3717,3574.6885,3520.1182
145545000,3725.8828,9461900,126252600,33798316300,371235003200,3575.8528,3729.3717,3574.6885,3520.1182
145550000,3726.4677,17503000,176192400,33815819300,371411195600,3575.8528,3729.3717,3574.6885,3520.1182
145555000,3726.3157,12490400,134963500,33828309700,371546159100,3575.8528,3729.3717,3574.6885,3520.1182
145600000,3725.7084,10143300,128449700,33838453000,371674608800,3575.8528,3729.3717,3574.6885,3520.1182
145605000,3726.1226,12308100,132303800,33850761100,371806912600,3575.8528,3729.3717,3574.6885,3520.1182
145610000,3726.7229,15184000,167451000,33865945100,371974363600,3575.8528,3729.3717,3574.6885,3520.1182
145615000,3726.5185,12698700,152208900,33878643800,372126572500,3575.8528,3729.3717,3574.6885,3520.1182
145620000,3727.0743,15991500,165838800,33894635300,372292411300,3575.8528,3729.3717,3574.6885,3520.1182
145625000,3726.9371,14234000,154164000,33908869300,372446575300,3575.8528,3729.3717,3574.6885,3520.1182
145630000,3726.7673,15761700,169991600,33924631000,372616566900,3575.8528,3729.3717,3574.6885,3520.1182
145635000,3727.2873,11846700,137008700,33936477700,372753575600,3575.8528,3729.3717,3574.6885,3520.1182
145640000,3727.2073,14417300,153782200,33950895000,372907357800,3575.8528,3729.3717,3574.6885,3520.1182
145645000,3727.3532,12201600,148536000,33963096600,373055893800,3575.8528,3729.3717,3574.6885,3520.1182
145650000,3727.7069,13893700,157744800,33976990300,373213638600,3575.8528,3729.3717,3574.6885,3520.1182
145655000,3727.4982,13680700,129793200,33990671000,373343431800,3575.8528,3729.3717,3574.6885,3520.1182
145700000,3727.302,11660000,144040800,34002331000,373487472600,3575.8528,3729.3717,3574.6885,3520.1182
145705000,3727.7312,6048900,62742700,34008379900,373550215300,3575.8528,3729.3717,3574.6885,3520.1182
145710000,3727.7461,217500,3161100,34008597400,373553376400,3575.8528,3729.3717,3574.6885,3520.1182
150005000,3728.4616,146807500,1637144500,34155404900,375190520900,3575.8528,3729.3717,3574.6885,3520.1182
150010000,3729.3243,75409500,996467000,34230814400,376186987900,3575.8528,3729.3717,3574.6885,3520.1182
150015000,3729.4831,24897800,195405500,34255712200,376382393400,3575.8528,3729.4831,3574.6885,3520.1182
