Time,Price,Volume,Turnover,AccVolume,AccTurnover,Open,High,Low,PreClose
92514000,3758.3151,328723400,4187306300,328723400,4187306300,3758.3151,3758.3151,3758.3151,3729.9546
93004000,3758.8658,66701600,738719300,395425000,4926025600,3758.3151,3759.8427,3758.3151,3729.9546
93009000,3760.8117,141564100,1590679600,536989100,6516705200,3758.3151,3761.492,3758.3151,3729.9546
93014000,3761.4749,84683400,902773600,621672500,7419478800,3758.3151,3761.492,3758.3151,3729.9546
93019000,3760.8118,44565700,494091300,666238200,7913570100,3758.3151,3761.492,3758.3151,3729.9546
93024000,3761.6144,26734200,318219200,692972400,8231789300,3758.3151,3762.1791,3758.3151,3729.9546
93029000,3762.3331,30281500,344280500,723253900,8576069800,3758.3151,3762.3331,3758.3151,3729.9546
93034000,3761.2669,37511500,418816500,760765400,8994886300,3758.3151,3762.3331,3758.3151,3729.9546
93039000,3761.262,29353100,341191500,790118500,9336077800,3758.3151,3762.3331,3758.3151,3729.9546
93044000,3761.6748,34292600,387366500,824411100,9723444300,3758.3151,3762.3331,3758.3151,3729.9546
93049000,3761.3385,37734900,382040900,862146000,10105485200,3758.3151,3762.3331,3758.3151,3729.9546
93054000,3760.8048,39514500,394140900,901660500,10499626100,3758.3151,3762.3331,3758.3151,3729.9546
93059000,3760.6767,28658300,302042400,930318800,10801668500,3758.3151,3762.3331,3758.3151,3729.9546
93104000,3759.8207,51288400,510669300,981607200,11312337800,3758.3151,3762.3331,3758.3151,3729.9546
93109000,3759.1566,34869300,355944600,1016476500,11668282400,3758.3151,3762.3331,3758.3151,3729.9546
93114000,3758.5145,29542300,341300200,1046018800,12009582600,3758.3151,3762.3331,3757.9857,3729.9546
93119000,3756.4043,28481900,335910800,1074500700,12345493400,3758.3151,3762.3331,3756.4043,3729.9546
93124000,3756.4795,26936200,321684900,1101436900,12667178300,3758.3151,3762.3331,3756.1374,3729.9546
93129000,3755.8899,26657900,286459900,1128094800,12953638200,3758.3151,3762.3331,3755.8677,3729.9546
93134000,3755.0161,37499500,419817700,1165594300,13373455900,3758.3151,3762.3331,3754.4914,3729.9546
93139000,3754.1436,30771600,347402600,1196365900,13720858500,3758.3151,3762.3331,3753.9329,3729.9546
93144000,3753.211,27928500,333007200,1224294400,14053865700,3758.3151,3762.3331,3753.185,3729.9546
93149000,3753.2922,30935300,343641600,1255229700,14397507300,3758.3151,3762.3331,3752.5958,3729.9546
93154000,3752.2197,26881700,305899800,1282111400,14703407100,3758.3151,3762.3331,3751.2599,3729.9546
93159000,3751.6388,22839800,251181000,1304951200,14954588100,3758.3151,3762.3331,3751.2599,3729.9546
93204000,3751.1882,29819300,368372500,1334770500,15322960600,3758.3151,3762.3331,3750.4166,3729.9546
93209000,3750.2628,23678100,270599300,1358448600,15593559900,3758.3151,3762.3331,3750.2628,3729.9546
93214000,3749.9606,23883700,285967900,1382332300,15879527800,3758.3151,3762.3331,3749.9606,3729.9546
93219000,3750.1326,20969900,236733400,1403302200,16116261200,3758.3151,3762.3331,3749.9606,3729.9546
93224000,3749.9866,23288400,285360800,1426590600,16401622000,3758.3151,3762.3331,3749.9606,3729.9546
93229000,3750.9452,17986400,241073200,1444577000,16642695200,3758.3151,3762.3331,3749.9606,3729.9546
93234000,3751.466,23323700,308186800,1467900700,16950882000,3758.3151,3762.3331,3749.9606,3729.9546
93239000,3751.2736,20415900,239814900,1488316600,17190696900,3758.3151,3762.3331,3749.9606,3729.9546
93244000,3751.9945,24069600,278137300,1512386200,17468834200,3758.3151,3762.3331,3749.9606,3729.9546
93249000,3752.2178,20059700,233055700,1532445900,17701889900,3758.3151,3762.3331,3749.9606,3729.9546
93254000,3751.8508,20216700,255822300,1552662600,17957712200,3758.3151,3762.3331,3749.9606,3729.9546
93259000,3753.6819,17984300,202582100,1570646900,18160294300,3758.3151,3762.3331,3749.9606,3729.9546
93304000,3753.8397,26443200,313559600,1597090100,18473853900,3758.3151,3762.3331,3749.9606,3729.9546
93309000,3754.5042,22556200,262215000,1619646300,18736068900,3758.3151,3762.3331,3749.9606,3729.9546
93314000,3755.3749,24927300,274629400,1644573600,19010698300,3758.3151,3762.3331,3749.9606,3729.9546
93319000,3755.6965,21874600,238872400,1666448200,19249570700,3758.3151,3762.3331,3749.9606,3729.9546
93324000,3756.6119,20163900,247454000,1686612100,19497024700,3758.3151,3762.3331,3749.9606,3729.9546
93329000,3757.4754,17129000,209867300,1703741100,19706892000,3758.3151,3762.3331,3749.9606,3729.9546
93334000,3757.7064,22041900,268167900,1725783000,19975059900,3758.3151,3762.3331,3749.9606,3729.9546
93339000,3758.7375,20003300,235437600,1745786300,20210497500,3758.3151,3762.3331,3749.9606,3729.9546
93344000,3760.4836,21966900,254782800,1767753200,20465280300,3758.3151,3762.3331,3749.9606,3729.9546
93349000,3761.0019,17568100,207702500,1785321300,20672982800,3758.3151,3762.3331,3749.9606,3729.9546
93354000,3761.2884,20619500,255343200,1805940800,20928326000,3758.3151,3762.3331,3749.9606,3729.9546
93359000,3762.1263,16411700,195190000,1822352500,21123516000,3758.3151,3762.5758,3749.9606,3729.9546
93404000,3763.1696,25212900,287750600,1847565400,21411266600,3758.3151,3763.5718,3749.9606,3729.9546
93409000,3763.1964,23088900,273314200,1870654300,21684580800,3758.3151,3763.5718,3749.9606,3729.9546
93414000,3764.0731,22466100,256854100,1893120400,21941434900,3758.3151,3764.0731,3749.9606,3729.9546
93419000,3763.9565,22623700,269460700,1915744100,22210895600,3758.3151,3764.0731,3749.9606,3729.9546
93424000,3763.9411,22563500,271187200,1938307600,22482082800,3758.3151,3764.1864,3749.9606,3729.9546
93429000,3764.1915,16592400,188994700,1954900000,22671077500,3758.3151,3764.6386,3749.9606,3729.9546
93434000,3764.9335,24085600,269368900,1978985600,22940446400,3758.3151,3765.2603,3749.9606,3729.9546
93439000,3765.5379,23138300,250162600,2002123900,23190609000,3758.3151,3765.5379,3749.9606,3729.9546
93444000,3765.7091,23086300,258303100,2025210200,23448912100,3758.3151,3765.7091,3749.9606,3729.9546
93449000,3765.5591,23963300,261404700,2049173500,23710316800,3758.3151,3766.1607,3749.9606,3729.9546
93454000,3766.3746,17985300,239888500,2067158800,23950205300,3758.3151,3766.6609,3749.9606,3729.9546
93459000,3766.6864,17513200,191613100,2084672000,24141818400,3758.3151,3766.6864,3749.9606,3729.9546
93504000,3766.2668,23653000,299078300,2108325000,24440896700,3758.3151,3766.7696,3749.9606,3729.9546
93509000,3766.8482,20291800,254504600,2128616800,24695401300,3758.3151,3767.0264,3749.9606,3729.9546
93514000,3766.6452,21364200,255333300,2149981000,24950734600,3758.3151,3767.0264,3749.9606,3729.9546
93519000,3766.6376,22940400,252263800,2172921400,25202998400,3758.3151,3767.5347,3749.9606,3729.9546
93524000,3767.1665,23076100,281139400,2195997500,25484137800,3758.3151,3767.5347,3749.9606,3729.9546
93529000,3767.6369,20369000,198880900,2216366500,25683018700,3758.3151,3767.6369,3749.9606,3729.9546
93534000,3767.2433,25533200,318972100,2241899700,26001990800,3758.3151,3767.6369,3749.9606,3729.9546
93539000,3767.2289,20829300,269488600,2262729000,26271479400,3758.3151,3767.6369,3749.9606,3729.9546
93544000,3767.1884,22871400,275544100,2285600400,26547023500,3758.3151,3767.6369,3749.9606,3729.9546
93549000,3767.1748,20113600,222211600,2305714000,26769235100,3758.3151,3767.6369,3749.9606,3729.9546
93554000,3767.5066,22477400,268960200,2328191400,27038195300,3758.3151,3767.6369,3749.9606,3729.9546
93559000,3767.2657,19383200,214263800,2347574600,27252459100,3758.3151,3767.6369,3749.9606,3729.9546
93604000,3767.1127,24046200,293718500,2371620800,27546177600,3758.3151,3767.6369,3749.9606,3729.9546
93609000,3766.6531,21965800,265980900,2393586600,27812158500,3758.3151,3767.6369,3749.9606,3729.9546
93614000,3766.568,22107800,280983900,2415694400,28093142400,3758.3151,3767.6369,3749.9606,3729.9546
93619000,3766.4324,21183600,268733000,2436878000,28361875400,3758.3151,3767.6369,3749.9606,3729.9546
93624000,3765.0426,21718800,288119800,2458596800,28649995200,3758.3151,3767.6369,3749.9606,3729.9546
93629000,3763.9234,22579300,248248400,2481176100,28898243600,3758.3151,3767.6369,3749.9606,3729.9546
93634000,3762.7486,26596100,334755000,2507772200,29232998600,3758.3151,3767.6369,3749.9606,3729.9546
93639000,3760.9682,26632800,311817900,2534405000,29544816500,3758.3151,3767.6369,3749.9606,3729.9546
93644000,3760.6689,31117800,341973000,2565522800,29886789500,3758.3151,3767.6369,3749.9606,3729.9546
93649000,3760.6766,23392300,273283900,2588915100,30160073400,3758.3151,3767.6369,3749.9606,3729.9546
93654000,3759.9531,22793600,266681600,2611708700,30426755000,3758.3151,3767.6369,3749.9606,3729.9546
93659000,3758.7144,20461800,216375900,2632170500,30643130900,3758.3151,3767.6369,3749.9606,3729.9546
93704000,3759.3504,28431400,311305000,2660601900,30954435900,3758.3151,3767.6369,3749.9606,3729.9546
93709000,3757.4908,17280700,226374600,2677882600,31180810500,3758.3151,3767.6369,3749.9606,3729.9546
93714000,3758.6753,23749800,263431700,2701632400,31444242200,3758.3151,3767.6369,3749.9606,3729.9546
93719000,3758.2665,17762600,213599000,2719395000,31657841200,3758.3151,3767.6369,3749.9606,3729.9546
93724000,3757.8528,22394200,255190600,2741789200,31913031800,3758.3151,3767.6369,3749.9606,3729.9546
93729000,3757.42,17161400,195011300,2758950600,32108043100,3758.3151,3767.6369,3749.9606,3729.9546
93734000,3757.6056,25559500,295119700,2784510100,32403162800,3758.3151,3767.6369,3749.9606,3729.9546
93739000,3757.5243,22239600,230831400,2806749700,32633994200,3758.3151,3767.6369,3749.9606,3729.9546
93744000,3757.7419,19582300,225141400,2826332000,32859135600,3758.3151,3767.6369,3749.9606,3729.9546
93749000,3758.1785,17917100,179214800,2844249100,33038350400,3758.3151,3767.6369,3749.9606,3729.9546
93754000,3758.0205,18180100,219962200,2862429200,33258312600,3758.3151,3767.6369,3749.9606,3729.9546
93759000,3758.2653,16060300,162401800,2878489500,33420714400,3758.3151,3767.6369,3749.9606,3729.9546
93804000,3758.173,25347000,267520100,2903836500,33688234500,3758.3151,3767.6369,3749.9606,3729.9546
93809000,3758.991,19439700,243777800,2923276200,33932012300,3758.3151,3767.6369,3749.9606,3729.9546
93814000,3759.0551,26005600,298817800,2949281800,34230830100,3758.3151,3767.6369,3749.9606,3729.9546
93819000,3760.8901,24351600,269537000,2973633400,34500367100,3758.3151,3767.6369,3749.9606,3729.9546
93824000,3761.693,24511800,293246400,2998145200,34793613500,3758.3151,3767.6369,3749.9606,3729.9546
93829000,3763.5558,18590900,233152500,3016736100,35026766000,3758.3151,3767.6369,3749.9606,3729.9546
93834000,3764.6179,26454800,313225700,3043190900,35339991700,3758.3151,3767.6369,3749.9606,3729.9546
93839000,3765.4621,17227600,232384100,3060418500,35572375800,3758.3151,3767.6369,3749.9606,3729.9546
93844000,3766.2309,19589200,247717100,3080007700,35820092900,3758.3151,3767.6369,3749.9606,3729.9546
93849000,3766.5832,15741300,185552800,3095749000,36005645700,3758.3151,3767.6369,3749.9606,3729.9546
93854000,3766.4804,15701400,199155200,3111450400,36204800900,3758.3151,3767.6369,3749.9606,3729.9546
93859000,3766.8983,16616300,181549000,3128066700,36386349900,3758.3151,3767.6369,3749.9606,3729.9546
93904000,3767.6622,22147000,258423000,3150213700,36644772900,3758.3151,3768.0914,3749.9606,3729.9546
93909000,3768.2709,14692200,184598400,3164905900,36829371300,3758.3151,3768.2709,3749.9606,3729.9546
93914000,3768.2346,18239100,225197300,3183145000,37054568600,3758.3151,3768.7574,3749.9606,3729.9546
93919000,3768.9567,16265300,206741500,3199410300,37261310100,3758.3151,3768.9887,3749.9606,3729.9546
93924000,3769.0174,15248200,192952800,3214658500,37454262900,3758.3151,3769.4062,3749.9606,3729.9546
93929000,3769.7456,14146700,178593000,3228805200,37632855900,3758.3151,3769.7456,3749.9606,3729.9546
93934000,3770.0646,18336700,240487800,3247141900,37873343700,3758.3151,3770.0646,3749.9606,3729.9546
93939000,3770.0968,15905500,212231300,3263047400,38085575000,3758.3151,3770.2032,3749.9606,3729.9546
93944000,3770.7802,23464800,252320500,3286512200,38337895500,3758.3151,3770.7802,3749.9606,3729.9546
93949000,3770.9696,17989800,205257300,3304502000,38543152800,3758.3151,3771.1233,3749.9606,3729.9546
93954000,3771.2192,20294200,233986500,3324796200,38777139300,3758.3151,3771.7919,3749.9606,3729.9546
93959000,3772.193,17800600,210947900,3342596800,38988087200,3758.3151,3772.4268,3749.9606,3729.9546
94004000,3772.6016,23544500,273043800,3366141300,39261131000,3758.3151,3772.6016,3749.9606,3729.9546
94009000,3772.9969,17644600,228501400,3383785900,39489632400,3758.3151,3773.0585,3749.9606,3729.9546
94014000,3773.1377,20823400,249217000,3404609300,39738849400,3758.3151,3773.1377,3749.9606,3729.9546
94019000,3773.2786,20514800,241837700,3425124100,39980687100,3758.3151,3773.4903,3749.9606,3729.9546
94024000,3773.2127,20096000,248142900,3445220100,40228830000,3758.3151,3773.4903,3749.9606,3729.9546
94029000,3773.2168,18949300,208870200,3464169400,40437700200,3758.3151,3773.4903,3749.9606,3729.9546
94034000,3773.3148,25257500,275141600,3489426900,40712841800,3758.3151,3773.4903,3749.9606,3729.9546
94039000,3773.3808,15358800,207344700,3504785700,40920186500,3758.3151,3773.4903,3749.9606,3729.9546
94044000,3772.8579,19124000,238647200,3523909700,41158833700,3758.3151,3773.4903,3749.9606,3729.9546
94049000,3773.1752,18269300,226516300,3542179000,41385350000,3758.3151,3773.4903,3749.9606,3729.9546
94054000,3771.8172,18945700,235838600,3561124700,41621188600,3758.3151,3773.4903,3749.9606,3729.9546
94059000,3771.222,20015100,227043000,3581139800,41848231600,3758.3151,3773.4903,3749.9606,3729.9546
94104000,3771.104,24482300,295438200,3605622100,42143669800,3758.3151,3773.4903,3749.9606,3729.9546
94109000,3770.7644,19347600,231863000,3624969700,42375532800,3758.3151,3773.4903,3749.9606,3729.9546
94114000,3770.2667,23011100,264987800,3647980800,42640520600,3758.3151,3773.4903,3749.9606,3729.9546
94119000,3769.5695,19366300,250661900,3667347100,42891182500,3758.3151,3773.4903,3749.9606,3729.9546
94124000,3769.3579,16486100,227986600,3683833200,43119169100,3758.3151,3773.4903,3749.9606,3729.9546
94129000,3769.0187,14247800,185690300,3698081000,43304859400,3758.3151,3773.4903,3749.9606,3729.9546
94134000,3769.188,19470900,245759400,3717551900,43550618800,3758.3151,3773.4903,3749.9606,3729.9546
94139000,3769.1816,14988800,192549300,3732540700,43743168100,3758.3151,3773.4903,3749.9606,3729.9546
94144000,3768.8555,18754200,237786900,3751294900,43980955000,3758.3151,3773.4903,3749.9606,3729.9546
94149000,3768.2363,14134400,186550500,3765429300,44167505500,3758.3151,3773.4903,3749.9606,3729.9546
94154000,3768.4586,16842200,192691100,3782271500,44360196600,3758.3151,3773.4903,3749.9606,3729.9546
94159000,3768.5344,14758400,176458400,3797029900,44536655000,3758.3151,3773.4903,3749.9606,3729.9546
94204000,3767.9654,18029800,232374900,3815059700,44769029900,3758.3151,3773.4903,3749.9606,3729.9546
94209000,3767.8142,13342600,166954900,3828402300,44935984800,3758.3151,3773.4903,3749.9606,3729.9546
94214000,3767.5709,19403900,228237400,3847806200,45164222200,3758.3151,3773.4903,3749.9606,3729.9546
94219000,3767.5163,15101800,167118000,3862908000,45331340200,3758.3151,3773.4903,3749.9606,3729.9546
94224000,3767.5681,15764400,196518400,3878672400,45527858600,3758.3151,3773.4903,3749.9606,3729.9546
94229000,3767.417,13808800,154865900,3892481200,45682724500,3758.3151,3773.4903,3749.9606,3729.9546
94234000,3767.4883,17098300,206930100,3909579500,45889654600,3758.3151,3773.4903,3749.9606,3729.9546
94239000,3767.6571,13381600,160903800,3922961100,46050558400,3758.3151,3773.4903,3749.9606,3729.9546
94244000,3767.3684,19131100,221925000,3942092200,46272483400,3758.3151,3773.4903,3749.9606,3729.9546
94249000,3767.3973,13857900,170256700,3955950100,46442740100,3758.3151,3773.4903,3749.9606,3729.9546
94254000,3767.5836,14662200,194576700,3970612300,46637316800,3758.3151,3773.4903,3749.9606,3729.9546
94259000,3767.5098,16585400,178986200,3987197700,46816303000,3758.3151,3773.4903,3749.9606,3729.9546
94304000,3767.5975,18511700,226086300,4005709400,47042389300,3758.3151,3773.4903,3749.9606,3729.9546
94309000,3766.9642,15004900,193353300,4020714300,47235742600,3758.3151,3773.4903,3749.9606,3729.9546
94314000,3766.7713,18192900,213112300,4038907200,47448854900,3758.3151,3773.4903,3749.9606,3729.9546
94319000,3766.8885,13619200,166368800,4052526400,47615223700,3758.3151,3773.4903,3749.9606,3729.9546
94324000,3766.8756,14173900,197032800,4066700300,47812256500,3758.3151,3773.4903,3749.9606,3729.9546
94329000,3766.7343,14462500,169607700,4081162800,47981864200,3758.3151,3773.4903,3749.9606,3729.9546
94334000,3767.1642,15818700,213356900,4096981500,48195221100,3758.3151,3773.4903,3749.9606,3729.9546
94339000,3767.4926,13383700,210559400,4110365200,48405780500,3758.3151,3773.4903,3749.9606,3729.9546
94344000,3767.1661,16377500,207742300,4126742700,48613522800,3758.3151,3773.4903,3749.9606,3729.9546
94349000,3767.773,11496800,155489100,4138239500,48769011900,3758.3151,3773.4903,3749.9606,3729.9546
94354000,3768.2662,15383800,190527700,4153623300,48959539600,3758.3151,3773.4903,3749.9606,3729.9546
94359000,3768.3497,12910700,155313400,4166534000,49114853000,3758.3151,3773.4903,3749.9606,3729.9546
94404000,3768.71,18983300,214343000,4185517300,49329196000,3758.3151,3773.4903,3749.9606,3729.9546
94409000,3768.6666,12638200,192081500,4198155500,49521277500,3758.3151,3773.4903,3749.9606,3729.9546
94414000,3768.4236,18338900,228164600,4216494400,49749442100,3758.3151,3773.4903,3749.9606,3729.9546
94419000,3769.0305,12552800,148238600,4229047200,49897680700,3758.3151,3773.4903,3749.9606,3729.9546
94424000,3768.9332,12533300,174041300,4241580500,50071722000,3758.3151,3773.4903,3749.9606,3729.9546
94429000,3768.5525,13050600,149922200,4254631100,50221644200,3758.3151,3773.4903,3749.9606,3729.9546
94434000,3768.8069,15285100,193408600,4269916200,50415052800,3758.3151,3773.4903,3749.9606,3729.9546
94439000,3768.8363,17819000,194001100,4287735200,50609053900,3758.3151,3773.4903,3749.9606,3729.9546
94444000,3769.1259,13439100,152227300,4301174300,50761281200,3758.3151,3773.4903,3749.9606,3729.9546
94449000,3768.5615,13124600,164142200,4314298900,50925423400,3758.3151,3773.4903,3749.9606,3729.9546
94454000,3769.0533,15719400,225008700,4330018300,51150432100,3758.3151,3773.4903,3749.9606,3729.9546
94459000,3769.204,14995900,174692000,4345014200,51325124100,3758.3151,3773.4903,3749.9606,3729.9546
94504000,3769.0682,17174500,231034700,4362188700,51556158800,3758.3151,3773.4903,3749.9606,3729.9546
94509000,3768.8203,13921100,187886600,4376109800,51744045400,3758.3151,3773.4903,3749.9606,3729.9546
94514000,3769.5156,17624800,213089700,4393734600,51957135100,3758.3151,3773.4903,3749.9606,3729.9546
94519000,3769.281,13014400,163547500,4406749000,52120682600,3758.3151,3773.4903,3749.9606,3729.9546
94524000,3769.3386,15616800,205533900,4422365800,52326216500,3758.3151,3773.4903,3749.9606,3729.9546
94529000,3769.4114,13271100,157559500,4435636900,52483776000,3758.3151,3773.4903,3749.9606,3729.9546
94534000,3769.6076,14622500,202783800,4450259400,52686559800,3758.3151,3773.4903,3749.9606,3729.9546
94539000,3769.5414,21417900,227025100,4471677300,52913584900,3758.3151,3773.4903,3749.9606,3729.9546
94544000,3769.3904,19816900,210489700,4491494200,53124074600,3758.3151,3773.4903,3749.9606,3729.9546
94549000,3769.777,13299400,178596900,4504793600,53302671500,3758.3151,3773.4903,3749.9606,3729.9546
94554000,3770.2498,14411000,186788600,4519204600,53489460100,3758.3151,3773.4903,3749.9606,3729.9546
94559000,3770.7242,16606800,204054800,4535811400,53693514900,3758.3151,3773.4903,3749.9606,3729.9546
94604000,3771.5337,25083400,301720100,4560894800,53995235000,3758.3151,3773.4903,3749.9606,3729.9546
94609000,3772.1934,18938600,252853400,4579833400,54248088400,3758.3151,3773.4903,3749.9606,3729.9546
94614000,3772.232,19454100,242947800,4599287500,54491036200,3758.3151,3773.4903,3749.9606,3729.9546
94619000,3772.3308,15220300,205255300,4614507800,54696291500,3758.3151,3773.4903,3749.9606,3729.9546
94624000,3772.4179,19085400,229573100,4633593200,54925864600,3758.3151,3773.4903,3749.9606,3729.9546
94629000,3773.1857,20351200,204267000,4653944400,55130131600,3758.3151,3773.4903,3749.9606,3729.9546
94634000,3773.4443,19294800,252482100,4673239200,55382613700,3758.3151,3773.6492,3749.9606,3729.9546
94639000,3773.8786,16925500,215760800,4690164700,55598374500,3758.3151,3774.1838,3749.9606,3729.9546
94644000,3774.8289,17829100,222103600,4707993800,55820478100,3758.3151,3774.8708,3749.9606,3729.9546
94649000,3774.7089,15193800,199861000,4723187600,56020339100,3758.3151,3774.8708,3749.9606,3729.9546
94654000,3774.9662,17980100,230843500,4741167700,56251182600,3758.3151,3775.1628,3749.9606,3729.9546
94659000,3775.6458,17158300,185738700,4758326000,56436921300,3758.3151,3775.6458,3749.9606,3729.9546
94704000,3776.0229,18345200,228797200,4776671200,56665718500,3758.3151,3776.4206,3749.9606,3729.9546
94709000,3776.2387,17131400,220547900,4793802600,56886266400,3758.3151,3776.4559,3749.9606,3729.9546
94714000,3776.222,18261200,234442500,4812063800,57120708900,3758.3151,3776.6796,3749.9606,3729.9546
94719000,3776.8665,13131100,163497000,4825194900,57284205900,3758.3151,3777.3916,3749.9606,3729.9546
94724000,3777.0909,18816300,266901600,4844011200,57551107500,3758.3151,3777.4879,3749.9606,3729.9546
94729000,3777.3881,15562400,201831900,4859573600,57752939400,3758.3151,3777.5465,3749.9606,3729.9546
94734000,3777.8082,20547700,261255900,4880121300,58014195300,3758.3151,3777.8082,3749.9606,3729.9546
94739000,3777.7553,16567600,243074800,4896688900,58257270100,3758.3151,3777.8082,3749.9606,3729.9546
94744000,3777.2632,17920100,230829700,4914609000,58488099800,3758.3151,3777.8082,3749.9606,3729.9546
94749000,3778.1456,13497200,182835000,4928106200,58670934800,3758.3151,3778.1456,3749.9606,3729.9546
94754000,3777.5577,19010300,219525500,4947116500,58890460300,3758.3151,3778.1456,3749.9606,3729.9546
94759000,3778.1356,14871400,188747700,4961987900,59079208000,3758.3151,3778.1456,3749.9606,3729.9546
94804000,3777.2201,20234800,250638300,4982222700,59329846300,3758.3151,3778.1456,3749.9606,3729.9546
94809000,3777.5107,18918100,247970200,5001140800,59577816500,3758.3151,3778.1456,3749.9606,3729.9546
94814000,3776.8851,19818300,219300900,5020959100,59797117400,3758.3151,3778.1456,3749.9606,3729.9546
94819000,3776.8245,16110100,200529900,5037069200,59997647300,3758.3151,3778.1456,3749.9606,3729.9546
94824000,3776.9844,18989000,220752700,5056058200,60218400000,3758.3151,3778.1456,3749.9606,3729.9546
94829000,3776.9388,15979900,182023600,5072038100,60400423600,3758.3151,3778.1456,3749.9606,3729.9546
94834000,3776.7359,17243400,213047100,5089281500,60613470700,3758.3151,3778.1456,3749.9606,3729.9546
94839000,3776.9199,19552400,228863000,5108833900,60842333700,3758.3151,3778.1456,3749.9606,3729.9546
94844000,3775.9855,19802300,232031000,5128636200,61074364700,3758.3151,3778.1456,3749.9606,3729.9546
94849000,3776.3439,12222600,142875400,5140858800,61217240100,3758.3151,3778.1456,3749.9606,3729.9546
94854000,3775.8579,17142000,210217100,5158000800,61427457200,3758.3151,3778.1456,3749.9606,3729.9546
94859000,3776.0381,15570100,185197400,5173570900,61612654600,3758.3151,3778.1456,3749.9606,3729.9546
94904000,3775.7888,15120200,213201200,5188691100,61825855800,3758.3151,3778.1456,3749.9606,3729.9546
94909000,3775.7794,17015800,199828900,5205706900,62025684700,3758.3151,3778.1456,3749.9606,3729.9546
94914000,3775.6093,16172600,204365800,5221879500,62230050500,3758.3151,3778.1456,3749.9606,3729.9546
94919000,3774.7157,14772000,171500800,5236651500,62401551300,3758.3151,3778.1456,3749.9606,3729.9546
94924000,3774.678,20929100,195124700,5257580600,62596676000,3758.3151,3778.1456,3749.9606,3729.9546
94929000,3774.3889,13947800,147957500,5271528400,62744633500,3758.3151,3778.1456,3749.9606,3729.9546
94934000,3774.2085,17361900,223074300,5288890300,62967707800,3758.3151,3778.1456,3749.9606,3729.9546
94939000,3773.8615,16782500,195512700,5305672800,63163220500,3758.3151,3778.1456,3749.9606,3729.9546
94944000,3773.6225,19418300,220005900,5325091100,63383226400,3758.3151,3778.1456,3749.9606,3729.9546
94949000,3773.6966,16927900,182640600,5342019000,63565867000,3758.3151,3778.1456,3749.9606,3729.9546
94954000,3773.5245,16533600,188419300,5358552600,63754286300,3758.3151,3778.1456,3749.9606,3729.9546
94959000,3773.4549,11372000,145385500,5369924600,63899671800,3758.3151,3778.1456,3749.9606,3729.9546
95004000,3773.2425,19893100,228200800,5389817700,64127872600,3758.3151,3778.1456,3749.9606,3729.9546
95009000,3773.024,16259200,188030000,5406076900,64315902600,3758.3151,3778.1456,3749.9606,3729.9546
95014000,3772.5023,13457400,157705700,5419534300,64473608300,3758.3151,3778.1456,3749.9606,3729.9546
95019000,3772.5137,10338000,138935000,5429872300,64612543300,3758.3151,3778.1456,3749.9606,3729.9546
95024000,3772.7774,17594500,220795600,5447466800,64833338900,3758.3151,3778.1456,3749.9606,3729.9546
95029000,3772.2265,13770700,172107200,5461237500,65005446100,3758.3151,3778.1456,3749.9606,3729.9546
95034000,3772.6408,16361900,189082300,5477599400,65194528400,3758.3151,3778.1456,3749.9606,3729.9546
95039000,3772.2335,17635500,188793000,5495234900,65383321400,3758.3151,3778.1456,3749.9606,3729.9546
95044000,3771.771,18107300,181037300,5513342200,65564358700,3758.3151,3778.1456,3749.9606,3729.9546
95049000,3771.9552,14044900,156572500,5527387100,65720931200,3758.3151,3778.1456,3749.9606,3729.9546
95054000,3771.8605,15910800,207247200,5543297900,65928178400,3758.3151,3778.1456,3749.9606,3729.9546
95059000,3771.7425,12162100,154861700,5555460000,66083040100,3758.3151,3778.1456,3749.9606,3729.9546
95104000,3771.0535,17414500,237255800,5572874500,66320295900,3758.3151,3778.1456,3749.9606,3729.9546
95109000,3771.5608,14494800,195802500,5587369300,66516098400,3758.3151,3778.1456,3749.9606,3729.9546
95114000,3772.2916,19118800,246974900,5606488100,66763073300,3758.3151,3778.1456,3749.9606,3729.9546
95119000,3773.256,15210700,206988600,5621698800,66970061900,3758.3151,3778.1456,3749.9606,3729.9546
95124000,3773.707,18977200,221252700,5640676000,67191314600,3758.3151,3778.1456,3749.9606,3729.9546
95129000,3772.8453,12526900,149433400,5653202900,67340748000,3758.3151,3778.1456,3749.9606,3729.9546
95134000,3773.091,13640400,180002800,5666843300,67520750800,3758.3151,3778.1456,3749.9606,3729.9546
95139000,3773.4074,14044300,160167000,5680887600,67680917800,3758.3151,3778.1456,3749.9606,3729.9546
95144000,3773.2291,14756700,179716400,5695644300,67860634200,3758.3151,3778.1456,3749.9606,3729.9546
95149000,3773.4858,12650300,177022700,5708294600,68037656900,3758.3151,3778.1456,3749.9606,3729.9546
95154000,3773.1071,12164200,168086000,5720458800,68205742900,3758.3151,3778.1456,3749.9606,3729.9546
95159000,3773.708,10605800,133850800,5731064600,68339593700,3758.3151,3778.1456,3749.9606,3729.9546
95204000,3773.5246,17489500,207787300,5748554100,68547381000,3758.3151,3778.1456,3749.9606,3729.9546
95209000,3773.4423,14248700,176446800,5762802800,68723827800,3758.3151,3778.1456,3749.9606,3729.9546
95214000,3773.2644,19998900,250545800,5782801700,68974373600,3758.3151,3778.1456,3749.9606,3729.9546
95219000,3772.562,15651300,191063700,5798453000,69165437300,3758.3151,3778.1456,3749.9606,3729.9546
95224000,3771.4708,19787900,247491900,5818240900,69412929200,3758.3151,3778.1456,3749.9606,3729.9546
95229000,3770.416,17218500,196178700,5835459400,69609107900,3758.3151,3778.1456,3749.9606,3729.9546
95234000,3769.94,19401300,244319300,5854860700,69853427200,3758.3151,3778.1456,3749.9606,3729.9546
95239000,3769.5499,18131300,228168200,5872992000,70081595400,3758.3151,3778.1456,3749.9606,3729.9546
95244000,3768.7622,17720800,214858900,5890712800,70296454300,3758.3151,3778.1456,3749.9606,3729.9546
95249000,3768.5257,15787100,193077000,5906499900,70489531300,3758.3151,3778.1456,3749.9606,3729.9546
95254000,3767.9056,15557800,189882900,5922057700,70679414200,3758.3151,3778.1456,3749.9606,3729.9546
95259000,3767.2793,11434400,143052400,5933492100,70822466600,3758.3151,3778.1456,3749.9606,3729.9546
95304000,3766.4932,17153500,216914000,5950645600,71039380600,3758.3151,3778.1456,3749.9606,3729.9546
95309000,3766.4447,14111500,161662200,5964757100,71201042800,3758.3151,3778.1456,3749.9606,3729.9546
95314000,3766.2051,14350100,171736900,5979107200,71372779700,3758.3151,3778.1456,3749.9606,3729.9546
95319000,3765.6277,13198100,153012700,5992305300,71525792400,3758.3151,3778.1456,3749.9606,3729.9546
95324000,3765.3885,12306900,168405800,6004612200,71694198200,3758.3151,3778.1456,3749.9606,3729.9546
95329000,3764.9732,11381300,142647100,6015993500,71836845300,3758.3151,3778.1456,3749.9606,3729.9546
95334000,3765.2373,14878200,202893000,6030871700,72039738300,3758.3151,3778.1456,3749.9606,3729.9546
95339000,3764.5733,12859300,152273900,6043731000,72192012200,3758.3151,3778.1456,3749.9606,3729.9546
95344000,3764.476,15377400,189895400,6059108400,72381907600,3758.3151,3778.1456,3749.9606,3729.9546
95349000,3764.4614,11609200,141861800,6070717600,72523769400,3758.3151,3778.1456,3749.9606,3729.9546
95354000,3764.4376,12784900,145894200,6083502500,72669663600,3758.3151,3778.1456,3749.9606,3729.9546
95359000,3764.2943,13156400,154076900,6096658900,72823740500,3758.3151,3778.1456,3749.9606,3729.9546
95404000,3764.3186,13520900,182796900,6110179800,73006537400,3758.3151,3778.1456,3749.9606,3729.9546
95409000,3763.9043,12239300,160703500,6122419100,73167240900,3758.3151,3778.1456,3749.9606,3729.9546
95414000,3763.6646,14475200,181603000,6136894300,73348843900,3758.3151,3778.1456,3749.9606,3729.9546
95419000,3763.8864,11297600,126282700,6148191900,73475126600,3758.3151,3778.1456,3749.9606,3729.9546
95424000,3763.5824,12778300,163481500,6160970200,73638608100,3758.3151,3778.1456,3749.9606,3729.9546
95429000,3763.1707,11441400,123971800,6172411600,73762579900,3758.3151,3778.1456,3749.9606,3729.9546
95434000,3763.1413,12647400,162504200,6185059000,73925084100,3758.3151,3778.1456,3749.9606,3729.9546
95439000,3762.8803,12909200,163076800,6197968200,74088160900,3758.3151,3778.1456,3749.9606,3729.9546
95444000,3762.4919,15140200,178179000,6213108400,74266339900,3758.3151,3778.1456,3749.9606,3729.9546
95449000,3762.2691,10809900,141311200,6223918300,74407651100,3758.3151,3778.1456,3749.9606,3729.9546
95454000,3762.128,10979400,148700500,6234897700,74556351600,3758.3151,3778.1456,3749.9606,3729.9546
95459000,3761.7121,11446900,146702500,6246344600,74703054100,3758.3151,3778.1456,3749.9606,3729.9546
95504000,3761.2316,13728500,176220500,6260073100,74879274600,3758.3151,3778.1456,3749.9606,3729.9546
95509000,3761.3701,12207800,202247400,6272280900,75081522000,3758.3151,3778.1456,3749.9606,3729.9546
95514000,3761.6292,15033400,205323100,6287314300,75286845100,3758.3151,3778.1456,3749.9606,3729.9546
95519000,3761.2258,9630200,126476200,6296944500,75413321300,3758.3151,3778.1456,3749.9606,3729.9546
95524000,3762.0664,13532700,201106700,6310477200,75614428000,3758.3151,3778.1456,3749.9606,3729.9546
95529000,3761.6382,10213100,128907700,6320690300,75743335700,3758.3151,3778.1456,3749.9606,3729.9546
95534000,3761.6015,12984100,177758200,6333674400,75921093900,3758.3151,3778.1456,3749.9606,3729.9546
95539000,3761.4885,11504100,193844400,6345178500,76114938300,3758.3151,3778.1456,3749.9606,3729.9546
95544000,3761.5263,15972700,191240100,6361151200,76306178400,3758.3151,3778.1456,3749.9606,3729.9546
95549000,3762.3006,9211500,111935100,6370362700,76418113500,3758.3151,3778.1456,3749.9606,3729.9546
95554000,3762.9765,14927300,197972900,6385290000,76616086400,3758.3151,3778.1456,3749.9606,3729.9546
95559000,3764.7022,17707700,212517700,6402997700,76828604100,3758.3151,3778.1456,3749.9606,3729.9546
95604000,3765.7876,19012300,245215100,6422010000,77073819200,3758.3151,3778.1456,3749.9606,3729.9546
95609000,3766.3238,16481500,203407300,6438491500,77277226500,3758.3151,3778.1456,3749.9606,3729.9546
95614000,3766.301,15997200,178772700,6454488700,77455999200,3758.3151,3778.1456,3749.9606,3729.9546
95619000,3767.0503,9456300,123649500,6463945000,77579648700,3758.3151,3778.1456,3749.9606,3729.9546
95624000,3766.8189,12464300,148655400,6476409300,77728304100,3758.3151,3778.1456,3749.9606,3729.9546
95629000,3766.5676,12266100,121159300,6488675400,77849463400,3758.3151,3778.1456,3749.9606,3729.9546
95634000,3766.8728,12960400,157182300,6501635800,78006645700,3758.3151,3778.1456,3749.9606,3729.9546
95639000,3766.9314,10909500,146333000,6512545300,78152978700,3758.3151,3778.1456,3749.9606,3729.9546
95644000,3767.4567,23958800,249944600,6536504100,78402923300,3758.3151,3778.1456,3749.9606,3729.9546
95649000,3768.7336,19921900,233990300,6556426000,78636913600,3758.3151,3778.1456,3749.9606,3729.9546
95654000,3770.2232,18257400,230681200,6574683400,78867594800,3758.3151,3778.1456,3749.9606,3729.9546
95659000,3771.7086,17092500,190413700,6591775900,79058008500,3758.3151,3778.1456,3749.9606,3729.9546
95704000,3772.3235,18617800,235948600,6610393700,79293957100,3758.3151,3778.1456,3749.9606,3729.9546
95709000,3772.3426,12949600,181002800,6623343300,79474959900,3758.3151,3778.1456,3749.9606,3729.9546
95714000,3772.4663,13741800,176431400,6637085100,79651391300,3758.3151,3778.1456,3749.9606,3729.9546
95719000,3772.9241,9801400,124789500,6646886500,79776180800,3758.3151,3778.1456,3749.9606,3729.9546
95724000,3772.8526,11871700,148511400,6658758200,79924692200,3758.3151,3778.1456,3749.9606,3729.9546
95729000,3773.1025,9391600,125118900,6668149800,80049811100,3758.3151,3778.1456,3749.9606,3729.9546
95734000,3773.3732,10237100,127167900,6678386900,80176979000,3758.3151,3778.1456,3749.9606,3729.9546
95739000,3773.6749,9625400,127809000,6688012300,80304788000,3758.3151,3778.1456,3749.9606,3729.9546
95744000,3773.6903,12924200,138950700,6700936500,80443738700,3758.3151,3778.1456,3749.9606,3729.9546
95749000,3773.8246,8202800,120508500,6709139300,80564247200,3758.3151,3778.1456,3749.9606,3729.9546
95754000,3774.0597,9628100,153992100,6718767400,80718239300,3758.3151,3778.1456,3749.9606,3729.9546
95759000,3773.8413,8748300,118951500,6727515700,80837190800,3758.3151,3778.1456,3749.9606,3729.9546
95804000,3773.9441,13278100,148994000,6740793800,80986184800,3758.3151,3778.1456,3749.9606,3729.9546
95809000,3774.6831,11055600,144495500,6751849400,81130680300,3758.3151,3778.1456,3749.9606,3729.9546
95814000,3774.5051,17435700,176034500,6769285100,81306714800,3758.3151,3778.1456,3749.9606,3729.9546
95819000,3774.4742,10089000,132397200,6779374100,81439112000,3758.3151,3778.1456,3749.9606,3729.9546
95824000,3774.5509,12174700,142056300,6791548800,81581168300,3758.3151,3778.1456,3749.9606,3729.9546
95829000,3774.5269,10513100,125250400,6802061900,81706418700,3758.3151,3778.1456,3749.9606,3729.9546
95834000,3774.4037,11104500,134336800,6813166400,81840755500,3758.3151,3778.1456,3749.9606,3729.9546
95839000,3774.2235,9469600,125539100,6822636000,81966294600,3758.3151,3778.1456,3749.9606,3729.9546
95844000,3773.7804,10365100,134283300,6833001100,82100577900,3758.3151,3778.1456,3749.9606,3729.9546
95849000,3774.0802,9730200,121416300,6842731300,82221994200,3758.3151,3778.1456,3749.9606,3729.9546
95854000,3773.9706,11449900,133259900,6854181200,82355254100,3758.3151,3778.1456,3749.9606,3729.9546
95859000,3773.4343,11181900,142271000,6865363100,82497525100,3758.3151,3778.1456,3749.9606,3729.9546
95904000,3773.1694,12701600,165440200,6878064700,82662965300,3758.3151,3778.1456,3749.9606,3729.9546
95909000,3772.7169,11494700,145571500,6889559400,82808536800,3758.3151,3778.1456,3749.9606,3729.9546
95914000,3772.0745,12384100,151390900,6901943500,82959927700,3758.3151,3778.1456,3749.9606,3729.9546
95919000,3771.8489,11873400,142712400,6913816900,83102640100,3758.3151,3778.1456,3749.9606,3729.9546
95924000,3771.475,13690200,148959400,6927507100,83251599500,3758.3151,3778.1456,3749.9606,3729.9546
95929000,3770.9578,9750700,123679800,6937257800,83375279300,3758.3151,3778.1456,3749.9606,3729.9546
95934000,3770.817,12988500,160214300,6950246300,83535493600,3758.3151,3778.1456,3749.9606,3729.9546
95939000,3770.608,10606800,141108700,6960853100,83676602300,3758.3151,3778.1456,3749.9606,3729.9546
95944000,3770.0526,13556600,158710000,6974409700,83835312300,3758.3151,3778.1456,3749.9606,3729.9546
95949000,3770.2094,10361600,116555700,6984771300,83951868000,3758.3151,3778.1456,3749.9606,3729.9546
95954000,3769.6631,12089300,148290300,6996860600,84100158300,3758.3151,3778.1456,3749.9606,3729.9546
95959000,3769.4404,8605300,103333600,7005465900,84203491900,3758.3151,3778.1456,3749.9606,3729.9546
100004000,3769.3034,12188700,149542700,7017654600,84353034600,3758.3151,3778.1456,3749.9606,3729.9546
100009000,3769.0785,16185200,164121900,7033839800,84517156500,3758.3151,3778.1456,3749.9606,3729.9546
100014000,3769.0662,11759800,134861300,7045599600,84652017800,3758.3151,3778.1456,3749.9606,3729.9546
100019000,3768.9204,12705400,133288300,7058305000,84785306100,3758.3151,3778.1456,3749.9606,3729.9546
100024000,3768.7197,12300600,144727500,7070605600,84930033600,3758.3151,3778.1456,3749.9606,3729.9546
100029000,3768.9437,8250700,104882500,7078856300,85034916100,3758.3151,3778.1456,3749.9606,3729.9546
100034000,3768.9713,10719300,129122300,7089575600,85164038400,3758.3151,3778.1456,3749.9606,3729.9546
100039000,3768.4393,9976400,122531000,7099552000,85286569400,3758.3151,3778.1456,3749.9606,3729.9546
100044000,3768.429,10640200,131152500,7110192200,85417721900,3758.3151,3778.1456,3749.9606,3729.9546
100049000,3768.2193,12064500,138114500,7122256700,85555836400,3758.3151,3778.1456,3749.9606,3729.9546
100054000,3767.9385,8970800,111598200,7131227500,85667434600,3758.3151,3778.1456,3749.9606,3729.9546
100059000,3767.8106,8598000,104619400,7139825500,85772054000,3758.3151,3778.1456,3749.9606,3729.9546
100104000,3768.3391,10945900,150800900,7150771400,85922854900,3758.3151,3778.1456,3749.9606,3729.9546
100109000,3768.487,10047700,122369700,7160819100,86045224600,3758.3151,3778.1456,3749.9606,3729.9546
100114000,3768.0923,13082100,136598200,7173901200,86181822800,3758.3151,3778.1456,3749.9606,3729.9546
100119000,3768.5888,9936800,122077000,7183838000,86303899800,3758.3151,3778.1456,3749.9606,3729.9546
100124000,3768.4129,9300300,119379300,7193138300,86423279100,3758.3151,3778.1456,3749.9606,3729.9546
100129000,3768.8542,10469400,120501100,7203607700,86543780200,3758.3151,3778.1456,3749.9606,3729.9546
100134000,3769.878,14799800,172287500,7218407500,86716067700,3758.3151,3778.1456,3749.9606,3729.9546
100139000,3770.1177,11205900,156567900,7229613400,86872635600,3758.3151,3778.1456,3749.9606,3729.9546
100144000,3770.1793,12653300,148068500,7242266700,87020704100,3758.3151,3778.1456,3749.9606,3729.9546
100149000,3770.4387,9258300,117290500,7251525000,87137994600,3758.3151,3778.1456,3749.9606,3729.9546
100154000,3771.0301,9413900,138701400,7260938900,87276696000,3758.3151,3778.1456,3749.9606,3729.9546
100159000,3770.9719,10922400,116522900,7271861300,87393218900,3758.3151,3778.1456,3749.9606,3729.9546
100204000,3771.6389,12012100,144619300,7283873400,87537838200,3758.3151,3778.1456,3749.9606,3729.9546
100209000,3772.6078,10866000,125574900,7294739400,87663413100,3758.3151,3778.1456,3749.9606,3729.9546
100214000,3772.4077,11117700,138935700,7305857100,87802348800,3758.3151,3778.1456,3749.9606,3729.9546
100219000,3772.781,7477700,97656400,7313334800,87900005200,3758.3151,3778.1456,3749.9606,3729.9546
100224000,3772.3737,7842900,114334900,7321177700,88014340100,3758.3151,3778.1456,3749.9606,3729.9546
100229000,3772.3453,7455500,99576600,7328633200,88113916700,3758.3151,3778.1456,3749.9606,3729.9546
100234000,3772.4546,10712800,129309600,7339346000,88243226300,3758.3151,3778.1456,3749.9606,3729.9546
100239000,3772.0997,9792100,122365500,7349138100,88365591800,3758.3151,3778.1456,3749.9606,3729.9546
100244000,3771.9508,10894500,126653500,7360032600,88492245300,3758.3151,3778.1456,3749.9606,3729.9546
100249000,3771.8879,9046300,119525600,7369078900,88611770900,3758.3151,3778.1456,3749.9606,3729.9546
100254000,3771.7172,11264100,120971600,7380343000,88732742500,3758.3151,3778.1456,3749.9606,3729.9546
100259000,3771.7534,8632200,116977100,7388975200,88849719600,3758.3151,3778.1456,3749.9606,3729.9546
100304000,3771.8989,11121600,153350000,7400096800,89003069600,3758.3151,3778.1456,3749.9606,3729.9546
100309000,3771.9221,9187600,125503400,7409284400,89128573000,3758.3151,3778.1456,3749.9606,3729.9546
100314000,3771.7478,8529100,147867300,7417813500,89276440300,3758.3151,3778.1456,3749.9606,3729.9546
100319000,3772.5408,7317900,100790400,7425131400,89377230700,3758.3151,3778.1456,3749.9606,3729.9546
100324000,3771.8015,8609600,110708500,7433741000,89487939200,3758.3151,3778.1456,3749.9606,3729.9546
100329000,3772.2296,7274100,85673000,7441015100,89573612200,3758.3151,3778.1456,3749.9606,3729.9546
100334000,3772.5814,11526400,128523500,7452541500,89702135700,3758.3151,3778.1456,3749.9606,3729.9546
100339000,3772.3146,9140100,124134100,7461681600,89826269800,3758.3151,3778.1456,3749.9606,3729.9546
100344000,3772.0397,10762900,146025700,7472444500,89972295500,3758.3151,3778.1456,3749.9606,3729.9546
100349000,3772.8853,10251600,236083500,7482696100,90208379000,3758.3151,3778.1456,3749.9606,3729.9546
100354000,3772.9321,9399600,134289300,7492095700,90342668300,3758.3151,3778.1456,3749.9606,3729.9546
100359000,3773.1313,12016600,232121100,7504112300,90574789400,3758.3151,3778.1456,3749.9606,3729.9546
100404000,3773.8424,12182800,167346800,7516295100,90742136200,3758.3151,3778.1456,3749.9606,3729.9546
100409000,3774.4212,11834900,148796100,7528130000,90890932300,3758.3151,3778.1456,3749.9606,3729.9546
100414000,3774.4707,12345200,203033300,7540475200,91093965600,3758.3151,3778.1456,3749.9606,3729.9546
100419000,3774.3412,8961900,113484100,7549437100,91207449700,3758.3151,3778.1456,3749.9606,3729.9546
100424000,3774.4092,9199900,130481700,7558637000,91337931400,3758.3151,3778.1456,3749.9606,3729.9546
100429000,3774.7024,7981200,101802700,7566618200,91439734100,3758.3151,3778.1456,3749.9606,3729.9546
100434000,3775.0168,11427800,136228400,7578046000,91575962500,3758.3151,3778.1456,3749.9606,3729.9546
100439000,3774.7824,11307700,150980000,7589353700,91726942500,3758.3151,3778.1456,3749.9606,3729.9546
100444000,3775.2306,17117700,182976500,7606471400,91909919000,3758.3151,3778.1456,3749.9606,3729.9546
100449000,3775.457,10500600,136837400,7616972000,92046756400,3758.3151,3778.1456,3749.9606,3729.9546
100454000,3776.0706,12608000,136552100,7629580000,92183308500,3758.3151,3778.1456,3749.9606,3729.9546
100459000,3775.9565,10249700,107095600,7639829700,92290404100,3758.3151,3778.1456,3749.9606,3729.9546
100504000,3776.8666,18371700,204182700,7658201400,92494586800,3758.3151,3778.1456,3749.9606,3729.9546
100509000,3777.2601,11619900,133739100,7669821300,92628325900,3758.3151,3778.1456,3749.9606,3729.9546
100514000,3777.8728,17612100,193782200,7687433400,92822108100,3758.3151,3778.1456,3749.9606,3729.9546
100519000,3777.4766,9330100,115927900,7696763500,92938036000,3758.3151,3778.1456,3749.9606,3729.9546
100524000,3777.8576,11161200,139441900,7707924700,93077477900,3758.3151,3778.1977,3749.9606,3729.9546
100529000,3778.3981,12189200,152196300,7720113900,93229674200,3758.3151,3778.3981,3749.9606,3729.9546
100534000,3778.3459,11581000,172777200,7731694900,93402451400,3758.3151,3779.0885,3749.9606,3729.9546
100539000,3779.2513,11948200,185328500,7743643100,93587779900,3758.3151,3779.2513,3749.9606,3729.9546
100544000,3779.5502,13795500,200421400,7757438600,93788201300,3758.3151,3779.5502,3749.9606,3729.9546
100549000,3779.9803,15226700,174937400,7772665300,93963138700,3758.3151,3779.9803,3749.9606,3729.9546
100554000,3780.6021,13697000,163947400,7786362300,94127086100,3758.3151,3780.6021,3749.9606,3729.9546
100559000,3780.7551,13584300,184846000,7799946600,94311932100,3758.3151,3780.8478,3749.9606,3729.9546
100604000,3781.167,13642400,181059400,7813589000,94492991500,3758.3151,3781.5411,3749.9606,3729.9546
100609000,3781.0451,12878000,167844400,7826467000,94660835900,3758.3151,3781.5411,3749.9606,3729.9546
100614000,3781.2811,15348800,193026800,7841815800,94853862700,3758.3151,3781.5411,3749.9606,3729.9546
100619000,3781.0635,10411000,135801800,7852226800,94989664500,3758.3151,3781.5411,3749.9606,3729.9546
100624000,3781.7915,10313600,129666200,7862540400,95119330700,3758.3151,3782.0632,3749.9606,3729.9546
100629000,3781.9047,10410200,141409100,7872950600,95260739800,3758.3151,3782.0632,3749.9606,3729.9546
100634000,3781.7335,15760900,189509400,7888711500,95450249200,3758.3151,3782.4653,3749.9606,3729.9546
100639000,3781.9213,13633300,153310300,7902344800,95603559500,3758.3151,3782.4653,3749.9606,3729.9546
100644000,3781.6451,15733800,175184300,7918078600,95778743800,3758.3151,3782.4653,3749.9606,3729.9546
100649000,3782.46,11117200,123945000,7929195800,95902688800,3758.3151,3782.5566,3749.9606,3729.9546
100654000,3782.5229,12060800,152666300,7941256600,96055355100,3758.3151,3782.5566,3749.9606,3729.9546
100659000,3782.3438,10804200,130127900,7952060800,96185483000,3758.3151,3782.5566,3749.9606,3729.9546
100704000,3782.7363,17127500,211454200,7969188300,96396937200,3758.3151,3782.7363,3749.9606,3729.9546
100709000,3782.8004,15922800,162221300,7985111100,96559158500,3758.3151,3782.8004,3749.9606,3729.9546
100714000,3782.6456,16589300,177986500,8001700400,96737145000,3758.3151,3782.8004,3749.9606,3729.9546
100719000,3782.5014,11869600,151437000,8013570000,96888582000,3758.3151,3782.8004,3749.9606,3729.9546
100724000,3782.4174,11833500,135365300,8025403500,97023947300,3758.3151,3782.8004,3749.9606,3729.9546
100729000,3782.4611,9843500,124109100,8035247000,97148056400,3758.3151,3782.8004,3749.9606,3729.9546
100734000,3782.696,17157200,202610700,8052404200,97350667100,3758.3151,3782.8004,3749.9606,3729.9546
100739000,3781.9211,14618600,164339200,8067022800,97515006300,3758.3151,3782.8004,3749.9606,3729.9546
100744000,3781.4643,16085800,176592800,8083108600,97691599100,3758.3151,3782.8004,3749.9606,3729.9546
100749000,3780.9336,11889100,151675600,8094997700,97843274700,3758.3151,3782.8004,3749.9606,3729.9546
100754000,3780.8152,15578100,191252800,8110575800,98034527500,3758.3151,3782.8004,3749.9606,3729.9546
100759000,3780.1329,11466500,144846700,8122042300,98179374200,3758.3151,3782.8004,3749.9606,3729.9546
100804000,3779.3031,13615400,158117600,8135657700,98337491800,3758.3151,3782.8004,3749.9606,3729.9546
100809000,3779.4241,12009700,150579600,8147667400,98488071400,3758.3151,3782.8004,3749.9606,3729.9546
100814000,3779.3916,13354600,182796100,8161022000,98670867500,3758.3151,3782.8004,3749.9606,3729.9546
100819000,3779.1475,12551400,140984900,8173573400,98811852400,3758.3151,3782.8004,3749.9606,3729.9546
100824000,3779.1556,10180200,138583700,8183753600,98950436100,3758.3151,3782.8004,3749.9606,3729.9546
100829000,3779.3823,11345200,130527300,8195098800,99080963400,3758.3151,3782.8004,3749.9606,3729.9546
100834000,3779.354,13606000,168558800,8208704800,99249522200,3758.3151,3782.8004,3749.9606,3729.9546
100839000,3779.4233,10940300,142418200,8219645100,99391940400,3758.3151,3782.8004,3749.9606,3729.9546
100844000,3778.8137,11971600,149805100,8231616700,99541745500,3758.3151,3782.8004,3749.9606,3729.9546
100849000,3778.5533,9251000,112110000,8240867700,99653855500,3758.3151,3782.8004,3749.9606,3729.9546
100854000,3778.8946,10717200,142101600,8251584900,99795957100,3758.3151,3782.8004,3749.9606,3729.9546
100859000,3778.8032,8964900,114122600,8260549800,99910079700,3758.3151,3782.8004,3749.9606,3729.9546
100904000,3778.529,12810700,171338300,8273360500,100081418000,3758.3151,3782.8004,3749.9606,3729.9546
100909000,3777.8726,11536200,127942800,8284896700,100209360800,3758.3151,3782.8004,3749.9606,3729.9546
100914000,3778.3772,12997200,146214300,8297893900,100355575100,3758.3151,3782.8004,3749.9606,3729.9546
100919000,3778.4914,8790000,108751700,8306683900,100464326800,3758.3151,3782.8004,3749.9606,3729.9546
100924000,3778.5339,8383000,113696800,8315066900,100578023600,3758.3151,3782.8004,3749.9606,3729.9546
100929000,3777.8897,10833900,123226400,8325900800,100701250000,3758.3151,3782.8004,3749.9606,3729.9546
100934000,3778.4931,12538500,151142600,8338439300,100852392600,3758.3151,3782.8004,3749.9606,3729.9546
100939000,3778.3304,8784000,125552000,8347223300,100977944600,3758.3151,3782.8004,3749.9606,3729.9546
100944000,3778.1402,12403500,157590400,8359626800,101135535000,3758.3151,3782.8004,3749.9606,3729.9546
100949000,3778.2779,14937300,171208400,8374564100,101306743400,3758.3151,3782.8004,3749.9606,3729.9546
100954000,3778.2992,11987100,137948400,8386551200,101444691800,3758.3151,3782.8004,3749.9606,3729.9546
100959000,3778.3728,11582400,150316900,8398133600,101595008700,3758.3151,3782.8004,3749.9606,3729.9546
101004000,3778.7859,10445700,130100200,8408579300,101725108900,3758.3151,3782.8004,3749.9606,3729.9546
101009000,3778.7724,8668900,116978900,8417248200,101842087800,3758.3151,3782.8004,3749.9606,3729.9546
101014000,3778.7252,8792300,117755500,8426040500,101959843300,3758.3151,3782.8004,3749.9606,3729.9546
101019000,3778.7726,11176700,127631900,8437217200,102087475200,3758.3151,3782.8004,3749.9606,3729.9546
101024000,3778.5688,9137300,112482900,8446354500,102199958100,3758.3151,3782.8004,3749.9606,3729.9546
101029000,3778.9343,8613100,110787500,8454967600,102310745600,3758.3151,3782.8004,3749.9606,3729.9546
101034000,3779.1483,12096600,147651400,8467064200,102458397000,3758.3151,3782.8004,3749.9606,3729.9546
101039000,3779.4455,11983800,150623500,8479048000,102609020500,3758.3151,3782.8004,3749.9606,3729.9546
101044000,3779.717,12866500,165367300,8491914500,102774387800,3758.3151,3782.8004,3749.9606,3729.9546
101049000,3779.3964,8393700,122192400,8500308200,102896580200,3758.3151,3782.8004,3749.9606,3729.9546
101054000,3779.2065,10752100,150400100,8511060300,103046980300,3758.3151,3782.8004,3749.9606,3729.9546
101059000,3779.2363,10809900,171656000,8521870200,103218636300,3758.3151,3782.8004,3749.9606,3729.9546
101104000,3779.7667,12353000,162738000,8534223200,103381374300,3758.3151,3782.8004,3749.9606,3729.9546
101109000,3779.6181,8997200,125077700,8543220400,103506452000,3758.3151,3782.8004,3749.9606,3729.9546
101114000,3780.0513,11116400,153898200,8554336800,103660350200,3758.3151,3782.8004,3749.9606,3729.9546
101119000,3779.7252,9934400,114655700,8564271200,103775005900,3758.3151,3782.8004,3749.9606,3729.9546
101124000,3780.3531,11177400,141338700,8575448600,103916344600,3758.3151,3782.8004,3749.9606,3729.9546
101129000,3780.1445,9191400,106491200,8584640000,104022835800,3758.3151,3782.8004,3749.9606,3729.9546
101134000,3780.3305,12507200,159248600,8597147200,104182084400,3758.3151,3782.8004,3749.9606,3729.9546
101139000,3780.1809,10192300,130696700,8607339500,104312781100,3758.3151,3782.8004,3749.9606,3729.9546
101144000,3780.2978,11864900,145606800,8619204400,104458387900,3758.3151,3782.8004,3749.9606,3729.9546
101149000,3780.0406,8466300,133062000,8627670700,104591449900,3758.3151,3782.8004,3749.9606,3729.9546
101154000,3779.7564,12554200,167118900,8640224900,104758568800,3758.3151,3782.8004,3749.9606,3729.9546
101159000,3779.5588,9381300,134564300,8649606200,104893133100,3758.3151,3782.8004,3749.9606,3729.9546
101204000,3779.3638,13602100,181264600,8663208300,105074397700,3758.3151,3782.8004,3749.9606,3729.9546
101209000,3778.9745,10506100,129720000,8673714400,105204117700,3758.3151,3782.8004,3749.9606,3729.9546
101214000,3778.6977,11263900,148850500,8684978300,105352968200,3758.3151,3782.8004,3749.9606,3729.9546
101219000,3778.8056,7205100,93226700,8692183400,105446194900,3758.3151,3782.8004,3749.9606,3729.9546
101224000,3778.7081,16638900,136021000,8708822300,105582215900,3758.3151,3782.8004,3749.9606,3729.9546
101229000,3778.8017,9210900,110212900,8718033200,105692428800,3758.3151,3782.8004,3749.9606,3729.9546
101234000,3779.0034,11526400,142052000,8729559600,105834480800,3758.3151,3782.8004,3749.9606,3729.9546
101239000,3779.1115,12608700,137255000,8742168300,105971735800,3758.3151,3782.8004,3749.9606,3729.9546
101244000,3778.5601,11173600,125180500,8753341900,106096916300,3758.3151,3782.8004,3749.9606,3729.9546
101249000,3778.7995,6972400,87671200,8760314300,106184587500,3758.3151,3782.8004,3749.9606,3729.9546
101254000,3778.6262,9529400,122280500,8769843700,106306868000,3758.3151,3782.8004,3749.9606,3729.9546
101259000,3778.227,7168700,88311300,8777012400,106395179300,3758.3151,3782.8004,3749.9606,3729.9546
101304000,3778.1556,10568000,134383100,8787580400,106529562400,3758.3151,3782.8004,3749.9606,3729.9546
101309000,3778.3709,8756100,108052100,8796336500,106637614500,3758.3151,3782.8004,3749.9606,3729.9546
101314000,3778.6373,9424700,126372600,8805761200,106763987100,3758.3151,3782.8004,3749.9606,3729.9546
101319000,3778.5102,8076000,102666900,8813837200,106866654000,3758.3151,3782.8004,3749.9606,3729.9546
101324000,3778.4394,7436300,91975500,8821273500,106958629500,3758.3151,3782.8004,3749.9606,3729.9546
101329000,3778.2018,8453000,90553400,8829726500,107049182900,3758.3151,3782.8004,3749.9606,3729.9546
101334000,3778.3349,9303800,124714200,8839030300,107173897100,3758.3151,3782.8004,3749.9606,3729.9546
101339000,3778.5014,7663400,104321400,8846693700,107278218500,3758.3151,3782.8004,3749.9606,3729.9546
101344000,3778.0444,12018700,133273200,8858712400,107411491700,3758.3151,3782.8004,3749.9606,3729.9546
101349000,3778.3222,8521200,105128800,8867233600,107516620500,3758.3151,3782.8004,3749.9606,3729.9546
101354000,3778.5566,8300700,113220500,8875534300,107629841000,3758.3151,3782.8004,3749.9606,3729.9546
101359000,3778.2346,6002800,72992300,8881537100,107702833300,3758.3151,3782.8004,3749.9606,3729.9546
101404000,3777.8669,10364400,132828600,8891901500,107835661900,3758.3151,3782.8004,3749.9606,3729.9546
101409000,3778.0464,8018500,103597300,8899920000,107939259200,3758.3151,3782.8004,3749.9606,3729.9546
101414000,3778.1695,9803700,108733800,8909723700,108047993000,3758.3151,3782.8004,3749.9606,3729.9546
101419000,3777.979,6478700,88666500,8916202400,108136659500,3758.3151,3782.8004,3749.9606,3729.9546
101424000,3778.0736,7844400,101450100,8924046800,108238109600,3758.3151,3782.8004,3749.9606,3729.9546
101429000,3777.5046,8999700,96506200,8933046500,108334615800,3758.3151,3782.8004,3749.9606,3729.9546
101434000,3777.7885,10164600,121493700,8943211100,108456109500,3758.3151,3782.8004,3749.9606,3729.9546
101439000,3777.5787,8580600,93154000,8951791700,108549263500,3758.3151,3782.8004,3749.9606,3729.9546
101444000,3777.4135,11461900,144330700,8963253600,108693594200,3758.3151,3782.8004,3749.9606,3729.9546
101449000,3776.9813,9755000,111611500,8973008600,108805205700,3758.3151,3782.8004,3749.9606,3729.9546
101454000,3776.4547,9289400,114632600,8982298000,108919838300,3758.3151,3782.8004,3749.9606,3729.9546
101459000,3776.2748,9927700,110648200,8992225700,109030486500,3758.3151,3782.8004,3749.9606,3729.9546
101504000,3775.7285,13258000,165842800,9005483700,109196329300,3758.3151,3782.8004,3749.9606,3729.9546
101509000,3774.9145,10721200,144643400,9016204900,109340972700,3758.3151,3782.8004,3749.9606,3729.9546
101514000,3774.5648,14001500,163185800,9030206400,109504158500,3758.3151,3782.8004,3749.9606,3729.9546
101519000,3773.8136,10995700,128661300,9041202100,109632819800,3758.3151,3782.8004,3749.9606,3729.9546
101524000,3773.9102,12540700,137090300,9053742800,109769910100,3758.3151,3782.8004,3749.9606,3729.9546
101529000,3773.1263,9419400,109266400,9063162200,109879176500,3758.3151,3782.8004,3749.9606,3729.9546
101534000,3772.4259,12279500,167205400,9075441700,110046381900,3758.3151,3782.8004,3749.9606,3729.9546
101539000,3772.2061,12585100,154835000,9088026800,110201216900,3758.3151,3782.8004,3749.9606,3729.9546
101544000,3771.9932,12987500,172499200,9101014300,110373716100,3758.3151,3782.8004,3749.9606,3729.9546
101549000,3771.9374,9215700,114472800,9110230000,110488188900,3758.3151,3782.8004,3749.9606,3729.9546
101554000,3771.0546,9215700,134596800,9119445700,110622785700,3758.3151,3782.8004,3749.9606,3729.9546
101559000,3770.6653,10066400,116529400,9129512100,110739315100,3758.3151,3782.8004,3749.9606,3729.9546
101604000,3770.5561,15174100,190025400,9144686200,110929340500,3758.3151,3782.8004,3749.9606,3729.9546
101609000,3770.1956,13378800,156652800,9158065000,111085993300,3758.3151,3782.8004,3749.9606,3729.9546
101614000,3770.0438,11855500,144301000,9169920500,111230294300,3758.3151,3782.8004,3749.9606,3729.9546
101619000,3769.9093,9840200,118374700,9179760700,111348669000,3758.3151,3782.8004,3749.9606,3729.9546
101624000,3769.3487,9139200,131515900,9188899900,111480184900,3758.3151,3782.8004,3749.9606,3729.9546
101629000,3769.4478,8813800,102027200,9197713700,111582212100,3758.3151,3782.8004,3749.9606,3729.9546
101634000,3769.1783,12022000,142517800,9209735700,111724729900,3758.3151,3782.8004,3749.9606,3729.9546
101639000,3768.9718,10270100,135989300,9220005800,111860719200,3758.3151,3782.8004,3749.9606,3729.9546
101644000,3769.007,11846700,148375000,9231852500,112009094200,3758.3151,3782.8004,3749.9606,3729.9546
101649000,3768.9766,10359700,115200700,9242212200,112124294900,3758.3151,3782.8004,3749.9606,3729.9546
101654000,3769.1007,9150800,105892000,9251363000,112230186900,3758.3151,3782.8004,3749.9606,3729.9546
101659000,3768.6186,8570700,93957900,9259933700,112324144800,3758.3151,3782.8004,3749.9606,3729.9546
101704000,3768.4807,10246600,127055100,9270180300,112451199900,3758.3151,3782.8004,3749.9606,3729.9546
101709000,3768.412,8446500,111527800,9278626800,112562727700,3758.3151,3782.8004,3749.9606,3729.9546
101714000,3768.6722,9823700,120265400,9288450500,112682993100,3758.3151,3782.8004,3749.9606,3729.9546
101719000,3768.5417,10843300,111668900,9299293800,112794662000,3758.3151,3782.8004,3749.9606,3729.9546
101724000,3768.2627,11006200,119704400,9310300000,112914366400,3758.3151,3782.8004,3749.9606,3729.9546
101729000,3768.4332,8785000,102000900,9319085000,113016367300,3758.3151,3782.8004,3749.9606,3729.9546
101734000,3768.5062,9908200,116925500,9328993200,113133292800,3758.3151,3782.8004,3749.9606,3729.9546
101739000,3768.7825,9389400,100539500,9338382600,113233832300,3758.3151,3782.8004,3749.9606,3729.9546
101744000,3768.7235,11085900,114098500,9349468500,113347930800,3758.3151,3782.8004,3749.9606,3729.9546
101749000,3768.3699,9815400,108783500,9359283900,113456714300,3758.3151,3782.8004,3749.9606,3729.9546
101754000,3768.5851,7369200,84885100,9366653100,113541599400,3758.3151,3782.8004,3749.9606,3729.9546
101759000,3768.0888,7100800,88248900,9373753900,113629848300,3758.3151,3782.8004,3749.9606,3729.9546
101804000,3768.0913,10421200,114278600,9384175100,113744126900,3758.3151,3782.8004,3749.9606,3729.9546
101809000,3767.9704,9219600,98961800,9393394700,113843088700,3758.3151,3782.8004,3749.9606,3729.9546
101814000,3768.1595,11543500,116695900,9404938200,113959784600,3758.3151,3782.8004,3749.9606,3729.9546
101819000,3768.0068,6457800,86321900,9411396000,114046106500,3758.3151,3782.8004,3749.9606,3729.9546
101824000,3768.0584,9134700,102526700,9420530700,114148633200,3758.3151,3782.8004,3749.9606,3729.9546
101829000,3768.6125,9092800,100909500,9429623500,114249542700,3758.3151,3782.8004,3749.9606,3729.9546
101834000,3768.4482,10993500,129216800,9440617000,114378759500,3758.3151,3782.8004,3749.9606,3729.9546
101839000,3768.3309,11401200,120918500,9452018200,114499678000,3758.3151,3782.8004,3749.9606,3729.9546
101844000,3768.7283,8943600,114039000,9460961800,114613717000,3758.3151,3782.8004,3749.9606,3729.9546
101849000,3768.2587,7003500,91824500,9467965300,114705541500,3758.3151,3782.8004,3749.9606,3729.9546
101854000,3768.5857,7947300,95453500,9475912600,114800995000,3758.3151,3782.8004,3749.9606,3729.9546
101859000,3769.0132,8300200,90956000,9484212800,114891951000,3758.3151,3782.8004,3749.9606,3729.9546
101904000,3769.5857,8237600,113130300,9492450400,115005081300,3758.3151,3782.8004,3749.9606,3729.9546
101909000,3769.0006,8567100,92033600,9501017500,115097114900,3758.3151,3782.8004,3749.9606,3729.9546
101914000,3769.4884,7589800,92483400,9508607300,115189598300,3758.3151,3782.8004,3749.9606,3729.9546
101919000,3769.4853,7459700,99251200,9516067000,115288849500,3758.3151,3782.8004,3749.9606,3729.9546
101924000,3769.8406,16075800,132819300,9532142800,115421668800,3758.3151,3782.8004,3749.9606,3729.9546
101929000,3770.5378,10138900,109223200,9542281700,115530892000,3758.3151,3782.8004,3749.9606,3729.9546
101934000,3770.1299,10024200,107798400,9552305900,115638690400,3758.3151,3782.8004,3749.9606,3729.9546
101939000,3770.1366,7879000,91176500,9560184900,115729866900,3758.3151,3782.8004,3749.9606,3729.9546
101944000,3769.9862,8719200,96539300,9568904100,115826406200,3758.3151,3782.8004,3749.9606,3729.9546
101949000,3770.1704,5183000,59299000,9574087100,115885705200,3758.3151,3782.8004,3749.9606,3729.9546
101954000,3770.5664,8213900,93657400,9582301000,115979362600,3758.3151,3782.8004,3749.9606,3729.9546
101959000,3770.3253,6300500,69139900,9588601500,116048502500,3758.3151,3782.8004,3749.9606,3729.9546
102004000,3770.2909,9940700,106016800,9598542200,116154519300,3758.3151,3782.8004,3749.9606,3729.9546
102009000,3770.4893,8865200,99190500,9607407400,116253709800,3758.3151,3782.8004,3749.9606,3729.9546
102014000,3770.275,8809300,122757600,9616216700,116376467400,3758.3151,3782.8004,3749.9606,3729.9546
102019000,3770.2188,6929300,76159200,9623146000,116452626600,3758.3151,3782.8004,3749.9606,3729.9546
102024000,3770.8233,6681700,93586200,9629827700,116546212800,3758.3151,3782.8004,3749.9606,3729.9546
102029000,3770.6953,7252300,83733700,9637080000,116629946500,3758.3151,3782.8004,3749.9606,3729.9546
102034000,3770.4274,10507200,139751300,9647587200,116769697800,3758.3151,3782.8004,3749.9606,3729.9546
102039000,3770.29,8307000,97957900,9655894200,116867655700,3758.3151,3782.8004,3749.9606,3729.9546
102044000,3770.2609,7799000,93978700,9663693200,116961634400,3758.3151,3782.8004,3749.9606,3729.9546
102049000,3770.1885,6903700,79015600,9670596900,117040650000,3758.3151,3782.8004,3749.9606,3729.9546
102054000,3770.0921,6790500,82518400,9677387400,117123168400,3758.3151,3782.8004,3749.9606,3729.9546
102059000,3769.8458,7445700,81028700,9684833100,117204197100,3758.3151,3782.8004,3749.9606,3729.9546
102104000,3770.1012,10606300,125355800,9695439400,117329552900,3758.3151,3782.8004,3749.9606,3729.9546
102109000,3769.9906,7115700,81043600,9702555100,117410596500,3758.3151,3782.8004,3749.9606,3729.9546
102114000,3769.6148,8230700,109349800,9710785800,117519946300,3758.3151,3782.8004,3749.9606,3729.9546
102119000,3769.3959,8058100,86283900,9718843900,117606230200,3758.3151,3782.8004,3749.9606,3729.9546
102124000,3769.3713,8208800,97286400,9727052700,117703516600,3758.3151,3782.8004,3749.9606,3729.9546
102129000,3769.0602,6417000,81641400,9733469700,117785158000,3758.3151,3782.8004,3749.9606,3729.9546
102134000,3768.8862,9624000,119166900,9743093700,117904324900,3758.3151,3782.8004,3749.9606,3729.9546
102139000,3768.498,7422500,95042800,9750516200,117999367700,3758.3151,3782.8004,3749.9606,3729.9546
102144000,3768.0314,11222700,119813600,9761738900,118119181300,3758.3151,3782.8004,3749.9606,3729.9546
102149000,3768.2438,8473900,109243500,9770212800,118228424800,3758.3151,3782.8004,3749.9606,3729.9546
102154000,3767.7156,10720300,113060400,9780933100,118341485200,3758.3151,3782.8004,3749.9606,3729.9546
102159000,3767.6081,8554900,99707300,9789488000,118441192500,3758.3151,3782.8004,3749.9606,3729.9546
102204000,3767.0214,11312500,146797400,9800800500,118587989900,3758.3151,3782.8004,3749.9606,3729.9546
102209000,3767.1072,9343700,99578700,9810144200,118687568600,3758.3151,3782.8004,3749.9606,3729.9546
102214000,3766.6312,10079000,115854200,9820223200,118803422800,3758.3151,3782.8004,3749.9606,3729.9546
102219000,3766.1966,7245500,90764000,9827468700,118894186800,3758.3151,3782.8004,3749.9606,3729.9546
102224000,3766.0938,11549200,136390700,9839017900,119030577500,3758.3151,3782.8004,3749.9606,3729.9546
102229000,3765.5856,7399900,92793400,9846417800,119123370900,3758.3151,3782.8004,3749.9606,3729.9546
102234000,3765.5983,8949100,115330600,9855366900,119238701500,3758.3151,3782.8004,3749.9606,3729.9546
102239000,3765.5979,8474000,100311700,9863840900,119339013200,3758.3151,3782.8004,3749.9606,3729.9546
102244000,3765.1514,8924200,115993200,9872765100,119455006400,3758.3151,3782.8004,3749.9606,3729.9546
102249000,3765.0953,8388200,103171400,9881153300,119558177800,3758.3151,3782.8004,3749.9606,3729.9546
102254000,3764.8923,9825300,108122600,9890978600,119666300400,3758.3151,3782.8004,3749.9606,3729.9546
102259000,3764.6959,8590800,93369800,9899569400,119759670200,3758.3151,3782.8004,3749.9606,3729.9546
102304000,3764.4612,11071600,125838000,9910641000,119885508200,3758.3151,3782.8004,3749.9606,3729.9546
102309000,3764.1605,9922600,132924200,9920563600,120018432400,3758.3151,3782.8004,3749.9606,3729.9546
102314000,3764.1267,10167400,117958800,9930731000,120136391200,3758.3151,3782.8004,3749.9606,3729.9546
102319000,3763.9376,16688600,162924600,9947419600,120299315800,3758.3151,3782.8004,3749.9606,3729.9546
102324000,3763.8711,8008800,103743000,9955428400,120403058800,3758.3151,3782.8004,3749.9606,3729.9546
102329000,3764.0503,11896900,130418100,9967325300,120533476900,3758.3151,3782.8004,3749.9606,3729.9546
102334000,3763.7966,11641900,131017800,9978967200,120664494700,3758.3151,3782.8004,3749.9606,3729.9546
102339000,3763.8061,15899300,155323800,9994866500,120819818500,3758.3151,3782.8004,3749.9606,3729.9546
102344000,3763.8122,10885100,130216600,10005751600,120950035100,3758.3151,3782.8004,3749.9606,3729.9546
102349000,3763.8552,9393200,110669800,10015144800,121060704900,3758.3151,3782.8004,3749.9606,3729.9546
102354000,3764.8378,10438400,126322600,10025583200,121187027500,3758.3151,3782.8004,3749.9606,3729.9546
102359000,3764.3363,8426100,101315000,10034009300,121288342500,3758.3151,3782.8004,3749.9606,3729.9546
102404000,3764.163,20421900,170865400,10054431200,121459207900,3758.3151,3782.8004,3749.9606,3729.9546
102409000,3764.3042,8882300,105037200,10063313500,121564245100,3758.3151,3782.8004,3749.9606,3729.9546
102414000,3764.2879,10433000,127485200,10073746500,121691730300,3758.3151,3782.8004,3749.9606,3729.9546
102419000,3763.4526,8443700,91665300,10082190200,121783395600,3758.3151,3782.8004,3749.9606,3729.9546
102424000,3763.8971,7333000,87774800,10089523200,121871170400,3758.3151,3782.8004,3749.9606,3729.9546
102429000,3764.2242,8067600,109311500,10097590800,121980481900,3758.3151,3782.8004,3749.9606,3729.9546
102434000,3763.8621,10906800,141785800,10108497600,122122267700,3758.3151,3782.8004,3749.9606,3729.9546
102439000,3763.7543,10071300,104811200,10118568900,122227078900,3758.3151,3782.8004,3749.9606,3729.9546
102444000,3763.9148,10429900,122260600,10128998800,122349339500,3758.3151,3782.8004,3749.9606,3729.9546
102449000,3763.8516,7716200,96609600,10136715000,122445949100,3758.3151,3782.8004,3749.9606,3729.9546
102454000,3764.0745,9873000,114877400,10146588000,122560826500,3758.3151,3782.8004,3749.9606,3729.9546
102459000,3764.1567,9148200,84032100,10155736200,122644858600,3758.3151,3782.8004,3749.9606,3729.9546
102504000,3764.6468,9149100,108054300,10164885300,122752912900,3758.3151,3782.8004,3749.9606,3729.9546
102509000,3763.9524,8489900,87741900,10173375200,122840654800,3758.3151,3782.8004,3749.9606,3729.9546
102514000,3764.1504,10080000,118012700,10183455200,122958667500,3758.3151,3782.8004,3749.9606,3729.9546
102519000,3764.0455,7157900,93909600,10190613100,123052577100,3758.3151,3782.8004,3749.9606,3729.9546
102524000,3763.858,6377000,93868000,10196990100,123146445100,3758.3151,3782.8004,3749.9606,3729.9546
102529000,3763.9895,7349000,94660300,10204339100,123241105400,3758.3151,3782.8004,3749.9606,3729.9546
102534000,3763.6216,11219300,116173000,10215558400,123357278400,3758.3151,3782.8004,3749.9606,3729.9546
102539000,3763.5028,7818200,83467100,10223376600,123440745500,3758.3151,3782.8004,3749.9606,3729.9546
102544000,3763.4638,14690700,131007600,10238067300,123571753100,3758.3151,3782.8004,3749.9606,3729.9546
102549000,3763.9846,12041400,104582600,10250108700,123676335700,3758.3151,3782.8004,3749.9606,3729.9546
102554000,3763.4517,11189000,105403500,10261297700,123781739200,3758.3151,3782.8004,3749.9606,3729.9546
102559000,3763.2344,11661400,92262700,10272959100,123874001900,3758.3151,3782.8004,3749.9606,3729.9546
102604000,3762.8387,10670600,107824900,10283629700,123981826800,3758.3151,3782.8004,3749.9606,3729.9546
102609000,3763.0518,7396400,95458900,10291026100,124077285700,3758.3151,3782.8004,3749.9606,3729.9546
102614000,3763.769,8101400,111618400,10299127500,124188904100,3758.3151,3782.8004,3749.9606,3729.9546
102619000,3764.2106,8845000,112376800,10307972500,124301280900,3758.3151,3782.8004,3749.9606,3729.9546
102624000,3764.8189,11031500,121597800,10319004000,124422878700,3758.3151,3782.8004,3749.9606,3729.9546
102629000,3765.5593,8466000,113206000,10327470000,124536084700,3758.3151,3782.8004,3749.9606,3729.9546
102634000,3765.476,10548100,146043300,10338018100,124682128000,3758.3151,3782.8004,3749.9606,3729.9546
102639000,3766.1586,10888500,133167900,10348906600,124815295900,3758.3151,3782.8004,3749.9606,3729.9546
102644000,3766.4836,10905900,122755900,10359812500,124938051800,3758.3151,3782.8004,3749.9606,3729.9546
102649000,3766.5847,9105900,103257600,10368918400,125041309400,3758.3151,3782.8004,3749.9606,3729.9546
102654000,3766.9116,8034200,101531300,10376952600,125142840700,3758.3151,3782.8004,3749.9606,3729.9546
102659000,3767.6238,9087600,107730300,10386040200,125250571000,3758.3151,3782.8004,3749.9606,3729.9546
102704000,3768.0687,12899300,146201000,10398939500,125396772000,3758.3151,3782.8004,3749.9606,3729.9546
102709000,3768.7798,10892000,127859500,10409831500,125524631500,3758.3151,3782.8004,3749.9606,3729.9546
102714000,3768.7765,10681300,115295500,10420512800,125639927000,3758.3151,3782.8004,3749.9606,3729.9546
102719000,3769.2997,8064500,92025800,10428577300,125731952800,3758.3151,3782.8004,3749.9606,3729.9546
102724000,3769.5599,6690500,89940900,10435267800,125821893700,3758.3151,3782.8004,3749.9606,3729.9546
102729000,3769.7596,7620800,78972900,10442888600,125900866600,3758.3151,3782.8004,3749.9606,3729.9546
102734000,3769.9795,8383000,105453000,10451271600,126006319600,3758.3151,3782.8004,3749.9606,3729.9546
102739000,3769.781,6416200,85987200,10457687800,126092306800,3758.3151,3782.8004,3749.9606,3729.9546
102744000,3769.3854,9151400,102192600,10466839200,126194499400,3758.3151,3782.8004,3749.9606,3729.9546
102749000,3769.8659,5757500,65064100,10472596700,126259563500,3758.3151,3782.8004,3749.9606,3729.9546
102754000,3770.2032,10056300,109485800,10482653000,126369049300,3758.3151,3782.8004,3749.9606,3729.9546
102759000,3770.0886,10712300,109656500,10493365300,126478705800,3758.3151,3782.8004,3749.9606,3729.9546
102804000,3770.5962,9054100,105067700,10502419400,126583773500,3758.3151,3782.8004,3749.9606,3729.9546
102809000,3770.2083,8558800,104034300,10510978200,126687807800,3758.3151,3782.8004,3749.9606,3729.9546
102814000,3770.2464,10827300,117524600,10521805500,126805332400,3758.3151,3782.8004,3749.9606,3729.9546
102819000,3770.4288,7010900,80619900,10528816400,126885952300,3758.3151,3782.8004,3749.9606,3729.9546
102824000,3770.4662,8326000,96087800,10537142400,126982040100,3758.3151,3782.8004,3749.9606,3729.9546
102829000,3770.4168,10746100,109824100,10547888500,127091864200,3758.3151,3782.8004,3749.9606,3729.9546
102834000,3770.3323,9046500,107332500,10556935000,127199196700,3758.3151,3782.8004,3749.9606,3729.9546
102839000,3770.2335,13612800,109063900,10570547800,127308260600,3758.3151,3782.8004,3749.9606,3729.9546
102844000,3770.1827,10678400,101161500,10581226200,127409422100,3758.3151,3782.8004,3749.9606,3729.9546
102849000,3770.4551,11403800,99051900,10592630000,127508474000,3758.3151,3782.8004,3749.9606,3729.9546
102854000,3770.4653,6159200,74593400,10598789200,127583067400,3758.3151,3782.8004,3749.9606,3729.9546
102859000,3770.1919,7516100,81466000,10606305300,127664533400,3758.3151,3782.8004,3749.9606,3729.9546
102904000,3770.1856,11171700,104994800,10617477000,127769528200,3758.3151,3782.8004,3749.9606,3729.9546
102909000,3770.198,8596200,85156000,10626073200,127854684200,3758.3151,3782.8004,3749.9606,3729.9546
102914000,3770.086,9915800,105897300,10635989000,127960581500,3758.3151,3782.8004,3749.9606,3729.9546
102919000,3770.088,9819200,90337300,10645808200,128050918800,3758.3151,3782.8004,3749.9606,3729.9546
102924000,3770.1211,7307400,86071700,10653115600,128136990500,3758.3151,3782.8004,3749.9606,3729.9546
102929000,3769.8575,7467800,77673100,10660583400,128214663600,3758.3151,3782.8004,3749.9606,3729.9546
102934000,3769.8807,9610500,103802700,10670193900,128318466300,3758.3151,3782.8004,3749.9606,3729.9546
102939000,3770.0132,9569500,92411000,10679763400,128410877300,3758.3151,3782.8004,3749.9606,3729.9546
102944000,3769.7989,9668500,102722700,10689431900,128513600000,3758.3151,3782.8004,3749.9606,3729.9546
102949000,3769.9091,8389700,82264000,10697821600,128595864000,3758.3151,3782.8004,3749.9606,3729.9546
102954000,3769.809,8981400,89017400,10706803000,128684881400,3758.3151,3782.8004,3749.9606,3729.9546
102959000,3769.6193,8416700,78834100,10715219700,128763715500,3758.3151,3782.8004,3749.9606,3729.9546
103004000,3769.7842,10575100,103370400,10725794800,128867085900,3758.3151,3782.8004,3749.9606,3729.9546
103009000,3769.7641,7273500,91794800,10733068300,128958880700,3758.3151,3782.8004,3749.9606,3729.9546
103014000,3770.1042,13755500,124900700,10746823800,129083781400,3758.3151,3782.8004,3749.9606,3729.9546
103019000,3770.0516,9452900,82943600,10756276700,129166725000,3758.3151,3782.8004,3749.9606,3729.9546
103024000,3769.8922,9009500,92592700,10765286200,129259317700,3758.3151,3782.8004,3749.9606,3729.9546
103029000,3770.1869,8786400,86199900,10774072600,129345517600,3758.3151,3782.8004,3749.9606,3729.9546
103034000,3769.2746,9903100,115258100,10783975700,129460775700,3758.3151,3782.8004,3749.9606,3729.9546
103039000,3769.5551,7705000,94181600,10791680700,129554957300,3758.3151,3782.8004,3749.9606,3729.9546
103044000,3769.1227,11815200,104179800,10803495900,129659137100,3758.3151,3782.8004,3749.9606,3729.9546
103049000,3768.7741,8737500,83796900,10812233400,129742934000,3758.3151,3782.8004,3749.9606,3729.9546
103054000,3769.0349,8904400,93682700,10821137800,129836616700,3758.3151,3782.8004,3749.9606,3729.9546
103059000,3768.8049,11509800,107221200,10832647600,129943837900,3758.3151,3782.8004,3749.9606,3729.9546
103104000,3768.5335,11699900,133671800,10844347500,130077509700,3758.3151,3782.8004,3749.9606,3729.9546
103109000,3768.5471,9056900,103906800,10853404400,130181416500,3758.3151,3782.8004,3749.9606,3729.9546
103114000,3768.6539,9997800,103066300,10863402200,130284482800,3758.3151,3782.8004,3749.9606,3729.9546
103119000,3768.7179,6658700,70602300,10870060900,130355085100,3758.3151,3782.8004,3749.9606,3729.9546
103124000,3768.5418,8691800,96390800,10878752700,130451475900,3758.3151,3782.8004,3749.9606,3729.9546
103129000,3768.5416,7572700,77146000,10886325400,130528621900,3758.3151,3782.8004,3749.9606,3729.9546
103134000,3768.3872,8819900,95018100,10895145300,130623640000,3758.3151,3782.8004,3749.9606,3729.9546
103139000,3768.6878,8549500,93867900,10903694800,130717507900,3758.3151,3782.8004,3749.9606,3729.9546
103144000,3768.7464,8550200,93875600,10912245000,130811383500,3758.3151,3782.8004,3749.9606,3729.9546
103149000,3768.4955,8334300,88408700,10920579300,130899792200,3758.3151,3782.8004,3749.9606,3729.9546
103154000,3768.6282,6737500,75559100,10927316800,130975351300,3758.3151,3782.8004,3749.9606,3729.9546
103159000,3768.3953,8144200,96708900,10935461000,131072060200,3758.3151,3782.8004,3749.9606,3729.9546
103204000,3768.4404,7785400,85066200,10943246400,131157126400,3758.3151,3782.8004,3749.9606,3729.9546
103209000,3768.4026,6768600,85430900,10950015000,131242557300,3758.3151,3782.8004,3749.9606,3729.9546
103214000,3768.2893,8635900,106475900,10958650900,131349033200,3758.3151,3782.8004,3749.9606,3729.9546
103219000,3768.2699,7709800,87666300,10966360700,131436699500,3758.3151,3782.8004,3749.9606,3729.9546
103224000,3768.4842,6240900,71484600,10972601600,131508184100,3758.3151,3782.8004,3749.9606,3729.9546
103229000,3768.9621,6542100,70163900,10979143700,131578348000,3758.3151,3782.8004,3749.9606,3729.9546
103234000,3769.3401,8664400,106097800,10987808100,131684445800,3758.3151,3782.8004,3749.9606,3729.9546
103239000,3769.553,9489500,113569800,10997297600,131798015600,3758.3151,3782.8004,3749.9606,3729.9546
103244000,3770.1805,8989100,99832600,11006286700,131897848200,3758.3151,3782.8004,3749.9606,3729.9546
103249000,3770.3158,6969100,86175100,11013255800,131984023300,3758.3151,3782.8004,3749.9606,3729.9546
103254000,3771.0703,7830400,93699600,11021086200,132077722900,3758.3151,3782.8004,3749.9606,3729.9546
103259000,3771.005,8681000,88567200,11029767200,132166290100,3758.3151,3782.8004,3749.9606,3729.9546
103304000,3771.4075,11424100,122756300,11041191300,132289046400,3758.3151,3782.8004,3749.9606,3729.9546
103309000,3771.6399,7943900,85312800,11049135200,132374359200,3758.3151,3782.8004,3749.9606,3729.9546
103314000,3771.7143,10692600,98138100,11059827800,132472497300,3758.3151,3782.8004,3749.9606,3729.9546
103319000,3771.3971,7540100,71197700,11067367900,132543695000,3758.3151,3782.8004,3749.9606,3729.9546
103324000,3771.8215,6857200,79100200,11074225100,132622795200,3758.3151,3782.8004,3749.9606,3729.9546
103329000,3771.5717,7975000,79710300,11082200100,132702505500,3758.3151,3782.8004,3749.9606,3729.9546
103334000,3771.7909,8531200,85426700,11090731300,132787932200,3758.3151,3782.8004,3749.9606,3729.9546
103339000,3772.0979,8796500,80426000,11099527800,132868358200,3758.3151,3782.8004,3749.9606,3729.9546
103344000,3772.1715,9723700,85322700,11109251500,132953680900,3758.3151,3782.8004,3749.9606,3729.9546
103349000,3772.3443,6646800,74809000,11115898300,133028489900,3758.3151,3782.8004,3749.9606,3729.9546
103354000,3772.535,7747100,81782800,11123645400,133110272700,3758.3151,3782.8004,3749.9606,3729.9546
103359000,3772.8896,7472700,77328500,11131118100,133187601200,3758.3151,3782.8004,3749.9606,3729.9546
103404000,3772.4942,10927800,104161400,11142045900,133291762600,3758.3151,3782.8004,3749.9606,3729.9546
103409000,3772.993,8387600,80469800,11150433500,133372232400,3758.3151,3782.8004,3749.9606,3729.9546
103414000,3773.1722,10742200,116425100,11161175700,133488657500,3758.3151,3782.8004,3749.9606,3729.9546
103419000,3773.3846,9524500,82173000,11170700200,133570830500,3758.3151,3782.8004,3749.9606,3729.9546
103424000,3773.9023,8339900,78874300,11179040100,133649704800,3758.3151,3782.8004,3749.9606,3729.9546
103429000,3773.8968,8101300,91311100,11187141400,133741015900,3758.3151,3782.8004,3749.9606,3729.9546
103434000,3773.9121,9810900,105706900,11196952300,133846722800,3758.3151,3782.8004,3749.9606,3729.9546
103439000,3774.3486,9245900,94405700,11206198200,133941128500,3758.3151,3782.8004,3749.9606,3729.9546
103444000,3774.3755,11634800,124588800,11217833000,134065717300,3758.3151,3782.8004,3749.9606,3729.9546
103449000,3775.0088,9686900,91167400,11227519900,134156884700,3758.3151,3782.8004,3749.9606,3729.9546
103454000,3774.9094,12888100,123777600,11240408000,134280662300,3758.3151,3782.8004,3749.9606,3729.9546
103459000,3774.9788,9761400,87467500,11250169400,134368129800,3758.3151,3782.8004,3749.9606,3729.9546
103504000,3775.5992,10888500,127587800,11261057900,134495717600,3758.3151,3782.8004,3749.9606,3729.9546
103509000,3775.815,8870300,85848400,11269928200,134581566000,3758.3151,3782.8004,3749.9606,3729.9546
103514000,3775.8089,11419800,114968200,11281348000,134696534200,3758.3151,3782.8004,3749.9606,3729.9546
103519000,3775.807,8954000,95762100,11290302000,134792296300,3758.3151,3782.8004,3749.9606,3729.9546
103524000,3775.632,9161000,101935300,11299463000,134894231600,3758.3151,3782.8004,3749.9606,3729.9546
103529000,3776.1526,10692400,111575400,11310155400,135005807000,3758.3151,3782.8004,3749.9606,3729.9546
103534000,3775.7147,11575400,133292600,11321730800,135139099600,3758.3151,3782.8004,3749.9606,3729.9546
103539000,3776.084,9417300,111524600,11331148100,135250624200,3758.3151,3782.8004,3749.9606,3729.9546
103544000,3776.1552,12641200,133450700,11343789300,135384074900,3758.3151,3782.8004,3749.9606,3729.9546
103549000,3776.2014,8950700,90036800,11352740000,135474111700,3758.3151,3782.8004,3749.9606,3729.9546
103554000,3776.2323,9192800,99452500,11361932800,135573564200,3758.3151,3782.8004,3749.9606,3729.9546
103559000,3776.8238,10329300,96041600,11372262100,135669605800,3758.3151,3782.8004,3749.9606,3729.9546
103604000,3776.8954,9413400,102742700,11381675500,135772348500,3758.3151,3782.8004,3749.9606,3729.9546
103609000,3777.2599,8474500,91389100,11390150000,135863737600,3758.3151,3782.8004,3749.9606,3729.9546
103614000,3777.1783,9591700,101866800,11399741700,135965604400,3758.3151,3782.8004,3749.9606,3729.9546
103619000,3777.1222,9360300,87876400,11409102000,136053480800,3758.3151,3782.8004,3749.9606,3729.9546
103624000,3776.911,9197100,106334300,11418299100,136159815100,3758.3151,3782.8004,3749.9606,3729.9546
103629000,3776.3336,11113700,114402800,11429412800,136274217900,3758.3151,3782.8004,3749.9606,3729.9546
103634000,3775.915,14481100,160990000,11443893900,136435207900,3758.3151,3782.8004,3749.9606,3729.9546
103639000,3775.323,11480800,110829100,11455374700,136546037000,3758.3151,3782.8004,3749.9606,3729.9546
103644000,3775.0865,11159700,136571400,11466534400,136682608400,3758.3151,3782.8004,3749.9606,3729.9546
103649000,3774.9982,9252000,98023700,11475786400,136780632100,3758.3151,3782.8004,3749.9606,3729.9546
103654000,3774.7221,8291000,97182700,11484077400,136877814800,3758.3151,3782.8004,3749.9606,3729.9546
103659000,3774.9283,6441300,67789200,11490518700,136945604000,3758.3151,3782.8004,3749.9606,3729.9546
103704000,3774.3875,10452100,111394600,11500970800,137056998600,3758.3151,3782.8004,3749.9606,3729.9546
103709000,3774.5857,8253100,98032000,11509223900,137155030600,3758.3151,3782.8004,3749.9606,3729.9546
103714000,3774.114,8607700,92198600,11517831600,137247229200,3758.3151,3782.8004,3749.9606,3729.9546
103719000,3774.2592,8015500,76960100,11525847100,137324189300,3758.3151,3782.8004,3749.9606,3729.9546
103724000,3774.1841,6909500,89855700,11532756600,137414045000,3758.3151,3782.8004,3749.9606,3729.9546
103729000,3773.8842,7396700,69844700,11540153300,137483889700,3758.3151,3782.8004,3749.9606,3729.9546
103734000,3774.0968,8610700,92777100,11548764000,137576666800,3758.3151,3782.8004,3749.9606,3729.9546
103739000,3774.0428,6581800,72912200,11555345800,137649579000,3758.3151,3782.8004,3749.9606,3729.9546
103744000,3773.9389,8319900,91625800,11563665700,137741204800,3758.3151,3782.8004,3749.9606,3729.9546
103749000,3773.6248,7938500,78233600,11571604200,137819438400,3758.3151,3782.8004,3749.9606,3729.9546
103754000,3773.3937,9219200,78622000,11580823400,137898060400,3758.3151,3782.8004,3749.9606,3729.9546
103759000,3773.6419,6348400,65485400,11587171800,137963545800,3758.3151,3782.8004,3749.9606,3729.9546
103804000,3773.3953,9144200,94041600,11596316000,138057587400,3758.3151,3782.8004,3749.9606,3729.9546
103809000,3773.4763,7447400,84293700,11603763400,138141881100,3758.3151,3782.8004,3749.9606,3729.9546
103814000,3773.2853,7953000,90114100,11611716400,138231995200,3758.3151,3782.8004,3749.9606,3729.9546
103819000,3773.2515,5870500,68589000,11617586900,138300584200,3758.3151,3782.8004,3749.9606,3729.9546
103824000,3772.8373,8881500,77328100,11626468400,138377912300,3758.3151,3782.8004,3749.9606,3729.9546
103829000,3773.2333,6609400,64367700,11633077800,138442280000,3758.3151,3782.8004,3749.9606,3729.9546
103834000,3772.8451,9388700,92875100,11642466500,138535155100,3758.3151,3782.8004,3749.9606,3729.9546
103839000,3772.9849,6694200,61492300,11649160700,138596647400,3758.3151,3782.8004,3749.9606,3729.9546
103844000,3772.7033,8167000,107771200,11657327700,138704418600,3758.3151,3782.8004,3749.9606,3729.9546
103849000,3772.3628,6271200,74986300,11663598900,138779404900,3758.3151,3782.8004,3749.9606,3729.9546
103854000,3772.5046,6359300,70900400,11669958200,138850305300,3758.3151,3782.8004,3749.9606,3729.9546
103859000,3772.2874,6095000,71867200,11676053200,138922172500,3758.3151,3782.8004,3749.9606,3729.9546
103904000,3772.7411,8491100,100860400,11684544300,139023032900,3758.3151,3782.8004,3749.9606,3729.9546
103909000,3772.6163,6775000,76475300,11691319300,139099508200,3758.3151,3782.8004,3749.9606,3729.9546
103914000,3772.6345,7445200,88567100,11698764500,139188075300,3758.3151,3782.8004,3749.9606,3729.9546
103919000,3772.9509,6526600,61688700,11705291100,139249764000,3758.3151,3782.8004,3749.9606,3729.9546
103924000,3772.7471,6453700,67307400,11711744800,139317071400,3758.3151,3782.8004,3749.9606,3729.9546
103929000,3772.6497,4779900,62333300,11716524700,139379404700,3758.3151,3782.8004,3749.9606,3729.9546
103934000,3772.6721,7520900,91349400,11724045600,139470754100,3758.3151,3782.8004,3749.9606,3729.9546
103939000,3772.7726,7348600,85432200,11731394200,139556186300,3758.3151,3782.8004,3749.9606,3729.9546
103944000,3772.9067,10072600,106245200,11741466800,139662431500,3758.3151,3782.8004,3749.9606,3729.9546
103949000,3772.8256,6271900,72643000,11747738700,139735074500,3758.3151,3782.8004,3749.9606,3729.9546
103954000,3773.4036,6288200,73995000,11754026900,139809069500,3758.3151,3782.8004,3749.9606,3729.9546
103959000,3773.5651,9016300,91801600,11763043200,139900871100,3758.3151,3782.8004,3749.9606,3729.9546
104004000,3773.5135,7610400,88349300,11770653600,139989220400,3758.3151,3782.8004,3749.9606,3729.9546
104009000,3773.9569,9246400,96702200,11779900000,140085922600,3758.3151,3782.8004,3749.9606,3729.9546
104014000,3774.0901,11154400,109803600,11791054400,140195726200,3758.3151,3782.8004,3749.9606,3729.9546
104019000,3774.322,8048100,83532300,11799102500,140279258500,3758.3151,3782.8004,3749.9606,3729.9546
104024000,3774.6727,8206900,82181700,11807309400,140361440200,3758.3151,3782.8004,3749.9606,3729.9546
104029000,3774.7738,7623300,90156100,11814932700,140451596300,3758.3151,3782.8004,3749.9606,3729.9546
104034000,3775.2643,9061200,104872200,11823993900,140556468500,3758.3151,3782.8004,3749.9606,3729.9546
104039000,3774.931,5551200,72484200,11829545100,140628952700,3758.3151,3782.8004,3749.9606,3729.9546
104044000,3775.0772,7765600,83773500,11837310700,140712726200,3758.3151,3782.8004,3749.9606,3729.9546
104049000,3775.0721,9198800,92092000,11846509500,140804818200,3758.3151,3782.8004,3749.9606,3729.9546
104054000,3775.1768,6255000,69775400,11852764500,140874593600,3758.3151,3782.8004,3749.9606,3729.9546
104059000,3775.3893,6713300,77379900,11859477800,140951973500,3758.3151,3782.8004,3749.9606,3729.9546
104104000,3775.6511,9092200,98674300,11868570000,141050647800,3758.3151,3782.8004,3749.9606,3729.9546
104109000,3776.057,6904400,79350400,11875474400,141129998200,3758.3151,3782.8004,3749.9606,3729.9546
104114000,3776.142,10691100,101738900,11886165500,141231737100,3758.3151,3782.8004,3749.9606,3729.9546
104119000,3776.5205,12748500,100532700,11898914000,141332269800,3758.3151,3782.8004,3749.9606,3729.9546
104124000,3777.0534,7279600,78805600,11906193600,141411075400,3758.3151,3782.8004,3749.9606,3729.9546
104129000,3776.9166,8470300,79358700,11914663900,141490434100,3758.3151,3782.8004,3749.9606,3729.9546
104134000,3776.8575,18429500,129473500,11933093400,141619907600,3758.3151,3782.8004,3749.9606,3729.9546
104139000,3777.299,7574300,86168500,11940667700,141706076100,3758.3151,3782.8004,3749.9606,3729.9546
104144000,3777.6472,8928700,101443800,11949596400,141807519900,3758.3151,3782.8004,3749.9606,3729.9546
104149000,3777.9021,8370300,86720900,11957966700,141894240800,3758.3151,3782.8004,3749.9606,3729.9546
104154000,3778.0996,8631300,99313000,11966598000,141993553800,3758.3151,3782.8004,3749.9606,3729.9546
104159000,3778.4911,9237200,94408200,11975835200,142087962000,3758.3151,3782.8004,3749.9606,3729.9546
104204000,3778.799,8622600,109275700,11984457800,142197237700,3758.3151,3782.8004,3749.9606,3729.9546
104209000,3779.1189,11490200,132052500,11995948000,142329290200,3758.3151,3782.8004,3749.9606,3729.9546
104214000,3779.5412,8499800,89431300,12004447800,142418721500,3758.3151,3782.8004,3749.9606,3729.9546
104219000,3779.6066,8038000,80233300,12012485800,142498954800,3758.3151,3782.8004,3749.9606,3729.9546
104224000,3779.7373,7362300,90327900,12019848100,142589282700,3758.3151,3782.8004,3749.9606,3729.9546
104229000,3779.8027,9058800,95037500,12028906900,142684320200,3758.3151,3782.8004,3749.9606,3729.9546
104234000,3779.8746,9999500,109967200,12038906400,142794287400,3758.3151,3782.8004,3749.9606,3729.9546
104239000,3780.4232,8940100,95864000,12047846500,142890151400,3758.3151,3782.8004,3749.9606,3729.9546
104244000,3780.6548,12995500,131696100,12060842000,143021847500,3758.3151,3782.8004,3749.9606,3729.9546
104249000,3780.4671,7599600,78214300,12068441600,143100061800,3758.3151,3782.8004,3749.9606,3729.9546
104254000,3781.0696,9489700,108113300,12077931300,143208175100,3758.3151,3782.8004,3749.9606,3729.9546
104259000,3781.4618,9693600,94435500,12087624900,143302610600,3758.3151,3782.8004,3749.9606,3729.9546
104304000,3781.3434,10626000,108970700,12098250900,143411581300,3758.3151,3782.8004,3749.9606,3729.9546
104309000,3781.7016,9712400,108677800,12107963300,143520259100,3758.3151,3782.8004,3749.9606,3729.9546
104314000,3781.6247,10614300,125750300,12118577600,143646009400,3758.3151,3782.8004,3749.9606,3729.9546
104319000,3782.0175,8066400,77616900,12126644000,143723626300,3758.3151,3782.8004,3749.9606,3729.9546
104324000,3782.1826,8788200,103679800,12135432200,143827306100,3758.3151,3782.8004,3749.9606,3729.9546
104329000,3782.3638,11487800,107477900,12146920000,143934784000,3758.3151,3782.8004,3749.9606,3729.9546
104334000,3782.488,10926900,121501300,12157846900,144056285300,3758.3151,3782.8004,3749.9606,3729.9546
104339000,3782.9462,8416100,97635800,12166263000,144153921100,3758.3151,3782.9462,3749.9606,3729.9546
104344000,3782.76,12537700,120680100,12178800700,144274601200,3758.3151,3782.9462,3749.9606,3729.9546
104349000,3782.6484,11231100,117423300,12190031800,144392024500,3758.3151,3782.9462,3749.9606,3729.9546
104354000,3782.3481,9081100,95842200,12199112900,144487866700,3758.3151,3782.9462,3749.9606,3729.9546
104359000,3782.3558,9829900,110109300,12208942800,144597976000,3758.3151,3782.9462,3749.9606,3729.9546
104404000,3782.0111,10159400,125079300,12219102200,144723055300,3758.3151,3782.9462,3749.9606,3729.9546
104409000,3782.0715,8403400,91115300,12227505600,144814170600,3758.3151,3782.9462,3749.9606,3729.9546
104414000,3781.5526,9434400,112929900,12236940000,144927100500,3758.3151,3782.9462,3749.9606,3729.9546
104419000,3781.5272,7388700,89999800,12244328700,145017100300,3758.3151,3782.9462,3749.9606,3729.9546
104424000,3780.7216,10585300,110671800,12254914000,145127772100,3758.3151,3782.9462,3749.9606,3729.9546
104429000,3780.4268,13526400,135801900,12268440400,145263574000,3758.3151,3782.9462,3749.9606,3729.9546
104434000,3780.0447,10691500,125364000,12279131900,145388938000,3758.3151,3782.9462,3749.9606,3729.9546
104439000,3779.7421,8393000,99396700,12287524900,145488334700,3758.3151,3782.9462,3749.9606,3729.9546
104444000,3779.3843,13047800,136858800,12300572700,145625193500,3758.3151,3782.9462,3749.9606,3729.9546
104449000,3779.099,10734500,115957500,12311307200,145741151000,3758.3151,3782.9462,3749.9606,3729.9546
104454000,3778.8914,8234800,102778900,12319542000,145843929900,3758.3151,3782.9462,3749.9606,3729.9546
104459000,3778.5425,8850800,93443000,12328392800,145937372900,3758.3151,3782.9462,3749.9606,3729.9546
104504000,3778.3846,7773900,104739000,12336166700,146042111900,3758.3151,3782.9462,3749.9606,3729.9546
104509000,3778.4701,7242800,89755600,12343409500,146131867500,3758.3151,3782.9462,3749.9606,3729.9546
104514000,3778.4488,7902300,96448800,12351311800,146228316300,3758.3151,3782.9462,3749.9606,3729.9546
104519000,3778.0199,6382800,80743400,12357694600,146309059700,3758.3151,3782.9462,3749.9606,3729.9546
104524000,3777.907,6518100,69749400,12364212700,146378809100,3758.3151,3782.9462,3749.9606,3729.9546
104529000,3778.3419,7003400,79196900,12371216100,146458006000,3758.3151,3782.9462,3749.9606,3729.9546
104534000,3777.8587,7942200,100302200,12379158300,146558308200,3758.3151,3782.9462,3749.9606,3729.9546
104539000,3777.8226,9506000,90317500,12388664300,146648625700,3758.3151,3782.9462,3749.9606,3729.9546
104544000,3777.6434,7890100,94594700,12396554400,146743220400,3758.3151,3782.9462,3749.9606,3729.9546
104549000,3776.837,6738100,78301200,12403292500,146821521600,3758.3151,3782.9462,3749.9606,3729.9546
104554000,3777.4206,6319300,82980600,12409611800,146904502200,3758.3151,3782.9462,3749.9606,3729.9546
104559000,3777.1257,6580500,67825900,12416192300,146972328100,3758.3151,3782.9462,3749.9606,3729.9546
104604000,3776.8372,8076600,102473200,12424268900,147074801300,3758.3151,3782.9462,3749.9606,3729.9546
104609000,3776.9652,5995900,73300200,12430264800,147148101500,3758.3151,3782.9462,3749.9606,3729.9546
104614000,3776.5239,9165100,108334400,12439429900,147256435900,3758.3151,3782.9462,3749.9606,3729.9546
104619000,3776.7253,6253000,68359600,12445682900,147324795500,3758.3151,3782.9462,3749.9606,3729.9546
104624000,3776.3866,6561400,81248200,12452244300,147406043700,3758.3151,3782.9462,3749.9606,3729.9546
104629000,3776.8909,5780800,76852700,12458025100,147482896400,3758.3151,3782.9462,3749.9606,3729.9546
104634000,3776.3361,5873100,70469600,12463898200,147553366000,3758.3151,3782.9462,3749.9606,3729.9546
104639000,3776.3771,6126100,70924100,12470024300,147624290100,3758.3151,3782.9462,3749.9606,3729.9546
104644000,3776.5235,5699100,69706100,12475723400,147693996200,3758.3151,3782.9462,3749.9606,3729.9546
104649000,3776.4336,5464100,64212700,12481187500,147758208900,3758.3151,3782.9462,3749.9606,3729.9546
104654000,3776.3112,7638900,81529400,12488826400,147839738300,3758.3151,3782.9462,3749.9606,3729.9546
104659000,3776.3155,6558700,63524600,12495385100,147903262900,3758.3151,3782.9462,3749.9606,3729.9546
104704000,3776.4647,6760900,88348700,12502146000,147991611600,3758.3151,3782.9462,3749.9606,3729.9546
104709000,3776.1409,5304500,58146000,12507450500,148049757600,3758.3151,3782.9462,3749.9606,3729.9546
104714000,3776.2111,5627900,75799700,12513078400,148125557300,3758.3151,3782.9462,3749.9606,3729.9546
104719000,3776.3576,4700800,61860200,12517779200,148187417500,3758.3151,3782.9462,3749.9606,3729.9546
104724000,3776.3531,4548600,61387800,12522327800,148248805300,3758.3151,3782.9462,3749.9606,3729.9546
104729000,3776.2018,5469700,62657000,12527797500,148311462300,3758.3151,3782.9462,3749.9606,3729.9546
104734000,3776.5628,7110700,99062300,12534908200,148410524600,3758.3151,3782.9462,3749.9606,3729.9546
104739000,3776.4374,5901900,71153900,12540810100,148481678500,3758.3151,3782.9462,3749.9606,3729.9546
104744000,3776.0299,7365300,85184000,12548175400,148566862500,3758.3151,3782.9462,3749.9606,3729.9546
104749000,3776.3048,6656400,82827800,12554831800,148649690300,3758.3151,3782.9462,3749.9606,3729.9546
104754000,3775.902,8321500,95867600,12563153300,148745557900,3758.3151,3782.9462,3749.9606,3729.9546
104759000,3776.5062,5650000,76141800,12568803300,148821699700,3758.3151,3782.9462,3749.9606,3729.9546
104804000,3776.1476,6923800,88480500,12575727100,148910180200,3758.3151,3782.9462,3749.9606,3729.9546
104809000,3776.2899,7211600,78874600,12582938700,148989054800,3758.3151,3782.9462,3749.9606,3729.9546
104814000,3776.2383,6944500,74084600,12589883200,149063139400,3758.3151,3782.9462,3749.9606,3729.9546
104819000,3776.127,8119000,87222600,12598002200,149150362000,3758.3151,3782.9462,3749.9606,3729.9546
104824000,3775.3265,7372200,82394900,12605374400,149232756900,3758.3151,3782.9462,3749.9606,3729.9546
104829000,3774.6161,10289700,96652200,12615664100,149329409100,3758.3151,3782.9462,3749.9606,3729.9546
104834000,3774.2383,11064700,123081400,12626728800,149452490500,3758.3151,3782.9462,3749.9606,3729.9546
104839000,3774.0702,7627900,88630900,12634356700,149541121400,3758.3151,3782.9462,3749.9606,3729.9546
104844000,3773.8738,11215400,126291200,12645572100,149667412600,3758.3151,3782.9462,3749.9606,3729.9546
104849000,3773.0811,7895700,98943000,12653467800,149766355600,3758.3151,3782.9462,3749.9606,3729.9546
104854000,3772.5295,9787100,114589300,12663254900,149880944900,3758.3151,3782.9462,3749.9606,3729.9546
104859000,3772.2256,10623400,93707900,12673878300,149974652800,3758.3151,3782.9462,3749.9606,3729.9546
104904000,3771.9017,7205200,108642800,12681083500,150083295600,3758.3151,3782.9462,3749.9606,3729.9546
104909000,3772.1907,6871200,92690500,12687954700,150175986100,3758.3151,3782.9462,3749.9606,3729.9546
104914000,3771.5508,6725600,76367800,12694680300,150252353900,3758.3151,3782.9462,3749.9606,3729.9546
104919000,3771.7011,6443000,69572100,12701123300,150321926000,3758.3151,3782.9462,3749.9606,3729.9546
104924000,3771.4541,7600900,76690500,12708724200,150398616500,3758.3151,3782.9462,3749.9606,3729.9546
104929000,3771.3328,7059500,75691300,12715783700,150474307800,3758.3151,3782.9462,3749.9606,3729.9546
104934000,3771.1573,7553100,83260400,12723336800,150557568200,3758.3151,3782.9462,3749.9606,3729.9546
104939000,3771.2084,5675500,79913900,12729012300,150637482100,3758.3151,3782.9462,3749.9606,3729.9546
104944000,3770.6867,7832800,90938900,12736845100,150728421000,3758.3151,3782.9462,3749.9606,3729.9546
104949000,3771.1944,6869600,70728500,12743714700,150799149500,3758.3151,3782.9462,3749.9606,3729.9546
104954000,3771.2812,6971700,72415700,12750686400,150871565200,3758.3151,3782.9462,3749.9606,3729.9546
104959000,3770.9316,7390200,71994600,12758076600,150943559800,3758.3151,3782.9462,3749.9606,3729.9546
105004000,3770.8473,9286100,105568700,12767362700,151049128500,3758.3151,3782.9462,3749.9606,3729.9546
105009000,3771.0855,7137300,79079200,12774500000,151128207700,3758.3151,3782.9462,3749.9606,3729.9546
105014000,3770.8711,6074800,68063300,12780574800,151196271000,3758.3151,3782.9462,3749.9606,3729.9546
105019000,3770.9362,7095200,74540500,12787670000,151270811500,3758.3151,3782.9462,3749.9606,3729.9546
105024000,3771.3772,5572600,73117600,12793242600,151343929100,3758.3151,3782.9462,3749.9606,3729.9546
105029000,3770.8475,7137300,64719600,12800379900,151408648700,3758.3151,3782.9462,3749.9606,3729.9546
105034000,3771.0397,6620700,79229700,12807000600,151487878400,3758.3151,3782.9462,3749.9606,3729.9546
105039000,3770.913,5045200,60111800,12812045800,151547990200,3758.3151,3782.9462,3749.9606,3729.9546
105044000,3770.6477,6498800,71260900,12818544600,151619251100,3758.3151,3782.9462,3749.9606,3729.9546
105049000,3771.1495,5869700,61210100,12824414300,151680461200,3758.3151,3782.9462,3749.9606,3729.9546
105054000,3770.8764,6201600,63289200,12830615900,151743750400,3758.3151,3782.9462,3749.9606,3729.9546
105059000,3770.5373,6023600,56632600,12836639500,151800383000,3758.3151,3782.9462,3749.9606,3729.9546
105104000,3771.0425,9110700,87836400,12845750200,151888219400,3758.3151,3782.9462,3749.9606,3729.9546
105109000,3771.2785,5175300,55931500,12850925500,151944150900,3758.3151,3782.9462,3749.9606,3729.9546
105114000,3771.5325,9937000,85667000,12860862500,152029817900,3758.3151,3782.9462,3749.9606,3729.9546
105119000,3771.4673,8362400,72240200,12869224900,152102058100,3758.3151,3782.9462,3749.9606,3729.9546
105124000,3771.6157,5497800,67122800,12874722700,152169180900,3758.3151,3782.9462,3749.9606,3729.9546
105129000,3771.7841,5608200,53077800,12880330900,152222258700,3758.3151,3782.9462,3749.9606,3729.9546
105134000,3771.9698,6693500,75551400,12887024400,152297810100,3758.3151,3782.9462,3749.9606,3729.9546
105139000,3771.8936,5146900,58702900,12892171300,152356513000,3758.3151,3782.9462,3749.9606,3729.9546
105144000,3771.6127,5659900,61647500,12897831200,152418160500,3758.3151,3782.9462,3749.9606,3729.9546
105149000,3771.6752,5422400,52984400,12903253600,152471144900,3758.3151,3782.9462,3749.9606,3729.9546
105154000,3772.001,4799200,61409400,12908052800,152532554300,3758.3151,3782.9462,3749.9606,3729.9546
105159000,3772.0559,5291800,54547800,12913344600,152587102100,3758.3151,3782.9462,3749.9606,3729.9546
105204000,3772.1672,6635600,74023000,12919980200,152661125100,3758.3151,3782.9462,3749.9606,3729.9546
105209000,3771.9146,4299300,45724300,12924279500,152706849400,3758.3151,3782.9462,3749.9606,3729.9546
105214000,3772.4207,6423900,63275300,12930703400,152770124700,3758.3151,3782.9462,3749.9606,3729.9546
105219000,3772.3343,4705100,54616500,12935408500,152824741200,3758.3151,3782.9462,3749.9606,3729.9546
105224000,3771.9839,4622400,51458800,12940030900,152876200000,3758.3151,3782.9462,3749.9606,3729.9546
105229000,3771.9699,5526400,52956200,12945557300,152929156200,3758.3151,3782.9462,3749.9606,3729.9546
105234000,3772.0313,5833400,73422200,12951390700,153002578400,3758.3151,3782.9462,3749.9606,3729.9546
105239000,3771.8873,5350800,74530900,12956741500,153077109300,3758.3151,3782.9462,3749.9606,3729.9546
105244000,3772.2699,8528900,85432800,12965270400,153162542100,3758.3151,3782.9462,3749.9606,3729.9546
105249000,3771.9975,5727600,56674700,12970998000,153219216800,3758.3151,3782.9462,3749.9606,3729.9546
105254000,3772.2443,8494100,76985400,12979492100,153296202200,3758.3151,3782.9462,3749.9606,3729.9546
105259000,3772.3949,6380000,72360800,12985872100,153368563000,3758.3151,3782.9462,3749.9606,3729.9546
105304000,3772.2966,8728900,83530600,12994601000,153452093600,3758.3151,3782.9462,3749.9606,3729.9546
105309000,3772.326,4783300,54278500,12999384300,153506372100,3758.3151,3782.9462,3749.9606,3729.9546
105314000,3772.2154,7680600,85389800,13007064900,153591761900,3758.3151,3782.9462,3749.9606,3729.9546
105319000,3772.4392,6354900,69371000,13013419800,153661132900,3758.3151,3782.9462,3749.9606,3729.9546
105324000,3772.6171,5638200,88498200,13019058000,153749631100,3758.3151,3782.9462,3749.9606,3729.9546
105329000,3772.6546,5231600,63796200,13024289600,153813427300,3758.3151,3782.9462,3749.9606,3729.9546
105334000,3772.5655,6863300,81079700,13031152900,153894507000,3758.3151,3782.9462,3749.9606,3729.9546
105339000,3772.6856,4568300,56714400,13035721200,153951221400,3758.3151,3782.9462,3749.9606,3729.9546
105344000,3772.5547,6682400,71557900,13042403600,154022779300,3758.3151,3782.9462,3749.9606,3729.9546
105349000,3772.7004,7534100,72347400,13049937700,154095126700,3758.3151,3782.9462,3749.9606,3729.9546
105354000,3773.2879,6634800,73586500,13056572500,154168713200,3758.3151,3782.9462,3749.9606,3729.9546
105359000,3773.2675,4136200,51927800,13060708700,154220641000,3758.3151,3782.9462,3749.9606,3729.9546
105404000,3773.2909,6976500,74134600,13067685200,154294775600,3758.3151,3782.9462,3749.9606,3729.9546
105409000,3773.4853,5507200,70809100,13073192400,154365584700,3758.3151,3782.9462,3749.9606,3729.9546
105414000,3773.6646,4882200,57189700,13078074600,154422774400,3758.3151,3782.9462,3749.9606,3729.9546
105419000,3773.315,4886100,52679400,13082960700,154475453800,3758.3151,3782.9462,3749.9606,3729.9546
105424000,3773.5939,5861400,64851000,13088822100,154540304800,3758.3151,3782.9462,3749.9606,3729.9546
105429000,3773.5915,4383500,59268400,13093205600,154599573200,3758.3151,3782.9462,3749.9606,3729.9546
105434000,3773.9913,5902400,71281700,13099108000,154670854900,3758.3151,3782.9462,3749.9606,3729.9546
105439000,3773.7375,4427100,51614300,13103535100,154722469200,3758.3151,3782.9462,3749.9606,3729.9546
105444000,3773.6439,7163700,78643400,13110698800,154801112600,3758.3151,3782.9462,3749.9606,3729.9546
105449000,3773.6181,4010400,51688900,13114709200,154852801500,3758.3151,3782.9462,3749.9606,3729.9546
105454000,3773.5898,5889700,72452600,13120598900,154925254100,3758.3151,3782.9462,3749.9606,3729.9546
105459000,3773.7558,3523200,42936900,13124122100,154968191000,3758.3151,3782.9462,3749.9606,3729.9546
105504000,3773.854,6535200,75175100,13130657300,155043366100,3758.3151,3782.9462,3749.9606,3729.9546
105509000,3773.9809,4325200,58637700,13134982500,155102003800,3758.3151,3782.9462,3749.9606,3729.9546
105514000,3773.7228,6313700,68538600,13141296200,155170542400,3758.3151,3782.9462,3749.9606,3729.9546
105519000,3774.0382,5418000,57672300,13146714200,155228214700,3758.3151,3782.9462,3749.9606,3729.9546
105524000,3774.393,8313500,89283100,13155027700,155317497800,3758.3151,3782.9462,3749.9606,3729.9546
105529000,3773.9715,5905300,58473900,13160933000,155375971700,3758.3151,3782.9462,3749.9606,3729.9546
105534000,3773.9809,6551800,59774700,13167484800,155435746400,3758.3151,3782.9462,3749.9606,3729.9546
105539000,3773.9735,5633500,56787200,13173118300,155492533600,3758.3151,3782.9462,3749.9606,3729.9546
105544000,3774.2453,6586900,70857100,13179705200,155563390700,3758.3151,3782.9462,3749.9606,3729.9546
105549000,3774.1027,5187600,51966700,13184892800,155615357400,3758.3151,3782.9462,3749.9606,3729.9546
105554000,3774.1454,5567400,59013400,13190460200,155674370800,3758.3151,3782.9462,3749.9606,3729.9546
105559000,3774.0757,5066900,56147300,13195527100,155730518100,3758.3151,3782.9462,3749.9606,3729.9546
105604000,3774.12,5930700,68641800,13201457800,155799159900,3758.3151,3782.9462,3749.9606,3729.9546
105609000,3774.0599,5649100,58731000,13207106900,155857890900,3758.3151,3782.9462,3749.9606,3729.9546
105614000,3774.1549,8129200,79208400,13215236100,155937099300,3758.3151,3782.9462,3749.9606,3729.9546
105619000,3774.1984,4980700,47617700,13220216800,155984717000,3758.3151,3782.9462,3749.9606,3729.9546
105624000,3773.9295,5204000,64983600,13225420800,156049700600,3758.3151,3782.9462,3749.9606,3729.9546
105629000,3773.6877,5449900,55825400,13230870700,156105526000,3758.3151,3782.9462,3749.9606,3729.9546
105634000,3773.6519,6595400,73699400,13237466100,156179225400,3758.3151,3782.9462,3749.9606,3729.9546
105639000,3773.6977,4921300,58412100,13242387400,156237637500,3758.3151,3782.9462,3749.9606,3729.9546
105644000,3773.5829,5879700,74550200,13248267100,156312187700,3758.3151,3782.9462,3749.9606,3729.9546
105649000,3773.9732,4442100,59384400,13252709200,156371572100,3758.3151,3782.9462,3749.9606,3729.9546
105654000,3773.7937,5193300,66311500,13257902500,156437883600,3758.3151,3782.9462,3749.9606,3729.9546
105659000,3773.724,4697000,57656600,13262599500,156495540200,3758.3151,3782.9462,3749.9606,3729.9546
105704000,3773.5143,5798200,64612300,13268397700,156560152500,3758.3151,3782.9462,3749.9606,3729.9546
105709000,3773.039,4050300,60447500,13272448000,156620600000,3758.3151,3782.9462,3749.9606,3729.9546
105714000,3773.0341,5483000,71535000,13277931000,156692135000,3758.3151,3782.9462,3749.9606,3729.9546
105719000,3773.1229,4208700,53985300,13282139700,156746120300,3758.3151,3782.9462,3749.9606,3729.9546
105724000,3772.7986,6037400,73090500,13288177100,156819210800,3758.3151,3782.9462,3749.9606,3729.9546
105729000,3772.6209,5969300,54276400,13294146400,156873487200,3758.3151,3782.9462,3749.9606,3729.9546
105734000,3772.4183,8339000,88569500,13302485400,156962056700,3758.3151,3782.9462,3749.9606,3729.9546
105739000,3772.6073,5860100,66856100,13308345500,157028912800,3758.3151,3782.9462,3749.9606,3729.9546
105744000,3772.2717,7431900,86957700,13315777400,157115870500,3758.3151,3782.9462,3749.9606,3729.9546
105749000,3772.2787,6033500,88314800,13321810900,157204185300,3758.3151,3782.9462,3749.9606,3729.9546
105754000,3771.8219,5383300,69659800,13327194200,157273845100,3758.3151,3782.9462,3749.9606,3729.9546
105759000,3771.3037,6547300,70561600,13333741500,157344406700,3758.3151,3782.9462,3749.9606,3729.9546
105804000,3770.8712,10077800,105110700,13343819300,157449517400,3758.3151,3782.9462,3749.9606,3729.9546
105809000,3771.1562,5192200,63056300,13349011500,157512573700,3758.3151,3782.9462,3749.9606,3729.9546
105814000,3771.2457,13587800,107244300,13362599300,157619818000,3758.3151,3782.9462,3749.9606,3729.9546
105819000,3770.9648,9208200,81707000,13371807500,157701525000,3758.3151,3782.9462,3749.9606,3729.9546
105824000,3770.7347,7956200,73946100,13379763700,157775471100,3758.3151,3782.9462,3749.9606,3729.9546
105829000,3770.5259,6195800,63742500,13385959500,157839213600,3758.3151,3782.9462,3749.9606,3729.9546
105834000,3770.03,6712100,82424600,13392671600,157921638200,3758.3151,3782.9462,3749.9606,3729.9546
105839000,3770.1478,6571000,70629900,13399242600,157992268100,3758.3151,3782.9462,3749.9606,3729.9546
105844000,3769.7179,8717500,96682600,13407960100,158088950700,3758.3151,3782.9462,3749.9606,3729.9546
105849000,3769.8306,5293800,61793200,13413253900,158150743900,3758.3151,3782.9462,3749.9606,3729.9546
105854000,3769.5164,8740100,73420100,13421994000,158224164000,3758.3151,3782.9462,3749.9606,3729.9546
105859000,3769.4711,6154400,62773500,13428148400,158286937500,3758.3151,3782.9462,3749.9606,3729.9546
105904000,3769.0123,7889100,90715600,13436037500,158377653100,3758.3151,3782.9462,3749.9606,3729.9546
105909000,3769.1235,6346500,74862400,13442384000,158452515500,3758.3151,3782.9462,3749.9606,3729.9546
105914000,3768.891,9565400,111142800,13451949400,158563658300,3758.3151,3782.9462,3749.9606,3729.9546
105919000,3769.1217,5432700,57108700,13457382100,158620767000,3758.3151,3782.9462,3749.9606,3729.9546
105924000,3768.8972,5920900,70095700,13463303000,158690862700,3758.3151,3782.9462,3749.9606,3729.9546
105929000,3768.794,6239700,67800800,13469542700,158758663500,3758.3151,3782.9462,3749.9606,3729.9546
105934000,3768.689,7289900,79813600,13476832600,158838477100,3758.3151,3782.9462,3749.9606,3729.9546
105939000,3768.6072,6682300,70016400,13483514900,158908493500,3758.3151,3782.9462,3749.9606,3729.9546
105944000,3768.7618,6484000,75036100,13489998900,158983529600,3758.3151,3782.9462,3749.9606,3729.9546
105949000,3768.9372,6350300,78478000,13496349200,159062007600,3758.3151,3782.9462,3749.9606,3729.9546
105954000,3769.0439,5863900,75812500,13502213100,159137820100,3758.3151,3782.9462,3749.9606,3729.9546
105959000,3769.1863,5585100,62346200,13507798200,159200166300,3758.3151,3782.9462,3749.9606,3729.9546
110004000,3769.4628,7079700,87359200,13514877900,159287525500,3758.3151,3782.9462,3749.9606,3729.9546
110009000,3769.6743,7378800,78390400,13522256700,159365915900,3758.3151,3782.9462,3749.9606,3729.9546
110014000,3769.7075,7719200,92651400,13529975900,159458567300,3758.3151,3782.9462,3749.9606,3729.9546
110019000,3770.1612,5720900,67545300,13535696800,159526112600,3758.3151,3782.9462,3749.9606,3729.9546
110024000,3771.3459,7205500,117942600,13542902300,159644055200,3758.3151,3782.9462,3749.9606,3729.9546
110029000,3772.194,8601300,129370200,13551503600,159773425400,3758.3151,3782.9462,3749.9606,3729.9546
110034000,3773.4879,11223300,149429600,13562726900,159922855000,3758.3151,3782.9462,3749.9606,3729.9546
110039000,3773.981,6965300,100029800,13569692200,160022884800,3758.3151,3782.9462,3749.9606,3729.9546
110044000,3774.5618,10280600,115717000,13579972800,160138601800,3758.3151,3782.9462,3749.9606,3729.9546
110049000,3775.0247,5185000,68872200,13585157800,160207474000,3758.3151,3782.9462,3749.9606,3729.9546
110054000,3775.4704,5931200,91039800,13591089000,160298513800,3758.3151,3782.9462,3749.9606,3729.9546
110059000,3775.9027,5555000,75144800,13596644000,160373658600,3758.3151,3782.9462,3749.9606,3729.9546
110104000,3776.4088,7652000,106829500,13604296000,160480488100,3758.3151,3782.9462,3749.9606,3729.9546
110109000,3776.7049,6031500,87680900,13610327500,160568169000,3758.3151,3782.9462,3749.9606,3729.9546
110114000,3776.131,7249900,79583900,13617577400,160647752900,3758.3151,3782.9462,3749.9606,3729.9546
110119000,3776.4094,4564600,59489400,13622142000,160707242300,3758.3151,3782.9462,3749.9606,3729.9546
110124000,3776.2862,4702400,62173400,13626844400,160769415700,3758.3151,3782.9462,3749.9606,3729.9546
110129000,3776.1309,5217700,58168100,13632062100,160827583800,3758.3151,3782.9462,3749.9606,3729.9546
110134000,3776.3801,5574500,80500500,13637636600,160908084300,3758.3151,3782.9462,3749.9606,3729.9546
110139000,3776.63,4511300,55252500,13642147900,160963336800,3758.3151,3782.9462,3749.9606,3729.9546
110144000,3776.195,5542900,75806400,13647690800,161039143200,3758.3151,3782.9462,3749.9606,3729.9546
110149000,3776.1369,5744400,74560100,13653435200,161113703300,3758.3151,3782.9462,3749.9606,3729.9546
110154000,3776.2325,4985200,64449200,13658420400,161178152500,3758.3151,3782.9462,3749.9606,3729.9546
110159000,3776.4038,4673300,60953800,13663093700,161239106300,3758.3151,3782.9462,3749.9606,3729.9546
110204000,3776.567,7473800,75452800,13670567500,161314559100,3758.3151,3782.9462,3749.9606,3729.9546
110209000,3776.687,5234900,58718300,13675802400,161373277400,3758.3151,3782.9462,3749.9606,3729.9546
110214000,3776.7657,5793600,63159300,13681596000,161436436700,3758.3151,3782.9462,3749.9606,3729.9546
110219000,3776.7739,5339200,54948000,13686935200,161491384700,3758.3151,3782.9462,3749.9606,3729.9546
110224000,3776.5588,5022700,64159900,13691957900,161555544600,3758.3151,3782.9462,3749.9606,3729.9546
110229000,3776.3209,6997700,77523300,13698955600,161633067900,3758.3151,3782.9462,3749.9606,3729.9546
110234000,3775.9668,5638800,68685300,13704594400,161701753200,3758.3151,3782.9462,3749.9606,3729.9546
110239000,3776.6072,4114000,54345400,13708708400,161756098600,3758.3151,3782.9462,3749.9606,3729.9546
110244000,3776.2697,6339900,80034800,13715048300,161836133400,3758.3151,3782.9462,3749.9606,3729.9546
110249000,3776.6027,4522700,51461800,13719571000,161887595200,3758.3151,3782.9462,3749.9606,3729.9546
110254000,3775.9059,4918700,56077100,13724489700,161943672300,3758.3151,3782.9462,3749.9606,3729.9546
110259000,3776.1317,5346300,60627700,13729836000,162004300000,3758.3151,3782.9462,3749.9606,3729.9546
110304000,3776.2885,4766600,63996200,13734602600,162068296200,3758.3151,3782.9462,3749.9606,3729.9546
110309000,3776.4634,4450500,64712200,13739053100,162133008400,3758.3151,3782.9462,3749.9606,3729.9546
110314000,3776.0545,6001100,73231100,13745054200,162206239500,3758.3151,3782.9462,3749.9606,3729.9546
110319000,3776.1884,3712000,40141100,13748766200,162246380600,3758.3151,3782.9462,3749.9606,3729.9546
110324000,3776.3665,4936000,58837200,13753702200,162305217800,3758.3151,3782.9462,3749.9606,3729.9546
110329000,3776.3857,3128700,44468900,13756830900,162349686700,3758.3151,3782.9462,3749.9606,3729.9546
110334000,3776.6449,5429700,62560000,13762260600,162412246700,3758.3151,3782.9462,3749.9606,3729.9546
110339000,3776.8321,4923800,56561500,13767184400,162468808200,3758.3151,3782.9462,3749.9606,3729.9546
110344000,3776.6509,7098400,94973900,13774282800,162563782100,3758.3151,3782.9462,3749.9606,3729.9546
110349000,3776.7467,4621700,55109900,13778904500,162618892000,3758.3151,3782.9462,3749.9606,3729.9546
110354000,3776.9817,4760900,61664000,13783665400,162680556000,3758.3151,3782.9462,3749.9606,3729.9546
110359000,3776.9311,4112400,50046000,13787777800,162730602000,3758.3151,3782.9462,3749.9606,3729.9546
110404000,3777.0548,4446700,60368100,13792224500,162790970100,3758.3151,3782.9462,3749.9606,3729.9546
110409000,3777.3166,5386300,67322600,13797610800,162858292700,3758.3151,3782.9462,3749.9606,3729.9546
110414000,3777.1917,6221000,84008900,13803831800,162942301600,3758.3151,3782.9462,3749.9606,3729.9546
110419000,3777.4252,3938100,59681500,13807769900,163001983100,3758.3151,3782.9462,3749.9606,3729.9546
110424000,3777.8183,7278100,100762300,13815048000,163102745400,3758.3151,3782.9462,3749.9606,3729.9546
110429000,3777.7619,4165600,48085000,13819213600,163150830400,3758.3151,3782.9462,3749.9606,3729.9546
110434000,3777.8194,4991400,72346500,13824205000,163223176900,3758.3151,3782.9462,3749.9606,3729.9546
110439000,3777.9397,4490400,63797300,13828695400,163286974200,3758.3151,3782.9462,3749.9606,3729.9546
110444000,3777.8625,6955500,86131900,13835650900,163373106100,3758.3151,3782.9462,3749.9606,3729.9546
110449000,3778.1004,3604300,50698100,13839255200,163423804200,3758.3151,3782.9462,3749.9606,3729.9546
110454000,3778.1509,4643300,63037000,13843898500,163486841200,3758.3151,3782.9462,3749.9606,3729.9546
110459000,3778.3113,5252100,69756100,13849150600,163556597300,3758.3151,3782.9462,3749.9606,3729.9546
110504000,3778.7747,8066200,93680800,13857216800,163650278100,3758.3151,3782.9462,3749.9606,3729.9546
110509000,3778.518,5667400,68952100,13862884200,163719230200,3758.3151,3782.9462,3749.9606,3729.9546
110514000,3778.2078,5210800,71629000,13868095000,163790859200,3758.3151,3782.9462,3749.9606,3729.9546
110519000,3778.6609,10781100,90866300,13878876100,163881725500,3758.3151,3782.9462,3749.9606,3729.9546
110524000,3778.2061,6212400,66121000,13885088500,163947846500,3758.3151,3782.9462,3749.9606,3729.9546
110529000,3778.5808,4860600,63234600,13889949100,164011081100,3758.3151,3782.9462,3749.9606,3729.9546
110534000,3778.7056,8222900,79396100,13898172000,164090477200,3758.3151,3782.9462,3749.9606,3729.9546
110539000,3778.7519,12879000,112009600,13911051000,164202486800,3758.3151,3782.9462,3749.9606,3729.9546
110544000,3778.5334,9600900,82677600,13920651900,164285164400,3758.3151,3782.9462,3749.9606,3729.9546
110549000,3778.8343,6071200,58354200,13926723100,164343518600,3758.3151,3782.9462,3749.9606,3729.9546
110554000,3779.203,6611200,69457800,13933334300,164412976400,3758.3151,3782.9462,3749.9606,3729.9546
110559000,3778.7093,6544800,78236600,13939879100,164491213000,3758.3151,3782.9462,3749.9606,3729.9546
110604000,3779.2403,6785200,77306300,13946664300,164568519300,3758.3151,3782.9462,3749.9606,3729.9546
110609000,3779.5732,11165800,103784300,13957830100,164672303600,3758.3151,3782.9462,3749.9606,3729.9546
110614000,3779.6971,9270400,94511800,13967100500,164766815400,3758.3151,3782.9462,3749.9606,3729.9546
110619000,3779.7378,5758500,60952300,13972859000,164827767700,3758.3151,3782.9462,3749.9606,3729.9546
110624000,3779.6525,7603100,83328400,13980462100,164911096100,3758.3151,3782.9462,3749.9606,3729.9546
110629000,3780.1102,6838100,78891500,13987300200,164989987600,3758.3151,3782.9462,3749.9606,3729.9546
110634000,3779.9608,10383200,99373900,13997683400,165089361500,3758.3151,3782.9462,3749.9606,3729.9546
110639000,3780.6156,7970200,97517000,14005653600,165186878500,3758.3151,3782.9462,3749.9606,3729.9546
110644000,3780.013,8801200,102659200,14014454800,165289537700,3758.3151,3782.9462,3749.9606,3729.9546
110649000,3780.6528,5442600,58290700,14019897400,165347828400,3758.3151,3782.9462,3749.9606,3729.9546
110654000,3781.0885,7607400,76368700,14027504800,165424197100,3758.3151,3782.9462,3749.9606,3729.9546
110659000,3781.0957,8434700,83410000,14035939500,165507607100,3758.3151,3782.9462,3749.9606,3729.9546
110704000,3781.5372,5686600,72842100,14041626100,165580449200,3758.3151,3782.9462,3749.9606,3729.9546
110709000,3781.5746,5277900,70078600,14046904000,165650527800,3758.3151,3782.9462,3749.9606,3729.9546
110714000,3781.4316,8152600,92495200,14055056600,165743023000,3758.3151,3782.9462,3749.9606,3729.9546
110719000,3781.7511,4241900,58383600,14059298500,165801406600,3758.3151,3782.9462,3749.9606,3729.9546
110724000,3781.8475,6851200,75147100,14066149700,165876553700,3758.3151,3782.9462,3749.9606,3729.9546
110729000,3781.9917,6587000,75979900,14072736700,165952533600,3758.3151,3782.9462,3749.9606,3729.9546
110734000,3782.0458,7983100,90629400,14080719800,166043163000,3758.3151,3782.9462,3749.9606,3729.9546
110739000,3782.5044,6835800,75517700,14087555600,166118680700,3758.3151,3782.9462,3749.9606,3729.9546
110744000,3782.0195,7828700,81398500,14095384300,166200079200,3758.3151,3782.9462,3749.9606,3729.9546
110749000,3782.5898,4897600,56631400,14100281900,166256710600,3758.3151,3782.9462,3749.9606,3729.9546
110754000,3782.5253,7318000,75461100,14107599900,166332171700,3758.3151,3782.9462,3749.9606,3729.9546
110759000,3782.7156,6273900,61530100,14113873800,166393701800,3758.3151,3783.0588,3749.9606,3729.9546
110804000,3783.2952,8200400,111880300,14122074200,166505582100,3758.3151,3783.2952,3749.9606,3729.9546
110809000,3783.0934,6113100,74062500,14128187300,166579644600,3758.3151,3783.2952,3749.9606,3729.9546
110814000,3783.237,7297300,76688500,14135484600,166656333100,3758.3151,3783.4653,3749.9606,3729.9546
110819000,3783.1196,5084700,54049200,14140569300,166710382300,3758.3151,3783.4653,3749.9606,3729.9546
110824000,3783.4178,6900500,80919400,14147469800,166791301700,3758.3151,3783.6187,3749.9606,3729.9546
110829000,3783.1855,7130000,70732100,14154599800,166862033800,3758.3151,3783.6187,3749.9606,3729.9546
110834000,3783.1956,6259500,77010500,14160859300,166939044300,3758.3151,3783.6187,3749.9606,3729.9546
110839000,3783.4311,10211600,95452800,14171070900,167034497100,3758.3151,3783.6187,3749.9606,3729.9546
110844000,3783.2717,10689100,104677400,14181760000,167139174500,3758.3151,3783.6187,3749.9606,3729.9546
110849000,3783.2885,6436900,72949600,14188196900,167212124100,3758.3151,3783.6187,3749.9606,3729.9546
110854000,3783.2786,8151500,88391300,14196348400,167300515400,3758.3151,3783.6187,3749.9606,3729.9546
110859000,3783.3866,7312200,76295600,14203660600,167376811000,3758.3151,3783.6187,3749.9606,3729.9546
110904000,3783.5979,6068000,76722200,14209728600,167453533200,3758.3151,3783.6218,3749.9606,3729.9546
110909000,3783.6915,6168400,80578700,14215897000,167534111900,3758.3151,3783.6915,3749.9606,3729.9546
110914000,3783.5419,6669000,83847700,14222566000,167617959600,3758.3151,3783.6915,3749.9606,3729.9546
110919000,3783.3091,3662700,48200400,14226228700,167666160000,3758.3151,3783.6915,3749.9606,3729.9546
110924000,3783.7477,5283500,58829200,14231512200,167724989200,3758.3151,3783.7477,3749.9606,3729.9546
110929000,3783.2613,5502800,65367600,14237015000,167790356800,3758.3151,3783.7477,3749.9606,3729.9546
110934000,3783.1536,5640300,84447000,14242655300,167874803800,3758.3151,3783.7477,3749.9606,3729.9546
110939000,3783.0096,5052900,59024000,14247708200,167933827800,3758.3151,3783.7477,3749.9606,3729.9546
110944000,3783.2449,7966100,97104600,14255674300,168030932400,3758.3151,3783.7477,3749.9606,3729.9546
110949000,3783.2835,5898100,63688600,14261572400,168094621000,3758.3151,3783.7477,3749.9606,3729.9546
110954000,3783.2093,5714700,61378200,14267287100,168155999200,3758.3151,3783.7477,3749.9606,3729.9546
110959000,3783.17,4567200,57880000,14271854300,168213879200,3758.3151,3783.7477,3749.9606,3729.9546
111004000,3782.7107,9439100,102295100,14281293400,168316174300,3758.3151,3783.7477,3749.9606,3729.9546
111009000,3783.0082,5882200,62178100,14287175600,168378352400,3758.3151,3783.7477,3749.9606,3729.9546
111014000,3783.1199,5722300,64044300,14292897900,168442396700,3758.3151,3783.7477,3749.9606,3729.9546
111019000,3783.5525,3495400,45286300,14296393300,168487683000,3758.3151,3783.7477,3749.9606,3729.9546
111024000,3783.0917,3764600,50964900,14300157900,168538647900,3758.3151,3783.7477,3749.9606,3729.9546
111029000,3782.9292,3847300,54165800,14304005200,168592813700,3758.3151,3783.7477,3749.9606,3729.9546
111034000,3783.5445,4725100,63107200,14308730300,168655920900,3758.3151,3783.7477,3749.9606,3729.9546
111039000,3783.3906,5519100,72862500,14314249400,168728783400,3758.3151,3783.7477,3749.9606,3729.9546
111044000,3783.3882,7133000,78798100,14321382400,168807581500,3758.3151,3783.7477,3749.9606,3729.9546
111049000,3783.1019,4610500,62596800,14325992900,168870178300,3758.3151,3783.7477,3749.9606,3729.9546
111054000,3783.4279,5090000,70799400,14331082900,168940977700,3758.3151,3783.7477,3749.9606,3729.9546
111059000,3783.259,5452600,60149800,14336535500,169001127500,3758.3151,3783.7477,3749.9606,3729.9546
111104000,3783.5876,6575400,79765100,14343110900,169080892600,3758.3151,3783.7477,3749.9606,3729.9546
111109000,3783.2721,6038000,75434200,14349148900,169156326800,3758.3151,3783.7477,3749.9606,3729.9546
111114000,3783.1815,6707000,73314500,14355855900,169229641300,3758.3151,3783.7477,3749.9606,3729.9546
111119000,3783.4019,3507100,41870000,14359363000,169271511300,3758.3151,3783.7477,3749.9606,3729.9546
111124000,3783.3763,5866100,71161000,14365229100,169342672300,3758.3151,3783.7477,3749.9606,3729.9546
111129000,3783.1169,3605300,46537500,14368834400,169389209800,3758.3151,3783.7477,3749.9606,3729.9546
111134000,3783.6084,5372800,63906900,14374207200,169453116700,3758.3151,3783.7477,3749.9606,3729.9546
111139000,3783.2923,6563900,74746200,14380771100,169527862900,3758.3151,3783.7477,3749.9606,3729.9546
111144000,3783.354,6768500,90213300,14387539600,169618076200,3758.3151,3783.7477,3749.9606,3729.9546
111149000,3783.3716,3882300,48404300,14391421900,169666480500,3758.3151,3783.7477,3749.9606,3729.9546
111154000,3783.5526,5576200,82701600,14396998100,169749182100,3758.3151,3783.8012,3749.9606,3729.9546
111159000,3783.4665,5420600,59151200,14402418700,169808333300,3758.3151,3783.8012,3749.9606,3729.9546
111204000,3783.924,10051900,74393200,14412470600,169882726500,3758.3151,3783.924,3749.9606,3729.9546
111209000,3784.0937,5030000,65902000,14417500600,169948628500,3758.3151,3784.1403,3749.9606,3729.9546
111214000,3783.821,5967300,66828900,14423467900,170015457400,3758.3151,3784.1403,3749.9606,3729.9546
111219000,3783.9549,4572500,43408300,14428040400,170058865700,3758.3151,3784.1403,3749.9606,3729.9546
111224000,3783.8423,4234600,54573000,14432275000,170113438700,3758.3151,3784.1403,3749.9606,3729.9546
111229000,3784.0395,5648700,58647500,14437923700,170172086200,3758.3151,3784.1403,3749.9606,3729.9546
111234000,3784.0907,8302900,73878800,14446226600,170245965000,3758.3151,3784.1403,3749.9606,3729.9546
111239000,3784.2732,6292400,63149400,14452519000,170309114400,3758.3151,3784.2732,3749.9606,3729.9546
111244000,3783.9839,4083000,49076600,14456602000,170358191000,3758.3151,3784.2732,3749.9606,3729.9546
111249000,3784.1323,4977500,60581400,14461579500,170418772400,3758.3151,3784.3108,3749.9606,3729.9546
111254000,3784.351,11832400,90367000,14473411900,170509139400,3758.3151,3784.351,3749.9606,3729.9546
111259000,3784.0346,4253400,49847100,14477665300,170558986500,3758.3151,3784.351,3749.9606,3729.9546
111304000,3783.9325,5129700,63163000,14482795000,170622149500,3758.3151,3784.351,3749.9606,3729.9546
111309000,3784.2004,6080700,62564800,14488875700,170684714300,3758.3151,3784.351,3749.9606,3729.9546
111314000,3784.3208,22724000,126572300,14511599700,170811286600,3758.3151,3784.7259,3749.9606,3729.9546
111319000,3784.4157,10434200,76029400,14522033900,170887316000,3758.3151,3784.8562,3749.9606,3729.9546
111324000,3784.448,6793900,58817800,14528827800,170946133800,3758.3151,3784.8562,3749.9606,3729.9546
111329000,3784.572,7052800,64508900,14535880600,171010642700,3758.3151,3784.8562,3749.9606,3729.9546
111334000,3784.6906,9169900,92662700,14545050500,171103305400,3758.3151,3784.8562,3749.9606,3729.9546
111339000,3784.545,7991900,81388600,14553042400,171184694000,3758.3151,3784.8562,3749.9606,3729.9546
111344000,3783.8526,10408400,96975400,14563450800,171281669400,3758.3151,3784.8562,3749.9606,3729.9546
111349000,3783.2108,6234400,68971400,14569685200,171350640800,3758.3151,3784.8562,3749.9606,3729.9546
111354000,3782.2702,9093600,88909800,14578778800,171439550600,3758.3151,3784.8562,3749.9606,3729.9546
111359000,3782.521,6095500,71758200,14584874300,171511308800,3758.3151,3784.8562,3749.9606,3729.9546
111404000,3782.5741,9674100,91683600,14594548400,171602992400,3758.3151,3784.8562,3749.9606,3729.9546
111409000,3781.4235,9221400,95776900,14603769800,171698769300,3758.3151,3784.8562,3749.9606,3729.9546
111414000,3781.0121,8284400,94050900,14612054200,171792820200,3758.3151,3784.8562,3749.9606,3729.9546
111419000,3781.43,5894900,69742900,14617949100,171862563100,3758.3151,3784.8562,3749.9606,3729.9546
111424000,3779.7642,10144600,109751500,14628093700,171972314600,3758.3151,3784.8562,3749.9606,3729.9546
111429000,3779.6325,7387200,95877300,14635480900,172068191900,3758.3151,3784.8562,3749.9606,3729.9546
111434000,3779.8505,6123300,86765800,14641604200,172154957700,3758.3151,3784.8562,3749.9606,3729.9546
111439000,3779.4569,8453000,95456400,14650057200,172250414100,3758.3151,3784.8562,3749.9606,3729.9546
111444000,3779.6979,7085600,78269000,14657142800,172328683100,3758.3151,3784.8562,3749.9606,3729.9546
111449000,3779.6883,5134500,52975100,14662277300,172381658200,3758.3151,3784.8562,3749.9606,3729.9546
111454000,3779.5343,6419200,79914500,14668696500,172461572700,3758.3151,3784.8562,3749.9606,3729.9546
111459000,3779.5519,5837000,69425500,14674533500,172530998200,3758.3151,3784.8562,3749.9606,3729.9546
111504000,3779.4217,7069700,80466100,14681603200,172611464300,3758.3151,3784.8562,3749.9606,3729.9546
111509000,3779.3143,5793900,67586200,14687397100,172679050500,3758.3151,3784.8562,3749.9606,3729.9546
111514000,3779.4046,7260000,67452700,14694657100,172746503200,3758.3151,3784.8562,3749.9606,3729.9546
111519000,3779.3262,10876900,70213900,14705534000,172816717100,3758.3151,3784.8562,3749.9606,3729.9546
111524000,3779.2075,6214600,70805500,14711748600,172887522600,3758.3151,3784.8562,3749.9606,3729.9546
111529000,3779.1472,5274600,50792000,14717023200,172938314600,3758.3151,3784.8562,3749.9606,3729.9546
111534000,3778.9596,6504900,63283900,14723528100,173001598500,3758.3151,3784.8562,3749.9606,3729.9546
111539000,3779.1335,4846300,51762400,14728374400,173053360900,3758.3151,3784.8562,3749.9606,3729.9546
111544000,3778.8352,12055700,88704300,14740430100,173142065200,3758.3151,3784.8562,3749.9606,3729.9546
111549000,3778.9522,3932200,42209700,14744362300,173184274900,3758.3151,3784.8562,3749.9606,3729.9546
111554000,3778.7341,5081200,57167300,14749443500,173241442200,3758.3151,3784.8562,3749.9606,3729.9546
111559000,3778.9653,5561600,56539100,14755005100,173297981300,3758.3151,3784.8562,3749.9606,3729.9546
111604000,3778.532,5813300,59485500,14760818400,173357466800,3758.3151,3784.8562,3749.9606,3729.9546
111609000,3778.8161,4260400,50594500,14765078800,173408061300,3758.3151,3784.8562,3749.9606,3729.9546
111614000,3778.3852,4911100,51544000,14769989900,173459605300,3758.3151,3784.8562,3749.9606,3729.9546
111619000,3778.5177,3570100,46347400,14773560000,173505952700,3758.3151,3784.8562,3749.9606,3729.9546
111624000,3778.4184,4784200,57447800,14778344200,173563400500,3758.3151,3784.8562,3749.9606,3729.9546
111629000,3778.8315,4843900,51872600,14783188100,173615273100,3758.3151,3784.8562,3749.9606,3729.9546
111634000,3778.5716,5260300,60535700,14788448400,173675808800,3758.3151,3784.8562,3749.9606,3729.9546
111639000,3778.5447,4430900,49413600,14792879300,173725222400,3758.3151,3784.8562,3749.9606,3729.9546
111644000,3778.5582,7169100,70528000,14800048400,173795750400,3758.3151,3784.8562,3749.9606,3729.9546
111649000,3778.5757,3714400,42835100,14803762800,173838585500,3758.3151,3784.8562,3749.9606,3729.9546
111654000,3778.8619,3648400,49569100,14807411200,173888154600,3758.3151,3784.8562,3749.9606,3729.9546
111659000,3778.8043,4267300,46416100,14811678500,173934570700,3758.3151,3784.8562,3749.9606,3729.9546
111704000,3778.5405,5192900,57357500,14816871400,173991928200,3758.3151,3784.8562,3749.9606,3729.9546
111709000,3778.5926,3934700,50283400,14820806100,174042211600,3758.3151,3784.8562,3749.9606,3729.9546
111714000,3778.4938,5277500,60104900,14826083600,174102316500,3758.3151,3784.8562,3749.9606,3729.9546
111719000,3778.2166,3849500,40333300,14829933100,174142649800,3758.3151,3784.8562,3749.9606,3729.9546
111724000,3778.6292,3742600,51025300,14833675700,174193675100,3758.3151,3784.8562,3749.9606,3729.9546
111729000,3778.4752,4229100,46909500,14837904800,174240584600,3758.3151,3784.8562,3749.9606,3729.9546
111734000,3778.3197,5240900,60670000,14843145700,174301254600,3758.3151,3784.8562,3749.9606,3729.9546
111739000,3778.5706,3949100,54326400,14847094800,174355581000,3758.3151,3784.8562,3749.9606,3729.9546
111744000,3778.2316,4032000,52255000,14851126800,174407836000,3758.3151,3784.8562,3749.9606,3729.9546
111749000,3778.0425,3217700,38140000,14854344500,174445976000,3758.3151,3784.8562,3749.9606,3729.9546
111754000,3778.5573,4100600,49028400,14858445100,174495004400,3758.3151,3784.8562,3749.9606,3729.9546
111759000,3778.6213,4964100,53162800,14863409200,174548167200,3758.3151,3784.8562,3749.9606,3729.9546
111804000,3778.3406,5020100,53233000,14868429300,174601400200,3758.3151,3784.8562,3749.9606,3729.9546
111809000,3778.2399,5641400,73556100,14874070700,174674956300,3758.3151,3784.8562,3749.9606,3729.9546
111814000,3778.2695,6479400,71342000,14880550100,174746298300,3758.3151,3784.8562,3749.9606,3729.9546
111819000,3778.3631,3426300,39798100,14883976400,174786096400,3758.3151,3784.8562,3749.9606,3729.9546
111824000,3778.6174,4097700,54660400,14888074100,174840756800,3758.3151,3784.8562,3749.9606,3729.9546
111829000,3778.4213,2994500,38708800,14891068600,174879465600,3758.3151,3784.8562,3749.9606,3729.9546
111834000,3778.6847,4870000,62939200,14895938600,174942404800,3758.3151,3784.8562,3749.9606,3729.9546
111839000,3778.2524,6642400,85071900,14902581000,175027476700,3758.3151,3784.8562,3749.9606,3729.9546
111844000,3778.3151,6150400,64604200,14908731400,175092080900,3758.3151,3784.8562,3749.9606,3729.9546
111849000,3778.9552,4528600,58704200,14913260000,175150785100,3758.3151,3784.8562,3749.9606,3729.9546
111854000,3779.4881,5725700,76122700,14918985700,175226907800,3758.3151,3784.8562,3749.9606,3729.9546
111859000,3779.5821,5243500,59158800,14924229200,175286066600,3758.3151,3784.8562,3749.9606,3729.9546
111904000,3779.457,5775100,69334100,14930004300,175355400700,3758.3151,3784.8562,3749.9606,3729.9546
111909000,3779.723,5972600,69509900,14935976900,175424910600,3758.3151,3784.8562,3749.9606,3729.9546
111914000,3779.6851,5241700,64599600,14941218600,175489510200,3758.3151,3784.8562,3749.9606,3729.9546
111919000,3779.8561,3228200,38304600,14944446800,175527814800,3758.3151,3784.8562,3749.9606,3729.9546
111924000,3780.0266,4341000,54738900,14948787800,175582553700,3758.3151,3784.8562,3749.9606,3729.9546
111929000,3779.824,3514200,48213000,14952302000,175630766700,3758.3151,3784.8562,3749.9606,3729.9546
111934000,3779.9053,4754500,70419100,14957056500,175701185800,3758.3151,3784.8562,3749.9606,3729.9546
111939000,3780.1947,4367900,56683100,14961424400,175757868900,3758.3151,3784.8562,3749.9606,3729.9546
111944000,3779.8325,5636300,70137200,14967060700,175828006100,3758.3151,3784.8562,3749.9606,3729.9546
111949000,3779.9066,4049400,51189400,14971110100,175879195500,3758.3151,3784.8562,3749.9606,3729.9546
111954000,3780.2998,4924300,57582900,14976034400,175936778400,3758.3151,3784.8562,3749.9606,3729.9546
111959000,3780.511,3089100,39376300,14979123500,175976154700,3758.3151,3784.8562,3749.9606,3729.9546
112004000,3780.2037,4664000,58398400,14983787500,176034553100,3758.3151,3784.8562,3749.9606,3729.9546
112009000,3780.3303,6109500,57987600,14989897000,176092540700,3758.3151,3784.8562,3749.9606,3729.9546
112014000,3780.0828,8882900,82142400,14998779900,176174683100,3758.3151,3784.8562,3749.9606,3729.9546
112019000,3780.3083,2888100,38985100,15001668000,176213668200,3758.3151,3784.8562,3749.9606,3729.9546
112024000,3780.3432,4341500,53727800,15006009500,176267396000,3758.3151,3784.8562,3749.9606,3729.9546
112029000,3779.9372,3896500,50414800,15009906000,176317810800,3758.3151,3784.8562,3749.9606,3729.9546
112034000,3779.3793,4855400,65429900,15014761400,176383240700,3758.3151,3784.8562,3749.9606,3729.9546
112039000,3779.271,9442200,105359000,15024203600,176488599700,3758.3151,3784.8562,3749.9606,3729.9546
112044000,3777.8146,20802500,184850200,15045006100,176673449900,3758.3151,3784.8562,3749.9606,3729.9546
112049000,3777.5143,5072400,58003600,15050078500,176731453500,3758.3151,3784.8562,3749.9606,3729.9546
112054000,3776.2686,8279300,102124800,15058357800,176833578300,3758.3151,3784.8562,3749.9606,3729.9546
112059000,3775.8964,10182800,117481500,15068540600,176951059800,3758.3151,3784.8562,3749.9606,3729.9546
112104000,3775.2606,8969500,102644600,15077510100,177053704400,3758.3151,3784.8562,3749.9606,3729.9546
112109000,3775.0023,8354300,92716100,15085864400,177146420500,3758.3151,3784.8562,3749.9606,3729.9546
112114000,3774.8446,7024000,83185400,15092888400,177229605900,3758.3151,3784.8562,3749.9606,3729.9546
112119000,3774.428,4556600,53234100,15097445000,177282840000,3758.3151,3784.8562,3749.9606,3729.9546
112124000,3774.9394,4970600,69628800,15102415600,177352468800,3758.3151,3784.8562,3749.9606,3729.9546
112129000,3774.9187,4764700,62307100,15107180300,177414775900,3758.3151,3784.8562,3749.9606,3729.9546
112134000,3773.9905,7562300,70785900,15114742600,177485561800,3758.3151,3784.8562,3749.9606,3729.9546
112139000,3774.5576,4765700,63787700,15119508300,177549349500,3758.3151,3784.8562,3749.9606,3729.9546
112144000,3774.4163,5730100,78756500,15125238400,177628106000,3758.3151,3784.8562,3749.9606,3729.9546
112149000,3774.4807,3849200,51168900,15129087600,177679274900,3758.3151,3784.8562,3749.9606,3729.9546
112154000,3774.0827,5207300,81119400,15134294900,177760394300,3758.3151,3784.8562,3749.9606,3729.9546
112159000,3774.4435,4171100,60377900,15138466000,177820772200,3758.3151,3784.8562,3749.9606,3729.9546
112204000,3773.8538,6268200,74156100,15144734200,177894928300,3758.3151,3784.8562,3749.9606,3729.9546
112209000,3774.1292,6064400,60603300,15150798600,177955531600,3758.3151,3784.8562,3749.9606,3729.9546
112214000,3774.003,5470800,66773900,15156269400,178022305500,3758.3151,3784.8562,3749.9606,3729.9546
112219000,3773.3686,4044000,55291300,15160313400,178077596800,3758.3151,3784.8562,3749.9606,3729.9546
112224000,3773.8044,3622100,46820800,15163935500,178124417600,3758.3151,3784.8562,3749.9606,3729.9546
112229000,3773.6035,4829900,49689200,15168765400,178174106800,3758.3151,3784.8562,3749.9606,3729.9546
112234000,3774.0652,4682600,67025700,15173448000,178241132500,3758.3151,3784.8562,3749.9606,3729.9546
112239000,3773.7094,5552300,66621500,15179000300,178307754000,3758.3151,3784.8562,3749.9606,3729.9546
112244000,3773.6174,8004400,94780900,15187004700,178402534900,3758.3151,3784.8562,3749.9606,3729.9546
112249000,3773.6036,3899100,52554500,15190903800,178455089400,3758.3151,3784.8562,3749.9606,3729.9546
112254000,3773.5956,4915500,56332300,15195819300,178511421700,3758.3151,3784.8562,3749.9606,3729.9546
112259000,3773.9137,5143800,57885400,15200963100,178569307100,3758.3151,3784.8562,3749.9606,3729.9546
112304000,3773.3672,4490800,57122400,15205453900,178626429500,3758.3151,3784.8562,3749.9606,3729.9546
112309000,3773.7205,5453000,74384600,15210906900,178700814100,3758.3151,3784.8562,3749.9606,3729.9546
112314000,3773.8323,7968300,89004100,15218875200,178789818200,3758.3151,3784.8562,3749.9606,3729.9546
112319000,3773.8209,3741400,41831100,15222616600,178831649300,3758.3151,3784.8562,3749.9606,3729.9546
112324000,3774.2781,5213000,59887900,15227829600,178891537200,3758.3151,3784.8562,3749.9606,3729.9546
112329000,3774.33,4358600,47147100,15232188200,178938684300,3758.3151,3784.8562,3749.9606,3729.9546
112334000,3774.1051,4499100,58546800,15236687300,178997231100,3758.3151,3784.8562,3749.9606,3729.9546
112339000,3774.2694,4909300,64759900,15241596600,179061991000,3758.3151,3784.8562,3749.9606,3729.9546
112344000,3774.0094,5291600,68672100,15246888200,179130663100,3758.3151,3784.8562,3749.9606,3729.9546
112349000,3774.4245,3113100,41755100,15250001300,179172418200,3758.3151,3784.8562,3749.9606,3729.9546
112354000,3774.4384,5803600,78023100,15255804900,179250441300,3758.3151,3784.8562,3749.9606,3729.9546
112359000,3774.4653,6211800,62448700,15262016700,179312890000,3758.3151,3784.8562,3749.9606,3729.9546
112404000,3774.1902,4860300,50017000,15266877000,179362907000,3758.3151,3784.8562,3749.9606,3729.9546
112409000,3774.445,4168300,59697100,15271045300,179422604100,3758.3151,3784.8562,3749.9606,3729.9546
112414000,3774.4633,4967600,64498200,15276012900,179487102300,3758.3151,3784.8562,3749.9606,3729.9546
112419000,3774.655,2991300,34352800,15279004200,179521455100,3758.3151,3784.8562,3749.9606,3729.9546
112424000,3774.8499,4360900,58796400,15283365100,179580251500,3758.3151,3784.8562,3749.9606,3729.9546
112429000,3774.9077,5679600,69708100,15289044700,179649959600,3758.3151,3784.8562,3749.9606,3729.9546
112434000,3775.2856,5086600,58858000,15294131300,179708817600,3758.3151,3784.8562,3749.9606,3729.9546
112439000,3775.7813,4606000,54148800,15298737300,179762966400,3758.3151,3784.8562,3749.9606,3729.9546
112444000,3776.1966,7216800,87281700,15305954100,179850248100,3758.3151,3784.8562,3749.9606,3729.9546
112449000,3776.7355,4131600,55264900,15310085700,179905513000,3758.3151,3784.8562,3749.9606,3729.9546
112454000,3776.6916,5557900,66453900,15315643600,179971966900,3758.3151,3784.8562,3749.9606,3729.9546
112459000,3777.2611,5419000,66213800,15321062600,180038180700,3758.3151,3784.8562,3749.9606,3729.9546
112504000,3777.0151,6399000,77796700,15327461600,180115977400,3758.3151,3784.8562,3749.9606,3729.9546
112509000,3777.685,5255300,63811200,15332716900,180179788600,3758.3151,3784.8562,3749.9606,3729.9546
112514000,3777.3735,6012100,82439200,15338729000,180262227800,3758.3151,3784.8562,3749.9606,3729.9546
112519000,3777.8369,3838700,47621800,15342567700,180309849600,3758.3151,3784.8562,3749.9606,3729.9546
112524000,3777.6551,4244100,54053400,15346811800,180363903000,3758.3151,3784.8562,3749.9606,3729.9546
112529000,3778.0682,3536900,43485400,15350348700,180407388400,3758.3151,3784.8562,3749.9606,3729.9546
112534000,3777.9639,4866900,62412100,15355215600,180469800500,3758.3151,3784.8562,3749.9606,3729.9546
112539000,3778.3331,6080900,65245500,15361296500,180535046000,3758.3151,3784.8562,3749.9606,3729.9546
112544000,3778.7979,5548200,74472300,15366844700,180609518300,3758.3151,3784.8562,3749.9606,3729.9546
112549000,3778.7072,2617300,35301800,15369462000,180644820100,3758.3151,3784.8562,3749.9606,3729.9546
112554000,3778.8867,4698700,57506800,15374160700,180702326900,3758.3151,3784.8562,3749.9606,3729.9546
112559000,3779.0514,3832100,43861300,15377992800,180746188200,3758.3151,3784.8562,3749.9606,3729.9546
112604000,3778.7559,3806100,49690200,15381798900,180795878400,3758.3151,3784.8562,3749.9606,3729.9546
112609000,3778.6321,4446100,69764600,15386245000,180865643000,3758.3151,3784.8562,3749.9606,3729.9546
112614000,3779.2977,5087300,69071600,15391332300,180934714600,3758.3151,3784.8562,3749.9606,3729.9546
112619000,3779.5887,3516500,54242700,15394848800,180988957300,3758.3151,3784.8562,3749.9606,3729.9546
112624000,3779.0864,4773700,60074300,15399622500,181049031600,3758.3151,3784.8562,3749.9606,3729.9546
112629000,3779.3965,5482400,73451000,15405104900,181122482600,3758.3151,3784.8562,3749.9606,3729.9546
112634000,3779.2108,4414100,58226500,15409519000,181180709100,3758.3151,3784.8562,3749.9606,3729.9546
112639000,3779.5874,4382700,59781700,15413901700,181240490800,3758.3151,3784.8562,3749.9606,3729.9546
112644000,3779.7408,5786300,76373700,15419688000,181316864500,3758.3151,3784.8562,3749.9606,3729.9546
112649000,3779.9168,5110800,52309600,15424798800,181369174100,3758.3151,3784.8562,3749.9606,3729.9546
112654000,3779.7219,4496000,58937200,15429294800,181428111300,3758.3151,3784.8562,3749.9606,3729.9546
112659000,3779.6306,3542900,44900000,15432837700,181473011300,3758.3151,3784.8562,3749.9606,3729.9546
112704000,3779.5184,4974300,56444300,15437812000,181529455600,3758.3151,3784.8562,3749.9606,3729.9546
112709000,3779.6657,4216000,52670200,15442028000,181582125800,3758.3151,3784.8562,3749.9606,3729.9546
112714000,3779.6912,4077700,53781900,15446105700,181635907700,3758.3151,3784.8562,3749.9606,3729.9546
112719000,3779.9591,4014700,45422700,15450120400,181681330400,3758.3151,3784.8562,3749.9606,3729.9546
112724000,3779.9617,4567900,55976800,15454688300,181737307200,3758.3151,3784.8562,3749.9606,3729.9546
112729000,3779.8267,3746300,44109500,15458434600,181781416700,3758.3151,3784.8562,3749.9606,3729.9546
112734000,3780.0624,4052600,48718200,15462487200,181830134900,3758.3151,3784.8562,3749.9606,3729.9546
112739000,3780.2724,3592900,53732800,15466080100,181883867700,3758.3151,3784.8562,3749.9606,3729.9546
112744000,3780.073,4694200,57797400,15470774300,181941665100,3758.3151,3784.8562,3749.9606,3729.9546
112749000,3779.9128,3500900,36898200,15474275200,181978563300,3758.3151,3784.8562,3749.9606,3729.9546
112754000,3780.27,4631100,51084300,15478906300,182029647600,3758.3151,3784.8562,3749.9606,3729.9546
112759000,3780.3162,4526000,49245800,15483432300,182078893400,3758.3151,3784.8562,3749.9606,3729.9546
112804000,3779.9414,5564500,62562000,15488996800,182141455400,3758.3151,3784.8562,3749.9606,3729.9546
112809000,3780.0901,3912300,42545900,15492909100,182184001300,3758.3151,3784.8562,3749.9606,3729.9546
112814000,3780.465,6598500,69968200,15499507600,182253969500,3758.3151,3784.8562,3749.9606,3729.9546
112819000,3780.5068,3945400,45764100,15503453000,182299733600,3758.3151,3784.8562,3749.9606,3729.9546
112824000,3780.4097,4812000,48368400,15508265000,182348102000,3758.3151,3784.8562,3749.9606,3729.9546
112829000,3780.7649,6748700,64705700,15515013700,182412807700,3758.3151,3784.8562,3749.9606,3729.9546
112834000,3780.9881,4410300,58625900,15519424000,182471433600,3758.3151,3784.8562,3749.9606,3729.9546
112839000,3780.7728,4154300,49640900,15523578300,182521074500,3758.3151,3784.8562,3749.9606,3729.9546
112844000,3780.882,5187000,62714800,15528765300,182583789300,3758.3151,3784.8562,3749.9606,3729.9546
112849000,3780.7989,3883400,40442800,15532648700,182624232100,3758.3151,3784.8562,3749.9606,3729.9546
112854000,3780.8899,3716000,51580100,15536364700,182675812200,3758.3151,3784.8562,3749.9606,3729.9546
112859000,3781.1495,3766500,38837100,15540131200,182714649300,3758.3151,3784.8562,3749.9606,3729.9546
112904000,3780.8838,4706300,61540500,15544837500,182776189800,3758.3151,3784.8562,3749.9606,3729.9546
112909000,3781.1487,4468900,58918100,15549306400,182835107900,3758.3151,3784.8562,3749.9606,3729.9546
112914000,3781.2406,6208700,82074400,15555515100,182917182300,3758.3151,3784.8562,3749.9606,3729.9546
112919000,3781.4964,3646400,44253200,15559161500,182961435500,3758.3151,3784.8562,3749.9606,3729.9546
112924000,3781.8828,4186000,67071400,15563347500,183028506900,3758.3151,3784.8562,3749.9606,3729.9546
112929000,3782.1883,3531700,42268700,15566879200,183070775600,3758.3151,3784.8562,3749.9606,3729.9546
112934000,3782.0615,5800900,74818800,15572680100,183145594400,3758.3151,3784.8562,3749.9606,3729.9546
112939000,3782.4362,5013800,64104500,15577693900,183209698900,3758.3151,3784.8562,3749.9606,3729.9546
112944000,3782.263,4535800,61500300,15582229700,183271199200,3758.3151,3784.8562,3749.9606,3729.9546
112949000,3782.6654,3953000,42856900,15586182700,183314056100,3758.3151,3784.8562,3749.9606,3729.9546
112954000,3782.7411,5101300,57387000,15591284000,183371443100,3758.3151,3784.8562,3749.9606,3729.9546
112959000,3782.7586,4627000,43862600,15595911000,183415305700,3758.3151,3784.8562,3749.9606,3729.9546
113004000,3783.0442,5784500,45266400,15601695500,183460572100,3758.3151,3784.8562,3749.9606,3729.9546
113009000,3783.0205,240600,5103200,15601936100,183465675300,3758.3151,3784.8562,3749.9606,3729.9546
130004000,3783.4202,27551300,269111200,15629487400,183734786500,3758.3151,3784.8562,3749.9606,3729.9546
130009000,3785.5088,105370600,1115738000,15734858000,184850524500,3758.3151,3786.1435,3749.9606,3729.9546
130014000,3786.9862,30337300,390307800,15765195300,185240832300,3758.3151,3787.6006,3749.9606,3729.9546
130019000,3787.485,16864700,165897400,15782060000,185406729700,3758.3151,3787.6006,3749.9606,3729.9546
130024000,3788.1299,17712400,179882300,15799772400,185586612000,3758.3151,3788.1677,3749.9606,3729.9546
130029000,3788.4919,84955200,675145400,15884727600,186261757400,3758.3151,3788.6467,3749.9606,3729.9546
130034000,3788.987,9337900,100714600,15894065500,186362472000,3758.3151,3789.2404,3749.9606,3729.9546
130039000,3789.4736,11417700,120812400,15905483200,186483284400,3758.3151,3789.7361,3749.9606,3729.9546
130044000,3789.8184,11596800,137164700,15917080000,186620449100,3758.3151,3790.0612,3749.9606,3729.9546
130049000,3789.8091,5505900,77854200,15922585900,186698303300,3758.3151,3790.0612,3749.9606,3729.9546
130054000,3789.916,7444700,101817400,15930030600,186800120700,3758.3151,3790.0612,3749.9606,3729.9546
130059000,3790.5364,8594700,81310600,15938625300,186881431300,3758.3151,3790.8791,3749.9606,3729.9546
130104000,3790.8377,8770700,124576900,15947396000,187006008200,3758.3151,3791.2386,3749.9606,3729.9546
130109000,3790.946,8149900,94227900,15955545900,187100236100,3758.3151,3791.3218,3749.9606,3729.9546
130114000,3791.3967,11601400,147844400,15967147300,187248080500,3758.3151,3791.5135,3749.9606,3729.9546
130119000,3791.7784,5227800,66260600,15972375100,187314341100,3758.3151,3791.7784,3749.9606,3729.9546
130124000,3791.4193,9447500,107965300,15981822600,187422306400,3758.3151,3791.7784,3749.9606,3729.9546
130129000,3791.314,7082800,90961700,15988905400,187513268100,3758.3151,3791.7784,3749.9606,3729.9546
130134000,3791.2526,8751900,111630300,15997657300,187624898400,3758.3151,3791.7784,3749.9606,3729.9546
130139000,3790.8765,14715000,141946000,16012372300,187766844400,3758.3151,3791.7784,3749.9606,3729.9546
130144000,3790.6706,13079100,157307900,16025451400,187924152300,3758.3151,3791.7784,3749.9606,3729.9546
130149000,3789.8598,7437600,89515700,16032889000,188013668000,3758.3151,3791.7784,3749.9606,3729.9546
130154000,3790.3547,9584200,122451700,16042473200,188136119700,3758.3151,3791.7784,3749.9606,3729.9546
130159000,3790.4799,8184100,87816900,16050657300,188223936600,3758.3151,3791.7784,3749.9606,3729.9546
130204000,3790.5408,8751900,98303200,16059409200,188322239800,3758.3151,3791.7784,3749.9606,3729.9546
130209000,3790.7191,9664200,102984700,16069073400,188425224500,3758.3151,3791.7784,3749.9606,3729.9546
130214000,3790.7074,8260600,99399000,16077334000,188524623500,3758.3151,3791.7784,3749.9606,3729.9546
130219000,3790.4647,4761600,71215200,16082095600,188595838700,3758.3151,3791.7784,3749.9606,3729.9546
130224000,3790.2006,8146700,104938500,16090242300,188700777200,3758.3151,3791.7784,3749.9606,3729.9546
130229000,3790.7109,6719700,88039500,16096962000,188788816700,3758.3151,3791.7784,3749.9606,3729.9546
130234000,3790.046,6063400,83723000,16103025400,188872539700,3758.3151,3791.7784,3749.9606,3729.9546
130239000,3790.5935,6886000,85844300,16109911400,188958384000,3758.3151,3791.7784,3749.9606,3729.9546
130244000,3790.3531,7145200,91389200,16117056600,189049773200,3758.3151,3791.7784,3749.9606,3729.9546
130249000,3789.4639,5362100,66156100,16122418700,189115929300,3758.3151,3791.7784,3749.9606,3729.9546
130254000,3790.046,7518400,93294900,16129937100,189209224200,3758.3151,3791.7784,3749.9606,3729.9546
130259000,3789.7332,4726000,66955300,16134663100,189276179500,3758.3151,3791.7784,3749.9606,3729.9546
130304000,3789.1804,6528000,75694500,16141191100,189351874000,3758.3151,3791.7784,3749.9606,3729.9546
130309000,3789.4667,8191500,105590100,16149382600,189457464100,3758.3151,3791.7784,3749.9606,3729.9546
130314000,3789.6561,8651600,107814600,16158034200,189565278700,3758.3151,3791.7784,3749.9606,3729.9546
130319000,3789.5873,6283600,71248900,16164317800,189636527600,3758.3151,3791.7784,3749.9606,3729.9546
130324000,3789.2869,10883300,103383100,16175201100,189739910700,3758.3151,3791.7784,3749.9606,3729.9546
130329000,3789.7979,12510500,102322200,16187711600,189842232900,3758.3151,3791.7784,3749.9606,3729.9546
130334000,3789.8737,9801600,88224700,16197513200,189930457600,3758.3151,3791.7784,3749.9606,3729.9546
130339000,3789.6875,9525600,94142400,16207038800,190024600000,3758.3151,3791.7784,3749.9606,3729.9546
130344000,3790.0996,10608000,100061800,16217646800,190124661800,3758.3151,3791.7784,3749.9606,3729.9546
130349000,3790.039,3808500,47115100,16221455300,190171776900,3758.3151,3791.7784,3749.9606,3729.9546
130354000,3790.2886,7850300,76764100,16229305600,190248541000,3758.3151,3791.7784,3749.9606,3729.9546
130359000,3790.3226,5256800,62498500,16234562400,190311039500,3758.3151,3791.7784,3749.9606,3729.9546
130404000,3790.4286,7967700,94833000,16242530100,190405872500,3758.3151,3791.7784,3749.9606,3729.9546
130409000,3790.3353,7299300,95974100,16249829400,190501846600,3758.3151,3791.7784,3749.9606,3729.9546
130414000,3790.5206,8085400,104550500,16257914800,190606397100,3758.3151,3791.7784,3749.9606,3729.9546
130419000,3790.392,5754400,69125300,16263669200,190675522400,3758.3151,3791.7784,3749.9606,3729.9546
130424000,3790.2996,6014100,79585600,16269683300,190755108000,3758.3151,3791.7784,3749.9606,3729.9546
130429000,3790.2998,10412700,81974300,16280096000,190837082300,3758.3151,3791.7784,3749.9606,3729.9546
130434000,3790.4872,6474200,80188800,16286570200,190917271100,3758.3151,3791.7784,3749.9606,3729.9546
130439000,3790.2806,7107500,97376800,16293677700,191014647900,3758.3151,3791.7784,3749.9606,3729.9546
130444000,3790.5347,14264700,125914700,16307942400,191140562600,3758.3151,3791.7784,3749.9606,3729.9546
130449000,3790.6196,4824100,59867600,16312766500,191200430200,3758.3151,3791.7784,3749.9606,3729.9546
130454000,3790.902,8821200,96560700,16321587700,191296990900,3758.3151,3791.7784,3749.9606,3729.9546
130459000,3790.773,9775600,127005700,16331363300,191423996600,3758.3151,3791.7784,3749.9606,3729.9546
130504000,3790.7933,6484000,94433600,16337847300,191518430200,3758.3151,3791.7784,3749.9606,3729.9546
130509000,3790.6354,8182500,107887800,16346029800,191626318000,3758.3151,3791.7784,3749.9606,3729.9546
130514000,3790.8558,8722600,122844100,16354752400,191749162100,3758.3151,3791.7784,3749.9606,3729.9546
130519000,3790.9753,4347100,66939700,16359099500,191816101800,3758.3151,3791.7784,3749.9606,3729.9546
130524000,3790.7593,9014100,120522500,16368113600,191936624300,3758.3151,3791.7784,3749.9606,3729.9546
130529000,3790.9161,4934700,70386900,16373048300,192007011200,3758.3151,3791.7784,3749.9606,3729.9546
130534000,3791.0362,6156600,98193200,16379204900,192105204400,3758.3151,3791.7784,3749.9606,3729.9546
130539000,3790.9556,12077800,108902200,16391282700,192214106600,3758.3151,3791.7784,3749.9606,3729.9546
130544000,3791.1498,6217200,88433300,16397499900,192302539900,3758.3151,3791.7784,3749.9606,3729.9546
130549000,3791.2373,5338700,72231300,16402838600,192374771200,3758.3151,3791.7784,3749.9606,3729.9546
130554000,3790.7767,7929900,92298300,16410768500,192467069500,3758.3151,3791.7784,3749.9606,3729.9546
130559000,3791.3951,4688400,62832900,16415456900,192529902400,3758.3151,3791.7784,3749.9606,3729.9546
130604000,3791.7075,5375000,70964100,16420831900,192600866500,3758.3151,3791.7784,3749.9606,3729.9546
130609000,3791.658,8590600,90898400,16429422500,192691764900,3758.3151,3791.7784,3749.9606,3729.9546
130614000,3791.8128,7079800,88879700,16436502300,192780644600,3758.3151,3791.8128,3749.9606,3729.9546
130619000,3791.3646,4181900,50948700,16440684200,192831593300,3758.3151,3791.8128,3749.9606,3729.9546
130624000,3791.2639,8106100,97355600,16448790300,192928948900,3758.3151,3791.8128,3749.9606,3729.9546
130629000,3791.7591,5659200,70104000,16454449500,192999052900,3758.3151,3791.8128,3749.9606,3729.9546
130634000,3792.0047,5421000,67998800,16459870500,193067051700,3758.3151,3792.0047,3749.9606,3729.9546
130639000,3791.6672,5566300,82828700,16465436800,193149880400,3758.3151,3792.0047,3749.9606,3729.9546
130644000,3791.8203,6743100,96739400,16472179900,193246619800,3758.3151,3792.0047,3749.9606,3729.9546
130649000,3792.0059,5593100,73736700,16477773000,193320356500,3758.3151,3792.0059,3749.9606,3729.9546
130654000,3792.0577,7499800,94107300,16485272800,193414463800,3758.3151,3792.0577,3749.9606,3729.9546
130659000,3792.0444,6319400,80640900,16491592200,193495104700,3758.3151,3792.0577,3749.9606,3729.9546
130704000,3792.2884,6329400,80366800,16497921600,193575471500,3758.3151,3792.2884,3749.9606,3729.9546
130709000,3792.5814,9923900,109168600,16507845500,193684640100,3758.3151,3792.5814,3749.9606,3729.9546
130714000,3792.69,9815700,100784800,16517661200,193785424900,3758.3151,3792.69,3749.9606,3729.9546
130719000,3792.5352,4978900,69450100,16522640100,193854875000,3758.3151,3792.69,3749.9606,3729.9546
130724000,3792.941,7044700,101524800,16529684800,193956399800,3758.3151,3792.941,3749.9606,3729.9546
130729000,3792.657,5825400,77361600,16535510200,194033761400,3758.3151,3793.034,3749.9606,3729.9546
130734000,3793.0511,6376800,110938000,16541887000,194144699400,3758.3151,3793.2629,3749.9606,3729.9546
130739000,3792.8885,6428900,85053900,16548315900,194229753300,3758.3151,3793.2629,3749.9606,3729.9546
130744000,3793.2622,7907500,105863400,16556223400,194335616700,3758.3151,3793.2629,3749.9606,3729.9546
130749000,3793.5111,5049900,68375100,16561273300,194403991800,3758.3151,3793.5111,3749.9606,3729.9546
130754000,3793.5253,8114900,110778100,16569388200,194514769900,3758.3151,3793.5253,3749.9606,3729.9546
130759000,3793.3581,5219000,74501000,16574607200,194589270900,3758.3151,3793.5488,3749.9606,3729.9546
130804000,3793.7382,9059200,125447800,16583666400,194714718700,3758.3151,3793.7654,3749.9606,3729.9546
130809000,3793.7648,7977700,118173900,16591644100,194832892600,3758.3151,3793.7654,3749.9606,3729.9546
130814000,3793.6875,9424500,144275700,16601068600,194977168300,3758.3151,3793.7654,3749.9606,3729.9546
130819000,3793.1278,5514000,86835100,16606582600,195064003400,3758.3151,3793.7654,3749.9606,3729.9546
130824000,3793.0409,9058600,119968900,16615641200,195183972300,3758.3151,3793.7654,3749.9606,3729.9546
130829000,3793.2561,8959700,166717100,16624600900,195350689400,3758.3151,3793.7654,3749.9606,3729.9546
130834000,3793.3667,8295700,136859200,16632896600,195487548600,3758.3151,3793.8169,3749.9606,3729.9546
130839000,3793.879,9339800,200058400,16642236400,195687607000,3758.3151,3793.879,3749.9606,3729.9546
130844000,3794.373,9651600,150108300,16651888000,195837715300,3758.3151,3794.3845,3749.9606,3729.9546
130849000,3793.6895,8178400,116799700,16660066400,195954515000,3758.3151,3794.3845,3749.9606,3729.9546
130854000,3794.4877,9163500,141201600,16669229900,196095716600,3758.3151,3794.836,3749.9606,3729.9546
130859000,3794.655,8409700,127767400,16677639600,196223484000,3758.3151,3794.9378,3749.9606,3729.9546
130904000,3795.0037,8949700,123868800,16686589300,196347352800,3758.3151,3795.0142,3749.9606,3729.9546
130909000,3794.9724,13085500,198194700,16699674800,196545547500,3758.3151,3795.4878,3749.9606,3729.9546
130914000,3795.5783,10797200,145264900,16710472000,196690812400,3758.3151,3795.5783,3749.9606,3729.9546
130919000,3795.3639,9298000,131921600,16719770000,196822734000,3758.3151,3795.6816,3749.9606,3729.9546
130924000,3795.671,9599900,128893800,16729369900,196951627800,3758.3151,3795.9111,3749.9606,3729.9546
130929000,3795.8194,7282400,107800800,16736652300,197059428600,3758.3151,3796.1981,3749.9606,3729.9546
130934000,3795.9957,9157000,145651400,16745809300,197205080000,3758.3151,3796.2068,3749.9606,3729.9546
130939000,3796.6111,11996700,188122200,16757806000,197393202200,3758.3151,3796.6111,3749.9606,3729.9546
130944000,3796.3256,12075900,214551100,16769881900,197607753300,3758.3151,3796.6111,3749.9606,3729.9546
130949000,3796.4786,10742700,137025600,16780624600,197744778900,3758.3151,3796.6293,3749.9606,3729.9546
130954000,3796.5045,13764200,155757300,16794388800,197900536200,3758.3151,3796.7287,3749.9606,3729.9546
130959000,3796.7036,9404000,121749200,16803792800,198022285400,3758.3151,3796.875,3749.9606,3729.9546
131004000,3797.08,11007600,137307100,16814800400,198159592500,3758.3151,3797.08,3749.9606,3729.9546
131009000,3797.0773,10464700,137541200,16825265100,198297133700,3758.3151,3797.2811,3749.9606,3729.9546
131014000,3797.6212,10108100,130819800,16835373200,198427953500,3758.3151,3797.6978,3749.9606,3729.9546
131019000,3797.3401,8645300,141004100,16844018500,198568957600,3758.3151,3797.6978,3749.9606,3729.9546
131024000,3797.4847,11669500,163552100,16855688000,198732509700,3758.3151,3797.6978,3749.9606,3729.9546
131029000,3797.5766,7851000,110637800,16863539000,198843147500,3758.3151,3797.6978,3749.9606,3729.9546
131034000,3797.3868,9116100,133317200,16872655100,198976464700,3758.3151,3797.7695,3749.9606,3729.9546
131039000,3798.2477,13202300,153430400,16885857400,199129895100,3758.3151,3798.3795,3749.9606,3729.9546
131044000,3798.144,12284800,154237200,16898142200,199284132300,3758.3151,3798.3795,3749.9606,3729.9546
131049000,3798.0345,9897100,115490800,16908039300,199399623100,3758.3151,3798.3795,3749.9606,3729.9546
131054000,3798.1886,10875300,145006800,16918914600,199544629900,3758.3151,3798.5569,3749.9606,3729.9546
131059000,3798.2081,10992400,117522300,16929907000,199662152200,3758.3151,3798.5569,3749.9606,3729.9546
131104000,3798.6581,14885600,148532100,16944792600,199810684300,3758.3151,3798.6581,3749.9606,3729.9546
131109000,3798.538,10762000,131108400,16955554600,199941792700,3758.3151,3798.6628,3749.9606,3729.9546
131114000,3798.5407,14686900,142637800,16970241500,200084430500,3758.3151,3798.7084,3749.9606,3729.9546
131119000,3798.7987,7900600,83044800,16978142100,200167475300,3758.3151,3798.9656,3749.9606,3729.9546
131124000,3798.6409,9622500,126476500,16987764600,200293951800,3758.3151,3798.9656,3749.9606,3729.9546
131129000,3798.4189,11220900,131560300,16998985500,200425512100,3758.3151,3798.9656,3749.9606,3729.9546
131134000,3798.278,9269100,125644800,17008254600,200551156900,3758.3151,3798.9656,3749.9606,3729.9546
131139000,3797.6449,13333500,155787100,17021588100,200706944000,3758.3151,3798.9656,3749.9606,3729.9546
131144000,3797.3877,15285600,192877500,17036873700,200899821500,3758.3151,3798.9656,3749.9606,3729.9546
131149000,3796.6054,10083000,125881700,17046956700,201025703200,3758.3151,3798.9656,3749.9606,3729.9546
131154000,3796.0606,10938500,149192500,17057895200,201174895700,3758.3151,3798.9656,3749.9606,3729.9546
131159000,3796.0632,8909100,106919700,17066804300,201281815400,3758.3151,3798.9656,3749.9606,3729.9546
131204000,3796.1076,10745100,130663700,17077549400,201412479100,3758.3151,3798.9656,3749.9606,3729.9546
131209000,3795.9689,11551200,131066400,17089100600,201543545500,3758.3151,3798.9656,3749.9606,3729.9546
131214000,3796.2912,8019200,115137100,17097119800,201658682600,3758.3151,3798.9656,3749.9606,3729.9546
131219000,3796.1637,6792300,86689400,17103912100,201745372000,3758.3151,3798.9656,3749.9606,3729.9546
131224000,3796.1513,9000700,128460400,17112912800,201873832400,3758.3151,3798.9656,3749.9606,3729.9546
131229000,3795.272,8073700,110677400,17120986500,201984509800,3758.3151,3798.9656,3749.9606,3729.9546
131234000,3796.0563,7010100,95129100,17127996600,202079638900,3758.3151,3798.9656,3749.9606,3729.9546
131239000,3795.8979,7948300,100876500,17135944900,202180515400,3758.3151,3798.9656,3749.9606,3729.9546
131244000,3796.0873,7219500,91931300,17143164400,202272446700,3758.3151,3798.9656,3749.9606,3729.9546
131249000,3796.0682,5330200,64241400,17148494600,202336688100,3758.3151,3798.9656,3749.9606,3729.9546
131254000,3795.7819,7206300,101182100,17155700900,202437870200,3758.3151,3798.9656,3749.9606,3729.9546
131259000,3795.7579,6311500,80189300,17162012400,202518059500,3758.3151,3798.9656,3749.9606,3729.9546
131304000,3795.9318,8792300,114851600,17170804700,202632911100,3758.3151,3798.9656,3749.9606,3729.9546
131309000,3795.9207,7443100,107611000,17178247800,202740522100,3758.3151,3798.9656,3749.9606,3729.9546
131314000,3795.9326,10252900,160621700,17188500700,202901143800,3758.3151,3798.9656,3749.9606,3729.9546
131319000,3795.8435,5584900,75953600,17194085600,202977097400,3758.3151,3798.9656,3749.9606,3729.9546
131324000,3796.2755,10750800,116474700,17204836400,203093572100,3758.3151,3798.9656,3749.9606,3729.9546
131329000,3795.9833,8124900,118807100,17212961300,203212379200,3758.3151,3798.9656,3749.9606,3729.9546
131334000,3796.1044,7652900,101514100,17220614200,203313893300,3758.3151,3798.9656,3749.9606,3729.9546
131339000,3796.2023,8215400,113298700,17228829600,203427192000,3758.3151,3798.9656,3749.9606,3729.9546
131344000,3796.2157,11414300,165698800,17240243900,203592890800,3758.3151,3798.9656,3749.9606,3729.9546
131349000,3796.696,5796200,76266700,17246040100,203669157500,3758.3151,3798.9656,3749.9606,3729.9546
131354000,3795.9063,10826700,168353200,17256866800,203837510700,3758.3151,3798.9656,3749.9606,3729.9546
131359000,3796.8173,8030700,110386100,17264897500,203947896800,3758.3151,3798.9656,3749.9606,3729.9546
131404000,3797.2494,7712600,115324300,17272610100,204063221100,3758.3151,3798.9656,3749.9606,3729.9546
131409000,3796.6777,8821700,122221000,17281431800,204185442100,3758.3151,3798.9656,3749.9606,3729.9546
131414000,3797.5137,8071000,118227200,17289502800,204303669300,3758.3151,3798.9656,3749.9606,3729.9546
131419000,3797.2811,5580500,70036500,17295083300,204373705800,3758.3151,3798.9656,3749.9606,3729.9546
131424000,3797.0128,8587100,112001700,17303670400,204485707500,3758.3151,3798.9656,3749.9606,3729.9546
131429000,3797.3068,7961100,92962600,17311631500,204578670100,3758.3151,3798.9656,3749.9606,3729.9546
131434000,3797.4354,6339500,80604900,17317971000,204659275000,3758.3151,3798.9656,3749.9606,3729.9546
131439000,3797.0633,7695600,99100700,17325666600,204758375700,3758.3151,3798.9656,3749.9606,3729.9546
131444000,3797.1648,9055700,107857200,17334722300,204866232900,3758.3151,3798.9656,3749.9606,3729.9546
131449000,3797.0503,5089400,66966000,17339811700,204933198900,3758.3151,3798.9656,3749.9606,3729.9546
131454000,3797.2678,7964300,94440300,17347776000,205027639200,3758.3151,3798.9656,3749.9606,3729.9546
131459000,3797.3706,5551900,75845500,17353327900,205103484700,3758.3151,3798.9656,3749.9606,3729.9546
131504000,3797.1536,5573200,76524400,17358901100,205180009100,3758.3151,3798.9656,3749.9606,3729.9546
131509000,3797.0701,8945800,111513600,17367846900,205291522700,3758.3151,3798.9656,3749.9606,3729.9546
131514000,3797.0215,7242100,103946600,17375089000,205395469300,3758.3151,3798.9656,3749.9606,3729.9546
131519000,3796.6596,4976300,69006900,17380065300,205464476200,3758.3151,3798.9656,3749.9606,3729.9546
131524000,3796.3177,10646800,115468800,17390712100,205579945000,3758.3151,3798.9656,3749.9606,3729.9546
131529000,3795.3844,7243200,97234100,17397955300,205677179100,3758.3151,3798.9656,3749.9606,3729.9546
131534000,3794.9638,7471100,105207100,17405426400,205782386200,3758.3151,3798.9656,3749.9606,3729.9546
131539000,3795.1511,8961500,121250900,17414387900,205903637100,3758.3151,3798.9656,3749.9606,3729.9546
131544000,3795.2093,9924000,128109500,17424311900,206031746600,3758.3151,3798.9656,3749.9606,3729.9546
131549000,3795.2978,6453800,72126200,17430765700,206103872800,3758.3151,3798.9656,3749.9606,3729.9546
131554000,3795.4517,11668900,117226400,17442434600,206221099200,3758.3151,3798.9656,3749.9606,3729.9546
131559000,3795.1328,6514700,84959000,17448949300,206306058200,3758.3151,3798.9656,3749.9606,3729.9546
131604000,3795.4285,6558100,75650800,17455507400,206381709000,3758.3151,3798.9656,3749.9606,3729.9546
131609000,3795.7443,9088300,107814300,17464595700,206489523300,3758.3151,3798.9656,3749.9606,3729.9546
131614000,3795.5702,9847600,119890900,17474443300,206609414200,3758.3151,3798.9656,3749.9606,3729.9546
131619000,3795.6293,4958700,59136500,17479402000,206668550700,3758.3151,3798.9656,3749.9606,3729.9546
131624000,3795.3428,10673000,106389700,17490075000,206774940400,3758.3151,3798.9656,3749.9606,3729.9546
131629000,3795.4267,7670800,96781500,17497745800,206871721900,3758.3151,3798.9656,3749.9606,3729.9546
131634000,3795.5624,6702500,82142800,17504448300,206953864700,3758.3151,3798.9656,3749.9606,3729.9546
131639000,3795.6105,8884900,105836800,17513333200,207059701500,3758.3151,3798.9656,3749.9606,3729.9546
131644000,3795.647,8167300,96367900,17521500500,207156069400,3758.3151,3798.9656,3749.9606,3729.9546
131649000,3795.6599,6878300,82574800,17528378800,207238644200,3758.3151,3798.9656,3749.9606,3729.9546
131654000,3795.7775,7669600,92648200,17536048400,207331292400,3758.3151,3798.9656,3749.9606,3729.9546
131659000,3795.5227,5798300,74398300,17541846700,207405690700,3758.3151,3798.9656,3749.9606,3729.9546
131704000,3795.8514,5149200,71272800,17546995900,207476963500,3758.3151,3798.9656,3749.9606,3729.9546
131709000,3795.8883,6841000,91523500,17553836900,207568487000,3758.3151,3798.9656,3749.9606,3729.9546
131714000,3795.8281,9009400,112144000,17562846300,207680631000,3758.3151,3798.9656,3749.9606,3729.9546
131719000,3796.054,9459800,83339700,17572306100,207763970700,3758.3151,3798.9656,3749.9606,3729.9546
131724000,3796.0591,9818800,131319300,17582124900,207895290000,3758.3151,3798.9656,3749.9606,3729.9546
131729000,3796.4486,8108000,120797800,17590232900,208016087800,3758.3151,3798.9656,3749.9606,3729.9546
131734000,3797.0025,9019500,116199200,17599252400,208132287000,3758.3151,3798.9656,3749.9606,3729.9546
131739000,3797.4826,13472000,176610300,17612724400,208308897300,3758.3151,3798.9656,3749.9606,3729.9546
131744000,3797.948,12573900,159825200,17625298300,208468722500,3758.3151,3798.9656,3749.9606,3729.9546
131749000,3798.7148,8079600,106406300,17633377900,208575128800,3758.3151,3798.9686,3749.9606,3729.9546
131754000,3799.0135,14705600,214073300,17648083500,208789202100,3758.3151,3799.0135,3749.9606,3729.9546
131759000,3798.9906,8746300,123305300,17656829800,208912507400,3758.3151,3799.0998,3749.9606,3729.9546
131804000,3799.6655,10526000,148932600,17667355800,209061440000,3758.3151,3799.6655,3749.9606,3729.9546
131809000,3799.6168,15412300,233836400,17682768100,209295276400,3758.3151,3799.9235,3749.9606,3729.9546
131814000,3800.3531,11630500,155527900,17694398600,209450804300,3758.3151,3800.6572,3749.9606,3729.9546
131819000,3800.803,9730700,113087600,17704129300,209563891900,3758.3151,3801.0038,3749.9606,3729.9546
131824000,3800.9546,15855200,205264500,17719984500,209769156400,3758.3151,3801.3711,3749.9606,3729.9546
131829000,3801.6239,12836100,162964500,17732820600,209932120900,3758.3151,3801.6239,3749.9606,3729.9546
131834000,3801.7807,11437400,148860000,17744258000,210080980900,3758.3151,3801.7807,3749.9606,3729.9546
131839000,3802.0258,14947300,174675600,17759205300,210255656500,3758.3151,3802.3003,3749.9606,3729.9546
131844000,3802.4007,15016800,171181300,17774222100,210426837800,3758.3151,3802.4007,3749.9606,3729.9546
131849000,3802.3316,9137100,133609100,17783359200,210560446900,3758.3151,3802.5256,3749.9606,3729.9546
131854000,3802.8647,15309700,178124600,17798668900,210738571500,3758.3151,3803.0486,3749.9606,3729.9546
131859000,3803.2839,12115400,146797100,17810784300,210885368600,3758.3151,3803.2839,3749.9606,3729.9546
131904000,3803.4902,12207500,173941400,17822991800,211059310000,3758.3151,3803.4902,3749.9606,3729.9546
131909000,3803.285,12725100,160358200,17835716900,211219668200,3758.3151,3803.5588,3749.9606,3729.9546
131914000,3803.3534,17651700,186881500,17853368600,211406549700,3758.3151,3803.586,3749.9606,3729.9546
131919000,3803.339,10929600,114126900,17864298200,211520676600,3758.3151,3803.586,3749.9606,3729.9546
131924000,3803.5135,11289900,137917100,17875588100,211658593700,3758.3151,3803.586,3749.9606,3729.9546
131929000,3803.6543,16435600,138976900,17892023700,211797570600,3758.3151,3803.6543,3749.9606,3729.9546
131934000,3803.7951,13433200,129515200,17905456900,211927085800,3758.3151,3803.7951,3749.9606,3729.9546
131939000,3803.2691,11540600,145082700,17916997500,212072168500,3758.3151,3803.7951,3749.9606,3729.9546
131944000,3803.1361,13439900,144671400,17930437400,212216839900,3758.3151,3803.7951,3749.9606,3729.9546
131949000,3803.4848,9889000,111703200,17940326400,212328543100,3758.3151,3803.7951,3749.9606,3729.9546
131954000,3803.5254,27651500,194206700,17967977900,212522749800,3758.3151,3803.7951,3749.9606,3729.9546
131959000,3803.4068,8557800,95926000,17976535700,212618675800,3758.3151,3803.7951,3749.9606,3729.9546
132004000,3803.8485,8257500,98229600,17984793200,212716905400,3758.3151,3803.8485,3749.9606,3729.9546
132009000,3803.7009,10465500,117198800,17995258700,212834104200,3758.3151,3804.0729,3749.9606,3729.9546
132014000,3804.2312,9395800,110269900,18004654500,212944374100,3758.3151,3804.2312,3749.9606,3729.9546
132019000,3803.8325,7694500,95918400,18012349000,213040292500,3758.3151,3804.2312,3749.9606,3729.9546
132024000,3804.358,8923900,105384400,18021272900,213145676900,3758.3151,3804.358,3749.9606,3729.9546
132029000,3804.1519,7799700,95632700,18029072600,213241309600,3758.3151,3804.4423,3749.9606,3729.9546
132034000,3804.4561,7937400,96594400,18037010000,213337904000,3758.3151,3804.72,3749.9606,3729.9546
132039000,3804.6656,9534200,114487100,18046544200,213452391100,3758.3151,3804.72,3749.9606,3729.9546
132044000,3803.916,8440700,116334800,18054984900,213568725900,3758.3151,3804.72,3749.9606,3729.9546
132049000,3804.6497,5438400,71740100,18060423300,213640466000,3758.3151,3804.72,3749.9606,3729.9546
132054000,3804.3405,10814100,124113300,18071237400,213764579300,3758.3151,3804.72,3749.9606,3729.9546
132059000,3804.5459,9466400,100763200,18080703800,213865342500,3758.3151,3804.72,3749.9606,3729.9546
132104000,3804.6073,10661600,107831300,18091365400,213973173800,3758.3151,3804.72,3749.9606,3729.9546
132109000,3804.3924,9201000,120428500,18100566400,214093602300,3758.3151,3804.72,3749.9606,3729.9546
132114000,3804.2858,9552100,106184100,18110118500,214199786400,3758.3151,3804.72,3749.9606,3729.9546
132119000,3804.2997,8838600,97851500,18118957100,214297637900,3758.3151,3804.72,3749.9606,3729.9546
132124000,3804.2896,10901500,125030300,18129858600,214422668200,3758.3151,3804.72,3749.9606,3729.9546
132129000,3804.2047,8571800,109187100,18138430400,214531855300,3758.3151,3804.72,3749.9606,3729.9546
132134000,3803.7601,12204600,115884800,18150635000,214647740100,3758.3151,3804.72,3749.9606,3729.9546
132139000,3802.5546,13508300,158951300,18164143300,214806691400,3758.3151,3804.72,3749.9606,3729.9546
132144000,3802.1248,13968300,160319400,18178111600,214967010800,3758.3151,3804.72,3749.9606,3729.9546
132149000,3801.434,7498200,92746500,18185609800,215059757300,3758.3151,3804.72,3749.9606,3729.9546
132154000,3800.6088,10788600,129975200,18196398400,215189732500,3758.3151,3804.72,3749.9606,3729.9546
132159000,3800.8391,8724000,95950600,18205122400,215285683100,3758.3151,3804.72,3749.9606,3729.9546
132204000,3800.3181,8899000,118019800,18214021400,215403702900,3758.3151,3804.72,3749.9606,3729.9546
132209000,3799.7111,9761700,121475000,18223783100,215525177900,3758.3151,3804.72,3749.9606,3729.9546
132214000,3799.2492,10490100,114263200,18234273200,215639441100,3758.3151,3804.72,3749.9606,3729.9546
132219000,3799.4164,6928600,85107900,18241201800,215724549000,3758.3151,3804.72,3749.9606,3729.9546
132224000,3799.3524,10069900,134655500,18251271700,215859204500,3758.3151,3804.72,3749.9606,3729.9546
132229000,3798.8538,6699800,85339100,18257971500,215944543600,3758.3151,3804.72,3749.9606,3729.9546
132234000,3799.1886,7546000,99041800,18265517500,216043585400,3758.3151,3804.72,3749.9606,3729.9546
132239000,3799.0194,10749100,112479400,18276266600,216156064800,3758.3151,3804.72,3749.9606,3729.9546
132244000,3798.3336,7775700,116774700,18284042300,216272839500,3758.3151,3804.72,3749.9606,3729.9546
132249000,3798.657,4491300,58907400,18288533600,216331746900,3758.3151,3804.72,3749.9606,3729.9546
132254000,3798.5075,8636600,100959100,18297170200,216432706000,3758.3151,3804.72,3749.9606,3729.9546
132259000,3797.8337,6898300,91867800,18304068500,216524573800,3758.3151,3804.72,3749.9606,3729.9546
132304000,3798.0341,8717700,95136000,18312786200,216619709800,3758.3151,3804.72,3749.9606,3729.9546
132309000,3797.8673,8169300,97997600,18320955500,216717707400,3758.3151,3804.72,3749.9606,3729.9546
132314000,3797.4229,8027000,90806400,18328982500,216808513800,3758.3151,3804.72,3749.9606,3729.9546
132319000,3797.5511,6412500,64260600,18335395000,216872774400,3758.3151,3804.72,3749.9606,3729.9546
132324000,3797.5096,7399900,87469500,18342794900,216960243900,3758.3151,3804.72,3749.9606,3729.9546
132329000,3797.3955,5399700,70129500,18348194600,217030373400,3758.3151,3804.72,3749.9606,3729.9546
132334000,3797.2945,7203400,79177100,18355398000,217109550500,3758.3151,3804.72,3749.9606,3729.9546
132339000,3797.5214,8551900,87845000,18363949900,217197395500,3758.3151,3804.72,3749.9606,3729.9546
132344000,3797.0445,8206000,88345800,18372155900,217285741300,3758.3151,3804.72,3749.9606,3729.9546
132349000,3797.1123,8978900,75817200,18381134800,217361558500,3758.3151,3804.72,3749.9606,3729.9546
132354000,3796.7238,9280500,89369600,18390415300,217450928100,3758.3151,3804.72,3749.9606,3729.9546
132359000,3796.821,5837400,74085800,18396252700,217525013900,3758.3151,3804.72,3749.9606,3729.9546
132404000,3796.6545,6406600,71363400,18402659300,217596377300,3758.3151,3804.72,3749.9606,3729.9546
132409000,3796.5689,6533800,83700300,18409193100,217680077600,3758.3151,3804.72,3749.9606,3729.9546
132414000,3796.2507,7358900,92054100,18416552000,217772131700,3758.3151,3804.72,3749.9606,3729.9546
132419000,3796.1915,3638200,46788900,18420190200,217818920600,3758.3151,3804.72,3749.9606,3729.9546
132424000,3796.226,5748100,75008000,18425938300,217893928600,3758.3151,3804.72,3749.9606,3729.9546
132429000,3796.0046,4617400,61163100,18430555700,217955091700,3758.3151,3804.72,3749.9606,3729.9546
132434000,3795.8018,5307000,66454700,18435862700,218021546400,3758.3151,3804.72,3749.9606,3729.9546
132439000,3795.8411,8231600,96254600,18444094300,218117801000,3758.3151,3804.72,3749.9606,3729.9546
132444000,3796.0721,7222700,83862500,18451317000,218201663500,3758.3151,3804.72,3749.9606,3729.9546
132449000,3795.2886,5079400,70419200,18456396400,218272082700,3758.3151,3804.72,3749.9606,3729.9546
132454000,3795.3465,7431500,77074500,18463827900,218349157200,3758.3151,3804.72,3749.9606,3729.9546
132459000,3795.4219,5434700,65201700,18469262600,218414358900,3758.3151,3804.72,3749.9606,3729.9546
132504000,3795.1572,6332500,74581000,18475595100,218488939900,3758.3151,3804.72,3749.9606,3729.9546
132509000,3795.005,7396300,98063500,18482991400,218587003400,3758.3151,3804.72,3749.9606,3729.9546
132514000,3794.8506,7418000,97370800,18490409400,218684374200,3758.3151,3804.72,3749.9606,3729.9546
132519000,3794.711,4275600,51734100,18494685000,218736108300,3758.3151,3804.72,3749.9606,3729.9546
132524000,3794.3721,8081800,92605300,18502766800,218828713600,3758.3151,3804.72,3749.9606,3729.9546
132529000,3794.084,5533200,65156600,18508300000,218893870200,3758.3151,3804.72,3749.9606,3729.9546
132534000,3793.9931,6964900,83759000,18515264900,218977629200,3758.3151,3804.72,3749.9606,3729.9546
132539000,3793.995,6300500,78141100,18521565400,219055770300,3758.3151,3804.72,3749.9606,3729.9546
132544000,3793.682,6119400,84453100,18527684800,219140223400,3758.3151,3804.72,3749.9606,3729.9546
132549000,3793.6483,5998300,73009400,18533683100,219213232800,3758.3151,3804.72,3749.9606,3729.9546
132554000,3793.1471,6978300,88257800,18540661400,219301490600,3758.3151,3804.72,3749.9606,3729.9546
132559000,3793.2459,5614100,68997700,18546275500,219370488300,3758.3151,3804.72,3749.9606,3729.9546
132604000,3793.0268,7866300,87870800,18554141800,219458359100,3758.3151,3804.72,3749.9606,3729.9546
132609000,3792.9735,7852000,90765700,18561993800,219549124800,3758.3151,3804.72,3749.9606,3729.9546
132614000,3792.9962,6440600,85543700,18568434400,219634668500,3758.3151,3804.72,3749.9606,3729.9546
132619000,3792.8105,5453500,64171000,18573887900,219698839500,3758.3151,3804.72,3749.9606,3729.9546
132624000,3792.6026,6069300,73366100,18579957200,219772205600,3758.3151,3804.72,3749.9606,3729.9546
132629000,3792.576,5674400,74248900,18585631600,219846454500,3758.3151,3804.72,3749.9606,3729.9546
132634000,3792.027,6368700,69065600,18592000300,219915520100,3758.3151,3804.72,3749.9606,3729.9546
132639000,3792.1807,7352500,89591500,18599352800,220005111600,3758.3151,3804.72,3749.9606,3729.9546
132644000,3791.9468,7497900,86349600,18606850700,220091461200,3758.3151,3804.72,3749.9606,3729.9546
132649000,3791.8151,7484000,64805900,18614334700,220156267100,3758.3151,3804.72,3749.9606,3729.9546
132654000,3791.2168,7607000,88548600,18621941700,220244815700,3758.3151,3804.72,3749.9606,3729.9546
132659000,3791.1318,9190300,104735900,18631132000,220349551600,3758.3151,3804.72,3749.9606,3729.9546
132704000,3791.1431,6543600,72046400,18637675600,220421598000,3758.3151,3804.72,3749.9606,3729.9546
132709000,3791.1682,10816200,97984100,18648491800,220519582100,3758.3151,3804.72,3749.9606,3729.9546
132714000,3790.9593,14070700,122580000,18662562500,220642162100,3758.3151,3804.72,3749.9606,3729.9546
132719000,3790.8961,7492000,63270400,18670054500,220705432500,3758.3151,3804.72,3749.9606,3729.9546
132724000,3790.4028,10215600,121420700,18680270100,220826853200,3758.3151,3804.72,3749.9606,3729.9546
132729000,3790.3382,8522100,93822100,18688792200,220920675300,3758.3151,3804.72,3749.9606,3729.9546
132734000,3790.6164,8784000,111772000,18697576200,221032447300,3758.3151,3804.72,3749.9606,3729.9546
132739000,3790.3146,11909700,174185200,18709485900,221206632500,3758.3151,3804.72,3749.9606,3729.9546
132744000,3790.366,8337900,99166100,18717823800,221305798600,3758.3151,3804.72,3749.9606,3729.9546
132749000,3790.1576,6409600,58604500,18724233400,221364403100,3758.3151,3804.72,3749.9606,3729.9546
132754000,3790.0476,14439400,96373200,18738672800,221460776300,3758.3151,3804.72,3749.9606,3729.9546
132759000,3789.5672,6914400,76025800,18745587200,221536802100,3758.3151,3804.72,3749.9606,3729.9546
132804000,3789.7455,5909700,78987200,18751496900,221615789300,3758.3151,3804.72,3749.9606,3729.9546
132809000,3789.8166,7847100,95058600,18759344000,221710847900,3758.3151,3804.72,3749.9606,3729.9546
132814000,3789.702,7592200,93437700,18766936200,221804285600,3758.3151,3804.72,3749.9606,3729.9546
132819000,3789.302,7264500,67234300,18774200700,221871519900,3758.3151,3804.72,3749.9606,3729.9546
132824000,3789.3735,11420700,111195400,18785621400,221982715300,3758.3151,3804.72,3749.9606,3729.9546
132829000,3789.2888,5643100,75443400,18791264500,222058158700,3758.3151,3804.72,3749.9606,3729.9546
132834000,3789.4394,6877500,85445400,18798142000,222143604100,3758.3151,3804.72,3749.9606,3729.9546
132839000,3789.3117,7953300,84967500,18806095300,222228571600,3758.3151,3804.72,3749.9606,3729.9546
132844000,3789.4138,5358700,68925800,18811454000,222297497400,3758.3151,3804.72,3749.9606,3729.9546
132849000,3788.9204,4512500,48046600,18815966500,222345544000,3758.3151,3804.72,3749.9606,3729.9546
132854000,3789.0107,6772800,82763000,18822739300,222428307000,3758.3151,3804.72,3749.9606,3729.9546
132859000,3788.9618,6221200,73234200,18828960500,222501541200,3758.3151,3804.72,3749.9606,3729.9546
132904000,3788.9688,5765500,65616500,18834726000,222567157700,3758.3151,3804.72,3749.9606,3729.9546
132909000,3789.0919,8601000,100270600,18843327000,222667428300,3758.3151,3804.72,3749.9606,3729.9546
132914000,3788.9467,10418900,101707000,18853745900,222769135300,3758.3151,3804.72,3749.9606,3729.9546
132919000,3789.1274,4546300,53358500,18858292200,222822493800,3758.3151,3804.72,3749.9606,3729.9546
132924000,3788.752,7497300,93486700,18865789500,222915980500,3758.3151,3804.72,3749.9606,3729.9546
132929000,3788.998,5724200,63464600,18871513700,222979445100,3758.3151,3804.72,3749.9606,3729.9546
132934000,3788.7824,5404400,71231000,18876918100,223050676100,3758.3151,3804.72,3749.9606,3729.9546
132939000,3788.4389,9908600,108551000,18886826700,223159227100,3758.3151,3804.72,3749.9606,3729.9546
132944000,3788.5596,5905800,68543000,18892732500,223227770100,3758.3151,3804.72,3749.9606,3729.9546
132949000,3788.3839,5499100,60584200,18898231600,223288354300,3758.3151,3804.72,3749.9606,3729.9546
132954000,3788.6226,6926700,92042400,18905158300,223380396700,3758.3151,3804.72,3749.9606,3729.9546
132959000,3788.6305,10303600,99513500,18915461900,223479910200,3758.3151,3804.72,3749.9606,3729.9546
133004000,3788.5151,6149200,65149700,18921611100,223545059900,3758.3151,3804.72,3749.9606,3729.9546
133009000,3788.5353,10386000,97120500,18931997100,223642180400,3758.3151,3804.72,3749.9606,3729.9546
133014000,3788.4816,6862400,85482100,18938859500,223727662500,3758.3151,3804.72,3749.9606,3729.9546
133019000,3788.6007,3423600,45599300,18942283100,223773261800,3758.3151,3804.72,3749.9606,3729.9546
133024000,3788.4608,7811400,81114900,18950094500,223854376700,3758.3151,3804.72,3749.9606,3729.9546
133029000,3788.8184,4722600,58129700,18954817100,223912506400,3758.3151,3804.72,3749.9606,3729.9546
133034000,3788.5632,6243200,74136100,18961060300,223986642500,3758.3151,3804.72,3749.9606,3729.9546
133039000,3788.3732,7110700,81054800,18968171000,224067697300,3758.3151,3804.72,3749.9606,3729.9546
133044000,3788.239,7135700,74968800,18975306700,224142666100,3758.3151,3804.72,3749.9606,3729.9546
133049000,3788.6993,4227300,41960900,18979534000,224184627000,3758.3151,3804.72,3749.9606,3729.9546
133054000,3788.7271,7151300,94902200,18986685300,224279529200,3758.3151,3804.72,3749.9606,3729.9546
133059000,3789.037,4632000,55445000,18991317300,224334974200,3758.3151,3804.72,3749.9606,3729.9546
133104000,3788.6456,6220400,72942300,18997537700,224407916500,3758.3151,3804.72,3749.9606,3729.9546
133109000,3788.8853,6643100,76621800,19004180800,224484538300,3758.3151,3804.72,3749.9606,3729.9546
133114000,3788.6146,5763400,76855900,19009944200,224561394200,3758.3151,3804.72,3749.9606,3729.9546
133119000,3788.7561,4137400,57015600,19014081600,224618409800,3758.3151,3804.72,3749.9606,3729.9546
133124000,3788.2323,6406900,74782000,19020488500,224693191800,3758.3151,3804.72,3749.9606,3729.9546
133129000,3788.4128,5400800,55843300,19025889300,224749035100,3758.3151,3804.72,3749.9606,3729.9546
133134000,3788.6501,4940700,60707700,19030830000,224809742800,3758.3151,3804.72,3749.9606,3729.9546
133139000,3788.1293,8237400,91808700,19039067400,224901551500,3758.3151,3804.72,3749.9606,3729.9546
133144000,3787.931,7814900,94136200,19046882300,224995687700,3758.3151,3804.72,3749.9606,3729.9546
133149000,3787.9209,3689400,47302900,19050571700,225042990600,3758.3151,3804.72,3749.9606,3729.9546
133154000,3787.9151,5169000,63733600,19055740700,225106724200,3758.3151,3804.72,3749.9606,3729.9546
133159000,3788.0098,5004800,63247900,19060745500,225169972100,3758.3151,3804.72,3749.9606,3729.9546
133204000,3787.8431,4572500,63017400,19065318000,225232989500,3758.3151,3804.72,3749.9606,3729.9546
133209000,3787.7439,7403300,81777300,19072721300,225314766800,3758.3151,3804.72,3749.9606,3729.9546
133214000,3787.4509,6037400,74290700,19078758700,225389057500,3758.3151,3804.72,3749.9606,3729.9546
133219000,3787.9786,3603600,46865700,19082362300,225435923200,3758.3151,3804.72,3749.9606,3729.9546
133224000,3787.6663,5640400,72021500,19088002700,225507944700,3758.3151,3804.72,3749.9606,3729.9546
133229000,3787.6941,5993800,75622200,19093996500,225583566900,3758.3151,3804.72,3749.9606,3729.9546
133234000,3787.7913,6363500,72941500,19100360000,225656508400,3758.3151,3804.72,3749.9606,3729.9546
133239000,3787.338,8820100,87611800,19109180100,225744120200,3758.3151,3804.72,3749.9606,3729.9546
133244000,3787.3826,7917300,81308800,19117097400,225825429000,3758.3151,3804.72,3749.9606,3729.9546
133249000,3787.5936,4231700,42655900,19121329100,225868084900,3758.3151,3804.72,3749.9606,3729.9546
133254000,3787.5008,10109800,96481600,19131438900,225964566500,3758.3151,3804.72,3749.9606,3729.9546
133259000,3787.5638,5480500,75761300,19136919400,226040327800,3758.3151,3804.72,3749.9606,3729.9546
133304000,3787.6606,6658200,81990700,19143577600,226122318500,3758.3151,3804.72,3749.9606,3729.9546
133309000,3787.4256,8149000,94111700,19151726600,226216430200,3758.3151,3804.72,3749.9606,3729.9546
133314000,3787.0696,7619400,86767500,19159346000,226303197700,3758.3151,3804.72,3749.9606,3729.9546
133319000,3787.3561,3976500,43122600,19163322500,226346320300,3758.3151,3804.72,3749.9606,3729.9546
133324000,3786.981,5533900,68942200,19168856400,226415262500,3758.3151,3804.72,3749.9606,3729.9546
133329000,3787.2685,4633700,57359000,19173490100,226472621500,3758.3151,3804.72,3749.9606,3729.9546
133334000,3786.9683,4387600,58985500,19177877700,226531607000,3758.3151,3804.72,3749.9606,3729.9546
133339000,3786.9057,7102800,87648500,19184980500,226619255500,3758.3151,3804.72,3749.9606,3729.9546
133344000,3786.5297,7762100,89032300,19192742600,226708287800,3758.3151,3804.72,3749.9606,3729.9546
133349000,3786.9608,5009100,58921500,19197751700,226767209300,3758.3151,3804.72,3749.9606,3729.9546
133354000,3787.0902,6778600,81106200,19204530300,226848315500,3758.3151,3804.72,3749.9606,3729.9546
133359000,3787.0312,6005100,74181200,19210535400,226922496700,3758.3151,3804.72,3749.9606,3729.9546
133404000,3786.8178,5462100,63639200,19215997500,226986135900,3758.3151,3804.72,3749.9606,3729.9546
133409000,3787.1585,7940200,81215300,19223937700,227067351200,3758.3151,3804.72,3749.9606,3729.9546
133414000,3786.8587,8547800,84164200,19232485500,227151515400,3758.3151,3804.72,3749.9606,3729.9546
133419000,3786.7138,4120700,47421900,19236606200,227198937300,3758.3151,3804.72,3749.9606,3729.9546
133424000,3786.9449,7243500,98942400,19243849700,227297879700,3758.3151,3804.72,3749.9606,3729.9546
133429000,3786.9282,4857900,57004000,19248707600,227354883700,3758.3151,3804.72,3749.9606,3729.9546
133434000,3786.531,4635400,55199100,19253343000,227410082800,3758.3151,3804.72,3749.9606,3729.9546
133439000,3786.6274,7176000,89866900,19260519000,227499949700,3758.3151,3804.72,3749.9606,3729.9546
133444000,3786.8988,6079600,87463000,19266598600,227587412700,3758.3151,3804.72,3749.9606,3729.9546
133449000,3786.8873,4433600,51311900,19271032200,227638724600,3758.3151,3804.72,3749.9606,3729.9546
133454000,3787.2292,5436900,82866800,19276469100,227721591400,3758.3151,3804.72,3749.9606,3729.9546
133459000,3787.1144,6853800,74271300,19283322900,227795862700,3758.3151,3804.72,3749.9606,3729.9546
133504000,3786.7912,5043200,71396200,19288366100,227867258900,3758.3151,3804.72,3749.9606,3729.9546
133509000,3787.0159,10789700,100803800,19299155800,227968062700,3758.3151,3804.72,3749.9606,3729.9546
133514000,3787.4567,6054900,78965700,19305210700,228047028400,3758.3151,3804.72,3749.9606,3729.9546
133519000,3787.64,3732500,54725100,19308943200,228101753500,3758.3151,3804.72,3749.9606,3729.9546
133524000,3787.4591,8541800,93598100,19317485000,228195351600,3758.3151,3804.72,3749.9606,3729.9546
133529000,3787.6945,4338300,61387000,19321823300,228256738600,3758.3151,3804.72,3749.9606,3729.9546
133534000,3787.6903,5406300,63039200,19327229600,228319777800,3758.3151,3804.72,3749.9606,3729.9546
133539000,3787.497,7513700,88817100,19334743300,228408594900,3758.3151,3804.72,3749.9606,3729.9546
133544000,3787.7374,7761300,112627800,19342504600,228521222700,3758.3151,3804.72,3749.9606,3729.9546
133549000,3787.9959,6535000,63113200,19349039600,228584335900,3758.3151,3804.72,3749.9606,3729.9546
133554000,3788.2895,8183600,99414900,19357223200,228683750800,3758.3151,3804.72,3749.9606,3729.9546
133559000,3788.7149,6911600,80344500,19364134800,228764095300,3758.3151,3804.72,3749.9606,3729.9546
133604000,3789.0573,5020800,69282000,19369155600,228833377300,3758.3151,3804.72,3749.9606,3729.9546
133609000,3788.7341,10101700,110002700,19379257300,228943380000,3758.3151,3804.72,3749.9606,3729.9546
133614000,3789.1482,11330100,146302100,19390587400,229089682100,3758.3151,3804.72,3749.9606,3729.9546
133619000,3789.4031,4140700,51668900,19394728100,229141351000,3758.3151,3804.72,3749.9606,3729.9546
133624000,3789.7273,8285100,106160900,19403013200,229247511900,3758.3151,3804.72,3749.9606,3729.9546
133629000,3789.9607,7147100,77423000,19410160300,229324934900,3758.3151,3804.72,3749.9606,3729.9546
133634000,3789.7548,7406000,82803000,19417566300,229407737900,3758.3151,3804.72,3749.9606,3729.9546
133639000,3789.9078,8010300,99944200,19425576600,229507682100,3758.3151,3804.72,3749.9606,3729.9546
133644000,3789.9515,8742100,93526300,19434318700,229601208400,3758.3151,3804.72,3749.9606,3729.9546
133649000,3790.3538,5416000,56527800,19439734700,229657736200,3758.3151,3804.72,3749.9606,3729.9546
133654000,3790.6968,8474200,97847500,19448208900,229755583700,3758.3151,3804.72,3749.9606,3729.9546
133659000,3791.1537,8354900,85908500,19456563800,229841492200,3758.3151,3804.72,3749.9606,3729.9546
133704000,3790.8567,7699800,93577800,19464263600,229935070000,3758.3151,3804.72,3749.9606,3729.9546
133709000,3791.0685,8393200,108495300,19472656800,230043565300,3758.3151,3804.72,3749.9606,3729.9546
133714000,3791.357,6905100,84112500,19479561900,230127677800,3758.3151,3804.72,3749.9606,3729.9546
133719000,3790.8564,5632800,60026400,19485194700,230187704200,3758.3151,3804.72,3749.9606,3729.9546
133724000,3791.3948,9153500,107262000,19494348200,230294966200,3758.3151,3804.72,3749.9606,3729.9546
133729000,3791.2447,6413200,85784500,19500761400,230380750700,3758.3151,3804.72,3749.9606,3729.9546
133734000,3791.1873,5296800,67530800,19506058200,230448281500,3758.3151,3804.72,3749.9606,3729.9546
133739000,3791.1726,7740400,90703800,19513798600,230538985300,3758.3151,3804.72,3749.9606,3729.9546
133744000,3791.1668,6879300,91483900,19520677900,230630469200,3758.3151,3804.72,3749.9606,3729.9546
133749000,3791.2298,4726300,58217000,19525404200,230688686200,3758.3151,3804.72,3749.9606,3729.9546
133754000,3791.6912,7236700,85853400,19532640900,230774539600,3758.3151,3804.72,3749.9606,3729.9546
133759000,3791.4808,5163500,57065800,19537804400,230831605400,3758.3151,3804.72,3749.9606,3729.9546
133804000,3791.3816,5737200,71182200,19543541600,230902787600,3758.3151,3804.72,3749.9606,3729.9546
133809000,3791.2312,7083000,95666200,19550624600,230998453800,3758.3151,3804.72,3749.9606,3729.9546
133814000,3791.3439,5169600,64147600,19555794200,231062601400,3758.3151,3804.72,3749.9606,3729.9546
133819000,3791.3032,3634400,45520100,19559428600,231108121500,3758.3151,3804.72,3749.9606,3729.9546
133824000,3791.5927,5497500,64074900,19564926100,231172196400,3758.3151,3804.72,3749.9606,3729.9546
133829000,3791.3136,6019400,65392600,19570945500,231237589000,3758.3151,3804.72,3749.9606,3729.9546
133834000,3791.2528,5270100,66512900,19576215600,231304101900,3758.3151,3804.72,3749.9606,3729.9546
133839000,3790.7213,9598000,96702600,19585813600,231400804500,3758.3151,3804.72,3749.9606,3729.9546
133844000,3790.83,8329500,83994800,19594143100,231484799300,3758.3151,3804.72,3749.9606,3729.9546
133849000,3790.6895,3562300,41790600,19597705400,231526589900,3758.3151,3804.72,3749.9606,3729.9546
133854000,3790.3819,5932100,82793600,19603637500,231609383500,3758.3151,3804.72,3749.9606,3729.9546
133859000,3790.3671,5077500,64801200,19608715000,231674184700,3758.3151,3804.72,3749.9606,3729.9546
133904000,3789.801,10613700,114595000,19619328700,231788779700,3758.3151,3804.72,3749.9606,3729.9546
133909000,3789.7161,7032700,89413600,19626361400,231878193300,3758.3151,3804.72,3749.9606,3729.9546
133914000,3789.8984,6741800,85392600,19633103200,231963585900,3758.3151,3804.72,3749.9606,3729.9546
133919000,3789.5213,4036100,50185600,19637139300,232013771500,3758.3151,3804.72,3749.9606,3729.9546
133924000,3789.74,6526100,81663600,19643665400,232095435100,3758.3151,3804.72,3749.9606,3729.9546
133929000,3789.8021,4148200,64923200,19647813600,232160358300,3758.3151,3804.72,3749.9606,3729.9546
133934000,3789.4852,4991900,60193600,19652805500,232220551900,3758.3151,3804.72,3749.9606,3729.9546
133939000,3789.3551,6540700,91763500,19659346200,232312315400,3758.3151,3804.72,3749.9606,3729.9546
133944000,3789.0768,6637500,88291200,19665983700,232400606600,3758.3151,3804.72,3749.9606,3729.9546
133949000,3789.1242,2650700,40204900,19668634400,232440811500,3758.3151,3804.72,3749.9606,3729.9546
133954000,3789.0147,6551800,74729100,19675186200,232515540600,3758.3151,3804.72,3749.9606,3729.9546
133959000,3789.2223,5080600,67488200,19680266800,232583028800,3758.3151,3804.72,3749.9606,3729.9546
134004000,3789.0364,4329700,55285800,19684596500,232638314600,3758.3151,3804.72,3749.9606,3729.9546
134009000,3788.9129,9016300,103895800,19693612800,232742210400,3758.3151,3804.72,3749.9606,3729.9546
134014000,3788.8918,5456200,73854300,19699069000,232816064700,3758.3151,3804.72,3749.9606,3729.9546
134019000,3788.5021,4463700,53443100,19703532700,232869507800,3758.3151,3804.72,3749.9606,3729.9546
134024000,3788.4907,6020800,83291800,19709553500,232952799600,3758.3151,3804.72,3749.9606,3729.9546
134029000,3788.3115,4363600,61905800,19713917100,233014705400,3758.3151,3804.72,3749.9606,3729.9546
134034000,3788.3576,5595500,74401400,19719512600,233089106800,3758.3151,3804.72,3749.9606,3729.9546
134039000,3787.7512,7306100,101015300,19726818700,233190122100,3758.3151,3804.72,3749.9606,3729.9546
134044000,3788.1178,7796400,95081800,19734615100,233285203900,3758.3151,3804.72,3749.9606,3729.9546
134049000,3787.8112,5044600,63314500,19739659700,233348518400,3758.3151,3804.72,3749.9606,3729.9546
134054000,3787.3794,7402100,108222300,19747061800,233456740700,3758.3151,3804.72,3749.9606,3729.9546
134059000,3787.5779,7392800,106738200,19754454600,233563478900,3758.3151,3804.72,3749.9606,3729.9546
134104000,3787.0843,6335000,75614500,19760789600,233639093400,3758.3151,3804.72,3749.9606,3729.9546
134109000,3786.8241,7307700,96356600,19768097300,233735450000,3758.3151,3804.72,3749.9606,3729.9546
134114000,3786.7194,7672000,94532300,19775769300,233829982300,3758.3151,3804.72,3749.9606,3729.9546
134119000,3786.5041,5031300,57606800,19780800600,233887589100,3758.3151,3804.72,3749.9606,3729.9546
134124000,3786.698,9202900,108660000,19790003500,233996249100,3758.3151,3804.72,3749.9606,3729.9546
134129000,3786.7072,6406700,73414300,19796410200,234069663400,3758.3151,3804.72,3749.9606,3729.9546
134134000,3786.529,7511200,84834600,19803921400,234154498000,3758.3151,3804.72,3749.9606,3729.9546
134139000,3786.3663,8013800,88751500,19811935200,234243249500,3758.3151,3804.72,3749.9606,3729.9546
134144000,3785.9004,6132500,77485600,19818067700,234320735100,3758.3151,3804.72,3749.9606,3729.9546
134149000,3785.9473,4967500,52108700,19823035200,234372843800,3758.3151,3804.72,3749.9606,3729.9546
134154000,3785.9707,10095800,123710500,19833131000,234496554300,3758.3151,3804.72,3749.9606,3729.9546
134159000,3786.0765,7874900,93984000,19841005900,234590538300,3758.3151,3804.72,3749.9606,3729.9546
134204000,3785.4564,6440500,82767500,19847446400,234673305800,3758.3151,3804.72,3749.9606,3729.9546
134209000,3785.4538,9125400,97893600,19856571800,234771199400,3758.3151,3804.72,3749.9606,3729.9546
134214000,3785.6957,8945000,102859600,19865516800,234874059000,3758.3151,3804.72,3749.9606,3729.9546
134219000,3785.5664,4185400,53751600,19869702200,234927810600,3758.3151,3804.72,3749.9606,3729.9546
134224000,3785.2876,7674200,82564300,19877376400,235010374900,3758.3151,3804.72,3749.9606,3729.9546
134229000,3785.2112,5817300,74248100,19883193700,235084623000,3758.3151,3804.72,3749.9606,3729.9546
134234000,3785.1992,5966500,74055400,19889160200,235158678400,3758.3151,3804.72,3749.9606,3729.9546
134239000,3784.7016,7331700,96771200,19896491900,235255449600,3758.3151,3804.72,3749.9606,3729.9546
134244000,3784.6135,7543400,92836300,19904035300,235348285900,3758.3151,3804.72,3749.9606,3729.9546
134249000,3784.6979,4503800,53751200,19908539100,235402037100,3758.3151,3804.72,3749.9606,3729.9546
134254000,3784.8728,7863600,100597200,19916402700,235502634300,3758.3151,3804.72,3749.9606,3729.9546
134259000,3784.5638,5114500,68559800,19921517200,235571194100,3758.3151,3804.72,3749.9606,3729.9546
134304000,3784.6611,7996700,89275000,19929513900,235660469100,3758.3151,3804.72,3749.9606,3729.9546
134309000,3784.2326,7365400,99075100,19936879300,235759544200,3758.3151,3804.72,3749.9606,3729.9546
134314000,3783.904,7161500,86159900,19944040800,235845704100,3758.3151,3804.72,3749.9606,3729.9546
134319000,3784.0201,5276000,67476100,19949316800,235913180200,3758.3151,3804.72,3749.9606,3729.9546
134324000,3783.9975,6874700,78994800,19956191500,235992175000,3758.3151,3804.72,3749.9606,3729.9546
134329000,3783.4839,5135300,72700400,19961326800,236064875400,3758.3151,3804.72,3749.9606,3729.9546
134334000,3783.6868,5614500,65352700,19966941300,236130228100,3758.3151,3804.72,3749.9606,3729.9546
134339000,3783.2998,7215800,87874800,19974157100,236218102900,3758.3151,3804.72,3749.9606,3729.9546
134344000,3783.2436,8581100,112192600,19982738200,236330295500,3758.3151,3804.72,3749.9606,3729.9546
134349000,3782.9571,4608200,60078600,19987346400,236390374100,3758.3151,3804.72,3749.9606,3729.9546
134354000,3783.188,9313100,102472500,19996659500,236492846600,3758.3151,3804.72,3749.9606,3729.9546
134359000,3782.5718,7197200,95215400,20003856700,236588062000,3758.3151,3804.72,3749.9606,3729.9546
134404000,3782.3371,12693900,92841500,20016550600,236680903500,3758.3151,3804.72,3749.9606,3729.9546
134409000,3781.9281,10431000,127288800,20026981600,236808192300,3758.3151,3804.72,3749.9606,3729.9546
134414000,3781.5276,8714600,107942500,20035696200,236916134800,3758.3151,3804.72,3749.9606,3729.9546
134419000,3781.4534,4633100,58826900,20040329300,236974961700,3758.3151,3804.72,3749.9606,3729.9546
134424000,3781.7175,10869300,126578100,20051198600,237101539800,3758.3151,3804.72,3749.9606,3729.9546
134429000,3781.2112,7948800,107649100,20059147400,237209188900,3758.3151,3804.72,3749.9606,3729.9546
134434000,3780.7872,8764400,96423700,20067911800,237305612600,3758.3151,3804.72,3749.9606,3729.9546
134439000,3780.5692,8538300,111805900,20076450100,237417418500,3758.3151,3804.72,3749.9606,3729.9546
134444000,3780.1201,13192900,153552000,20089643000,237570970500,3758.3151,3804.72,3749.9606,3729.9546
134449000,3779.9045,7684400,83900400,20097327400,237654870900,3758.3151,3804.72,3749.9606,3729.9546
134454000,3779.8341,11527800,133495800,20108855200,237788366700,3758.3151,3804.72,3749.9606,3729.9546
134459000,3779.1528,8233500,101182300,20117088700,237889549000,3758.3151,3804.72,3749.9606,3729.9546
134504000,3778.7498,11722600,133946100,20128811300,238023495100,3758.3151,3804.72,3749.9606,3729.9546
134509000,3778.254,14712600,164674300,20143523900,238188169400,3758.3151,3804.72,3749.9606,3729.9546
134514000,3777.5401,13286700,170251600,20156810600,238358421000,3758.3151,3804.72,3749.9606,3729.9546
134519000,3776.5042,10556400,111750300,20167367000,238470171300,3758.3151,3804.72,3749.9606,3729.9546
134524000,3775.696,15956700,168936200,20183323700,238639107500,3758.3151,3804.72,3749.9606,3729.9546
134529000,3775.3186,13782700,153334500,20197106400,238792442000,3758.3151,3804.72,3749.9606,3729.9546
134534000,3774.139,11069500,142701800,20208175900,238935143800,3758.3151,3804.72,3749.9606,3729.9546
134539000,3773.5689,17427800,177653600,20225603700,239112797400,3758.3151,3804.72,3749.9606,3729.9546
134544000,3773.2295,18886000,241485900,20244489700,239354283300,3758.3151,3804.72,3749.9606,3729.9546
134549000,3772.3204,11232600,123314900,20255722300,239477598200,3758.3151,3804.72,3749.9606,3729.9546
134554000,3771.6615,18322300,229805600,20274044600,239707403800,3758.3151,3804.72,3749.9606,3729.9546
134559000,3770.8488,18571000,223659400,20292615600,239931063200,3758.3151,3804.72,3749.9606,3729.9546
134604000,3769.5852,18909100,267024800,20311524700,240198088000,3758.3151,3804.72,3749.9606,3729.9546
134609000,3769.2655,23965500,225902400,20335490200,240423990400,3758.3151,3804.72,3749.9606,3729.9546
134614000,3768.5674,17930500,177003300,20353420700,240600993700,3758.3151,3804.72,3749.9606,3729.9546
134619000,3768.5269,11337900,126836900,20364758600,240727830600,3758.3151,3804.72,3749.9606,3729.9546
134624000,3768.0657,13853100,169454400,20378611700,240897285000,3758.3151,3804.72,3749.9606,3729.9546
134629000,3768.0111,12654600,127198300,20391266300,241024483300,3758.3151,3804.72,3749.9606,3729.9546
134634000,3767.4337,14719700,158796200,20405986000,241183279500,3758.3151,3804.72,3749.9606,3729.9546
134639000,3767.2344,16164200,163912400,20422150200,241347191900,3758.3151,3804.72,3749.9606,3729.9546
134644000,3767.0743,14474200,178172200,20436624400,241525364100,3758.3151,3804.72,3749.9606,3729.9546
134649000,3766.9999,9563700,94097500,20446188100,241619461600,3758.3151,3804.72,3749.9606,3729.9546
134654000,3766.6271,15721200,160460200,20461909300,241779921800,3758.3151,3804.72,3749.9606,3729.9546
134659000,3766.9105,12665400,133368200,20474574700,241913290000,3758.3151,3804.72,3749.9606,3729.9546
134704000,3766.3552,14111400,115763100,20488686100,242029053100,3758.3151,3804.72,3749.9606,3729.9546
134709000,3766.5371,12821700,144916600,20501507800,242173969700,3758.3151,3804.72,3749.9606,3729.9546
134714000,3766.4245,15884500,148829700,20517392300,242322799400,3758.3151,3804.72,3749.9606,3729.9546
134719000,3766.6333,8990900,107040000,20526383200,242429839400,3758.3151,3804.72,3749.9606,3729.9546
134724000,3766.5105,17071700,173804200,20543454900,242603643600,3758.3151,3804.72,3749.9606,3729.9546
134729000,3766.385,10528700,109954700,20553983600,242713598300,3758.3151,3804.72,3749.9606,3729.9546
134734000,3766.5083,9688200,103639900,20563671800,242817238200,3758.3151,3804.72,3749.9606,3729.9546
134739000,3766.9006,11492900,124046200,20575164700,242941284400,3758.3151,3804.72,3749.9606,3729.9546
134744000,3766.9223,12937900,150271000,20588102600,243091555400,3758.3151,3804.72,3749.9606,3729.9546
134749000,3766.5774,6617400,71317000,20594720000,243162872400,3758.3151,3804.72,3749.9606,3729.9546
134754000,3766.5911,11275400,123686600,20605995400,243286559000,3758.3151,3804.72,3749.9606,3729.9546
134759000,3766.7233,8951800,95072700,20614947200,243381631700,3758.3151,3804.72,3749.9606,3729.9546
134804000,3766.6843,9129300,111793500,20624076500,243493425200,3758.3151,3804.72,3749.9606,3729.9546
134809000,3767.2036,9928800,126076200,20634005300,243619501400,3758.3151,3804.72,3749.9606,3729.9546
134814000,3766.6716,9074900,119019400,20643080200,243738520800,3758.3151,3804.72,3749.9606,3729.9546
134819000,3766.4505,8225700,77323100,20651305900,243815843900,3758.3151,3804.72,3749.9606,3729.9546
134824000,3766.4223,10769900,127288500,20662075800,243943132400,3758.3151,3804.72,3749.9606,3729.9546
134829000,3766.2406,8416700,101870500,20670492500,244045002900,3758.3151,3804.72,3749.9606,3729.9546
134834000,3766.1692,8999000,113732000,20679491500,244158734900,3758.3151,3804.72,3749.9606,3729.9546
134839000,3766.0477,10772100,128438000,20690263600,244287172900,3758.3151,3804.72,3749.9606,3729.9546
134844000,3766.1578,8812000,114435200,20699075600,244401608100,3758.3151,3804.72,3749.9606,3729.9546
134849000,3765.9268,7012500,77130000,20706088100,244478738100,3758.3151,3804.72,3749.9606,3729.9546
134854000,3765.8006,9132600,118085300,20715220700,244596823400,3758.3151,3804.72,3749.9606,3729.9546
134859000,3765.6137,7407000,93780700,20722627700,244690604100,3758.3151,3804.72,3749.9606,3729.9546
134904000,3765.2868,10567200,119143200,20733194900,244809747300,3758.3151,3804.72,3749.9606,3729.9546
134909000,3765.3062,17159600,174248700,20750354500,244983996000,3758.3151,3804.72,3749.9606,3729.9546
134914000,3765.283,17500800,190666700,20767855300,245174662700,3758.3151,3804.72,3749.9606,3729.9546
134919000,3765.5041,9328800,105678100,20777184100,245280340800,3758.3151,3804.72,3749.9606,3729.9546
134924000,3766.2021,16208300,157375700,20793392400,245437716500,3758.3151,3804.72,3749.9606,3729.9546
134929000,3766.1964,6790800,83513600,20800183200,245521230100,3758.3151,3804.72,3749.9606,3729.9546
134934000,3766.2815,7448300,92684200,20807631500,245613914300,3758.3151,3804.72,3749.9606,3729.9546
134939000,3766.474,8574000,101887600,20816205500,245715801900,3758.3151,3804.72,3749.9606,3729.9546
134944000,3766.8615,9553500,118814000,20825759000,245834615900,3758.3151,3804.72,3749.9606,3729.9546
134949000,3766.7572,6268500,70756000,20832027500,245905371900,3758.3151,3804.72,3749.9606,3729.9546
134954000,3766.8363,9296600,130421200,20841324100,246035793100,3758.3151,3804.72,3749.9606,3729.9546
134959000,3767.3252,5846100,72286300,20847170200,246108079400,3758.3151,3804.72,3749.9606,3729.9546
135004000,3767.5528,7757700,107494800,20854927900,246215574200,3758.3151,3804.72,3749.9606,3729.9546
135009000,3767.4059,10309900,120789000,20865237800,246336363200,3758.3151,3804.72,3749.9606,3729.9546
135014000,3767.675,9420800,132543600,20874658600,246468906800,3758.3151,3804.72,3749.9606,3729.9546
135019000,3767.8022,4460100,59320900,20879118700,246528227700,3758.3151,3804.72,3749.9606,3729.9546
135024000,3767.9724,10040300,113664500,20889159000,246641892200,3758.3151,3804.72,3749.9606,3729.9546
135029000,3768.1543,6357100,82849800,20895516100,246724742000,3758.3151,3804.72,3749.9606,3729.9546
135034000,3768.3712,6063900,83651700,20901580000,246808393700,3758.3151,3804.72,3749.9606,3729.9546
135039000,3768.837,7292900,93866400,20908872900,246902260100,3758.3151,3804.72,3749.9606,3729.9546
135044000,3769.0371,8116700,98485100,20916989600,247000745200,3758.3151,3804.72,3749.9606,3729.9546
135049000,3768.832,5957500,66647300,20922947100,247067392500,3758.3151,3804.72,3749.9606,3729.9546
135054000,3768.8944,10075800,113115900,20933022900,247180508400,3758.3151,3804.72,3749.9606,3729.9546
135059000,3769.0102,5557100,64739600,20938580000,247245248000,3758.3151,3804.72,3749.9606,3729.9546
135104000,3769.1249,7681100,87409300,20946261100,247332657300,3758.3151,3804.72,3749.9606,3729.9546
135109000,3769.6153,6091400,78461400,20952352500,247411118700,3758.3151,3804.72,3749.9606,3729.9546
135114000,3769.4465,6898000,93584200,20959250500,247504702900,3758.3151,3804.72,3749.9606,3729.9546
135119000,3769.6759,3650600,41049800,20962901100,247545752700,3758.3151,3804.72,3749.9606,3729.9546
135124000,3769.8863,7656500,91494600,20970557600,247637247300,3758.3151,3804.72,3749.9606,3729.9546
135129000,3769.9605,6510300,77258700,20977067900,247714506000,3758.3151,3804.72,3749.9606,3729.9546
135134000,3769.9775,6092800,75520300,20983160700,247790026300,3758.3151,3804.72,3749.9606,3729.9546
135139000,3769.8519,8889000,91950200,20992049700,247881976500,3758.3151,3804.72,3749.9606,3729.9546
135144000,3770.2186,9151800,99056600,21001201500,247981033100,3758.3151,3804.72,3749.9606,3729.9546
135149000,3770.4104,5297900,62348300,21006499400,248043381400,3758.3151,3804.72,3749.9606,3729.9546
135154000,3770.4054,7049900,83332500,21013549300,248126713900,3758.3151,3804.72,3749.9606,3729.9546
135159000,3769.9861,5789500,68592500,21019338800,248195306400,3758.3151,3804.72,3749.9606,3729.9546
135204000,3769.4552,6384300,84910800,21025723100,248280217200,3758.3151,3804.72,3749.9606,3729.9546
135209000,3769.7523,8855400,109399800,21034578500,248389617000,3758.3151,3804.72,3749.9606,3729.9546
135214000,3769.2181,7121700,89560600,21041700200,248479177600,3758.3151,3804.72,3749.9606,3729.9546
135219000,3769.4384,4914800,52329500,21046615000,248531507100,3758.3151,3804.72,3749.9606,3729.9546
135224000,3769.1087,6753200,86341400,21053368200,248617848500,3758.3151,3804.72,3749.9606,3729.9546
135229000,3769.5429,5886500,71813300,21059254700,248689661800,3758.3151,3804.72,3749.9606,3729.9546
135234000,3768.6144,5491000,68399200,21064745700,248758061000,3758.3151,3804.72,3749.9606,3729.9546
135239000,3768.7494,8271000,99747000,21073016700,248857808000,3758.3151,3804.72,3749.9606,3729.9546
135244000,3768.4942,9036300,108811800,21082053000,248966619800,3758.3151,3804.72,3749.9606,3729.9546
135249000,3768.0023,6405100,77310200,21088458100,249043930000,3758.3151,3804.72,3749.9606,3729.9546
135254000,3767.5035,10781700,131840200,21099239800,249175770200,3758.3151,3804.72,3749.9606,3729.9546
135259000,3766.049,14890700,170140200,21114130500,249345910400,3758.3151,3804.72,3749.9606,3729.9546
135304000,3764.649,21094500,236012500,21135225000,249581922900,3758.3151,3804.72,3749.9606,3729.9546
135309000,3763.9232,17441600,219044500,21152666600,249800967400,3758.3151,3804.72,3749.9606,3729.9546
135314000,3762.7415,13499300,176977100,21166165900,249977944500,3758.3151,3804.72,3749.9606,3729.9546
135319000,3762.2299,7407800,103299700,21173573700,250081244200,3758.3151,3804.72,3749.9606,3729.9546
135324000,3761.7718,12258200,158052300,21185831900,250239296500,3758.3151,3804.72,3749.9606,3729.9546
135329000,3760.8761,10301600,116305700,21196133500,250355602200,3758.3151,3804.72,3749.9606,3729.9546
135334000,3760.394,11873100,134320000,21208006600,250489922200,3758.3151,3804.72,3749.9606,3729.9546
135339000,3760.3227,12120600,158234200,21220127200,250648156400,3758.3151,3804.72,3749.9606,3729.9546
135344000,3760.3502,10427700,121848500,21230554900,250770004900,3758.3151,3804.72,3749.9606,3729.9546
135349000,3759.776,8688600,106385200,21239243500,250876390100,3758.3151,3804.72,3749.9606,3729.9546
135354000,3759.3897,12758300,165770400,21252001800,251042160500,3758.3151,3804.72,3749.9606,3729.9546
135359000,3759.2948,10846400,123966300,21262848200,251166126800,3758.3151,3804.72,3749.9606,3729.9546
135404000,3758.9523,10776000,125149400,21273624200,251291276200,3758.3151,3804.72,3749.9606,3729.9546
135409000,3758.8863,11292400,156645900,21284916600,251447922100,3758.3151,3804.72,3749.9606,3729.9546
135414000,3758.5872,13807400,156158100,21298724000,251604080200,3758.3151,3804.72,3749.9606,3729.9546
135419000,3758.1794,9108400,99085300,21307832400,251703165500,3758.3151,3804.72,3749.9606,3729.9546
135424000,3758.1246,12388700,129343800,21320221100,251832509300,3758.3151,3804.72,3749.9606,3729.9546
135429000,3757.6739,10251200,109328000,21330472300,251941837300,3758.3151,3804.72,3749.9606,3729.9546
135434000,3757.6111,13761900,149782200,21344234200,252091619500,3758.3151,3804.72,3749.9606,3729.9546
135439000,3757.2846,12944300,149956700,21357178500,252241576200,3758.3151,3804.72,3749.9606,3729.9546
135444000,3757.1098,11487000,139837600,21368665500,252381413800,3758.3151,3804.72,3749.9606,3729.9546
135449000,3756.9749,7617700,84939600,21376283200,252466353400,3758.3151,3804.72,3749.9606,3729.9546
135454000,3756.5734,12822100,133296700,21389105300,252599650100,3758.3151,3804.72,3749.9606,3729.9546
135459000,3756.2224,9290400,121276800,21398395700,252720926900,3758.3151,3804.72,3749.9606,3729.9546
135504000,3755.0315,14521400,170712100,21412917100,252891639000,3758.3151,3804.72,3749.9606,3729.9546
135509000,3754.6298,18013300,182974300,21430930400,253074613300,3758.3151,3804.72,3749.9606,3729.9546
135514000,3754.418,13385000,168028600,21444315400,253242641900,3758.3151,3804.72,3749.9606,3729.9546
135519000,3752.93,7972400,100461600,21452287800,253343103500,3758.3151,3804.72,3749.9606,3729.9546
135524000,3753.4188,11794900,137310400,21464082700,253480413900,3758.3151,3804.72,3749.9606,3729.9546
135529000,3752.7318,10733400,121724600,21474816100,253602138500,3758.3151,3804.72,3749.9606,3729.9546
135534000,3752.1918,11899400,136769700,21486715500,253738908200,3758.3151,3804.72,3749.9606,3729.9546
135539000,3751.7209,15416100,167726700,21502131600,253906634900,3758.3151,3804.72,3749.9606,3729.9546
135544000,3751.2752,12176300,136585800,21514307900,254043220700,3758.3151,3804.72,3749.9606,3729.9546
135549000,3751.0152,9296000,96451000,21523603900,254139671700,3758.3151,3804.72,3749.9606,3729.9546
135554000,3750.6241,12059000,133612900,21535662900,254273284600,3758.3151,3804.72,3749.9606,3729.9546
135559000,3750.4187,12290100,136326900,21547953000,254409611500,3758.3151,3804.72,3749.9606,3729.9546
135604000,3749.848,11547200,135634700,21559500200,254545246200,3758.3151,3804.72,3749.6663,3729.9546
135609000,3749.5382,15510300,188010900,21575010500,254733257100,3758.3151,3804.72,3749.5113,3729.9546
135614000,3749.5411,14402800,163164700,21589413300,254896421800,3758.3151,3804.72,3749.2144,3729.9546
135619000,3749.1444,9369200,98766000,21598782500,254995187800,3758.3151,3804.72,3749.1444,3729.9546
135624000,3748.8759,15859400,163415500,21614641900,255158603300,3758.3151,3804.72,3748.8759,3729.9546
135629000,3748.897,14721500,142564200,21629363400,255301167500,3758.3151,3804.72,3748.8759,3729.9546
135634000,3748.4942,11421900,127244400,21640785300,255428411900,3758.3151,3804.72,3748.4942,3729.9546
135639000,3748.5818,14250600,148030700,21655035900,255576442600,3758.3151,3804.72,3748.4942,3729.9546
135644000,3748.5049,12168700,142069200,21667204600,255718511800,3758.3151,3804.72,3748.2127,3729.9546
135649000,3748.5711,8841100,96346400,21676045700,255814858200,3758.3151,3804.72,3748.2127,3729.9546
135654000,3748.1228,13192000,139896300,21689237700,255954754500,3758.3151,3804.72,3748.0326,3729.9546
135659000,3747.9109,9321700,112608600,21698559400,256067363100,3758.3151,3804.72,3747.9109,3729.9546
135704000,3747.7518,9659300,120135700,21708218700,256187498800,3758.3151,3804.72,3747.7518,3729.9546
135709000,3748.0703,11211200,132905900,21719429900,256320404700,3758.3151,3804.72,3747.7518,3729.9546
135714000,3748.0382,15149300,164565200,21734579200,256484969900,3758.3151,3804.72,3747.7518,3729.9546
135719000,3749.2348,9439500,111165000,21744018700,256596134900,3758.3151,3804.72,3747.7518,3729.9546
135724000,3748.9395,15746500,166363100,21759765200,256762498000,3758.3151,3804.72,3747.7518,3729.9546
135729000,3749.3423,11241900,126360000,21771007100,256888858000,3758.3151,3804.72,3747.7518,3729.9546
135734000,3750.3587,11723900,133751800,21782731000,257022609800,3758.3151,3804.72,3747.7518,3729.9546
135739000,3750.5491,12793200,144919500,21795524200,257167529300,3758.3151,3804.72,3747.7518,3729.9546
135744000,3750.8154,12414200,129349700,21807938400,257296879000,3758.3151,3804.72,3747.7518,3729.9546
135749000,3751.4924,7175900,71737100,21815114300,257368616100,3758.3151,3804.72,3747.7518,3729.9546
135754000,3751.5409,9179100,111732000,21824293400,257480348100,3758.3151,3804.72,3747.7518,3729.9546
135759000,3752.3634,11974400,125840600,21836267800,257606188700,3758.3151,3804.72,3747.7518,3729.9546
135804000,3752.8043,11816900,118588000,21848084700,257724776700,3758.3151,3804.72,3747.7518,3729.9546
135809000,3753.3472,12273800,115122900,21860358500,257839899600,3758.3151,3804.72,3747.7518,3729.9546
135814000,3753.8643,9316100,111886400,21869674600,257951786000,3758.3151,3804.72,3747.7518,3729.9546
135819000,3753.6984,8091700,81394200,21877766300,258033180200,3758.3151,3804.72,3747.7518,3729.9546
135824000,3754.0892,9752200,88098100,21887518500,258121278300,3758.3151,3804.72,3747.7518,3729.9546
135829000,3754.232,7506900,81054300,21895025400,258202332600,3758.3151,3804.72,3747.7518,3729.9546
135834000,3754.403,5942900,78697000,21900968300,258281029600,3758.3151,3804.72,3747.7518,3729.9546
135839000,3754.3075,9008600,116978200,21909976900,258398007800,3758.3151,3804.72,3747.7518,3729.9546
135844000,3754.6927,9606000,103979400,21919582900,258501987200,3758.3151,3804.72,3747.7518,3729.9546
135849000,3754.9771,4502100,54011900,21924085000,258555999100,3758.3151,3804.72,3747.7518,3729.9546
135854000,3755.5139,8846400,102452800,21932931400,258658451900,3758.3151,3804.72,3747.7518,3729.9546
135859000,3755.5414,6074400,69495100,21939005800,258727947000,3758.3151,3804.72,3747.7518,3729.9546
135904000,3755.4124,6664100,75943500,21945669900,258803890500,3758.3151,3804.72,3747.7518,3729.9546
135909000,3754.8761,12275500,118059900,21957945400,258921950400,3758.3151,3804.72,3747.7518,3729.9546
135914000,3753.9791,9795700,119329700,21967741100,259041280100,3758.3151,3804.72,3747.7518,3729.9546
135919000,3753.8914,5659000,67567300,21973400100,259108847400,3758.3151,3804.72,3747.7518,3729.9546
135924000,3754.1586,8018400,96578600,21981418500,259205426000,3758.3151,3804.72,3747.7518,3729.9546
135929000,3754.2294,5956900,86064200,21987375400,259291490200,3758.3151,3804.72,3747.7518,3729.9546
135934000,3755.0324,9191500,90716500,21996566900,259382206700,3758.3151,3804.72,3747.7518,3729.9546
135939000,3754.9666,8907400,86843000,22005474300,259469049700,3758.3151,3804.72,3747.7518,3729.9546
135944000,3754.3039,7314200,82369500,22012788500,259551419200,3758.3151,3804.72,3747.7518,3729.9546
135949000,3754.8958,5522400,61320000,22018310900,259612739200,3758.3151,3804.72,3747.7518,3729.9546
135954000,3755.0426,7322900,87565500,22025633800,259700304700,3758.3151,3804.72,3747.7518,3729.9546
135959000,3754.3211,6747100,77369500,22032380900,259777674200,3758.3151,3804.72,3747.7518,3729.9546
140004000,3754.0945,8792200,88656800,22041173100,259866331000,3758.3151,3804.72,3747.7518,3729.9546
140009000,3753.2553,6600500,86932400,22047773600,259953263400,3758.3151,3804.72,3747.7518,3729.9546
140014000,3753.6731,6630000,79930100,22054403600,260033193500,3758.3151,3804.72,3747.7518,3729.9546
140019000,3753.8521,6273100,68828900,22060676700,260102022400,3758.3151,3804.72,3747.7518,3729.9546
140024000,3753.6995,6783100,83165100,22067459800,260185187500,3758.3151,3804.72,3747.7518,3729.9546
140029000,3753.8094,6461700,77790600,22073921500,260262978100,3758.3151,3804.72,3747.7518,3729.9546
140034000,3753.5858,6734600,66430500,22080656100,260329408600,3758.3151,3804.72,3747.7518,3729.9546
140039000,3753.2734,5726300,74292400,22086382400,260403701000,3758.3151,3804.72,3747.7518,3729.9546
140044000,3753.7304,7492800,91027800,22093875200,260494728800,3758.3151,3804.72,3747.7518,3729.9546
140049000,3753.7006,5239900,57519300,22099115100,260552248100,3758.3151,3804.72,3747.7518,3729.9546
140054000,3753.3802,6135000,82327000,22105250100,260634575100,3758.3151,3804.72,3747.7518,3729.9546
140059000,3753.2815,5359300,63554000,22110609400,260698129100,3758.3151,3804.72,3747.7518,3729.9546
140104000,3752.7928,5795400,62371100,22116404800,260760500200,3758.3151,3804.72,3747.7518,3729.9546
140109000,3753.0201,7428600,90298600,22123833400,260850798800,3758.3151,3804.72,3747.7518,3729.9546
140114000,3752.8215,6483800,69191200,22130317200,260919990000,3758.3151,3804.72,3747.7518,3729.9546
140119000,3752.7271,4626500,47458400,22134943700,260967448400,3758.3151,3804.72,3747.7518,3729.9546
140124000,3752.3312,7939700,86047600,22142883400,261053496000,3758.3151,3804.72,3747.7518,3729.9546
140129000,3752.2464,7315900,99954400,22150199300,261153450400,3758.3151,3804.72,3747.7518,3729.9546
140134000,3752.4461,7880700,93589000,22158080000,261247039400,3758.3151,3804.72,3747.7518,3729.9546
140139000,3751.245,13277600,140489800,22171357600,261387529200,3758.3151,3804.72,3747.7518,3729.9546
140144000,3749.9506,10831600,138315800,22182189200,261525845000,3758.3151,3804.72,3747.7518,3729.9546
140149000,3749.8075,8269300,84268700,22190458500,261610113700,3758.3151,3804.72,3747.7518,3729.9546
140154000,3749.5559,9641300,118794400,22200099800,261728908100,3758.3151,3804.72,3747.7518,3729.9546
140159000,3748.4696,8045900,97705500,22208145700,261826613600,3758.3151,3804.72,3747.7518,3729.9546
140204000,3747.5387,15431300,172316800,22223577000,261998930400,3758.3151,3804.72,3747.4225,3729.9546
140209000,3747.2491,14239900,168815400,22237816900,262167745800,3758.3151,3804.72,3746.8787,3729.9546
140214000,3746.7471,12108400,133717600,22249925300,262301463400,3758.3151,3804.72,3746.4886,3729.9546
140219000,3746.3212,8853100,93822400,22258778400,262395285800,3758.3151,3804.72,3746.1885,3729.9546
140224000,3746.0919,12360000,122878000,22271138400,262518163800,3758.3151,3804.72,3745.5401,3729.9546
140229000,3745.8183,9675300,96533500,22280813700,262614697300,3758.3151,3804.72,3745.5401,3729.9546
140234000,3745.4155,8688800,90389300,22289502500,262705086600,3758.3151,3804.72,3745.4155,3729.9546
140239000,3745.1797,12455600,124110800,22301958100,262829197400,3758.3151,3804.72,3744.5818,3729.9546
140244000,3744.9301,11032200,139452000,22312990300,262968649400,3758.3151,3804.72,3744.5818,3729.9546
140249000,3744.7363,5749500,70668100,22318739800,263039317500,3758.3151,3804.72,3744.5818,3729.9546
140254000,3744.2757,11519200,153372500,22330259000,263192690000,3758.3151,3804.72,3744.006,3729.9546
140259000,3744.1202,7839400,95022700,22338098400,263287712700,3758.3151,3804.72,3743.9571,3729.9546
140304000,3743.8065,10941100,118635400,22349039500,263406348100,3758.3151,3804.72,3743.7801,3729.9546
140309000,3743.5469,12433700,153195800,22361473200,263559543900,3758.3151,3804.72,3743.4841,3729.9546
140314000,3743.4709,9209600,111909900,22370682800,263671453800,3758.3151,3804.72,3742.9575,3729.9546
140319000,3743.2866,7708500,94121100,22378391300,263765574900,3758.3151,3804.72,3742.9575,3729.9546
140324000,3743.013,11689800,145753000,22390081100,263911327900,3758.3151,3804.72,3742.6557,3729.9546
140329000,3742.591,8932600,94798600,22399013700,264006126500,3758.3151,3804.72,3742.591,3729.9546
140334000,3742.3425,8703300,105983300,22407717000,264112109800,3758.3151,3804.72,3742.1688,3729.9546
140339000,3742.1183,9249300,104093200,22416966300,264216203000,3758.3151,3804.72,3742.1183,3729.9546
140344000,3742.0263,12043900,143439500,22429010200,264359642500,3758.3151,3804.72,3741.7922,3729.9546
140349000,3741.8535,8602300,96966300,22437612500,264456608800,3758.3151,3804.72,3741.7922,3729.9546
140354000,3741.6909,11969500,131679300,22449582000,264588288100,3758.3151,3804.72,3741.6909,3729.9546
140359000,3741.5781,7496700,95078600,22457078700,264683366700,3758.3151,3804.72,3741.5049,3729.9546
140404000,3741.5058,12079100,132045700,22469157800,264815412400,3758.3151,3804.72,3741.4356,3729.9546
140409000,3741.0366,11340300,150618700,22480498100,264966031100,3758.3151,3804.72,3740.8752,3729.9546
140414000,3741.1917,14456600,162970500,22494954700,265129001600,3758.3151,3804.72,3740.8752,3729.9546
140419000,3740.9345,8095400,100943000,22503050100,265229944600,3758.3151,3804.72,3740.7782,3729.9546
140424000,3740.9416,11986000,149657400,22515036100,265379602000,3758.3151,3804.72,3740.7782,3729.9546
140429000,3740.921,8287800,92473400,22523323900,265472075400,3758.3151,3804.72,3740.7468,3729.9546
140434000,3740.7439,14888900,164126700,22538212800,265636202100,3758.3151,3804.72,3740.7439,3729.9546
140439000,3741.247,14434600,166207800,22552647400,265802409900,3758.3151,3804.72,3740.7439,3729.9546
140444000,3741.0361,9075300,107806500,22561722700,265910216400,3758.3151,3804.72,3740.7439,3729.9546
140449000,3741.1371,8279300,83292900,22570002000,265993509300,3758.3151,3804.72,3740.7439,3729.9546
140454000,3741.1542,13024800,137268700,22583026800,266130778000,3758.3151,3804.72,3740.7439,3729.9546
140459000,3740.9254,6898100,85375500,22589924900,266216153500,3758.3151,3804.72,3740.7439,3729.9546
140504000,3740.9048,8840900,107385700,22598765800,266323539200,3758.3151,3804.72,3740.7439,3729.9546
140509000,3740.8631,11388300,134326200,22610154100,266457865400,3758.3151,3804.72,3740.4318,3729.9546
140514000,3740.5669,11420100,118793800,22621574200,266576659200,3758.3151,3804.72,3740.4318,3729.9546
140519000,3740.5058,6851000,78661500,22628425200,266655320700,3758.3151,3804.72,3740.4318,3729.9546
140524000,3740.3695,15344900,169235500,22643770100,266824556200,3758.3151,3804.72,3740.1343,3729.9546
140529000,3740.0498,9449300,106200500,22653219400,266930756700,3758.3151,3804.72,3740.0414,3729.9546
140534000,3740.1816,10053200,118367700,22663272600,267049124400,3758.3151,3804.72,3740.0414,3729.9546
140539000,3739.4884,11061500,121046100,22674334100,267170170500,3758.3151,3804.72,3739.3079,3729.9546
140544000,3739.4891,13619000,131571200,22687953100,267301741700,3758.3151,3804.72,3739.2594,3729.9546
140549000,3739.2405,6423900,76061800,22694377000,267377803500,3758.3151,3804.72,3739.2405,3729.9546
140554000,3739.3263,10389300,119313500,22704766300,267497117000,3758.3151,3804.72,3739.0764,3729.9546
140559000,3738.8701,8322100,95679200,22713088400,267592796200,3758.3151,3804.72,3738.868,3729.9546
140604000,3738.4643,11170300,115054400,22724258700,267707850600,3758.3151,3804.72,3738.4643,3729.9546
140609000,3738.6311,12145000,136783100,22736403700,267844633700,3758.3151,3804.72,3738.4643,3729.9546
140614000,3738.5973,11888000,123093200,22748291700,267967726900,3758.3151,3804.72,3738.3593,3729.9546
140619000,3738.4181,8368300,80043000,22756660000,268047769900,3758.3151,3804.72,3738.1813,3729.9546
140624000,3738.0251,10070700,120790000,22766730700,268168559900,3758.3151,3804.72,3737.9542,3729.9546
140629000,3738.0804,7335000,82142300,22774065700,268250702200,3758.3151,3804.72,3737.9542,3729.9546
140634000,3738.0546,9049000,115309400,22783114700,268366011600,3758.3151,3804.72,3737.9542,3729.9546
140639000,3738.1665,9985600,120548500,22793100300,268486560100,3758.3151,3804.72,3737.9542,3729.9546
140644000,3738.0493,9303300,102893000,22802403600,268589453100,3758.3151,3804.72,3737.9542,3729.9546
140649000,3738.1375,7068300,88121400,22809471900,268677574500,3758.3151,3804.72,3737.9523,3729.9546
140654000,3738.0161,10326200,127062200,22819798100,268804636700,3758.3151,3804.72,3737.9523,3729.9546
140659000,3738.4566,9599700,110665600,22829397800,268915302300,3758.3151,3804.72,3737.9523,3729.9546
140704000,3738.9887,9857000,124299500,22839254800,269039601800,3758.3151,3804.72,3737.9523,3729.9546
140709000,3738.9648,9322100,111597500,22848576900,269151199300,3758.3151,3804.72,3737.9523,3729.9546
140714000,3738.8699,10514500,127409200,22859091400,269278608500,3758.3151,3804.72,3737.9523,3729.9546
140719000,3739.1921,9030700,100480400,22868122100,269379088900,3758.3151,3804.72,3737.9523,3729.9546
140724000,3739.6639,11048800,129131900,22879170900,269508220800,3758.3151,3804.72,3737.9523,3729.9546
140729000,3739.9853,7476500,99816700,22886647400,269608037500,3758.3151,3804.72,3737.9523,3729.9546
140734000,3740.3701,9247200,105882700,22895894600,269713920200,3758.3151,3804.72,3737.9523,3729.9546
140739000,3740.067,8690100,103016000,22904584700,269816936200,3758.3151,3804.72,3737.9523,3729.9546
140744000,3740.4286,10070100,101975900,22914654800,269918912100,3758.3151,3804.72,3737.9523,3729.9546
140749000,3741.0207,6484000,75275700,22921138800,269994187800,3758.3151,3804.72,3737.9523,3729.9546
140754000,3741.6746,12110600,135942300,22933249400,270130130100,3758.3151,3804.72,3737.9523,3729.9546
140759000,3742.388,8383200,89832800,22941632600,270219962900,3758.3151,3804.72,3737.9523,3729.9546
140804000,3742.9249,12025500,125433200,22953658100,270345396100,3758.3151,3804.72,3737.9523,3729.9546
140809000,3743.5768,10470800,119256200,22964128900,270464652300,3758.3151,3804.72,3737.9523,3729.9546
140814000,3744.2034,8792600,90929400,22972921500,270555581700,3758.3151,3804.72,3737.9523,3729.9546
140819000,3744.1575,5168000,53598800,22978089500,270609180500,3758.3151,3804.72,3737.9523,3729.9546
140824000,3744.557,11127500,103070000,22989217000,270712250500,3758.3151,3804.72,3737.9523,3729.9546
140829000,3745.3043,8216700,67165300,22997433700,270779415800,3758.3151,3804.72,3737.9523,3729.9546
140834000,3745.8434,9161600,83343900,23006595300,270862759700,3758.3151,3804.72,3737.9523,3729.9546
140839000,3745.8043,7526500,94664100,23014121800,270957423800,3758.3151,3804.72,3737.9523,3729.9546
140844000,3746.4425,7742800,82741300,23021864600,271040165100,3758.3151,3804.72,3737.9523,3729.9546
140849000,3746.9125,7713400,76077200,23029578000,271116242300,3758.3151,3804.72,3737.9523,3729.9546
140854000,3747.3147,8135000,89336700,23037713000,271205579000,3758.3151,3804.72,3737.9523,3729.9546
140859000,3747.8098,5981900,68930500,23043694900,271274509500,3758.3151,3804.72,3737.9523,3729.9546
140904000,3747.979,6618700,77818000,23050313600,271352327500,3758.3151,3804.72,3737.9523,3729.9546
140909000,3748.0469,10061800,104848800,23060375400,271457176300,3758.3151,3804.72,3737.9523,3729.9546
140914000,3748.996,6501000,73309000,23066876400,271530485300,3758.3151,3804.72,3737.9523,3729.9546
140919000,3748.8991,5714700,58338700,23072591100,271588824000,3758.3151,3804.72,3737.9523,3729.9546
140924000,3749.3193,7301400,85955200,23079892500,271674779200,3758.3151,3804.72,3737.9523,3729.9546
140929000,3749.7218,5858000,58989400,23085750500,271733768600,3758.3151,3804.72,3737.9523,3729.9546
140934000,3749.7887,7839000,87194000,23093589500,271820962600,3758.3151,3804.72,3737.9523,3729.9546
140939000,3750.1277,6723500,86496200,23100313000,271907458800,3758.3151,3804.72,3737.9523,3729.9546
140944000,3750.1887,16200700,124652400,23116513700,272032111200,3758.3151,3804.72,3737.9523,3729.9546
140949000,3750.39,5623900,68875000,23122137600,272100986200,3758.3151,3804.72,3737.9523,3729.9546
140954000,3750.4384,7247300,87636800,23129384900,272188623000,3758.3151,3804.72,3737.9523,3729.9546
140959000,3750.6584,6064800,61515200,23135449700,272250138200,3758.3151,3804.72,3737.9523,3729.9546
141004000,3751.117,5544700,67058300,23140994400,272317196500,3758.3151,3804.72,3737.9523,3729.9546
141009000,3751.0613,7536800,83002700,23148531200,272400199200,3758.3151,3804.72,3737.9523,3729.9546
141014000,3750.9801,6693800,86292600,23155225000,272486491800,3758.3151,3804.72,3737.9523,3729.9546
141019000,3751.3945,4935300,52202100,23160160300,272538693900,3758.3151,3804.72,3737.9523,3729.9546
141024000,3751.1755,6187300,89785300,23166347600,272628479200,3758.3151,3804.72,3737.9523,3729.9546
141029000,3751.5299,4610100,61951600,23170957700,272690430800,3758.3151,3804.72,3737.9523,3729.9546
141034000,3751.2001,6590600,87642100,23177548300,272778072900,3758.3151,3804.72,3737.9523,3729.9546
141039000,3751.3856,8424300,83078800,23185972600,272861151700,3758.3151,3804.72,3737.9523,3729.9546
141044000,3751.6503,5956500,79000000,23191929100,272940151700,3758.3151,3804.72,3737.9523,3729.9546
141049000,3751.8217,4700400,53660500,23196629500,272993812200,3758.3151,3804.72,3737.9523,3729.9546
141054000,3752.1522,7581100,86439600,23204210600,273080251800,3758.3151,3804.72,3737.9523,3729.9546
141059000,3752.4251,3581100,47648800,23207791700,273127900600,3758.3151,3804.72,3737.9523,3729.9546
141104000,3752.2271,4520000,58007700,23212311700,273185908300,3758.3151,3804.72,3737.9523,3729.9546
141109000,3752.7012,7314400,79907700,23219626100,273265816000,3758.3151,3804.72,3737.9523,3729.9546
141114000,3752.1798,5056500,67313400,23224682600,273333129400,3758.3151,3804.72,3737.9523,3729.9546
141119000,3752.2819,4086600,45967000,23228769200,273379096400,3758.3151,3804.72,3737.9523,3729.9546
141124000,3751.8716,7173000,91241100,23235942200,273470337500,3758.3151,3804.72,3737.9523,3729.9546
141129000,3751.0818,5289100,64624400,23241231300,273534961900,3758.3151,3804.72,3737.9523,3729.9546
141134000,3750.7347,5763300,75003000,23246994600,273609964900,3758.3151,3804.72,3737.9523,3729.9546
141139000,3749.7032,10877200,126518100,23257871800,273736483000,3758.3151,3804.72,3737.9523,3729.9546
141144000,3749.1625,7673500,105026600,23265545300,273841509600,3758.3151,3804.72,3737.9523,3729.9546
141149000,3748.9565,6388000,73831000,23271933300,273915340600,3758.3151,3804.72,3737.9523,3729.9546
141154000,3748.3306,8614500,95985800,23280547800,274011326400,3758.3151,3804.72,3737.9523,3729.9546
141159000,3748.7006,4777600,62467300,23285325400,274073793700,3758.3151,3804.72,3737.9523,3729.9546
141204000,3747.898,6591300,75613300,23291916700,274149407000,3758.3151,3804.72,3737.9523,3729.9546
141209000,3747.7214,5875600,66914400,23297792300,274216321400,3758.3151,3804.72,3737.9523,3729.9546
141214000,3747.7481,4983200,70508900,23302775500,274286830300,3758.3151,3804.72,3737.9523,3729.9546
141219000,3747.8296,3991600,52552000,23306767100,274339382300,3758.3151,3804.72,3737.9523,3729.9546
141224000,3747.8916,4751900,63396000,23311519000,274402778300,3758.3151,3804.72,3737.9523,3729.9546
141229000,3747.5212,3935500,45121400,23315454500,274447899700,3758.3151,3804.72,3737.9523,3729.9546
141234000,3747.5018,6153200,63859100,23321607700,274511758800,3758.3151,3804.72,3737.9523,3729.9546
141239000,3747.1937,5316300,64961100,23326924000,274576719900,3758.3151,3804.72,3737.9523,3729.9546
141244000,3746.8246,4541100,60066400,23331465100,274636786300,3758.3151,3804.72,3737.9523,3729.9546
141249000,3746.8538,3374400,41612400,23334839500,274678398700,3758.3151,3804.72,3737.9523,3729.9546
141254000,3747.1706,6129600,84712900,23340969100,274763111600,3758.3151,3804.72,3737.9523,3729.9546
141259000,3746.824,4150400,49379800,23345119500,274812491400,3758.3151,3804.72,3737.9523,3729.9546
141304000,3746.71,4048900,54885100,23349168400,274867376500,3758.3151,3804.72,3737.9523,3729.9546
141309000,3746.4956,5638100,66097500,23354806500,274933474000,3758.3151,3804.72,3737.9523,3729.9546
141314000,3746.3045,4924800,62661000,23359731300,274996135000,3758.3151,3804.72,3737.9523,3729.9546
141319000,3746.4007,3537200,46751100,23363268500,275042886100,3758.3151,3804.72,3737.9523,3729.9546
141324000,3746.2186,5151800,72129400,23368420300,275115015500,3758.3151,3804.72,3737.9523,3729.9546
141329000,3746.4609,4569800,49313200,23372990100,275164328700,3758.3151,3804.72,3737.9523,3729.9546
141334000,3746.2517,4397200,52497100,23377387300,275216825800,3758.3151,3804.72,3737.9523,3729.9546
141339000,3746.0623,5714900,71946200,23383102200,275288772000,3758.3151,3804.72,3737.9523,3729.9546
141344000,3745.973,5171100,73960900,23388273300,275362732900,3758.3151,3804.72,3737.9523,3729.9546
141349000,3746.0989,4177500,49493700,23392450800,275412226600,3758.3151,3804.72,3737.9523,3729.9546
141354000,3746.2415,5263000,67847000,23397713800,275480073600,3758.3151,3804.72,3737.9523,3729.9546
141359000,3746.4065,3997800,59467500,23401711600,275539541100,3758.3151,3804.72,3737.9523,3729.9546
141404000,3746.5179,5326700,80923400,23407038300,275620464500,3758.3151,3804.72,3737.9523,3729.9546
141409000,3746.2603,5703000,69274300,23412741300,275689738800,3758.3151,3804.72,3737.9523,3729.9546
141414000,3746.4568,5385200,70572000,23418126500,275760310800,3758.3151,3804.72,3737.9523,3729.9546
141419000,3746.7121,3902500,49105500,23422029000,275809416300,3758.3151,3804.72,3737.9523,3729.9546
141424000,3746.7062,4682000,63893400,23426711000,275873309700,3758.3151,3804.72,3737.9523,3729.9546
141429000,3746.8742,3914500,51881600,23430625500,275925191300,3758.3151,3804.72,3737.9523,3729.9546
141434000,3746.7517,4875000,57641200,23435500500,275982832500,3758.3151,3804.72,3737.9523,3729.9546
141439000,3746.9193,5167700,66129000,23440668200,276048961500,3758.3151,3804.72,3737.9523,3729.9546
141444000,3747.0262,4363500,51209700,23445031700,276100171200,3758.3151,3804.72,3737.9523,3729.9546
141449000,3747.5974,3208300,37488600,23448240000,276137659800,3758.3151,3804.72,3737.9523,3729.9546
141454000,3747.2417,6350600,65888400,23454590600,276203548200,3758.3151,3804.72,3737.9523,3729.9546
141459000,3747.6585,3182000,42179200,23457772600,276245727400,3758.3151,3804.72,3737.9523,3729.9546
141504000,3746.9473,4415600,54387200,23462188200,276300114600,3758.3151,3804.72,3737.9523,3729.9546
141509000,3747.3322,6537300,80305900,23468725500,276380420500,3758.3151,3804.72,3737.9523,3729.9546
141514000,3747.5414,5688300,69315200,23474413800,276449735700,3758.3151,3804.72,3737.9523,3729.9546
141519000,3746.927,4517200,53699800,23478931000,276503435500,3758.3151,3804.72,3737.9523,3729.9546
141524000,3747.4142,5176800,59455100,23484107800,276562890600,3758.3151,3804.72,3737.9523,3729.9546
141529000,3747.258,3737500,44926600,23487845300,276607817200,3758.3151,3804.72,3737.9523,3729.9546
141534000,3747.5873,3971900,50778900,23491817200,276658596100,3758.3151,3804.72,3737.9523,3729.9546
141539000,3747.3246,4946100,57722900,23496763300,276716319000,3758.3151,3804.72,3737.9523,3729.9546
141544000,3747.3965,4941500,60008600,23501704800,276776327600,3758.3151,3804.72,3737.9523,3729.9546
141549000,3747.7509,3942800,46017800,23505647600,276822345400,3758.3151,3804.72,3737.9523,3729.9546
141554000,3747.912,5427300,57587100,23511074900,276879932500,3758.3151,3804.72,3737.9523,3729.9546
141559000,3747.5679,3808300,45620500,23514883200,276925553000,3758.3151,3804.72,3737.9523,3729.9546
141604000,3747.8152,4327500,60262500,23519210700,276985815500,3758.3151,3804.72,3737.9523,3729.9546
141609000,3747.2897,7130400,85263900,23526341100,277071079400,3758.3151,3804.72,3737.9523,3729.9546
141614000,3747.2038,7308900,93710100,23533650000,277164789500,3758.3151,3804.72,3737.9523,3729.9546
141619000,3745.8745,10659700,107827100,23544309700,277272616600,3758.3151,3804.72,3737.9523,3729.9546
141624000,3745.2113,12627800,167547800,23556937500,277440164400,3758.3151,3804.72,3737.9523,3729.9546
141629000,3744.0795,8031000,103996800,23564968500,277544161200,3758.3151,3804.72,3737.9523,3729.9546
141634000,3743.2873,11667300,147014300,23576635800,277691175500,3758.3151,3804.72,3737.9523,3729.9546
141639000,3743.3301,11066200,145341900,23587702000,277836517400,3758.3151,3804.72,3737.9523,3729.9546
141644000,3741.737,12621200,164014200,23600323200,278000531600,3758.3151,3804.72,3737.9523,3729.9546
141649000,3741.496,8489100,109047700,23608812300,278109579300,3758.3151,3804.72,3737.9523,3729.9546
141654000,3741.1517,9767600,127167500,23618579900,278236746800,3758.3151,3804.72,3737.9523,3729.9546
141659000,3740.5782,8643100,109384200,23627223000,278346131000,3758.3151,3804.72,3737.9523,3729.9546
141704000,3739.5625,8628100,110430500,23635851100,278456561500,3758.3151,3804.72,3737.9523,3729.9546
141709000,3739.3304,14157700,156899400,23650008800,278613460900,3758.3151,3804.72,3737.9523,3729.9546
141714000,3738.864,9529600,128087600,23659538400,278741548500,3758.3151,3804.72,3737.9523,3729.9546
141719000,3738.5523,7776900,102755100,23667315300,278844303600,3758.3151,3804.72,3737.9523,3729.9546
141724000,3738.1061,7776200,102612200,23675091500,278946915800,3758.3151,3804.72,3737.9523,3729.9546
141729000,3738.1562,5500500,77633000,23680592000,279024548800,3758.3151,3804.72,3737.8534,3729.9546
141734000,3737.78,8089600,102212200,23688681600,279126761000,3758.3151,3804.72,3737.78,3729.9546
141739000,3737.5945,7612300,101816500,23696293900,279228577500,3758.3151,3804.72,3737.343,3729.9546
141744000,3737.3156,7580000,100266600,23703873900,279328844100,3758.3151,3804.72,3737.139,3729.9546
141749000,3737.2181,5470700,69885500,23709344600,279398729600,3758.3151,3804.72,3737.139,3729.9546
141754000,3736.9457,8865300,108303900,23718209900,279507033500,3758.3151,3804.72,3736.9457,3729.9546
141759000,3736.9882,6544500,78678100,23724754400,279585711600,3758.3151,3804.72,3736.9457,3729.9546
141804000,3736.581,7506900,90526400,23732261300,279676238000,3758.3151,3804.72,3736.4547,3729.9546
141809000,3736.1276,9762700,112988500,23742024000,279789226500,3758.3151,3804.72,3736.1276,3729.9546
141814000,3736.265,8554900,111087100,23750578900,279900313600,3758.3151,3804.72,3736.0798,3729.9546
141819000,3736.1346,5311200,62317300,23755890100,279962630900,3758.3151,3804.72,3735.6035,3729.9546
141824000,3735.8932,6862700,91327700,23762752800,280053958600,3758.3151,3804.72,3735.6035,3729.9546
141829000,3735.7109,5674700,71681400,23768427500,280125640000,3758.3151,3804.72,3735.6035,3729.9546
141834000,3735.6752,7102800,77473100,23775530300,280203113100,3758.3151,3804.72,3735.6035,3729.9546
141839000,3735.9403,7561400,98577600,23783091700,280301690700,3758.3151,3804.72,3735.6035,3729.9546
141844000,3735.8771,6710700,104062900,23789802400,280405753600,3758.3151,3804.72,3735.6035,3729.9546
141849000,3735.6489,5851500,73253200,23795653900,280479006800,3758.3151,3804.72,3735.2271,3729.9546
141854000,3735.1724,8822000,105481900,23804475900,280584488700,3758.3151,3804.72,3735.1724,3729.9546
141859000,3735.4401,5828700,72023300,23810304600,280656512000,3758.3151,3804.72,3735.1724,3729.9546
141904000,3734.7695,6806400,88660000,23817111000,280745172000,3758.3151,3804.72,3734.7695,3729.9546
141909000,3735.0366,8873200,105137500,23825984200,280850309500,3758.3151,3804.72,3734.7588,3729.9546
141914000,3735.0063,7981700,93868900,23833965900,280944178400,3758.3151,3804.72,3734.7588,3729.9546
141919000,3734.0868,6134100,76279800,23840100000,281020458200,3758.3151,3804.72,3733.9207,3729.9546
141924000,3734.0383,9074500,117584200,23849174500,281138042400,3758.3151,3804.72,3733.9207,3729.9546
141929000,3733.5811,8179800,107566200,23857354300,281245608600,3758.3151,3804.72,3733.4011,3729.9546
141934000,3732.9826,9088300,126560900,23866442600,281372169500,3758.3151,3804.72,3732.9009,3729.9546
141939000,3732.9253,9751000,111576700,23876193600,281483746200,3758.3151,3804.72,3732.8123,3729.9546
141944000,3732.3511,8745200,108405400,23884938800,281592151600,3758.3151,3804.72,3732.3511,3729.9546
141949000,3732.2939,9952600,96683100,23894891400,281688834700,3758.3151,3804.72,3731.8428,3729.9546
141954000,3731.6121,12762100,139452600,23907653500,281828287300,3758.3151,3804.72,3731.0878,3729.9546
141959000,3730.6775,11079800,134178100,23918733300,281962465400,3758.3151,3804.72,3730.6049,3729.9546
142004000,3729.814,16097300,161068400,23934830600,282123533800,3758.3151,3804.72,3729.7,3729.9546
142009000,3729.2571,15674400,176846000,23950505000,282300379800,3758.3151,3804.72,3729.0237,3729.9546
142014000,3728.3589,10770000,129268600,23961275000,282429648400,3758.3151,3804.72,3728.2476,3729.9546
142019000,3727.8641,8670500,85785000,23969945500,282515433400,3758.3151,3804.72,3727.7868,3729.9546
142024000,3727.8931,10292600,130030200,23980238100,282645463600,3758.3151,3804.72,3727.4874,3729.9546
142029000,3727.4289,8779500,105804900,23989017600,282751268500,3758.3151,3804.72,3727.2581,3729.9546
142034000,3726.9996,11183500,124329200,24000201100,282875597700,3758.3151,3804.72,3726.9996,3729.9546
142039000,3727.0419,10906200,132841500,24011107300,283008439200,3758.3151,3804.72,3726.9996,3729.9546
142044000,3726.7627,10765000,143193600,24021872300,283151632800,3758.3151,3804.72,3726.3967,3729.9546
142049000,3726.0962,8156100,102921400,24030028400,283254554200,3758.3151,3804.72,3726.0962,3729.9546
142054000,3726.0146,15960000,172887600,24045988400,283427441800,3758.3151,3804.72,3725.3381,3729.9546
142059000,3724.9768,9684000,108353400,24055672400,283535795200,3758.3151,3804.72,3724.9768,3729.9546
142104000,3725.1913,12802100,143666700,24068474500,283679461900,3758.3151,3804.72,3724.8056,3729.9546
142109000,3724.9935,14289900,182993600,24082764400,283862455500,3758.3151,3804.72,3724.8056,3729.9546
142114000,3724.3965,16512300,155091700,24099276700,284017547200,3758.3151,3804.72,3724.3286,3729.9546
142119000,3724.4745,9694200,132358800,24108970900,284149906000,3758.3151,3804.72,3724.3286,3729.9546
142124000,3724.5166,10761700,127648100,24119732600,284277554100,3758.3151,3804.72,3724.3241,3729.9546
142129000,3724.2596,8564400,100051300,24128297000,284377605400,3758.3151,3804.72,3724.1743,3729.9546
142134000,3724.0544,12221300,144303500,24140518300,284521908900,3758.3151,3804.72,3724.0544,3729.9546
142139000,3723.7665,11791600,147018500,24152309900,284668927400,3758.3151,3804.72,3723.7665,3729.9546
142144000,3724.408,10559100,128027800,24162869000,284796955200,3758.3151,3804.72,3723.7665,3729.9546
142149000,3724.6732,9243700,99002700,24172112700,284895957900,3758.3151,3804.72,3723.7665,3729.9546
142154000,3724.1755,11352300,118451100,24183465000,285014409000,3758.3151,3804.72,3723.7665,3729.9546
142159000,3724.3152,10037800,96043100,24193502800,285110452100,3758.3151,3804.72,3723.7665,3729.9546
142204000,3724.5283,11682500,125182800,24205185300,285235634900,3758.3151,3804.72,3723.7665,3729.9546
142209000,3724.2825,10964600,131912200,24216149900,285367547100,3758.3151,3804.72,3723.7665,3729.9546
142214000,3724.1399,9177300,117961400,24225327200,285485508500,3758.3151,3804.72,3723.7665,3729.9546
142219000,3724.2682,7626800,75877200,24232954000,285561385700,3758.3151,3804.72,3723.7665,3729.9546
142224000,3724.0452,12408800,134865200,24245362800,285696250900,3758.3151,3804.72,3723.7665,3729.9546
142229000,3724.3176,11287400,95538900,24256650200,285791789800,3758.3151,3804.72,3723.7665,3729.9546
142234000,3724.231,10631800,121125900,24267282000,285912915700,3758.3151,3804.72,3723.7665,3729.9546
142239000,3724.1721,14158700,141032900,24281440700,286053948600,3758.3151,3804.72,3723.7665,3729.9546
142244000,3724.192,9225600,117555500,24290666300,286171504100,3758.3151,3804.72,3723.7665,3729.9546
142249000,3723.9107,7955900,86009400,24298622200,286257513500,3758.3151,3804.72,3723.7665,3729.9546
142254000,3724.0422,10696300,118312000,24309318500,286375825500,3758.3151,3804.72,3723.7665,3729.9546
142259000,3723.6785,7575000,82744900,24316893500,286458570400,3758.3151,3804.72,3723.6785,3729.9546
142304000,3724.1942,9292700,113013700,24326186200,286571584100,3758.3151,3804.72,3723.6785,3729.9546
142309000,3723.918,8579000,107000700,24334765200,286678584800,3758.3151,3804.72,3723.6785,3729.9546
142314000,3724.3252,10255900,115783600,24345021100,286794368400,3758.3151,3804.72,3723.6785,3729.9546
142319000,3724.8225,7948100,89265500,24352969200,286883633900,3758.3151,3804.72,3723.6785,3729.9546
142324000,3724.9473,10955400,125077000,24363924600,287008710900,3758.3151,3804.72,3723.6785,3729.9546
142329000,3725.2047,7603000,77776500,24371527600,287086487400,3758.3151,3804.72,3723.6785,3729.9546
142334000,3725.395,11769400,119280500,24383297000,287205767900,3758.3151,3804.72,3723.6785,3729.9546
142339000,3725.6046,11791500,131328000,24395088500,287337095900,3758.3151,3804.72,3723.6785,3729.9546
142344000,3726.1893,9958000,114924200,24405046500,287452020100,3758.3151,3804.72,3723.6785,3729.9546
142349000,3726.4878,7151300,82008200,24412197800,287534028300,3758.3151,3804.72,3723.6785,3729.9546
142354000,3727.137,9028800,108317400,24421226600,287642345700,3758.3151,3804.72,3723.6785,3729.9546
142359000,3727.6412,6676700,84671000,24427903300,287727016700,3758.3151,3804.72,3723.6785,3729.9546
142404000,3728.168,10794200,113284500,24438697500,287840301200,3758.3151,3804.72,3723.6785,3729.9546
142409000,3728.3834,8301700,88700600,24446999200,287929001800,3758.3151,3804.72,3723.6785,3729.9546
142414000,3728.9338,7237100,91188200,24454236300,288020190000,3758.3151,3804.72,3723.6785,3729.9546
142419000,3729.2791,6003100,65813700,24460239400,288086003700,3758.3151,3804.72,3723.6785,3729.9546
142424000,3729.3757,7825200,93072200,24468064600,288179075900,3758.3151,3804.72,3723.6785,3729.9546
142429000,3729.7188,5841500,73672300,24473906100,288252748200,3758.3151,3804.72,3723.6785,3729.9546
142434000,3730.6815,6638000,84252200,24480544100,288337000400,3758.3151,3804.72,3723.6785,3729.9546
142439000,3730.658,7437800,80950100,24487981900,288417950500,3758.3151,3804.72,3723.6785,3729.9546
142444000,3731.0626,7678500,89632700,24495660400,288507583200,3758.3151,3804.72,3723.6785,3729.9546
142449000,3731.4063,7482200,68290000,24503142600,288575873200,3758.3151,3804.72,3723.6785,3729.9546
142454000,3731.9139,7654300,94790500,24510796900,288670663700,3758.3151,3804.72,3723.6785,3729.9546
142459000,3731.7741,4788100,57922100,24515585000,288728585800,3758.3151,3804.72,3723.6785,3729.9546
142504000,3732.4051,6778900,69866000,24522363900,288798451800,3758.3151,3804.72,3723.6785,3729.9546
142509000,3732.3108,7589100,80384300,24529953000,288878836100,3758.3151,3804.72,3723.6785,3729.9546
142514000,3732.6595,6318000,75423600,24536271000,288954259700,3758.3151,3804.72,3723.6785,3729.9546
142519000,3733.0367,4890900,54649900,24541161900,289008909600,3758.3151,3804.72,3723.6785,3729.9546
142524000,3733.4284,7727400,85579800,24548889300,289094489400,3758.3151,3804.72,3723.6785,3729.9546
142529000,3733.7673,8347700,72438600,24557237000,289166928000,3758.3151,3804.72,3723.6785,3729.9546
142534000,3733.5227,6480400,76071700,24563717400,289242999700,3758.3151,3804.72,3723.6785,3729.9546
142539000,3733.5522,6624900,68745000,24570342300,289311744700,3758.3151,3804.72,3723.6785,3729.9546
142544000,3733.8673,6204500,72017500,24576546800,289383762200,3758.3151,3804.72,3723.6785,3729.9546
142549000,3733.9028,4396500,51136400,24580943300,289434898600,3758.3151,3804.72,3723.6785,3729.9546
142554000,3734.349,6460200,73348100,24587403500,289508246700,3758.3151,3804.72,3723.6785,3729.9546
142559000,3734.8339,5187200,64492300,24592590700,289572739000,3758.3151,3804.72,3723.6785,3729.9546
142604000,3734.4855,6333800,86883700,24598924500,289659622700,3758.3151,3804.72,3723.6785,3729.9546
142609000,3734.8711,7329400,86416900,24606253900,289746039600,3758.3151,3804.72,3723.6785,3729.9546
142614000,3735.142,5969700,80570900,24612223600,289826610500,3758.3151,3804.72,3723.6785,3729.9546
142619000,3734.75,8568800,103901500,24620792400,289930512000,3758.3151,3804.72,3723.6785,3729.9546
142624000,3733.476,9817000,119912200,24630609400,290050424200,3758.3151,3804.72,3723.6785,3729.9546
142629000,3732.682,7541800,97915900,24638151200,290148340100,3758.3151,3804.72,3723.6785,3729.9546
142634000,3732.5696,7476500,90959600,24645627700,290239299700,3758.3151,3804.72,3723.6785,3729.9546
142639000,3732.7486,7194100,91892000,24652821800,290331191700,3758.3151,3804.72,3723.6785,3729.9546
142644000,3733.1776,5466300,72292200,24658288100,290403483900,3758.3151,3804.72,3723.6785,3729.9546
142649000,3732.8013,4738300,49068100,24663026400,290452552000,3758.3151,3804.72,3723.6785,3729.9546
142654000,3733.2759,5952200,78926000,24668978600,290531478000,3758.3151,3804.72,3723.6785,3729.9546
142659000,3733.7299,3595200,44830300,24672573800,290576308300,3758.3151,3804.72,3723.6785,3729.9546
142704000,3733.3451,6201400,79095600,24678775200,290655403900,3758.3151,3804.72,3723.6785,3729.9546
142709000,3733.6511,6425800,81043400,24685201000,290736447300,3758.3151,3804.72,3723.6785,3729.9546
142714000,3733.5638,5506600,72660300,24690707600,290809107600,3758.3151,3804.72,3723.6785,3729.9546
142719000,3733.6397,3416300,63903600,24694123900,290873011200,3758.3151,3804.72,3723.6785,3729.9546
142724000,3733.5376,5806100,71019400,24699930000,290944030600,3758.3151,3804.72,3723.6785,3729.9546
142729000,3733.6255,3324700,48358300,24703254700,290992388900,3758.3151,3804.72,3723.6785,3729.9546
142734000,3733.7043,5942400,65740200,24709197100,291058129100,3758.3151,3804.72,3723.6785,3729.9546
142739000,3733.9668,5166300,65057400,24714363400,291123186500,3758.3151,3804.72,3723.6785,3729.9546
142744000,3733.9455,5357100,58019000,24719720500,291181205500,3758.3151,3804.72,3723.6785,3729.9546
142749000,3734.1271,4134800,50582500,24723855300,291231788000,3758.3151,3804.72,3723.6785,3729.9546
142754000,3734.0437,5356800,68527900,24729212100,291300315900,3758.3151,3804.72,3723.6785,3729.9546
142759000,3733.7983,4834800,57331100,24734046900,291357647000,3758.3151,3804.72,3723.6785,3729.9546
142804000,3733.7222,4479100,56968600,24738526000,291414615600,3758.3151,3804.72,3723.6785,3729.9546
142809000,3733.6768,5996200,69856900,24744522200,291484472500,3758.3151,3804.72,3723.6785,3729.9546
142814000,3733.5603,6768500,79090600,24751290700,291563563100,3758.3151,3804.72,3723.6785,3729.9546
142819000,3732.6334,5620500,66747900,24756911200,291630311000,3758.3151,3804.72,3723.6785,3729.9546
142824000,3732.9847,6602700,74082900,24763513900,291704393900,3758.3151,3804.72,3723.6785,3729.9546
142829000,3733.507,4237900,48970700,24767751800,291753364600,3758.3151,3804.72,3723.6785,3729.9546
142834000,3732.8951,5213000,64396300,24772964800,291817760900,3758.3151,3804.72,3723.6785,3729.9546
142839000,3733.0355,5754500,78640600,24778719300,291896401500,3758.3151,3804.72,3723.6785,3729.9546
142844000,3733.0759,4582800,63464800,24783302100,291959866300,3758.3151,3804.72,3723.6785,3729.9546
142849000,3733.1475,4231200,48339900,24787533300,292008206200,3758.3151,3804.72,3723.6785,3729.9546
142854000,3733.0694,5630800,68032300,24793164100,292076238500,3758.3151,3804.72,3723.6785,3729.9546
142859000,3732.9709,3397200,62637300,24796561300,292138875800,3758.3151,3804.72,3723.6785,3729.9546
142904000,3732.8017,8085100,95401300,24804646400,292234277100,3758.3151,3804.72,3723.6785,3729.9546
142909000,3732.9657,5873700,80095200,24810520100,292314372300,3758.3151,3804.72,3723.6785,3729.9546
142914000,3732.967,4657500,62131000,24815177600,292376503300,3758.3151,3804.72,3723.6785,3729.9546
142919000,3732.2333,4016200,45634100,24819193800,292422137400,3758.3151,3804.72,3723.6785,3729.9546
142924000,3732.6328,5469200,70478200,24824663000,292492615600,3758.3151,3804.72,3723.6785,3729.9546
142929000,3732.544,4035900,47688600,24828698900,292540304200,3758.3151,3804.72,3723.6785,3729.9546
142934000,3732.6529,7610900,77325500,24836309800,292617629700,3758.3151,3804.72,3723.6785,3729.9546
142939000,3732.6658,7796100,84236100,24844105900,292701865800,3758.3151,3804.72,3723.6785,3729.9546
142944000,3732.6238,5638900,66648700,24849744800,292768514500,3758.3151,3804.72,3723.6785,3729.9546
142949000,3732.6268,4529900,56257300,24854274700,292824771800,3758.3151,3804.72,3723.6785,3729.9546
142954000,3732.5933,4408200,67955500,24858682900,292892727300,3758.3151,3804.72,3723.6785,3729.9546
142959000,3732.8476,3699700,43575400,24862382600,292936302700,3758.3151,3804.72,3723.6785,3729.9546
143004000,3732.6953,4510600,57837400,24866893200,292994140100,3758.3151,3804.72,3723.6785,3729.9546
143009000,3732.2743,6448300,72607500,24873341500,293066747600,3758.3151,3804.72,3723.6785,3729.9546
143014000,3732.463,4645900,71579400,24877987400,293138327000,3758.3151,3804.72,3723.6785,3729.9546
143019000,3732.1589,3697300,42478700,24881684700,293180805700,3758.3151,3804.72,3723.6785,3729.9546
143024000,3731.6491,7118700,67084300,24888803400,293247890000,3758.3151,3804.72,3723.6785,3729.9546
143029000,3731.8074,4248500,54060200,24893051900,293301950200,3758.3151,3804.72,3723.6785,3729.9546
143034000,3731.4259,7184500,73234700,24900236400,293375184900,3758.3151,3804.72,3723.6785,3729.9546
143039000,3731.2925,9413100,106090700,24909649500,293481275600,3758.3151,3804.72,3723.6785,3729.9546
143044000,3731.0523,7207800,80495500,24916857300,293561771100,3758.3151,3804.72,3723.6785,3729.9546
143049000,3730.7604,5160300,56492400,24922017600,293618263500,3758.3151,3804.72,3723.6785,3729.9546
143054000,3730.4444,8217900,91299000,24930235500,293709562500,3758.3151,3804.72,3723.6785,3729.9546
143059000,3729.978,5319100,65987400,24935554600,293775549900,3758.3151,3804.72,3723.6785,3729.9546
143104000,3729.707,5958300,80341400,24941512900,293855891300,3758.3151,3804.72,3723.6785,3729.9546
143109000,3729.4643,9661800,98367100,24951174700,293954258400,3758.3151,3804.72,3723.6785,3729.9546
143114000,3729.5325,5390500,64155800,24956565200,294018414200,3758.3151,3804.72,3723.6785,3729.9546
143119000,3729.1898,5207400,50747900,24961772600,294069162100,3758.3151,3804.72,3723.6785,3729.9546
143124000,3728.9198,6462600,69443300,24968235200,294138605400,3758.3151,3804.72,3723.6785,3729.9546
143129000,3728.989,4802200,44120900,24973037400,294182726300,3758.3151,3804.72,3723.6785,3729.9546
143134000,3728.8048,5543000,61395800,24978580400,294244122100,3758.3151,3804.72,3723.6785,3729.9546
143139000,3728.9809,8047800,107695400,24986628200,294351817500,3758.3151,3804.72,3723.6785,3729.9546
143144000,3729.0643,4980200,62297200,24991608400,294414114700,3758.3151,3804.72,3723.6785,3729.9546
143149000,3728.8874,3968300,49907600,24995576700,294464022300,3758.3151,3804.72,3723.6785,3729.9546
143154000,3728.3499,7204600,88569400,25002781300,294552591700,3758.3151,3804.72,3723.6785,3729.9546
143159000,3728.7288,4005600,50102200,25006786900,294602693900,3758.3151,3804.72,3723.6785,3729.9546
143204000,3728.4494,6207600,67496200,25012994500,294670190100,3758.3151,3804.72,3723.6785,3729.9546
143209000,3728.1502,7305100,90602500,25020299600,294760792600,3758.3151,3804.72,3723.6785,3729.9546
143214000,3728.4844,5557800,73312300,25025857400,294834104900,3758.3151,3804.72,3723.6785,3729.9546
143219000,3728.365,5506900,55886900,25031364300,294889991800,3758.3151,3804.72,3723.6785,3729.9546
143224000,3728.7634,6921700,74951500,25038286000,294964943300,3758.3151,3804.72,3723.6785,3729.9546
143229000,3728.6356,4565800,57263400,25042851800,295022206700,3758.3151,3804.72,3723.6785,3729.9546
143234000,3728.5898,5417300,62989800,25048269100,295085196500,3758.3151,3804.72,3723.6785,3729.9546
143239000,3728.8661,6814800,88997500,25055083900,295174194000,3758.3151,3804.72,3723.6785,3729.9546
143244000,3728.8183,7455200,91159200,25062539100,295265353200,3758.3151,3804.72,3723.6785,3729.9546
143249000,3729.6864,6666200,81363600,25069205300,295346716800,3758.3151,3804.72,3723.6785,3729.9546
143254000,3730.0996,8367500,121986200,25077572800,295468703000,3758.3151,3804.72,3723.6785,3729.9546
143259000,3730.2413,5481500,74584000,25083054300,295543287000,3758.3151,3804.72,3723.6785,3729.9546
143304000,3731.0015,7225600,104816900,25090279900,295648103900,3758.3151,3804.72,3723.6785,3729.9546
143309000,3731.7865,10576200,106378100,25100856100,295754482000,3758.3151,3804.72,3723.6785,3729.9546
143314000,3732.5992,7146800,85198800,25108002900,295839680800,3758.3151,3804.72,3723.6785,3729.9546
143319000,3732.832,6055200,61907300,25114058100,295901588100,3758.3151,3804.72,3723.6785,3729.9546
143324000,3732.5173,6951600,76110000,25121009700,295977698100,3758.3151,3804.72,3723.6785,3729.9546
143329000,3733.5678,4687700,60515400,25125697400,296038213500,3758.3151,3804.72,3723.6785,3729.9546
143334000,3733.3845,7621000,88703500,25133318400,296126917000,3758.3151,3804.72,3723.6785,3729.9546
143339000,3733.3844,7341200,86198700,25140659600,296213115700,3758.3151,3804.72,3723.6785,3729.9546
143344000,3734.3581,6425200,77174700,25147084800,296290290400,3758.3151,3804.72,3723.6785,3729.9546
143349000,3734.5215,3943600,47070400,25151028400,296337360800,3758.3151,3804.72,3723.6785,3729.9546
143354000,3734.7465,6779700,75593900,25157808100,296412954700,3758.3151,3804.72,3723.6785,3729.9546
143359000,3735.4637,5224900,92793400,25163033000,296505748100,3758.3151,3804.72,3723.6785,3729.9546
143404000,3735.8884,5796700,68006200,25168829700,296573754300,3758.3151,3804.72,3723.6785,3729.9546
143409000,3735.8005,7970200,92995700,25176799900,296666750000,3758.3151,3804.72,3723.6785,3729.9546
143414000,3736.6669,6826100,89334900,25183626000,296756084900,3758.3151,3804.72,3723.6785,3729.9546
143419000,3736.7883,6217900,72526500,25189843900,296828611400,3758.3151,3804.72,3723.6785,3729.9546
143424000,3737.0459,6960700,80983400,25196804600,296909594800,3758.3151,3804.72,3723.6785,3729.9546
143429000,3737.9461,5771000,65803800,25202575600,296975398600,3758.3151,3804.72,3723.6785,3729.9546
143434000,3737.9494,5794000,69709700,25208369600,297045108300,3758.3151,3804.72,3723.6785,3729.9546
143439000,3738.458,6489000,83464100,25214858600,297128572400,3758.3151,3804.72,3723.6785,3729.9546
143444000,3738.6049,5520600,70830400,25220379200,297199402800,3758.3151,3804.72,3723.6785,3729.9546
143449000,3739.5034,5737200,67552200,25226116400,297266955000,3758.3151,3804.72,3723.6785,3729.9546
143454000,3739.9251,10194700,108910900,25236311100,297375865900,3758.3151,3804.72,3723.6785,3729.9546
143459000,3740.5148,6202100,95032800,25242513200,297470898700,3758.3151,3804.72,3723.6785,3729.9546
143504000,3740.9131,10559600,96861400,25253072800,297567760100,3758.3151,3804.72,3723.6785,3729.9546
143509000,3740.8054,10028100,106505500,25263100900,297674265600,3758.3151,3804.72,3723.6785,3729.9546
143514000,3741.4384,6866200,80094800,25269967100,297754360400,3758.3151,3804.72,3723.6785,3729.9546
143519000,3741.6859,5870200,59246100,25275837300,297813606500,3758.3151,3804.72,3723.6785,3729.9546
143524000,3742.175,8080700,96127700,25283918000,297909734200,3758.3151,3804.72,3723.6785,3729.9546
143529000,3742.5938,5373000,59248900,25289291000,297968983100,3758.3151,3804.72,3723.6785,3729.9546
143534000,3742.8758,8132700,83873900,25297423700,298052857000,3758.3151,3804.72,3723.6785,3729.9546
143539000,3742.9181,8943300,90498200,25306367000,298143355200,3758.3151,3804.72,3723.6785,3729.9546
143544000,3743.2468,5595000,76404900,25311962000,298219760100,3758.3151,3804.72,3723.6785,3729.9546
143549000,3743.6794,5250500,59982700,25317212500,298279742800,3758.3151,3804.72,3723.6785,3729.9546
143554000,3743.3478,8713300,117355400,25325925800,298397098200,3758.3151,3804.72,3723.6785,3729.9546
143559000,3743.5584,6746800,83251900,25332672600,298480350100,3758.3151,3804.72,3723.6785,3729.9546
143604000,3743.9777,8075400,100864100,25340748000,298581214200,3758.3151,3804.72,3723.6785,3729.9546
143609000,3744.1726,9627000,108689900,25350375000,298689904100,3758.3151,3804.72,3723.6785,3729.9546
143614000,3743.9322,6776800,97636200,25357151800,298787540300,3758.3151,3804.72,3723.6785,3729.9546
143619000,3743.7883,5554100,63698900,25362705900,298851239200,3758.3151,3804.72,3723.6785,3729.9546
143624000,3744.0321,8978000,106115700,25371683900,298957354900,3758.3151,3804.72,3723.6785,3729.9546
143629000,3743.9256,5141500,61147900,25376825400,299018502800,3758.3151,3804.72,3723.6785,3729.9546
143634000,3744.1999,6453500,75367900,25383278900,299093870700,3758.3151,3804.72,3723.6785,3729.9546
143639000,3744.4797,6796200,84357000,25390075100,299178227700,3758.3151,3804.72,3723.6785,3729.9546
143644000,3744.1533,6382800,76237100,25396457900,299254464800,3758.3151,3804.72,3723.6785,3729.9546
143649000,3743.98,4602300,55325500,25401060200,299309790300,3758.3151,3804.72,3723.6785,3729.9546
143654000,3744.4787,6176400,89370700,25407236600,299399161000,3758.3151,3804.72,3723.6785,3729.9546
143659000,3744.9716,3811800,56876600,25411048400,299456037600,3758.3151,3804.72,3723.6785,3729.9546
143704000,3744.6414,5498100,66257600,25416546500,299522295200,3758.3151,3804.72,3723.6785,3729.9546
143709000,3745.0471,8227500,99036400,25424774000,299621331600,3758.3151,3804.72,3723.6785,3729.9546
143714000,3745.1473,5004200,63150100,25429778200,299684481700,3758.3151,3804.72,3723.6785,3729.9546
143719000,3745.261,4691700,67380400,25434469900,299751862100,3758.3151,3804.72,3723.6785,3729.9546
143724000,3744.6967,7202100,88680200,25441672000,299840542300,3758.3151,3804.72,3723.6785,3729.9546
143729000,3745.2549,5080600,57619500,25446752600,299898161800,3758.3151,3804.72,3723.6785,3729.9546
143734000,3745.2332,5567500,83950500,25452320100,299982112300,3758.3151,3804.72,3723.6785,3729.9546
143739000,3744.9708,5778600,80770500,25458098700,300062882800,3758.3151,3804.72,3723.6785,3729.9546
143744000,3744.5838,7109600,83800200,25465208300,300146683000,3758.3151,3804.72,3723.6785,3729.9546
143749000,3744.6105,4518700,61675700,25469727000,300208358700,3758.3151,3804.72,3723.6785,3729.9546
143754000,3744.7702,7332500,85751700,25477059500,300294110400,3758.3151,3804.72,3723.6785,3729.9546
143759000,3744.6902,3706200,44992500,25480765700,300339102900,3758.3151,3804.72,3723.6785,3729.9546
143804000,3744.0405,6184700,73192400,25486950400,300412295300,3758.3151,3804.72,3723.6785,3729.9546
143809000,3744.1379,7203900,81609800,25494154300,300493905100,3758.3151,3804.72,3723.6785,3729.9546
143814000,3743.4898,8618300,89948200,25502772600,300583853300,3758.3151,3804.72,3723.6785,3729.9546
143819000,3743.8496,6197100,65790700,25508969700,300649644000,3758.3151,3804.72,3723.6785,3729.9546
143824000,3742.8409,5928300,90143800,25514898000,300739787800,3758.3151,3804.72,3723.6785,3729.9546
143829000,3742.3795,7995900,76594300,25522893900,300816382100,3758.3151,3804.72,3723.6785,3729.9546
143834000,3742.5162,9346200,94989600,25532240100,300911371700,3758.3151,3804.72,3723.6785,3729.9546
143839000,3741.8254,8177600,89163300,25540417700,301000535000,3758.3151,3804.72,3723.6785,3729.9546
143844000,3741.0968,8694800,98507900,25549112500,301099042900,3758.3151,3804.72,3723.6785,3729.9546
143849000,3741.6449,8127600,72746700,25557240100,301171789600,3758.3151,3804.72,3723.6785,3729.9546
143854000,3740.9006,9532500,99946000,25566772600,301271735600,3758.3151,3804.72,3723.6785,3729.9546
143859000,3739.9651,6376800,69151000,25573149400,301340886600,3758.3151,3804.72,3723.6785,3729.9546
143904000,3740.1979,6966300,76627700,25580115700,301417514300,3758.3151,3804.72,3723.6785,3729.9546
143909000,3739.9434,7651800,87761100,25587767500,301505275400,3758.3151,3804.72,3723.6785,3729.9546
143914000,3739.4777,7315900,91002200,25595083400,301596277600,3758.3151,3804.72,3723.6785,3729.9546
143919000,3739.2363,5652600,62504300,25600736000,301658781900,3758.3151,3804.72,3723.6785,3729.9546
143924000,3739.1044,5893400,80040100,25606629400,301738822000,3758.3151,3804.72,3723.6785,3729.9546
143929000,3739.3217,4757600,83737100,25611387000,301822559100,3758.3151,3804.72,3723.6785,3729.9546
143934000,3738.7713,5180200,60814800,25616567200,301883373900,3758.3151,3804.72,3723.6785,3729.9546
143939000,3738.8034,6131500,82131700,25622698700,301965505600,3758.3151,3804.72,3723.6785,3729.9546
143944000,3738.7988,6915200,90241600,25629613900,302055747200,3758.3151,3804.72,3723.6785,3729.9546
143949000,3737.3351,6282600,84536800,25635896500,302140284000,3758.3151,3804.72,3723.6785,3729.9546
143954000,3738.1504,5681200,73893000,25641577700,302214177000,3758.3151,3804.72,3723.6785,3729.9546
143959000,3738.0637,4999100,52795400,25646576800,302266972400,3758.3151,3804.72,3723.6785,3729.9546
144004000,3737.9242,5433600,73071100,25652010400,302340043500,3758.3151,3804.72,3723.6785,3729.9546
144009000,3737.632,8069900,97803600,25660080300,302437847100,3758.3151,3804.72,3723.6785,3729.9546
144014000,3737.7956,6228900,69145000,25666309200,302506992100,3758.3151,3804.72,3723.6785,3729.9546
144019000,3737.6784,4304900,50773300,25670614100,302557765400,3758.3151,3804.72,3723.6785,3729.9546
144024000,3737.6891,7065500,95261400,25677679600,302653026800,3758.3151,3804.72,3723.6785,3729.9546
144029000,3736.6699,4672100,64862800,25682351700,302717889600,3758.3151,3804.72,3723.6785,3729.9546
144034000,3736.8098,6720400,85296600,25689072100,302803186200,3758.3151,3804.72,3723.6785,3729.9546
144039000,3735.5902,9502500,108272200,25698574600,302911458400,3758.3151,3804.72,3723.6785,3729.9546
144044000,3735.6729,7683500,88056100,25706258100,302999514500,3758.3151,3804.72,3723.6785,3729.9546
144049000,3735.3996,5438800,68681800,25711696900,303068196300,3758.3151,3804.72,3723.6785,3729.9546
144054000,3735.7213,6443400,76798600,25718140300,303144994900,3758.3151,3804.72,3723.6785,3729.9546
144059000,3734.1615,5236100,67979400,25723376400,303212974300,3758.3151,3804.72,3723.6785,3729.9546
144104000,3734.5428,6162900,68531700,25729539300,303281506000,3758.3151,3804.72,3723.6785,3729.9546
144109000,3734.91,6451200,76865800,25735990500,303358371800,3758.3151,3804.72,3723.6785,3729.9546
144114000,3734.238,4493200,68041100,25740483700,303426412900,3758.3151,3804.72,3723.6785,3729.9546
144119000,3734.6975,4989200,55949200,25745472900,303482362100,3758.3151,3804.72,3723.6785,3729.9546
144124000,3735.1425,5799200,80699100,25751272100,303563061200,3758.3151,3804.72,3723.6785,3729.9546
144129000,3735.3773,3580100,44425200,25754852200,303607486400,3758.3151,3804.72,3723.6785,3729.9546
144134000,3735.1482,4559000,60307400,25759411200,303667793800,3758.3151,3804.72,3723.6785,3729.9546
144139000,3735.8395,6857200,82651600,25766268400,303750445400,3758.3151,3804.72,3723.6785,3729.9546
144144000,3735.9541,5270900,71529500,25771539300,303821974900,3758.3151,3804.72,3723.6785,3729.9546
144149000,3735.2478,3615600,44106000,25775154900,303866080900,3758.3151,3804.72,3723.6785,3729.9546
144154000,3735.5156,5132700,60926900,25780287600,303927007800,3758.3151,3804.72,3723.6785,3729.9546
144159000,3735.7905,3668900,50890900,25783956500,303977898700,3758.3151,3804.72,3723.6785,3729.9546
144204000,3736.4322,5134000,72761400,25789090500,304050660100,3758.3151,3804.72,3723.6785,3729.9546
144209000,3736.4865,6931300,86141200,25796021800,304136801300,3758.3151,3804.72,3723.6785,3729.9546
144214000,3737.1528,5522400,74590300,25801544200,304211391600,3758.3151,3804.72,3723.6785,3729.9546
144219000,3737.3728,5043800,57284700,25806588000,304268676300,3758.3151,3804.72,3723.6785,3729.9546
144224000,3737.7216,5841300,72544800,25812429300,304341221100,3758.3151,3804.72,3723.6785,3729.9546
144229000,3738.2417,3863700,52271200,25816293000,304393492300,3758.3151,3804.72,3723.6785,3729.9546
144234000,3738.6852,7029700,97253000,25823322700,304490745300,3758.3151,3804.72,3723.6785,3729.9546
144239000,3738.7102,6470500,84279500,25829793200,304575024800,3758.3151,3804.72,3723.6785,3729.9546
144244000,3739.3525,5159700,64382300,25834952900,304639407100,3758.3151,3804.72,3723.6785,3729.9546
144249000,3739.9683,3817500,53336600,25838770400,304692743700,3758.3151,3804.72,3723.6785,3729.9546
144254000,3739.8724,7240500,93619300,25846010900,304786363000,3758.3151,3804.72,3723.6785,3729.9546
144259000,3740.1837,3770200,48790900,25849781100,304835153900,3758.3151,3804.72,3723.6785,3729.9546
144304000,3740.2749,5559400,92188000,25855340500,304927341900,3758.3151,3804.72,3723.6785,3729.9546
144309000,3740.3902,6183300,86780200,25861523800,305014122100,3758.3151,3804.72,3723.6785,3729.9546
144314000,3740.7224,4383700,63102700,25865907500,305077224800,3758.3151,3804.72,3723.6785,3729.9546
144319000,3740.9032,6564600,85489000,25872472100,305162713800,3758.3151,3804.72,3723.6785,3729.9546
144324000,3740.8002,8445300,100191700,25880917400,305262905500,3758.3151,3804.72,3723.6785,3729.9546
144329000,3741.0263,4553400,58937100,25885470800,305321842600,3758.3151,3804.72,3723.6785,3729.9546
144334000,3741.2889,5650800,74792400,25891121600,305396635000,3758.3151,3804.72,3723.6785,3729.9546
144339000,3741.1849,8058400,90838000,25899180000,305487473000,3758.3151,3804.72,3723.6785,3729.9546
144344000,3741.5745,5932800,84114700,25905112800,305571587700,3758.3151,3804.72,3723.6785,3729.9546
144349000,3741.8505,4152600,50983800,25909265400,305622571500,3758.3151,3804.72,3723.6785,3729.9546
144354000,3741.8064,6317600,78499800,25915583000,305701071300,3758.3151,3804.72,3723.6785,3729.9546
144359000,3741.9717,4451000,51018400,25920034000,305752089700,3758.3151,3804.72,3723.6785,3729.9546
144404000,3742.7571,6481900,78727200,25926515900,305830816900,3758.3151,3804.72,3723.6785,3729.9546
144409000,3741.7527,7139600,90091900,25933655500,305920908800,3758.3151,3804.72,3723.6785,3729.9546
144414000,3741.8746,4926300,70978300,25938581800,305991887100,3758.3151,3804.72,3723.6785,3729.9546
144419000,3741.858,7606400,103026200,25946188200,306094913300,3758.3151,3804.72,3723.6785,3729.9546
144424000,3742.0213,6342000,88105000,25952530200,306183018300,3758.3151,3804.72,3723.6785,3729.9546
144429000,3742.0403,4573600,85109900,25957103800,306268128200,3758.3151,3804.72,3723.6785,3729.9546
144434000,3741.9794,6532900,74399000,25963636700,306342527200,3758.3151,3804.72,3723.6785,3729.9546
144439000,3742.0551,6322700,88286700,25969959400,306430813900,3758.3151,3804.72,3723.6785,3729.9546
144444000,3742.5966,7705800,101158300,25977665200,306531972200,3758.3151,3804.72,3723.6785,3729.9546
144449000,3741.9888,4482300,57893700,25982147500,306589865900,3758.3151,3804.72,3723.6785,3729.9546
144454000,3742.2054,7354600,96928200,25989502100,306686794100,3758.3151,3804.72,3723.6785,3729.9546
144459000,3742.4875,6377000,62968400,25995879100,306749762500,3758.3151,3804.72,3723.6785,3729.9546
144504000,3742.3271,7148000,95011200,26003027100,306844773700,3758.3151,3804.72,3723.6785,3729.9546
144509000,3742.3114,6800100,83811200,26009827200,306928584900,3758.3151,3804.72,3723.6785,3729.9546
144514000,3742.4918,5927900,70549900,26015755100,306999134800,3758.3151,3804.72,3723.6785,3729.9546
144519000,3741.9642,5618400,67386100,26021373500,307066520900,3758.3151,3804.72,3723.6785,3729.9546
144524000,3742.3331,6132100,79950500,26027505600,307146471400,3758.3151,3804.72,3723.6785,3729.9546
144529000,3741.99,6838400,83111900,26034344000,307229583300,3758.3151,3804.72,3723.6785,3729.9546
144534000,3742.2905,5318300,64709500,26039662300,307294292800,3758.3151,3804.72,3723.6785,3729.9546
144539000,3741.4951,8343600,104825200,26048005900,307399118000,3758.3151,3804.72,3723.6785,3729.9546
144544000,3741.575,7450100,97820500,26055456000,307496938500,3758.3151,3804.72,3723.6785,3729.9546
144549000,3741.3942,5325700,67755700,26060781700,307564694200,3758.3151,3804.72,3723.6785,3729.9546
144554000,3741.5049,8409900,107097700,26069191600,307671791900,3758.3151,3804.72,3723.6785,3729.9546
144559000,3741.4561,7524700,91892000,26076716300,307763683900,3758.3151,3804.72,3723.6785,3729.9546
144604000,3741.9625,7109600,98033200,26083825900,307861717100,3758.3151,3804.72,3723.6785,3729.9546
144609000,3741.5577,7727400,117239800,26091553300,307978956900,3758.3151,3804.72,3723.6785,3729.9546
144614000,3742.0494,5871900,83237900,26097425200,308062194800,3758.3151,3804.72,3723.6785,3729.9546
144619000,3741.9063,4921400,73151500,26102346600,308135346300,3758.3151,3804.72,3723.6785,3729.9546
144624000,3742.0833,9187100,108843500,26111533700,308244189800,3758.3151,3804.72,3723.6785,3729.9546
144629000,3742.0525,5938900,79521000,26117472600,308323710800,3758.3151,3804.72,3723.6785,3729.9546
144634000,3742.2356,7793100,95487500,26125265700,308419198300,3758.3151,3804.72,3723.6785,3729.9546
144639000,3742.3853,7268600,84515100,26132534300,308503713400,3758.3151,3804.72,3723.6785,3729.9546
144644000,3742.139,6309700,81116400,26138844000,308584829800,3758.3151,3804.72,3723.6785,3729.9546
144649000,3742.2804,5967300,80596700,26144811300,308665426500,3758.3151,3804.72,3723.6785,3729.9546
144654000,3742.1421,9816700,120180500,26154628000,308785607000,3758.3151,3804.72,3723.6785,3729.9546
144659000,3742.3144,4326700,56919700,26158954700,308842526700,3758.3151,3804.72,3723.6785,3729.9546
144704000,3742.0052,8336800,107564100,26167291500,308950090800,3758.3151,3804.72,3723.6785,3729.9546
144709000,3741.954,8156400,91769300,26175447900,309041860100,3758.3151,3804.72,3723.6785,3729.9546
144714000,3742.1964,6309000,93377600,26181756900,309135237700,3758.3151,3804.72,3723.6785,3729.9546
144719000,3742.485,3790900,50923000,26185547800,309186160700,3758.3151,3804.72,3723.6785,3729.9546
144724000,3742.2826,10032700,121156900,26195580500,309307317600,3758.3151,3804.72,3723.6785,3729.9546
144729000,3742.4839,5134700,62405100,26200715200,309369722700,3758.3151,3804.72,3723.6785,3729.9546
144734000,3742.3181,7346700,94583800,26208061900,309464306500,3758.3151,3804.72,3723.6785,3729.9546
144739000,3742.1583,7843400,95644700,26215905300,309559951200,3758.3151,3804.72,3723.6785,3729.9546
144744000,3742.2805,7350100,104086800,26223255400,309664038000,3758.3151,3804.72,3723.6785,3729.9546
144749000,3742.3636,6735800,73478600,26229991200,309737516600,3758.3151,3804.72,3723.6785,3729.9546
144754000,3742.193,8629900,105818100,26238621100,309843334700,3758.3151,3804.72,3723.6785,3729.9546
144759000,3742.1553,5552900,69481500,26244174000,309912816200,3758.3151,3804.72,3723.6785,3729.9546
144804000,3742.0435,6710900,84959500,26250884900,309997775700,3758.3151,3804.72,3723.6785,3729.9546
144809000,3742.4142,7743800,97807900,26258628700,310095583600,3758.3151,3804.72,3723.6785,3729.9546
144814000,3742.2931,7321100,92373100,26265949800,310187956700,3758.3151,3804.72,3723.6785,3729.9546
144819000,3742.8341,6005200,62733400,26271955000,310250690100,3758.3151,3804.72,3723.6785,3729.9546
144824000,3742.7033,8188600,101175000,26280143600,310351865100,3758.3151,3804.72,3723.6785,3729.9546
144829000,3742.9499,4129200,50457000,26284272800,310402322100,3758.3151,3804.72,3723.6785,3729.9546
144834000,3743.3279,6619300,89202300,26290892100,310491524400,3758.3151,3804.72,3723.6785,3729.9546
144839000,3743.1925,8923400,107836200,26299815500,310599360600,3758.3151,3804.72,3723.6785,3729.9546
144844000,3743.2952,5702300,89976000,26305517800,310689336600,3758.3151,3804.72,3723.6785,3729.9546
144849000,3743.7565,4242100,57515700,26309759900,310746852300,3758.3151,3804.72,3723.6785,3729.9546
144854000,3743.5537,8443400,114680300,26318203300,310861532600,3758.3151,3804.72,3723.6785,3729.9546
144859000,3743.8819,5246200,68306400,26323449500,310929839000,3758.3151,3804.72,3723.6785,3729.9546
144904000,3744.4014,6771800,111377900,26330221300,311041216900,3758.3151,3804.72,3723.6785,3729.9546
144909000,3744.1955,8566900,125278400,26338788200,311166495300,3758.3151,3804.72,3723.6785,3729.9546
144914000,3745.1333,10564900,156636900,26349353100,311323132200,3758.3151,3804.72,3723.6785,3729.9546
144919000,3745.387,4429600,65460300,26353782700,311388592500,3758.3151,3804.72,3723.6785,3729.9546
144924000,3745.3171,8205600,113119000,26361988300,311501711500,3758.3151,3804.72,3723.6785,3729.9546
144929000,3745.6479,4955300,79694800,26366943600,311581406300,3758.3151,3804.72,3723.6785,3729.9546
144934000,3745.9694,9824400,157128800,26376768000,311738535100,3758.3151,3804.72,3723.6785,3729.9546
144939000,3746.1054,8840600,126525100,26385608600,311865060200,3758.3151,3804.72,3723.6785,3729.9546
144944000,3746.2941,9507200,127742200,26395115800,311992802400,3758.3151,3804.72,3723.6785,3729.9546
144949000,3746.6263,5038500,76588700,26400154300,312069391100,3758.3151,3804.72,3723.6785,3729.9546
144954000,3746.4893,10511900,139639900,26410666200,312209031000,3758.3151,3804.72,3723.6785,3729.9546
144959000,3746.7265,7724600,98753500,26418390800,312307784500,3758.3151,3804.72,3723.6785,3729.9546
145004000,3746.8949,9214800,123241800,26427605600,312431026300,3758.3151,3804.72,3723.6785,3729.9546
145009000,3747.5788,9908100,120549900,26437513700,312551576200,3758.3151,3804.72,3723.6785,3729.9546
145014000,3747.367,9907400,119462800,26447421100,312671039000,3758.3151,3804.72,3723.6785,3729.9546
145019000,3747.4526,4409800,72572500,26451830900,312743611500,3758.3151,3804.72,3723.6785,3729.9546
145024000,3747.6715,10897100,135320500,26462728000,312878932000,3758.3151,3804.72,3723.6785,3729.9546
145029000,3747.7,5940100,70688800,26468668100,312949620800,3758.3151,3804.72,3723.6785,3729.9546
145034000,3747.886,8835100,120395700,26477503200,313070016500,3758.3151,3804.72,3723.6785,3729.9546
145039000,3747.1348,11090000,128227800,26488593200,313198244300,3758.3151,3804.72,3723.6785,3729.9546
145044000,3747.7807,7391100,94046900,26495984300,313292291200,3758.3151,3804.72,3723.6785,3729.9546
145049000,3747.8755,6417200,85871400,26502401500,313378162600,3758.3151,3804.72,3723.6785,3729.9546
145054000,3747.8758,10551000,138459700,26512952500,313516622300,3758.3151,3804.72,3723.6785,3729.9546
145059000,3747.7089,6713800,83271200,26519666300,313599893500,3758.3151,3804.72,3723.6785,3729.9546
145104000,3747.8913,7422100,83005800,26527088400,313682899300,3758.3151,3804.72,3723.6785,3729.9546
145109000,3748.2309,10529300,118918800,26537617700,313801818100,3758.3151,3804.72,3723.6785,3729.9546
145114000,3748.182,7627200,97659900,26545244900,313899478000,3758.3151,3804.72,3723.6785,3729.9546
145119000,3747.9948,5656100,68648500,26550901000,313968126500,3758.3151,3804.72,3723.6785,3729.9546
145124000,3748.1086,10566600,142711800,26561467600,314110838300,3758.3151,3804.72,3723.6785,3729.9546
145129000,3748.4291,6754100,93708100,26568221700,314204546400,3758.3151,3804.72,3723.6785,3729.9546
145134000,3748.3714,7569800,103393700,26575791500,314307940100,3758.3151,3804.72,3723.6785,3729.9546
145139000,3747.8314,10047200,145281700,26585838700,314453221800,3758.3151,3804.72,3723.6785,3729.9546
145144000,3748.1978,7965300,115149500,26593804000,314568371300,3758.3151,3804.72,3723.6785,3729.9546
145149000,3748.4041,4993000,64088900,26598797000,314632460200,3758.3151,3804.72,3723.6785,3729.9546
145154000,3748.2975,9478800,120642700,26608275800,314753102900,3758.3151,3804.72,3723.6785,3729.9546
145159000,3748.2999,7467600,97731900,26615743400,314850834800,3758.3151,3804.72,3723.6785,3729.9546
145204000,3748.4819,9520300,119347100,26625263700,314970181900,3758.3151,3804.72,3723.6785,3729.9546
145209000,3748.4073,10965200,128617700,26636228900,315098799600,3758.3151,3804.72,3723.6785,3729.9546
145214000,3748.3156,7747400,94898600,26643976300,315193698200,3758.3151,3804.72,3723.6785,3729.9546
145219000,3748.0756,6146200,66855000,26650122500,315260553200,3758.3151,3804.72,3723.6785,3729.9546
145224000,3748.4076,9494700,120779400,26659617200,315381332600,3758.3151,3804.72,3723.6785,3729.9546
145229000,3747.8707,8835000,91787200,26668452200,315473119800,3758.3151,3804.72,3723.6785,3729.9546
145234000,3747.9684,10011700,116463700,26678463900,315589583500,3758.3151,3804.72,3723.6785,3729.9546
145239000,3748.0809,13215600,159678500,26691679500,315749262000,3758.3151,3804.72,3723.6785,3729.9546
145244000,3747.8392,9378800,109140400,26701058300,315858402400,3758.3151,3804.72,3723.6785,3729.9546
145249000,3747.7633,6751300,80871900,26707809600,315939274300,3758.3151,3804.72,3723.6785,3729.9546
145254000,3747.8229,12085000,131253300,26719894600,316070527600,3758.3151,3804.72,3723.6785,3729.9546
145259000,3747.3921,8263000,94147000,26728157600,316164674600,3758.3151,3804.72,3723.6785,3729.9546
145304000,3747.8627,11035800,114481000,26739193400,316279155600,3758.3151,3804.72,3723.6785,3729.9546
145309000,3747.897,10460800,121043200,26749654200,316400198800,3758.3151,3804.72,3723.6785,3729.9546
145314000,3748.0981,10331700,156001200,26759985900,316556200000,3758.3151,3804.72,3723.6785,3729.9546
145319000,3748.0922,7533800,77199300,26767519700,316633399300,3758.3151,3804.72,3723.6785,3729.9546
145324000,3747.851,13181800,143581000,26780701500,316776980300,3758.3151,3804.72,3723.6785,3729.9546
145329000,3747.9964,7682700,100334300,26788384200,316877314600,3758.3151,3804.72,3723.6785,3729.9546
145334000,3748.4921,9827600,108466600,26798211800,316985781200,3758.3151,3804.72,3723.6785,3729.9546
145339000,3748.5094,10386800,148604000,26808598600,317134385200,3758.3151,3804.72,3723.6785,3729.9546
145344000,3748.6679,8646500,102040100,26817245100,317236425300,3758.3151,3804.72,3723.6785,3729.9546
145349000,3748.6525,7507800,84574900,26824752900,317321000200,3758.3151,3804.72,3723.6785,3729.9546
145354000,3748.9793,9711000,123061000,26834463900,317444061200,3758.3151,3804.72,3723.6785,3729.9546
145359000,3749.017,8346500,119027700,26842810400,317563088900,3758.3151,3804.72,3723.6785,3729.9546
145404000,3749.2072,8344000,104200300,26851154400,317667289200,3758.3151,3804.72,3723.6785,3729.9546
145409000,3749.236,12827500,152623100,26863981900,317819912300,3758.3151,3804.72,3723.6785,3729.9546
145414000,3749.589,8437400,108779200,26872419300,317928691500,3758.3151,3804.72,3723.6785,3729.9546
145419000,3749.4829,6468300,83464400,26878887600,318012155900,3758.3151,3804.72,3723.6785,3729.9546
145424000,3750.0869,12258400,136963200,26891146000,318149119100,3758.3151,3804.72,3723.6785,3729.9546
145429000,3750.1874,7542300,79796900,26898688300,318228916000,3758.3151,3804.72,3723.6785,3729.9546
145434000,3750.2583,10426000,125267800,26909114300,318354183800,3758.3151,3804.72,3723.6785,3729.9546
145439000,3750.0294,10646100,120923600,26919760400,318475107400,3758.3151,3804.72,3723.6785,3729.9546
145444000,3750.5582,12415200,125745700,26932175600,318600853100,3758.3151,3804.72,3723.6785,3729.9546
145449000,3750.6831,7366200,84968200,26939541800,318685821300,3758.3151,3804.72,3723.6785,3729.9546
145454000,3750.772,12574700,143076600,26952116500,318828897900,3758.3151,3804.72,3723.6785,3729.9546
145459000,3750.8605,7149600,83028700,26959266100,318911926600,3758.3151,3804.72,3723.6785,3729.9546
145504000,3750.894,12960800,134353800,26972226900,319046280400,3758.3151,3804.72,3723.6785,3729.9546
145509000,3751.1049,13096600,146626000,26985323500,319192906400,3758.3151,3804.72,3723.6785,3729.9546
145514000,3751.4351,9154400,113003400,26994477900,319305909800,3758.3151,3804.72,3723.6785,3729.9546
145519000,3751.5076,9459100,115273900,27003937000,319421183700,3758.3151,3804.72,3723.6785,3729.9546
145524000,3751.8398,12860500,152096600,27016797500,319573280300,3758.3151,3804.72,3723.6785,3729.9546
145529000,3752.2559,7693800,91661200,27024491300,319664941500,3758.3151,3804.72,3723.6785,3729.9546
145534000,3752.4419,9104400,105674700,27033595700,319770616200,3758.3151,3804.72,3723.6785,3729.9546
145539000,3752.736,23776300,206101400,27057372000,319976717600,3758.3151,3804.72,3723.6785,3729.9546
145544000,3752.9949,10025500,134296500,27067397500,320111014100,3758.3151,3804.72,3723.6785,3729.9546
145549000,3753.0204,7994400,103373600,27075391900,320214387700,3758.3151,3804.72,3723.6785,3729.9546
145554000,3753.2555,13776400,156578800,27089168300,320370966500,3758.3151,3804.72,3723.6785,3729.9546
145559000,3753.4793,10367500,127879600,27099535800,320498846100,3758.3151,3804.72,3723.6785,3729.9546
145604000,3753.6769,11343500,126636600,27110879300,320625482700,3758.3151,3804.72,3723.6785,3729.9546
145609000,3753.937,12670100,148003000,27123549400,320773485700,3758.3151,3804.72,3723.6785,3729.9546
145614000,3753.7515,13606400,148493800,27137155800,320921979500,3758.3151,3804.72,3723.6785,3729.9546
145619000,3754.0629,9658900,109122700,27146814700,321031102200,3758.3151,3804.72,3723.6785,3729.9546
145624000,3754.1079,13274700,162402700,27160089400,321193504900,3758.3151,3804.72,3723.6785,3729.9546
145629000,3754.2266,10497300,125173600,27170586700,321318678500,3758.3151,3804.72,3723.6785,3729.9546
145634000,3754.0527,11571600,142765500,27182158300,321461444000,3758.3151,3804.72,3723.6785,3729.9546
145639000,3754.3545,13358900,159380300,27195517200,321620824300,3758.3151,3804.72,3723.6785,3729.9546
145644000,3754.7772,10678000,130479900,27206195200,321751304200,3758.3151,3804.72,3723.6785,3729.9546
145649000,3755.1279,10468000,117660800,27216663200,321868965000,3758.3151,3804.72,3723.6785,3729.9546
145654000,3754.7333,13730800,180640700,27230394000,322049605700,3758.3151,3804.72,3723.6785,3729.9546
145659000,3754.4146,9007500,102727800,27239401500,322152333500,3758.3151,3804.72,3723.6785,3729.9546
145704000,3755.3199,9337700,98449400,27248739200,322250782900,3758.3151,3804.72,3723.6785,3729.9546
145709000,3755.0973,214600,4377800,27248953800,322255160700,3758.3151,3804.72,3723.6785,3729.9546
150004000,3755.1114,39871000,568151600,27288824800,322823312300,3758.3151,3804.72,3723.6785,3729.9546
150009000,3755.38,181068900,2198077600,27469893700,325021389900,3758.3151,3804.72,3723.6785,3729.9546
150014000,3755.38,22744500,159229900,27492638200,325180619800,3758.3151,3804.72,3723.6785,3729.9546
150019000,3755.3519,0,0,27492638200,325180619800,3758.3151,3804.72,3723.6785,3729.9546
