Time,Price,Volume,Turnover,AccVolume,AccTurnover,Open,High,Low,PreClose
92507000,3386.4832,36753700,377939900,36753700,377939900,3386.4832,3386.4832,3386.4832,3390.3441
93001000,3385.4771,6672600,65645500,43426300,443585400,3386.4832,3386.4832,3385.4771,3390.3441
93006000,3384.2565,27332800,297592000,70759100,741177400,3386.4832,3386.4832,3384.2565,3390.3441
93010000,3383.5459,9278800,124809700,80037900,865987100,3386.4832,3386.4832,3383.5459,3390.3441
93016000,3383.1449,4791400,61310500,84829300,927297600,3386.4832,3386.4832,3383.1449,3390.3441
93021000,3382.6858,3354600,37759000,88183900,965056600,3386.4832,3386.4832,3382.6858,3390.3441
93025000,3382.1188,5271800,64295800,93455700,1029352400,3386.4832,3386.4832,3381.9418,3390.3441
93031000,3381.1337,5322400,61443300,98778100,1090795700,3386.4832,3386.4832,3381.1337,3390.3441
93036000,3381.3534,3779100,49715500,102557200,1140511200,3386.4832,3386.4832,3381.1337,3390.3441
93040000,3380.7553,4723800,72702000,107281000,1213213200,3386.4832,3386.4832,3380.7553,3390.3441
93046000,3380.896,4150900,58867000,111431900,1272080200,3386.4832,3386.4832,3380.5407,3390.3441
93051000,3380.6467,2950100,36987100,114382000,1309067300,3386.4832,3386.4832,3380.5407,3390.3441
93055000,3380.5226,4197700,57799700,118579700,1366867000,3386.4832,3386.4832,3380.5226,3390.3441
93101000,3380.1903,4434700,58987200,123014400,1425854200,3386.4832,3386.4832,3380.0954,3390.3441
93106000,3380.8519,3508400,50620800,126522800,1476475000,3386.4832,3386.4832,3380.0954,3390.3441
93110000,3381.0557,4991800,68900100,131514600,1545375100,3386.4832,3386.4832,3380.0954,3390.3441
93116000,3381.0671,6294400,75697200,137809000,1621072300,3386.4832,3386.4832,3380.0954,3390.3441
93121000,3382.7007,5214200,55503400,143023200,1676575700,3386.4832,3386.4832,3380.0954,3390.3441
93125000,3383.83,6590400,82946400,149613600,1759522100,3386.4832,3386.4832,3380.0954,3390.3441
93131000,3385.308,6381600,84691800,155995200,1844213900,3386.4832,3386.4832,3380.0954,3390.3441
93136000,3385.5038,3630800,48243100,159626000,1892457000,3386.4832,3386.4832,3380.0954,3390.3441
93140000,3386.5312,5403200,73797100,165029200,1966254100,3386.4832,3386.5312,3380.0954,3390.3441
93146000,3386.9757,5139500,69575300,170168700,2035829400,3386.4832,3386.9757,3380.0954,3390.3441
93151000,3387.3556,3096600,43594100,173265300,2079423500,3386.4832,3387.3556,3380.0954,3390.3441
93155000,3387.7645,4314800,63786700,177580100,2143210200,3386.4832,3387.7645,3380.0954,3390.3441
93201000,3387.9103,4222300,56456000,181802400,2199666200,3386.4832,3387.9103,3380.0954,3390.3441
93206000,3388.4617,3694700,49156500,185497100,2248822700,3386.4832,3388.4617,3380.0954,3390.3441
93210000,3389.1793,5949900,75314600,191447000,2324137300,3386.4832,3389.1793,3380.0954,3390.3441
93216000,3389.386,6752600,87586600,198199600,2411723900,3386.4832,3389.386,3380.0954,3390.3441
93221000,3389.5765,4308200,46800700,202507800,2458524600,3386.4832,3389.5765,3380.0954,3390.3441
93225000,3389.9062,5541000,70775400,208048800,2529300000,3386.4832,3389.9062,3380.0954,3390.3441
93231000,3389.9134,3949700,52312000,211998500,2581612000,3386.4832,3389.9134,3380.0954,3390.3441
93237000,3389.7602,4872400,68572900,216870900,2650184900,3386.4832,3389.9134,3380.0954,3390.3441
93242000,3389.5528,2742600,37786500,219613500,2687971400,3386.4832,3389.9555,3380.0954,3390.3441
93246000,3389.7088,4818200,63844900,224431700,2751816300,3386.4832,3389.9555,3380.0954,3390.3441
93252000,3389.9418,4540600,65781800,228972300,2817598100,3386.4832,3389.9555,3380.0954,3390.3441
93257000,3389.3471,2837100,38270900,231809400,2855869000,3386.4832,3389.9555,3380.0954,3390.3441
93301000,3389.7694,3775400,59021900,235584800,2914890900,3386.4832,3389.9555,3380.0954,3390.3441
93307000,3389.432,4124600,62544200,239709400,2977435100,3386.4832,3389.9555,3380.0954,3390.3441
93312000,3389.5595,2625800,46924300,242335200,3024359400,3386.4832,3389.9555,3380.0954,3390.3441
93316000,3389.3881,5008500,62030700,247343700,3086390100,3386.4832,3389.9555,3380.0954,3390.3441
93322000,3389.3436,5013700,75722000,252357400,3162112100,3386.4832,3389.9555,3380.0954,3390.3441
93327000,3388.6877,2696400,37715500,255053800,3199827600,3386.4832,3389.9555,3380.0954,3390.3441
93331000,3388.4383,5746400,67126300,260800200,3266953900,3386.4832,3389.9555,3380.0954,3390.3441
93337000,3387.8634,6784700,86402100,267584900,3353356000,3386.4832,3389.9555,3380.0954,3390.3441
93342000,3387.0829,3845800,53671100,271430700,3407027100,3386.4832,3389.9555,3380.0954,3390.3441
93346000,3387.0878,6292800,82385700,277723500,3489412800,3386.4832,3389.9555,3380.0954,3390.3441
93352000,3385.6832,6172800,84275800,283896300,3573688600,3386.4832,3389.9555,3380.0954,3390.3441
93357000,3385.1367,4564100,51986300,288460400,3625674900,3386.4832,3389.9555,3380.0954,3390.3441
93401000,3384.5635,5285600,79342700,293746000,3705017600,3386.4832,3389.9555,3380.0954,3390.3441
93407000,3383.3602,8464000,102860800,302210000,3807878400,3386.4832,3389.9555,3380.0954,3390.3441
93412000,3383.0256,4884500,51123800,307094500,3859002200,3386.4832,3389.9555,3380.0954,3390.3441
93416000,3382.4325,5976200,72571400,313070700,3931573600,3386.4832,3389.9555,3380.0954,3390.3441
93422000,3381.5428,5975800,74727500,319046500,4006301100,3386.4832,3389.9555,3380.0954,3390.3441
93427000,3381.4554,3684500,43280900,322731000,4049582000,3386.4832,3389.9555,3380.0954,3390.3441
93431000,3381.3372,4088000,53532000,326819000,4103114000,3386.4832,3389.9555,3380.0954,3390.3441
93437000,3381.1119,4322600,55334300,331141600,4158448300,3386.4832,3389.9555,3380.0954,3390.3441
93442000,3381.4938,3019400,35782300,334161000,4194230600,3386.4832,3389.9555,3380.0954,3390.3441
93446000,3381.3542,5183400,65575300,339344400,4259805900,3386.4832,3389.9555,3380.0954,3390.3441
93452000,3381.7276,3960400,57322500,343304800,4317128400,3386.4832,3389.9555,3380.0954,3390.3441
93457000,3381.4891,2059300,31616600,345364100,4348745000,3386.4832,3389.9555,3380.0954,3390.3441
93501000,3381.1168,4382400,57206000,349746500,4405951000,3386.4832,3389.9555,3380.0954,3390.3441
93507000,3381.9262,4393100,58348200,354139600,4464299200,3386.4832,3389.9555,3380.0954,3390.3441
93512000,3380.768,2716800,35185500,356856400,4499484700,3386.4832,3389.9555,3380.0954,3390.3441
93516000,3381.5356,4206400,63379500,361062800,4562864200,3386.4832,3389.9555,3380.0954,3390.3441
93522000,3381.6222,3799600,58140000,364862400,4621004200,3386.4832,3389.9555,3380.0954,3390.3441
93527000,3381.3753,2681500,34222000,367543900,4655226200,3386.4832,3389.9555,3380.0954,3390.3441
93531000,3380.8092,4463200,61734500,372007100,4716960700,3386.4832,3389.9555,3380.0954,3390.3441
93537000,3380.5978,5012700,58441900,377019800,4775402600,3386.4832,3389.9555,3380.0954,3390.3441
93542000,3381.0215,2258000,31270300,379277800,4806672900,3386.4832,3389.9555,3380.0954,3390.3441
93546000,3380.319,3902900,49980300,383180700,4856653200,3386.4832,3389.9555,3380.0954,3390.3441
93552000,3380.4937,5107200,59546800,388287900,4916200000,3386.4832,3389.9555,3380.0954,3390.3441
93557000,3380.3039,2166700,29635300,390454600,4945835300,3386.4832,3389.9555,3380.0954,3390.3441
93601000,3380.5649,3915500,56161900,394370100,5001997200,3386.4832,3389.9555,3380.0954,3390.3441
93607000,3380.2444,4852400,70378900,399222500,5072376100,3386.4832,3389.9555,3380.0814,3390.3441
93613000,3380.3961,5085000,67988600,404307500,5140364700,3386.4832,3389.9555,3380.0814,3390.3441
93618000,3380.3146,3122500,42235300,407430000,5182600000,3386.4832,3389.9555,3380.0814,3390.3441
93622000,3380.6649,4268200,58052400,411698200,5240652400,3386.4832,3389.9555,3380.0814,3390.3441
93628000,3381.501,5708900,73057300,417407100,5313709700,3386.4832,3389.9555,3380.0814,3390.3441
93633000,3382.5673,3774900,49341700,421182000,5363051400,3386.4832,3389.9555,3380.0814,3390.3441
93637000,3382.8114,4695500,75121200,425877500,5438172600,3386.4832,3389.9555,3380.0814,3390.3441
93643000,3383.471,5928700,80112000,431806200,5518284600,3386.4832,3389.9555,3380.0814,3390.3441
93648000,3384.4832,5607100,56672400,437413300,5574957000,3386.4832,3389.9555,3380.0814,3390.3441
93652000,3384.4608,4898000,103874000,442311300,5678831000,3386.4832,3389.9555,3380.0814,3390.3441
93658000,3385.194,5525300,73898600,447836600,5752729600,3386.4832,3389.9555,3380.0814,3390.3441
93703000,3385.9884,3066700,35051800,450903300,5787781400,3386.4832,3389.9555,3380.0814,3390.3441
93707000,3386.467,3238900,45950100,454142200,5833731500,3386.4832,3389.9555,3380.0814,3390.3441
93713000,3386.2666,6509000,71953000,460651200,5905684500,3386.4832,3389.9555,3380.0814,3390.3441
93718000,3386.4341,3063700,35262000,463714900,5940946500,3386.4832,3389.9555,3380.0814,3390.3441
93722000,3386.7472,3099500,48947300,466814400,5989893800,3386.4832,3389.9555,3380.0814,3390.3441
93728000,3386.5373,4964200,56184800,471778600,6046078600,3386.4832,3389.9555,3380.0814,3390.3441
93733000,3387.0285,2746000,34377400,474524600,6080456000,3386.4832,3389.9555,3380.0814,3390.3441
93737000,3386.907,4749000,59827000,479273600,6140283000,3386.4832,3389.9555,3380.0814,3390.3441
93743000,3387.1022,4795200,58970500,484068800,6199253500,3386.4832,3389.9555,3380.0814,3390.3441
93748000,3386.6788,3605600,44013600,487674400,6243267100,3386.4832,3389.9555,3380.0814,3390.3441
93752000,3387.2412,4092700,60770900,491767100,6304038000,3386.4832,3389.9555,3380.0814,3390.3441
93758000,3386.7387,3816200,49236800,495583300,6353274800,3386.4832,3389.9555,3380.0814,3390.3441
93803000,3386.9836,2697600,32576500,498280900,6385851300,3386.4832,3389.9555,3380.0814,3390.3441
93807000,3386.8062,3660000,47601100,501940900,6433452400,3386.4832,3389.9555,3380.0814,3390.3441
93813000,3385.967,4952400,64751700,506893300,6498204100,3386.4832,3389.9555,3380.0814,3390.3441
93818000,3385.6185,2719900,32336200,509613200,6530540300,3386.4832,3389.9555,3380.0814,3390.3441
93822000,3385.1569,4364800,67851000,513978000,6598391300,3386.4832,3389.9555,3380.0814,3390.3441
93828000,3384.0026,6832700,88253500,520810700,6686644800,3386.4832,3389.9555,3380.0814,3390.3441
93833000,3382.9398,5175700,49977300,525986400,6736622100,3386.4832,3389.9555,3380.0814,3390.3441
93837000,3382.4631,5905100,73604400,531891500,6810226500,3386.4832,3389.9555,3380.0814,3390.3441
93843000,3382.3065,6668000,67312100,538559500,6877538600,3386.4832,3389.9555,3380.0814,3390.3441
93848000,3382.3484,4588100,40466900,543147600,6918005500,3386.4832,3389.9555,3380.0814,3390.3441
93852000,3381.8282,4042300,46807400,547189900,6964812900,3386.4832,3389.9555,3380.0814,3390.3441
93858000,3381.2767,4375700,53986600,551565600,7018799500,3386.4832,3389.9555,3380.0814,3390.3441
93903000,3381.7151,2514300,29537000,554079900,7048336500,3386.4832,3389.9555,3380.0814,3390.3441
93907000,3381.5661,3462100,49318700,557542000,7097655200,3386.4832,3389.9555,3380.0814,3390.3441
93913000,3381.9034,3973600,52702800,561515600,7150358000,3386.4832,3389.9555,3380.0814,3390.3441
93918000,3381.4393,2763800,30528300,564279400,7180886300,3386.4832,3389.9555,3380.0814,3390.3441
93922000,3381.5839,2888900,45656900,567168300,7226543200,3386.4832,3389.9555,3380.0814,3390.3441
93928000,3381.5329,4231600,53991700,571399900,7280534900,3386.4832,3389.9555,3380.0814,3390.3441
93933000,3381.6145,2048600,28256000,573448500,7308790900,3386.4832,3389.9555,3380.0814,3390.3441
93937000,3381.7181,3584300,49378200,577032800,7358169100,3386.4832,3389.9555,3380.0814,3390.3441
93943000,3381.3937,4289400,55996800,581322200,7414165900,3386.4832,3389.9555,3380.0814,3390.3441
93949000,3381.3886,3557300,55878000,584879500,7470043900,3386.4832,3389.9555,3380.0814,3390.3441
93954000,3381.3864,1939000,26232600,586818500,7496276500,3386.4832,3389.9555,3380.0814,3390.3441
93958000,3381.4063,3177500,39546800,589996000,7535823300,3386.4832,3389.9555,3380.0814,3390.3441
94004000,3381.1703,5318600,60543000,595314600,7596366300,3386.4832,3389.9555,3380.0814,3390.3441
94009000,3380.877,2405000,30589800,597719600,7626956100,3386.4832,3389.9555,3380.0814,3390.3441
94013000,3381.4329,3775500,58698500,601495100,7685654600,3386.4832,3389.9555,3380.0814,3390.3441
94019000,3380.7542,4165600,50067300,605660700,7735721900,3386.4832,3389.9555,3380.0814,3390.3441
94024000,3380.8601,2131900,26565600,607792600,7762287500,3386.4832,3389.9555,3380.0814,3390.3441
94028000,3380.5308,3715300,55484500,611507900,7817772000,3386.4832,3389.9555,3380.0814,3390.3441
94034000,3380.0191,4339000,58700200,615846900,7876472200,3386.4832,3389.9555,3380.0191,3390.3441
94039000,3380.3853,2722400,34665600,618569300,7911137800,3386.4832,3389.9555,3379.9323,3390.3441
94043000,3378.9035,5733000,68194600,624302300,7979332400,3386.4832,3389.9555,3378.9035,3390.3441
94049000,3378.7135,4455700,62506400,628758000,8041838800,3386.4832,3389.9555,3378.5953,3390.3441
94054000,3378.3062,4199600,44281400,632957600,8086120200,3386.4832,3389.9555,3378.3062,3390.3441
94058000,3377.5241,6143100,64793200,639100700,8150913400,3386.4832,3389.9555,3377.5241,3390.3441
94104000,3377.0327,5627800,74790600,644728500,8225704000,3386.4832,3389.9555,3377.0327,3390.3441
94109000,3376.9433,2369700,31576400,647098200,8257280400,3386.4832,3389.9555,3376.9433,3390.3441
94113000,3376.6558,4338900,58223300,651437100,8315503700,3386.4832,3389.9555,3376.5356,3390.3441
94119000,3376.3587,3576400,50267000,655013500,8365770700,3386.4832,3389.9555,3376.3587,3390.3441
94124000,3376.4946,3391400,32322800,658404900,8398093500,3386.4832,3389.9555,3376.3033,3390.3441
94128000,3376.0668,3042500,51501800,661447400,8449595300,3386.4832,3389.9555,3376.0668,3390.3441
94134000,3375.6361,3904400,55021600,665351800,8504616900,3386.4832,3389.9555,3375.6361,3390.3441
94139000,3375.2928,2403900,29519300,667755700,8534136200,3386.4832,3389.9555,3375.1014,3390.3441
94143000,3375.5573,4413400,56349400,672169100,8590485600,3386.4832,3389.9555,3375.1014,3390.3441
94149000,3374.9365,3366400,45547300,675535500,8636032900,3386.4832,3389.9555,3374.9365,3390.3441
94154000,3375.1986,2476200,27203600,678011700,8663236500,3386.4832,3389.9555,3374.9365,3390.3441
94158000,3374.9229,4191200,46666000,682202900,8709902500,3386.4832,3389.9555,3374.7673,3390.3441
94204000,3374.3634,5595400,69705600,687798300,8779608100,3386.4832,3389.9555,3374.3634,3390.3441
94209000,3374.6133,2917200,28362300,690715500,8807970400,3386.4832,3389.9555,3374.3634,3390.3441
94213000,3374.3892,6165700,66039800,696881200,8874010200,3386.4832,3389.9555,3374.3576,3390.3441
94219000,3373.8304,3641400,52338200,700522600,8926348400,3386.4832,3389.9555,3373.8304,3390.3441
94224000,3373.8633,2004500,24593300,702527100,8950941700,3386.4832,3389.9555,3373.8304,3390.3441
94228000,3373.8339,6309300,64530500,708836400,9015472200,3386.4832,3389.9555,3373.8304,3390.3441
94234000,3374.0353,6100500,75234900,714936900,9090707100,3386.4832,3389.9555,3373.6413,3390.3441
94239000,3373.9264,2362900,25371800,717299800,9116078900,3386.4832,3389.9555,3373.6413,3390.3441
94243000,3373.3595,4166500,52060900,721466300,9168139800,3386.4832,3389.9555,3373.3595,3390.3441
94249000,3373.0733,6252300,54254000,727718600,9222393800,3386.4832,3389.9555,3373.0733,3390.3441
94254000,3372.8979,2287500,27211400,730006100,9249605200,3386.4832,3389.9555,3372.8979,3390.3441
94258000,3372.4762,3141400,44233600,733147500,9293838800,3386.4832,3389.9555,3372.4762,3390.3441
94304000,3372.3894,4241700,53607800,737389200,9347446600,3386.4832,3389.9555,3372.3887,3390.3441
94310000,3372.4905,3579400,50574700,740968600,9398021300,3386.4832,3389.9555,3372.2902,3390.3441
94315000,3372.0617,2844000,35450400,743812600,9433471700,3386.4832,3389.9555,3372.0617,3390.3441
94319000,3372.2558,5841300,58654000,749653900,9492125700,3386.4832,3389.9555,3372.0542,3390.3441
94325000,3372.5975,5665800,58163300,755319700,9550289000,3386.4832,3389.9555,3372.0542,3390.3441
94330000,3372.4743,2430300,34452700,757750000,9584741700,3386.4832,3389.9555,3372.0542,3390.3441
94334000,3372.4375,4278100,49321200,762028100,9634062900,3386.4832,3389.9555,3372.0542,3390.3441
94340000,3372.2182,4700900,53501300,766729000,9687564200,3386.4832,3389.9555,3372.0542,3390.3441
94345000,3372.5411,1550800,24377800,768279800,9711942000,3386.4832,3389.9555,3372.0542,3390.3441
94349000,3373.1223,3977800,55570600,772257600,9767512600,3386.4832,3389.9555,3372.0542,3390.3441
94355000,3373.7035,4901500,58747700,777159100,9826260300,3386.4832,3389.9555,3372.0542,3390.3441
94400000,3373.8065,3276000,34407500,780435100,9860667800,3386.4832,3389.9555,3372.0542,3390.3441
94404000,3374.1471,3961200,46403300,784396300,9907071100,3386.4832,3389.9555,3372.0542,3390.3441
94410000,3374.2081,3993200,49344200,788389500,9956415300,3386.4832,3389.9555,3372.0542,3390.3441
94415000,3373.8872,2163300,27726300,790552800,9984141600,3386.4832,3389.9555,3372.0542,3390.3441
94419000,3374.0043,3155300,39964500,793708100,10024106100,3386.4832,3389.9555,3372.0542,3390.3441
94425000,3373.6146,5414000,52736100,799122100,10076842200,3386.4832,3389.9555,3372.0542,3390.3441
94430000,3374.0772,2092400,26411400,801214500,10103253600,3386.4832,3389.9555,3372.0542,3390.3441
94434000,3373.9455,3457900,42794400,804672400,10146048000,3386.4832,3389.9555,3372.0542,3390.3441
94440000,3374.1953,4810100,59057400,809482500,10205105400,3386.4832,3389.9555,3372.0542,3390.3441
94445000,3374.3121,2194400,31303700,811676900,10236409100,3386.4832,3389.9555,3372.0542,3390.3441
94449000,3374.2917,3548900,50496200,815225800,10286905300,3386.4832,3389.9555,3372.0542,3390.3441
94455000,3373.9405,3566100,51065800,818791900,10337971100,3386.4832,3389.9555,3372.0542,3390.3441
94500000,3373.1689,1980600,24297300,820772500,10362268400,3386.4832,3389.9555,3372.0542,3390.3441
94504000,3373.2625,7025100,70065200,827797600,10432333600,3386.4832,3389.9555,3372.0542,3390.3441
94510000,3371.9868,5254200,72100400,833051800,10504434000,3386.4832,3389.9555,3371.9868,3390.3441
94515000,3371.7859,4533000,45301100,837584800,10549735100,3386.4832,3389.9555,3371.5956,3390.3441
94519000,3371.3461,4190500,59070600,841775300,10608805700,3386.4832,3389.9555,3371.3461,3390.3441
94525000,3370.7826,4164800,58574700,845940100,10667380400,3386.4832,3389.9555,3370.7826,3390.3441
94530000,3370.6262,3026300,36993300,848966400,10704373700,3386.4832,3389.9555,3370.6262,3390.3441
94534000,3369.7919,4047800,57416000,853014200,10761789700,3386.4832,3389.9555,3369.7919,3390.3441
94540000,3369.9284,4653700,62386700,857667900,10824176400,3386.4832,3389.9555,3369.6324,3390.3441
94545000,3369.4274,2838700,31535400,860506600,10855711800,3386.4832,3389.9555,3369.4274,3390.3441
94549000,3369.1773,4734200,61371500,865240800,10917083300,3386.4832,3389.9555,3369.1203,3390.3441
94555000,3368.8854,4284900,59959300,869525700,10977042600,3386.4832,3389.9555,3368.7166,3390.3441
94600000,3368.6875,2784000,41053900,872309700,11018096500,3386.4832,3389.9555,3368.6875,3390.3441
94604000,3368.6075,3381500,44932600,875691200,11063029100,3386.4832,3389.9555,3368.6073,3390.3441
94610000,3368.3935,5662700,63126600,881353900,11126155700,3386.4832,3389.9555,3368.3935,3390.3441
94615000,3368.2174,2117400,30193400,883471300,11156349100,3386.4832,3389.9555,3368.092,3390.3441
94619000,3368.4299,4444000,58568200,887915300,11214917300,3386.4832,3389.9555,3368.092,3390.3441
94625000,3368.231,5407000,58613300,893322300,11273530600,3386.4832,3389.9555,3368.092,3390.3441
94630000,3368.0575,2685100,35516300,896007400,11309046900,3386.4832,3389.9555,3368.0575,3390.3441
94634000,3368.4587,3551000,47455900,899558400,11356502800,3386.4832,3389.9555,3368.0575,3390.3441
94640000,3368.606,4616300,67584100,904174700,11424086900,3386.4832,3389.9555,3368.0575,3390.3441
94646000,3368.3375,2965000,30004800,907139700,11454091700,3386.4832,3389.9555,3368.0575,3390.3441
94651000,3368.3597,3744700,53983900,910884400,11508075600,3386.4832,3389.9555,3368.0325,3390.3441
94655000,3368.4384,3360400,39903900,914244800,11547979500,3386.4832,3389.9555,3368.0325,3390.3441
94701000,3368.6036,3060900,37919200,917305700,11585898700,3386.4832,3389.9555,3368.0325,3390.3441
94706000,3368.7807,1692200,24755800,918997900,11610654500,3386.4832,3389.9555,3368.0325,3390.3441
94710000,3368.9137,3097600,41642000,922095500,11652296500,3386.4832,3389.9555,3368.0325,3390.3441
94716000,3369.1057,4698200,54129800,926793700,11706426300,3386.4832,3389.9555,3368.0325,3390.3441
94721000,3368.8983,2717000,24764400,929510700,11731190700,3386.4832,3389.9555,3368.0325,3390.3441
94725000,3369.1042,2614000,36264400,932124700,11767455100,3386.4832,3389.9555,3368.0325,3390.3441
94731000,3369.6413,3110400,39872900,935235100,11807328000,3386.4832,3389.9555,3368.0325,3390.3441
94736000,3369.5457,1646300,19785700,936881400,11827113700,3386.4832,3389.9555,3368.0325,3390.3441
94740000,3370.1151,3318100,38183300,940199500,11865297000,3386.4832,3389.9555,3368.0325,3390.3441
94746000,3370.6402,4253500,50673100,944453000,11915970100,3386.4832,3389.9555,3368.0325,3390.3441
94751000,3370.2697,1518100,19058900,945971100,11935029000,3386.4832,3389.9555,3368.0325,3390.3441
94755000,3370.3543,2598000,31541600,948569100,11966570600,3386.4832,3389.9555,3368.0325,3390.3441
94801000,3370.8521,3567800,49752300,952136900,12016322900,3386.4832,3389.9555,3368.0325,3390.3441
94806000,3371.479,1987100,21333400,954124000,12037656300,3386.4832,3389.9555,3368.0325,3390.3441
94810000,3371.5652,2831000,39647500,956955000,12077303800,3386.4832,3389.9555,3368.0325,3390.3441
94816000,3371.5694,4004400,41273600,960959400,12118577400,3386.4832,3389.9555,3368.0325,3390.3441
94821000,3371.9537,1493400,18111300,962452800,12136688700,3386.4832,3389.9555,3368.0325,3390.3441
94825000,3372.1263,2424000,29918100,964876800,12166606800,3386.4832,3389.9555,3368.0325,3390.3441
94831000,3372.3965,3377200,39101100,968254000,12205707900,3386.4832,3389.9555,3368.0325,3390.3441
94836000,3372.6269,1767400,18728900,970021400,12224436800,3386.4832,3389.9555,3368.0325,3390.3441
94840000,3372.9344,2853100,36226000,972874500,12260662800,3386.4832,3389.9555,3368.0325,3390.3441
94846000,3373.1243,3580900,47709500,976455400,12308372300,3386.4832,3389.9555,3368.0325,3390.3441
94851000,3373.2605,1659800,22170400,978115200,12330542700,3386.4832,3389.9555,3368.0325,3390.3441
94855000,3373.3232,3349200,48712100,981464400,12379254800,3386.4832,3389.9555,3368.0325,3390.3441
94901000,3373.4111,3881700,41831200,985346100,12421086000,3386.4832,3389.9555,3368.0325,3390.3441
94906000,3373.6771,3059300,34072800,988405400,12455158800,3386.4832,3389.9555,3368.0325,3390.3441
94910000,3373.5729,3534200,42571900,991939600,12497730700,3386.4832,3389.9555,3368.0325,3390.3441
94916000,3373.7004,3532300,36794200,995471900,12534524900,3386.4832,3389.9555,3368.0325,3390.3441
94921000,3373.0109,2976200,23230000,998448100,12557754900,3386.4832,3389.9555,3368.0325,3390.3441
94925000,3373.2234,3586600,31596000,1002034700,12589350900,3386.4832,3389.9555,3368.0325,3390.3441
94931000,3372.2436,2384700,31176600,1004419400,12620527500,3386.4832,3389.9555,3368.0325,3390.3441
94936000,3372.9589,1630800,18077700,1006050200,12638605200,3386.4832,3389.9555,3368.0325,3390.3441
94940000,3372.7252,2654900,31028100,1008705100,12669633300,3386.4832,3389.9555,3368.0325,3390.3441
94946000,3373.1666,2238300,31470400,1010943400,12701103700,3386.4832,3389.9555,3368.0325,3390.3441
94951000,3373.235,988200,14778900,1011931600,12715882600,3386.4832,3389.9555,3368.0325,3390.3441
94955000,3372.8641,2760300,37274600,1014691900,12753157200,3386.4832,3389.9555,3368.0325,3390.3441
95001000,3373.1707,2587400,31681100,1017279300,12784838300,3386.4832,3389.9555,3368.0325,3390.3441
95006000,3373.1901,1706200,23540500,1018985500,12808378800,3386.4832,3389.9555,3368.0325,3390.3441
95010000,3373.2677,4081000,39167800,1023066500,12847546600,3386.4832,3389.9555,3368.0325,3390.3441
95016000,3373.1255,4526200,50448700,1027592700,12897995300,3386.4832,3389.9555,3368.0325,3390.3441
95021000,3372.9353,1508200,22192000,1029100900,12920187300,3386.4832,3389.9555,3368.0325,3390.3441
95025000,3372.8625,4698900,49590600,1033799800,12969777900,3386.4832,3389.9555,3368.0325,3390.3441
95031000,3373.079,3447500,41891900,1037247300,13011669800,3386.4832,3389.9555,3368.0325,3390.3441
95037000,3373.1662,3219100,39173000,1040466400,13050842800,3386.4832,3389.9555,3368.0325,3390.3441
95042000,3372.9164,1140500,16057800,1041606900,13066900600,3386.4832,3389.9555,3368.0325,3390.3441
95046000,3372.9964,1960000,29561600,1043566900,13096462200,3386.4832,3389.9555,3368.0325,3390.3441
95052000,3373.0047,2399200,28561500,1045966100,13125023700,3386.4832,3389.9555,3368.0325,3390.3441
95057000,3372.7238,2793700,23840800,1048759800,13148864500,3386.4832,3389.9555,3368.0325,3390.3441
95101000,3372.947,3194900,40790600,1051954700,13189655100,3386.4832,3389.9555,3368.0325,3390.3441
95107000,3372.7037,3168200,39708400,1055122900,13229363500,3386.4832,3389.9555,3368.0325,3390.3441
95112000,3372.676,1623700,18507900,1056746600,13247871400,3386.4832,3389.9555,3368.0325,3390.3441
95116000,3372.9953,4816700,46537200,1061563300,13294408600,3386.4832,3389.9555,3368.0325,3390.3441
95122000,3372.7681,3151600,39224500,1064714900,13333633100,3386.4832,3389.9555,3368.0325,3390.3441
95127000,3371.9298,2021200,25378100,1066736100,13359011200,3386.4832,3389.9555,3368.0325,3390.3441
95131000,3371.6242,3276300,52311400,1070012400,13411322600,3386.4832,3389.9555,3368.0325,3390.3441
95137000,3371.7599,3359500,46744800,1073371900,13458067400,3386.4832,3389.9555,3368.0325,3390.3441
95142000,3371.4715,2308000,26871300,1075679900,13484938700,3386.4832,3389.9555,3368.0325,3390.3441
95146000,3371.0098,3023100,43047800,1078703000,13527986500,3386.4832,3389.9555,3368.0325,3390.3441
95152000,3371.3336,3813400,54335500,1082516400,13582322000,3386.4832,3389.9555,3368.0325,3390.3441
95157000,3370.4229,2032400,28172700,1084548800,13610494700,3386.4832,3389.9555,3368.0325,3390.3441
95201000,3370.601,4468900,59339400,1089017700,13669834100,3386.4832,3389.9555,3368.0325,3390.3441
95207000,3370.213,4194400,57525200,1093212100,13727359300,3386.4832,3389.9555,3368.0325,3390.3441
95212000,3370.1322,1411300,22582300,1094623400,13749941600,3386.4832,3389.9555,3368.0325,3390.3441
95216000,3369.577,4629800,55455400,1099253200,13805397000,3386.4832,3389.9555,3368.0325,3390.3441
95222000,3369.9063,2571000,37172900,1101824200,13842569900,3386.4832,3389.9555,3368.0325,3390.3441
95227000,3370.0091,2056100,22086300,1103880300,13864656200,3386.4832,3389.9555,3368.0325,3390.3441
95231000,3369.8154,3278500,46211400,1107158800,13910867600,3386.4832,3389.9555,3368.0325,3390.3441
95237000,3370.0702,3065400,43632000,1110224200,13954499600,3386.4832,3389.9555,3368.0325,3390.3441
95242000,3370.0884,1358200,22695600,1111582400,13977195200,3386.4832,3389.9555,3368.0325,3390.3441
95246000,3370.7528,2356100,41975600,1113938500,14019170800,3386.4832,3389.9555,3368.0325,3390.3441
95252000,3371.3646,4296300,61392600,1118234800,14080563400,3386.4832,3389.9555,3368.0325,3390.3441
95257000,3371.8162,3718000,41433600,1121952800,14121997000,3386.4832,3389.9555,3368.0325,3390.3441
95301000,3372.5879,7893800,95044100,1129846600,14217041100,3386.4832,3389.9555,3368.0325,3390.3441
95307000,3374.1567,5462500,68717400,1135309100,14285758500,3386.4832,3389.9555,3368.0325,3390.3441
95312000,3374.063,3914900,38598900,1139224000,14324357400,3386.4832,3389.9555,3368.0325,3390.3441
95316000,3374.5982,3406100,46704900,1142630100,14371062300,3386.4832,3389.9555,3368.0325,3390.3441
95322000,3375.14,4396300,41380900,1147026400,14412443200,3386.4832,3389.9555,3368.0325,3390.3441
95327000,3375.0794,1725200,19415500,1148751600,14431858700,3386.4832,3389.9555,3368.0325,3390.3441
95331000,3375.1428,3572700,39404500,1152324300,14471263200,3386.4832,3389.9555,3368.0325,3390.3441
95337000,3375.4627,3927000,52311600,1156251300,14523574800,3386.4832,3389.9555,3368.0325,3390.3441
95342000,3375.2733,3071500,23745200,1159322800,14547320000,3386.4832,3389.9555,3368.0325,3390.3441
95346000,3375.6447,4001500,42239700,1163324300,14589559700,3386.4832,3389.9555,3368.0325,3390.3441
95352000,3375.945,3128500,43945300,1166452800,14633505000,3386.4832,3389.9555,3368.0325,3390.3441
95357000,3376.1082,2172100,24957900,1168624900,14658462900,3386.4832,3389.9555,3368.0325,3390.3441
95403000,3376.231,4063600,42442800,1172688500,14700905700,3386.4832,3389.9555,3368.0325,3390.3441
95407000,3376.664,3826900,46954300,1176515400,14747860000,3386.4832,3389.9555,3368.0325,3390.3441
95413000,3376.8475,2849900,38898400,1179365300,14786758400,3386.4832,3389.9555,3368.0325,3390.3441
95418000,3377.1466,2040300,27508100,1181405600,14814266500,3386.4832,3389.9555,3368.0325,3390.3441
95422000,3376.9604,2754100,36022800,1184159700,14850289300,3386.4832,3389.9555,3368.0325,3390.3441
95428000,3376.9702,3866300,45708700,1188026000,14895998000,3386.4832,3389.9555,3368.0325,3390.3441
95433000,3377.4236,2451000,35248700,1190477000,14931246700,3386.4832,3389.9555,3368.0325,3390.3441
95437000,3377.3762,3287900,41635600,1193764900,14972882300,3386.4832,3389.9555,3368.0325,3390.3441
95443000,3377.1758,3599900,44043300,1197364800,15016925600,3386.4832,3389.9555,3368.0325,3390.3441
95448000,3377.4169,1705300,22446200,1199070100,15039371800,3386.4832,3389.9555,3368.0325,3390.3441
95452000,3377.5601,2523900,38551400,1201594000,15077923200,3386.4832,3389.9555,3368.0325,3390.3441
95458000,3377.7332,4943600,51446700,1206537600,15129369900,3386.4832,3389.9555,3368.0325,3390.3441
95503000,3378.1364,2091700,28964900,1208629300,15158334800,3386.4832,3389.9555,3368.0325,3390.3441
95507000,3377.9595,3262800,43965100,1211892100,15202299900,3386.4832,3389.9555,3368.0325,3390.3441
95513000,3377.5244,3587800,39235200,1215479900,15241535100,3386.4832,3389.9555,3368.0325,3390.3441
95518000,3378.0852,2429100,29440800,1217909000,15270975900,3386.4832,3389.9555,3368.0325,3390.3441
95522000,3377.1688,4295100,46692500,1222204100,15317668400,3386.4832,3389.9555,3368.0325,3390.3441
95528000,3376.9029,3860700,54406200,1226064800,15372074600,3386.4832,3389.9555,3368.0325,3390.3441
95533000,3377.029,2036200,26239900,1228101000,15398314500,3386.4832,3389.9555,3368.0325,3390.3441
95537000,3376.8179,3924100,49920100,1232025100,15448234600,3386.4832,3389.9555,3368.0325,3390.3441
95543000,3376.2891,3963700,50058000,1235988800,15498292600,3386.4832,3389.9555,3368.0325,3390.3441
95548000,3375.8203,1650900,20404600,1237639700,15518697200,3386.4832,3389.9555,3368.0325,3390.3441
95552000,3375.8676,4434400,52052400,1242074100,15570749600,3386.4832,3389.9555,3368.0325,3390.3441
95558000,3375.4182,5049200,55489700,1247123300,15626239300,3386.4832,3389.9555,3368.0325,3390.3441
95603000,3375.7791,2096700,23489000,1249220000,15649728300,3386.4832,3389.9555,3368.0325,3390.3441
95607000,3375.2421,3507500,41799200,1252727500,15691527500,3386.4832,3389.9555,3368.0325,3390.3441
95613000,3375.326,3897600,57176900,1256625100,15748704400,3386.4832,3389.9555,3368.0325,3390.3441
95618000,3375.4733,2187000,30362000,1258812100,15779066400,3386.4832,3389.9555,3368.0325,3390.3441
95622000,3375.5008,3644700,41278800,1262456800,15820345200,3386.4832,3389.9555,3368.0325,3390.3441
95628000,3375.7111,2726500,35349300,1265183300,15855694500,3386.4832,3389.9555,3368.0325,3390.3441
95633000,3376.0317,2157700,23874300,1267341000,15879568800,3386.4832,3389.9555,3368.0325,3390.3441
95637000,3375.7549,5209900,54452100,1272550900,15934020900,3386.4832,3389.9555,3368.0325,3390.3441
95643000,3375.3006,4364500,57454800,1276915400,15991475700,3386.4832,3389.9555,3368.0325,3390.3441
95648000,3375.7426,2866900,26844400,1279782300,16018320100,3386.4832,3389.9555,3368.0325,3390.3441
95652000,3375.5534,3844400,38933900,1283626700,16057254000,3386.4832,3389.9555,3368.0325,3390.3441
95658000,3375.3521,2759800,41914300,1286386500,16099168300,3386.4832,3389.9555,3368.0325,3390.3441
95703000,3375.6601,1471300,18768400,1287857800,16117936700,3386.4832,3389.9555,3368.0325,3390.3441
95707000,3375.1861,5050300,48117800,1292908100,16166054500,3386.4832,3389.9555,3368.0325,3390.3441
95713000,3375.0673,4269100,48685700,1297177200,16214740200,3386.4832,3389.9555,3368.0325,3390.3441
95718000,3374.887,2197100,29406500,1299374300,16244146700,3386.4832,3389.9555,3368.0325,3390.3441
95722000,3374.5775,3778100,50760300,1303152400,16294907000,3386.4832,3389.9555,3368.0325,3390.3441
95728000,3374.0344,4009900,48905200,1307162300,16343812200,3386.4832,3389.9555,3368.0325,3390.3441
95733000,3374.3377,1536400,20686500,1308698700,16364498700,3386.4832,3389.9555,3368.0325,3390.3441
95737000,3374.4088,3512800,46616900,1312211500,16411115600,3386.4832,3389.9555,3368.0325,3390.3441
95743000,3374.1241,2943100,48615200,1315154600,16459730800,3386.4832,3389.9555,3368.0325,3390.3441
95748000,3373.2606,1519800,19973200,1316674400,16479704000,3386.4832,3389.9555,3368.0325,3390.3441
95752000,3373.3939,2391900,36095200,1319066300,16515799200,3386.4832,3389.9555,3368.0325,3390.3441
95758000,3373.5376,2937900,33668900,1322004200,16549468100,3386.4832,3389.9555,3368.0325,3390.3441
95804000,3373.1734,4115200,47551900,1326119400,16597020000,3386.4832,3389.9555,3368.0325,3390.3441
95809000,3372.8883,2558200,28314500,1328677600,16625334500,3386.4832,3389.9555,3368.0325,3390.3441
95813000,3372.6482,3221200,43229700,1331898800,16668564200,3386.4832,3389.9555,3368.0325,3390.3441
95819000,3372.7032,3229100,42801600,1335127900,16711365800,3386.4832,3389.9555,3368.0325,3390.3441
95824000,3372.91,1786700,26774200,1336914600,16738140000,3386.4832,3389.9555,3368.0325,3390.3441
95828000,3372.8071,2650800,36079000,1339565400,16774219000,3386.4832,3389.9555,3368.0325,3390.3441
95834000,3372.9664,3212000,38981500,1342777400,16813200500,3386.4832,3389.9555,3368.0325,3390.3441
95839000,3373.1685,1753600,20313800,1344531000,16833514300,3386.4832,3389.9555,3368.0325,3390.3441
95843000,3373.2165,3389800,51772300,1347920800,16885286600,3386.4832,3389.9555,3368.0325,3390.3441
95849000,3372.9416,3930100,39832100,1351850900,16925118700,3386.4832,3389.9555,3368.0325,3390.3441
95854000,3373.1823,2176200,21135100,1354027100,16946253800,3386.4832,3389.9555,3368.0325,3390.3441
95858000,3373.6822,3139100,43201700,1357166200,16989455500,3386.4832,3389.9555,3368.0325,3390.3441
95904000,3373.3916,4374000,63330300,1361540200,17052785800,3386.4832,3389.9555,3368.0325,3390.3441
95909000,3374.1693,2097600,26574300,1363637800,17079360100,3386.4832,3389.9555,3368.0325,3390.3441
95913000,3374.9593,3944500,52021700,1367582300,17131381800,3386.4832,3389.9555,3368.0325,3390.3441
95919000,3375.0567,4717900,61198400,1372300200,17192580200,3386.4832,3389.9555,3368.0325,3390.3441
95924000,3375.9352,3269500,37238000,1375569700,17229818200,3386.4832,3389.9555,3368.0325,3390.3441
95928000,3376.0834,4188000,56939800,1379757700,17286758000,3386.4832,3389.9555,3368.0325,3390.3441
95934000,3376.2488,3929300,49283800,1383687000,17336041800,3386.4832,3389.9555,3368.0325,3390.3441
95939000,3376.0501,2234000,26567200,1385921000,17362609000,3386.4832,3389.9555,3368.0325,3390.3441
95943000,3376.1006,3282500,47330500,1389203500,17409939500,3386.4832,3389.9555,3368.0325,3390.3441
95949000,3376.399,5513200,61225500,1394716700,17471165000,3386.4832,3389.9555,3368.0325,3390.3441
95954000,3376.2555,4252600,32264600,1398969300,17503429600,3386.4832,3389.9555,3368.0325,3390.3441
95958000,3376.6097,3773100,50937700,1402742400,17554367300,3386.4832,3389.9555,3368.0325,3390.3441
100004000,3376.4268,4048000,51718900,1406790400,17606086200,3386.4832,3389.9555,3368.0325,3390.3441
100009000,3376.012,1921300,23589700,1408711700,17629675900,3386.4832,3389.9555,3368.0325,3390.3441
100013000,3375.6331,2745200,36596400,1411456900,17666272300,3386.4832,3389.9555,3368.0325,3390.3441
100019000,3375.3419,3818000,41739100,1415274900,17708011400,3386.4832,3389.9555,3368.0325,3390.3441
100024000,3375.2336,1998000,21595100,1417272900,17729606500,3386.4832,3389.9555,3368.0325,3390.3441
100028000,3375.1274,6765800,61159700,1424038700,17790766200,3386.4832,3389.9555,3368.0325,3390.3441
100034000,3374.602,4076300,48654000,1428115000,17839420200,3386.4832,3389.9555,3368.0325,3390.3441
100039000,3374.9842,2414300,29335500,1430529300,17868755700,3386.4832,3389.9555,3368.0325,3390.3441
100043000,3373.4576,2958400,42786200,1433487700,17911541900,3386.4832,3389.9555,3368.0325,3390.3441
100049000,3372.3286,5129900,68101300,1438617600,17979643200,3386.4832,3389.9555,3368.0325,3390.3441
100054000,3372.554,3596400,41035800,1442214000,18020679000,3386.4832,3389.9555,3368.0325,3390.3441
100058000,3371.876,6390600,67547300,1448604600,18088226300,3386.4832,3389.9555,3368.0325,3390.3441
100104000,3371.4996,7243500,82530500,1455848100,18170756800,3386.4832,3389.9555,3368.0325,3390.3441
100109000,3371.5296,3341400,45195400,1459189500,18215952200,3386.4832,3389.9555,3368.0325,3390.3441
100113000,3371.0763,4654700,65293800,1463844200,18281246000,3386.4832,3389.9555,3368.0325,3390.3441
100119000,3370.3139,4394700,68472000,1468238900,18349718000,3386.4832,3389.9555,3368.0325,3390.3441
100124000,3370.4524,2131000,33721000,1470369900,18383439000,3386.4832,3389.9555,3368.0325,3390.3441
100128000,3370.2611,3046700,47883500,1473416600,18431322500,3386.4832,3389.9555,3368.0325,3390.3441
100134000,3370.1222,4667300,65821900,1478083900,18497144400,3386.4832,3389.9555,3368.0325,3390.3441
100140000,3369.5868,3856500,57736100,1481940400,18554880500,3386.4832,3389.9555,3368.0325,3390.3441
100145000,3369.4642,2431200,29317100,1484371600,18584197600,3386.4832,3389.9555,3368.0325,3390.3441
100149000,3369.2201,4248800,55730300,1488620400,18639927900,3386.4832,3389.9555,3368.0325,3390.3441
100155000,3368.8677,2987700,46541200,1491608100,18686469100,3386.4832,3389.9555,3368.0325,3390.3441
100200000,3368.6459,2163500,26980200,1493771600,18713449300,3386.4832,3389.9555,3368.0325,3390.3441
100204000,3369.0087,3260100,48245700,1497031700,18761695000,3386.4832,3389.9555,3368.0325,3390.3441
100210000,3368.5051,2628100,44151100,1499659800,18805846100,3386.4832,3389.9555,3368.0325,3390.3441
100215000,3368.4489,1611800,23696500,1501271600,18829542600,3386.4832,3389.9555,3368.0325,3390.3441
100219000,3368.801,2881700,42912700,1504153300,18872455300,3386.4832,3389.9555,3368.0325,3390.3441
100225000,3368.6774,2893300,45286800,1507046600,18917742100,3386.4832,3389.9555,3368.0325,3390.3441
100230000,3368.6432,5196800,38620700,1512243400,18956362800,3386.4832,3389.9555,3368.0325,3390.3441
100234000,3368.4929,2159100,40655700,1514402500,18997018500,3386.4832,3389.9555,3368.0325,3390.3441
100240000,3369.1937,4282200,45675300,1518684700,19042693800,3386.4832,3389.9555,3368.0325,3390.3441
100245000,3369.2306,1668500,22661700,1520353200,19065355500,3386.4832,3389.9555,3368.0325,3390.3441
100249000,3369.8467,2828900,38183100,1523182100,19103538600,3386.4832,3389.9555,3368.0325,3390.3441
100255000,3369.3706,3231900,35204400,1526414000,19138743000,3386.4832,3389.9555,3368.0325,3390.3441
100300000,3369.2843,2835100,23439800,1529249100,19162182800,3386.4832,3389.9555,3368.0325,3390.3441
100304000,3369.1979,4586500,42879400,1533835600,19205062200,3386.4832,3389.9555,3368.0325,3390.3441
100310000,3369.272,6805400,41095500,1540641000,19246157700,3386.4832,3389.9555,3368.0325,3390.3441
100315000,3369.5021,1578800,19894500,1542219800,19266052200,3386.4832,3389.9555,3368.0325,3390.3441
100319000,3369.3438,2065700,28973800,1544285500,19295026000,3386.4832,3389.9555,3368.0325,3390.3441
100325000,3369.6834,2117700,30822300,1546403200,19325848300,3386.4832,3389.9555,3368.0325,3390.3441
100330000,3369.4311,2015600,24169800,1548418800,19350018100,3386.4832,3389.9555,3368.0325,3390.3441
100334000,3369.7031,3513800,38879000,1551932600,19388897100,3386.4832,3389.9555,3368.0325,3390.3441
100340000,3369.3323,1973500,27691500,1553906100,19416588600,3386.4832,3389.9555,3368.0325,3390.3441
100345000,3369.2198,2520400,22614200,1556426500,19439202800,3386.4832,3389.9555,3368.0325,3390.3441
100349000,3369.5082,2445200,33190700,1558871700,19472393500,3386.4832,3389.9555,3368.0325,3390.3441
100355000,3369.8608,2426400,34325900,1561298100,19506719400,3386.4832,3389.9555,3368.0325,3390.3441
100400000,3369.7653,1683400,16666200,1562981500,19523385600,3386.4832,3389.9555,3368.0325,3390.3441
100404000,3369.5185,1988800,27103600,1564970300,19550489200,3386.4832,3389.9555,3368.0325,3390.3441
100410000,3370.0164,2473400,34667200,1567443700,19585156400,3386.4832,3389.9555,3368.0325,3390.3441
100415000,3369.4914,1613200,19870500,1569056900,19605026900,3386.4832,3389.9555,3368.0325,3390.3441
100419000,3369.3456,2506900,32245400,1571563800,19637272300,3386.4832,3389.9555,3368.0325,3390.3441
100425000,3369.3381,2149300,30332400,1573713100,19667604700,3386.4832,3389.9555,3368.0325,3390.3441
100430000,3369.3947,1845300,19131900,1575558400,19686736600,3386.4832,3389.9555,3368.0325,3390.3441
100434000,3369.0343,2763300,38291500,1578321700,19725028100,3386.4832,3389.9555,3368.0325,3390.3441
100440000,3369.0858,2785900,36598200,1581107600,19761626300,3386.4832,3389.9555,3368.0325,3390.3441
100445000,3369.6409,1281800,17649300,1582389400,19779275600,3386.4832,3389.9555,3368.0325,3390.3441
100449000,3370.1103,1769700,27065600,1584159100,19806341200,3386.4832,3389.9555,3368.0325,3390.3441
100455000,3369.8395,2125600,29236000,1586284700,19835577200,3386.4832,3389.9555,3368.0325,3390.3441
100501000,3369.4532,2006300,21971300,1588291000,19857548500,3386.4832,3389.9555,3368.0325,3390.3441
100506000,3369.3152,3050000,40671400,1591341000,19898219900,3386.4832,3389.9555,3368.0325,3390.3441
100510000,3369.3123,1964700,27496600,1593305700,19925716500,3386.4832,3389.9555,3368.0325,3390.3441
100516000,3369.5548,2799900,25954700,1596105600,19951671200,3386.4832,3389.9555,3368.0325,3390.3441
100521000,3369.4875,1770800,18247700,1597876400,19969918900,3386.4832,3389.9555,3368.0325,3390.3441
100525000,3369.2937,2701200,33591800,1600577600,20003510700,3386.4832,3389.9555,3368.0325,3390.3441
100531000,3368.9926,2812600,33355300,1603390200,20036866000,3386.4832,3389.9555,3368.0325,3390.3441
100536000,3368.9955,1463300,21453900,1604853500,20058319900,3386.4832,3389.9555,3368.0325,3390.3441
100540000,3368.7075,2424900,29186100,1607278400,20087506000,3386.4832,3389.9555,3368.0325,3390.3441
100546000,3368.8912,2529400,31628000,1609807800,20119134000,3386.4832,3389.9555,3368.0325,3390.3441
100551000,3368.5735,1119500,13389300,1610927300,20132523300,3386.4832,3389.9555,3368.0325,3390.3441
100555000,3368.6833,2290300,37034600,1613217600,20169557900,3386.4832,3389.9555,3368.0325,3390.3441
100601000,3368.7169,2259600,30779300,1615477200,20200337200,3386.4832,3389.9555,3368.0325,3390.3441
100606000,3368.6053,1771900,21701800,1617249100,20222039000,3386.4832,3389.9555,3368.0325,3390.3441
100610000,3368.8303,1823500,30085800,1619072600,20252124800,3386.4832,3389.9555,3368.0325,3390.3441
100616000,3368.8461,1970200,29677100,1621042800,20281801900,3386.4832,3389.9555,3368.0325,3390.3441
100621000,3368.201,1895000,23965800,1622937800,20305767700,3386.4832,3389.9555,3368.0325,3390.3441
100625000,3368.4553,2136700,26775600,1625074500,20332543300,3386.4832,3389.9555,3368.0325,3390.3441
100631000,3368.5572,2017300,31082300,1627091800,20363625600,3386.4832,3389.9555,3368.0325,3390.3441
100636000,3368.7234,1577500,20954500,1628669300,20384580100,3386.4832,3389.9555,3368.0325,3390.3441
100640000,3368.7344,2592700,39431200,1631262000,20424011300,3386.4832,3389.9555,3368.0325,3390.3441
100646000,3369.0165,2593900,34092000,1633855900,20458103300,3386.4832,3389.9555,3368.0325,3390.3441
100651000,3369.1734,1256600,17579800,1635112500,20475683100,3386.4832,3389.9555,3368.0325,3390.3441
100655000,3368.8889,1747900,28516900,1636860400,20504200000,3386.4832,3389.9555,3368.0325,3390.3441
100701000,3369.6703,4020300,40981900,1640880700,20545181900,3386.4832,3389.9555,3368.0325,3390.3441
100706000,3369.4234,1586100,27353900,1642466800,20572535800,3386.4832,3389.9555,3368.0325,3390.3441
100710000,3369.6285,3162000,44770400,1645628800,20617306200,3386.4832,3389.9555,3368.0325,3390.3441
100716000,3370.2767,3125900,39180800,1648754700,20656487000,3386.4832,3389.9555,3368.0325,3390.3441
100721000,3370.272,2910700,25351800,1651665400,20681838800,3386.4832,3389.9555,3368.0325,3390.3441
100725000,3370.2509,2264600,30508900,1653930000,20712347700,3386.4832,3389.9555,3368.0325,3390.3441
100731000,3370.5534,3170800,34339100,1657100800,20746686800,3386.4832,3389.9555,3368.0325,3390.3441
100736000,3370.5481,1577600,17874800,1658678400,20764561600,3386.4832,3389.9555,3368.0325,3390.3441
100740000,3370.8073,2549300,32983600,1661227700,20797545200,3386.4832,3389.9555,3368.0325,3390.3441
100746000,3371.0057,2022200,29238800,1663249900,20826784000,3386.4832,3389.9555,3368.0325,3390.3441
100751000,3371.0617,1332000,18986200,1664581900,20845770200,3386.4832,3389.9555,3368.0325,3390.3441
100755000,3371.2688,4490600,45758900,1669072500,20891529100,3386.4832,3389.9555,3368.0325,3390.3441
100801000,3370.8495,3060500,30082900,1672133000,20921612000,3386.4832,3389.9555,3368.0325,3390.3441
100806000,3370.5456,1263100,19265600,1673396100,20940877600,3386.4832,3389.9555,3368.0325,3390.3441
100810000,3370.8352,3105400,37272100,1676501500,20978149700,3386.4832,3389.9555,3368.0325,3390.3441
100816000,3370.872,2684900,31452400,1679186400,21009602100,3386.4832,3389.9555,3368.0325,3390.3441
100821000,3371.0825,1616300,17366800,1680802700,21026968900,3386.4832,3389.9555,3368.0325,3390.3441
100825000,3371.057,2636200,46812300,1683438900,21073781200,3386.4832,3389.9555,3368.0325,3390.3441
100831000,3371.3106,1899800,25222700,1685338700,21099003900,3386.4832,3389.9555,3368.0325,3390.3441
100837000,3371.4276,3383000,34443400,1688721700,21133447300,3386.4832,3389.9555,3368.0325,3390.3441
100842000,3371.2511,1432300,13487000,1690154000,21146934300,3386.4832,3389.9555,3368.0325,3390.3441
100846000,3371.417,2251600,30617400,1692405600,21177551700,3386.4832,3389.9555,3368.0325,3390.3441
100852000,3371.1238,2446100,31924100,1694851700,21209475800,3386.4832,3389.9555,3368.0325,3390.3441
100857000,3371.2736,1730300,19181000,1696582000,21228656800,3386.4832,3389.9555,3368.0325,3390.3441
100901000,3370.9887,2251200,30119500,1698833200,21258776300,3386.4832,3389.9555,3368.0325,3390.3441
100907000,3371.1514,2501300,29047200,1701334500,21287823500,3386.4832,3389.9555,3368.0325,3390.3441
100912000,3371.0182,1807600,15127000,1703142100,21302950500,3386.4832,3389.9555,3368.0325,3390.3441
100916000,3371.1411,2821000,34164500,1705963100,21337115000,3386.4832,3389.9555,3368.0325,3390.3441
100922000,3370.71,3398400,33210500,1709361500,21370325500,3386.4832,3389.9555,3368.0325,3390.3441
100927000,3370.8096,1793400,16048700,1711154900,21386374200,3386.4832,3389.9555,3368.0325,3390.3441
100931000,3370.5577,2546400,28352000,1713701300,21414726200,3386.4832,3389.9555,3368.0325,3390.3441
100937000,3370.5195,2225600,28707600,1715926900,21443433800,3386.4832,3389.9555,3368.0325,3390.3441
100942000,3370.4998,1651400,14640200,1717578300,21458074000,3386.4832,3389.9555,3368.0325,3390.3441
100946000,3370.7624,2527600,26632300,1720105900,21484706300,3386.4832,3389.9555,3368.0325,3390.3441
100952000,3370.9673,2001800,23858600,1722107700,21508564900,3386.4832,3389.9555,3368.0325,3390.3441
100957000,3370.576,1235700,13221600,1723343400,21521786500,3386.4832,3389.9555,3368.0325,3390.3441
101001000,3370.8858,2592600,29695800,1725936000,21551482300,3386.4832,3389.9555,3368.0325,3390.3441
101007000,3370.349,2515600,33688900,1728451600,21585171200,3386.4832,3389.9555,3368.0325,3390.3441
101012000,3370.4572,1160500,15381600,1729612100,21600552800,3386.4832,3389.9555,3368.0325,3390.3441
101016000,3370.4433,2264600,30400000,1731876700,21630952800,3386.4832,3389.9555,3368.0325,3390.3441
101022000,3370.4308,2990500,39564600,1734867200,21670517400,3386.4832,3389.9555,3368.0325,3390.3441
101027000,3369.9696,1715600,20784800,1736582800,21691302200,3386.4832,3389.9555,3368.0325,3390.3441
101031000,3369.5067,2437300,35943300,1739020100,21727245500,3386.4832,3389.9555,3368.0325,3390.3441
101037000,3369.2748,2064700,31145000,1741084800,21758390500,3386.4832,3389.9555,3368.0325,3390.3441
101042000,3369.2804,1432500,20190000,1742517300,21778580500,3386.4832,3389.9555,3368.0325,3390.3441
101046000,3369.3708,2211600,36018300,1744728900,21814598800,3386.4832,3389.9555,3368.0325,3390.3441
101052000,3367.809,3795900,52097900,1748524800,21866696700,3386.4832,3389.9555,3367.809,3390.3441
101057000,3368.03,1277500,18474100,1749802300,21885170800,3386.4832,3389.9555,3367.809,3390.3441
101101000,3368.2161,2674300,44089300,1752476600,21929260100,3386.4832,3389.9555,3367.7356,3390.3441
101107000,3368.0226,6522100,68184200,1758998700,21997444300,3386.4832,3389.9555,3367.7356,3390.3441
101112000,3367.7898,2185400,29249800,1761184100,22026694100,3386.4832,3389.9555,3367.7356,3390.3441
101116000,3367.7967,2661900,37599200,1763846000,22064293300,3386.4832,3389.9555,3367.7356,3390.3441
101122000,3367.781,2396300,36435900,1766242300,22100729200,3386.4832,3389.9555,3367.7356,3390.3441
101127000,3367.3089,1357900,15726500,1767600200,22116455700,3386.4832,3389.9555,3367.272,3390.3441
101131000,3367.2618,3229700,50336300,1770829900,22166792000,3386.4832,3389.9555,3367.2618,3390.3441
101137000,3367.1125,5145300,60044200,1775975200,22226836200,3386.4832,3389.9555,3367.1125,3390.3441
101142000,3367.1946,2058500,19152200,1778033700,22245988400,3386.4832,3389.9555,3367.047,3390.3441
101146000,3367.2276,2576100,34488500,1780609800,22280476900,3386.4832,3389.9555,3367.047,3390.3441
101152000,3367.0539,4836500,38659800,1785446300,22319136700,3386.4832,3389.9555,3367.047,3390.3441
101157000,3366.8165,5289900,38612000,1790736200,22357748700,3386.4832,3389.9555,3366.7666,3390.3441
101201000,3366.6259,2816100,34331500,1793552300,22392080200,3386.4832,3389.9555,3366.588,3390.3441
101207000,3366.313,2815300,40094700,1796367600,22432174900,3386.4832,3389.9555,3366.313,3390.3441
101213000,3366.4909,2796400,45187700,1799164000,22477362600,3386.4832,3389.9555,3366.1697,3390.3441
101218000,3366.5653,1623000,23400700,1800787000,22500763300,3386.4832,3389.9555,3366.1697,3390.3441
101222000,3366.57,3321700,47772400,1804108700,22548535700,3386.4832,3389.9555,3366.1697,3390.3441
101228000,3366.4894,2927800,41986900,1807036500,22590522600,3386.4832,3389.9555,3366.1697,3390.3441
101233000,3366.3619,1931500,25073000,1808968000,22615595600,3386.4832,3389.9555,3366.1697,3390.3441
101237000,3366.3252,3921900,50657900,1812889900,22666253500,3386.4832,3389.9555,3366.1697,3390.3441
101243000,3366.6733,4831500,47051600,1817721400,22713305100,3386.4832,3389.9555,3366.1697,3390.3441
101248000,3367.2937,1812000,24309000,1819533400,22737614100,3386.4832,3389.9555,3366.1697,3390.3441
101252000,3367.5685,2250700,37729600,1821784100,22775343700,3386.4832,3389.9555,3366.1697,3390.3441
101258000,3367.839,4866100,58372500,1826650200,22833716200,3386.4832,3389.9555,3366.1697,3390.3441
101303000,3368.2693,2452900,28628700,1829103100,22862344900,3386.4832,3389.9555,3366.1697,3390.3441
101307000,3368.3972,3498800,42004600,1832601900,22904349500,3386.4832,3389.9555,3366.1697,3390.3441
101313000,3368.4696,3971700,48001900,1836573600,22952351400,3386.4832,3389.9555,3366.1697,3390.3441
101318000,3368.6415,2059200,22967200,1838632800,22975318600,3386.4832,3389.9555,3366.1697,3390.3441
101322000,3368.2871,2952100,32288100,1841584900,23007606700,3386.4832,3389.9555,3366.1697,3390.3441
101328000,3368.3813,2233000,31265000,1843817900,23038871700,3386.4832,3389.9555,3366.1697,3390.3441
101333000,3368.4415,1352400,15302500,1845170300,23054174200,3386.4832,3389.9555,3366.1697,3390.3441
101337000,3368.215,2047400,26391100,1847217700,23080565300,3386.4832,3389.9555,3366.1697,3390.3441
101343000,3367.3378,2294800,30107700,1849512500,23110673000,3386.4832,3389.9555,3366.1697,3390.3441
101348000,3368.0371,1684100,20636800,1851196600,23131309800,3386.4832,3389.9555,3366.1697,3390.3441
101352000,3368.1882,1899300,29831700,1853095900,23161141500,3386.4832,3389.9555,3366.1697,3390.3441
101358000,3368.0799,1982500,27279300,1855078400,23188420800,3386.4832,3389.9555,3366.1697,3390.3441
101403000,3367.9053,2060800,18172000,1857139200,23206592800,3386.4832,3389.9555,3366.1697,3390.3441
101407000,3367.8919,3060100,40603500,1860199300,23247196300,3386.4832,3389.9555,3366.1697,3390.3441
101413000,3367.9807,2568400,34926100,1862767700,23282122400,3386.4832,3389.9555,3366.1697,3390.3441
101418000,3367.9972,1096200,13473700,1863863900,23295596100,3386.4832,3389.9555,3366.1697,3390.3441
101422000,3367.9915,3048200,32157300,1866912100,23327753400,3386.4832,3389.9555,3366.1697,3390.3441
101428000,3367.7459,2359200,24314300,1869271300,23352067700,3386.4832,3389.9555,3366.1697,3390.3441
101433000,3367.9174,1381800,14159100,1870653100,23366226800,3386.4832,3389.9555,3366.1697,3390.3441
101437000,3368.1392,1710300,23690400,1872363400,23389917200,3386.4832,3389.9555,3366.1697,3390.3441
101443000,3367.6066,2070200,24358300,1874433600,23414275500,3386.4832,3389.9555,3366.1697,3390.3441
101448000,3367.5964,1470400,19035900,1875904000,23433311400,3386.4832,3389.9555,3366.1697,3390.3441
101452000,3367.7642,1965200,26334500,1877869200,23459645900,3386.4832,3389.9555,3366.1697,3390.3441
101458000,3367.7321,2402500,34054900,1880271700,23493700800,3386.4832,3389.9555,3366.1697,3390.3441
101503000,3367.3681,1651200,18653000,1881922900,23512353800,3386.4832,3389.9555,3366.1697,3390.3441
101507000,3367.8042,2278100,33196600,1884201000,23545550400,3386.4832,3389.9555,3366.1697,3390.3441
101513000,3367.6164,3631500,37555900,1887832500,23583106300,3386.4832,3389.9555,3366.1697,3390.3441
101518000,3367.5794,1517500,18981300,1889350000,23602087600,3386.4832,3389.9555,3366.1697,3390.3441
101522000,3367.5103,2207700,25538800,1891557700,23627626400,3386.4832,3389.9555,3366.1697,3390.3441
101528000,3367.5201,2320600,28377300,1893878300,23656003700,3386.4832,3389.9555,3366.1697,3390.3441
101533000,3367.4932,2523500,20084300,1896401800,23676088000,3386.4832,3389.9555,3366.1697,3390.3441
101539000,3367.5031,3140500,32950500,1899542300,23709038500,3386.4832,3389.9555,3366.1697,3390.3441
101543000,3367.6855,2233600,28112400,1901775900,23737150900,3386.4832,3389.9555,3366.1697,3390.3441
101549000,3367.3861,2257800,30423100,1904033700,23767574000,3386.4832,3389.9555,3366.1697,3390.3441
101554000,3367.4166,1455300,17526900,1905489000,23785100900,3386.4832,3389.9555,3366.1697,3390.3441
101558000,3367.3568,2979800,32804700,1908468800,23817905600,3386.4832,3389.9555,3366.1697,3390.3441
101604000,3367.2176,2426500,32107800,1910895300,23850013400,3386.4832,3389.9555,3366.1697,3390.3441
101609000,3367.4404,1341000,16713900,1912236300,23866727300,3386.4832,3389.9555,3366.1697,3390.3441
101613000,3367.3164,1941900,22578200,1914178200,23889305500,3386.4832,3389.9555,3366.1697,3390.3441
101619000,3367.8835,2116300,27311300,1916294500,23916616800,3386.4832,3389.9555,3366.1697,3390.3441
101624000,3367.8877,1748800,19107800,1918043300,23935724600,3386.4832,3389.9555,3366.1697,3390.3441
101628000,3368.0984,2712800,31892900,1920756100,23967617500,3386.4832,3389.9555,3366.1697,3390.3441
101634000,3368.2762,1938300,23324600,1922694400,23990942100,3386.4832,3389.9555,3366.1697,3390.3441
101639000,3368.4317,1920400,20573200,1924614800,24011515300,3386.4832,3389.9555,3366.1697,3390.3441
101643000,3368.8125,3380600,35634200,1927995400,24047149500,3386.4832,3389.9555,3366.1697,3390.3441
101649000,3370.0534,6683700,71698500,1934679100,24118848000,3386.4832,3389.9555,3366.1697,3390.3441
101654000,3370.2686,3616200,31108700,1938295300,24149956700,3386.4832,3389.9555,3366.1697,3390.3441
101658000,3370.4263,4458600,55696800,1942753900,24205653500,3386.4832,3389.9555,3366.1697,3390.3441
101704000,3370.7214,4270900,57457600,1947024800,24263111100,3386.4832,3389.9555,3366.1697,3390.3441
101709000,3370.9442,2592100,30672200,1949616900,24293783300,3386.4832,3389.9555,3366.1697,3390.3441
101713000,3371.7085,4162400,58129600,1953779300,24351912900,3386.4832,3389.9555,3366.1697,3390.3441
101719000,3372.3962,4553100,56916700,1958332400,24408829600,3386.4832,3389.9555,3366.1697,3390.3441
101724000,3372.3692,1522700,20778100,1959855100,24429607700,3386.4832,3389.9555,3366.1697,3390.3441
101728000,3372.2887,3098700,30929600,1962953800,24460537300,3386.4832,3389.9555,3366.1697,3390.3441
101734000,3372.6374,2788200,36493400,1965742000,24497030700,3386.4832,3389.9555,3366.1697,3390.3441
101739000,3373.1537,1826700,19680700,1967568700,24516711400,3386.4832,3389.9555,3366.1697,3390.3441
101743000,3373.1291,2300300,30301000,1969869000,24547012400,3386.4832,3389.9555,3366.1697,3390.3441
101749000,3373.6057,2587300,28650900,1972456300,24575663300,3386.4832,3389.9555,3366.1697,3390.3441
101754000,3373.7468,1311200,15010900,1973767500,24590674200,3386.4832,3389.9555,3366.1697,3390.3441
101758000,3373.7678,3042500,34703400,1976810000,24625377600,3386.4832,3389.9555,3366.1697,3390.3441
101804000,3374.0828,4256800,47529000,1981066800,24672906600,3386.4832,3389.9555,3366.1697,3390.3441
101809000,3374.2487,2561400,21352300,1983628200,24694258900,3386.4832,3389.9555,3366.1697,3390.3441
101813000,3374.3663,2756400,35432600,1986384600,24729691500,3386.4832,3389.9555,3366.1697,3390.3441
101819000,3374.717,2942100,35890700,1989326700,24765582200,3386.4832,3389.9555,3366.1697,3390.3441
101824000,3374.4745,1673600,24771200,1991000300,24790353400,3386.4832,3389.9555,3366.1697,3390.3441
101828000,3374.5144,2300800,27612200,1993301100,24817965600,3386.4832,3389.9555,3366.1697,3390.3441
101834000,3374.4811,3154800,30703600,1996455900,24848669200,3386.4832,3389.9555,3366.1697,3390.3441
101839000,3375.0318,839400,10801900,1997295300,24859471100,3386.4832,3389.9555,3366.1697,3390.3441
101843000,3374.8822,2819700,31489800,2000115000,24890960900,3386.4832,3389.9555,3366.1697,3390.3441
101849000,3375.1977,2585800,29672700,2002700800,24920633600,3386.4832,3389.9555,3366.1697,3390.3441
101854000,3375.2716,1984900,19220800,2004685700,24939854400,3386.4832,3389.9555,3366.1697,3390.3441
101858000,3375.1843,2340500,28688700,2007026200,24968543100,3386.4832,3389.9555,3366.1697,3390.3441
101904000,3375.3357,3731200,38475300,2010757400,25007018400,3386.4832,3389.9555,3366.1697,3390.3441
101909000,3375.3129,2129300,18107600,2012886700,25025126000,3386.4832,3389.9555,3366.1697,3390.3441
101915000,3375.037,4128500,37260900,2017015200,25062386900,3386.4832,3389.9555,3366.1697,3390.3441
101919000,3374.4288,4330100,40152900,2021345300,25102539800,3386.4832,3389.9555,3366.1697,3390.3441
101925000,3374.562,2687500,31453600,2024032800,25133993400,3386.4832,3389.9555,3366.1697,3390.3441
101930000,3374.4883,1883500,18735600,2025916300,25152729000,3386.4832,3389.9555,3366.1697,3390.3441
101934000,3373.1618,3747500,40093500,2029663800,25192822500,3386.4832,3389.9555,3366.1697,3390.3441
101940000,3373.2288,3846000,38816500,2033509800,25231639000,3386.4832,3389.9555,3366.1697,3390.3441
101945000,3373.3147,1392700,16540400,2034902500,25248179400,3386.4832,3389.9555,3366.1697,3390.3441
101949000,3373.3419,3672700,33235500,2038575200,25281414900,3386.4832,3389.9555,3366.1697,3390.3441
101955000,3373.1826,2305900,27871200,2040881100,25309286100,3386.4832,3389.9555,3366.1697,3390.3441
102000000,3373.218,1448900,15780100,2042330000,25325066200,3386.4832,3389.9555,3366.1697,3390.3441
102004000,3373.1749,3012200,34730400,2045342200,25359796600,3386.4832,3389.9555,3366.1697,3390.3441
102010000,3373.2797,2602800,28216700,2047945000,25388013300,3386.4832,3389.9555,3366.1697,3390.3441
102015000,3372.7117,1684600,16731300,2049629600,25404744600,3386.4832,3389.9555,3366.1697,3390.3441
102019000,3372.8441,2558100,27770600,2052187700,25432515200,3386.4832,3389.9555,3366.1697,3390.3441
102025000,3372.8364,2725700,34268100,2054913400,25466783300,3386.4832,3389.9555,3366.1697,3390.3441
102030000,3372.9947,1866600,13877300,2056780000,25480660600,3386.4832,3389.9555,3366.1697,3390.3441
102034000,3373.2109,3814800,31347600,2060594800,25512008200,3386.4832,3389.9555,3366.1697,3390.3441
102040000,3373.4171,2496900,29181900,2063091700,25541190100,3386.4832,3389.9555,3366.1697,3390.3441
102045000,3373.3021,1207300,15203000,2064299000,25556393100,3386.4832,3389.9555,3366.1697,3390.3441
102049000,3373.5294,2487900,24668500,2066786900,25581061600,3386.4832,3389.9555,3366.1697,3390.3441
102055000,3373.2323,1882700,22785100,2068669600,25603846700,3386.4832,3389.9555,3366.1697,3390.3441
102100000,3374.044,2299900,17108100,2070969500,25620954800,3386.4832,3389.9555,3366.1697,3390.3441
102104000,3373.6793,2554600,32924200,2073524100,25653879000,3386.4832,3389.9555,3366.1697,3390.3441
102110000,3373.4796,2339100,25187900,2075863200,25679066900,3386.4832,3389.9555,3366.1697,3390.3441
102115000,3373.4825,1063100,12377900,2076926300,25691444800,3386.4832,3389.9555,3366.1697,3390.3441
102119000,3373.3367,1921200,23321200,2078847500,25714766000,3386.4832,3389.9555,3366.1697,3390.3441
102125000,3373.4919,2255400,30367100,2081102900,25745133100,3386.4832,3389.9555,3366.1697,3390.3441
102130000,3372.6652,1062200,12292100,2082165100,25757425200,3386.4832,3389.9555,3366.1697,3390.3441
102134000,3372.7065,2984000,35967300,2085149100,25793392500,3386.4832,3389.9555,3366.1697,3390.3441
102140000,3373.1269,1772700,21678100,2086921800,25815070600,3386.4832,3389.9555,3366.1697,3390.3441
102145000,3373.2434,2297000,22868700,2089218800,25837939300,3386.4832,3389.9555,3366.1697,3390.3441
102149000,3373.6035,1833900,22329400,2091052700,25860268700,3386.4832,3389.9555,3366.1697,3390.3441
102155000,3373.4549,1943300,22729900,2092996000,25882998600,3386.4832,3389.9555,3366.1697,3390.3441
102200000,3373.8529,1514200,18659100,2094510200,25901657700,3386.4832,3389.9555,3366.1697,3390.3441
102204000,3373.8507,2697900,28816000,2097208100,25930473700,3386.4832,3389.9555,3366.1697,3390.3441
102210000,3373.8784,3002100,29110300,2100210200,25959584000,3386.4832,3389.9555,3366.1697,3390.3441
102215000,3373.7458,1476400,17623900,2101686600,25977207900,3386.4832,3389.9555,3366.1697,3390.3441
102219000,3374.2852,2244700,28579200,2103931300,26005787100,3386.4832,3389.9555,3366.1697,3390.3441
102225000,3374.6405,2764200,30390000,2106695500,26036177100,3386.4832,3389.9555,3366.1697,3390.3441
102230000,3374.5866,1226400,13657300,2107921900,26049834400,3386.4832,3389.9555,3366.1697,3390.3441
102234000,3374.6645,1946900,26744000,2109868800,26076578400,3386.4832,3389.9555,3366.1697,3390.3441
102240000,3374.4694,2395200,26202600,2112264000,26102781000,3386.4832,3389.9555,3366.1697,3390.3441
102246000,3374.7019,4301400,49353500,2116565400,26152134500,3386.4832,3389.9555,3366.1697,3390.3441
102251000,3374.7841,2582700,19305400,2119148100,26171439900,3386.4832,3389.9555,3366.1697,3390.3441
102255000,3375.3298,2191600,24795300,2121339700,26196235200,3386.4832,3389.9555,3366.1697,3390.3441
102301000,3376.3286,3370100,47242900,2124709800,26243478100,3386.4832,3389.9555,3366.1697,3390.3441
102306000,3376.195,2087900,31592900,2126797700,26275071000,3386.4832,3389.9555,3366.1697,3390.3441
102310000,3376.3091,2486700,34109500,2129284400,26309180500,3386.4832,3389.9555,3366.1697,3390.3441
102316000,3376.5594,2842400,41398000,2132126800,26350578500,3386.4832,3389.9555,3366.1697,3390.3441
102321000,3376.6083,973900,11705500,2133100700,26362284000,3386.4832,3389.9555,3366.1697,3390.3441
102325000,3376.9924,2749900,33783700,2135850600,26396067700,3386.4832,3389.9555,3366.1697,3390.3441
102331000,3376.715,2774300,46187000,2138624900,26442254700,3386.4832,3389.9555,3366.1697,3390.3441
102336000,3376.7971,1406200,18302600,2140031100,26460557300,3386.4832,3389.9555,3366.1697,3390.3441
102340000,3377.1992,2044200,26009700,2142075300,26486567000,3386.4832,3389.9555,3366.1697,3390.3441
102346000,3377.174,2602600,33073700,2144677900,26519640700,3386.4832,3389.9555,3366.1697,3390.3441
102351000,3377.5153,1206400,17361900,2145884300,26537002600,3386.4832,3389.9555,3366.1697,3390.3441
102355000,3378.3439,2956000,42258700,2148840300,26579261300,3386.4832,3389.9555,3366.1697,3390.3441
102401000,3378.7213,7047700,61454400,2155888000,26640715700,3386.4832,3389.9555,3366.1697,3390.3441
102406000,3378.7514,3298900,29699100,2159186900,26670414800,3386.4832,3389.9555,3366.1697,3390.3441
102410000,3379.9258,6286300,58926500,2165473200,26729341300,3386.4832,3389.9555,3366.1697,3390.3441
102416000,3380.2829,6977300,58800900,2172450500,26788142200,3386.4832,3389.9555,3366.1697,3390.3441
102421000,3380.9268,2679900,25902500,2175130400,26814044700,3386.4832,3389.9555,3366.1697,3390.3441
102425000,3380.4419,4016500,47735700,2179146900,26861780400,3386.4832,3389.9555,3366.1697,3390.3441
102431000,3381.6937,3946200,45905600,2183093100,26907686000,3386.4832,3389.9555,3366.1697,3390.3441
102436000,3381.4133,2529600,29492600,2185622700,26937178600,3386.4832,3389.9555,3366.1697,3390.3441
102440000,3381.436,3333800,41351600,2188956500,26978530200,3386.4832,3389.9555,3366.1697,3390.3441
102446000,3381.8342,2845700,39788100,2191802200,27018318300,3386.4832,3389.9555,3366.1697,3390.3441
102451000,3381.8164,2019100,22887400,2193821300,27041205700,3386.4832,3389.9555,3366.1697,3390.3441
102455000,3382.8846,4321100,50864400,2198142400,27092070100,3386.4832,3389.9555,3366.1697,3390.3441
102501000,3382.7231,3711300,47001600,2201853700,27139071700,3386.4832,3389.9555,3366.1697,3390.3441
102506000,3382.9777,2518900,30720400,2204372600,27169792100,3386.4832,3389.9555,3366.1697,3390.3441
102510000,3383.0066,5515900,53622700,2209888500,27223414800,3386.4832,3389.9555,3366.1697,3390.3441
102516000,3383.7993,3967600,50875400,2213856100,27274290200,3386.4832,3389.9555,3366.1697,3390.3441
102521000,3383.6864,2221500,25889800,2216077600,27300180000,3386.4832,3389.9555,3366.1697,3390.3441
102525000,3383.8984,4172400,46300500,2220250000,27346480500,3386.4832,3389.9555,3366.1697,3390.3441
102531000,3384.4621,3280000,39533000,2223530000,27386013500,3386.4832,3389.9555,3366.1697,3390.3441
102536000,3385.0941,2065000,25899600,2225595000,27411913100,3386.4832,3389.9555,3366.1697,3390.3441
102540000,3385.0997,5711300,54212100,2231306300,27466125200,3386.4832,3389.9555,3366.1697,3390.3441
102546000,3385.1707,4308800,56894300,2235615100,27523019500,3386.4832,3389.9555,3366.1697,3390.3441
102551000,3385.9977,2228900,28254800,2237844000,27551274300,3386.4832,3389.9555,3366.1697,3390.3441
102555000,3386.6635,5015100,56904400,2242859100,27608178700,3386.4832,3389.9555,3366.1697,3390.3441
102601000,3386.8731,4440400,54309000,2247299500,27662487700,3386.4832,3389.9555,3366.1697,3390.3441
102606000,3386.7769,3888500,31364400,2251188000,27693852100,3386.4832,3389.9555,3366.1697,3390.3441
102610000,3386.5417,3513100,37342800,2254701100,27731194900,3386.4832,3389.9555,3366.1697,3390.3441
102616000,3386.4715,5799100,55708400,2260500200,27786903300,3386.4832,3389.9555,3366.1697,3390.3441
102621000,3386.5892,1755900,21048500,2262256100,27807951800,3386.4832,3389.9555,3366.1697,3390.3441
102625000,3386.8205,3100400,37515200,2265356500,27845467000,3386.4832,3389.9555,3366.1697,3390.3441
102631000,3386.8181,3552600,48272700,2268909100,27893739700,3386.4832,3389.9555,3366.1697,3390.3441
102637000,3386.6255,3157600,38229800,2272066700,27931969500,3386.4832,3389.9555,3366.1697,3390.3441
102642000,3386.2987,1786100,19846000,2273852800,27951815500,3386.4832,3389.9555,3366.1697,3390.3441
102646000,3386.2364,3295800,38081100,2277148600,27989896600,3386.4832,3389.9555,3366.1697,3390.3441
102652000,3386.5574,3294400,46524400,2280443000,28036421000,3386.4832,3389.9555,3366.1697,3390.3441
102657000,3386.4792,1377300,16282200,2281820300,28052703200,3386.4832,3389.9555,3366.1697,3390.3441
102701000,3386.1503,2752100,28927800,2284572400,28081631000,3386.4832,3389.9555,3366.1697,3390.3441
102707000,3386.0127,4462600,42742000,2289035000,28124373000,3386.4832,3389.9555,3366.1697,3390.3441
102712000,3385.9807,2608100,22395300,2291643100,28146768300,3386.4832,3389.9555,3366.1697,3390.3441
102716000,3386.2811,4863600,48694700,2296506700,28195463000,3386.4832,3389.9555,3366.1697,3390.3441
102722000,3385.7885,3246800,40677500,2299753500,28236140500,3386.4832,3389.9555,3366.1697,3390.3441
102727000,3386.4431,1781000,22024200,2301534500,28258164700,3386.4832,3389.9555,3366.1697,3390.3441
102731000,3386.7628,2974800,34860700,2304509300,28293025400,3386.4832,3389.9555,3366.1697,3390.3441
102737000,3387.0284,4426100,47139800,2308935400,28340165200,3386.4832,3389.9555,3366.1697,3390.3441
102742000,3386.8493,1805800,19822800,2310741200,28359988000,3386.4832,3389.9555,3366.1697,3390.3441
102746000,3386.6172,4278900,42489200,2315020100,28402477200,3386.4832,3389.9555,3366.1697,3390.3441
102752000,3387.0887,2784600,30136400,2317804700,28432613600,3386.4832,3389.9555,3366.1697,3390.3441
102757000,3387.1,1149600,13980400,2318954300,28446594000,3386.4832,3389.9555,3366.1697,3390.3441
102801000,3387.3979,2839000,39793500,2321793300,28486387500,3386.4832,3389.9555,3366.1697,3390.3441
102807000,3387.6472,2874100,32203200,2324667400,28518590700,3386.4832,3389.9555,3366.1697,3390.3441
102812000,3387.4518,1834100,21046400,2326501500,28539637100,3386.4832,3389.9555,3366.1697,3390.3441
102816000,3387.5658,3015500,38380900,2329517000,28578018000,3386.4832,3389.9555,3366.1697,3390.3441
102822000,3387.5467,2033100,27956800,2331550100,28605974800,3386.4832,3389.9555,3366.1697,3390.3441
102827000,3387.9908,1164400,20947600,2332714500,28626922400,3386.4832,3389.9555,3366.1697,3390.3441
102831000,3387.8771,2334700,28774600,2335049200,28655697000,3386.4832,3389.9555,3366.1697,3390.3441
102837000,3387.6065,2555800,34720500,2337605000,28690417500,3386.4832,3389.9555,3366.1697,3390.3441
102842000,3387.6076,1492000,21178400,2339097000,28711595900,3386.4832,3389.9555,3366.1697,3390.3441
102846000,3387.2288,3525900,36759300,2342622900,28748355200,3386.4832,3389.9555,3366.1697,3390.3441
102852000,3387.432,2683900,27897700,2345306800,28776252900,3386.4832,3389.9555,3366.1697,3390.3441
102857000,3387.4554,3987700,27346500,2349294500,28803599400,3386.4832,3389.9555,3366.1697,3390.3441
102901000,3387.5734,3286900,37527500,2352581400,28841126900,3386.4832,3389.9555,3366.1697,3390.3441
102907000,3387.1293,3298300,39721900,2355879700,28880848800,3386.4832,3389.9555,3366.1697,3390.3441
102912000,3386.8206,1426900,17144900,2357306600,28897993700,3386.4832,3389.9555,3366.1697,3390.3441
102916000,3387.1835,2355500,35986100,2359662100,28933979800,3386.4832,3389.9555,3366.1697,3390.3441
102922000,3386.5612,2467500,37391700,2362129600,28971371500,3386.4832,3389.9555,3366.1697,3390.3441
102927000,3385.9375,2490500,26148700,2364620100,28997520200,3386.4832,3389.9555,3366.1697,3390.3441
102931000,3385.852,3447000,43462600,2368067100,29040982800,3386.4832,3389.9555,3366.1697,3390.3441
102937000,3385.7392,2645600,35173100,2370712700,29076155900,3386.4832,3389.9555,3366.1697,3390.3441
102942000,3385.6833,1531800,21001800,2372244500,29097157700,3386.4832,3389.9555,3366.1697,3390.3441
102946000,3385.7295,3839900,42208500,2376084400,29139366200,3386.4832,3389.9555,3366.1697,3390.3441
102952000,3385.1499,5621200,43382600,2381705600,29182748800,3386.4832,3389.9555,3366.1697,3390.3441
102958000,3384.9707,2832100,37019200,2384537700,29219768000,3386.4832,3389.9555,3366.1697,3390.3441
103003000,3384.7347,1432100,15618800,2385969800,29235386800,3386.4832,3389.9555,3366.1697,3390.3441
103007000,3384.1963,2881700,30230100,2388851500,29265616900,3386.4832,3389.9555,3366.1697,3390.3441
103013000,3384.2649,2356100,30742900,2391207600,29296359800,3386.4832,3389.9555,3366.1697,3390.3441
103018000,3384.7821,1307400,16140200,2392515000,29312500000,3386.4832,3389.9555,3366.1697,3390.3441
103022000,3384.4061,1733000,21015500,2394248000,29333515500,3386.4832,3389.9555,3366.1697,3390.3441
103028000,3384.252,2350800,28670500,2396598800,29362186000,3386.4832,3389.9555,3366.1697,3390.3441
103033000,3384.3004,1463300,15603500,2398062100,29377789500,3386.4832,3389.9555,3366.1697,3390.3441
103037000,3384.4095,4025700,31826300,2402087800,29409615800,3386.4832,3389.9555,3366.1697,3390.3441
103043000,3383.7909,2092900,28178800,2404180700,29437794600,3386.4832,3389.9555,3366.1697,3390.3441
103048000,3384.4824,1567100,17273300,2405747800,29455067900,3386.4832,3389.9555,3366.1697,3390.3441
103052000,3384.4411,2568600,34407400,2408316400,29489475300,3386.4832,3389.9555,3366.1697,3390.3441
103058000,3383.8832,1396200,19566200,2409712600,29509041500,3386.4832,3389.9555,3366.1697,3390.3441
103103000,3384.1272,1455600,15841100,2411168200,29524882600,3386.4832,3389.9555,3366.1697,3390.3441
103107000,3384.0518,2445400,25612600,2413613600,29550495200,3386.4832,3389.9555,3366.1697,3390.3441
103113000,3383.6152,1853300,20949200,2415466900,29571444400,3386.4832,3389.9555,3366.1697,3390.3441
103118000,3383.8281,1348400,17819700,2416815300,29589264100,3386.4832,3389.9555,3366.1697,3390.3441
103122000,3383.9548,1466700,22536700,2418282000,29611800800,3386.4832,3389.9555,3366.1697,3390.3441
103128000,3383.2614,2262600,25111100,2420544600,29636911900,3386.4832,3389.9555,3366.1697,3390.3441
103133000,3383.4523,958500,13208100,2421503100,29650120000,3386.4832,3389.9555,3366.1697,3390.3441
103137000,3383.5181,2197700,25588300,2423700800,29675708300,3386.4832,3389.9555,3366.1697,3390.3441
103143000,3383.0688,2394000,30180600,2426094800,29705888900,3386.4832,3389.9555,3366.1697,3390.3441
103148000,3383.1126,1158100,13014400,2427252900,29718903300,3386.4832,3389.9555,3366.1697,3390.3441
103152000,3383.1595,2175800,26486600,2429428700,29745389900,3386.4832,3389.9555,3366.1697,3390.3441
103158000,3382.5616,1924500,20223200,2431353200,29765613100,3386.4832,3389.9555,3366.1697,3390.3441
103203000,3382.3771,1701300,20971800,2433054500,29786584900,3386.4832,3389.9555,3366.1697,3390.3441
103207000,3383.2948,2171300,26978400,2435225800,29813563300,3386.4832,3389.9555,3366.1697,3390.3441
103213000,3382.5942,2054100,26352800,2437279900,29839916100,3386.4832,3389.9555,3366.1697,3390.3441
103218000,3382.7269,2343000,23409800,2439622900,29863325900,3386.4832,3389.9555,3366.1697,3390.3441
103222000,3383.2838,3114500,40285100,2442737400,29903611000,3386.4832,3389.9555,3366.1697,3390.3441
103228000,3383.2214,2155800,25864000,2444893200,29929475000,3386.4832,3389.9555,3366.1697,3390.3441
103233000,3383.3401,1373500,15725900,2446266700,29945200900,3386.4832,3389.9555,3366.1697,3390.3441
103237000,3383.2736,2470700,24020700,2448737400,29969221600,3386.4832,3389.9555,3366.1697,3390.3441
103243000,3383.1285,1870100,19573500,2450607500,29988795100,3386.4832,3389.9555,3366.1697,3390.3441
103248000,3383.3013,1239100,14870800,2451846600,30003665900,3386.4832,3389.9555,3366.1697,3390.3441
103252000,3383.345,2135700,24076100,2453982300,30027742000,3386.4832,3389.9555,3366.1697,3390.3441
103258000,3382.9344,1894700,17952200,2455877000,30045694200,3386.4832,3389.9555,3366.1697,3390.3441
103303000,3383.0419,1124900,12118400,2457001900,30057812600,3386.4832,3389.9555,3366.1697,3390.3441
103307000,3383.0238,2315000,23242200,2459316900,30081054800,3386.4832,3389.9555,3366.1697,3390.3441
103313000,3383.026,2399500,28250700,2461716400,30109305500,3386.4832,3389.9555,3366.1697,3390.3441
103319000,3382.6506,1922800,20826500,2463639200,30130132000,3386.4832,3389.9555,3366.1697,3390.3441
103324000,3382.9481,965600,13605300,2464604800,30143737300,3386.4832,3389.9555,3366.1697,3390.3441
103328000,3382.8795,1868600,23812000,2466473400,30167549300,3386.4832,3389.9555,3366.1697,3390.3441
103334000,3383.0199,2059200,24600000,2468532600,30192149300,3386.4832,3389.9555,3366.1697,3390.3441
103339000,3382.8729,1008200,10376900,2469540800,30202526200,3386.4832,3389.9555,3366.1697,3390.3441
103343000,3382.9028,1605600,18768100,2471146400,30221294300,3386.4832,3389.9555,3366.1697,3390.3441
103349000,3382.5115,1837200,19031600,2472983600,30240325900,3386.4832,3389.9555,3366.1697,3390.3441
103354000,3383.0372,889300,13323000,2473872900,30253648900,3386.4832,3389.9555,3366.1697,3390.3441
103358000,3382.9453,1211000,14871100,2475083900,30268520000,3386.4832,3389.9555,3366.1697,3390.3441
103404000,3382.8079,1431800,17068500,2476515700,30285588500,3386.4832,3389.9555,3366.1697,3390.3441
103409000,3383.0305,1809600,13732200,2478325300,30299320700,3386.4832,3389.9555,3366.1697,3390.3441
103413000,3382.8347,1714800,20453000,2480040100,30319773700,3386.4832,3389.9555,3366.1697,3390.3441
103419000,3382.7638,1798500,22455300,2481838600,30342229000,3386.4832,3389.9555,3366.1697,3390.3441
103424000,3382.4503,908500,12874700,2482747100,30355103700,3386.4832,3389.9555,3366.1697,3390.3441
103428000,3382.3302,2424000,26290400,2485171100,30381394100,3386.4832,3389.9555,3366.1697,3390.3441
103434000,3382.6125,3276700,25354900,2488447800,30406749000,3386.4832,3389.9555,3366.1697,3390.3441
103439000,3382.5032,1160700,11540900,2489608500,30418289900,3386.4832,3389.9555,3366.1697,3390.3441
103443000,3382.2253,2983500,27562500,2492592000,30445852400,3386.4832,3389.9555,3366.1697,3390.3441
103449000,3382.3298,2148600,21780900,2494740600,30467633300,3386.4832,3389.9555,3366.1697,3390.3441
103454000,3382.2797,850800,11082900,2495591400,30478716200,3386.4832,3389.9555,3366.1697,3390.3441
103458000,3382.2928,1714000,18925100,2497305400,30497641300,3386.4832,3389.9555,3366.1697,3390.3441
103504000,3382.067,1853100,23456100,2499158500,30521097400,3386.4832,3389.9555,3366.1697,3390.3441
103509000,3382.0884,1144800,12823600,2500303300,30533921000,3386.4832,3389.9555,3366.1697,3390.3441
103513000,3381.9663,1730800,20298400,2502034100,30554219400,3386.4832,3389.9555,3366.1697,3390.3441
103519000,3382.7608,2157200,26945600,2504191300,30581165000,3386.4832,3389.9555,3366.1697,3390.3441
103524000,3383.0382,1618300,19795100,2505809600,30600960100,3386.4832,3389.9555,3366.1697,3390.3441
103528000,3382.6092,1462100,18379800,2507271700,30619339900,3386.4832,3389.9555,3366.1697,3390.3441
103534000,3382.6713,1967100,20444100,2509238800,30639784000,3386.4832,3389.9555,3366.1697,3390.3441
103539000,3382.5828,683400,7874900,2509922200,30647658900,3386.4832,3389.9555,3366.1697,3390.3441
103543000,3382.9711,1366900,15829600,2511289100,30663488500,3386.4832,3389.9555,3366.1697,3390.3441
103549000,3382.9947,1948000,24928900,2513237100,30688417400,3386.4832,3389.9555,3366.1697,3390.3441
103554000,3383.2608,1785000,15630500,2515022100,30704047900,3386.4832,3389.9555,3366.1697,3390.3441
103558000,3383.5909,1808300,24526900,2516830400,30728574800,3386.4832,3389.9555,3366.1697,3390.3441
103604000,3383.8417,2700000,33321700,2519530400,30761896500,3386.4832,3389.9555,3366.1697,3390.3441
103609000,3384.2262,1365100,17617500,2520895500,30779514000,3386.4832,3389.9555,3366.1697,3390.3441
103613000,3384.4677,1800700,25698900,2522696200,30805212900,3386.4832,3389.9555,3366.1697,3390.3441
103619000,3385.1192,1664700,23011500,2524360900,30828224400,3386.4832,3389.9555,3366.1697,3390.3441
103624000,3385.0337,2129900,26581100,2526490800,30854805500,3386.4832,3389.9555,3366.1697,3390.3441
103628000,3386.0067,3212500,38548300,2529703300,30893353800,3386.4832,3389.9555,3366.1697,3390.3441
103634000,3387.5232,7989200,82972500,2537692500,30976326300,3386.4832,3389.9555,3366.1697,3390.3441
103639000,3388.1272,3409800,42195800,2541102300,31018522100,3386.4832,3389.9555,3366.1697,3390.3441
103643000,3389.0988,4916400,72126300,2546018700,31090648400,3386.4832,3389.9555,3366.1697,3390.3441
103649000,3390.1152,3906800,55008200,2549925500,31145656600,3386.4832,3390.1152,3366.1697,3390.3441
103654000,3390.9817,3154300,34046700,2553079800,31179703300,3386.4832,3391.0256,3366.1697,3390.3441
103658000,3391.0872,5280000,53414500,2558359800,31233117800,3386.4832,3391.0872,3366.1697,3390.3441
103704000,3391.3381,3233500,39465900,2561593300,31272583700,3386.4832,3391.3381,3366.1697,3390.3441
103709000,3391.2946,2192200,29026300,2563785500,31301610000,3386.4832,3391.426,3366.1697,3390.3441
103713000,3391.6465,3631300,40011000,2567416800,31341621000,3386.4832,3391.729,3366.1697,3390.3441
103719000,3391.546,5714100,54069000,2573130900,31395690000,3386.4832,3391.729,3366.1697,3390.3441
103725000,3391.3937,3453700,36470300,2576584600,31432160300,3386.4832,3391.729,3366.1697,3390.3441
103730000,3391.4233,1424000,18010400,2578008600,31450170700,3386.4832,3391.729,3366.1697,3390.3441
103734000,3391.5181,3092900,36087400,2581101500,31486258100,3386.4832,3391.729,3366.1697,3390.3441
103740000,3391.1924,2062300,34792200,2583163800,31521050300,3386.4832,3391.729,3366.1697,3390.3441
103745000,3391.2517,1579900,16912800,2584743700,31537963100,3386.4832,3391.729,3366.1697,3390.3441
103749000,3391.3426,3074600,33458800,2587818300,31571421900,3386.4832,3391.729,3366.1697,3390.3441
103755000,3390.9687,2344600,29910900,2590162900,31601332800,3386.4832,3391.729,3366.1697,3390.3441
103800000,3391.0675,3370100,31131500,2593533000,31632464300,3386.4832,3391.729,3366.1697,3390.3441
103804000,3390.6004,2266300,33484000,2595799300,31665948300,3386.4832,3391.729,3366.1697,3390.3441
103810000,3390.6487,3024100,32381800,2598823400,31698330100,3386.4832,3391.729,3366.1697,3390.3441
103815000,3390.5837,1055600,16513700,2599879000,31714843800,3386.4832,3391.729,3366.1697,3390.3441
103819000,3390.3687,2417900,32934300,2602296900,31747778100,3386.4832,3391.729,3366.1697,3390.3441
103825000,3390.1547,1676500,22471000,2603973400,31770249100,3386.4832,3391.729,3366.1697,3390.3441
103830000,3390.3594,849900,11992700,2604823300,31782241800,3386.4832,3391.729,3366.1697,3390.3441
103835000,3390.2189,3065500,29949400,2607888800,31812191200,3386.4832,3391.729,3366.1697,3390.3441
103840000,3390.1729,2104300,32013300,2609993100,31844204500,3386.4832,3391.729,3366.1697,3390.3441
103845000,3390.2257,2024600,19496100,2612017700,31863700600,3386.4832,3391.729,3366.1697,3390.3441
103850000,3389.7791,4088600,31851700,2616106300,31895552300,3386.4832,3391.729,3366.1697,3390.3441
103855000,3390.3549,3329400,30372900,2619435700,31925925200,3386.4832,3391.729,3366.1697,3390.3441
103900000,3390.2961,1177100,12846600,2620612800,31938771800,3386.4832,3391.729,3366.1697,3390.3441
103905000,3389.9955,2478500,28567800,2623091300,31967339600,3386.4832,3391.729,3366.1697,3390.3441
103910000,3390.1543,1935500,22691400,2625026800,31990031000,3386.4832,3391.729,3366.1697,3390.3441
103915000,3389.915,1451400,13690700,2626478200,32003721700,3386.4832,3391.729,3366.1697,3390.3441
103919000,3390.0977,2178500,27084800,2628656700,32030806500,3386.4832,3391.729,3366.1697,3390.3441
103925000,3389.9019,3042300,30422100,2631699000,32061228600,3386.4832,3391.729,3366.1697,3390.3441
103930000,3389.6253,1755800,17700300,2633454800,32078928900,3386.4832,3391.729,3366.1697,3390.3441
103934000,3388.0578,2997900,30646400,2636452700,32109575300,3386.4832,3391.729,3366.1697,3390.3441
103940000,3388.6609,2356900,27967300,2638809600,32137542600,3386.4832,3391.729,3366.1697,3390.3441
103945000,3387.8681,1485200,15358100,2640294800,32152900700,3386.4832,3391.729,3366.1697,3390.3441
103949000,3387.9617,2359300,30877900,2642654100,32183778600,3386.4832,3391.729,3366.1697,3390.3441
103955000,3388.169,2138100,28345500,2644792200,32212124100,3386.4832,3391.729,3366.1697,3390.3441
104000000,3387.8012,879800,12725500,2645672000,32224849600,3386.4832,3391.729,3366.1697,3390.3441
104004000,3387.7542,2178300,24334500,2647850300,32249184100,3386.4832,3391.729,3366.1697,3390.3441
104010000,3387.3615,1885300,24246400,2649735600,32273430500,3386.4832,3391.729,3366.1697,3390.3441
104015000,3386.9705,1536300,19073200,2651271900,32292503700,3386.4832,3391.729,3366.1697,3390.3441
104020000,3386.9078,1699000,25787300,2652970900,32318291000,3386.4832,3391.729,3366.1697,3390.3441
104025000,3386.8965,2549100,31365400,2655520000,32349656400,3386.4832,3391.729,3366.1697,3390.3441
104031000,3387.0701,1791300,20994100,2657311300,32370650500,3386.4832,3391.729,3366.1697,3390.3441
104036000,3387.2391,1142800,12941000,2658454100,32383591500,3386.4832,3391.729,3366.1697,3390.3441
104041000,3386.4763,2007200,23430600,2660461300,32407022100,3386.4832,3391.729,3366.1697,3390.3441
104046000,3387.0171,1835400,21085100,2662296700,32428107200,3386.4832,3391.729,3366.1697,3390.3441
104051000,3386.9036,973900,12538900,2663270600,32440646100,3386.4832,3391.729,3366.1697,3390.3441
104055000,3386.8895,1677300,22054800,2664947900,32462700900,3386.4832,3391.729,3366.1697,3390.3441
104101000,3386.6638,1492900,21252500,2666440800,32483953400,3386.4832,3391.729,3366.1697,3390.3441
104106000,3386.6926,853800,10866400,2667294600,32494819800,3386.4832,3391.729,3366.1697,3390.3441
104111000,3386.5103,1764800,20156100,2669059400,32514975900,3386.4832,3391.729,3366.1697,3390.3441
104116000,3385.8996,1612800,20903400,2670672200,32535879300,3386.4832,3391.729,3366.1697,3390.3441
104121000,3385.6603,1652100,17790400,2672324300,32553669700,3386.4832,3391.729,3366.1697,3390.3441
104126000,3385.1702,2613700,30642200,2674938000,32584311900,3386.4832,3391.729,3366.1697,3390.3441
104131000,3385.1419,2254200,28847200,2677192200,32613159100,3386.4832,3391.729,3366.1697,3390.3441
104136000,3385.156,1460800,21034600,2678653000,32634193700,3386.4832,3391.729,3366.1697,3390.3441
104141000,3384.6462,2723800,28342200,2681376800,32662535900,3386.4832,3391.729,3366.1697,3390.3441
104146000,3383.9267,1788600,23704400,2683165400,32686240300,3386.4832,3391.729,3366.1697,3390.3441
104151000,3384.3546,1042700,15876400,2684208100,32702116700,3386.4832,3391.729,3366.1697,3390.3441
104156000,3384.0934,1941200,25723800,2686149300,32727840500,3386.4832,3391.729,3366.1697,3390.3441
104201000,3383.722,1654800,19551300,2687804100,32747391800,3386.4832,3391.729,3366.1697,3390.3441
104206000,3383.3375,1276100,15438800,2689080200,32762830600,3386.4832,3391.729,3366.1697,3390.3441
104211000,3383.3838,3398700,28711800,2692478900,32791542400,3386.4832,3391.729,3366.1697,3390.3441
104216000,3383.6516,3222100,32096900,2695701000,32823639300,3386.4832,3391.729,3366.1697,3390.3441
104221000,3383.3558,963200,13763300,2696664200,32837402600,3386.4832,3391.729,3366.1697,3390.3441
104226000,3383.4844,962800,16094700,2697627000,32853497300,3386.4832,3391.729,3366.1697,3390.3441
104231000,3383.4273,1442000,21678100,2699069000,32875175400,3386.4832,3391.729,3366.1697,3390.3441
104236000,3382.9777,931100,15654100,2700000100,32890829500,3386.4832,3391.729,3366.1697,3390.3441
104240000,3383.7112,1378600,16028900,2701378700,32906858400,3386.4832,3391.729,3366.1697,3390.3441
104246000,3383.5608,1820700,22470300,2703199400,32929328700,3386.4832,3391.729,3366.1697,3390.3441
104251000,3383.7052,926500,11316200,2704125900,32940644900,3386.4832,3391.729,3366.1697,3390.3441
104256000,3383.4156,1541500,15774200,2705667400,32956419100,3386.4832,3391.729,3366.1697,3390.3441
104301000,3383.439,1949300,24290100,2707616700,32980709200,3386.4832,3391.729,3366.1697,3390.3441
104306000,3383.4334,1834800,16697400,2709451500,32997406600,3386.4832,3391.729,3366.1697,3390.3441
104311000,3383.3428,1999900,20004400,2711451400,33017411000,3386.4832,3391.729,3366.1697,3390.3441
104316000,3383.4489,1411700,16359400,2712863100,33033770400,3386.4832,3391.729,3366.1697,3390.3441
104321000,3383.4385,712200,9429600,2713575300,33043200000,3386.4832,3391.729,3366.1697,3390.3441
104326000,3383.3434,1394000,19180900,2714969300,33062380900,3386.4832,3391.729,3366.1697,3390.3441
104331000,3383.1241,1464500,19074600,2716433800,33081455500,3386.4832,3391.729,3366.1697,3390.3441
104336000,3383.3371,880500,8603000,2717314300,33090058500,3386.4832,3391.729,3366.1697,3390.3441
104341000,3383.0847,1126900,16175200,2718441200,33106233700,3386.4832,3391.729,3366.1697,3390.3441
104346000,3383.493,2344400,22591500,2720785600,33128825200,3386.4832,3391.729,3366.1697,3390.3441
104352000,3383.1228,2066000,29599700,2722851600,33158424900,3386.4832,3391.729,3366.1697,3390.3441
104357000,3383.2308,1347500,15635400,2724199100,33174060300,3386.4832,3391.729,3366.1697,3390.3441
104402000,3383.1789,1339700,18539300,2725538800,33192599600,3386.4832,3391.729,3366.1697,3390.3441
104407000,3382.7774,1470300,25382300,2727009100,33217981900,3386.4832,3391.729,3366.1697,3390.3441
104412000,3382.9924,1005300,13513800,2728014400,33231495700,3386.4832,3391.729,3366.1697,3390.3441
104417000,3382.8157,970400,15347300,2728984800,33246843000,3386.4832,3391.729,3366.1697,3390.3441
104422000,3382.9126,1326900,19196700,2730311700,33266039700,3386.4832,3391.729,3366.1697,3390.3441
104427000,3382.9902,697200,8800100,2731008900,33274839800,3386.4832,3391.729,3366.1697,3390.3441
104432000,3382.8869,1259500,17826900,2732268400,33292666700,3386.4832,3391.729,3366.1697,3390.3441
104437000,3382.7065,1093900,14830700,2733362300,33307497400,3386.4832,3391.729,3366.1697,3390.3441
104442000,3382.6496,1208600,13314500,2734570900,33320811900,3386.4832,3391.729,3366.1697,3390.3441
104447000,3382.8405,2240500,22195800,2736811400,33343007700,3386.4832,3391.729,3366.1697,3390.3441
104452000,3382.5959,1286400,17042100,2738097800,33360049800,3386.4832,3391.729,3366.1697,3390.3441
104457000,3382.5762,1197600,12749900,2739295400,33372799700,3386.4832,3391.729,3366.1697,3390.3441
104502000,3382.3391,1995800,23761500,2741291200,33396561200,3386.4832,3391.729,3366.1697,3390.3441
104507000,3382.3614,1283500,15687600,2742574700,33412248800,3386.4832,3391.729,3366.1697,3390.3441
104512000,3382.6148,765700,8906600,2743340400,33421155400,3386.4832,3391.729,3366.1697,3390.3441
104517000,3382.46,4197600,24844600,2747538000,33446000000,3386.4832,3391.729,3366.1697,3390.3441
104522000,3382.2984,1577900,18773600,2749115900,33464773600,3386.4832,3391.729,3366.1697,3390.3441
104527000,3382.213,731000,11976400,2749846900,33476750000,3386.4832,3391.729,3366.1697,3390.3441
104532000,3382.1805,1882100,17930300,2751729000,33494680300,3386.4832,3391.729,3366.1697,3390.3441
104537000,3382.1511,1539000,21724700,2753268000,33516405000,3386.4832,3391.729,3366.1697,3390.3441
104542000,3382.0586,657800,14068600,2753925800,33530473600,3386.4832,3391.729,3366.1697,3390.3441
104547000,3382.0891,1304000,18488500,2755229800,33548962100,3386.4832,3391.729,3366.1697,3390.3441
104552000,3382.1861,1895500,21225700,2757125300,33570187800,3386.4832,3391.729,3366.1697,3390.3441
104557000,3381.927,854500,9421100,2757979800,33579608900,3386.4832,3391.729,3366.1697,3390.3441
104602000,3381.7185,1358200,18296500,2759338000,33597905400,3386.4832,3391.729,3366.1697,3390.3441
104607000,3381.5908,1518000,21580600,2760856000,33619486000,3386.4832,3391.729,3366.1697,3390.3441
104612000,3381.5224,776000,8818700,2761632000,33628304700,3386.4832,3391.729,3366.1697,3390.3441
104617000,3381.5878,1723900,19496000,2763355900,33647800700,3386.4832,3391.729,3366.1697,3390.3441
104622000,3380.7823,2498000,33072500,2765853900,33680873200,3386.4832,3391.729,3366.1697,3390.3441
104627000,3380.5959,1071600,12950500,2766925500,33693823700,3386.4832,3391.729,3366.1697,3390.3441
104632000,3381.3354,1641500,19297400,2768567000,33713121100,3386.4832,3391.729,3366.1697,3390.3441
104637000,3380.8123,1313400,18228000,2769880400,33731349100,3386.4832,3391.729,3366.1697,3390.3441
104642000,3380.6936,2626900,21742300,2772507300,33753091400,3386.4832,3391.729,3366.1697,3390.3441
104647000,3379.679,3375100,29655400,2775882400,33782746800,3386.4832,3391.729,3366.1697,3390.3441
104652000,3379.3616,1830800,22670900,2777713200,33805417700,3386.4832,3391.729,3366.1697,3390.3441
104657000,3378.9543,1501100,17371800,2779214300,33822789500,3386.4832,3391.729,3366.1697,3390.3441
104701000,3378.8321,2505300,29767100,2781719600,33852556600,3386.4832,3391.729,3366.1697,3390.3441
104707000,3378.2265,3301400,36862000,2785021000,33889418600,3386.4832,3391.729,3366.1697,3390.3441
104712000,3378.3114,2011600,21188300,2787032600,33910606900,3386.4832,3391.729,3366.1697,3390.3441
104717000,3378.4151,2705800,30983500,2789738400,33941590400,3386.4832,3391.729,3366.1697,3390.3441
104722000,3378.4318,3217100,29260300,2792955500,33970850700,3386.4832,3391.729,3366.1697,3390.3441
104728000,3378.7006,1770900,22396100,2794726400,33993246800,3386.4832,3391.729,3366.1697,3390.3441
104733000,3378.648,1120000,13458100,2795846400,34006704900,3386.4832,3391.729,3366.1697,3390.3441
104738000,3378.3676,1691100,23152600,2797537500,34029857500,3386.4832,3391.729,3366.1697,3390.3441
104743000,3378.0908,1404700,21162200,2798942200,34051019700,3386.4832,3391.729,3366.1697,3390.3441
104748000,3378.1995,1244300,11817400,2800186500,34062837100,3386.4832,3391.729,3366.1697,3390.3441
104753000,3378.6417,1315600,18717800,2801502100,34081554900,3386.4832,3391.729,3366.1697,3390.3441
104758000,3378.1966,2031300,26752900,2803533400,34108307800,3386.4832,3391.729,3366.1697,3390.3441
104803000,3378.3686,1046500,10816500,2804579900,34119124300,3386.4832,3391.729,3366.1697,3390.3441
104808000,3378.0532,3172800,33162300,2807752700,34152286600,3386.4832,3391.729,3366.1697,3390.3441
104813000,3377.8933,1608500,25096700,2809361200,34177383300,3386.4832,3391.729,3366.1697,3390.3441
104818000,3377.833,1257400,14540300,2810618600,34191923600,3386.4832,3391.729,3366.1697,3390.3441
104823000,3377.6534,1944000,29563200,2812562600,34221486800,3386.4832,3391.729,3366.1697,3390.3441
104828000,3377.8258,2225000,24835000,2814787600,34246321800,3386.4832,3391.729,3366.1697,3390.3441
104833000,3377.4694,1015900,12028700,2815803500,34258350500,3386.4832,3391.729,3366.1697,3390.3441
104838000,3377.5263,1940800,22405600,2817744300,34280756100,3386.4832,3391.729,3366.1697,3390.3441
104843000,3377.1987,2538600,26664700,2820282900,34307420800,3386.4832,3391.729,3366.1697,3390.3441
104848000,3377.0372,1593400,14894900,2821876300,34322315700,3386.4832,3391.729,3366.1697,3390.3441
104853000,3376.7207,2342800,28107900,2824219100,34350423600,3386.4832,3391.729,3366.1697,3390.3441
104858000,3376.676,1765200,21889000,2825984300,34372312600,3386.4832,3391.729,3366.1697,3390.3441
104903000,3376.6361,1231700,13774900,2827216000,34386087500,3386.4832,3391.729,3366.1697,3390.3441
104908000,3377.0163,1395600,19219300,2828611600,34405306800,3386.4832,3391.729,3366.1697,3390.3441
104913000,3376.9053,1435100,21709900,2830046700,34427016700,3386.4832,3391.729,3366.1697,3390.3441
104918000,3377.0303,994000,11420200,2831040700,34438436900,3386.4832,3391.729,3366.1697,3390.3441
104923000,3376.8593,1287400,18222900,2832328100,34456659800,3386.4832,3391.729,3366.1697,3390.3441
104928000,3377.246,1691800,18665700,2834019900,34475325500,3386.4832,3391.729,3366.1697,3390.3441
104933000,3377.0571,1337500,14621700,2835357400,34489947200,3386.4832,3391.729,3366.1697,3390.3441
104938000,3377.2411,1427300,15886300,2836784700,34505833500,3386.4832,3391.729,3366.1697,3390.3441
104943000,3377.1085,1586900,18446000,2838371600,34524279500,3386.4832,3391.729,3366.1697,3390.3441
104948000,3377.2786,659500,7542300,2839031100,34531821800,3386.4832,3391.729,3366.1697,3390.3441
104953000,3377.0753,1733600,19543500,2840764700,34551365300,3386.4832,3391.729,3366.1697,3390.3441
104958000,3376.8519,1454700,19772000,2842219400,34571137300,3386.4832,3391.729,3366.1697,3390.3441
105003000,3376.8907,1006600,16505100,2843226000,34587642400,3386.4832,3391.729,3366.1697,3390.3441
105008000,3376.2389,2325200,24400300,2845551200,34612042700,3386.4832,3391.729,3366.1697,3390.3441
105013000,3376.2185,2513700,22817200,2848064900,34634859900,3386.4832,3391.729,3366.1697,3390.3441
105018000,3375.7225,1626400,19979100,2849691300,34654839000,3386.4832,3391.729,3366.1697,3390.3441
105023000,3375.2724,2443100,35152900,2852134400,34689991900,3386.4832,3391.729,3366.1697,3390.3441
105028000,3374.9112,3124000,37116400,2855258400,34727108300,3386.4832,3391.729,3366.1697,3390.3441
105033000,3375.0561,1513200,16940000,2856771600,34744048300,3386.4832,3391.729,3366.1697,3390.3441
105038000,3374.5663,3118100,29156000,2859889700,34773204300,3386.4832,3391.729,3366.1697,3390.3441
105043000,3374.5618,2430800,30826700,2862320500,34804031000,3386.4832,3391.729,3366.1697,3390.3441
105048000,3374.2272,2732200,21807500,2865052700,34825838500,3386.4832,3391.729,3366.1697,3390.3441
105053000,3373.6448,2990800,28521100,2868043500,34854359600,3386.4832,3391.729,3366.1697,3390.3441
105059000,3373.2526,5661400,45779900,2873704900,34900139500,3386.4832,3391.729,3366.1697,3390.3441
105104000,3372.9275,7186300,53216900,2880891200,34953356400,3386.4832,3391.729,3366.1697,3390.3441
105109000,3372.7171,3025600,20681800,2883916800,34974038200,3386.4832,3391.729,3366.1697,3390.3441
105114000,3372.4441,2902400,29396300,2886819200,35003434500,3386.4832,3391.729,3366.1697,3390.3441
105119000,3372.893,3378400,27327700,2890197600,35030762200,3386.4832,3391.729,3366.1697,3390.3441
105124000,3372.93,1057200,11622200,2891254800,35042384400,3386.4832,3391.729,3366.1697,3390.3441
105129000,3372.9853,4235400,33986100,2895490200,35076370500,3386.4832,3391.729,3366.1697,3390.3441
105134000,3373.2892,2204500,26199300,2897694700,35102569800,3386.4832,3391.729,3366.1697,3390.3441
105139000,3373.2501,1013400,11040000,2898708100,35113609800,3386.4832,3391.729,3366.1697,3390.3441
105144000,3373.5217,2539500,26698900,2901247600,35140308700,3386.4832,3391.729,3366.1697,3390.3441
105149000,3373.8864,1745400,21717900,2902993000,35162026600,3386.4832,3391.729,3366.1697,3390.3441
105154000,3373.567,827500,10958300,2903820500,35172984900,3386.4832,3391.729,3366.1697,3390.3441
105159000,3374.0978,2474800,27684200,2906295300,35200669100,3386.4832,3391.729,3366.1697,3390.3441
105204000,3374.0917,2093500,22169000,2908388800,35222838100,3386.4832,3391.729,3366.1697,3390.3441
105209000,3374.4037,1215800,12438200,2909604600,35235276300,3386.4832,3391.729,3366.1697,3390.3441
105214000,3374.2654,2585200,30903300,2912189800,35266179600,3386.4832,3391.729,3366.1697,3390.3441
105219000,3374.2576,2197000,24490900,2914386800,35290670500,3386.4832,3391.729,3366.1697,3390.3441
105224000,3374.3864,973400,13949000,2915360200,35304619500,3386.4832,3391.729,3366.1697,3390.3441
105229000,3373.9823,1360500,19689800,2916720700,35324309300,3386.4832,3391.729,3366.1697,3390.3441
105234000,3374.2257,1652200,20054600,2918372900,35344363900,3386.4832,3391.729,3366.1697,3390.3441
105239000,3374.0944,911900,12684500,2919284800,35357048400,3386.4832,3391.729,3366.1697,3390.3441
105244000,3374.5265,1635800,19700100,2920920600,35376748500,3386.4832,3391.729,3366.1697,3390.3441
105249000,3374.2823,2129800,25169200,2923050400,35401917700,3386.4832,3391.729,3366.1697,3390.3441
105254000,3373.1267,1860800,19651800,2924911200,35421569500,3386.4832,3391.729,3366.1697,3390.3441
105259000,3373.1501,2663000,28868200,2927574200,35450437700,3386.4832,3391.729,3366.1697,3390.3441
105304000,3373.023,2929400,30266400,2930503600,35480704100,3386.4832,3391.729,3366.1697,3390.3441
105309000,3372.7835,1934100,19384700,2932437700,35500088800,3386.4832,3391.729,3366.1697,3390.3441
105314000,3372.5245,2741500,32266400,2935179200,35532355200,3386.4832,3391.729,3366.1697,3390.3441
105319000,3372.6122,1943600,26632900,2937122800,35558988100,3386.4832,3391.729,3366.1697,3390.3441
105324000,3372.8148,1276300,15534200,2938399100,35574522300,3386.4832,3391.729,3366.1697,3390.3441
105329000,3372.8846,1958300,22386500,2940357400,35596908800,3386.4832,3391.729,3366.1697,3390.3441
105334000,3372.746,2430300,25957000,2942787700,35622865800,3386.4832,3391.729,3366.1697,3390.3441
105339000,3372.8209,1170600,12077600,2943958300,35634943400,3386.4832,3391.729,3366.1697,3390.3441
105344000,3372.9503,2106000,26131500,2946064300,35661074900,3386.4832,3391.729,3366.1697,3390.3441
105349000,3373.0487,2481500,31567300,2948545800,35692642200,3386.4832,3391.729,3366.1697,3390.3441
105354000,3373.0545,1099500,11791000,2949645300,35704433200,3386.4832,3391.729,3366.1697,3390.3441
105359000,3373.1559,2050900,21847100,2951696200,35726280300,3386.4832,3391.729,3366.1697,3390.3441
105404000,3372.7132,1565700,20244100,2953261900,35746524400,3386.4832,3391.729,3366.1697,3390.3441
105409000,3372.998,827900,8144400,2954089800,35754668800,3386.4832,3391.729,3366.1697,3390.3441
105414000,3373.137,1826300,18403900,2955916100,35773072700,3386.4832,3391.729,3366.1697,3390.3441
105419000,3373.4632,1832300,22915500,2957748400,35795988200,3386.4832,3391.729,3366.1697,3390.3441
105424000,3373.3544,1197400,14067900,2958945800,35810056100,3386.4832,3391.729,3366.1697,3390.3441
105429000,3373.0766,1365400,17509900,2960311200,35827566000,3386.4832,3391.729,3366.1697,3390.3441
105435000,3373.3343,1983800,23404700,2962295000,35850970700,3386.4832,3391.729,3366.1697,3390.3441
105440000,3373.0874,1581200,18039500,2963876200,35869010200,3386.4832,3391.729,3366.1697,3390.3441
105445000,3373.2811,945600,11285000,2964821800,35880295200,3386.4832,3391.729,3366.1697,3390.3441
105450000,3373.13,1918300,23731800,2966740100,35904027000,3386.4832,3391.729,3366.1697,3390.3441
105455000,3372.1748,2120300,25472100,2968860400,35929499100,3386.4832,3391.729,3366.1697,3390.3441
105500000,3371.752,931200,10056300,2969791600,35939555400,3386.4832,3391.729,3366.1697,3390.3441
105505000,3371.8956,1998200,25826100,2971789800,35965381500,3386.4832,3391.729,3366.1697,3390.3441
105510000,3372.1836,2372000,21204700,2974161800,35986586200,3386.4832,3391.729,3366.1697,3390.3441
105515000,3372.1765,861100,9289200,2975022900,35995875400,3386.4832,3391.729,3366.1697,3390.3441
105519000,3372.2176,1310900,15377000,2976333800,36011252400,3386.4832,3391.729,3366.1697,3390.3441
105525000,3372.5374,1210300,13863900,2977544100,36025116300,3386.4832,3391.729,3366.1697,3390.3441
105530000,3372.4028,894500,10325400,2978438600,36035441700,3386.4832,3391.729,3366.1697,3390.3441
105535000,3372.4329,1719000,22773800,2980157600,36058215500,3386.4832,3391.729,3366.1697,3390.3441
105540000,3372.7693,1247300,16209700,2981404900,36074425200,3386.4832,3391.729,3366.1697,3390.3441
105545000,3373.0256,1309200,15966400,2982714100,36090391600,3386.4832,3391.729,3366.1697,3390.3441
105550000,3372.5479,1898900,23912200,2984613000,36114303800,3386.4832,3391.729,3366.1697,3390.3441
105555000,3372.9634,1574000,22034200,2986187000,36136338000,3386.4832,3391.729,3366.1697,3390.3441
105600000,3372.7444,706500,10143500,2986893500,36146481500,3386.4832,3391.729,3366.1697,3390.3441
105605000,3373.0124,2014500,20681000,2988908000,36167162500,3386.4832,3391.729,3366.1697,3390.3441
105610000,3372.7603,1385300,18284200,2990293300,36185446700,3386.4832,3391.729,3366.1697,3390.3441
105615000,3373.0436,1199900,11263200,2991493200,36196709900,3386.4832,3391.729,3366.1697,3390.3441
105620000,3372.8696,1310900,14875100,2992804100,36211585000,3386.4832,3391.729,3366.1697,3390.3441
105625000,3372.9123,1352600,18249700,2994156700,36229834700,3386.4832,3391.729,3366.1697,3390.3441
105630000,3372.8923,649200,8443600,2994805900,36238278300,3386.4832,3391.729,3366.1697,3390.3441
105635000,3372.9688,1587500,18867900,2996393400,36257146200,3386.4832,3391.729,3366.1697,3390.3441
105640000,3373.107,1467500,18772700,2997860900,36275918900,3386.4832,3391.729,3366.1697,3390.3441
105645000,3372.9208,936600,7762200,2998797500,36283681100,3386.4832,3391.729,3366.1697,3390.3441
105650000,3373.0137,1062600,13423600,2999860100,36297104700,3386.4832,3391.729,3366.1697,3390.3441
105655000,3373.4162,1619000,16895000,3001479100,36313999700,3386.4832,3391.729,3366.1697,3390.3441
105700000,3373.5109,783700,10907400,3002262800,36324907100,3386.4832,3391.729,3366.1697,3390.3441
105705000,3373.6635,1746500,22595600,3004009300,36347502700,3386.4832,3391.729,3366.1697,3390.3441
105710000,3373.7843,2332200,25068700,3006341500,36372571400,3386.4832,3391.729,3366.1697,3390.3441
105715000,3373.6523,708400,9849200,3007049900,36382420600,3386.4832,3391.729,3366.1697,3390.3441
105720000,3373.6699,1212000,16128400,3008261900,36398549000,3386.4832,3391.729,3366.1697,3390.3441
105725000,3373.6634,1123900,13756900,3009385800,36412305900,3386.4832,3391.729,3366.1697,3390.3441
105730000,3373.5931,904900,11585600,3010290700,36423891500,3386.4832,3391.729,3366.1697,3390.3441
105735000,3373.4546,2275000,22608500,3012565700,36446500000,3386.4832,3391.729,3366.1697,3390.3441
105740000,3373.3456,1558900,18742500,3014124600,36465242500,3386.4832,3391.729,3366.1697,3390.3441
105745000,3372.5429,1506800,17596700,3015631400,36482839200,3386.4832,3391.729,3366.1697,3390.3441
105750000,3371.5792,3961700,43655700,3019593100,36526494900,3386.4832,3391.729,3366.1697,3390.3441
105755000,3370.6654,4453000,51017300,3024046100,36577512200,3386.4832,3391.729,3366.1697,3390.3441
105800000,3370.3681,2762800,32546300,3026808900,36610058500,3386.4832,3391.729,3366.1697,3390.3441
105806000,3370.589,3979100,48406400,3030788000,36658464900,3386.4832,3391.729,3366.1697,3390.3441
105811000,3370.2286,3056500,38544500,3033844500,36697009400,3386.4832,3391.729,3366.1697,3390.3441
105816000,3370.3154,2363200,30854400,3036207700,36727863800,3386.4832,3391.729,3366.1697,3390.3441
105820000,3370.4446,1161500,14700800,3037369200,36742564600,3386.4832,3391.729,3366.1697,3390.3441
105826000,3370.1905,2437000,28050000,3039806200,36770614600,3386.4832,3391.729,3366.1697,3390.3441
105831000,3369.9632,1984700,28397900,3041790900,36799012500,3386.4832,3391.729,3366.1697,3390.3441
105836000,3370.1837,1490000,19218900,3043280900,36818231400,3386.4832,3391.729,3366.1697,3390.3441
105841000,3370.1176,1836200,23785200,3045117100,36842016600,3386.4832,3391.729,3366.1697,3390.3441
105846000,3369.9777,1393500,22534900,3046510600,36864551500,3386.4832,3391.729,3366.1697,3390.3441
105851000,3369.7406,1012900,11438600,3047523500,36875990100,3386.4832,3391.729,3366.1697,3390.3441
105856000,3370.0313,1028800,16519600,3048552300,36892509700,3386.4832,3391.729,3366.1697,3390.3441
105901000,3370.2718,1382900,16001800,3049935200,36908511500,3386.4832,3391.729,3366.1697,3390.3441
105906000,3370.0527,1201700,17256000,3051136900,36925767500,3386.4832,3391.729,3366.1697,3390.3441
105911000,3370.2515,2861400,25821600,3053998300,36951589100,3386.4832,3391.729,3366.1697,3390.3441
105916000,3370.4995,2215100,27039700,3056213400,36978628800,3386.4832,3391.729,3366.1697,3390.3441
105921000,3370.3743,1185700,13245900,3057399100,36991874700,3386.4832,3391.729,3366.1697,3390.3441
105926000,3370.2159,2589500,32830900,3059988600,37024705600,3386.4832,3391.729,3366.1697,3390.3441
105931000,3370.3552,2703200,28595600,3062691800,37053301200,3386.4832,3391.729,3366.1697,3390.3441
105936000,3370.2549,1356300,19121900,3064048100,37072423100,3386.4832,3391.729,3366.1697,3390.3441
105941000,3370.2585,1435400,21658400,3065483500,37094081500,3386.4832,3391.729,3366.1697,3390.3441
105946000,3370.3484,1230100,17017000,3066713600,37111098500,3386.4832,3391.729,3366.1697,3390.3441
105951000,3369.829,984200,16187600,3067697800,37127286100,3386.4832,3391.729,3366.1697,3390.3441
105956000,3370.1164,1539500,18150900,3069237300,37145437000,3386.4832,3391.729,3366.1697,3390.3441
110001000,3370.2901,1448800,17221000,3070686100,37162658000,3386.4832,3391.729,3366.1697,3390.3441
110006000,3370.4201,961500,11707500,3071647600,37174365500,3386.4832,3391.729,3366.1697,3390.3441
110011000,3369.8569,1803900,24241800,3073451500,37198607300,3386.4832,3391.729,3366.1697,3390.3441
110016000,3370.3533,1417800,19614200,3074869300,37218221500,3386.4832,3391.729,3366.1697,3390.3441
110021000,3369.7617,1198000,15619500,3076067300,37233841000,3386.4832,3391.729,3366.1697,3390.3441
110026000,3368.5491,2612100,34059000,3078679400,37267900000,3386.4832,3391.729,3366.1697,3390.3441
110031000,3368.5811,3921500,47201700,3082600900,37315101700,3386.4832,3391.729,3366.1697,3390.3441
110036000,3368.3452,2705100,26603100,3085306000,37341704800,3386.4832,3391.729,3366.1697,3390.3441
110041000,3368.1404,4823100,56522200,3090129100,37398227000,3386.4832,3391.729,3366.1697,3390.3441
110046000,3367.7383,3920900,47869900,3094050000,37446096900,3386.4832,3391.729,3366.1697,3390.3441
110051000,3367.6114,2408400,24617400,3096458400,37470714300,3386.4832,3391.729,3366.1697,3390.3441
110056000,3366.3083,6932400,66594100,3103390800,37537308400,3386.4832,3391.729,3366.1697,3390.3441
110101000,3366.6288,4521800,48617600,3107912600,37585926000,3386.4832,3391.729,3366.1697,3390.3441
110106000,3366.6705,3449900,32014700,3111362500,37617940700,3386.4832,3391.729,3366.1697,3390.3441
110111000,3365.8995,8324500,63848100,3119687000,37681788800,3386.4832,3391.729,3365.8995,3390.3441
110116000,3366.1433,4581200,40814000,3124268200,37722602800,3386.4832,3391.729,3365.8288,3390.3441
110121000,3366.4162,1387500,17505900,3125655700,37740108700,3386.4832,3391.729,3365.8288,3390.3441
110126000,3365.8069,2821300,28441400,3128477000,37768550100,3386.4832,3391.729,3365.8069,3390.3441
110131000,3366.0395,3756600,38517800,3132233600,37807067900,3386.4832,3391.729,3365.6156,3390.3441
110136000,3365.7135,1463500,21175100,3133697100,37828243000,3386.4832,3391.729,3365.6156,3390.3441
110141000,3365.9642,2583200,26898800,3136280300,37855141800,3386.4832,3391.729,3365.6156,3390.3441
110147000,3366.1671,2930000,38391700,3139210300,37893533500,3386.4832,3391.729,3365.6156,3390.3441
110152000,3366.3372,2844000,28552300,3142054300,37922085800,3386.4832,3391.729,3365.6156,3390.3441
110157000,3366.3451,1514400,19133800,3143568700,37941219600,3386.4832,3391.729,3365.6156,3390.3441
110202000,3366.9125,2162400,26498800,3145731100,37967718400,3386.4832,3391.729,3365.6156,3390.3441
110207000,3366.732,2146400,28952600,3147877500,37996671000,3386.4832,3391.729,3365.6156,3390.3441
110212000,3366.6139,1338900,17765200,3149216400,38014436200,3386.4832,3391.729,3365.6156,3390.3441
110217000,3366.7105,1975300,25408000,3151191700,38039844200,3386.4832,3391.729,3365.6156,3390.3441
110222000,3366.5084,2741600,40632200,3153933300,38080476400,3386.4832,3391.729,3365.6156,3390.3441
110227000,3366.8045,1123300,13998600,3155056600,38094475000,3386.4832,3391.729,3365.6156,3390.3441
110232000,3366.8497,1237300,17230000,3156293900,38111705000,3386.4832,3391.729,3365.6156,3390.3441
110237000,3366.8096,1806300,25195200,3158100200,38136900200,3386.4832,3391.729,3365.6156,3390.3441
110242000,3366.8564,1308000,17225500,3159408200,38154125700,3386.4832,3391.729,3365.6156,3390.3441
110247000,3367.3757,1585200,23576200,3160993400,38177701900,3386.4832,3391.729,3365.6156,3390.3441
110252000,3367.6865,1482800,18456800,3162476200,38196158700,3386.4832,3391.729,3365.6156,3390.3441
110257000,3367.93,1246500,14538100,3163722700,38210696800,3386.4832,3391.729,3365.6156,3390.3441
110302000,3367.9927,1830800,20997200,3165553500,38231694000,3386.4832,3391.729,3365.6156,3390.3441
110307000,3367.924,2358900,34529100,3167912400,38266223100,3386.4832,3391.729,3365.6156,3390.3441
110312000,3368.0803,2252800,19754400,3170165200,38285977500,3386.4832,3391.729,3365.6156,3390.3441
110317000,3367.8254,2508100,23567700,3172673300,38309545200,3386.4832,3391.729,3365.6156,3390.3441
110322000,3368.1863,1337400,16921400,3174010700,38326466600,3386.4832,3391.729,3365.6156,3390.3441
110327000,3368.1192,1484300,15591700,3175495000,38342058300,3386.4832,3391.729,3365.6156,3390.3441
110332000,3368.3123,1456700,22777300,3176951700,38364835600,3386.4832,3391.729,3365.6156,3390.3441
110337000,3368.0488,1700100,20590700,3178651800,38385426300,3386.4832,3391.729,3365.6156,3390.3441
110342000,3368.0339,1313800,15681100,3179965600,38401107400,3386.4832,3391.729,3365.6156,3390.3441
110347000,3368.327,1658800,18978400,3181624400,38420085800,3386.4832,3391.729,3365.6156,3390.3441
110352000,3368.283,1224600,15818100,3182849000,38435903900,3386.4832,3391.729,3365.6156,3390.3441
110357000,3368.4602,1127300,13024500,3183976300,38448928400,3386.4832,3391.729,3365.6156,3390.3441
110402000,3368.5341,1448800,18525000,3185425100,38467453400,3386.4832,3391.729,3365.6156,3390.3441
110407000,3368.4663,1314600,16121200,3186739700,38483574600,3386.4832,3391.729,3365.6156,3390.3441
110412000,3368.4901,2140400,22049200,3188880100,38505623800,3386.4832,3391.729,3365.6156,3390.3441
110417000,3368.2719,1674000,22423200,3190554100,38528047000,3386.4832,3391.729,3365.6156,3390.3441
110422000,3368.2485,1325400,16768100,3191879500,38544815100,3386.4832,3391.729,3365.6156,3390.3441
110427000,3367.8216,1469200,16134900,3193348700,38560950000,3386.4832,3391.729,3365.6156,3390.3441
110432000,3367.0948,1995700,25667200,3195344400,38586617200,3386.4832,3391.729,3365.6156,3390.3441
110437000,3367.2159,2017700,23629400,3197362100,38610246600,3386.4832,3391.729,3365.6156,3390.3441
110442000,3367.1107,1443000,17412800,3198805100,38627659400,3386.4832,3391.729,3365.6156,3390.3441
110447000,3367.2874,2419600,23682400,3201224700,38651341800,3386.4832,3391.729,3365.6156,3390.3441
110452000,3367.0733,1320800,13212700,3202545500,38664554500,3386.4832,3391.729,3365.6156,3390.3441
110457000,3367.3386,1072800,13006500,3203618300,38677561000,3386.4832,3391.729,3365.6156,3390.3441
110502000,3367.6771,1765300,27892700,3205383600,38705453700,3386.4832,3391.729,3365.6156,3390.3441
110508000,3366.9579,1677700,25495300,3207061300,38730949000,3386.4832,3391.729,3365.6156,3390.3441
110513000,3366.8047,1402100,16115300,3208463400,38747064300,3386.4832,3391.729,3365.6156,3390.3441
110518000,3366.8565,1151400,12643000,3209614800,38759707300,3386.4832,3391.729,3365.6156,3390.3441
110523000,3366.6073,1406000,18096600,3211020800,38777803900,3386.4832,3391.729,3365.6156,3390.3441
110528000,3366.8614,1428400,14742700,3212449200,38792546600,3386.4832,3391.729,3365.6156,3390.3441
110533000,3367.0694,776000,10855100,3213225200,38803401700,3386.4832,3391.729,3365.6156,3390.3441
110538000,3367.2977,1313800,18707000,3214539000,38822108700,3386.4832,3391.729,3365.6156,3390.3441
110543000,3367.1301,1118000,15644600,3215657000,38837753300,3386.4832,3391.729,3365.6156,3390.3441
110548000,3366.9609,903800,11981100,3216560800,38849734400,3386.4832,3391.729,3365.6156,3390.3441
110553000,3366.9225,1296200,19666900,3217857000,38869401300,3386.4832,3391.729,3365.6156,3390.3441
110558000,3366.9329,1693200,16463500,3219550200,38885864800,3386.4832,3391.729,3365.6156,3390.3441
110603000,3366.9958,782900,11116000,3220333100,38896980800,3386.4832,3391.729,3365.6156,3390.3441
110608000,3366.2572,1991500,22758400,3222324600,38919739200,3386.4832,3391.729,3365.6156,3390.3441
110613000,3366.5107,1243500,15395900,3223568100,38935135100,3386.4832,3391.729,3365.6156,3390.3441
110618000,3366.3084,1161300,15689400,3224729400,38950824500,3386.4832,3391.729,3365.6156,3390.3441
110623000,3366.3353,1719700,20085600,3226449100,38970910100,3386.4832,3391.729,3365.6156,3390.3441
110628000,3366.4305,1676900,18598900,3228126000,38989509000,3386.4832,3391.729,3365.6156,3390.3441
110633000,3366.671,1013900,12405500,3229139900,39001914500,3386.4832,3391.729,3365.6156,3390.3441
110638000,3366.09,1368100,18786700,3230508000,39020701200,3386.4832,3391.729,3365.6156,3390.3441
110643000,3366.2933,950200,10810700,3231458200,39031511900,3386.4832,3391.729,3365.6156,3390.3441
110648000,3366.0854,1375600,16904800,3232833800,39048416700,3386.4832,3391.729,3365.6156,3390.3441
110653000,3365.8209,1984400,24905000,3234818200,39073321700,3386.4832,3391.729,3365.6156,3390.3441
110658000,3365.7842,1456700,16867500,3236274900,39090189200,3386.4832,3391.729,3365.6156,3390.3441
110703000,3365.8679,1310300,18489900,3237585200,39108679100,3386.4832,3391.729,3365.6156,3390.3441
110708000,3365.671,1828600,26231400,3239413800,39134910500,3386.4832,3391.729,3365.6033,3390.3441
110713000,3365.491,1425700,19926100,3240839500,39154836600,3386.4832,3391.729,3365.3914,3390.3441
110718000,3365.5325,2566200,22332100,3243405700,39177168700,3386.4832,3391.729,3365.3914,3390.3441
110723000,3365.8219,1570200,21119100,3244975900,39198287800,3386.4832,3391.729,3365.3914,3390.3441
110728000,3365.2387,1648800,18095900,3246624700,39216383700,3386.4832,3391.729,3365.2387,3390.3441
110733000,3365.9517,1021500,17538900,3247646200,39233922600,3386.4832,3391.729,3365.2387,3390.3441
110738000,3366.0567,1571500,24773800,3249217700,39258696400,3386.4832,3391.729,3365.2387,3390.3441
110743000,3365.8505,1764400,20746700,3250982100,39279443100,3386.4832,3391.729,3365.2387,3390.3441
110748000,3365.7569,1617600,24275100,3252599700,39303718200,3386.4832,3391.729,3365.2387,3390.3441
110753000,3366.0616,2018600,22173200,3254618300,39325891400,3386.4832,3391.729,3365.2387,3390.3441
110758000,3366.4134,2196700,23518100,3256815000,39349409500,3386.4832,3391.729,3365.2387,3390.3441
110803000,3366.3321,1482200,17098800,3258297200,39366508300,3386.4832,3391.729,3365.2387,3390.3441
110808000,3366.4257,1901000,21302600,3260198200,39387810900,3386.4832,3391.729,3365.2387,3390.3441
110813000,3365.9368,1198700,15682300,3261396900,39403493200,3386.4832,3391.729,3365.2387,3390.3441
110818000,3366.597,956800,12210700,3262353700,39415703900,3386.4832,3391.729,3365.2387,3390.3441
110823000,3366.1898,1230800,19455700,3263584500,39435159600,3386.4832,3391.729,3365.2387,3390.3441
110828000,3366.3158,920100,12289600,3264504600,39447449200,3386.4832,3391.729,3365.2387,3390.3441
110833000,3366.5059,928100,11583900,3265432700,39459033100,3386.4832,3391.729,3365.2387,3390.3441
110839000,3366.4958,1040300,15982500,3266473000,39475015600,3386.4832,3391.729,3365.2387,3390.3441
110844000,3366.2804,1251200,16821900,3267724200,39491837500,3386.4832,3391.729,3365.2387,3390.3441
110849000,3365.8857,1004700,13431000,3268728900,39505268500,3386.4832,3391.729,3365.2387,3390.3441
110854000,3365.9158,1005600,12228700,3269734500,39517497200,3386.4832,3391.729,3365.2387,3390.3441
110859000,3366.0264,924800,12584200,3270659300,39530081400,3386.4832,3391.729,3365.2387,3390.3441
110904000,3365.1362,1232200,14929800,3271891500,39545011200,3386.4832,3391.729,3365.1362,3390.3441
110909000,3365.1363,1836300,18997300,3273727800,39564008500,3386.4832,3391.729,3364.9282,3390.3441
110914000,3364.7794,1579600,23162000,3275307400,39587170500,3386.4832,3391.729,3364.7794,3390.3441
110919000,3364.9262,1554800,15500100,3276862200,39602670600,3386.4832,3391.729,3364.7794,3390.3441
110924000,3364.7111,2466400,22846700,3279328600,39625517300,3386.4832,3391.729,3364.619,3390.3441
110929000,3364.3426,1517400,23595100,3280846000,39649112400,3386.4832,3391.729,3364.3426,3390.3441
110934000,3363.9733,1983000,21612400,3282829000,39670724800,3386.4832,3391.729,3363.9733,3390.3441
110939000,3363.7801,2341400,34273000,3285170400,39704997800,3386.4832,3391.729,3363.7801,3390.3441
110944000,3363.1078,2614500,36305500,3287784900,39741303300,3386.4832,3391.729,3363.1078,3390.3441
110949000,3362.5275,3229600,57341400,3291014500,39798644700,3386.4832,3391.729,3362.5275,3390.3441
110954000,3362.487,4083900,48166800,3295098400,39846811500,3386.4832,3391.729,3362.1893,3390.3441
110959000,3361.9491,4069000,48914100,3299167400,39895725600,3386.4832,3391.729,3361.9491,3390.3441
111004000,3361.8985,3874500,38911400,3303041900,39934637000,3386.4832,3391.729,3361.8985,3390.3441
111009000,3361.7547,4736200,44214600,3307778100,39978851600,3386.4832,3391.729,3361.7143,3390.3441
111014000,3361.8087,5161200,51139500,3312939300,40029991100,3386.4832,3391.729,3361.6151,3390.3441
111019000,3361.2779,3198100,35094300,3316137400,40065085400,3386.4832,3391.729,3361.2779,3390.3441
111024000,3361.4086,1479400,26534100,3317616800,40091619500,3386.4832,3391.729,3361.167,3390.3441
111029000,3361.7156,2793100,32932800,3320409900,40124552300,3386.4832,3391.729,3361.167,3390.3441
111034000,3361.78,2142800,27198600,3322552700,40151750900,3386.4832,3391.729,3361.167,3390.3441
111039000,3361.651,1470600,22775700,3324023300,40174526600,3386.4832,3391.729,3361.167,3390.3441
111044000,3361.1085,3360100,46350200,3327383400,40220876800,3386.4832,3391.729,3361.1085,3390.3441
111049000,3360.9222,2054400,29809200,3329437800,40250686000,3386.4832,3391.729,3360.9222,3390.3441
111054000,3361.15,1292200,16593300,3330730000,40267279300,3386.4832,3391.729,3360.9222,3390.3441
111059000,3360.9575,2403300,26122700,3333133300,40293402000,3386.4832,3391.729,3360.9222,3390.3441
111104000,3361.0871,3095800,34282300,3336229100,40327684300,3386.4832,3391.729,3360.8612,3390.3441
111109000,3360.8458,1350200,16395100,3337579300,40344079400,3386.4832,3391.729,3360.7983,3390.3441
111114000,3360.769,1528700,20927000,3339108000,40365006400,3386.4832,3391.729,3360.6123,3390.3441
111119000,3360.804,3409700,32323400,3342517700,40397329800,3386.4832,3391.729,3360.6123,3390.3441
111124000,3360.8573,2451300,27355400,3344969000,40424685200,3386.4832,3391.729,3360.6123,3390.3441
111129000,3360.8713,1797300,25015300,3346766300,40449700500,3386.4832,3391.729,3360.6123,3390.3441
111134000,3361.098,2659200,24285000,3349425500,40473985500,3386.4832,3391.729,3360.6123,3390.3441
111139000,3361.1375,1881500,18452600,3351307000,40492438100,3386.4832,3391.729,3360.6123,3390.3441
111144000,3360.9494,2224300,28734200,3353531300,40521172300,3386.4832,3391.729,3360.6123,3390.3441
111149000,3361.3344,1523400,24676900,3355054700,40545849200,3386.4832,3391.729,3360.6123,3390.3441
111154000,3361.2689,2225300,21130500,3357280000,40566979700,3386.4832,3391.729,3360.6123,3390.3441
111159000,3360.8821,1469800,17248300,3358749800,40584228000,3386.4832,3391.729,3360.6123,3390.3441
111204000,3361.0996,1631300,20426200,3360381100,40604654200,3386.4832,3391.729,3360.6123,3390.3441
111210000,3361.2457,2101400,27797200,3362482500,40632451400,3386.4832,3391.729,3360.6123,3390.3441
111215000,3360.9101,1669100,19404200,3364151600,40651855600,3386.4832,3391.729,3360.6123,3390.3441
111220000,3361.2264,2411400,27355800,3366563000,40679211400,3386.4832,3391.729,3360.6123,3390.3441
111225000,3361.1955,1304900,14394200,3367867900,40693605600,3386.4832,3391.729,3360.6123,3390.3441
111230000,3360.9763,1074500,14413800,3368942400,40708019400,3386.4832,3391.729,3360.6123,3390.3441
111235000,3360.9544,2810100,25746100,3371752500,40733765500,3386.4832,3391.729,3360.6123,3390.3441
111240000,3361.1128,3071500,22325600,3374824000,40756091100,3386.4832,3391.729,3360.6123,3390.3441
111245000,3361.0949,1328100,16923500,3376152100,40773014600,3386.4832,3391.729,3360.6123,3390.3441
111250000,3360.9587,2793100,29192800,3378945200,40802207400,3386.4832,3391.729,3360.6123,3390.3441
111255000,3360.4383,2845900,22139100,3381791100,40824346500,3386.4832,3391.729,3360.4383,3390.3441
111300000,3360.8717,1158300,14854900,3382949400,40839201400,3386.4832,3391.729,3360.4383,3390.3441
111305000,3361.3395,1860300,19954500,3384809700,40859155900,3386.4832,3391.729,3360.4383,3390.3441
111310000,3361.4385,1442000,18561900,3386251700,40877717800,3386.4832,3391.729,3360.4383,3390.3441
111315000,3361.2256,1291600,15525400,3387543300,40893243200,3386.4832,3391.729,3360.4383,3390.3441
111320000,3361.0527,1373000,18403200,3388916300,40911646400,3386.4832,3391.729,3360.4383,3390.3441
111325000,3361.2406,2222800,21534800,3391139100,40933181200,3386.4832,3391.729,3360.4383,3390.3441
111330000,3360.9338,1620300,14948500,3392759400,40948129700,3386.4832,3391.729,3360.4383,3390.3441
111335000,3361.3048,3008700,26559600,3395768100,40974689300,3386.4832,3391.729,3360.4383,3390.3441
111340000,3361.5563,1269300,15762000,3397037400,40990451300,3386.4832,3391.729,3360.4383,3390.3441
111345000,3361.3911,1445100,15545100,3398482500,41005996400,3386.4832,3391.729,3360.4383,3390.3441
111350000,3361.6798,1785300,26460700,3400267800,41032457100,3386.4832,3391.729,3360.4383,3390.3441
111355000,3361.5188,2417300,24589700,3402685100,41057046800,3386.4832,3391.729,3360.4383,3390.3441
111400000,3361.9141,1111600,16721200,3403796700,41073768000,3386.4832,3391.729,3360.4383,3390.3441
111405000,3362.3129,1811400,20756400,3405608100,41094524400,3386.4832,3391.729,3360.4383,3390.3441
111410000,3362.084,1978800,18184700,3407586900,41112709100,3386.4832,3391.729,3360.4383,3390.3441
111415000,3362.4559,973900,12960400,3408560800,41125669500,3386.4832,3391.729,3360.4383,3390.3441
111420000,3362.3515,2185900,19519400,3410746700,41145188900,3386.4832,3391.729,3360.4383,3390.3441
111425000,3362.5994,1123800,11968200,3411870500,41157157100,3386.4832,3391.729,3360.4383,3390.3441
111430000,3362.4696,1921400,14054300,3413791900,41171211400,3386.4832,3391.729,3360.4383,3390.3441
111435000,3362.6531,1109400,13726600,3414901300,41184938000,3386.4832,3391.729,3360.4383,3390.3441
111440000,3362.5466,1198800,16130700,3416100100,41201068700,3386.4832,3391.729,3360.4383,3390.3441
111445000,3363.0149,1119700,19233800,3417219800,41220302500,3386.4832,3391.729,3360.4383,3390.3441
111450000,3362.6939,1227200,15300200,3418447000,41235602700,3386.4832,3391.729,3360.4383,3390.3441
111455000,3362.8127,1755900,15713100,3420202900,41251315800,3386.4832,3391.729,3360.4383,3390.3441
111500000,3363.0289,871500,10120200,3421074400,41261436000,3386.4832,3391.729,3360.4383,3390.3441
111505000,3363.302,1136900,15542800,3422211300,41276978800,3386.4832,3391.729,3360.4383,3390.3441
111510000,3363.1575,884500,12180400,3423095800,41289159200,3386.4832,3391.729,3360.4383,3390.3441
111515000,3363.2699,1136200,14996500,3424232000,41304155700,3386.4832,3391.729,3360.4383,3390.3441
111520000,3363.286,1351000,15655200,3425583000,41319810900,3386.4832,3391.729,3360.4383,3390.3441
111525000,3363.2747,1036700,13241900,3426619700,41333052800,3386.4832,3391.729,3360.4383,3390.3441
111530000,3363.3793,813100,14412400,3427432800,41347465200,3386.4832,3391.729,3360.4383,3390.3441
111535000,3363.5667,1065700,16263500,3428498500,41363728700,3386.4832,3391.729,3360.4383,3390.3441
111541000,3363.622,942100,12931100,3429440600,41376659800,3386.4832,3391.729,3360.4383,3390.3441
111546000,3363.3652,1872000,29524800,3431312600,41406184600,3386.4832,3391.729,3360.4383,3390.3441
111551000,3363.8234,1436700,12652500,3432749300,41418837100,3386.4832,3391.729,3360.4383,3390.3441
111556000,3363.8,1308400,16071800,3434057700,41434908900,3386.4832,3391.729,3360.4383,3390.3441
111601000,3364.0859,889300,11400500,3434947000,41446309400,3386.4832,3391.729,3360.4383,3390.3441
111606000,3363.6998,882000,12220200,3435829000,41458529600,3386.4832,3391.729,3360.4383,3390.3441
111611000,3363.9438,1108800,15962800,3436937800,41474492400,3386.4832,3391.729,3360.4383,3390.3441
111616000,3364.202,1325000,16098100,3438262800,41490590500,3386.4832,3391.729,3360.4383,3390.3441
111621000,3364.0726,907900,12004700,3439170700,41502595200,3386.4832,3391.729,3360.4383,3390.3441
111626000,3364.279,947000,13951500,3440117700,41516546700,3386.4832,3391.729,3360.4383,3390.3441
111631000,3363.9455,819900,13750300,3440937600,41530297000,3386.4832,3391.729,3360.4383,3390.3441
111636000,3364.131,634200,8070800,3441571800,41538367800,3386.4832,3391.729,3360.4383,3390.3441
111641000,3364.1502,1236900,17847800,3442808700,41556215600,3386.4832,3391.729,3360.4383,3390.3441
111646000,3364.434,938200,11689100,3443746900,41567904700,3386.4832,3391.729,3360.4383,3390.3441
111651000,3364.2177,980300,10807400,3444727200,41578712100,3386.4832,3391.729,3360.4383,3390.3441
111656000,3364.3396,1346400,15311400,3446073600,41594023500,3386.4832,3391.729,3360.4383,3390.3441
111701000,3364.5652,809800,9468800,3446883400,41603492300,3386.4832,3391.729,3360.4383,3390.3441
111706000,3364.3973,776300,8196200,3447659700,41611688500,3386.4832,3391.729,3360.4383,3390.3441
111711000,3364.6227,1833200,17789100,3449492900,41629477600,3386.4832,3391.729,3360.4383,3390.3441
111716000,3364.3992,1420000,16653500,3450912900,41646131100,3386.4832,3391.729,3360.4383,3390.3441
111721000,3364.4775,868500,10709800,3451781400,41656840900,3386.4832,3391.729,3360.4383,3390.3441
111726000,3364.5071,926900,11861400,3452708300,41668702300,3386.4832,3391.729,3360.4383,3390.3441
111731000,3364.71,812200,9627400,3453520500,41678329700,3386.4832,3391.729,3360.4383,3390.3441
111736000,3364.4128,703400,7878300,3454223900,41686208000,3386.4832,3391.729,3360.4383,3390.3441
111741000,3364.4631,976100,12574500,3455200000,41698782500,3386.4832,3391.729,3360.4383,3390.3441
111746000,3364.4854,1391500,14446400,3456591500,41713228900,3386.4832,3391.729,3360.4383,3390.3441
111751000,3364.3013,1200500,11849600,3457792000,41725078500,3386.4832,3391.729,3360.4383,3390.3441
111756000,3364.3232,803800,9952100,3458595800,41735030600,3386.4832,3391.729,3360.4383,3390.3441
111801000,3364.3558,1440700,18507100,3460036500,41753537700,3386.4832,3391.729,3360.4383,3390.3441
111806000,3363.8078,1067900,12329600,3461104400,41765867300,3386.4832,3391.729,3360.4383,3390.3441
111811000,3364.3328,1098200,13787000,3462202600,41779654300,3386.4832,3391.729,3360.4383,3390.3441
111816000,3363.3079,1629400,17546000,3463832000,41797200300,3386.4832,3391.729,3360.4383,3390.3441
111821000,3362.8597,1126600,13844000,3464958600,41811044300,3386.4832,3391.729,3360.4383,3390.3441
111826000,3363.4123,1320600,16864600,3466279200,41827908900,3386.4832,3391.729,3360.4383,3390.3441
111831000,3363.1391,1038300,13869900,3467317500,41841778800,3386.4832,3391.729,3360.4383,3390.3441
111836000,3363.1384,1277200,14114200,3468594700,41855893000,3386.4832,3391.729,3360.4383,3390.3441
111841000,3363.2789,1337600,18757400,3469932300,41874650400,3386.4832,3391.729,3360.4383,3390.3441
111846000,3363.1868,1404700,18194000,3471337000,41892844400,3386.4832,3391.729,3360.4383,3390.3441
111851000,3363.3122,1210300,14617000,3472547300,41907461400,3386.4832,3391.729,3360.4383,3390.3441
111856000,3363.1684,1470400,23245100,3474017700,41930706500,3386.4832,3391.729,3360.4383,3390.3441
111901000,3363.22,858000,13594900,3474875700,41944301400,3386.4832,3391.729,3360.4383,3390.3441
111906000,3363.305,1148800,13187600,3476024500,41957489000,3386.4832,3391.729,3360.4383,3390.3441
111912000,3363.1966,1261600,18202300,3477286100,41975691300,3386.4832,3391.729,3360.4383,3390.3441
111917000,3363.3257,1273300,15310900,3478559400,41991002200,3386.4832,3391.729,3360.4383,3390.3441
111922000,3363.326,1073100,15153900,3479632500,42006156100,3386.4832,3391.729,3360.4383,3390.3441
111927000,3363.067,655500,8290800,3480288000,42014446900,3386.4832,3391.729,3360.4383,3390.3441
111932000,3363.5907,947100,13175900,3481235100,42027622800,3386.4832,3391.729,3360.4383,3390.3441
111937000,3363.4801,2097500,17326800,3483332600,42044949600,3386.4832,3391.729,3360.4383,3390.3441
111942000,3363.8024,640100,8462000,3483972700,42053411600,3386.4832,3391.729,3360.4383,3390.3441
111947000,3364.0745,1763400,21370600,3485736100,42074782200,3386.4832,3391.729,3360.4383,3390.3441
111952000,3364.4882,1722200,22360700,3487458300,42097142900,3386.4832,3391.729,3360.4383,3390.3441
111957000,3364.7172,1970200,17157900,3489428500,42114300800,3386.4832,3391.729,3360.4383,3390.3441
112002000,3365.312,2834300,31949500,3492262800,42146250300,3386.4832,3391.729,3360.4383,3390.3441
112007000,3365.604,1699300,24371000,3493962100,42170621300,3386.4832,3391.729,3360.4383,3390.3441
112012000,3365.3042,1638600,17195500,3495600700,42187816800,3386.4832,3391.729,3360.4383,3390.3441
112017000,3365.9518,1400600,16582500,3497001300,42204399300,3386.4832,3391.729,3360.4383,3390.3441
112022000,3366.0296,955400,11650300,3497956700,42216049600,3386.4832,3391.729,3360.4383,3390.3441
112027000,3366.1671,889100,10651300,3498845800,42226700900,3386.4832,3391.729,3360.4383,3390.3441
112032000,3365.8087,1025800,15354200,3499871600,42242055100,3386.4832,3391.729,3360.4383,3390.3441
112037000,3366.2063,1084300,15250000,3500955900,42257305100,3386.4832,3391.729,3360.4383,3390.3441
112042000,3365.8567,941600,10110100,3501897500,42267415200,3386.4832,3391.729,3360.4383,3390.3441
112047000,3366.021,796200,10954000,3502693700,42278369200,3386.4832,3391.729,3360.4383,3390.3441
112052000,3366.0456,747400,11292300,3503441100,42289661500,3386.4832,3391.729,3360.4383,3390.3441
112057000,3365.9954,730900,10289000,3504172000,42299950500,3386.4832,3391.729,3360.4383,3390.3441
112102000,3366.4927,1043100,12472400,3505215100,42312422900,3386.4832,3391.729,3360.4383,3390.3441
112107000,3366.7836,875300,12779000,3506090400,42325201900,3386.4832,3391.729,3360.4383,3390.3441
112112000,3366.4405,904200,10564700,3506994600,42335766600,3386.4832,3391.729,3360.4383,3390.3441
112117000,3366.6964,1483300,13836700,3508477900,42349603300,3386.4832,3391.729,3360.4383,3390.3441
112122000,3366.8532,1332700,15705300,3509810600,42365308600,3386.4832,3391.729,3360.4383,3390.3441
112127000,3366.5637,703700,10261600,3510514300,42375570200,3386.4832,3391.729,3360.4383,3390.3441
112132000,3366.8395,1448200,15179300,3511962500,42390749500,3386.4832,3391.729,3360.4383,3390.3441
112137000,3366.5828,844400,10836700,3512806900,42401586200,3386.4832,3391.729,3360.4383,3390.3441
112142000,3366.3724,570000,8225100,3513376900,42409811300,3386.4832,3391.729,3360.4383,3390.3441
112147000,3366.7193,1398300,14247900,3514775200,42424059200,3386.4832,3391.729,3360.4383,3390.3441
112152000,3366.6843,1069400,12171100,3515844600,42436230300,3386.4832,3391.729,3360.4383,3390.3441
112157000,3366.5257,622000,8195200,3516466600,42444425500,3386.4832,3391.729,3360.4383,3390.3441
112202000,3366.8559,1259000,17882300,3517725600,42462307800,3386.4832,3391.729,3360.4383,3390.3441
112207000,3366.9732,1550100,15592500,3519275700,42477900300,3386.4832,3391.729,3360.4383,3390.3441
112212000,3366.9782,1229000,12738800,3520504700,42490639100,3386.4832,3391.729,3360.4383,3390.3441
112217000,3367.4313,2401400,21341400,3522906100,42511980500,3386.4832,3391.729,3360.4383,3390.3441
112222000,3367.6998,815400,10003000,3523721500,42521983500,3386.4832,3391.729,3360.4383,3390.3441
112227000,3367.7262,1173300,12820800,3524894800,42534804300,3386.4832,3391.729,3360.4383,3390.3441
112232000,3367.8377,940800,13432000,3525835600,42548236300,3386.4832,3391.729,3360.4383,3390.3441
112237000,3368.3973,1181300,13732600,3527016900,42561968900,3386.4832,3391.729,3360.4383,3390.3441
112242000,3368.2704,1084700,11665300,3528101600,42573634200,3386.4832,3391.729,3360.4383,3390.3441
112247000,3368.2378,1304800,17845500,3529406400,42591479700,3386.4832,3391.729,3360.4383,3390.3441
112253000,3368.6933,1481500,15339600,3530887900,42606819300,3386.4832,3391.729,3360.4383,3390.3441
112258000,3368.4154,1125200,10961700,3532013100,42617781000,3386.4832,3391.729,3360.4383,3390.3441
112303000,3368.8373,752200,8654000,3532765300,42626435000,3386.4832,3391.729,3360.4383,3390.3441
112308000,3368.7261,1004900,12266300,3533770200,42638701300,3386.4832,3391.729,3360.4383,3390.3441
112313000,3368.3432,1388200,17191600,3535158400,42655892900,3386.4832,3391.729,3360.4383,3390.3441
112318000,3368.6316,691400,8841900,3535849800,42664734800,3386.4832,3391.729,3360.4383,3390.3441
112323000,3368.5251,1707800,16434700,3537557600,42681169500,3386.4832,3391.729,3360.4383,3390.3441
112328000,3368.539,1060600,12499100,3538618200,42693668600,3386.4832,3391.729,3360.4383,3390.3441
112333000,3368.5239,1007500,11468300,3539625700,42705136900,3386.4832,3391.729,3360.4383,3390.3441
112338000,3368.3282,1579400,19058200,3541205100,42724195100,3386.4832,3391.729,3360.4383,3390.3441
112343000,3368.361,939900,12234000,3542145000,42736429100,3386.4832,3391.729,3360.4383,3390.3441
112348000,3368.1557,794400,9894500,3542939400,42746323600,3386.4832,3391.729,3360.4383,3390.3441
112353000,3368.127,1476900,17420900,3544416300,42763744500,3386.4832,3391.729,3360.4383,3390.3441
112358000,3368.1651,855000,11177700,3545271300,42774922200,3386.4832,3391.729,3360.4383,3390.3441
112403000,3368.0887,1053900,12187500,3546325200,42787109700,3386.4832,3391.729,3360.4383,3390.3441
112408000,3367.556,1214200,16920200,3547539400,42804029900,3386.4832,3391.729,3360.4383,3390.3441
112413000,3367.8752,884400,11249800,3548423800,42815279700,3386.4832,3391.729,3360.4383,3390.3441
112418000,3367.5974,948400,9463200,3549372200,42824742900,3386.4832,3391.729,3360.4383,3390.3441
112423000,3367.5337,1261700,14443000,3550633900,42839185900,3386.4832,3391.729,3360.4383,3390.3441
112428000,3367.5173,884100,10507000,3551518000,42849692900,3386.4832,3391.729,3360.4383,3390.3441
112433000,3367.4611,606600,9665200,3552124600,42859358100,3386.4832,3391.729,3360.4383,3390.3441
112438000,3367.5032,808700,12885600,3552933300,42872243700,3386.4832,3391.729,3360.4383,3390.3441
112443000,3367.4349,896800,10791000,3553830100,42883034700,3386.4832,3391.729,3360.4383,3390.3441
112448000,3367.8676,702000,8903600,3554532100,42891938300,3386.4832,3391.729,3360.4383,3390.3441
112453000,3367.5708,1867200,15417000,3556399300,42907355300,3386.4832,3391.729,3360.4383,3390.3441
112458000,3367.4008,1070400,15029500,3557469700,42922384800,3386.4832,3391.729,3360.4383,3390.3441
112503000,3367.2489,6672700,32825300,3564142400,42955210100,3386.4832,3391.729,3360.4383,3390.3441
112508000,3367.1248,2625900,18007500,3566768300,42973217600,3386.4832,3391.729,3360.4383,3390.3441
112513000,3367.0254,1289500,12044700,3568057800,42985262300,3386.4832,3391.729,3360.4383,3390.3441
112518000,3366.97,1898100,13049600,3569955900,42998311900,3386.4832,3391.729,3360.4383,3390.3441
112523000,3366.9554,741400,10435200,3570697300,43008747100,3386.4832,3391.729,3360.4383,3390.3441
112528000,3367.1811,1279300,13359600,3571976600,43022106700,3386.4832,3391.729,3360.4383,3390.3441
112533000,3367.1782,648900,7819000,3572625500,43029925700,3386.4832,3391.729,3360.4383,3390.3441
112538000,3366.9644,1420500,17587300,3574046000,43047513000,3386.4832,3391.729,3360.4383,3390.3441
112543000,3366.7614,1265100,12805900,3575311100,43060318900,3386.4832,3391.729,3360.4383,3390.3441
112548000,3366.4625,677000,12525000,3575988100,43072843900,3386.4832,3391.729,3360.4383,3390.3441
112553000,3366.8956,1121600,13429900,3577109700,43086273800,3386.4832,3391.729,3360.4383,3390.3441
112558000,3366.6283,1300500,14653200,3578410200,43100927000,3386.4832,3391.729,3360.4383,3390.3441
112603000,3366.2706,1523800,18702100,3579934000,43119629100,3386.4832,3391.729,3360.4383,3390.3441
112608000,3366.2511,1303200,15968600,3581237200,43135597700,3386.4832,3391.729,3360.4383,3390.3441
112613000,3366.1117,1572000,14863200,3582809200,43150460900,3386.4832,3391.729,3360.4383,3390.3441
112618000,3364.799,1532600,17150400,3584341800,43167611300,3386.4832,3391.729,3360.4383,3390.3441
112624000,3364.5474,2095900,26392300,3586437700,43194003600,3386.4832,3391.729,3360.4383,3390.3441
112629000,3363.8612,2263200,24434100,3588700900,43218437700,3386.4832,3391.729,3360.4383,3390.3441
112634000,3363.8283,2572000,24244500,3591272900,43242682200,3386.4832,3391.729,3360.4383,3390.3441
112639000,3363.5457,1977800,19840200,3593250700,43262522400,3386.4832,3391.729,3360.4383,3390.3441
112644000,3363.7689,1695200,22828100,3594945900,43285350500,3386.4832,3391.729,3360.4383,3390.3441
112649000,3363.2827,1758200,22090400,3596704100,43307440900,3386.4832,3391.729,3360.4383,3390.3441
112654000,3363.5633,1260100,16498400,3597964200,43323939300,3386.4832,3391.729,3360.4383,3390.3441
112659000,3363.8276,1736700,22084700,3599700900,43346024000,3386.4832,3391.729,3360.4383,3390.3441
112704000,3363.703,1383000,17649600,3601083900,43363673600,3386.4832,3391.729,3360.4383,3390.3441
112709000,3363.2107,1004300,12018500,3602088200,43375692100,3386.4832,3391.729,3360.4383,3390.3441
112714000,3363.4423,1173200,14861200,3603261400,43390553300,3386.4832,3391.729,3360.4383,3390.3441
112719000,3363.4058,961000,11416300,3604222400,43401969600,3386.4832,3391.729,3360.4383,3390.3441
112724000,3363.4975,995300,11546100,3605217700,43413515700,3386.4832,3391.729,3360.4383,3390.3441
112729000,3363.4491,1153500,13583500,3606371200,43427099200,3386.4832,3391.729,3360.4383,3390.3441
112734000,3362.6419,905700,12959400,3607276900,43440058600,3386.4832,3391.729,3360.4383,3390.3441
112739000,3363.3935,763300,9563000,3608040200,43449621600,3386.4832,3391.729,3360.4383,3390.3441
112744000,3363.4754,1075700,19072400,3609115900,43468694000,3386.4832,3391.729,3360.4383,3390.3441
112749000,3363.4113,1018600,14314200,3610134500,43483008200,3386.4832,3391.729,3360.4383,3390.3441
112754000,3363.4816,1205900,15220800,3611340400,43498229000,3386.4832,3391.729,3360.4383,3390.3441
112759000,3363.66,1254100,17115400,3612594500,43515344400,3386.4832,3391.729,3360.4383,3390.3441
112804000,3363.8235,692300,10347600,3613286800,43525692000,3386.4832,3391.729,3360.4383,3390.3441
112809000,3363.9436,510200,7601200,3613797000,43533293200,3386.4832,3391.729,3360.4383,3390.3441
112814000,3363.7661,1073300,13000700,3614870300,43546293900,3386.4832,3391.729,3360.4383,3390.3441
112819000,3363.7258,733000,10321100,3615603300,43556615000,3386.4832,3391.729,3360.4383,3390.3441
112824000,3363.8988,1045300,9423900,3616648600,43566038900,3386.4832,3391.729,3360.4383,3390.3441
112829000,3363.7617,1039800,15125500,3617688400,43581164400,3386.4832,3391.729,3360.4383,3390.3441
112834000,3363.7497,998200,12965800,3618686600,43594130200,3386.4832,3391.729,3360.4383,3390.3441
112839000,3363.8465,727200,9573700,3619413800,43603703900,3386.4832,3391.729,3360.4383,3390.3441
112844000,3364.0744,1055900,13432300,3620469700,43617136200,3386.4832,3391.729,3360.4383,3390.3441
112849000,3364.43,791400,9210800,3621261100,43626347000,3386.4832,3391.729,3360.4383,3390.3441
112854000,3364.4075,845000,10699800,3622106100,43637046800,3386.4832,3391.729,3360.4383,3390.3441
112859000,3364.4548,758600,11630600,3622864700,43648677400,3386.4832,3391.729,3360.4383,3390.3441
112904000,3364.8435,712600,9854400,3623577300,43658531800,3386.4832,3391.729,3360.4383,3390.3441
112909000,3364.5479,816100,12685500,3624393400,43671217300,3386.4832,3391.729,3360.4383,3390.3441
112914000,3364.7258,1488100,20907500,3625881500,43692124800,3386.4832,3391.729,3360.4383,3390.3441
112919000,3364.7256,722100,9630000,3626603600,43701754800,3386.4832,3391.729,3360.4383,3390.3441
112924000,3364.7041,605000,8266900,3627208600,43710021700,3386.4832,3391.729,3360.4383,3390.3441
112929000,3364.9268,879800,12421300,3628088400,43722443000,3386.4832,3391.729,3360.4383,3390.3441
112934000,3364.936,636900,12429000,3628725300,43734872000,3386.4832,3391.729,3360.4383,3390.3441
112939000,3365.1421,646800,6940800,3629372100,43741812800,3386.4832,3391.729,3360.4383,3390.3441
112944000,3364.7683,592100,8846800,3629964200,43750659600,3386.4832,3391.729,3360.4383,3390.3441
112949000,3364.9657,648900,9021400,3630613100,43759681000,3386.4832,3391.729,3360.4383,3390.3441
112955000,3365.044,497500,6319100,3631110600,43766000100,3386.4832,3391.729,3360.4383,3390.3441
113000000,3365.0425,1555700,13131200,3632666300,43779131300,3386.4832,3391.729,3360.4383,3390.3441
113003000,3365.1259,175600,3162400,3632841900,43782293700,3386.4832,3391.729,3360.4383,3390.3441
130005000,3365.3249,17626300,181585000,3650468200,43963878700,3386.4832,3391.729,3360.4383,3390.3441
130010000,3365.9825,4633700,53069800,3655101900,44016948500,3386.4832,3391.729,3360.4383,3390.3441
130014000,3366.7274,2830200,27396200,3657932100,44044344700,3386.4832,3391.729,3360.4383,3390.3441
130020000,3367.0534,1437500,19603400,3659369600,44063948100,3386.4832,3391.729,3360.4383,3390.3441
130025000,3367.4423,2112800,18126100,3661482400,44082074200,3386.4832,3391.729,3360.4383,3390.3441
130029000,3367.4165,1810800,16839400,3663293200,44098913600,3386.4832,3391.729,3360.4383,3390.3441
130035000,3367.4311,1658800,19090000,3664952000,44118003600,3386.4832,3391.729,3360.4383,3390.3441
130040000,3367.0043,1314100,17280600,3666266100,44135284200,3386.4832,3391.729,3360.4383,3390.3441
130044000,3367.4382,958700,14069300,3667224800,44149353500,3386.4832,3391.729,3360.4383,3390.3441
130050000,3367.2729,675900,11586200,3667900700,44160939700,3386.4832,3391.729,3360.4383,3390.3441
130055000,3366.8567,559700,7213300,3668460400,44168153000,3386.4832,3391.729,3360.4383,3390.3441
130059000,3366.8265,511600,8435300,3668972000,44176588300,3386.4832,3391.729,3360.4383,3390.3441
130105000,3366.9629,1256300,14717700,3670228300,44191306000,3386.4832,3391.729,3360.4383,3390.3441
130110000,3366.7789,569200,10067600,3670797500,44201373600,3386.4832,3391.729,3360.4383,3390.3441
130114000,3367.0523,683000,7700100,3671480500,44209073700,3386.4832,3391.729,3360.4383,3390.3441
130120000,3366.873,719600,8401400,3672200100,44217475100,3386.4832,3391.729,3360.4383,3390.3441
130125000,3367.3767,946600,11679000,3673146700,44229154100,3386.4832,3391.729,3360.4383,3390.3441
130129000,3366.9879,744300,8481600,3673891000,44237635700,3386.4832,3391.729,3360.4383,3390.3441
130135000,3366.7162,710200,9575900,3674601200,44247211600,3386.4832,3391.729,3360.4383,3390.3441
130141000,3366.7288,630600,9327000,3675231800,44256538600,3386.4832,3391.729,3360.4383,3390.3441
130146000,3366.6965,653100,9679900,3675884900,44266218500,3386.4832,3391.729,3360.4383,3390.3441
130150000,3366.6358,637000,7781300,3676521900,44273999800,3386.4832,3391.729,3360.4383,3390.3441
130156000,3366.7176,879000,10574600,3677400900,44284574400,3386.4832,3391.729,3360.4383,3390.3441
130201000,3366.3786,529300,7376800,3677930200,44291951200,3386.4832,3391.729,3360.4383,3390.3441
130206000,3366.8444,556300,9578900,3678486500,44301530100,3386.4832,3391.729,3360.4383,3390.3441
130211000,3366.5201,634600,9076500,3679121100,44310606600,3386.4832,3391.729,3360.4383,3390.3441
130216000,3366.7179,636300,8273500,3679757400,44318880100,3386.4832,3391.729,3360.4383,3390.3441
130220000,3366.7417,392100,5754000,3680149500,44324634100,3386.4832,3391.729,3360.4383,3390.3441
130226000,3366.77,541700,7041600,3680691200,44331675700,3386.4832,3391.729,3360.4383,3390.3441
130231000,3367.1301,544700,6178900,3681235900,44337854600,3386.4832,3391.729,3360.4383,3390.3441
130235000,3366.7919,814300,7030700,3682050200,44344885300,3386.4832,3391.729,3360.4383,3390.3441
130241000,3366.5245,903700,10990100,3682953900,44355875400,3386.4832,3391.729,3360.4383,3390.3441
130246000,3366.537,756300,8218900,3683710200,44364094300,3386.4832,3391.729,3360.4383,3390.3441
130250000,3366.1089,470400,5140600,3684180600,44369234900,3386.4832,3391.729,3360.4383,3390.3441
130256000,3366.3063,895400,9712300,3685076000,44378947200,3386.4832,3391.729,3360.4383,3390.3441
130301000,3365.9863,848800,9906900,3685924800,44388854100,3386.4832,3391.729,3360.4383,3390.3441
130305000,3366.3869,769900,10432800,3686694700,44399286900,3386.4832,3391.729,3360.4383,3390.3441
130311000,3365.1248,929300,13814100,3687624000,44413101000,3386.4832,3391.729,3360.4383,3390.3441
130316000,3365.2596,1211500,12353700,3688835500,44425454700,3386.4832,3391.729,3360.4383,3390.3441
130320000,3365.4865,702400,9023500,3689537900,44434478200,3386.4832,3391.729,3360.4383,3390.3441
130326000,3365.5221,975100,13514200,3690513000,44447992400,3386.4832,3391.729,3360.4383,3390.3441
130331000,3365.6698,757600,9309000,3691270600,44457301400,3386.4832,3391.729,3360.4383,3390.3441
130335000,3365.5597,868900,9814900,3692139500,44467116300,3386.4832,3391.729,3360.4383,3390.3441
130341000,3365.8555,782600,10739900,3692922100,44477856200,3386.4832,3391.729,3360.4383,3390.3441
130346000,3365.4612,635200,9210700,3693557300,44487066900,3386.4832,3391.729,3360.4383,3390.3441
130350000,3365.3471,559500,9859300,3694116800,44496926200,3386.4832,3391.729,3360.4383,3390.3441
130356000,3365.3066,689300,11732500,3694806100,44508658700,3386.4832,3391.729,3360.4383,3390.3441
130401000,3365.2727,591000,10972900,3695397100,44519631600,3386.4832,3391.729,3360.4383,3390.3441
130405000,3365.2695,906700,10598100,3696303800,44530229700,3386.4832,3391.729,3360.4383,3390.3441
130411000,3365.0308,1716500,23622200,3698020300,44553851900,3386.4832,3391.729,3360.4383,3390.3441
130416000,3365.081,606400,8122400,3698626700,44561974300,3386.4832,3391.729,3360.4383,3390.3441
130420000,3365.4843,491800,7766800,3699118500,44569741100,3386.4832,3391.729,3360.4383,3390.3441
130426000,3365.5047,784600,12896600,3699903100,44582637700,3386.4832,3391.729,3360.4383,3390.3441
130431000,3365.6025,764200,8909300,3700667300,44591547000,3386.4832,3391.729,3360.4383,3390.3441
130435000,3365.9653,849300,10536600,3701516600,44602083600,3386.4832,3391.729,3360.4383,3390.3441
130441000,3366.0942,607900,8593000,3702124500,44610676600,3386.4832,3391.729,3360.4383,3390.3441
130446000,3365.9268,827400,11283400,3702951900,44621960000,3386.4832,3391.729,3360.4383,3390.3441
130450000,3365.9431,771200,9223400,3703723100,44631183400,3386.4832,3391.729,3360.4383,3390.3441
130456000,3366.1877,1287100,16825600,3705010200,44648009000,3386.4832,3391.729,3360.4383,3390.3441
130501000,3366.4325,951600,13950400,3705961800,44661959400,3386.4832,3391.729,3360.4383,3390.3441
130506000,3366.4693,896100,11386700,3706857900,44673346100,3386.4832,3391.729,3360.4383,3390.3441
130511000,3366.7756,1566600,15515900,3708424500,44688862000,3386.4832,3391.729,3360.4383,3390.3441
130516000,3366.7472,1086700,13599100,3709511200,44702461100,3386.4832,3391.729,3360.4383,3390.3441
130522000,3366.7214,1012000,12984000,3710523200,44715445100,3386.4832,3391.729,3360.4383,3390.3441
130526000,3367.103,895100,9422100,3711418300,44724867200,3386.4832,3391.729,3360.4383,3390.3441
130532000,3366.9633,952700,14991800,3712371000,44739859000,3386.4832,3391.729,3360.4383,3390.3441
130537000,3366.9814,633400,9131000,3713004400,44748990000,3386.4832,3391.729,3360.4383,3390.3441
130541000,3367.1697,712800,9046300,3713717200,44758036300,3386.4832,3391.729,3360.4383,3390.3441
130547000,3366.9036,1131000,14697000,3714848200,44772733300,3386.4832,3391.729,3360.4383,3390.3441
130552000,3366.8278,772600,9288900,3715620800,44782022200,3386.4832,3391.729,3360.4383,3390.3441
130556000,3367.0407,590500,7586000,3716211300,44789608200,3386.4832,3391.729,3360.4383,3390.3441
130602000,3367.383,1182400,15391400,3717393700,44804999600,3386.4832,3391.729,3360.4383,3390.3441
130607000,3367.6492,745400,10797000,3718139100,44815796600,3386.4832,3391.729,3360.4383,3390.3441
130611000,3367.2574,940000,9380900,3719079100,44825177500,3386.4832,3391.729,3360.4383,3390.3441
130617000,3367.4108,1061200,13583500,3720140300,44838761000,3386.4832,3391.729,3360.4383,3390.3441
130622000,3367.491,981500,12652100,3721121800,44851413100,3386.4832,3391.729,3360.4383,3390.3441
130626000,3367.9581,3630800,19651300,3724752600,44871064400,3386.4832,3391.729,3360.4383,3390.3441
130632000,3367.4617,1826000,17607300,3726578600,44888671700,3386.4832,3391.729,3360.4383,3390.3441
130637000,3367.5108,578000,8467600,3727156600,44897139300,3386.4832,3391.729,3360.4383,3390.3441
130642000,3367.4372,902900,11449200,3728059500,44908588500,3386.4832,3391.729,3360.4383,3390.3441
130647000,3367.4981,1741000,17411300,3729800500,44925999800,3386.4832,3391.729,3360.4383,3390.3441
130652000,3367.4877,854800,10739400,3730655300,44936739200,3386.4832,3391.729,3360.4383,3390.3441
130656000,3367.4369,1257300,11135000,3731912600,44947874200,3386.4832,3391.729,3360.4383,3390.3441
130702000,3367.4744,897700,11399300,3732810300,44959273500,3386.4832,3391.729,3360.4383,3390.3441
130707000,3367.4192,694400,10228300,3733504700,44969501800,3386.4832,3391.729,3360.4383,3390.3441
130712000,3367.3904,655900,9392400,3734160600,44978894200,3386.4832,3391.729,3360.4383,3390.3441
130717000,3367.0085,961800,11486300,3735122400,44990380500,3386.4832,3391.729,3360.4383,3390.3441
130722000,3367.3458,724300,9684800,3735846700,45000065300,3386.4832,3391.729,3360.4383,3390.3441
130726000,3367.4383,717200,7484900,3736563900,45007550200,3386.4832,3391.729,3360.4383,3390.3441
130732000,3367.3264,1090900,13078200,3737654800,45020628400,3386.4832,3391.729,3360.4383,3390.3441
130737000,3367.4316,580800,8173700,3738235600,45028802100,3386.4832,3391.729,3360.4383,3390.3441
130741000,3367.364,756000,9168700,3738991600,45037970800,3386.4832,3391.729,3360.4383,3390.3441
130747000,3367.1615,1111500,13576300,3740103100,45051547100,3386.4832,3391.729,3360.4383,3390.3441
130752000,3366.7544,935400,10836700,3741038500,45062383800,3386.4832,3391.729,3360.4383,3390.3441
130756000,3366.8026,1719400,15399900,3742757900,45077783700,3386.4832,3391.729,3360.4383,3390.3441
130802000,3366.6411,1174600,16179800,3743932500,45093963500,3386.4832,3391.729,3360.4383,3390.3441
130807000,3366.769,737800,13765800,3744670300,45107729300,3386.4832,3391.729,3360.4383,3390.3441
130811000,3366.7919,838300,10520200,3745508600,45118249500,3386.4832,3391.729,3360.4383,3390.3441
130817000,3365.8054,1501500,20067300,3747010100,45138316800,3386.4832,3391.729,3360.4383,3390.3441
130822000,3365.9334,1222400,15922500,3748232500,45154239300,3386.4832,3391.729,3360.4383,3390.3441
130827000,3365.2432,1639000,18314600,3749871500,45172553900,3386.4832,3391.729,3360.4383,3390.3441
130832000,3365.6204,1451500,18487200,3751323000,45191041100,3386.4832,3391.729,3360.4383,3390.3441
130837000,3365.4985,673000,10486800,3751996000,45201527900,3386.4832,3391.729,3360.4383,3390.3441
130841000,3364.6865,1014400,16354000,3753010400,45217881900,3386.4832,3391.729,3360.4383,3390.3441
130847000,3364.6499,1817600,21902800,3754828000,45239784700,3386.4832,3391.729,3360.4383,3390.3441
130853000,3364.6291,2393400,26244700,3757221400,45266029400,3386.4832,3391.729,3360.4383,3390.3441
130858000,3364.3462,1545100,16003000,3758766500,45282032400,3386.4832,3391.729,3360.4383,3390.3441
130902000,3364.2454,1251000,14897200,3760017500,45296929600,3386.4832,3391.729,3360.4383,3390.3441
130908000,3364.4323,1264300,17379200,3761281800,45314308800,3386.4832,3391.729,3360.4383,3390.3441
130913000,3364.0649,1117200,13341900,3762399000,45327650700,3386.4832,3391.729,3360.4383,3390.3441
130917000,3364.23,642000,9235800,3763041000,45336886500,3386.4832,3391.729,3360.4383,3390.3441
130923000,3364.6118,1116500,11880000,3764157500,45348766500,3386.4832,3391.729,3360.4383,3390.3441
130928000,3364.3901,849000,10877500,3765006500,45359644000,3386.4832,3391.729,3360.4383,3390.3441
130932000,3364.4165,687800,9213900,3765694300,45368857900,3386.4832,3391.729,3360.4383,3390.3441
130938000,3364.6737,853500,11462200,3766547800,45380320100,3386.4832,3391.729,3360.4383,3390.3441
130943000,3364.3646,766600,9769200,3767314400,45390089300,3386.4832,3391.729,3360.4383,3390.3441
130947000,3364.7471,673200,8868100,3767987600,45398957400,3386.4832,3391.729,3360.4383,3390.3441
130953000,3364.34,1144200,12703900,3769131800,45411661300,3386.4832,3391.729,3360.4383,3390.3441
130958000,3364.3853,1152200,14561500,3770284000,45426222800,3386.4832,3391.729,3360.4383,3390.3441
131002000,3364.5155,734300,8141000,3771018300,45434363800,3386.4832,3391.729,3360.4383,3390.3441
131008000,3364.9046,1068100,13406400,3772086400,45447770200,3386.4832,3391.729,3360.4383,3390.3441
131013000,3364.7073,655200,8647200,3772741600,45456417400,3386.4832,3391.729,3360.4383,3390.3441
131017000,3364.5651,853500,9519700,3773595100,45465937100,3386.4832,3391.729,3360.4383,3390.3441
131023000,3364.9097,1228900,13617900,3774824000,45479555000,3386.4832,3391.729,3360.4383,3390.3441
131028000,3364.7637,581000,9664000,3775405000,45489219000,3386.4832,3391.729,3360.4383,3390.3441
131032000,3364.5919,910700,13186800,3776315700,45502405800,3386.4832,3391.729,3360.4383,3390.3441
131038000,3364.634,1071300,15926800,3777387000,45518332600,3386.4832,3391.729,3360.4383,3390.3441
131043000,3364.9234,880000,12032100,3778267000,45530364700,3386.4832,3391.729,3360.4383,3390.3441
131048000,3364.4356,521700,7428700,3778788700,45537793400,3386.4832,3391.729,3360.4383,3390.3441
131053000,3364.5243,1218300,16149700,3780007000,45553943100,3386.4832,3391.729,3360.4383,3390.3441
131058000,3364.3481,1052500,14314700,3781059500,45568257800,3386.4832,3391.729,3360.4383,3390.3441
131102000,3364.3174,552500,7902000,3781612000,45576159800,3386.4832,3391.729,3360.4383,3390.3441
131108000,3363.9846,1076000,14482700,3782688000,45590642500,3386.4832,3391.729,3360.4383,3390.3441
131113000,3364.0874,963600,9817400,3783651600,45600459900,3386.4832,3391.729,3360.4383,3390.3441
131118000,3364.0738,568700,8987800,3784220300,45609447700,3386.4832,3391.729,3360.4383,3390.3441
131123000,3363.8995,934600,12926400,3785154900,45622374100,3386.4832,3391.729,3360.4383,3390.3441
131128000,3364.108,659600,8812500,3785814500,45631186600,3386.4832,3391.729,3360.4383,3390.3441
131132000,3363.9782,683500,10733800,3786498000,45641920400,3386.4832,3391.729,3360.4383,3390.3441
131138000,3363.3439,1501500,17534600,3787999500,45659455000,3386.4832,3391.729,3360.4383,3390.3441
131143000,3363.1665,1048700,12335800,3789048200,45671790800,3386.4832,3391.729,3360.4383,3390.3441
131147000,3363.0686,1545700,15020400,3790593900,45686811200,3386.4832,3391.729,3360.4383,3390.3441
131153000,3363.1431,1416000,19518600,3792009900,45706329800,3386.4832,3391.729,3360.4383,3390.3441
131158000,3362.9716,1011300,13830700,3793021200,45720160500,3386.4832,3391.729,3360.4383,3390.3441
131202000,3362.7719,2316900,21290200,3795338100,45741450700,3386.4832,3391.729,3360.4383,3390.3441
131208000,3362.3319,2332900,24797000,3797671000,45766247700,3386.4832,3391.729,3360.4383,3390.3441
131213000,3362.667,4096600,23954700,3801767600,45790202400,3386.4832,3391.729,3360.4383,3390.3441
131219000,3362.6473,1344800,15708500,3803112400,45805910900,3386.4832,3391.729,3360.4383,3390.3441
131223000,3362.8453,1294500,11611000,3804406900,45817521900,3386.4832,3391.729,3360.4383,3390.3441
131229000,3362.6253,2552200,25114600,3806959100,45842636500,3386.4832,3391.729,3360.4383,3390.3441
131234000,3362.543,2333200,18577200,3809292300,45861213700,3386.4832,3391.729,3360.4383,3390.3441
131238000,3362.3767,868300,12620800,3810160600,45873834500,3386.4832,3391.729,3360.4383,3390.3441
131244000,3362.6576,1036900,13670300,3811197500,45887504800,3386.4832,3391.729,3360.4383,3390.3441
131249000,3362.7107,1211800,16836600,3812409300,45904341400,3386.4832,3391.729,3360.4383,3390.3441
131253000,3362.4527,1087600,15052000,3813496900,45919393400,3386.4832,3391.729,3360.4383,3390.3441
131259000,3362.4715,1168100,15917100,3814665000,45935310500,3386.4832,3391.729,3360.4383,3390.3441
131304000,3362.3986,1302400,13337500,3815967400,45948648000,3386.4832,3391.729,3360.4383,3390.3441
131308000,3362.522,907000,13765100,3816874400,45962413100,3386.4832,3391.729,3360.4383,3390.3441
131314000,3362.1725,1497200,21892800,3818371600,45984305900,3386.4832,3391.729,3360.4383,3390.3441
131319000,3362.095,982300,14289100,3819353900,45998595000,3386.4832,3391.729,3360.4383,3390.3441
131323000,3362.52,804900,9474200,3820158800,46008069200,3386.4832,3391.729,3360.4383,3390.3441
131329000,3362.3095,1155800,15878600,3821314600,46023947800,3386.4832,3391.729,3360.4383,3390.3441
131334000,3362.7883,3638000,24612200,3824952600,46048560000,3386.4832,3391.729,3360.4383,3390.3441
131338000,3362.5656,1004400,11062000,3825957000,46059622000,3386.4832,3391.729,3360.4383,3390.3441
131344000,3362.4634,1507100,19951800,3827464100,46079573800,3386.4832,3391.729,3360.4383,3390.3441
131349000,3362.5268,1091900,14558600,3828556000,46094132400,3386.4832,3391.729,3360.4383,3390.3441
131353000,3362.7088,1046000,13444900,3829602000,46107577300,3386.4832,3391.729,3360.4383,3390.3441
131359000,3362.5118,1268000,16083200,3830870000,46123660500,3386.4832,3391.729,3360.4383,3390.3441
131404000,3362.7512,1718700,19543400,3832588700,46143203900,3386.4832,3391.729,3360.4383,3390.3441
131408000,3362.3744,936500,9958300,3833525200,46153162200,3386.4832,3391.729,3360.4383,3390.3441
131414000,3362.2617,1082100,15616000,3834607300,46168778200,3386.4832,3391.729,3360.4383,3390.3441
131419000,3362.2829,821700,9876000,3835429000,46178654200,3386.4832,3391.729,3360.4383,3390.3441
131423000,3362.407,730800,8488500,3836159800,46187142700,3386.4832,3391.729,3360.4383,3390.3441
131429000,3362.5934,790400,10375800,3836950200,46197518500,3386.4832,3391.729,3360.4383,3390.3441
131434000,3362.6299,809500,12260700,3837759700,46209779200,3386.4832,3391.729,3360.4383,3390.3441
131438000,3362.8429,1352900,13046400,3839112600,46222825600,3386.4832,3391.729,3360.4383,3390.3441
131444000,3362.378,893500,12649200,3840006100,46235474800,3386.4832,3391.729,3360.4383,3390.3441
131449000,3362.5363,660300,8105100,3840666400,46243579900,3386.4832,3391.729,3360.4383,3390.3441
131453000,3362.1988,767500,8089000,3841433900,46251668900,3386.4832,3391.729,3360.4383,3390.3441
131459000,3362.6391,1200000,14249800,3842633900,46265918700,3386.4832,3391.729,3360.4383,3390.3441
131504000,3362.917,734900,8854200,3843368800,46274772900,3386.4832,3391.729,3360.4383,3390.3441
131508000,3362.6375,897500,11099900,3844266300,46285872800,3386.4832,3391.729,3360.4383,3390.3441
131514000,3362.8411,943700,10793400,3845210000,46296666200,3386.4832,3391.729,3360.4383,3390.3441
131519000,3362.6781,749400,8000800,3845959400,46304667000,3386.4832,3391.729,3360.4383,3390.3441
131523000,3362.8445,831600,10223700,3846791000,46314890700,3386.4832,3391.729,3360.4383,3390.3441
131529000,3362.83,1557500,16582600,3848348500,46331473300,3386.4832,3391.729,3360.4383,3390.3441
131534000,3362.4875,721000,8642700,3849069500,46340116000,3386.4832,3391.729,3360.4383,3390.3441
131538000,3362.9175,652600,9539600,3849722100,46349655600,3386.4832,3391.729,3360.4383,3390.3441
131544000,3362.8125,956000,15396400,3850678100,46365052000,3386.4832,3391.729,3360.4383,3390.3441
131550000,3362.7841,1330300,16262100,3852008400,46381314100,3386.4832,3391.729,3360.4383,3390.3441
131553000,3362.8228,1096400,9586100,3853104800,46390900200,3386.4832,3391.729,3360.4383,3390.3441
131559000,3362.792,1029900,11843300,3854134700,46402743500,3386.4832,3391.729,3360.4383,3390.3441
131605000,3362.9966,1682700,17076600,3855817400,46419820100,3386.4832,3391.729,3360.4383,3390.3441
131610000,3362.8033,856700,11803300,3856674100,46431623400,3386.4832,3391.729,3360.4383,3390.3441
131614000,3362.5865,1501800,16855500,3858175900,46448478900,3386.4832,3391.729,3360.4383,3390.3441
131620000,3362.5596,1410700,16812900,3859586600,46465291800,3386.4832,3391.729,3360.4383,3390.3441
131625000,3362.9502,1334000,18004700,3860920600,46483296500,3386.4832,3391.729,3360.4383,3390.3441
131629000,3362.6376,848600,7968900,3861769200,46491265400,3386.4832,3391.729,3360.4383,3390.3441
131635000,3362.867,1510400,16401500,3863279600,46507666900,3386.4832,3391.729,3360.4383,3390.3441
131640000,3363.2245,1521600,13866500,3864801200,46521533400,3386.4832,3391.729,3360.4383,3390.3441
131644000,3363.3587,1308100,13908600,3866109300,46535442000,3386.4832,3391.729,3360.4383,3390.3441
131650000,3363.914,1551100,21900700,3867660400,46557342700,3386.4832,3391.729,3360.4383,3390.3441
131655000,3364.4991,1395800,23822900,3869056200,46581165600,3386.4832,3391.729,3360.4383,3390.3441
131659000,3365.2662,2512600,32663200,3871568800,46613828800,3386.4832,3391.729,3360.4383,3390.3441
131705000,3365.5677,2420100,28513000,3873988900,46642341800,3386.4832,3391.729,3360.4383,3390.3441
131710000,3366.0647,2173900,23341700,3876162800,46665683500,3386.4832,3391.729,3360.4383,3390.3441
131714000,3366.1292,1266100,13765200,3877428900,46679448700,3386.4832,3391.729,3360.4383,3390.3441
131720000,3366.3077,1519500,18125900,3878948400,46697574600,3386.4832,3391.729,3360.4383,3390.3441
131725000,3366.5729,1330300,14847600,3880278700,46712422200,3386.4832,3391.729,3360.4383,3390.3441
131729000,3366.2037,817800,8671500,3881096500,46721093700,3386.4832,3391.729,3360.4383,3390.3441
131735000,3366.2092,2073300,20654200,3883169800,46741747900,3386.4832,3391.729,3360.4383,3390.3441
131740000,3366.4434,2107800,15686200,3885277600,46757434100,3386.4832,3391.729,3360.4383,3390.3441
131745000,3366.3432,1852000,15315700,3887129600,46772749800,3386.4832,3391.729,3360.4383,3390.3441
131750000,3366.6426,1028400,14212900,3888158000,46786962700,3386.4832,3391.729,3360.4383,3390.3441
131755000,3366.2167,919700,12635300,3889077700,46799598000,3386.4832,3391.729,3360.4383,3390.3441
131759000,3366.846,916000,11521000,3889993700,46811119000,3386.4832,3391.729,3360.4383,3390.3441
131805000,3366.3211,1420800,16808600,3891414500,46827927600,3386.4832,3391.729,3360.4383,3390.3441
131810000,3366.8503,594400,8158800,3892008900,46836086400,3386.4832,3391.729,3360.4383,3390.3441
131815000,3366.5547,938000,12529900,3892946900,46848616300,3386.4832,3391.729,3360.4383,3390.3441
131820000,3366.833,1366000,15133600,3894312900,46863749900,3386.4832,3391.729,3360.4383,3390.3441
131825000,3367.2164,891100,11052700,3895204000,46874802600,3386.4832,3391.729,3360.4383,3390.3441
131829000,3366.9063,922600,11580100,3896126600,46886382700,3386.4832,3391.729,3360.4383,3390.3441
131835000,3366.7704,1443100,16233300,3897569700,46902616000,3386.4832,3391.729,3360.4383,3390.3441
131840000,3366.6604,2089000,15908300,3899658700,46918524300,3386.4832,3391.729,3360.4383,3390.3441
131844000,3366.4154,906800,8978500,3900565500,46927502800,3386.4832,3391.729,3360.4383,3390.3441
131850000,3366.5976,1605300,15785600,3902170800,46943288400,3386.4832,3391.729,3360.4383,3390.3441
131855000,3366.651,621100,7867000,3902791900,46951155400,3386.4832,3391.729,3360.4383,3390.3441
131859000,3366.6766,1539200,13143600,3904331100,46964299000,3386.4832,3391.729,3360.4383,3390.3441
131905000,3366.6974,1605000,18429800,3905936100,46982728800,3386.4832,3391.729,3360.4383,3390.3441
131910000,3366.6733,683300,8084700,3906619400,46990813500,3386.4832,3391.729,3360.4383,3390.3441
131915000,3366.4285,859000,9251700,3907478400,47000065200,3386.4832,3391.729,3360.4383,3390.3441
131920000,3366.4665,1170400,12358100,3908648800,47012423300,3386.4832,3391.729,3360.4383,3390.3441
131926000,3366.5951,1054500,13340900,3909703300,47025764200,3386.4832,3391.729,3360.4383,3390.3441
131931000,3366.6708,1681700,13217800,3911385000,47038982000,3386.4832,3391.729,3360.4383,3390.3441
131936000,3366.2185,1028900,8938000,3912413900,47047920000,3386.4832,3391.729,3360.4383,3390.3441
131941000,3366.3907,1482700,15135100,3913896600,47063055100,3386.4832,3391.729,3360.4383,3390.3441
131946000,3366.3811,774800,9160200,3914671400,47072215300,3386.4832,3391.729,3360.4383,3390.3441
131950000,3366.1693,927200,7960600,3915598600,47080175900,3386.4832,3391.729,3360.4383,3390.3441
131956000,3366.3091,2318100,16627300,3917916700,47096803200,3386.4832,3391.729,3360.4383,3390.3441
132001000,3366.3269,1287100,12795500,3919203800,47109598700,3386.4832,3391.729,3360.4383,3390.3441
132006000,3366.9545,1250600,12361200,3920454400,47121959900,3386.4832,3391.729,3360.4383,3390.3441
132011000,3366.6526,1509000,13283900,3921963400,47135243800,3386.4832,3391.729,3360.4383,3390.3441
132016000,3366.572,915300,9839800,3922878700,47145083600,3386.4832,3391.729,3360.4383,3390.3441
132020000,3366.5458,601700,6473600,3923480400,47151557200,3386.4832,3391.729,3360.4383,3390.3441
132026000,3366.3756,995400,12009500,3924475800,47163566700,3386.4832,3391.729,3360.4383,3390.3441
132031000,3366.6568,1002400,10791500,3925478200,47174358200,3386.4832,3391.729,3360.4383,3390.3441
132035000,3366.6475,845100,9089900,3926323300,47183448100,3386.4832,3391.729,3360.4383,3390.3441
132041000,3366.6743,1040000,12596500,3927363300,47196044600,3386.4832,3391.729,3360.4383,3390.3441
132046000,3366.5331,896300,10594000,3928259600,47206638600,3386.4832,3391.729,3360.4383,3390.3441
132051000,3366.43,1292400,12854000,3929552000,47219492600,3386.4832,3391.729,3360.4383,3390.3441
132056000,3366.9594,1013700,14903800,3930565700,47234396400,3386.4832,3391.729,3360.4383,3390.3441
132101000,3366.8951,558000,8356500,3931123700,47242752900,3386.4832,3391.729,3360.4383,3390.3441
132105000,3366.922,1090900,12199700,3932214600,47254952600,3386.4832,3391.729,3360.4383,3390.3441
132111000,3366.7237,914700,11087600,3933129300,47266040200,3386.4832,3391.729,3360.4383,3390.3441
132116000,3366.5729,891700,12995000,3934021000,47279035200,3386.4832,3391.729,3360.4383,3390.3441
132120000,3366.581,688500,8396600,3934709500,47287431800,3386.4832,3391.729,3360.4383,3390.3441
132126000,3366.1707,1169700,12860700,3935879200,47300292500,3386.4832,3391.729,3360.4383,3390.3441
132131000,3366.5331,666100,9025400,3936545300,47309317900,3386.4832,3391.729,3360.4383,3390.3441
132135000,3366.1216,1148800,11492700,3937694100,47320810600,3386.4832,3391.729,3360.4383,3390.3441
132141000,3366.0103,1424800,14738400,3939118900,47335549000,3386.4832,3391.729,3360.4383,3390.3441
132146000,3365.9869,1523000,16149400,3940641900,47351698400,3386.4832,3391.729,3360.4383,3390.3441
132151000,3365.9954,1131700,12932900,3941773600,47364631300,3386.4832,3391.729,3360.4383,3390.3441
132156000,3364.9866,1877400,22353500,3943651000,47386984800,3386.4832,3391.729,3360.4383,3390.3441
132201000,3364.2097,2553400,31227300,3946204400,47418212100,3386.4832,3391.729,3360.4383,3390.3441
132206000,3363.5914,2831000,30840300,3949035400,47449052400,3386.4832,3391.729,3360.4383,3390.3441
132211000,3363.996,2339400,24461100,3951374800,47473513500,3386.4832,3391.729,3360.4383,3390.3441
132216000,3363.9592,1566200,16156300,3952941000,47489669800,3386.4832,3391.729,3360.4383,3390.3441
132220000,3363.9552,1347000,19197400,3954288000,47508867200,3386.4832,3391.729,3360.4383,3390.3441
132226000,3363.6621,1177800,14866700,3955465800,47523733900,3386.4832,3391.729,3360.4383,3390.3441
132231000,3363.5698,1085600,10151800,3956551400,47533885700,3386.4832,3391.729,3360.4383,3390.3441
132236000,3363.944,772300,9599500,3957323700,47543485200,3386.4832,3391.729,3360.4383,3390.3441
132241000,3363.8619,984900,14061800,3958308600,47557547000,3386.4832,3391.729,3360.4383,3390.3441
132246000,3363.7213,1025900,13396200,3959334500,47570943200,3386.4832,3391.729,3360.4383,3390.3441
132252000,3363.5255,2260300,22315300,3961594800,47593258500,3386.4832,3391.729,3360.4383,3390.3441
132256000,3363.6285,681500,10403100,3962276300,47603661600,3386.4832,3391.729,3360.4383,3390.3441
132301000,3363.5233,1256000,13254300,3963532300,47616915900,3386.4832,3391.729,3360.4383,3390.3441
132307000,3363.3389,1549700,17905500,3965082000,47634821400,3386.4832,3391.729,3360.4383,3390.3441
132311000,3363.5069,1757300,17079500,3966839300,47651900900,3386.4832,3391.729,3360.4383,3390.3441
132317000,3363.4441,1306200,16626300,3968145500,47668527200,3386.4832,3391.729,3360.4383,3390.3441
132322000,3363.4435,1043700,17091500,3969189200,47685618700,3386.4832,3391.729,3360.4383,3390.3441
132326000,3363.3735,855400,12356700,3970044600,47697975400,3386.4832,3391.729,3360.4383,3390.3441
132332000,3363.2126,814000,14033000,3970858600,47712008400,3386.4832,3391.729,3360.4383,3390.3441
132337000,3363.398,1584600,20953300,3972443200,47732961700,3386.4832,3391.729,3360.4383,3390.3441
132341000,3363.1949,896900,13452400,3973340100,47746414100,3386.4832,3391.729,3360.4383,3390.3441
132347000,3362.9183,1714900,17839800,3975055000,47764253900,3386.4832,3391.729,3360.4383,3390.3441
132352000,3362.8657,955500,12129300,3976010500,47776383200,3386.4832,3391.729,3360.4383,3390.3441
132356000,3362.8028,772200,13176400,3976782700,47789559600,3386.4832,3391.729,3360.4383,3390.3441
132402000,3362.6081,1000800,12336700,3977783500,47801896300,3386.4832,3391.729,3360.4383,3390.3441
132407000,3362.7991,1253300,18268900,3979036800,47820165200,3386.4832,3391.729,3360.4383,3390.3441
132411000,3362.9681,745700,8707900,3979782500,47828873100,3386.4832,3391.729,3360.4383,3390.3441
132417000,3362.7421,1279600,16570300,3981062100,47845443400,3386.4832,3391.729,3360.4383,3390.3441
132422000,3362.4659,1498800,19155100,3982560900,47864598500,3386.4832,3391.729,3360.4383,3390.3441
132427000,3362.4557,657600,8413100,3983218500,47873011600,3386.4832,3391.729,3360.4383,3390.3441
132432000,3362.4365,1523900,19348200,3984742400,47892359800,3386.4832,3391.729,3360.4383,3390.3441
132437000,3362.2583,1298100,13436200,3986040500,47905796000,3386.4832,3391.729,3360.4383,3390.3441
132442000,3362.3974,782100,8054800,3986822600,47913850800,3386.4832,3391.729,3360.4383,3390.3441
132447000,3362.2574,1389400,17162900,3988212000,47931013700,3386.4832,3391.729,3360.4383,3390.3441
132452000,3362.34,1447200,16978700,3989659200,47947992400,3386.4832,3391.729,3360.4383,3390.3441
132456000,3362.3094,847100,12223700,3990506300,47960216100,3386.4832,3391.729,3360.4383,3390.3441
132502000,3362.4934,857500,11913000,3991363800,47972129100,3386.4832,3391.729,3360.4383,3390.3441
132507000,3362.3588,1105300,13883300,3992469100,47986012400,3386.4832,3391.729,3360.4383,3390.3441
132511000,3362.3772,992600,11868200,3993461700,47997880600,3386.4832,3391.729,3360.4383,3390.3441
132517000,3362.4738,1278600,15528500,3994740300,48013409100,3386.4832,3391.729,3360.4383,3390.3441
132522000,3362.3534,1490700,19738500,3996231000,48033147600,3386.4832,3391.729,3360.4383,3390.3441
132527000,3362.2693,887900,8658400,3997118900,48041806000,3386.4832,3391.729,3360.4383,3390.3441
132532000,3362.6011,1755200,16176200,3998874100,48057982200,3386.4832,3391.729,3360.4383,3390.3441
132537000,3361.8569,1432700,15883000,4000306800,48073865200,3386.4832,3391.729,3360.4383,3390.3441
132541000,3362.0238,664000,8300500,4000970800,48082165700,3386.4832,3391.729,3360.4383,3390.3441
132547000,3362.6641,1049400,15517300,4002020200,48097683000,3386.4832,3391.729,3360.4383,3390.3441
132552000,3362.4192,1245800,14317900,4003266000,48112000900,3386.4832,3391.729,3360.4383,3390.3441
132557000,3362.1706,965400,11732700,4004231400,48123733600,3386.4832,3391.729,3360.4383,3390.3441
132602000,3361.9143,1122900,15140900,4005354300,48138874500,3386.4832,3391.729,3360.4383,3390.3441
132607000,3362.1166,946600,13354000,4006300900,48152228500,3386.4832,3391.729,3360.4383,3390.3441
132611000,3362.3791,1067600,10675700,4007368500,48162904200,3386.4832,3391.729,3360.4383,3390.3441
132617000,3362.4006,1030400,14259300,4008398900,48177163500,3386.4832,3391.729,3360.4383,3390.3441
132623000,3362.042,1832700,20671200,4010231600,48197834700,3386.4832,3391.729,3360.4383,3390.3441
132628000,3361.9184,1238100,13695300,4011469700,48211530000,3386.4832,3391.729,3360.4383,3390.3441
132633000,3362.1898,942800,12172300,4012412500,48223702300,3386.4832,3391.729,3360.4383,3390.3441
132638000,3361.9555,1037200,11620900,4013449700,48235323200,3386.4832,3391.729,3360.4383,3390.3441
132643000,3361.8602,946800,17350200,4014396500,48252673400,3386.4832,3391.729,3360.4383,3390.3441
132647000,3361.7328,843700,12034600,4015240200,48264708000,3386.4832,3391.729,3360.4383,3390.3441
132653000,3362.0358,1197600,17775800,4016437800,48282483800,3386.4832,3391.729,3360.4383,3390.3441
132658000,3361.721,744700,10403500,4017182500,48292887300,3386.4832,3391.729,3360.4383,3390.3441
132702000,3361.9622,703500,11827300,4017886000,48304714600,3386.4832,3391.729,3360.4383,3390.3441
132708000,3361.8527,1344600,20646500,4019230600,48325361100,3386.4832,3391.729,3360.4383,3390.3441
132713000,3362.0337,2033500,32127800,4021264100,48357488900,3386.4832,3391.729,3360.4383,3390.3441
132718000,3361.9531,928400,11133500,4022192500,48368622400,3386.4832,3391.729,3360.4383,3390.3441
132723000,3361.8122,1373100,17831100,4023565600,48386453500,3386.4832,3391.729,3360.4383,3390.3441
132728000,3361.5797,1132300,14987500,4024697900,48401441000,3386.4832,3391.729,3360.4383,3390.3441
132732000,3361.2416,742600,11335600,4025440500,48412776600,3386.4832,3391.729,3360.4383,3390.3441
132738000,3361.467,1135100,15055800,4026575600,48427832400,3386.4832,3391.729,3360.4383,3390.3441
132743000,3361.3338,2393700,18206900,4028969300,48446039300,3386.4832,3391.729,3360.4383,3390.3441
132747000,3361.2006,868000,11282300,4029837300,48457321600,3386.4832,3391.729,3360.4383,3390.3441
132753000,3361.3083,1173900,17652200,4031011200,48474973800,3386.4832,3391.729,3360.4383,3390.3441
132758000,3361.0579,949100,12515200,4031960300,48487489000,3386.4832,3391.729,3360.4383,3390.3441
132802000,3361.2062,1054900,12934800,4033015200,48500423800,3386.4832,3391.729,3360.4383,3390.3441
132808000,3361.2976,1398900,16620800,4034414100,48517044600,3386.4832,3391.729,3360.4383,3390.3441
132813000,3361.3952,1289700,17532100,4035703800,48534576700,3386.4832,3391.729,3360.4383,3390.3441
132817000,3361.0151,1084300,13441400,4036788100,48548018100,3386.4832,3391.729,3360.4383,3390.3441
132823000,3361.2883,1583000,19084100,4038371100,48567102200,3386.4832,3391.729,3360.4383,3390.3441
132828000,3360.819,1153600,13595600,4039524700,48580697800,3386.4832,3391.729,3360.4383,3390.3441
132832000,3360.5022,1345500,18402700,4040870200,48599100500,3386.4832,3391.729,3360.4383,3390.3441
132838000,3360.4742,1838200,21697400,4042708400,48620797900,3386.4832,3391.729,3360.4259,3390.3441
132843000,3360.5199,1300200,15477800,4044008600,48636275700,3386.4832,3391.729,3360.3901,3390.3441
132847000,3360.3892,1161200,16957600,4045169800,48653233300,3386.4832,3391.729,3360.1649,3390.3441
132853000,3360.6449,1473800,17966800,4046643600,48671200100,3386.4832,3391.729,3360.1649,3390.3441
132858000,3360.0791,1594700,18370000,4048238300,48689570100,3386.4832,3391.729,3360.0791,3390.3441
132902000,3360.2907,1625700,22189700,4049864000,48711759800,3386.4832,3391.729,3359.9972,3390.3441
132908000,3359.3481,2713200,29308300,4052577200,48741068100,3386.4832,3391.729,3359.3481,3390.3441
132913000,3359.1301,2665900,35386800,4055243100,48776454900,3386.4832,3391.729,3358.9768,3390.3441
132918000,3359.1195,1481600,19899400,4056724700,48796354300,3386.4832,3391.729,3358.9768,3390.3441
132923000,3359.3627,2228400,27887000,4058953100,48824241300,3386.4832,3391.729,3358.9518,3390.3441
132928000,3358.9627,2255300,26115200,4061208400,48850356500,3386.4832,3391.729,3358.9518,3390.3441
132932000,3358.8706,1402700,18870600,4062611100,48869227100,3386.4832,3391.729,3358.7539,3390.3441
132938000,3358.8887,2093500,28268400,4064704600,48897495500,3386.4832,3391.729,3358.6977,3390.3441
132943000,3358.8089,1430400,19800900,4066135000,48917296400,3386.4832,3391.729,3358.6977,3390.3441
132948000,3358.6145,2449000,30175500,4068584000,48947471900,3386.4832,3391.729,3358.6145,3390.3441
132953000,3358.469,1709600,22920200,4070293600,48970392100,3386.4832,3391.729,3358.469,3390.3441
132959000,3358.4304,3099900,35220500,4073393500,49005612600,3386.4832,3391.729,3358.3239,3390.3441
133004000,3358.0821,2278500,26800200,4075672000,49032412800,3386.4832,3391.729,3358.0821,3390.3441
133009000,3358.2221,4416700,42055200,4080088700,49074468000,3386.4832,3391.729,3358.0821,3390.3441
133014000,3358.1344,5357900,43201200,4085446600,49117669200,3386.4832,3391.729,3357.784,3390.3441
133019000,3358.325,2593000,29310900,4088039600,49146980100,3386.4832,3391.729,3357.784,3390.3441
133023000,3358.1536,2007400,23127700,4090047000,49170107800,3386.4832,3391.729,3357.784,3390.3441
133029000,3357.7443,2486500,30509400,4092533500,49200617200,3386.4832,3391.729,3357.7443,3390.3441
133034000,3358.0589,1788900,21772100,4094322400,49222389300,3386.4832,3391.729,3357.7443,3390.3441
133039000,3357.701,1314900,19067700,4095637300,49241457000,3386.4832,3391.729,3357.701,3390.3441
133044000,3358.2754,1818800,22654200,4097456100,49264111200,3386.4832,3391.729,3357.701,3390.3441
133049000,3358.0963,1690800,21023700,4099146900,49285134900,3386.4832,3391.729,3357.701,3390.3441
133053000,3357.7574,1270400,23421500,4100417300,49308556400,3386.4832,3391.729,3357.701,3390.3441
133059000,3357.911,1868400,32798200,4102285700,49341354600,3386.4832,3391.729,3357.701,3390.3441
133104000,3357.7897,1622300,28267200,4103908000,49369621800,3386.4832,3391.729,3357.6504,3390.3441
133109000,3358.2478,1307300,17331300,4105215300,49386953100,3386.4832,3391.729,3357.6504,3390.3441
133114000,3358.1837,2827100,30202300,4108042400,49417155400,3386.4832,3391.729,3357.6504,3390.3441
133119000,3358.0051,1858600,24102900,4109901000,49441258300,3386.4832,3391.729,3357.6504,3390.3441
133124000,3358.028,1771200,22633600,4111672200,49463891900,3386.4832,3391.729,3357.6504,3390.3441
133129000,3357.4127,1430800,15945500,4113103000,49479837400,3386.4832,3391.729,3357.4127,3390.3441
133134000,3357.7063,2072800,33102200,4115175800,49512939600,3386.4832,3391.729,3357.4114,3390.3441
133139000,3358.02,1835400,22518400,4117011200,49535458000,3386.4832,3391.729,3357.4114,3390.3441
133144000,3357.9614,2156500,25524700,4119167700,49560982700,3386.4832,3391.729,3357.4114,3390.3441
133149000,3357.9343,1147200,15618900,4120314900,49576601600,3386.4832,3391.729,3357.4114,3390.3441
133153000,3357.7396,1856100,18645000,4122171000,49595246600,3386.4832,3391.729,3357.4114,3390.3441
133159000,3357.9257,2173100,25908800,4124344100,49621155400,3386.4832,3391.729,3357.4114,3390.3441
133204000,3357.9768,1520600,21782000,4125864700,49642937400,3386.4832,3391.729,3357.4114,3390.3441
133209000,3358.0287,1246000,17651700,4127110700,49660589100,3386.4832,3391.729,3357.4114,3390.3441
133214000,3358.2402,1408800,19213600,4128519500,49679802700,3386.4832,3391.729,3357.4114,3390.3441
133219000,3358.0854,1835000,26031100,4130354500,49705833800,3386.4832,3391.729,3357.4114,3390.3441
133223000,3358.2679,1204400,17181400,4131558900,49723015200,3386.4832,3391.729,3357.4114,3390.3441
133229000,3358.2015,1396600,21495900,4132955500,49744511100,3386.4832,3391.729,3357.4114,3390.3441
133234000,3358.1503,3291700,36307800,4136247200,49780818900,3386.4832,3391.729,3357.4114,3390.3441
133238000,3358.0919,1055200,14366800,4137302400,49795185700,3386.4832,3391.729,3357.4114,3390.3441
133244000,3357.8882,1663400,20742500,4138965800,49815928200,3386.4832,3391.729,3357.4114,3390.3441
133249000,3358.2262,1195500,15519500,4140161300,49831447700,3386.4832,3391.729,3357.4114,3390.3441
133254000,3358.0772,1016700,12321300,4141178000,49843769000,3386.4832,3391.729,3357.4114,3390.3441
133259000,3357.6861,1440500,19886700,4142618500,49863655700,3386.4832,3391.729,3357.4114,3390.3441
133304000,3358.0005,1218600,15635700,4143837100,49879291400,3386.4832,3391.729,3357.4114,3390.3441
133309000,3358.0957,2197000,19602700,4146034100,49898894100,3386.4832,3391.729,3357.4114,3390.3441
133314000,3358.4223,2003000,20818500,4148037100,49919712600,3386.4832,3391.729,3357.4114,3390.3441
133319000,3358.3132,1327100,18753800,4149364200,49938466400,3386.4832,3391.729,3357.4114,3390.3441
133324000,3358.597,1323300,13102900,4150687500,49951569300,3386.4832,3391.729,3357.4114,3390.3441
133330000,3358.2559,2151800,26263200,4152839300,49977832500,3386.4832,3391.729,3357.4114,3390.3441
133335000,3358.1398,1419300,17444000,4154258600,49995276500,3386.4832,3391.729,3357.4114,3390.3441
133340000,3357.7705,1188800,17844900,4155447400,50013121400,3386.4832,3391.729,3357.4114,3390.3441
133344000,3358.2202,2000600,17406000,4157448000,50030527400,3386.4832,3391.729,3357.4114,3390.3441
133350000,3358.6245,2864600,26443200,4160312600,50056970600,3386.4832,3391.729,3357.4114,3390.3441
133355000,3358.6944,1185700,16446200,4161498300,50073416800,3386.4832,3391.729,3357.4114,3390.3441
133359000,3358.8347,1230500,14117300,4162728800,50087534100,3386.4832,3391.729,3357.4114,3390.3441
133405000,3359.5169,3226000,36693200,4165954800,50124227300,3386.4832,3391.729,3357.4114,3390.3441
133410000,3359.6663,2110400,26966500,4168065200,50151193800,3386.4832,3391.729,3357.4114,3390.3441
133415000,3360.5779,2652100,25905100,4170717300,50177098900,3386.4832,3391.729,3357.4114,3390.3441
133420000,3360.6694,1813000,24616600,4172530300,50201715500,3386.4832,3391.729,3357.4114,3390.3441
133425000,3361.0979,1609500,19386700,4174139800,50221102200,3386.4832,3391.729,3357.4114,3390.3441
133429000,3361.0748,1389900,16880800,4175529700,50237983000,3386.4832,3391.729,3357.4114,3390.3441
133435000,3360.7885,1431700,17502100,4176961400,50255485100,3386.4832,3391.729,3357.4114,3390.3441
133440000,3360.6569,1736000,21977400,4178697400,50277462500,3386.4832,3391.729,3357.4114,3390.3441
133444000,3361.0992,927300,10838300,4179624700,50288300800,3386.4832,3391.729,3357.4114,3390.3441
133450000,3361.4429,1942400,19890700,4181567100,50308191500,3386.4832,3391.729,3357.4114,3390.3441
133455000,3361.8163,2889800,24052700,4184456900,50332244200,3386.4832,3391.729,3357.4114,3390.3441
133500000,3361.9705,1241800,16510400,4185698700,50348754600,3386.4832,3391.729,3357.4114,3390.3441
133505000,3362.0368,1959300,21587000,4187658000,50370341600,3386.4832,3391.729,3357.4114,3390.3441
133510000,3362.267,1526700,20463300,4189184700,50390804900,3386.4832,3391.729,3357.4114,3390.3441
133515000,3362.3935,1411900,18068100,4190596600,50408873000,3386.4832,3391.729,3357.4114,3390.3441
133520000,3362.2247,1323000,17654600,4191919600,50426527600,3386.4832,3391.729,3357.4114,3390.3441
133525000,3362.2238,1043100,13302800,4192962700,50439830400,3386.4832,3391.729,3357.4114,3390.3441
133530000,3362.3613,971400,10788200,4193934100,50450618600,3386.4832,3391.729,3357.4114,3390.3441
133535000,3362.5506,1414100,13476600,4195348200,50464095200,3386.4832,3391.729,3357.4114,3390.3441
133540000,3362.5251,1241700,18099100,4196589900,50482194300,3386.4832,3391.729,3357.4114,3390.3441
133545000,3362.6035,1130900,13409100,4197720800,50495603400,3386.4832,3391.729,3357.4114,3390.3441
133550000,3362.6637,1407300,18426000,4199128100,50514029400,3386.4832,3391.729,3357.4114,3390.3441
133555000,3362.6947,937200,12725600,4200065300,50526755000,3386.4832,3391.729,3357.4114,3390.3441
133559000,3362.4036,752700,9894700,4200818000,50536649700,3386.4832,3391.729,3357.4114,3390.3441
133605000,3362.0709,1462600,15140600,4202280600,50551790300,3386.4832,3391.729,3357.4114,3390.3441
133610000,3362.2553,1427500,14734900,4203708100,50566525200,3386.4832,3391.729,3357.4114,3390.3441
133614000,3362.3947,977700,12361100,4204685800,50578886300,3386.4832,3391.729,3357.4114,3390.3441
133620000,3362.241,1441900,17978100,4206127700,50596864400,3386.4832,3391.729,3357.4114,3390.3441
133625000,3362.0342,1761200,17293000,4207888900,50614157400,3386.4832,3391.729,3357.4114,3390.3441
133630000,3361.9382,999100,13719600,4208888000,50627877000,3386.4832,3391.729,3357.4114,3390.3441
133635000,3361.8643,1712200,21391500,4210600200,50649268500,3386.4832,3391.729,3357.4114,3390.3441
133640000,3361.6913,1065600,13769700,4211665800,50663038200,3386.4832,3391.729,3357.4114,3390.3441
133645000,3362.0255,1434500,11822400,4213100300,50674860600,3386.4832,3391.729,3357.4114,3390.3441
133650000,3361.7379,1132100,12731000,4214232400,50687591600,3386.4832,3391.729,3357.4114,3390.3441
133655000,3361.7935,1252500,16178000,4215484900,50703769600,3386.4832,3391.729,3357.4114,3390.3441
133700000,3361.7395,1108100,14003200,4216593000,50717772800,3386.4832,3391.729,3357.4114,3390.3441
133705000,3361.7005,1788500,20871900,4218381500,50738644700,3386.4832,3391.729,3357.4114,3390.3441
133710000,3361.5433,1269400,13846800,4219650900,50752491500,3386.4832,3391.729,3357.4114,3390.3441
133715000,3361.8726,1097800,14363700,4220748700,50766855200,3386.4832,3391.729,3357.4114,3390.3441
133721000,3361.9999,2597900,22607700,4223346600,50789462900,3386.4832,3391.729,3357.4114,3390.3441
133726000,3361.5474,1112900,14991400,4224459500,50804454300,3386.4832,3391.729,3357.4114,3390.3441
133731000,3361.6349,1108100,14297200,4225567600,50818751500,3386.4832,3391.729,3357.4114,3390.3441
133736000,3361.5679,997400,11826600,4226565000,50830578100,3386.4832,3391.729,3357.4114,3390.3441
133741000,3361.7358,1191200,15384500,4227756200,50845962600,3386.4832,3391.729,3357.4114,3390.3441
133746000,3361.4747,885700,11710800,4228641900,50857673400,3386.4832,3391.729,3357.4114,3390.3441
133751000,3361.5737,885300,10393500,4229527200,50868066900,3386.4832,3391.729,3357.4114,3390.3441
133756000,3361.7391,1074200,14369100,4230601400,50882436000,3386.4832,3391.729,3357.4114,3390.3441
133801000,3361.6211,856600,9347600,4231458000,50891783600,3386.4832,3391.729,3357.4114,3390.3441
133806000,3361.5957,1062600,11716100,4232520600,50903499700,3386.4832,3391.729,3357.4114,3390.3441
133811000,3361.3916,874500,12659500,4233395100,50916159200,3386.4832,3391.729,3357.4114,3390.3441
133816000,3361.8382,996100,11165200,4234391200,50927324400,3386.4832,3391.729,3357.4114,3390.3441
133821000,3361.6604,982800,8596300,4235374000,50935920700,3386.4832,3391.729,3357.4114,3390.3441
133826000,3361.6798,1372000,16546100,4236746000,50952466800,3386.4832,3391.729,3357.4114,3390.3441
133831000,3361.4571,1198200,13571700,4237944200,50966038500,3386.4832,3391.729,3357.4114,3390.3441
133836000,3361.4049,950600,11226900,4238894800,50977265400,3386.4832,3391.729,3357.4114,3390.3441
133841000,3361.71,1471600,20286300,4240366400,50997551700,3386.4832,3391.729,3357.4114,3390.3441
133846000,3361.4503,1045800,12413500,4241412200,51009965200,3386.4832,3391.729,3357.4114,3390.3441
133851000,3361.7297,974400,10901100,4242386600,51020866300,3386.4832,3391.729,3357.4114,3390.3441
133856000,3361.5376,1289100,16131900,4243675700,51036998200,3386.4832,3391.729,3357.4114,3390.3441
133901000,3361.8165,1326900,15788400,4245002600,51052786600,3386.4832,3391.729,3357.4114,3390.3441
133906000,3361.9421,877500,11902900,4245880100,51064689500,3386.4832,3391.729,3357.4114,3390.3441
133911000,3361.7028,1316400,17878800,4247196500,51082568300,3386.4832,3391.729,3357.4114,3390.3441
133916000,3361.6828,905500,13728100,4248102000,51096296400,3386.4832,3391.729,3357.4114,3390.3441
133920000,3361.8005,893900,10056000,4248995900,51106352400,3386.4832,3391.729,3357.4114,3390.3441
133926000,3361.7751,1252500,15792300,4250248400,51122144700,3386.4832,3391.729,3357.4114,3390.3441
133931000,3361.7304,1258700,19364400,4251507100,51141509100,3386.4832,3391.729,3357.4114,3390.3441
133936000,3361.4204,1023900,13630700,4252531000,51155139800,3386.4832,3391.729,3357.4114,3390.3441
133941000,3361.3093,931900,10922100,4253462900,51166061900,3386.4832,3391.729,3357.4114,3390.3441
133946000,3361.4534,1157500,15836900,4254620400,51181898800,3386.4832,3391.729,3357.4114,3390.3441
133951000,3361.3225,1335700,17564000,4255956100,51199462800,3386.4832,3391.729,3357.4114,3390.3441
133956000,3361.2578,2030300,32376300,4257986400,51231839100,3386.4832,3391.729,3357.4114,3390.3441
134001000,3361.2269,1062400,14805400,4259048800,51246644500,3386.4832,3391.729,3357.4114,3390.3441
134006000,3360.6118,1286600,16711400,4260335400,51263355900,3386.4832,3391.729,3357.4114,3390.3441
134011000,3360.5431,1560500,19792800,4261895900,51283148700,3386.4832,3391.729,3357.4114,3390.3441
134016000,3360.7934,909400,11458400,4262805300,51294607100,3386.4832,3391.729,3357.4114,3390.3441
134020000,3360.7131,1029000,11701900,4263834300,51306309000,3386.4832,3391.729,3357.4114,3390.3441
134026000,3360.3704,1433800,17228100,4265268100,51323537100,3386.4832,3391.729,3357.4114,3390.3441
134031000,3360.4392,1436700,19507900,4266704800,51343045000,3386.4832,3391.729,3357.4114,3390.3441
134036000,3360.1919,841500,10876800,4267546300,51353921800,3386.4832,3391.729,3357.4114,3390.3441
134041000,3359.9652,1939500,24177400,4269485800,51378099200,3386.4832,3391.729,3357.4114,3390.3441
134047000,3359.7005,2762900,25024600,4272248700,51403123800,3386.4832,3391.729,3357.4114,3390.3441
134052000,3359.9281,1553300,15756000,4273802000,51418879800,3386.4832,3391.729,3357.4114,3390.3441
134057000,3359.5869,1165100,23480000,4274967100,51442359800,3386.4832,3391.729,3357.4114,3390.3441
134102000,3359.3509,1654500,20990800,4276621600,51463350600,3386.4832,3391.729,3357.4114,3390.3441
134107000,3359.3868,2012700,24609600,4278634300,51487960200,3386.4832,3391.729,3357.4114,3390.3441
134112000,3359.2938,2105600,20645900,4280739900,51508606100,3386.4832,3391.729,3357.4114,3390.3441
134117000,3359.4385,2210400,22218500,4282950300,51530824600,3386.4832,3391.729,3357.4114,3390.3441
134122000,3359.0391,1297400,17068800,4284247700,51547893400,3386.4832,3391.729,3357.4114,3390.3441
134127000,3359.2737,888200,10316800,4285135900,51558210200,3386.4832,3391.729,3357.4114,3390.3441
134132000,3359.2303,1275100,21217100,4286411000,51579427300,3386.4832,3391.729,3357.4114,3390.3441
134137000,3358.8694,1288400,14585700,4287699400,51594013000,3386.4832,3391.729,3357.4114,3390.3441
134141000,3358.9844,879900,14299800,4288579300,51608312800,3386.4832,3391.729,3357.4114,3390.3441
134147000,3358.9132,1370600,18460200,4289949900,51626773000,3386.4832,3391.729,3357.4114,3390.3441
134152000,3358.9642,1805400,29964800,4291755300,51656737800,3386.4832,3391.729,3357.4114,3390.3441
134156000,3358.7704,999800,11994700,4292755100,51668732500,3386.4832,3391.729,3357.4114,3390.3441
134202000,3358.9415,1385000,24149800,4294140100,51692882300,3386.4832,3391.729,3357.4114,3390.3441
134207000,3358.8129,1678900,26849300,4295819000,51719731600,3386.4832,3391.729,3357.4114,3390.3441
134212000,3358.5233,1221500,15267500,4297040500,51734999100,3386.4832,3391.729,3357.4114,3390.3441
134217000,3358.9147,1606600,27445500,4298647100,51762444600,3386.4832,3391.729,3357.4114,3390.3441
134222000,3358.7058,1358000,25019500,4300005100,51787464100,3386.4832,3391.729,3357.4114,3390.3441
134227000,3358.8283,818000,15107100,4300823100,51802571200,3386.4832,3391.729,3357.4114,3390.3441
134232000,3358.6833,1475200,23831600,4302298300,51826402800,3386.4832,3391.729,3357.4114,3390.3441
134237000,3358.3973,2196100,28490200,4304494400,51854893000,3386.4832,3391.729,3357.4114,3390.3441
134242000,3358.5119,1509400,27500100,4306003800,51882393100,3386.4832,3391.729,3357.4114,3390.3441
134247000,3358.5076,1434600,21343600,4307438400,51903736700,3386.4832,3391.729,3357.4114,3390.3441
134252000,3358.4019,2162800,24605200,4309601200,51928341900,3386.4832,3391.729,3357.4114,3390.3441
134257000,3358.5053,794200,10781400,4310395400,51939123300,3386.4832,3391.729,3357.4114,3390.3441
134302000,3358.3259,1333600,21745800,4311729000,51960869100,3386.4832,3391.729,3357.4114,3390.3441
134307000,3358.1194,1439900,19101200,4313168900,51979970300,3386.4832,3391.729,3357.4114,3390.3441
134312000,3358.2816,808600,11888500,4313977500,51991858800,3386.4832,3391.729,3357.4114,3390.3441
134317000,3358.0987,1923500,26589200,4315901000,52018448000,3386.4832,3391.729,3357.4114,3390.3441
134322000,3358.0529,1596800,17761800,4317497800,52036209800,3386.4832,3391.729,3357.4114,3390.3441
134327000,3358.0655,931400,12890400,4318429200,52049100200,3386.4832,3391.729,3357.4114,3390.3441
134332000,3357.9387,1790000,18871100,4320219200,52067971300,3386.4832,3391.729,3357.4114,3390.3441
134337000,3357.9767,1179500,20171800,4321398700,52088143100,3386.4832,3391.729,3357.4114,3390.3441
134341000,3357.9192,1310400,15934000,4322709100,52104077100,3386.4832,3391.729,3357.4114,3390.3441
134347000,3357.9294,858000,13461700,4323567100,52117538800,3386.4832,3391.729,3357.4114,3390.3441
134352000,3358.0829,1140000,18315200,4324707100,52135854000,3386.4832,3391.729,3357.4114,3390.3441
134357000,3357.906,1152900,13735400,4325860000,52149589400,3386.4832,3391.729,3357.4114,3390.3441
134402000,3357.8896,1565100,20379700,4327425100,52169969100,3386.4832,3391.729,3357.4114,3390.3441
134407000,3358.208,1277000,24167500,4328702100,52194136600,3386.4832,3391.729,3357.4114,3390.3441
134413000,3357.9006,2516300,27286300,4331218400,52221422900,3386.4832,3391.729,3357.4114,3390.3441
134418000,3357.9822,962000,14160000,4332180400,52235582900,3386.4832,3391.729,3357.4114,3390.3441
134423000,3358.3383,1500900,25327000,4333681300,52260909900,3386.4832,3391.729,3357.4114,3390.3441
134428000,3358.2034,1478100,18069600,4335159400,52278979500,3386.4832,3391.729,3357.4114,3390.3441
134432000,3358.1377,1097900,14310600,4336257300,52293290100,3386.4832,3391.729,3357.4114,3390.3441
134438000,3358.1824,1294800,18034800,4337552100,52311324900,3386.4832,3391.729,3357.4114,3390.3441
134443000,3358.3313,964900,11284500,4338517000,52322609400,3386.4832,3391.729,3357.4114,3390.3441
134448000,3358.36,912800,11598500,4339429800,52334207900,3386.4832,3391.729,3357.4114,3390.3441
134453000,3358.2311,976700,12719400,4340406500,52346927300,3386.4832,3391.729,3357.4114,3390.3441
134458000,3358.2105,736400,10905400,4341142900,52357832700,3386.4832,3391.729,3357.4114,3390.3441
134503000,3358.2771,872100,12259200,4342015000,52370091900,3386.4832,3391.729,3357.4114,3390.3441
134508000,3358.45,1337100,16586500,4343352100,52386678400,3386.4832,3391.729,3357.4114,3390.3441
134513000,3358.2093,1333500,15335600,4344685600,52402014000,3386.4832,3391.729,3357.4114,3390.3441
134518000,3358.6837,1026700,13469300,4345712300,52415483300,3386.4832,3391.729,3357.4114,3390.3441
134523000,3358.9168,1390300,17609300,4347102600,52433092600,3386.4832,3391.729,3357.4114,3390.3441
134528000,3358.6468,1507700,16358200,4348610300,52449450800,3386.4832,3391.729,3357.4114,3390.3441
134533000,3358.5133,1121400,15208300,4349731700,52464659100,3386.4832,3391.729,3357.4114,3390.3441
134538000,3358.8979,2224900,26080300,4351956600,52490739400,3386.4832,3391.729,3357.4114,3390.3441
134543000,3359.0241,1427700,17921800,4353384300,52508661200,3386.4832,3391.729,3357.4114,3390.3441
134548000,3358.8498,1376300,12408300,4354760600,52521069500,3386.4832,3391.729,3357.4114,3390.3441
134553000,3359.1839,1620500,19674600,4356381100,52540744100,3386.4832,3391.729,3357.4114,3390.3441
134558000,3359.3024,1201500,16846600,4357582600,52557590700,3386.4832,3391.729,3357.4114,3390.3441
134603000,3359.0829,1026100,14800200,4358608700,52572390900,3386.4832,3391.729,3357.4114,3390.3441
134608000,3359.5007,1084600,15351600,4359693300,52587742500,3386.4832,3391.729,3357.4114,3390.3441
134613000,3359.8174,1512100,18323400,4361205400,52606065900,3386.4832,3391.729,3357.4114,3390.3441
134618000,3359.615,1245400,16721100,4362450800,52622787000,3386.4832,3391.729,3357.4114,3390.3441
134623000,3359.7377,1845600,27108300,4364296400,52649895300,3386.4832,3391.729,3357.4114,3390.3441
134628000,3359.6437,1882000,20866500,4366178400,52670761800,3386.4832,3391.729,3357.4114,3390.3441
134633000,3359.8029,1152200,15476900,4367330600,52686238700,3386.4832,3391.729,3357.4114,3390.3441
134638000,3359.5274,1299100,15104600,4368629700,52701343300,3386.4832,3391.729,3357.4114,3390.3441
134643000,3359.9801,1554400,19384800,4370184100,52720728100,3386.4832,3391.729,3357.4114,3390.3441
134648000,3359.7952,986200,12124200,4371170300,52732852300,3386.4832,3391.729,3357.4114,3390.3441
134653000,3360.0935,1544900,20803700,4372715200,52753656000,3386.4832,3391.729,3357.4114,3390.3441
134658000,3360.1889,1676000,19533700,4374391200,52773189700,3386.4832,3391.729,3357.4114,3390.3441
134703000,3360.2341,1938800,17980200,4376330000,52791169900,3386.4832,3391.729,3357.4114,3390.3441
134708000,3360.3014,1839000,23810400,4378169000,52814980300,3386.4832,3391.729,3357.4114,3390.3441
134713000,3360.439,1697500,22000500,4379866500,52836980800,3386.4832,3391.729,3357.4114,3390.3441
134718000,3360.5684,1390700,16794700,4381257200,52853775500,3386.4832,3391.729,3357.4114,3390.3441
134723000,3360.9071,2833900,27906400,4384091100,52881681900,3386.4832,3391.729,3357.4114,3390.3441
134728000,3360.9735,1485800,16929600,4385576900,52898611500,3386.4832,3391.729,3357.4114,3390.3441
134733000,3360.8579,1624600,14726700,4387201500,52913338200,3386.4832,3391.729,3357.4114,3390.3441
134738000,3360.6884,1479900,19445800,4388681400,52932784000,3386.4832,3391.729,3357.4114,3390.3441
134744000,3360.5733,1269600,18449400,4389951000,52951233400,3386.4832,3391.729,3357.4114,3390.3441
134749000,3360.7521,1134200,13953800,4391085200,52965187200,3386.4832,3391.729,3357.4114,3390.3441
134754000,3360.8958,1994500,15800900,4393079700,52980988100,3386.4832,3391.729,3357.4114,3390.3441
134759000,3360.8844,1307100,15133900,4394386800,52996122000,3386.4832,3391.729,3357.4114,3390.3441
134804000,3360.9247,1705000,17311300,4396091800,53013433300,3386.4832,3391.729,3357.4114,3390.3441
134809000,3361.3353,1368200,15460000,4397460000,53028893300,3386.4832,3391.729,3357.4114,3390.3441
134814000,3361.4758,1537200,20426000,4398997200,53049319300,3386.4832,3391.729,3357.4114,3390.3441
134819000,3361.4685,3008000,18742500,4402005200,53068061800,3386.4832,3391.729,3357.4114,3390.3441
134824000,3361.3973,1037900,14285300,4403043100,53082347100,3386.4832,3391.729,3357.4114,3390.3441
134829000,3361.6315,1312600,18121200,4404355700,53100468300,3386.4832,3391.729,3357.4114,3390.3441
134834000,3361.5199,1104200,12725400,4405459900,53113193700,3386.4832,3391.729,3357.4114,3390.3441
134838000,3360.9699,1102300,13796800,4406562200,53126990500,3386.4832,3391.729,3357.4114,3390.3441
134844000,3361.8795,1200700,16583100,4407762900,53143573600,3386.4832,3391.729,3357.4114,3390.3441
134849000,3361.3525,1742100,16177400,4409505000,53159751000,3386.4832,3391.729,3357.4114,3390.3441
134854000,3361.4833,842200,9842000,4410347200,53169593000,3386.4832,3391.729,3357.4114,3390.3441
134859000,3361.6826,1313200,14957600,4411660400,53184550600,3386.4832,3391.729,3357.4114,3390.3441
134904000,3361.5799,1390000,15597700,4413050400,53200148300,3386.4832,3391.729,3357.4114,3390.3441
134909000,3361.8874,1339600,16208500,4414390000,53216356800,3386.4832,3391.729,3357.4114,3390.3441
134914000,3361.6991,989300,12619200,4415379300,53228976000,3386.4832,3391.729,3357.4114,3390.3441
134919000,3361.8396,1038100,11603900,4416417400,53240579900,3386.4832,3391.729,3357.4114,3390.3441
134924000,3361.9406,1213800,14350100,4417631200,53254930000,3386.4832,3391.729,3357.4114,3390.3441
134929000,3361.5917,1239000,14218400,4418870200,53269148400,3386.4832,3391.729,3357.4114,3390.3441
134934000,3361.4649,1956900,19172200,4420827100,53288320600,3386.4832,3391.729,3357.4114,3390.3441
134939000,3361.547,1823700,15675600,4422650800,53303996200,3386.4832,3391.729,3357.4114,3390.3441
134944000,3361.4562,1718500,21279500,4424369300,53325275700,3386.4832,3391.729,3357.4114,3390.3441
134949000,3361.7753,1147100,14723100,4425516400,53339998800,3386.4832,3391.729,3357.4114,3390.3441
134954000,3361.4945,1047000,12074600,4426563400,53352073400,3386.4832,3391.729,3357.4114,3390.3441
134959000,3361.5882,2226400,25495500,4428789800,53377568900,3386.4832,3391.729,3357.4114,3390.3441
135004000,3361.5474,2698000,23256100,4431487800,53400825000,3386.4832,3391.729,3357.4114,3390.3441
135009000,3361.3107,1073300,12920900,4432561100,53413745900,3386.4832,3391.729,3357.4114,3390.3441
135014000,3361.4717,1519000,15785100,4434080100,53429531000,3386.4832,3391.729,3357.4114,3390.3441
135019000,3362.0437,1778700,15480500,4435858800,53445011500,3386.4832,3391.729,3357.4114,3390.3441
135024000,3361.5901,1091500,13940700,4436950300,53458952200,3386.4832,3391.729,3357.4114,3390.3441
135029000,3361.6301,1777000,17568200,4438727300,53476520400,3386.4832,3391.729,3357.4114,3390.3441
135034000,3361.5758,1497100,17323300,4440224400,53493843700,3386.4832,3391.729,3357.4114,3390.3441
135039000,3361.4176,2632000,16475900,4442856400,53510319600,3386.4832,3391.729,3357.4114,3390.3441
135044000,3361.61,3569400,21486100,4446425800,53531805700,3386.4832,3391.729,3357.4114,3390.3441
135049000,3361.9607,4148700,20460200,4450574500,53552265900,3386.4832,3391.729,3357.4114,3390.3441
135054000,3361.8251,4543500,17860900,4455118000,53570126800,3386.4832,3391.729,3357.4114,3390.3441
135059000,3361.7523,5846800,27409500,4460964800,53597536300,3386.4832,3391.729,3357.4114,3390.3441
135104000,3362.5199,3128200,32216100,4464093000,53629752400,3386.4832,3391.729,3357.4114,3390.3441
135108000,3363.5043,1803900,21643400,4465896900,53651395800,3386.4832,3391.729,3357.4114,3390.3441
135114000,3363.3533,3730600,34981900,4469627500,53686377700,3386.4832,3391.729,3357.4114,3390.3441
135119000,3363.5558,3867100,23875300,4473494600,53710253000,3386.4832,3391.729,3357.4114,3390.3441
135124000,3364.2168,1701800,16715600,4475196400,53726968600,3386.4832,3391.729,3357.4114,3390.3441
135129000,3364.4871,2612700,30210000,4477809100,53757178600,3386.4832,3391.729,3357.4114,3390.3441
135135000,3364.4595,3142600,33556800,4480951700,53790735400,3386.4832,3391.729,3357.4114,3390.3441
135140000,3365.0882,3147300,42245400,4484099000,53832980800,3386.4832,3391.729,3357.4114,3390.3441
135145000,3366.1985,3433200,36771400,4487532200,53869752200,3386.4832,3391.729,3357.4114,3390.3441
135150000,3366.8307,6306700,56486800,4493838900,53926239000,3386.4832,3391.729,3357.4114,3390.3441
135155000,3368.2454,8023400,61804300,4501862300,53988043300,3386.4832,3391.729,3357.4114,3390.3441
135200000,3368.5013,3577000,44198400,4505439300,54032241700,3386.4832,3391.729,3357.4114,3390.3441
135205000,3369.4476,4090400,43720600,4509529700,54075962300,3386.4832,3391.729,3357.4114,3390.3441
135210000,3369.0016,3572500,34867500,4513102200,54110829800,3386.4832,3391.729,3357.4114,3390.3441
135215000,3370.0069,2287400,24907600,4515389600,54135737400,3386.4832,3391.729,3357.4114,3390.3441
135220000,3369.9344,3046000,42972300,4518435600,54178709700,3386.4832,3391.729,3357.4114,3390.3441
135225000,3370.0763,3326600,34643100,4521762200,54213352800,3386.4832,3391.729,3357.4114,3390.3441
135230000,3369.5737,1586100,20966000,4523348300,54234318800,3386.4832,3391.729,3357.4114,3390.3441
135235000,3370.0063,3553400,33835000,4526901700,54268153800,3386.4832,3391.729,3357.4114,3390.3441
135240000,3369.5228,4605200,28028800,4531506900,54296182600,3386.4832,3391.729,3357.4114,3390.3441
135245000,3369.6478,1863300,21930000,4533370200,54318112600,3386.4832,3391.729,3357.4114,3390.3441
135250000,3369.4546,2529200,30953900,4535899400,54349066500,3386.4832,3391.729,3357.4114,3390.3441
135255000,3369.7074,3272400,28480200,4539171800,54377546700,3386.4832,3391.729,3357.4114,3390.3441
135300000,3369.3738,2359300,20632400,4541531100,54398179100,3386.4832,3391.729,3357.4114,3390.3441
135305000,3369.9048,4466800,29188700,4545997900,54427367800,3386.4832,3391.729,3357.4114,3390.3441
135310000,3369.6143,2542600,24229500,4548540500,54451597300,3386.4832,3391.729,3357.4114,3390.3441
135315000,3369.9595,1691900,18442600,4550232400,54470039900,3386.4832,3391.729,3357.4114,3390.3441
135320000,3369.822,1897300,20917700,4552129700,54490957600,3386.4832,3391.729,3357.4114,3390.3441
135325000,3369.8897,2944300,23318600,4555074000,54514276200,3386.4832,3391.729,3357.4114,3390.3441
135330000,3370.034,2472600,19779300,4557546600,54534055500,3386.4832,3391.729,3357.4114,3390.3441
135335000,3369.7447,4345300,29134000,4561891900,54563189500,3386.4832,3391.729,3357.4114,3390.3441
135340000,3369.4923,1631800,17967600,4563523700,54581157100,3386.4832,3391.729,3357.4114,3390.3441
135345000,3369.5111,1771500,15084900,4565295200,54596242000,3386.4832,3391.729,3357.4114,3390.3441
135350000,3369.5188,1537100,18677100,4566832300,54614919100,3386.4832,3391.729,3357.4114,3390.3441
135355000,3369.6964,1482800,16825400,4568315100,54631744500,3386.4832,3391.729,3357.4114,3390.3441
135400000,3369.6446,1145000,13754400,4569460100,54645498900,3386.4832,3391.729,3357.4114,3390.3441
135405000,3369.2146,1678700,19426800,4571138800,54664925700,3386.4832,3391.729,3357.4114,3390.3441
135410000,3369.5491,1072500,13541200,4572211300,54678466900,3386.4832,3391.729,3357.4114,3390.3441
135415000,3369.7924,1012100,9773200,4573223400,54688240100,3386.4832,3391.729,3357.4114,3390.3441
135420000,3369.8334,1802100,19081900,4575025500,54707322000,3386.4832,3391.729,3357.4114,3390.3441
135425000,3369.7582,2436900,20695800,4577462400,54728017800,3386.4832,3391.729,3357.4114,3390.3441
135430000,3369.5821,1111700,12804600,4578574100,54740822400,3386.4832,3391.729,3357.4114,3390.3441
135435000,3369.2348,1422500,18720800,4579996600,54759543200,3386.4832,3391.729,3357.4114,3390.3441
135440000,3369.2397,2576700,23566800,4582573300,54783110000,3386.4832,3391.729,3357.4114,3390.3441
135446000,3369.3344,1235600,14954800,4583808900,54798064800,3386.4832,3391.729,3357.4114,3390.3441
135451000,3369.3569,1400000,15132900,4585208900,54813197700,3386.4832,3391.729,3357.4114,3390.3441
135456000,3369.2503,1545600,18998200,4586754500,54832195900,3386.4832,3391.729,3357.4114,3390.3441
135501000,3369.516,991300,11596300,4587745800,54843792200,3386.4832,3391.729,3357.4114,3390.3441
135506000,3368.7791,1200700,12469600,4588946500,54856261800,3386.4832,3391.729,3357.4114,3390.3441
135511000,3368.9598,1573600,16722700,4590520100,54872984500,3386.4832,3391.729,3357.4114,3390.3441
135516000,3368.8773,1223600,12674100,4591743700,54885658600,3386.4832,3391.729,3357.4114,3390.3441
135521000,3369.2783,899300,11028600,4592643000,54896687200,3386.4832,3391.729,3357.4114,3390.3441
135526000,3368.9858,1201700,15107300,4593844700,54911794500,3386.4832,3391.729,3357.4114,3390.3441
135531000,3369.0162,1054100,12928500,4594898800,54924723000,3386.4832,3391.729,3357.4114,3390.3441
135536000,3369.1132,2048800,19611300,4596947600,54944334300,3386.4832,3391.729,3357.4114,3390.3441
135541000,3369.1422,1256200,14147500,4598203800,54958481800,3386.4832,3391.729,3357.4114,3390.3441
135546000,3369.1028,1118300,11224800,4599322100,54969706600,3386.4832,3391.729,3357.4114,3390.3441
135551000,3368.9504,1167300,12812100,4600489400,54982518700,3386.4832,3391.729,3357.4114,3390.3441
135556000,3368.3847,1388500,14623500,4601877900,54997142200,3386.4832,3391.729,3357.4114,3390.3441
135601000,3368.5582,1738000,18102200,4603615900,55015244400,3386.4832,3391.729,3357.4114,3390.3441
135606000,3368.7018,2015600,13902200,4605631500,55029146600,3386.4832,3391.729,3357.4114,3390.3441
135611000,3368.4249,1966200,15405000,4607597700,55044551600,3386.4832,3391.729,3357.4114,3390.3441
135616000,3368.7166,2681600,22946900,4610279300,55067498500,3386.4832,3391.729,3357.4114,3390.3441
135621000,3368.6633,1626200,14734700,4611905500,55082233200,3386.4832,3391.729,3357.4114,3390.3441
135626000,3368.6927,1849300,16746700,4613754800,55098979900,3386.4832,3391.729,3357.4114,3390.3441
135631000,3368.7499,1233400,15184900,4614988200,55114164800,3386.4832,3391.729,3357.4114,3390.3441
135636000,3368.6641,847600,10227300,4615835800,55124392100,3386.4832,3391.729,3357.4114,3390.3441
135641000,3368.9369,1552100,16157600,4617387900,55140549700,3386.4832,3391.729,3357.4114,3390.3441
135646000,3368.8283,1844400,15549000,4619232300,55156098700,3386.4832,3391.729,3357.4114,3390.3441
135651000,3368.8198,1274100,12777800,4620506400,55168876500,3386.4832,3391.729,3357.4114,3390.3441
135656000,3368.9336,1517700,16751100,4622024100,55185627600,3386.4832,3391.729,3357.4114,3390.3441
135701000,3368.477,2737200,19347400,4624761300,55204975000,3386.4832,3391.729,3357.4114,3390.3441
135706000,3368.6452,1107700,10702100,4625869000,55215677100,3386.4832,3391.729,3357.4114,3390.3441
135711000,3368.8441,2647600,17616900,4628516600,55233294000,3386.4832,3391.729,3357.4114,3390.3441
135716000,3368.981,1865200,19330600,4630381800,55252624600,3386.4832,3391.729,3357.4114,3390.3441
135721000,3368.9687,1052700,12555900,4631434500,55265180500,3386.4832,3391.729,3357.4114,3390.3441
135726000,3369.0253,1623700,14543400,4633058200,55279723900,3386.4832,3391.729,3357.4114,3390.3441
135731000,3368.6787,1559200,16369800,4634617400,55296093700,3386.4832,3391.729,3357.4114,3390.3441
135736000,3368.6395,1145000,13570100,4635762400,55309663800,3386.4832,3391.729,3357.4114,3390.3441
135741000,3368.6722,1954400,27405800,4637716800,55337069600,3386.4832,3391.729,3357.4114,3390.3441
135746000,3368.4956,1323700,12457100,4639040500,55349526700,3386.4832,3391.729,3357.4114,3390.3441
135751000,3368.6624,1205500,14898600,4640246000,55364425300,3386.4832,3391.729,3357.4114,3390.3441
135756000,3368.5852,1590600,18837500,4641836600,55383262800,3386.4832,3391.729,3357.4114,3390.3441
135801000,3368.2614,882800,12954800,4642719400,55396217600,3386.4832,3391.729,3357.4114,3390.3441
135806000,3368.0635,1065600,13561400,4643785000,55409779000,3386.4832,3391.729,3357.4114,3390.3441
135811000,3367.8717,1217300,14660500,4645002300,55424439500,3386.4832,3391.729,3357.4114,3390.3441
135817000,3366.8906,2430000,25354300,4647432300,55449793800,3386.4832,3391.729,3357.4114,3390.3441
135822000,3366.4889,2546400,29392400,4649978700,55479186200,3386.4832,3391.729,3357.4114,3390.3441
135827000,3366.1168,2061200,22542200,4652039900,55501728400,3386.4832,3391.729,3357.4114,3390.3441
135832000,3364.8869,3094500,34055400,4655134400,55535783800,3386.4832,3391.729,3357.4114,3390.3441
135837000,3364.9682,2444400,22459700,4657578800,55558243500,3386.4832,3391.729,3357.4114,3390.3441
135842000,3365.0545,1478500,17289400,4659057300,55575532900,3386.4832,3391.729,3357.4114,3390.3441
135847000,3364.5701,2299900,21137200,4661357200,55596670100,3386.4832,3391.729,3357.4114,3390.3441
135852000,3364.6716,2025700,22035200,4663382900,55618705300,3386.4832,3391.729,3357.4114,3390.3441
135857000,3364.5561,2807400,25358900,4666190300,55644064200,3386.4832,3391.729,3357.4114,3390.3441
135902000,3364.4558,2845200,24647700,4669035500,55668711900,3386.4832,3391.729,3357.4114,3390.3441
135907000,3364.0995,2110600,17904900,4671146100,55686616800,3386.4832,3391.729,3357.4114,3390.3441
135912000,3364.1433,1546000,13749100,4672692100,55700365900,3386.4832,3391.729,3357.4114,3390.3441
135917000,3364.0524,1371300,16381600,4674063400,55716747500,3386.4832,3391.729,3357.4114,3390.3441
135922000,3364.3736,1580700,15799300,4675644100,55732546800,3386.4832,3391.729,3357.4114,3390.3441
135927000,3364.7347,872700,9373500,4676516800,55741920300,3386.4832,3391.729,3357.4114,3390.3441
135932000,3364.1259,1244700,14410800,4677761500,55756331100,3386.4832,3391.729,3357.4114,3390.3441
135937000,3364.1971,1287900,14700100,4679049400,55771031200,3386.4832,3391.729,3357.4114,3390.3441
135942000,3364.3579,924900,11120800,4679974300,55782152000,3386.4832,3391.729,3357.4114,3390.3441
135947000,3364.5151,1626700,17315400,4681601000,55799467400,3386.4832,3391.729,3357.4114,3390.3441
135952000,3364.147,2218700,15333200,4683819700,55814800600,3386.4832,3391.729,3357.4114,3390.3441
135957000,3364.2358,1287400,9611700,4685107100,55824412300,3386.4832,3391.729,3357.4114,3390.3441
140002000,3364.0897,1848600,13434000,4686955700,55837846300,3386.4832,3391.729,3357.4114,3390.3441
140007000,3364.006,2471800,12515200,4689427500,55850361500,3386.4832,3391.729,3357.4114,3390.3441
140012000,3364.0042,1703500,12960700,4691131000,55863322200,3386.4832,3391.729,3357.4114,3390.3441
140017000,3363.995,1946100,17818600,4693077100,55881140800,3386.4832,3391.729,3357.4114,3390.3441
140022000,3364.3692,1761700,13518400,4694838800,55894659200,3386.4832,3391.729,3357.4114,3390.3441
140027000,3364.2899,914300,7813600,4695753100,55902472800,3386.4832,3391.729,3357.4114,3390.3441
140032000,3364.2746,1019200,14755700,4696772300,55917228500,3386.4832,3391.729,3357.4114,3390.3441
140037000,3364.4973,1439500,15284400,4698211800,55932512900,3386.4832,3391.729,3357.4114,3390.3441
140042000,3364.3188,1125400,13914300,4699337200,55946427200,3386.4832,3391.729,3357.4114,3390.3441
140047000,3364.08,2184500,17599700,4701521700,55964026900,3386.4832,3391.729,3357.4114,3390.3441
140052000,3364.0636,1781700,17434000,4703303400,55981460900,3386.4832,3391.729,3357.4114,3390.3441
140057000,3364.2976,1008300,12790300,4704311700,55994251200,3386.4832,3391.729,3357.4114,3390.3441
140102000,3363.9129,1227500,15949700,4705539200,56010200900,3386.4832,3391.729,3357.4114,3390.3441
140107000,3363.5748,1585800,20018900,4707125000,56030219800,3386.4832,3391.729,3357.4114,3390.3441
140112000,3363.3491,945000,12119000,4708070000,56042338800,3386.4832,3391.729,3357.4114,3390.3441
140117000,3363.705,1588100,16288100,4709658100,56058626900,3386.4832,3391.729,3357.4114,3390.3441
140122000,3363.7328,1164500,14999500,4710822600,56073626400,3386.4832,3391.729,3357.4114,3390.3441
140127000,3363.2725,1003300,13919500,4711825900,56087545900,3386.4832,3391.729,3357.4114,3390.3441
140132000,3362.5344,1317600,18991900,4713143500,56106537800,3386.4832,3391.729,3357.4114,3390.3441
140137000,3362.8228,1958500,24562500,4715102000,56131100300,3386.4832,3391.729,3357.4114,3390.3441
140143000,3362.5586,1550500,20967400,4716652500,56152067700,3386.4832,3391.729,3357.4114,3390.3441
140148000,3362.3349,1314800,18471400,4717967300,56170539100,3386.4832,3391.729,3357.4114,3390.3441
140153000,3362.3042,1969800,19309100,4719937100,56189848200,3386.4832,3391.729,3357.4114,3390.3441
140158000,3361.2964,5079800,39174300,4725016900,56229022500,3386.4832,3391.729,3357.4114,3390.3441
140202000,3361.7586,2797900,24111500,4727814800,56253134000,3386.4832,3391.729,3357.4114,3390.3441
140207000,3361.7139,2035600,22649100,4729850400,56275783100,3386.4832,3391.729,3357.4114,3390.3441
140213000,3361.5917,970200,14045400,4730820600,56289828500,3386.4832,3391.729,3357.4114,3390.3441
140218000,3361.7551,1261900,13692300,4732082500,56303520800,3386.4832,3391.729,3357.4114,3390.3441
140223000,3362.0087,1748200,18267000,4733830700,56321787800,3386.4832,3391.729,3357.4114,3390.3441
140228000,3361.8708,1805200,19330200,4735635900,56341118000,3386.4832,3391.729,3357.4114,3390.3441
140233000,3361.7982,986300,13234900,4736622200,56354352900,3386.4832,3391.729,3357.4114,3390.3441
140238000,3361.679,1165100,14698100,4737787300,56369051000,3386.4832,3391.729,3357.4114,3390.3441
140243000,3361.9134,1558200,18236700,4739345500,56387287700,3386.4832,3391.729,3357.4114,3390.3441
140248000,3361.9651,884000,10827800,4740229500,56398115500,3386.4832,3391.729,3357.4114,3390.3441
140253000,3361.7118,1037700,13750200,4741267200,56411865700,3386.4832,3391.729,3357.4114,3390.3441
140258000,3361.7301,1067100,12905300,4742334300,56424771000,3386.4832,3391.729,3357.4114,3390.3441
140303000,3362.0782,1049500,11558400,4743383800,56436329400,3386.4832,3391.729,3357.4114,3390.3441
140308000,3361.7094,976600,11516500,4744360400,56447845900,3386.4832,3391.729,3357.4114,3390.3441
140313000,3361.9786,1193800,13725100,4745554200,56461571000,3386.4832,3391.729,3357.4114,3390.3441
140318000,3361.5636,1752200,15201000,4747306400,56476772000,3386.4832,3391.729,3357.4114,3390.3441
140323000,3361.7568,1129400,15697900,4748435800,56492469900,3386.4832,3391.729,3357.4114,3390.3441
140328000,3361.62,1682600,17840900,4750118400,56510310800,3386.4832,3391.729,3357.4114,3390.3441
140333000,3361.902,1047700,12593500,4751166100,56522904300,3386.4832,3391.729,3357.4114,3390.3441
140338000,3361.1287,1525200,17763000,4752691300,56540667300,3386.4832,3391.729,3357.4114,3390.3441
140343000,3361.3216,2769300,23122800,4755460600,56563790100,3386.4832,3391.729,3357.4114,3390.3441
140348000,3361.3963,1398300,16100200,4756858900,56579890300,3386.4832,3391.729,3357.4114,3390.3441
140353000,3360.857,2050800,21868900,4758909700,56601759200,3386.4832,3391.729,3357.4114,3390.3441
140358000,3360.6072,2129400,22411700,4761039100,56624170900,3386.4832,3391.729,3357.4114,3390.3441
140403000,3360.8805,1416400,16115500,4762455500,56640286400,3386.4832,3391.729,3357.4114,3390.3441
140408000,3360.363,1874800,19664900,4764330300,56659951300,3386.4832,3391.729,3357.4114,3390.3441
140413000,3360.3784,1452200,17201300,4765782500,56677152600,3386.4832,3391.729,3357.4114,3390.3441
140418000,3360.155,1341300,14726600,4767123800,56691879200,3386.4832,3391.729,3357.4114,3390.3441
140423000,3360.1988,1469800,15349600,4768593600,56707228800,3386.4832,3391.729,3357.4114,3390.3441
140428000,3360.4837,1645000,17924200,4770238600,56725153000,3386.4832,3391.729,3357.4114,3390.3441
140433000,3360.8629,1008200,14663100,4771246800,56739816100,3386.4832,3391.729,3357.4114,3390.3441
140438000,3360.1966,1265900,14919900,4772512700,56754736000,3386.4832,3391.729,3357.4114,3390.3441
140443000,3360.3396,1427200,14686800,4773939900,56769422800,3386.4832,3391.729,3357.4114,3390.3441
140448000,3360.3327,984500,10552000,4774924400,56779974800,3386.4832,3391.729,3357.4114,3390.3441
140453000,3360.2674,861900,12974300,4775786300,56792949100,3386.4832,3391.729,3357.4114,3390.3441
140458000,3360.5336,1440400,14436700,4777226700,56807385800,3386.4832,3391.729,3357.4114,3390.3441
140503000,3360.9686,1978200,18110800,4779204900,56825496600,3386.4832,3391.729,3357.4114,3390.3441
140508000,3361.0052,1290800,15940000,4780495700,56841436600,3386.4832,3391.729,3357.4114,3390.3441
140513000,3360.9692,1557800,15617300,4782053500,56857053900,3386.4832,3391.729,3357.4114,3390.3441
140518000,3361.1118,884400,14519500,4782937900,56871573400,3386.4832,3391.729,3357.4114,3390.3441
140523000,3361.1421,1238300,13324600,4784176200,56884898000,3386.4832,3391.729,3357.4114,3390.3441
140529000,3361.3411,1164700,15143400,4785340900,56900041400,3386.4832,3391.729,3357.4114,3390.3441
140534000,3361.0657,1474000,17966600,4786814900,56918008000,3386.4832,3391.729,3357.4114,3390.3441
140539000,3361.3679,1340400,13135900,4788155300,56931143900,3386.4832,3391.729,3357.4114,3390.3441
140544000,3361.0845,1237600,17967500,4789392900,56949111400,3386.4832,3391.729,3357.4114,3390.3441
140549000,3361.3131,1076000,12809200,4790468900,56961920600,3386.4832,3391.729,3357.4114,3390.3441
140554000,3361.0515,1111000,19013900,4791579900,56980934500,3386.4832,3391.729,3357.4114,3390.3441
140559000,3361.0677,1271200,15787800,4792851100,56996722300,3386.4832,3391.729,3357.4114,3390.3441
140604000,3361.1325,1054000,12823700,4793905100,57009546000,3386.4832,3391.729,3357.4114,3390.3441
140609000,3361.2961,1628700,12857600,4795533800,57022403600,3386.4832,3391.729,3357.4114,3390.3441
140614000,3360.5874,1198700,15728500,4796732500,57038132100,3386.4832,3391.729,3357.4114,3390.3441
140619000,3360.8708,2763000,22218300,4799495500,57060350400,3386.4832,3391.729,3357.4114,3390.3441
140624000,3361.047,1015400,12752900,4800510900,57073103300,3386.4832,3391.729,3357.4114,3390.3441
140629000,3360.5496,1397500,17851100,4801908400,57090954400,3386.4832,3391.729,3357.4114,3390.3441
140634000,3360.7474,1994400,22747300,4803902800,57113701700,3386.4832,3391.729,3357.4114,3390.3441
140639000,3360.8463,883100,12116800,4804785900,57125818500,3386.4832,3391.729,3357.4114,3390.3441
140644000,3359.881,1573600,20448500,4806359500,57146267000,3386.4832,3391.729,3357.4114,3390.3441
140649000,3360.3577,1183900,13449000,4807543400,57159716000,3386.4832,3391.729,3357.4114,3390.3441
140654000,3360.4222,1226100,14052500,4808769500,57173768500,3386.4832,3391.729,3357.4114,3390.3441
140659000,3360.3232,1735300,26036400,4810504800,57199804900,3386.4832,3391.729,3357.4114,3390.3441
140704000,3360.3529,1111700,15526700,4811616500,57215331600,3386.4832,3391.729,3357.4114,3390.3441
140709000,3360.5813,656100,10025700,4812272600,57225357300,3386.4832,3391.729,3357.4114,3390.3441
140714000,3360.3435,1241500,17249500,4813514100,57242606800,3386.4832,3391.729,3357.4114,3390.3441
140719000,3360.2636,1788900,20924100,4815303000,57263530900,3386.4832,3391.729,3357.4114,3390.3441
140724000,3360.0009,992700,12759600,4816295700,57276290500,3386.4832,3391.729,3357.4114,3390.3441
140729000,3360.3172,1075700,13275500,4817371400,57289566000,3386.4832,3391.729,3357.4114,3390.3441
140734000,3360.0112,1536400,17030700,4818907800,57306596700,3386.4832,3391.729,3357.4114,3390.3441
140739000,3360.1338,977300,13617400,4819885100,57320214100,3386.4832,3391.729,3357.4114,3390.3441
140744000,3360.3727,2056100,15760700,4821941200,57335974800,3386.4832,3391.729,3357.4114,3390.3441
140749000,3359.7184,1358000,19657600,4823299200,57355632400,3386.4832,3391.729,3357.4114,3390.3441
140754000,3360.1157,1149600,11646400,4824448800,57367278800,3386.4832,3391.729,3357.4114,3390.3441
140759000,3359.6577,1068900,12446200,4825517700,57379725000,3386.4832,3391.729,3357.4114,3390.3441
140804000,3360.0156,1238400,16938600,4826756100,57396663600,3386.4832,3391.729,3357.4114,3390.3441
140809000,3360.1068,742800,10294900,4827498900,57406958500,3386.4832,3391.729,3357.4114,3390.3441
140814000,3360.3048,1665800,18011500,4829164700,57424970000,3386.4832,3391.729,3357.4114,3390.3441
140819000,3360.4487,1565500,18393600,4830730200,57443363600,3386.4832,3391.729,3357.4114,3390.3441
140824000,3360.8288,1133300,14500800,4831863500,57457864400,3386.4832,3391.729,3357.4114,3390.3441
140829000,3361.1655,1473500,15581900,4833337000,57473446300,3386.4832,3391.729,3357.4114,3390.3441
140834000,3360.9825,1326300,16914400,4834663300,57490360700,3386.4832,3391.729,3357.4114,3390.3441
140839000,3361.3094,1546300,19231300,4836209600,57509592000,3386.4832,3391.729,3357.4114,3390.3441
140844000,3361.2317,1338900,15920700,4837548500,57525512700,3386.4832,3391.729,3357.4114,3390.3441
140850000,3360.8196,1692100,19563500,4839240600,57545076200,3386.4832,3391.729,3357.4114,3390.3441
140855000,3361.4686,1487800,17589100,4840728400,57562665300,3386.4832,3391.729,3357.4114,3390.3441
140900000,3360.979,1650700,16231200,4842379100,57578896500,3386.4832,3391.729,3357.4114,3390.3441
140905000,3360.8993,1603600,17047400,4843982700,57595943900,3386.4832,3391.729,3357.4114,3390.3441
140910000,3360.9593,1448300,17587600,4845431000,57613531500,3386.4832,3391.729,3357.4114,3390.3441
140915000,3361.4307,967500,11204600,4846398500,57624736100,3386.4832,3391.729,3357.4114,3390.3441
140920000,3361.4927,1127500,16486900,4847526000,57641223000,3386.4832,3391.729,3357.4114,3390.3441
140925000,3361.2774,1370200,14296500,4848896200,57655519500,3386.4832,3391.729,3357.4114,3390.3441
140930000,3361.4361,928800,9916100,4849825000,57665435600,3386.4832,3391.729,3357.4114,3390.3441
140935000,3361.0607,1332500,13399200,4851157500,57678834800,3386.4832,3391.729,3357.4114,3390.3441
140940000,3361.4515,1578300,17190300,4852735800,57696025100,3386.4832,3391.729,3357.4114,3390.3441
140945000,3360.9484,900100,9083900,4853635900,57705109000,3386.4832,3391.729,3357.4114,3390.3441
140950000,3361.1408,1208900,14627900,4854844800,57719736900,3386.4832,3391.729,3357.4114,3390.3441
140955000,3361.3296,1974800,14553700,4856819600,57734290600,3386.4832,3391.729,3357.4114,3390.3441
141000000,3361.3659,704300,8754200,4857523900,57743044800,3386.4832,3391.729,3357.4114,3390.3441
141005000,3361.1404,1122400,10963100,4858646300,57754007900,3386.4832,3391.729,3357.4114,3390.3441
141010000,3361.3729,1487700,14808700,4860134000,57768816600,3386.4832,3391.729,3357.4114,3390.3441
141015000,3361.5191,956100,10455500,4861090100,57779272100,3386.4832,3391.729,3357.4114,3390.3441
141020000,3361.3757,1066100,12476900,4862156200,57791749000,3386.4832,3391.729,3357.4114,3390.3441
141025000,3361.5015,962700,12267900,4863118900,57804016900,3386.4832,3391.729,3357.4114,3390.3441
141030000,3361.5327,1642600,13547000,4864761500,57817563900,3386.4832,3391.729,3357.4114,3390.3441
141035000,3361.7083,945600,11858400,4865707100,57829422300,3386.4832,3391.729,3357.4114,3390.3441
141040000,3361.4728,1869500,13541400,4867576600,57842963700,3386.4832,3391.729,3357.4114,3390.3441
141045000,3361.2137,750600,8240400,4868327200,57851204100,3386.4832,3391.729,3357.4114,3390.3441
141050000,3361.3909,1787400,15444400,4870114600,57866648500,3386.4832,3391.729,3357.4114,3390.3441
141055000,3361.3704,3701700,21402700,4873816300,57888051200,3386.4832,3391.729,3357.4114,3390.3441
141100000,3361.5421,677700,9077100,4874494000,57897128300,3386.4832,3391.729,3357.4114,3390.3441
141105000,3361.1343,1204400,12765400,4875698400,57909893700,3386.4832,3391.729,3357.4114,3390.3441
141110000,3361.1491,960400,11723600,4876658800,57921617300,3386.4832,3391.729,3357.4114,3390.3441
141115000,3361.1739,1434900,12981700,4878093700,57934599000,3386.4832,3391.729,3357.4114,3390.3441
141120000,3361.1739,1318600,13951500,4879412300,57948550500,3386.4832,3391.729,3357.4114,3390.3441
141125000,3361.0618,987200,13121700,4880399500,57961672200,3386.4832,3391.729,3357.4114,3390.3441
141130000,3361.0931,1167200,17133400,4881566700,57978805600,3386.4832,3391.729,3357.4114,3390.3441
141135000,3361.1927,982600,11918800,4882549300,57990724400,3386.4832,3391.729,3357.4114,3390.3441
141140000,3361.2323,1033000,13354300,4883582300,58004078700,3386.4832,3391.729,3357.4114,3390.3441
141145000,3361.1335,1003400,11504600,4884585700,58015583300,3386.4832,3391.729,3357.4114,3390.3441
141150000,3360.8844,1144800,17550300,4885730500,58033133600,3386.4832,3391.729,3357.4114,3390.3441
141155000,3360.7277,1153700,12886400,4886884200,58046020000,3386.4832,3391.729,3357.4114,3390.3441
141200000,3360.8132,1111300,15216100,4887995500,58061236100,3386.4832,3391.729,3357.4114,3390.3441
141205000,3360.7948,2278100,17320200,4890273600,58078556300,3386.4832,3391.729,3357.4114,3390.3441
141210000,3360.5288,1187500,14051100,4891461100,58092607400,3386.4832,3391.729,3357.4114,3390.3441
141215000,3360.8211,1068300,9895600,4892529400,58102503000,3386.4832,3391.729,3357.4114,3390.3441
141220000,3360.9748,996900,14356500,4893526300,58116859500,3386.4832,3391.729,3357.4114,3390.3441
141226000,3360.7943,1401800,18717100,4894928100,58135576600,3386.4832,3391.729,3357.4114,3390.3441
141231000,3360.7865,1814300,20292900,4896742400,58155869500,3386.4832,3391.729,3357.4114,3390.3441
141236000,3360.6354,1053200,11870300,4897795600,58167739800,3386.4832,3391.729,3357.4114,3390.3441
141241000,3360.428,1856300,24305300,4899651900,58192045100,3386.4832,3391.729,3357.4114,3390.3441
141246000,3360.565,1444800,18286300,4901096700,58210331400,3386.4832,3391.729,3357.4114,3390.3441
141251000,3360.4913,1811300,28671100,4902908000,58239002500,3386.4832,3391.729,3357.4114,3390.3441
141256000,3360.4962,2053100,22340100,4904961100,58261342600,3386.4832,3391.729,3357.4114,3390.3441
141301000,3360.108,2344500,27682900,4907305600,58289025500,3386.4832,3391.729,3357.4114,3390.3441
141306000,3359.1685,1576900,19405100,4908882500,58308430600,3386.4832,3391.729,3357.4114,3390.3441
141311000,3359.8998,1840800,25299000,4910723300,58333729600,3386.4832,3391.729,3357.4114,3390.3441
141316000,3359.6192,1761500,20761400,4912484800,58354491000,3386.4832,3391.729,3357.4114,3390.3441
141321000,3359.9183,1689600,22664200,4914174400,58377155200,3386.4832,3391.729,3357.4114,3390.3441
141326000,3360.0192,1567200,22103100,4915741600,58399258300,3386.4832,3391.729,3357.4114,3390.3441
141331000,3359.55,1726600,22178600,4917468200,58421436900,3386.4832,3391.729,3357.4114,3390.3441
141336000,3359.8277,956500,13438900,4918424700,58434875800,3386.4832,3391.729,3357.4114,3390.3441
141341000,3359.6074,1797800,18549800,4920222500,58453425600,3386.4832,3391.729,3357.4114,3390.3441
141346000,3359.5224,1789100,24162700,4922011600,58477588300,3386.4832,3391.729,3357.4114,3390.3441
141351000,3359.4065,1231900,17105500,4923243500,58494693800,3386.4832,3391.729,3357.4114,3390.3441
141356000,3359.4404,1662400,18659000,4924905900,58513352800,3386.4832,3391.729,3357.4114,3390.3441
141401000,3358.658,1656600,21966300,4926562500,58535319100,3386.4832,3391.729,3357.4114,3390.3441
141406000,3358.9302,1387100,19123600,4927949600,58554442700,3386.4832,3391.729,3357.4114,3390.3441
141411000,3358.6887,1582200,18221400,4929531800,58572664100,3386.4832,3391.729,3357.4114,3390.3441
141416000,3358.9929,1250400,15828400,4930782200,58588492500,3386.4832,3391.729,3357.4114,3390.3441
141421000,3359.1418,1469500,17776200,4932251700,58606268700,3386.4832,3391.729,3357.4114,3390.3441
141426000,3359.1805,2313200,19973200,4934564900,58626241900,3386.4832,3391.729,3357.4114,3390.3441
141431000,3359.4066,1540800,17881300,4936105700,58644123200,3386.4832,3391.729,3357.4114,3390.3441
141436000,3358.8322,996200,12412400,4937101900,58656535600,3386.4832,3391.729,3357.4114,3390.3441
141441000,3359.0368,1294800,19618200,4938396700,58676153800,3386.4832,3391.729,3357.4114,3390.3441
141446000,3359.3268,1626100,20885400,4940022800,58697039200,3386.4832,3391.729,3357.4114,3390.3441
141451000,3359.3578,1971700,19059200,4941994500,58716098400,3386.4832,3391.729,3357.4114,3390.3441
141456000,3359.6074,1344200,16340300,4943338700,58732438700,3386.4832,3391.729,3357.4114,3390.3441
141501000,3359.7376,1620800,18351000,4944959500,58750789700,3386.4832,3391.729,3357.4114,3390.3441
141506000,3359.3592,1531800,16388400,4946491300,58767178100,3386.4832,3391.729,3357.4114,3390.3441
141511000,3359.5691,1901200,21200200,4948392500,58788378300,3386.4832,3391.729,3357.4114,3390.3441
141516000,3359.5595,1405400,16977100,4949797900,58805355400,3386.4832,3391.729,3357.4114,3390.3441
141521000,3359.483,871100,13430900,4950669000,58818786300,3386.4832,3391.729,3357.4114,3390.3441
141526000,3359.3732,1169900,17123300,4951838900,58835909600,3386.4832,3391.729,3357.4114,3390.3441
141531000,3359.6662,1295700,16199600,4953134600,58852109200,3386.4832,3391.729,3357.4114,3390.3441
141536000,3359.3884,951800,12875100,4954086400,58864984300,3386.4832,3391.729,3357.4114,3390.3441
141541000,3359.2244,1323100,17028400,4955409500,58882012700,3386.4832,3391.729,3357.4114,3390.3441
141546000,3359.0796,1072200,14868000,4956481700,58896880700,3386.4832,3391.729,3357.4114,3390.3441
141551000,3359.1358,1795900,16303800,4958277600,58913184500,3386.4832,3391.729,3357.4114,3390.3441
141557000,3358.9257,1282400,22190900,4959560000,58935375400,3386.4832,3391.729,3357.4114,3390.3441
141602000,3358.8108,1473300,23611800,4961033300,58958987200,3386.4832,3391.729,3357.4114,3390.3441
141606000,3358.7676,1044300,13018300,4962077600,58972005500,3386.4832,3391.729,3357.4114,3390.3441
141612000,3358.6519,1502300,17843000,4963579900,58989848500,3386.4832,3391.729,3357.4114,3390.3441
141617000,3358.9724,1002800,11559300,4964582700,59001407800,3386.4832,3391.729,3357.4114,3390.3441
141622000,3359.0618,1259400,21591700,4965842100,59022999500,3386.4832,3391.729,3357.4114,3390.3441
141627000,3358.8267,1804500,21813600,4967646600,59044813100,3386.4832,3391.729,3357.4114,3390.3441
141632000,3358.5968,1828200,23703000,4969474800,59068516100,3386.4832,3391.729,3357.4114,3390.3441
141637000,3358.3348,2288500,24411000,4971763300,59092927100,3386.4832,3391.729,3357.4114,3390.3441
141642000,3358.1604,1655800,23773400,4973419100,59116700500,3386.4832,3391.729,3357.4114,3390.3441
141647000,3357.1406,2151600,36791000,4975570700,59153491500,3386.4832,3391.729,3357.1406,3390.3441
141652000,3357.2365,1759200,31846300,4977329900,59185337800,3386.4832,3391.729,3356.7779,3390.3441
141657000,3357.2853,1268000,19935300,4978597900,59205273100,3386.4832,3391.729,3356.7779,3390.3441
141702000,3357.3748,1633500,24346400,4980231400,59229619500,3386.4832,3391.729,3356.7779,3390.3441
141707000,3357.1145,1857000,26032000,4982088400,59255651500,3386.4832,3391.729,3356.7779,3390.3441
141712000,3357.0862,2081100,24267200,4984169500,59279918700,3386.4832,3391.729,3356.7779,3390.3441
141717000,3357.4315,1979800,23401200,4986149300,59303319900,3386.4832,3391.729,3356.7779,3390.3441
141722000,3357.5338,1708500,24850200,4987857800,59328170100,3386.4832,3391.729,3356.7779,3390.3441
141727000,3357.5395,1357100,16327500,4989214900,59344497600,3386.4832,3391.729,3356.7779,3390.3441
141732000,3357.1341,2677300,31425300,4991892200,59375922900,3386.4832,3391.729,3356.7779,3390.3441
141737000,3356.9726,1798700,18381500,4993690900,59394304400,3386.4832,3391.729,3356.7779,3390.3441
141742000,3357.0624,1087200,16490500,4994778100,59410794900,3386.4832,3391.729,3356.7779,3390.3441
141747000,3357.0103,1491900,22671900,4996270000,59433466800,3386.4832,3391.729,3356.7779,3390.3441
141752000,3356.9639,2175200,21988000,4998445200,59455454800,3386.4832,3391.729,3356.7779,3390.3441
141757000,3357.0597,825900,11764100,4999271100,59467218900,3386.4832,3391.729,3356.7779,3390.3441
141802000,3356.647,1680700,25591100,5000951800,59492810000,3386.4832,3391.729,3356.647,3390.3441
141807000,3356.6913,1762300,19036100,5002714100,59511846100,3386.4832,3391.729,3356.647,3390.3441
141812000,3356.8296,1000700,12089000,5003714800,59523935100,3386.4832,3391.729,3356.6142,3390.3441
141817000,3357.0586,1814800,19488200,5005529600,59543423300,3386.4832,3391.729,3356.6142,3390.3441
141822000,3356.9937,1249300,16966700,5006778900,59560390000,3386.4832,3391.729,3356.6142,3390.3441
141827000,3356.962,1102000,14834200,5007880900,59575224200,3386.4832,3391.729,3356.6142,3390.3441
141832000,3356.9714,1083600,15442600,5008964500,59590666800,3386.4832,3391.729,3356.6142,3390.3441
141837000,3357.115,1802500,20784500,5010767000,59611451300,3386.4832,3391.729,3356.6142,3390.3441
141842000,3357.267,1439900,18551200,5012206900,59630002500,3386.4832,3391.729,3356.6142,3390.3441
141847000,3357.2732,1385100,17955300,5013592000,59647957800,3386.4832,3391.729,3356.6142,3390.3441
141852000,3357.3093,1894800,23249100,5015486800,59671206900,3386.4832,3391.729,3356.6142,3390.3441
141857000,3357.2912,1569000,42750000,5017055800,59713956900,3386.4832,3391.729,3356.6142,3390.3441
141902000,3357.1045,1250800,18293800,5018306600,59732250700,3386.4832,3391.729,3356.6142,3390.3441
141907000,3356.6835,1359100,17332100,5019665700,59749582800,3386.4832,3391.729,3356.6142,3390.3441
141912000,3356.6899,2031900,16806800,5021697600,59766389600,3386.4832,3391.729,3356.6142,3390.3441
141917000,3357.1122,1386100,14042700,5023083700,59780432300,3386.4832,3391.729,3356.6142,3390.3441
141923000,3357.1387,1526700,19559700,5024610400,59799992000,3386.4832,3391.729,3356.6142,3390.3441
141928000,3357.4165,1917000,17385400,5026527400,59817377400,3386.4832,3391.729,3356.6142,3390.3441
141933000,3356.9551,770800,10123000,5027298200,59827500400,3386.4832,3391.729,3356.6142,3390.3441
141938000,3357.4085,1659500,22713800,5028957700,59850214200,3386.4832,3391.729,3356.6142,3390.3441
141943000,3357.416,1476800,19911600,5030434500,59870125800,3386.4832,3391.729,3356.6142,3390.3441
141948000,3357.2424,900200,12206200,5031334700,59882332000,3386.4832,3391.729,3356.6142,3390.3441
141953000,3357.122,1027400,14377100,5032362100,59896709100,3386.4832,3391.729,3356.6142,3390.3441
141958000,3357.0965,1436000,30633100,5033798100,59927342200,3386.4832,3391.729,3356.6142,3390.3441
142003000,3357.1624,1262900,17056000,5035061000,59944398200,3386.4832,3391.729,3356.6142,3390.3441
142008000,3357.532,1160600,16581500,5036221600,59960979700,3386.4832,3391.729,3356.6142,3390.3441
142013000,3357.6962,1475000,19646500,5037696600,59980626200,3386.4832,3391.729,3356.6142,3390.3441
142018000,3357.2185,1352100,15796300,5039048700,59996422500,3386.4832,3391.729,3356.6142,3390.3441
142023000,3356.8155,1482500,19218900,5040531200,60015641400,3386.4832,3391.729,3356.6142,3390.3441
142028000,3356.9842,1128300,17209200,5041659500,60032850600,3386.4832,3391.729,3356.6142,3390.3441
142033000,3357.6685,971700,16612200,5042631200,60049462800,3386.4832,3391.729,3356.6142,3390.3441
142038000,3358.5496,3140900,38414600,5045772100,60087877400,3386.4832,3391.729,3356.6142,3390.3441
142043000,3360.3736,5249200,58624200,5051021300,60146501600,3386.4832,3391.729,3356.6142,3390.3441
142048000,3361.033,3093600,37745000,5054114900,60184246600,3386.4832,3391.729,3356.6142,3390.3441
142053000,3361.0738,3892300,49000000,5058007200,60233246600,3386.4832,3391.729,3356.6142,3390.3441
142058000,3361.8772,3187900,40278800,5061195100,60273525400,3386.4832,3391.729,3356.6142,3390.3441
142103000,3361.9532,2759800,24947200,5063954900,60298472600,3386.4832,3391.729,3356.6142,3390.3441
142108000,3362.0609,1941500,31993400,5065896400,60330466000,3386.4832,3391.729,3356.6142,3390.3441
142113000,3362.2754,2918200,25243000,5068814600,60355709000,3386.4832,3391.729,3356.6142,3390.3441
142118000,3361.6462,1231100,12221700,5070045700,60367930700,3386.4832,3391.729,3356.6142,3390.3441
142123000,3362.2142,2188600,24684900,5072234300,60392615600,3386.4832,3391.729,3356.6142,3390.3441
142128000,3362.2342,1843100,19427000,5074077400,60412042600,3386.4832,3391.729,3356.6142,3390.3441
142133000,3362.0896,1236000,14712800,5075313400,60426755400,3386.4832,3391.729,3356.6142,3390.3441
142138000,3362.1141,1867900,22318900,5077181300,60449074300,3386.4832,3391.729,3356.6142,3390.3441
142143000,3362.2962,1658700,18582800,5078840000,60467657100,3386.4832,3391.729,3356.6142,3390.3441
142148000,3362.2229,996200,13183700,5079836200,60480840800,3386.4832,3391.729,3356.6142,3390.3441
142153000,3362.1682,1212800,18592500,5081049000,60499433300,3386.4832,3391.729,3356.6142,3390.3441
142158000,3362.2714,1218700,18266300,5082267700,60517699600,3386.4832,3391.729,3356.6142,3390.3441
142203000,3362.294,1126900,13263000,5083394600,60530962600,3386.4832,3391.729,3356.6142,3390.3441
142208000,3362.2625,2093400,19992900,5085488000,60550955500,3386.4832,3391.729,3356.6142,3390.3441
142213000,3361.8664,1476200,15621300,5086964200,60566576800,3386.4832,3391.729,3356.6142,3390.3441
142218000,3361.8609,911800,12690500,5087876000,60579267300,3386.4832,3391.729,3356.6142,3390.3441
142223000,3361.9242,1237000,18761700,5089113000,60598029000,3386.4832,3391.729,3356.6142,3390.3441
142228000,3361.4233,1434100,15741800,5090547100,60613770800,3386.4832,3391.729,3356.6142,3390.3441
142233000,3361.8001,1694800,17516800,5092241900,60631287600,3386.4832,3391.729,3356.6142,3390.3441
142238000,3361.8574,1386300,14735100,5093628200,60646022700,3386.4832,3391.729,3356.6142,3390.3441
142243000,3361.9727,1077800,16139500,5094706000,60662162200,3386.4832,3391.729,3356.6142,3390.3441
142248000,3361.9494,1421200,12599000,5096127200,60674761200,3386.4832,3391.729,3356.6142,3390.3441
142254000,3361.9677,1851000,17508200,5097978200,60692269400,3386.4832,3391.729,3356.6142,3390.3441
142259000,3361.954,848500,10952200,5098826700,60703221600,3386.4832,3391.729,3356.6142,3390.3441
142304000,3361.6545,2542900,21758200,5101369600,60724979800,3386.4832,3391.729,3356.6142,3390.3441
142309000,3361.9879,1697300,15459500,5103066900,60740439300,3386.4832,3391.729,3356.6142,3390.3441
142314000,3361.951,1194400,14935300,5104261300,60755374600,3386.4832,3391.729,3356.6142,3390.3441
142319000,3361.849,1870600,18962000,5106131900,60774336600,3386.4832,3391.729,3356.6142,3390.3441
142324000,3361.8701,827200,9994700,5106959100,60784331300,3386.4832,3391.729,3356.6142,3390.3441
142329000,3362.3714,1707000,18849200,5108666100,60803180500,3386.4832,3391.729,3356.6142,3390.3441
142334000,3362.1396,1350300,13383100,5110016400,60816563600,3386.4832,3391.729,3356.6142,3390.3441
142339000,3362.3155,1009000,11113600,5111025400,60827677200,3386.4832,3391.729,3356.6142,3390.3441
142344000,3362.2303,1113600,16307500,5112139000,60843984700,3386.4832,3391.729,3356.6142,3390.3441
142349000,3362.1494,1080900,14730100,5113219900,60858714800,3386.4832,3391.729,3356.6142,3390.3441
142354000,3362.3053,875000,8532100,5114094900,60867246900,3386.4832,3391.729,3356.6142,3390.3441
142359000,3362.4846,1215500,13884100,5115310400,60881131000,3386.4832,3391.729,3356.6142,3390.3441
142404000,3362.0486,1366200,17483100,5116676600,60898614100,3386.4832,3391.729,3356.6142,3390.3441
142409000,3361.9893,1143400,12416500,5117820000,60911030600,3386.4832,3391.729,3356.6142,3390.3441
142414000,3361.7145,2245200,23185900,5120065200,60934216500,3386.4832,3391.729,3356.6142,3390.3441
142419000,3361.957,1347900,16788600,5121413100,60951005100,3386.4832,3391.729,3356.6142,3390.3441
142424000,3361.9725,732700,8754800,5122145800,60959759900,3386.4832,3391.729,3356.6142,3390.3441
142429000,3362.1676,1246100,15405600,5123391900,60975165500,3386.4832,3391.729,3356.6142,3390.3441
142434000,3361.9371,960800,13406100,5124352700,60988571600,3386.4832,3391.729,3356.6142,3390.3441
142439000,3362.4607,769600,11108600,5125122300,60999680200,3386.4832,3391.729,3356.6142,3390.3441
142444000,3362.5693,1080100,16042200,5126202400,61015722400,3386.4832,3391.729,3356.6142,3390.3441
142449000,3362.1466,930000,10665800,5127132400,61026388200,3386.4832,3391.729,3356.6142,3390.3441
142454000,3362.1231,932000,12666400,5128064400,61039054600,3386.4832,3391.729,3356.6142,3390.3441
142459000,3362.3018,1293400,16692100,5129357800,61055746700,3386.4832,3391.729,3356.6142,3390.3441
142504000,3361.8275,1779300,18296400,5131137100,61074043100,3386.4832,3391.729,3356.6142,3390.3441
142509000,3362.4041,833800,11270500,5131970900,61085313600,3386.4832,3391.729,3356.6142,3390.3441
142514000,3362.3279,1541700,15293900,5133512600,61100607500,3386.4832,3391.729,3356.6142,3390.3441
142519000,3361.5565,1466900,17727700,5134979500,61118335200,3386.4832,3391.729,3356.6142,3390.3441
142524000,3361.7455,927000,11092400,5135906500,61129427600,3386.4832,3391.729,3356.6142,3390.3441
142529000,3361.879,1085800,14285000,5136992300,61143712600,3386.4832,3391.729,3356.6142,3390.3441
142534000,3362.248,1188100,16506900,5138180400,61160219500,3386.4832,3391.729,3356.6142,3390.3441
142539000,3362.3412,986800,12246100,5139167200,61172465600,3386.4832,3391.729,3356.6142,3390.3441
142544000,3362.5828,1095400,12089200,5140262600,61184554800,3386.4832,3391.729,3356.6142,3390.3441
142549000,3362.6063,1561500,14945100,5141824100,61199499900,3386.4832,3391.729,3356.6142,3390.3441
142554000,3362.6132,794900,11045400,5142619000,61210545300,3386.4832,3391.729,3356.6142,3390.3441
142559000,3362.3942,1332300,18376400,5143951300,61228921700,3386.4832,3391.729,3356.6142,3390.3441
142604000,3362.2213,1178200,16031400,5145129500,61244953100,3386.4832,3391.729,3356.6142,3390.3441
142609000,3362.4632,754400,10993400,5145883900,61255946500,3386.4832,3391.729,3356.6142,3390.3441
142615000,3362.7001,1564300,19331300,5147448200,61275277800,3386.4832,3391.729,3356.6142,3390.3441
142620000,3362.7161,1452300,15577600,5148900500,61290855400,3386.4832,3391.729,3356.6142,3390.3441
142624000,3362.9841,715400,9932800,5149615900,61300788200,3386.4832,3391.729,3356.6142,3390.3441
142629000,3362.2533,1249300,15257100,5150865200,61316045300,3386.4832,3391.729,3356.6142,3390.3441
142635000,3362.4401,1522800,17160700,5152388000,61333206000,3386.4832,3391.729,3356.6142,3390.3441
142640000,3363.0414,1160100,16104600,5153548100,61349310600,3386.4832,3391.729,3356.6142,3390.3441
142645000,3363.2303,1276800,12459900,5154824900,61361770500,3386.4832,3391.729,3356.6142,3390.3441
142650000,3363.7003,1934700,23603500,5156759600,61385374000,3386.4832,3391.729,3356.6142,3390.3441
142655000,3363.9608,2232700,31947000,5158992300,61417321000,3386.4832,3391.729,3356.6142,3390.3441
142700000,3363.9102,1512300,18727600,5160504600,61436048600,3386.4832,3391.729,3356.6142,3390.3441
142705000,3363.9628,1263900,19680400,5161768500,61455729000,3386.4832,3391.729,3356.6142,3390.3441
142710000,3363.9878,3524500,29648100,5165293000,61485377100,3386.4832,3391.729,3356.6142,3390.3441
142715000,3363.7921,1132300,14298500,5166425300,61499675600,3386.4832,3391.729,3356.6142,3390.3441
142720000,3363.9484,1379400,16029700,5167804700,61515705300,3386.4832,3391.729,3356.6142,3390.3441
142725000,3363.9859,1613700,19437100,5169418400,61535142400,3386.4832,3391.729,3356.6142,3390.3441
142730000,3363.8869,1598500,19745600,5171016900,61554888000,3386.4832,3391.729,3356.6142,3390.3441
142735000,3364.2497,947600,14420300,5171964500,61569308300,3386.4832,3391.729,3356.6142,3390.3441
142740000,3364.3605,1625900,22972800,5173590400,61592281100,3386.4832,3391.729,3356.6142,3390.3441
142745000,3364.5211,1090500,13266400,5174680900,61605547500,3386.4832,3391.729,3356.6142,3390.3441
142750000,3364.4664,1408800,16848700,5176089700,61622396200,3386.4832,3391.729,3356.6142,3390.3441
142755000,3364.8859,1590000,18689300,5177679700,61641085500,3386.4832,3391.729,3356.6142,3390.3441
142800000,3364.6249,1117100,12874100,5178796800,61653959600,3386.4832,3391.729,3356.6142,3390.3441
142805000,3365.0478,1975400,20924000,5180772200,61674883600,3386.4832,3391.729,3356.6142,3390.3441
142810000,3365.4804,1243100,16720300,5182015300,61691603900,3386.4832,3391.729,3356.6142,3390.3441
142815000,3365.2582,1909600,22943400,5183924900,61714547300,3386.4832,3391.729,3356.6142,3390.3441
142820000,3365.3391,2226400,20936900,5186151300,61735484200,3386.4832,3391.729,3356.6142,3390.3441
142825000,3365.5609,1853800,26490200,5188005100,61761974400,3386.4832,3391.729,3356.6142,3390.3441
142830000,3365.5872,966500,13749800,5188971600,61775724200,3386.4832,3391.729,3356.6142,3390.3441
142835000,3365.5594,1516300,20020500,5190487900,61795744700,3386.4832,3391.729,3356.6142,3390.3441
142840000,3365.7395,2366300,23962800,5192854200,61819707500,3386.4832,3391.729,3356.6142,3390.3441
142845000,3365.5607,1539700,15505300,5194393900,61835212800,3386.4832,3391.729,3356.6142,3390.3441
142850000,3366.0701,1316300,15614100,5195710200,61850826900,3386.4832,3391.729,3356.6142,3390.3441
142855000,3366.0875,1440000,19201900,5197150200,61870028800,3386.4832,3391.729,3356.6142,3390.3441
142900000,3365.9989,1342500,16667300,5198492700,61886696100,3386.4832,3391.729,3356.6142,3390.3441
142905000,3366.0531,1622000,24897200,5200114700,61911593300,3386.4832,3391.729,3356.6142,3390.3441
142910000,3366.5562,1640100,19541600,5201754800,61931134900,3386.4832,3391.729,3356.6142,3390.3441
142915000,3366.6526,1058200,13968500,5202813000,61945103400,3386.4832,3391.729,3356.6142,3390.3441
142920000,3367.0842,1533600,22230800,5204346600,61967334200,3386.4832,3391.729,3356.6142,3390.3441
142925000,3366.8793,1541700,17890600,5205888300,61985224800,3386.4832,3391.729,3356.6142,3390.3441
142930000,3367.169,1668200,17584700,5207556500,62002809500,3386.4832,3391.729,3356.6142,3390.3441
142935000,3367.5604,1993100,22987100,5209549600,62025796600,3386.4832,3391.729,3356.6142,3390.3441
142940000,3367.7878,1659000,22610700,5211208600,62048407300,3386.4832,3391.729,3356.6142,3390.3441
142945000,3367.7582,1811400,22142200,5213020000,62070549500,3386.4832,3391.729,3356.6142,3390.3441
142951000,3367.9596,2734600,31083500,5215754600,62101633000,3386.4832,3391.729,3356.6142,3390.3441
142956000,3368.0844,3033700,30601400,5218788300,62132234400,3386.4832,3391.729,3356.6142,3390.3441
143001000,3368.2875,1831100,21829300,5220619400,62154063700,3386.4832,3391.729,3356.6142,3390.3441
143006000,3368.2038,2151700,19726200,5222771100,62173789900,3386.4832,3391.729,3356.6142,3390.3441
143011000,3369.4334,4382800,45942900,5227153900,62219732800,3386.4832,3391.729,3356.6142,3390.3441
143016000,3369.3928,4249300,37926900,5231403200,62257659700,3386.4832,3391.729,3356.6142,3390.3441
143021000,3369.4052,2308700,26660900,5233711900,62284320600,3386.4832,3391.729,3356.6142,3390.3441
143026000,3370.0208,2020500,26285700,5235732400,62310606300,3386.4832,3391.729,3356.6142,3390.3441
143031000,3369.7877,1612800,20785800,5237345200,62331392100,3386.4832,3391.729,3356.6142,3390.3441
143036000,3370.0389,2439700,24577900,5239784900,62355970000,3386.4832,3391.729,3356.6142,3390.3441
143041000,3370.1056,2113900,26530700,5241898800,62382500700,3386.4832,3391.729,3356.6142,3390.3441
143046000,3370.7354,1754500,21303500,5243653300,62403804200,3386.4832,3391.729,3356.6142,3390.3441
143051000,3370.8982,1754200,23962300,5245407500,62427766500,3386.4832,3391.729,3356.6142,3390.3441
143056000,3371.4258,2267900,33353000,5247675400,62461119500,3386.4832,3391.729,3356.6142,3390.3441
143101000,3371.587,1953700,25355100,5249629100,62486474600,3386.4832,3391.729,3356.6142,3390.3441
143106000,3371.5068,2344900,24042300,5251974000,62510516900,3386.4832,3391.729,3356.6142,3390.3441
143111000,3371.5894,2340100,26166700,5254314100,62536683600,3386.4832,3391.729,3356.6142,3390.3441
143116000,3371.695,1850500,26628700,5256164600,62563312300,3386.4832,3391.729,3356.6142,3390.3441
143121000,3371.6533,1939500,20560600,5258104100,62583872900,3386.4832,3391.729,3356.6142,3390.3441
143126000,3371.5926,1825300,22125800,5259929400,62605998700,3386.4832,3391.729,3356.6142,3390.3441
143131000,3371.4139,1881500,21668000,5261810900,62627666700,3386.4832,3391.729,3356.6142,3390.3441
143136000,3371.5603,1795700,18035200,5263606600,62645701900,3386.4832,3391.729,3356.6142,3390.3441
143141000,3371.3221,2243800,27540300,5265850400,62673242200,3386.4832,3391.729,3356.6142,3390.3441
143146000,3370.6504,1933300,20134600,5267783700,62693376800,3386.4832,3391.729,3356.6142,3390.3441
143151000,3370.5895,1473700,18624400,5269257400,62712001200,3386.4832,3391.729,3356.6142,3390.3441
143156000,3370.7937,1687100,19690900,5270944500,62731692100,3386.4832,3391.729,3356.6142,3390.3441
143201000,3370.7013,1534400,20837900,5272478900,62752530000,3386.4832,3391.729,3356.6142,3390.3441
143206000,3370.5798,5047100,38481400,5277526000,62791011400,3386.4832,3391.729,3356.6142,3390.3441
143211000,3370.9748,2077000,28554100,5279603000,62819565500,3386.4832,3391.729,3356.6142,3390.3441
143216000,3370.8497,2011200,26866100,5281614200,62846431600,3386.4832,3391.729,3356.6142,3390.3441
143221000,3370.6167,1624600,21231900,5283238800,62867663500,3386.4832,3391.729,3356.6142,3390.3441
143226000,3370.2089,1274300,20429700,5284513100,62888093200,3386.4832,3391.729,3356.6142,3390.3441
143231000,3370.6745,1722800,22462400,5286235900,62910555600,3386.4832,3391.729,3356.6142,3390.3441
143236000,3370.2042,1987900,23795300,5288223800,62934350900,3386.4832,3391.729,3356.6142,3390.3441
143241000,3369.2338,2851300,33346200,5291075100,62967697100,3386.4832,3391.729,3356.6142,3390.3441
143246000,3369.645,1579700,18971700,5292654800,62986668800,3386.4832,3391.729,3356.6142,3390.3441
143251000,3369.6446,1651800,21846600,5294306600,63008515400,3386.4832,3391.729,3356.6142,3390.3441
143256000,3368.5597,1676900,22628200,5295983500,63031143600,3386.4832,3391.729,3356.6142,3390.3441
143301000,3369.42,2986900,37684900,5298970400,63068828500,3386.4832,3391.729,3356.6142,3390.3441
143306000,3368.9929,1163800,16009300,5300134200,63084837800,3386.4832,3391.729,3356.6142,3390.3441
143311000,3369.4495,1890700,25276200,5302024900,63110114000,3386.4832,3391.729,3356.6142,3390.3441
143317000,3369.5544,2475200,29995400,5304500100,63140109400,3386.4832,3391.729,3356.6142,3390.3441
143322000,3369.6163,2017200,21523800,5306517300,63161633200,3386.4832,3391.729,3356.6142,3390.3441
143327000,3369.4132,935100,10559300,5307452400,63172192500,3386.4832,3391.729,3356.6142,3390.3441
143332000,3369.2822,1232800,18373400,5308685200,63190565900,3386.4832,3391.729,3356.6142,3390.3441
143337000,3369.4466,1413800,19596300,5310099000,63210162200,3386.4832,3391.729,3356.6142,3390.3441
143342000,3369.4785,1060800,13981400,5311159800,63224143600,3386.4832,3391.729,3356.6142,3390.3441
143347000,3369.4608,1622700,20355700,5312782500,63244499300,3386.4832,3391.729,3356.6142,3390.3441
143352000,3369.5474,1345300,15713300,5314127800,63260212600,3386.4832,3391.729,3356.6142,3390.3441
143357000,3369.8429,1168900,17387600,5315296700,63277600200,3386.4832,3391.729,3356.6142,3390.3441
143402000,3369.4167,2210000,25174200,5317506700,63302774400,3386.4832,3391.729,3356.6142,3390.3441
143407000,3369.6606,2178000,23867500,5319684700,63326641900,3386.4832,3391.729,3356.6142,3390.3441
143412000,3369.884,1218600,18346600,5320903300,63344988500,3386.4832,3391.729,3356.6142,3390.3441
143417000,3369.7479,1663800,22400900,5322567100,63367389400,3386.4832,3391.729,3356.6142,3390.3441
143422000,3369.5292,1989900,20186500,5324557000,63387575900,3386.4832,3391.729,3356.6142,3390.3441
143427000,3369.6525,1151600,11429200,5325708600,63399005100,3386.4832,3391.729,3356.6142,3390.3441
143432000,3369.4613,1657300,17973300,5327365900,63416978400,3386.4832,3391.729,3356.6142,3390.3441
143437000,3369.566,1805100,21403700,5329171000,63438382100,3386.4832,3391.729,3356.6142,3390.3441
143442000,3369.5994,1078800,14006100,5330249800,63452388200,3386.4832,3391.729,3356.6142,3390.3441
143447000,3369.4844,1511500,20246500,5331761300,63472634700,3386.4832,3391.729,3356.6142,3390.3441
143452000,3369.6781,2039300,28538000,5333800600,63501172700,3386.4832,3391.729,3356.6142,3390.3441
143457000,3369.3186,1107300,14904800,5334907900,63516077500,3386.4832,3391.729,3356.6142,3390.3441
143502000,3369.2569,1508200,15994400,5336416100,63532071900,3386.4832,3391.729,3356.6142,3390.3441
143507000,3369.6734,1326000,18330700,5337742100,63550402600,3386.4832,3391.729,3356.6142,3390.3441
143512000,3369.5357,1063700,17935600,5338805800,63568338200,3386.4832,3391.729,3356.6142,3390.3441
143517000,3369.4494,1260800,17982800,5340066600,63586321000,3386.4832,3391.729,3356.6142,3390.3441
143522000,3369.2117,1962300,25133100,5342028900,63611454100,3386.4832,3391.729,3356.6142,3390.3441
143527000,3369.0466,844500,14017100,5342873400,63625471200,3386.4832,3391.729,3356.6142,3390.3441
143532000,3368.1218,2200300,24576700,5345073700,63650047900,3386.4832,3391.729,3356.6142,3390.3441
143537000,3368.6927,2201900,24437500,5347275600,63674485400,3386.4832,3391.729,3356.6142,3390.3441
143542000,3368.6571,1086500,13978200,5348362100,63688463600,3386.4832,3391.729,3356.6142,3390.3441
143547000,3368.3705,1741400,22766500,5350103500,63711230100,3386.4832,3391.729,3356.6142,3390.3441
143552000,3368.3054,1824200,19724400,5351927700,63730954500,3386.4832,3391.729,3356.6142,3390.3441
143557000,3368.1966,1640500,14393200,5353568200,63745347700,3386.4832,3391.729,3356.6142,3390.3441
143602000,3367.7638,1768600,18811800,5355336800,63764159500,3386.4832,3391.729,3356.6142,3390.3441
143607000,3368.2631,1722700,21056500,5357059500,63785216000,3386.4832,3391.729,3356.6142,3390.3441
143612000,3368.2708,1337300,16982700,5358396800,63802198700,3386.4832,3391.729,3356.6142,3390.3441
143617000,3368.3135,1479700,16394300,5359876500,63818593000,3386.4832,3391.729,3356.6142,3390.3441
143622000,3368.4428,1462200,15030600,5361338700,63833623600,3386.4832,3391.729,3356.6142,3390.3441
143627000,3368.2679,1260200,15114800,5362598900,63848738400,3386.4832,3391.729,3356.6142,3390.3441
143632000,3368.1,1111700,16858700,5363710600,63865597100,3386.4832,3391.729,3356.6142,3390.3441
143638000,3368.2072,1922800,23063000,5365633400,63888660100,3386.4832,3391.729,3356.6142,3390.3441
143643000,3368.2189,1466600,18260700,5367100000,63906920800,3386.4832,3391.729,3356.6142,3390.3441
143648000,3367.9593,1266900,15587300,5368366900,63922508100,3386.4832,3391.729,3356.6142,3390.3441
143653000,3367.9757,2888000,17333300,5371254900,63939841400,3386.4832,3391.729,3356.6142,3390.3441
143658000,3367.9702,2008100,23132900,5373263000,63962974300,3386.4832,3391.729,3356.6142,3390.3441
143703000,3368.1315,1365100,19889600,5374628100,63982863900,3386.4832,3391.729,3356.6142,3390.3441
143708000,3368.1234,2961600,21733600,5377589700,64004597500,3386.4832,3391.729,3356.6142,3390.3441
143713000,3368.2813,1597800,20045600,5379187500,64024643100,3386.4832,3391.729,3356.6142,3390.3441
143718000,3368.0644,1154800,14094000,5380342300,64038737100,3386.4832,3391.729,3356.6142,3390.3441
143723000,3367.7181,1447100,20218000,5381789400,64058955100,3386.4832,3391.729,3356.6142,3390.3441
143728000,3367.6906,2259000,20551100,5384048400,64079506200,3386.4832,3391.729,3356.6142,3390.3441
143733000,3367.8401,1584000,21088500,5385632400,64100594700,3386.4832,3391.729,3356.6142,3390.3441
143738000,3368.209,1158100,14821700,5386790500,64115416400,3386.4832,3391.729,3356.6142,3390.3441
143743000,3368.1994,1311600,17005000,5388102100,64132421400,3386.4832,3391.729,3356.6142,3390.3441
143748000,3367.9117,1225100,15930400,5389327200,64148351800,3386.4832,3391.729,3356.6142,3390.3441
143753000,3367.65,2260400,22501900,5391587600,64170853700,3386.4832,3391.729,3356.6142,3390.3441
143758000,3367.6706,2788000,21129800,5394375600,64191983500,3386.4832,3391.729,3356.6142,3390.3441
143803000,3367.8746,1919900,19556900,5396295500,64211540400,3386.4832,3391.729,3356.6142,3390.3441
143808000,3367.9145,4554900,34422300,5400850400,64245962700,3386.4832,3391.729,3356.6142,3390.3441
143813000,3367.8678,2675800,24056700,5403526200,64270019400,3386.4832,3391.729,3356.6142,3390.3441
143818000,3367.7534,1328900,16649900,5404855100,64286669300,3386.4832,3391.729,3356.6142,3390.3441
143823000,3368.2045,4020700,45740100,5408875800,64332409400,3386.4832,3391.729,3356.6142,3390.3441
143828000,3368.2746,2975500,26282900,5411851300,64358692300,3386.4832,3391.729,3356.6142,3390.3441
143833000,3368.0148,1360200,16787700,5413211500,64375480000,3386.4832,3391.729,3356.6142,3390.3441
143838000,3368.4064,3883700,37170500,5417095200,64412650500,3386.4832,3391.729,3356.6142,3390.3441
143843000,3368.2326,2249900,23937600,5419345100,64436588100,3386.4832,3391.729,3356.6142,3390.3441
143848000,3368.2094,2710400,24827900,5422055500,64461416000,3386.4832,3391.729,3356.6142,3390.3441
143853000,3368.5812,2426200,23353200,5424481700,64484769200,3386.4832,3391.729,3356.6142,3390.3441
143858000,3369.0562,2696800,33236600,5427178500,64518005800,3386.4832,3391.729,3356.6142,3390.3441
143903000,3368.8159,1547200,23317200,5428725700,64541323000,3386.4832,3391.729,3356.6142,3390.3441
143908000,3369.2962,1801100,21641800,5430526800,64562964800,3386.4832,3391.729,3356.6142,3390.3441
143913000,3369.3225,2211800,25034300,5432738600,64587999100,3386.4832,3391.729,3356.6142,3390.3441
143918000,3369.4174,2250200,17242900,5434988800,64605242000,3386.4832,3391.729,3356.6142,3390.3441
143923000,3369.5561,2631600,26263300,5437620400,64631505300,3386.4832,3391.729,3356.6142,3390.3441
143928000,3369.4262,1816000,22875800,5439436400,64654381100,3386.4832,3391.729,3356.6142,3390.3441
143933000,3369.2495,1523700,16509800,5440960100,64670890900,3386.4832,3391.729,3356.6142,3390.3441
143938000,3369.4562,2292000,26219500,5443252100,64697110400,3386.4832,3391.729,3356.6142,3390.3441
143943000,3369.5662,2586900,26091500,5445839000,64723201900,3386.4832,3391.729,3356.6142,3390.3441
143948000,3369.6164,1241100,15574900,5447080100,64738776800,3386.4832,3391.729,3356.6142,3390.3441
143953000,3370.2241,2661500,24555000,5449741600,64763331800,3386.4832,3391.729,3356.6142,3390.3441
143958000,3370.1681,2230200,27690900,5451971800,64791022700,3386.4832,3391.729,3356.6142,3390.3441
144004000,3370.1361,3051700,32717200,5455023500,64823739900,3386.4832,3391.729,3356.6142,3390.3441
144009000,3370.5841,2533900,22032700,5457557400,64845772600,3386.4832,3391.729,3356.6142,3390.3441
144014000,3370.1725,2044700,28665100,5459602100,64874437700,3386.4832,3391.729,3356.6142,3390.3441
144019000,3370.1938,2291200,29547400,5461893300,64903985100,3386.4832,3391.729,3356.6142,3390.3441
144024000,3370.4258,1316900,16324600,5463210200,64920309700,3386.4832,3391.729,3356.6142,3390.3441
144029000,3370.8416,4919300,39878300,5468129500,64960188000,3386.4832,3391.729,3356.6142,3390.3441
144034000,3370.5397,1976100,22974300,5470105600,64983162300,3386.4832,3391.729,3356.6142,3390.3441
144039000,3371.1396,2094800,23926600,5472200400,65007088900,3386.4832,3391.729,3356.6142,3390.3441
144044000,3370.7523,1490200,22825800,5473690600,65029914700,3386.4832,3391.729,3356.6142,3390.3441
144049000,3370.8767,1603600,18303400,5475294200,65048218100,3386.4832,3391.729,3356.6142,3390.3441
144054000,3371.1994,1219500,14380000,5476513700,65062598100,3386.4832,3391.729,3356.6142,3390.3441
144059000,3370.9951,1888000,18749300,5478401700,65081347400,3386.4832,3391.729,3356.6142,3390.3441
144104000,3371.155,1549700,18736700,5479951400,65100084100,3386.4832,3391.729,3356.6142,3390.3441
144109000,3371.2997,1318700,16351000,5481270100,65116435100,3386.4832,3391.729,3356.6142,3390.3441
144114000,3371.2905,2212000,25698700,5483482100,65142133800,3386.4832,3391.729,3356.6142,3390.3441
144119000,3371.5595,3259000,32927900,5486741100,65175061700,3386.4832,3391.729,3356.6142,3390.3441
144124000,3371.8099,2112700,29125100,5488853800,65204186800,3386.4832,3391.729,3356.6142,3390.3441
144129000,3371.3266,2439100,26348600,5491292900,65230535400,3386.4832,3391.729,3356.6142,3390.3441
144134000,3371.4326,1821300,26199100,5493114200,65256734500,3386.4832,3391.729,3356.6142,3390.3441
144139000,3371.7438,1270100,16279300,5494384300,65273013800,3386.4832,3391.729,3356.6142,3390.3441
144144000,3371.8372,2157600,24463100,5496541900,65297476900,3386.4832,3391.729,3356.6142,3390.3441
144149000,3371.7612,2323800,27283100,5498865700,65324760000,3386.4832,3391.729,3356.6142,3390.3441
144154000,3371.7943,1869700,26213600,5500735400,65350973600,3386.4832,3391.729,3356.6142,3390.3441
144159000,3371.5941,1824600,20653500,5502560000,65371627100,3386.4832,3391.729,3356.6142,3390.3441
144204000,3372.181,2245000,28429900,5504805000,65400057000,3386.4832,3391.729,3356.6142,3390.3441
144209000,3372.3909,1329600,16520300,5506134600,65416577300,3386.4832,3391.729,3356.6142,3390.3441
144214000,3372.4237,2342700,25224500,5508477300,65441801800,3386.4832,3391.729,3356.6142,3390.3441
144219000,3372.6507,2167600,26268800,5510644900,65468070600,3386.4832,3391.729,3356.6142,3390.3441
144224000,3372.976,1625400,25621700,5512270300,65493692300,3386.4832,3391.729,3356.6142,3390.3441
144229000,3372.9992,1982200,24324700,5514252500,65518017000,3386.4832,3391.729,3356.6142,3390.3441
144234000,3372.7931,1951800,24901600,5516204300,65542918600,3386.4832,3391.729,3356.6142,3390.3441
144239000,3373.0552,1975200,21913500,5518179500,65564832100,3386.4832,3391.729,3356.6142,3390.3441
144244000,3372.5987,3317400,31060600,5521496900,65595892700,3386.4832,3391.729,3356.6142,3390.3441
144249000,3372.8471,2354900,27555100,5523851800,65623447800,3386.4832,3391.729,3356.6142,3390.3441
144254000,3372.9386,2190200,29350700,5526042000,65652798500,3386.4832,3391.729,3356.6142,3390.3441
144259000,3372.9499,2248900,25846600,5528290900,65678645100,3386.4832,3391.729,3356.6142,3390.3441
144304000,3373.1415,1789400,21506600,5530080300,65700151700,3386.4832,3391.729,3356.6142,3390.3441
144309000,3373.4788,1826600,25323500,5531906900,65725475200,3386.4832,3391.729,3356.6142,3390.3441
144314000,3373.0708,1419000,19553900,5533325900,65745029100,3386.4832,3391.729,3356.6142,3390.3441
144319000,3373.3186,2812900,27986200,5536138800,65773015300,3386.4832,3391.729,3356.6142,3390.3441
144324000,3373.2619,1546500,19823300,5537685300,65792838600,3386.4832,3391.729,3356.6142,3390.3441
144329000,3373.3033,2582200,29551500,5540267500,65822390100,3386.4832,3391.729,3356.6142,3390.3441
144334000,3373.2247,2261600,28877900,5542529100,65851268000,3386.4832,3391.729,3356.6142,3390.3441
144340000,3373.4782,2243900,25450900,5544773000,65876718900,3386.4832,3391.729,3356.6142,3390.3441
144345000,3373.4017,1330100,18706200,5546103100,65895425100,3386.4832,3391.729,3356.6142,3390.3441
144350000,3373.245,1870400,23607300,5547973500,65919032400,3386.4832,3391.729,3356.6142,3390.3441
144355000,3373.6046,1546000,22162700,5549519500,65941195100,3386.4832,3391.729,3356.6142,3390.3441
144400000,3373.6574,1591700,18923400,5551111200,65960118500,3386.4832,3391.729,3356.6142,3390.3441
144405000,3373.5288,1865200,22398200,5552976400,65982516700,3386.4832,3391.729,3356.6142,3390.3441
144410000,3373.5003,2795900,34396500,5555772300,66016913200,3386.4832,3391.729,3356.6142,3390.3441
144415000,3373.736,1524300,16475300,5557296600,66033388500,3386.4832,3391.729,3356.6142,3390.3441
144420000,3373.6905,2680500,28171900,5559977100,66061560400,3386.4832,3391.729,3356.6142,3390.3441
144425000,3373.5663,2284100,27974100,5562261200,66089534500,3386.4832,3391.729,3356.6142,3390.3441
144430000,3373.73,1564300,21167200,5563825500,66110701700,3386.4832,3391.729,3356.6142,3390.3441
144435000,3373.4485,1582500,24451000,5565408000,66135152700,3386.4832,3391.729,3356.6142,3390.3441
144440000,3373.6639,2320600,27737100,5567728600,66162889800,3386.4832,3391.729,3356.6142,3390.3441
144445000,3373.7363,1513000,20831200,5569241600,66183721000,3386.4832,3391.729,3356.6142,3390.3441
144450000,3373.9007,1621800,22306200,5570863400,66206027200,3386.4832,3391.729,3356.6142,3390.3441
144455000,3373.9055,2323400,32102400,5573186800,66238129600,3386.4832,3391.729,3356.6142,3390.3441
144500000,3373.66,1418500,24069300,5574605300,66262198900,3386.4832,3391.729,3356.6142,3390.3441
144505000,3374.3078,3259500,35470700,5577864800,66297669600,3386.4832,3391.729,3356.6142,3390.3441
144510000,3373.7995,2553400,37695300,5580418200,66335364900,3386.4832,3391.729,3356.6142,3390.3441
144515000,3373.7803,2977400,30368800,5583395600,66365733700,3386.4832,3391.729,3356.6142,3390.3441
144520000,3373.9874,1919900,23541600,5585315500,66389275300,3386.4832,3391.729,3356.6142,3390.3441
144525000,3374.3636,3155000,38656000,5588470500,66427931300,3386.4832,3391.729,3356.6142,3390.3441
144530000,3374.2997,1728900,21577000,5590199400,66449508300,3386.4832,3391.729,3356.6142,3390.3441
144535000,3374.249,4293200,40992500,5594492600,66490500800,3386.4832,3391.729,3356.6142,3390.3441
144540000,3374.0817,1892400,26767400,5596385000,66517268200,3386.4832,3391.729,3356.6142,3390.3441
144545000,3374.1261,3563700,27146000,5599948700,66544414200,3386.4832,3391.729,3356.6142,3390.3441
144550000,3374.4121,3734400,38641100,5603683100,66583055300,3386.4832,3391.729,3356.6142,3390.3441
144555000,3374.6574,3147200,35611200,5606830300,66618666500,3386.4832,3391.729,3356.6142,3390.3441
144600000,3374.8998,2526000,29387100,5609356300,66648053600,3386.4832,3391.729,3356.6142,3390.3441
144605000,3374.546,4411000,40216100,5613767300,66688269700,3386.4832,3391.729,3356.6142,3390.3441
144610000,3374.894,4443000,43131500,5618210300,66731401200,3386.4832,3391.729,3356.6142,3390.3441
144615000,3375.0173,2190400,25788800,5620400700,66757190000,3386.4832,3391.729,3356.6142,3390.3441
144620000,3374.7549,2168600,27112900,5622569300,66784302900,3386.4832,3391.729,3356.6142,3390.3441
144625000,3374.8665,3130700,38309800,5625700000,66822612700,3386.4832,3391.729,3356.6142,3390.3441
144630000,3374.9312,2099800,25679700,5627799800,66848292400,3386.4832,3391.729,3356.6142,3390.3441
144635000,3374.7159,2226400,29380900,5630026200,66877673300,3386.4832,3391.729,3356.6142,3390.3441
144640000,3374.7164,2092700,28887600,5632118900,66906560900,3386.4832,3391.729,3356.6142,3390.3441
144645000,3374.7123,1443900,17357000,5633562800,66923917900,3386.4832,3391.729,3356.6142,3390.3441
144650000,3374.6665,2345900,23974700,5635908700,66947892600,3386.4832,3391.729,3356.6142,3390.3441
144655000,3374.4353,4388500,42211300,5640297200,66990103900,3386.4832,3391.729,3356.6142,3390.3441
144701000,3374.766,3121300,37258800,5643418500,67027362700,3386.4832,3391.729,3356.6142,3390.3441
144706000,3374.696,3348900,32372200,5646767400,67059734900,3386.4832,3391.729,3356.6142,3390.3441
144711000,3374.6627,2372300,26900900,5649139700,67086635800,3386.4832,3391.729,3356.6142,3390.3441
144716000,3374.7071,3243100,36738700,5652382800,67123374500,3386.4832,3391.729,3356.6142,3390.3441
144721000,3374.5328,1436500,14758100,5653819300,67138132600,3386.4832,3391.729,3356.6142,3390.3441
144726000,3374.1185,3630900,34363800,5657450200,67172496400,3386.4832,3391.729,3356.6142,3390.3441
144731000,3374.4062,2415200,30257800,5659865400,67202754200,3386.4832,3391.729,3356.6142,3390.3441
144736000,3374.35,1821400,23903000,5661686800,67226657200,3386.4832,3391.729,3356.6142,3390.3441
144741000,3374.2248,2312800,29450600,5663999600,67256107800,3386.4832,3391.729,3356.6142,3390.3441
144746000,3374.4003,2593300,32922200,5666592900,67289030000,3386.4832,3391.729,3356.6142,3390.3441
144751000,3374.1796,2110600,26446100,5668703500,67315476100,3386.4832,3391.729,3356.6142,3390.3441
144756000,3373.8525,2306900,30573900,5671010400,67346050000,3386.4832,3391.729,3356.6142,3390.3441
144801000,3373.7864,2947800,34323800,5673958200,67380373800,3386.4832,3391.729,3356.6142,3390.3441
144806000,3373.7723,2223600,25868400,5676181800,67406242200,3386.4832,3391.729,3356.6142,3390.3441
144811000,3373.4222,2750800,34080900,5678932600,67440323100,3386.4832,3391.729,3356.6142,3390.3441
144816000,3373.7621,3001000,36803600,5681933600,67477126700,3386.4832,3391.729,3356.6142,3390.3441
144821000,3373.7625,2280100,24785800,5684213700,67501912500,3386.4832,3391.729,3356.6142,3390.3441
144826000,3373.7868,2646800,28417100,5686860500,67530329600,3386.4832,3391.729,3356.6142,3390.3441
144831000,3373.5381,3200900,41261900,5690061400,67571591500,3386.4832,3391.729,3356.6142,3390.3441
144836000,3373.3605,2577300,29466200,5692638700,67601057700,3386.4832,3391.729,3356.6142,3390.3441
144841000,3373.5661,1817300,22386700,5694456000,67623444400,3386.4832,3391.729,3356.6142,3390.3441
144846000,3373.3274,2661500,37426700,5697117500,67660871100,3386.4832,3391.729,3356.6142,3390.3441
144851000,3373.4655,1448500,20648100,5698566000,67681519200,3386.4832,3391.729,3356.6142,3390.3441
144856000,3373.561,1786700,26459400,5700352700,67707978600,3386.4832,3391.729,3356.6142,3390.3441
144901000,3372.9595,2866200,38048200,5703218900,67746026800,3386.4832,3391.729,3356.6142,3390.3441
144906000,3373.3233,2228900,29103600,5705447800,67775130400,3386.4832,3391.729,3356.6142,3390.3441
144911000,3373.0966,1865600,27633700,5707313400,67802764100,3386.4832,3391.729,3356.6142,3390.3441
144916000,3372.9817,2268000,26722700,5709581400,67829486800,3386.4832,3391.729,3356.6142,3390.3441
144921000,3372.2986,1508300,20043400,5711089700,67849530200,3386.4832,3391.729,3356.6142,3390.3441
144926000,3372.5633,4227100,39667700,5715316800,67889197900,3386.4832,3391.729,3356.6142,3390.3441
144931000,3372.1091,2652800,35381600,5717969600,67924579500,3386.4832,3391.729,3356.6142,3390.3441
144936000,3372.332,2153700,24019400,5720123300,67948598900,3386.4832,3391.729,3356.6142,3390.3441
144941000,3372.472,2192700,28562900,5722316000,67977161800,3386.4832,3391.729,3356.6142,3390.3441
144946000,3372.5843,2820700,35558100,5725136700,68012719900,3386.4832,3391.729,3356.6142,3390.3441
144951000,3372.1878,2146600,21571600,5727283300,68034291500,3386.4832,3391.729,3356.6142,3390.3441
144956000,3372.3756,2102200,25341700,5729385500,68059633200,3386.4832,3391.729,3356.6142,3390.3441
145001000,3372.1751,2410400,30198400,5731795900,68089831600,3386.4832,3391.729,3356.6142,3390.3441
145006000,3372.5606,3125200,38349100,5734921100,68128180700,3386.4832,3391.729,3356.6142,3390.3441
145011000,3372.4166,2778400,32649500,5737699500,68160830200,3386.4832,3391.729,3356.6142,3390.3441
145016000,3372.2418,2357000,30695600,5740056500,68191525800,3386.4832,3391.729,3356.6142,3390.3441
145021000,3372.2389,2082600,23428800,5742139100,68214954600,3386.4832,3391.729,3356.6142,3390.3441
145026000,3372.3979,2419000,27902800,5744558100,68242857400,3386.4832,3391.729,3356.6142,3390.3441
145032000,3372.1756,2959000,35619700,5747517100,68278477100,3386.4832,3391.729,3356.6142,3390.3441
145037000,3372.3462,2556200,30373300,5750073300,68308850400,3386.4832,3391.729,3356.6142,3390.3441
145042000,3372.2221,1732600,24292400,5751805900,68333142800,3386.4832,3391.729,3356.6142,3390.3441
145047000,3371.9728,2070100,34965700,5753876000,68368108500,3386.4832,3391.729,3356.6142,3390.3441
145052000,3372.1779,2292300,28704200,5756168300,68396812700,3386.4832,3391.729,3356.6142,3390.3441
145057000,3371.7899,1627400,24656800,5757795700,68421469500,3386.4832,3391.729,3356.6142,3390.3441
145102000,3372.0728,2307700,30257100,5760103400,68451726600,3386.4832,3391.729,3356.6142,3390.3441
145107000,3371.0408,3076400,36752300,5763179800,68488478900,3386.4832,3391.729,3356.6142,3390.3441
145112000,3371.2174,1629100,23622300,5764808900,68512101200,3386.4832,3391.729,3356.6142,3390.3441
145117000,3371.5264,2393400,30869000,5767202300,68542970200,3386.4832,3391.729,3356.6142,3390.3441
145122000,3371.6022,2515100,32758200,5769717400,68575728400,3386.4832,3391.729,3356.6142,3390.3441
145127000,3371.5922,2043900,24640200,5771761300,68600368600,3386.4832,3391.729,3356.6142,3390.3441
145132000,3371.4978,2407100,31244200,5774168400,68631612800,3386.4832,3391.729,3356.6142,3390.3441
145137000,3371.553,3853600,38170200,5778022000,68669783000,3386.4832,3391.729,3356.6142,3390.3441
145142000,3371.0434,1854500,22162400,5779876500,68691945400,3386.4832,3391.729,3356.6142,3390.3441
145147000,3371.263,2123200,26032900,5781999700,68717978300,3386.4832,3391.729,3356.6142,3390.3441
145152000,3371.1558,2086300,26988900,5784086000,68744967200,3386.4832,3391.729,3356.6142,3390.3441
145157000,3371.0692,1993200,26332900,5786079200,68771300100,3386.4832,3391.729,3356.6142,3390.3441
145202000,3370.6948,2793700,31934600,5788872900,68803234700,3386.4832,3391.729,3356.6142,3390.3441
145207000,3371.0362,3265900,38234100,5792138800,68841468800,3386.4832,3391.729,3356.6142,3390.3441
145212000,3370.9088,1837900,23699000,5793976700,68865167800,3386.4832,3391.729,3356.6142,3390.3441
145217000,3371.0206,2337000,25080300,5796313700,68890248100,3386.4832,3391.729,3356.6142,3390.3441
145222000,3370.8148,2424200,32546300,5798737900,68922794400,3386.4832,3391.729,3356.6142,3390.3441
145227000,3370.9328,2033900,28410800,5800771800,68951205200,3386.4832,3391.729,3356.6142,3390.3441
145232000,3370.5548,2270100,24878800,5803041900,68976084000,3386.4832,3391.729,3356.6142,3390.3441
145237000,3370.7545,2879900,30084800,5805921800,69006168800,3386.4832,3391.729,3356.6142,3390.3441
145242000,3370.6507,2056000,23204500,5807977800,69029373300,3386.4832,3391.729,3356.6142,3390.3441
145247000,3370.467,2271100,26416400,5810248900,69055789700,3386.4832,3391.729,3356.6142,3390.3441
145252000,3370.4761,2815200,35577400,5813064100,69091367100,3386.4832,3391.729,3356.6142,3390.3441
145257000,3370.4647,2466300,25685700,5815530400,69117052800,3386.4832,3391.729,3356.6142,3390.3441
145302000,3370.3253,6475500,49511900,5822005900,69166564700,3386.4832,3391.729,3356.6142,3390.3441
145307000,3370.4627,2315500,31643100,5824321400,69198207800,3386.4832,3391.729,3356.6142,3390.3441
145312000,3370.3153,2293300,27077500,5826614700,69225285300,3386.4832,3391.729,3356.6142,3390.3441
145317000,3370.1859,2423600,30151300,5829038300,69255436600,3386.4832,3391.729,3356.6142,3390.3441
145322000,3370.0595,3243500,35865600,5832281800,69291302200,3386.4832,3391.729,3356.6142,3390.3441
145327000,3370.2601,1942300,24937400,5834224100,69316239600,3386.4832,3391.729,3356.6142,3390.3441
145332000,3370.0755,3212800,30185600,5837436900,69346425200,3386.4832,3391.729,3356.6142,3390.3441
145337000,3370.5596,3927500,46138700,5841364400,69392563900,3386.4832,3391.729,3356.6142,3390.3441
145342000,3370.3918,1837900,26108900,5843202300,69418672800,3386.4832,3391.729,3356.6142,3390.3441
145347000,3370.1864,3031200,33686800,5846233500,69452359600,3386.4832,3391.729,3356.6142,3390.3441
145352000,3370.1967,2737100,34425600,5848970600,69486785200,3386.4832,3391.729,3356.6142,3390.3441
145358000,3370.2302,3736900,37849500,5852707500,69524634700,3386.4832,3391.729,3356.6142,3390.3441
145403000,3369.8533,1991000,27483800,5854698500,69552118500,3386.4832,3391.729,3356.6142,3390.3441
145408000,3370.2927,2731700,34990900,5857430200,69587109400,3386.4832,3391.729,3356.6142,3390.3441
145413000,3370.4249,2751900,33323200,5860182100,69620432600,3386.4832,3391.729,3356.6142,3390.3441
145418000,3369.8484,2215600,29882500,5862397700,69650315100,3386.4832,3391.729,3356.6142,3390.3441
145423000,3370.051,2503700,31415800,5864901400,69681730900,3386.4832,3391.729,3356.6142,3390.3441
145428000,3370.4555,2932700,37135400,5867834100,69718866300,3386.4832,3391.729,3356.6142,3390.3441
145433000,3369.9939,2265700,26402400,5870099800,69745268700,3386.4832,3391.729,3356.6142,3390.3441
145438000,3370.265,2236000,28804200,5872335800,69774072900,3386.4832,3391.729,3356.6142,3390.3441
145443000,3370.0471,3238400,35710500,5875574200,69809783400,3386.4832,3391.729,3356.6142,3390.3441
145448000,3370.4028,2034700,25231000,5877608900,69835014400,3386.4832,3391.729,3356.6142,3390.3441
145453000,3370.5713,2156900,32634500,5879765800,69867648900,3386.4832,3391.729,3356.6142,3390.3441
145458000,3370.6624,3613900,34222000,5883379700,69901870900,3386.4832,3391.729,3356.6142,3390.3441
145503000,3370.3424,2580200,29962200,5885959900,69931833100,3386.4832,3391.729,3356.6142,3390.3441
145508000,3370.7361,2386600,32347700,5888346500,69964180800,3386.4832,3391.729,3356.6142,3390.3441
145513000,3370.8476,2780400,30392200,5891126900,69994573000,3386.4832,3391.729,3356.6142,3390.3441
145518000,3370.3079,2332800,30185000,5893459700,70024758000,3386.4832,3391.729,3356.6142,3390.3441
145523000,3370.5965,2731500,36070200,5896191200,70060828200,3386.4832,3391.729,3356.6142,3390.3441
145528000,3370.826,3237700,37289700,5899428900,70098117900,3386.4832,3391.729,3356.6142,3390.3441
145533000,3370.7771,2736300,36571000,5902165200,70134688900,3386.4832,3391.729,3356.6142,3390.3441
145538000,3370.8308,2599900,28468800,5904765100,70163157700,3386.4832,3391.729,3356.6142,3390.3441
145543000,3371.0411,2880900,38333100,5907646000,70201490800,3386.4832,3391.729,3356.6142,3390.3441
145548000,3370.5851,2291400,30494100,5909937400,70231984900,3386.4832,3391.729,3356.6142,3390.3441
145553000,3370.9253,2800900,33613700,5912738300,70265598600,3386.4832,3391.729,3356.6142,3390.3441
145558000,3370.8319,4061100,48074900,5916799400,70313673500,3386.4832,3391.729,3356.6142,3390.3441
145603000,3371.0673,1999500,25095300,5918798900,70338768800,3386.4832,3391.729,3356.6142,3390.3441
145608000,3370.7979,4119300,48612700,5922918200,70387381500,3386.4832,3391.729,3356.6142,3390.3441
145613000,3370.7635,3292900,36758900,5926211100,70424140400,3386.4832,3391.729,3356.6142,3390.3441
145618000,3370.7432,2451600,25725600,5928662700,70449866000,3386.4832,3391.729,3356.6142,3390.3441
145623000,3370.9785,3186700,38788300,5931849400,70488654300,3386.4832,3391.729,3356.6142,3390.3441
145628000,3371.1074,3451700,43810000,5935301100,70532464300,3386.4832,3391.729,3356.6142,3390.3441
145633000,3371.0543,3146600,30722400,5938447700,70563186700,3386.4832,3391.729,3356.6142,3390.3441
145638000,3370.9197,3954600,44114200,5942402300,70607300900,3386.4832,3391.729,3356.6142,3390.3441
145643000,3371.1616,2903600,38777600,5945305900,70646078500,3386.4832,3391.729,3356.6142,3390.3441
145648000,3371.0631,2648000,38915800,5947953900,70684994300,3386.4832,3391.729,3356.6142,3390.3441
145653000,3371.2458,3218300,39114500,5951172200,70724108800,3386.4832,3391.729,3356.6142,3390.3441
145658000,3371.748,4239400,45482400,5955411600,70769591200,3386.4832,3391.729,3356.6142,3390.3441
145703000,3371.5752,3615200,49855100,5959026800,70819446300,3386.4832,3391.729,3356.6142,3390.3441
145708000,3371.6582,1864000,17700900,5960890800,70837147200,3386.4832,3391.729,3356.6142,3390.3441
145713000,3371.4446,2758000,25832100,5963648800,70862979300,3386.4832,3391.729,3356.6142,3390.3441
145718000,3371.3825,1870900,21969600,5965519700,70884948900,3386.4832,3391.729,3356.6142,3390.3441
145723000,3371.6225,1703700,17878900,5967223400,70902827800,3386.4832,3391.729,3356.6142,3390.3441
145728000,3371.5859,2065300,23161600,5969288700,70925989400,3386.4832,3391.729,3356.6142,3390.3441
145733000,3371.8374,2906000,25361300,5972194700,70951350700,3386.4832,3391.729,3356.6142,3390.3441
145738000,3371.9491,1760400,17676400,5973955100,70969027100,3386.4832,3391.729,3356.6142,3390.3441
145743000,3371.7459,1505000,21387000,5975460100,70990414100,3386.4832,3391.729,3356.6142,3390.3441
145748000,3371.924,1630300,19497400,5977090400,71009911500,3386.4832,3391.729,3356.6142,3390.3441
145754000,3372.1565,1630800,21200900,5978721200,71031112400,3386.4832,3391.729,3356.6142,3390.3441
145759000,3371.9755,1682400,16431000,5980403600,71047543400,3386.4832,3391.729,3356.6142,3390.3441
145804000,3372.086,3307200,31751000,5983710800,71079294400,3386.4832,3391.729,3356.6142,3390.3441
145809000,3372.0904,2219200,30250100,5985930000,71109544500,3386.4832,3391.729,3356.6142,3390.3441
145814000,3372.2204,1547700,16442600,5987477700,71125987100,3386.4832,3391.729,3356.6142,3390.3441
145819000,3372.2057,2209300,28248200,5989687000,71154235300,3386.4832,3391.729,3356.6142,3390.3441
145824000,3372.1342,2106200,24546900,5991793200,71178782200,3386.4832,3391.729,3356.6142,3390.3441
145829000,3372.1477,1815200,17603900,5993608400,71196386100,3386.4832,3391.729,3356.6142,3390.3441
145834000,3372.3311,2233400,24395900,5995841800,71220782000,3386.4832,3391.729,3356.6142,3390.3441
145839000,3372.4106,1625400,23822800,5997467200,71244604800,3386.4832,3391.729,3356.6142,3390.3441
145844000,3372.2985,1788400,19331500,5999255600,71263936300,3386.4832,3391.729,3356.6142,3390.3441
145849000,3372.1957,1875900,22034100,6001131500,71285970400,3386.4832,3391.729,3356.6142,3390.3441
145854000,3372.0895,2108500,25895600,6003240000,71311866000,3386.4832,3391.729,3356.6142,3390.3441
145859000,3372.4788,2578300,24157300,6005818300,71336023300,3386.4832,3391.729,3356.6142,3390.3441
145904000,3372.4828,2285900,26019000,6008104200,71362042300,3386.4832,3391.729,3356.6142,3390.3441
145909000,3372.593,2402300,32071600,6010506500,71394113900,3386.4832,3391.729,3356.6142,3390.3441
145914000,3372.652,2457600,28468200,6012964100,71422582100,3386.4832,3391.729,3356.6142,3390.3441
145919000,3372.6973,2708100,33614100,6015672200,71456196200,3386.4832,3391.729,3356.6142,3390.3441
145924000,3372.7671,3171100,33362000,6018843300,71489558200,3386.4832,3391.729,3356.6142,3390.3441
145929000,3372.5357,3131200,29413200,6021974500,71518971400,3386.4832,3391.729,3356.6142,3390.3441
145934000,3373.0938,3925700,41812700,6025900200,71560784100,3386.4832,3391.729,3356.6142,3390.3441
145939000,3372.509,2183200,26723500,6028083400,71587507600,3386.4832,3391.729,3356.6142,3390.3441
145944000,3372.8016,1461600,17746800,6029545000,71605254400,3386.4832,3391.729,3356.6142,3390.3441
145949000,3373.0271,1892000,21540000,6031437000,71626794400,3386.4832,3391.729,3356.6142,3390.3441
145954000,3372.362,3605400,35602100,6035042400,71662396500,3386.4832,3391.729,3356.6142,3390.3441
145959000,3372.8507,1607200,15066800,6036649600,71677463300,3386.4832,3391.729,3356.6142,3390.3441
150003000,3373.1017,26845500,412048200,6063495100,72089511500,3386.4832,3391.729,3356.6142,3390.3441
150003000,3373.1111,1649500,32481100,6065144600,72121992600,3386.4832,3391.729,3356.6142,3390.3441
150103000,3372.9137,0,0,6065144600,72121992600,3386.4832,3391.729,3356.6142,3390.3441
