Time,Price,Volume,Turnover,AccVolume,AccTurnover,Open,High,Low,PreClose
92516000,3398.9265,134816200,1424149200,134816200,1424149200,3398.9265,3398.9265,3398.9265,3467.5155
93000000,3397.9122,2243900,22158400,137060100,1446307600,3398.9265,3398.9265,3397.9122,3467.5155
93005000,3392.6768,84146400,1041363800,221206500,2487671400,3398.9265,3398.9265,3392.6768,3467.5155
93009000,3389.9723,31055500,402070600,252262000,2889742000,3398.9265,3398.9265,3389.9723,3467.5155
93015000,3387.6181,9266200,109711600,261528200,2999453600,3398.9265,3398.9265,3387.6181,3467.5155
93020000,3386.3993,9543400,158930700,271071600,3158384300,3398.9265,3398.9265,3386.3993,3467.5155
93024000,3385.4616,10507300,113043600,281578900,3271427900,3398.9265,3398.9265,3385.4616,3467.5155
93030000,3385.2295,12818900,144162100,294397800,3415590000,3398.9265,3398.9265,3384.7912,3467.5155
93035000,3384.3721,9597700,115312900,303995500,3530902900,3398.9265,3398.9265,3384.3721,3467.5155
93039000,3384.3119,10442700,130951700,314438200,3661854600,3398.9265,3398.9265,3383.7241,3467.5155
93045000,3383.7448,10368500,120640600,324806700,3782495200,3398.9265,3398.9265,3383.7241,3467.5155
93050000,3383.613,9220500,110288100,334027200,3892783300,3398.9265,3398.9265,3383.4399,3467.5155
93054000,3383.5019,8164200,102895200,342191400,3995678500,3398.9265,3398.9265,3383.4399,3467.5155
93100000,3383.7789,11153500,142586200,353344900,4138264700,3398.9265,3398.9265,3383.237,3467.5155
93105000,3384.3071,11473500,126060900,364818400,4264325600,3398.9265,3398.9265,3383.237,3467.5155
93109000,3384.2322,12777800,142486900,377596200,4406812500,3398.9265,3398.9265,3383.237,3467.5155
93115000,3384.9945,9328800,117695600,386925000,4524508100,3398.9265,3398.9265,3383.237,3467.5155
93120000,3385.5624,8770600,109345600,395695600,4633853700,3398.9265,3398.9265,3383.237,3467.5155
93124000,3387.5284,10202300,115390200,405897900,4749243900,3398.9265,3398.9265,3383.237,3467.5155
93130000,3387.7126,9911100,127362600,415809000,4876606500,3398.9265,3398.9265,3383.237,3467.5155
93135000,3388.7425,8143000,101764600,423952000,4978371100,3398.9265,3398.9265,3383.237,3467.5155
93139000,3389.0168,10757400,124756400,434709400,5103127500,3398.9265,3398.9265,3383.237,3467.5155
93145000,3389.4602,9447300,104145500,444156700,5207273000,3398.9265,3398.9265,3383.237,3467.5155
93150000,3390.2349,6912800,95105400,451069500,5302378400,3398.9265,3398.9265,3383.237,3467.5155
93154000,3390.8612,6618900,87637900,457688400,5390016300,3398.9265,3398.9265,3383.237,3467.5155
93200000,3391.7352,13598900,127083000,471287300,5517099300,3398.9265,3398.9265,3383.237,3467.5155
93205000,3392.563,7307100,96502500,478594400,5613601800,3398.9265,3398.9265,3383.237,3467.5155
93209000,3392.4523,10919300,130257700,489513700,5743859500,3398.9265,3398.9265,3383.237,3467.5155
93215000,3392.3161,7460700,101182200,496974400,5845041700,3398.9265,3398.9265,3383.237,3467.5155
93220000,3393.1154,8883000,112258600,505857400,5957300300,3398.9265,3398.9265,3383.237,3467.5155
93224000,3391.9809,7672300,108149100,513529700,6065449400,3398.9265,3398.9265,3383.237,3467.5155
93230000,3392.2886,10549300,128046700,524079000,6193496100,3398.9265,3398.9265,3383.237,3467.5155
93235000,3392.4834,6793200,92384700,530872200,6285880800,3398.9265,3398.9265,3383.237,3467.5155
93241000,3392.8859,10054300,121296000,540926500,6407176800,3398.9265,3398.9265,3383.237,3467.5155
93245000,3393.0652,9018100,107769400,549944600,6514946200,3398.9265,3398.9265,3383.237,3467.5155
93251000,3392.8609,7492400,99262900,557437000,6614209100,3398.9265,3398.9265,3383.237,3467.5155
93256000,3393.1892,6714500,106304800,564151500,6720513900,3398.9265,3398.9265,3383.237,3467.5155
93300000,3394.3118,7514400,95316500,571665900,6815830400,3398.9265,3398.9265,3383.237,3467.5155
93306000,3393.3763,7935000,100053500,579600900,6915883900,3398.9265,3398.9265,3383.237,3467.5155
93311000,3393.52,6463800,93837600,586064700,7009721500,3398.9265,3398.9265,3383.237,3467.5155
93315000,3393.7257,7235000,89297400,593299700,7099018900,3398.9265,3398.9265,3383.237,3467.5155
93321000,3393.6515,7092700,87243500,600392400,7186262400,3398.9265,3398.9265,3383.237,3467.5155
93326000,3393.8925,5743300,69437900,606135700,7255700300,3398.9265,3398.9265,3383.237,3467.5155
93330000,3394.1155,6564100,80479000,612699800,7336179300,3398.9265,3398.9265,3383.237,3467.5155
93336000,3393.8714,8745800,113879900,621445600,7450059200,3398.9265,3398.9265,3383.237,3467.5155
93341000,3393.8943,5527300,89902000,626972900,7539961200,3398.9265,3398.9265,3383.237,3467.5155
93345000,3394.3787,8482200,119365100,635455100,7659326300,3398.9265,3398.9265,3383.237,3467.5155
93351000,3394.6701,6477900,84068200,641933000,7743394500,3398.9265,3398.9265,3383.237,3467.5155
93356000,3394.5514,7010100,77372000,648943100,7820766500,3398.9265,3398.9265,3383.237,3467.5155
93400000,3394.5516,4903800,60685100,653846900,7881451600,3398.9265,3398.9265,3383.237,3467.5155
93406000,3394.2923,8928600,107621800,662775500,7989073400,3398.9265,3398.9265,3383.237,3467.5155
93411000,3393.8089,6996000,93995600,669771500,8083069000,3398.9265,3398.9265,3383.237,3467.5155
93415000,3393.7129,9694300,120551700,679465800,8203620700,3398.9265,3398.9265,3383.237,3467.5155
93421000,3392.3116,10051600,134624800,689517400,8338245500,3398.9265,3398.9265,3383.237,3467.5155
93426000,3391.4085,7186300,103986000,696703700,8442231500,3398.9265,3398.9265,3383.237,3467.5155
93430000,3390.709,8724900,113415100,705428600,8555646600,3398.9265,3398.9265,3383.237,3467.5155
93436000,3389.9671,10871400,151246100,716300000,8706892700,3398.9265,3398.9265,3383.237,3467.5155
93441000,3389.3146,7303500,93704600,723603500,8800597300,3398.9265,3398.9265,3383.237,3467.5155
93445000,3388.5196,11600500,133328300,735204000,8933925600,3398.9265,3398.9265,3383.237,3467.5155
93451000,3387.7656,9540200,116081500,744744200,9050007100,3398.9265,3398.9265,3383.237,3467.5155
93456000,3386.932,9437000,95021600,754181200,9145028700,3398.9265,3398.9265,3383.237,3467.5155
93500000,3386.3091,6897900,98825900,761079100,9243854600,3398.9265,3398.9265,3383.237,3467.5155
93506000,3385.3614,9611200,126844300,770690300,9370698900,3398.9265,3398.9265,3383.237,3467.5155
93511000,3384.3834,11882200,136139200,782572500,9506838100,3398.9265,3398.9265,3383.237,3467.5155
93515000,3383.4102,10580900,135828500,793153400,9642666600,3398.9265,3398.9265,3383.237,3467.5155
93521000,3382.5993,8581600,106484800,801735000,9749151400,3398.9265,3398.9265,3382.2854,3467.5155
93526000,3381.705,7725300,94277300,809460300,9843428700,3398.9265,3398.9265,3381.705,3467.5155
93530000,3381.3496,9663300,104897200,819123600,9948325900,3398.9265,3398.9265,3381.3,3467.5155
93536000,3380.563,11085700,138597500,830209300,10086923400,3398.9265,3398.9265,3380.563,3467.5155
93541000,3379.9799,9275600,97286100,839484900,10184209500,3398.9265,3398.9265,3379.9799,3467.5155
93545000,3378.8682,10222800,116799600,849707700,10301009100,3398.9265,3398.9265,3378.8682,3467.5155
93551000,3378.1489,10051500,128542700,859759200,10429551800,3398.9265,3398.9265,3378.1489,3467.5155
93556000,3377.6852,11684200,119281000,871443400,10548832800,3398.9265,3398.9265,3377.6852,3467.5155
93600000,3376.8941,10128500,121275800,881571900,10670108600,3398.9265,3398.9265,3376.8941,3467.5155
93606000,3375.9654,16399800,167504900,897971700,10837613500,3398.9265,3398.9265,3375.9654,3467.5155
93611000,3375.5695,13518500,127308500,911490200,10964922000,3398.9265,3398.9265,3375.5695,3467.5155
93615000,3375.323,12933000,142327300,924423200,11107249300,3398.9265,3398.9265,3375.323,3467.5155
93621000,3375.397,7620400,105166700,932043600,11212416000,3398.9265,3398.9265,3375.1441,3467.5155
93626000,3376.0898,9091300,120567000,941134900,11332983000,3398.9265,3398.9265,3375.1441,3467.5155
93630000,3375.8939,9390300,114662900,950525200,11447645900,3398.9265,3398.9265,3375.1441,3467.5155
93636000,3376.6803,12267400,130318900,962792600,11577964800,3398.9265,3398.9265,3375.1441,3467.5155
93642000,3377.464,11515300,136951600,974307900,11714916400,3398.9265,3398.9265,3375.1441,3467.5155
93647000,3377.7627,6848500,89705400,981156400,11804621800,3398.9265,3398.9265,3375.1441,3467.5155
93651000,3378.2796,12575400,119664600,993731800,11924286400,3398.9265,3398.9265,3375.1441,3467.5155
93657000,3379.3898,7649300,90661800,1001381100,12014948200,3398.9265,3398.9265,3375.1441,3467.5155
93702000,3379.8892,6621600,80483700,1008002700,12095431900,3398.9265,3398.9265,3375.1441,3467.5155
93706000,3380.4551,6704500,70620600,1014707200,12166052500,3398.9265,3398.9265,3375.1441,3467.5155
93712000,3380.8171,9247300,111659500,1023954500,12277712000,3398.9265,3398.9265,3375.1441,3467.5155
93717000,3381.2711,7339900,82038400,1031294400,12359750400,3398.9265,3398.9265,3375.1441,3467.5155
93721000,3382.0258,6414200,83233000,1037708600,12442983400,3398.9265,3398.9265,3375.1441,3467.5155
93727000,3382.6313,6600100,74239600,1044308700,12517223000,3398.9265,3398.9265,3375.1441,3467.5155
93732000,3383.3155,5634000,66935000,1049942700,12584158000,3398.9265,3398.9265,3375.1441,3467.5155
93736000,3383.3471,5000200,62309800,1054942900,12646467800,3398.9265,3398.9265,3375.1441,3467.5155
93742000,3384.3448,8363500,96689100,1063306400,12743156900,3398.9265,3398.9265,3375.1441,3467.5155
93747000,3384.8156,4538600,65544500,1067845000,12808701400,3398.9265,3398.9265,3375.1441,3467.5155
93751000,3385.3183,8265700,102209400,1076110700,12910910800,3398.9265,3398.9265,3375.1441,3467.5155
93757000,3386.2346,6298400,82579700,1082409100,12993490500,3398.9265,3398.9265,3375.1441,3467.5155
93802000,3386.1365,4045700,54193600,1086454800,13047684100,3398.9265,3398.9265,3375.1441,3467.5155
93806000,3386.5359,4855800,65182400,1091310600,13112866500,3398.9265,3398.9265,3375.1441,3467.5155
93812000,3386.8919,7339200,84912600,1098649800,13197779100,3398.9265,3398.9265,3375.1441,3467.5155
93817000,3386.993,4716500,64957400,1103366300,13262736500,3398.9265,3398.9265,3375.1441,3467.5155
93821000,3387.4199,5737700,78396400,1109104000,13341132900,3398.9265,3398.9265,3375.1441,3467.5155
93827000,3387.9111,5287300,62028100,1114391300,13403161000,3398.9265,3398.9265,3375.1441,3467.5155
93832000,3387.7733,4987800,66739000,1119379100,13469900000,3398.9265,3398.9265,3375.1441,3467.5155
93836000,3388.0981,4768700,55464500,1124147800,13525364500,3398.9265,3398.9265,3375.1441,3467.5155
93842000,3388.5825,6408800,72617500,1130556600,13597982000,3398.9265,3398.9265,3375.1441,3467.5155
93847000,3388.8464,4743400,59892500,1135300000,13657874500,3398.9265,3398.9265,3375.1441,3467.5155
93851000,3389.4057,5216100,63345700,1140516100,13721220200,3398.9265,3398.9265,3375.1441,3467.5155
93857000,3390.0323,5007200,61633500,1145523300,13782853700,3398.9265,3398.9265,3375.1441,3467.5155
93902000,3390.7731,3906700,58597400,1149430000,13841451100,3398.9265,3398.9265,3375.1441,3467.5155
93906000,3391.3204,4746600,60690100,1154176600,13902141200,3398.9265,3398.9265,3375.1441,3467.5155
93912000,3391.7743,6036800,68608400,1160213400,13970749600,3398.9265,3398.9265,3375.1441,3467.5155
93917000,3392.13,3837200,52077900,1164050600,14022827500,3398.9265,3398.9265,3375.1441,3467.5155
93921000,3392.0747,5301600,64593300,1169352200,14087420800,3398.9265,3398.9265,3375.1441,3467.5155
93927000,3392.3425,4541700,56683900,1173893900,14144104700,3398.9265,3398.9265,3375.1441,3467.5155
93932000,3392.3623,3764800,49738500,1177658700,14193843200,3398.9265,3398.9265,3375.1441,3467.5155
93936000,3392.3899,6445200,63800300,1184103900,14257643500,3398.9265,3398.9265,3375.1441,3467.5155
93942000,3391.5427,6571100,85985400,1190675000,14343628900,3398.9265,3398.9265,3375.1441,3467.5155
93947000,3392.6675,4051300,54000700,1194726300,14397629600,3398.9265,3398.9265,3375.1441,3467.5155
93951000,3393.589,4733500,57632000,1199459800,14455261600,3398.9265,3398.9265,3375.1441,3467.5155
93957000,3393.1959,3989800,53406400,1203449600,14508668000,3398.9265,3398.9265,3375.1441,3467.5155
94002000,3393.6688,5022500,60169500,1208472100,14568837500,3398.9265,3398.9265,3375.1441,3467.5155
94006000,3394.0504,4492700,58827900,1212964800,14627665400,3398.9265,3398.9265,3375.1441,3467.5155
94012000,3394.1476,6101900,70324800,1219066700,14697990200,3398.9265,3398.9265,3375.1441,3467.5155
94017000,3394.6002,4060800,60700000,1223127500,14758690200,3398.9265,3398.9265,3375.1441,3467.5155
94023000,3395.201,4882500,60142500,1228010000,14818832700,3398.9265,3398.9265,3375.1441,3467.5155
94027000,3395.0001,3830700,52873900,1231840700,14871706600,3398.9265,3398.9265,3375.1441,3467.5155
94033000,3395.528,5237100,73845400,1237077800,14945552000,3398.9265,3398.9265,3375.1441,3467.5155
94038000,3395.8974,3338700,53287400,1240416500,14998839400,3398.9265,3398.9265,3375.1441,3467.5155
94042000,3395.4957,4406600,64515000,1244823100,15063354400,3398.9265,3398.9265,3375.1441,3467.5155
94048000,3396.8671,6779200,91434200,1251602300,15154788600,3398.9265,3398.9265,3375.1441,3467.5155
94053000,3397.7878,5495600,67370300,1257097900,15222158900,3398.9265,3398.9265,3375.1441,3467.5155
94057000,3397.9994,5291300,65659800,1262389200,15287818700,3398.9265,3398.9265,3375.1441,3467.5155
94103000,3399.088,4333700,62110800,1266722900,15349929500,3398.9265,3399.088,3375.1441,3467.5155
94108000,3400.1899,5992800,67915500,1272715700,15417845000,3398.9265,3400.1899,3375.1441,3467.5155
94112000,3399.8868,3653800,48523600,1276369500,15466368600,3398.9265,3400.1899,3375.1441,3467.5155
94118000,3400.844,4908700,65731800,1281278200,15532100400,3398.9265,3400.844,3375.1441,3467.5155
94123000,3401.6149,3439000,51112700,1284717200,15583213100,3398.9265,3401.6149,3375.1441,3467.5155
94127000,3401.3714,4279600,65303900,1288996800,15648517000,3398.9265,3401.6149,3375.1441,3467.5155
94133000,3402.1288,4481600,50784000,1293478400,15699301000,3398.9265,3402.1288,3375.1441,3467.5155
94138000,3402.1392,3515900,50999500,1296994300,15750300500,3398.9265,3402.2625,3375.1441,3467.5155
94142000,3402.4768,3437200,48828800,1300431500,15799129300,3398.9265,3402.4768,3375.1441,3467.5155
94148000,3402.7599,4194700,59403000,1304626200,15858532300,3398.9265,3402.8264,3375.1441,3467.5155
94153000,3402.6553,3680600,60720200,1308306800,15919252500,3398.9265,3402.8264,3375.1441,3467.5155
94157000,3403.0472,4589100,61247300,1312895900,15980499800,3398.9265,3403.079,3375.1441,3467.5155
94203000,3403.3695,4477800,56409500,1317373700,16036909300,3398.9265,3403.3695,3375.1441,3467.5155
94208000,3403.3325,3535900,52925300,1320909600,16089834600,3398.9265,3403.3695,3375.1441,3467.5155
94212000,3403.0158,3120100,52775200,1324029700,16142609800,3398.9265,3403.3695,3375.1441,3467.5155
94218000,3402.9624,4662800,65327400,1328692500,16207937200,3398.9265,3403.3695,3375.1441,3467.5155
94223000,3402.4469,2830600,49653900,1331523100,16257591100,3398.9265,3403.3695,3375.1441,3467.5155
94227000,3402.2286,6185200,76961100,1337708300,16334552200,3398.9265,3403.3695,3375.1441,3467.5155
94233000,3400.9215,4870000,65908900,1342578300,16400461100,3398.9265,3403.3695,3375.1441,3467.5155
94238000,3400.5258,4413800,66442900,1346992100,16466904000,3398.9265,3403.3695,3375.1441,3467.5155
94242000,3399.1371,8698600,85696700,1355690700,16552600700,3398.9265,3403.3695,3375.1441,3467.5155
94248000,3399.0383,5664700,76725000,1361355400,16629325700,3398.9265,3403.3695,3375.1441,3467.5155
94253000,3399.6766,4887500,64871600,1366242900,16694197300,3398.9265,3403.3695,3375.1441,3467.5155
94257000,3398.5808,6293300,87480400,1372536200,16781677700,3398.9265,3403.3695,3375.1441,3467.5155
94303000,3398.2258,4992100,62735000,1377528300,16844412700,3398.9265,3403.3695,3375.1441,3467.5155
94308000,3397.5006,5340300,79643900,1382868600,16924056600,3398.9265,3403.3695,3375.1441,3467.5155
94312000,3397.7585,3711000,47485300,1386579600,16971541900,3398.9265,3403.3695,3375.1441,3467.5155
94318000,3396.4715,8391700,85058900,1394971300,17056600800,3398.9265,3403.3695,3375.1441,3467.5155
94323000,3396.5899,3233600,47844500,1398204900,17104445300,3398.9265,3403.3695,3375.1441,3467.5155
94327000,3396.9897,5476500,65232900,1403681400,17169678200,3398.9265,3403.3695,3375.1441,3467.5155
94333000,3397.0168,4358400,48914400,1408039800,17218592600,3398.9265,3403.3695,3375.1441,3467.5155
94338000,3396.9153,3851400,49479100,1411891200,17268071700,3398.9265,3403.3695,3375.1441,3467.5155
94342000,3396.8162,3798900,42574700,1415690100,17310646400,3398.9265,3403.3695,3375.1441,3467.5155
94348000,3397.2807,3881800,55994000,1419571900,17366640400,3398.9265,3403.3695,3375.1441,3467.5155
94353000,3397.4326,3984800,46719600,1423556700,17413360000,3398.9265,3403.3695,3375.1441,3467.5155
94357000,3397.444,3866600,48654300,1427423300,17462014300,3398.9265,3403.3695,3375.1441,3467.5155
94403000,3397.7083,2852000,42157200,1430275300,17504171500,3398.9265,3403.3695,3375.1441,3467.5155
94408000,3397.6472,3310900,40097600,1433586200,17544269100,3398.9265,3403.3695,3375.1441,3467.5155
94412000,3398.2042,3756100,45050200,1437342300,17589319300,3398.9265,3403.3695,3375.1441,3467.5155
94418000,3398.8145,3700400,51109600,1441042700,17640428900,3398.9265,3403.3695,3375.1441,3467.5155
94424000,3398.9463,5274300,61597600,1446317000,17702026500,3398.9265,3403.3695,3375.1441,3467.5155
94427000,3399.395,2684800,41557300,1449001800,17743583800,3398.9265,3403.3695,3375.1441,3467.5155
94433000,3399.6226,5799600,62004000,1454801400,17805587800,3398.9265,3403.3695,3375.1441,3467.5155
94439000,3400.0522,4087900,48971600,1458889300,17854559400,3398.9265,3403.3695,3375.1441,3467.5155
94444000,3400.5375,3563400,53600800,1462452700,17908160200,3398.9265,3403.3695,3375.1441,3467.5155
94448000,3401.98,4198400,58034300,1466651100,17966194500,3398.9265,3403.3695,3375.1441,3467.5155
94454000,3403.0526,6228400,77062000,1472879500,18043256500,3398.9265,3403.3695,3375.1441,3467.5155
94459000,3403.5705,4609100,53282100,1477488600,18096538600,3398.9265,3403.5705,3375.1441,3467.5155
94503000,3404.6648,6184800,77558800,1483673400,18174097400,3398.9265,3404.6648,3375.1441,3467.5155
94509000,3405.3465,4581800,57057300,1488255200,18231154700,3398.9265,3405.3465,3375.1441,3467.5155
94514000,3405.7359,3845700,45432300,1492100900,18276587000,3398.9265,3405.7359,3375.1441,3467.5155
94518000,3406.0598,3548500,45545100,1495649400,18322132100,3398.9265,3406.0598,3375.1441,3467.5155
94524000,3406.5836,4515000,65650200,1500164400,18387782300,3398.9265,3406.5836,3375.1441,3467.5155
94529000,3406.7987,3161700,40338400,1503326100,18428120700,3398.9265,3406.7987,3375.1441,3467.5155
94533000,3406.2357,5418900,59261500,1508745000,18487382200,3398.9265,3406.7987,3375.1441,3467.5155
94539000,3406.1544,3994300,50080100,1512739300,18537462300,3398.9265,3406.7987,3375.1441,3467.5155
94544000,3406.2888,3133300,41539100,1515872600,18579001400,3398.9265,3406.7987,3375.1441,3467.5155
94548000,3406.677,3423300,42495900,1519295900,18621497300,3398.9265,3406.7987,3375.1441,3467.5155
94554000,3405.9944,3789100,50998400,1523085000,18672495700,3398.9265,3406.7987,3375.1441,3467.5155
94559000,3406.6947,3904800,43442400,1526989800,18715938100,3398.9265,3406.7987,3375.1441,3467.5155
94603000,3406.49,5513200,54771400,1532503000,18770709500,3398.9265,3406.7987,3375.1441,3467.5155
94609000,3406.2235,5269800,57084300,1537772800,18827793800,3398.9265,3406.7987,3375.1441,3467.5155
94614000,3406.1644,3118200,42452400,1540891000,18870246200,3398.9265,3406.7987,3375.1441,3467.5155
94618000,3404.8797,3959800,51090000,1544850800,18921336200,3398.9265,3406.7987,3375.1441,3467.5155
94624000,3404.2777,6586400,93112300,1551437200,19014448500,3398.9265,3406.7987,3375.1441,3467.5155
94629000,3403.5278,4895000,77353700,1556332200,19091802200,3398.9265,3406.7987,3375.1441,3467.5155
94633000,3401.7391,8880300,111824700,1565212500,19203626900,3398.9265,3406.7987,3375.1441,3467.5155
94639000,3400.5613,7542200,80424000,1572754700,19284050900,3398.9265,3406.7987,3375.1441,3467.5155
94644000,3400.2124,4879300,69433100,1577634000,19353484000,3398.9265,3406.7987,3375.1441,3467.5155
94648000,3399.5181,4481200,58318600,1582115200,19411802600,3398.9265,3406.7987,3375.1441,3467.5155
94654000,3399.9075,6070300,76459100,1588185500,19488261700,3398.9265,3406.7987,3375.1441,3467.5155
94659000,3399.4342,4061900,57608800,1592247400,19545870500,3398.9265,3406.7987,3375.1441,3467.5155
94703000,3399.2936,5863600,72358900,1598111000,19618229400,3398.9265,3406.7987,3375.1441,3467.5155
94709000,3398.6544,5505000,69492900,1603616000,19687722300,3398.9265,3406.7987,3375.1441,3467.5155
94714000,3399.2647,4029300,50301600,1607645300,19738023900,3398.9265,3406.7987,3375.1441,3467.5155
94718000,3398.9499,3458800,47214500,1611104100,19785238400,3398.9265,3406.7987,3375.1441,3467.5155
94724000,3399.7064,4788800,64520800,1615892900,19849759200,3398.9265,3406.7987,3375.1441,3467.5155
94729000,3400.5904,2871200,39841000,1618764100,19889600200,3398.9265,3406.7987,3375.1441,3467.5155
94733000,3400.178,4108100,52859400,1622872200,19942459600,3398.9265,3406.7987,3375.1441,3467.5155
94739000,3400.6121,3190900,54528500,1626063100,19996988100,3398.9265,3406.7987,3375.1441,3467.5155
94744000,3400.8923,3008700,42726300,1629071800,20039714400,3398.9265,3406.7987,3375.1441,3467.5155
94748000,3401.0111,2847900,39167400,1631919700,20078881800,3398.9265,3406.7987,3375.1441,3467.5155
94754000,3401.372,3213200,41218200,1635132900,20120100000,3398.9265,3406.7987,3375.1441,3467.5155
94759000,3401.4976,2332600,33909300,1637465500,20154009300,3398.9265,3406.7987,3375.1441,3467.5155
94803000,3401.0054,3134500,39763400,1640600000,20193772700,3398.9265,3406.7987,3375.1441,3467.5155
94809000,3401.0385,2159900,31727000,1642759900,20225499700,3398.9265,3406.7987,3375.1441,3467.5155
94814000,3401.0361,2597100,35377100,1645357000,20260876800,3398.9265,3406.7987,3375.1441,3467.5155
94818000,3401.069,2996800,42508100,1648353800,20303384900,3398.9265,3406.7987,3375.1441,3467.5155
94824000,3401.0045,2939900,43467700,1651293700,20346852600,3398.9265,3406.7987,3375.1441,3467.5155
94830000,3400.8135,3146700,43253200,1654440400,20390105800,3398.9265,3406.7987,3375.1441,3467.5155
94833000,3401.3074,2192200,33154900,1656632600,20423260700,3398.9265,3406.7987,3375.1441,3467.5155
94839000,3401.0619,2524000,39571700,1659156600,20462832400,3398.9265,3406.7987,3375.1441,3467.5155
94845000,3400.9927,2417800,36281100,1661574400,20499113500,3398.9265,3406.7987,3375.1441,3467.5155
94850000,3401.1439,2463600,31556500,1664038000,20530670000,3398.9265,3406.7987,3375.1441,3467.5155
94854000,3401.0429,2492000,38748700,1666530000,20569418700,3398.9265,3406.7987,3375.1441,3467.5155
94900000,3400.6968,3526400,40367300,1670056400,20609786000,3398.9265,3406.7987,3375.1441,3467.5155
94905000,3400.5698,2765100,39661700,1672821500,20649447700,3398.9265,3406.7987,3375.1441,3467.5155
94909000,3400.6382,4051600,50541600,1676873100,20699989300,3398.9265,3406.7987,3375.1441,3467.5155
94915000,3400.4294,2748400,36347700,1679621500,20736337000,3398.9265,3406.7987,3375.1441,3467.5155
94920000,3399.9461,2805400,43465100,1682426900,20779802100,3398.9265,3406.7987,3375.1441,3467.5155
94924000,3399.1827,4367300,46743300,1686794200,20826545400,3398.9265,3406.7987,3375.1441,3467.5155
94930000,3399.2066,3758800,55611000,1690553000,20882156400,3398.9265,3406.7987,3375.1441,3467.5155
94935000,3399.1369,2721300,40835500,1693274300,20922991900,3398.9265,3406.7987,3375.1441,3467.5155
94939000,3399.1972,5264300,63541900,1698538600,20986533800,3398.9265,3406.7987,3375.1441,3467.5155
94945000,3399.421,4877300,45044600,1703415900,21031578400,3398.9265,3406.7987,3375.1441,3467.5155
94950000,3399.1612,3242200,46369900,1706658100,21077948300,3398.9265,3406.7987,3375.1441,3467.5155
94954000,3399.3055,2927300,35199900,1709585400,21113148200,3398.9265,3406.7987,3375.1441,3467.5155
95000000,3399.1755,2750600,40437600,1712336000,21153585800,3398.9265,3406.7987,3375.1441,3467.5155
95005000,3398.9218,2371100,39581300,1714707100,21193167100,3398.9265,3406.7987,3375.1441,3467.5155
95009000,3398.8044,3487000,48552000,1718194100,21241719100,3398.9265,3406.7987,3375.1441,3467.5155
95015000,3399.1172,2579500,35914400,1720773600,21277633500,3398.9265,3406.7987,3375.1441,3467.5155
95020000,3398.9388,2227600,34253100,1723001200,21311886600,3398.9265,3406.7987,3375.1441,3467.5155
95024000,3399.055,2143100,28608400,1725144300,21340495000,3398.9265,3406.7987,3375.1441,3467.5155
95030000,3399.3064,3565900,40135600,1728710200,21380630600,3398.9265,3406.7987,3375.1441,3467.5155
95035000,3399.4345,3173600,38322500,1731883800,21418953100,3398.9265,3406.7987,3375.1441,3467.5155
95039000,3399.614,3408200,53590600,1735292000,21472543700,3398.9265,3406.7987,3375.1441,3467.5155
95045000,3399.3954,3069600,32708700,1738361600,21505252400,3398.9265,3406.7987,3375.1441,3467.5155
95050000,3399.9151,2404600,31907000,1740766200,21537159400,3398.9265,3406.7987,3375.1441,3467.5155
95054000,3400.2545,1766300,25261000,1742532500,21562420400,3398.9265,3406.7987,3375.1441,3467.5155
95100000,3400.2465,2628800,38139300,1745161300,21600559700,3398.9265,3406.7987,3375.1441,3467.5155
95105000,3400.349,3505700,40807300,1748667000,21641367000,3398.9265,3406.7987,3375.1441,3467.5155
95109000,3400.8003,3284000,50467500,1751951000,21691834500,3398.9265,3406.7987,3375.1441,3467.5155
95115000,3401.0725,2477000,36178900,1754428000,21728013400,3398.9265,3406.7987,3375.1441,3467.5155
95120000,3401.5287,2536300,36628700,1756964300,21764642100,3398.9265,3406.7987,3375.1441,3467.5155
95124000,3401.3962,1877700,30334000,1758842000,21794976100,3398.9265,3406.7987,3375.1441,3467.5155
95130000,3401.9315,3954700,47460100,1762796700,21842436200,3398.9265,3406.7987,3375.1441,3467.5155
95135000,3402.4285,2185600,30953900,1764982300,21873390100,3398.9265,3406.7987,3375.1441,3467.5155
95139000,3402.1254,4157900,44185100,1769140200,21917575200,3398.9265,3406.7987,3375.1441,3467.5155
95145000,3402.8424,2616400,31475800,1771756600,21949051000,3398.9265,3406.7987,3375.1441,3467.5155
95150000,3402.9014,2252200,29952900,1774008800,21979003900,3398.9265,3406.7987,3375.1441,3467.5155
95154000,3403.4148,3432600,38307300,1777441400,22017311200,3398.9265,3406.7987,3375.1441,3467.5155
95200000,3404.5311,7425400,83496800,1784866800,22100808000,3398.9265,3406.7987,3375.1441,3467.5155
95205000,3404.8965,2413500,33988300,1787280300,22134796300,3398.9265,3406.7987,3375.1441,3467.5155
95209000,3405.0164,2691600,41680800,1789971900,22176477100,3398.9265,3406.7987,3375.1441,3467.5155
95215000,3405.3689,3159300,38814700,1793131200,22215291800,3398.9265,3406.7987,3375.1441,3467.5155
95220000,3405.9135,2653300,37491600,1795784500,22252783400,3398.9265,3406.7987,3375.1441,3467.5155
95224000,3405.7256,2031800,34963600,1797816300,22287747000,3398.9265,3406.7987,3375.1441,3467.5155
95230000,3404.6433,6317600,58608200,1804133900,22346355200,3398.9265,3406.7987,3375.1441,3467.5155
95235000,3403.8027,2653800,49021800,1806787700,22395377000,3398.9265,3406.7987,3375.1441,3467.5155
95239000,3402.2603,5359700,70393800,1812147400,22465770800,3398.9265,3406.7987,3375.1441,3467.5155
95245000,3402.2595,4617400,58827000,1816764800,22524597800,3398.9265,3406.7987,3375.1441,3467.5155
95251000,3402.4055,5515500,75522700,1822280300,22600120500,3398.9265,3406.7987,3375.1441,3467.5155
95256000,3400.4738,3892700,53970400,1826173000,22654090900,3398.9265,3406.7987,3375.1441,3467.5155
95300000,3400.4302,3850000,48447500,1830023000,22702538400,3398.9265,3406.7987,3375.1441,3467.5155
95306000,3399.8124,4722500,64977700,1834745500,22767516100,3398.9265,3406.7987,3375.1441,3467.5155
95311000,3399.5875,3355000,48713100,1838100500,22816229200,3398.9265,3406.7987,3375.1441,3467.5155
95315000,3400.5174,4002500,53111500,1842103000,22869340700,3398.9265,3406.7987,3375.1441,3467.5155
95321000,3400.3423,3844500,50440900,1845947500,22919781600,3398.9265,3406.7987,3375.1441,3467.5155
95326000,3399.8435,3764500,42473400,1849712000,22962255000,3398.9265,3406.7987,3375.1441,3467.5155
95330000,3399.9039,4267500,47107600,1853979500,23009362600,3398.9265,3406.7987,3375.1441,3467.5155
95336000,3400.1132,3599900,40970900,1857579400,23050333500,3398.9265,3406.7987,3375.1441,3467.5155
95341000,3400.2301,2986400,42235200,1860565800,23092568700,3398.9265,3406.7987,3375.1441,3467.5155
95345000,3400.2832,3566600,43314800,1864132400,23135883500,3398.9265,3406.7987,3375.1441,3467.5155
95351000,3400.3182,2688300,30982400,1866820700,23166865900,3398.9265,3406.7987,3375.1441,3467.5155
95356000,3400.2389,2783400,34465600,1869604100,23201331500,3398.9265,3406.7987,3375.1441,3467.5155
95400000,3399.9489,2451600,25329600,1872055700,23226661100,3398.9265,3406.7987,3375.1441,3467.5155
95406000,3399.8587,4118200,43903400,1876173900,23270564500,3398.9265,3406.7987,3375.1441,3467.5155
95411000,3399.9044,2944600,36877600,1879118500,23307442100,3398.9265,3406.7987,3375.1441,3467.5155
95415000,3400.1646,3224800,41209100,1882343300,23348651200,3398.9265,3406.7987,3375.1441,3467.5155
95421000,3399.8666,3309500,34951300,1885652800,23383602500,3398.9265,3406.7987,3375.1441,3467.5155
95426000,3399.9521,3016700,35899100,1888669500,23419501600,3398.9265,3406.7987,3375.1441,3467.5155
95430000,3399.799,2236600,27361000,1890906100,23446862600,3398.9265,3406.7987,3375.1441,3467.5155
95436000,3399.969,3523600,37291600,1894429700,23484154200,3398.9265,3406.7987,3375.1441,3467.5155
95441000,3400.0749,2280600,35749900,1896710300,23519904100,3398.9265,3406.7987,3375.1441,3467.5155
95445000,3400.1608,3582800,42077700,1900293100,23561981800,3398.9265,3406.7987,3375.1441,3467.5155
95451000,3400.164,2665000,31378700,1902958100,23593360500,3398.9265,3406.7987,3375.1441,3467.5155
95456000,3400.2257,1728400,26908600,1904686500,23620269100,3398.9265,3406.7987,3375.1441,3467.5155
95500000,3400.042,3456200,34348400,1908142700,23654617500,3398.9265,3406.7987,3375.1441,3467.5155
95506000,3399.3466,4138300,43601300,1912281000,23698218800,3398.9265,3406.7987,3375.1441,3467.5155
95511000,3398.9356,2846900,37609300,1915127900,23735828100,3398.9265,3406.7987,3375.1441,3467.5155
95515000,3399.412,3535500,35460200,1918663400,23771288300,3398.9265,3406.7987,3375.1441,3467.5155
95521000,3399.3896,2475900,30254700,1921139300,23801543000,3398.9265,3406.7987,3375.1441,3467.5155
95526000,3399.0018,2953000,41147500,1924092300,23842690500,3398.9265,3406.7987,3375.1441,3467.5155
95530000,3398.8541,2122600,28433100,1926214900,23871123600,3398.9265,3406.7987,3375.1441,3467.5155
95536000,3399.0165,2838100,36120200,1929053000,23907243800,3398.9265,3406.7987,3375.1441,3467.5155
95541000,3398.6544,2695500,44483300,1931748500,23951727100,3398.9265,3406.7987,3375.1441,3467.5155
95545000,3398.4522,4025000,46723500,1935773500,23998450600,3398.9265,3406.7987,3375.1441,3467.5155
95551000,3397.9945,3298600,39192000,1939072100,24037642600,3398.9265,3406.7987,3375.1441,3467.5155
95556000,3398.2619,3304000,40078500,1942376100,24077721100,3398.9265,3406.7987,3375.1441,3467.5155
95600000,3398.6202,2659700,31628300,1945035800,24109349400,3398.9265,3406.7987,3375.1441,3467.5155
95606000,3397.9604,3686500,44542700,1948722300,24153892100,3398.9265,3406.7987,3375.1441,3467.5155
95611000,3397.7516,1857000,29439400,1950579300,24183331500,3398.9265,3406.7987,3375.1441,3467.5155
95615000,3397.8764,3161700,37178300,1953741000,24220509800,3398.9265,3406.7987,3375.1441,3467.5155
95621000,3397.8962,2473800,31243200,1956214800,24251753000,3398.9265,3406.7987,3375.1441,3467.5155
95626000,3397.7331,3449900,45341800,1959664700,24297094800,3398.9265,3406.7987,3375.1441,3467.5155
95630000,3396.7114,3592900,42420500,1963257600,24339515300,3398.9265,3406.7987,3375.1441,3467.5155
95636000,3397.2321,3526700,45705800,1966784300,24385221100,3398.9265,3406.7987,3375.1441,3467.5155
95641000,3397.2897,2169400,32962900,1968953700,24418184000,3398.9265,3406.7987,3375.1441,3467.5155
95645000,3397.4064,2521400,34279200,1971475100,24452463200,3398.9265,3406.7987,3375.1441,3467.5155
95651000,3397.2642,2525100,33078700,1974000200,24485541900,3398.9265,3406.7987,3375.1441,3467.5155
95657000,3397.6236,3718000,44543000,1977718200,24530084900,3398.9265,3406.7987,3375.1441,3467.5155
95700000,3397.7728,1888000,21281200,1979606200,24551366100,3398.9265,3406.7987,3375.1441,3467.5155
95706000,3397.899,3620900,44764700,1983227100,24596130800,3398.9265,3406.7987,3375.1441,3467.5155
95712000,3398.3751,2986000,39891400,1986213100,24636022200,3398.9265,3406.7987,3375.1441,3467.5155
95717000,3398.9746,1938000,27377400,1988151100,24663399600,3398.9265,3406.7987,3375.1441,3467.5155
95721000,3399.2649,3330400,40973200,1991481500,24704372800,3398.9265,3406.7987,3375.1441,3467.5155
95727000,3399.6501,2753600,38649400,1994235100,24743022200,3398.9265,3406.7987,3375.1441,3467.5155
95732000,3400.081,2748300,38843300,1996983400,24781865500,3398.9265,3406.7987,3375.1441,3467.5155
95736000,3400.7032,3311300,40877100,2000294700,24822742600,3398.9265,3406.7987,3375.1441,3467.5155
95742000,3401.0258,3356300,43904900,2003651000,24866647500,3398.9265,3406.7987,3375.1441,3467.5155
95747000,3400.8894,1886100,27604200,2005537100,24894251700,3398.9265,3406.7987,3375.1441,3467.5155
95751000,3401.3815,2895700,32719300,2008432800,24926971000,3398.9265,3406.7987,3375.1441,3467.5155
95757000,3401.8833,2197800,30238000,2010630600,24957209000,3398.9265,3406.7987,3375.1441,3467.5155
95802000,3402.0047,1533500,21907300,2012164100,24979116300,3398.9265,3406.7987,3375.1441,3467.5155
95806000,3402.1863,2586100,30209400,2014750200,25009325700,3398.9265,3406.7987,3375.1441,3467.5155
95812000,3402.2547,2835200,33794800,2017585400,25043120500,3398.9265,3406.7987,3375.1441,3467.5155
95817000,3402.5943,1858200,27424100,2019443600,25070544600,3398.9265,3406.7987,3375.1441,3467.5155
95821000,3402.6046,4049400,47773000,2023493000,25118317600,3398.9265,3406.7987,3375.1441,3467.5155
95827000,3402.5853,2183300,26430600,2025676300,25144748200,3398.9265,3406.7987,3375.1441,3467.5155
95832000,3402.7556,1553700,20594600,2027230000,25165342800,3398.9265,3406.7987,3375.1441,3467.5155
95836000,3402.9499,2878400,26082400,2030108400,25191425200,3398.9265,3406.7987,3375.1441,3467.5155
95842000,3402.6871,2863600,35202700,2032972000,25226627900,3398.9265,3406.7987,3375.1441,3467.5155
95847000,3402.4417,3345800,34543500,2036317800,25261171400,3398.9265,3406.7987,3375.1441,3467.5155
95851000,3402.9929,2467400,34862600,2038785200,25296034000,3398.9265,3406.7987,3375.1441,3467.5155
95857000,3403.7385,2101200,30865900,2040886400,25326899900,3398.9265,3406.7987,3375.1441,3467.5155
95902000,3403.5866,1725200,23727500,2042611600,25350627400,3398.9265,3406.7987,3375.1441,3467.5155
95906000,3403.5161,2126300,30342400,2044737900,25380969800,3398.9265,3406.7987,3375.1441,3467.5155
95912000,3403.9571,2406300,37248800,2047144200,25418218600,3398.9265,3406.7987,3375.1441,3467.5155
95917000,3404.7572,2190900,28122900,2049335100,25446341500,3398.9265,3406.7987,3375.1441,3467.5155
95921000,3404.5275,2441400,34186500,2051776500,25480528000,3398.9265,3406.7987,3375.1441,3467.5155
95927000,3405.0958,1762600,24272200,2053539100,25504800200,3398.9265,3406.7987,3375.1441,3467.5155
95932000,3404.8189,1676600,25049900,2055215700,25529850100,3398.9265,3406.7987,3375.1441,3467.5155
95936000,3405.0563,2582500,28874400,2057798200,25558724500,3398.9265,3406.7987,3375.1441,3467.5155
95942000,3405.1849,2841600,39079500,2060639800,25597804000,3398.9265,3406.7987,3375.1441,3467.5155
95945000,3404.9847,2051100,26271800,2062690900,25624075800,3398.9265,3406.7987,3375.1441,3467.5155
95951000,3404.9658,2886000,41673000,2065576900,25665748800,3398.9265,3406.7987,3375.1441,3467.5155
95957000,3405.71,2240700,40122000,2067817600,25705870800,3398.9265,3406.7987,3375.1441,3467.5155
100000000,3405.5874,1785600,26856300,2069603200,25732727100,3398.9265,3406.7987,3375.1441,3467.5155
100006000,3405.9606,2021000,29536700,2071624200,25762263800,3398.9265,3406.7987,3375.1441,3467.5155
100012000,3406.1826,2579100,35020000,2074203300,25797283800,3398.9265,3406.7987,3375.1441,3467.5155
100015000,3406.554,2548700,37161700,2076752000,25834445500,3398.9265,3406.7987,3375.1441,3467.5155
100021000,3406.2281,2964000,47983100,2079716000,25882428600,3398.9265,3406.7987,3375.1441,3467.5155
100027000,3406.1896,2484500,29471300,2082200500,25911899900,3398.9265,3406.7987,3375.1441,3467.5155
100030000,3406.2251,1791200,27504300,2083991700,25939404200,3398.9265,3406.7987,3375.1441,3467.5155
100036000,3405.8722,3228400,45767500,2087220100,25985171700,3398.9265,3406.7987,3375.1441,3467.5155
100042000,3405.5013,2908900,45710500,2090129000,26030882200,3398.9265,3406.7987,3375.1441,3467.5155
100045000,3405.5289,2689700,36048300,2092818700,26066930500,3398.9265,3406.7987,3375.1441,3467.5155
100051000,3404.829,3321400,45715100,2096140100,26112645600,3398.9265,3406.7987,3375.1441,3467.5155
100057000,3405.7403,2639000,36440900,2098779100,26149086500,3398.9265,3406.7987,3375.1441,3467.5155
100100000,3406.0533,1885100,25364400,2100664200,26174450900,3398.9265,3406.7987,3375.1441,3467.5155
100106000,3405.94,2217700,35293800,2102881900,26209744700,3398.9265,3406.7987,3375.1441,3467.5155
100112000,3406.2586,3003500,41152700,2105885400,26250897400,3398.9265,3406.7987,3375.1441,3467.5155
100115000,3406.5809,1581500,27948700,2107466900,26278846100,3398.9265,3406.7987,3375.1441,3467.5155
100121000,3406.0805,2860000,39616500,2110326900,26318462600,3398.9265,3406.7987,3375.1441,3467.5155
100127000,3406.9819,2469800,33376700,2112796700,26351839300,3398.9265,3407.0248,3375.1441,3467.5155
100133000,3406.5213,1992200,34338000,2114788900,26386177300,3398.9265,3407.0248,3375.1441,3467.5155
100136000,3407.1216,1960800,25854100,2116749700,26412031400,3398.9265,3407.1216,3375.1441,3467.5155
100142000,3407.1655,2280700,31052400,2119030400,26443083800,3398.9265,3407.3225,3375.1441,3467.5155
100148000,3407.1045,3039300,49632500,2122069700,26492716300,3398.9265,3407.3494,3375.1441,3467.5155
100151000,3407.8109,2196200,36639100,2124265900,26529355400,3398.9265,3407.8109,3375.1441,3467.5155
100157000,3408.8543,3782100,45774300,2128048000,26575129700,3398.9265,3408.8543,3375.1441,3467.5155
100203000,3408.8492,2062200,32274000,2130110200,26607403700,3398.9265,3408.9655,3375.1441,3467.5155
100206000,3409.4445,2285900,34668900,2132396100,26642072600,3398.9265,3409.4445,3375.1441,3467.5155
100212000,3409.5267,2671500,37813300,2135067600,26679885900,3398.9265,3409.6331,3375.1441,3467.5155
100218000,3409.9459,3580000,48199500,2138647600,26728085400,3398.9265,3409.9459,3375.1441,3467.5155
100221000,3410.0333,2824100,31121100,2141471700,26759206500,3398.9265,3410.0333,3375.1441,3467.5155
100227000,3410.09,5179000,52113300,2146650700,26811319800,3398.9265,3410.1148,3375.1441,3467.5155
100233000,3410.2679,2751400,35785100,2149402100,26847104900,3398.9265,3410.2679,3375.1441,3467.5155
100236000,3410.4086,1827600,29059600,2151229700,26876164500,3398.9265,3410.4086,3375.1441,3467.5155
100242000,3410.1977,2413500,36818800,2153643200,26912983300,3398.9265,3410.7383,3375.1441,3467.5155
100248000,3410.2642,3680600,43032400,2157323800,26956015700,3398.9265,3410.7383,3375.1441,3467.5155
100251000,3410.286,2208400,33727900,2159532200,26989743600,3398.9265,3410.7383,3375.1441,3467.5155
100257000,3411.1624,2920600,34637100,2162452800,27024380700,3398.9265,3411.2104,3375.1441,3467.5155
100303000,3411.3182,3314800,41409400,2165767600,27065790100,3398.9265,3411.5925,3375.1441,3467.5155
100306000,3411.9858,3018200,37372300,2168785800,27103162400,3398.9265,3411.9858,3375.1441,3467.5155
100312000,3412.0222,3149000,38351400,2171934800,27141513800,3398.9265,3412.0222,3375.1441,3467.5155
100318000,3412.0562,3826800,58431700,2175761600,27199945500,3398.9265,3412.2208,3375.1441,3467.5155
100321000,3412.2054,2316500,38122300,2178078100,27238067800,3398.9265,3412.2852,3375.1441,3467.5155
100327000,3412.5642,3187300,50715500,2181265400,27288783300,3398.9265,3412.5642,3375.1441,3467.5155
100333000,3412.3387,2826600,37448900,2184092000,27326232200,3398.9265,3412.5642,3375.1441,3467.5155
100336000,3412.5845,2568400,37419700,2186660400,27363651900,3398.9265,3412.5845,3375.1441,3467.5155
100342000,3413.1556,2355000,38929600,2189015400,27402581500,3398.9265,3413.1556,3375.1441,3467.5155
100348000,3412.6682,3753600,52448000,2192769000,27455029500,3398.9265,3413.1556,3375.1441,3467.5155
100351000,3412.7857,2402800,31818600,2195171800,27486848100,3398.9265,3413.1556,3375.1441,3467.5155
100357000,3413.7232,2856600,46539800,2198028400,27533387900,3398.9265,3413.7232,3375.1441,3467.5155
100403000,3413.4986,2200500,33774700,2200228900,27567162600,3398.9265,3413.8272,3375.1441,3467.5155
100406000,3413.5925,2172800,34038500,2202401700,27601201100,3398.9265,3413.8272,3375.1441,3467.5155
100412000,3413.7113,2452000,31204400,2204853700,27632405500,3398.9265,3413.9508,3375.1441,3467.5155
100418000,3414.2161,2723300,41943100,2207577000,27674348600,3398.9265,3414.2161,3375.1441,3467.5155
100421000,3414.3729,2395000,24271300,2209972000,27698619900,3398.9265,3414.3729,3375.1441,3467.5155
100427000,3414.7163,3285400,44448500,2213257400,27743068400,3398.9265,3414.7163,3375.1441,3467.5155
100433000,3414.6485,2235900,35916800,2215493300,27778985200,3398.9265,3414.7163,3375.1441,3467.5155
100436000,3414.4498,1694800,25296700,2217188100,27804281900,3398.9265,3414.7163,3375.1441,3467.5155
100442000,3414.7116,4183100,39779500,2221371200,27844061400,3398.9265,3414.7163,3375.1441,3467.5155
100448000,3413.9909,3456800,43932800,2224828000,27887994200,3398.9265,3414.8683,3375.1441,3467.5155
100451000,3414.8263,2092200,30149800,2226920200,27918144000,3398.9265,3414.8683,3375.1441,3467.5155
100457000,3414.8029,2987900,43362900,2229908100,27961506900,3398.9265,3414.8683,3375.1441,3467.5155
100503000,3414.6613,2931400,36210500,2232839500,27997717400,3398.9265,3415.1117,3375.1441,3467.5155
100506000,3414.7643,2401700,41462000,2235241200,28039179400,3398.9265,3415.1117,3375.1441,3467.5155
100512000,3415.067,3290500,45024300,2238531700,28084203700,3398.9265,3415.1117,3375.1441,3467.5155
100518000,3414.2862,2970600,43463800,2241502300,28127667500,3398.9265,3415.1957,3375.1441,3467.5155
100521000,3413.8819,3023000,41649700,2244525300,28169317200,3398.9265,3415.1957,3375.1441,3467.5155
100527000,3413.7093,5774600,68515000,2250299900,28237832200,3398.9265,3415.1957,3375.1441,3467.5155
100533000,3412.3026,4860900,59900500,2255160800,28297732700,3398.9265,3415.1957,3375.1441,3467.5155
100539000,3411.8307,6041500,79185400,2261202300,28376918100,3398.9265,3415.1957,3375.1441,3467.5155
100542000,3411.7022,2703900,44890400,2263906200,28421808500,3398.9265,3415.1957,3375.1441,3467.5155
100548000,3411.5855,3039500,39164100,2266945700,28460972600,3398.9265,3415.1957,3375.1441,3467.5155
100554000,3411.6425,5752100,71608300,2272697800,28532580900,3398.9265,3415.1957,3375.1441,3467.5155
100557000,3411.4026,3125200,43670400,2275823000,28576251300,3398.9265,3415.1957,3375.1441,3467.5155
100603000,3411.1459,4076700,64717500,2279899700,28640968800,3398.9265,3415.1957,3375.1441,3467.5155
100609000,3411.2861,4579500,60811400,2284479200,28701780200,3398.9265,3415.1957,3375.1441,3467.5155
100612000,3410.2771,3543000,46148300,2288022200,28747928500,3398.9265,3415.1957,3375.1441,3467.5155
100618000,3410.6626,4170800,48493200,2292193000,28796421700,3398.9265,3415.1957,3375.1441,3467.5155
100624000,3410.7821,3156100,43410200,2295349100,28839831900,3398.9265,3415.1957,3375.1441,3467.5155
100627000,3410.3499,2356500,41559700,2297705600,28881391600,3398.9265,3415.1957,3375.1441,3467.5155
100633000,3410.1839,3915100,51892000,2301620700,28933283600,3398.9265,3415.1957,3375.1441,3467.5155
100639000,3409.52,3278300,34100400,2304899000,28967384000,3398.9265,3415.1957,3375.1441,3467.5155
100642000,3409.1339,2538000,32572800,2307437000,28999956800,3398.9265,3415.1957,3375.1441,3467.5155
100648000,3409.341,3513700,29587500,2310950700,29029544300,3398.9265,3415.1957,3375.1441,3467.5155
100654000,3409.2798,4834400,44976300,2315785100,29074520600,3398.9265,3415.1957,3375.1441,3467.5155
100657000,3409.147,3221500,39666400,2319006600,29114187000,3398.9265,3415.1957,3375.1441,3467.5155
100703000,3408.4378,3560400,51399100,2322567000,29165586100,3398.9265,3415.1957,3375.1441,3467.5155
100709000,3408.9787,2561900,30360600,2325128900,29195946700,3398.9265,3415.1957,3375.1441,3467.5155
100712000,3409.0808,2160300,28288900,2327289200,29224235600,3398.9265,3415.1957,3375.1441,3467.5155
100718000,3409.2978,2559200,30671500,2329848400,29254907100,3398.9265,3415.1957,3375.1441,3467.5155
100724000,3409.4358,3288300,42220200,2333136700,29297127300,3398.9265,3415.1957,3375.1441,3467.5155
100727000,3409.57,1420100,21826500,2334556800,29318953800,3398.9265,3415.1957,3375.1441,3467.5155
100733000,3409.1388,2812400,36078100,2337369200,29355031900,3398.9265,3415.1957,3375.1441,3467.5155
100739000,3409.6854,1933600,28249800,2339302800,29383281700,3398.9265,3415.1957,3375.1441,3467.5155
100742000,3409.7775,1861500,23567700,2341164300,29406849400,3398.9265,3415.1957,3375.1441,3467.5155
100748000,3409.6051,2125700,35385800,2343290000,29442235200,3398.9265,3415.1957,3375.1441,3467.5155
100754000,3409.407,2478300,46782800,2345768300,29489018000,3398.9265,3415.1957,3375.1441,3467.5155
100757000,3409.7631,1288900,21050500,2347057200,29510068500,3398.9265,3415.1957,3375.1441,3467.5155
100803000,3409.7301,3102600,46187000,2350159800,29556255500,3398.9265,3415.1957,3375.1441,3467.5155
100809000,3409.6911,2235900,30086400,2352395700,29586341900,3398.9265,3415.1957,3375.1441,3467.5155
100812000,3409.7951,2367200,30326600,2354762900,29616668500,3398.9265,3415.1957,3375.1441,3467.5155
100818000,3410.5103,1680700,24972300,2356443600,29641640800,3398.9265,3415.1957,3375.1441,3467.5155
100824000,3410.219,3094400,40258200,2359538000,29681899000,3398.9265,3415.1957,3375.1441,3467.5155
100827000,3410.6455,1709400,28833300,2361247400,29710732300,3398.9265,3415.1957,3375.1441,3467.5155
100833000,3410.9345,2275900,41823800,2363523300,29752556100,3398.9265,3415.1957,3375.1441,3467.5155
100839000,3410.9524,1839700,25462400,2365363000,29778018500,3398.9265,3415.1957,3375.1441,3467.5155
100842000,3410.3804,1551100,28414800,2366914100,29806433300,3398.9265,3415.1957,3375.1441,3467.5155
100848000,3410.7946,3197700,43317500,2370111800,29849750800,3398.9265,3415.1957,3375.1441,3467.5155
100854000,3410.7164,2704900,45549300,2372816700,29895300100,3398.9265,3415.1957,3375.1441,3467.5155
100857000,3410.9257,1712000,33764900,2374528700,29929065000,3398.9265,3415.1957,3375.1441,3467.5155
100903000,3411.0581,2815700,39191300,2377344400,29968256300,3398.9265,3415.1957,3375.1441,3467.5155
100909000,3411.0563,1788400,28905100,2379132800,29997161400,3398.9265,3415.1957,3375.1441,3467.5155
100912000,3411.0876,1277000,22765300,2380409800,30019926700,3398.9265,3415.1957,3375.1441,3467.5155
100918000,3411.5177,1773900,35308200,2382183700,30055234900,3398.9265,3415.1957,3375.1441,3467.5155
100924000,3411.3833,2370800,46844600,2384554500,30102079500,3398.9265,3415.1957,3375.1441,3467.5155
100927000,3411.2355,2128600,30611700,2386683100,30132691200,3398.9265,3415.1957,3375.1441,3467.5155
100933000,3411.2057,2990100,32973900,2389673200,30165665100,3398.9265,3415.1957,3375.1441,3467.5155
100939000,3411.9776,2005600,24571300,2391678800,30190236400,3398.9265,3415.1957,3375.1441,3467.5155
100942000,3411.8033,1866800,32389600,2393545600,30222626000,3398.9265,3415.1957,3375.1441,3467.5155
100948000,3411.3413,3503600,45115300,2397049200,30267741300,3398.9265,3415.1957,3375.1441,3467.5155
100954000,3411.6723,1996900,32481900,2399046100,30300223200,3398.9265,3415.1957,3375.1441,3467.5155
101000000,3412.0877,2504400,37659600,2401550500,30337882800,3398.9265,3415.1957,3375.1441,3467.5155
101003000,3412.1721,2691800,42195000,2404242300,30380077800,3398.9265,3415.1957,3375.1441,3467.5155
101009000,3413.1052,3963500,56226000,2408205800,30436303800,3398.9265,3415.1957,3375.1441,3467.5155
101015000,3414.3189,3233900,46013000,2411439700,30482316800,3398.9265,3415.1957,3375.1441,3467.5155
101018000,3414.6097,3106800,40120300,2414546500,30522437100,3398.9265,3415.1957,3375.1441,3467.5155
101024000,3414.499,2585400,38095700,2417131900,30560532800,3398.9265,3415.1957,3375.1441,3467.5155
101030000,3414.794,4155400,55702300,2421287300,30616235100,3398.9265,3415.1957,3375.1441,3467.5155
101033000,3415.0485,2002300,33700600,2423289600,30649935700,3398.9265,3415.1957,3375.1441,3467.5155
101039000,3415.6229,3444500,54378800,2426734100,30704314500,3398.9265,3415.6229,3375.1441,3467.5155
101045000,3415.6962,3100000,47728600,2429834100,30752043100,3398.9265,3415.6962,3375.1441,3467.5155
101048000,3416.3731,2776300,39712100,2432610400,30791755200,3398.9265,3416.3731,3375.1441,3467.5155
101054000,3416.4985,2223200,32318600,2434833600,30824073800,3398.9265,3416.4985,3375.1441,3467.5155
101100000,3417.0114,3399800,43883200,2438233400,30867957000,3398.9265,3417.0114,3375.1441,3467.5155
101103000,3416.7484,3229400,44174500,2441462800,30912131500,3398.9265,3417.0772,3375.1441,3467.5155
101109000,3417.6768,4325100,60892400,2445787900,30973023900,3398.9265,3417.6768,3375.1441,3467.5155
101115000,3417.6149,2491600,45115400,2448279500,31018139300,3398.9265,3417.6768,3375.1441,3467.5155
101118000,3418.1433,3966600,45195700,2452246100,31063335000,3398.9265,3418.1433,3375.1441,3467.5155
101124000,3417.71,3932600,42598200,2456178700,31105933200,3398.9265,3418.1456,3375.1441,3467.5155
101130000,3417.8797,4959000,65171600,2461137700,31171104800,3398.9265,3418.1456,3375.1441,3467.5155
101133000,3417.866,2915700,40618600,2464053400,31211723400,3398.9265,3418.1456,3375.1441,3467.5155
101139000,3418.5928,2500000,41464300,2466553400,31253187700,3398.9265,3418.7622,3375.1441,3467.5155
101145000,3418.2685,2374300,35994200,2468927700,31289181900,3398.9265,3418.7622,3375.1441,3467.5155
101148000,3418.1604,2488600,40450300,2471416300,31329632200,3398.9265,3418.7622,3375.1441,3467.5155
101154000,3418.6682,3003500,41411000,2474419800,31371043200,3398.9265,3418.7622,3375.1441,3467.5155
101200000,3419.2577,3472000,39871800,2477891800,31410915000,3398.9265,3419.2577,3375.1441,3467.5155
101203000,3418.9436,3508400,44136600,2481400200,31455051600,3398.9265,3419.2577,3375.1441,3467.5155
101209000,3419.4377,3139300,45517400,2484539500,31500569000,3398.9265,3419.514,3375.1441,3467.5155
101215000,3419.9653,2962200,34664700,2487501700,31535233700,3398.9265,3419.9653,3375.1441,3467.5155
101218000,3419.9282,2733300,33423500,2490235000,31568657200,3398.9265,3420.0933,3375.1441,3467.5155
101224000,3419.7493,2541500,36149000,2492776500,31604806200,3398.9265,3420.0933,3375.1441,3467.5155
101230000,3419.722,3604100,46048000,2496380600,31650854200,3398.9265,3420.0933,3375.1441,3467.5155
101233000,3419.478,1838300,30210100,2498218900,31681064300,3398.9265,3420.0933,3375.1441,3467.5155
101239000,3419.956,3697700,51399400,2501916600,31732463700,3398.9265,3420.0933,3375.1441,3467.5155
101245000,3419.9702,2455500,28118300,2504372100,31760582000,3398.9265,3420.0933,3375.1441,3467.5155
101248000,3419.7617,2175500,31819900,2506547600,31792401900,3398.9265,3420.0933,3375.1441,3467.5155
101254000,3419.9841,2796100,35020400,2509343700,31827422300,3398.9265,3420.0933,3375.1441,3467.5155
101300000,3420.1687,3433600,47284600,2512777300,31874706900,3398.9265,3420.1687,3375.1441,3467.5155
101303000,3419.783,1785300,30552100,2514562600,31905259000,3398.9265,3420.1687,3375.1441,3467.5155
101309000,3420.4642,3332400,51790800,2517895000,31957049800,3398.9265,3420.4642,3375.1441,3467.5155
101315000,3419.8569,2355200,38965000,2520250200,31996014800,3398.9265,3420.4642,3375.1441,3467.5155
101318000,3420.5462,2318100,28113000,2522568300,32024127800,3398.9265,3420.6633,3375.1441,3467.5155
101324000,3419.4432,8798800,61005200,2531367100,32085133000,3398.9265,3420.6633,3375.1441,3467.5155
101330000,3418.8997,4238500,50643200,2535605600,32135776200,3398.9265,3420.6633,3375.1441,3467.5155
101333000,3418.7249,3895300,51669700,2539500900,32187445900,3398.9265,3420.6633,3375.1441,3467.5155
101339000,3418.2663,4141500,55119500,2543642400,32242565400,3398.9265,3420.6633,3375.1441,3467.5155
101345000,3417.1773,2708500,42053500,2546350900,32284618900,3398.9265,3420.6633,3375.1441,3467.5155
101348000,3417.4593,2433100,34277100,2548784000,32318896000,3398.9265,3420.6633,3375.1441,3467.5155
101354000,3417.4168,2636800,38312600,2551420800,32357208600,3398.9265,3420.6633,3375.1441,3467.5155
101400000,3417.2827,4032800,53594200,2555453600,32410802800,3398.9265,3420.6633,3375.1441,3467.5155
101403000,3416.8116,2643800,36700300,2558097400,32447503100,3398.9265,3420.6633,3375.1441,3467.5155
101409000,3417.0729,3606300,46710100,2561703700,32494213200,3398.9265,3420.6633,3375.1441,3467.5155
101415000,3416.7279,2662700,39359000,2564366400,32533572200,3398.9265,3420.6633,3375.1441,3467.5155
101421000,3417.298,1987100,30132000,2566353500,32563704200,3398.9265,3420.6633,3375.1441,3467.5155
101424000,3416.6902,4394600,42766600,2570748100,32606470800,3398.9265,3420.6633,3375.1441,3467.5155
101430000,3416.8362,3219800,36543700,2573967900,32643014500,3398.9265,3420.6633,3375.1441,3467.5155
101436000,3417.1149,2648600,35694100,2576616500,32678708600,3398.9265,3420.6633,3375.1441,3467.5155
101439000,3417.3763,1649600,23177800,2578266100,32701886400,3398.9265,3420.6633,3375.1441,3467.5155
101445000,3416.832,2612600,36185100,2580878700,32738071500,3398.9265,3420.6633,3375.1441,3467.5155
101451000,3416.576,2394800,29327600,2583273500,32767399100,3398.9265,3420.6633,3375.1441,3467.5155
101454000,3416.724,1898500,26875300,2585172000,32794274400,3398.9265,3420.6633,3375.1441,3467.5155
101500000,3416.7485,2476100,26663200,2587648100,32820937600,3398.9265,3420.6633,3375.1441,3467.5155
101506000,3416.4019,2537500,34411600,2590185600,32855349200,3398.9265,3420.6633,3375.1441,3467.5155
101509000,3416.8444,1934200,28334600,2592119800,32883683800,3398.9265,3420.6633,3375.1441,3467.5155
101515000,3417.0564,3191400,41809000,2595311200,32925492800,3398.9265,3420.6633,3375.1441,3467.5155
101521000,3417.4803,2007200,28685400,2597318400,32954178200,3398.9265,3420.6633,3375.1441,3467.5155
101524000,3417.2899,1593500,29565300,2598911900,32983743500,3398.9265,3420.6633,3375.1441,3467.5155
101530000,3416.8961,2225700,30205600,2601137600,33013949100,3398.9265,3420.6633,3375.1441,3467.5155
101536000,3416.7472,2388800,40066200,2603526400,33054015300,3398.9265,3420.6633,3375.1441,3467.5155
101539000,3416.7064,2262000,26743300,2605788400,33080758600,3398.9265,3420.6633,3375.1441,3467.5155
101545000,3416.6396,2627700,33259500,2608416100,33114018100,3398.9265,3420.6633,3375.1441,3467.5155
101551000,3415.8114,2248400,46229700,2610664500,33160247800,3398.9265,3420.6633,3375.1441,3467.5155
101554000,3416.0391,1515700,24570500,2612180200,33184818300,3398.9265,3420.6633,3375.1441,3467.5155
101600000,3415.1017,2156300,30035300,2614336500,33214853600,3398.9265,3420.6633,3375.1441,3467.5155
101606000,3416.0177,1890600,29007300,2616227100,33243860900,3398.9265,3420.6633,3375.1441,3467.5155
101609000,3415.5728,2804600,27871800,2619031700,33271732700,3398.9265,3420.6633,3375.1441,3467.5155
101615000,3415.9055,3080700,43677200,2622112400,33315409900,3398.9265,3420.6633,3375.1441,3467.5155
101621000,3416.0197,1778900,27667400,2623891300,33343077300,3398.9265,3420.6633,3375.1441,3467.5155
101624000,3415.8468,1542000,29114700,2625433300,33372192000,3398.9265,3420.6633,3375.1441,3467.5155
101630000,3415.8107,2166400,38864100,2627599700,33411056100,3398.9265,3420.6633,3375.1441,3467.5155
101636000,3415.4437,2075500,33917500,2629675200,33444973600,3398.9265,3420.6633,3375.1441,3467.5155
101639000,3415.5716,1456500,20170000,2631131700,33465143600,3398.9265,3420.6633,3375.1441,3467.5155
101645000,3415.7565,2617300,35748700,2633749000,33500892300,3398.9265,3420.6633,3375.1441,3467.5155
101651000,3414.6022,1243000,20317300,2634992000,33521209600,3398.9265,3420.6633,3375.1441,3467.5155
101654000,3414.867,2878300,43530500,2637870300,33564740100,3398.9265,3420.6633,3375.1441,3467.5155
101700000,3415.2889,2486800,35822900,2640357100,33600563000,3398.9265,3420.6633,3375.1441,3467.5155
101706000,3414.481,2941200,48482400,2643298300,33649045400,3398.9265,3420.6633,3375.1441,3467.5155
101709000,3414.3865,2107200,32729300,2645405500,33681774700,3398.9265,3420.6633,3375.1441,3467.5155
101715000,3414.9779,2608700,33330800,2648014200,33715105500,3398.9265,3420.6633,3375.1441,3467.5155
101721000,3415.6225,2222600,27262500,2650236800,33742368000,3398.9265,3420.6633,3375.1441,3467.5155
101724000,3415.3062,2352900,29058200,2652589700,33771426200,3398.9265,3420.6633,3375.1441,3467.5155
101730000,3414.9277,1503500,22282500,2654093200,33793708700,3398.9265,3420.6633,3375.1441,3467.5155
101736000,3414.9305,2061600,33331200,2656154800,33827039900,3398.9265,3420.6633,3375.1441,3467.5155
101739000,3414.9467,2356200,32266000,2658511000,33859305900,3398.9265,3420.6633,3375.1441,3467.5155
101745000,3415.1242,2141200,32471700,2660652200,33891777600,3398.9265,3420.6633,3375.1441,3467.5155
101751000,3414.4302,1305900,18800000,2661958100,33910577600,3398.9265,3420.6633,3375.1441,3467.5155
101754000,3414.9783,1540000,24309700,2663498100,33934887300,3398.9265,3420.6633,3375.1441,3467.5155
101800000,3414.5976,2222800,21832200,2665720900,33956719500,3398.9265,3420.6633,3375.1441,3467.5155
101806000,3415.0091,2256900,34632500,2667977800,33991352000,3398.9265,3420.6633,3375.1441,3467.5155
101809000,3415.0987,1978200,34640500,2669956000,34025992500,3398.9265,3420.6633,3375.1441,3467.5155
101815000,3414.5687,1806200,28753700,2671762200,34054746200,3398.9265,3420.6633,3375.1441,3467.5155
101821000,3415.0265,1845900,28443300,2673608100,34083189500,3398.9265,3420.6633,3375.1441,3467.5155
101827000,3414.8049,2671600,36268000,2676279700,34119457500,3398.9265,3420.6633,3375.1441,3467.5155
101830000,3414.9203,2259000,39689900,2678538700,34159147400,3398.9265,3420.6633,3375.1441,3467.5155
101836000,3414.7813,2000300,25656500,2680539000,34184803900,3398.9265,3420.6633,3375.1441,3467.5155
101842000,3414.6434,2781200,38906700,2683320200,34223710600,3398.9265,3420.6633,3375.1441,3467.5155
101845000,3415.0237,1678100,32109700,2684998300,34255820300,3398.9265,3420.6633,3375.1441,3467.5155
101851000,3414.8193,2574600,36029200,2687572900,34291849500,3398.9265,3420.6633,3375.1441,3467.5155
101857000,3414.7861,1411100,22964400,2688984000,34314813900,3398.9265,3420.6633,3375.1441,3467.5155
101900000,3415.2682,1713700,25280600,2690697700,34340094500,3398.9265,3420.6633,3375.1441,3467.5155
101906000,3414.9636,2747100,29950800,2693444800,34370045300,3398.9265,3420.6633,3375.1441,3467.5155
101912000,3415.1359,1789600,28328300,2695234400,34398373600,3398.9265,3420.6633,3375.1441,3467.5155
101915000,3414.9861,1266800,22413500,2696501200,34420787100,3398.9265,3420.6633,3375.1441,3467.5155
101921000,3415.6376,2440100,38573700,2698941300,34459360800,3398.9265,3420.6633,3375.1441,3467.5155
101927000,3414.8718,2061600,29565600,2701002900,34488926400,3398.9265,3420.6633,3375.1441,3467.5155
101930000,3414.6938,2772400,32164500,2703775300,34521090900,3398.9265,3420.6633,3375.1441,3467.5155
101936000,3414.7113,1771000,24611400,2705546300,34545702300,3398.9265,3420.6633,3375.1441,3467.5155
101942000,3414.6275,2022600,27024100,2707568900,34572726400,3398.9265,3420.6633,3375.1441,3467.5155
101945000,3414.2709,1744100,28019000,2709313000,34600745400,3398.9265,3420.6633,3375.1441,3467.5155
101951000,3414.1404,3008900,36591600,2712321900,34637337000,3398.9265,3420.6633,3375.1441,3467.5155
101957000,3414.2248,1420800,23901600,2713742700,34661238600,3398.9265,3420.6633,3375.1441,3467.5155
102000000,3413.5052,2201600,33110900,2715944300,34694349500,3398.9265,3420.6633,3375.1441,3467.5155
102006000,3413.1619,1955900,23927100,2717900200,34718276600,3398.9265,3420.6633,3375.1441,3467.5155
102012000,3412.9446,2875900,40782600,2720776100,34759059200,3398.9265,3420.6633,3375.1441,3467.5155
102015000,3412.4191,3174500,39717200,2723950600,34798776400,3398.9265,3420.6633,3375.1441,3467.5155
102021000,3412.8987,2609300,37540200,2726559900,34836316600,3398.9265,3420.6633,3375.1441,3467.5155
102027000,3412.9063,2316100,29850600,2728876000,34866167200,3398.9265,3420.6633,3375.1441,3467.5155
102030000,3412.9227,2772300,33873900,2731648300,34900041100,3398.9265,3420.6633,3375.1441,3467.5155
102036000,3412.0138,2146300,33877800,2733794600,34933918900,3398.9265,3420.6633,3375.1441,3467.5155
102042000,3412.1346,2097400,30811700,2735892000,34964730600,3398.9265,3420.6633,3375.1441,3467.5155
102045000,3412.248,2254600,29951800,2738146600,34994682400,3398.9265,3420.6633,3375.1441,3467.5155
102051000,3411.5149,2563200,36838900,2740709800,35031521300,3398.9265,3420.6633,3375.1441,3467.5155
102057000,3411.6432,2154200,30153400,2742864000,35061674700,3398.9265,3420.6633,3375.1441,3467.5155
102100000,3411.8193,2064200,30790600,2744928200,35092465300,3398.9265,3420.6633,3375.1441,3467.5155
102106000,3410.8739,3203200,42372900,2748131400,35134838200,3398.9265,3420.6633,3375.1441,3467.5155
102112000,3411.2988,3084300,37013800,2751215700,35171852000,3398.9265,3420.6633,3375.1441,3467.5155
102115000,3411.0906,2322900,37653000,2753538600,35209505000,3398.9265,3420.6633,3375.1441,3467.5155
102121000,3411.2342,3843200,46129500,2757381800,35255634500,3398.9265,3420.6633,3375.1441,3467.5155
102127000,3411.1732,1958600,30227400,2759340400,35285861900,3398.9265,3420.6633,3375.1441,3467.5155
102130000,3410.8202,1854300,29433600,2761194700,35315295500,3398.9265,3420.6633,3375.1441,3467.5155
102136000,3410.6749,2994800,32493900,2764189500,35347789400,3398.9265,3420.6633,3375.1441,3467.5155
102142000,3410.8364,2434400,30298100,2766623900,35378087500,3398.9265,3420.6633,3375.1441,3467.5155
102145000,3410.4454,2125200,25563600,2768749100,35403651100,3398.9265,3420.6633,3375.1441,3467.5155
102151000,3409.972,2227400,34560800,2770976500,35438211900,3398.9265,3420.6633,3375.1441,3467.5155
102157000,3410.1781,3159100,34748100,2774135600,35472960000,3398.9265,3420.6633,3375.1441,3467.5155
102200000,3409.8601,2082200,32050400,2776217800,35505010400,3398.9265,3420.6633,3375.1441,3467.5155
102206000,3409.8861,2246700,25654500,2778464500,35530664900,3398.9265,3420.6633,3375.1441,3467.5155
102212000,3409.5378,2837800,43214700,2781302300,35573879600,3398.9265,3420.6633,3375.1441,3467.5155
102215000,3409.5787,2844100,35460300,2784146400,35609339900,3398.9265,3420.6633,3375.1441,3467.5155
102221000,3409.9112,2238700,38640900,2786385100,35647980800,3398.9265,3420.6633,3375.1441,3467.5155
102227000,3409.6817,1643100,27138500,2788028200,35675119300,3398.9265,3420.6633,3375.1441,3467.5155
102233000,3409.5429,2661700,35981600,2790689900,35711100900,3398.9265,3420.6633,3375.1441,3467.5155
102236000,3409.7693,1548800,23212500,2792238700,35734313400,3398.9265,3420.6633,3375.1441,3467.5155
102242000,3409.2097,3257700,43616100,2795496400,35777929500,3398.9265,3420.6633,3375.1441,3467.5155
102248000,3408.8663,2373200,33663200,2797869600,35811592700,3398.9265,3420.6633,3375.1441,3467.5155
102251000,3408.3396,1600000,23922000,2799469600,35835514700,3398.9265,3420.6633,3375.1441,3467.5155
102258000,3408.9876,3473200,31014900,2802942800,35866529600,3398.9265,3420.6633,3375.1441,3467.5155
102303000,3408.5066,1821300,24789600,2804764100,35891319200,3398.9265,3420.6633,3375.1441,3467.5155
102306000,3408.7668,2697200,29938300,2807461300,35921257500,3398.9265,3420.6633,3375.1441,3467.5155
102312000,3409.1252,2211400,27654900,2809672700,35948912400,3398.9265,3420.6633,3375.1441,3467.5155
102318000,3409.023,2216800,35389700,2811889500,35984302100,3398.9265,3420.6633,3375.1441,3467.5155
102321000,3409.4148,1761700,23656000,2813651200,36007958100,3398.9265,3420.6633,3375.1441,3467.5155
102327000,3408.9328,2704300,37697100,2816355500,36045655200,3398.9265,3420.6633,3375.1441,3467.5155
102333000,3410.1674,1802400,22523700,2818157900,36068178900,3398.9265,3420.6633,3375.1441,3467.5155
102336000,3409.9359,2007700,28980000,2820165600,36097158900,3398.9265,3420.6633,3375.1441,3467.5155
102342000,3410.0058,1933900,24647500,2822099500,36121806400,3398.9265,3420.6633,3375.1441,3467.5155
102348000,3409.5274,2428300,29098500,2824527800,36150904900,3398.9265,3420.6633,3375.1441,3467.5155
102351000,3409.5362,1287900,19467500,2825815700,36170372400,3398.9265,3420.6633,3375.1441,3467.5155
102357000,3410.732,3567400,41820700,2829383100,36212193100,3398.9265,3420.6633,3375.1441,3467.5155
102403000,3410.1813,1630500,21186200,2831013600,36233379300,3398.9265,3420.6633,3375.1441,3467.5155
102406000,3410.0559,2358700,20893500,2833372300,36254272800,3398.9265,3420.6633,3375.1441,3467.5155
102412000,3410.4278,1482100,21685100,2834854400,36275957900,3398.9265,3420.6633,3375.1441,3467.5155
102418000,3410.7761,1869700,23331700,2836724100,36299289600,3398.9265,3420.6633,3375.1441,3467.5155
102422000,3411.1536,1893200,23082200,2838617300,36322371800,3398.9265,3420.6633,3375.1441,3467.5155
102427000,3410.814,2574700,27369700,2841192000,36349741500,3398.9265,3420.6633,3375.1441,3467.5155
102433000,3410.7937,2416800,23004900,2843608800,36372746400,3398.9265,3420.6633,3375.1441,3467.5155
102436000,3410.7394,1202300,21488300,2844811100,36394234700,3398.9265,3420.6633,3375.1441,3467.5155
102442000,3410.7702,2482500,28637700,2847293600,36422872400,3398.9265,3420.6633,3375.1441,3467.5155
102448000,3410.9623,2312200,27044200,2849605800,36449916600,3398.9265,3420.6633,3375.1441,3467.5155
102451000,3410.7026,1688800,21608700,2851294600,36471525300,3398.9265,3420.6633,3375.1441,3467.5155
102457000,3411.058,1532700,25063100,2852827300,36496588400,3398.9265,3420.6633,3375.1441,3467.5155
102503000,3411.0815,2439000,28911100,2855266300,36525499500,3398.9265,3420.6633,3375.1441,3467.5155
102506000,3411.9336,1184900,16172800,2856451200,36541672300,3398.9265,3420.6633,3375.1441,3467.5155
102512000,3411.7716,1860600,22712200,2858311800,36564384500,3398.9265,3420.6633,3375.1441,3467.5155
102518000,3412.1714,2569900,25490400,2860881700,36589874900,3398.9265,3420.6633,3375.1441,3467.5155
102521000,3412.5136,2307700,24217300,2863189400,36614092200,3398.9265,3420.6633,3375.1441,3467.5155
102527000,3412.6673,2304200,27651400,2865493600,36641743600,3398.9265,3420.6633,3375.1441,3467.5155
102533000,3412.178,1740300,19631600,2867233900,36661375200,3398.9265,3420.6633,3375.1441,3467.5155
102536000,3412.3478,1453600,24053500,2868687500,36685428700,3398.9265,3420.6633,3375.1441,3467.5155
102542000,3412.6405,1316600,14849500,2870004100,36700278200,3398.9265,3420.6633,3375.1441,3467.5155
102548000,3412.7654,2629400,24708200,2872633500,36724986400,3398.9265,3420.6633,3375.1441,3467.5155
102551000,3412.1987,1083900,18715900,2873717400,36743702300,3398.9265,3420.6633,3375.1441,3467.5155
102557000,3412.7368,2182700,28624000,2875900100,36772326300,3398.9265,3420.6633,3375.1441,3467.5155
102603000,3412.9501,1677800,25041000,2877577900,36797367300,3398.9265,3420.6633,3375.1441,3467.5155
102606000,3412.4025,1729300,21588900,2879307200,36818956200,3398.9265,3420.6633,3375.1441,3467.5155
102612000,3412.7343,1545700,15697000,2880852900,36834653200,3398.9265,3420.6633,3375.1441,3467.5155
102618000,3413.2303,1747800,20736600,2882600700,36855389800,3398.9265,3420.6633,3375.1441,3467.5155
102621000,3413.2834,1377300,22113900,2883978000,36877503700,3398.9265,3420.6633,3375.1441,3467.5155
102627000,3413.5208,2044800,23079500,2886022800,36900583200,3398.9265,3420.6633,3375.1441,3467.5155
102633000,3413.3622,1101300,16458600,2887124100,36917041800,3398.9265,3420.6633,3375.1441,3467.5155
102637000,3413.2748,1814700,19178000,2888938800,36936219800,3398.9265,3420.6633,3375.1441,3467.5155
102642000,3413.4125,1548800,19285100,2890487600,36955504900,3398.9265,3420.6633,3375.1441,3467.5155
102648000,3413.4178,2731300,22136900,2893218900,36977641800,3398.9265,3420.6633,3375.1441,3467.5155
102652000,3413.1741,1356800,18803400,2894575700,36996445200,3398.9265,3420.6633,3375.1441,3467.5155
102658000,3413.337,4336900,36754700,2898912600,37033199900,3398.9265,3420.6633,3375.1441,3467.5155
102703000,3413.1882,3697600,32238800,2902610200,37065438700,3398.9265,3420.6633,3375.1441,3467.5155
102709000,3413.4395,1719200,26901500,2904329400,37092340200,3398.9265,3420.6633,3375.1441,3467.5155
102712000,3413.3992,1733000,24703900,2906062400,37117044100,3398.9265,3420.6633,3375.1441,3467.5155
102719000,3412.9647,1765600,24889900,2907828000,37141934000,3398.9265,3420.6633,3375.1441,3467.5155
102724000,3413.7931,1522300,17096000,2909350300,37159030000,3398.9265,3420.6633,3375.1441,3467.5155
102727000,3413.7383,1352800,24047500,2910703100,37183077500,3398.9265,3420.6633,3375.1441,3467.5155
102733000,3413.389,1759100,30967400,2912462200,37214044900,3398.9265,3420.6633,3375.1441,3467.5155
102739000,3413.2929,1387900,21402800,2913850100,37235447700,3398.9265,3420.6633,3375.1441,3467.5155
102742000,3413.2299,1797100,18597400,2915647200,37254045100,3398.9265,3420.6633,3375.1441,3467.5155
102748000,3413.4618,1508900,23152200,2917156100,37277197300,3398.9265,3420.6633,3375.1441,3467.5155
102754000,3413.058,1786700,20392100,2918942800,37297589400,3398.9265,3420.6633,3375.1441,3467.5155
102757000,3413.4871,1263200,19315800,2920206000,37316905200,3398.9265,3420.6633,3375.1441,3467.5155
102803000,3413.756,2263500,32778400,2922469500,37349683600,3398.9265,3420.6633,3375.1441,3467.5155
102809000,3413.9087,1715800,25936100,2924185300,37375619700,3398.9265,3420.6633,3375.1441,3467.5155
102812000,3413.9686,1218200,20441500,2925403500,37396061200,3398.9265,3420.6633,3375.1441,3467.5155
102818000,3414.7278,2366200,28174400,2927769700,37424235600,3398.9265,3420.6633,3375.1441,3467.5155
102824000,3416.0696,2649500,36555400,2930419200,37460791000,3398.9265,3420.6633,3375.1441,3467.5155
102827000,3416.8312,2109600,27818500,2932528800,37488609500,3398.9265,3420.6633,3375.1441,3467.5155
102833000,3416.9521,3138200,43547500,2935667000,37532157000,3398.9265,3420.6633,3375.1441,3467.5155
102839000,3416.6304,2323600,23010500,2937990600,37555167500,3398.9265,3420.6633,3375.1441,3467.5155
102842000,3416.9694,1983800,31715500,2939974400,37586883000,3398.9265,3420.6633,3375.1441,3467.5155
102849000,3417.6543,2358800,28593800,2942333200,37615476800,3398.9265,3420.6633,3375.1441,3467.5155
102854000,3417.569,2670800,36510100,2945004000,37651986900,3398.9265,3420.6633,3375.1441,3467.5155
102857000,3417.8637,1547800,22917600,2946551800,37674904500,3398.9265,3420.6633,3375.1441,3467.5155
102903000,3417.8307,1810300,28511800,2948362100,37703416300,3398.9265,3420.6633,3375.1441,3467.5155
102909000,3418.3637,2827100,38424600,2951189200,37741840900,3398.9265,3420.6633,3375.1441,3467.5155
102912000,3418.6314,1798300,28309400,2952987500,37770150300,3398.9265,3420.6633,3375.1441,3467.5155
102919000,3419.035,1603300,20892900,2954590800,37791043200,3398.9265,3420.6633,3375.1441,3467.5155
102924000,3418.9512,2382000,30503800,2956972800,37821547000,3398.9265,3420.6633,3375.1441,3467.5155
102927000,3419.4277,1616500,27262200,2958589300,37848809200,3398.9265,3420.6633,3375.1441,3467.5155
102933000,3419.3802,2179900,27925500,2960769200,37876734700,3398.9265,3420.6633,3375.1441,3467.5155
102939000,3419.3841,1307900,20313100,2962077100,37897047800,3398.9265,3420.6633,3375.1441,3467.5155
102942000,3419.2478,1572500,21651900,2963649600,37918699700,3398.9265,3420.6633,3375.1441,3467.5155
102948000,3419.651,2034000,25793500,2965683600,37944493200,3398.9265,3420.6633,3375.1441,3467.5155
102954000,3419.7687,1619300,28102300,2967302900,37972595500,3398.9265,3420.6633,3375.1441,3467.5155
102957000,3419.699,4869400,31437700,2972172300,38004033200,3398.9265,3420.6633,3375.1441,3467.5155
103003000,3419.3893,2570300,33239200,2974742600,38037272400,3398.9265,3420.6633,3375.1441,3467.5155
103009000,3420.5225,1305700,22769500,2976048300,38060041900,3398.9265,3420.6633,3375.1441,3467.5155
103012000,3420.5752,1762300,28677800,2977810600,38088719700,3398.9265,3420.6633,3375.1441,3467.5155
103019000,3420.4869,1476800,24500200,2979287400,38113219900,3398.9265,3420.6633,3375.1441,3467.5155
103024000,3420.5269,1958800,30144200,2981246200,38143364100,3398.9265,3420.6633,3375.1441,3467.5155
103027000,3420.8004,1644100,23957000,2982890300,38167321100,3398.9265,3420.8004,3375.1441,3467.5155
103033000,3420.4636,1873400,28826700,2984763700,38196147800,3398.9265,3420.9723,3375.1441,3467.5155
103039000,3420.5202,1545800,25026300,2986309500,38221174100,3398.9265,3420.9723,3375.1441,3467.5155
103042000,3420.9039,3119900,31082200,2989429400,38252256300,3398.9265,3421.0688,3375.1441,3467.5155
103048000,3420.9145,1417500,21880300,2990846900,38274136600,3398.9265,3421.0688,3375.1441,3467.5155
103054000,3420.5678,2123200,29477600,2992970100,38303614200,3398.9265,3421.0688,3375.1441,3467.5155
103057000,3420.7036,2118000,25918900,2995088100,38329533100,3398.9265,3421.0688,3375.1441,3467.5155
103104000,3420.8426,2077400,28208100,2997165500,38357741200,3398.9265,3421.2104,3375.1441,3467.5155
103109000,3421.0129,2264700,28337800,2999430200,38386079000,3398.9265,3421.2104,3375.1441,3467.5155
103115000,3421.0932,1497900,24073500,3000928100,38410152500,3398.9265,3421.2104,3375.1441,3467.5155
103118000,3421.1551,1731300,24255900,3002659400,38434408400,3398.9265,3421.2104,3375.1441,3467.5155
103125000,3421.5655,1898200,24034800,3004557600,38458443200,3398.9265,3421.58,3375.1441,3467.5155
103130000,3421.5963,1551400,26140800,3006109000,38484584000,3398.9265,3421.9703,3375.1441,3467.5155
103134000,3421.427,1270100,18820800,3007379100,38503404800,3398.9265,3421.9703,3375.1441,3467.5155
103139000,3421.6485,2375600,31678800,3009754700,38535083600,3398.9265,3421.9703,3375.1441,3467.5155
103145000,3421.4386,1186200,21870800,3010940900,38556954400,3398.9265,3421.9703,3375.1441,3467.5155
103149000,3421.478,2118100,27953000,3013059000,38584907400,3398.9265,3421.9703,3375.1441,3467.5155
103155000,3421.6964,1668200,24582200,3014727200,38609489600,3398.9265,3421.9703,3375.1441,3467.5155
103200000,3421.2777,1448300,20318500,3016175500,38629808100,3398.9265,3421.9703,3375.1441,3467.5155
103204000,3420.9466,1420600,17885100,3017596100,38647693200,3398.9265,3421.9703,3375.1441,3467.5155
103209000,3421.0199,2291100,26844000,3019887200,38674537200,3398.9265,3421.9703,3375.1441,3467.5155
103215000,3421.3189,1391200,21122000,3021278400,38695659200,3398.9265,3421.9703,3375.1441,3467.5155
103219000,3421.4085,1370200,20638700,3022648600,38716297900,3398.9265,3421.9703,3375.1441,3467.5155
103224000,3421.8432,1382000,26419200,3024030600,38742717100,3398.9265,3421.9703,3375.1441,3467.5155
103230000,3421.7508,1974600,26932600,3026005200,38769649700,3398.9265,3421.9703,3375.1441,3467.5155
103233000,3421.5798,1282100,20567600,3027287300,38790217300,3398.9265,3421.9703,3375.1441,3467.5155
103240000,3421.8421,2302600,24900500,3029589900,38815117800,3398.9265,3421.9703,3375.1441,3467.5155
103245000,3422.1013,1579700,19854600,3031169600,38834972400,3398.9265,3422.1013,3375.1441,3467.5155
103249000,3422.0234,1274700,20029000,3032444300,38855001400,3398.9265,3422.1013,3375.1441,3467.5155
103255000,3421.6285,1219100,21025000,3033663400,38876026400,3398.9265,3422.1013,3375.1441,3467.5155
103300000,3421.8116,1690100,28755500,3035353500,38904781900,3398.9265,3422.1013,3375.1441,3467.5155
103303000,3421.7503,1296800,22598300,3036650300,38927380200,3398.9265,3422.1013,3375.1441,3467.5155
103310000,3421.4896,1971200,31489100,3038621500,38958869300,3398.9265,3422.1013,3375.1441,3467.5155
103315000,3422.0326,1188100,18282600,3039809600,38977151900,3398.9265,3422.1013,3375.1441,3467.5155
103319000,3422.2289,1405500,21536700,3041215100,38998688600,3398.9265,3422.2289,3375.1441,3467.5155
103324000,3422.527,1064000,17860300,3042279100,39016548900,3398.9265,3422.527,3375.1441,3467.5155
103330000,3422.7257,1708200,32187500,3043987300,39048736400,3398.9265,3422.7257,3375.1441,3467.5155
103334000,3422.1042,1197400,20470200,3045184700,39069206600,3398.9265,3422.7257,3375.1441,3467.5155
103340000,3422.0686,1512000,27745800,3046696700,39096952400,3398.9265,3422.7257,3375.1441,3467.5155
103345000,3422.2509,1076800,17911100,3047773500,39114863500,3398.9265,3422.7257,3375.1441,3467.5155
103349000,3422.1993,1232100,20176800,3049005600,39135040300,3398.9265,3422.7257,3375.1441,3467.5155
103354000,3421.2395,2580800,23983300,3051586400,39159023600,3398.9265,3422.7257,3375.1441,3467.5155
103400000,3421.873,1711200,25576500,3053297600,39184600100,3398.9265,3422.7257,3375.1441,3467.5155
103404000,3421.4588,3324500,26612800,3056622100,39211212900,3398.9265,3422.7257,3375.1441,3467.5155
103410000,3421.7088,1892000,27482400,3058514100,39238695300,3398.9265,3422.7257,3375.1441,3467.5155
103415000,3421.7552,1536500,21868200,3060050600,39260563500,3398.9265,3422.7257,3375.1441,3467.5155
103418000,3421.532,1395600,21909200,3061446200,39282472700,3398.9265,3422.7257,3375.1441,3467.5155
103424000,3421.9325,916500,21704800,3062362700,39304177500,3398.9265,3422.7257,3375.1441,3467.5155
103430000,3421.6801,2533800,34636100,3064896500,39338813600,3398.9265,3422.7257,3375.1441,3467.5155
103434000,3421.3326,1985400,23953200,3066881900,39362766800,3398.9265,3422.7257,3375.1441,3467.5155
103440000,3421.5474,1669000,23880100,3068550900,39386646900,3398.9265,3422.7257,3375.1441,3467.5155
103445000,3422.0804,1110500,20891900,3069661400,39407538800,3398.9265,3422.7257,3375.1441,3467.5155
103449000,3421.6594,1243200,21317200,3070904600,39428856000,3398.9265,3422.7257,3375.1441,3467.5155
103455000,3421.0801,1442100,20173700,3072346700,39449029700,3398.9265,3422.7257,3375.1441,3467.5155
103500000,3421.3552,1967200,27744200,3074313900,39476773900,3398.9265,3422.7257,3375.1441,3467.5155
103503000,3420.9353,1631100,21858800,3075945000,39498632700,3398.9265,3422.7257,3375.1441,3467.5155
103510000,3421.3323,1648100,33235100,3077593100,39531867800,3398.9265,3422.7257,3375.1441,3467.5155
103515000,3421.6851,1399800,17737000,3078992900,39549604800,3398.9265,3422.7257,3375.1441,3467.5155
103519000,3421.5183,1795900,26131000,3080788800,39575735800,3398.9265,3422.7257,3375.1441,3467.5155
103524000,3422.1524,2400100,36466600,3083188900,39612202400,3398.9265,3422.7257,3375.1441,3467.5155
103530000,3422.5158,1679100,28038100,3084868000,39640240500,3398.9265,3422.7257,3375.1441,3467.5155
103536000,3422.4493,1921100,38006800,3086789100,39678247300,3398.9265,3422.7257,3375.1441,3467.5155
103540000,3422.6853,2218800,31067100,3089007900,39709314400,3398.9265,3422.7257,3375.1441,3467.5155
103546000,3423.2814,2022900,31945700,3091030800,39741260100,3398.9265,3423.2814,3375.1441,3467.5155
103551000,3423.3414,1786200,27482300,3092817000,39768742400,3398.9265,3423.6628,3375.1441,3467.5155
103555000,3423.0923,1494200,33402300,3094311200,39802144700,3398.9265,3423.6628,3375.1441,3467.5155
103601000,3423.7689,2822100,31952700,3097133300,39834097400,3398.9265,3423.7689,3375.1441,3467.5155
103606000,3424.2787,2242100,35932000,3099375400,39870029400,3398.9265,3424.2787,3375.1441,3467.5155
103610000,3424.4275,1468900,23271200,3100844300,39893300600,3398.9265,3424.4522,3375.1441,3467.5155
103616000,3424.513,2087000,36579700,3102931300,39929880300,3398.9265,3424.513,3375.1441,3467.5155
103621000,3424.78,2400900,27540600,3105332200,39957420900,3398.9265,3424.78,3375.1441,3467.5155
103625000,3425.346,1652100,27867700,3106984300,39985288600,3398.9265,3425.3544,3375.1441,3467.5155
103631000,3425.2844,1544700,29481000,3108529000,40014769600,3398.9265,3425.4838,3375.1441,3467.5155
103636000,3425.5358,1731000,25849100,3110260000,40040618700,3398.9265,3425.5465,3375.1441,3467.5155
103640000,3425.8468,1669600,25545400,3111929600,40066164100,3398.9265,3425.8468,3375.1441,3467.5155
103646000,3425.8842,2529600,30687100,3114459200,40096851200,3398.9265,3426.0308,3375.1441,3467.5155
103651000,3426.1325,2398900,23235200,3116858100,40120086400,3398.9265,3426.1325,3375.1441,3467.5155
103655000,3425.7007,2451000,28140000,3119309100,40148226400,3398.9265,3426.2233,3375.1441,3467.5155
103701000,3426.1599,1538100,24096900,3120847200,40172323300,3398.9265,3426.2233,3375.1441,3467.5155
103706000,3426.2895,3104400,40899400,3123951600,40213222700,3398.9265,3426.2895,3375.1441,3467.5155
103709000,3426.6163,1276500,23547700,3125228100,40236770400,3398.9265,3426.6163,3375.1441,3467.5155
103716000,3426.5436,2136700,32581500,3127364800,40269351900,3398.9265,3426.6585,3375.1441,3467.5155
103721000,3426.7968,1308900,22182100,3128673700,40291534000,3398.9265,3426.7968,3375.1441,3467.5155
103725000,3427.2925,1200000,19509100,3129873700,40311043100,3398.9265,3427.2925,3375.1441,3467.5155
103731000,3427.251,1704500,25316400,3131578200,40336359500,3398.9265,3427.3413,3375.1441,3467.5155
103736000,3426.7925,2791500,34857600,3134369700,40371217100,3398.9265,3427.3413,3375.1441,3467.5155
103740000,3426.9212,1994100,23793000,3136363800,40395010100,3398.9265,3427.3413,3375.1441,3467.5155
103746000,3427.3362,1397200,25774800,3137761000,40420784900,3398.9265,3427.4133,3375.1441,3467.5155
103751000,3427.3782,1878100,24939800,3139639100,40445724700,3398.9265,3427.5705,3375.1441,3467.5155
103754000,3426.961,1281100,22850600,3140920200,40468575300,3398.9265,3427.5705,3375.1441,3467.5155
103801000,3426.9717,1487900,26274400,3142408100,40494849700,3398.9265,3427.5705,3375.1441,3467.5155
103806000,3427.2081,1602300,30244000,3144010400,40525093700,3398.9265,3427.5705,3375.1441,3467.5155
103810000,3427.164,1381100,23417400,3145391500,40548511100,3398.9265,3427.5705,3375.1441,3467.5155
103816000,3426.8976,1747800,29730800,3147139300,40578241900,3398.9265,3427.5705,3375.1441,3467.5155
103821000,3427.0584,1183900,21717200,3148323200,40599959100,3398.9265,3427.5705,3375.1441,3467.5155
103825000,3427.1012,1071200,21578100,3149394400,40621537200,3398.9265,3427.5705,3375.1441,3467.5155
103831000,3426.234,2130900,26520300,3151525300,40648057500,3398.9265,3427.5705,3375.1441,3467.5155
103836000,3426.5012,2433700,33631200,3153959000,40681688700,3398.9265,3427.5705,3375.1441,3467.5155
103840000,3426.7146,2089800,31025700,3156048800,40712714400,3398.9265,3427.5705,3375.1441,3467.5155
103845000,3425.6537,3032700,41098100,3159081500,40753812500,3398.9265,3427.5705,3375.1441,3467.5155
103851000,3425.2706,2491400,26975000,3161572900,40780787500,3398.9265,3427.5705,3375.1441,3467.5155
103855000,3424.832,2079700,34892200,3163652600,40815679700,3398.9265,3427.5705,3375.1441,3467.5155
103901000,3424.906,2572300,36038900,3166224900,40851718600,3398.9265,3427.5705,3375.1441,3467.5155
103906000,3425.0289,2213500,34632600,3168438400,40886351200,3398.9265,3427.5705,3375.1441,3467.5155
103910000,3424.8531,1654400,23681200,3170092800,40910032400,3398.9265,3427.5705,3375.1441,3467.5155
103916000,3424.5718,1775000,29229500,3171867800,40939261900,3398.9265,3427.5705,3375.1441,3467.5155
103921000,3424.4789,1608600,17797800,3173476400,40957059700,3398.9265,3427.5705,3375.1441,3467.5155
103925000,3424.7389,2097000,24474300,3175573400,40981534000,3398.9265,3427.5705,3375.1441,3467.5155
103931000,3424.6783,1437200,19813300,3177010600,41001347300,3398.9265,3427.5705,3375.1441,3467.5155
103936000,3424.3848,1034300,16163700,3178044900,41017511000,3398.9265,3427.5705,3375.1441,3467.5155
103942000,3424.5258,1239800,20464900,3179284700,41037975900,3398.9265,3427.5705,3375.1441,3467.5155
103945000,3424.5488,1155100,19252100,3180439800,41057228000,3398.9265,3427.5705,3375.1441,3467.5155
103952000,3424.5257,1544500,25205400,3181984300,41082433400,3398.9265,3427.5705,3375.1441,3467.5155
103957000,3424.189,925300,13552300,3182909600,41095985700,3398.9265,3427.5705,3375.1441,3467.5155
104001000,3423.5065,916300,12403900,3183825900,41108389600,3398.9265,3427.5705,3375.1441,3467.5155
104006000,3423.924,1139300,18363900,3184965200,41126753500,3398.9265,3427.5705,3375.1441,3467.5155
104012000,3423.9333,1348200,17310400,3186313400,41144063900,3398.9265,3427.5705,3375.1441,3467.5155
104016000,3424.4166,1044700,15520500,3187358100,41159584400,3398.9265,3427.5705,3375.1441,3467.5155
104022000,3424.1819,1544200,20808200,3188902300,41180392600,3398.9265,3427.5705,3375.1441,3467.5155
104027000,3424.539,1184700,16786500,3190087000,41197179100,3398.9265,3427.5705,3375.1441,3467.5155
104031000,3424.5254,1650500,20867700,3191737500,41218046800,3398.9265,3427.5705,3375.1441,3467.5155
104037000,3424.3496,950000,14088300,3192687500,41232135100,3398.9265,3427.5705,3375.1441,3467.5155
104042000,3423.879,1190000,18414900,3193877500,41250550000,3398.9265,3427.5705,3375.1441,3467.5155
104045000,3423.9517,882100,14071300,3194759600,41264621300,3398.9265,3427.5705,3375.1441,3467.5155
104052000,3424.3208,2365100,29104000,3197124700,41293725300,3398.9265,3427.5705,3375.1441,3467.5155
104057000,3423.3142,1399000,17288900,3198523700,41311014200,3398.9265,3427.5705,3375.1441,3467.5155
104101000,3423.059,1421700,16730800,3199945400,41327745000,3398.9265,3427.5705,3375.1441,3467.5155
104107000,3423.2747,1344700,19153900,3201290100,41346898900,3398.9265,3427.5705,3375.1441,3467.5155
104112000,3423.5268,1905300,19109500,3203195400,41366008400,3398.9265,3427.5705,3375.1441,3467.5155
104116000,3423.6069,1764700,22143300,3204960100,41388151700,3398.9265,3427.5705,3375.1441,3467.5155
104121000,3423.5072,1656500,27059100,3206616600,41415210800,3398.9265,3427.5705,3375.1441,3467.5155
104127000,3423.8721,850000,11683100,3207466600,41426893900,3398.9265,3427.5705,3375.1441,3467.5155
104131000,3423.3464,1152700,14697600,3208619300,41441591500,3398.9265,3427.5705,3375.1441,3467.5155
104137000,3423.3661,1458800,15672800,3210078100,41457264300,3398.9265,3427.5705,3375.1441,3467.5155
104142000,3423.3622,2364000,26285100,3212442100,41483549400,3398.9265,3427.5705,3375.1441,3467.5155
104146000,3423.0686,1593100,17583400,3214035200,41501132800,3398.9265,3427.5705,3375.1441,3467.5155
104152000,3423.3369,1664000,23345200,3215699200,41524478000,3398.9265,3427.5705,3375.1441,3467.5155
104157000,3423.229,1103200,18039500,3216802400,41542517500,3398.9265,3427.5705,3375.1441,3467.5155
104201000,3423.1314,2304500,23742800,3219106900,41566260300,3398.9265,3427.5705,3375.1441,3467.5155
104207000,3423.1812,1040600,14655800,3220147500,41580916100,3398.9265,3427.5705,3375.1441,3467.5155
104212000,3422.8611,1548400,19238400,3221695900,41600154500,3398.9265,3427.5705,3375.1441,3467.5155
104215000,3422.8429,950400,14990300,3222646300,41615144800,3398.9265,3427.5705,3375.1441,3467.5155
104222000,3422.9252,1903600,28666100,3224549900,41643810900,3398.9265,3427.5705,3375.1441,3467.5155
104227000,3423.1426,693100,11511800,3225243000,41655322700,3398.9265,3427.5705,3375.1441,3467.5155
104231000,3422.7846,1141600,16859400,3226384600,41672182100,3398.9265,3427.5705,3375.1441,3467.5155
104237000,3422.3336,1876400,27008400,3228261000,41699190500,3398.9265,3427.5705,3375.1441,3467.5155
104242000,3422.5439,1261400,20121100,3229522400,41719311600,3398.9265,3427.5705,3375.1441,3467.5155
104246000,3422.5659,928700,13875800,3230451100,41733187400,3398.9265,3427.5705,3375.1441,3467.5155
104252000,3422.7632,2869300,35863900,3233320400,41769051300,3398.9265,3427.5705,3375.1441,3467.5155
104257000,3422.5968,1199800,14231000,3234520200,41783282300,3398.9265,3427.5705,3375.1441,3467.5155
104301000,3422.6979,1035800,15292900,3235556000,41798575200,3398.9265,3427.5705,3375.1441,3467.5155
104306000,3422.9065,1738500,19106600,3237294500,41817681800,3398.9265,3427.5705,3375.1441,3467.5155
104312000,3422.8676,1505600,21574600,3238800100,41839256400,3398.9265,3427.5705,3375.1441,3467.5155
104316000,3423.1842,1320600,19139400,3240120700,41858395800,3398.9265,3427.5705,3375.1441,3467.5155
104321000,3423.494,2264600,27461300,3242385300,41885857100,3398.9265,3427.5705,3375.1441,3467.5155
104327000,3423.5378,1404100,15772000,3243789400,41901629100,3398.9265,3427.5705,3375.1441,3467.5155
104331000,3423.3877,1455700,19383100,3245245100,41921012200,3398.9265,3427.5705,3375.1441,3467.5155
104337000,3423.0146,1272200,18781500,3246517300,41939793700,3398.9265,3427.5705,3375.1441,3467.5155
104342000,3423.1116,1980900,25829900,3248498200,41965623600,3398.9265,3427.5705,3375.1441,3467.5155
104346000,3422.8901,1050600,15671200,3249548800,41981294800,3398.9265,3427.5705,3375.1441,3467.5155
104352000,3423.1956,2140700,26822500,3251689500,42008117300,3398.9265,3427.5705,3375.1441,3467.5155
104358000,3423.6527,1319400,19508000,3253008900,42027625300,3398.9265,3427.5705,3375.1441,3467.5155
104401000,3423.469,666700,11033400,3253675600,42038658700,3398.9265,3427.5705,3375.1441,3467.5155
104407000,3423.5977,1827200,24448700,3255502800,42063107400,3398.9265,3427.5705,3375.1441,3467.5155
104413000,3423.4,1366900,19480400,3256869700,42082587800,3398.9265,3427.5705,3375.1441,3467.5155
104418000,3423.3006,1239400,19155900,3258109100,42101743700,3398.9265,3427.5705,3375.1441,3467.5155
104422000,3423.4682,994100,17346500,3259103200,42119090200,3398.9265,3427.5705,3375.1441,3467.5155
104428000,3423.7827,1438500,18825300,3260541700,42137915500,3398.9265,3427.5705,3375.1441,3467.5155
104433000,3423.4231,1415400,19429800,3261957100,42157345300,3398.9265,3427.5705,3375.1441,3467.5155
104437000,3423.3989,1146300,16673400,3263103400,42174018700,3398.9265,3427.5705,3375.1441,3467.5155
104443000,3423.3045,1280500,17814400,3264383900,42191833100,3398.9265,3427.5705,3375.1441,3467.5155
104448000,3423.0654,1780300,28722900,3266164200,42220556000,3398.9265,3427.5705,3375.1441,3467.5155
104452000,3423.2976,1355800,22993900,3267520000,42243549900,3398.9265,3427.5705,3375.1441,3467.5155
104458000,3423.3409,1423000,20266400,3268943000,42263816300,3398.9265,3427.5705,3375.1441,3467.5155
104503000,3422.8615,853400,13586100,3269796400,42277402400,3398.9265,3427.5705,3375.1441,3467.5155
104507000,3423.377,893500,14618100,3270689900,42292020500,3398.9265,3427.5705,3375.1441,3467.5155
104513000,3422.8429,1509200,17397900,3272199100,42309418400,3398.9265,3427.5705,3375.1441,3467.5155
104518000,3423.1249,1124900,23747700,3273324000,42333166100,3398.9265,3427.5705,3375.1441,3467.5155
104522000,3421.7878,1647500,24468800,3274971500,42357634900,3398.9265,3427.5705,3375.1441,3467.5155
104528000,3420.892,2520500,34919000,3277492000,42392553900,3398.9265,3427.5705,3375.1441,3467.5155
104533000,3420.4346,2140800,26111500,3279632800,42418665400,3398.9265,3427.5705,3375.1441,3467.5155
104537000,3420.4222,1863500,30826100,3281496300,42449491500,3398.9265,3427.5705,3375.1441,3467.5155
104543000,3419.4263,2692200,36074700,3284188500,42485566200,3398.9265,3427.5705,3375.1441,3467.5155
104548000,3419.2968,3346800,47619400,3287535300,42533185600,3398.9265,3427.5705,3375.1441,3467.5155
104552000,3418.8339,1951000,27995900,3289486300,42561181500,3398.9265,3427.5705,3375.1441,3467.5155
104558000,3418.4268,3778100,45774600,3293264400,42606956100,3398.9265,3427.5705,3375.1441,3467.5155
104603000,3417.7774,4749700,42982300,3298014100,42649938400,3398.9265,3427.5705,3375.1441,3467.5155
104607000,3417.6768,3658400,29077200,3301672500,42679015600,3398.9265,3427.5705,3375.1441,3467.5155
104613000,3416.9483,2093800,28362300,3303766300,42707377900,3398.9265,3427.5705,3375.1441,3467.5155
104618000,3416.6162,2642100,29473300,3306408400,42736851200,3398.9265,3427.5705,3375.1441,3467.5155
104622000,3416.6568,2528700,29107900,3308937100,42765959100,3398.9265,3427.5705,3375.1441,3467.5155
104628000,3416.7277,2943800,35963500,3311880900,42801922600,3398.9265,3427.5705,3375.1441,3467.5155
104633000,3416.3974,1985800,29097700,3313866700,42831020300,3398.9265,3427.5705,3375.1441,3467.5155
104636000,3415.7106,1548700,24534800,3315415400,42855555100,3398.9265,3427.5705,3375.1441,3467.5155
104643000,3415.6324,1912500,23740000,3317327900,42879295100,3398.9265,3427.5705,3375.1441,3467.5155
104648000,3415.036,2681300,30870400,3320009200,42910165500,3398.9265,3427.5705,3375.1441,3467.5155
104652000,3415.185,2124300,28332200,3322133500,42938497700,3398.9265,3427.5705,3375.1441,3467.5155
104658000,3414.8545,3128600,35535100,3325262100,42974032800,3398.9265,3427.5705,3375.1441,3467.5155
104703000,3414.7862,1772600,22004600,3327034700,42996037400,3398.9265,3427.5705,3375.1441,3467.5155
104707000,3415.1245,2677400,27755700,3329712100,43023793100,3398.9265,3427.5705,3375.1441,3467.5155
104713000,3414.427,1999400,25470900,3331711500,43049264000,3398.9265,3427.5705,3375.1441,3467.5155
104718000,3414.1933,3896600,47294600,3335608100,43096558600,3398.9265,3427.5705,3375.1441,3467.5155
104722000,3414.3769,3331400,31232600,3338939500,43127791200,3398.9265,3427.5705,3375.1441,3467.5155
104728000,3414.9745,4138900,39828300,3343078400,43167619500,3398.9265,3427.5705,3375.1441,3467.5155
104733000,3414.4608,2231900,24984200,3345310300,43192603700,3398.9265,3427.5705,3375.1441,3467.5155
104737000,3414.0948,3200200,43855000,3348510500,43236458700,3398.9265,3427.5705,3375.1441,3467.5155
104743000,3414.0013,2864300,26905800,3351374800,43263364500,3398.9265,3427.5705,3375.1441,3467.5155
104748000,3413.8688,3197100,36460600,3354571900,43299825100,3398.9265,3427.5705,3375.1441,3467.5155
104754000,3413.9656,1699100,22911100,3356271000,43322736200,3398.9265,3427.5705,3375.1441,3467.5155
104758000,3413.3698,2802100,30498400,3359073100,43353234600,3398.9265,3427.5705,3375.1441,3467.5155
104804000,3413.4758,1899900,26701300,3360973000,43379935900,3398.9265,3427.5705,3375.1441,3467.5155
104809000,3413.3024,2198200,23173700,3363171200,43403109600,3398.9265,3427.5705,3375.1441,3467.5155
104813000,3413.3125,1245400,14502800,3364416600,43417612400,3398.9265,3427.5705,3375.1441,3467.5155
104819000,3413.5823,4221000,34171400,3368637600,43451783800,3398.9265,3427.5705,3375.1441,3467.5155
104822000,3413.7225,3696000,29071200,3372333600,43480855000,3398.9265,3427.5705,3375.1441,3467.5155
104828000,3413.4035,3088500,39185000,3375422100,43520040000,3398.9265,3427.5705,3375.1441,3467.5155
104834000,3413.4959,2353300,30679000,3377775400,43550719000,3398.9265,3427.5705,3375.1441,3467.5155
104839000,3413.4594,1793500,21424300,3379568900,43572143300,3398.9265,3427.5705,3375.1441,3467.5155
104843000,3413.1153,1845300,24552000,3381414200,43596695300,3398.9265,3427.5705,3375.1441,3467.5155
104849000,3413.0753,1883300,23502300,3383297500,43620197600,3398.9265,3427.5705,3375.1441,3467.5155
104854000,3413.1581,2161900,34854500,3385459400,43655052100,3398.9265,3427.5705,3375.1441,3467.5155
104858000,3413.1768,1498900,22614500,3386958300,43677666600,3398.9265,3427.5705,3375.1441,3467.5155
104904000,3413.303,1898600,21619500,3388856900,43699286100,3398.9265,3427.5705,3375.1441,3467.5155
104909000,3413.6176,1260900,18422300,3390117800,43717708400,3398.9265,3427.5705,3375.1441,3467.5155
104913000,3412.986,1986800,27645300,3392104600,43745353700,3398.9265,3427.5705,3375.1441,3467.5155
104919000,3413.3425,3466900,34807900,3395571500,43780161600,3398.9265,3427.5705,3375.1441,3467.5155
104924000,3413.5201,2511000,30034800,3398082500,43810196400,3398.9265,3427.5705,3375.1441,3467.5155
104928000,3414.3901,2539100,35502300,3400621600,43845698700,3398.9265,3427.5705,3375.1441,3467.5155
104934000,3414.0507,1777700,25068200,3402399300,43870766900,3398.9265,3427.5705,3375.1441,3467.5155
104939000,3413.8491,1561800,19638800,3403961100,43890405700,3398.9265,3427.5705,3375.1441,3467.5155
104943000,3414.0244,2364400,31274500,3406325500,43921680200,3398.9265,3427.5705,3375.1441,3467.5155
104949000,3413.727,1488800,20459100,3407814300,43942139300,3398.9265,3427.5705,3375.1441,3467.5155
104954000,3415.2322,3075800,34727300,3410890100,43976866600,3398.9265,3427.5705,3375.1441,3467.5155
104958000,3415.235,1380100,16236500,3412270200,43993103100,3398.9265,3427.5705,3375.1441,3467.5155
105004000,3414.4744,2083700,34115100,3414353900,44027218200,3398.9265,3427.5705,3375.1441,3467.5155
105009000,3414.8597,1536800,19165300,3415890700,44046383500,3398.9265,3427.5705,3375.1441,3467.5155
105013000,3414.9488,1364900,16358900,3417255600,44062742400,3398.9265,3427.5705,3375.1441,3467.5155
105019000,3414.4059,1366200,15569500,3418621800,44078311900,3398.9265,3427.5705,3375.1441,3467.5155
105024000,3414.7964,1500500,22512400,3420122300,44100824300,3398.9265,3427.5705,3375.1441,3467.5155
105028000,3415.1214,1602700,25372900,3421725000,44126197200,3398.9265,3427.5705,3375.1441,3467.5155
105034000,3414.8839,1997300,27840800,3423722300,44154038000,3398.9265,3427.5705,3375.1441,3467.5155
105039000,3414.5273,933600,16610700,3424655900,44170648700,3398.9265,3427.5705,3375.1441,3467.5155
105043000,3414.2703,1300900,16254600,3425956800,44186903300,3398.9265,3427.5705,3375.1441,3467.5155
105049000,3414.1795,1594700,22782500,3427551500,44209685800,3398.9265,3427.5705,3375.1441,3467.5155
105054000,3413.6809,2176800,25906900,3429728300,44235592700,3398.9265,3427.5705,3375.1441,3467.5155
105058000,3413.7999,1717200,22339300,3431445500,44257932000,3398.9265,3427.5705,3375.1441,3467.5155
105104000,3413.6511,1387800,21442000,3432833300,44279374000,3398.9265,3427.5705,3375.1441,3467.5155
105109000,3413.9624,959500,12891900,3433792800,44292265900,3398.9265,3427.5705,3375.1441,3467.5155
105113000,3414.0762,1985000,25519600,3435777800,44317785500,3398.9265,3427.5705,3375.1441,3467.5155
105119000,3413.9934,1109900,14753100,3436887700,44332538600,3398.9265,3427.5705,3375.1441,3467.5155
105124000,3413.7825,1541400,25408300,3438429100,44357946900,3398.9265,3427.5705,3375.1441,3467.5155
105128000,3413.7937,2728000,29372700,3441157100,44387319600,3398.9265,3427.5705,3375.1441,3467.5155
105134000,3413.5892,1605700,22470400,3442762800,44409790000,3398.9265,3427.5705,3375.1441,3467.5155
105139000,3413.0553,969500,12965000,3443732300,44422755000,3398.9265,3427.5705,3375.1441,3467.5155
105143000,3413.2987,1466600,14720000,3445198900,44437475000,3398.9265,3427.5705,3375.1441,3467.5155
105149000,3413.3784,1220200,14658100,3446419100,44452133100,3398.9265,3427.5705,3375.1441,3467.5155
105154000,3413.0775,1542000,19575800,3447961100,44471708900,3398.9265,3427.5705,3375.1441,3467.5155
105158000,3412.9905,1683700,24664400,3449644800,44496373300,3398.9265,3427.5705,3375.1441,3467.5155
105204000,3412.3049,1690700,20176100,3451335500,44516549400,3398.9265,3427.5705,3375.1441,3467.5155
105209000,3412.9748,1581400,19496400,3452916900,44536045800,3398.9265,3427.5705,3375.1441,3467.5155
105213000,3412.8845,991200,14567200,3453908100,44550613000,3398.9265,3427.5705,3375.1441,3467.5155
105219000,3412.8584,1477100,22415300,3455385200,44573028300,3398.9265,3427.5705,3375.1441,3467.5155
105224000,3412.5205,1626000,22843300,3457011200,44595871600,3398.9265,3427.5705,3375.1441,3467.5155
105230000,3413.1749,1594900,23167900,3458606100,44619039500,3398.9265,3427.5705,3375.1441,3467.5155
105234000,3413.192,925200,15329100,3459531300,44634368600,3398.9265,3427.5705,3375.1441,3467.5155
105240000,3412.3506,2777700,35042600,3462309000,44669411200,3398.9265,3427.5705,3375.1441,3467.5155
105245000,3412.5993,899100,11665600,3463208100,44681076800,3398.9265,3427.5705,3375.1441,3467.5155
105249000,3412.5245,1415100,17183000,3464623200,44698259800,3398.9265,3427.5705,3375.1441,3467.5155
105255000,3412.5634,1694900,19259700,3466318100,44717519500,3398.9265,3427.5705,3375.1441,3467.5155
105300000,3412.4163,1789300,26476600,3468107400,44743996100,3398.9265,3427.5705,3375.1441,3467.5155
105304000,3412.3442,1106300,15927700,3469213700,44759923800,3398.9265,3427.5705,3375.1441,3467.5155
105310000,3412.0375,1378500,20907200,3470592200,44780831000,3398.9265,3427.5705,3375.1441,3467.5155
105315000,3412.0217,1230600,16974500,3471822800,44797805500,3398.9265,3427.5705,3375.1441,3467.5155
105319000,3411.7974,1333200,18797600,3473156000,44816603100,3398.9265,3427.5705,3375.1441,3467.5155
105325000,3411.9716,1452100,17741000,3474608100,44834344100,3398.9265,3427.5705,3375.1441,3467.5155
105330000,3411.8427,2592500,35922500,3477200600,44870266600,3398.9265,3427.5705,3375.1441,3467.5155
105334000,3411.2508,2690000,31151600,3479890600,44901418200,3398.9265,3427.5705,3375.1441,3467.5155
105339000,3410.8187,1529900,22153400,3481420500,44923571600,3398.9265,3427.5705,3375.1441,3467.5155
105345000,3411.0264,1528900,17241200,3482949400,44940812800,3398.9265,3427.5705,3375.1441,3467.5155
105348000,3410.76,1751300,27112400,3484700700,44967925200,3398.9265,3427.5705,3375.1441,3467.5155
105355000,3410.8037,2068500,27280700,3486769200,44995205900,3398.9265,3427.5705,3375.1441,3467.5155
105400000,3410.8528,1697800,23495000,3488467000,45018700900,3398.9265,3427.5705,3375.1441,3467.5155
105404000,3410.1163,1161700,15803600,3489628700,45034504500,3398.9265,3427.5705,3375.1441,3467.5155
105410000,3410.4996,2166400,33105200,3491795100,45067609700,3398.9265,3427.5705,3375.1441,3467.5155
105415000,3410.8837,1046400,15272200,3492841500,45082881900,3398.9265,3427.5705,3375.1441,3467.5155
105419000,3411.2457,1348300,17726500,3494189800,45100608400,3398.9265,3427.5705,3375.1441,3467.5155
105425000,3410.3081,1766300,23445200,3495956100,45124053600,3398.9265,3427.5705,3375.1441,3467.5155
105430000,3410.9693,1785000,24003200,3497741100,45148056800,3398.9265,3427.5705,3375.1441,3467.5155
105434000,3410.8182,1658000,20357800,3499399100,45168414600,3398.9265,3427.5705,3375.1441,3467.5155
105440000,3409.9769,1454900,22080100,3500854000,45190494700,3398.9265,3427.5705,3375.1441,3467.5155
105445000,3410.0997,962500,13755300,3501816500,45204250000,3398.9265,3427.5705,3375.1441,3467.5155
105449000,3410.2577,1382100,16468700,3503198600,45220718700,3398.9265,3427.5705,3375.1441,3467.5155
105455000,3410.3132,1230300,16933900,3504428900,45237652600,3398.9265,3427.5705,3375.1441,3467.5155
105500000,3410.1001,3796800,46252200,3508225700,45283904800,3398.9265,3427.5705,3375.1441,3467.5155
105504000,3410.0736,1440600,18541600,3509666300,45302446400,3398.9265,3427.5705,3375.1441,3467.5155
105510000,3410.3616,1951000,23260300,3511617300,45325706700,3398.9265,3427.5705,3375.1441,3467.5155
105515000,3410.4913,1395400,22073500,3513012700,45347780200,3398.9265,3427.5705,3375.1441,3467.5155
105519000,3410.3391,1708400,20437700,3514721100,45368217900,3398.9265,3427.5705,3375.1441,3467.5155
105525000,3410.7417,1344200,21420700,3516065300,45389638600,3398.9265,3427.5705,3375.1441,3467.5155
105530000,3411.6302,2294800,27057100,3518360100,45416695700,3398.9265,3427.5705,3375.1441,3467.5155
105534000,3411.3764,1713300,22199600,3520073400,45438895300,3398.9265,3427.5705,3375.1441,3467.5155
105540000,3410.9886,2111300,30296300,3522184700,45469191600,3398.9265,3427.5705,3375.1441,3467.5155
105545000,3411.5156,1706600,19547400,3523891300,45488739000,3398.9265,3427.5705,3375.1441,3467.5155
105549000,3412.1307,1726100,25970800,3525617400,45514709800,3398.9265,3427.5705,3375.1441,3467.5155
105555000,3411.616,1780200,22116800,3527397600,45536826600,3398.9265,3427.5705,3375.1441,3467.5155
105600000,3412.0288,1498100,21871500,3528895700,45558698100,3398.9265,3427.5705,3375.1441,3467.5155
105604000,3412.0204,1210600,17550600,3530106300,45576248700,3398.9265,3427.5705,3375.1441,3467.5155
105610000,3412.1861,2290500,33202900,3532396800,45609451600,3398.9265,3427.5705,3375.1441,3467.5155
105615000,3412.4117,953900,14834800,3533350700,45624286400,3398.9265,3427.5705,3375.1441,3467.5155
105619000,3412.3842,1339900,18718400,3534690600,45643004800,3398.9265,3427.5705,3375.1441,3467.5155
105625000,3412.2708,1259000,20470300,3535949600,45663475100,3398.9265,3427.5705,3375.1441,3467.5155
105631000,3412.647,2413400,25196700,3538363000,45688671800,3398.9265,3427.5705,3375.1441,3467.5155
105634000,3412.4019,1397900,13069000,3539760900,45701740800,3398.9265,3427.5705,3375.1441,3467.5155
105640000,3411.7295,1403700,17053000,3541164600,45718793800,3398.9265,3427.5705,3375.1441,3467.5155
105646000,3411.6369,1229000,15797300,3542393600,45734591100,3398.9265,3427.5705,3375.1441,3467.5155
105651000,3411.8225,958200,12228200,3543351800,45746819300,3398.9265,3427.5705,3375.1441,3467.5155
105655000,3411.832,1308700,15695900,3544660500,45762515200,3398.9265,3427.5705,3375.1441,3467.5155
105701000,3412.2122,1063900,17327700,3545724400,45779842900,3398.9265,3427.5705,3375.1441,3467.5155
105706000,3412.0914,1144000,14431500,3546868400,45794274400,3398.9265,3427.5705,3375.1441,3467.5155
105710000,3412.0729,1200500,15206900,3548068900,45809481300,3398.9265,3427.5705,3375.1441,3467.5155
105716000,3411.9095,1758700,17570900,3549827600,45827052200,3398.9265,3427.5705,3375.1441,3467.5155
105721000,3411.6726,1038600,14747300,3550866200,45841799500,3398.9265,3427.5705,3375.1441,3467.5155
105725000,3411.626,1218400,15046400,3552084600,45856845900,3398.9265,3427.5705,3375.1441,3467.5155
105731000,3412.1142,921500,17237100,3553006100,45874083000,3398.9265,3427.5705,3375.1441,3467.5155
105736000,3412.1021,1367200,15879000,3554373300,45889962000,3398.9265,3427.5705,3375.1441,3467.5155
105740000,3411.2985,726100,8659900,3555099400,45898621900,3398.9265,3427.5705,3375.1441,3467.5155
105746000,3411.089,1041400,16329600,3556140800,45914951500,3398.9265,3427.5705,3375.1441,3467.5155
105751000,3411.544,905700,12557100,3557046500,45927508600,3398.9265,3427.5705,3375.1441,3467.5155
105755000,3411.7389,1314000,14716400,3558360500,45942225000,3398.9265,3427.5705,3375.1441,3467.5155
105801000,3411.5938,829400,11788000,3559189900,45954013000,3398.9265,3427.5705,3375.1441,3467.5155
105806000,3411.7329,1141800,16140800,3560331700,45970153800,3398.9265,3427.5705,3375.1441,3467.5155
105810000,3411.4876,1227300,15678500,3561559000,45985832300,3398.9265,3427.5705,3375.1441,3467.5155
105816000,3411.6912,1610700,20206000,3563169700,46006038300,3398.9265,3427.5705,3375.1441,3467.5155
105821000,3411.9245,1392100,12895900,3564561800,46018934200,3398.9265,3427.5705,3375.1441,3467.5155
105825000,3411.5986,904500,14951200,3565466300,46033885400,3398.9265,3427.5705,3375.1441,3467.5155
105831000,3411.9215,1041200,16734500,3566507500,46050619900,3398.9265,3427.5705,3375.1441,3467.5155
105836000,3411.7099,3161500,23216700,3569669000,46073836600,3398.9265,3427.5705,3375.1441,3467.5155
105840000,3411.3373,948200,14381700,3570617200,46088218300,3398.9265,3427.5705,3375.1441,3467.5155
105846000,3411.3882,972900,16837800,3571590100,46105056100,3398.9265,3427.5705,3375.1441,3467.5155
105851000,3411.4563,1512500,19524600,3573102600,46124580700,3398.9265,3427.5705,3375.1441,3467.5155
105855000,3411.3892,1279500,15458300,3574382100,46140039000,3398.9265,3427.5705,3375.1441,3467.5155
105901000,3411.7135,1180000,17506200,3575562100,46157545200,3398.9265,3427.5705,3375.1441,3467.5155
105906000,3411.133,1403700,24678200,3576965800,46182223400,3398.9265,3427.5705,3375.1441,3467.5155
105910000,3411.4805,1531400,19723700,3578497200,46201947100,3398.9265,3427.5705,3375.1441,3467.5155
105916000,3411.5814,2073100,20700600,3580570300,46222647700,3398.9265,3427.5705,3375.1441,3467.5155
105921000,3411.7724,1038000,14578600,3581608300,46237226300,3398.9265,3427.5705,3375.1441,3467.5155
105925000,3411.5828,1513400,20887200,3583121700,46258113500,3398.9265,3427.5705,3375.1441,3467.5155
105931000,3412.0139,1222500,14198600,3584344200,46272312100,3398.9265,3427.5705,3375.1441,3467.5155
105936000,3411.3722,1073000,13287700,3585417200,46285599800,3398.9265,3427.5705,3375.1441,3467.5155
105940000,3410.8818,616200,11609900,3586033400,46297209700,3398.9265,3427.5705,3375.1441,3467.5155
105946000,3411.126,1434700,15461500,3587468100,46312671200,3398.9265,3427.5705,3375.1441,3467.5155
105951000,3410.7766,2497600,16505000,3589965700,46329176200,3398.9265,3427.5705,3375.1441,3467.5155
105955000,3411.0957,1108900,14949400,3591074600,46344125600,3398.9265,3427.5705,3375.1441,3467.5155
110001000,3411.3266,1096500,14106600,3592171100,46358232200,3398.9265,3427.5705,3375.1441,3467.5155
110006000,3410.8951,2113000,25579800,3594284100,46383812000,3398.9265,3427.5705,3375.1441,3467.5155
110010000,3410.7765,1085600,14069400,3595369700,46397881400,3398.9265,3427.5705,3375.1441,3467.5155
110016000,3410.9732,1237000,24261600,3596606700,46422143000,3398.9265,3427.5705,3375.1441,3467.5155
110021000,3410.4962,780900,12064900,3597387600,46434207900,3398.9265,3427.5705,3375.1441,3467.5155
110025000,3410.6834,970300,13345000,3598357900,46447552900,3398.9265,3427.5705,3375.1441,3467.5155
110031000,3411.2781,1096400,17001400,3599454300,46464554300,3398.9265,3427.5705,3375.1441,3467.5155
110036000,3411.1313,1304400,18507100,3600758700,46483061400,3398.9265,3427.5705,3375.1441,3467.5155
110040000,3410.3897,999300,12634800,3601758000,46495696200,3398.9265,3427.5705,3375.1441,3467.5155
110046000,3410.5189,1912500,22031200,3603670500,46517727400,3398.9265,3427.5705,3375.1441,3467.5155
110052000,3410.1511,1580300,19653800,3605250800,46537381200,3398.9265,3427.5705,3375.1441,3467.5155
110057000,3410.2616,1087900,13505600,3606338700,46550886800,3398.9265,3427.5705,3375.1441,3467.5155
110101000,3410.3198,813200,12152000,3607151900,46563038800,3398.9265,3427.5705,3375.1441,3467.5155
110107000,3410.6741,1946100,20969000,3609098000,46584007800,3398.9265,3427.5705,3375.1441,3467.5155
110112000,3410.684,1184700,16266900,3610282700,46600274700,3398.9265,3427.5705,3375.1441,3467.5155
110116000,3410.6118,1150500,14545400,3611433200,46614820100,3398.9265,3427.5705,3375.1441,3467.5155
110122000,3410.3719,1400900,18459400,3612834100,46633279500,3398.9265,3427.5705,3375.1441,3467.5155
110127000,3410.5738,903700,13917600,3613737800,46647197100,3398.9265,3427.5705,3375.1441,3467.5155
110131000,3410.9283,2719400,27759900,3616457200,46674957000,3398.9265,3427.5705,3375.1441,3467.5155
110137000,3410.1875,1118200,14472100,3617575400,46689429100,3398.9265,3427.5705,3375.1441,3467.5155
110142000,3410.2685,1695800,22544600,3619271200,46711973700,3398.9265,3427.5705,3375.1441,3467.5155
110146000,3410.0256,1263400,23341000,3620534600,46735314700,3398.9265,3427.5705,3375.1441,3467.5155
110152000,3410.1627,1897700,19572900,3622432300,46754887600,3398.9265,3427.5705,3375.1441,3467.5155
110157000,3410.0095,1354700,19157900,3623787000,46774045500,3398.9265,3427.5705,3375.1441,3467.5155
110201000,3409.8086,2048900,19524600,3625835900,46793570100,3398.9265,3427.5705,3375.1441,3467.5155
110207000,3410.3318,1127000,14267100,3626962900,46807837200,3398.9265,3427.5705,3375.1441,3467.5155
110212000,3410.0775,918500,13816900,3627881400,46821654100,3398.9265,3427.5705,3375.1441,3467.5155
110216000,3410.0039,1872000,14733200,3629753400,46836387300,3398.9265,3427.5705,3375.1441,3467.5155
110222000,3409.8771,1638500,25582600,3631391900,46861969900,3398.9265,3427.5705,3375.1441,3467.5155
110227000,3409.9773,1243000,14380700,3632634900,46876350600,3398.9265,3427.5705,3375.1441,3467.5155
110231000,3410.1412,1587400,20376800,3634222300,46896727400,3398.9265,3427.5705,3375.1441,3467.5155
110237000,3410.0383,1321400,19210400,3635543700,46915937800,3398.9265,3427.5705,3375.1441,3467.5155
110242000,3408.9088,2225400,23667700,3637769100,46939605500,3398.9265,3427.5705,3375.1441,3467.5155
110246000,3408.8427,1605000,17971400,3639374100,46957576900,3398.9265,3427.5705,3375.1441,3467.5155
110252000,3409.0145,1931800,21087000,3641305900,46978663900,3398.9265,3427.5705,3375.1441,3467.5155
110257000,3409.2508,1692700,19466500,3642998600,46998130400,3398.9265,3427.5705,3375.1441,3467.5155
110301000,3408.7617,1599100,22310900,3644597700,47020441300,3398.9265,3427.5705,3375.1441,3467.5155
110307000,3408.4267,1699500,25884300,3646297200,47046325600,3398.9265,3427.5705,3375.1441,3467.5155
110312000,3407.8177,1933800,27972200,3648231000,47074297800,3398.9265,3427.5705,3375.1441,3467.5155
110316000,3407.8014,2222100,27028100,3650453100,47101325900,3398.9265,3427.5705,3375.1441,3467.5155
110322000,3407.7161,2157800,34467800,3652610900,47135793700,3398.9265,3427.5705,3375.1441,3467.5155
110327000,3407.1393,1905700,26070300,3654516600,47161864000,3398.9265,3427.5705,3375.1441,3467.5155
110331000,3406.975,2488300,32605900,3657004900,47194469900,3398.9265,3427.5705,3375.1441,3467.5155
110337000,3407.2186,3127700,40301900,3660132600,47234771800,3398.9265,3427.5705,3375.1441,3467.5155
110342000,3405.9569,5286700,49715500,3665419300,47284487300,3398.9265,3427.5705,3375.1441,3467.5155
110346000,3405.2456,4007700,36105000,3669427000,47320592300,3398.9265,3427.5705,3375.1441,3467.5155
110352000,3405.5042,5704100,61292200,3675131100,47381884500,3398.9265,3427.5705,3375.1441,3467.5155
110357000,3404.5881,3862900,42986900,3678994000,47424871400,3398.9265,3427.5705,3375.1441,3467.5155
110401000,3404.5145,4678300,44505100,3683672300,47469376500,3398.9265,3427.5705,3375.1441,3467.5155
110407000,3404.0089,3840700,45486900,3687513000,47514863400,3398.9265,3427.5705,3375.1441,3467.5155
110412000,3404.0002,4823800,61184300,3692336800,47576047700,3398.9265,3427.5705,3375.1441,3467.5155
110416000,3403.6752,3714400,45633300,3696051200,47621681000,3398.9265,3427.5705,3375.1441,3467.5155
110422000,3403.1261,4181000,47572200,3700232200,47669253200,3398.9265,3427.5705,3375.1441,3467.5155
110427000,3403.0119,2930900,29994300,3703163100,47699247500,3398.9265,3427.5705,3375.1441,3467.5155
110431000,3402.9156,3238100,38061200,3706401200,47737308700,3398.9265,3427.5705,3375.1441,3467.5155
110437000,3402.8244,4294400,44443300,3710695600,47781752000,3398.9265,3427.5705,3375.1441,3467.5155
110442000,3402.2251,6370100,51002500,3717065700,47832754500,3398.9265,3427.5705,3375.1441,3467.5155
110446000,3402.1539,3325700,37850700,3720391400,47870605200,3398.9265,3427.5705,3375.1441,3467.5155
110452000,3401.8689,5787700,57251700,3726179100,47927856900,3398.9265,3427.5705,3375.1441,3467.5155
110457000,3401.8001,2750600,31039400,3728929700,47958896300,3398.9265,3427.5705,3375.1441,3467.5155
110503000,3401.5451,4152400,40768500,3733082100,47999664800,3398.9265,3427.5705,3375.1441,3467.5155
110507000,3400.9426,3841000,38853000,3736923100,48038517800,3398.9265,3427.5705,3375.1441,3467.5155
110513000,3402.2074,3368500,32275700,3740291600,48070793500,3398.9265,3427.5705,3375.1441,3467.5155
110518000,3401.7786,3853700,42940900,3744145300,48113734400,3398.9265,3427.5705,3375.1441,3467.5155
110522000,3401.8975,2958300,32470600,3747103600,48146205000,3398.9265,3427.5705,3375.1441,3467.5155
110528000,3401.0892,4998000,58709300,3752101600,48204914300,3398.9265,3427.5705,3375.1441,3467.5155
110533000,3401.2054,3334300,35877200,3755435900,48240791500,3398.9265,3427.5705,3375.1441,3467.5155
110537000,3401.4996,2784600,31323400,3758220500,48272114900,3398.9265,3427.5705,3375.1441,3467.5155
110543000,3400.1959,5149700,46728400,3763370200,48318843300,3398.9265,3427.5705,3375.1441,3467.5155
110548000,3400.1237,3179700,39787000,3766549900,48358630300,3398.9265,3427.5705,3375.1441,3467.5155
110552000,3400.3596,3148200,34191700,3769698100,48392822000,3398.9265,3427.5705,3375.1441,3467.5155
110558000,3400.4967,2574500,35138300,3772272600,48427960300,3398.9265,3427.5705,3375.1441,3467.5155
110603000,3400.1142,2494600,30564800,3774767200,48458525100,3398.9265,3427.5705,3375.1441,3467.5155
110607000,3400.2319,3414500,34596600,3778181700,48493121700,3398.9265,3427.5705,3375.1441,3467.5155
110613000,3399.9115,3318700,31744900,3781500400,48524866600,3398.9265,3427.5705,3375.1441,3467.5155
110618000,3400.2495,2694800,37850900,3784195200,48562717500,3398.9265,3427.5705,3375.1441,3467.5155
110622000,3400.312,1882600,21540300,3786077800,48584257800,3398.9265,3427.5705,3375.1441,3467.5155
110628000,3400.2061,5830100,51146400,3791907900,48635404200,3398.9265,3427.5705,3375.1441,3467.5155
110633000,3400.7141,2071700,25706200,3793979600,48661110400,3398.9265,3427.5705,3375.1441,3467.5155
110637000,3400.633,2193600,23639400,3796173200,48684749800,3398.9265,3427.5705,3375.1441,3467.5155
110643000,3400.1386,3014700,28075600,3799187900,48712825400,3398.9265,3427.5705,3375.1441,3467.5155
110648000,3400.0391,3169200,33082700,3802357100,48745908100,3398.9265,3427.5705,3375.1441,3467.5155
110652000,3400.6022,2410700,20997100,3804767800,48766905200,3398.9265,3427.5705,3375.1441,3467.5155
110658000,3400.3558,2455200,29171800,3807223000,48796077000,3398.9265,3427.5705,3375.1441,3467.5155
110703000,3400.2287,2100400,23982800,3809323400,48820059800,3398.9265,3427.5705,3375.1441,3467.5155
110707000,3400.0977,1883300,26489400,3811206700,48846549200,3398.9265,3427.5705,3375.1441,3467.5155
110713000,3400.6225,1818100,21840500,3813024800,48868389700,3398.9265,3427.5705,3375.1441,3467.5155
110718000,3400.9727,2072700,26062500,3815097500,48894452200,3398.9265,3427.5705,3375.1441,3467.5155
110722000,3400.7403,1586600,27398400,3816684100,48921850600,3398.9265,3427.5705,3375.1441,3467.5155
110728000,3400.8912,3419700,34035000,3820103800,48955885600,3398.9265,3427.5705,3375.1441,3467.5155
110733000,3401.1617,1340000,17181000,3821443800,48973066600,3398.9265,3427.5705,3375.1441,3467.5155
110737000,3401.5365,1633500,21733100,3823077300,48994799700,3398.9265,3427.5705,3375.1441,3467.5155
110743000,3401.5979,2739900,30658900,3825817200,49025458600,3398.9265,3427.5705,3375.1441,3467.5155
110748000,3402.6104,3248600,35313800,3829065800,49060772400,3398.9265,3427.5705,3375.1441,3467.5155
110752000,3402.1024,2140100,23541700,3831205900,49084314100,3398.9265,3427.5705,3375.1441,3467.5155
110758000,3402.3399,2308900,26400700,3833514800,49110714800,3398.9265,3427.5705,3375.1441,3467.5155
110803000,3402.6495,2339000,29216600,3835853800,49139931400,3398.9265,3427.5705,3375.1441,3467.5155
110807000,3402.438,1493300,18522100,3837347100,49158453500,3398.9265,3427.5705,3375.1441,3467.5155
110813000,3402.3065,2636000,23537800,3839983100,49181991300,3398.9265,3427.5705,3375.1441,3467.5155
110818000,3402.4617,1825000,21857700,3841808100,49203849000,3398.9265,3427.5705,3375.1441,3467.5155
110822000,3402.9711,2358300,20233200,3844166400,49224082200,3398.9265,3427.5705,3375.1441,3467.5155
110828000,3402.6083,1949400,24595600,3846115800,49248677800,3398.9265,3427.5705,3375.1441,3467.5155
110833000,3402.7233,1553200,17378800,3847669000,49266056600,3398.9265,3427.5705,3375.1441,3467.5155
110837000,3402.3224,1746700,21809800,3849415700,49287866400,3398.9265,3427.5705,3375.1441,3467.5155
110843000,3401.6629,1011900,14167000,3850427600,49302033400,3398.9265,3427.5705,3375.1441,3467.5155
110848000,3402.3819,1622300,20657500,3852049900,49322690900,3398.9265,3427.5705,3375.1441,3467.5155
110852000,3402.3352,1448500,18103400,3853498400,49340794300,3398.9265,3427.5705,3375.1441,3467.5155
110858000,3402.2277,1717900,20996100,3855216300,49361790400,3398.9265,3427.5705,3375.1441,3467.5155
110904000,3402.5796,1436800,19848800,3856653100,49381639200,3398.9265,3427.5705,3375.1441,3467.5155
110907000,3402.9403,855300,11916100,3857508400,49393555300,3398.9265,3427.5705,3375.1441,3467.5155
110913000,3402.944,1645300,24194900,3859153700,49417750200,3398.9265,3427.5705,3375.1441,3467.5155
110919000,3403.0183,1423700,18534500,3860577400,49436284700,3398.9265,3427.5705,3375.1441,3467.5155
110924000,3402.8638,1940400,24597100,3862517800,49460881800,3398.9265,3427.5705,3375.1441,3467.5155
110928000,3402.8192,1488600,17126200,3864006400,49478008000,3398.9265,3427.5705,3375.1441,3467.5155
110934000,3403.0214,1507500,19266900,3865513900,49497274900,3398.9265,3427.5705,3375.1441,3467.5155
110939000,3402.5651,1725800,19997400,3867239700,49517272300,3398.9265,3427.5705,3375.1441,3467.5155
110943000,3402.3572,1361200,20963200,3868600900,49538235500,3398.9265,3427.5705,3375.1441,3467.5155
110949000,3402.2795,1025100,14003700,3869626000,49552239200,3398.9265,3427.5705,3375.1441,3467.5155
110954000,3402.6459,1202200,16214300,3870828200,49568453500,3398.9265,3427.5705,3375.1441,3467.5155
110958000,3402.7579,2766600,20868900,3873594800,49589322400,3398.9265,3427.5705,3375.1441,3467.5155
111004000,3402.671,1727600,21287800,3875322400,49610610200,3398.9265,3427.5705,3375.1441,3467.5155
111009000,3402.481,639800,9412200,3875962200,49620022400,3398.9265,3427.5705,3375.1441,3467.5155
111013000,3402.4983,1136000,16155900,3877098200,49636178300,3398.9265,3427.5705,3375.1441,3467.5155
111019000,3402.7933,1743600,20423300,3878841800,49656601600,3398.9265,3427.5705,3375.1441,3467.5155
111024000,3402.583,1416800,34830400,3880258600,49691432000,3398.9265,3427.5705,3375.1441,3467.5155
111028000,3402.8349,1257000,12581200,3881515600,49704013200,3398.9265,3427.5705,3375.1441,3467.5155
111034000,3402.7289,1586900,23349900,3883102500,49727363100,3398.9265,3427.5705,3375.1441,3467.5155
111039000,3402.4052,1554600,22336600,3884657100,49749699700,3398.9265,3427.5705,3375.1441,3467.5155
111043000,3402.0755,1304500,18042900,3885961600,49767742600,3398.9265,3427.5705,3375.1441,3467.5155
111049000,3401.6408,1607500,16427500,3887569100,49784170100,3398.9265,3427.5705,3375.1441,3467.5155
111054000,3401.9824,1019300,14665600,3888588400,49798835700,3398.9265,3427.5705,3375.1441,3467.5155
111058000,3402.1151,1208900,15080300,3889797300,49813916000,3398.9265,3427.5705,3375.1441,3467.5155
111104000,3401.5936,1427300,24778900,3891224600,49838694900,3398.9265,3427.5705,3375.1441,3467.5155
111109000,3401.8471,1353800,16955900,3892578400,49855650800,3398.9265,3427.5705,3375.1441,3467.5155
111113000,3401.2937,1915100,26763700,3894493500,49882414500,3398.9265,3427.5705,3375.1441,3467.5155
111119000,3401.8717,1137200,14184700,3895630700,49896599200,3398.9265,3427.5705,3375.1441,3467.5155
111124000,3401.5459,1804800,23396700,3897435500,49919995900,3398.9265,3427.5705,3375.1441,3467.5155
111128000,3401.105,1342800,22177900,3898778300,49942173800,3398.9265,3427.5705,3375.1441,3467.5155
111134000,3401.7452,1756700,24197600,3900535000,49966371400,3398.9265,3427.5705,3375.1441,3467.5155
111139000,3401.6793,1917400,22751500,3902452400,49989122900,3398.9265,3427.5705,3375.1441,3467.5155
111143000,3401.0909,1499900,15832500,3903952300,50004955400,3398.9265,3427.5705,3375.1441,3467.5155
111149000,3400.7631,2271900,17945400,3906224200,50022900800,3398.9265,3427.5705,3375.1441,3467.5155
111154000,3400.8051,1961700,23029700,3908185900,50045930500,3398.9265,3427.5705,3375.1441,3467.5155
111158000,3401.0032,1066500,13642800,3909252400,50059573300,3398.9265,3427.5705,3375.1441,3467.5155
111204000,3400.7527,2046500,25368900,3911298900,50084942200,3398.9265,3427.5705,3375.1441,3467.5155
111209000,3400.5552,2064500,17142800,3913363400,50102085000,3398.9265,3427.5705,3375.1441,3467.5155
111213000,3400.6345,3038900,22033300,3916402300,50124118300,3398.9265,3427.5705,3375.1441,3467.5155
111219000,3400.5948,2326900,18640000,3918729200,50142758300,3398.9265,3427.5705,3375.1441,3467.5155
111224000,3400.2959,2943700,27696800,3921672900,50170455100,3398.9265,3427.5705,3375.1441,3467.5155
111228000,3400.4671,1505800,19649100,3923178700,50190104200,3398.9265,3427.5705,3375.1441,3467.5155
111234000,3400.5943,1660900,26792000,3924839600,50216896200,3398.9265,3427.5705,3375.1441,3467.5155
111239000,3400.2407,1639100,22498600,3926478700,50239394800,3398.9265,3427.5705,3375.1441,3467.5155
111243000,3400.13,1637900,21346600,3928116600,50260741400,3398.9265,3427.5705,3375.1441,3467.5155
111249000,3399.6827,1494400,15566700,3929611000,50276308100,3398.9265,3427.5705,3375.1441,3467.5155
111254000,3399.6325,2671600,25058600,3932282600,50301366700,3398.9265,3427.5705,3375.1441,3467.5155
111258000,3399.5651,2431100,24009900,3934713700,50325376600,3398.9265,3427.5705,3375.1441,3467.5155
111304000,3399.2409,10629300,56997100,3945343000,50382373700,3398.9265,3427.5705,3375.1441,3467.5155
111309000,3399.4075,3156200,27799100,3948499200,50410172800,3398.9265,3427.5705,3375.1441,3467.5155
111313000,3400.5488,2215800,24787700,3950715000,50434960500,3398.9265,3427.5705,3375.1441,3467.5155
111319000,3399.8908,1695800,16829000,3952410800,50451789500,3398.9265,3427.5705,3375.1441,3467.5155
111325000,3399.5568,2867700,29911400,3955278500,50481700900,3398.9265,3427.5705,3375.1441,3467.5155
111330000,3399.4094,2129500,27687100,3957408000,50509388000,3398.9265,3427.5705,3375.1441,3467.5155
111334000,3399.7816,2871900,29771500,3960279900,50539159500,3398.9265,3427.5705,3375.1441,3467.5155
111340000,3399.5545,2125300,23173700,3962405200,50562333200,3398.9265,3427.5705,3375.1441,3467.5155
111345000,3399.3685,1323000,13678900,3963728200,50576012100,3398.9265,3427.5705,3375.1441,3467.5155
111349000,3399.1184,1783000,21144700,3965511200,50597156800,3398.9265,3427.5705,3375.1441,3467.5155
111355000,3398.9875,2524300,25292200,3968035500,50622449000,3398.9265,3427.5705,3375.1441,3467.5155
111400000,3399.0798,1894400,21297200,3969929900,50643746200,3398.9265,3427.5705,3375.1441,3467.5155
111404000,3399.1019,1609600,18494500,3971539500,50662240700,3398.9265,3427.5705,3375.1441,3467.5155
111410000,3399.1789,1819600,25245200,3973359100,50687485900,3398.9265,3427.5705,3375.1441,3467.5155
111415000,3399.1811,2151100,28234700,3975510200,50715720600,3398.9265,3427.5705,3375.1441,3467.5155
111419000,3399.0131,1363600,15295600,3976873800,50731016200,3398.9265,3427.5705,3375.1441,3467.5155
111425000,3399.1548,1779500,21467200,3978653300,50752483400,3398.9265,3427.5705,3375.1441,3467.5155
111430000,3399.9335,1980000,26550600,3980633300,50779034000,3398.9265,3427.5705,3375.1441,3467.5155
111434000,3400.2863,1869700,23462400,3982503000,50802496400,3398.9265,3427.5705,3375.1441,3467.5155
111440000,3400.7478,3259500,35708500,3985762500,50838204900,3398.9265,3427.5705,3375.1441,3467.5155
111445000,3400.1927,2142400,33162900,3987904900,50871367800,3398.9265,3427.5705,3375.1441,3467.5155
111449000,3400.4018,1416100,19014900,3989321000,50890382700,3398.9265,3427.5705,3375.1441,3467.5155
111455000,3401.6356,2700700,25553500,3992021700,50915936200,3398.9265,3427.5705,3375.1441,3467.5155
111500000,3402.5962,2234800,28160100,3994256500,50944096300,3398.9265,3427.5705,3375.1441,3467.5155
111504000,3402.5079,2062500,28137000,3996319000,50972233300,3398.9265,3427.5705,3375.1441,3467.5155
111510000,3402.3897,2544900,31644800,3998863900,51003878100,3398.9265,3427.5705,3375.1441,3467.5155
111515000,3402.4797,2939800,26571900,4001803700,51030450000,3398.9265,3427.5705,3375.1441,3467.5155
111519000,3402.8253,1230500,15357100,4003034200,51045807100,3398.9265,3427.5705,3375.1441,3467.5155
111525000,3402.4003,1139000,15256200,4004173200,51061063300,3398.9265,3427.5705,3375.1441,3467.5155
111530000,3402.5663,1522700,17576900,4005695900,51078640200,3398.9265,3427.5705,3375.1441,3467.5155
111534000,3403.0797,2417800,16224400,4008113700,51094864600,3398.9265,3427.5705,3375.1441,3467.5155
111540000,3402.8839,1678400,18386700,4009792100,51113251300,3398.9265,3427.5705,3375.1441,3467.5155
111545000,3402.4687,2091400,16590400,4011883500,51129841700,3398.9265,3427.5705,3375.1441,3467.5155
111549000,3403.2672,1959600,18097000,4013843100,51147938700,3398.9265,3427.5705,3375.1441,3467.5155
111555000,3403.0928,1328200,14414800,4015171300,51162353500,3398.9265,3427.5705,3375.1441,3467.5155
111600000,3403.9919,2938100,28718400,4018109400,51191071900,3398.9265,3427.5705,3375.1441,3467.5155
111604000,3404.0912,1454500,16168500,4019563900,51207240400,3398.9265,3427.5705,3375.1441,3467.5155
111610000,3404.7103,2765300,25282100,4022329200,51232522500,3398.9265,3427.5705,3375.1441,3467.5155
111615000,3405.1702,1720300,17823500,4024049500,51250346000,3398.9265,3427.5705,3375.1441,3467.5155
111619000,3405.8121,2074700,18374900,4026124200,51268720900,3398.9265,3427.5705,3375.1441,3467.5155
111625000,3406.7893,2214000,25527500,4028338200,51294248400,3398.9265,3427.5705,3375.1441,3467.5155
111630000,3406.8227,2343800,25748100,4030682000,51319996500,3398.9265,3427.5705,3375.1441,3467.5155
111634000,3406.9785,1470600,14485300,4032152600,51334481800,3398.9265,3427.5705,3375.1441,3467.5155
111640000,3406.7516,1869700,22823100,4034022300,51357304900,3398.9265,3427.5705,3375.1441,3467.5155
111645000,3407.1298,2475800,23323400,4036498100,51380628300,3398.9265,3427.5705,3375.1441,3467.5155
111649000,3408.9746,1591600,19145300,4038089700,51399773600,3398.9265,3427.5705,3375.1441,3467.5155
111655000,3408.9794,2089500,24444700,4040179200,51424218300,3398.9265,3427.5705,3375.1441,3467.5155
111700000,3409.3002,2384800,27864900,4042564000,51452083200,3398.9265,3427.5705,3375.1441,3467.5155
111704000,3409.6185,2115000,23496500,4044679000,51475579700,3398.9265,3427.5705,3375.1441,3467.5155
111710000,3409.3886,2621400,26997600,4047300400,51502577300,3398.9265,3427.5705,3375.1441,3467.5155
111715000,3409.8848,1030300,11945100,4048330700,51514522400,3398.9265,3427.5705,3375.1441,3467.5155
111719000,3409.9648,1160900,12683800,4049491600,51527206200,3398.9265,3427.5705,3375.1441,3467.5155
111725000,3409.8725,1119900,16543800,4050611500,51543750000,3398.9265,3427.5705,3375.1441,3467.5155
111730000,3409.6622,1392000,18085900,4052003500,51561835900,3398.9265,3427.5705,3375.1441,3467.5155
111734000,3409.4466,1305200,15501600,4053308700,51577337500,3398.9265,3427.5705,3375.1441,3467.5155
111740000,3409.7325,1348900,19621100,4054657600,51596958600,3398.9265,3427.5705,3375.1441,3467.5155
111745000,3409.2734,930800,12088100,4055588400,51609046700,3398.9265,3427.5705,3375.1441,3467.5155
111751000,3409.1288,1352400,18865000,4056940800,51627911700,3398.9265,3427.5705,3375.1441,3467.5155
111755000,3409.4911,1519100,16383400,4058459900,51644295100,3398.9265,3427.5705,3375.1441,3467.5155
111801000,3409.7266,1300700,15390100,4059760600,51659685200,3398.9265,3427.5705,3375.1441,3467.5155
111806000,3409.6182,1189500,13975800,4060950100,51673661000,3398.9265,3427.5705,3375.1441,3467.5155
111810000,3409.5431,1004000,12668700,4061954100,51686329700,3398.9265,3427.5705,3375.1441,3467.5155
111816000,3409.6061,1672600,19660600,4063626700,51705990300,3398.9265,3427.5705,3375.1441,3467.5155
111821000,3409.3863,1047800,13562000,4064674500,51719552300,3398.9265,3427.5705,3375.1441,3467.5155
111825000,3409.3594,822600,11116500,4065497100,51730668800,3398.9265,3427.5705,3375.1441,3467.5155
111831000,3409.6768,1425400,18493900,4066922500,51749162700,3398.9265,3427.5705,3375.1441,3467.5155
111836000,3410.0653,1111600,14973300,4068034100,51764136000,3398.9265,3427.5705,3375.1441,3467.5155
111840000,3409.8765,1324100,12121900,4069358200,51776257900,3398.9265,3427.5705,3375.1441,3467.5155
111846000,3409.4227,1082900,14268400,4070441100,51790526300,3398.9265,3427.5705,3375.1441,3467.5155
111851000,3409.0199,903300,12913600,4071344400,51803439900,3398.9265,3427.5705,3375.1441,3467.5155
111855000,3408.7916,1062400,13062300,4072406800,51816502200,3398.9265,3427.5705,3375.1441,3467.5155
111901000,3408.9068,955300,16388300,4073362100,51832890500,3398.9265,3427.5705,3375.1441,3467.5155
111906000,3408.8549,1117500,17692500,4074479600,51850583000,3398.9265,3427.5705,3375.1441,3467.5155
111910000,3408.8765,1033100,15276900,4075512700,51865859900,3398.9265,3427.5705,3375.1441,3467.5155
111916000,3408.8012,1041500,12135900,4076554200,51877995800,3398.9265,3427.5705,3375.1441,3467.5155
111921000,3408.8495,651200,10283700,4077205400,51888279500,3398.9265,3427.5705,3375.1441,3467.5155
111925000,3408.3729,727400,13823800,4077932800,51902103300,3398.9265,3427.5705,3375.1441,3467.5155
111931000,3408.2311,852300,12068800,4078785100,51914172100,3398.9265,3427.5705,3375.1441,3467.5155
111936000,3408.2981,1621200,20094300,4080406300,51934266400,3398.9265,3427.5705,3375.1441,3467.5155
111940000,3408.6602,925000,14863300,4081331300,51949129700,3398.9265,3427.5705,3375.1441,3467.5155
111946000,3408.0831,1014900,13267400,4082346200,51962397100,3398.9265,3427.5705,3375.1441,3467.5155
111951000,3407.7665,599900,7704000,4082946100,51970101100,3398.9265,3427.5705,3375.1441,3467.5155
111955000,3407.4631,879000,10637800,4083825100,51980738900,3398.9265,3427.5705,3375.1441,3467.5155
112001000,3407.7233,1293000,12892900,4085118100,51993631800,3398.9265,3427.5705,3375.1441,3467.5155
112006000,3407.3678,847500,12684300,4085965600,52006316100,3398.9265,3427.5705,3375.1441,3467.5155
112010000,3407.5399,953600,14398300,4086919200,52020714400,3398.9265,3427.5705,3375.1441,3467.5155
112016000,3407.5755,1103100,13604700,4088022300,52034319100,3398.9265,3427.5705,3375.1441,3467.5155
112021000,3408.5301,846500,10615900,4088868800,52044935000,3398.9265,3427.5705,3375.1441,3467.5155
112025000,3408.3839,1137800,12251300,4090006600,52057186300,3398.9265,3427.5705,3375.1441,3467.5155
112031000,3408.4631,925000,12886600,4090931600,52070072900,3398.9265,3427.5705,3375.1441,3467.5155
112036000,3408.6021,1460900,16390800,4092392500,52086463700,3398.9265,3427.5705,3375.1441,3467.5155
112040000,3408.6107,734400,10502000,4093126900,52096965700,3398.9265,3427.5705,3375.1441,3467.5155
112046000,3408.2459,1512900,20608900,4094639800,52117574600,3398.9265,3427.5705,3375.1441,3467.5155
112051000,3408.6851,619000,8294700,4095258800,52125869300,3398.9265,3427.5705,3375.1441,3467.5155
112055000,3408.5172,817300,12472000,4096076100,52138341300,3398.9265,3427.5705,3375.1441,3467.5155
112101000,3408.6769,631900,7287900,4096708000,52145629200,3398.9265,3427.5705,3375.1441,3467.5155
112106000,3408.5143,1034200,12030400,4097742200,52157659600,3398.9265,3427.5705,3375.1441,3467.5155
112110000,3408.6492,752400,10060300,4098494600,52167719900,3398.9265,3427.5705,3375.1441,3467.5155
112116000,3408.147,972000,13489300,4099466600,52181209200,3398.9265,3427.5705,3375.1441,3467.5155
112121000,3408.7088,672500,8936900,4100139100,52190146100,3398.9265,3427.5705,3375.1441,3467.5155
112125000,3408.2955,992300,10865800,4101131400,52201011900,3398.9265,3427.5705,3375.1441,3467.5155
112131000,3408.3519,736600,8711800,4101868000,52209723700,3398.9265,3427.5705,3375.1441,3467.5155
112136000,3408.5053,953400,13648900,4102821400,52223372600,3398.9265,3427.5705,3375.1441,3467.5155
112140000,3408.4309,962100,11498600,4103783500,52234871200,3398.9265,3427.5705,3375.1441,3467.5155
112146000,3407.7092,1567500,18622900,4105351000,52253494100,3398.9265,3427.5705,3375.1441,3467.5155
112151000,3407.404,520000,7925500,4105871000,52261419600,3398.9265,3427.5705,3375.1441,3467.5155
112155000,3407.6514,587500,9715200,4106458500,52271134800,3398.9265,3427.5705,3375.1441,3467.5155
112201000,3407.5049,1245900,13255300,4107704400,52284390100,3398.9265,3427.5705,3375.1441,3467.5155
112206000,3407.2715,978800,13380100,4108683200,52297770200,3398.9265,3427.5705,3375.1441,3467.5155
112212000,3407.505,1569000,17858400,4110252200,52315628600,3398.9265,3427.5705,3375.1441,3467.5155
112216000,3407.2135,738000,14515100,4110990200,52330143700,3398.9265,3427.5705,3375.1441,3467.5155
112222000,3407.2729,1029100,13936500,4112019300,52344080200,3398.9265,3427.5705,3375.1441,3467.5155
112227000,3406.5944,858400,13081800,4112877700,52357162000,3398.9265,3427.5705,3375.1441,3467.5155
112231000,3405.8363,780000,10716000,4113657700,52367878000,3398.9265,3427.5705,3375.1441,3467.5155
112237000,3406.7038,758300,9965300,4114416000,52377843300,3398.9265,3427.5705,3375.1441,3467.5155
112242000,3406.9159,865000,12764100,4115281000,52390607400,3398.9265,3427.5705,3375.1441,3467.5155
112246000,3406.7543,908400,10259600,4116189400,52400867000,3398.9265,3427.5705,3375.1441,3467.5155
112252000,3406.5015,1027800,13852200,4117217200,52414719200,3398.9265,3427.5705,3375.1441,3467.5155
112257000,3405.9354,654600,7987100,4117871800,52422706300,3398.9265,3427.5705,3375.1441,3467.5155
112301000,3405.8606,691400,9510200,4118563200,52432216500,3398.9265,3427.5705,3375.1441,3467.5155
112307000,3405.9593,864900,11005200,4119428100,52443221700,3398.9265,3427.5705,3375.1441,3467.5155
112312000,3406.1557,1575700,13952300,4121003800,52457174000,3398.9265,3427.5705,3375.1441,3467.5155
112316000,3406.065,1058800,11752200,4122062600,52468926200,3398.9265,3427.5705,3375.1441,3467.5155
112322000,3406.1566,1288200,17484400,4123350800,52486410600,3398.9265,3427.5705,3375.1441,3467.5155
112327000,3405.9311,799100,8512900,4124149900,52494923500,3398.9265,3427.5705,3375.1441,3467.5155
112331000,3406.2708,969000,12786800,4125118900,52507710300,3398.9265,3427.5705,3375.1441,3467.5155
112337000,3406.1336,1254900,11385200,4126373800,52519095500,3398.9265,3427.5705,3375.1441,3467.5155
112342000,3406.1229,1401000,14473900,4127774800,52533569400,3398.9265,3427.5705,3375.1441,3467.5155
112346000,3405.6593,913500,11055900,4128688300,52544625300,3398.9265,3427.5705,3375.1441,3467.5155
112352000,3405.2036,1442700,16388800,4130131000,52561014100,3398.9265,3427.5705,3375.1441,3467.5155
112357000,3405.0566,1047200,16363300,4131178200,52577377400,3398.9265,3427.5705,3375.1441,3467.5155
112401000,3404.9935,1535200,16931300,4132713400,52594308700,3398.9265,3427.5705,3375.1441,3467.5155
112407000,3404.9185,1120900,12933100,4133834300,52607241800,3398.9265,3427.5705,3375.1441,3467.5155
112412000,3404.5765,1559200,14755200,4135393500,52621997000,3398.9265,3427.5705,3375.1441,3467.5155
112416000,3404.2128,805000,11760100,4136198500,52633757100,3398.9265,3427.5705,3375.1441,3467.5155
112422000,3404.7379,1423500,16909800,4137622000,52650666900,3398.9265,3427.5705,3375.1441,3467.5155
112427000,3404.2073,829500,10828500,4138451500,52661495400,3398.9265,3427.5705,3375.1441,3467.5155
112431000,3404.44,1287400,15899600,4139738900,52677395000,3398.9265,3427.5705,3375.1441,3467.5155
112437000,3404.7177,1646900,17834000,4141385800,52695229000,3398.9265,3427.5705,3375.1441,3467.5155
112442000,3404.4589,1263100,18502300,4142648900,52713731300,3398.9265,3427.5705,3375.1441,3467.5155
112446000,3403.9356,751700,12287200,4143400600,52726018500,3398.9265,3427.5705,3375.1441,3467.5155
112452000,3403.9094,2048900,19517900,4145449500,52745536400,3398.9265,3427.5705,3375.1441,3467.5155
112457000,3403.7609,1038100,15744400,4146487600,52761280800,3398.9265,3427.5705,3375.1441,3467.5155
112501000,3403.7086,960600,12053700,4147448200,52773334500,3398.9265,3427.5705,3375.1441,3467.5155
112507000,3403.3965,1188400,17245200,4148636600,52790579700,3398.9265,3427.5705,3375.1441,3467.5155
112512000,3403.1825,1177200,15873000,4149813800,52806452700,3398.9265,3427.5705,3375.1441,3467.5155
112516000,3403.4425,943100,13761300,4150756900,52820214000,3398.9265,3427.5705,3375.1441,3467.5155
112522000,3403.3792,1299200,16307500,4152056100,52836521500,3398.9265,3427.5705,3375.1441,3467.5155
112527000,3403.097,1009000,11474800,4153065100,52847996300,3398.9265,3427.5705,3375.1441,3467.5155
112531000,3403.1196,1367600,19591200,4154432700,52867587500,3398.9265,3427.5705,3375.1441,3467.5155
112537000,3403.505,949900,13133800,4155382600,52880721300,3398.9265,3427.5705,3375.1441,3467.5155
112542000,3403.1218,1767400,20586300,4157150000,52901307600,3398.9265,3427.5705,3375.1441,3467.5155
112546000,3402.6945,4343500,27383400,4161493500,52928691000,3398.9265,3427.5705,3375.1441,3467.5155
112552000,3402.3984,2773400,22456300,4164266900,52951147300,3398.9265,3427.5705,3375.1441,3467.5155
112557000,3402.1602,2285800,19728200,4166552700,52970875500,3398.9265,3427.5705,3375.1441,3467.5155
112603000,3402.3611,2974000,24389200,4169526700,52995264700,3398.9265,3427.5705,3375.1441,3467.5155
112607000,3402.2823,752300,10176700,4170279000,53005441400,3398.9265,3427.5705,3375.1441,3467.5155
112613000,3402.5088,2164300,25011000,4172443300,53030452400,3398.9265,3427.5705,3375.1441,3467.5155
112618000,3402.1076,1846600,18195300,4174289900,53048647700,3398.9265,3427.5705,3375.1441,3467.5155
112622000,3402.7558,1537700,16066300,4175827600,53064714000,3398.9265,3427.5705,3375.1441,3467.5155
112628000,3402.4444,1559500,23679200,4177387100,53088393200,3398.9265,3427.5705,3375.1441,3467.5155
112633000,3401.8592,966400,12135400,4178353500,53100528600,3398.9265,3427.5705,3375.1441,3467.5155
112637000,3402.4517,1264400,15687900,4179617900,53116216500,3398.9265,3427.5705,3375.1441,3467.5155
112643000,3402.2585,1147000,15758400,4180764900,53131974900,3398.9265,3427.5705,3375.1441,3467.5155
112648000,3401.1768,1862900,20077800,4182627800,53152052700,3398.9265,3427.5705,3375.1441,3467.5155
112652000,3401.2708,1796800,15439100,4184424600,53167491800,3398.9265,3427.5705,3375.1441,3467.5155
112658000,3400.9433,2268900,22733900,4186693500,53190225700,3398.9265,3427.5705,3375.1441,3467.5155
112703000,3400.311,1628900,20076600,4188322400,53210302300,3398.9265,3427.5705,3375.1441,3467.5155
112707000,3400.9152,1022000,15562700,4189344400,53225865000,3398.9265,3427.5705,3375.1441,3467.5155
112713000,3400.7997,1250100,14631800,4190594500,53240496800,3398.9265,3427.5705,3375.1441,3467.5155
112718000,3400.8034,2216300,22747400,4192810800,53263244200,3398.9265,3427.5705,3375.1441,3467.5155
112722000,3400.7654,1315400,15040500,4194126200,53278284700,3398.9265,3427.5705,3375.1441,3467.5155
112728000,3400.9432,1331400,17419900,4195457600,53295704600,3398.9265,3427.5705,3375.1441,3467.5155
112733000,3400.775,1575100,16372000,4197032700,53312076600,3398.9265,3427.5705,3375.1441,3467.5155
112737000,3401.1889,828500,10885700,4197861200,53322962300,3398.9265,3427.5705,3375.1441,3467.5155
112743000,3401.0155,1137000,13676700,4198998200,53336639000,3398.9265,3427.5705,3375.1441,3467.5155
112748000,3400.1986,1656800,21137000,4200655000,53357776000,3398.9265,3427.5705,3375.1441,3467.5155
112752000,3400.1351,1251300,13159700,4201906300,53370935700,3398.9265,3427.5705,3375.1441,3467.5155
112758000,3400.3995,1650000,23031400,4203556300,53393967100,3398.9265,3427.5705,3375.1441,3467.5155
112803000,3400.5368,776300,8864700,4204332600,53402831800,3398.9265,3427.5705,3375.1441,3467.5155
112807000,3400.6607,1474900,21238600,4205807500,53424070400,3398.9265,3427.5705,3375.1441,3467.5155
112813000,3400.9759,902500,11717300,4206710000,53435787700,3398.9265,3427.5705,3375.1441,3467.5155
112818000,3400.7955,1568400,16745300,4208278400,53452533000,3398.9265,3427.5705,3375.1441,3467.5155
112822000,3400.9861,1306300,19350600,4209584700,53471883600,3398.9265,3427.5705,3375.1441,3467.5155
112828000,3400.7832,1761800,22807100,4211346500,53494690700,3398.9265,3427.5705,3375.1441,3467.5155
112833000,3401.044,1620500,25834900,4212967000,53520525600,3398.9265,3427.5705,3375.1441,3467.5155
112837000,3401.4562,1134700,14479100,4214101700,53535004700,3398.9265,3427.5705,3375.1441,3467.5155
112843000,3400.9986,1349400,16669600,4215451100,53551674300,3398.9265,3427.5705,3375.1441,3467.5155
112848000,3400.6698,807400,12462900,4216258500,53564137200,3398.9265,3427.5705,3375.1441,3467.5155
112852000,3400.3717,1082700,16277300,4217341200,53580414500,3398.9265,3427.5705,3375.1441,3467.5155
112858000,3400.8044,1187400,14938500,4218528600,53595353000,3398.9265,3427.5705,3375.1441,3467.5155
112903000,3400.8747,1382100,13588200,4219910700,53608941200,3398.9265,3427.5705,3375.1441,3467.5155
112907000,3401.0009,906700,10417000,4220817400,53619358200,3398.9265,3427.5705,3375.1441,3467.5155
112913000,3401.1167,1257600,17782700,4222075000,53637140900,3398.9265,3427.5705,3375.1441,3467.5155
112918000,3401.3879,1286800,13691400,4223361800,53650832300,3398.9265,3427.5705,3375.1441,3467.5155
112922000,3401.2774,894400,11730300,4224256200,53662562600,3398.9265,3427.5705,3375.1441,3467.5155
112928000,3401.1403,1082600,11407800,4225338800,53673970400,3398.9265,3427.5705,3375.1441,3467.5155
112933000,3401.1138,961000,21862000,4226299800,53695832400,3398.9265,3427.5705,3375.1441,3467.5155
112937000,3401.0461,791000,9128400,4227090800,53704960800,3398.9265,3427.5705,3375.1441,3467.5155
112943000,3401.5331,1440100,14629100,4228530900,53719589900,3398.9265,3427.5705,3375.1441,3467.5155
112948000,3401.1269,1899000,24925100,4230429900,53744515000,3398.9265,3427.5705,3375.1441,3467.5155
112952000,3401.0368,821800,13916100,4231251700,53758431100,3398.9265,3427.5705,3375.1441,3467.5155
112958000,3401.0443,1186700,13901100,4232438400,53772332200,3398.9265,3427.5705,3375.1441,3467.5155
113000000,3400.9495,313400,3102500,4232751800,53775434700,3398.9265,3427.5705,3375.1441,3467.5155
113003000,3400.9461,40000,732700,4232791800,53776167400,3398.9265,3427.5705,3375.1441,3467.5155
130000000,3400.8356,1558700,12923700,4234350500,53789091100,3398.9265,3427.5705,3375.1441,3467.5155
130004000,3400.5099,31634500,279365200,4265985000,54068456300,3398.9265,3427.5705,3375.1441,3467.5155
130010000,3400.4149,5447700,51976800,4271432700,54120433100,3398.9265,3427.5705,3375.1441,3467.5155
130015000,3400.0491,1392700,10934400,4272825400,54131367500,3398.9265,3427.5705,3375.1441,3467.5155
130019000,3400.1904,624300,11316600,4273449700,54142684100,3398.9265,3427.5705,3375.1441,3467.5155
130025000,3400.6111,1231200,14818700,4274680900,54157502800,3398.9265,3427.5705,3375.1441,3467.5155
130030000,3400.1493,1406900,14972500,4276087800,54172475300,3398.9265,3427.5705,3375.1441,3467.5155
130034000,3399.8715,1395700,16936300,4277483500,54189411600,3398.9265,3427.5705,3375.1441,3467.5155
130040000,3400.5479,1671100,19269700,4279154600,54208681300,3398.9265,3427.5705,3375.1441,3467.5155
130045000,3400.2561,680400,13654200,4279835000,54222335500,3398.9265,3427.5705,3375.1441,3467.5155
130049000,3400.0754,739000,16424400,4280574000,54238759900,3398.9265,3427.5705,3375.1441,3467.5155
130055000,3399.2742,1526300,13022700,4282100300,54251782600,3398.9265,3427.5705,3375.1441,3467.5155
130100000,3399.1647,873100,13235700,4282973400,54265018300,3398.9265,3427.5705,3375.1441,3467.5155
130104000,3398.7651,959500,11603400,4283932900,54276621700,3398.9265,3427.5705,3375.1441,3467.5155
130110000,3398.7493,1148500,18931500,4285081400,54295553200,3398.9265,3427.5705,3375.1441,3467.5155
130115000,3398.8155,1102000,15188600,4286183400,54310741800,3398.9265,3427.5705,3375.1441,3467.5155
130119000,3398.8671,1072400,12990400,4287255800,54323732200,3398.9265,3427.5705,3375.1441,3467.5155
130125000,3398.5417,1536000,15563500,4288791800,54339295700,3398.9265,3427.5705,3375.1441,3467.5155
130130000,3398.3226,919900,12559900,4289711700,54351855600,3398.9265,3427.5705,3375.1441,3467.5155
130134000,3398.4443,1233900,15964500,4290945600,54367820100,3398.9265,3427.5705,3375.1441,3467.5155
130140000,3398.4487,1343600,19852700,4292289200,54387672800,3398.9265,3427.5705,3375.1441,3467.5155
130145000,3398.0931,1004000,14433100,4293293200,54402105900,3398.9265,3427.5705,3375.1441,3467.5155
130149000,3398.2437,922400,15044300,4294215600,54417150200,3398.9265,3427.5705,3375.1441,3467.5155
130155000,3398.3938,779500,12165000,4294995100,54429315200,3398.9265,3427.5705,3375.1441,3467.5155
130200000,3398.1711,1037600,14334000,4296032700,54443649200,3398.9265,3427.5705,3375.1441,3467.5155
130204000,3398.2048,1827900,29215700,4297860600,54472864900,3398.9265,3427.5705,3375.1441,3467.5155
130210000,3398.323,1626300,17691000,4299486900,54490555900,3398.9265,3427.5705,3375.1441,3467.5155
130215000,3398.3056,878400,11497900,4300365300,54502053800,3398.9265,3427.5705,3375.1441,3467.5155
130219000,3398.2,1665500,20746200,4302030800,54522800000,3398.9265,3427.5705,3375.1441,3467.5155
130225000,3398.7844,1298800,16203000,4303329600,54539003000,3398.9265,3427.5705,3375.1441,3467.5155
130231000,3398.5307,1479100,24068100,4304808700,54563071100,3398.9265,3427.5705,3375.1441,3467.5155
130236000,3398.4507,1048000,14825100,4305856700,54577896200,3398.9265,3427.5705,3375.1441,3467.5155
130240000,3398.9984,1338900,20244800,4307195600,54598141000,3398.9265,3427.5705,3375.1441,3467.5155
130246000,3398.7068,1492500,21067700,4308688100,54619208700,3398.9265,3427.5705,3375.1441,3467.5155
130251000,3398.7507,767600,9903700,4309455700,54629112400,3398.9265,3427.5705,3375.1441,3467.5155
130255000,3398.7197,1344900,15904500,4310800600,54645016900,3398.9265,3427.5705,3375.1441,3467.5155
130301000,3398.6361,1455100,15723700,4312255700,54660740600,3398.9265,3427.5705,3375.1441,3467.5155
130306000,3398.8922,1399900,19696800,4313655600,54680437400,3398.9265,3427.5705,3375.1441,3467.5155
130310000,3398.4839,908200,12821100,4314563800,54693258500,3398.9265,3427.5705,3375.1441,3467.5155
130316000,3398.6169,1019900,14596400,4315583700,54707854900,3398.9265,3427.5705,3375.1441,3467.5155
130321000,3398.8809,1136700,14307200,4316720400,54722162100,3398.9265,3427.5705,3375.1441,3467.5155
130325000,3399.017,1053200,12847200,4317773600,54735009300,3398.9265,3427.5705,3375.1441,3467.5155
130331000,3398.4228,2202200,17082500,4319975800,54752091800,3398.9265,3427.5705,3375.1441,3467.5155
130336000,3398.5645,1279500,16148500,4321255300,54768240300,3398.9265,3427.5705,3375.1441,3467.5155
130340000,3398.9826,1699800,17368600,4322955100,54785608900,3398.9265,3427.5705,3375.1441,3467.5155
130346000,3398.5717,1581800,14804700,4324536900,54800413600,3398.9265,3427.5705,3375.1441,3467.5155
130351000,3398.9063,712200,10625800,4325249100,54811039400,3398.9265,3427.5705,3375.1441,3467.5155
130355000,3398.6315,1071000,13995100,4326320100,54825034500,3398.9265,3427.5705,3375.1441,3467.5155
130401000,3399.011,976900,12641700,4327297000,54837676200,3398.9265,3427.5705,3375.1441,3467.5155
130406000,3398.3429,1165200,14639400,4328462200,54852315600,3398.9265,3427.5705,3375.1441,3467.5155
130410000,3398.3464,860900,12172200,4329323100,54864487800,3398.9265,3427.5705,3375.1441,3467.5155
130416000,3398.0705,1114000,14749200,4330437100,54879237000,3398.9265,3427.5705,3375.1441,3467.5155
130421000,3398.7059,949000,13252100,4331386100,54892489100,3398.9265,3427.5705,3375.1441,3467.5155
130425000,3399.1168,1011600,14486400,4332397700,54906975500,3398.9265,3427.5705,3375.1441,3467.5155
130431000,3399.305,1340800,21148300,4333738500,54928123800,3398.9265,3427.5705,3375.1441,3467.5155
130436000,3398.6515,850200,14214000,4334588700,54942337800,3398.9265,3427.5705,3375.1441,3467.5155
130440000,3398.8778,1204300,14520400,4335793000,54956858200,3398.9265,3427.5705,3375.1441,3467.5155
130446000,3398.3303,1184700,14998100,4336977700,54971856300,3398.9265,3427.5705,3375.1441,3467.5155
130451000,3398.6664,926300,9866000,4337904000,54981722300,3398.9265,3427.5705,3375.1441,3467.5155
130455000,3398.8683,1427600,12890200,4339331600,54994612500,3398.9265,3427.5705,3375.1441,3467.5155
130501000,3398.4272,1139200,12861500,4340470800,55007474000,3398.9265,3427.5705,3375.1441,3467.5155
130506000,3397.9825,1205900,12781100,4341676700,55020255100,3398.9265,3427.5705,3375.1441,3467.5155
130510000,3398.2098,2009700,19048300,4343686400,55039303400,3398.9265,3427.5705,3375.1441,3467.5155
130516000,3398.1952,1788100,17958200,4345474500,55057261600,3398.9265,3427.5705,3375.1441,3467.5155
130521000,3398.6962,1674500,14660300,4347149000,55071921900,3398.9265,3427.5705,3375.1441,3467.5155
130525000,3398.5821,1449100,15924000,4348598100,55087845900,3398.9265,3427.5705,3375.1441,3467.5155
130531000,3398.631,1583400,15069400,4350181500,55102915300,3398.9265,3427.5705,3375.1441,3467.5155
130536000,3398.5506,1096300,14591600,4351277800,55117506900,3398.9265,3427.5705,3375.1441,3467.5155
130540000,3398.4625,988000,11705800,4352265800,55129212700,3398.9265,3427.5705,3375.1441,3467.5155
130546000,3398.7397,1509900,18436700,4353775700,55147649400,3398.9265,3427.5705,3375.1441,3467.5155
130551000,3398.6644,1320300,18966200,4355096000,55166615600,3398.9265,3427.5705,3375.1441,3467.5155
130555000,3398.4708,1174100,16286500,4356270100,55182902100,3398.9265,3427.5705,3375.1441,3467.5155
130601000,3398.8405,1193300,15486600,4357463400,55198388700,3398.9265,3427.5705,3375.1441,3467.5155
130606000,3399.0968,1068400,13923200,4358531800,55212311900,3398.9265,3427.5705,3375.1441,3467.5155
130610000,3398.9787,1127400,13835500,4359659200,55226147400,3398.9265,3427.5705,3375.1441,3467.5155
130616000,3398.3602,1181600,18951700,4360840800,55245099100,3398.9265,3427.5705,3375.1441,3467.5155
130621000,3398.6995,1067700,13139100,4361908500,55258238200,3398.9265,3427.5705,3375.1441,3467.5155
130627000,3398.3058,2683600,31359400,4364592100,55289597600,3398.9265,3427.5705,3375.1441,3467.5155
130631000,3398.1709,2647400,23368500,4367239500,55312966100,3398.9265,3427.5705,3375.1441,3467.5155
130637000,3397.7814,1317200,19203600,4368556700,55332169700,3398.9265,3427.5705,3375.1441,3467.5155
130642000,3398.1258,1375200,17427100,4369931900,55349596800,3398.9265,3427.5705,3375.1441,3467.5155
130646000,3397.8499,1274900,19516500,4371206800,55369113300,3398.9265,3427.5705,3375.1441,3467.5155
130652000,3397.311,1993100,30505400,4373199900,55399618700,3398.9265,3427.5705,3375.1441,3467.5155
130657000,3397.31,1359600,18901500,4374559500,55418520200,3398.9265,3427.5705,3375.1441,3467.5155
130701000,3397.3027,1188500,18679800,4375748000,55437200000,3398.9265,3427.5705,3375.1441,3467.5155
130707000,3397.0227,2285000,21370600,4378033000,55458570600,3398.9265,3427.5705,3375.1441,3467.5155
130712000,3396.8666,3017900,32082900,4381050900,55490653500,3398.9265,3427.5705,3375.1441,3467.5155
130716000,3396.9935,1665700,23603600,4382716600,55514257100,3398.9265,3427.5705,3375.1441,3467.5155
130722000,3397.161,3190400,31085300,4385907000,55545342400,3398.9265,3427.5705,3375.1441,3467.5155
130727000,3396.5721,1556700,19837500,4387463700,55565179900,3398.9265,3427.5705,3375.1441,3467.5155
130731000,3396.4643,1530800,22170300,4388994500,55587350200,3398.9265,3427.5705,3375.1441,3467.5155
130737000,3396.8513,1339500,15546300,4390334000,55602896500,3398.9265,3427.5705,3375.1441,3467.5155
130742000,3397.122,1542200,19913800,4391876200,55622810300,3398.9265,3427.5705,3375.1441,3467.5155
130746000,3396.6064,2020500,27553500,4393896700,55650363800,3398.9265,3427.5705,3375.1441,3467.5155
130752000,3396.3127,2149000,27385400,4396045700,55677749200,3398.9265,3427.5705,3375.1441,3467.5155
130757000,3396.3562,1139100,15684100,4397184800,55693433300,3398.9265,3427.5705,3375.1441,3467.5155
130801000,3396.2125,2233200,27191900,4399418000,55720625200,3398.9265,3427.5705,3375.1441,3467.5155
130807000,3396.0133,1648700,21648800,4401066700,55742274000,3398.9265,3427.5705,3375.1441,3467.5155
130812000,3395.9102,1830700,22207400,4402897400,55764481400,3398.9265,3427.5705,3375.1441,3467.5155
130816000,3396.2596,1799500,23611500,4404696900,55788092900,3398.9265,3427.5705,3375.1441,3467.5155
130822000,3395.6764,1811300,36119400,4406508200,55824212300,3398.9265,3427.5705,3375.1441,3467.5155
130827000,3396.3496,1208800,19384700,4407717000,55843597000,3398.9265,3427.5705,3375.1441,3467.5155
130831000,3396.4951,1348900,18327900,4409065900,55861924900,3398.9265,3427.5705,3375.1441,3467.5155
130837000,3396.1649,1185900,17657700,4410251800,55879582600,3398.9265,3427.5705,3375.1441,3467.5155
130842000,3396.5755,1303900,19258900,4411555700,55898841500,3398.9265,3427.5705,3375.1441,3467.5155
130846000,3395.9383,834900,15578500,4412390600,55914420000,3398.9265,3427.5705,3375.1441,3467.5155
130852000,3395.9934,1875100,25029900,4414265700,55939449900,3398.9265,3427.5705,3375.1441,3467.5155
130857000,3396.3167,1383300,15465200,4415649000,55954915100,3398.9265,3427.5705,3375.1441,3467.5155
130901000,3396.2232,1026700,13841400,4416675700,55968756500,3398.9265,3427.5705,3375.1441,3467.5155
130907000,3395.416,1361300,22665400,4418037000,55991421900,3398.9265,3427.5705,3375.1441,3467.5155
130912000,3395.5751,1440100,21246900,4419477100,56012668800,3398.9265,3427.5705,3375.1441,3467.5155
130916000,3395.4328,1934400,24945600,4421411500,56037614400,3398.9265,3427.5705,3375.1441,3467.5155
130922000,3395.2773,1607700,25765800,4423019200,56063380200,3398.9265,3427.5705,3375.1441,3467.5155
130927000,3395.8981,778000,12132300,4423797200,56075512500,3398.9265,3427.5705,3375.1441,3467.5155
130931000,3395.9597,1137600,18680800,4424934800,56094193300,3398.9265,3427.5705,3375.1441,3467.5155
130937000,3395.8692,1990300,27303800,4426925100,56121497100,3398.9265,3427.5705,3375.1441,3467.5155
130942000,3396.4428,1720100,19738500,4428645200,56141235600,3398.9265,3427.5705,3375.1441,3467.5155
130946000,3396.5067,1333700,18302300,4429978900,56159537900,3398.9265,3427.5705,3375.1441,3467.5155
130952000,3396.582,1681800,23834500,4431660700,56183372400,3398.9265,3427.5705,3375.1441,3467.5155
130957000,3396.7844,1019400,13187700,4432680100,56196560100,3398.9265,3427.5705,3375.1441,3467.5155
131001000,3396.5377,2342600,28823200,4435022700,56225383300,3398.9265,3427.5705,3375.1441,3467.5155
131007000,3396.4781,2142200,20369800,4437164900,56245753100,3398.9265,3427.5705,3375.1441,3467.5155
131012000,3396.4362,1783000,20810600,4438947900,56266563700,3398.9265,3427.5705,3375.1441,3467.5155
131016000,3396.6714,1699900,23374500,4440647800,56289938200,3398.9265,3427.5705,3375.1441,3467.5155
131022000,3396.5709,1733200,23510300,4442381000,56313448500,3398.9265,3427.5705,3375.1441,3467.5155
131027000,3397.0733,1642500,18270300,4444023500,56331718800,3398.9265,3427.5705,3375.1441,3467.5155
131031000,3396.6489,1346600,20714300,4445370100,56352433100,3398.9265,3427.5705,3375.1441,3467.5155
131037000,3396.964,1735300,22961500,4447105400,56375394600,3398.9265,3427.5705,3375.1441,3467.5155
131042000,3396.7527,1051500,13050200,4448156900,56388444800,3398.9265,3427.5705,3375.1441,3467.5155
131048000,3396.4413,1278000,21145500,4449434900,56409590300,3398.9265,3427.5705,3375.1441,3467.5155
131052000,3396.6759,1449300,18654900,4450884200,56428245200,3398.9265,3427.5705,3375.1441,3467.5155
131057000,3397.3781,977300,11717700,4451861500,56439962900,3398.9265,3427.5705,3375.1441,3467.5155
131103000,3397.3996,1347200,18642000,4453208700,56458604900,3398.9265,3427.5705,3375.1441,3467.5155
131107000,3397.0111,1344900,16590800,4454553600,56475195700,3398.9265,3427.5705,3375.1441,3467.5155
131113000,3396.9619,981300,13947400,4455534900,56489143100,3398.9265,3427.5705,3375.1441,3467.5155
131118000,3397.4467,1142500,17977400,4456677400,56507120500,3398.9265,3427.5705,3375.1441,3467.5155
131122000,3397.9015,1305900,18048600,4457983300,56525169100,3398.9265,3427.5705,3375.1441,3467.5155
131128000,3398.3734,2159800,31870500,4460143100,56557039600,3398.9265,3427.5705,3375.1441,3467.5155
131133000,3398.4868,2081100,20024500,4462224200,56577064100,3398.9265,3427.5705,3375.1441,3467.5155
131137000,3399.1254,1744800,23329800,4463969000,56600393900,3398.9265,3427.5705,3375.1441,3467.5155
131143000,3399.6915,2508900,26468600,4466477900,56626862500,3398.9265,3427.5705,3375.1441,3467.5155
131148000,3400.3075,2346100,34287400,4468824000,56661149900,3398.9265,3427.5705,3375.1441,3467.5155
131152000,3400.2731,1279400,21951900,4470103400,56683101800,3398.9265,3427.5705,3375.1441,3467.5155
131158000,3401.4587,2209700,25562300,4472313100,56708664100,3398.9265,3427.5705,3375.1441,3467.5155
131203000,3401.4108,1045900,13943100,4473359000,56722607200,3398.9265,3427.5705,3375.1441,3467.5155
131207000,3401.1455,1613600,21739500,4474972600,56744346700,3398.9265,3427.5705,3375.1441,3467.5155
131213000,3400.7214,1233700,16077500,4476206300,56760424200,3398.9265,3427.5705,3375.1441,3467.5155
131218000,3401.0802,1168000,15436800,4477374300,56775861000,3398.9265,3427.5705,3375.1441,3467.5155
131222000,3401.3703,1270200,20373200,4478644500,56796234200,3398.9265,3427.5705,3375.1441,3467.5155
131228000,3401.969,1664200,20520800,4480308700,56816755000,3398.9265,3427.5705,3375.1441,3467.5155
131233000,3401.6499,1422100,15827500,4481730800,56832582500,3398.9265,3427.5705,3375.1441,3467.5155
131237000,3401.9932,969800,12919100,4482700600,56845501600,3398.9265,3427.5705,3375.1441,3467.5155
131243000,3402.3866,979300,14513600,4483679900,56860015200,3398.9265,3427.5705,3375.1441,3467.5155
131248000,3401.9464,1297700,14856500,4484977600,56874871700,3398.9265,3427.5705,3375.1441,3467.5155
131252000,3401.4672,1206100,15570800,4486183700,56890442500,3398.9265,3427.5705,3375.1441,3467.5155
131258000,3401.8972,1006100,14140500,4487189800,56904583000,3398.9265,3427.5705,3375.1441,3467.5155
131303000,3402.1617,779700,8261500,4487969500,56912844500,3398.9265,3427.5705,3375.1441,3467.5155
131307000,3401.916,1168600,14321500,4489138100,56927166000,3398.9265,3427.5705,3375.1441,3467.5155
131313000,3401.9563,1131500,15094400,4490269600,56942260400,3398.9265,3427.5705,3375.1441,3467.5155
131318000,3401.8171,1073900,14837000,4491343500,56957097400,3398.9265,3427.5705,3375.1441,3467.5155
131322000,3402.2812,1659600,19529600,4493003100,56976627000,3398.9265,3427.5705,3375.1441,3467.5155
131328000,3402.2287,1293600,18050600,4494296700,56994677600,3398.9265,3427.5705,3375.1441,3467.5155
131333000,3401.9319,687900,9485100,4494984600,57004162700,3398.9265,3427.5705,3375.1441,3467.5155
131337000,3401.9518,1029600,15069800,4496014200,57019232500,3398.9265,3427.5705,3375.1441,3467.5155
131343000,3402.2113,1152100,13772300,4497166300,57033004800,3398.9265,3427.5705,3375.1441,3467.5155
131348000,3402.2531,1422200,17976600,4498588500,57050981400,3398.9265,3427.5705,3375.1441,3467.5155
131352000,3401.9406,916200,12542800,4499504700,57063524200,3398.9265,3427.5705,3375.1441,3467.5155
131358000,3401.8022,1128900,14541800,4500633600,57078066000,3398.9265,3427.5705,3375.1441,3467.5155
131403000,3401.9934,805400,9581600,4501439000,57087647600,3398.9265,3427.5705,3375.1441,3467.5155
131407000,3402.1156,1147100,13754300,4502586100,57101401900,3398.9265,3427.5705,3375.1441,3467.5155
131413000,3402.0632,900200,11847800,4503486300,57113249700,3398.9265,3427.5705,3375.1441,3467.5155
131418000,3402.0407,1633800,17183700,4505120100,57130433400,3398.9265,3427.5705,3375.1441,3467.5155
131422000,3402.1405,1020900,14172400,4506141000,57144605800,3398.9265,3427.5705,3375.1441,3467.5155
131428000,3402.4254,1106800,14041700,4507247800,57158647500,3398.9265,3427.5705,3375.1441,3467.5155
131433000,3402.4469,876000,10313900,4508123800,57168961400,3398.9265,3427.5705,3375.1441,3467.5155
131437000,3402.056,942900,14626400,4509066700,57183587800,3398.9265,3427.5705,3375.1441,3467.5155
131443000,3402.1586,1580000,15180800,4510646700,57198768600,3398.9265,3427.5705,3375.1441,3467.5155
131448000,3402.2683,889200,11795100,4511535900,57210563700,3398.9265,3427.5705,3375.1441,3467.5155
131454000,3401.902,1394500,19494000,4512930400,57230057700,3398.9265,3427.5705,3375.1441,3467.5155
131458000,3401.9574,1019500,12229700,4513949900,57242287400,3398.9265,3427.5705,3375.1441,3467.5155
131504000,3401.6335,1398000,18583000,4515347900,57260870400,3398.9265,3427.5705,3375.1441,3467.5155
131509000,3401.7151,852300,9527000,4516200200,57270397400,3398.9265,3427.5705,3375.1441,3467.5155
131513000,3401.5409,1029500,13034600,4517229700,57283432000,3398.9265,3427.5705,3375.1441,3467.5155
131519000,3401.9796,1393800,13669600,4518623500,57297101600,3398.9265,3427.5705,3375.1441,3467.5155
131524000,3401.7993,1160100,14200700,4519783600,57311302300,3398.9265,3427.5705,3375.1441,3467.5155
131528000,3401.8983,818400,12817700,4520602000,57324120000,3398.9265,3427.5705,3375.1441,3467.5155
131534000,3401.793,1639000,20777500,4522241000,57344897500,3398.9265,3427.5705,3375.1441,3467.5155
131539000,3401.9482,838500,12406400,4523079500,57357303900,3398.9265,3427.5705,3375.1441,3467.5155
131543000,3402.0054,990100,11497300,4524069600,57368801200,3398.9265,3427.5705,3375.1441,3467.5155
131549000,3401.5725,927200,12675700,4524996800,57381476900,3398.9265,3427.5705,3375.1441,3467.5155
131554000,3401.8574,1294500,16837700,4526291300,57398314600,3398.9265,3427.5705,3375.1441,3467.5155
131558000,3401.8995,1077300,15965600,4527368600,57414280200,3398.9265,3427.5705,3375.1441,3467.5155
131604000,3401.845,2059300,19104500,4529427900,57433384700,3398.9265,3427.5705,3375.1441,3467.5155
131609000,3401.7241,781400,8342500,4530209300,57441727200,3398.9265,3427.5705,3375.1441,3467.5155
131613000,3401.6909,1088400,12043900,4531297700,57453771100,3398.9265,3427.5705,3375.1441,3467.5155
131619000,3401.638,896000,11747900,4532193700,57465519000,3398.9265,3427.5705,3375.1441,3467.5155
131624000,3401.8049,1083000,13428300,4533276700,57478947300,3398.9265,3427.5705,3375.1441,3467.5155
131628000,3402.3436,1247000,17202400,4534523700,57496149700,3398.9265,3427.5705,3375.1441,3467.5155
131634000,3401.8042,1633700,17878400,4536157400,57514028100,3398.9265,3427.5705,3375.1441,3467.5155
131639000,3402.2057,885400,8829800,4537042800,57522857900,3398.9265,3427.5705,3375.1441,3467.5155
131643000,3402.2312,909600,12156200,4537952400,57535014100,3398.9265,3427.5705,3375.1441,3467.5155
131649000,3402.2194,739400,9006100,4538691800,57544020200,3398.9265,3427.5705,3375.1441,3467.5155
131654000,3401.7779,1042900,14354300,4539734700,57558374500,3398.9265,3427.5705,3375.1441,3467.5155
131658000,3401.9217,1044400,13054800,4540779100,57571429300,3398.9265,3427.5705,3375.1441,3467.5155
131704000,3402.3591,2247000,20991500,4543026100,57592420800,3398.9265,3427.5705,3375.1441,3467.5155
131709000,3401.2466,1039300,10547600,4544065400,57602968400,3398.9265,3427.5705,3375.1441,3467.5155
131713000,3401.3867,1233200,13105000,4545298600,57616073400,3398.9265,3427.5705,3375.1441,3467.5155
131719000,3401.4432,808400,11566200,4546107000,57627639600,3398.9265,3427.5705,3375.1441,3467.5155
131724000,3401.7373,837800,10582200,4546944800,57638221800,3398.9265,3427.5705,3375.1441,3467.5155
131728000,3401.7408,974600,12364800,4547919400,57650586600,3398.9265,3427.5705,3375.1441,3467.5155
131734000,3401.3761,1227400,17211800,4549146800,57667798400,3398.9265,3427.5705,3375.1441,3467.5155
131739000,3400.9239,723900,10522600,4549870700,57678321000,3398.9265,3427.5705,3375.1441,3467.5155
131743000,3401.3305,1299100,14504700,4551169800,57692825700,3398.9265,3427.5705,3375.1441,3467.5155
131749000,3401.4334,1001300,12854700,4552171100,57705680400,3398.9265,3427.5705,3375.1441,3467.5155
131754000,3401.538,1155400,15331100,4553326500,57721011500,3398.9265,3427.5705,3375.1441,3467.5155
131758000,3401.7156,1291300,15430800,4554617800,57736442300,3398.9265,3427.5705,3375.1441,3467.5155
131804000,3401.2637,1232700,16647800,4555850500,57753090100,3398.9265,3427.5705,3375.1441,3467.5155
131809000,3401.0221,835200,11474000,4556685700,57764564100,3398.9265,3427.5705,3375.1441,3467.5155
131813000,3400.6574,955600,12454400,4557641300,57777018500,3398.9265,3427.5705,3375.1441,3467.5155
131819000,3400.9764,1023500,15005600,4558664800,57792024100,3398.9265,3427.5705,3375.1441,3467.5155
131824000,3401.214,1147500,14997400,4559812300,57807021500,3398.9265,3427.5705,3375.1441,3467.5155
131828000,3401.6116,1327900,15263600,4561140200,57822285100,3398.9265,3427.5705,3375.1441,3467.5155
131834000,3401.1133,1194800,13884000,4562335000,57836169100,3398.9265,3427.5705,3375.1441,3467.5155
131839000,3401.1477,858300,10903500,4563193300,57847072600,3398.9265,3427.5705,3375.1441,3467.5155
131843000,3401.8982,1490500,16843900,4564683800,57863916500,3398.9265,3427.5705,3375.1441,3467.5155
131849000,3400.8503,872300,13765900,4565556100,57877682400,3398.9265,3427.5705,3375.1441,3467.5155
131854000,3401.2062,827800,12767700,4566383900,57890450100,3398.9265,3427.5705,3375.1441,3467.5155
131858000,3401.1897,1030500,16111800,4567414400,57906561900,3398.9265,3427.5705,3375.1441,3467.5155
131904000,3401.069,1205000,15649300,4568619400,57922211200,3398.9265,3427.5705,3375.1441,3467.5155
131909000,3400.5659,774900,10170800,4569394300,57932382000,3398.9265,3427.5705,3375.1441,3467.5155
131915000,3400.4978,1801300,19265000,4571195600,57951647000,3398.9265,3427.5705,3375.1441,3467.5155
131919000,3400.6962,683200,9382700,4571878800,57961029700,3398.9265,3427.5705,3375.1441,3467.5155
131925000,3400.4025,1712200,20781800,4573591000,57981811500,3398.9265,3427.5705,3375.1441,3467.5155
131930000,3400.544,1189100,16204600,4574780100,57998016100,3398.9265,3427.5705,3375.1441,3467.5155
131934000,3400.3986,1106100,13596000,4575886200,58011612100,3398.9265,3427.5705,3375.1441,3467.5155
131940000,3400.772,1445200,19047600,4577331400,58030659700,3398.9265,3427.5705,3375.1441,3467.5155
131945000,3400.9119,826000,8875000,4578157400,58039534700,3398.9265,3427.5705,3375.1441,3467.5155
131949000,3400.7332,967500,13915500,4579124900,58053450200,3398.9265,3427.5705,3375.1441,3467.5155
131955000,3400.4588,944500,13287500,4580069400,58066737700,3398.9265,3427.5705,3375.1441,3467.5155
132000000,3400.8449,1180900,16990500,4581250300,58083728200,3398.9265,3427.5705,3375.1441,3467.5155
132004000,3400.4619,1359300,21203900,4582609600,58104932100,3398.9265,3427.5705,3375.1441,3467.5155
132010000,3400.5979,1800400,17954200,4584410000,58122886300,3398.9265,3427.5705,3375.1441,3467.5155
132015000,3400.2198,896800,11543900,4585306800,58134430200,3398.9265,3427.5705,3375.1441,3467.5155
132019000,3400.7357,1248000,11844300,4586554800,58146274500,3398.9265,3427.5705,3375.1441,3467.5155
132025000,3401.1311,1175300,20010600,4587730100,58166285100,3398.9265,3427.5705,3375.1441,3467.5155
132030000,3401.2544,1402200,15444000,4589132300,58181729100,3398.9265,3427.5705,3375.1441,3467.5155
132034000,3401.2373,1211900,16588200,4590344200,58198317300,3398.9265,3427.5705,3375.1441,3467.5155
132040000,3401.2101,1721600,23659400,4592065800,58221976700,3398.9265,3427.5705,3375.1441,3467.5155
132045000,3402.2115,2070900,22371900,4594136700,58244348600,3398.9265,3427.5705,3375.1441,3467.5155
132049000,3402.6608,2918200,37662800,4597054900,58282011400,3398.9265,3427.5705,3375.1441,3467.5155
132055000,3404.0989,3310000,42673500,4600364900,58324684900,3398.9265,3427.5705,3375.1441,3467.5155
132100000,3404.6683,3029400,39110500,4603394300,58363795400,3398.9265,3427.5705,3375.1441,3467.5155
132104000,3405.1834,2702900,37839500,4606097200,58401634900,3398.9265,3427.5705,3375.1441,3467.5155
132110000,3404.7576,2605200,31589000,4608702400,58433223900,3398.9265,3427.5705,3375.1441,3467.5155
132115000,3405.0791,1872600,20774400,4610575000,58453998300,3398.9265,3427.5705,3375.1441,3467.5155
132119000,3405.424,2057700,25273400,4612632700,58479271700,3398.9265,3427.5705,3375.1441,3467.5155
132125000,3405.1135,1002300,15435300,4613635000,58494707000,3398.9265,3427.5705,3375.1441,3467.5155
132130000,3405.7371,1205900,17596500,4614840900,58512303500,3398.9265,3427.5705,3375.1441,3467.5155
132134000,3405.35,1237700,21422900,4616078600,58533726400,3398.9265,3427.5705,3375.1441,3467.5155
132140000,3405.7212,2393900,26273600,4618472500,58560000000,3398.9265,3427.5705,3375.1441,3467.5155
132145000,3406.015,1070800,12751800,4619543300,58572751800,3398.9265,3427.5705,3375.1441,3467.5155
132149000,3406.218,1055100,17930000,4620598400,58590681800,3398.9265,3427.5705,3375.1441,3467.5155
132155000,3405.8229,2260300,19991600,4622858700,58610673400,3398.9265,3427.5705,3375.1441,3467.5155
132200000,3406.3117,1504800,22587800,4624363500,58633261200,3398.9265,3427.5705,3375.1441,3467.5155
132204000,3405.9496,2414400,22416600,4626777900,58655677800,3398.9265,3427.5705,3375.1441,3467.5155
132210000,3405.8187,2249700,23566900,4629027600,58679244700,3398.9265,3427.5705,3375.1441,3467.5155
132215000,3405.9002,1077600,15811000,4630105200,58695055700,3398.9265,3427.5705,3375.1441,3467.5155
132219000,3405.9863,3102200,19973400,4633207400,58715029100,3398.9265,3427.5705,3375.1441,3467.5155
132225000,3406.4108,1096200,16367300,4634303600,58731396400,3398.9265,3427.5705,3375.1441,3467.5155
132230000,3406.4777,1519400,17466200,4635823000,58748862600,3398.9265,3427.5705,3375.1441,3467.5155
132234000,3405.9882,1269100,19673500,4637092100,58768536100,3398.9265,3427.5705,3375.1441,3467.5155
132240000,3405.7687,1346300,19286400,4638438400,58787822500,3398.9265,3427.5705,3375.1441,3467.5155
132245000,3406.1609,883800,11600100,4639322200,58799422600,3398.9265,3427.5705,3375.1441,3467.5155
132249000,3406.7361,1107200,16160700,4640429400,58815583300,3398.9265,3427.5705,3375.1441,3467.5155
132255000,3406.7748,1151700,17279800,4641581100,58832863100,3398.9265,3427.5705,3375.1441,3467.5155
132300000,3406.5257,1405500,15707700,4642986600,58848570800,3398.9265,3427.5705,3375.1441,3467.5155
132304000,3406.3816,1081900,16795900,4644068500,58865366700,3398.9265,3427.5705,3375.1441,3467.5155
132310000,3405.9787,1327100,15416300,4645395600,58880783000,3398.9265,3427.5705,3375.1441,3467.5155
132316000,3406.37,1596700,23509300,4646992300,58904292300,3398.9265,3427.5705,3375.1441,3467.5155
132319000,3406.5483,582400,8462200,4647574700,58912754500,3398.9265,3427.5705,3375.1441,3467.5155
132325000,3406.3408,1413700,21440900,4648988400,58934195400,3398.9265,3427.5705,3375.1441,3467.5155
132331000,3406.4085,698400,10674100,4649686800,58944869500,3398.9265,3427.5705,3375.1441,3467.5155
132336000,3406.8824,989200,14399700,4650676000,58959269200,3398.9265,3427.5705,3375.1441,3467.5155
132340000,3406.4575,1743200,19243200,4652419200,58978512400,3398.9265,3427.5705,3375.1441,3467.5155
132346000,3406.7107,2052400,20575200,4654471600,58999087600,3398.9265,3427.5705,3375.1441,3467.5155
132351000,3406.8291,819700,11131200,4655291300,59010218800,3398.9265,3427.5705,3375.1441,3467.5155
132355000,3406.6268,1420800,19011200,4656712100,59029230000,3398.9265,3427.5705,3375.1441,3467.5155
132401000,3406.8032,897600,13189600,4657609700,59042419600,3398.9265,3427.5705,3375.1441,3467.5155
132406000,3406.8722,1245300,17220400,4658855000,59059640000,3398.9265,3427.5705,3375.1441,3467.5155
132410000,3405.9561,953900,14196600,4659808900,59073836600,3398.9265,3427.5705,3375.1441,3467.5155
132416000,3405.9776,1338500,15827600,4661147400,59089664200,3398.9265,3427.5705,3375.1441,3467.5155
132421000,3406.4457,1099600,11409200,4662247000,59101073400,3398.9265,3427.5705,3375.1441,3467.5155
132425000,3406.3852,1149900,15505200,4663396900,59116578600,3398.9265,3427.5705,3375.1441,3467.5155
132431000,3406.8218,1115300,18785600,4664512200,59135364200,3398.9265,3427.5705,3375.1441,3467.5155
132436000,3406.237,2001400,17428800,4666513600,59152793000,3398.9265,3427.5705,3375.1441,3467.5155
132440000,3406.5045,792600,11131600,4667306200,59163924600,3398.9265,3427.5705,3375.1441,3467.5155
132446000,3406.7813,955100,13444200,4668261300,59177368800,3398.9265,3427.5705,3375.1441,3467.5155
132451000,3406.6226,794000,12104600,4669055300,59189473400,3398.9265,3427.5705,3375.1441,3467.5155
132455000,3406.4026,1250200,15464600,4670305500,59204938000,3398.9265,3427.5705,3375.1441,3467.5155
132501000,3406.4622,729300,9078100,4671034800,59214016100,3398.9265,3427.5705,3375.1441,3467.5155
132506000,3406.6339,1340200,17190400,4672375000,59231206500,3398.9265,3427.5705,3375.1441,3467.5155
132510000,3406.0939,916500,12035000,4673291500,59243241500,3398.9265,3427.5705,3375.1441,3467.5155
132516000,3405.8346,1012800,15035900,4674304300,59258277400,3398.9265,3427.5705,3375.1441,3467.5155
132521000,3406.3289,998300,9864900,4675302600,59268142300,3398.9265,3427.5705,3375.1441,3467.5155
132525000,3406.1984,1301200,18789600,4676603800,59286931900,3398.9265,3427.5705,3375.1441,3467.5155
132531000,3406.3223,735800,8922000,4677339600,59295853900,3398.9265,3427.5705,3375.1441,3467.5155
132536000,3406.1172,1801600,14641000,4679141200,59310494900,3398.9265,3427.5705,3375.1441,3467.5155
132540000,3406.2391,898300,13925000,4680039500,59324419900,3398.9265,3427.5705,3375.1441,3467.5155
132546000,3406.3025,1683600,19009800,4681723100,59343429700,3398.9265,3427.5705,3375.1441,3467.5155
132551000,3405.9174,918000,12443800,4682641100,59355873500,3398.9265,3427.5705,3375.1441,3467.5155
132555000,3405.8554,1032400,13947100,4683673500,59369820600,3398.9265,3427.5705,3375.1441,3467.5155
132601000,3406.0087,999000,13716500,4684672500,59383537100,3398.9265,3427.5705,3375.1441,3467.5155
132606000,3405.5937,1007300,13950400,4685679800,59397487500,3398.9265,3427.5705,3375.1441,3467.5155
132610000,3405.5498,1237900,14388000,4686917700,59411875500,3398.9265,3427.5705,3375.1441,3467.5155
132616000,3405.9798,968900,13138300,4687886600,59425013800,3398.9265,3427.5705,3375.1441,3467.5155
132621000,3405.7406,1075000,12532100,4688961600,59437545900,3398.9265,3427.5705,3375.1441,3467.5155
132625000,3406.0583,1934700,23828100,4690896300,59461374000,3398.9265,3427.5705,3375.1441,3467.5155
132631000,3405.7886,1401800,16857600,4692298100,59478231600,3398.9265,3427.5705,3375.1441,3467.5155
132636000,3405.6941,1110700,15123200,4693408800,59493354800,3398.9265,3427.5705,3375.1441,3467.5155
132640000,3405.6184,2417700,32527700,4695826500,59525882500,3398.9265,3427.5705,3375.1441,3467.5155
132646000,3406.347,1306000,16818100,4697132500,59542700600,3398.9265,3427.5705,3375.1441,3467.5155
132651000,3405.9146,1766900,12543900,4698899400,59555244500,3398.9265,3427.5705,3375.1441,3467.5155
132655000,3405.9547,1015500,13774100,4699914900,59569018600,3398.9265,3427.5705,3375.1441,3467.5155
132701000,3405.4543,839500,13076400,4700754400,59582095000,3398.9265,3427.5705,3375.1441,3467.5155
132706000,3405.6321,1236600,15788400,4701991000,59597883400,3398.9265,3427.5705,3375.1441,3467.5155
132710000,3405.3357,1066500,14583200,4703057500,59612466600,3398.9265,3427.5705,3375.1441,3467.5155
132716000,3405.2404,1399400,18099900,4704456900,59630566500,3398.9265,3427.5705,3375.1441,3467.5155
132721000,3405.3895,692600,8062000,4705149500,59638628500,3398.9265,3427.5705,3375.1441,3467.5155
132727000,3405.4417,1357200,16107000,4706506700,59654735500,3398.9265,3427.5705,3375.1441,3467.5155
132731000,3405.1817,1119900,14659900,4707626600,59669395400,3398.9265,3427.5705,3375.1441,3467.5155
132736000,3405.2406,734200,11749900,4708360800,59681145300,3398.9265,3427.5705,3375.1441,3467.5155
132742000,3404.8419,1502600,22370400,4709863400,59703515700,3398.9265,3427.5705,3375.1441,3467.5155
132746000,3405.3005,1262400,18955100,4711125800,59722470800,3398.9265,3427.5705,3375.1441,3467.5155
132752000,3404.1141,1319300,17877500,4712445100,59740348300,3398.9265,3427.5705,3375.1441,3467.5155
132757000,3404.558,1315800,14399500,4713760900,59754747800,3398.9265,3427.5705,3375.1441,3467.5155
132801000,3404.4156,1141700,14883300,4714902600,59769631100,3398.9265,3427.5705,3375.1441,3467.5155
132807000,3404.2377,1174600,13138200,4716077200,59782769300,3398.9265,3427.5705,3375.1441,3467.5155
132812000,3404.0476,670000,9951300,4716747200,59792720600,3398.9265,3427.5705,3375.1441,3467.5155
132816000,3404.1682,1214200,15652500,4717961400,59808373100,3398.9265,3427.5705,3375.1441,3467.5155
132822000,3404.4979,1310800,17911100,4719272200,59826284200,3398.9265,3427.5705,3375.1441,3467.5155
132827000,3404.5853,1422200,15249900,4720694400,59841534100,3398.9265,3427.5705,3375.1441,3467.5155
132831000,3404.4657,1232100,16939500,4721926500,59858473600,3398.9265,3427.5705,3375.1441,3467.5155
132837000,3404.5286,1055600,15211000,4722982100,59873684600,3398.9265,3427.5705,3375.1441,3467.5155
132842000,3404.637,1510100,18728300,4724492200,59892412900,3398.9265,3427.5705,3375.1441,3467.5155
132846000,3404.7776,1467200,17165500,4725959400,59909578400,3398.9265,3427.5705,3375.1441,3467.5155
132852000,3404.4389,1563700,26554200,4727523100,59936132600,3398.9265,3427.5705,3375.1441,3467.5155
132857000,3404.0545,912000,13361000,4728435100,59949493600,3398.9265,3427.5705,3375.1441,3467.5155
132901000,3404.2755,1329000,16130600,4729764100,59965624200,3398.9265,3427.5705,3375.1441,3467.5155
132907000,3404.1944,1062900,13322900,4730827000,59978947100,3398.9265,3427.5705,3375.1441,3467.5155
132912000,3403.875,2470800,21540000,4733297800,60000487100,3398.9265,3427.5705,3375.1441,3467.5155
132916000,3403.8723,1281200,13235300,4734579000,60013722400,3398.9265,3427.5705,3375.1441,3467.5155
132922000,3404.1613,2108200,29284500,4736687200,60043006900,3398.9265,3427.5705,3375.1441,3467.5155
132927000,3404.4311,1318700,14350600,4738005900,60057357500,3398.9265,3427.5705,3375.1441,3467.5155
132931000,3404.4178,953200,14167700,4738959100,60071525200,3398.9265,3427.5705,3375.1441,3467.5155
132937000,3404.4907,1858600,17648600,4740817700,60089173800,3398.9265,3427.5705,3375.1441,3467.5155
132942000,3404.6218,1479800,19504200,4742297500,60108678000,3398.9265,3427.5705,3375.1441,3467.5155
132946000,3405.7842,1691300,20607400,4743988800,60129285400,3398.9265,3427.5705,3375.1441,3467.5155
132952000,3405.2601,1490900,20686600,4745479700,60149972000,3398.9265,3427.5705,3375.1441,3467.5155
132957000,3404.7572,909200,11724300,4746388900,60161696300,3398.9265,3427.5705,3375.1441,3467.5155
133001000,3405.8362,1739700,23244500,4748128600,60184940800,3398.9265,3427.5705,3375.1441,3467.5155
133007000,3405.9083,1751400,19085200,4749880000,60204026000,3398.9265,3427.5705,3375.1441,3467.5155
133012000,3405.3856,1149700,15310700,4751029700,60219336700,3398.9265,3427.5705,3375.1441,3467.5155
133016000,3405.345,1166900,12653100,4752196600,60231989800,3398.9265,3427.5705,3375.1441,3467.5155
133022000,3405.8249,1525600,18030100,4753722200,60250019900,3398.9265,3427.5705,3375.1441,3467.5155
133027000,3405.8555,917800,10807600,4754640000,60260827500,3398.9265,3427.5705,3375.1441,3467.5155
133031000,3405.7537,1341900,14904600,4755981900,60275732100,3398.9265,3427.5705,3375.1441,3467.5155
133037000,3405.6052,1036100,14744500,4757018000,60290476600,3398.9265,3427.5705,3375.1441,3467.5155
133042000,3405.5787,986900,11887300,4758004900,60302363900,3398.9265,3427.5705,3375.1441,3467.5155
133046000,3405.7223,1811900,16772400,4759816800,60319136300,3398.9265,3427.5705,3375.1441,3467.5155
133052000,3405.9236,1334600,15553100,4761151400,60334689400,3398.9265,3427.5705,3375.1441,3467.5155
133057000,3405.6859,703000,8716100,4761854400,60343405500,3398.9265,3427.5705,3375.1441,3467.5155
133101000,3405.7692,707500,11942500,4762561900,60355348000,3398.9265,3427.5705,3375.1441,3467.5155
133107000,3405.3227,842500,11837400,4763404400,60367185400,3398.9265,3427.5705,3375.1441,3467.5155
133112000,3405.2008,1540500,14513600,4764944900,60381699000,3398.9265,3427.5705,3375.1441,3467.5155
133116000,3405.2773,883900,12157400,4765828800,60393856400,3398.9265,3427.5705,3375.1441,3467.5155
133122000,3405.3361,1251100,15646400,4767079900,60409502800,3398.9265,3427.5705,3375.1441,3467.5155
133128000,3404.9752,1644700,15187800,4768724600,60424690600,3398.9265,3427.5705,3375.1441,3467.5155
133131000,3405.5339,492500,5377200,4769217100,60430067800,3398.9265,3427.5705,3375.1441,3467.5155
133137000,3405.4607,1022700,11977600,4770239800,60442045400,3398.9265,3427.5705,3375.1441,3467.5155
133143000,3405.6289,1282400,13869000,4771522200,60455914400,3398.9265,3427.5705,3375.1441,3467.5155
133146000,3405.899,671200,9185800,4772193400,60465100200,3398.9265,3427.5705,3375.1441,3467.5155
133152000,3405.6359,1444300,19129600,4773637700,60484229800,3398.9265,3427.5705,3375.1441,3467.5155
133158000,3404.9856,943900,12330200,4774581600,60496560000,3398.9265,3427.5705,3375.1441,3467.5155
133203000,3404.8047,817100,11973100,4775398700,60508533100,3398.9265,3427.5705,3375.1441,3467.5155
133207000,3405.1777,618400,10568500,4776017100,60519101600,3398.9265,3427.5705,3375.1441,3467.5155
133213000,3404.703,1036300,14204400,4777053400,60533306000,3398.9265,3427.5705,3375.1441,3467.5155
133218000,3404.9173,814500,9672100,4777867900,60542978100,3398.9265,3427.5705,3375.1441,3467.5155
133222000,3404.9325,988600,16042400,4778856500,60559020500,3398.9265,3427.5705,3375.1441,3467.5155
133228000,3405.5584,1591100,19664100,4780447600,60578684600,3398.9265,3427.5705,3375.1441,3467.5155
133233000,3405.3026,898800,9974000,4781346400,60588658600,3398.9265,3427.5705,3375.1441,3467.5155
133237000,3405.1792,1041500,15305800,4782387900,60603964400,3398.9265,3427.5705,3375.1441,3467.5155
133243000,3404.9915,1204800,15016500,4783592700,60618980900,3398.9265,3427.5705,3375.1441,3467.5155
133248000,3404.501,2940400,32111800,4786533100,60651092700,3398.9265,3427.5705,3375.1441,3467.5155
133252000,3404.4948,1562400,22367500,4788095500,60673460200,3398.9265,3427.5705,3375.1441,3467.5155
133258000,3404.4274,1235700,16199700,4789331200,60689659900,3398.9265,3427.5705,3375.1441,3467.5155
133303000,3404.3833,667800,9708300,4789999000,60699368200,3398.9265,3427.5705,3375.1441,3467.5155
133307000,3404.092,1352400,17776100,4791351400,60717144300,3398.9265,3427.5705,3375.1441,3467.5155
133313000,3403.9878,1801100,21206300,4793152500,60738350600,3398.9265,3427.5705,3375.1441,3467.5155
133318000,3403.7585,1184900,15287900,4794337400,60753638500,3398.9265,3427.5705,3375.1441,3467.5155
133322000,3403.8166,939800,12453800,4795277200,60766092300,3398.9265,3427.5705,3375.1441,3467.5155
133328000,3403.9134,1350200,17054700,4796627400,60783147000,3398.9265,3427.5705,3375.1441,3467.5155
133333000,3403.9067,991700,12566200,4797619100,60795713200,3398.9265,3427.5705,3375.1441,3467.5155
133337000,3403.8042,1744100,18654700,4799363200,60814367900,3398.9265,3427.5705,3375.1441,3467.5155
133343000,3404.1269,2638600,21451900,4802001800,60835819800,3398.9265,3427.5705,3375.1441,3467.5155
133348000,3404.3215,1245400,18596000,4803247200,60854415800,3398.9265,3427.5705,3375.1441,3467.5155
133352000,3404.0309,1065200,14288000,4804312400,60868703800,3398.9265,3427.5705,3375.1441,3467.5155
133358000,3404.2408,1542600,22615500,4805855000,60891319300,3398.9265,3427.5705,3375.1441,3467.5155
133403000,3403.9944,941800,13433900,4806796800,60904753200,3398.9265,3427.5705,3375.1441,3467.5155
133407000,3403.6183,1134600,15471500,4807931400,60920224700,3398.9265,3427.5705,3375.1441,3467.5155
133413000,3403.128,1908100,27309400,4809839500,60947534100,3398.9265,3427.5705,3375.1441,3467.5155
133418000,3403.2113,1289800,15776000,4811129300,60963310100,3398.9265,3427.5705,3375.1441,3467.5155
133422000,3403.5593,1036700,11539200,4812166000,60974849300,3398.9265,3427.5705,3375.1441,3467.5155
133428000,3404.0307,1803500,21562900,4813969500,60996412200,3398.9265,3427.5705,3375.1441,3467.5155
133433000,3403.8722,1872300,18434800,4815841800,61014847000,3398.9265,3427.5705,3375.1441,3467.5155
133437000,3403.7117,1303300,16994200,4817145100,61031841200,3398.9265,3427.5705,3375.1441,3467.5155
133443000,3403.881,1146500,15321900,4818291600,61047163100,3398.9265,3427.5705,3375.1441,3467.5155
133448000,3403.2901,1418900,26384000,4819710500,61073547100,3398.9265,3427.5705,3375.1441,3467.5155
133452000,3403.2201,1497000,17916600,4821207500,61091463700,3398.9265,3427.5705,3375.1441,3467.5155
133458000,3402.9688,2217400,25014300,4823424900,61116478000,3398.9265,3427.5705,3375.1441,3467.5155
133503000,3403.289,922600,17284300,4824347500,61133762300,3398.9265,3427.5705,3375.1441,3467.5155
133507000,3402.301,1428800,20580700,4825776300,61154343000,3398.9265,3427.5705,3375.1441,3467.5155
133513000,3402.1816,1119400,14032100,4826895700,61168375100,3398.9265,3427.5705,3375.1441,3467.5155
133518000,3402.337,1496900,17122200,4828392600,61185497300,3398.9265,3427.5705,3375.1441,3467.5155
133522000,3402.1402,1457100,16308000,4829849700,61201805300,3398.9265,3427.5705,3375.1441,3467.5155
133528000,3402.1826,2372900,29173600,4832222600,61230978900,3398.9265,3427.5705,3375.1441,3467.5155
133533000,3402.1365,1444400,16074900,4833667000,61247053800,3398.9265,3427.5705,3375.1441,3467.5155
133537000,3401.7142,1659000,18525500,4835326000,61265579300,3398.9265,3427.5705,3375.1441,3467.5155
133543000,3401.7764,1315400,13666000,4836641400,61279245300,3398.9265,3427.5705,3375.1441,3467.5155
133548000,3401.8663,2501200,27163500,4839142600,61306408800,3398.9265,3427.5705,3375.1441,3467.5155
133554000,3400.9842,3356500,37236600,4842499100,61343645400,3398.9265,3427.5705,3375.1441,3467.5155
133558000,3400.6521,3550500,26119100,4846049600,61369764500,3398.9265,3427.5705,3375.1441,3467.5155
133604000,3400.7256,3275500,35125600,4849325100,61404890100,3398.9265,3427.5705,3375.1441,3467.5155
133609000,3400.1699,2443200,25688600,4851768300,61430578700,3398.9265,3427.5705,3375.1441,3467.5155
133613000,3399.4889,5066500,47140500,4856834800,61477719200,3398.9265,3427.5705,3375.1441,3467.5155
133619000,3399.5656,2581300,31196700,4859416100,61508915900,3398.9265,3427.5705,3375.1441,3467.5155
133624000,3399.5407,3037900,31633800,4862454000,61540549700,3398.9265,3427.5705,3375.1441,3467.5155
133628000,3399.8636,3176200,34803800,4865630200,61575353500,3398.9265,3427.5705,3375.1441,3467.5155
133634000,3399.3116,3781100,39806200,4869411300,61615159700,3398.9265,3427.5705,3375.1441,3467.5155
133639000,3398.8512,2912900,22486300,4872324200,61637646000,3398.9265,3427.5705,3375.1441,3467.5155
133643000,3399.3062,2298000,32091600,4874622200,61669737600,3398.9265,3427.5705,3375.1441,3467.5155
133649000,3398.7959,2559200,23422000,4877181400,61693159600,3398.9265,3427.5705,3375.1441,3467.5155
133654000,3398.2083,3546700,34234600,4880728100,61727394200,3398.9265,3427.5705,3375.1441,3467.5155
133658000,3397.9234,2681900,32894500,4883410000,61760288700,3398.9265,3427.5705,3375.1441,3467.5155
133704000,3397.807,3720700,35762100,4887130700,61796050800,3398.9265,3427.5705,3375.1441,3467.5155
133709000,3397.9013,1792900,20047500,4888923600,61816098300,3398.9265,3427.5705,3375.1441,3467.5155
133713000,3397.3864,3644100,43115700,4892567700,61859214000,3398.9265,3427.5705,3375.1441,3467.5155
133719000,3397.0689,2336100,27949100,4894903800,61887163100,3398.9265,3427.5705,3375.1441,3467.5155
133724000,3397.231,3682200,35607000,4898586000,61922770100,3398.9265,3427.5705,3375.1441,3467.5155
133728000,3397.2379,2279500,31421500,4900865500,61954191600,3398.9265,3427.5705,3375.1441,3467.5155
133734000,3396.7776,2729400,32842900,4903594900,61987034500,3398.9265,3427.5705,3375.1441,3467.5155
133739000,3396.7822,1398400,19155200,4904993300,62006189700,3398.9265,3427.5705,3375.1441,3467.5155
133743000,3396.6904,3002000,37469700,4907995300,62043659400,3398.9265,3427.5705,3375.1441,3467.5155
133749000,3396.8956,2400800,25731200,4910396100,62069390600,3398.9265,3427.5705,3375.1441,3467.5155
133754000,3396.7885,2822700,31917000,4913218800,62101307600,3398.9265,3427.5705,3375.1441,3467.5155
133758000,3396.2849,2180900,25998700,4915399700,62127306300,3398.9265,3427.5705,3375.1441,3467.5155
133804000,3396.4219,3404600,36702100,4918804300,62164008400,3398.9265,3427.5705,3375.1441,3467.5155
133809000,3396.1466,2531900,21736500,4921336200,62185744900,3398.9265,3427.5705,3375.1441,3467.5155
133813000,3396.0569,1672100,24500000,4923008300,62210244900,3398.9265,3427.5705,3375.1441,3467.5155
133819000,3396.0305,2696000,30179700,4925704300,62240424600,3398.9265,3427.5705,3375.1441,3467.5155
133824000,3395.9055,3059300,33895200,4928763600,62274319800,3398.9265,3427.5705,3375.1441,3467.5155
133828000,3396.4619,2359300,32113700,4931122900,62306433500,3398.9265,3427.5705,3375.1441,3467.5155
133834000,3395.6349,3358700,39114900,4934481600,62345548400,3398.9265,3427.5705,3375.1441,3467.5155
133839000,3395.8913,943900,12577800,4935425500,62358126200,3398.9265,3427.5705,3375.1441,3467.5155
133843000,3396.1402,2001600,22583700,4937427100,62380709900,3398.9265,3427.5705,3375.1441,3467.5155
133849000,3395.8047,1663900,19786300,4939091000,62400496200,3398.9265,3427.5705,3375.1441,3467.5155
133854000,3396.0927,2848900,26591900,4941939900,62427088100,3398.9265,3427.5705,3375.1441,3467.5155
133858000,3395.7408,2375700,24341800,4944315600,62451429900,3398.9265,3427.5705,3375.1441,3467.5155
133904000,3395.9375,3563400,31425100,4947879000,62482855000,3398.9265,3427.5705,3375.1441,3467.5155
133909000,3396.0655,1744900,18036200,4949623900,62500891200,3398.9265,3427.5705,3375.1441,3467.5155
133913000,3395.631,2268500,35164500,4951892400,62536055700,3398.9265,3427.5705,3375.1441,3467.5155
133919000,3395.6145,1896900,21763700,4953789300,62557819400,3398.9265,3427.5705,3375.1441,3467.5155
133924000,3394.9325,3010400,28908500,4956799700,62586727900,3398.9265,3427.5705,3375.1441,3467.5155
133928000,3394.7434,2032800,21899000,4958832500,62608626900,3398.9265,3427.5705,3375.1441,3467.5155
133934000,3395.405,2406700,28977100,4961239200,62637604000,3398.9265,3427.5705,3375.1441,3467.5155
133939000,3395.1763,1802200,21140400,4963041400,62658744400,3398.9265,3427.5705,3375.1441,3467.5155
133943000,3395.5536,2453200,29789300,4965494600,62688533700,3398.9265,3427.5705,3375.1441,3467.5155
133949000,3395.762,3953600,34835100,4969448200,62723368800,3398.9265,3427.5705,3375.1441,3467.5155
133954000,3395.3256,3254400,23053100,4972702600,62746421900,3398.9265,3427.5705,3375.1441,3467.5155
134000000,3395.0177,2606100,29940500,4975308700,62776362400,3398.9265,3427.5705,3375.1441,3467.5155
134004000,3395.126,2692100,27630500,4978000800,62803992900,3398.9265,3427.5705,3375.1441,3467.5155
134010000,3394.9163,2596800,24105700,4980597600,62828098600,3398.9265,3427.5705,3375.1441,3467.5155
134015000,3395.2414,1827400,17975000,4982425000,62846073600,3398.9265,3427.5705,3375.1441,3467.5155
134019000,3395.0357,2409500,22107600,4984834500,62868181200,3398.9265,3427.5705,3375.1441,3467.5155
134025000,3395.1127,1817100,20994600,4986651600,62889175800,3398.9265,3427.5705,3375.1441,3467.5155
134030000,3395.8036,1959500,22753100,4988611100,62911928900,3398.9265,3427.5705,3375.1441,3467.5155
134034000,3395.5688,2114300,27455400,4990725400,62939384300,3398.9265,3427.5705,3375.1441,3467.5155
134040000,3395.3877,2475800,30112700,4993201200,62969497000,3398.9265,3427.5705,3375.1441,3467.5155
134045000,3395.6451,1083900,14891200,4994285100,62984388200,3398.9265,3427.5705,3375.1441,3467.5155
134049000,3395.5157,1579400,17565200,4995864500,63001953400,3398.9265,3427.5705,3375.1441,3467.5155
134055000,3395.5178,1475200,17386600,4997339700,63019340000,3398.9265,3427.5705,3375.1441,3467.5155
134100000,3395.3194,1999000,22656400,4999338700,63041996400,3398.9265,3427.5705,3375.1441,3467.5155
134104000,3395.506,2112300,23494800,5001451000,63065491200,3398.9265,3427.5705,3375.1441,3467.5155
134110000,3395.0449,2390100,28818300,5003841100,63094309500,3398.9265,3427.5705,3375.1441,3467.5155
134115000,3395.0878,1598400,15604300,5005439500,63109913800,3398.9265,3427.5705,3375.1441,3467.5155
134119000,3395.0961,3389500,29624200,5008829000,63139538000,3398.9265,3427.5705,3375.1441,3467.5155
134125000,3394.9039,2332800,23179900,5011161800,63162717900,3398.9265,3427.5705,3375.1441,3467.5155
134130000,3395.051,1668100,20378400,5012829900,63183096300,3398.9265,3427.5705,3375.1441,3467.5155
134134000,3394.8481,1507700,23367200,5014337600,63206463500,3398.9265,3427.5705,3375.1441,3467.5155
134140000,3395.2816,1822800,23581000,5016160400,63230044500,3398.9265,3427.5705,3375.1441,3467.5155
134145000,3395.4791,2042500,16582000,5018202900,63246626500,3398.9265,3427.5705,3375.1441,3467.5155
134149000,3395.6653,1299000,19542600,5019501900,63266169100,3398.9265,3427.5705,3375.1441,3467.5155
134155000,3395.2208,1495200,20536700,5020997100,63286705800,3398.9265,3427.5705,3375.1441,3467.5155
134200000,3395.1745,1786700,17012500,5022783800,63303718300,3398.9265,3427.5705,3375.1441,3467.5155
134204000,3395.432,1494900,20756200,5024278700,63324474500,3398.9265,3427.5705,3375.1441,3467.5155
134210000,3394.9028,1906000,26852600,5026184700,63351327100,3398.9265,3427.5705,3375.1441,3467.5155
134215000,3395.1748,1145600,14655000,5027330300,63365982100,3398.9265,3427.5705,3375.1441,3467.5155
134219000,3395.1952,1705200,23424200,5029035500,63389406300,3398.9265,3427.5705,3375.1441,3467.5155
134225000,3395.3426,1814600,18776000,5030850100,63408182300,3398.9265,3427.5705,3375.1441,3467.5155
134230000,3395.7359,2189800,23987500,5033039900,63432169800,3398.9265,3427.5705,3375.1441,3467.5155
134234000,3395.3931,2925300,25650100,5035965200,63457819900,3398.9265,3427.5705,3375.1441,3467.5155
134240000,3395.8305,2264800,24892600,5038230000,63482712500,3398.9265,3427.5705,3375.1441,3467.5155
134245000,3395.9763,1112300,12041500,5039342300,63494754000,3398.9265,3427.5705,3375.1441,3467.5155
134249000,3396.6098,1921000,24932500,5041263300,63519686500,3398.9265,3427.5705,3375.1441,3467.5155
134255000,3396.4698,2152500,22377500,5043415800,63542064000,3398.9265,3427.5705,3375.1441,3467.5155
134300000,3397.0185,2519900,27623900,5045935700,63569687900,3398.9265,3427.5705,3375.1441,3467.5155
134304000,3396.7468,1292200,15547200,5047227900,63585235100,3398.9265,3427.5705,3375.1441,3467.5155
134310000,3396.8263,2123600,29438700,5049351500,63614673800,3398.9265,3427.5705,3375.1441,3467.5155
134315000,3397.0194,2427600,22143900,5051779100,63636817700,3398.9265,3427.5705,3375.1441,3467.5155
134319000,3396.7624,1841200,22556500,5053620300,63659374200,3398.9265,3427.5705,3375.1441,3467.5155
134325000,3396.9342,2192700,19670400,5055813000,63679044600,3398.9265,3427.5705,3375.1441,3467.5155
134330000,3396.701,2895300,27810000,5058708300,63706854600,3398.9265,3427.5705,3375.1441,3467.5155
134334000,3396.6568,2111200,31778000,5060819500,63738632600,3398.9265,3427.5705,3375.1441,3467.5155
134340000,3396.6011,1446100,16963700,5062265600,63755596300,3398.9265,3427.5705,3375.1441,3467.5155
134345000,3396.8142,1084800,13584300,5063350400,63769180600,3398.9265,3427.5705,3375.1441,3467.5155
134351000,3396.6889,2041600,23512400,5065392000,63792693000,3398.9265,3427.5705,3375.1441,3467.5155
134355000,3396.5816,1334100,15231300,5066726100,63807924300,3398.9265,3427.5705,3375.1441,3467.5155
134401000,3397.0031,1520600,18647200,5068246700,63826571500,3398.9265,3427.5705,3375.1441,3467.5155
134406000,3396.8599,1821000,23874900,5070067700,63850446400,3398.9265,3427.5705,3375.1441,3467.5155
134410000,3396.8354,1709300,24483000,5071777000,63874929400,3398.9265,3427.5705,3375.1441,3467.5155
134416000,3396.479,1387100,19848300,5073164100,63894777700,3398.9265,3427.5705,3375.1441,3467.5155
134421000,3396.1918,1391500,12800500,5074555600,63907578200,3398.9265,3427.5705,3375.1441,3467.5155
134425000,3396.0807,1495000,19773000,5076050600,63927351200,3398.9265,3427.5705,3375.1441,3467.5155
134431000,3396.879,2208200,25266500,5078258800,63952617700,3398.9265,3427.5705,3375.1441,3467.5155
134436000,3396.9043,1986800,17865100,5080245600,63970482800,3398.9265,3427.5705,3375.1441,3467.5155
134440000,3396.7957,1680700,18584000,5081926300,63989066800,3398.9265,3427.5705,3375.1441,3467.5155
134446000,3396.9826,1712100,23913500,5083638400,64012980300,3398.9265,3427.5705,3375.1441,3467.5155
134451000,3397.1791,788300,8534800,5084426700,64021515100,3398.9265,3427.5705,3375.1441,3467.5155
134455000,3396.9357,1225900,13153300,5085652600,64034668400,3398.9265,3427.5705,3375.1441,3467.5155
134501000,3396.7926,1413900,15966000,5087066500,64050634400,3398.9265,3427.5705,3375.1441,3467.5155
134506000,3396.4596,1982100,18678400,5089048600,64069312800,3398.9265,3427.5705,3375.1441,3467.5155
134510000,3396.7658,1100200,14856300,5090148800,64084169100,3398.9265,3427.5705,3375.1441,3467.5155
134516000,3396.5809,1669500,20590500,5091818300,64104759600,3398.9265,3427.5705,3375.1441,3467.5155
134521000,3396.3527,1002200,10906300,5092820500,64115665900,3398.9265,3427.5705,3375.1441,3467.5155
134525000,3396.0301,1180500,16109600,5094001000,64131775500,3398.9265,3427.5705,3375.1441,3467.5155
134531000,3396.2974,1225400,15866600,5095226400,64147642100,3398.9265,3427.5705,3375.1441,3467.5155
134536000,3396.4784,1956000,21882400,5097182400,64169524500,3398.9265,3427.5705,3375.1441,3467.5155
134540000,3396.384,1418400,18365400,5098600800,64187889900,3398.9265,3427.5705,3375.1441,3467.5155
134546000,3396.7273,1977000,22746500,5100577800,64210636400,3398.9265,3427.5705,3375.1441,3467.5155
134551000,3396.4682,1035300,10550500,5101613100,64221186900,3398.9265,3427.5705,3375.1441,3467.5155
134555000,3396.0755,1996300,25691400,5103609400,64246878300,3398.9265,3427.5705,3375.1441,3467.5155
134601000,3396.0172,1136500,14431100,5104745900,64261309400,3398.9265,3427.5705,3375.1441,3467.5155
134606000,3395.9297,1593700,17605900,5106339600,64278915300,3398.9265,3427.5705,3375.1441,3467.5155
134610000,3395.6607,1135200,16334400,5107474800,64295249700,3398.9265,3427.5705,3375.1441,3467.5155
134616000,3395.852,1598300,21167600,5109073100,64316417300,3398.9265,3427.5705,3375.1441,3467.5155
134621000,3395.3565,928900,10248100,5110002000,64326665400,3398.9265,3427.5705,3375.1441,3467.5155
134625000,3395.5245,1318600,17186400,5111320600,64343851800,3398.9265,3427.5705,3375.1441,3467.5155
134631000,3395.9359,1898400,17419400,5113219000,64361271200,3398.9265,3427.5705,3375.1441,3467.5155
134636000,3395.6462,1786500,19752000,5115005500,64381023200,3398.9265,3427.5705,3375.1441,3467.5155
134640000,3395.5807,1401900,18334300,5116407400,64399357500,3398.9265,3427.5705,3375.1441,3467.5155
134646000,3395.8689,1220000,18122500,5117627400,64417480000,3398.9265,3427.5705,3375.1441,3467.5155
134651000,3395.8116,1087600,10685800,5118715000,64428165800,3398.9265,3427.5705,3375.1441,3467.5155
134655000,3395.6425,1772400,19033700,5120487400,64447199500,3398.9265,3427.5705,3375.1441,3467.5155
134701000,3395.5639,1611600,17410100,5122099000,64464609600,3398.9265,3427.5705,3375.1441,3467.5155
134706000,3395.5631,1308500,14516600,5123407500,64479126200,3398.9265,3427.5705,3375.1441,3467.5155
134710000,3395.5325,1550400,16925200,5124957900,64496051400,3398.9265,3427.5705,3375.1441,3467.5155
134716000,3395.1218,2327100,28366200,5127285000,64524417600,3398.9265,3427.5705,3375.1441,3467.5155
134721000,3395.2856,2403000,19195600,5129688000,64543613200,3398.9265,3427.5705,3375.1441,3467.5155
134725000,3394.9163,2471100,29719700,5132159100,64573332900,3398.9265,3427.5705,3375.1441,3467.5155
134731000,3394.6918,1476500,20868500,5133635600,64594201400,3398.9265,3427.5705,3375.1441,3467.5155
134736000,3394.6536,1358300,16630300,5134993900,64610831700,3398.9265,3427.5705,3375.1441,3467.5155
134740000,3394.4884,1576800,22913000,5136570700,64633744700,3398.9265,3427.5705,3375.1441,3467.5155
134746000,3394.9995,1934700,24524500,5138505400,64658269200,3398.9265,3427.5705,3375.1441,3467.5155
134751000,3395.0126,1845600,18236800,5140351000,64676506000,3398.9265,3427.5705,3375.1441,3467.5155
134755000,3394.445,2291300,25404700,5142642300,64701910700,3398.9265,3427.5705,3375.1441,3467.5155
134801000,3394.8668,1994300,22172000,5144636600,64724082700,3398.9265,3427.5705,3375.1441,3467.5155
134806000,3394.8684,1686500,24525400,5146323100,64748608100,3398.9265,3427.5705,3375.1441,3467.5155
134812000,3395.2683,2825400,33025700,5149148500,64781633800,3398.9265,3427.5705,3375.1441,3467.5155
134816000,3395.4083,2008000,26544400,5151156500,64808178200,3398.9265,3427.5705,3375.1441,3467.5155
134822000,3396.7597,4286900,40956600,5155443400,64849134800,3398.9265,3427.5705,3375.1441,3467.5155
134827000,3396.8243,1994700,25052500,5157438100,64874187300,3398.9265,3427.5705,3375.1441,3467.5155
134831000,3397.2158,3702100,45952400,5161140200,64920139700,3398.9265,3427.5705,3375.1441,3467.5155
134837000,3397.9298,3752500,45261300,5164892700,64965401000,3398.9265,3427.5705,3375.1441,3467.5155
134842000,3397.8593,3347500,43483400,5168240200,65008884400,3398.9265,3427.5705,3375.1441,3467.5155
134846000,3399.0982,2276600,29972100,5170516800,65038856500,3398.9265,3427.5705,3375.1441,3467.5155
134852000,3398.9049,2299300,29002500,5172816100,65067859000,3398.9265,3427.5705,3375.1441,3467.5155
134857000,3398.8848,1982900,18520400,5174799000,65086379400,3398.9265,3427.5705,3375.1441,3467.5155
134901000,3398.7379,1774500,19249600,5176573500,65105629000,3398.9265,3427.5705,3375.1441,3467.5155
134907000,3398.9727,1654200,21402000,5178227700,65127031000,3398.9265,3427.5705,3375.1441,3467.5155
134912000,3398.7844,1590200,21115200,5179817900,65148146200,3398.9265,3427.5705,3375.1441,3467.5155
134916000,3398.9473,2210800,23937900,5182028700,65172084100,3398.9265,3427.5705,3375.1441,3467.5155
134922000,3399.0952,1695200,19064900,5183723900,65191149000,3398.9265,3427.5705,3375.1441,3467.5155
134927000,3399.3186,975900,11419700,5184699800,65202568700,3398.9265,3427.5705,3375.1441,3467.5155
134931000,3399.0812,1250800,16939700,5185950600,65219508400,3398.9265,3427.5705,3375.1441,3467.5155
134937000,3399.035,1436100,13378800,5187386700,65232887200,3398.9265,3427.5705,3375.1441,3467.5155
134942000,3398.8945,1288000,14941900,5188674700,65247829100,3398.9265,3427.5705,3375.1441,3467.5155
134946000,3399.1901,1275100,17045000,5189949800,65264874100,3398.9265,3427.5705,3375.1441,3467.5155
134952000,3399.2422,2009000,21367500,5191958800,65286241600,3398.9265,3427.5705,3375.1441,3467.5155
134957000,3399.3827,925000,10445100,5192883800,65296686700,3398.9265,3427.5705,3375.1441,3467.5155
135001000,3399.2018,1176300,14648500,5194060100,65311335200,3398.9265,3427.5705,3375.1441,3467.5155
135007000,3399.1568,1146300,15232400,5195206400,65326567600,3398.9265,3427.5705,3375.1441,3467.5155
135012000,3399.4428,1193600,16761500,5196400000,65343329100,3398.9265,3427.5705,3375.1441,3467.5155
135016000,3399.0612,893400,11970800,5197293400,65355299900,3398.9265,3427.5705,3375.1441,3467.5155
135022000,3399.2808,1365800,19578600,5198659200,65374878500,3398.9265,3427.5705,3375.1441,3467.5155
135027000,3399.0384,1198900,14201400,5199858100,65389079900,3398.9265,3427.5705,3375.1441,3467.5155
135031000,3399.528,1189800,16349000,5201047900,65405428900,3398.9265,3427.5705,3375.1441,3467.5155
135037000,3399.355,1406600,14591200,5202454500,65420020100,3398.9265,3427.5705,3375.1441,3467.5155
135042000,3399.3963,1686900,19684200,5204141400,65439704300,3398.9265,3427.5705,3375.1441,3467.5155
135046000,3398.924,1137300,16811500,5205278700,65456515800,3398.9265,3427.5705,3375.1441,3467.5155
135052000,3399.2338,1168200,15794600,5206446900,65472310400,3398.9265,3427.5705,3375.1441,3467.5155
135057000,3399.2503,971100,11120900,5207418000,65483431300,3398.9265,3427.5705,3375.1441,3467.5155
135101000,3399.1006,1119900,15426700,5208537900,65498858000,3398.9265,3427.5705,3375.1441,3467.5155
135107000,3398.925,1146900,14377900,5209684800,65513235900,3398.9265,3427.5705,3375.1441,3467.5155
135112000,3399.161,1325300,15074200,5211010100,65528310100,3398.9265,3427.5705,3375.1441,3467.5155
135116000,3399.2638,1071800,13489600,5212081900,65541799700,3398.9265,3427.5705,3375.1441,3467.5155
135122000,3399.1875,2478500,20788800,5214560400,65562588500,3398.9265,3427.5705,3375.1441,3467.5155
135127000,3398.829,1944500,11671300,5216504900,65574259800,3398.9265,3427.5705,3375.1441,3467.5155
135131000,3398.7137,929100,15679100,5217434000,65589938900,3398.9265,3427.5705,3375.1441,3467.5155
135137000,3398.6787,1138900,15277500,5218572900,65605216400,3398.9265,3427.5705,3375.1441,3467.5155
135142000,3398.382,1315600,13869100,5219888500,65619085500,3398.9265,3427.5705,3375.1441,3467.5155
135146000,3398.5007,879800,11370500,5220768300,65630456000,3398.9265,3427.5705,3375.1441,3467.5155
135152000,3398.7973,2188300,25641700,5222956600,65656097700,3398.9265,3427.5705,3375.1441,3467.5155
135157000,3398.5514,912500,8811400,5223869100,65664909100,3398.9265,3427.5705,3375.1441,3467.5155
135201000,3398.5205,1064600,15504200,5224933700,65680413300,3398.9265,3427.5705,3375.1441,3467.5155
135207000,3398.0116,1027100,12856600,5225960800,65693269900,3398.9265,3427.5705,3375.1441,3467.5155
135213000,3398.389,1418600,18418600,5227379400,65711688500,3398.9265,3427.5705,3375.1441,3467.5155
135216000,3398.5256,2175000,17777200,5229554400,65729465700,3398.9265,3427.5705,3375.1441,3467.5155
135222000,3398.6182,2145900,22626200,5231700300,65752091900,3398.9265,3427.5705,3375.1441,3467.5155
135228000,3398.6015,1303500,17517600,5233003800,65769609500,3398.9265,3427.5705,3375.1441,3467.5155
135233000,3398.5547,850600,9897600,5233854400,65779507100,3398.9265,3427.5705,3375.1441,3467.5155
135237000,3398.2022,1062400,11806500,5234916800,65791313600,3398.9265,3427.5705,3375.1441,3467.5155
135243000,3398.0826,954800,10175100,5235871600,65801488700,3398.9265,3427.5705,3375.1441,3467.5155
135248000,3398.3374,1192500,15124600,5237064100,65816613300,3398.9265,3427.5705,3375.1441,3467.5155
135252000,3398.5797,1506200,17897800,5238570300,65834511100,3398.9265,3427.5705,3375.1441,3467.5155
135258000,3398.3072,1713700,23718000,5240284000,65858229100,3398.9265,3427.5705,3375.1441,3467.5155
135303000,3397.9393,998100,10188500,5241282100,65868417600,3398.9265,3427.5705,3375.1441,3467.5155
135307000,3397.8665,1447200,18892800,5242729300,65887310400,3398.9265,3427.5705,3375.1441,3467.5155
135313000,3397.6239,1291500,14028400,5244020800,65901338800,3398.9265,3427.5705,3375.1441,3467.5155
135318000,3397.7555,1354500,14813500,5245375300,65916152300,3398.9265,3427.5705,3375.1441,3467.5155
135322000,3397.7477,1847000,19369000,5247222300,65935521300,3398.9265,3427.5705,3375.1441,3467.5155
135328000,3397.6088,1650100,18173700,5248872400,65953695000,3398.9265,3427.5705,3375.1441,3467.5155
135333000,3397.3082,1614200,17355300,5250486600,65971050300,3398.9265,3427.5705,3375.1441,3467.5155
135337000,3397.6292,1643300,15931100,5252129900,65986981400,3398.9265,3427.5705,3375.1441,3467.5155
135343000,3397.6743,960000,13944300,5253089900,66000925700,3398.9265,3427.5705,3375.1441,3467.5155
135348000,3397.3047,1240700,13336300,5254330600,66014262000,3398.9265,3427.5705,3375.1441,3467.5155
135352000,3397.3537,1070600,13451400,5255401200,66027713400,3398.9265,3427.5705,3375.1441,3467.5155
135358000,3397.4996,1215400,16182400,5256616600,66043895800,3398.9265,3427.5705,3375.1441,3467.5155
135403000,3397.1154,778500,10863700,5257395100,66054759500,3398.9265,3427.5705,3375.1441,3467.5155
135407000,3396.6223,1284200,15106400,5258679300,66069865900,3398.9265,3427.5705,3375.1441,3467.5155
135413000,3396.6675,1195700,17276300,5259875000,66087142200,3398.9265,3427.5705,3375.1441,3467.5155
135418000,3396.6376,1088500,13353100,5260963500,66100495300,3398.9265,3427.5705,3375.1441,3467.5155
135422000,3396.5958,1208900,14860200,5262172400,66115355500,3398.9265,3427.5705,3375.1441,3467.5155
135428000,3396.8791,2161200,25467900,5264333600,66140823400,3398.9265,3427.5705,3375.1441,3467.5155
135433000,3396.4874,1311000,16389900,5265644600,66157213300,3398.9265,3427.5705,3375.1441,3467.5155
135437000,3395.8883,1678100,19693000,5267322700,66176906300,3398.9265,3427.5705,3375.1441,3467.5155
135443000,3396.075,1392400,15288400,5268715100,66192194700,3398.9265,3427.5705,3375.1441,3467.5155
135448000,3396.2439,3760500,40057700,5272475600,66232252400,3398.9265,3427.5705,3375.1441,3467.5155
135452000,3396.164,3221600,38181600,5275697200,66270434000,3398.9265,3427.5705,3375.1441,3467.5155
135458000,3395.7229,2348500,26344000,5278045700,66296778000,3398.9265,3427.5705,3375.1441,3467.5155
135503000,3395.6976,1558500,16324800,5279604200,66313102800,3398.9265,3427.5705,3375.1441,3467.5155
135507000,3395.3267,2505000,27851100,5282109200,66340953900,3398.9265,3427.5705,3375.1441,3467.5155
135513000,3395.2571,2872500,38302200,5284981700,66379256100,3398.9265,3427.5705,3375.1441,3467.5155
135518000,3394.9482,1445000,19899800,5286426700,66399155900,3398.9265,3427.5705,3375.1441,3467.5155
135522000,3394.72,1849700,24692600,5288276400,66423848500,3398.9265,3427.5705,3375.1441,3467.5155
135528000,3394.3502,2567700,30464000,5290844100,66454312500,3398.9265,3427.5705,3375.1441,3467.5155
135533000,3394.1942,1656200,20477300,5292500300,66474789800,3398.9265,3427.5705,3375.1441,3467.5155
135537000,3393.9516,2686600,37625700,5295186900,66512415500,3398.9265,3427.5705,3375.1441,3467.5155
135543000,3393.6228,4942900,38154200,5300129800,66550569700,3398.9265,3427.5705,3375.1441,3467.5155
135548000,3393.2078,2881100,36093100,5303010900,66586662800,3398.9265,3427.5705,3375.1441,3467.5155
135552000,3393.2931,2914500,41100200,5305925400,66627763000,3398.9265,3427.5705,3375.1441,3467.5155
135558000,3392.6335,4103100,48539800,5310028500,66676302800,3398.9265,3427.5705,3375.1441,3467.5155
135603000,3392.493,3124800,34569000,5313153300,66710871800,3398.9265,3427.5705,3375.1441,3467.5155
135607000,3392.3508,4236300,47027500,5317389600,66757899300,3398.9265,3427.5705,3375.1441,3467.5155
135613000,3392.4,3198200,34576200,5320587800,66792475500,3398.9265,3427.5705,3375.1441,3467.5155
135618000,3391.8217,3384900,42658200,5323972700,66835133700,3398.9265,3427.5705,3375.1441,3467.5155
135624000,3391.4869,4307300,44286700,5328280000,66879420400,3398.9265,3427.5705,3375.1441,3467.5155
135628000,3391.5397,2722600,36136200,5331002600,66915556600,3398.9265,3427.5705,3375.1441,3467.5155
135634000,3391.3448,4038000,46668500,5335040600,66962225100,3398.9265,3427.5705,3375.1441,3467.5155
135639000,3391.0444,2049800,24384400,5337090400,66986609500,3398.9265,3427.5705,3375.1441,3467.5155
135643000,3391.1979,3869800,49149800,5340960200,67035759300,3398.9265,3427.5705,3375.1441,3467.5155
135649000,3390.9452,3343900,33669900,5344304100,67069429200,3398.9265,3427.5705,3375.1441,3467.5155
135654000,3390.6949,2540500,38021500,5346844600,67107450700,3398.9265,3427.5705,3375.1441,3467.5155
135658000,3390.6915,2977400,34523100,5349822000,67141973800,3398.9265,3427.5705,3375.1441,3467.5155
135704000,3390.438,3093100,39616000,5352915100,67181589800,3398.9265,3427.5705,3375.1441,3467.5155
135709000,3391.2596,3111100,42367600,5356026200,67223957400,3398.9265,3427.5705,3375.1441,3467.5155
135713000,3390.1745,3480600,79476900,5359506800,67303434300,3398.9265,3427.5705,3375.1441,3467.5155
135719000,3390.6467,3166900,62916800,5362673700,67366351100,3398.9265,3427.5705,3375.1441,3467.5155
135724000,3390.8758,3885400,47620900,5366559100,67413972000,3398.9265,3427.5705,3375.1441,3467.5155
135728000,3391.009,3704000,47173100,5370263100,67461145100,3398.9265,3427.5705,3375.1441,3467.5155
135734000,3390.5392,3677600,32891200,5373940700,67494036300,3398.9265,3427.5705,3375.1441,3467.5155
135739000,3389.9028,2455200,39911800,5376395900,67533948100,3398.9265,3427.5705,3375.1441,3467.5155
135743000,3389.7852,1959500,25559400,5378355400,67559507500,3398.9265,3427.5705,3375.1441,3467.5155
135749000,3391.0666,3279700,46049500,5381635100,67605557000,3398.9265,3427.5705,3375.1441,3467.5155
135754000,3390.3673,3507100,36388900,5385142200,67641945900,3398.9265,3427.5705,3375.1441,3467.5155
135758000,3390.2404,2416800,27770000,5387559000,67669715900,3398.9265,3427.5705,3375.1441,3467.5155
135804000,3389.8105,3394600,39528800,5390953600,67709244700,3398.9265,3427.5705,3375.1441,3467.5155
135809000,3390.0336,1992100,27143400,5392945700,67736388100,3398.9265,3427.5705,3375.1441,3467.5155
135813000,3389.6992,1934000,21622800,5394879700,67758010900,3398.9265,3427.5705,3375.1441,3467.5155
135819000,3389.8336,2699700,33940600,5397579400,67791951500,3398.9265,3427.5705,3375.1441,3467.5155
135824000,3389.8657,2326200,23384800,5399905600,67815336300,3398.9265,3427.5705,3375.1441,3467.5155
135828000,3390.1001,2354600,27033800,5402260200,67842370100,3398.9265,3427.5705,3375.1441,3467.5155
135834000,3389.6629,3860700,44595200,5406120900,67886965300,3398.9265,3427.5705,3375.1441,3467.5155
135839000,3390.1067,1942900,20607700,5408063800,67907573000,3398.9265,3427.5705,3375.1441,3467.5155
135843000,3389.6936,2087600,26352900,5410151400,67933925900,3398.9265,3427.5705,3375.1441,3467.5155
135849000,3389.3926,3166400,29502700,5413317800,67963428600,3398.9265,3427.5705,3375.1441,3467.5155
135854000,3389.4636,4766800,37854800,5418084600,68001283400,3398.9265,3427.5705,3375.1441,3467.5155
135858000,3389.1509,4213600,36468700,5422298200,68037752100,3398.9265,3427.5705,3375.1441,3467.5155
135904000,3389.0727,2876400,33414900,5425174600,68071167000,3398.9265,3427.5705,3375.1441,3467.5155
135909000,3389.0103,1177800,15376800,5426352400,68086543800,3398.9265,3427.5705,3375.1441,3467.5155
135913000,3388.9265,2015200,26552300,5428367600,68113096100,3398.9265,3427.5705,3375.1441,3467.5155
135919000,3389.2215,1908600,21997400,5430276200,68135093500,3398.9265,3427.5705,3375.1441,3467.5155
135924000,3388.9887,1796300,19418000,5432072500,68154511500,3398.9265,3427.5705,3375.1441,3467.5155
135928000,3388.7421,1961900,23856800,5434034400,68178368300,3398.9265,3427.5705,3375.1441,3467.5155
135934000,3389.9506,3327500,42666700,5437361900,68221035000,3398.9265,3427.5705,3375.1441,3467.5155
135939000,3390.0378,2873900,32870900,5440235800,68253905900,3398.9265,3427.5705,3375.1441,3467.5155
135943000,3390.5092,3038000,34202600,5443273800,68288108500,3398.9265,3427.5705,3375.1441,3467.5155
135949000,3390.7059,2690900,34051300,5445964700,68322159800,3398.9265,3427.5705,3375.1441,3467.5155
135954000,3390.6145,3016500,39270700,5448981200,68361430500,3398.9265,3427.5705,3375.1441,3467.5155
135958000,3390.5748,2564600,31567800,5451545800,68392998300,3398.9265,3427.5705,3375.1441,3467.5155
140004000,3390.9578,2653300,32780500,5454199100,68425778800,3398.9265,3427.5705,3375.1441,3467.5155
140009000,3390.5278,1338900,17820700,5455538000,68443599500,3398.9265,3427.5705,3375.1441,3467.5155
140013000,3390.6682,1814000,18683900,5457352000,68462283400,3398.9265,3427.5705,3375.1441,3467.5155
140019000,3390.5016,2365900,21507900,5459717900,68483791300,3398.9265,3427.5705,3375.1441,3467.5155
140024000,3390.7351,2016300,21975200,5461734200,68505766500,3398.9265,3427.5705,3375.1441,3467.5155
140030000,3390.5665,4022300,32555800,5465756500,68538322300,3398.9265,3427.5705,3375.1441,3467.5155
140034000,3390.6107,1964500,23574500,5467721000,68561896800,3398.9265,3427.5705,3375.1441,3467.5155
140040000,3390.4534,2665400,30226900,5470386400,68592123700,3398.9265,3427.5705,3375.1441,3467.5155
140045000,3390.4637,1114000,12763300,5471500400,68604887000,3398.9265,3427.5705,3375.1441,3467.5155
140049000,3390.3501,2296200,30419000,5473796600,68635306000,3398.9265,3427.5705,3375.1441,3467.5155
140055000,3390.0796,1681700,20542000,5475478300,68655848000,3398.9265,3427.5705,3375.1441,3467.5155
140100000,3390.2831,1617000,20756300,5477095300,68676604300,3398.9265,3427.5705,3375.1441,3467.5155
140104000,3389.4466,1699300,23490100,5478794600,68700094400,3398.9265,3427.5705,3375.1441,3467.5155
140110000,3389.5885,2529600,25755100,5481324200,68725849500,3398.9265,3427.5705,3375.1441,3467.5155
140115000,3389.6841,1393500,18522300,5482717700,68744371800,3398.9265,3427.5705,3375.1441,3467.5155
140119000,3389.8716,1709700,22407100,5484427400,68766778900,3398.9265,3427.5705,3375.1441,3467.5155
140125000,3390.1034,1219200,18465600,5485646600,68785244500,3398.9265,3427.5705,3375.1441,3467.5155
140130000,3389.7517,1911900,22256600,5487558500,68807501100,3398.9265,3427.5705,3375.1441,3467.5155
140134000,3389.5502,1532200,20689300,5489090700,68828190400,3398.9265,3427.5705,3375.1441,3467.5155
140140000,3389.4482,2494600,34186300,5491585300,68862376700,3398.9265,3427.5705,3375.1441,3467.5155
140145000,3390.0309,1480200,18823300,5493065500,68881200000,3398.9265,3427.5705,3375.1441,3467.5155
140149000,3389.6393,1928800,26821900,5494994300,68908021900,3398.9265,3427.5705,3375.1441,3467.5155
140155000,3389.8747,1553700,22368800,5496548000,68930390700,3398.9265,3427.5705,3375.1441,3467.5155
140200000,3390.1465,2060500,20964000,5498608500,68951354700,3398.9265,3427.5705,3375.1441,3467.5155
140204000,3389.9583,1526300,17828800,5500134800,68969183500,3398.9265,3427.5705,3375.1441,3467.5155
140210000,3390.0362,1948300,22728400,5502083100,68991911900,3398.9265,3427.5705,3375.1441,3467.5155
140215000,3389.9316,1497500,19350900,5503580600,69011262800,3398.9265,3427.5705,3375.1441,3467.5155
140219000,3389.859,5325600,40842800,5508906200,69052105600,3398.9265,3427.5705,3375.1441,3467.5155
140225000,3389.8405,4114200,24130300,5513020400,69076235900,3398.9265,3427.5705,3375.1441,3467.5155
140230000,3390.4467,1543000,21689900,5514563400,69097925800,3398.9265,3427.5705,3375.1441,3467.5155
140234000,3390.2476,1761500,24515600,5516324900,69122441400,3398.9265,3427.5705,3375.1441,3467.5155
140240000,3390.0765,2335900,29218200,5518660800,69151659600,3398.9265,3427.5705,3375.1441,3467.5155
140245000,3390.1374,1388800,15117100,5520049600,69166776700,3398.9265,3427.5705,3375.1441,3467.5155
140249000,3390.5474,1364900,17436700,5521414500,69184213400,3398.9265,3427.5705,3375.1441,3467.5155
140255000,3390.0195,1459200,17746700,5522873700,69201960100,3398.9265,3427.5705,3375.1441,3467.5155
140300000,3390.502,1541900,18518200,5524415600,69220478300,3398.9265,3427.5705,3375.1441,3467.5155
140304000,3390.2535,1595800,18719200,5526011400,69239197500,3398.9265,3427.5705,3375.1441,3467.5155
140310000,3389.8233,1847600,21854600,5527859000,69261052100,3398.9265,3427.5705,3375.1441,3467.5155
140315000,3389.8188,1042800,13355500,5528901800,69274407600,3398.9265,3427.5705,3375.1441,3467.5155
140319000,3389.9674,1237400,16384500,5530139200,69290792100,3398.9265,3427.5705,3375.1441,3467.5155
140325000,3390.0457,1835700,19148600,5531974900,69309940700,3398.9265,3427.5705,3375.1441,3467.5155
140330000,3389.9077,2406700,26324700,5534381600,69336265400,3398.9265,3427.5705,3375.1441,3467.5155
140334000,3390.0091,1503800,17945700,5535885400,69354211100,3398.9265,3427.5705,3375.1441,3467.5155
140340000,3389.7576,2076500,23463700,5537961900,69377674800,3398.9265,3427.5705,3375.1441,3467.5155
140345000,3390.1076,1146700,13608500,5539108600,69391283300,3398.9265,3427.5705,3375.1441,3467.5155
140349000,3390.0511,1666300,19646300,5540774900,69410929600,3398.9265,3427.5705,3375.1441,3467.5155
140355000,3389.7837,1661900,17811800,5542436800,69428741400,3398.9265,3427.5705,3375.1441,3467.5155
140400000,3389.5492,2036500,26006300,5544473300,69454747700,3398.9265,3427.5705,3375.1441,3467.5155
140404000,3389.2258,1662000,28247400,5546135300,69482995100,3398.9265,3427.5705,3375.1441,3467.5155
140410000,3389.0273,1654900,22342600,5547790200,69505337700,3398.9265,3427.5705,3375.1441,3467.5155
140415000,3389.027,941300,12874300,5548731500,69518212000,3398.9265,3427.5705,3375.1441,3467.5155
140419000,3389.0341,1743600,25583500,5550475100,69543795500,3398.9265,3427.5705,3375.1441,3467.5155
140425000,3388.7358,1872100,21806500,5552347200,69565602000,3398.9265,3427.5705,3375.1441,3467.5155
140430000,3389.4262,2254200,25303700,5554601400,69590905700,3398.9265,3427.5705,3375.1441,3467.5155
140434000,3388.9622,1888000,23700500,5556489400,69614606200,3398.9265,3427.5705,3375.1441,3467.5155
140440000,3388.7119,2102100,30709000,5558591500,69645315200,3398.9265,3427.5705,3375.1441,3467.5155
140445000,3389.1199,1114900,14727400,5559706400,69660042600,3398.9265,3427.5705,3375.1441,3467.5155
140451000,3388.8441,2801100,36393400,5562507500,69696436000,3398.9265,3427.5705,3375.1441,3467.5155
140455000,3388.8002,1950000,22799600,5564457500,69719235600,3398.9265,3427.5705,3375.1441,3467.5155
140501000,3388.9894,1560500,20613600,5566018000,69739849200,3398.9265,3427.5705,3375.1441,3467.5155
140506000,3388.4094,1822100,20152500,5567840100,69760001700,3398.9265,3427.5705,3375.1441,3467.5155
140510000,3388.1622,1460900,18775700,5569301000,69778777400,3398.9265,3427.5705,3375.1441,3467.5155
140516000,3388.1671,1751600,21759100,5571052600,69800536500,3398.9265,3427.5705,3375.1441,3467.5155
140521000,3388.1385,1009100,12379100,5572061700,69812915600,3398.9265,3427.5705,3375.1441,3467.5155
140525000,3388.1886,1777500,18716000,5573839200,69831631600,3398.9265,3427.5705,3375.1441,3467.5155
140531000,3388.3147,1605000,18184900,5575444200,69849816500,3398.9265,3427.5705,3375.1441,3467.5155
140536000,3387.9955,1284700,16863900,5576728900,69866680400,3398.9265,3427.5705,3375.1441,3467.5155
140540000,3388.1384,1806300,27440800,5578535200,69894121200,3398.9265,3427.5705,3375.1441,3467.5155
140546000,3387.991,2036800,26440800,5580572000,69920562000,3398.9265,3427.5705,3375.1441,3467.5155
140551000,3388.2892,1780900,18729200,5582352900,69939291200,3398.9265,3427.5705,3375.1441,3467.5155
140555000,3388.6553,1687800,23634100,5584040700,69962925300,3398.9265,3427.5705,3375.1441,3467.5155
140601000,3388.4611,1195100,15383300,5585235800,69978308600,3398.9265,3427.5705,3375.1441,3467.5155
140606000,3387.8158,2393100,29279200,5587628900,70007587800,3398.9265,3427.5705,3375.1441,3467.5155
140610000,3387.9087,1610100,21478600,5589239000,70029066400,3398.9265,3427.5705,3375.1441,3467.5155
140616000,3387.8519,1842800,25041000,5591081800,70054107400,3398.9265,3427.5705,3375.1441,3467.5155
140621000,3387.89,1303100,13544100,5592384900,70067651500,3398.9265,3427.5705,3375.1441,3467.5155
140625000,3387.8916,1751600,25724900,5594136500,70093376400,3398.9265,3427.5705,3375.1441,3467.5155
140631000,3388.0916,1678700,23146700,5595815200,70116523100,3398.9265,3427.5705,3375.1441,3467.5155
140636000,3387.7645,2169500,24116000,5597984700,70140639100,3398.9265,3427.5705,3375.1441,3467.5155
140640000,3387.5116,1677300,21806500,5599662000,70162445600,3398.9265,3427.5705,3375.1441,3467.5155
140646000,3387.4901,2054200,22924100,5601716200,70185369700,3398.9265,3427.5705,3375.1441,3467.5155
140651000,3387.8379,1627900,14369400,5603344100,70199739100,3398.9265,3427.5705,3375.1441,3467.5155
140655000,3387.5861,1943900,23593900,5605288000,70223333000,3398.9265,3427.5705,3375.1441,3467.5155
140701000,3387.6441,2090900,21113000,5607378900,70244446000,3398.9265,3427.5705,3375.1441,3467.5155
140706000,3387.1383,1685000,23356300,5609063900,70267802300,3398.9265,3427.5705,3375.1441,3467.5155
140710000,3387.3644,1950000,23250200,5611013900,70291052500,3398.9265,3427.5705,3375.1441,3467.5155
140716000,3386.868,2483000,33805800,5613496900,70324858300,3398.9265,3427.5705,3375.1441,3467.5155
140721000,3387.0002,1585400,21100200,5615082300,70345958500,3398.9265,3427.5705,3375.1441,3467.5155
140725000,3387.0525,2855800,26638400,5617938100,70372596900,3398.9265,3427.5705,3375.1441,3467.5155
140731000,3386.6172,1658900,18248300,5619597000,70390845200,3398.9265,3427.5705,3375.1441,3467.5155
140736000,3386.5977,1703100,21575100,5621300100,70412420300,3398.9265,3427.5705,3375.1441,3467.5155
140740000,3386.0285,3457300,38010900,5624757400,70450431200,3398.9265,3427.5705,3375.1441,3467.5155
140746000,3386.2945,4203400,40081800,5628960800,70490513000,3398.9265,3427.5705,3375.1441,3467.5155
140751000,3386.1853,7498900,43243800,5636459700,70533756800,3398.9265,3427.5705,3375.1441,3467.5155
140755000,3386.3968,2318500,33216100,5638778200,70566972900,3398.9265,3427.5705,3375.1441,3467.5155
140801000,3386.2124,2230200,24684200,5641008400,70591657100,3398.9265,3427.5705,3375.1441,3467.5155
140806000,3385.6616,1794300,24373700,5642802700,70616030800,3398.9265,3427.5705,3375.1441,3467.5155
140810000,3385.6309,2345800,30291800,5645148500,70646322600,3398.9265,3427.5705,3375.1441,3467.5155
140816000,3385.8142,2320500,31262400,5647469000,70677585000,3398.9265,3427.5705,3375.1441,3467.5155
140821000,3385.6224,2303800,20560900,5649772800,70698145900,3398.9265,3427.5705,3375.1441,3467.5155
140825000,3385.6816,2413000,24341100,5652185800,70722487000,3398.9265,3427.5705,3375.1441,3467.5155
140831000,3385.4407,2607100,34165700,5654792900,70756652700,3398.9265,3427.5705,3375.1441,3467.5155
140836000,3385.447,2716100,25656500,5657509000,70782309200,3398.9265,3427.5705,3375.1441,3467.5155
140840000,3385.2773,1988900,24940100,5659497900,70807249300,3398.9265,3427.5705,3375.1441,3467.5155
140846000,3385.6524,3055700,39682000,5662553600,70846931300,3398.9265,3427.5705,3375.1441,3467.5155
140852000,3385.3936,3774000,40312600,5666327600,70887243900,3398.9265,3427.5705,3375.1441,3467.5155
140857000,3385.5277,3420300,32878100,5669747900,70920122000,3398.9265,3427.5705,3375.1441,3467.5155
140901000,3385.3388,2430100,31170700,5672178000,70951292700,3398.9265,3427.5705,3375.1441,3467.5155
140907000,3384.8071,2478900,31561400,5674656900,70982854100,3398.9265,3427.5705,3375.1441,3467.5155
140912000,3385.1779,2695500,30588700,5677352400,71013442800,3398.9265,3427.5705,3375.1441,3467.5155
140916000,3384.9234,2342300,28839600,5679694700,71042282400,3398.9265,3427.5705,3375.1441,3467.5155
140922000,3384.8028,4012600,46325900,5683707300,71088608300,3398.9265,3427.5705,3375.1441,3467.5155
140927000,3384.155,3154600,27994700,5686861900,71116603000,3398.9265,3427.5705,3375.1441,3467.5155
140931000,3384.1683,2882800,35455600,5689744700,71152058600,3398.9265,3427.5705,3375.1441,3467.5155
140937000,3383.8945,3555500,37506400,5693300200,71189565000,3398.9265,3427.5705,3375.1441,3467.5155
140942000,3383.8132,3158800,44828200,5696459000,71234393200,3398.9265,3427.5705,3375.1441,3467.5155
140946000,3383.5828,3014300,42928000,5699473300,71277321200,3398.9265,3427.5705,3375.1441,3467.5155
140952000,3383.5779,4102100,48470300,5703575400,71325791500,3398.9265,3427.5705,3375.1441,3467.5155
140957000,3382.675,4909500,56229400,5708484900,71382020900,3398.9265,3427.5705,3375.1441,3467.5155
141001000,3382.6456,3926100,51955500,5712411000,71433976400,3398.9265,3427.5705,3375.1441,3467.5155
141007000,3382.2305,3866000,44443000,5716277000,71478419400,3398.9265,3427.5705,3375.1441,3467.5155
141012000,3381.736,4615700,59939600,5720892700,71538359000,3398.9265,3427.5705,3375.1441,3467.5155
141016000,3381.9539,5004800,59523100,5725897500,71597882100,3398.9265,3427.5705,3375.1441,3467.5155
141022000,3381.4631,4803400,58666400,5730700900,71656548500,3398.9265,3427.5705,3375.1441,3467.5155
141027000,3381.2971,2989400,42077500,5733690300,71698626000,3398.9265,3427.5705,3375.1441,3467.5155
141031000,3381.341,5294800,51713800,5738985100,71750339800,3398.9265,3427.5705,3375.1441,3467.5155
141037000,3381.3449,4521500,42924300,5743506600,71793264100,3398.9265,3427.5705,3375.1441,3467.5155
141042000,3380.8495,3620200,38986800,5747126800,71832250900,3398.9265,3427.5705,3375.1441,3467.5155
141046000,3380.7352,4065000,41789000,5751191800,71874039900,3398.9265,3427.5705,3375.1441,3467.5155
141052000,3380.7969,6157100,65494500,5757348900,71939534400,3398.9265,3427.5705,3375.1441,3467.5155
141057000,3380.3364,4646000,42840400,5761994900,71982374800,3398.9265,3427.5705,3375.1441,3467.5155
141101000,3380.3311,6152600,57813700,5768147500,72040188500,3398.9265,3427.5705,3375.1441,3467.5155
141107000,3379.7446,3814700,47565900,5771962200,72087754400,3398.9265,3427.5705,3375.1441,3467.5155
141112000,3379.189,4440400,42870800,5776402600,72130625200,3398.9265,3427.5705,3375.1441,3467.5155
141116000,3379.8794,3860200,44779100,5780262800,72175404300,3398.9265,3427.5705,3375.1441,3467.5155
141122000,3379.2259,5265000,55853500,5785527800,72231257800,3398.9265,3427.5705,3375.1441,3467.5155
141127000,3379.2779,3548800,43889600,5789076600,72275147400,3398.9265,3427.5705,3375.1441,3467.5155
141131000,3380.3268,4102000,50867800,5793178600,72326015200,3398.9265,3427.5705,3375.1441,3467.5155
141137000,3379.5893,2914400,39089900,5796093000,72365105100,3398.9265,3427.5705,3375.1441,3467.5155
141142000,3379.4319,5039500,54221100,5801132500,72419326200,3398.9265,3427.5705,3375.1441,3467.5155
141146000,3379.336,3382100,47607200,5804514600,72466933400,3398.9265,3427.5705,3375.1441,3467.5155
141152000,3379.2708,3933300,40554000,5808447900,72507487400,3398.9265,3427.5705,3375.1441,3467.5155
141157000,3379.1777,2317100,30587300,5810765000,72538074700,3398.9265,3427.5705,3375.1441,3467.5155
141201000,3379.2126,3149000,36735100,5813914000,72574809800,3398.9265,3427.5705,3375.1441,3467.5155
141207000,3379.2438,3645400,39838400,5817559400,72614648200,3398.9265,3427.5705,3375.1441,3467.5155
141212000,3378.8061,3731900,39129200,5821291300,72653777400,3398.9265,3427.5705,3375.1441,3467.5155
141216000,3378.8426,3208800,37284300,5824500100,72691061700,3398.9265,3427.5705,3375.1441,3467.5155
141222000,3378.7457,4189500,47883700,5828689600,72738945400,3398.9265,3427.5705,3375.1441,3467.5155
141227000,3378.5865,2642800,28843000,5831332400,72767788400,3398.9265,3427.5705,3375.1441,3467.5155
141231000,3379.175,4548600,46872400,5835881000,72814660800,3398.9265,3427.5705,3375.1441,3467.5155
141237000,3378.8474,2858900,31551600,5838739900,72846212400,3398.9265,3427.5705,3375.1441,3467.5155
141242000,3378.3825,3446100,44100300,5842186000,72890312700,3398.9265,3427.5705,3375.1441,3467.5155
141248000,3378.2738,4483200,46102800,5846669200,72936415500,3398.9265,3427.5705,3375.1441,3467.5155
141252000,3378.4341,4804200,42322400,5851473400,72978737900,3398.9265,3427.5705,3375.1441,3467.5155
141258000,3378.0549,4066000,45085000,5855539400,73023822900,3398.9265,3427.5705,3375.1441,3467.5155
141303000,3378.1583,2448300,30318300,5857987700,73054141200,3398.9265,3427.5705,3375.1441,3467.5155
141307000,3378.0339,2460200,24857500,5860447900,73078998700,3398.9265,3427.5705,3375.1441,3467.5155
141313000,3378.1949,5988400,63199800,5866436300,73142198500,3398.9265,3427.5705,3375.1441,3467.5155
141318000,3377.5652,3771800,42598900,5870208100,73184797400,3398.9265,3427.5705,3375.1441,3467.5155
141322000,3377.6966,3063200,37477800,5873271300,73222275200,3398.9265,3427.5705,3375.1441,3467.5155
141328000,3377.7262,3425200,39922900,5876696500,73262198100,3398.9265,3427.5705,3375.1441,3467.5155
141333000,3377.3893,2452800,30938000,5879149300,73293136100,3398.9265,3427.5705,3375.1441,3467.5155
141337000,3377.8879,3406500,45543400,5882555800,73338679500,3398.9265,3427.5705,3375.1441,3467.5155
141343000,3377.7396,2585500,26522600,5885141300,73365202100,3398.9265,3427.5705,3375.1441,3467.5155
141348000,3377.8801,2662600,29213300,5887803900,73394415400,3398.9265,3427.5705,3375.1441,3467.5155
141352000,3377.9793,3614900,46795500,5891418800,73441210900,3398.9265,3427.5705,3375.1441,3467.5155
141358000,3378.2202,3226700,39420700,5894645500,73480631600,3398.9265,3427.5705,3375.1441,3467.5155
141403000,3378.0656,2820000,29481200,5897465500,73510112800,3398.9265,3427.5705,3375.1441,3467.5155
141407000,3378.095,2458800,31542700,5899924300,73541655500,3398.9265,3427.5705,3375.1441,3467.5155
141413000,3378.3572,3384300,31431100,5903308600,73573086600,3398.9265,3427.5705,3375.1441,3467.5155
141418000,3378.4661,2920800,38229500,5906229400,73611316100,3398.9265,3427.5705,3375.1441,3467.5155
141422000,3378.6174,2121000,24626900,5908350400,73635943000,3398.9265,3427.5705,3375.1441,3467.5155
141428000,3378.5881,3275300,32317300,5911625700,73668260300,3398.9265,3427.5705,3375.1441,3467.5155
141433000,3378.6988,2501600,30860900,5914127300,73699121200,3398.9265,3427.5705,3375.1441,3467.5155
141437000,3378.7809,3172700,44367900,5917300000,73743489100,3398.9265,3427.5705,3375.1441,3467.5155
141443000,3378.9873,2486800,32092300,5919786800,73775581400,3398.9265,3427.5705,3375.1441,3467.5155
141448000,3379.4226,3456800,61492100,5923243600,73837073500,3398.9265,3427.5705,3375.1441,3467.5155
141452000,3379.6658,2376000,32370100,5925619600,73869443600,3398.9265,3427.5705,3375.1441,3467.5155
141458000,3379.7917,2743600,35620500,5928363200,73905064100,3398.9265,3427.5705,3375.1441,3467.5155
141503000,3380.072,1944100,31604900,5930307300,73936669000,3398.9265,3427.5705,3375.1441,3467.5155
141507000,3380.0954,2496400,33465500,5932803700,73970134500,3398.9265,3427.5705,3375.1441,3467.5155
141513000,3380.7781,2586700,31861200,5935390400,74001995700,3398.9265,3427.5705,3375.1441,3467.5155
141518000,3381.3134,2951000,36660100,5938341400,74038655800,3398.9265,3427.5705,3375.1441,3467.5155
141522000,3381.3316,2595600,30941200,5940937000,74069597000,3398.9265,3427.5705,3375.1441,3467.5155
141528000,3381.8818,3013200,31771400,5943950200,74101368400,3398.9265,3427.5705,3375.1441,3467.5155
141533000,3381.6527,1788600,19132000,5945738800,74120500400,3398.9265,3427.5705,3375.1441,3467.5155
141537000,3382.4463,2740300,36961700,5948479100,74157462100,3398.9265,3427.5705,3375.1441,3467.5155
141543000,3382.5277,1817000,24865200,5950296100,74182327300,3398.9265,3427.5705,3375.1441,3467.5155
141548000,3382.5321,1767200,24356400,5952063300,74206683700,3398.9265,3427.5705,3375.1441,3467.5155
141552000,3382.9165,2613700,29073000,5954677000,74235756700,3398.9265,3427.5705,3375.1441,3467.5155
141558000,3383.1551,2965600,33176700,5957642600,74268933400,3398.9265,3427.5705,3375.1441,3467.5155
141603000,3383.5522,1628000,18265000,5959270600,74287198400,3398.9265,3427.5705,3375.1441,3467.5155
141607000,3383.7506,2223700,29515500,5961494300,74316713900,3398.9265,3427.5705,3375.1441,3467.5155
141613000,3384.0014,2334900,28457000,5963829200,74345170900,3398.9265,3427.5705,3375.1441,3467.5155
141618000,3384.1318,2181200,30065400,5966010400,74375236300,3398.9265,3427.5705,3375.1441,3467.5155
141622000,3384.182,2351400,28586600,5968361800,74403822900,3398.9265,3427.5705,3375.1441,3467.5155
141628000,3384.5055,3363200,34315200,5971725000,74438138100,3398.9265,3427.5705,3375.1441,3467.5155
141633000,3384.8775,1445100,18818100,5973170100,74456956200,3398.9265,3427.5705,3375.1441,3467.5155
141637000,3385.0938,1818300,21138600,5974988400,74478094800,3398.9265,3427.5705,3375.1441,3467.5155
141643000,3384.7921,1828800,22365600,5976817200,74500460400,3398.9265,3427.5705,3375.1441,3467.5155
141648000,3385.2578,2013400,23554900,5978830600,74524015300,3398.9265,3427.5705,3375.1441,3467.5155
141652000,3385.2634,2062300,25347300,5980892900,74549362600,3398.9265,3427.5705,3375.1441,3467.5155
141658000,3385.7453,2195600,25373800,5983088500,74574736400,3398.9265,3427.5705,3375.1441,3467.5155
141703000,3385.5115,2046800,18137600,5985135300,74592874000,3398.9265,3427.5705,3375.1441,3467.5155
141709000,3386.0115,2436000,29318100,5987571300,74622192100,3398.9265,3427.5705,3375.1441,3467.5155
141713000,3385.6279,2828900,28983000,5990400200,74651175100,3398.9265,3427.5705,3375.1441,3467.5155
141719000,3385.9101,2072700,20188900,5992472900,74671364000,3398.9265,3427.5705,3375.1441,3467.5155
141724000,3386.2253,3385300,27501400,5995858200,74698865400,3398.9265,3427.5705,3375.1441,3467.5155
141728000,3386.2904,2081200,23933400,5997939400,74722798800,3398.9265,3427.5705,3375.1441,3467.5155
141734000,3386.2266,1540600,21569300,5999480000,74744368100,3398.9265,3427.5705,3375.1441,3467.5155
141739000,3386.4106,1290800,15140200,6000770800,74759508300,3398.9265,3427.5705,3375.1441,3467.5155
141743000,3385.8362,2094300,22124700,6002865100,74781633000,3398.9265,3427.5705,3375.1441,3467.5155
141749000,3386.3217,1535300,19898400,6004400400,74801531400,3398.9265,3427.5705,3375.1441,3467.5155
141754000,3386.2127,2040500,23388800,6006440900,74824920200,3398.9265,3427.5705,3375.1441,3467.5155
141758000,3386.7162,2671800,28229000,6009112700,74853149200,3398.9265,3427.5705,3375.1441,3467.5155
141804000,3386.8121,2394000,26303100,6011506700,74879452300,3398.9265,3427.5705,3375.1441,3467.5155
141809000,3386.8848,1287300,13987600,6012794000,74893439900,3398.9265,3427.5705,3375.1441,3467.5155
141813000,3386.7225,1682300,19290100,6014476300,74912730000,3398.9265,3427.5705,3375.1441,3467.5155
141819000,3387.094,1467300,18680000,6015943600,74931410000,3398.9265,3427.5705,3375.1441,3467.5155
141824000,3387.031,1535700,17267800,6017479300,74948677800,3398.9265,3427.5705,3375.1441,3467.5155
141828000,3387.1891,1722000,25584400,6019201300,74974262200,3398.9265,3427.5705,3375.1441,3467.5155
141834000,3387.1628,2883000,33006000,6022084300,75007268200,3398.9265,3427.5705,3375.1441,3467.5155
141839000,3387.4187,1646300,18763800,6023730600,75026032000,3398.9265,3427.5705,3375.1441,3467.5155
141843000,3386.831,2421400,26632400,6026152000,75052664400,3398.9265,3427.5705,3375.1441,3467.5155
141849000,3387.1943,2272700,21891600,6028424700,75074556000,3398.9265,3427.5705,3375.1441,3467.5155
141854000,3387.6189,1781600,21412900,6030206300,75095968900,3398.9265,3427.5705,3375.1441,3467.5155
141858000,3387.9879,1789100,23097100,6031995400,75119066000,3398.9265,3427.5705,3375.1441,3467.5155
141904000,3388.0747,1568500,24846900,6033563900,75143912900,3398.9265,3427.5705,3375.1441,3467.5155
141909000,3387.9597,949600,14458600,6034513500,75158371500,3398.9265,3427.5705,3375.1441,3467.5155
141913000,3387.6931,1425600,19351800,6035939100,75177723300,3398.9265,3427.5705,3375.1441,3467.5155
141919000,3387.7433,1255000,19401400,6037194100,75197124700,3398.9265,3427.5705,3375.1441,3467.5155
141924000,3388.0793,1569600,16626100,6038763700,75213750800,3398.9265,3427.5705,3375.1441,3467.5155
141928000,3387.7814,1540200,19065300,6040303900,75232816100,3398.9265,3427.5705,3375.1441,3467.5155
141934000,3388.1675,2149200,24760300,6042453100,75257576400,3398.9265,3427.5705,3375.1441,3467.5155
141939000,3388.4275,1233300,16515500,6043686400,75274091900,3398.9265,3427.5705,3375.1441,3467.5155
141943000,3387.8726,1741300,23021200,6045427700,75297113100,3398.9265,3427.5705,3375.1441,3467.5155
141949000,3388.2877,1164200,15040100,6046591900,75312153200,3398.9265,3427.5705,3375.1441,3467.5155
141954000,3388.55,1975500,18204600,6048567400,75330357800,3398.9265,3427.5705,3375.1441,3467.5155
141958000,3388.487,1776700,26178300,6050344100,75356536100,3398.9265,3427.5705,3375.1441,3467.5155
142004000,3388.3594,2134300,25086200,6052478400,75381622300,3398.9265,3427.5705,3375.1441,3467.5155
142009000,3388.506,1113500,11577900,6053591900,75393200200,3398.9265,3427.5705,3375.1441,3467.5155
142013000,3388.5174,1493200,20479000,6055085100,75413679200,3398.9265,3427.5705,3375.1441,3467.5155
142019000,3388.6708,1597700,15706900,6056682800,75429386100,3398.9265,3427.5705,3375.1441,3467.5155
142024000,3388.4549,1894400,23989600,6058577200,75453375700,3398.9265,3427.5705,3375.1441,3467.5155
142028000,3388.7947,1381400,17858700,6059958600,75471234400,3398.9265,3427.5705,3375.1441,3467.5155
142034000,3388.8386,2641600,28602600,6062600200,75499837000,3398.9265,3427.5705,3375.1441,3467.5155
142039000,3388.5857,1117900,16741700,6063718100,75516578700,3398.9265,3427.5705,3375.1441,3467.5155
142043000,3388.6326,1613700,21163700,6065331800,75537742400,3398.9265,3427.5705,3375.1441,3467.5155
142049000,3388.9165,1161300,15280500,6066493100,75553022900,3398.9265,3427.5705,3375.1441,3467.5155
142054000,3389.1922,1215800,19412900,6067708900,75572435800,3398.9265,3427.5705,3375.1441,3467.5155
142100000,3389.254,2090500,25604900,6069799400,75598040700,3398.9265,3427.5705,3375.1441,3467.5155
142104000,3389.0298,1930000,25473700,6071729400,75623514400,3398.9265,3427.5705,3375.1441,3467.5155
142110000,3389.0505,1817000,23895400,6073546400,75647409800,3398.9265,3427.5705,3375.1441,3467.5155
142113000,3389.1118,989800,10352800,6074536200,75657762600,3398.9265,3427.5705,3375.1441,3467.5155
142119000,3389.2084,1648000,21852600,6076184200,75679615200,3398.9265,3427.5705,3375.1441,3467.5155
142125000,3389.4207,1671300,19500500,6077855500,75699115700,3398.9265,3427.5705,3375.1441,3467.5155
142130000,3389.517,1800200,21878800,6079655700,75720994500,3398.9265,3427.5705,3375.1441,3467.5155
142134000,3389.3522,1707300,24242400,6081363000,75745236900,3398.9265,3427.5705,3375.1441,3467.5155
142140000,3389.0714,2059900,24027900,6083422900,75769264800,3398.9265,3427.5705,3375.1441,3467.5155
142145000,3388.9052,933700,11263700,6084356600,75780528500,3398.9265,3427.5705,3375.1441,3467.5155
142149000,3389.1656,1265500,17742500,6085622100,75798271000,3398.9265,3427.5705,3375.1441,3467.5155
142155000,3389.3166,1206200,16084500,6086828300,75814355500,3398.9265,3427.5705,3375.1441,3467.5155
142200000,3389.4891,1550500,20552500,6088378800,75834908000,3398.9265,3427.5705,3375.1441,3467.5155
142204000,3389.1941,2032900,25751800,6090411700,75860659800,3398.9265,3427.5705,3375.1441,3467.5155
142210000,3388.8092,1211900,18716300,6091623600,75879376100,3398.9265,3427.5705,3375.1441,3467.5155
142215000,3388.8899,1118600,13789200,6092742200,75893165300,3398.9265,3427.5705,3375.1441,3467.5155
142219000,3389.1327,1695300,24076200,6094437500,75917241500,3398.9265,3427.5705,3375.1441,3467.5155
142225000,3388.8311,1466700,20571300,6095904200,75937812800,3398.9265,3427.5705,3375.1441,3467.5155
142230000,3389.2594,1406400,18886600,6097310600,75956699400,3398.9265,3427.5705,3375.1441,3467.5155
142234000,3389.3323,2070500,23822900,6099381100,75980522300,3398.9265,3427.5705,3375.1441,3467.5155
142240000,3389.4348,1447600,19111500,6100828700,75999633800,3398.9265,3427.5705,3375.1441,3467.5155
142245000,3389.1956,1261500,15053800,6102090200,76014687600,3398.9265,3427.5705,3375.1441,3467.5155
142249000,3389.0374,2071300,21114200,6104161500,76035801800,3398.9265,3427.5705,3375.1441,3467.5155
142255000,3389.5757,1390900,18959100,6105552400,76054760900,3398.9265,3427.5705,3375.1441,3467.5155
142300000,3389.6441,1674600,26002500,6107227000,76080763400,3398.9265,3427.5705,3375.1441,3467.5155
142304000,3389.6069,1432300,24464800,6108659300,76105228200,3398.9265,3427.5705,3375.1441,3467.5155
142310000,3389.0832,1391900,23122700,6110051200,76128350900,3398.9265,3427.5705,3375.1441,3467.5155
142315000,3389.2836,1414800,18270200,6111466000,76146621100,3398.9265,3427.5705,3375.1441,3467.5155
142319000,3389.5274,1488400,21199600,6112954400,76167820700,3398.9265,3427.5705,3375.1441,3467.5155
142325000,3389.7988,1558800,16264400,6114513200,76184085100,3398.9265,3427.5705,3375.1441,3467.5155
142330000,3389.8102,1632100,20537700,6116145300,76204622800,3398.9265,3427.5705,3375.1441,3467.5155
142334000,3389.3574,1305500,20218200,6117450800,76224841000,3398.9265,3427.5705,3375.1441,3467.5155
142340000,3389.4759,2831200,23441700,6120282000,76248282700,3398.9265,3427.5705,3375.1441,3467.5155
142345000,3389.6114,1650800,19249100,6121932800,76267531800,3398.9265,3427.5705,3375.1441,3467.5155
142349000,3389.3098,2102200,22724400,6124035000,76290256200,3398.9265,3427.5705,3375.1441,3467.5155
142355000,3389.3731,1329500,15637100,6125364500,76305893300,3398.9265,3427.5705,3375.1441,3467.5155
142400000,3389.5429,1698100,26894200,6127062600,76332787500,3398.9265,3427.5705,3375.1441,3467.5155
142404000,3389.4763,1919400,26943500,6128982000,76359731000,3398.9265,3427.5705,3375.1441,3467.5155
142410000,3389.296,1840700,24892600,6130822700,76384623600,3398.9265,3427.5705,3375.1441,3467.5155
142415000,3389.117,1279300,14400100,6132102000,76399023700,3398.9265,3427.5705,3375.1441,3467.5155
142419000,3389.3384,1386100,19501000,6133488100,76418524700,3398.9265,3427.5705,3375.1441,3467.5155
142425000,3389.2148,1214600,14659300,6134702700,76433184000,3398.9265,3427.5705,3375.1441,3467.5155
142430000,3389.3913,1394800,16023000,6136097500,76449207000,3398.9265,3427.5705,3375.1441,3467.5155
142434000,3389.5727,1500200,19973000,6137597700,76469180000,3398.9265,3427.5705,3375.1441,3467.5155
142440000,3389.3058,2217300,23532500,6139815000,76492712500,3398.9265,3427.5705,3375.1441,3467.5155
142445000,3389.3936,1181300,15969600,6140996300,76508682100,3398.9265,3427.5705,3375.1441,3467.5155
142449000,3389.3003,1456900,17314000,6142453200,76525996100,3398.9265,3427.5705,3375.1441,3467.5155
142455000,3389.4793,1054300,21132800,6143507500,76547128900,3398.9265,3427.5705,3375.1441,3467.5155
142500000,3389.6066,1346000,21840700,6144853500,76568969600,3398.9265,3427.5705,3375.1441,3467.5155
142504000,3389.7491,1773100,24607900,6146626600,76593577500,3398.9265,3427.5705,3375.1441,3467.5155
142510000,3390.1311,2214000,29447500,6148840600,76623025000,3398.9265,3427.5705,3375.1441,3467.5155
142515000,3390.5345,2750300,34855000,6151590900,76657880000,3398.9265,3427.5705,3375.1441,3467.5155
142521000,3392.2836,4622000,62290800,6156212900,76720170800,3398.9265,3427.5705,3375.1441,3467.5155
142525000,3392.9953,4331900,49836100,6160544800,76770006900,3398.9265,3427.5705,3375.1441,3467.5155
142531000,3393.7392,4637400,60285300,6165182200,76830292200,3398.9265,3427.5705,3375.1441,3467.5155
142536000,3394.9038,5158400,62974700,6170340600,76893266900,3398.9265,3427.5705,3375.1441,3467.5155
142540000,3395.6008,5472900,66134900,6175813500,76959401800,3398.9265,3427.5705,3375.1441,3467.5155
142546000,3396.1977,7096400,65135200,6182909900,77024537000,3398.9265,3427.5705,3375.1441,3467.5155
142551000,3396.423,2249100,30517900,6185159000,77055054900,3398.9265,3427.5705,3375.1441,3467.5155
142555000,3397.3643,4058900,58361600,6189217900,77113416500,3398.9265,3427.5705,3375.1441,3467.5155
142601000,3397.6195,2314600,35576200,6191532500,77148992700,3398.9265,3427.5705,3375.1441,3467.5155
142606000,3398.6755,4947500,57244200,6196480000,77206236900,3398.9265,3427.5705,3375.1441,3467.5155
142610000,3399.007,5147600,55229600,6201627600,77261466500,3398.9265,3427.5705,3375.1441,3467.5155
142616000,3399.159,4837100,58458800,6206464700,77319925300,3398.9265,3427.5705,3375.1441,3467.5155
142621000,3399.5728,3170100,39295800,6209634800,77359221100,3398.9265,3427.5705,3375.1441,3467.5155
142625000,3399.836,2957300,38696400,6212592100,77397917500,3398.9265,3427.5705,3375.1441,3467.5155
142631000,3400.355,3997600,33641600,6216589700,77431559100,3398.9265,3427.5705,3375.1441,3467.5155
142636000,3400.4065,3619200,43151000,6220208900,77474710100,3398.9265,3427.5705,3375.1441,3467.5155
142640000,3400.4572,3374100,45901600,6223583000,77520611700,3398.9265,3427.5705,3375.1441,3467.5155
142646000,3400.8457,2990600,45097100,6226573600,77565708800,3398.9265,3427.5705,3375.1441,3467.5155
142651000,3401.1973,2836300,30640000,6229409900,77596348800,3398.9265,3427.5705,3375.1441,3467.5155
142655000,3401.2234,3023900,39851800,6232433800,77636200600,3398.9265,3427.5705,3375.1441,3467.5155
142701000,3401.9685,2599200,34298800,6235033000,77670499400,3398.9265,3427.5705,3375.1441,3467.5155
142706000,3402.0661,2869300,39275100,6237902300,77709774500,3398.9265,3427.5705,3375.1441,3467.5155
142710000,3402.7384,3416500,48767800,6241318800,77758542300,3398.9265,3427.5705,3375.1441,3467.5155
142716000,3402.3953,3738800,46303700,6245057600,77804846000,3398.9265,3427.5705,3375.1441,3467.5155
142721000,3402.3836,1957600,25729400,6247015200,77830575400,3398.9265,3427.5705,3375.1441,3467.5155
142725000,3402.3993,4382600,45177600,6251397800,77875753000,3398.9265,3427.5705,3375.1441,3467.5155
142731000,3402.8871,3374300,38742900,6254772100,77914495900,3398.9265,3427.5705,3375.1441,3467.5155
142736000,3403.0007,2005200,28624400,6256777300,77943120300,3398.9265,3427.5705,3375.1441,3467.5155
142740000,3402.8512,3149100,37069300,6259926400,77980189600,3398.9265,3427.5705,3375.1441,3467.5155
142746000,3402.5161,2156200,30743000,6262082600,78010932600,3398.9265,3427.5705,3375.1441,3467.5155
142751000,3402.6106,1471400,21706100,6263554000,78032638700,3398.9265,3427.5705,3375.1441,3467.5155
142755000,3402.4174,8138100,57172200,6271692100,78089810900,3398.9265,3427.5705,3375.1441,3467.5155
142801000,3402.6127,2010500,25780900,6273702600,78115591800,3398.9265,3427.5705,3375.1441,3467.5155
142806000,3402.7044,1960300,29579100,6275662900,78145170900,3398.9265,3427.5705,3375.1441,3467.5155
142810000,3402.5882,2211500,29554000,6277874400,78174724900,3398.9265,3427.5705,3375.1441,3467.5155
142816000,3402.2925,2193400,30909800,6280067800,78205634700,3398.9265,3427.5705,3375.1441,3467.5155
142821000,3402.3822,1764600,19740200,6281832400,78225374900,3398.9265,3427.5705,3375.1441,3467.5155
142825000,3402.4222,2438700,33958600,6284271100,78259333500,3398.9265,3427.5705,3375.1441,3467.5155
142831000,3402.1584,1901900,25951800,6286173000,78285285300,3398.9265,3427.5705,3375.1441,3467.5155
142836000,3402.2161,2272000,28046300,6288445000,78313331600,3398.9265,3427.5705,3375.1441,3467.5155
142840000,3401.9009,2760800,40367400,6291205800,78353699000,3398.9265,3427.5705,3375.1441,3467.5155
142846000,3401.415,2932800,37412300,6294138600,78391111300,3398.9265,3427.5705,3375.1441,3467.5155
142851000,3401.5856,1858100,15497400,6295996700,78406608700,3398.9265,3427.5705,3375.1441,3467.5155
142855000,3401.4907,1729100,25974300,6297725800,78432583000,3398.9265,3427.5705,3375.1441,3467.5155
142901000,3401.3656,1350100,17373200,6299075900,78449956200,3398.9265,3427.5705,3375.1441,3467.5155
142906000,3401.9226,1488200,21637200,6300564100,78471593400,3398.9265,3427.5705,3375.1441,3467.5155
142910000,3401.6896,1325700,17796100,6301889800,78489389500,3398.9265,3427.5705,3375.1441,3467.5155
142916000,3401.445,2147700,26202000,6304037500,78515591500,3398.9265,3427.5705,3375.1441,3467.5155
142921000,3401.2176,1014200,16943100,6305051700,78532534600,3398.9265,3427.5705,3375.1441,3467.5155
142925000,3401.0708,1812500,30370400,6306864200,78562905000,3398.9265,3427.5705,3375.1441,3467.5155
142931000,3401.4856,1702000,23291700,6308566200,78586196700,3398.9265,3427.5705,3375.1441,3467.5155
142936000,3401.7124,1462900,16854800,6310029100,78603051500,3398.9265,3427.5705,3375.1441,3467.5155
142942000,3401.2443,1439100,22471600,6311468200,78625523100,3398.9265,3427.5705,3375.1441,3467.5155
142946000,3400.9871,1464000,19881800,6312932200,78645404900,3398.9265,3427.5705,3375.1441,3467.5155
142952000,3401.2771,1780200,24730000,6314712400,78670134900,3398.9265,3427.5705,3375.1441,3467.5155
142957000,3401.1361,1311500,17280100,6316023900,78687415000,3398.9265,3427.5705,3375.1441,3467.5155
143002000,3401.0993,1787100,23958600,6317811000,78711373600,3398.9265,3427.5705,3375.1441,3467.5155
143007000,3400.8969,1416700,19564900,6319227700,78730938500,3398.9265,3427.5705,3375.1441,3467.5155
143012000,3400.8752,1452900,19248200,6320680600,78750186700,3398.9265,3427.5705,3375.1441,3467.5155
143016000,3400.7433,1678900,21458800,6322359500,78771645500,3398.9265,3427.5705,3375.1441,3467.5155
143022000,3400.621,1831800,22994500,6324191300,78794640000,3398.9265,3427.5705,3375.1441,3467.5155
143027000,3400.9342,2136700,20941700,6326328000,78815581700,3398.9265,3427.5705,3375.1441,3467.5155
143031000,3400.844,2047300,23688900,6328375300,78839270600,3398.9265,3427.5705,3375.1441,3467.5155
143037000,3401.1555,1780700,17266800,6330156000,78856537400,3398.9265,3427.5705,3375.1441,3467.5155
143042000,3400.5539,2025900,20645300,6332181900,78877182700,3398.9265,3427.5705,3375.1441,3467.5155
143046000,3400.347,1230200,19284600,6333412100,78896467300,3398.9265,3427.5705,3375.1441,3467.5155
143052000,3400.4761,1447000,24095100,6334859100,78920562400,3398.9265,3427.5705,3375.1441,3467.5155
143057000,3400.6533,897400,13973000,6335756500,78934535400,3398.9265,3427.5705,3375.1441,3467.5155
143101000,3400.6801,1484200,25935800,6337240700,78960471200,3398.9265,3427.5705,3375.1441,3467.5155
143107000,3400.7908,1783300,23057600,6339024000,78983528800,3398.9265,3427.5705,3375.1441,3467.5155
143112000,3401.0506,1306900,14516600,6340330900,78998045400,3398.9265,3427.5705,3375.1441,3467.5155
143116000,3400.7283,1580100,18640800,6341911000,79016686200,3398.9265,3427.5705,3375.1441,3467.5155
143122000,3401.1626,1985200,26589300,6343896200,79043275500,3398.9265,3427.5705,3375.1441,3467.5155
143127000,3401.133,1393700,18749100,6345289900,79062024600,3398.9265,3427.5705,3375.1441,3467.5155
143131000,3400.998,1963700,25365700,6347253600,79087390300,3398.9265,3427.5705,3375.1441,3467.5155
143137000,3401.4311,1425600,21793200,6348679200,79109183500,3398.9265,3427.5705,3375.1441,3467.5155
143142000,3400.8369,1659700,25839400,6350338900,79135022900,3398.9265,3427.5705,3375.1441,3467.5155
143146000,3401.0068,1611100,27181600,6351950000,79162204500,3398.9265,3427.5705,3375.1441,3467.5155
143152000,3400.9469,1714700,22473500,6353664700,79184678000,3398.9265,3427.5705,3375.1441,3467.5155
143157000,3400.9534,1106100,16286500,6354770800,79200964500,3398.9265,3427.5705,3375.1441,3467.5155
143201000,3401.0331,1688300,23900400,6356459100,79224864900,3398.9265,3427.5705,3375.1441,3467.5155
143207000,3401.1436,1972300,23682100,6358431400,79248547000,3398.9265,3427.5705,3375.1441,3467.5155
143212000,3400.9685,1327200,17333500,6359758600,79265880500,3398.9265,3427.5705,3375.1441,3467.5155
143216000,3400.6844,1878300,22931000,6361636900,79288811500,3398.9265,3427.5705,3375.1441,3467.5155
143222000,3400.4273,2061000,22422000,6363697900,79311233500,3398.9265,3427.5705,3375.1441,3467.5155
143227000,3400.7331,1363700,11741000,6365061600,79322974500,3398.9265,3427.5705,3375.1441,3467.5155
143231000,3400.9673,1657900,20749300,6366719500,79343723800,3398.9265,3427.5705,3375.1441,3467.5155
143237000,3400.9735,1486200,17703400,6368205700,79361427200,3398.9265,3427.5705,3375.1441,3467.5155
143242000,3399.9719,1679400,26602100,6369885100,79388029300,3398.9265,3427.5705,3375.1441,3467.5155
143246000,3399.8309,1679000,21996500,6371564100,79410025800,3398.9265,3427.5705,3375.1441,3467.5155
143252000,3400.4768,2681500,30643400,6374245600,79440669200,3398.9265,3427.5705,3375.1441,3467.5155
143257000,3400.5615,1525000,15289800,6375770600,79455959000,3398.9265,3427.5705,3375.1441,3467.5155
143302000,3400.5815,2267500,22125100,6378038100,79478084100,3398.9265,3427.5705,3375.1441,3467.5155
143307000,3400.1169,2055300,17099200,6380093400,79495183300,3398.9265,3427.5705,3375.1441,3467.5155
143312000,3400.3263,2909200,19760300,6383002600,79514943600,3398.9265,3427.5705,3375.1441,3467.5155
143317000,3400.3667,1444000,20634200,6384446600,79535577800,3398.9265,3427.5705,3375.1441,3467.5155
143322000,3400.3166,1303900,20929300,6385750500,79556507100,3398.9265,3427.5705,3375.1441,3467.5155
143327000,3400.6171,975200,12470500,6386725700,79568977600,3398.9265,3427.5705,3375.1441,3467.5155
143331000,3400.5034,1763400,25879400,6388489100,79594857000,3398.9265,3427.5705,3375.1441,3467.5155
143337000,3400.2107,2195300,28061600,6390684400,79622918600,3398.9265,3427.5705,3375.1441,3467.5155
143343000,3400.4265,970400,13477600,6391654800,79636396200,3398.9265,3427.5705,3375.1441,3467.5155
143348000,3400.0287,1560000,19543000,6393214800,79655939200,3398.9265,3427.5705,3375.1441,3467.5155
143352000,3400.3184,1816300,23090000,6395031100,79679029200,3398.9265,3427.5705,3375.1441,3467.5155
143358000,3400.7594,1533300,22050800,6396564400,79701080000,3398.9265,3427.5705,3375.1441,3467.5155
143403000,3400.9144,1242100,16189900,6397806500,79717269900,3398.9265,3427.5705,3375.1441,3467.5155
143408000,3400.5438,1212200,20275300,6399018700,79737545200,3398.9265,3427.5705,3375.1441,3467.5155
143413000,3401.0447,1446800,19196500,6400465500,79756741700,3398.9265,3427.5705,3375.1441,3467.5155
143418000,3401.6819,3052800,40555400,6403518300,79797297100,3398.9265,3427.5705,3375.1441,3467.5155
143422000,3402.4267,4255400,46827100,6407773700,79844124200,3398.9265,3427.5705,3375.1441,3467.5155
143428000,3403.756,6847700,75453000,6414621400,79919577200,3398.9265,3427.5705,3375.1441,3467.5155
143433000,3404.0881,3808600,38551500,6418430000,79958128700,3398.9265,3427.5705,3375.1441,3467.5155
143437000,3404.4953,3923700,42073900,6422353700,80000202600,3398.9265,3427.5705,3375.1441,3467.5155
143443000,3404.4947,1961100,23824700,6424314800,80024027300,3398.9265,3427.5705,3375.1441,3467.5155
143448000,3404.9677,3953600,39041900,6428268400,80063069200,3398.9265,3427.5705,3375.1441,3467.5155
143452000,3405.0596,4919000,44265500,6433187400,80107334700,3398.9265,3427.5705,3375.1441,3467.5155
143458000,3405.8572,3958300,47980500,6437145700,80155315200,3398.9265,3427.5705,3375.1441,3467.5155
143503000,3406.3262,1858900,25110100,6439004600,80180425300,3398.9265,3427.5705,3375.1441,3467.5155
143507000,3406.49,2632400,34594800,6441637000,80215020100,3398.9265,3427.5705,3375.1441,3467.5155
143513000,3406.6949,3253100,38846100,6444890100,80253866200,3398.9265,3427.5705,3375.1441,3467.5155
143518000,3406.5199,2536200,38244900,6447426300,80292111100,3398.9265,3427.5705,3375.1441,3467.5155
143522000,3406.6364,2864200,38102600,6450290500,80330213700,3398.9265,3427.5705,3375.1441,3467.5155
143528000,3407.3521,2190300,29288700,6452480800,80359502400,3398.9265,3427.5705,3375.1441,3467.5155
143533000,3407.1924,2821400,29578500,6455302200,80389080900,3398.9265,3427.5705,3375.1441,3467.5155
143537000,3407.2187,2771800,36534400,6458074000,80425615300,3398.9265,3427.5705,3375.1441,3467.5155
143543000,3406.9683,2347000,28181800,6460421000,80453797100,3398.9265,3427.5705,3375.1441,3467.5155
143548000,3406.9422,1499400,23939800,6461920400,80477736900,3398.9265,3427.5705,3375.1441,3467.5155
143552000,3407.2129,2508800,34847400,6464429200,80512584300,3398.9265,3427.5705,3375.1441,3467.5155
143558000,3407.4257,2545700,29300600,6466974900,80541884900,3398.9265,3427.5705,3375.1441,3467.5155
143603000,3407.6034,2174100,24751200,6469149000,80566636100,3398.9265,3427.5705,3375.1441,3467.5155
143608000,3407.2388,3006200,32353800,6472155200,80598989900,3398.9265,3427.5705,3375.1441,3467.5155
143613000,3407.4308,1500700,19262800,6473655900,80618252700,3398.9265,3427.5705,3375.1441,3467.5155
143618000,3407.509,1800900,24193000,6475456800,80642445700,3398.9265,3427.5705,3375.1441,3467.5155
143623000,3407.6472,2106900,30577100,6477563700,80673022800,3398.9265,3427.5705,3375.1441,3467.5155
143628000,3407.96,2281000,31368400,6479844700,80704391200,3398.9265,3427.5705,3375.1441,3467.5155
143633000,3408.1912,2198000,24174900,6482042700,80728566100,3398.9265,3427.5705,3375.1441,3467.5155
143638000,3407.462,2835200,38792600,6484877900,80767358700,3398.9265,3427.5705,3375.1441,3467.5155
143643000,3407.987,1532300,21115000,6486410200,80788473700,3398.9265,3427.5705,3375.1441,3467.5155
143648000,3407.3525,2603800,27149100,6489014000,80815622800,3398.9265,3427.5705,3375.1441,3467.5155
143652000,3407.6772,3039700,27254000,6492053700,80842876800,3398.9265,3427.5705,3375.1441,3467.5155
143658000,3407.7525,1924500,27288000,6493978200,80870164800,3398.9265,3427.5705,3375.1441,3467.5155
143703000,3407.65,1890200,21753800,6495868400,80891918600,3398.9265,3427.5705,3375.1441,3467.5155
143707000,3407.3136,1698400,24296900,6497566800,80916215500,3398.9265,3427.5705,3375.1441,3467.5155
143713000,3407.5954,2706200,24604800,6500273000,80940820300,3398.9265,3427.5705,3375.1441,3467.5155
143718000,3407.5896,1826400,25213400,6502099400,80966033700,3398.9265,3427.5705,3375.1441,3467.5155
143723000,3407.3727,1992800,33720700,6504092200,80999754400,3398.9265,3427.5705,3375.1441,3467.5155
143728000,3407.4882,1893700,28152700,6505985900,81027907100,3398.9265,3427.5705,3375.1441,3467.5155
143734000,3406.9418,2280700,31688200,6508266600,81059595300,3398.9265,3427.5705,3375.1441,3467.5155
143739000,3406.9034,1531800,18941200,6509798400,81078536500,3398.9265,3427.5705,3375.1441,3467.5155
143743000,3406.4759,1538400,25468200,6511336800,81104004700,3398.9265,3427.5705,3375.1441,3467.5155
143749000,3405.8394,3212800,34915600,6514549600,81138920300,3398.9265,3427.5705,3375.1441,3467.5155
143754000,3405.299,2844900,36274700,6517394500,81175195000,3398.9265,3427.5705,3375.1441,3467.5155
143759000,3405.5929,2145600,31900300,6519540100,81207095300,3398.9265,3427.5705,3375.1441,3467.5155
143804000,3405.0645,2090800,28855000,6521630900,81235950300,3398.9265,3427.5705,3375.1441,3467.5155
143809000,3404.9413,1510900,17213300,6523141800,81253163600,3398.9265,3427.5705,3375.1441,3467.5155
143813000,3405.1334,3430800,33463400,6526572600,81286627000,3398.9265,3427.5705,3375.1441,3467.5155
143819000,3405.0554,1313800,16622100,6527886400,81303249100,3398.9265,3427.5705,3375.1441,3467.5155
143824000,3404.9789,1913900,22645100,6529800300,81325894200,3398.9265,3427.5705,3375.1441,3467.5155
143828000,3404.7395,1696400,21382700,6531496700,81347276900,3398.9265,3427.5705,3375.1441,3467.5155
143834000,3405.3621,2796200,30871700,6534292900,81378148600,3398.9265,3427.5705,3375.1441,3467.5155
143839000,3405.1058,1754800,20436000,6536047700,81398584600,3398.9265,3427.5705,3375.1441,3467.5155
143843000,3404.8688,1657700,23593300,6537705400,81422177900,3398.9265,3427.5705,3375.1441,3467.5155
143849000,3404.181,1419500,18660500,6539124900,81440838400,3398.9265,3427.5705,3375.1441,3467.5155
143854000,3403.8004,1840900,20171000,6540965800,81461009400,3398.9265,3427.5705,3375.1441,3467.5155
143858000,3404.256,1763900,20736700,6542729700,81481746100,3398.9265,3427.5705,3375.1441,3467.5155
143904000,3404.195,2656100,25196800,6545385800,81506942900,3398.9265,3427.5705,3375.1441,3467.5155
143909000,3404.1068,1398200,14982800,6546784000,81521925700,3398.9265,3427.5705,3375.1441,3467.5155
143914000,3404.2601,1408900,18974000,6548192900,81540899700,3398.9265,3427.5705,3375.1441,3467.5155
143919000,3404.2859,1015300,12689000,6549208200,81553588700,3398.9265,3427.5705,3375.1441,3467.5155
143924000,3404.2341,1156600,15910100,6550364800,81569498800,3398.9265,3427.5705,3375.1441,3467.5155
143928000,3404.2915,1909800,22561100,6552274600,81592059900,3398.9265,3427.5705,3375.1441,3467.5155
143934000,3404.2033,1558600,22578700,6553833200,81614638600,3398.9265,3427.5705,3375.1441,3467.5155
143939000,3404.1391,1310400,14941600,6555143600,81629580200,3398.9265,3427.5705,3375.1441,3467.5155
143943000,3403.9022,1696400,23704800,6556840000,81653285000,3398.9265,3427.5705,3375.1441,3467.5155
143949000,3403.9613,1805800,20440100,6558645800,81673725100,3398.9265,3427.5705,3375.1441,3467.5155
143954000,3403.1224,1241600,15399000,6559887400,81689124100,3398.9265,3427.5705,3375.1441,3467.5155
143959000,3403.4159,2242600,30118800,6562130000,81719242900,3398.9265,3427.5705,3375.1441,3467.5155
144004000,3402.7728,2397200,34602900,6564527200,81753845800,3398.9265,3427.5705,3375.1441,3467.5155
144009000,3402.6474,1828800,24771400,6566356000,81778617200,3398.9265,3427.5705,3375.1441,3467.5155
144013000,3403.1476,2605300,30204800,6568961300,81808822000,3398.9265,3427.5705,3375.1441,3467.5155
144019000,3402.673,2255500,28879400,6571216800,81837701400,3398.9265,3427.5705,3375.1441,3467.5155
144024000,3403.2001,1910300,27843800,6573127100,81865545200,3398.9265,3427.5705,3375.1441,3467.5155
144029000,3402.8629,2483700,28875900,6575610800,81894421100,3398.9265,3427.5705,3375.1441,3467.5155
144034000,3402.9443,2261500,35445100,6577872300,81929866200,3398.9265,3427.5705,3375.1441,3467.5155
144039000,3402.602,3177100,25728000,6581049400,81955594200,3398.9265,3427.5705,3375.1441,3467.5155
144044000,3402.1676,3140700,32835800,6584190100,81988430000,3398.9265,3427.5705,3375.1441,3467.5155
144049000,3402.3402,1415000,21171500,6585605100,82009601500,3398.9265,3427.5705,3375.1441,3467.5155
144054000,3402.2068,1964300,31965100,6587569400,82041566600,3398.9265,3427.5705,3375.1441,3467.5155
144059000,3401.906,2252800,27426500,6589822200,82068993100,3398.9265,3427.5705,3375.1441,3467.5155
144104000,3402.2088,2373200,30997000,6592195400,82099990100,3398.9265,3427.5705,3375.1441,3467.5155
144109000,3402.3716,2260700,25696100,6594456100,82125686200,3398.9265,3427.5705,3375.1441,3467.5155
144114000,3402.4987,1917900,30939300,6596374000,82156625500,3398.9265,3427.5705,3375.1441,3467.5155
144119000,3402.2394,2208500,27996600,6598582500,82184622100,3398.9265,3427.5705,3375.1441,3467.5155
144124000,3402.4527,3746900,31670500,6602329400,82216292600,3398.9265,3427.5705,3375.1441,3467.5155
144129000,3402.5979,2049300,28581800,6604378700,82244874400,3398.9265,3427.5705,3375.1441,3467.5155
144134000,3402.2132,2892000,31450200,6607270700,82276324600,3398.9265,3427.5705,3375.1441,3467.5155
144139000,3402.1402,1607400,21547400,6608878100,82297872000,3398.9265,3427.5705,3375.1441,3467.5155
144144000,3402.0836,2169800,39503800,6611047900,82337375800,3398.9265,3427.5705,3375.1441,3467.5155
144150000,3402.0118,1975100,27964100,6613023000,82365339900,3398.9265,3427.5705,3375.1441,3467.5155
144155000,3401.6189,1837500,25659900,6614860500,82390999800,3398.9265,3427.5705,3375.1441,3467.5155
144200000,3402.4308,1341500,21846100,6616202000,82412845900,3398.9265,3427.5705,3375.1441,3467.5155
144205000,3401.9445,1732700,29992900,6617934700,82442838800,3398.9265,3427.5705,3375.1441,3467.5155
144210000,3402.2946,3049600,39380600,6620984300,82482219400,3398.9265,3427.5705,3375.1441,3467.5155
144215000,3401.6115,1240600,16467900,6622224900,82498687300,3398.9265,3427.5705,3375.1441,3467.5155
144220000,3401.658,2348600,30336000,6624573500,82529023300,3398.9265,3427.5705,3375.1441,3467.5155
144225000,3402.341,1115400,22338000,6625688900,82551361300,3398.9265,3427.5705,3375.1441,3467.5155
144230000,3402.4048,3395800,32703600,6629084700,82584064900,3398.9265,3427.5705,3375.1441,3467.5155
144235000,3402.622,3243000,40600300,6632327700,82624665200,3398.9265,3427.5705,3375.1441,3467.5155
144240000,3402.085,2164900,29828200,6634492600,82654493400,3398.9265,3427.5705,3375.1441,3467.5155
144245000,3402.1964,1378200,18494000,6635870800,82672987400,3398.9265,3427.5705,3375.1441,3467.5155
144249000,3401.7882,2146500,27846400,6638017300,82700833800,3398.9265,3427.5705,3375.1441,3467.5155
144255000,3401.5542,1422100,20032200,6639439400,82720866000,3398.9265,3427.5705,3375.1441,3467.5155
144300000,3402.0328,1847200,20798400,6641286600,82741664400,3398.9265,3427.5705,3375.1441,3467.5155
144305000,3402.087,2616100,29084900,6643902700,82770749300,3398.9265,3427.5705,3375.1441,3467.5155
144310000,3402.1686,2548000,32444800,6646450700,82803194100,3398.9265,3427.5705,3375.1441,3467.5155
144315000,3402.0133,1183400,15828600,6647634100,82819022700,3398.9265,3427.5705,3375.1441,3467.5155
144320000,3401.7087,1559100,20728200,6649193200,82839750900,3398.9265,3427.5705,3375.1441,3467.5155
144325000,3401.7534,1595400,23561200,6650788600,82863312100,3398.9265,3427.5705,3375.1441,3467.5155
144330000,3401.8711,1971800,27487600,6652760400,82890799700,3398.9265,3427.5705,3375.1441,3467.5155
144335000,3401.9282,1999300,23992500,6654759700,82914792200,3398.9265,3427.5705,3375.1441,3467.5155
144340000,3402.0688,1568600,22932000,6656328300,82937724200,3398.9265,3427.5705,3375.1441,3467.5155
144345000,3401.9163,1400000,18477200,6657728300,82956201400,3398.9265,3427.5705,3375.1441,3467.5155
144350000,3401.4145,2035000,33308600,6659763300,82989510000,3398.9265,3427.5705,3375.1441,3467.5155
144355000,3401.5511,1459100,20781600,6661222400,83010291600,3398.9265,3427.5705,3375.1441,3467.5155
144400000,3401.4928,1789300,24267600,6663011700,83034559200,3398.9265,3427.5705,3375.1441,3467.5155
144404000,3401.4704,2344500,30677300,6665356200,83065236500,3398.9265,3427.5705,3375.1441,3467.5155
144410000,3401.5646,1921200,23718900,6667277400,83088955400,3398.9265,3427.5705,3375.1441,3467.5155
144415000,3401.5436,1736600,24434900,6669014000,83113390300,3398.9265,3427.5705,3375.1441,3467.5155
144420000,3401.8135,1574900,24211300,6670588900,83137601600,3398.9265,3427.5705,3375.1441,3467.5155
144425000,3402.0263,1802900,26574600,6672391800,83164176200,3398.9265,3427.5705,3375.1441,3467.5155
144430000,3402.1325,1706800,24933100,6674098600,83189109300,3398.9265,3427.5705,3375.1441,3467.5155
144434000,3402.4187,2765000,42751200,6676863600,83231860500,3398.9265,3427.5705,3375.1441,3467.5155
144440000,3402.3406,1963800,27320000,6678827400,83259180500,3398.9265,3427.5705,3375.1441,3467.5155
144445000,3402.696,1463600,21675100,6680291000,83280855600,3398.9265,3427.5705,3375.1441,3467.5155
144449000,3402.3189,1930600,35945500,6682221600,83316801100,3398.9265,3427.5705,3375.1441,3467.5155
144455000,3402.2086,1525300,24609100,6683746900,83341410200,3398.9265,3427.5705,3375.1441,3467.5155
144500000,3402.5359,1540500,24942800,6685287400,83366353000,3398.9265,3427.5705,3375.1441,3467.5155
144505000,3402.583,2317600,35650300,6687605000,83402003300,3398.9265,3427.5705,3375.1441,3467.5155
144510000,3402.7409,2955600,29388600,6690560600,83431391900,3398.9265,3427.5705,3375.1441,3467.5155
144515000,3402.8503,1629400,16848100,6692190000,83448240000,3398.9265,3427.5705,3375.1441,3467.5155
144520000,3403.6745,3176600,38888000,6695366600,83487128000,3398.9265,3427.5705,3375.1441,3467.5155
144525000,3403.341,1993500,26230100,6697360100,83513358100,3398.9265,3427.5705,3375.1441,3467.5155
144530000,3403.3229,1659700,26532300,6699019800,83539890400,3398.9265,3427.5705,3375.1441,3467.5155
144535000,3403.3902,2753000,35084100,6701772800,83574974500,3398.9265,3427.5705,3375.1441,3467.5155
144540000,3403.5577,2331700,29007900,6704104500,83603982400,3398.9265,3427.5705,3375.1441,3467.5155
144545000,3403.32,1970900,23078500,6706075400,83627060900,3398.9265,3427.5705,3375.1441,3467.5155
144550000,3403.3906,3274700,33206200,6709350100,83660267100,3398.9265,3427.5705,3375.1441,3467.5155
144556000,3404.6787,2425400,34463400,6711775500,83694730500,3398.9265,3427.5705,3375.1441,3467.5155
144600000,3404.4061,1623900,24130900,6713399400,83718861400,3398.9265,3427.5705,3375.1441,3467.5155
144605000,3404.791,2669500,34454400,6716068900,83753315800,3398.9265,3427.5705,3375.1441,3467.5155
144611000,3404.3864,4511300,52427500,6720580200,83805743300,3398.9265,3427.5705,3375.1441,3467.5155
144616000,3404.5768,2694100,34683800,6723274300,83840427100,3398.9265,3427.5705,3375.1441,3467.5155
144621000,3405.0952,1371500,17721400,6724645800,83858148500,3398.9265,3427.5705,3375.1441,3467.5155
144626000,3404.9392,2842100,36007700,6727487900,83894156200,3398.9265,3427.5705,3375.1441,3467.5155
144631000,3405.0366,1935000,25595900,6729422900,83919752100,3398.9265,3427.5705,3375.1441,3467.5155
144636000,3405.3871,2500700,30639100,6731923600,83950391200,3398.9265,3427.5705,3375.1441,3467.5155
144641000,3405.3078,3006300,31664200,6734929900,83982055400,3398.9265,3427.5705,3375.1441,3467.5155
144646000,3405.3735,2170400,36127200,6737100300,84018182600,3398.9265,3427.5705,3375.1441,3467.5155
144651000,3405.2931,1359600,20232200,6738459900,84038414800,3398.9265,3427.5705,3375.1441,3467.5155
144656000,3405.2725,2908400,30960900,6741368300,84069375700,3398.9265,3427.5705,3375.1441,3467.5155
144701000,3405.1059,1628600,21974700,6742996900,84091350400,3398.9265,3427.5705,3375.1441,3467.5155
144706000,3405.4352,1733900,22932900,6744730800,84114283300,3398.9265,3427.5705,3375.1441,3467.5155
144711000,3405.2701,2703900,31187800,6747434700,84145471100,3398.9265,3427.5705,3375.1441,3467.5155
144716000,3405.3421,2128800,25699000,6749563500,84171170100,3398.9265,3427.5705,3375.1441,3467.5155
144721000,3405.3839,1805900,18399200,6751369400,84189569300,3398.9265,3427.5705,3375.1441,3467.5155
144726000,3404.9023,2867700,36102400,6754237100,84225671700,3398.9265,3427.5705,3375.1441,3467.5155
144731000,3404.9464,2186400,24399900,6756423500,84250071600,3398.9265,3427.5705,3375.1441,3467.5155
144736000,3405.0856,1915000,30787300,6758338500,84280858900,3398.9265,3427.5705,3375.1441,3467.5155
144741000,3405.4621,1939700,29347900,6760278200,84310206800,3398.9265,3427.5705,3375.1441,3467.5155
144746000,3405.0346,2138700,34453800,6762416900,84344660600,3398.9265,3427.5705,3375.1441,3467.5155
144751000,3404.881,1297200,16555200,6763714100,84361215800,3398.9265,3427.5705,3375.1441,3467.5155
144756000,3405.5549,3025100,34023600,6766739200,84395239400,3398.9265,3427.5705,3375.1441,3467.5155
144801000,3405.4132,1943800,22630100,6768683000,84417869500,3398.9265,3427.5705,3375.1441,3467.5155
144806000,3405.1391,2201900,32432100,6770884900,84450301600,3398.9265,3427.5705,3375.1441,3467.5155
144811000,3405.1658,2552600,25573700,6773437500,84475875300,3398.9265,3427.5705,3375.1441,3467.5155
144816000,3405.098,2086300,28462900,6775523800,84504338200,3398.9265,3427.5705,3375.1441,3467.5155
144821000,3404.9322,1726400,20533500,6777250200,84524871700,3398.9265,3427.5705,3375.1441,3467.5155
144826000,3405.6871,2753600,31726700,6780003800,84556598400,3398.9265,3427.5705,3375.1441,3467.5155
144831000,3405.051,1788500,21788000,6781792300,84578386400,3398.9265,3427.5705,3375.1441,3467.5155
144836000,3405.0318,3346700,33881000,6785139000,84612267400,3398.9265,3427.5705,3375.1441,3467.5155
144841000,3405.6021,2696900,32140000,6787835900,84644407400,3398.9265,3427.5705,3375.1441,3467.5155
144846000,3405.7007,2193400,33504900,6790029300,84677912300,3398.9265,3427.5705,3375.1441,3467.5155
144851000,3405.43,1990400,24423500,6792019700,84702335800,3398.9265,3427.5705,3375.1441,3467.5155
144856000,3405.228,3507100,39014100,6795526800,84741349900,3398.9265,3427.5705,3375.1441,3467.5155
144901000,3405.1142,1967200,21897500,6797494000,84763247400,3398.9265,3427.5705,3375.1441,3467.5155
144906000,3405.1745,3131700,32073800,6800625700,84795321200,3398.9265,3427.5705,3375.1441,3467.5155
144911000,3405.1652,3516000,32005100,6804141700,84827326300,3398.9265,3427.5705,3375.1441,3467.5155
144916000,3404.9495,2055200,30018200,6806196900,84857344500,3398.9265,3427.5705,3375.1441,3467.5155
144921000,3405.9289,1348900,19116700,6807545800,84876461200,3398.9265,3427.5705,3375.1441,3467.5155
144926000,3405.5576,2126000,31869500,6809671800,84908330700,3398.9265,3427.5705,3375.1441,3467.5155
144931000,3405.8504,2624700,28804500,6812296500,84937135200,3398.9265,3427.5705,3375.1441,3467.5155
144936000,3406.1892,3133600,34422800,6815430100,84971558000,3398.9265,3427.5705,3375.1441,3467.5155
144941000,3405.7382,2934800,36963900,6818364900,85008521900,3398.9265,3427.5705,3375.1441,3467.5155
144946000,3405.7303,4044300,40904900,6822409200,85049426800,3398.9265,3427.5705,3375.1441,3467.5155
144951000,3405.4242,1541900,21655100,6823951100,85071081900,3398.9265,3427.5705,3375.1441,3467.5155
144957000,3405.2848,3097800,36073900,6827048900,85107155800,3398.9265,3427.5705,3375.1441,3467.5155
145001000,3405.4924,1429100,21076500,6828478000,85128232300,3398.9265,3427.5705,3375.1441,3467.5155
145007000,3405.2732,3850800,37664000,6832328800,85165896300,3398.9265,3427.5705,3375.1441,3467.5155
145012000,3405.39,3097200,36597100,6835426000,85202493400,3398.9265,3427.5705,3375.1441,3467.5155
145017000,3405.6725,3471200,35487300,6838897200,85237980700,3398.9265,3427.5705,3375.1441,3467.5155
145022000,3405.4451,3696700,39051700,6842593900,85277032400,3398.9265,3427.5705,3375.1441,3467.5155
145027000,3405.0801,2096900,22454200,6844690800,85299486600,3398.9265,3427.5705,3375.1441,3467.5155
145032000,3405.3874,2730400,38192100,6847421200,85337678700,3398.9265,3427.5705,3375.1441,3467.5155
145037000,3405.5307,2438600,31180500,6849859800,85368859200,3398.9265,3427.5705,3375.1441,3467.5155
145042000,3405.7431,2129700,24427600,6851989500,85393286800,3398.9265,3427.5705,3375.1441,3467.5155
145047000,3405.5913,2542500,30058800,6854532000,85423345600,3398.9265,3427.5705,3375.1441,3467.5155
145052000,3405.1562,2050900,25982300,6856582900,85449327900,3398.9265,3427.5705,3375.1441,3467.5155
145057000,3405.2895,1835900,23429200,6858418800,85472757100,3398.9265,3427.5705,3375.1441,3467.5155
145102000,3405.5634,2837000,38433700,6861255800,85511190800,3398.9265,3427.5705,3375.1441,3467.5155
145107000,3405.2917,3949600,41578800,6865205400,85552769600,3398.9265,3427.5705,3375.1441,3467.5155
145112000,3405.5239,2401500,23542800,6867606900,85576312400,3398.9265,3427.5705,3375.1441,3467.5155
145117000,3405.5077,2120800,30757600,6869727700,85607070000,3398.9265,3427.5705,3375.1441,3467.5155
145122000,3406.0974,2737400,40094000,6872465100,85647164000,3398.9265,3427.5705,3375.1441,3467.5155
145127000,3405.9874,1783200,25420200,6874248300,85672584200,3398.9265,3427.5705,3375.1441,3467.5155
145132000,3405.8605,2596900,38830100,6876845200,85711414300,3398.9265,3427.5705,3375.1441,3467.5155
145137000,3406.3883,4374200,46578200,6881219400,85757992500,3398.9265,3427.5705,3375.1441,3467.5155
145142000,3406.4266,2217300,27490300,6883436700,85785482800,3398.9265,3427.5705,3375.1441,3467.5155
145147000,3406.4959,3144900,33756500,6886581600,85819239300,3398.9265,3427.5705,3375.1441,3467.5155
145152000,3406.1383,3607200,39280000,6890188800,85858519300,3398.9265,3427.5705,3375.1441,3467.5155
145157000,3406.4397,3180700,30388100,6893369500,85888907400,3398.9265,3427.5705,3375.1441,3467.5155
145202000,3406.5924,3156500,33814200,6896526000,85922721600,3398.9265,3427.5705,3375.1441,3467.5155
145207000,3405.9731,2365600,27643100,6898891600,85950364700,3398.9265,3427.5705,3375.1441,3467.5155
145212000,3407.0228,4693500,45156600,6903585100,85995521300,3398.9265,3427.5705,3375.1441,3467.5155
145217000,3407.1539,2286900,34702600,6905872000,86030223900,3398.9265,3427.5705,3375.1441,3467.5155
145222000,3407.5693,4652000,48085700,6910524000,86078309600,3398.9265,3427.5705,3375.1441,3467.5155
145227000,3407.3222,1678600,24284200,6912202600,86102593800,3398.9265,3427.5705,3375.1441,3467.5155
145232000,3407.1977,2934900,42136100,6915137500,86144729900,3398.9265,3427.5705,3375.1441,3467.5155
145237000,3406.8559,4144500,40484400,6919282000,86185214300,3398.9265,3427.5705,3375.1441,3467.5155
145242000,3407.1577,3597500,46385300,6922879500,86231599600,3398.9265,3427.5705,3375.1441,3467.5155
145247000,3407.3378,3656100,43881900,6926535600,86275481500,3398.9265,3427.5705,3375.1441,3467.5155
145252000,3407.3678,3683300,43480300,6930218900,86318961800,3398.9265,3427.5705,3375.1441,3467.5155
145257000,3407.3912,2143600,22759400,6932362500,86341721200,3398.9265,3427.5705,3375.1441,3467.5155
145302000,3407.5474,3238300,43366500,6935600800,86385087700,3398.9265,3427.5705,3375.1441,3467.5155
145307000,3408.016,3131700,35100100,6938732500,86420187800,3398.9265,3427.5705,3375.1441,3467.5155
145312000,3407.7118,2190100,27585400,6940922600,86447773200,3398.9265,3427.5705,3375.1441,3467.5155
145317000,3407.5441,2337200,29149300,6943259800,86476922500,3398.9265,3427.5705,3375.1441,3467.5155
145322000,3408.4478,3807100,48013800,6947066900,86524936300,3398.9265,3427.5705,3375.1441,3467.5155
145327000,3408.352,1744700,24898300,6948811600,86549834600,3398.9265,3427.5705,3375.1441,3467.5155
145332000,3408.1653,3162800,52251400,6951974400,86602086000,3398.9265,3427.5705,3375.1441,3467.5155
145337000,3408.4164,3309600,38382200,6955284000,86640468200,3398.9265,3427.5705,3375.1441,3467.5155
145342000,3408.4178,3490500,40858100,6958774500,86681326300,3398.9265,3427.5705,3375.1441,3467.5155
145347000,3408.275,4035500,44704200,6962810000,86726030500,3398.9265,3427.5705,3375.1441,3467.5155
145352000,3408.5913,3805100,45816500,6966615100,86771847000,3398.9265,3427.5705,3375.1441,3467.5155
145357000,3408.6154,1836300,20974500,6968451400,86792821500,3398.9265,3427.5705,3375.1441,3467.5155
145402000,3408.3942,3137900,37413600,6971589300,86830235100,3398.9265,3427.5705,3375.1441,3467.5155
145408000,3408.4949,3533900,46475500,6975123200,86876710600,3398.9265,3427.5705,3375.1441,3467.5155
145412000,3408.5555,1965400,25075900,6977088600,86901786500,3398.9265,3427.5705,3375.1441,3467.5155
145418000,3408.629,3697700,46075400,6980786300,86947861900,3398.9265,3427.5705,3375.1441,3467.5155
145423000,3408.5791,4280700,47303800,6985067000,86995165700,3398.9265,3427.5705,3375.1441,3467.5155
145428000,3409.437,4013300,48256700,6989080300,87043422400,3398.9265,3427.5705,3375.1441,3467.5155
145433000,3409.0108,2256100,25740100,6991336400,87069162500,3398.9265,3427.5705,3375.1441,3467.5155
145438000,3408.9673,3741600,41990100,6995078000,87111152600,3398.9265,3427.5705,3375.1441,3467.5155
145443000,3408.6926,2458900,32441700,6997536900,87143594300,3398.9265,3427.5705,3375.1441,3467.5155
145448000,3408.59,3336700,39338700,7000873600,87182933000,3398.9265,3427.5705,3375.1441,3467.5155
145453000,3408.6631,3256800,40135300,7004130400,87223068300,3398.9265,3427.5705,3375.1441,3467.5155
145458000,3408.6934,3313900,45407200,7007444300,87268475500,3398.9265,3427.5705,3375.1441,3467.5155
145503000,3408.9997,2587400,31254200,7010031700,87299729700,3398.9265,3427.5705,3375.1441,3467.5155
145508000,3409.2792,3356200,42357200,7013387900,87342086900,3398.9265,3427.5705,3375.1441,3467.5155
145513000,3408.463,2426500,29176200,7015814400,87371263100,3398.9265,3427.5705,3375.1441,3467.5155
145518000,3408.8301,3853000,44684000,7019667400,87415947100,3398.9265,3427.5705,3375.1441,3467.5155
145523000,3408.7007,3204500,39612600,7022871900,87455559700,3398.9265,3427.5705,3375.1441,3467.5155
145528000,3409.0257,3481000,51706800,7026352900,87507266500,3398.9265,3427.5705,3375.1441,3467.5155
145533000,3408.8078,2434500,29373200,7028787400,87536639700,3398.9265,3427.5705,3375.1441,3467.5155
145538000,3409.0716,2778300,37287400,7031565700,87573927100,3398.9265,3427.5705,3375.1441,3467.5155
145543000,3408.8764,2213400,27124400,7033779100,87601051500,3398.9265,3427.5705,3375.1441,3467.5155
145548000,3409.0305,4117500,48697200,7037896600,87649748700,3398.9265,3427.5705,3375.1441,3467.5155
145553000,3408.3556,3362100,44933700,7041258700,87694682400,3398.9265,3427.5705,3375.1441,3467.5155
145558000,3408.6583,3589300,42868400,7044848000,87737550800,3398.9265,3427.5705,3375.1441,3467.5155
145603000,3408.6929,2649100,34110100,7047497100,87771660900,3398.9265,3427.5705,3375.1441,3467.5155
145608000,3409.3152,3452200,45345200,7050949300,87817006100,3398.9265,3427.5705,3375.1441,3467.5155
145613000,3408.9024,2444600,33753700,7053393900,87850759800,3398.9265,3427.5705,3375.1441,3467.5155
145618000,3408.8451,3294400,41735200,7056688300,87892495000,3398.9265,3427.5705,3375.1441,3467.5155
145623000,3408.4069,3330200,47660200,7060018500,87940155200,3398.9265,3427.5705,3375.1441,3467.5155
145628000,3408.2018,3728100,48907900,7063746600,87989063100,3398.9265,3427.5705,3375.1441,3467.5155
145633000,3408.0615,2949300,39429500,7066695900,88028492600,3398.9265,3427.5705,3375.1441,3467.5155
145638000,3408.4079,3961900,50447200,7070657800,88078939800,3398.9265,3427.5705,3375.1441,3467.5155
145643000,3408.103,3172000,36195400,7073829800,88115135200,3398.9265,3427.5705,3375.1441,3467.5155
145648000,3408.3426,3661700,42066500,7077491500,88157201700,3398.9265,3427.5705,3375.1441,3467.5155
145653000,3408.1725,3689400,52482200,7081180900,88209683900,3398.9265,3427.5705,3375.1441,3467.5155
145658000,3407.9978,3846600,41332900,7085027500,88251016800,3398.9265,3427.5705,3375.1441,3467.5155
145703000,3408.1093,3284800,30291200,7088312300,88281308000,3398.9265,3427.5705,3375.1441,3467.5155
145708000,3408.1021,2446100,29766700,7090758400,88311074700,3398.9265,3427.5705,3375.1441,3467.5155
145713000,3408.0896,2486900,25934200,7093245300,88337008900,3398.9265,3427.5705,3375.1441,3467.5155
145718000,3407.9897,2234600,21588700,7095479900,88358597600,3398.9265,3427.5705,3375.1441,3467.5155
145723000,3407.9826,1893000,22962000,7097372900,88381559600,3398.9265,3427.5705,3375.1441,3467.5155
145728000,3408.1783,3853500,32070200,7101226400,88413629800,3398.9265,3427.5705,3375.1441,3467.5155
145733000,3408.0793,2287200,24162200,7103513600,88437792000,3398.9265,3427.5705,3375.1441,3467.5155
145738000,3407.9638,2681000,29181700,7106194600,88466973700,3398.9265,3427.5705,3375.1441,3467.5155
145743000,3408.2355,1987900,23065400,7108182500,88490039100,3398.9265,3427.5705,3375.1441,3467.5155
145748000,3407.7385,1853400,23702600,7110035900,88513741700,3398.9265,3427.5705,3375.1441,3467.5155
145753000,3408.6704,3311300,34226200,7113347200,88547967900,3398.9265,3427.5705,3375.1441,3467.5155
145758000,3407.8443,2159700,23029900,7115506900,88570997800,3398.9265,3427.5705,3375.1441,3467.5155
145803000,3407.8238,1746900,20954900,7117253800,88591952700,3398.9265,3427.5705,3375.1441,3467.5155
145808000,3407.8744,2022000,25044700,7119275800,88616997400,3398.9265,3427.5705,3375.1441,3467.5155
145814000,3407.6194,2900200,33868600,7122176000,88650866000,3398.9265,3427.5705,3375.1441,3467.5155
145818000,3407.7518,2026100,21880600,7124202100,88672746600,3398.9265,3427.5705,3375.1441,3467.5155
145824000,3407.6231,2774200,34234600,7126976300,88706981200,3398.9265,3427.5705,3375.1441,3467.5155
145829000,3407.3758,2023900,25212800,7129000200,88732194000,3398.9265,3427.5705,3375.1441,3467.5155
145834000,3407.7756,2540300,36557100,7131540500,88768751100,3398.9265,3427.5705,3375.1441,3467.5155
145838000,3407.9616,1924800,20326700,7133465300,88789077800,3398.9265,3427.5705,3375.1441,3467.5155
145844000,3407.7953,2151400,25974800,7135616700,88815052600,3398.9265,3427.5705,3375.1441,3467.5155
145849000,3407.7381,2425300,25263100,7138042000,88840315700,3398.9265,3427.5705,3375.1441,3467.5155
145854000,3407.5486,1978800,21005900,7140020800,88861321600,3398.9265,3427.5705,3375.1441,3467.5155
145859000,3408.1015,3521900,39441700,7143542700,88900763300,3398.9265,3427.5705,3375.1441,3467.5155
145904000,3407.7465,2991600,36797200,7146534300,88937560500,3398.9265,3427.5705,3375.1441,3467.5155
145909000,3407.8166,2139100,22693600,7148673400,88960254100,3398.9265,3427.5705,3375.1441,3467.5155
145914000,3407.6317,3331900,29405300,7152005300,88989659400,3398.9265,3427.5705,3375.1441,3467.5155
145919000,3407.8743,3972400,46467000,7155977700,89036126400,3398.9265,3427.5705,3375.1441,3467.5155
145924000,3407.3563,3206800,38435900,7159184500,89074562300,3398.9265,3427.5705,3375.1441,3467.5155
145929000,3407.3944,3388700,28592600,7162573200,89103154900,3398.9265,3427.5705,3375.1441,3467.5155
145934000,3407.2413,3203700,33118200,7165776900,89136273100,3398.9265,3427.5705,3375.1441,3467.5155
145939000,3407.3867,2225600,25650600,7168002500,89161923700,3398.9265,3427.5705,3375.1441,3467.5155
145944000,3407.1412,2293000,27613300,7170295500,89189537000,3398.9265,3427.5705,3375.1441,3467.5155
145949000,3407.2808,1861700,26564200,7172157200,89216101200,3398.9265,3427.5705,3375.1441,3467.5155
145954000,3407.5537,2030600,26560900,7174187800,89242662100,3398.9265,3427.5705,3375.1441,3467.5155
145959000,3407.1205,1814500,24877600,7176002300,89267539700,3398.9265,3427.5705,3375.1441,3467.5155
150003000,3407.0648,25781300,356728600,7201783600,89624268300,3398.9265,3427.5705,3375.1441,3467.5155
150003000,3407.0449,2311400,37238800,7204095000,89661507100,3398.9265,3427.5705,3375.1441,3467.5155
150103000,3407.5297,0,0,7204095000,89661507100,3398.9265,3427.5705,3375.1441,3467.5155
