Time,Price,Volume,Turnover,AccVolume,AccTurnover,Open,High,Low,PreClose
92513000,3783.0367,341089300,3690523800,341089300,3690523800,3783.0367,3783.0367,3783.0367,3749.7143
93003000,3784.5919,39662900,340775100,380752200,4031298900,3783.0367,3784.5919,3783.0367,3749.7143
93008000,3786.8451,309381300,3052472000,690133500,7083770900,3783.0367,3786.8451,3783.0367,3749.7143
93013000,3787.4718,96444200,1125878900,786577700,8209649800,3783.0367,3787.4718,3783.0367,3749.7143
93018000,3786.882,75275700,755639100,861853400,8965288900,3783.0367,3787.4718,3783.0367,3749.7143
93023000,3786.1632,35970300,389341500,897823700,9354630400,3783.0367,3787.4718,3783.0367,3749.7143
93028000,3787.0451,50755900,536540500,948579600,9891170900,3783.0367,3787.4718,3783.0367,3749.7143
93033000,3785.8172,46193800,538669000,994773400,10429839900,3783.0367,3787.4718,3783.0367,3749.7143
93038000,3785.5277,45918300,535204100,1040691700,10965044000,3783.0367,3787.4718,3783.0367,3749.7143
93043000,3785.653,38786200,412643300,1079477900,11377687300,3783.0367,3787.4718,3783.0367,3749.7143
93048000,3785.0791,41330300,428369200,1120808200,11806056500,3783.0367,3787.4718,3783.0367,3749.7143
93053000,3784.4273,36818000,418773900,1157626200,12224830400,3783.0367,3787.4718,3783.0367,3749.7143
93058000,3784.348,47914500,549305300,1205540700,12774135700,3783.0367,3787.4718,3783.0367,3749.7143
93103000,3783.6664,37238900,394350000,1242779600,13168485700,3783.0367,3787.4718,3783.0367,3749.7143
93108000,3782.7102,48850500,542882800,1291630100,13711368500,3783.0367,3787.4718,3782.7102,3749.7143
93113000,3783.0596,40441600,444590800,1332071700,14155959300,3783.0367,3787.4718,3782.7102,3749.7143
93118000,3781.8415,51129200,488056700,1383200900,14644016000,3783.0367,3787.4718,3781.8415,3749.7143
93123000,3780.8602,44477000,426759300,1427677900,15070775300,3783.0367,3787.4718,3780.8602,3749.7143
93128000,3778.6493,48094300,571265800,1475772200,15642041100,3783.0367,3787.4718,3778.6493,3749.7143
93133000,3777.4768,39512800,461682100,1515285000,16103723200,3783.0367,3787.4718,3777.4768,3749.7143
93138000,3775.1896,42916000,497883100,1558201000,16601606300,3783.0367,3787.4718,3775.1896,3749.7143
93143000,3774.2317,36780600,412879800,1594981600,17014486100,3783.0367,3787.4718,3774.2317,3749.7143
93148000,3773.503,35067300,374168000,1630048900,17388654100,3783.0367,3787.4718,3773.503,3749.7143
93153000,3772.0652,34847800,375373300,1664896700,17764027400,3783.0367,3787.4718,3772.0652,3749.7143
93158000,3772.4444,36382800,437978500,1701279500,18202005900,3783.0367,3787.4718,3772.0652,3749.7143
93203000,3772.3422,34047700,368281400,1735327200,18570287300,3783.0367,3787.4718,3772.0652,3749.7143
93208000,3771.3948,40010000,410803400,1775337200,18981090700,3783.0367,3787.4718,3771.3948,3749.7143
93213000,3771.7222,30132400,321758300,1805469600,19302849000,3783.0367,3787.4718,3771.3948,3749.7143
93218000,3771.3073,29176000,325938600,1834645600,19628787600,3783.0367,3787.4718,3771.3073,3749.7143
93223000,3770.7855,28841200,294498600,1863486800,19923286200,3783.0367,3787.4718,3770.7855,3749.7143
93228000,3771.1194,33362100,375304400,1896848900,20298590600,3783.0367,3787.4718,3770.7855,3749.7143
93233000,3770.8668,27088200,307625800,1923937100,20606216400,3783.0367,3787.4718,3770.7855,3749.7143
93238000,3770.5684,33623100,359361300,1957560200,20965577700,3783.0367,3787.4718,3770.5684,3749.7143
93243000,3770.4683,25431600,281065000,1982991800,21246642700,3783.0367,3787.4718,3770.4683,3749.7143
93248000,3770.5314,26420600,292966000,2009412400,21539608700,3783.0367,3787.4718,3770.4683,3749.7143
93253000,3771.4477,23867400,260391300,2033279800,21800000000,3783.0367,3787.4718,3770.4683,3749.7143
93258000,3772.1431,29514100,339640300,2062793900,22139640300,3783.0367,3787.4718,3770.4683,3749.7143
93303000,3771.6638,24052900,296654300,2086846800,22436294600,3783.0367,3787.4718,3770.4683,3749.7143
93308000,3771.8226,33346000,350988900,2120192800,22787283500,3783.0367,3787.4718,3770.4683,3749.7143
93313000,3771.307,25079800,261592000,2145272600,23048875500,3783.0367,3787.4718,3770.4683,3749.7143
93318000,3771.8034,26506600,296282400,2171779200,23345157900,3783.0367,3787.4718,3770.4683,3749.7143
93323000,3769.9916,26381800,284021100,2198161000,23629179000,3783.0367,3787.4718,3769.9916,3749.7143
93328000,3769.9393,28355900,345479400,2226516900,23974658400,3783.0367,3787.4718,3769.9393,3749.7143
93333000,3770.0284,26821800,299898400,2253338700,24274556800,3783.0367,3787.4718,3769.9393,3749.7143
93338000,3769.7787,29550400,351644900,2282889100,24626201700,3783.0367,3787.4718,3769.7787,3749.7143
93343000,3770.0296,29972500,350843400,2312861600,24977045100,3783.0367,3787.4718,3769.7787,3749.7143
93348000,3769.3949,26931000,311573300,2339792600,25288618400,3783.0367,3787.4718,3769.3949,3749.7143
93353000,3770.3738,25894600,308269000,2365687200,25596887400,3783.0367,3787.4718,3769.3949,3749.7143
93358000,3770.6596,35246100,360492700,2400933300,25957380100,3783.0367,3787.4718,3769.3949,3749.7143
93403000,3770.8913,25823900,320147100,2426757200,26277527200,3783.0367,3787.4718,3769.3949,3749.7143
93408000,3771.3828,32081800,354445800,2458839000,26631973000,3783.0367,3787.4718,3769.3949,3749.7143
93413000,3772.3314,23741300,283046200,2482580300,26915019200,3783.0367,3787.4718,3769.3949,3749.7143
93418000,3773.2232,27690500,317845300,2510270800,27232864500,3783.0367,3787.4718,3769.3949,3749.7143
93423000,3775.0263,31114600,333562500,2541385400,27566427000,3783.0367,3787.4718,3769.3949,3749.7143
93428000,3776.4285,32505700,383212500,2573891100,27949639500,3783.0367,3787.4718,3769.3949,3749.7143
93433000,3777.0147,27503800,306003400,2601394900,28255642900,3783.0367,3787.4718,3769.3949,3749.7143
93438000,3777.9905,30480900,356781900,2631875800,28612424800,3783.0367,3787.4718,3769.3949,3749.7143
93443000,3779.4561,23702500,267279100,2655578300,28879703900,3783.0367,3787.4718,3769.3949,3749.7143
93448000,3780.8305,26476400,303878100,2682054700,29183582000,3783.0367,3787.4718,3769.3949,3749.7143
93453000,3782.5558,27486900,274461800,2709541600,29458043800,3783.0367,3787.4718,3769.3949,3749.7143
93458000,3783.4415,25091900,310265700,2734633500,29768309500,3783.0367,3787.4718,3769.3949,3749.7143
93503000,3784.0095,23053500,274234700,2757687000,30042544200,3783.0367,3787.4718,3769.3949,3749.7143
93508000,3785.3086,31932700,363327300,2789619700,30405871500,3783.0367,3787.4718,3769.3949,3749.7143
93513000,3786.3163,21476400,272036400,2811096100,30677907900,3783.0367,3787.4718,3769.3949,3749.7143
93518000,3786.8631,23144000,301736400,2834240100,30979644300,3783.0367,3787.4718,3769.3949,3749.7143
93523000,3788.0028,25862600,278591800,2860102700,31258236100,3783.0367,3788.0028,3769.3949,3749.7143
93528000,3788.6913,24923400,302911700,2885026100,31561147800,3783.0367,3788.6913,3769.3949,3749.7143
93533000,3789.0736,29368900,304654800,2914395000,31865802600,3783.0367,3789.0736,3769.3949,3749.7143
93538000,3789.5831,33213500,357272300,2947608500,32223074900,3783.0367,3789.5831,3769.3949,3749.7143
93543000,3790.4539,21631000,240374200,2969239500,32463449100,3783.0367,3790.4539,3769.3949,3749.7143
93548000,3791.4994,30617100,329714100,2999856600,32793163200,3783.0367,3791.4994,3769.3949,3749.7143
93553000,3790.4597,23536000,243730700,3023392600,33036893900,3783.0367,3791.4994,3769.3949,3749.7143
93558000,3792.126,29227700,314504400,3052620300,33351398300,3783.0367,3792.126,3769.3949,3749.7143
93603000,3790.8595,24234800,278836400,3076855100,33630234700,3783.0367,3792.126,3769.3949,3749.7143
93608000,3791.5066,32331900,382007700,3109187000,34012242400,3783.0367,3792.126,3769.3949,3749.7143
93613000,3790.796,26990800,303433300,3136177800,34315675700,3783.0367,3792.126,3769.3949,3749.7143
93618000,3790.6621,31606200,345339100,3167784000,34661014800,3783.0367,3792.126,3769.3949,3749.7143
93623000,3790.9518,28915200,305983300,3196699200,34966998100,3783.0367,3792.126,3769.3949,3749.7143
93628000,3790.8927,29995800,374736100,3226695000,35341734200,3783.0367,3792.126,3769.3949,3749.7143
93633000,3789.9742,32938600,352694300,3259633600,35694428500,3783.0367,3792.126,3769.3949,3749.7143
93638000,3788.8298,36953900,408413400,3296587500,36102841900,3783.0367,3792.126,3769.3949,3749.7143
93643000,3787.9701,26685200,314834300,3323272700,36417676200,3783.0367,3792.126,3769.3949,3749.7143
93648000,3786.9125,31910600,376380900,3355183300,36794057100,3783.0367,3792.126,3769.3949,3749.7143
93653000,3786.3558,25714500,302291800,3380897800,37096348900,3783.0367,3792.126,3769.3949,3749.7143
93658000,3786.857,27991900,361785600,3408889700,37458134500,3783.0367,3792.126,3769.3949,3749.7143
93703000,3786.9905,26289500,318590900,3435179200,37776725400,3783.0367,3792.126,3769.3949,3749.7143
93708000,3786.7836,27510300,361646500,3462689500,38138371900,3783.0367,3792.126,3769.3949,3749.7143
93713000,3787.4784,22133000,243795800,3484822500,38382167700,3783.0367,3792.126,3769.3949,3749.7143
93718000,3787.4595,31479100,326835400,3516301600,38709003100,3783.0367,3792.126,3769.3949,3749.7143
93723000,3787.0283,22952600,231229900,3539254200,38940233000,3783.0367,3792.126,3769.3949,3749.7143
93728000,3786.839,25725400,318930200,3564979600,39259163200,3783.0367,3792.126,3769.3949,3749.7143
93733000,3786.924,24323800,280993400,3589303400,39540156600,3783.0367,3792.126,3769.3949,3749.7143
93738000,3787.5028,24253500,286872200,3613556900,39827028800,3783.0367,3792.126,3769.3949,3749.7143
93743000,3787.0365,20508500,225270700,3634065400,40052299500,3783.0367,3792.126,3769.3949,3749.7143
93748000,3787.3793,22769600,254300800,3656835000,40306600300,3783.0367,3792.126,3769.3949,3749.7143
93753000,3786.7295,18838900,226478100,3675673900,40533078400,3783.0367,3792.126,3769.3949,3749.7143
93758000,3787.217,21580700,270205200,3697254600,40803283600,3783.0367,3792.126,3769.3949,3749.7143
93803000,3786.7382,23150600,271255900,3720405200,41074539500,3783.0367,3792.126,3769.3949,3749.7143
93808000,3787.0919,27479500,285130300,3747884700,41359669800,3783.0367,3792.126,3769.3949,3749.7143
93813000,3786.1192,15555100,203169600,3763439800,41562839400,3783.0367,3792.126,3769.3949,3749.7143
93818000,3785.7494,24597900,282760000,3788037700,41845599400,3783.0367,3792.126,3769.3949,3749.7143
93823000,3784.7782,21550600,246697200,3809588300,42092296600,3783.0367,3792.126,3769.3949,3749.7143
93828000,3784.2625,22807100,309146700,3832395400,42401443300,3783.0367,3792.126,3769.3949,3749.7143
93833000,3783.3692,20614800,236848400,3853010200,42638291700,3783.0367,3792.126,3769.3949,3749.7143
93838000,3780.9693,29860400,362820100,3882870600,43001111800,3783.0367,3792.126,3769.3949,3749.7143
93843000,3780.1632,20403100,238509100,3903273700,43239620900,3783.0367,3792.126,3769.3949,3749.7143
93848000,3778.6719,27989600,327314900,3931263300,43566935800,3783.0367,3792.126,3769.3949,3749.7143
93853000,3778.0837,21618200,270029700,3952881500,43836965500,3783.0367,3792.126,3769.3949,3749.7143
93858000,3776.8192,25809600,312818400,3978691100,44149783900,3783.0367,3792.126,3769.3949,3749.7143
93903000,3775.959,27700400,312801000,4006391500,44462584900,3783.0367,3792.126,3769.3949,3749.7143
93908000,3775.5214,26879300,322611000,4033270800,44785195900,3783.0367,3792.126,3769.3949,3749.7143
93913000,3774.886,17687400,210391300,4050958200,44995587200,3783.0367,3792.126,3769.3949,3749.7143
93918000,3774.4512,23633300,249976900,4074591500,45245564100,3783.0367,3792.126,3769.3949,3749.7143
93923000,3774.4186,21605900,237774200,4096197400,45483338300,3783.0367,3792.126,3769.3949,3749.7143
93928000,3773.6327,22739200,258529200,4118936600,45741867500,3783.0367,3792.126,3769.3949,3749.7143
93933000,3773.2657,21364400,223979500,4140301000,45965847000,3783.0367,3792.126,3769.3949,3749.7143
93938000,3773.2145,20828800,240620700,4161129800,46206467700,3783.0367,3792.126,3769.3949,3749.7143
93943000,3772.8065,12464900,158597200,4173594700,46365064900,3783.0367,3792.126,3769.3949,3749.7143
93948000,3772.6683,21665300,225106900,4195260000,46590171800,3783.0367,3792.126,3769.3949,3749.7143
93953000,3772.3971,18896500,199681400,4214156500,46789853200,3783.0367,3792.126,3769.3949,3749.7143
93958000,3771.2709,18454300,229113000,4232610800,47018966200,3783.0367,3792.126,3769.3949,3749.7143
94003000,3771.3115,22232200,232830300,4254843000,47251796500,3783.0367,3792.126,3769.3949,3749.7143
94008000,3770.5698,22094200,271910100,4276937200,47523706600,3783.0367,3792.126,3769.3949,3749.7143
94013000,3770.4749,13844700,167930000,4290781900,47691636600,3783.0367,3792.126,3769.3949,3749.7143
94018000,3769.8072,17571100,228628000,4308353000,47920264600,3783.0367,3792.126,3769.3949,3749.7143
94023000,3769.5987,17021400,185940500,4325374400,48106205100,3783.0367,3792.126,3769.3949,3749.7143
94028000,3768.9061,19679900,235913400,4345054300,48342118500,3783.0367,3792.126,3768.9061,3749.7143
94033000,3768.6777,22446200,242884400,4367500500,48585002900,3783.0367,3792.126,3768.6777,3749.7143
94038000,3768.9874,23144200,253392800,4390644700,48838395700,3783.0367,3792.126,3768.6777,3749.7143
94043000,3768.2817,15088300,161209200,4405733000,48999604900,3783.0367,3792.126,3768.2817,3749.7143
94048000,3768.3636,27343900,267401300,4433076900,49267006200,3783.0367,3792.126,3768.2817,3749.7143
94053000,3768.1901,23013400,203549600,4456090300,49470555800,3783.0367,3792.126,3768.1901,3749.7143
94058000,3768.1134,18942800,194587900,4475033100,49665143700,3783.0367,3792.126,3768.1134,3749.7143
94103000,3768.4388,18435100,211823100,4493468200,49876966800,3783.0367,3792.126,3768.1134,3749.7143
94108000,3769.4422,19930900,222596300,4513399100,50099563100,3783.0367,3792.126,3768.1134,3749.7143
94113000,3769.5904,13391000,160538300,4526790100,50260101400,3783.0367,3792.126,3768.1134,3749.7143
94118000,3770.0283,16606600,208152600,4543396700,50468254000,3783.0367,3792.126,3768.1134,3749.7143
94123000,3770.873,16718300,192177700,4560115000,50660431700,3783.0367,3792.126,3768.1134,3749.7143
94128000,3771.4076,16048500,182549700,4576163500,50842981400,3783.0367,3792.126,3768.1134,3749.7143
94133000,3772.1074,20832100,244569200,4596995600,51087550600,3783.0367,3792.126,3768.1134,3749.7143
94138000,3772.4473,19544000,209484100,4616539600,51297034700,3783.0367,3792.126,3768.1134,3749.7143
94143000,3773.1457,12940200,157707800,4629479800,51454742500,3783.0367,3792.126,3768.1134,3749.7143
94148000,3773.39,19660600,206945900,4649140400,51661688400,3783.0367,3792.126,3768.1134,3749.7143
94153000,3773.5721,16842400,168022100,4665982800,51829710500,3783.0367,3792.126,3768.1134,3749.7143
94158000,3773.6693,18229000,178397200,4684211800,52008107700,3783.0367,3792.126,3768.1134,3749.7143
94203000,3774.6161,18790500,194770500,4703002300,52202878200,3783.0367,3792.126,3768.1134,3749.7143
94208000,3774.4025,15733400,202040100,4718735700,52404918300,3783.0367,3792.126,3768.1134,3749.7143
94213000,3774.6998,11387100,127707700,4730122800,52532626000,3783.0367,3792.126,3768.1134,3749.7143
94218000,3775.3225,16048500,180798000,4746171300,52713424000,3783.0367,3792.126,3768.1134,3749.7143
94223000,3774.3224,15943300,194471700,4762114600,52907895700,3783.0367,3792.126,3768.1134,3749.7143
94228000,3774.1514,13982500,190452800,4776097100,53098348500,3783.0367,3792.126,3768.1134,3749.7143
94233000,3773.6617,15069100,195722700,4791166200,53294071200,3783.0367,3792.126,3768.1134,3749.7143
94238000,3773.2035,20895000,230546400,4812061200,53524617600,3783.0367,3792.126,3768.1134,3749.7143
94243000,3774.2544,14680800,164250900,4826742000,53688868500,3783.0367,3792.126,3768.1134,3749.7143
94248000,3773.5504,14479300,185847000,4841221300,53874715500,3783.0367,3792.126,3768.1134,3749.7143
94253000,3773.4728,12747300,153651800,4853968600,54028367300,3783.0367,3792.126,3768.1134,3749.7143
94258000,3773.2253,15552900,201524200,4869521500,54229891500,3783.0367,3792.126,3768.1134,3749.7143
94303000,3772.5753,18445100,203773700,4887966600,54433665200,3783.0367,3792.126,3768.1134,3749.7143
94308000,3773.3273,20816500,235997000,4908783100,54669662200,3783.0367,3792.126,3768.1134,3749.7143
94313000,3773.1417,17563900,183548100,4926347000,54853210300,3783.0367,3792.126,3768.1134,3749.7143
94318000,3771.7804,26333000,288496600,4952680000,55141706900,3783.0367,3792.126,3768.1134,3749.7143
94323000,3771.5019,19065400,224688000,4971745400,55366394900,3783.0367,3792.126,3768.1134,3749.7143
94328000,3771.6358,20071800,240570200,4991817200,55606965100,3783.0367,3792.126,3768.1134,3749.7143
94333000,3770.8233,22431400,263400300,5014248600,55870365400,3783.0367,3792.126,3768.1134,3749.7143
94338000,3769.7892,22969200,261135400,5037217800,56131500800,3783.0367,3792.126,3768.1134,3749.7143
94343000,3770.0419,15067800,170660700,5052285600,56302161500,3783.0367,3792.126,3768.1134,3749.7143
94348000,3768.8028,23515200,286044600,5075800800,56588206100,3783.0367,3792.126,3768.1134,3749.7143
94353000,3768.4876,18593100,212023600,5094393900,56800229700,3783.0367,3792.126,3768.1134,3749.7143
94358000,3767.9614,22662300,247645400,5117056200,57047875100,3783.0367,3792.126,3767.9614,3749.7143
94403000,3768.0144,23884900,256505500,5140941100,57304380600,3783.0367,3792.126,3767.9614,3749.7143
94408000,3767.1821,23869400,273608500,5164810500,57577989100,3783.0367,3792.126,3767.1821,3749.7143
94413000,3766.6138,16860400,181225200,5181670900,57759214300,3783.0367,3792.126,3766.6138,3749.7143
94418000,3766.6325,23344300,273319400,5205015200,58032533700,3783.0367,3792.126,3766.6138,3749.7143
94423000,3766.3547,16275600,172632700,5221290800,58205166400,3783.0367,3792.126,3766.3547,3749.7143
94428000,3765.8446,26930900,265568300,5248221700,58470734700,3783.0367,3792.126,3765.8446,3749.7143
94433000,3766.1056,21468300,204046100,5269690000,58674780800,3783.0367,3792.126,3765.8446,3749.7143
94438000,3765.2325,23188200,238619000,5292878200,58913399800,3783.0367,3792.126,3765.2325,3749.7143
94443000,3765.0913,17048700,184189300,5309926900,59097589100,3783.0367,3792.126,3765.0913,3749.7143
94448000,3765.3106,23115100,236110300,5333042000,59333699400,3783.0367,3792.126,3765.0913,3749.7143
94453000,3764.7764,16908800,167602300,5349950800,59501301700,3783.0367,3792.126,3764.7764,3749.7143
94458000,3765.3126,24468400,231976200,5374419200,59733277900,3783.0367,3792.126,3764.7764,3749.7143
94503000,3765.0494,24518600,241886800,5398937800,59975164700,3783.0367,3792.126,3764.7764,3749.7143
94508000,3765.12,23263700,244660200,5422201500,60219824900,3783.0367,3792.126,3764.7764,3749.7143
94513000,3765.0113,17006700,167333500,5439208200,60387158400,3783.0367,3792.126,3764.7764,3749.7143
94518000,3764.8356,23907200,222319000,5463115400,60609477400,3783.0367,3792.126,3764.7764,3749.7143
94523000,3765.6309,17203100,176496200,5480318500,60785973600,3783.0367,3792.126,3764.7764,3749.7143
94528000,3765.5363,22303600,215567700,5502622100,61001541300,3783.0367,3792.126,3764.7764,3749.7143
94533000,3766.1434,32856900,260026200,5535479000,61261567500,3783.0367,3792.126,3764.7764,3749.7143
94538000,3766.8842,21064400,242549300,5556543400,61504116800,3783.0367,3792.126,3764.7764,3749.7143
94543000,3766.9991,12436300,146851300,5568979700,61650968100,3783.0367,3792.126,3764.7764,3749.7143
94548000,3768.3305,16742800,201314000,5585722500,61852282100,3783.0367,3792.126,3764.7764,3749.7143
94553000,3769.5401,18539700,213758000,5604262200,62066040100,3783.0367,3792.126,3764.7764,3749.7143
94558000,3769.8171,17400900,207987200,5621663100,62274027300,3783.0367,3792.126,3764.7764,3749.7143
94603000,3771.0163,20996700,245664000,5642659800,62519691300,3783.0367,3792.126,3764.7764,3749.7143
94608000,3771.4018,24738100,250786800,5667397900,62770478100,3783.0367,3792.126,3764.7764,3749.7143
94613000,3771.5518,14024600,160869800,5681422500,62931347900,3783.0367,3792.126,3764.7764,3749.7143
94618000,3772.5621,15756100,214186500,5697178600,63145534400,3783.0367,3792.126,3764.7764,3749.7143
94623000,3772.866,13465700,162419200,5710644300,63307953600,3783.0367,3792.126,3764.7764,3749.7143
94628000,3773.6648,15171300,170350700,5725815600,63478304300,3783.0367,3792.126,3764.7764,3749.7143
94633000,3773.8085,16258300,189295700,5742073900,63667600000,3783.0367,3792.126,3764.7764,3749.7143
94638000,3773.859,13785200,167655000,5755859100,63835255000,3783.0367,3792.126,3764.7764,3749.7143
94643000,3774.3677,12945800,158651700,5768804900,63993906700,3783.0367,3792.126,3764.7764,3749.7143
94648000,3774.8572,19374300,220131700,5788179200,64214038400,3783.0367,3792.126,3764.7764,3749.7143
94653000,3775.1736,12492600,178440500,5800671800,64392478900,3783.0367,3792.126,3764.7764,3749.7143
94658000,3775.6735,13912300,162620600,5814584100,64555099500,3783.0367,3792.126,3764.7764,3749.7143
94703000,3776.0452,15343500,175043900,5829927600,64730143400,3783.0367,3792.126,3764.7764,3749.7143
94708000,3776.3257,16286500,228088400,5846214100,64958231800,3783.0367,3792.126,3764.7764,3749.7143
94713000,3776.3638,10651000,136338500,5856865100,65094570300,3783.0367,3792.126,3764.7764,3749.7143
94718000,3776.9968,15403000,188754600,5872268100,65283324900,3783.0367,3792.126,3764.7764,3749.7143
94723000,3776.8862,11431500,156413400,5883699600,65439738300,3783.0367,3792.126,3764.7764,3749.7143
94728000,3777.1469,14718000,185373100,5898417600,65625111400,3783.0367,3792.126,3764.7764,3749.7143
94733000,3777.3885,17718000,192616200,5916135600,65817727600,3783.0367,3792.126,3764.7764,3749.7143
94738000,3777.1748,14693000,214325200,5930828600,66032052800,3783.0367,3792.126,3764.7764,3749.7143
94743000,3777.5142,12422400,135401400,5943251000,66167454200,3783.0367,3792.126,3764.7764,3749.7143
94748000,3777.9987,16299300,201036000,5959550300,66368490200,3783.0367,3792.126,3764.7764,3749.7143
94753000,3778.4055,12712400,147626200,5972262700,66516116400,3783.0367,3792.126,3764.7764,3749.7143
94758000,3778.7777,16478600,184716600,5988741300,66700833000,3783.0367,3792.126,3764.7764,3749.7143
94803000,3778.7083,13771300,191808800,6002512600,66892641800,3783.0367,3792.126,3764.7764,3749.7143
94808000,3778.656,17411100,185587000,6019923700,67078228800,3783.0367,3792.126,3764.7764,3749.7143
94813000,3778.8623,10814700,130190000,6030738400,67208418800,3783.0367,3792.126,3764.7764,3749.7143
94818000,3778.9415,15754200,164863500,6046492600,67373282300,3783.0367,3792.126,3764.7764,3749.7143
94823000,3778.7639,10512200,133906700,6057004800,67507189000,3783.0367,3792.126,3764.7764,3749.7143
94828000,3778.7806,11243000,161925800,6068247800,67669114800,3783.0367,3792.126,3764.7764,3749.7143
94833000,3779.4004,14420000,158575000,6082667800,67827689800,3783.0367,3792.126,3764.7764,3749.7143
94838000,3779.467,13377000,179409500,6096044800,68007099300,3783.0367,3792.126,3764.7764,3749.7143
94843000,3779.7155,9808700,123919600,6105853500,68131018900,3783.0367,3792.126,3764.7764,3749.7143
94848000,3780.5103,14474300,168713600,6120327800,68299732500,3783.0367,3792.126,3764.7764,3749.7143
94853000,3780.3651,12855200,140593500,6133183000,68440326000,3783.0367,3792.126,3764.7764,3749.7143
94858000,3780.5892,13242300,176456300,6146425300,68616782300,3783.0367,3792.126,3764.7764,3749.7143
94903000,3781.0819,14031200,187729300,6160456500,68804511600,3783.0367,3792.126,3764.7764,3749.7143
94908000,3781.3345,17327500,202911600,6177784000,69007423200,3783.0367,3792.126,3764.7764,3749.7143
94913000,3781.4795,10900000,132150700,6188684000,69139573900,3783.0367,3792.126,3764.7764,3749.7143
94918000,3781.789,13942700,173688100,6202626700,69313262000,3783.0367,3792.126,3764.7764,3749.7143
94923000,3781.4804,9679700,117662100,6212306400,69430924100,3783.0367,3792.126,3764.7764,3749.7143
94928000,3781.5804,14113900,173760500,6226420300,69604684600,3783.0367,3792.126,3764.7764,3749.7143
94933000,3781.3675,13689000,162511700,6240109300,69767196300,3783.0367,3792.126,3764.7764,3749.7143
94938000,3782.1854,15426100,195146100,6255535400,69962342400,3783.0367,3792.126,3764.7764,3749.7143
94943000,3782.101,10877700,129114800,6266413100,70091457200,3783.0367,3792.126,3764.7764,3749.7143
94948000,3782.2869,19151600,188566200,6285564700,70280023400,3783.0367,3792.126,3764.7764,3749.7143
94953000,3782.2666,13964200,131058200,6299528900,70411081600,3783.0367,3792.126,3764.7764,3749.7143
94958000,3781.8611,16264200,203366700,6315793100,70614448300,3783.0367,3792.126,3764.7764,3749.7143
95003000,3782.3164,14793900,189099300,6330587000,70803547600,3783.0367,3792.126,3764.7764,3749.7143
95008000,3781.5347,14472900,191122500,6345059900,70994670100,3783.0367,3792.126,3764.7764,3749.7143
95013000,3781.7737,11759800,138008000,6356819700,71132678100,3783.0367,3792.126,3764.7764,3749.7143
95018000,3782.042,15200400,166449400,6372020100,71299127500,3783.0367,3792.126,3764.7764,3749.7143
95023000,3781.2057,11868900,156730700,6383889000,71455858200,3783.0367,3792.126,3764.7764,3749.7143
95028000,3781.0927,13544200,165002100,6397433200,71620860300,3783.0367,3792.126,3764.7764,3749.7143
95033000,3780.9621,14971700,176921600,6412404900,71797781900,3783.0367,3792.126,3764.7764,3749.7143
95038000,3780.6561,16527600,212820400,6428932500,72010602300,3783.0367,3792.126,3764.7764,3749.7143
95043000,3780.1951,11122700,116870300,6440055200,72127472600,3783.0367,3792.126,3764.7764,3749.7143
95048000,3779.9864,14638900,178515300,6454694100,72305987900,3783.0367,3792.126,3764.7764,3749.7143
95053000,3780.1445,11005500,142238200,6465699600,72448226100,3783.0367,3792.126,3764.7764,3749.7143
95058000,3779.4316,12324700,158977400,6478024300,72607203500,3783.0367,3792.126,3764.7764,3749.7143
95103000,3778.2754,15503400,189541700,6493527700,72796745200,3783.0367,3792.126,3764.7764,3749.7143
95108000,3778.4304,17118300,197836900,6510646000,72994582100,3783.0367,3792.126,3764.7764,3749.7143
95113000,3778.5672,12444700,143765400,6523090700,73138347500,3783.0367,3792.126,3764.7764,3749.7143
95118000,3778.9526,13835800,171344100,6536926500,73309691600,3783.0367,3792.126,3764.7764,3749.7143
95123000,3778.6446,12844500,146053000,6549771000,73455744600,3783.0367,3792.126,3764.7764,3749.7143
95128000,3778.5536,15113600,180864100,6564884600,73636608700,3783.0367,3792.126,3764.7764,3749.7143
95133000,3778.3625,12621800,141147800,6577506400,73777756500,3783.0367,3792.126,3764.7764,3749.7143
95138000,3778.2169,16378200,180536000,6593884600,73958292500,3783.0367,3792.126,3764.7764,3749.7143
95143000,3778.8275,9850700,116160500,6603735300,74074453000,3783.0367,3792.126,3764.7764,3749.7143
95148000,3778.1844,15552600,173078000,6619287900,74247531000,3783.0367,3792.126,3764.7764,3749.7143
95153000,3778.3639,13536700,148889500,6632824600,74396420500,3783.0367,3792.126,3764.7764,3749.7143
95158000,3778.649,11994900,143607600,6644819500,74540028100,3783.0367,3792.126,3764.7764,3749.7143
95203000,3778.132,12130800,148388600,6656950300,74688416700,3783.0367,3792.126,3764.7764,3749.7143
95208000,3778.2054,14051600,168716900,6671001900,74857133600,3783.0367,3792.126,3764.7764,3749.7143
95213000,3778.1768,9090200,115641400,6680092100,74972775000,3783.0367,3792.126,3764.7764,3749.7143
95218000,3777.9734,13268600,155945900,6693360700,75128720900,3783.0367,3792.126,3764.7764,3749.7143
95223000,3777.954,11411100,112941600,6704771800,75241662500,3783.0367,3792.126,3764.7764,3749.7143
95228000,3778.0496,12936700,174573500,6717708500,75416236000,3783.0367,3792.126,3764.7764,3749.7143
95233000,3777.846,12926000,150433500,6730634500,75566669500,3783.0367,3792.126,3764.7764,3749.7143
95238000,3778.1027,12910500,151486100,6743545000,75718155600,3783.0367,3792.126,3764.7764,3749.7143
95243000,3777.9314,8756900,121158100,6752301900,75839313700,3783.0367,3792.126,3764.7764,3749.7143
95248000,3778.2415,14641900,158064100,6766943800,75997377800,3783.0367,3792.126,3764.7764,3749.7143
95253000,3778.4699,10506600,119060600,6777450400,76116438400,3783.0367,3792.126,3764.7764,3749.7143
95258000,3779.4106,11887800,150849200,6789338200,76267287600,3783.0367,3792.126,3764.7764,3749.7143
95303000,3781.0378,16423400,199863300,6805761600,76467150900,3783.0367,3792.126,3764.7764,3749.7143
95308000,3780.8222,15758900,186327100,6821520500,76653478000,3783.0367,3792.126,3764.7764,3749.7143
95313000,3781.1623,8589000,114487000,6830109500,76767965000,3783.0367,3792.126,3764.7764,3749.7143
95318000,3781.2998,16710300,169367500,6846819800,76937332500,3783.0367,3792.126,3764.7764,3749.7143
95323000,3781.6555,10135200,124264500,6856955000,77061597000,3783.0367,3792.126,3764.7764,3749.7143
95328000,3781.1015,12487600,143376000,6869442600,77204973000,3783.0367,3792.126,3764.7764,3749.7143
95333000,3781.0958,13150400,160351300,6882593000,77365324300,3783.0367,3792.126,3764.7764,3749.7143
95338000,3781.8299,12312100,153266600,6894905100,77518590900,3783.0367,3792.126,3764.7764,3749.7143
95343000,3781.4757,11815000,138674100,6906720100,77657265000,3783.0367,3792.126,3764.7764,3749.7143
95348000,3782.1024,11756800,137575100,6918476900,77794840100,3783.0367,3792.126,3764.7764,3749.7143
95353000,3782.7838,13874400,155247900,6932351300,77950088000,3783.0367,3792.126,3764.7764,3749.7143
95358000,3782.5571,15288300,168709900,6947639600,78118797900,3783.0367,3792.126,3764.7764,3749.7143
95403000,3783.3368,16204300,176287100,6963843900,78295085000,3783.0367,3792.126,3764.7764,3749.7143
95408000,3783.7949,14585900,152815900,6978429800,78447900900,3783.0367,3792.126,3764.7764,3749.7143
95413000,3783.4869,12092800,122165100,6990522600,78570066000,3783.0367,3792.126,3764.7764,3749.7143
95418000,3783.0712,18092800,189482700,7008615400,78759548700,3783.0367,3792.126,3764.7764,3749.7143
95423000,3784.0914,12734800,135548600,7021350200,78895097300,3783.0367,3792.126,3764.7764,3749.7143
95428000,3783.9877,14491200,163338100,7035841400,79058435400,3783.0367,3792.126,3764.7764,3749.7143
95433000,3784.1603,14274800,155241700,7050116200,79213677100,3783.0367,3792.126,3764.7764,3749.7143
95438000,3784.9004,15053700,191258200,7065169900,79404935300,3783.0367,3792.126,3764.7764,3749.7143
95443000,3785.0698,15588300,162274300,7080758200,79567209600,3783.0367,3792.126,3764.7764,3749.7143
95448000,3785.0521,12996700,166922600,7093754900,79734132200,3783.0367,3792.126,3764.7764,3749.7143
95453000,3785.6445,13900100,137382100,7107655000,79871514300,3783.0367,3792.126,3764.7764,3749.7143
95458000,3785.6649,14142700,175187500,7121797700,80046701800,3783.0367,3792.126,3764.7764,3749.7143
95503000,3785.8889,15960900,172419900,7137758600,80219121700,3783.0367,3792.126,3764.7764,3749.7143
95508000,3786.7025,15551400,175684800,7153310000,80394806500,3783.0367,3792.126,3764.7764,3749.7143
95513000,3786.7342,12956900,142524100,7166266900,80537330600,3783.0367,3792.126,3764.7764,3749.7143
95518000,3787.1847,19354800,228754200,7185621700,80766084800,3783.0367,3792.126,3764.7764,3749.7143
95523000,3787.3916,15182500,174859700,7200804200,80940944500,3783.0367,3792.126,3764.7764,3749.7143
95528000,3787.9897,25271600,276031900,7226075800,81216976400,3783.0367,3792.126,3764.7764,3749.7143
95533000,3788.408,15070300,186549600,7241146100,81403526000,3783.0367,3792.126,3764.7764,3749.7143
95538000,3788.1279,15398700,187603400,7256544800,81591129400,3783.0367,3792.126,3764.7764,3749.7143
95543000,3788.5895,11473500,143458400,7268018300,81734587800,3783.0367,3792.126,3764.7764,3749.7143
95548000,3788.6891,17062700,178228800,7285081000,81912816600,3783.0367,3792.126,3764.7764,3749.7143
95553000,3789.3677,14686600,163798700,7299767600,82076615300,3783.0367,3792.126,3764.7764,3749.7143
95558000,3789.754,17051000,204164100,7316818600,82280779400,3783.0367,3792.126,3764.7764,3749.7143
95603000,3790.4776,18026000,191974000,7334844600,82472753400,3783.0367,3792.126,3764.7764,3749.7143
95608000,3790.9929,20499800,218916200,7355344400,82691669600,3783.0367,3792.126,3764.7764,3749.7143
95613000,3791.5214,13778100,130270500,7369122500,82821940100,3783.0367,3792.126,3764.7764,3749.7143
95618000,3791.8287,20471100,189936800,7389593600,83011876900,3783.0367,3792.126,3764.7764,3749.7143
95623000,3791.9703,14443100,147509400,7404036700,83159386300,3783.0367,3792.126,3764.7764,3749.7143
95628000,3792.3011,17083000,166395500,7421119700,83325781800,3783.0367,3792.3011,3764.7764,3749.7143
95633000,3792.9585,16190700,178662700,7437310400,83504444500,3783.0367,3792.9585,3764.7764,3749.7143
95638000,3793.2452,20106800,213871900,7457417200,83718316400,3783.0367,3793.2646,3764.7764,3749.7143
95643000,3793.1341,14487800,163110800,7471905000,83881427200,3783.0367,3793.2646,3764.7764,3749.7143
95648000,3793.7106,18492500,212467600,7490397500,84093894800,3783.0367,3793.7106,3764.7764,3749.7143
95653000,3793.2375,15188100,156221000,7505585600,84250115800,3783.0367,3793.7106,3764.7764,3749.7143
95658000,3793.8024,17503700,176332900,7523089300,84426448700,3783.0367,3793.8024,3764.7764,3749.7143
95703000,3793.8975,18416800,190613100,7541506100,84617061800,3783.0367,3793.8975,3764.7764,3749.7143
95708000,3794.6317,18165600,201076900,7559671700,84818138700,3783.0367,3794.6317,3764.7764,3749.7143
95713000,3794.64,14219900,161490700,7573891600,84979629400,3783.0367,3794.64,3764.7764,3749.7143
95718000,3794.9447,19481400,216414700,7593373000,85196044100,3783.0367,3794.9447,3764.7764,3749.7143
95723000,3795.0285,14870400,156203300,7608243400,85352247400,3783.0367,3795.0285,3764.7764,3749.7143
95728000,3793.1192,18453700,218558700,7626697100,85570806100,3783.0367,3795.0285,3764.7764,3749.7143
95733000,3792.3152,24827900,295449500,7651525000,85866255600,3783.0367,3795.0285,3764.7764,3749.7143
95738000,3791.3728,25907600,344145200,7677432600,86210400800,3783.0367,3795.0285,3764.7764,3749.7143
95743000,3790.3901,16196300,201056800,7693628900,86411457600,3783.0367,3795.0285,3764.7764,3749.7143
95748000,3789.4657,19019100,244141600,7712648000,86655599200,3783.0367,3795.0285,3764.7764,3749.7143
95753000,3789.7273,13691200,161834500,7726339200,86817433700,3783.0367,3795.0285,3764.7764,3749.7143
95758000,3789.7099,16518400,207071200,7742857600,87024504900,3783.0367,3795.0285,3764.7764,3749.7143
95803000,3789.3469,14646700,182443100,7757504300,87206948000,3783.0367,3795.0285,3764.7764,3749.7143
95808000,3789.095,18865600,213896000,7776369900,87420844000,3783.0367,3795.0285,3764.7764,3749.7143
95813000,3788.1348,10533400,144955600,7786903300,87565799600,3783.0367,3795.0285,3764.7764,3749.7143
95818000,3787.3402,17381500,218643500,7804284800,87784443100,3783.0367,3795.0285,3764.7764,3749.7143
95823000,3787.3908,13880100,163295100,7818164900,87947738200,3783.0367,3795.0285,3764.7764,3749.7143
95828000,3786.8435,13742100,212502200,7831907000,88160240400,3783.0367,3795.0285,3764.7764,3749.7143
95833000,3786.7329,10184600,139137800,7842091600,88299378200,3783.0367,3795.0285,3764.7764,3749.7143
95838000,3786.9062,19465500,207693600,7861557100,88507071800,3783.0367,3795.0285,3764.7764,3749.7143
95843000,3786.4755,9987300,126846700,7871544400,88633918500,3783.0367,3795.0285,3764.7764,3749.7143
95848000,3785.979,12820600,160848800,7884365000,88794767300,3783.0367,3795.0285,3764.7764,3749.7143
95853000,3786.1469,11586100,150612900,7895951100,88945380200,3783.0367,3795.0285,3764.7764,3749.7143
95858000,3785.2861,13030400,203126400,7908981500,89148506600,3783.0367,3795.0285,3764.7764,3749.7143
95903000,3785.4349,12202100,161458500,7921183600,89309965100,3783.0367,3795.0285,3764.7764,3749.7143
95908000,3785.2548,14237300,173907700,7935420900,89483872800,3783.0367,3795.0285,3764.7764,3749.7143
95913000,3784.8295,10499500,122721900,7945920400,89606594700,3783.0367,3795.0285,3764.7764,3749.7143
95918000,3784.8542,12614600,170677900,7958535000,89777272600,3783.0367,3795.0285,3764.7764,3749.7143
95923000,3784.8655,12219000,131184500,7970754000,89908457100,3783.0367,3795.0285,3764.7764,3749.7143
95928000,3784.8515,10478900,138295200,7981232900,90046752300,3783.0367,3795.0285,3764.7764,3749.7143
95933000,3784.5899,11634100,149393100,7992867000,90196145400,3783.0367,3795.0285,3764.7764,3749.7143
95938000,3784.5619,14459200,168868600,8007326200,90365014000,3783.0367,3795.0285,3764.7764,3749.7143
95943000,3784.8331,8378000,101442200,8015704200,90466456200,3783.0367,3795.0285,3764.7764,3749.7143
95948000,3784.3579,9511700,126871300,8025215900,90593327500,3783.0367,3795.0285,3764.7764,3749.7143
95953000,3784.5419,7459400,108419600,8032675300,90701747100,3783.0367,3795.0285,3764.7764,3749.7143
95958000,3784.1732,12730000,156805400,8045405300,90858552500,3783.0367,3795.0285,3764.7764,3749.7143
100003000,3784.6282,11965900,155085000,8057371200,91013637500,3783.0367,3795.0285,3764.7764,3749.7143
100008000,3784.6207,12494800,164566800,8069866000,91178204300,3783.0367,3795.0285,3764.7764,3749.7143
100013000,3784.8086,8289600,105116100,8078155600,91283320400,3783.0367,3795.0285,3764.7764,3749.7143
100018000,3785.1645,11628100,133108600,8089783700,91416429000,3783.0367,3795.0285,3764.7764,3749.7143
100023000,3785.1446,9615200,112338600,8099398900,91528767600,3783.0367,3795.0285,3764.7764,3749.7143
100028000,3785.3583,11374900,135590500,8110773800,91664358100,3783.0367,3795.0285,3764.7764,3749.7143
100033000,3785.8363,12897500,138822900,8123671300,91803181000,3783.0367,3795.0285,3764.7764,3749.7143
100038000,3786.0301,11608600,144125900,8135279900,91947306900,3783.0367,3795.0285,3764.7764,3749.7143
100043000,3785.6722,6822800,82568700,8142102700,92029875600,3783.0367,3795.0285,3764.7764,3749.7143
100048000,3786.4314,11271500,139211200,8153374200,92169086800,3783.0367,3795.0285,3764.7764,3749.7143
100053000,3786.6657,11474900,140516800,8164849100,92309603600,3783.0367,3795.0285,3764.7764,3749.7143
100058000,3787.1791,10816500,143132900,8175665600,92452736500,3783.0367,3795.0285,3764.7764,3749.7143
100103000,3787.112,12921200,156911300,8188586800,92609647800,3783.0367,3795.0285,3764.7764,3749.7143
100108000,3787.9976,15301600,177318300,8203888400,92786966100,3783.0367,3795.0285,3764.7764,3749.7143
100113000,3788.0718,6948300,100162000,8210836700,92887128100,3783.0367,3795.0285,3764.7764,3749.7143
100118000,3788.3949,10580300,133253300,8221417000,93020381400,3783.0367,3795.0285,3764.7764,3749.7143
100123000,3788.3335,9976600,114724000,8231393600,93135105400,3783.0367,3795.0285,3764.7764,3749.7143
100128000,3788.9733,10533700,141306800,8241927300,93276412200,3783.0367,3795.0285,3764.7764,3749.7143
100133000,3788.9488,12518500,148134400,8254445800,93424546600,3783.0367,3795.0285,3764.7764,3749.7143
100138000,3789.488,15492700,174561500,8269938500,93599108100,3783.0367,3795.0285,3764.7764,3749.7143
100143000,3789.2115,7325800,78022500,8277264300,93677130600,3783.0367,3795.0285,3764.7764,3749.7143
100148000,3789.6183,10964600,148477500,8288228900,93825608100,3783.0367,3795.0285,3764.7764,3749.7143
100153000,3789.7618,8860200,105999400,8297089100,93931607500,3783.0367,3795.0285,3764.7764,3749.7143
100158000,3789.9608,10972500,147645500,8308061600,94079253000,3783.0367,3795.0285,3764.7764,3749.7143
100203000,3790.1478,12163400,163347200,8320225000,94242600200,3783.0367,3795.0285,3764.7764,3749.7143
100208000,3790.4149,13257000,166218800,8333482000,94408819000,3783.0367,3795.0285,3764.7764,3749.7143
100213000,3790.3886,10184300,120321400,8343666300,94529140400,3783.0367,3795.0285,3764.7764,3749.7143
100218000,3790.9958,11960000,148043200,8355626300,94677183600,3783.0367,3795.0285,3764.7764,3749.7143
100223000,3790.8828,11131200,130869800,8366757500,94808053400,3783.0367,3795.0285,3764.7764,3749.7143
100228000,3790.3952,10092000,144236400,8376849500,94952289800,3783.0367,3795.0285,3764.7764,3749.7143
100233000,3791.1665,12693300,160154900,8389542800,95112444700,3783.0367,3795.0285,3764.7764,3749.7143
100238000,3791.5452,13751600,182757600,8403294400,95295202300,3783.0367,3795.0285,3764.7764,3749.7143
100243000,3791.3264,10461500,134749900,8413755900,95429952200,3783.0367,3795.0285,3764.7764,3749.7143
100248000,3791.8612,10884400,150407100,8424640300,95580359300,3783.0367,3795.0285,3764.7764,3749.7143
100253000,3792.2769,9659400,121050200,8434299700,95701409500,3783.0367,3795.0285,3764.7764,3749.7143
100258000,3792.4237,13910900,161689500,8448210600,95863099000,3783.0367,3795.0285,3764.7764,3749.7143
100303000,3792.5767,14596700,205039800,8462807300,96068138800,3783.0367,3795.0285,3764.7764,3749.7143
100308000,3792.5536,17218100,187779300,8480025400,96255918100,3783.0367,3795.0285,3764.7764,3749.7143
100313000,3793.3063,11928500,127620300,8491953900,96383538400,3783.0367,3795.0285,3764.7764,3749.7143
100318000,3792.8266,14570200,184816000,8506524100,96568354400,3783.0367,3795.0285,3764.7764,3749.7143
100323000,3792.9675,10860900,128622600,8517385000,96696977000,3783.0367,3795.0285,3764.7764,3749.7143
100328000,3793.0855,10892300,155580800,8528277300,96852557800,3783.0367,3795.0285,3764.7764,3749.7143
100333000,3793.3059,13866000,153856400,8542143300,97006414200,3783.0367,3795.0285,3764.7764,3749.7143
100338000,3793.4443,12599600,164665700,8554742900,97171079900,3783.0367,3795.0285,3764.7764,3749.7143
100343000,3792.8549,9859200,120400600,8564602100,97291480500,3783.0367,3795.0285,3764.7764,3749.7143
100348000,3793.2274,14285600,161769000,8578887700,97453249500,3783.0367,3795.0285,3764.7764,3749.7143
100353000,3792.8905,10324300,118997300,8589212000,97572246800,3783.0367,3795.0285,3764.7764,3749.7143
100358000,3793.4367,10539400,160756100,8599751400,97733002900,3783.0367,3795.0285,3764.7764,3749.7143
100403000,3793.2618,13149200,149647000,8612900600,97882649900,3783.0367,3795.0285,3764.7764,3749.7143
100408000,3794.2523,13948500,171996500,8626849100,98054646400,3783.0367,3795.0285,3764.7764,3749.7143
100413000,3794.3092,8834800,115459700,8635683900,98170106100,3783.0367,3795.0285,3764.7764,3749.7143
100418000,3794.5856,14185900,166551500,8649869800,98336657600,3783.0367,3795.0285,3764.7764,3749.7143
100423000,3795.3073,11302900,140823900,8661172700,98477481500,3783.0367,3795.3073,3764.7764,3749.7143
100428000,3795.2755,13198400,138690300,8674371100,98616171800,3783.0367,3795.3073,3764.7764,3749.7143
100433000,3795.586,14576800,155869900,8688947900,98772041700,3783.0367,3795.586,3764.7764,3749.7143
100438000,3796.2395,13530100,156243300,8702478000,98928285000,3783.0367,3796.2395,3764.7764,3749.7143
100443000,3796.2074,8606700,109583300,8711084700,99037868300,3783.0367,3796.2395,3764.7764,3749.7143
100448000,3796.4879,12474700,157474100,8723559400,99195342400,3783.0367,3796.4879,3764.7764,3749.7143
100453000,3796.983,11794000,124245800,8735353400,99319588200,3783.0367,3796.983,3764.7764,3749.7143
100458000,3797.0713,12883800,163389000,8748237200,99482977200,3783.0367,3797.0713,3764.7764,3749.7143
100503000,3797.6714,12665100,164325400,8760902300,99647302600,3783.0367,3797.6714,3764.7764,3749.7143
100508000,3797.5061,16600400,188674200,8777502700,99835976800,3783.0367,3797.6714,3764.7764,3749.7143
100513000,3797.6505,13003700,161493100,8790506400,99997469900,3783.0367,3797.6714,3764.7764,3749.7143
100518000,3797.81,14768100,179203300,8805274500,100176673200,3783.0367,3797.81,3764.7764,3749.7143
100523000,3797.7567,13268300,160307700,8818542800,100336980900,3783.0367,3797.81,3764.7764,3749.7143
100528000,3798.294,13062500,167206300,8831605300,100504187200,3783.0367,3798.294,3764.7764,3749.7143
100533000,3798.0341,14342500,178270100,8845947800,100682457300,3783.0367,3798.294,3764.7764,3749.7143
100538000,3798.0173,14590200,184371800,8860538000,100866829100,3783.0367,3798.294,3764.7764,3749.7143
100543000,3797.8236,10323700,132378500,8870861700,100999207600,3783.0367,3798.294,3764.7764,3749.7143
100548000,3798.4595,14705500,168928300,8885567200,101168135900,3783.0367,3798.4595,3764.7764,3749.7143
100553000,3798.4288,10980700,137281800,8896547900,101305417700,3783.0367,3798.4595,3764.7764,3749.7143
100558000,3798.359,13952300,187701800,8910500200,101493119500,3783.0367,3798.4595,3764.7764,3749.7143
100603000,3798.0165,14062800,191297600,8924563000,101684417100,3783.0367,3798.4595,3764.7764,3749.7143
100608000,3798.614,16239000,195233800,8940802000,101879650900,3783.0367,3798.614,3764.7764,3749.7143
100613000,3798.5256,9926100,121333400,8950728100,102000984300,3783.0367,3798.614,3764.7764,3749.7143
100618000,3798.7463,11250700,152912400,8961978800,102153896700,3783.0367,3798.7463,3764.7764,3749.7143
100623000,3798.6647,12449600,155408500,8974428400,102309305200,3783.0367,3798.7463,3764.7764,3749.7143
100628000,3798.8702,14563900,167292400,8988992300,102476597600,3783.0367,3798.8702,3764.7764,3749.7143
100633000,3799.1473,14810000,179454500,9003802300,102656052100,3783.0367,3799.1473,3764.7764,3749.7143
100638000,3799.3125,15065800,180587400,9018868100,102836639500,3783.0367,3799.3125,3764.7764,3749.7143
100643000,3799.2672,9039500,105426300,9027907600,102942065800,3783.0367,3799.3125,3764.7764,3749.7143
100648000,3799.4947,13184000,162472300,9041091600,103104538100,3783.0367,3799.4947,3764.7764,3749.7143
100653000,3799.1864,13540600,147477100,9054632200,103252015200,3783.0367,3799.4947,3764.7764,3749.7143
100658000,3798.9209,13536000,168108700,9068168200,103420123900,3783.0367,3799.4947,3764.7764,3749.7143
100703000,3799.3037,11922600,164085000,9080090800,103584208900,3783.0367,3799.4947,3764.7764,3749.7143
100708000,3799.7244,13880500,165937700,9093971300,103750146600,3783.0367,3799.7244,3764.7764,3749.7143
100713000,3799.4591,9894100,126836200,9103865400,103876982800,3783.0367,3799.7244,3764.7764,3749.7143
100718000,3799.7526,13915700,179952100,9117781100,104056934900,3783.0367,3799.7526,3764.7764,3749.7143
100723000,3799.7862,9597400,115410300,9127378500,104172345200,3783.0367,3799.7862,3764.7764,3749.7143
100728000,3799.6247,12533600,151376400,9139912100,104323721600,3783.0367,3799.7862,3764.7764,3749.7143
100733000,3799.4974,14247900,184932800,9154160000,104508654400,3783.0367,3799.7862,3764.7764,3749.7143
100738000,3799.7407,16082700,181110200,9170242700,104689764600,3783.0367,3799.7862,3764.7764,3749.7143
100743000,3799.5282,10601200,124556400,9180843900,104814321000,3783.0367,3799.7862,3764.7764,3749.7143
100748000,3800.0056,14317700,153225700,9195161600,104967546700,3783.0367,3800.0056,3764.7764,3749.7143
100753000,3799.9407,11555000,131605000,9206716600,105099151700,3783.0367,3800.0056,3764.7764,3749.7143
100758000,3799.8961,11952200,150159800,9218668800,105249311500,3783.0367,3800.0056,3764.7764,3749.7143
100803000,3799.8493,12567900,156114000,9231236700,105405425500,3783.0367,3800.0056,3764.7764,3749.7143
100808000,3800.0186,12249900,148875700,9243486600,105554301200,3783.0367,3800.0186,3764.7764,3749.7143
100813000,3799.9374,9074000,112261300,9252560600,105666562500,3783.0367,3800.0186,3764.7764,3749.7143
100818000,3800.07,13415300,144435800,9265975900,105810998300,3783.0367,3800.07,3764.7764,3749.7143
100823000,3800.1694,13299900,146114600,9279275800,105957112900,3783.0367,3800.1694,3764.7764,3749.7143
100828000,3800.1615,12203300,162550500,9291479100,106119663400,3783.0367,3800.1694,3764.7764,3749.7143
100833000,3800.0511,11598800,154866300,9303077900,106274529700,3783.0367,3800.1694,3764.7764,3749.7143
100838000,3799.8732,12799400,151868100,9315877300,106426397800,3783.0367,3800.1694,3764.7764,3749.7143
100843000,3799.4323,9559100,129857500,9325436400,106556255300,3783.0367,3800.1694,3764.7764,3749.7143
100848000,3799.573,13074600,154190600,9338511000,106710445900,3783.0367,3800.1694,3764.7764,3749.7143
100853000,3799.1428,13680500,140756200,9352191500,106851202100,3783.0367,3800.1694,3764.7764,3749.7143
100858000,3798.6179,11384700,144908800,9363576200,106996110900,3783.0367,3800.1694,3764.7764,3749.7143
100903000,3798.5292,15124600,167137200,9378700800,107163248100,3783.0367,3800.1694,3764.7764,3749.7143
100908000,3798.234,14491600,174347700,9393192400,107337595800,3783.0367,3800.1694,3764.7764,3749.7143
100913000,3798.0192,9778700,120212300,9402971100,107457808100,3783.0367,3800.1694,3764.7764,3749.7143
100918000,3798.2929,10828000,126558400,9413799100,107584366500,3783.0367,3800.1694,3764.7764,3749.7143
100923000,3797.839,10195900,117137600,9423995000,107701504100,3783.0367,3800.1694,3764.7764,3749.7143
100928000,3797.4115,10402300,131318500,9434397300,107832822600,3783.0367,3800.1694,3764.7764,3749.7143
100933000,3797.4018,11327900,139593300,9445725200,107972415900,3783.0367,3800.1694,3764.7764,3749.7143
100938000,3797.5974,11340700,128401700,9457065900,108100817600,3783.0367,3800.1694,3764.7764,3749.7143
100943000,3796.971,8998100,105698300,9466064000,108206515900,3783.0367,3800.1694,3764.7764,3749.7143
100948000,3796.488,11651000,116117400,9477715000,108322633300,3783.0367,3800.1694,3764.7764,3749.7143
100953000,3796.7046,13256100,136904800,9490971100,108459538100,3783.0367,3800.1694,3764.7764,3749.7143
100958000,3796.7029,8188500,104723900,9499159600,108564262000,3783.0367,3800.1694,3764.7764,3749.7143
101003000,3795.9962,13227300,148748000,9512386900,108713010000,3783.0367,3800.1694,3764.7764,3749.7143
101008000,3796.1211,12039100,131961200,9524426000,108844971200,3783.0367,3800.1694,3764.7764,3749.7143
101013000,3796.1103,10109500,113103000,9534535500,108958074200,3783.0367,3800.1694,3764.7764,3749.7143
101018000,3795.8769,10086100,117880100,9544621600,109075954300,3783.0367,3800.1694,3764.7764,3749.7143
101023000,3795.9845,9288100,110510000,9553909700,109186464300,3783.0367,3800.1694,3764.7764,3749.7143
101028000,3795.5469,9279500,127290700,9563189200,109313755000,3783.0367,3800.1694,3764.7764,3749.7143
101033000,3795.7529,12541800,135566500,9575731000,109449321500,3783.0367,3800.1694,3764.7764,3749.7143
101038000,3795.7165,11774800,131632200,9587505800,109580953700,3783.0367,3800.1694,3764.7764,3749.7143
101043000,3795.6549,6324900,81642900,9593830700,109662596600,3783.0367,3800.1694,3764.7764,3749.7143
101048000,3795.2508,8940300,110775400,9602771000,109773372000,3783.0367,3800.1694,3764.7764,3749.7143
101053000,3795.5919,7681400,89190300,9610452400,109862562300,3783.0367,3800.1694,3764.7764,3749.7143
101058000,3794.9423,10246500,130069300,9620698900,109992631600,3783.0367,3800.1694,3764.7764,3749.7143
101103000,3794.5688,10372700,110314700,9631071600,110102946300,3783.0367,3800.1694,3764.7764,3749.7143
101108000,3794.6479,11615900,133736100,9642687500,110236682400,3783.0367,3800.1694,3764.7764,3749.7143
101113000,3794.4348,6774600,94518300,9649462100,110331200700,3783.0367,3800.1694,3764.7764,3749.7143
101118000,3794.3213,11473900,134317500,9660936000,110465518200,3783.0367,3800.1694,3764.7764,3749.7143
101123000,3793.0414,11397200,117877300,9672333200,110583395500,3783.0367,3800.1694,3764.7764,3749.7143
101128000,3793.0006,10327200,135188800,9682660400,110718584300,3783.0367,3800.1694,3764.7764,3749.7143
101133000,3792.6526,13998900,158545000,9696659300,110877129300,3783.0367,3800.1694,3764.7764,3749.7143
101138000,3792.1062,11161000,143049400,9707820300,111020178700,3783.0367,3800.1694,3764.7764,3749.7143
101143000,3792.0364,10454500,117007000,9718274800,111137185700,3783.0367,3800.1694,3764.7764,3749.7143
101148000,3792.1236,9164200,118984200,9727439000,111256169900,3783.0367,3800.1694,3764.7764,3749.7143
101153000,3791.7544,8393600,95806400,9735832600,111351976300,3783.0367,3800.1694,3764.7764,3749.7143
101158000,3791.0275,10347400,132736300,9746180000,111484712600,3783.0367,3800.1694,3764.7764,3749.7143
101203000,3791.3362,9190900,118995200,9755370900,111603707800,3783.0367,3800.1694,3764.7764,3749.7143
101208000,3790.8287,9052300,127229700,9764423200,111730937500,3783.0367,3800.1694,3764.7764,3749.7143
101213000,3790.8412,6321900,83988600,9770745100,111814926100,3783.0367,3800.1694,3764.7764,3749.7143
101218000,3790.5921,9744200,116565400,9780489300,111931491500,3783.0367,3800.1694,3764.7764,3749.7143
101223000,3790.3233,10464200,103953000,9790953500,112035444500,3783.0367,3800.1694,3764.7764,3749.7143
101228000,3790.1102,8935100,113200500,9799888600,112148645000,3783.0367,3800.1694,3764.7764,3749.7143
101233000,3790.3362,10185900,111023700,9810074500,112259668700,3783.0367,3800.1694,3764.7764,3749.7143
101238000,3790.0513,9307300,121627000,9819381800,112381295700,3783.0367,3800.1694,3764.7764,3749.7143
101243000,3790.3225,5937500,71118800,9825319300,112452414500,3783.0367,3800.1694,3764.7764,3749.7143
101248000,3790.6088,8756000,98732600,9834075300,112551147100,3783.0367,3800.1694,3764.7764,3749.7143
101253000,3790.5939,8517900,99998200,9842593200,112651145300,3783.0367,3800.1694,3764.7764,3749.7143
101258000,3790.4597,8072200,103907700,9850665400,112755053000,3783.0367,3800.1694,3764.7764,3749.7143
101303000,3790.6267,9993000,112547100,9860658400,112867600100,3783.0367,3800.1694,3764.7764,3749.7143
101308000,3790.4566,8934200,99562300,9869592600,112967162400,3783.0367,3800.1694,3764.7764,3749.7143
101313000,3790.661,6145900,80230500,9875738500,113047392900,3783.0367,3800.1694,3764.7764,3749.7143
101318000,3790.7968,11032600,113768600,9886771100,113161161500,3783.0367,3800.1694,3764.7764,3749.7143
101323000,3791.4097,10616000,105725700,9897387100,113266887200,3783.0367,3800.1694,3764.7764,3749.7143
101328000,3791.9453,10047900,147952400,9907435000,113414839600,3783.0367,3800.1694,3764.7764,3749.7143
101333000,3793.074,9763600,121077100,9917198600,113535916700,3783.0367,3800.1694,3764.7764,3749.7143
101338000,3794.3411,14290300,162338700,9931488900,113698255400,3783.0367,3800.1694,3764.7764,3749.7143
101343000,3793.7045,7372800,88737100,9938861700,113786992500,3783.0367,3800.1694,3764.7764,3749.7143
101348000,3794.2902,14956500,148552200,9953818200,113935544700,3783.0367,3800.1694,3764.7764,3749.7143
101353000,3794.4037,9069600,100107000,9962887800,114035651700,3783.0367,3800.1694,3764.7764,3749.7143
101358000,3795.1077,8827100,116959900,9971714900,114152611600,3783.0367,3800.1694,3764.7764,3749.7143
101403000,3795.5118,10659600,124901600,9982374500,114277513200,3783.0367,3800.1694,3764.7764,3749.7143
101408000,3796.6296,12947900,160239500,9995322400,114437752700,3783.0367,3800.1694,3764.7764,3749.7143
101413000,3797.239,11166300,127127600,10006488700,114564880300,3783.0367,3800.1694,3764.7764,3749.7143
101418000,3798.081,11827900,148727000,10018316600,114713607300,3783.0367,3800.1694,3764.7764,3749.7143
101423000,3798.1641,9508800,93255800,10027825400,114806863100,3783.0367,3800.1694,3764.7764,3749.7143
101428000,3798.0209,8532100,113473400,10036357500,114920336500,3783.0367,3800.1694,3764.7764,3749.7143
101433000,3798.6002,15032600,152232400,10051390100,115072568900,3783.0367,3800.1694,3764.7764,3749.7143
101438000,3799.1501,12463800,166507300,10063853900,115239076200,3783.0367,3800.1694,3764.7764,3749.7143
101443000,3800.0534,9194700,108546000,10073048600,115347622200,3783.0367,3800.1694,3764.7764,3749.7143
101448000,3801.7449,15942400,202695100,10088991000,115550317300,3783.0367,3801.7449,3764.7764,3749.7143
101453000,3802.5241,13567500,164986300,10102558500,115715303600,3783.0367,3802.5241,3764.7764,3749.7143
101458000,3803.2867,13139300,159771300,10115697800,115875074900,3783.0367,3803.2867,3764.7764,3749.7143
101503000,3803.295,13614900,202056500,10129312700,116077131400,3783.0367,3803.295,3764.7764,3749.7143
101508000,3804.0755,14711900,157900800,10144024600,116235032200,3783.0367,3804.0755,3764.7764,3749.7143
101513000,3804.2346,11358000,136909100,10155382600,116371941300,3783.0367,3804.2346,3764.7764,3749.7143
101518000,3804.8629,12568300,150520600,10167950900,116522461900,3783.0367,3804.8629,3764.7764,3749.7143
101523000,3805.3396,11466000,146127300,10179416900,116668589200,3783.0367,3805.3396,3764.7764,3749.7143
101528000,3804.9975,9139800,125299400,10188556700,116793888600,3783.0367,3805.3396,3764.7764,3749.7143
101533000,3805.4762,10763600,133221600,10199320300,116927110200,3783.0367,3805.4762,3764.7764,3749.7143
101538000,3805.7245,10441000,140222000,10209761300,117067332200,3783.0367,3805.7245,3764.7764,3749.7143
101543000,3806.1989,7936300,104894500,10217697600,117172226700,3783.0367,3806.1989,3764.7764,3749.7143
101548000,3806.7048,11539500,152896700,10229237100,117325123400,3783.0367,3806.7048,3764.7764,3749.7143
101553000,3806.4889,12127500,132962200,10241364600,117458085600,3783.0367,3806.7048,3764.7764,3749.7143
101558000,3806.7524,10451600,131144200,10251816200,117589229800,3783.0367,3806.7524,3764.7764,3749.7143
101603000,3807.1904,13238600,147615000,10265054800,117736844800,3783.0367,3807.1904,3764.7764,3749.7143
101608000,3807.1293,14673900,173168900,10279728700,117910013700,3783.0367,3807.1904,3764.7764,3749.7143
101613000,3807.2141,9006600,107120700,10288735300,118017134400,3783.0367,3807.2141,3764.7764,3749.7143
101618000,3807.171,14621900,180080600,10303357200,118197215000,3783.0367,3807.2141,3764.7764,3749.7143
101623000,3807.338,11905800,123999700,10315263000,118321214700,3783.0367,3807.338,3764.7764,3749.7143
101628000,3807.4243,11659800,142164300,10326922800,118463379000,3783.0367,3807.4243,3764.7764,3749.7143
101633000,3807.4438,12549700,143026100,10339472500,118606405100,3783.0367,3807.4438,3764.7764,3749.7143
101638000,3807.7054,12430600,172444400,10351903100,118778849500,3783.0367,3807.7054,3764.7764,3749.7143
101643000,3807.6104,9356400,105989900,10361259500,118884839400,3783.0367,3807.7054,3764.7764,3749.7143
101648000,3807.7502,14313600,152902100,10375573100,119037741500,3783.0367,3807.7502,3764.7764,3749.7143
101653000,3807.9661,10310600,113215700,10385883700,119150957200,3783.0367,3807.9661,3764.7764,3749.7143
101658000,3807.8031,10512300,124305400,10396396000,119275262600,3783.0367,3807.9661,3764.7764,3749.7143
101703000,3807.7051,14102400,160627200,10410498400,119435889800,3783.0367,3807.9661,3764.7764,3749.7143
101708000,3807.9989,16991200,175102400,10427489600,119610992200,3783.0367,3807.9989,3764.7764,3749.7143
101713000,3808.1221,8640200,117486700,10436129800,119728478900,3783.0367,3808.1221,3764.7764,3749.7143
101718000,3808.5443,13670900,157990200,10449800700,119886469100,3783.0367,3808.5443,3764.7764,3749.7143
101723000,3808.0854,11189700,132931500,10460990400,120019400600,3783.0367,3808.5443,3764.7764,3749.7143
101728000,3808.2791,10837400,142644400,10471827800,120162045000,3783.0367,3808.5443,3764.7764,3749.7143
101733000,3808.1678,11421200,142355300,10483249000,120304400300,3783.0367,3808.5443,3764.7764,3749.7143
101738000,3807.8412,12287300,144178200,10495536300,120448578500,3783.0367,3808.5443,3764.7764,3749.7143
101743000,3808.181,9668100,118979500,10505204400,120567558000,3783.0367,3808.5443,3764.7764,3749.7143
101748000,3808.324,13359700,159430600,10518564100,120726988600,3783.0367,3808.5443,3764.7764,3749.7143
101753000,3808.3728,12846000,122429300,10531410100,120849417900,3783.0367,3808.5443,3764.7764,3749.7143
101758000,3808.3209,12212000,123178700,10543622100,120972596600,3783.0367,3808.5443,3764.7764,3749.7143
101803000,3808.5888,19613500,156465300,10563235600,121129061900,3783.0367,3808.5888,3764.7764,3749.7143
101808000,3808.6231,11929300,144508100,10575164900,121273570000,3783.0367,3808.6231,3764.7764,3749.7143
101813000,3808.93,9111200,98914900,10584276100,121372484900,3783.0367,3808.93,3764.7764,3749.7143
101818000,3808.6895,11529200,120033200,10595805300,121492518100,3783.0367,3808.93,3764.7764,3749.7143
101823000,3808.6773,11254300,112178500,10607059600,121604696600,3783.0367,3808.93,3764.7764,3749.7143
101828000,3808.5758,11338000,120808800,10618397600,121725505400,3783.0367,3808.93,3764.7764,3749.7143
101833000,3808.6634,14809900,144345800,10633207500,121869851200,3783.0367,3808.93,3764.7764,3749.7143
101838000,3808.2246,16284400,166690300,10649491900,122036541500,3783.0367,3808.93,3764.7764,3749.7143
101843000,3808.2285,8937400,103213000,10658429300,122139754500,3783.0367,3808.93,3764.7764,3749.7143
101848000,3808.4703,11945600,138656300,10670374900,122278410800,3783.0367,3808.93,3764.7764,3749.7143
101853000,3808.3367,10266600,104511500,10680641500,122382922300,3783.0367,3808.93,3764.7764,3749.7143
101858000,3808.4017,11975500,142361800,10692617000,122525284100,3783.0367,3808.93,3764.7764,3749.7143
101903000,3808.4479,12175700,124500400,10704792700,122649784500,3783.0367,3808.93,3764.7764,3749.7143
101908000,3808.2924,15326600,146742600,10720119300,122796527100,3783.0367,3808.93,3764.7764,3749.7143
101913000,3808.213,10246500,121770400,10730365800,122918297500,3783.0367,3808.93,3764.7764,3749.7143
101918000,3808.2253,11448200,140578200,10741814000,123058875700,3783.0367,3808.93,3764.7764,3749.7143
101923000,3808.2666,9876200,113045000,10751690200,123171920700,3783.0367,3808.93,3764.7764,3749.7143
101928000,3808.3096,10809500,124055200,10762499700,123295975900,3783.0367,3808.93,3764.7764,3749.7143
101933000,3808.3174,13345700,138080100,10775845400,123434056000,3783.0367,3808.93,3764.7764,3749.7143
101938000,3808.5408,13314600,143210800,10789160000,123577266800,3783.0367,3808.93,3764.7764,3749.7143
101943000,3808.5205,8916400,93917500,10798076400,123671184300,3783.0367,3808.93,3764.7764,3749.7143
101948000,3808.5998,10300600,120417600,10808377000,123791601900,3783.0367,3808.93,3764.7764,3749.7143
101953000,3808.5904,10321900,106787200,10818698900,123898389100,3783.0367,3808.93,3764.7764,3749.7143
101958000,3808.156,9237200,102213300,10827936100,124000602400,3783.0367,3808.93,3764.7764,3749.7143
102003000,3808.2067,12676800,126359400,10840612900,124126961800,3783.0367,3808.93,3764.7764,3749.7143
102008000,3808.4771,13175200,132462900,10853788100,124259424700,3783.0367,3808.93,3764.7764,3749.7143
102013000,3808.7005,10871000,112517700,10864659100,124371942400,3783.0367,3808.93,3764.7764,3749.7143
102018000,3809.0633,11858800,136931000,10876517900,124508873400,3783.0367,3809.0633,3764.7764,3749.7143
102023000,3809.4834,12105900,130616800,10888623800,124639490200,3783.0367,3809.4834,3764.7764,3749.7143
102028000,3810.8069,14718300,171188600,10903342100,124810678800,3783.0367,3810.8069,3764.7764,3749.7143
102033000,3811.1629,16682700,204218800,10920024800,125014897600,3783.0367,3811.1629,3764.7764,3749.7143
102038000,3811.9063,15163900,168783700,10935188700,125183681300,3783.0367,3811.9063,3764.7764,3749.7143
102043000,3811.8233,11515400,126288900,10946704100,125309970200,3783.0367,3811.9063,3764.7764,3749.7143
102048000,3812.4022,11493400,122813300,10958197500,125432783500,3783.0367,3812.4022,3764.7764,3749.7143
102053000,3812.7256,12363500,124412100,10970561000,125557195600,3783.0367,3812.7256,3764.7764,3749.7143
102058000,3812.85,14656100,139042200,10985217100,125696237800,3783.0367,3812.85,3764.7764,3749.7143
102103000,3813.1817,13065100,132116900,10998282200,125828354700,3783.0367,3813.1817,3764.7764,3749.7143
102108000,3813.2621,13792200,155964000,11012074400,125984318700,3783.0367,3813.2621,3764.7764,3749.7143
102113000,3813.5242,9999700,112491100,11022074100,126096809800,3783.0367,3813.5242,3764.7764,3749.7143
102118000,3813.3442,11419500,132185900,11033493600,126228995700,3783.0367,3813.5242,3764.7764,3749.7143
102123000,3813.2865,10713000,131851900,11044206600,126360847600,3783.0367,3813.5242,3764.7764,3749.7143
102128000,3813.1088,12334400,153397900,11056541000,126514245500,3783.0367,3813.5242,3764.7764,3749.7143
102133000,3812.8315,14182800,176742600,11070723800,126690988100,3783.0367,3813.5242,3764.7764,3749.7143
102138000,3811.8681,12419100,163620000,11083142900,126854608100,3783.0367,3813.5242,3764.7764,3749.7143
102143000,3811.361,11232800,141595500,11094375700,126996203600,3783.0367,3813.5242,3764.7764,3749.7143
102148000,3811.3655,15114300,165831100,11109490000,127162034700,3783.0367,3813.5242,3764.7764,3749.7143
102153000,3810.9172,12686500,137085900,11122176500,127299120600,3783.0367,3813.5242,3764.7764,3749.7143
102158000,3810.8588,11141900,137103600,11133318400,127436224200,3783.0367,3813.5242,3764.7764,3749.7143
102203000,3810.2189,16493500,162133200,11149811900,127598357400,3783.0367,3813.5242,3764.7764,3749.7143
102208000,3810.05,14997900,159540600,11164809800,127757898000,3783.0367,3813.5242,3764.7764,3749.7143
102213000,3809.6906,13186800,131054200,11177996600,127888952200,3783.0367,3813.5242,3764.7764,3749.7143
102218000,3809.4511,12470300,147173000,11190466900,128036125200,3783.0367,3813.5242,3764.7764,3749.7143
102223000,3809.7627,8634300,103260600,11199101200,128139385800,3783.0367,3813.5242,3764.7764,3749.7143
102228000,3809.433,10024300,120166400,11209125500,128259552200,3783.0367,3813.5242,3764.7764,3749.7143
102233000,3809.5681,12493300,131270600,11221618800,128390822800,3783.0367,3813.5242,3764.7764,3749.7143
102238000,3809.3361,14557200,136530900,11236176000,128527353700,3783.0367,3813.5242,3764.7764,3749.7143
102243000,3809.4107,8818900,97525600,11244994900,128624879300,3783.0367,3813.5242,3764.7764,3749.7143
102248000,3808.8473,15644000,145696000,11260638900,128770575300,3783.0367,3813.5242,3764.7764,3749.7143
102253000,3809.352,8395200,83966000,11269034100,128854541300,3783.0367,3813.5242,3764.7764,3749.7143
102258000,3809.4796,12885200,135516300,11281919300,128990057600,3783.0367,3813.5242,3764.7764,3749.7143
102303000,3809.0178,11537400,123930500,11293456700,129113988100,3783.0367,3813.5242,3764.7764,3749.7143
102308000,3809.0826,13667700,148196900,11307124400,129262185000,3783.0367,3813.5242,3764.7764,3749.7143
102313000,3808.6167,9712900,101284000,11316837300,129363469000,3783.0367,3813.5242,3764.7764,3749.7143
102318000,3808.9848,11725800,121140400,11328563100,129484609400,3783.0367,3813.5242,3764.7764,3749.7143
102323000,3808.9519,12569400,121018600,11341132500,129605628000,3783.0367,3813.5242,3764.7764,3749.7143
102328000,3808.7921,10747400,113656800,11351879900,129719284800,3783.0367,3813.5242,3764.7764,3749.7143
102333000,3808.5415,11442400,125547200,11363322300,129844832000,3783.0367,3813.5242,3764.7764,3749.7143
102338000,3808.5748,11440000,118089700,11374762300,129962921700,3783.0367,3813.5242,3764.7764,3749.7143
102343000,3808.211,7626400,81516400,11382388700,130044438100,3783.0367,3813.5242,3764.7764,3749.7143
102348000,3808.3259,11914400,116887600,11394303100,130161325700,3783.0367,3813.5242,3764.7764,3749.7143
102353000,3808.2031,9412000,96550000,11403715100,130257875700,3783.0367,3813.5242,3764.7764,3749.7143
102358000,3808.3446,8537800,95503000,11412252900,130353378700,3783.0367,3813.5242,3764.7764,3749.7143
102403000,3807.6434,11703500,127476900,11423956400,130480855600,3783.0367,3813.5242,3764.7764,3749.7143
102408000,3807.8204,11816400,131068300,11435772800,130611923900,3783.0367,3813.5242,3764.7764,3749.7143
102413000,3807.926,6382700,77680600,11442155500,130689604500,3783.0367,3813.5242,3764.7764,3749.7143
102418000,3807.7055,10873000,123199000,11453028500,130812803500,3783.0367,3813.5242,3764.7764,3749.7143
102423000,3807.847,8643600,91512400,11461672100,130904315900,3783.0367,3813.5242,3764.7764,3749.7143
102428000,3807.3646,9289500,110174700,11470961600,131014490600,3783.0367,3813.5242,3764.7764,3749.7143
102433000,3807.3512,10954900,121327400,11481916500,131135818000,3783.0367,3813.5242,3764.7764,3749.7143
102438000,3807.1294,10637500,125796600,11492554000,131261614600,3783.0367,3813.5242,3764.7764,3749.7143
102443000,3806.8221,10430800,114025900,11502984800,131375640500,3783.0367,3813.5242,3764.7764,3749.7143
102448000,3806.6882,8450100,92122100,11511434900,131467762600,3783.0367,3813.5242,3764.7764,3749.7143
102453000,3807.1772,8847200,97233400,11520282100,131564996000,3783.0367,3813.5242,3764.7764,3749.7143
102458000,3806.9477,9777000,121570200,11530059100,131686566200,3783.0367,3813.5242,3764.7764,3749.7143
102503000,3806.4047,9258200,109774500,11539317300,131796340700,3783.0367,3813.5242,3764.7764,3749.7143
102508000,3806.4303,10005300,115951900,11549322600,131912292600,3783.0367,3813.5242,3764.7764,3749.7143
102513000,3806.331,7714300,93300400,11557036900,132005593000,3783.0367,3813.5242,3764.7764,3749.7143
102518000,3806.283,9505100,104724400,11566542000,132110317400,3783.0367,3813.5242,3764.7764,3749.7143
102523000,3806.3957,7740000,83193000,11574282000,132193510400,3783.0367,3813.5242,3764.7764,3749.7143
102528000,3806.5979,9228000,136526100,11583510000,132330036500,3783.0367,3813.5242,3764.7764,3749.7143
102533000,3806.3182,9487800,95877800,11592997800,132425914300,3783.0367,3813.5242,3764.7764,3749.7143
102538000,3806.0049,9920800,112654500,11602918600,132538568800,3783.0367,3813.5242,3764.7764,3749.7143
102543000,3806.0438,4521600,61590500,11607440200,132600159300,3783.0367,3813.5242,3764.7764,3749.7143
102548000,3805.5677,8742900,94021500,11616183100,132694180800,3783.0367,3813.5242,3764.7764,3749.7143
102553000,3805.5989,6016700,78749400,11622199800,132772930200,3783.0367,3813.5242,3764.7764,3749.7143
102558000,3805.6054,7441000,90190600,11629640800,132863120800,3783.0367,3813.5242,3764.7764,3749.7143
102603000,3805.2492,9713000,107684100,11639353800,132970804900,3783.0367,3813.5242,3764.7764,3749.7143
102608000,3805.4376,9098500,114228300,11648452300,133085033200,3783.0367,3813.5242,3764.7764,3749.7143
102613000,3805.455,6442200,83520200,11654894500,133168553400,3783.0367,3813.5242,3764.7764,3749.7143
102618000,3805.439,7731600,109490600,11662626100,133278044000,3783.0367,3813.5242,3764.7764,3749.7143
102623000,3805.1294,7283200,78716100,11669909300,133356760100,3783.0367,3813.5242,3764.7764,3749.7143
102628000,3805.0768,7837300,103275900,11677746600,133460036000,3783.0367,3813.5242,3764.7764,3749.7143
102633000,3805.155,8719700,96200500,11686466300,133556236500,3783.0367,3813.5242,3764.7764,3749.7143
102638000,3805.9235,9395300,116496200,11695861600,133672732700,3783.0367,3813.5242,3764.7764,3749.7143
102643000,3805.5487,5491100,75978900,11701352700,133748711600,3783.0367,3813.5242,3764.7764,3749.7143
102648000,3805.1693,8970300,111008500,11710323000,133859720100,3783.0367,3813.5242,3764.7764,3749.7143
102653000,3805.4651,6103100,71998400,11716426100,133931718500,3783.0367,3813.5242,3764.7764,3749.7143
102658000,3805.7139,7974900,103774400,11724401000,134035492900,3783.0367,3813.5242,3764.7764,3749.7143
102703000,3805.2254,12984900,123311900,11737385900,134158804800,3783.0367,3813.5242,3764.7764,3749.7143
102708000,3805.7683,9302100,107419900,11746688000,134266224700,3783.0367,3813.5242,3764.7764,3749.7143
102713000,3805.6882,6209800,84577400,11752897800,134350802100,3783.0367,3813.5242,3764.7764,3749.7143
102718000,3806.0214,9516200,102082600,11762414000,134452884700,3783.0367,3813.5242,3764.7764,3749.7143
102723000,3806.1077,9123600,96847000,11771537600,134549731700,3783.0367,3813.5242,3764.7764,3749.7143
102728000,3805.9854,8031400,102018900,11779569000,134651750600,3783.0367,3813.5242,3764.7764,3749.7143
102733000,3805.8104,9116500,116160100,11788685500,134767910700,3783.0367,3813.5242,3764.7764,3749.7143
102738000,3806.0999,7136700,94811500,11795822200,134862722200,3783.0367,3813.5242,3764.7764,3749.7143
102743000,3805.5947,6034500,76347400,11801856700,134939069600,3783.0367,3813.5242,3764.7764,3749.7143
102748000,3805.3888,10000500,115155000,11811857200,135054224600,3783.0367,3813.5242,3764.7764,3749.7143
102753000,3805.8827,7105200,77587500,11818962400,135131812100,3783.0367,3813.5242,3764.7764,3749.7143
102758000,3805.8801,9495200,109839800,11828457600,135241651900,3783.0367,3813.5242,3764.7764,3749.7143
102803000,3806.1193,10053800,122583300,11838511400,135364235200,3783.0367,3813.5242,3764.7764,3749.7143
102808000,3805.9657,6680600,98110400,11845192000,135462345600,3783.0367,3813.5242,3764.7764,3749.7143
102813000,3806.1522,6267200,86800300,11851459200,135549145900,3783.0367,3813.5242,3764.7764,3749.7143
102818000,3806.0384,10802400,125990900,11862261600,135675136800,3783.0367,3813.5242,3764.7764,3749.7143
102823000,3807.0313,8584600,91041800,11870846200,135766178600,3783.0367,3813.5242,3764.7764,3749.7143
102828000,3806.8762,8621300,115410900,11879467500,135881589500,3783.0367,3813.5242,3764.7764,3749.7143
102833000,3806.8235,8380900,99113100,11887848400,135980702600,3783.0367,3813.5242,3764.7764,3749.7143
102838000,3807.2791,10082900,106587800,11897931300,136087290400,3783.0367,3813.5242,3764.7764,3749.7143
102843000,3807.5997,5515900,67918600,11903447200,136155209000,3783.0367,3813.5242,3764.7764,3749.7143
102848000,3807.2023,8596800,104346000,11912044000,136259555000,3783.0367,3813.5242,3764.7764,3749.7143
102853000,3807.4583,6856200,74977600,11918900200,136334532600,3783.0367,3813.5242,3764.7764,3749.7143
102858000,3807.5146,6736800,100344100,11925637000,136434876700,3783.0367,3813.5242,3764.7764,3749.7143
102903000,3807.3192,8203100,113999600,11933840100,136548876300,3783.0367,3813.5242,3764.7764,3749.7143
102908000,3807.4495,8938700,116362800,11942778800,136665239100,3783.0367,3813.5242,3764.7764,3749.7143
102913000,3808.18,5376100,88628400,11948154900,136753867500,3783.0367,3813.5242,3764.7764,3749.7143
102918000,3808.5958,9504300,130835300,11957659200,136884702800,3783.0367,3813.5242,3764.7764,3749.7143
102923000,3808.6669,7054600,93956800,11964713800,136978659600,3783.0367,3813.5242,3764.7764,3749.7143
102928000,3809.2287,7709300,105994500,11972423100,137084654100,3783.0367,3813.5242,3764.7764,3749.7143
102933000,3808.8652,9921800,128449400,11982344900,137213103500,3783.0367,3813.5242,3764.7764,3749.7143
102938000,3809.2282,10712900,124143900,11993057800,137337247400,3783.0367,3813.5242,3764.7764,3749.7143
102943000,3809.4387,6321500,74344100,11999379300,137411591500,3783.0367,3813.5242,3764.7764,3749.7143
102948000,3809.1054,9567500,133140800,12008946800,137544732300,3783.0367,3813.5242,3764.7764,3749.7143
102953000,3809.4522,7681200,85716200,12016628000,137630448500,3783.0367,3813.5242,3764.7764,3749.7143
102958000,3809.7988,7691100,108667600,12024319100,137739116100,3783.0367,3813.5242,3764.7764,3749.7143
103003000,3809.8389,8031300,121003900,12032350400,137860120000,3783.0367,3813.5242,3764.7764,3749.7143
103008000,3809.6769,10665600,127202700,12043016000,137987322700,3783.0367,3813.5242,3764.7764,3749.7143
103013000,3809.9103,6095400,74100600,12049111400,138061423300,3783.0367,3813.5242,3764.7764,3749.7143
103018000,3809.8514,8299700,104377800,12057411100,138165801100,3783.0367,3813.5242,3764.7764,3749.7143
103023000,3809.7609,7512500,92486800,12064923600,138258287900,3783.0367,3813.5242,3764.7764,3749.7143
103028000,3809.628,8157200,104070800,12073080800,138362358700,3783.0367,3813.5242,3764.7764,3749.7143
103033000,3809.899,8031000,103191400,12081111800,138465550100,3783.0367,3813.5242,3764.7764,3749.7143
103038000,3809.9101,10032800,133794500,12091144600,138599344600,3783.0367,3813.5242,3764.7764,3749.7143
103043000,3809.5805,5813000,75812300,12096957600,138675156900,3783.0367,3813.5242,3764.7764,3749.7143
103048000,3808.9136,8109300,96944500,12105066900,138772101400,3783.0367,3813.5242,3764.7764,3749.7143
103053000,3808.9317,9142900,94809100,12114209800,138866910500,3783.0367,3813.5242,3764.7764,3749.7143
103058000,3808.5352,10382500,129421000,12124592300,138996331500,3783.0367,3813.5242,3764.7764,3749.7143
103103000,3808.2015,9377200,113095600,12133969500,139109427100,3783.0367,3813.5242,3764.7764,3749.7143
103108000,3807.7472,9554400,127382900,12143523900,139236810000,3783.0367,3813.5242,3764.7764,3749.7143
103113000,3807.7883,6436300,94408000,12149960200,139331218000,3783.0367,3813.5242,3764.7764,3749.7143
103118000,3807.792,7035900,99086100,12156996100,139430304100,3783.0367,3813.5242,3764.7764,3749.7143
103123000,3807.5232,6503000,79055500,12163499100,139509359600,3783.0367,3813.5242,3764.7764,3749.7143
103128000,3807.4457,7987300,101388000,12171486400,139610747600,3783.0367,3813.5242,3764.7764,3749.7143
103133000,3807.3046,8196500,97592200,12179682900,139708339800,3783.0367,3813.5242,3764.7764,3749.7143
103138000,3807.0688,9417000,107783100,12189099900,139816122900,3783.0367,3813.5242,3764.7764,3749.7143
103143000,3807.0153,6753700,86417800,12195853600,139902540700,3783.0367,3813.5242,3764.7764,3749.7143
103148000,3806.4862,11069700,125669400,12206923300,140028210100,3783.0367,3813.5242,3764.7764,3749.7143
103153000,3806.0764,10116500,110505400,12217039800,140138715500,3783.0367,3813.5242,3764.7764,3749.7143
103158000,3805.6041,9917900,125436200,12226957700,140264151700,3783.0367,3813.5242,3764.7764,3749.7143
103203000,3804.5506,11328100,161225500,12238285800,140425377200,3783.0367,3813.5242,3764.7764,3749.7143
103208000,3803.7365,11821400,145453700,12250107200,140570830900,3783.0367,3813.5242,3764.7764,3749.7143
103213000,3803.5155,9319500,118460100,12259426700,140689291000,3783.0367,3813.5242,3764.7764,3749.7143
103218000,3803.2878,12722600,124227800,12272149300,140813518800,3783.0367,3813.5242,3764.7764,3749.7143
103223000,3803.1082,15246700,120649700,12287396000,140934168500,3783.0367,3813.5242,3764.7764,3749.7143
103228000,3802.6279,9397700,111053900,12296793700,141045222400,3783.0367,3813.5242,3764.7764,3749.7143
103233000,3802.2263,11084200,124957800,12307877900,141170180200,3783.0367,3813.5242,3764.7764,3749.7143
103238000,3801.47,12242900,132024800,12320120800,141302205000,3783.0367,3813.5242,3764.7764,3749.7143
103243000,3801.1076,14521200,125994200,12334642000,141428199200,3783.0367,3813.5242,3764.7764,3749.7143
103248000,3799.3179,19302000,197835300,12353944000,141626034500,3783.0367,3813.5242,3764.7764,3749.7143
103253000,3798.9849,18419900,164760900,12372363900,141790795400,3783.0367,3813.5242,3764.7764,3749.7143
103258000,3798.341,15972900,179137000,12388336800,141969932400,3783.0367,3813.5242,3764.7764,3749.7143
103303000,3797.2546,14169900,176359300,12402506700,142146291700,3783.0367,3813.5242,3764.7764,3749.7143
103308000,3796.4913,18306100,192671300,12420812800,142338963000,3783.0367,3813.5242,3764.7764,3749.7143
103313000,3796.6467,15104100,135030700,12435916900,142473993700,3783.0367,3813.5242,3764.7764,3749.7143
103318000,3795.9718,15886600,169358100,12451803500,142643351800,3783.0367,3813.5242,3764.7764,3749.7143
103323000,3795.3151,10154300,119577200,12461957800,142762929000,3783.0367,3813.5242,3764.7764,3749.7143
103328000,3795.091,13494300,146918400,12475452100,142909847400,3783.0367,3813.5242,3764.7764,3749.7143
103333000,3794.5051,13802500,136549900,12489254600,143046397300,3783.0367,3813.5242,3764.7764,3749.7143
103338000,3794.3298,11154100,149349500,12500408700,143195746800,3783.0367,3813.5242,3764.7764,3749.7143
103343000,3794.2502,8394800,107299300,12508803500,143303046100,3783.0367,3813.5242,3764.7764,3749.7143
103348000,3793.943,11861600,133933600,12520665100,143436979700,3783.0367,3813.5242,3764.7764,3749.7143
103353000,3794.2243,15578800,159076600,12536243900,143596056300,3783.0367,3813.5242,3764.7764,3749.7143
103358000,3794.1722,10538900,142171600,12546782800,143738227900,3783.0367,3813.5242,3764.7764,3749.7143
103403000,3794.3337,13068900,149625100,12559851700,143887853000,3783.0367,3813.5242,3764.7764,3749.7143
103408000,3794.23,12396000,159954600,12572247700,144047807600,3783.0367,3813.5242,3764.7764,3749.7143
103413000,3794.2198,9069700,101841300,12581317400,144149648900,3783.0367,3813.5242,3764.7764,3749.7143
103418000,3794.1531,9964400,115077900,12591281800,144264726800,3783.0367,3813.5242,3764.7764,3749.7143
103423000,3794.433,9508100,110242000,12600789900,144374968800,3783.0367,3813.5242,3764.7764,3749.7143
103428000,3793.8978,9114200,101075400,12609904100,144476044200,3783.0367,3813.5242,3764.7764,3749.7143
103433000,3793.6043,11165300,110272200,12621069400,144586316400,3783.0367,3813.5242,3764.7764,3749.7143
103438000,3793.9495,11560500,155593600,12632629900,144741910000,3783.0367,3813.5242,3764.7764,3749.7143
103443000,3793.8371,7074700,83301800,12639704600,144825211800,3783.0367,3813.5242,3764.7764,3749.7143
103448000,3794.0248,12313200,135942000,12652017800,144961153800,3783.0367,3813.5242,3764.7764,3749.7143
103453000,3794.1252,8621700,91960900,12660639500,145053114700,3783.0367,3813.5242,3764.7764,3749.7143
103458000,3793.7859,11044500,112450000,12671684000,145165564700,3783.0367,3813.5242,3764.7764,3749.7143
103503000,3793.7328,8924900,109961900,12680608900,145275526600,3783.0367,3813.5242,3764.7764,3749.7143
103508000,3793.501,8801000,102551100,12689409900,145378077700,3783.0367,3813.5242,3764.7764,3749.7143
103513000,3793.8683,6410100,78710800,12695820000,145456788500,3783.0367,3813.5242,3764.7764,3749.7143
103518000,3793.5054,8875000,104647800,12704695000,145561436300,3783.0367,3813.5242,3764.7764,3749.7143
103523000,3793.4709,7137400,94096000,12711832400,145655532300,3783.0367,3813.5242,3764.7764,3749.7143
103528000,3793.2768,8132000,100689700,12719964400,145756222000,3783.0367,3813.5242,3764.7764,3749.7143
103533000,3793.086,8741900,89890500,12728706300,145846112500,3783.0367,3813.5242,3764.7764,3749.7143
103538000,3793.2933,7930000,90429500,12736636300,145936542000,3783.0367,3813.5242,3764.7764,3749.7143
103543000,3793.1392,5303100,64936500,12741939400,146001478500,3783.0367,3813.5242,3764.7764,3749.7143
103548000,3793.4422,6333000,94989200,12748272400,146096467700,3783.0367,3813.5242,3764.7764,3749.7143
103553000,3794.2855,7670500,106967900,12755942900,146203435600,3783.0367,3813.5242,3764.7764,3749.7143
103558000,3794.9562,10574800,124525500,12766517700,146327961100,3783.0367,3813.5242,3764.7764,3749.7143
103603000,3795.0013,10556100,121714800,12777073800,146449675900,3783.0367,3813.5242,3764.7764,3749.7143
103608000,3795.8069,10640200,131916700,12787714000,146581592600,3783.0367,3813.5242,3764.7764,3749.7143
103613000,3796.9677,7832800,94823400,12795546800,146676416000,3783.0367,3813.5242,3764.7764,3749.7143
103618000,3797.1852,10737200,119464500,12806284000,146795880500,3783.0367,3813.5242,3764.7764,3749.7143
103623000,3797.3671,6474000,77194500,12812758000,146873075000,3783.0367,3813.5242,3764.7764,3749.7143
103628000,3797.1061,5814100,82020000,12818572100,146955095000,3783.0367,3813.5242,3764.7764,3749.7143
103633000,3797.5901,8228800,103114000,12826800900,147058209000,3783.0367,3813.5242,3764.7764,3749.7143
103638000,3797.1758,7632300,103693800,12834433200,147161902800,3783.0367,3813.5242,3764.7764,3749.7143
103643000,3797.599,6812600,75599300,12841245800,147237502100,3783.0367,3813.5242,3764.7764,3749.7143
103648000,3797.101,6642700,89298100,12847888500,147326800200,3783.0367,3813.5242,3764.7764,3749.7143
103653000,3797.5105,8022400,93342100,12855910900,147420142300,3783.0367,3813.5242,3764.7764,3749.7143
103658000,3797.9173,5571500,85801700,12861482400,147505944000,3783.0367,3813.5242,3764.7764,3749.7143
103703000,3798.2779,7632600,109216800,12869115000,147615160800,3783.0367,3813.5242,3764.7764,3749.7143
103708000,3797.9778,8522100,120075400,12877637100,147735236200,3783.0367,3813.5242,3764.7764,3749.7143
103713000,3798.3251,6935200,88439500,12884572300,147823675700,3783.0367,3813.5242,3764.7764,3749.7143
103718000,3798.3838,8408400,98383900,12892980700,147922059600,3783.0367,3813.5242,3764.7764,3749.7143
103723000,3798.54,5518300,64431900,12898499000,147986491500,3783.0367,3813.5242,3764.7764,3749.7143
103728000,3798.1824,5931700,80486900,12904430700,148066978400,3783.0367,3813.5242,3764.7764,3749.7143
103733000,3798.6478,7036900,95440700,12911467600,148162419100,3783.0367,3813.5242,3764.7764,3749.7143
103738000,3798.4688,7300900,91152200,12918768500,148253571300,3783.0367,3813.5242,3764.7764,3749.7143
103743000,3798.6022,4551000,59916600,12923319500,148313487900,3783.0367,3813.5242,3764.7764,3749.7143
103748000,3798.7578,8529600,124419400,12931849100,148437907300,3783.0367,3813.5242,3764.7764,3749.7143
103753000,3798.6682,6810000,81461700,12938659100,148519369000,3783.0367,3813.5242,3764.7764,3749.7143
103758000,3798.8958,5431200,82417400,12944090300,148601786400,3783.0367,3813.5242,3764.7764,3749.7143
103803000,3798.6746,6522300,92975900,12950612600,148694762300,3783.0367,3813.5242,3764.7764,3749.7143
103808000,3799.2204,7850400,106229800,12958463000,148800992100,3783.0367,3813.5242,3764.7764,3749.7143
103813000,3799.5141,4896600,76334000,12963359600,148877326100,3783.0367,3813.5242,3764.7764,3749.7143
103818000,3799.3376,7520800,100770600,12970880400,148978096700,3783.0367,3813.5242,3764.7764,3749.7143
103823000,3799.2853,6085200,88475600,12976965600,149066572300,3783.0367,3813.5242,3764.7764,3749.7143
103828000,3799.4665,6551600,89675600,12983517200,149156247900,3783.0367,3813.5242,3764.7764,3749.7143
103833000,3799.6476,7308000,96306300,12990825200,149252554200,3783.0367,3813.5242,3764.7764,3749.7143
103838000,3799.7551,6283200,88203600,12997108400,149340757800,3783.0367,3813.5242,3764.7764,3749.7143
103843000,3799.4806,4199800,58106700,13001308200,149398864500,3783.0367,3813.5242,3764.7764,3749.7143
103848000,3799.6433,6438700,91012600,13007746900,149489877100,3783.0367,3813.5242,3764.7764,3749.7143
103853000,3799.9655,5747000,74606900,13013493900,149564484000,3783.0367,3813.5242,3764.7764,3749.7143
103858000,3799.8711,5868000,85342100,13019361900,149649826100,3783.0367,3813.5242,3764.7764,3749.7143
103903000,3799.9249,5481600,77194600,13024843500,149727020700,3783.0367,3813.5242,3764.7764,3749.7143
103908000,3800.2789,6528600,85637600,13031372100,149812658300,3783.0367,3813.5242,3764.7764,3749.7143
103913000,3800.3077,3341100,52204400,13034713200,149864862700,3783.0367,3813.5242,3764.7764,3749.7143
103918000,3799.9107,5156200,76096200,13039869400,149940958900,3783.0367,3813.5242,3764.7764,3749.7143
103923000,3800.1688,5645700,74439300,13045515100,150015398200,3783.0367,3813.5242,3764.7764,3749.7143
103928000,3800.2119,5587500,93671700,13051102600,150109069900,3783.0367,3813.5242,3764.7764,3749.7143
103933000,3800.4288,5632100,89899500,13056734700,150198969400,3783.0367,3813.5242,3764.7764,3749.7143
103938000,3800.1457,7193200,106360600,13063927900,150305330000,3783.0367,3813.5242,3764.7764,3749.7143
103943000,3799.8521,3505200,49699000,13067433100,150355029000,3783.0367,3813.5242,3764.7764,3749.7143
103948000,3799.4566,6157500,84329600,13073590600,150439358600,3783.0367,3813.5242,3764.7764,3749.7143
103953000,3799.207,5779000,77934700,13079369600,150517293300,3783.0367,3813.5242,3764.7764,3749.7143
103958000,3799.0067,7230400,104597900,13086600000,150621891200,3783.0367,3813.5242,3764.7764,3749.7143
104003000,3798.796,7264700,92472500,13093864700,150714363700,3783.0367,3813.5242,3764.7764,3749.7143
104008000,3798.8232,7192900,98248700,13101057600,150812612400,3783.0367,3813.5242,3764.7764,3749.7143
104013000,3799.0954,4192100,58566300,13105249700,150871178700,3783.0367,3813.5242,3764.7764,3749.7143
104018000,3799.3914,7731700,100220200,13112981400,150971398900,3783.0367,3813.5242,3764.7764,3749.7143
104023000,3799.4519,6297000,77811700,13119278400,151049210600,3783.0367,3813.5242,3764.7764,3749.7143
104028000,3799.4771,8143800,93834600,13127422200,151143045200,3783.0367,3813.5242,3764.7764,3749.7143
104033000,3799.3208,5787900,82946400,13133210100,151225991600,3783.0367,3813.5242,3764.7764,3749.7143
104038000,3799.6379,7552100,102138900,13140762200,151328130500,3783.0367,3813.5242,3764.7764,3749.7143
104043000,3799.5346,5632500,68488500,13146394700,151396619000,3783.0367,3813.5242,3764.7764,3749.7143
104048000,3799.7349,6217800,88304500,13152612500,151484923500,3783.0367,3813.5242,3764.7764,3749.7143
104053000,3799.8493,5496300,76259600,13158108800,151561183100,3783.0367,3813.5242,3764.7764,3749.7143
104058000,3800.086,7116900,95841700,13165225700,151657024800,3783.0367,3813.5242,3764.7764,3749.7143
104103000,3800.1381,5568000,89842000,13170793700,151746866800,3783.0367,3813.5242,3764.7764,3749.7143
104108000,3800.0784,6667900,94501500,13177461600,151841368300,3783.0367,3813.5242,3764.7764,3749.7143
104113000,3800.1768,4856700,64097100,13182318300,151905465400,3783.0367,3813.5242,3764.7764,3749.7143
104118000,3800.0261,7532600,101409200,13189850900,152006874600,3783.0367,3813.5242,3764.7764,3749.7143
104123000,3800.304,4510600,54160000,13194361500,152061034600,3783.0367,3813.5242,3764.7764,3749.7143
104128000,3800.7845,4984900,74787800,13199346400,152135822400,3783.0367,3813.5242,3764.7764,3749.7143
104133000,3800.5835,5440100,83029700,13204786500,152218852100,3783.0367,3813.5242,3764.7764,3749.7143
104138000,3800.5216,5878300,86516600,13210664800,152305368700,3783.0367,3813.5242,3764.7764,3749.7143
104143000,3800.9529,5190200,66216400,13215855000,152371585100,3783.0367,3813.5242,3764.7764,3749.7143
104148000,3801.3606,5678400,70899100,13221533400,152442484200,3783.0367,3813.5242,3764.7764,3749.7143
104153000,3801.6168,7225800,87164700,13228759200,152529648900,3783.0367,3813.5242,3764.7764,3749.7143
104158000,3802.8216,6853300,88896300,13235612500,152618545200,3783.0367,3813.5242,3764.7764,3749.7143
104203000,3802.1487,7057600,87877000,13242670100,152706422200,3783.0367,3813.5242,3764.7764,3749.7143
104208000,3802.6753,7980500,96867800,13250650600,152803290000,3783.0367,3813.5242,3764.7764,3749.7143
104213000,3802.8679,5821500,88080200,13256472100,152891370200,3783.0367,3813.5242,3764.7764,3749.7143
104218000,3802.7711,6276100,83040800,13262748200,152974411000,3783.0367,3813.5242,3764.7764,3749.7143
104223000,3803.1421,5340200,76287500,13268088400,153050698500,3783.0367,3813.5242,3764.7764,3749.7143
104228000,3803.4676,6051600,84357600,13274140000,153135056100,3783.0367,3813.5242,3764.7764,3749.7143
104233000,3803.7767,9009600,92607800,13283149600,153227663900,3783.0367,3813.5242,3764.7764,3749.7143
104238000,3804.3747,8318000,117327300,13291467600,153344991200,3783.0367,3813.5242,3764.7764,3749.7143
104243000,3804.2375,5501400,79015000,13296969000,153424006200,3783.0367,3813.5242,3764.7764,3749.7143
104248000,3804.6611,5074900,83826700,13302043900,153507832900,3783.0367,3813.5242,3764.7764,3749.7143
104253000,3804.9699,5992600,80391300,13308036500,153588224200,3783.0367,3813.5242,3764.7764,3749.7143
104258000,3805.3614,6008900,89419400,13314045400,153677643600,3783.0367,3813.5242,3764.7764,3749.7143
104303000,3805.2682,7395800,94586500,13321441200,153772230100,3783.0367,3813.5242,3764.7764,3749.7143
104308000,3806.2883,7967100,108516900,13329408300,153880747000,3783.0367,3813.5242,3764.7764,3749.7143
104313000,3806.2931,4987500,69530000,13334395800,153950277000,3783.0367,3813.5242,3764.7764,3749.7143
104318000,3806.5643,9698100,115901900,13344093900,154066178900,3783.0367,3813.5242,3764.7764,3749.7143
104323000,3806.7522,5885100,68277500,13349979000,154134456400,3783.0367,3813.5242,3764.7764,3749.7143
104328000,3806.9437,5914000,92337100,13355893000,154226793500,3783.0367,3813.5242,3764.7764,3749.7143
104333000,3806.8059,5434700,87959800,13361327700,154314753300,3783.0367,3813.5242,3764.7764,3749.7143
104338000,3807.2942,6165600,99833900,13367493300,154414587200,3783.0367,3813.5242,3764.7764,3749.7143
104343000,3807.0597,4588500,65835100,13372081800,154480422300,3783.0367,3813.5242,3764.7764,3749.7143
104348000,3807.6779,6075000,94362100,13378156800,154574784400,3783.0367,3813.5242,3764.7764,3749.7143
104353000,3807.816,6091900,73751400,13384248700,154648535800,3783.0367,3813.5242,3764.7764,3749.7143
104358000,3808.0084,6283800,85614800,13390532500,154734150600,3783.0367,3813.5242,3764.7764,3749.7143
104403000,3808.3656,6480200,88852500,13397012700,154823003100,3783.0367,3813.5242,3764.7764,3749.7143
104408000,3808.5027,8926600,111870300,13405939300,154934873400,3783.0367,3813.5242,3764.7764,3749.7143
104413000,3808.7518,5508900,70810300,13411448200,155005683700,3783.0367,3813.5242,3764.7764,3749.7143
104418000,3808.2784,8950900,98903700,13420399100,155104587400,3783.0367,3813.5242,3764.7764,3749.7143
104423000,3808.5553,6111600,67784000,13426510700,155172371400,3783.0367,3813.5242,3764.7764,3749.7143
104428000,3808.8329,6194000,87549700,13432704700,155259921100,3783.0367,3813.5242,3764.7764,3749.7143
104433000,3808.9737,9116700,114500100,13441821400,155374421200,3783.0367,3813.5242,3764.7764,3749.7143
104438000,3809.1616,9205700,111377300,13451027100,155485798500,3783.0367,3813.5242,3764.7764,3749.7143
104443000,3809.2758,5835500,71016000,13456862600,155556814500,3783.0367,3813.5242,3764.7764,3749.7143
104448000,3809.382,7105500,96483300,13463968100,155653297800,3783.0367,3813.5242,3764.7764,3749.7143
104453000,3809.8507,6798200,101403100,13470766300,155754700900,3783.0367,3813.5242,3764.7764,3749.7143
104458000,3810.1402,5194200,70223000,13475960500,155824923900,3783.0367,3813.5242,3764.7764,3749.7143
104503000,3810.1229,7251300,83783000,13483211800,155908706900,3783.0367,3813.5242,3764.7764,3749.7143
104508000,3810.0996,8289800,108740100,13491501600,156017447000,3783.0367,3813.5242,3764.7764,3749.7143
104513000,3810.6976,7315000,95960900,13498816600,156113407900,3783.0367,3813.5242,3764.7764,3749.7143
104518000,3810.5948,8181600,109460600,13506998200,156222868500,3783.0367,3813.5242,3764.7764,3749.7143
104523000,3811.203,7501200,86219100,13514499400,156309087600,3783.0367,3813.5242,3764.7764,3749.7143
104528000,3811.6941,7834900,116436700,13522334300,156425524300,3783.0367,3813.5242,3764.7764,3749.7143
104533000,3811.8913,7063700,111663800,13529398000,156537188100,3783.0367,3813.5242,3764.7764,3749.7143
104538000,3811.9273,7465800,96921400,13536863800,156634109500,3783.0367,3813.5242,3764.7764,3749.7143
104543000,3812.3808,5848200,77009500,13542712000,156711119000,3783.0367,3813.5242,3764.7764,3749.7143
104548000,3812.6162,7941400,99451600,13550653400,156810570600,3783.0367,3813.5242,3764.7764,3749.7143
104553000,3812.9885,6783600,84889500,13557437000,156895460100,3783.0367,3813.5242,3764.7764,3749.7143
104558000,3813.6261,7680200,98214800,13565117200,156993674900,3783.0367,3813.6261,3764.7764,3749.7143
104603000,3813.7636,9969700,174967000,13575086900,157168641900,3783.0367,3813.7636,3764.7764,3749.7143
104608000,3813.8522,9167100,126891300,13584254000,157295533200,3783.0367,3813.8522,3764.7764,3749.7143
104613000,3814.109,7186800,81713100,13591440800,157377246300,3783.0367,3814.109,3764.7764,3749.7143
104618000,3814.3987,6651300,91028800,13598092100,157468275100,3783.0367,3814.3987,3764.7764,3749.7143
104623000,3814.5044,6815500,73361500,13604907600,157541636600,3783.0367,3814.5044,3764.7764,3749.7143
104628000,3814.7191,6266900,90968100,13611174500,157632604700,3783.0367,3814.7191,3764.7764,3749.7143
104633000,3814.7465,12282600,122688300,13623457100,157755293000,3783.0367,3814.7465,3764.7764,3749.7143
104638000,3814.857,9090000,105407300,13632547100,157860700300,3783.0367,3814.857,3764.7764,3749.7143
104643000,3814.8714,7907000,86707700,13640454100,157947408000,3783.0367,3814.8714,3764.7764,3749.7143
104648000,3814.8665,11011100,140440400,13651465200,158087848400,3783.0367,3814.8714,3764.7764,3749.7143
104653000,3814.627,6778200,87996500,13658243400,158175844900,3783.0367,3814.8714,3764.7764,3749.7143
104658000,3815.0599,6501700,97164800,13664745100,158273009700,3783.0367,3815.0599,3764.7764,3749.7143
104703000,3815.2804,7267100,103646100,13672012200,158376655800,3783.0367,3815.2804,3764.7764,3749.7143
104708000,3815.2755,9920500,110418100,13681932700,158487073900,3783.0367,3815.2804,3764.7764,3749.7143
104713000,3815.0733,7653500,92811500,13689586200,158579885400,3783.0367,3815.2804,3764.7764,3749.7143
104718000,3815.103,7350400,89902100,13696936600,158669787500,3783.0367,3815.2804,3764.7764,3749.7143
104723000,3815.532,5731100,70020000,13702667700,158739807500,3783.0367,3815.532,3764.7764,3749.7143
104728000,3815.28,7797100,107689100,13710464800,158847496600,3783.0367,3815.532,3764.7764,3749.7143
104733000,3815.4052,8278500,101142900,13718743300,158948639500,3783.0367,3815.532,3764.7764,3749.7143
104738000,3816.1961,9233400,111732500,13727976700,159060372000,3783.0367,3816.1961,3764.7764,3749.7143
104743000,3815.6206,5544600,71410300,13733521300,159131782300,3783.0367,3816.1961,3764.7764,3749.7143
104748000,3815.2515,8861300,98219200,13742382600,159230001500,3783.0367,3816.1961,3764.7764,3749.7143
104753000,3815.4401,7461200,89270300,13749843800,159319271800,3783.0367,3816.1961,3764.7764,3749.7143
104758000,3815.5654,7795000,96021500,13757638800,159415293300,3783.0367,3816.1961,3764.7764,3749.7143
104803000,3816.1978,9039700,119591100,13766678500,159534884400,3783.0367,3816.1978,3764.7764,3749.7143
104808000,3816.2142,7393300,94991700,13774071800,159629876100,3783.0367,3816.2142,3764.7764,3749.7143
104813000,3816.102,5680900,75486500,13779752700,159705362600,3783.0367,3816.2142,3764.7764,3749.7143
104818000,3816.6097,10388300,113323300,13790141000,159818685900,3783.0367,3816.6097,3764.7764,3749.7143
104823000,3816.3811,5803200,73912100,13795944200,159892598000,3783.0367,3816.6097,3764.7764,3749.7143
104828000,3816.9417,6582400,88374500,13802526600,159980972500,3783.0367,3816.9417,3764.7764,3749.7143
104833000,3816.4673,6463600,91812600,13808990200,160072785100,3783.0367,3816.9417,3764.7764,3749.7143
104838000,3816.4701,8428000,94550400,13817418200,160167335500,3783.0367,3816.9417,3764.7764,3749.7143
104843000,3816.4943,5386500,71582900,13822804700,160238918400,3783.0367,3816.9417,3764.7764,3749.7143
104848000,3815.6835,11524600,160407200,13834329300,160399325600,3783.0367,3816.9417,3764.7764,3749.7143
104853000,3815.5792,7877500,98986200,13842206800,160498311800,3783.0367,3816.9417,3764.7764,3749.7143
104858000,3815.8529,8658000,111836400,13850864800,160610148200,3783.0367,3816.9417,3764.7764,3749.7143
104903000,3815.3296,8951600,109142600,13859816400,160719290800,3783.0367,3816.9417,3764.7764,3749.7143
104908000,3815.6201,9064100,100018600,13868880500,160819309400,3783.0367,3816.9417,3764.7764,3749.7143
104913000,3815.4327,5815700,81529400,13874696200,160900838800,3783.0367,3816.9417,3764.7764,3749.7143
104918000,3815.5506,6462100,85390000,13881158300,160986228800,3783.0367,3816.9417,3764.7764,3749.7143
104923000,3815.2149,6371800,74190200,13887530100,161060419000,3783.0367,3816.9417,3764.7764,3749.7143
104928000,3815.4109,6609100,83499600,13894139200,161143918600,3783.0367,3816.9417,3764.7764,3749.7143
104933000,3814.9273,6076800,77092800,13900216000,161221011400,3783.0367,3816.9417,3764.7764,3749.7143
104938000,3815.645,8807200,97374300,13909023200,161318385700,3783.0367,3816.9417,3764.7764,3749.7143
104943000,3815.4387,4614500,62355000,13913637700,161380740700,3783.0367,3816.9417,3764.7764,3749.7143
104948000,3815.6281,7128900,86210000,13920766600,161466950700,3783.0367,3816.9417,3764.7764,3749.7143
104953000,3816.028,6646500,72690400,13927413100,161539641100,3783.0367,3816.9417,3764.7764,3749.7143
104958000,3815.6749,8415600,111263800,13935828700,161650904900,3783.0367,3816.9417,3764.7764,3749.7143
105003000,3815.2999,6237200,87514800,13942065900,161738419700,3783.0367,3816.9417,3764.7764,3749.7143
105008000,3815.5507,9355400,107882400,13951421300,161846302100,3783.0367,3816.9417,3764.7764,3749.7143
105013000,3815.6123,6292600,80974500,13957713900,161927276600,3783.0367,3816.9417,3764.7764,3749.7143
105018000,3815.332,6628900,104611700,13964342800,162031888300,3783.0367,3816.9417,3764.7764,3749.7143
105023000,3815.4216,7291000,84275000,13971633800,162116163300,3783.0367,3816.9417,3764.7764,3749.7143
105028000,3815.4223,6575800,96841300,13978209600,162213004600,3783.0367,3816.9417,3764.7764,3749.7143
105033000,3814.6301,5241200,78853600,13983450800,162291858200,3783.0367,3816.9417,3764.7764,3749.7143
105038000,3815.2349,7703200,94765800,13991154000,162386624000,3783.0367,3816.9417,3764.7764,3749.7143
105043000,3815.2128,5246500,73232300,13996400500,162459856300,3783.0367,3816.9417,3764.7764,3749.7143
105048000,3814.8967,6985900,87777600,14003386400,162547633900,3783.0367,3816.9417,3764.7764,3749.7143
105053000,3814.6894,4983600,72544100,14008370000,162620178000,3783.0367,3816.9417,3764.7764,3749.7143
105058000,3814.8108,7023800,104505500,14015393800,162724683500,3783.0367,3816.9417,3764.7764,3749.7143
105103000,3814.528,7113000,92459900,14022506800,162817143400,3783.0367,3816.9417,3764.7764,3749.7143
105108000,3814.9387,7210000,89007100,14029716800,162906150500,3783.0367,3816.9417,3764.7764,3749.7143
105113000,3814.8045,4949700,73380300,14034666500,162979530800,3783.0367,3816.9417,3764.7764,3749.7143
105118000,3814.5559,6540900,77624900,14041207400,163057155700,3783.0367,3816.9417,3764.7764,3749.7143
105123000,3814.6541,6925100,69726800,14048132500,163126882500,3783.0367,3816.9417,3764.7764,3749.7143
105128000,3814.6255,4960900,78752500,14053093400,163205635000,3783.0367,3816.9417,3764.7764,3749.7143
105133000,3814.2007,6273500,75825400,14059366900,163281460400,3783.0367,3816.9417,3764.7764,3749.7143
105138000,3813.157,8651000,99255100,14068017900,163380715500,3783.0367,3816.9417,3764.7764,3749.7143
105143000,3813.459,5136700,71828300,14073154600,163452543800,3783.0367,3816.9417,3764.7764,3749.7143
105148000,3812.71,6002700,79161800,14079157300,163531705600,3783.0367,3816.9417,3764.7764,3749.7143
105153000,3813.1892,5288500,75108200,14084445800,163606813800,3783.0367,3816.9417,3764.7764,3749.7143
105158000,3812.7501,5439300,78508900,14089885100,163685322700,3783.0367,3816.9417,3764.7764,3749.7143
105203000,3812.5148,5899700,81333400,14095784800,163766656100,3783.0367,3816.9417,3764.7764,3749.7143
105208000,3812.4799,5944600,76260900,14101729400,163842917000,3783.0367,3816.9417,3764.7764,3749.7143
105213000,3811.5876,4844100,56641300,14106573500,163899558300,3783.0367,3816.9417,3764.7764,3749.7143
105218000,3812.4846,5863400,68169100,14112436900,163967727400,3783.0367,3816.9417,3764.7764,3749.7143
105223000,3812.3956,6563800,66608800,14119000700,164034336200,3783.0367,3816.9417,3764.7764,3749.7143
105228000,3812.2846,6591800,67452200,14125592500,164101788400,3783.0367,3816.9417,3764.7764,3749.7143
105233000,3812.6287,5579300,66918700,14131171800,164168707100,3783.0367,3816.9417,3764.7764,3749.7143
105238000,3812.3072,5587200,69281000,14136759000,164237988100,3783.0367,3816.9417,3764.7764,3749.7143
105243000,3812.2292,4467100,50055900,14141226100,164288044000,3783.0367,3816.9417,3764.7764,3749.7143
105248000,3812.7815,4807800,70528400,14146033900,164358572400,3783.0367,3816.9417,3764.7764,3749.7143
105253000,3812.2767,5465700,75692200,14151499600,164434264600,3783.0367,3816.9417,3764.7764,3749.7143
105258000,3812.4362,4706000,66287700,14156205600,164500552300,3783.0367,3816.9417,3764.7764,3749.7143
105303000,3812.7542,5132600,78709400,14161338200,164579261700,3783.0367,3816.9417,3764.7764,3749.7143
105308000,3813.9959,6616500,80229500,14167954700,164659491200,3783.0367,3816.9417,3764.7764,3749.7143
105313000,3813.863,5100300,62868700,14173055000,164722359900,3783.0367,3816.9417,3764.7764,3749.7143
105318000,3814.3057,9033400,107467600,14182088400,164829827500,3783.0367,3816.9417,3764.7764,3749.7143
105323000,3814.3709,8806000,89845700,14190894400,164919673200,3783.0367,3816.9417,3764.7764,3749.7143
105328000,3814.5434,7182600,84941200,14198077000,165004614400,3783.0367,3816.9417,3764.7764,3749.7143
105333000,3814.8066,8357700,104751300,14206434700,165109365700,3783.0367,3816.9417,3764.7764,3749.7143
105338000,3815.1417,8437600,139100000,14214872300,165248465700,3783.0367,3816.9417,3764.7764,3749.7143
105343000,3815.0214,3661200,56819200,14218533500,165305284900,3783.0367,3816.9417,3764.7764,3749.7143
105348000,3815.6187,7044500,81949700,14225578000,165387234600,3783.0367,3816.9417,3764.7764,3749.7143
105353000,3816.0389,5167200,74058200,14230745200,165461292800,3783.0367,3816.9417,3764.7764,3749.7143
105358000,3815.9907,7970400,92546500,14238715600,165553839300,3783.0367,3816.9417,3764.7764,3749.7143
105403000,3816.1069,7136800,87281700,14245852400,165641121000,3783.0367,3816.9417,3764.7764,3749.7143
105408000,3816.5805,6411400,92494200,14252263800,165733615200,3783.0367,3816.9417,3764.7764,3749.7143
105413000,3816.8964,4589300,76720800,14256853100,165810336000,3783.0367,3816.9417,3764.7764,3749.7143
105418000,3817.0246,7877600,131123900,14264730700,165941459900,3783.0367,3817.0246,3764.7764,3749.7143
105423000,3817.3772,7443300,88527100,14272174000,166029987000,3783.0367,3817.3772,3764.7764,3749.7143
105428000,3817.5464,6983100,101750700,14279157100,166131737700,3783.0367,3817.5464,3764.7764,3749.7143
105433000,3818.0551,7900300,111194700,14287057400,166242932400,3783.0367,3818.0551,3764.7764,3749.7143
105438000,3818.4978,9031600,126795000,14296089000,166369727400,3783.0367,3818.4978,3764.7764,3749.7143
105443000,3818.9079,7485600,88363500,14303574600,166458090900,3783.0367,3818.9079,3764.7764,3749.7143
105448000,3819.3536,9781400,134273800,14313356000,166592364700,3783.0367,3819.3536,3764.7764,3749.7143
105453000,3819.7325,7640500,98698800,14320996500,166691063500,3783.0367,3819.7325,3764.7764,3749.7143
105458000,3819.8668,9257600,131091300,14330254100,166822154800,3783.0367,3819.8668,3764.7764,3749.7143
105503000,3820.2801,9125100,108922800,14339379200,166931077600,3783.0367,3820.2801,3764.7764,3749.7143
105508000,3821.031,9500900,127387400,14348880100,167058465000,3783.0367,3821.031,3764.7764,3749.7143
105513000,3821.2361,5139700,87680600,14354019800,167146145600,3783.0367,3821.2361,3764.7764,3749.7143
105518000,3820.7671,7577300,106961100,14361597100,167253106700,3783.0367,3821.2361,3764.7764,3749.7143
105523000,3821.231,6933000,98097200,14368530100,167351203900,3783.0367,3821.2361,3764.7764,3749.7143
105528000,3821.5493,7864900,114793100,14376395000,167465997000,3783.0367,3821.5493,3764.7764,3749.7143
105533000,3821.4321,9109100,121675600,14385504100,167587672600,3783.0367,3821.5493,3764.7764,3749.7143
105538000,3821.2375,9249300,121483600,14394753400,167709156200,3783.0367,3821.5493,3764.7764,3749.7143
105543000,3821.6565,6191100,81184600,14400944500,167790340800,3783.0367,3821.6565,3764.7764,3749.7143
105548000,3822.2251,7139900,100990100,14408084400,167891330900,3783.0367,3822.2251,3764.7764,3749.7143
105553000,3822.4202,8810200,108603200,14416894600,167999934100,3783.0367,3822.4202,3764.7764,3749.7143
105558000,3822.1764,9483500,132748100,14426378100,168132682200,3783.0367,3822.4202,3764.7764,3749.7143
105603000,3822.5374,11475200,154057900,14437853300,168286740100,3783.0367,3822.5374,3764.7764,3749.7143
105608000,3823.1021,9842000,137700500,14447695300,168424440600,3783.0367,3823.1021,3764.7764,3749.7143
105613000,3823.416,8394600,114053900,14456089900,168538494500,3783.0367,3823.416,3764.7764,3749.7143
105618000,3823.2839,11907500,139974500,14467997400,168678469000,3783.0367,3823.416,3764.7764,3749.7143
105623000,3823.2372,8191500,108657900,14476188900,168787126900,3783.0367,3823.416,3764.7764,3749.7143
105628000,3823.0962,10902200,178547400,14487091100,168965674300,3783.0367,3823.416,3764.7764,3749.7143
105633000,3823.4816,8045800,102590300,14495136900,169068264600,3783.0367,3823.4816,3764.7764,3749.7143
105638000,3823.3328,10998100,123101000,14506135000,169191365600,3783.0367,3823.4816,3764.7764,3749.7143
105643000,3823.5559,8271700,101376000,14514406700,169292741600,3783.0367,3823.5559,3764.7764,3749.7143
105648000,3824.0579,8679100,150388800,14523085800,169443130400,3783.0367,3824.0579,3764.7764,3749.7143
105653000,3824.0248,8495900,107072300,14531581700,169550202700,3783.0367,3824.0579,3764.7764,3749.7143
105658000,3824.0903,9644500,107881600,14541226200,169658084300,3783.0367,3824.0903,3764.7764,3749.7143
105703000,3824.2901,10475900,108923200,14551702100,169767007500,3783.0367,3824.2901,3764.7764,3749.7143
105708000,3824.6876,13110800,136597100,14564812900,169903604600,3783.0367,3824.6876,3764.7764,3749.7143
105713000,3824.782,7041300,80003800,14571854200,169983608400,3783.0367,3824.782,3764.7764,3749.7143
105718000,3824.7628,10393000,107808900,14582247200,170091417300,3783.0367,3824.782,3764.7764,3749.7143
105723000,3824.8612,10389400,120465500,14592636600,170211882800,3783.0367,3824.8612,3764.7764,3749.7143
105728000,3824.9942,11875800,132162200,14604512400,170344045000,3783.0367,3824.9942,3764.7764,3749.7143
105733000,3824.8376,10676000,117192000,14615188400,170461237000,3783.0367,3824.9942,3764.7764,3749.7143
105738000,3824.9333,10039300,112056900,14625227700,170573293900,3783.0367,3824.9942,3764.7764,3749.7143
105743000,3824.9507,6809300,87660100,14632037000,170660954000,3783.0367,3824.9942,3764.7764,3749.7143
105748000,3824.9552,10758800,118301800,14642795800,170779255800,3783.0367,3824.9942,3764.7764,3749.7143
105753000,3825.1782,8602400,97685100,14651398200,170876940900,3783.0367,3825.1782,3764.7764,3749.7143
105758000,3824.8346,8961800,115758200,14660360000,170992699100,3783.0367,3825.1782,3764.7764,3749.7143
105803000,3824.8672,12465800,162843600,14672825800,171155542700,3783.0367,3825.1782,3764.7764,3749.7143
105808000,3824.7257,9715100,112282500,14682540900,171267825200,3783.0367,3825.1782,3764.7764,3749.7143
105813000,3825.0289,7337700,80399200,14689878600,171348224400,3783.0367,3825.1782,3764.7764,3749.7143
105818000,3824.6956,8794800,96101100,14698673400,171444325500,3783.0367,3825.1782,3764.7764,3749.7143
105823000,3824.6953,8143700,89200800,14706817100,171533526300,3783.0367,3825.1782,3764.7764,3749.7143
105828000,3824.5595,9154300,122223100,14715971400,171655749400,3783.0367,3825.1782,3764.7764,3749.7143
105833000,3824.9745,17486000,181551500,14733457400,171837300900,3783.0367,3825.1782,3764.7764,3749.7143
105838000,3824.7154,13140200,127260700,14746597600,171964561600,3783.0367,3825.1782,3764.7764,3749.7143
105843000,3824.6633,6939900,78308200,14753537500,172042869800,3783.0367,3825.1782,3764.7764,3749.7143
105848000,3824.6284,9234300,94392600,14762771800,172137262400,3783.0367,3825.1782,3764.7764,3749.7143
105853000,3824.8188,8804400,101684700,14771576200,172238947100,3783.0367,3825.1782,3764.7764,3749.7143
105858000,3824.4704,9877000,116866100,14781453200,172355813200,3783.0367,3825.1782,3764.7764,3749.7143
105903000,3824.5088,11639500,106651900,14793092700,172462465100,3783.0367,3825.1782,3764.7764,3749.7143
105908000,3824.5411,14325500,115780300,14807418200,172578245400,3783.0367,3825.1782,3764.7764,3749.7143
105913000,3824.1502,6457100,70148800,14813875300,172648394200,3783.0367,3825.1782,3764.7764,3749.7143
105918000,3823.29,10774200,128953100,14824649500,172777347300,3783.0367,3825.1782,3764.7764,3749.7143
105923000,3821.8045,11325100,133047300,14835974600,172910394600,3783.0367,3825.1782,3764.7764,3749.7143
105928000,3821.2655,11766500,144089000,14847741100,173054483600,3783.0367,3825.1782,3764.7764,3749.7143
105933000,3821.0382,11884300,131421100,14859625400,173185904700,3783.0367,3825.1782,3764.7764,3749.7143
105938000,3820.9058,9202800,120611100,14868828200,173306515800,3783.0367,3825.1782,3764.7764,3749.7143
105943000,3820.8664,6722200,84057400,14875550400,173390573200,3783.0367,3825.1782,3764.7764,3749.7143
105948000,3820.741,15521300,150222000,14891071700,173540795200,3783.0367,3825.1782,3764.7764,3749.7143
105953000,3820.8071,11702700,132847600,14902774400,173673642800,3783.0367,3825.1782,3764.7764,3749.7143
105958000,3820.169,10151400,118391600,14912925800,173792034400,3783.0367,3825.1782,3764.7764,3749.7143
110003000,3820.0078,10476500,120960900,14923402300,173912995300,3783.0367,3825.1782,3764.7764,3749.7143
110008000,3819.7223,10187700,120419400,14933590000,174033414700,3783.0367,3825.1782,3764.7764,3749.7143
110013000,3819.2647,6149700,77227900,14939739700,174110642600,3783.0367,3825.1782,3764.7764,3749.7143
110018000,3819.5995,8100400,95837900,14947840100,174206480500,3783.0367,3825.1782,3764.7764,3749.7143
110023000,3819.6194,8041400,108682200,14955881500,174315162700,3783.0367,3825.1782,3764.7764,3749.7143
110028000,3819.1603,7061300,105934100,14962942800,174421096800,3783.0367,3825.1782,3764.7764,3749.7143
110033000,3819.4633,9661800,94346300,14972604600,174515443100,3783.0367,3825.1782,3764.7764,3749.7143
110038000,3818.9408,8563200,99422000,14981167800,174614865100,3783.0367,3825.1782,3764.7764,3749.7143
110043000,3818.7955,7407300,90990900,14988575100,174705856000,3783.0367,3825.1782,3764.7764,3749.7143
110048000,3818.9081,9368600,105362400,14997943700,174811218400,3783.0367,3825.1782,3764.7764,3749.7143
110053000,3818.7064,8660000,91451700,15006603700,174902670100,3783.0367,3825.1782,3764.7764,3749.7143
110058000,3818.7494,7742400,90039200,15014346100,174992709300,3783.0367,3825.1782,3764.7764,3749.7143
110103000,3818.8575,9529800,100418200,15023875900,175093127500,3783.0367,3825.1782,3764.7764,3749.7143
110108000,3818.7667,7889200,90101000,15031765100,175183228500,3783.0367,3825.1782,3764.7764,3749.7143
110113000,3818.5279,5081600,72515400,15036846700,175255743900,3783.0367,3825.1782,3764.7764,3749.7143
110118000,3818.529,8540800,96256300,15045387500,175352000200,3783.0367,3825.1782,3764.7764,3749.7143
110123000,3818.228,7147200,92458500,15052534700,175444458700,3783.0367,3825.1782,3764.7764,3749.7143
110128000,3818.056,7105000,101686300,15059639700,175546145000,3783.0367,3825.1782,3764.7764,3749.7143
110133000,3818.4137,6734700,83758400,15066374400,175629903400,3783.0367,3825.1782,3764.7764,3749.7143
110138000,3817.4417,9175900,111686700,15075550300,175741590100,3783.0367,3825.1782,3764.7764,3749.7143
110143000,3817.3366,7027600,90808200,15082577900,175832398300,3783.0367,3825.1782,3764.7764,3749.7143
110148000,3817.7082,8590600,86910100,15091168500,175919308400,3783.0367,3825.1782,3764.7764,3749.7143
110153000,3817.3312,8405900,85991000,15099574400,176005299400,3783.0367,3825.1782,3764.7764,3749.7143
110158000,3817.2891,5327100,78858900,15104901500,176084158300,3783.0367,3825.1782,3764.7764,3749.7143
110203000,3816.7864,7569900,98675400,15112471400,176182833700,3783.0367,3825.1782,3764.7764,3749.7143
110208000,3816.8626,7979100,98214400,15120450500,176281048100,3783.0367,3825.1782,3764.7764,3749.7143
110213000,3816.6604,5135100,61398700,15125585600,176342446800,3783.0367,3825.1782,3764.7764,3749.7143
110218000,3816.8224,5029000,71343700,15130614600,176413790500,3783.0367,3825.1782,3764.7764,3749.7143
110223000,3816.7806,7480000,79517000,15138094600,176493307500,3783.0367,3825.1782,3764.7764,3749.7143
110228000,3816.3193,7075500,99486800,15145170100,176592794300,3783.0367,3825.1782,3764.7764,3749.7143
110233000,3816.8474,6949600,90929000,15152119700,176683723300,3783.0367,3825.1782,3764.7764,3749.7143
110238000,3816.8169,10732600,123382800,15162852300,176807106100,3783.0367,3825.1782,3764.7764,3749.7143
110243000,3816.7896,4832300,65374300,15167684600,176872480400,3783.0367,3825.1782,3764.7764,3749.7143
110248000,3816.7844,6025300,77130500,15173709900,176949610900,3783.0367,3825.1782,3764.7764,3749.7143
110253000,3816.4169,6422500,73351800,15180132400,177022962700,3783.0367,3825.1782,3764.7764,3749.7143
110258000,3816.5188,6858400,92480000,15186990800,177115442700,3783.0367,3825.1782,3764.7764,3749.7143
110303000,3816.5104,5901700,74780300,15192892500,177190223000,3783.0367,3825.1782,3764.7764,3749.7143
110308000,3816.5917,8409700,90792100,15201302200,177281015100,3783.0367,3825.1782,3764.7764,3749.7143
110313000,3816.447,5319400,63413000,15206621600,177344428100,3783.0367,3825.1782,3764.7764,3749.7143
110318000,3816.3024,6809900,75921300,15213431500,177420349400,3783.0367,3825.1782,3764.7764,3749.7143
110323000,3816.2635,4927900,62654300,15218359400,177483003700,3783.0367,3825.1782,3764.7764,3749.7143
110328000,3816.2656,5414500,74505900,15223773900,177557509600,3783.0367,3825.1782,3764.7764,3749.7143
110333000,3816.7642,6694500,78279700,15230468400,177635789300,3783.0367,3825.1782,3764.7764,3749.7143
110338000,3817.2463,6494600,97165000,15236963000,177732954300,3783.0367,3825.1782,3764.7764,3749.7143
110343000,3817.7607,5141600,74848500,15242104600,177807802800,3783.0367,3825.1782,3764.7764,3749.7143
110348000,3818.6661,7246800,92406600,15249351400,177900209400,3783.0367,3825.1782,3764.7764,3749.7143
110353000,3818.6649,6842400,91804000,15256193800,177992013400,3783.0367,3825.1782,3764.7764,3749.7143
110358000,3818.2563,5103600,76359500,15261297400,178068372900,3783.0367,3825.1782,3764.7764,3749.7143
110403000,3818.2303,5748900,79168800,15267046300,178147541700,3783.0367,3825.1782,3764.7764,3749.7143
110408000,3818.4619,6073000,87675900,15273119300,178235217600,3783.0367,3825.1782,3764.7764,3749.7143
110413000,3819.0593,4739900,72368400,15277859200,178307586000,3783.0367,3825.1782,3764.7764,3749.7143
110418000,3819.0987,5017300,66578800,15282876500,178374164800,3783.0367,3825.1782,3764.7764,3749.7143
110423000,3819.2357,6784700,73451700,15289661200,178447616500,3783.0367,3825.1782,3764.7764,3749.7143
110428000,3819.0416,4315000,62147800,15293976200,178509764300,3783.0367,3825.1782,3764.7764,3749.7143
110433000,3819.3847,4894200,72447300,15298870400,178582211600,3783.0367,3825.1782,3764.7764,3749.7143
110438000,3819.1569,6102600,80187800,15304973000,178662399400,3783.0367,3825.1782,3764.7764,3749.7143
110443000,3819.5737,4359300,66025100,15309332300,178728424500,3783.0367,3825.1782,3764.7764,3749.7143
110448000,3819.7963,6605300,86726600,15315937600,178815151100,3783.0367,3825.1782,3764.7764,3749.7143
110453000,3820.1728,7352000,79744100,15323289600,178894895200,3783.0367,3825.1782,3764.7764,3749.7143
110458000,3820.3976,7847900,117747500,15331137500,179012642700,3783.0367,3825.1782,3764.7764,3749.7143
110503000,3820.936,11370700,132400800,15342508200,179145043500,3783.0367,3825.1782,3764.7764,3749.7143
110508000,3820.986,6288300,87010500,15348796500,179232054000,3783.0367,3825.1782,3764.7764,3749.7143
110513000,3821.1039,5703800,71824700,15354500300,179303878700,3783.0367,3825.1782,3764.7764,3749.7143
110518000,3820.9209,7391500,97531000,15361891800,179401409700,3783.0367,3825.1782,3764.7764,3749.7143
110523000,3821.4453,5194900,68825900,15367086700,179470235600,3783.0367,3825.1782,3764.7764,3749.7143
110528000,3820.7027,7301500,103513800,15374388200,179573749400,3783.0367,3825.1782,3764.7764,3749.7143
110533000,3821.2342,6899500,80649800,15381287700,179654399200,3783.0367,3825.1782,3764.7764,3749.7143
110538000,3821.5111,6019100,90841100,15387306800,179745240300,3783.0367,3825.1782,3764.7764,3749.7143
110543000,3821.7969,6840900,80934700,15394147700,179826175000,3783.0367,3825.1782,3764.7764,3749.7143
110548000,3821.8233,5784200,72923200,15399931900,179899098200,3783.0367,3825.1782,3764.7764,3749.7143
110553000,3821.8566,7733500,87058100,15407665400,179986156300,3783.0367,3825.1782,3764.7764,3749.7143
110558000,3821.7477,5435000,75597200,15413100400,180061753500,3783.0367,3825.1782,3764.7764,3749.7143
110603000,3821.7561,5943300,76668300,15419043700,180138421800,3783.0367,3825.1782,3764.7764,3749.7143
110608000,3822.0902,7666500,85325700,15426710200,180223747500,3783.0367,3825.1782,3764.7764,3749.7143
110613000,3821.7112,5658600,79256300,15432368800,180303003800,3783.0367,3825.1782,3764.7764,3749.7143
110618000,3821.7887,6573700,87109100,15438942500,180390112900,3783.0367,3825.1782,3764.7764,3749.7143
110623000,3821.7115,6274000,77455200,15445216500,180467568100,3783.0367,3825.1782,3764.7764,3749.7143
110628000,3821.8281,7585100,95868100,15452801600,180563436200,3783.0367,3825.1782,3764.7764,3749.7143
110633000,3822.2839,6757900,91067900,15459559500,180654504100,3783.0367,3825.1782,3764.7764,3749.7143
110638000,3822.2278,8269200,98950500,15467828700,180753454600,3783.0367,3825.1782,3764.7764,3749.7143
110643000,3822.6145,8438500,103107100,15476267200,180856561700,3783.0367,3825.1782,3764.7764,3749.7143
110648000,3822.9842,8453600,113732400,15484720800,180970294100,3783.0367,3825.1782,3764.7764,3749.7143
110653000,3823.3421,9072300,99188300,15493793100,181069482400,3783.0367,3825.1782,3764.7764,3749.7143
110658000,3823.8814,8527700,120793900,15502320800,181190276300,3783.0367,3825.1782,3764.7764,3749.7143
110703000,3823.7812,9522700,109494500,15511843500,181299770800,3783.0367,3825.1782,3764.7764,3749.7143
110708000,3823.9423,9768200,112586000,15521611700,181412356800,3783.0367,3825.1782,3764.7764,3749.7143
110713000,3823.9746,7468500,99007100,15529080200,181511363900,3783.0367,3825.1782,3764.7764,3749.7143
110718000,3824.5079,7731500,90363500,15536811700,181601727400,3783.0367,3825.1782,3764.7764,3749.7143
110723000,3824.1214,7129600,87915400,15543941300,181689642800,3783.0367,3825.1782,3764.7764,3749.7143
110728000,3824.1558,6280100,88141800,15550221400,181777784600,3783.0367,3825.1782,3764.7764,3749.7143
110733000,3824.6724,8685100,96837700,15558906500,181874622300,3783.0367,3825.1782,3764.7764,3749.7143
110738000,3824.4126,10391900,138874600,15569298400,182013496900,3783.0367,3825.1782,3764.7764,3749.7143
110743000,3824.5134,10422500,124888100,15579720900,182138385000,3783.0367,3825.1782,3764.7764,3749.7143
110748000,3824.8156,7779600,105693100,15587500500,182244078100,3783.0367,3825.1782,3764.7764,3749.7143
110753000,3824.5932,8647600,86498200,15596148100,182330576300,3783.0367,3825.1782,3764.7764,3749.7143
110758000,3825.2192,9371400,132266000,15605519500,182462842300,3783.0367,3825.2192,3764.7764,3749.7143
110803000,3825.4654,11321800,125238700,15616841300,182588081000,3783.0367,3825.4654,3764.7764,3749.7143
110808000,3825.4714,18087800,155704200,15634929100,182743785200,3783.0367,3825.4714,3764.7764,3749.7143
110813000,3825.6575,7252000,78680000,15642181100,182822465200,3783.0367,3825.6575,3764.7764,3749.7143
110818000,3825.5791,11373100,112526400,15653554200,182934991600,3783.0367,3825.6575,3764.7764,3749.7143
110823000,3825.9259,8546900,90646400,15662101100,183025638000,3783.0367,3825.9259,3764.7764,3749.7143
110828000,3826.2993,7727000,98542100,15669828100,183124180100,3783.0367,3826.2993,3764.7764,3749.7143
110833000,3826.3374,7707000,84098100,15677535100,183208278200,3783.0367,3826.3374,3764.7764,3749.7143
110838000,3826.2704,10199600,117241300,15687734700,183325519500,3783.0367,3826.3374,3764.7764,3749.7143
110843000,3826.3912,8686100,85189600,15696420800,183410709100,3783.0367,3826.3912,3764.7764,3749.7143
110848000,3826.4118,10170700,103012000,15706591500,183513721100,3783.0367,3826.4118,3764.7764,3749.7143
110853000,3826.5347,8926100,96475100,15715517600,183610196200,3783.0367,3826.5347,3764.7764,3749.7143
110858000,3826.489,9440000,128773900,15724957600,183738970100,3783.0367,3826.5347,3764.7764,3749.7143
110903000,3826.935,8334800,89776900,15733292400,183828747000,3783.0367,3826.935,3764.7764,3749.7143
110908000,3827.3034,10319700,119150200,15743612100,183947897200,3783.0367,3827.3034,3764.7764,3749.7143
110913000,3827.2452,6613900,82812600,15750226000,184030709800,3783.0367,3827.3034,3764.7764,3749.7143
110918000,3827.542,10317600,116493200,15760543600,184147203000,3783.0367,3827.542,3764.7764,3749.7143
110923000,3827.5713,7743200,108939700,15768286800,184256142700,3783.0367,3827.5713,3764.7764,3749.7143
110928000,3827.9036,9261800,109380700,15777548600,184365523400,3783.0367,3827.9036,3764.7764,3749.7143
110933000,3828.1426,12670300,111244200,15790218900,184476767600,3783.0367,3828.1426,3764.7764,3749.7143
110938000,3828.3121,10105000,116614900,15800323900,184593382500,3783.0367,3828.3121,3764.7764,3749.7143
110943000,3828.5801,10268200,103324500,15810592100,184696707000,3783.0367,3828.5801,3764.7764,3749.7143
110948000,3829.1141,12842500,135216200,15823434600,184831923200,3783.0367,3829.1141,3764.7764,3749.7143
110953000,3829.3323,12090500,128021100,15835525100,184959944300,3783.0367,3829.3323,3764.7764,3749.7143
110958000,3829.6585,11296700,152728200,15846821800,185112672500,3783.0367,3829.6585,3764.7764,3749.7143
111003000,3829.8994,10865000,115319000,15857686800,185227991500,3783.0367,3829.8994,3764.7764,3749.7143
111008000,3830.0394,18015700,161741200,15875702500,185389732700,3783.0367,3830.0394,3764.7764,3749.7143
111013000,3830.5333,11491900,109345400,15887194400,185499078100,3783.0367,3830.5333,3764.7764,3749.7143
111018000,3830.3831,16668000,147838700,15903862400,185646916800,3783.0367,3830.5333,3764.7764,3749.7143
111023000,3831.0497,8805500,104651900,15912667900,185751568700,3783.0367,3831.0497,3764.7764,3749.7143
111028000,3831.1097,9308000,108765600,15921975900,185860334300,3783.0367,3831.1097,3764.7764,3749.7143
111033000,3831.3033,12082800,130801200,15934058700,185991135500,3783.0367,3831.3033,3764.7764,3749.7143
111038000,3831.6362,13313700,137933100,15947372400,186129068600,3783.0367,3831.6362,3764.7764,3749.7143
111043000,3831.828,8506300,96615700,15955878700,186225684300,3783.0367,3831.828,3764.7764,3749.7143
111048000,3832.1863,17111600,166192400,15972990300,186391876700,3783.0367,3832.1863,3764.7764,3749.7143
111053000,3831.9319,15524700,153629300,15988515000,186545506000,3783.0367,3832.1863,3764.7764,3749.7143
111058000,3832.767,20209300,164857400,16008724300,186710363400,3783.0367,3832.767,3764.7764,3749.7143
111103000,3833.2822,14411600,152832800,16023135900,186863196200,3783.0367,3833.2822,3764.7764,3749.7143
111108000,3833.6554,12189300,146178200,16035325200,187009374400,3783.0367,3833.6554,3764.7764,3749.7143
111113000,3833.6618,9731000,116258700,16045056200,187125633100,3783.0367,3833.6618,3764.7764,3749.7143
111118000,3834.2003,10360900,112087500,16055417100,187237720600,3783.0367,3834.2003,3764.7764,3749.7143
111123000,3834.3767,10492200,108736500,16065909300,187346457100,3783.0367,3834.3767,3764.7764,3749.7143
111128000,3834.6588,10748400,136651100,16076657700,187483108200,3783.0367,3834.6588,3764.7764,3749.7143
111133000,3834.5139,12094600,131871800,16088752300,187614980000,3783.0367,3834.6588,3764.7764,3749.7143
111138000,3834.5539,16302100,175326400,16105054400,187790306400,3783.0367,3834.6588,3764.7764,3749.7143
111143000,3834.9932,9102100,93588400,16114156500,187883894800,3783.0367,3834.9932,3764.7764,3749.7143
111148000,3835.2186,11910800,137750900,16126067300,188021645700,3783.0367,3835.2186,3764.7764,3749.7143
111153000,3835.4181,8698600,106330300,16134765900,188127976000,3783.0367,3835.4181,3764.7764,3749.7143
111158000,3835.3652,13330500,177914900,16148096400,188305890900,3783.0367,3835.4181,3764.7764,3749.7143
111203000,3836.1747,13109600,139351400,16161206000,188445242300,3783.0367,3836.1747,3764.7764,3749.7143
111208000,3836.3255,11988000,159713000,16173194000,188604955300,3783.0367,3836.3255,3764.7764,3749.7143
111213000,3836.7919,9534100,112879200,16182728100,188717834500,3783.0367,3836.7919,3764.7764,3749.7143
111218000,3836.8179,13074000,151006600,16195802100,188868841100,3783.0367,3836.8179,3764.7764,3749.7143
111223000,3836.9618,11492400,144250600,16207294500,189013091700,3783.0367,3836.9618,3764.7764,3749.7143
111228000,3837.1013,11289900,146492200,16218584400,189159583900,3783.0367,3837.1013,3764.7764,3749.7143
111233000,3837.2639,11151400,138173500,16229735800,189297757400,3783.0367,3837.2639,3764.7764,3749.7143
111238000,3837.3728,14139900,163612600,16243875700,189461370000,3783.0367,3837.3728,3764.7764,3749.7143
111243000,3837.5501,9327100,116439200,16253202800,189577809200,3783.0367,3837.5501,3764.7764,3749.7143
111248000,3837.7639,14646100,189818600,16267848900,189767627800,3783.0367,3837.7639,3764.7764,3749.7143
111253000,3838.2245,12926900,131928400,16280775800,189899556200,3783.0367,3838.2245,3764.7764,3749.7143
111258000,3837.9525,11499600,152258500,16292275400,190051814700,3783.0367,3838.2245,3764.7764,3749.7143
111303000,3838.1439,13742700,132387500,16306018100,190184202200,3783.0367,3838.2245,3764.7764,3749.7143
111308000,3838.8377,14295100,160084800,16320313200,190344287000,3783.0367,3838.8377,3764.7764,3749.7143
111313000,3838.7404,10188800,104600900,16330502000,190448887900,3783.0367,3838.8377,3764.7764,3749.7143
111318000,3838.8121,16443800,163366100,16346945800,190612254000,3783.0367,3838.8377,3764.7764,3749.7143
111323000,3839.0801,11509000,120991200,16358454800,190733245200,3783.0367,3839.0801,3764.7764,3749.7143
111328000,3839.0526,16593900,163810900,16375048700,190897056100,3783.0367,3839.0801,3764.7764,3749.7143
111333000,3839.2266,10208300,126756200,16385257000,191023812300,3783.0367,3839.2266,3764.7764,3749.7143
111338000,3839.2792,12729800,154301800,16397986800,191178114100,3783.0367,3839.2792,3764.7764,3749.7143
111343000,3839.1706,8003600,100851500,16405990400,191278965600,3783.0367,3839.2792,3764.7764,3749.7143
111348000,3839.2773,10117300,133976700,16416107700,191412942300,3783.0367,3839.2792,3764.7764,3749.7143
111353000,3839.0118,12505700,153644200,16428613400,191566586500,3783.0367,3839.2792,3764.7764,3749.7143
111358000,3839.3406,11547700,149021500,16440161100,191715608000,3783.0367,3839.3406,3764.7764,3749.7143
111403000,3839.4157,11671400,129844000,16451832500,191845452000,3783.0367,3839.4157,3764.7764,3749.7143
111408000,3839.5099,9647500,116598800,16461480000,191962050800,3783.0367,3839.5099,3764.7764,3749.7143
111413000,3839.4281,6596800,93711600,16468076800,192055762400,3783.0367,3839.5099,3764.7764,3749.7143
111418000,3839.463,11247300,137939400,16479324100,192193701800,3783.0367,3839.5099,3764.7764,3749.7143
111423000,3839.4605,11115800,133584400,16490439900,192327286200,3783.0367,3839.5099,3764.7764,3749.7143
111428000,3839.3972,10608500,111660200,16501048400,192438946400,3783.0367,3839.5099,3764.7764,3749.7143
111433000,3839.2352,11395600,130283600,16512444000,192569230000,3783.0367,3839.5099,3764.7764,3749.7143
111438000,3839.2574,12636800,148457500,16525080800,192717687500,3783.0367,3839.5099,3764.7764,3749.7143
111443000,3838.8175,10882000,116733100,16535962800,192834420600,3783.0367,3839.5099,3764.7764,3749.7143
111448000,3838.8438,12241000,141596400,16548203800,192976017000,3783.0367,3839.5099,3764.7764,3749.7143
111453000,3838.452,10425700,127013100,16558629500,193103030100,3783.0367,3839.5099,3764.7764,3749.7143
111458000,3838.1309,9274100,119256700,16567903600,193222286800,3783.0367,3839.5099,3764.7764,3749.7143
111503000,3837.9194,11094300,135160600,16578997900,193357447400,3783.0367,3839.5099,3764.7764,3749.7143
111508000,3837.786,14766500,187343900,16593764400,193544791300,3783.0367,3839.5099,3764.7764,3749.7143
111513000,3838.0859,10349500,96466600,16604113900,193641257900,3783.0367,3839.5099,3764.7764,3749.7143
111518000,3837.8672,11685200,112106500,16615799100,193753364400,3783.0367,3839.5099,3764.7764,3749.7143
111523000,3837.8534,10035400,102694000,16625834500,193856058400,3783.0367,3839.5099,3764.7764,3749.7143
111528000,3837.6475,11068200,127219300,16636902700,193983277700,3783.0367,3839.5099,3764.7764,3749.7143
111533000,3837.8711,11090700,105226500,16647993400,194088504200,3783.0367,3839.5099,3764.7764,3749.7143
111538000,3837.3855,13376300,132769100,16661369700,194221273300,3783.0367,3839.5099,3764.7764,3749.7143
111543000,3837.5802,5950400,81961100,16667320100,194303234400,3783.0367,3839.5099,3764.7764,3749.7143
111548000,3837.4905,10286500,125570000,16677606600,194428804400,3783.0367,3839.5099,3764.7764,3749.7143
111553000,3837.5165,8673200,92632600,16686279800,194521437000,3783.0367,3839.5099,3764.7764,3749.7143
111558000,3837.3335,7504300,100370800,16693784100,194621807800,3783.0367,3839.5099,3764.7764,3749.7143
111603000,3837.5734,9023400,117712000,16702807500,194739519800,3783.0367,3839.5099,3764.7764,3749.7143
111608000,3837.3453,9846300,129823100,16712653800,194869342900,3783.0367,3839.5099,3764.7764,3749.7143
111613000,3837.3461,6740300,87292500,16719394100,194956635400,3783.0367,3839.5099,3764.7764,3749.7143
111618000,3837.1878,8926300,111822800,16728320400,195068458200,3783.0367,3839.5099,3764.7764,3749.7143
111623000,3836.7018,8273900,92950600,16736594300,195161408800,3783.0367,3839.5099,3764.7764,3749.7143
111628000,3836.7806,7806300,105425600,16744400600,195266834400,3783.0367,3839.5099,3764.7764,3749.7143
111633000,3836.795,13103900,129714500,16757504500,195396548900,3783.0367,3839.5099,3764.7764,3749.7143
111638000,3836.4649,9081200,113515400,16766585700,195510064300,3783.0367,3839.5099,3764.7764,3749.7143
111643000,3836.558,7775500,90333200,16774361200,195600397500,3783.0367,3839.5099,3764.7764,3749.7143
111648000,3835.9937,8326200,88510800,16782687400,195688908300,3783.0367,3839.5099,3764.7764,3749.7143
111653000,3835.8692,7878200,92007400,16790565600,195780915700,3783.0367,3839.5099,3764.7764,3749.7143
111658000,3835.7309,6907400,85261000,16797473000,195866176700,3783.0367,3839.5099,3764.7764,3749.7143
111703000,3835.5469,11456700,130661700,16808929700,195996838400,3783.0367,3839.5099,3764.7764,3749.7143
111708000,3835.1191,11993000,126737300,16820922700,196123575700,3783.0367,3839.5099,3764.7764,3749.7143
111713000,3834.971,6244000,70531300,16827166700,196194107000,3783.0367,3839.5099,3764.7764,3749.7143
111718000,3834.688,8968400,102016200,16836135100,196296123200,3783.0367,3839.5099,3764.7764,3749.7143
111723000,3834.7386,5472000,68453400,16841607100,196364576600,3783.0367,3839.5099,3764.7764,3749.7143
111728000,3834.4509,8622400,98063200,16850229500,196462639800,3783.0367,3839.5099,3764.7764,3749.7143
111733000,3834.4125,6391200,69265900,16856620700,196531905700,3783.0367,3839.5099,3764.7764,3749.7143
111738000,3834.2025,7393400,88127800,16864014100,196620033500,3783.0367,3839.5099,3764.7764,3749.7143
111743000,3834.2599,4619900,61091800,16868634000,196681125300,3783.0367,3839.5099,3764.7764,3749.7143
111748000,3833.9074,7301200,91631100,16875935200,196772756400,3783.0367,3839.5099,3764.7764,3749.7143
111753000,3833.5998,6236200,65722600,16882171400,196838479000,3783.0367,3839.5099,3764.7764,3749.7143
111758000,3833.4732,6933700,80346600,16889105100,196918825600,3783.0367,3839.5099,3764.7764,3749.7143
111803000,3833.28,8564800,93838300,16897669900,197012663900,3783.0367,3839.5099,3764.7764,3749.7143
111808000,3832.6715,8992800,94320500,16906662700,197106984400,3783.0367,3839.5099,3764.7764,3749.7143
111813000,3833.3814,7044100,75298600,16913706800,197182283000,3783.0367,3839.5099,3764.7764,3749.7143
111818000,3833.1528,7793800,92025200,16921500600,197274308200,3783.0367,3839.5099,3764.7764,3749.7143
111823000,3833.489,7695200,85310800,16929195800,197359619000,3783.0367,3839.5099,3764.7764,3749.7143
111828000,3834.3754,8765000,107649700,16937960800,197467268700,3783.0367,3839.5099,3764.7764,3749.7143
111833000,3834.0886,9359700,107810200,16947320500,197575078900,3783.0367,3839.5099,3764.7764,3749.7143
111838000,3834.1135,8579800,103426500,16955900300,197678505400,3783.0367,3839.5099,3764.7764,3749.7143
111843000,3833.6683,4786500,63320800,16960686800,197741826200,3783.0367,3839.5099,3764.7764,3749.7143
111848000,3833.9028,5576900,73220300,16966263700,197815046500,3783.0367,3839.5099,3764.7764,3749.7143
111853000,3833.7461,5434800,68322200,16971698500,197883368700,3783.0367,3839.5099,3764.7764,3749.7143
111858000,3833.9407,5616400,75810100,16977314900,197959178800,3783.0367,3839.5099,3764.7764,3749.7143
111903000,3834.1098,5791700,75225500,16983106600,198034404300,3783.0367,3839.5099,3764.7764,3749.7143
111908000,3834.1521,8272100,90224800,16991378700,198124629100,3783.0367,3839.5099,3764.7764,3749.7143
111913000,3834.3298,4353600,53247200,16995732300,198177876300,3783.0367,3839.5099,3764.7764,3749.7143
111918000,3833.5018,7763200,88201800,17003495500,198266078100,3783.0367,3839.5099,3764.7764,3749.7143
111923000,3833.8941,6904600,73942900,17010400100,198340021000,3783.0367,3839.5099,3764.7764,3749.7143
111928000,3833.9524,6804900,95136400,17017205000,198435157400,3783.0367,3839.5099,3764.7764,3749.7143
111933000,3834.0038,9124800,89486500,17026329800,198524643900,3783.0367,3839.5099,3764.7764,3749.7143
111938000,3834.2293,6321600,83577500,17032651400,198608221400,3783.0367,3839.5099,3764.7764,3749.7143
111943000,3834.4336,4979300,62283900,17037630700,198670505300,3783.0367,3839.5099,3764.7764,3749.7143
111948000,3834.3511,8351500,101424400,17045982200,198771929700,3783.0367,3839.5099,3764.7764,3749.7143
111953000,3835.0391,8428000,91069200,17054410200,198862998900,3783.0367,3839.5099,3764.7764,3749.7143
111958000,3834.7747,6896300,81737000,17061306500,198944735900,3783.0367,3839.5099,3764.7764,3749.7143
112003000,3835.0424,7924700,97389000,17069231200,199042124900,3783.0367,3839.5099,3764.7764,3749.7143
112008000,3835.6565,7795600,103253600,17077026800,199145378500,3783.0367,3839.5099,3764.7764,3749.7143
112013000,3836.6664,7329400,86899200,17084356200,199232277700,3783.0367,3839.5099,3764.7764,3749.7143
112018000,3837.4095,12607200,139438400,17096963400,199371716100,3783.0367,3839.5099,3764.7764,3749.7143
112023000,3837.92,11673200,127123400,17108636600,199498839500,3783.0367,3839.5099,3764.7764,3749.7143
112028000,3838.1594,9955200,121317800,17118591800,199620157300,3783.0367,3839.5099,3764.7764,3749.7143
112033000,3838.5819,10853900,123829600,17129445700,199743986900,3783.0367,3839.5099,3764.7764,3749.7143
112038000,3838.8778,7209900,93986800,17136655600,199837973700,3783.0367,3839.5099,3764.7764,3749.7143
112043000,3839.6902,9333600,116194200,17145989200,199954167900,3783.0367,3839.6902,3764.7764,3749.7143
112048000,3840.6674,11497300,154920600,17157486500,200109088500,3783.0367,3840.6674,3764.7764,3749.7143
112053000,3840.8898,11980600,134858700,17169467100,200243947200,3783.0367,3840.8898,3764.7764,3749.7143
112058000,3840.9213,9230700,110378600,17178697800,200354325800,3783.0367,3840.9213,3764.7764,3749.7143
112103000,3840.8817,11245300,113344800,17189943100,200467670600,3783.0367,3840.9213,3764.7764,3749.7143
112108000,3841.2127,9045700,112981100,17198988800,200580651700,3783.0367,3841.2127,3764.7764,3749.7143
112113000,3841.6334,4161200,66360800,17203150000,200647012500,3783.0367,3841.6334,3764.7764,3749.7143
112118000,3841.8709,8374700,97874800,17211524700,200744887300,3783.0367,3841.8709,3764.7764,3749.7143
112123000,3841.9103,9936300,102236800,17221461000,200847124100,3783.0367,3841.9103,3764.7764,3749.7143
112128000,3841.9126,9126300,96727100,17230587300,200943851200,3783.0367,3841.9126,3764.7764,3749.7143
112133000,3842.1111,7601500,89283400,17238188800,201033134600,3783.0367,3842.1111,3764.7764,3749.7143
112138000,3842.3017,8035200,93313500,17246224000,201126448100,3783.0367,3842.3017,3764.7764,3749.7143
112143000,3842.0714,5261300,68060300,17251485300,201194508400,3783.0367,3842.3017,3764.7764,3749.7143
112148000,3842.4178,9863000,96335200,17261348300,201290843600,3783.0367,3842.4178,3764.7764,3749.7143
112153000,3842.593,7991500,87884500,17269339800,201378728100,3783.0367,3842.593,3764.7764,3749.7143
112158000,3842.7314,8966500,111661800,17278306300,201490389900,3783.0367,3842.7314,3764.7764,3749.7143
112203000,3843.142,8844100,126626800,17287150400,201617016700,3783.0367,3843.142,3764.7764,3749.7143
112208000,3842.8357,11059200,134305500,17298209600,201751322200,3783.0367,3843.142,3764.7764,3749.7143
112213000,3843.5034,7422700,109513200,17305632300,201860835400,3783.0367,3843.5034,3764.7764,3749.7143
112218000,3844.0115,10833500,152481600,17316465800,202013317000,3783.0367,3844.0115,3764.7764,3749.7143
112223000,3843.7369,12863100,125857000,17329328900,202139174000,3783.0367,3844.0115,3764.7764,3749.7143
112228000,3844.1469,9173500,107413500,17338502400,202246587500,3783.0367,3844.1469,3764.7764,3749.7143
112233000,3844.1605,11164300,137315100,17349666700,202383902600,3783.0367,3844.1605,3764.7764,3749.7143
112238000,3844.4784,11727800,160932900,17361394500,202544835500,3783.0367,3844.4784,3764.7764,3749.7143
112243000,3845.1702,8792400,103148100,17370186900,202647983600,3783.0367,3845.1702,3764.7764,3749.7143
112248000,3845.0521,13324900,137190500,17383511800,202785174100,3783.0367,3845.1702,3764.7764,3749.7143
112253000,3845.9487,8634200,86960800,17392146000,202872134900,3783.0367,3845.9487,3764.7764,3749.7143
112258000,3846.1493,11378600,130565900,17403524600,203002700800,3783.0367,3846.1493,3764.7764,3749.7143
112303000,3846.2642,10087900,114197100,17413612500,203116897900,3783.0367,3846.2642,3764.7764,3749.7143
112308000,3846.1935,10944000,116517000,17424556500,203233414900,3783.0367,3846.2642,3764.7764,3749.7143
112313000,3846.3133,7775700,88557500,17432332200,203321972400,3783.0367,3846.3133,3764.7764,3749.7143
112318000,3846.5102,8514700,95797900,17440846900,203417770300,3783.0367,3846.5102,3764.7764,3749.7143
112323000,3846.5438,10752500,112481900,17451599400,203530252200,3783.0367,3846.5438,3764.7764,3749.7143
112328000,3846.4132,10295600,115969200,17461895000,203646221400,3783.0367,3846.5438,3764.7764,3749.7143
112333000,3846.7475,11185500,135776300,17473080500,203781997700,3783.0367,3846.7475,3764.7764,3749.7143
112338000,3847.1269,7831100,93451400,17480911600,203875449100,3783.0367,3847.1269,3764.7764,3749.7143
112343000,3846.8584,9729200,99506000,17490640800,203974955100,3783.0367,3847.1269,3764.7764,3749.7143
112348000,3847.0252,12002000,159972500,17502642800,204134927600,3783.0367,3847.1269,3764.7764,3749.7143
112353000,3847.0411,7509100,83087500,17510151900,204218015100,3783.0367,3847.1269,3764.7764,3749.7143
112358000,3846.8712,10220500,105321000,17520372400,204323336100,3783.0367,3847.1269,3764.7764,3749.7143
112403000,3846.7214,12134900,138770900,17532507300,204462107000,3783.0367,3847.1269,3764.7764,3749.7143
112408000,3847.2373,10161900,108912000,17542669200,204571019000,3783.0367,3847.2373,3764.7764,3749.7143
112413000,3847.1699,18705400,168640600,17561374600,204739659600,3783.0367,3847.2373,3764.7764,3749.7143
112418000,3847.5137,13803500,123968800,17575178100,204863628400,3783.0367,3847.5137,3764.7764,3749.7143
112423000,3847.6986,8805000,87049000,17583983100,204950677400,3783.0367,3847.6986,3764.7764,3749.7143
112428000,3848.1515,10043300,116343800,17594026400,205067021200,3783.0367,3848.1515,3764.7764,3749.7143
112433000,3848.312,10346300,115447700,17604372700,205182468900,3783.0367,3848.312,3764.7764,3749.7143
112438000,3848.7612,12084600,145831500,17616457300,205328300400,3783.0367,3848.7612,3764.7764,3749.7143
112443000,3849.2232,10102000,98380300,17626559300,205426680700,3783.0367,3849.2232,3764.7764,3749.7143
112448000,3848.7781,9892100,110149300,17636451400,205536830000,3783.0367,3849.2232,3764.7764,3749.7143
112453000,3849.2192,8148100,100374700,17644599500,205637204700,3783.0367,3849.2232,3764.7764,3749.7143
112458000,3849.1875,10420400,111134000,17655019900,205748338700,3783.0367,3849.2232,3764.7764,3749.7143
112503000,3849.1175,8258800,95572000,17663278700,205843910700,3783.0367,3849.2232,3764.7764,3749.7143
112508000,3849.5758,11587600,124400600,17674866300,205968311300,3783.0367,3849.5758,3764.7764,3749.7143
112513000,3849.4055,6774600,90105600,17681640900,206058416900,3783.0367,3849.5758,3764.7764,3749.7143
112518000,3849.5644,13501600,145561800,17695142500,206203978700,3783.0367,3849.5758,3764.7764,3749.7143
112523000,3849.3256,10601800,102800400,17705744300,206306779100,3783.0367,3849.5758,3764.7764,3749.7143
112528000,3849.5697,8545600,108849600,17714289900,206415628700,3783.0367,3849.5758,3764.7764,3749.7143
112533000,3849.8684,11016300,129142300,17725306200,206544771000,3783.0367,3849.8684,3764.7764,3749.7143
112538000,3849.6324,11998600,132748700,17737304800,206677519700,3783.0367,3849.8684,3764.7764,3749.7143
112543000,3849.379,7798200,87545900,17745103000,206765065600,3783.0367,3849.8684,3764.7764,3749.7143
112548000,3849.6011,11289100,108202000,17756392100,206873267600,3783.0367,3849.8684,3764.7764,3749.7143
112553000,3849.5936,11667000,113902300,17768059100,206987169900,3783.0367,3849.8684,3764.7764,3749.7143
112558000,3849.7044,9500000,122439600,17777559100,207109609500,3783.0367,3849.8684,3764.7764,3749.7143
112603000,3849.5167,10009900,115074000,17787569000,207224683500,3783.0367,3849.8684,3764.7764,3749.7143
112608000,3849.7796,11263300,120222300,17798832300,207344905800,3783.0367,3849.8684,3764.7764,3749.7143
112613000,3849.694,6875800,83417300,17805708100,207428323100,3783.0367,3849.8684,3764.7764,3749.7143
112618000,3850.0251,10510600,110404000,17816218700,207538727100,3783.0367,3850.0251,3764.7764,3749.7143
112623000,3849.7028,9054500,99007200,17825273200,207637734300,3783.0367,3850.0251,3764.7764,3749.7143
112628000,3850.2469,9330100,133561700,17834603300,207771296000,3783.0367,3850.2469,3764.7764,3749.7143
112633000,3850.0729,7794600,99009000,17842397900,207870305000,3783.0367,3850.2469,3764.7764,3749.7143
112638000,3850.377,11026600,130465600,17853424500,208000770600,3783.0367,3850.377,3764.7764,3749.7143
112643000,3850.6799,8337300,90093000,17861761800,208090863600,3783.0367,3850.6799,3764.7764,3749.7143
112648000,3850.963,10824000,133503500,17872585800,208224367100,3783.0367,3850.963,3764.7764,3749.7143
112653000,3851.4422,8152200,100799800,17880738000,208325166900,3783.0367,3851.4422,3764.7764,3749.7143
112658000,3851.5274,7569300,105022700,17888307300,208430189600,3783.0367,3851.5274,3764.7764,3749.7143
112703000,3851.7074,10127000,136347200,17898434300,208566536800,3783.0367,3851.7074,3764.7764,3749.7143
112708000,3852.5998,11982600,155637100,17910416900,208722173900,3783.0367,3852.5998,3764.7764,3749.7143
112713000,3852.4295,6942100,91154500,17917359000,208813328400,3783.0367,3852.5998,3764.7764,3749.7143
112718000,3852.2647,11805500,127695200,17929164500,208941023600,3783.0367,3852.5998,3764.7764,3749.7143
112723000,3852.9028,10256000,112902800,17939420500,209053926400,3783.0367,3852.9028,3764.7764,3749.7143
112728000,3852.7706,9660800,126488500,17949081300,209180414900,3783.0367,3852.9028,3764.7764,3749.7143
112733000,3852.977,11374800,147202200,17960456100,209327617100,3783.0367,3852.977,3764.7764,3749.7143
112738000,3853.3563,10841800,135232700,17971297900,209462849800,3783.0367,3853.3563,3764.7764,3749.7143
112743000,3853.6744,8467000,103124500,17979764900,209565974300,3783.0367,3853.6744,3764.7764,3749.7143
112748000,3854.226,12362400,171464400,17992127300,209737438700,3783.0367,3854.226,3764.7764,3749.7143
112753000,3854.3113,12422600,170017600,18004549900,209907456300,3783.0367,3854.3113,3764.7764,3749.7143
112758000,3854.5709,11421200,139590700,18015971100,210047047000,3783.0367,3854.5709,3764.7764,3749.7143
112803000,3855.2957,12016700,163588200,18027987800,210210635200,3783.0367,3855.2957,3764.7764,3749.7143
112808000,3856.0549,13735800,192418200,18041723600,210403053400,3783.0367,3856.0549,3764.7764,3749.7143
112813000,3856.6639,8829700,116473400,18050553300,210519526800,3783.0367,3856.6639,3764.7764,3749.7143
112818000,3857.6004,15069900,169456800,18065623200,210688983600,3783.0367,3857.6004,3764.7764,3749.7143
112823000,3858.3622,14803100,167687800,18080426300,210856671400,3783.0367,3858.3622,3764.7764,3749.7143
112828000,3858.764,17877800,200434300,18098304100,211057105700,3783.0367,3858.764,3764.7764,3749.7143
112833000,3858.7147,14606800,139971200,18112910900,211197076900,3783.0367,3858.764,3764.7764,3749.7143
112838000,3859.1739,12622200,147802300,18125533100,211344879200,3783.0367,3859.1739,3764.7764,3749.7143
112843000,3859.8737,15106100,142063200,18140639200,211486942400,3783.0367,3859.8737,3764.7764,3749.7143
112848000,3860.6566,17488800,170773800,18158128000,211657716200,3783.0367,3860.6566,3764.7764,3749.7143
112853000,3860.6229,13448100,161288300,18171576100,211819004500,3783.0367,3860.6566,3764.7764,3749.7143
112858000,3860.9177,14900400,220768600,18186476500,212039773100,3783.0367,3860.9177,3764.7764,3749.7143
112903000,3861.9238,11809700,145553500,18198286200,212185326600,3783.0367,3861.9238,3764.7764,3749.7143
112908000,3861.8852,15725400,174163200,18214011600,212359489800,3783.0367,3861.9238,3764.7764,3749.7143
112913000,3861.0815,9628300,132065500,18223639900,212491555300,3783.0367,3861.9238,3764.7764,3749.7143
112918000,3861.1297,16318100,171813300,18239958000,212663368600,3783.0367,3861.9238,3764.7764,3749.7143
112923000,3861.644,11199400,127511700,18251157400,212790880300,3783.0367,3861.9238,3764.7764,3749.7143
112928000,3861.623,10823100,140920200,18261980500,212931800500,3783.0367,3861.9238,3764.7764,3749.7143
112933000,3861.7463,9892800,127292800,18271873300,213059093300,3783.0367,3861.9238,3764.7764,3749.7143
112938000,3861.8934,16743700,170986700,18288617000,213230080000,3783.0367,3861.9238,3764.7764,3749.7143
112943000,3861.8639,7821000,101691400,18296438000,213331771400,3783.0367,3861.9238,3764.7764,3749.7143
112948000,3861.9754,11695800,152160900,18308133800,213483932300,3783.0367,3861.9754,3764.7764,3749.7143
112953000,3862.1245,9817700,113088300,18317951500,213597020600,3783.0367,3862.1245,3764.7764,3749.7143
112958000,3862.0289,10039300,124766500,18327990800,213721787100,3783.0367,3862.1245,3764.7764,3749.7143
113003000,3862.019,8796200,102392900,18336787000,213824180000,3783.0367,3862.1245,3764.7764,3749.7143
113008000,3862.0086,198300,4326900,18336985300,213828506900,3783.0367,3862.1245,3764.7764,3749.7143
130003000,3863.7447,48027600,552988400,18385012900,214381495300,3783.0367,3863.7447,3764.7764,3749.7143
130008000,3867.1524,238946600,2130228000,18623959500,216511723300,3783.0367,3867.1524,3764.7764,3749.7143
130013000,3869.3061,113331700,1132151100,18737291200,217643874400,3783.0367,3869.3061,3764.7764,3749.7143
130018000,3871.7333,31036500,350542200,18768327700,217994416600,3783.0367,3871.7333,3764.7764,3749.7143
130023000,3872.5419,12879300,154604300,18781207000,218149020900,3783.0367,3872.5419,3764.7764,3749.7143
130028000,3873.7566,27217200,286528400,18808424200,218435549300,3783.0367,3873.7566,3764.7764,3749.7143
130033000,3874.3098,26564100,253851200,18834988300,218689400500,3783.0367,3874.3098,3764.7764,3749.7143
130038000,3874.9994,23702500,255250200,18858690800,218944650700,3783.0367,3874.9994,3764.7764,3749.7143
130043000,3875.7796,20893200,239239100,18879584000,219183889800,3783.0367,3875.7796,3764.7764,3749.7143
130048000,3875.791,29578100,345162800,18909162100,219529052600,3783.0367,3875.791,3764.7764,3749.7143
130053000,3876.6554,15235000,194077300,18924397100,219723129900,3783.0367,3876.6554,3764.7764,3749.7143
130058000,3876.8072,26617900,288500000,18951015000,220011629900,3783.0367,3876.8072,3764.7764,3749.7143
130103000,3877.5589,24201400,267349100,18975216400,220278979000,3783.0367,3877.5589,3764.7764,3749.7143
130108000,3878.1497,22345100,265815000,18997561500,220544794000,3783.0367,3878.1497,3764.7764,3749.7143
130113000,3879.0686,22420500,236044400,19019982000,220780838400,3783.0367,3879.0686,3764.7764,3749.7143
130118000,3878.8108,22188500,259421600,19042170500,221040260000,3783.0367,3879.0686,3764.7764,3749.7143
130123000,3878.9932,21056900,234788100,19063227400,221275048100,3783.0367,3879.0686,3764.7764,3749.7143
130128000,3879.1898,25016300,261556300,19088243700,221536604400,3783.0367,3879.1898,3764.7764,3749.7143
130133000,3879.2627,23909400,250232500,19112153100,221786836900,3783.0367,3879.2627,3764.7764,3749.7143
130138000,3879.1644,25029400,269174400,19137182500,222056011300,3783.0367,3879.2627,3764.7764,3749.7143
130143000,3879.3139,21632700,207659700,19158815200,222263671000,3783.0367,3879.3139,3764.7764,3749.7143
130148000,3880.0042,23658600,253890500,19182473800,222517561500,3783.0367,3880.0042,3764.7764,3749.7143
130153000,3879.7593,16242800,199836200,19198716600,222717397700,3783.0367,3880.0042,3764.7764,3749.7143
130158000,3880.2736,21714700,249874800,19220431300,222967272500,3783.0367,3880.2736,3764.7764,3749.7143
130203000,3880.0589,20575400,196541500,19241006700,223163814000,3783.0367,3880.2736,3764.7764,3749.7143
130208000,3880.3375,18653100,231964500,19259659800,223395778500,3783.0367,3880.3375,3764.7764,3749.7143
130213000,3880.2997,13957800,174123700,19273617600,223569902200,3783.0367,3880.3375,3764.7764,3749.7143
130218000,3880.5172,16503200,194780100,19290120800,223764682300,3783.0367,3880.5172,3764.7764,3749.7143
130223000,3880.8513,15428400,188379000,19305549200,223953061300,3783.0367,3880.8513,3764.7764,3749.7143
130228000,3880.6867,22271800,232390200,19327821000,224185451500,3783.0367,3880.8513,3764.7764,3749.7143
130233000,3880.8177,16575700,190219800,19344396700,224375671300,3783.0367,3880.8513,3764.7764,3749.7143
130238000,3880.8835,15929500,217255600,19360326200,224592926900,3783.0367,3880.8835,3764.7764,3749.7143
130243000,3880.8798,13486500,171362900,19373812700,224764289800,3783.0367,3880.8835,3764.7764,3749.7143
130248000,3880.2548,20781800,228666100,19394594500,224992955900,3783.0367,3880.8835,3764.7764,3749.7143
130253000,3879.7204,15852500,176483900,19410447000,225169439800,3783.0367,3880.8835,3764.7764,3749.7143
130258000,3879.8815,17783000,195442400,19428230000,225364882200,3783.0367,3880.8835,3764.7764,3749.7143
130303000,3880.1504,17891100,263322700,19446121100,225628204900,3783.0367,3880.8835,3764.7764,3749.7143
130308000,3879.9951,17407700,192666300,19463528800,225820871200,3783.0367,3880.8835,3764.7764,3749.7143
130313000,3880.2509,14600000,166507400,19478128800,225987378600,3783.0367,3880.8835,3764.7764,3749.7143
130318000,3880.3844,17248900,177826500,19495377700,226165205100,3783.0367,3880.8835,3764.7764,3749.7143
130323000,3880.1508,11590700,135243100,19506968400,226300448200,3783.0367,3880.8835,3764.7764,3749.7143
130328000,3879.7978,16753500,186994500,19523721900,226487442700,3783.0367,3880.8835,3764.7764,3749.7143
130333000,3880.3117,13997600,157809500,19537719500,226645252200,3783.0367,3880.8835,3764.7764,3749.7143
130338000,3880.3044,19377000,206020700,19557096500,226851272900,3783.0367,3880.8835,3764.7764,3749.7143
130343000,3880.0942,11292600,123867300,19568389100,226975140200,3783.0367,3880.8835,3764.7764,3749.7143
130348000,3880.4701,14665700,157488600,19583054800,227132628800,3783.0367,3880.8835,3764.7764,3749.7143
130353000,3880.0708,13353900,139252700,19596408700,227271881500,3783.0367,3880.8835,3764.7764,3749.7143
130358000,3879.9991,15551900,179424700,19611960600,227451306200,3783.0367,3880.8835,3764.7764,3749.7143
130403000,3880.0321,17459000,176246700,19629419600,227627552900,3783.0367,3880.8835,3764.7764,3749.7143
130408000,3879.9358,17096600,182881700,19646516200,227810434600,3783.0367,3880.8835,3764.7764,3749.7143
130413000,3879.7115,12294200,125936000,19658810400,227936370600,3783.0367,3880.8835,3764.7764,3749.7143
130418000,3880.1731,17942600,183418500,19676753000,228119789100,3783.0367,3880.8835,3764.7764,3749.7143
130423000,3880.3975,9316300,102227000,19686069300,228222016100,3783.0367,3880.8835,3764.7764,3749.7143
130428000,3880.0775,15397700,165861200,19701467000,228387877300,3783.0367,3880.8835,3764.7764,3749.7143
130433000,3880.723,14869800,161505700,19716336800,228549383000,3783.0367,3880.8835,3764.7764,3749.7143
130438000,3880.7161,14166000,160601000,19730502800,228709984000,3783.0367,3880.8835,3764.7764,3749.7143
130443000,3880.7834,14012000,165763000,19744514800,228875747000,3783.0367,3880.8835,3764.7764,3749.7143
130448000,3880.7068,12738700,152575400,19757253500,229028322400,3783.0367,3880.8835,3764.7764,3749.7143
130453000,3880.8427,10952800,132580500,19768206300,229160902900,3783.0367,3880.8835,3764.7764,3749.7143
130458000,3880.229,16714800,189789200,19784921100,229350692100,3783.0367,3880.8835,3764.7764,3749.7143
130503000,3880.6665,13392500,153351400,19798313600,229504043500,3783.0367,3880.8835,3764.7764,3749.7143
130508000,3880.665,12169600,152800800,19810483200,229656844300,3783.0367,3880.8835,3764.7764,3749.7143
130513000,3880.1791,10259900,119806700,19820743100,229776651000,3783.0367,3880.8835,3764.7764,3749.7143
130518000,3880.4876,14042300,160843900,19834785400,229937494900,3783.0367,3880.8835,3764.7764,3749.7143
130523000,3881.1865,9819100,118772400,19844604500,230056267300,3783.0367,3881.1865,3764.7764,3749.7143
130528000,3880.8297,13934800,175642700,19858539300,230231910000,3783.0367,3881.1865,3764.7764,3749.7143
130533000,3880.7315,14406800,138609700,19872946100,230370519700,3783.0367,3881.1865,3764.7764,3749.7143
130538000,3881.3928,10755900,136266900,19883702000,230506786600,3783.0367,3881.3928,3764.7764,3749.7143
130543000,3881.3121,9956300,127408900,19893658300,230634195500,3783.0367,3881.3928,3764.7764,3749.7143
130548000,3881.3649,13403300,154080500,19907061600,230788276000,3783.0367,3881.3928,3764.7764,3749.7143
130553000,3881.0981,9085200,97613200,19916146800,230885889200,3783.0367,3881.3928,3764.7764,3749.7143
130558000,3880.9195,14840300,159684100,19930987100,231045573300,3783.0367,3881.3928,3764.7764,3749.7143
130603000,3881.4351,14137600,153603500,19945124700,231199176800,3783.0367,3881.4351,3764.7764,3749.7143
130608000,3881.3218,12925300,156821800,19958050000,231355998600,3783.0367,3881.4351,3764.7764,3749.7143
130613000,3881.4491,13917700,138204200,19971967700,231494202800,3783.0367,3881.4491,3764.7764,3749.7143
130618000,3881.6175,15166000,178672100,19987133700,231672874900,3783.0367,3881.6175,3764.7764,3749.7143
130623000,3881.7555,8134100,104883800,19995267800,231777758700,3783.0367,3881.7555,3764.7764,3749.7143
130628000,3881.7529,15327300,164229500,20010595100,231941988200,3783.0367,3881.7555,3764.7764,3749.7143
130633000,3882.2669,10957800,141183800,20021552900,232083172000,3783.0367,3882.2669,3764.7764,3749.7143
130638000,3882.7065,15824200,240903500,20037377100,232324075500,3783.0367,3882.7065,3764.7764,3749.7143
130643000,3883.0135,10004000,120852200,20047381100,232444927700,3783.0367,3883.0135,3764.7764,3749.7143
130648000,3883.3691,12982100,157848100,20060363200,232602775800,3783.0367,3883.3691,3764.7764,3749.7143
130653000,3883.5185,12345000,138742800,20072708200,232741518600,3783.0367,3883.5185,3764.7764,3749.7143
130658000,3883.9668,16309000,195774600,20089017200,232937293200,3783.0367,3883.9668,3764.7764,3749.7143
130703000,3883.7552,12316500,140658700,20101333700,233077951900,3783.0367,3883.9668,3764.7764,3749.7143
130708000,3884.3726,16776500,201787600,20118110200,233279739500,3783.0367,3884.3726,3764.7764,3749.7143
130713000,3884.2149,12555800,135521700,20130666000,233415261200,3783.0367,3884.3726,3764.7764,3749.7143
130718000,3884.4377,13181700,165225300,20143847700,233580486500,3783.0367,3884.4377,3764.7764,3749.7143
130723000,3884.7267,11275800,129798300,20155123500,233710284800,3783.0367,3884.7267,3764.7764,3749.7143
130728000,3884.5217,16518200,200648900,20171641700,233910933700,3783.0367,3884.7267,3764.7764,3749.7143
130733000,3884.9274,13601100,170145000,20185242800,234081078700,3783.0367,3884.9274,3764.7764,3749.7143
130738000,3885.2155,10950200,154699100,20196193000,234235777800,3783.0367,3885.2155,3764.7764,3749.7143
130743000,3885.3275,10281800,117267900,20206474800,234353045700,3783.0367,3885.3275,3764.7764,3749.7143
130748000,3885.1684,15435700,192113100,20221910500,234545158800,3783.0367,3885.3275,3764.7764,3749.7143
130753000,3885.3061,10028700,127133100,20231939200,234672291900,3783.0367,3885.3275,3764.7764,3749.7143
130758000,3885.4074,14928800,170874200,20246868000,234843166100,3783.0367,3885.4074,3764.7764,3749.7143
130803000,3885.6657,15788900,172788000,20262656900,235015954100,3783.0367,3885.6657,3764.7764,3749.7143
130808000,3886.2122,13260400,178063400,20275917300,235194017500,3783.0367,3886.2122,3764.7764,3749.7143
130813000,3886.4846,11169000,138461300,20287086300,235332478800,3783.0367,3886.4846,3764.7764,3749.7143
130818000,3886.4125,13178500,158296100,20300264800,235490774900,3783.0367,3886.4846,3764.7764,3749.7143
130823000,3886.1949,10767700,139885400,20311032500,235630660300,3783.0367,3886.4846,3764.7764,3749.7143
130828000,3886.5797,16325300,185777000,20327357800,235816437300,3783.0367,3886.5797,3764.7764,3749.7143
130833000,3885.5978,13745600,177674900,20341103400,235994112200,3783.0367,3886.5797,3764.7764,3749.7143
130838000,3885.17,17624800,199184500,20358728200,236193296700,3783.0367,3886.5797,3764.7764,3749.7143
130843000,3883.4475,15745900,183432500,20374474100,236376729200,3783.0367,3886.5797,3764.7764,3749.7143
130848000,3882.7626,17328600,215751100,20391802700,236592480300,3783.0367,3886.5797,3764.7764,3749.7143
130853000,3881.7038,16314400,174161200,20408117100,236766641500,3783.0367,3886.5797,3764.7764,3749.7143
130858000,3881.6225,19627400,221817100,20427744500,236988458600,3783.0367,3886.5797,3764.7764,3749.7143
130903000,3880.5179,15213000,181520300,20442957500,237169978900,3783.0367,3886.5797,3764.7764,3749.7143
130908000,3880.4359,16765200,197584500,20459722700,237367563400,3783.0367,3886.5797,3764.7764,3749.7143
130913000,3880.0416,13290700,154128400,20473013400,237521691800,3783.0367,3886.5797,3764.7764,3749.7143
130918000,3880.241,15621800,171070900,20488635200,237692762700,3783.0367,3886.5797,3764.7764,3749.7143
130923000,3878.9218,12866100,146944700,20501501300,237839707400,3783.0367,3886.5797,3764.7764,3749.7143
130928000,3878.8075,15498400,170976100,20516999700,238010683500,3783.0367,3886.5797,3764.7764,3749.7143
130933000,3878.2005,17089000,171074800,20534088700,238181758300,3783.0367,3886.5797,3764.7764,3749.7143
130938000,3877.3637,14349900,147382100,20548438600,238329140400,3783.0367,3886.5797,3764.7764,3749.7143
130943000,3876.7436,11034900,129017400,20559473500,238458157800,3783.0367,3886.5797,3764.7764,3749.7143
130948000,3876.5078,14537300,163079200,20574010800,238621237000,3783.0367,3886.5797,3764.7764,3749.7143
130953000,3876.1405,12026900,130497200,20586037700,238751734200,3783.0367,3886.5797,3764.7764,3749.7143
130958000,3875.3695,17265900,199977100,20603303600,238951711300,3783.0367,3886.5797,3764.7764,3749.7143
131003000,3874.3034,14810000,155973300,20618113600,239107684600,3783.0367,3886.5797,3764.7764,3749.7143
131008000,3874.1771,15531500,170525900,20633645100,239278210500,3783.0367,3886.5797,3764.7764,3749.7143
131013000,3873.1234,12171900,128398100,20645817000,239406608600,3783.0367,3886.5797,3764.7764,3749.7143
131018000,3872.5068,14333800,168279500,20660150800,239574888100,3783.0367,3886.5797,3764.7764,3749.7143
131023000,3872.5884,9622800,108536500,20669773600,239683424600,3783.0367,3886.5797,3764.7764,3749.7143
131028000,3871.6689,15064900,167067500,20684838500,239850492100,3783.0367,3886.5797,3764.7764,3749.7143
131033000,3871.2779,14835400,145077400,20699673900,239995569500,3783.0367,3886.5797,3764.7764,3749.7143
131038000,3871.3839,13092200,137461400,20712766100,240133030900,3783.0367,3886.5797,3764.7764,3749.7143
131043000,3871.1163,10165900,120848800,20722932000,240253879700,3783.0367,3886.5797,3764.7764,3749.7143
131048000,3870.0744,14191300,137728900,20737123300,240391608600,3783.0367,3886.5797,3764.7764,3749.7143
131053000,3869.699,14318500,136595300,20751441800,240528203900,3783.0367,3886.5797,3764.7764,3749.7143
131058000,3869.4483,25963400,170679400,20777405200,240698883300,3783.0367,3886.5797,3764.7764,3749.7143
131103000,3868.5635,17877700,159255200,20795282900,240858138500,3783.0367,3886.5797,3764.7764,3749.7143
131108000,3868.7278,14153500,159110700,20809436400,241017249200,3783.0367,3886.5797,3764.7764,3749.7143
131113000,3867.7178,11919000,123655800,20821355400,241140905000,3783.0367,3886.5797,3764.7764,3749.7143
131118000,3867.4226,15722300,144730200,20837077700,241285635200,3783.0367,3886.5797,3764.7764,3749.7143
131123000,3867.0941,8761000,96646600,20845838700,241382281800,3783.0367,3886.5797,3764.7764,3749.7143
131128000,3866.9212,16651500,164599900,20862490200,241546881700,3783.0367,3886.5797,3764.7764,3749.7143
131133000,3866.593,16199400,168243800,20878689600,241715125500,3783.0367,3886.5797,3764.7764,3749.7143
131138000,3866.4016,12615900,136806000,20891305500,241851931500,3783.0367,3886.5797,3764.7764,3749.7143
131143000,3865.8406,10198900,116841800,20901504400,241968773300,3783.0367,3886.5797,3764.7764,3749.7143
131148000,3865.6271,13131500,143804100,20914635900,242112577400,3783.0367,3886.5797,3764.7764,3749.7143
131153000,3865.0836,8636800,110281300,20923272700,242222858700,3783.0367,3886.5797,3764.7764,3749.7143
131158000,3865.1758,16996800,162709300,20940269500,242385568000,3783.0367,3886.5797,3764.7764,3749.7143
131203000,3864.6204,11309000,139663000,20951578500,242525231000,3783.0367,3886.5797,3764.7764,3749.7143
131208000,3864.7841,10691400,135613300,20962269900,242660844300,3783.0367,3886.5797,3764.7764,3749.7143
131213000,3864.4727,10065600,120697600,20972335500,242781541900,3783.0367,3886.5797,3764.7764,3749.7143
131218000,3864.3457,12440800,130422100,20984776300,242911964000,3783.0367,3886.5797,3764.7764,3749.7143
131223000,3864.6104,7310300,90166100,20992086600,243002130100,3783.0367,3886.5797,3764.7764,3749.7143
131228000,3864.4768,12738900,130727600,21004825500,243132857700,3783.0367,3886.5797,3764.7764,3749.7143
131233000,3864.2873,10592600,128901400,21015418100,243261759100,3783.0367,3886.5797,3764.7764,3749.7143
131238000,3863.9264,9212000,110910200,21024630100,243372669300,3783.0367,3886.5797,3764.7764,3749.7143
131243000,3863.7016,10121500,105887600,21034751600,243478556900,3783.0367,3886.5797,3764.7764,3749.7143
131248000,3863.6261,12097500,119306200,21046849100,243597863100,3783.0367,3886.5797,3764.7764,3749.7143
131253000,3863.4906,7830500,102912800,21054679600,243700775900,3783.0367,3886.5797,3764.7764,3749.7143
131258000,3863.1238,12657500,132045100,21067337100,243832821000,3783.0367,3886.5797,3764.7764,3749.7143
131303000,3863.0826,10934100,118834500,21078271200,243951655500,3783.0367,3886.5797,3764.7764,3749.7143
131308000,3862.9033,12585100,128498200,21090856300,244080153700,3783.0367,3886.5797,3764.7764,3749.7143
131313000,3862.4777,8158300,102017300,21099014600,244182171000,3783.0367,3886.5797,3764.7764,3749.7143
131318000,3862.4712,10137700,100947600,21109152300,244283118600,3783.0367,3886.5797,3764.7764,3749.7143
131323000,3862.5188,10177300,96302600,21119329600,244379421200,3783.0367,3886.5797,3764.7764,3749.7143
131328000,3862.5006,9694300,119535700,21129023900,244498956900,3783.0367,3886.5797,3764.7764,3749.7143
131333000,3862.6292,9266300,115104100,21138290200,244614061000,3783.0367,3886.5797,3764.7764,3749.7143
131338000,3862.6618,11654900,125875400,21149945100,244739936400,3783.0367,3886.5797,3764.7764,3749.7143
131343000,3862.7734,9729700,107313800,21159674800,244847250200,3783.0367,3886.5797,3764.7764,3749.7143
131348000,3862.2371,12143300,130589700,21171818100,244977839900,3783.0367,3886.5797,3764.7764,3749.7143
131353000,3862.5549,7026700,101589900,21178844800,245079429800,3783.0367,3886.5797,3764.7764,3749.7143
131358000,3862.1303,10731000,126097500,21189575800,245205527300,3783.0367,3886.5797,3764.7764,3749.7143
131403000,3862.1272,9013100,109422400,21198588900,245314949700,3783.0367,3886.5797,3764.7764,3749.7143
131408000,3861.7296,10283800,133048300,21208872700,245447998000,3783.0367,3886.5797,3764.7764,3749.7143
131413000,3861.1224,9083500,105911700,21217956200,245553909700,3783.0367,3886.5797,3764.7764,3749.7143
131418000,3860.6083,9156000,109721200,21227112200,245663630900,3783.0367,3886.5797,3764.7764,3749.7143
131423000,3860.6804,6893700,84214800,21234005900,245747845700,3783.0367,3886.5797,3764.7764,3749.7143
131428000,3860.5532,16037100,148635000,21250043000,245896480700,3783.0367,3886.5797,3764.7764,3749.7143
131433000,3860.5189,12130200,139894400,21262173200,246036375100,3783.0367,3886.5797,3764.7764,3749.7143
131438000,3860.6008,8548400,101738400,21270721600,246138113500,3783.0367,3886.5797,3764.7764,3749.7143
131443000,3860.4333,7440700,85147100,21278162300,246223260600,3783.0367,3886.5797,3764.7764,3749.7143
131448000,3860.8066,9574800,105067800,21287737100,246328328400,3783.0367,3886.5797,3764.7764,3749.7143
131453000,3860.4852,8607000,95283700,21296344100,246423612100,3783.0367,3886.5797,3764.7764,3749.7143
131458000,3860.8424,11257500,116238000,21307601600,246539850100,3783.0367,3886.5797,3764.7764,3749.7143
131503000,3860.7843,8981600,114380300,21316583200,246654230400,3783.0367,3886.5797,3764.7764,3749.7143
131508000,3860.9463,8056800,102888500,21324640000,246757118900,3783.0367,3886.5797,3764.7764,3749.7143
131513000,3860.8605,8573300,100519800,21333213300,246857638700,3783.0367,3886.5797,3764.7764,3749.7143
131518000,3861.0063,9051400,95232000,21342264700,246952870700,3783.0367,3886.5797,3764.7764,3749.7143
131523000,3860.8972,5935800,73031800,21348200500,247025902500,3783.0367,3886.5797,3764.7764,3749.7143
131528000,3860.4018,8891700,111910000,21357092200,247137812500,3783.0367,3886.5797,3764.7764,3749.7143
131533000,3860.2147,6871800,83857800,21363964000,247221670300,3783.0367,3886.5797,3764.7764,3749.7143
131538000,3860.4243,7561800,104429000,21371525800,247326099300,3783.0367,3886.5797,3764.7764,3749.7143
131543000,3859.9181,6000700,86432800,21377526500,247412532100,3783.0367,3886.5797,3764.7764,3749.7143
131548000,3859.7615,12585900,141169100,21390112400,247553701200,3783.0367,3886.5797,3764.7764,3749.7143
131553000,3859.276,8008000,101090600,21398120400,247654791800,3783.0367,3886.5797,3764.7764,3749.7143
131558000,3859.3345,10843900,131681100,21408964300,247786472900,3783.0367,3886.5797,3764.7764,3749.7143
131603000,3859.0294,8673300,116619200,21417637600,247903092100,3783.0367,3886.5797,3764.7764,3749.7143
131608000,3858.8118,9038200,122325000,21426675800,248025417100,3783.0367,3886.5797,3764.7764,3749.7143
131613000,3857.7575,9075000,101617500,21435750800,248127034600,3783.0367,3886.5797,3764.7764,3749.7143
131618000,3857.6324,9146300,110421200,21444897100,248237455800,3783.0367,3886.5797,3764.7764,3749.7143
131623000,3857.5383,7213000,107632500,21452110100,248345088300,3783.0367,3886.5797,3764.7764,3749.7143
131628000,3856.8413,9615500,114172400,21461725600,248459260700,3783.0367,3886.5797,3764.7764,3749.7143
131633000,3856.7221,11378300,141978200,21473103900,248601238900,3783.0367,3886.5797,3764.7764,3749.7143
131638000,3856.4017,9414400,114968700,21482518300,248716207600,3783.0367,3886.5797,3764.7764,3749.7143
131643000,3856.141,9624600,105638700,21492142900,248821846300,3783.0367,3886.5797,3764.7764,3749.7143
131648000,3855.7584,10608500,119637100,21502751400,248941483400,3783.0367,3886.5797,3764.7764,3749.7143
131653000,3855.6295,6925400,90946300,21509676800,249032429700,3783.0367,3886.5797,3764.7764,3749.7143
131658000,3855.6038,8352800,114229800,21518029600,249146659500,3783.0367,3886.5797,3764.7764,3749.7143
131703000,3855.4683,9276700,110974300,21527306300,249257633800,3783.0367,3886.5797,3764.7764,3749.7143
131708000,3855.1078,8615000,117222700,21535921300,249374856500,3783.0367,3886.5797,3764.7764,3749.7143
131713000,3855.1781,7028500,101617100,21542949800,249476473600,3783.0367,3886.5797,3764.7764,3749.7143
131718000,3855.2944,7825300,104933100,21550775100,249581406700,3783.0367,3886.5797,3764.7764,3749.7143
131723000,3854.9614,6557800,74613600,21557332900,249656020300,3783.0367,3886.5797,3764.7764,3749.7143
131728000,3855.4156,8841200,111738000,21566174100,249767758300,3783.0367,3886.5797,3764.7764,3749.7143
131733000,3855.1355,7729000,91204400,21573903100,249858962700,3783.0367,3886.5797,3764.7764,3749.7143
131738000,3855.6139,8230700,105566800,21582133800,249964529500,3783.0367,3886.5797,3764.7764,3749.7143
131743000,3855.9124,7400500,94702400,21589534300,250059231900,3783.0367,3886.5797,3764.7764,3749.7143
131748000,3855.9955,11042300,124054800,21600576600,250183286700,3783.0367,3886.5797,3764.7764,3749.7143
131753000,3856.0578,6448300,92913000,21607024900,250276199700,3783.0367,3886.5797,3764.7764,3749.7143
131758000,3856.2234,8304900,103268800,21615329800,250379468500,3783.0367,3886.5797,3764.7764,3749.7143
131803000,3855.7743,9581900,126008700,21624911700,250505477200,3783.0367,3886.5797,3764.7764,3749.7143
131808000,3856.0096,8038300,100577900,21632950000,250606055100,3783.0367,3886.5797,3764.7764,3749.7143
131813000,3856.1696,7056500,90871000,21640006500,250696926100,3783.0367,3886.5797,3764.7764,3749.7143
131818000,3856.2558,8425500,98351100,21648432000,250795277200,3783.0367,3886.5797,3764.7764,3749.7143
131823000,3855.9482,5413200,68729400,21653845200,250864006600,3783.0367,3886.5797,3764.7764,3749.7143
131828000,3855.7049,7762600,92624800,21661607800,250956631400,3783.0367,3886.5797,3764.7764,3749.7143
131833000,3855.9766,9282400,108572300,21670890200,251065203700,3783.0367,3886.5797,3764.7764,3749.7143
131838000,3856.7354,7608600,96982300,21678498800,251162186000,3783.0367,3886.5797,3764.7764,3749.7143
131843000,3856.7656,9059300,107076600,21687558100,251269262600,3783.0367,3886.5797,3764.7764,3749.7143
131848000,3856.39,9367900,102822800,21696926000,251372085400,3783.0367,3886.5797,3764.7764,3749.7143
131853000,3856.4766,5620300,77219200,21702546300,251449304600,3783.0367,3886.5797,3764.7764,3749.7143
131858000,3856.554,7788400,124648800,21710334700,251573953400,3783.0367,3886.5797,3764.7764,3749.7143
131903000,3856.8612,7737000,98079200,21718071700,251672032600,3783.0367,3886.5797,3764.7764,3749.7143
131908000,3856.8035,6815600,88369000,21724887300,251760401600,3783.0367,3886.5797,3764.7764,3749.7143
131913000,3856.7244,7464900,87096500,21732352200,251847498100,3783.0367,3886.5797,3764.7764,3749.7143
131918000,3856.8552,8547200,99780700,21740899400,251947278800,3783.0367,3886.5797,3764.7764,3749.7143
131923000,3856.4166,7449700,87413300,21748349100,252034692100,3783.0367,3886.5797,3764.7764,3749.7143
131928000,3857.1295,10845200,116650000,21759194300,252151342100,3783.0367,3886.5797,3764.7764,3749.7143
131933000,3857.0479,8312500,89371000,21767506800,252240713100,3783.0367,3886.5797,3764.7764,3749.7143
131938000,3857.5805,8749900,121671100,21776256700,252362384200,3783.0367,3886.5797,3764.7764,3749.7143
131943000,3857.5783,8083300,78927300,21784340000,252441311500,3783.0367,3886.5797,3764.7764,3749.7143
131948000,3857.5548,6554000,81568400,21790894000,252522879900,3783.0367,3886.5797,3764.7764,3749.7143
131953000,3857.9113,5482600,73947900,21796376600,252596827800,3783.0367,3886.5797,3764.7764,3749.7143
131958000,3858.1574,9639100,116998600,21806015700,252713826400,3783.0367,3886.5797,3764.7764,3749.7143
132003000,3858.7135,9561900,108928800,21815577600,252822755200,3783.0367,3886.5797,3764.7764,3749.7143
132008000,3858.4772,7668900,93521300,21823246500,252916276500,3783.0367,3886.5797,3764.7764,3749.7143
132013000,3858.4738,6484000,88254700,21829730500,253004531200,3783.0367,3886.5797,3764.7764,3749.7143
132018000,3858.6493,7028300,81990300,21836758800,253086521500,3783.0367,3886.5797,3764.7764,3749.7143
132023000,3859.0625,5887300,68156000,21842646100,253154677500,3783.0367,3886.5797,3764.7764,3749.7143
132028000,3858.933,8290500,98461700,21850936600,253253139200,3783.0367,3886.5797,3764.7764,3749.7143
132033000,3858.7354,7814800,95674600,21858751400,253348813800,3783.0367,3886.5797,3764.7764,3749.7143
132038000,3858.7584,7525000,94170400,21866276400,253442984200,3783.0367,3886.5797,3764.7764,3749.7143
132043000,3859.1382,6987300,87661400,21873263700,253530645600,3783.0367,3886.5797,3764.7764,3749.7143
132048000,3858.7869,7908200,96140500,21881171900,253626786100,3783.0367,3886.5797,3764.7764,3749.7143
132053000,3858.6509,7347400,76557200,21888519300,253703343300,3783.0367,3886.5797,3764.7764,3749.7143
132058000,3858.7581,8839000,119804000,21897358300,253823147300,3783.0367,3886.5797,3764.7764,3749.7143
132103000,3858.831,8839300,97156700,21906197600,253920304000,3783.0367,3886.5797,3764.7764,3749.7143
132108000,3859.0488,10218900,128882900,21916416500,254049186900,3783.0367,3886.5797,3764.7764,3749.7143
132113000,3859.3123,15719500,109276400,21932136000,254158463300,3783.0367,3886.5797,3764.7764,3749.7143
132118000,3859.4033,8282100,94988400,21940418100,254253451700,3783.0367,3886.5797,3764.7764,3749.7143
132123000,3859.557,6366700,78886100,21946784800,254332337800,3783.0367,3886.5797,3764.7764,3749.7143
132128000,3859.6339,14535000,171235100,21961319800,254503572900,3783.0367,3886.5797,3764.7764,3749.7143
132133000,3859.3096,17396300,195966200,21978716100,254699539100,3783.0367,3886.5797,3764.7764,3749.7143
132138000,3859.1935,11034200,110101600,21989750300,254809640700,3783.0367,3886.5797,3764.7764,3749.7143
132143000,3859.8275,7926600,101613000,21997676900,254911253700,3783.0367,3886.5797,3764.7764,3749.7143
132148000,3859.7048,8695200,90048900,22006372100,255001302600,3783.0367,3886.5797,3764.7764,3749.7143
132153000,3859.8543,6970900,84320800,22013343000,255085623400,3783.0367,3886.5797,3764.7764,3749.7143
132158000,3860.3073,9045400,103741800,22022388400,255189365200,3783.0367,3886.5797,3764.7764,3749.7143
132203000,3860.1629,9684600,105533100,22032073000,255294898300,3783.0367,3886.5797,3764.7764,3749.7143
132208000,3860.1892,9829700,107251500,22041902700,255402149800,3783.0367,3886.5797,3764.7764,3749.7143
132213000,3860.4084,6501100,69251000,22048403800,255471400800,3783.0367,3886.5797,3764.7764,3749.7143
132218000,3860.6366,7716800,80030300,22056120600,255551431100,3783.0367,3886.5797,3764.7764,3749.7143
132223000,3860.633,6720500,72818800,22062841100,255624249900,3783.0367,3886.5797,3764.7764,3749.7143
132228000,3860.4093,9702700,103656000,22072543800,255727905900,3783.0367,3886.5797,3764.7764,3749.7143
132233000,3859.9098,8291500,95055000,22080835300,255822960900,3783.0367,3886.5797,3764.7764,3749.7143
132238000,3860.3813,8314500,91586700,22089149800,255914547600,3783.0367,3886.5797,3764.7764,3749.7143
132243000,3860.4333,7070900,78071600,22096220700,255992619200,3783.0367,3886.5797,3764.7764,3749.7143
132248000,3860.6625,6223700,69176100,22102444400,256061795300,3783.0367,3886.5797,3764.7764,3749.7143
132253000,3861.1044,6842500,76406800,22109286900,256138202100,3783.0367,3886.5797,3764.7764,3749.7143
132258000,3860.5856,7218200,87099500,22116505100,256225301600,3783.0367,3886.5797,3764.7764,3749.7143
132303000,3860.3028,8680800,92712500,22125185900,256318014100,3783.0367,3886.5797,3764.7764,3749.7143
132308000,3860.6044,8559900,89481700,22133745800,256407495800,3783.0367,3886.5797,3764.7764,3749.7143
132313000,3860.2307,6941900,90173100,22140687700,256497668900,3783.0367,3886.5797,3764.7764,3749.7143
132318000,3859.8493,7770000,91868600,22148457700,256589537500,3783.0367,3886.5797,3764.7764,3749.7143
132323000,3859.4368,6436400,82870000,22154894100,256672407500,3783.0367,3886.5797,3764.7764,3749.7143
132328000,3859.3724,13359400,136512300,22168253500,256808919800,3783.0367,3886.5797,3764.7764,3749.7143
132333000,3859.4754,9023600,99927700,22177277100,256908847500,3783.0367,3886.5797,3764.7764,3749.7143
132338000,3858.9334,11805400,111028100,22189082500,257019875600,3783.0367,3886.5797,3764.7764,3749.7143
132343000,3858.4138,10880500,115927700,22199963000,257135803300,3783.0367,3886.5797,3764.7764,3749.7143
132348000,3858.4831,11659900,111361500,22211622900,257247164800,3783.0367,3886.5797,3764.7764,3749.7143
132353000,3857.4445,10017900,106944200,22221640800,257354109000,3783.0367,3886.5797,3764.7764,3749.7143
132358000,3856.6872,9571400,120398300,22231212200,257474507300,3783.0367,3886.5797,3764.7764,3749.7143
132403000,3856.566,13625900,141713600,22244838100,257616220900,3783.0367,3886.5797,3764.7764,3749.7143
132408000,3855.8564,13066500,142463700,22257904600,257758684600,3783.0367,3886.5797,3764.7764,3749.7143
132413000,3854.761,11664000,123904800,22269568600,257882589400,3783.0367,3886.5797,3764.7764,3749.7143
132418000,3854.8671,14051400,150202300,22283620000,258032791700,3783.0367,3886.5797,3764.7764,3749.7143
132423000,3854.5421,7962200,106387400,22291582200,258139179100,3783.0367,3886.5797,3764.7764,3749.7143
132428000,3854.1147,10810700,127072300,22302392900,258266251400,3783.0367,3886.5797,3764.7764,3749.7143
132433000,3853.7573,11172800,127197400,22313565700,258393448800,3783.0367,3886.5797,3764.7764,3749.7143
132438000,3853.8029,8096000,95768300,22321661700,258489217100,3783.0367,3886.5797,3764.7764,3749.7143
132443000,3853.5419,7901900,89652800,22329563600,258578869900,3783.0367,3886.5797,3764.7764,3749.7143
132448000,3853.247,13552000,135366900,22343115600,258714236800,3783.0367,3886.5797,3764.7764,3749.7143
132453000,3852.9047,6837200,74083500,22349952800,258788320300,3783.0367,3886.5797,3764.7764,3749.7143
132458000,3852.5456,9743200,108956400,22359696000,258897276700,3783.0367,3886.5797,3764.7764,3749.7143
132503000,3852.1713,10731200,122501600,22370427200,259019778300,3783.0367,3886.5797,3764.7764,3749.7143
132508000,3852.1473,15346600,135379000,22385773800,259155157300,3783.0367,3886.5797,3764.7764,3749.7143
132513000,3851.7019,10428600,106580700,22396202400,259261738000,3783.0367,3886.5797,3764.7764,3749.7143
132518000,3850.7542,8523800,102647900,22404726200,259364385900,3783.0367,3886.5797,3764.7764,3749.7143
132523000,3850.7672,8249700,100281800,22412975900,259464667700,3783.0367,3886.5797,3764.7764,3749.7143
132528000,3850.4263,10453800,112923900,22423429700,259577591600,3783.0367,3886.5797,3764.7764,3749.7143
132533000,3849.9319,9018500,112777500,22432448200,259690369100,3783.0367,3886.5797,3764.7764,3749.7143
132538000,3849.6917,10471800,121995800,22442920000,259812364900,3783.0367,3886.5797,3764.7764,3749.7143
132543000,3849.2231,8422900,88420100,22451342900,259900785000,3783.0367,3886.5797,3764.7764,3749.7143
132548000,3849.1081,10736800,129222800,22462079700,260030007800,3783.0367,3886.5797,3764.7764,3749.7143
132553000,3849.0261,14255100,127805700,22476334800,260157813500,3783.0367,3886.5797,3764.7764,3749.7143
132558000,3848.6498,11327400,141899000,22487662200,260299712500,3783.0367,3886.5797,3764.7764,3749.7143
132603000,3847.7582,11415300,129072300,22499077500,260428784800,3783.0367,3886.5797,3764.7764,3749.7143
132608000,3847.8138,10727400,114136400,22509804900,260542921200,3783.0367,3886.5797,3764.7764,3749.7143
132613000,3846.8591,11724200,108796500,22521529100,260651717700,3783.0367,3886.5797,3764.7764,3749.7143
132618000,3846.5366,12004200,139274700,22533533300,260790992400,3783.0367,3886.5797,3764.7764,3749.7143
132623000,3845.965,8490200,103954600,22542023500,260894947000,3783.0367,3886.5797,3764.7764,3749.7143
132628000,3845.4045,12060100,137084200,22554083600,261032031200,3783.0367,3886.5797,3764.7764,3749.7143
132633000,3844.7557,11115000,133633700,22565198600,261165664900,3783.0367,3886.5797,3764.7764,3749.7143
132638000,3844.9599,12917800,138352300,22578116400,261304017200,3783.0367,3886.5797,3764.7764,3749.7143
132643000,3844.3185,11338500,115580400,22589454900,261419597600,3783.0367,3886.5797,3764.7764,3749.7143
132648000,3844.2823,11318300,132971800,22600773200,261552569400,3783.0367,3886.5797,3764.7764,3749.7143
132653000,3843.7009,9638500,102287500,22610411700,261654856900,3783.0367,3886.5797,3764.7764,3749.7143
132658000,3843.5036,8719500,105412500,22619131200,261760269400,3783.0367,3886.5797,3764.7764,3749.7143
132703000,3843.0738,9905600,108963300,22629036800,261869232700,3783.0367,3886.5797,3764.7764,3749.7143
132708000,3842.8493,10105300,123890900,22639142100,261993123600,3783.0367,3886.5797,3764.7764,3749.7143
132713000,3842.9163,8442800,99164000,22647584900,262092287600,3783.0367,3886.5797,3764.7764,3749.7143
132718000,3842.4755,10590200,133527600,22658175100,262225815200,3783.0367,3886.5797,3764.7764,3749.7143
132723000,3842.3076,7298000,90008900,22665473100,262315824100,3783.0367,3886.5797,3764.7764,3749.7143
132728000,3842.0489,10592700,131478900,22676065800,262447303000,3783.0367,3886.5797,3764.7764,3749.7143
132733000,3842.0236,9074000,112106200,22685139800,262559409200,3783.0367,3886.5797,3764.7764,3749.7143
132738000,3841.8916,9602700,117431200,22694742500,262676840400,3783.0367,3886.5797,3764.7764,3749.7143
132743000,3842.0902,7554400,89422900,22702296900,262766263300,3783.0367,3886.5797,3764.7764,3749.7143
132748000,3842.6434,10189500,114140900,22712486400,262880404200,3783.0367,3886.5797,3764.7764,3749.7143
132753000,3842.9598,7526900,109968900,22720013300,262990373100,3783.0367,3886.5797,3764.7764,3749.7143
132758000,3843.7979,12863300,153448700,22732876600,263143821800,3783.0367,3886.5797,3764.7764,3749.7143
132803000,3842.961,8331800,99620800,22741208400,263243442600,3783.0367,3886.5797,3764.7764,3749.7143
132808000,3845.246,11915100,141412900,22753123500,263384855500,3783.0367,3886.5797,3764.7764,3749.7143
132813000,3844.371,8729600,105415100,22761853100,263490270600,3783.0367,3886.5797,3764.7764,3749.7143
132818000,3843.8683,10413600,120028200,22772266700,263610298800,3783.0367,3886.5797,3764.7764,3749.7143
132823000,3844.4426,6344300,72226400,22778611000,263682525200,3783.0367,3886.5797,3764.7764,3749.7143
132828000,3844.4435,11813300,120388200,22790424300,263802913400,3783.0367,3886.5797,3764.7764,3749.7143
132833000,3843.9326,15774100,139864800,22806198400,263942778200,3783.0367,3886.5797,3764.7764,3749.7143
132838000,3844.9072,8702200,101157400,22814900600,264043935600,3783.0367,3886.5797,3764.7764,3749.7143
132843000,3844.4716,6393600,77586900,22821294200,264121522500,3783.0367,3886.5797,3764.7764,3749.7143
132848000,3844.623,7892700,92889000,22829186900,264214411500,3783.0367,3886.5797,3764.7764,3749.7143
132853000,3844.7557,5346100,68565900,22834533000,264282977400,3783.0367,3886.5797,3764.7764,3749.7143
132858000,3844.7598,7814300,94643300,22842347300,264377620700,3783.0367,3886.5797,3764.7764,3749.7143
132903000,3844.4391,7734000,100858700,22850081300,264478479400,3783.0367,3886.5797,3764.7764,3749.7143
132908000,3844.8499,8938100,101602800,22859019400,264580082200,3783.0367,3886.5797,3764.7764,3749.7143
132913000,3844.7544,9297600,96525400,22868317000,264676607600,3783.0367,3886.5797,3764.7764,3749.7143
132918000,3845.0309,8988400,92190400,22877305400,264768798000,3783.0367,3886.5797,3764.7764,3749.7143
132923000,3844.8632,4924200,57845200,22882229600,264826643200,3783.0367,3886.5797,3764.7764,3749.7143
132928000,3845.2048,11242300,110839500,22893471900,264937482700,3783.0367,3886.5797,3764.7764,3749.7143
132933000,3845.8275,8723100,96053200,22902195000,265033535900,3783.0367,3886.5797,3764.7764,3749.7143
132938000,3845.899,8463700,90103700,22910658700,265123639600,3783.0367,3886.5797,3764.7764,3749.7143
132943000,3846.699,5536400,66801100,22916195100,265190440700,3783.0367,3886.5797,3764.7764,3749.7143
132948000,3847.0135,8234200,98287800,22924429300,265288728500,3783.0367,3886.5797,3764.7764,3749.7143
132953000,3847.1829,8213000,92073000,22932642300,265380801500,3783.0367,3886.5797,3764.7764,3749.7143
132958000,3847.1868,12295800,107379100,22944938100,265488180600,3783.0367,3886.5797,3764.7764,3749.7143
133003000,3847.3874,7757300,86425700,22952695400,265574606300,3783.0367,3886.5797,3764.7764,3749.7143
133008000,3847.5571,8287900,91246600,22960983300,265665852900,3783.0367,3886.5797,3764.7764,3749.7143
133013000,3847.7304,6050800,73094900,22967034100,265738947800,3783.0367,3886.5797,3764.7764,3749.7143
133018000,3848.0152,7050800,76392300,22974084900,265815340100,3783.0367,3886.5797,3764.7764,3749.7143
133023000,3847.8944,4808000,55367200,22978892900,265870707300,3783.0367,3886.5797,3764.7764,3749.7143
133028000,3847.8464,5908800,89520100,22984801700,265960227400,3783.0367,3886.5797,3764.7764,3749.7143
133033000,3847.719,6518100,77364800,22991319800,266037592200,3783.0367,3886.5797,3764.7764,3749.7143
133038000,3847.7779,7120100,82471100,22998439900,266120063300,3783.0367,3886.5797,3764.7764,3749.7143
133043000,3847.5508,6246500,73112500,23004686400,266193175800,3783.0367,3886.5797,3764.7764,3749.7143
133048000,3847.9386,5487700,78584600,23010174100,266271760400,3783.0367,3886.5797,3764.7764,3749.7143
133053000,3847.8732,5798900,67936000,23015973000,266339696400,3783.0367,3886.5797,3764.7764,3749.7143
133058000,3847.7715,6377400,81689100,23022350400,266421385500,3783.0367,3886.5797,3764.7764,3749.7143
133103000,3847.7219,6018500,72014700,23028368900,266493400200,3783.0367,3886.5797,3764.7764,3749.7143
133108000,3847.9697,7404400,80439800,23035773300,266573840000,3783.0367,3886.5797,3764.7764,3749.7143
133113000,3848.0897,7947600,90201500,23043720900,266664041500,3783.0367,3886.5797,3764.7764,3749.7143
133118000,3848.1035,7552700,85292300,23051273600,266749333800,3783.0367,3886.5797,3764.7764,3749.7143
133123000,3847.7479,5618600,66955500,23056892200,266816289300,3783.0367,3886.5797,3764.7764,3749.7143
133128000,3848.0022,9194800,115977400,23066087000,266932266700,3783.0367,3886.5797,3764.7764,3749.7143
133133000,3848.1297,6437400,79546100,23072524400,267011812800,3783.0367,3886.5797,3764.7764,3749.7143
133138000,3847.9641,8151100,79097300,23080675500,267090910100,3783.0367,3886.5797,3764.7764,3749.7143
133143000,3847.9927,7031700,84210400,23087707200,267175120500,3783.0367,3886.5797,3764.7764,3749.7143
133148000,3848.2183,5875100,85999000,23093582300,267261119500,3783.0367,3886.5797,3764.7764,3749.7143
133153000,3848.1992,4260200,63988600,23097842500,267325108100,3783.0367,3886.5797,3764.7764,3749.7143
133158000,3847.9476,7154300,102654500,23104996800,267427762600,3783.0367,3886.5797,3764.7764,3749.7143
133203000,3847.7196,6494800,85965400,23111491600,267513728000,3783.0367,3886.5797,3764.7764,3749.7143
133208000,3847.9833,6973400,88637600,23118465000,267602365600,3783.0367,3886.5797,3764.7764,3749.7143
133213000,3847.4264,6217000,74387900,23124682000,267676753500,3783.0367,3886.5797,3764.7764,3749.7143
133218000,3847.7172,6469800,77204500,23131151800,267753958000,3783.0367,3886.5797,3764.7764,3749.7143
133223000,3847.9004,3768900,49802400,23134920700,267803760400,3783.0367,3886.5797,3764.7764,3749.7143
133228000,3847.3888,7207900,75226200,23142128600,267878986600,3783.0367,3886.5797,3764.7764,3749.7143
133233000,3847.4991,6114500,71225600,23148243100,267950212200,3783.0367,3886.5797,3764.7764,3749.7143
133238000,3847.9794,4923200,65448000,23153166300,268015660200,3783.0367,3886.5797,3764.7764,3749.7143
133243000,3847.4869,4944300,63574200,23158110600,268079234400,3783.0367,3886.5797,3764.7764,3749.7143
133248000,3847.6332,5719800,72032400,23163830400,268151266800,3783.0367,3886.5797,3764.7764,3749.7143
133253000,3847.5664,6035800,61114700,23169866200,268212381500,3783.0367,3886.5797,3764.7764,3749.7143
133258000,3847.2368,8738500,91857200,23178604700,268304238700,3783.0367,3886.5797,3764.7764,3749.7143
133303000,3847.0235,6727700,83977400,23185332400,268388216100,3783.0367,3886.5797,3764.7764,3749.7143
133308000,3846.8709,6375700,81612100,23191708100,268469828200,3783.0367,3886.5797,3764.7764,3749.7143
133313000,3846.1599,6375800,83108800,23198083900,268552937000,3783.0367,3886.5797,3764.7764,3749.7143
133318000,3845.9712,7868300,109912700,23205952200,268662849700,3783.0367,3886.5797,3764.7764,3749.7143
133323000,3845.4873,5595600,72913500,23211547800,268735763200,3783.0367,3886.5797,3764.7764,3749.7143
133328000,3845.1812,6515200,90074900,23218063000,268825838100,3783.0367,3886.5797,3764.7764,3749.7143
133333000,3845.2228,6230400,78633300,23224293400,268904471400,3783.0367,3886.5797,3764.7764,3749.7143
133338000,3845.1671,6387500,90470700,23230680900,268994942100,3783.0367,3886.5797,3764.7764,3749.7143
133343000,3844.9819,5927700,82131300,23236608600,269077073400,3783.0367,3886.5797,3764.7764,3749.7143
133348000,3845.086,7586500,90354900,23244195100,269167428300,3783.0367,3886.5797,3764.7764,3749.7143
133353000,3844.3835,5454500,64603000,23249649600,269232031300,3783.0367,3886.5797,3764.7764,3749.7143
133358000,3844.5401,6880100,87491400,23256529700,269319522700,3783.0367,3886.5797,3764.7764,3749.7143
133403000,3844.0534,7035900,89008700,23263565600,269408531400,3783.0367,3886.5797,3764.7764,3749.7143
133408000,3843.8455,8456200,94958800,23272021800,269503490200,3783.0367,3886.5797,3764.7764,3749.7143
133413000,3843.8338,8402600,83202400,23280424400,269586692600,3783.0367,3886.5797,3764.7764,3749.7143
133418000,3843.8036,8465600,89670300,23288890000,269676362900,3783.0367,3886.5797,3764.7764,3749.7143
133423000,3843.5864,6721000,89452100,23295611000,269765815000,3783.0367,3886.5797,3764.7764,3749.7143
133428000,3843.7692,6427400,84377200,23302038400,269850192200,3783.0367,3886.5797,3764.7764,3749.7143
133433000,3844.8818,9685400,123903700,23311723800,269974095900,3783.0367,3886.5797,3764.7764,3749.7143
133438000,3845.3188,9091300,114023100,23320815100,270088119000,3783.0367,3886.5797,3764.7764,3749.7143
133443000,3845.5403,6593000,78336500,23327408100,270166455500,3783.0367,3886.5797,3764.7764,3749.7143
133448000,3846.6784,10251200,121172900,23337659300,270287628400,3783.0367,3886.5797,3764.7764,3749.7143
133453000,3847.3618,7902300,92855200,23345561600,270380483600,3783.0367,3886.5797,3764.7764,3749.7143
133458000,3848.3096,9190400,131930600,23354752000,270512414200,3783.0367,3886.5797,3764.7764,3749.7143
133503000,3848.1509,7070300,94858100,23361822300,270607272300,3783.0367,3886.5797,3764.7764,3749.7143
133508000,3848.6542,8212500,101977100,23370034800,270709249400,3783.0367,3886.5797,3764.7764,3749.7143
133513000,3848.6852,6675000,85320000,23376709800,270794569400,3783.0367,3886.5797,3764.7764,3749.7143
133518000,3848.9148,8197400,107350600,23384907200,270901920000,3783.0367,3886.5797,3764.7764,3749.7143
133523000,3849.4188,5576700,65709700,23390483900,270967629700,3783.0367,3886.5797,3764.7764,3749.7143
133528000,3849.552,7709800,94489600,23398193700,271062119300,3783.0367,3886.5797,3764.7764,3749.7143
133533000,3850.1386,7295200,86739800,23405488900,271148859100,3783.0367,3886.5797,3764.7764,3749.7143
133538000,3850.3675,7839400,123275200,23413328300,271272134300,3783.0367,3886.5797,3764.7764,3749.7143
133543000,3850.543,6921700,75384400,23420250000,271347518700,3783.0367,3886.5797,3764.7764,3749.7143
133548000,3850.9784,6758900,81727600,23427008900,271429246300,3783.0367,3886.5797,3764.7764,3749.7143
133553000,3851.4939,5453600,63259800,23432462500,271492506100,3783.0367,3886.5797,3764.7764,3749.7143
133558000,3851.9138,7854000,81354100,23440316500,271573860200,3783.0367,3886.5797,3764.7764,3749.7143
133603000,3852.27,8381800,102515900,23448698300,271676376100,3783.0367,3886.5797,3764.7764,3749.7143
133608000,3852.6797,8033000,112672900,23456731300,271789049000,3783.0367,3886.5797,3764.7764,3749.7143
133613000,3852.9981,6166400,70832600,23462897700,271859881600,3783.0367,3886.5797,3764.7764,3749.7143
133618000,3853.3504,5248000,70444200,23468145700,271930325800,3783.0367,3886.5797,3764.7764,3749.7143
133623000,3853.5343,9862800,88629500,23478008500,272018955300,3783.0367,3886.5797,3764.7764,3749.7143
133628000,3853.8136,9171200,105928700,23487179700,272124884000,3783.0367,3886.5797,3764.7764,3749.7143
133633000,3853.675,7430200,90631700,23494609900,272215515700,3783.0367,3886.5797,3764.7764,3749.7143
133638000,3854.5008,6406400,88144500,23501016300,272303660200,3783.0367,3886.5797,3764.7764,3749.7143
133643000,3854.295,4873400,64726400,23505889700,272368386600,3783.0367,3886.5797,3764.7764,3749.7143
133648000,3854.015,7033600,85106000,23512923300,272453492600,3783.0367,3886.5797,3764.7764,3749.7143
133653000,3854.3361,9130800,85774600,23522054100,272539267200,3783.0367,3886.5797,3764.7764,3749.7143
133658000,3854.6087,6312300,78739300,23528366400,272618006500,3783.0367,3886.5797,3764.7764,3749.7143
133703000,3854.3536,7265600,77395000,23535632000,272695401500,3783.0367,3886.5797,3764.7764,3749.7143
133708000,3854.6987,6628700,84979100,23542260700,272780380600,3783.0367,3886.5797,3764.7764,3749.7143
133713000,3854.7196,5240900,68238800,23547501600,272848619400,3783.0367,3886.5797,3764.7764,3749.7143
133718000,3854.6608,7849000,85680800,23555350600,272934300200,3783.0367,3886.5797,3764.7764,3749.7143
133723000,3855.3691,5331900,64041000,23560682500,272998341200,3783.0367,3886.5797,3764.7764,3749.7143
133728000,3854.5305,7768600,110746200,23568451100,273109087400,3783.0367,3886.5797,3764.7764,3749.7143
133733000,3854.577,6728800,83462400,23575179900,273192549800,3783.0367,3886.5797,3764.7764,3749.7143
133738000,3854.4232,5680700,71647200,23580860600,273264197000,3783.0367,3886.5797,3764.7764,3749.7143
133743000,3853.9262,4961800,58384300,23585822400,273322581300,3783.0367,3886.5797,3764.7764,3749.7143
133748000,3853.5337,6909600,78201700,23592732000,273400783000,3783.0367,3886.5797,3764.7764,3749.7143
133753000,3853.4879,5130400,62996400,23597862400,273463779400,3783.0367,3886.5797,3764.7764,3749.7143
133758000,3853.5699,6401200,76781100,23604263600,273540560500,3783.0367,3886.5797,3764.7764,3749.7143
133803000,3853.3926,7979800,90575300,23612243400,273631135800,3783.0367,3886.5797,3764.7764,3749.7143
133808000,3853.3984,6243900,72257500,23618487300,273703393300,3783.0367,3886.5797,3764.7764,3749.7143
133813000,3853.4877,6225800,65566600,23624713100,273768959900,3783.0367,3886.5797,3764.7764,3749.7143
133818000,3852.8504,8317200,91858400,23633030300,273860818300,3783.0367,3886.5797,3764.7764,3749.7143
133823000,3853.0092,5220600,70690900,23638250900,273931509200,3783.0367,3886.5797,3764.7764,3749.7143
133828000,3853.2764,7915200,96533100,23646166100,274028042300,3783.0367,3886.5797,3764.7764,3749.7143
133833000,3852.0923,6481800,87266900,23652647900,274115309200,3783.0367,3886.5797,3764.7764,3749.7143
133838000,3852.1703,6186500,79886400,23658834400,274195195600,3783.0367,3886.5797,3764.7764,3749.7143
133843000,3851.6194,5619000,72754400,23664453400,274267950000,3783.0367,3886.5797,3764.7764,3749.7143
133848000,3851.8273,8371700,95393500,23672825100,274363343500,3783.0367,3886.5797,3764.7764,3749.7143
133853000,3851.7506,5036500,57410000,23677861600,274420753500,3783.0367,3886.5797,3764.7764,3749.7143
133858000,3851.4915,7888600,83353800,23685750200,274504107300,3783.0367,3886.5797,3764.7764,3749.7143
133903000,3851.4549,7240700,83889300,23692990900,274587996600,3783.0367,3886.5797,3764.7764,3749.7143
133908000,3851.5911,6853600,85150100,23699844500,274673146700,3783.0367,3886.5797,3764.7764,3749.7143
133913000,3851.6039,6601400,88604700,23706445900,274761751400,3783.0367,3886.5797,3764.7764,3749.7143
133918000,3851.7007,6834000,84568300,23713279900,274846319700,3783.0367,3886.5797,3764.7764,3749.7143
133923000,3851.9008,3950700,55191700,23717230600,274901511400,3783.0367,3886.5797,3764.7764,3749.7143
133928000,3851.3257,6898000,78920100,23724128600,274980431500,3783.0367,3886.5797,3764.7764,3749.7143
133933000,3851.8407,5302300,67861500,23729430900,275048293000,3783.0367,3886.5797,3764.7764,3749.7143
133938000,3851.6919,5058400,64017100,23734489300,275112310100,3783.0367,3886.5797,3764.7764,3749.7143
133943000,3851.4964,4708300,50107200,23739197600,275162417300,3783.0367,3886.5797,3764.7764,3749.7143
133948000,3851.4144,7027300,76755600,23746224900,275239172900,3783.0367,3886.5797,3764.7764,3749.7143
133953000,3851.4562,3869300,47714600,23750094200,275286887500,3783.0367,3886.5797,3764.7764,3749.7143
133958000,3851.4186,5807600,64882300,23755901800,275351769800,3783.0367,3886.5797,3764.7764,3749.7143
134003000,3851.3876,7279200,75258900,23763181000,275427028700,3783.0367,3886.5797,3764.7764,3749.7143
134008000,3851.3005,5904300,63162000,23769085300,275490190700,3783.0367,3886.5797,3764.7764,3749.7143
134013000,3851.3932,5810100,52001000,23774895400,275542191700,3783.0367,3886.5797,3764.7764,3749.7143
134018000,3851.1742,5097800,71403700,23779993200,275613595400,3783.0367,3886.5797,3764.7764,3749.7143
134023000,3851.2067,4583200,55681200,23784576400,275669276600,3783.0367,3886.5797,3764.7764,3749.7143
134028000,3851.2338,6921800,83940700,23791498200,275753217300,3783.0367,3886.5797,3764.7764,3749.7143
134033000,3850.8017,5726600,71972300,23797224800,275825189600,3783.0367,3886.5797,3764.7764,3749.7143
134038000,3850.817,5935900,79624500,23803160700,275904814100,3783.0367,3886.5797,3764.7764,3749.7143
134043000,3850.4515,6267100,63416000,23809427800,275968230100,3783.0367,3886.5797,3764.7764,3749.7143
134048000,3850.3141,6838400,69595900,23816266200,276037826000,3783.0367,3886.5797,3764.7764,3749.7143
134053000,3850.3807,4242500,54116600,23820508700,276091942600,3783.0367,3886.5797,3764.7764,3749.7143
134058000,3849.7496,7571100,90387300,23828079800,276182329900,3783.0367,3886.5797,3764.7764,3749.7143
134103000,3848.9636,5149500,68922900,23833229300,276251252800,3783.0367,3886.5797,3764.7764,3749.7143
134108000,3849.1692,4526000,59386900,23837755300,276310639700,3783.0367,3886.5797,3764.7764,3749.7143
134113000,3848.9262,3772000,43074600,23841527300,276353714300,3783.0367,3886.5797,3764.7764,3749.7143
134118000,3848.9138,5347500,75477700,23846874800,276429192000,3783.0367,3886.5797,3764.7764,3749.7143
134123000,3849.2677,4560700,52719300,23851435500,276481911300,3783.0367,3886.5797,3764.7764,3749.7143
134128000,3848.9154,5996400,69702900,23857431900,276551614200,3783.0367,3886.5797,3764.7764,3749.7143
134133000,3849.2301,6903200,89448000,23864335100,276641062200,3783.0367,3886.5797,3764.7764,3749.7143
134138000,3849.9994,6577300,79317600,23870912400,276720379800,3783.0367,3886.5797,3764.7764,3749.7143
134143000,3849.3123,4624500,59187200,23875536900,276779567000,3783.0367,3886.5797,3764.7764,3749.7143
134148000,3849.7025,10322700,128008800,23885859600,276907575800,3783.0367,3886.5797,3764.7764,3749.7143
134153000,3850.0174,5400600,66443400,23891260200,276974019200,3783.0367,3886.5797,3764.7764,3749.7143
134158000,3850.152,7042100,88299000,23898302300,277062318200,3783.0367,3886.5797,3764.7764,3749.7143
134203000,3849.9153,6280500,76489800,23904582800,277138808000,3783.0367,3886.5797,3764.7764,3749.7143
134208000,3850.0952,5563500,72809100,23910146300,277211617100,3783.0367,3886.5797,3764.7764,3749.7143
134213000,3849.9815,4529400,53214600,23914675700,277264831700,3783.0367,3886.5797,3764.7764,3749.7143
134218000,3849.5142,6496500,91969700,23921172200,277356801400,3783.0367,3886.5797,3764.7764,3749.7143
134223000,3849.9153,3138800,40631900,23924311000,277397433300,3783.0367,3886.5797,3764.7764,3749.7143
134228000,3849.8625,5521000,73718400,23929832000,277471151700,3783.0367,3886.5797,3764.7764,3749.7143
134233000,3849.549,5481200,82301900,23935313200,277553453600,3783.0367,3886.5797,3764.7764,3749.7143
134238000,3849.6637,4733200,71763900,23940046400,277625217500,3783.0367,3886.5797,3764.7764,3749.7143
134243000,3849.2881,3867900,55390500,23943914300,277680608000,3783.0367,3886.5797,3764.7764,3749.7143
134248000,3849.2568,6215900,87021800,23950130200,277767629800,3783.0367,3886.5797,3764.7764,3749.7143
134253000,3849.6891,3863200,50204300,23953993400,277817834100,3783.0367,3886.5797,3764.7764,3749.7143
134258000,3849.4301,5641900,71481400,23959635300,277889315500,3783.0367,3886.5797,3764.7764,3749.7143
134303000,3849.4609,5372200,69625300,23965007500,277958940800,3783.0367,3886.5797,3764.7764,3749.7143
134308000,3849.5754,6167300,71394800,23971174800,278030335600,3783.0367,3886.5797,3764.7764,3749.7143
134313000,3849.7702,5309300,66459300,23976484100,278096794900,3783.0367,3886.5797,3764.7764,3749.7143
134318000,3849.7533,5074600,70929200,23981558700,278167724100,3783.0367,3886.5797,3764.7764,3749.7143
134323000,3849.7036,3470300,47056500,23985029000,278214780600,3783.0367,3886.5797,3764.7764,3749.7143
134328000,3849.8731,4662300,58520500,23989691300,278273301100,3783.0367,3886.5797,3764.7764,3749.7143
134333000,3849.8763,6996000,89778900,23996687300,278363080000,3783.0367,3886.5797,3764.7764,3749.7143
134338000,3849.7097,4702300,74050600,24001389600,278437130600,3783.0367,3886.5797,3764.7764,3749.7143
134343000,3849.8944,4715200,58118400,24006104800,278495249000,3783.0367,3886.5797,3764.7764,3749.7143
134348000,3849.2775,5354800,74297100,24011459600,278569546100,3783.0367,3886.5797,3764.7764,3749.7143
134353000,3849.5547,4431000,66045300,24015890600,278635591400,3783.0367,3886.5797,3764.7764,3749.7143
134358000,3849.4721,4663600,70818800,24020554200,278706410200,3783.0367,3886.5797,3764.7764,3749.7143
134403000,3849.5859,5046200,64619700,24025600400,278771029900,3783.0367,3886.5797,3764.7764,3749.7143
134408000,3849.6393,5968000,77267600,24031568400,278848297500,3783.0367,3886.5797,3764.7764,3749.7143
134413000,3849.4085,5301900,63079600,24036870300,278911377100,3783.0367,3886.5797,3764.7764,3749.7143
134418000,3849.2216,4814500,65948900,24041684800,278977326000,3783.0367,3886.5797,3764.7764,3749.7143
134423000,3849.4634,3517200,43753300,24045202000,279021079300,3783.0367,3886.5797,3764.7764,3749.7143
134428000,3849.0992,4418300,67371700,24049620300,279088451000,3783.0367,3886.5797,3764.7764,3749.7143
134433000,3849.2185,6056400,76325200,24055676700,279164776200,3783.0367,3886.5797,3764.7764,3749.7143
134438000,3849.3825,4489900,55645300,24060166600,279220421500,3783.0367,3886.5797,3764.7764,3749.7143
134443000,3848.7949,3974700,51580100,24064141300,279272001600,3783.0367,3886.5797,3764.7764,3749.7143
134448000,3849.0012,7046200,92703600,24071187500,279364705200,3783.0367,3886.5797,3764.7764,3749.7143
134453000,3849.1865,4256400,54708700,24075443900,279419413900,3783.0367,3886.5797,3764.7764,3749.7143
134458000,3848.9248,6688700,72016100,24082132600,279491430000,3783.0367,3886.5797,3764.7764,3749.7143
134503000,3848.5785,5007200,67505700,24087139800,279558935700,3783.0367,3886.5797,3764.7764,3749.7143
134508000,3848.7812,5346500,85412800,24092486300,279644348500,3783.0367,3886.5797,3764.7764,3749.7143
134513000,3848.8485,6824300,94464100,24099310600,279738812600,3783.0367,3886.5797,3764.7764,3749.7143
134518000,3849.0231,7081700,82809900,24106392300,279821622500,3783.0367,3886.5797,3764.7764,3749.7143
134523000,3849.7361,4733700,57977600,24111126000,279879600100,3783.0367,3886.5797,3764.7764,3749.7143
134528000,3849.2897,5996300,74589800,24117122300,279954189900,3783.0367,3886.5797,3764.7764,3749.7143
134533000,3850.4417,8859400,110127700,24125981700,280064317600,3783.0367,3886.5797,3764.7764,3749.7143
134538000,3852.3941,10915800,152150000,24136897500,280216467600,3783.0367,3886.5797,3764.7764,3749.7143
134543000,3852.814,7863300,99830700,24144760800,280316298300,3783.0367,3886.5797,3764.7764,3749.7143
134548000,3853.0369,11219000,127423300,24155979800,280443721600,3783.0367,3886.5797,3764.7764,3749.7143
134553000,3853.498,5226300,72432600,24161206100,280516154200,3783.0367,3886.5797,3764.7764,3749.7143
134558000,3853.6567,7135100,90743300,24168341200,280606897500,3783.0367,3886.5797,3764.7764,3749.7143
134603000,3854.7352,7366600,99156100,24175707800,280706053600,3783.0367,3886.5797,3764.7764,3749.7143
134608000,3855.0389,7574000,104217500,24183281800,280810271100,3783.0367,3886.5797,3764.7764,3749.7143
134613000,3854.5273,6062100,68147300,24189343900,280878418400,3783.0367,3886.5797,3764.7764,3749.7143
134618000,3855.0921,10285900,109657400,24199629800,280988075800,3783.0367,3886.5797,3764.7764,3749.7143
134623000,3854.8795,4636800,59829200,24204266600,281047905000,3783.0367,3886.5797,3764.7764,3749.7143
134628000,3855.9468,7391200,83598800,24211657800,281131503800,3783.0367,3886.5797,3764.7764,3749.7143
134633000,3855.6871,7372700,96862400,24219030500,281228366200,3783.0367,3886.5797,3764.7764,3749.7143
134638000,3855.7584,6165800,74615000,24225196300,281302981200,3783.0367,3886.5797,3764.7764,3749.7143
134643000,3856.0944,7019700,84402700,24232216000,281387383900,3783.0367,3886.5797,3764.7764,3749.7143
134648000,3856.7133,7265600,80981200,24239481600,281468365100,3783.0367,3886.5797,3764.7764,3749.7143
134653000,3856.5279,7040400,72205700,24246522000,281540570800,3783.0367,3886.5797,3764.7764,3749.7143
134658000,3857.137,10514500,106468000,24257036500,281647038800,3783.0367,3886.5797,3764.7764,3749.7143
134703000,3857.5365,8755500,110267900,24265792000,281757306700,3783.0367,3886.5797,3764.7764,3749.7143
134708000,3857.9237,11500600,118058000,24277292600,281875364700,3783.0367,3886.5797,3764.7764,3749.7143
134713000,3858.0301,11762000,117213300,24289054600,281992578000,3783.0367,3886.5797,3764.7764,3749.7143
134718000,3858.6412,10251100,118748100,24299305700,282111326100,3783.0367,3886.5797,3764.7764,3749.7143
134723000,3858.3435,7764100,84776400,24307069800,282196102500,3783.0367,3886.5797,3764.7764,3749.7143
134728000,3858.6538,8347300,95995700,24315417100,282292098200,3783.0367,3886.5797,3764.7764,3749.7143
134733000,3858.8485,9353100,100309800,24324770200,282392408000,3783.0367,3886.5797,3764.7764,3749.7143
134738000,3859.1006,6636300,85096200,24331406500,282477504200,3783.0367,3886.5797,3764.7764,3749.7143
134743000,3859.1043,8343900,82072000,24339750400,282559576200,3783.0367,3886.5797,3764.7764,3749.7143
134748000,3859.3275,8282000,80338500,24348032400,282639914700,3783.0367,3886.5797,3764.7764,3749.7143
134753000,3859.2437,5340400,60571700,24353372800,282700486400,3783.0367,3886.5797,3764.7764,3749.7143
134758000,3859.3499,11724400,117144000,24365097200,282817630400,3783.0367,3886.5797,3764.7764,3749.7143
134803000,3859.471,12159200,135720900,24377256400,282953351300,3783.0367,3886.5797,3764.7764,3749.7143
134808000,3859.6538,5931400,74768700,24383187800,283028120000,3783.0367,3886.5797,3764.7764,3749.7143
134813000,3859.7144,8025400,93917600,24391213200,283122037600,3783.0367,3886.5797,3764.7764,3749.7143
134818000,3859.9038,7033700,82961200,24398246900,283204998800,3783.0367,3886.5797,3764.7764,3749.7143
134823000,3860.0275,6275700,69624600,24404522600,283274623400,3783.0367,3886.5797,3764.7764,3749.7143
134828000,3860.2036,9176000,100905400,24413698600,283375528800,3783.0367,3886.5797,3764.7764,3749.7143
134833000,3860.1888,8770000,101563600,24422468600,283477092400,3783.0367,3886.5797,3764.7764,3749.7143
134838000,3860.1253,7937800,90587000,24430406400,283567679400,3783.0367,3886.5797,3764.7764,3749.7143
134843000,3859.7925,6304700,82697300,24436711100,283650376700,3783.0367,3886.5797,3764.7764,3749.7143
134848000,3860.3995,10294800,110676300,24447005900,283761053000,3783.0367,3886.5797,3764.7764,3749.7143
134853000,3860.6443,8490000,86522000,24455495900,283847575000,3783.0367,3886.5797,3764.7764,3749.7143
134858000,3860.6703,8141900,105138700,24463637800,283952713700,3783.0367,3886.5797,3764.7764,3749.7143
134903000,3860.8555,9617200,116655800,24473255000,284069369500,3783.0367,3886.5797,3764.7764,3749.7143
134908000,3860.6684,11220800,108088800,24484475800,284177458300,3783.0367,3886.5797,3764.7764,3749.7143
134913000,3860.8149,5321500,69054900,24489797300,284246513200,3783.0367,3886.5797,3764.7764,3749.7143
134918000,3860.2579,7977900,91832400,24497775200,284338345600,3783.0367,3886.5797,3764.7764,3749.7143
134923000,3860.3828,5320100,66370300,24503095300,284404715900,3783.0367,3886.5797,3764.7764,3749.7143
134928000,3861.2269,9323500,98058900,24512418800,284502774800,3783.0367,3886.5797,3764.7764,3749.7143
134933000,3860.9057,7935000,84709200,24520353800,284587484000,3783.0367,3886.5797,3764.7764,3749.7143
134938000,3860.6198,5299100,70746700,24525652900,284658230700,3783.0367,3886.5797,3764.7764,3749.7143
134943000,3860.5963,5584100,67332700,24531237000,284725563400,3783.0367,3886.5797,3764.7764,3749.7143
134948000,3860.7627,5550700,66646500,24536787700,284792209900,3783.0367,3886.5797,3764.7764,3749.7143
134953000,3860.8183,5194600,56749300,24541982300,284848959200,3783.0367,3886.5797,3764.7764,3749.7143
134958000,3860.8649,7678600,78268800,24549660900,284927228000,3783.0367,3886.5797,3764.7764,3749.7143
135003000,3860.5431,9039500,87528500,24558700400,285014756500,3783.0367,3886.5797,3764.7764,3749.7143
135008000,3860.7351,8845200,87121900,24567545600,285101878400,3783.0367,3886.5797,3764.7764,3749.7143
135013000,3861.1224,5436100,69386800,24572981700,285171265200,3783.0367,3886.5797,3764.7764,3749.7143
135018000,3860.9319,5787700,76678000,24578769400,285247943200,3783.0367,3886.5797,3764.7764,3749.7143
135023000,3860.9526,5469100,65335800,24584238500,285313279000,3783.0367,3886.5797,3764.7764,3749.7143
135028000,3860.599,8783400,96814700,24593021900,285410093700,3783.0367,3886.5797,3764.7764,3749.7143
135033000,3860.7798,6868500,79735000,24599890400,285489828700,3783.0367,3886.5797,3764.7764,3749.7143
135038000,3860.6021,6903000,72347800,24606793400,285562176500,3783.0367,3886.5797,3764.7764,3749.7143
135043000,3860.5696,6460700,62187300,24613254100,285624363800,3783.0367,3886.5797,3764.7764,3749.7143
135048000,3860.5545,9488100,92941700,24622742200,285717305500,3783.0367,3886.5797,3764.7764,3749.7143
135053000,3860.6039,5999200,72554100,24628741400,285789859600,3783.0367,3886.5797,3764.7764,3749.7143
135058000,3860.3439,8992800,88399200,24637734200,285878258800,3783.0367,3886.5797,3764.7764,3749.7143
135103000,3860.6059,10670300,88113400,24648404500,285966372200,3783.0367,3886.5797,3764.7764,3749.7143
135108000,3860.3865,11215400,92581800,24659619900,286058954000,3783.0367,3886.5797,3764.7764,3749.7143
135113000,3860.4544,6504100,67245900,24666124000,286126199900,3783.0367,3886.5797,3764.7764,3749.7143
135118000,3860.5671,9609700,95754500,24675733700,286221954400,3783.0367,3886.5797,3764.7764,3749.7143
135123000,3860.1389,5880400,67904800,24681614100,286289859200,3783.0367,3886.5797,3764.7764,3749.7143
135128000,3859.1457,8715800,88380400,24690329900,286378239600,3783.0367,3886.5797,3764.7764,3749.7143
135133000,3858.8995,6836000,85365000,24697165900,286463604600,3783.0367,3886.5797,3764.7764,3749.7143
135138000,3858.1735,11992300,106585900,24709158200,286570190500,3783.0367,3886.5797,3764.7764,3749.7143
135143000,3858.6938,6005200,62481900,24715163400,286632672400,3783.0367,3886.5797,3764.7764,3749.7143
135148000,3858.417,7964700,90648300,24723128100,286723320700,3783.0367,3886.5797,3764.7764,3749.7143
135153000,3858.7324,6836900,72400100,24729965000,286795720800,3783.0367,3886.5797,3764.7764,3749.7143
135158000,3858.607,6455000,78897300,24736420000,286874618100,3783.0367,3886.5797,3764.7764,3749.7143
135203000,3857.7914,5063800,71378200,24741483800,286945996300,3783.0367,3886.5797,3764.7764,3749.7143
135208000,3857.922,7109200,76783000,24748593000,287022779300,3783.0367,3886.5797,3764.7764,3749.7143
135213000,3857.8846,7069700,67524700,24755662700,287090304000,3783.0367,3886.5797,3764.7764,3749.7143
135218000,3858.0434,8758900,97725100,24764421600,287188029100,3783.0367,3886.5797,3764.7764,3749.7143
135223000,3857.7557,7045100,69268300,24771466700,287257297400,3783.0367,3886.5797,3764.7764,3749.7143
135228000,3857.5023,5991600,68683100,24777458300,287325980500,3783.0367,3886.5797,3764.7764,3749.7143
135233000,3857.1178,6505800,71955700,24783964100,287397936200,3783.0367,3886.5797,3764.7764,3749.7143
135238000,3857.3093,4990900,61844600,24788955000,287459780800,3783.0367,3886.5797,3764.7764,3749.7143
135243000,3856.8862,5423100,60146300,24794378100,287519927100,3783.0367,3886.5797,3764.7764,3749.7143
135248000,3856.5584,6137100,70506700,24800515200,287590433800,3783.0367,3886.5797,3764.7764,3749.7143
135253000,3856.8951,4995600,54773200,24805510800,287645207000,3783.0367,3886.5797,3764.7764,3749.7143
135258000,3856.5234,5585700,61299900,24811096500,287706506900,3783.0367,3886.5797,3764.7764,3749.7143
135303000,3855.9606,7009900,80691500,24818106400,287787198400,3783.0367,3886.5797,3764.7764,3749.7143
135308000,3856.2345,4547100,57290000,24822653500,287844488400,3783.0367,3886.5797,3764.7764,3749.7143
135313000,3856.3416,4476000,48965500,24827129500,287893453900,3783.0367,3886.5797,3764.7764,3749.7143
135318000,3855.8832,5677300,85127800,24832806800,287978581700,3783.0367,3886.5797,3764.7764,3749.7143
135323000,3855.9673,5820300,55434700,24838627100,288034016400,3783.0367,3886.5797,3764.7764,3749.7143
135328000,3855.832,5479600,67192900,24844106700,288101209300,3783.0367,3886.5797,3764.7764,3749.7143
135333000,3855.6131,5566200,60562800,24849672900,288161772100,3783.0367,3886.5797,3764.7764,3749.7143
135338000,3855.6924,6145700,71731400,24855818600,288233503500,3783.0367,3886.5797,3764.7764,3749.7143
135343000,3855.7244,5291000,53969900,24861109600,288287473400,3783.0367,3886.5797,3764.7764,3749.7143
135348000,3856.0972,8718900,82141500,24869828500,288369614900,3783.0367,3886.5797,3764.7764,3749.7143
135353000,3855.9999,6734300,61582600,24876562800,288431197500,3783.0367,3886.5797,3764.7764,3749.7143
135358000,3855.9876,6794000,69879600,24883356800,288501077100,3783.0367,3886.5797,3764.7764,3749.7143
135403000,3856.4767,6423700,87145100,24889780500,288588222200,3783.0367,3886.5797,3764.7764,3749.7143
135408000,3857.2988,8946400,96593600,24898726900,288684815800,3783.0367,3886.5797,3764.7764,3749.7143
135413000,3857.4778,6480100,75836200,24905207000,288760652000,3783.0367,3886.5797,3764.7764,3749.7143
135418000,3857.9929,10798500,108420900,24916005500,288869072900,3783.0367,3886.5797,3764.7764,3749.7143
135423000,3858.79,6661800,60267700,24922667300,288929340600,3783.0367,3886.5797,3764.7764,3749.7143
135428000,3858.1198,4390600,58373000,24927057900,288987713600,3783.0367,3886.5797,3764.7764,3749.7143
135433000,3857.6504,7646400,81609100,24934704300,289069322700,3783.0367,3886.5797,3764.7764,3749.7143
135438000,3857.8909,7258000,85532000,24941962300,289154854700,3783.0367,3886.5797,3764.7764,3749.7143
135443000,3858.2554,4663200,51582700,24946625500,289206437400,3783.0367,3886.5797,3764.7764,3749.7143
135448000,3858.2913,7989100,75643000,24954614600,289282080400,3783.0367,3886.5797,3764.7764,3749.7143
135453000,3858.9341,4925800,59193400,24959540400,289341273800,3783.0367,3886.5797,3764.7764,3749.7143
135458000,3858.2504,6164800,71519500,24965705200,289412793300,3783.0367,3886.5797,3764.7764,3749.7143
135503000,3858.8502,7849400,84734600,24973554600,289497527900,3783.0367,3886.5797,3764.7764,3749.7143
135508000,3858.4708,6234400,70861800,24979789000,289568389700,3783.0367,3886.5797,3764.7764,3749.7143
135513000,3858.6846,7221600,70652400,24987010600,289639042100,3783.0367,3886.5797,3764.7764,3749.7143
135518000,3858.8152,8504800,92593300,24995515400,289731635400,3783.0367,3886.5797,3764.7764,3749.7143
135523000,3858.5878,6054000,84561700,25001569400,289816197100,3783.0367,3886.5797,3764.7764,3749.7143
135528000,3858.5416,5484200,63369100,25007053600,289879566200,3783.0367,3886.5797,3764.7764,3749.7143
135533000,3858.6746,4982300,73300100,25012035900,289952866300,3783.0367,3886.5797,3764.7764,3749.7143
135538000,3858.791,3997400,62367200,25016033300,290015233500,3783.0367,3886.5797,3764.7764,3749.7143
135543000,3858.7897,4305000,51054300,25020338300,290066287800,3783.0367,3886.5797,3764.7764,3749.7143
135548000,3859.586,6674100,86868700,25027012400,290153156500,3783.0367,3886.5797,3764.7764,3749.7143
135553000,3859.5149,3074800,43431900,25030087200,290196588400,3783.0367,3886.5797,3764.7764,3749.7143
135558000,3860.1271,7680600,84585200,25037767800,290281173600,3783.0367,3886.5797,3764.7764,3749.7143
135603000,3860.344,7646100,96178000,25045413900,290377351600,3783.0367,3886.5797,3764.7764,3749.7143
135608000,3860.2552,7564600,88731800,25052978500,290466083400,3783.0367,3886.5797,3764.7764,3749.7143
135613000,3860.7168,5436500,61793700,25058415000,290527877100,3783.0367,3886.5797,3764.7764,3749.7143
135618000,3861.0581,7132600,88930300,25065547600,290616807400,3783.0367,3886.5797,3764.7764,3749.7143
135623000,3861.0293,4496900,55565300,25070044500,290672372700,3783.0367,3886.5797,3764.7764,3749.7143
135628000,3861.3922,7133300,76605900,25077177800,290748978600,3783.0367,3886.5797,3764.7764,3749.7143
135633000,3861.2793,7757100,88534000,25084934900,290837512600,3783.0367,3886.5797,3764.7764,3749.7143
135638000,3861.5554,6163700,73316700,25091098600,290910829300,3783.0367,3886.5797,3764.7764,3749.7143
135643000,3861.7596,4955900,69471000,25096054500,290980300300,3783.0367,3886.5797,3764.7764,3749.7143
135648000,3861.6746,5405200,61112700,25101459700,291041413000,3783.0367,3886.5797,3764.7764,3749.7143
135653000,3861.4955,4728100,62660900,25106187800,291104073900,3783.0367,3886.5797,3764.7764,3749.7143
135658000,3861.5303,4902300,58871900,25111090100,291162945800,3783.0367,3886.5797,3764.7764,3749.7143
135703000,3861.4636,5145700,64270300,25116235800,291227216100,3783.0367,3886.5797,3764.7764,3749.7143
135708000,3861.9394,5942800,68016900,25122178600,291295233000,3783.0367,3886.5797,3764.7764,3749.7143
135713000,3862.1067,4658500,50812200,25126837100,291346045200,3783.0367,3886.5797,3764.7764,3749.7143
135718000,3861.7716,7011100,80627700,25133848200,291426672900,3783.0367,3886.5797,3764.7764,3749.7143
135723000,3861.8491,3586600,49965800,25137434800,291476638700,3783.0367,3886.5797,3764.7764,3749.7143
135728000,3861.7958,6551200,74696800,25143986000,291551335500,3783.0367,3886.5797,3764.7764,3749.7143
135733000,3862.0411,4567100,57939200,25148553100,291609274700,3783.0367,3886.5797,3764.7764,3749.7143
135738000,3862.0187,4113500,52090600,25152666600,291661365300,3783.0367,3886.5797,3764.7764,3749.7143
135743000,3861.7959,5429300,58564900,25158095900,291719930200,3783.0367,3886.5797,3764.7764,3749.7143
135748000,3861.4896,6072800,69645600,25164168700,291789575800,3783.0367,3886.5797,3764.7764,3749.7143
135753000,3861.7729,4229500,53407600,25168398200,291842983400,3783.0367,3886.5797,3764.7764,3749.7143
135758000,3861.6455,6154200,68765800,25174552400,291911749200,3783.0367,3886.5797,3764.7764,3749.7143
135803000,3861.7319,5725100,62517700,25180277500,291974266900,3783.0367,3886.5797,3764.7764,3749.7143
135808000,3861.1328,5470600,64351900,25185748100,292038618800,3783.0367,3886.5797,3764.7764,3749.7143
135813000,3861.429,3992400,47550300,25189740500,292086169100,3783.0367,3886.5797,3764.7764,3749.7143
135818000,3860.9977,6454900,64647300,25196195400,292150816400,3783.0367,3886.5797,3764.7764,3749.7143
135823000,3861.3163,3373600,33457100,25199569000,292184273500,3783.0367,3886.5797,3764.7764,3749.7143
135828000,3861.423,4165600,53968900,25203734600,292238242400,3783.0367,3886.5797,3764.7764,3749.7143
135833000,3861.0155,4983000,57893400,25208717600,292296135800,3783.0367,3886.5797,3764.7764,3749.7143
135838000,3860.7881,4765400,57591100,25213483000,292353726900,3783.0367,3886.5797,3764.7764,3749.7143
135843000,3861.2879,4173000,45094000,25217656000,292398820900,3783.0367,3886.5797,3764.7764,3749.7143
135848000,3860.4844,9759400,96392100,25227415400,292495213000,3783.0367,3886.5797,3764.7764,3749.7143
135853000,3860.4594,4909600,55980800,25232325000,292551193800,3783.0367,3886.5797,3764.7764,3749.7143
135858000,3861.0522,5679500,65718700,25238004500,292616912500,3783.0367,3886.5797,3764.7764,3749.7143
135903000,3860.5962,5728600,78742000,25243733100,292695654500,3783.0367,3886.5797,3764.7764,3749.7143
135908000,3860.7598,5955000,71557600,25249688100,292767212100,3783.0367,3886.5797,3764.7764,3749.7143
135913000,3860.5726,4057000,43075400,25253745100,292810287500,3783.0367,3886.5797,3764.7764,3749.7143
135918000,3860.2826,6894100,72427300,25260639200,292882714800,3783.0367,3886.5797,3764.7764,3749.7143
135923000,3859.9123,3491600,45058900,25264130800,292927773700,3783.0367,3886.5797,3764.7764,3749.7143
135928000,3859.7508,6115800,74019100,25270246600,293001792800,3783.0367,3886.5797,3764.7764,3749.7143
135933000,3859.5267,7245300,90329900,25277491900,293092122700,3783.0367,3886.5797,3764.7764,3749.7143
135938000,3859.3165,6117800,71568000,25283609700,293163690700,3783.0367,3886.5797,3764.7764,3749.7143
135943000,3859.242,4572700,61843400,25288182400,293225534100,3783.0367,3886.5797,3764.7764,3749.7143
135948000,3858.5997,7019000,78675000,25295201400,293304209100,3783.0367,3886.5797,3764.7764,3749.7143
135953000,3858.5843,5906400,60496100,25301107800,293364705200,3783.0367,3886.5797,3764.7764,3749.7143
135958000,3858.6035,7295600,84793700,25308403400,293449498900,3783.0367,3886.5797,3764.7764,3749.7143
140003000,3858.4394,9687300,104340900,25318090700,293553839800,3783.0367,3886.5797,3764.7764,3749.7143
140008000,3858.4201,6891700,83609300,25324982400,293637449100,3783.0367,3886.5797,3764.7764,3749.7143
140013000,3857.7872,6506300,70174500,25331488700,293707623600,3783.0367,3886.5797,3764.7764,3749.7143
140018000,3857.6752,7219200,90949300,25338707900,293798572900,3783.0367,3886.5797,3764.7764,3749.7143
140023000,3857.5532,4868600,53700000,25343576500,293852272900,3783.0367,3886.5797,3764.7764,3749.7143
140028000,3856.9925,6716100,75110000,25350292600,293927382900,3783.0367,3886.5797,3764.7764,3749.7143
140033000,3856.577,7950100,87527600,25358242700,294014910500,3783.0367,3886.5797,3764.7764,3749.7143
140038000,3855.9812,6098600,79476400,25364341300,294094386900,3783.0367,3886.5797,3764.7764,3749.7143
140043000,3855.1672,12757300,138395200,25377098600,294232782100,3783.0367,3886.5797,3764.7764,3749.7143
140048000,3854.3588,13415200,139658400,25390513800,294372440500,3783.0367,3886.5797,3764.7764,3749.7143
140053000,3853.6302,9674700,125508900,25400188500,294497949400,3783.0367,3886.5797,3764.7764,3749.7143
140058000,3851.9527,14295700,162150100,25414484200,294660099500,3783.0367,3886.5797,3764.7764,3749.7143
140103000,3850.7527,16207000,176065300,25430691200,294836164800,3783.0367,3886.5797,3764.7764,3749.7143
140108000,3849.6621,12357500,148626900,25443048700,294984791700,3783.0367,3886.5797,3764.7764,3749.7143
140113000,3849.2254,9193500,90527000,25452242200,295075318700,3783.0367,3886.5797,3764.7764,3749.7143
140118000,3848.8596,12799100,123269000,25465041300,295198587700,3783.0367,3886.5797,3764.7764,3749.7143
140123000,3848.2306,5956100,76816800,25470997400,295275404500,3783.0367,3886.5797,3764.7764,3749.7143
140128000,3847.74,9029800,119470200,25480027200,295394874700,3783.0367,3886.5797,3764.7764,3749.7143
140133000,3845.6491,14229500,151605200,25494256700,295546479900,3783.0367,3886.5797,3764.7764,3749.7143
140138000,3844.5422,16471700,172115700,25510728400,295718595600,3783.0367,3886.5797,3764.7764,3749.7143
140143000,3843.9953,11715700,123246000,25522444100,295841841600,3783.0367,3886.5797,3764.7764,3749.7143
140148000,3842.9631,18550300,206356400,25540994400,296048198000,3783.0367,3886.5797,3764.7764,3749.7143
140153000,3841.603,14946300,186146500,25555940700,296234344500,3783.0367,3886.5797,3764.7764,3749.7143
140158000,3840.5676,21711900,203780800,25577652600,296438125300,3783.0367,3886.5797,3764.7764,3749.7143
140203000,3839.5242,16324000,190763900,25593976600,296628889200,3783.0367,3886.5797,3764.7764,3749.7143
140208000,3838.6356,16427700,171748300,25610404300,296800637500,3783.0367,3886.5797,3764.7764,3749.7143
140213000,3837.9867,12609400,121046700,25623013700,296921684200,3783.0367,3886.5797,3764.7764,3749.7143
140218000,3838.3907,13705800,156821600,25636719500,297078505800,3783.0367,3886.5797,3764.7764,3749.7143
140223000,3837.3913,10589000,112908500,25647308500,297191414300,3783.0367,3886.5797,3764.7764,3749.7143
140228000,3836.7874,14455700,164370100,25661764200,297355784400,3783.0367,3886.5797,3764.7764,3749.7143
140233000,3836.0081,18009800,186536700,25679774000,297542321100,3783.0367,3886.5797,3764.7764,3749.7143
140238000,3835.1919,18129800,185180300,25697903800,297727501400,3783.0367,3886.5797,3764.7764,3749.7143
140243000,3834.3996,14685800,135015900,25712589600,297862517300,3783.0367,3886.5797,3764.7764,3749.7143
140248000,3832.8809,18744100,228627200,25731333700,298091144500,3783.0367,3886.5797,3764.7764,3749.7143
140253000,3832.4842,13772400,148862500,25745106100,298240007000,3783.0367,3886.5797,3764.7764,3749.7143
140258000,3831.1169,17725100,196002500,25762831200,298436009500,3783.0367,3886.5797,3764.7764,3749.7143
140303000,3830.1533,17866600,190481400,25780697800,298626490900,3783.0367,3886.5797,3764.7764,3749.7143
140308000,3829.0451,19621000,226397100,25800318800,298852888000,3783.0367,3886.5797,3764.7764,3749.7143
140313000,3828.1298,23889400,304510100,25824208200,299157398100,3783.0367,3886.5797,3764.7764,3749.7143
140318000,3826.6443,22606000,237161400,25846814200,299394559500,3783.0367,3886.5797,3764.7764,3749.7143
140323000,3825.7909,11344900,143614800,25858159100,299538174300,3783.0367,3886.5797,3764.7764,3749.7143
140328000,3825.1704,17800200,195684900,25875959300,299733859200,3783.0367,3886.5797,3764.7764,3749.7143
140333000,3823.7672,17988100,212643000,25893947400,299946502200,3783.0367,3886.5797,3764.7764,3749.7143
140338000,3823.6198,19600900,215429400,25913548300,300161931600,3783.0367,3886.5797,3764.7764,3749.7143
140343000,3823.1283,18481700,181148300,25932030000,300343079900,3783.0367,3886.5797,3764.7764,3749.7143
140348000,3822.5205,20115700,219903700,25952145700,300562983600,3783.0367,3886.5797,3764.7764,3749.7143
140353000,3821.7125,12274100,143766800,25964419800,300706750400,3783.0367,3886.5797,3764.7764,3749.7143
140358000,3821.3924,20181400,193892900,25984601200,300900643300,3783.0367,3886.5797,3764.7764,3749.7143
140403000,3820.7757,20881600,216516900,26005482800,301117160200,3783.0367,3886.5797,3764.7764,3749.7143
140408000,3820.2574,13519800,166738900,26019002600,301283899100,3783.0367,3886.5797,3764.7764,3749.7143
140413000,3820.2342,13973300,152240800,26032975900,301436139900,3783.0367,3886.5797,3764.7764,3749.7143
140418000,3819.7215,17582100,201352400,26050558000,301637492300,3783.0367,3886.5797,3764.7764,3749.7143
140423000,3819.2455,10889400,122645800,26061447400,301760138100,3783.0367,3886.5797,3764.7764,3749.7143
140428000,3818.5954,15490300,170092500,26076937700,301930230600,3783.0367,3886.5797,3764.7764,3749.7143
140433000,3818.5672,21061400,233721900,26097999100,302163952500,3783.0367,3886.5797,3764.7764,3749.7143
140438000,3817.973,13056000,197411800,26111055100,302361364300,3783.0367,3886.5797,3764.7764,3749.7143
140443000,3817.3532,11421000,148012400,26122476100,302509376700,3783.0367,3886.5797,3764.7764,3749.7143
140448000,3817.2039,17476700,207259900,26139952800,302716636600,3783.0367,3886.5797,3764.7764,3749.7143
140453000,3816.4467,10874200,136490300,26150827000,302853126900,3783.0367,3886.5797,3764.7764,3749.7143
140458000,3815.9381,17606900,188545300,26168433900,303041672200,3783.0367,3886.5797,3764.7764,3749.7143
140503000,3815.0918,19697300,257005400,26188131200,303298677600,3783.0367,3886.5797,3764.7764,3749.7143
140508000,3814.3731,16238900,187344400,26204370100,303486022000,3783.0367,3886.5797,3764.7764,3749.7143
140513000,3814.0935,13859300,175825400,26218229400,303661847400,3783.0367,3886.5797,3764.7764,3749.7143
140518000,3813.9144,18602400,197795500,26236831800,303859642900,3783.0367,3886.5797,3764.7764,3749.7143
140523000,3814.1036,10100000,116018600,26246931800,303975661500,3783.0367,3886.5797,3764.7764,3749.7143
140528000,3814.3075,15709100,189073600,26262640900,304164735100,3783.0367,3886.5797,3764.7764,3749.7143
140533000,3814.3856,14322900,192809300,26276963800,304357544400,3783.0367,3886.5797,3764.7764,3749.7143
140538000,3814.7103,13748200,170267900,26290712000,304527812300,3783.0367,3886.5797,3764.7764,3749.7143
140543000,3814.7764,11832400,144216300,26302544400,304672028600,3783.0367,3886.5797,3764.7764,3749.7143
140548000,3815.3331,16996600,173078100,26319541000,304845106700,3783.0367,3886.5797,3764.7764,3749.7143
140553000,3815.6906,11310000,136652600,26330851000,304981759300,3783.0367,3886.5797,3764.7764,3749.7143
140558000,3815.8145,14310500,175822900,26345161500,305157582200,3783.0367,3886.5797,3764.7764,3749.7143
140603000,3815.9007,13866700,164485500,26359028200,305322067700,3783.0367,3886.5797,3764.7764,3749.7143
140608000,3816.4611,10322200,133349300,26369350400,305455417000,3783.0367,3886.5797,3764.7764,3749.7143
140613000,3816.4757,8050300,95036000,26377400700,305550453000,3783.0367,3886.5797,3764.7764,3749.7143
140618000,3816.491,10510200,122048600,26387910900,305672501600,3783.0367,3886.5797,3764.7764,3749.7143
140623000,3816.2783,8785600,106749000,26396696500,305779250600,3783.0367,3886.5797,3764.7764,3749.7143
140628000,3816.6412,11039700,134196000,26407736200,305913446600,3783.0367,3886.5797,3764.7764,3749.7143
140633000,3816.1011,10679600,125961600,26418415800,306039408200,3783.0367,3886.5797,3764.7764,3749.7143
140638000,3815.978,9442900,135735100,26427858700,306175143300,3783.0367,3886.5797,3764.7764,3749.7143
140643000,3815.4322,11152300,125225900,26439011000,306300369200,3783.0367,3886.5797,3764.7764,3749.7143
140648000,3815.0497,13167900,157488800,26452178900,306457858000,3783.0367,3886.5797,3764.7764,3749.7143
140653000,3814.5891,11154800,127154500,26463333700,306585012500,3783.0367,3886.5797,3764.7764,3749.7143
140658000,3814.2944,16731400,185351000,26480065100,306770363500,3783.0367,3886.5797,3764.7764,3749.7143
140703000,3814.189,13293400,161511200,26493358500,306931874700,3783.0367,3886.5797,3764.7764,3749.7143
140708000,3814.1263,11657700,135648100,26505016200,307067522800,3783.0367,3886.5797,3764.7764,3749.7143
140713000,3813.9594,9306600,107675600,26514322800,307175198400,3783.0367,3886.5797,3764.7764,3749.7143
140718000,3813.5763,11361100,146084200,26525683900,307321282600,3783.0367,3886.5797,3764.7764,3749.7143
140723000,3813.5295,8757100,98249500,26534441000,307419532100,3783.0367,3886.5797,3764.7764,3749.7143
140728000,3812.9503,12250600,137452100,26546691600,307556984200,3783.0367,3886.5797,3764.7764,3749.7143
140733000,3813.1699,9840600,123528800,26556532200,307680513000,3783.0367,3886.5797,3764.7764,3749.7143
140738000,3812.4275,11201100,139455000,26567733300,307819968000,3783.0367,3886.5797,3764.7764,3749.7143
140743000,3812.4843,11039300,133459900,26578772600,307953427900,3783.0367,3886.5797,3764.7764,3749.7143
140748000,3811.6202,14614900,166686400,26593387500,308120114300,3783.0367,3886.5797,3764.7764,3749.7143
140753000,3811.1413,10374100,125146100,26603761600,308245260400,3783.0367,3886.5797,3764.7764,3749.7143
140758000,3810.0224,12498100,159443000,26616259700,308404703400,3783.0367,3886.5797,3764.7764,3749.7143
140803000,3809.3917,12663700,158830500,26628923400,308563533900,3783.0367,3886.5797,3764.7764,3749.7143
140808000,3809.2201,11658700,137557300,26640582100,308701091200,3783.0367,3886.5797,3764.7764,3749.7143
140813000,3808.6775,10882200,135869300,26651464300,308836960500,3783.0367,3886.5797,3764.7764,3749.7143
140818000,3807.7137,12252800,149936900,26663717100,308986897400,3783.0367,3886.5797,3764.7764,3749.7143
140823000,3807.4075,9547600,124499300,26673264700,309111396700,3783.0367,3886.5797,3764.7764,3749.7143
140828000,3807.521,13867900,174886500,26687132600,309286283200,3783.0367,3886.5797,3764.7764,3749.7143
140833000,3807.4311,12168600,146841100,26699301200,309433124300,3783.0367,3886.5797,3764.7764,3749.7143
140838000,3807.3047,8642700,124715500,26707943900,309557839800,3783.0367,3886.5797,3764.7764,3749.7143
140843000,3806.7563,8907400,110701100,26716851300,309668540900,3783.0367,3886.5797,3764.7764,3749.7143
140848000,3806.1402,12813800,148845100,26729665100,309817386000,3783.0367,3886.5797,3764.7764,3749.7143
140853000,3806.2026,9742900,114259500,26739408000,309931645500,3783.0367,3886.5797,3764.7764,3749.7143
140858000,3805.9541,14191800,143021200,26753599800,310074666700,3783.0367,3886.5797,3764.7764,3749.7143
140903000,3805.7309,13012800,172113400,26766612600,310246780100,3783.0367,3886.5797,3764.7764,3749.7143
140908000,3805.4359,11834900,143545800,26778447500,310390325900,3783.0367,3886.5797,3764.7764,3749.7143
140913000,3805.6133,8367500,116144600,26786815000,310506470500,3783.0367,3886.5797,3764.7764,3749.7143
140918000,3805.6883,10797400,137190600,26797612400,310643661100,3783.0367,3886.5797,3764.7764,3749.7143
140923000,3805.9207,8099500,95939500,26805711900,310739600600,3783.0367,3886.5797,3764.7764,3749.7143
140928000,3806.1779,12820600,157348900,26818532500,310896949500,3783.0367,3886.5797,3764.7764,3749.7143
140933000,3806.326,14469200,169062900,26833001700,311066012400,3783.0367,3886.5797,3764.7764,3749.7143
140938000,3806.9442,10479300,149405400,26843481000,311215417800,3783.0367,3886.5797,3764.7764,3749.7143
140943000,3807.5094,8395400,106155300,26851876400,311321573100,3783.0367,3886.5797,3764.7764,3749.7143
140948000,3807.0479,13514000,162371900,26865390400,311483945000,3783.0367,3886.5797,3764.7764,3749.7143
140953000,3807.1275,7215900,103344200,26872606300,311587289200,3783.0367,3886.5797,3764.7764,3749.7143
140958000,3807.9253,12157600,138976000,26884763900,311726265200,3783.0367,3886.5797,3764.7764,3749.7143
141003000,3808.1849,8672900,112622400,26893436800,311838887600,3783.0367,3886.5797,3764.7764,3749.7143
141008000,3807.6553,9655700,117194000,26903092500,311956081600,3783.0367,3886.5797,3764.7764,3749.7143
141013000,3807.9477,7793600,89955200,26910886100,312046036800,3783.0367,3886.5797,3764.7764,3749.7143
141018000,3807.368,10033400,132962300,26920919500,312178999100,3783.0367,3886.5797,3764.7764,3749.7143
141023000,3808.1863,7159000,92931300,26928078500,312271930400,3783.0367,3886.5797,3764.7764,3749.7143
141028000,3807.8737,8355400,108429000,26936433900,312380359400,3783.0367,3886.5797,3764.7764,3749.7143
141033000,3807.0704,10150000,135935300,26946583900,312516294700,3783.0367,3886.5797,3764.7764,3749.7143
141038000,3807.6443,7448800,107769300,26954032700,312624064000,3783.0367,3886.5797,3764.7764,3749.7143
141043000,3807.8469,5532500,69849700,26959565200,312693913700,3783.0367,3886.5797,3764.7764,3749.7143
141048000,3807.7807,10695400,128035300,26970260600,312821949000,3783.0367,3886.5797,3764.7764,3749.7143
141053000,3807.7743,8271500,102860000,26978532100,312924809000,3783.0367,3886.5797,3764.7764,3749.7143
141058000,3808.0302,9207200,98170900,26987739300,313022979900,3783.0367,3886.5797,3764.7764,3749.7143
141103000,3807.8371,6439700,102472900,26994179000,313125452800,3783.0367,3886.5797,3764.7764,3749.7143
141108000,3808.0894,8519600,113572300,27002698600,313239025100,3783.0367,3886.5797,3764.7764,3749.7143
141113000,3808.2841,5223200,68294600,27007921800,313307319700,3783.0367,3886.5797,3764.7764,3749.7143
141118000,3807.9453,9126900,107278900,27017048700,313414598600,3783.0367,3886.5797,3764.7764,3749.7143
141123000,3808.3308,6186500,76192200,27023235200,313490790800,3783.0367,3886.5797,3764.7764,3749.7143
141128000,3808.1459,7491400,105560300,27030726600,313596351100,3783.0367,3886.5797,3764.7764,3749.7143
141133000,3807.3698,9141300,114797200,27039867900,313711148300,3783.0367,3886.5797,3764.7764,3749.7143
141138000,3806.1911,10069700,149701000,27049937600,313860849300,3783.0367,3886.5797,3764.7764,3749.7143
141143000,3805.5775,10558800,137455000,27060496400,313998304300,3783.0367,3886.5797,3764.7764,3749.7143
141148000,3804.8453,13576300,175543000,27074072700,314173847300,3783.0367,3886.5797,3764.7764,3749.7143
141153000,3804.2527,12765900,161463700,27086838600,314335311000,3783.0367,3886.5797,3764.7764,3749.7143
141158000,3802.9823,16385500,214134200,27103224100,314549445200,3783.0367,3886.5797,3764.7764,3749.7143
141203000,3802.2612,15241900,204675500,27118466000,314754120700,3783.0367,3886.5797,3764.7764,3749.7143
141208000,3801.1698,16024500,204371000,27134490500,314958491700,3783.0367,3886.5797,3764.7764,3749.7143
141213000,3800.3891,9524800,151623400,27144015300,315110115100,3783.0367,3886.5797,3764.7764,3749.7143
141218000,3799.7166,15599600,201392600,27159614900,315311507700,3783.0367,3886.5797,3764.7764,3749.7143
141223000,3799.551,10840700,131221900,27170455600,315442729600,3783.0367,3886.5797,3764.7764,3749.7143
141228000,3798.9931,15377600,192277500,27185833200,315635007100,3783.0367,3886.5797,3764.7764,3749.7143
141233000,3798.6725,15799100,221829500,27201632300,315856836600,3783.0367,3886.5797,3764.7764,3749.7143
141238000,3798.079,13514300,163230900,27215146600,316020067500,3783.0367,3886.5797,3764.7764,3749.7143
141243000,3797.6846,13045700,157169800,27228192300,316177237300,3783.0367,3886.5797,3764.7764,3749.7143
141248000,3796.8287,14205700,183007300,27242398000,316360244600,3783.0367,3886.5797,3764.7764,3749.7143
141253000,3796.7048,12752900,141990900,27255150900,316502235500,3783.0367,3886.5797,3764.7764,3749.7143
141258000,3795.5507,17352500,196494600,27272503400,316698730100,3783.0367,3886.5797,3764.7764,3749.7143
141303000,3794.5955,18149600,222237400,27290653000,316920967500,3783.0367,3886.5797,3764.7764,3749.7143
141308000,3794.1141,16714300,194898300,27307367300,317115865800,3783.0367,3886.5797,3764.7764,3749.7143
141313000,3793.547,13142700,137634900,27320510000,317253500700,3783.0367,3886.5797,3764.7764,3749.7143
141318000,3792.8463,16944100,185290100,27337454100,317438790800,3783.0367,3886.5797,3764.7764,3749.7143
141323000,3792.8404,12290500,122683900,27349744600,317561474700,3783.0367,3886.5797,3764.7764,3749.7143
141328000,3792.5014,14292300,193366800,27364036900,317754841500,3783.0367,3886.5797,3764.7764,3749.7143
141333000,3792.0843,23547900,242072000,27387584800,317996913500,3783.0367,3886.5797,3764.7764,3749.7143
141338000,3791.5261,11477600,135377400,27399062400,318132290900,3783.0367,3886.5797,3764.7764,3749.7143
141343000,3791.4856,9736400,124914000,27408798800,318257204900,3783.0367,3886.5797,3764.7764,3749.7143
141348000,3791.2415,17417300,189861100,27426216100,318447066000,3783.0367,3886.5797,3764.7764,3749.7143
141353000,3790.9466,10810800,124588000,27437026900,318571654000,3783.0367,3886.5797,3764.7764,3749.7143
141358000,3790.6318,12881700,159166100,27449908600,318730820100,3783.0367,3886.5797,3764.7764,3749.7143
141403000,3790.0893,16668900,175332200,27466577500,318906152300,3783.0367,3886.5797,3764.7764,3749.7143
141408000,3789.8924,17118700,192694000,27483696200,319098846300,3783.0367,3886.5797,3764.7764,3749.7143
141413000,3789.1875,15551300,149122200,27499247500,319247968500,3783.0367,3886.5797,3764.7764,3749.7143
141418000,3789.0247,17183800,171949500,27516431300,319419918000,3783.0367,3886.5797,3764.7764,3749.7143
141423000,3788.812,15762800,144128300,27532194100,319564046300,3783.0367,3886.5797,3764.7764,3749.7143
141428000,3788.5332,14711900,150551700,27546906000,319714598000,3783.0367,3886.5797,3764.7764,3749.7143
141433000,3787.904,14857900,167301000,27561763900,319881899000,3783.0367,3886.5797,3764.7764,3749.7143
141438000,3788.3232,11568800,148190000,27573332700,320030089000,3783.0367,3886.5797,3764.7764,3749.7143
141443000,3788.2214,12019100,142441700,27585351800,320172530700,3783.0367,3886.5797,3764.7764,3749.7143
141448000,3787.5858,14351100,165879100,27599702900,320338409800,3783.0367,3886.5797,3764.7764,3749.7143
141453000,3787.4699,9882400,117088200,27609585300,320455498000,3783.0367,3886.5797,3764.7764,3749.7143
141458000,3787.7752,12524700,158649300,27622110000,320614147300,3783.0367,3886.5797,3764.7764,3749.7143
141503000,3787.9513,14433300,171498500,27636543300,320785645800,3783.0367,3886.5797,3764.7764,3749.7143
141508000,3788.1097,11218900,147725600,27647762200,320933371400,3783.0367,3886.5797,3764.7764,3749.7143
141513000,3788.0787,10363200,110448200,27658125400,321043819600,3783.0367,3886.5797,3764.7764,3749.7143
141518000,3788.1577,12436400,147651200,27670561800,321191470800,3783.0367,3886.5797,3764.7764,3749.7143
141523000,3788.5749,8751400,118689300,27679313200,321310160100,3783.0367,3886.5797,3764.7764,3749.7143
141528000,3788.5484,11975000,146961300,27691288200,321457121400,3783.0367,3886.5797,3764.7764,3749.7143
141533000,3789.5683,12151800,160197100,27703440000,321617318500,3783.0367,3886.5797,3764.7764,3749.7143
141538000,3789.7758,12016600,154394700,27715456600,321771713200,3783.0367,3886.5797,3764.7764,3749.7143
141543000,3789.5201,9171700,116049700,27724628300,321887762900,3783.0367,3886.5797,3764.7764,3749.7143
141548000,3790.3519,14554300,166763400,27739182600,322054526300,3783.0367,3886.5797,3764.7764,3749.7143
141553000,3791.0553,7514700,92016400,27746697300,322146542700,3783.0367,3886.5797,3764.7764,3749.7143
141558000,3791.1174,12980300,132615600,27759677600,322279158300,3783.0367,3886.5797,3764.7764,3749.7143
141603000,3792.1896,12928100,140354800,27772605700,322419513100,3783.0367,3886.5797,3764.7764,3749.7143
141608000,3793.5402,12593900,139372000,27785199600,322558885100,3783.0367,3886.5797,3764.7764,3749.7143
141613000,3793.6283,9302400,102366800,27794502000,322661251900,3783.0367,3886.5797,3764.7764,3749.7143
141618000,3793.874,10701600,127536800,27805203600,322788788700,3783.0367,3886.5797,3764.7764,3749.7143
141623000,3794.5446,6887400,80018400,27812091000,322868807100,3783.0367,3886.5797,3764.7764,3749.7143
141628000,3795.2064,13910700,150599500,27826001700,323019406600,3783.0367,3886.5797,3764.7764,3749.7143
141633000,3795.5423,10848200,122010000,27836849900,323141416600,3783.0367,3886.5797,3764.7764,3749.7143
141638000,3796.1683,7577900,99527100,27844427800,323240943700,3783.0367,3886.5797,3764.7764,3749.7143
141643000,3796.7682,6776800,81791700,27851204600,323322735400,3783.0367,3886.5797,3764.7764,3749.7143
141648000,3797.1386,9954900,118493500,27861159500,323441228900,3783.0367,3886.5797,3764.7764,3749.7143
141653000,3798.1038,8831500,98405700,27869991000,323539634600,3783.0367,3886.5797,3764.7764,3749.7143
141658000,3798.4595,9073500,114196900,27879064500,323653831500,3783.0367,3886.5797,3764.7764,3749.7143
141703000,3799.7904,10774900,124158300,27889839400,323777989800,3783.0367,3886.5797,3764.7764,3749.7143
141708000,3799.9152,8556200,110014400,27898395600,323888004200,3783.0367,3886.5797,3764.7764,3749.7143
141713000,3800.4441,6505600,74367100,27904901200,323962371300,3783.0367,3886.5797,3764.7764,3749.7143
141718000,3801.7234,7735300,109886100,27912636500,324072257400,3783.0367,3886.5797,3764.7764,3749.7143
141723000,3801.5691,6405500,98709100,27919042000,324170966500,3783.0367,3886.5797,3764.7764,3749.7143
141728000,3802.3439,6529200,87714500,27925571200,324258681000,3783.0367,3886.5797,3764.7764,3749.7143
141733000,3802.4889,8128200,114157600,27933699400,324372838600,3783.0367,3886.5797,3764.7764,3749.7143
141738000,3802.5749,7941900,100183400,27941641300,324473022000,3783.0367,3886.5797,3764.7764,3749.7143
141743000,3802.9704,5173200,63498100,27946814500,324536520100,3783.0367,3886.5797,3764.7764,3749.7143
141748000,3803.1046,7480200,98075900,27954294700,324634596000,3783.0367,3886.5797,3764.7764,3749.7143
141753000,3802.9414,6266800,87348100,27960561500,324721944100,3783.0367,3886.5797,3764.7764,3749.7143
141758000,3803.3135,8176100,111358900,27968737600,324833303000,3783.0367,3886.5797,3764.7764,3749.7143
141803000,3803.4623,7270000,102061300,27976007600,324935364300,3783.0367,3886.5797,3764.7764,3749.7143
141808000,3804.0671,8508800,95208600,27984516400,325030572900,3783.0367,3886.5797,3764.7764,3749.7143
141813000,3803.66,5698700,80067700,27990215100,325110640600,3783.0367,3886.5797,3764.7764,3749.7143
141818000,3804.0726,7269100,90309100,27997484200,325200949700,3783.0367,3886.5797,3764.7764,3749.7143
141823000,3804.4807,6267900,68545100,28003752100,325269494800,3783.0367,3886.5797,3764.7764,3749.7143
141828000,3804.4355,5598400,79853900,28009350500,325349348700,3783.0367,3886.5797,3764.7764,3749.7143
141833000,3804.1016,7695500,103696300,28017046000,325453045000,3783.0367,3886.5797,3764.7764,3749.7143
141838000,3804.3078,6292500,84609700,28023338500,325537654700,3783.0367,3886.5797,3764.7764,3749.7143
141843000,3804.0813,6808700,72679800,28030147200,325610334500,3783.0367,3886.5797,3764.7764,3749.7143
141848000,3804.2453,9621900,119224000,28039769100,325729558500,3783.0367,3886.5797,3764.7764,3749.7143
141853000,3804.4224,4604600,66491100,28044373700,325796049600,3783.0367,3886.5797,3764.7764,3749.7143
141858000,3804.2034,7136100,93033300,28051509800,325889082900,3783.0367,3886.5797,3764.7764,3749.7143
141903000,3804.2382,7253900,104250100,28058763700,325993333000,3783.0367,3886.5797,3764.7764,3749.7143
141908000,3804.5193,6553900,80208200,28065317600,326073541200,3783.0367,3886.5797,3764.7764,3749.7143
141913000,3803.808,5094600,65109800,28070412200,326138651000,3783.0367,3886.5797,3764.7764,3749.7143
141918000,3803.9163,5625300,78495700,28076037500,326217146700,3783.0367,3886.5797,3764.7764,3749.7143
141923000,3803.9157,6421400,79517200,28082458900,326296663900,3783.0367,3886.5797,3764.7764,3749.7143
141928000,3803.4686,7352500,93520800,28089811400,326390184700,3783.0367,3886.5797,3764.7764,3749.7143
141933000,3803.956,7935600,92067900,28097747000,326482252600,3783.0367,3886.5797,3764.7764,3749.7143
141938000,3804.3166,7699600,93645800,28105446600,326575898400,3783.0367,3886.5797,3764.7764,3749.7143
141943000,3803.966,4151800,57149100,28109598400,326633047500,3783.0367,3886.5797,3764.7764,3749.7143
141948000,3803.9213,7453700,82275300,28117052100,326715322800,3783.0367,3886.5797,3764.7764,3749.7143
141953000,3803.7343,6447600,77041800,28123499700,326792364600,3783.0367,3886.5797,3764.7764,3749.7143
141958000,3802.9272,6578700,85516500,28130078400,326877881100,3783.0367,3886.5797,3764.7764,3749.7143
142003000,3802.7087,7485600,92529200,28137564000,326970410300,3783.0367,3886.5797,3764.7764,3749.7143
142008000,3802.4104,7325100,87360600,28144889100,327057770900,3783.0367,3886.5797,3764.7764,3749.7143
142013000,3802.6593,3596900,51615000,28148486000,327109385900,3783.0367,3886.5797,3764.7764,3749.7143
142018000,3802.2328,6520000,78729900,28155006000,327188115800,3783.0367,3886.5797,3764.7764,3749.7143
142023000,3802.1094,4404000,55550900,28159410000,327243666700,3783.0367,3886.5797,3764.7764,3749.7143
142028000,3801.906,6267700,91081700,28165677700,327334748400,3783.0367,3886.5797,3764.7764,3749.7143
142033000,3801.3019,6533700,87503800,28172211400,327422252200,3783.0367,3886.5797,3764.7764,3749.7143
142038000,3801.5186,5998900,79496500,28178210300,327501748700,3783.0367,3886.5797,3764.7764,3749.7143
142043000,3801.4172,4754700,61317500,28182965000,327563066200,3783.0367,3886.5797,3764.7764,3749.7143
142048000,3801.3333,6584400,83432800,28189549400,327646499000,3783.0367,3886.5797,3764.7764,3749.7143
142053000,3800.8432,4613900,59877400,28194163300,327706376400,3783.0367,3886.5797,3764.7764,3749.7143
142058000,3800.7968,7854100,91808400,28202017400,327798184800,3783.0367,3886.5797,3764.7764,3749.7143
142103000,3800.0751,6515100,86867500,28208532500,327885052300,3783.0367,3886.5797,3764.7764,3749.7143
142108000,3800.1283,6038500,92004100,28214571000,327977056400,3783.0367,3886.5797,3764.7764,3749.7143
142113000,3799.7481,5962800,62815700,28220533800,328039872100,3783.0367,3886.5797,3764.7764,3749.7143
142118000,3799.4608,7284200,90136500,28227818000,328130008600,3783.0367,3886.5797,3764.7764,3749.7143
142123000,3799.6437,4155100,59774200,28231973100,328189782800,3783.0367,3886.5797,3764.7764,3749.7143
142128000,3798.9618,5560700,70773700,28237533800,328260556500,3783.0367,3886.5797,3764.7764,3749.7143
142133000,3798.3554,6954600,92085000,28244488400,328352641500,3783.0367,3886.5797,3764.7764,3749.7143
142138000,3797.8023,5236700,76992400,28249725100,328429633900,3783.0367,3886.5797,3764.7764,3749.7143
142143000,3797.533,7573800,90721500,28257298900,328520355400,3783.0367,3886.5797,3764.7764,3749.7143
142148000,3796.5973,8173000,97952800,28265471900,328618308200,3783.0367,3886.5797,3764.7764,3749.7143
142153000,3796.7329,6355800,79414500,28271827700,328697722700,3783.0367,3886.5797,3764.7764,3749.7143
142158000,3796.3993,7511500,103547700,28279339200,328801270400,3783.0367,3886.5797,3764.7764,3749.7143
142203000,3795.8625,9237200,107230100,28288576400,328908500500,3783.0367,3886.5797,3764.7764,3749.7143
142208000,3795.8214,8913900,132919500,28297490300,329041420000,3783.0367,3886.5797,3764.7764,3749.7143
142213000,3795.1287,9006300,99614600,28306496600,329141034600,3783.0367,3886.5797,3764.7764,3749.7143
142218000,3794.828,9617500,102988600,28316114100,329244023200,3783.0367,3886.5797,3764.7764,3749.7143
142223000,3794.0823,6788500,87829800,28322902600,329331853000,3783.0367,3886.5797,3764.7764,3749.7143
142228000,3793.5538,8872100,107025300,28331774700,329438878300,3783.0367,3886.5797,3764.7764,3749.7143
142233000,3792.9936,15053500,146774400,28346828200,329585652700,3783.0367,3886.5797,3764.7764,3749.7143
142238000,3792.6362,9911700,118693900,28356739900,329704346600,3783.0367,3886.5797,3764.7764,3749.7143
142243000,3792.7671,6106000,75045200,28362845900,329779391800,3783.0367,3886.5797,3764.7764,3749.7143
142248000,3792.5722,9899400,115001500,28372745300,329894393300,3783.0367,3886.5797,3764.7764,3749.7143
142253000,3792.3137,5980500,75491300,28378725800,329969884600,3783.0367,3886.5797,3764.7764,3749.7143
142258000,3791.9784,9698600,130950200,28388424400,330100834800,3783.0367,3886.5797,3764.7764,3749.7143
142303000,3791.9168,7225900,95850100,28395650300,330196684900,3783.0367,3886.5797,3764.7764,3749.7143
142308000,3791.6922,8551100,108369200,28404201400,330305054100,3783.0367,3886.5797,3764.7764,3749.7143
142313000,3791.6965,8235600,90247300,28412437000,330395301400,3783.0367,3886.5797,3764.7764,3749.7143
142318000,3791.3569,10115600,106416100,28422552600,330501717500,3783.0367,3886.5797,3764.7764,3749.7143
142323000,3790.8036,5187600,70722000,28427740200,330572439500,3783.0367,3886.5797,3764.7764,3749.7143
142328000,3791.0006,7716500,88554300,28435456700,330660993800,3783.0367,3886.5797,3764.7764,3749.7143
142333000,3790.9965,8455300,104671600,28443912000,330765665400,3783.0367,3886.5797,3764.7764,3749.7143
142338000,3791.094,8342700,103313100,28452254700,330868978500,3783.0367,3886.5797,3764.7764,3749.7143
142343000,3791.2204,7256300,92603400,28459511000,330961581900,3783.0367,3886.5797,3764.7764,3749.7143
142348000,3791.4088,10051000,125331900,28469562000,331086913800,3783.0367,3886.5797,3764.7764,3749.7143
142353000,3791.3138,6811200,96441600,28476373200,331183355400,3783.0367,3886.5797,3764.7764,3749.7143
142358000,3791.6246,10041400,127314400,28486414600,331310669800,3783.0367,3886.5797,3764.7764,3749.7143
142403000,3792.6077,9781400,121856900,28496196000,331432526700,3783.0367,3886.5797,3764.7764,3749.7143
142408000,3792.4226,10561400,133524800,28506757400,331566051500,3783.0367,3886.5797,3764.7764,3749.7143
142413000,3791.9539,8508800,91398500,28515266200,331657450000,3783.0367,3886.5797,3764.7764,3749.7143
142418000,3791.9399,9768600,111751100,28525034800,331769201100,3783.0367,3886.5797,3764.7764,3749.7143
142423000,3792.2245,6007600,76727700,28531042400,331845928800,3783.0367,3886.5797,3764.7764,3749.7143
142428000,3792.1336,7412600,91461100,28538455000,331937389900,3783.0367,3886.5797,3764.7764,3749.7143
142433000,3792.1719,7245800,105669100,28545700800,332043059000,3783.0367,3886.5797,3764.7764,3749.7143
142438000,3791.7758,7743600,89987600,28553444400,332133046600,3783.0367,3886.5797,3764.7764,3749.7143
142443000,3791.9247,5901300,70026100,28559345700,332203072700,3783.0367,3886.5797,3764.7764,3749.7143
142448000,3791.4412,10186100,98366600,28569531800,332301439300,3783.0367,3886.5797,3764.7764,3749.7143
142453000,3791.4584,4320200,56507400,28573852000,332357946700,3783.0367,3886.5797,3764.7764,3749.7143
142458000,3791.1442,8357500,101202600,28582209500,332459149300,3783.0367,3886.5797,3764.7764,3749.7143
142503000,3791.7185,8215300,95966100,28590424800,332555115400,3783.0367,3886.5797,3764.7764,3749.7143
142508000,3790.9812,7016200,91900200,28597441000,332647015600,3783.0367,3886.5797,3764.7764,3749.7143
142513000,3791.2731,6019600,78559800,28603460600,332725575400,3783.0367,3886.5797,3764.7764,3749.7143
142518000,3790.5274,10288200,111277900,28613748800,332836853300,3783.0367,3886.5797,3764.7764,3749.7143
142523000,3790.5598,6032700,75888900,28619781500,332912742200,3783.0367,3886.5797,3764.7764,3749.7143
142528000,3790.7253,7084800,94889800,28626866300,333007632000,3783.0367,3886.5797,3764.7764,3749.7143
142533000,3790.4106,16203700,132871800,28643070000,333140503800,3783.0367,3886.5797,3764.7764,3749.7143
142538000,3790.3935,8038900,101129500,28651108900,333241633300,3783.0367,3886.5797,3764.7764,3749.7143
142543000,3790.4395,8531700,76784300,28659640600,333318417600,3783.0367,3886.5797,3764.7764,3749.7143
142548000,3790.2853,9671800,105979300,28669312400,333424396900,3783.0367,3886.5797,3764.7764,3749.7143
142553000,3790.5355,6864600,72366800,28676177000,333496763700,3783.0367,3886.5797,3764.7764,3749.7143
142558000,3790.4042,7719500,96779700,28683896500,333593543400,3783.0367,3886.5797,3764.7764,3749.7143
142603000,3789.8043,9392900,116537800,28693289400,333710081200,3783.0367,3886.5797,3764.7764,3749.7143
142608000,3789.6952,6709400,105127400,28699998800,333815208600,3783.0367,3886.5797,3764.7764,3749.7143
142613000,3789.6497,6614400,68350600,28706613200,333883559200,3783.0367,3886.5797,3764.7764,3749.7143
142618000,3789.6152,10895100,124705200,28717508300,334008264400,3783.0367,3886.5797,3764.7764,3749.7143
142623000,3789.4363,5789300,69828200,28723297600,334078092600,3783.0367,3886.5797,3764.7764,3749.7143
142628000,3789.1425,6736700,83192000,28730034300,334161284600,3783.0367,3886.5797,3764.7764,3749.7143
142633000,3789.2449,8762200,112554000,28738796500,334273838600,3783.0367,3886.5797,3764.7764,3749.7143
142638000,3788.345,7812800,90463500,28746609300,334364302100,3783.0367,3886.5797,3764.7764,3749.7143
142643000,3788.1724,6989700,85834300,28753599000,334450136400,3783.0367,3886.5797,3764.7764,3749.7143
142648000,3788.0958,9198300,132507600,28762797300,334582644000,3783.0367,3886.5797,3764.7764,3749.7143
142653000,3788.3005,7984500,99456400,28770781800,334682100400,3783.0367,3886.5797,3764.7764,3749.7143
142658000,3787.8916,11447500,124913400,28782229300,334807013800,3783.0367,3886.5797,3764.7764,3749.7143
142703000,3787.9744,8049500,101455700,28790278800,334908469500,3783.0367,3886.5797,3764.7764,3749.7143
142708000,3787.6814,7800600,100848700,28798079400,335009318200,3783.0367,3886.5797,3764.7764,3749.7143
142713000,3788.4505,6738100,93056100,28804817500,335102374300,3783.0367,3886.5797,3764.7764,3749.7143
142718000,3789.4402,9786400,129897600,28814603900,335232271900,3783.0367,3886.5797,3764.7764,3749.7143
142723000,3789.5698,10068300,132503900,28824672200,335364775800,3783.0367,3886.5797,3764.7764,3749.7143
142728000,3790.7433,9799800,112936900,28834472000,335477712700,3783.0367,3886.5797,3764.7764,3749.7143
142733000,3790.7923,13552100,155664000,28848024100,335633376700,3783.0367,3886.5797,3764.7764,3749.7143
142738000,3791.0047,7803000,109477500,28855827100,335742854200,3783.0367,3886.5797,3764.7764,3749.7143
142743000,3791.0116,9104000,85494500,28864931100,335828348700,3783.0367,3886.5797,3764.7764,3749.7143
142748000,3791.9671,9439800,111547600,28874370900,335939896300,3783.0367,3886.5797,3764.7764,3749.7143
142753000,3791.6358,7362500,86273100,28881733400,336026169400,3783.0367,3886.5797,3764.7764,3749.7143
142758000,3792.7465,13315100,116337400,28895048500,336142506800,3783.0367,3886.5797,3764.7764,3749.7143
142803000,3793.4755,11847500,117404900,28906896000,336259911700,3783.0367,3886.5797,3764.7764,3749.7143
142808000,3793.5347,6384900,93643200,28913280900,336353554900,3783.0367,3886.5797,3764.7764,3749.7143
142813000,3793.8421,5549000,67866000,28918829900,336421420900,3783.0367,3886.5797,3764.7764,3749.7143
142818000,3793.9609,8370800,97280600,28927200700,336518701500,3783.0367,3886.5797,3764.7764,3749.7143
142823000,3794.1699,4887500,64870200,28932088200,336583571700,3783.0367,3886.5797,3764.7764,3749.7143
142828000,3794.0888,6178100,66538200,28938266300,336650109900,3783.0367,3886.5797,3764.7764,3749.7143
142833000,3794.6333,8069300,84505700,28946335600,336734615600,3783.0367,3886.5797,3764.7764,3749.7143
142838000,3794.5945,5774900,69390500,28952110500,336804006100,3783.0367,3886.5797,3764.7764,3749.7143
142843000,3794.7986,5049700,61639800,28957160200,336865645900,3783.0367,3886.5797,3764.7764,3749.7143
142848000,3794.8288,6242000,83213300,28963402200,336948859200,3783.0367,3886.5797,3764.7764,3749.7143
142853000,3795.4526,4476900,60312600,28967879100,337009171800,3783.0367,3886.5797,3764.7764,3749.7143
142858000,3795.6121,5469500,76019500,28973348600,337085191300,3783.0367,3886.5797,3764.7764,3749.7143
142903000,3795.6301,5711700,74372200,28979060300,337159563500,3783.0367,3886.5797,3764.7764,3749.7143
142908000,3796.1208,6173600,72757400,28985233900,337232320900,3783.0367,3886.5797,3764.7764,3749.7143
142913000,3795.9639,4664000,54609500,28989897900,337286930400,3783.0367,3886.5797,3764.7764,3749.7143
142918000,3795.7699,6843900,87414200,28996741800,337374344600,3783.0367,3886.5797,3764.7764,3749.7143
142923000,3795.8971,4779100,61071900,29001520900,337435416500,3783.0367,3886.5797,3764.7764,3749.7143
142928000,3796.315,6750200,76360000,29008271100,337511776500,3783.0367,3886.5797,3764.7764,3749.7143
142933000,3796.3074,8074900,94853100,29016346000,337606629600,3783.0367,3886.5797,3764.7764,3749.7143
142938000,3796.014,5296100,68365600,29021642100,337674995200,3783.0367,3886.5797,3764.7764,3749.7143
142943000,3796.2411,4659500,49774100,29026301600,337724769300,3783.0367,3886.5797,3764.7764,3749.7143
142948000,3796.1181,5691300,81216400,29031992900,337805985700,3783.0367,3886.5797,3764.7764,3749.7143
142953000,3796.2037,3650800,50916800,29035643700,337856902500,3783.0367,3886.5797,3764.7764,3749.7143
142958000,3796.3192,7396900,81932600,29043040600,337938835100,3783.0367,3886.5797,3764.7764,3749.7143
143003000,3795.9236,6922000,88569700,29049962600,338027404800,3783.0367,3886.5797,3764.7764,3749.7143
143008000,3796.802,6377000,87739800,29056339600,338115144600,3783.0367,3886.5797,3764.7764,3749.7143
143013000,3796.641,3878300,53719200,29060217900,338168863800,3783.0367,3886.5797,3764.7764,3749.7143
143018000,3796.6751,6759600,77644900,29066977500,338246508700,3783.0367,3886.5797,3764.7764,3749.7143
143023000,3796.7496,4167700,57329400,29071145200,338303838100,3783.0367,3886.5797,3764.7764,3749.7143
143028000,3796.741,6527500,76462800,29077672700,338380300900,3783.0367,3886.5797,3764.7764,3749.7143
143033000,3796.9159,6730200,85037300,29084402900,338465338200,3783.0367,3886.5797,3764.7764,3749.7143
143038000,3796.972,5917800,71080300,29090320700,338536418500,3783.0367,3886.5797,3764.7764,3749.7143
143043000,3796.9544,5106700,55651800,29095427400,338592070300,3783.0367,3886.5797,3764.7764,3749.7143
143048000,3797.0843,5285400,71132300,29100712800,338663202600,3783.0367,3886.5797,3764.7764,3749.7143
143053000,3797.0478,3946700,55896900,29104659500,338719099500,3783.0367,3886.5797,3764.7764,3749.7143
143058000,3797.0712,7665100,86400100,29112324600,338805499600,3783.0367,3886.5797,3764.7764,3749.7143
143103000,3797.222,8448700,97961100,29120773300,338903460700,3783.0367,3886.5797,3764.7764,3749.7143
143108000,3797.0845,5741400,82941200,29126514700,338986401900,3783.0367,3886.5797,3764.7764,3749.7143
143113000,3797.4582,3789000,50459300,29130303700,339036861200,3783.0367,3886.5797,3764.7764,3749.7143
143118000,3797.1705,6525900,85992600,29136829600,339122853800,3783.0367,3886.5797,3764.7764,3749.7143
143123000,3797.4206,5241700,59648000,29142071300,339182501800,3783.0367,3886.5797,3764.7764,3749.7143
143128000,3797.1856,5122100,68383700,29147193400,339250885500,3783.0367,3886.5797,3764.7764,3749.7143
143133000,3797.2425,6202100,76345800,29153395500,339327231300,3783.0367,3886.5797,3764.7764,3749.7143
143138000,3797.4592,6053700,75832100,29159449200,339403063400,3783.0367,3886.5797,3764.7764,3749.7143
143143000,3796.7586,6244200,70707400,29165693400,339473770800,3783.0367,3886.5797,3764.7764,3749.7143
143148000,3796.9697,6864300,84953200,29172557700,339558724000,3783.0367,3886.5797,3764.7764,3749.7143
143153000,3796.9864,5130600,65530700,29177688300,339624254700,3783.0367,3886.5797,3764.7764,3749.7143
143158000,3796.8148,7803000,93656300,29185491300,339717911000,3783.0367,3886.5797,3764.7764,3749.7143
143203000,3796.7905,8200200,115498000,29193691500,339833409000,3783.0367,3886.5797,3764.7764,3749.7143
143208000,3796.3437,5757400,80420300,29199448900,339913829300,3783.0367,3886.5797,3764.7764,3749.7143
143213000,3795.7066,7093400,97173000,29206542300,340011002300,3783.0367,3886.5797,3764.7764,3749.7143
143218000,3794.2756,11725900,130473600,29218268200,340141475900,3783.0367,3886.5797,3764.7764,3749.7143
143223000,3793.9547,8064200,94306600,29226332400,340235782500,3783.0367,3886.5797,3764.7764,3749.7143
143228000,3793.2625,9030100,129145100,29235362500,340364927600,3783.0367,3886.5797,3764.7764,3749.7143
143233000,3793.1807,9653100,113682300,29245015600,340478609900,3783.0367,3886.5797,3764.7764,3749.7143
143238000,3792.6673,8858800,115482500,29253874400,340594092400,3783.0367,3886.5797,3764.7764,3749.7143
143243000,3792.2607,6724100,90225100,29260598500,340684317500,3783.0367,3886.5797,3764.7764,3749.7143
143248000,3791.6764,9312600,115653400,29269911100,340799970900,3783.0367,3886.5797,3764.7764,3749.7143
143253000,3791.4416,7919900,109526100,29277831000,340909497000,3783.0367,3886.5797,3764.7764,3749.7143
143258000,3791.233,10013500,129606500,29287844500,341039103500,3783.0367,3886.5797,3764.7764,3749.7143
143303000,3790.6353,10263500,110345100,29298108000,341149448600,3783.0367,3886.5797,3764.7764,3749.7143
143308000,3791.277,9465500,127738000,29307573500,341277186600,3783.0367,3886.5797,3764.7764,3749.7143
143313000,3791.386,8100300,88590400,29315673800,341365777000,3783.0367,3886.5797,3764.7764,3749.7143
143318000,3791.3858,11953600,126128600,29327627400,341491905600,3783.0367,3886.5797,3764.7764,3749.7143
143323000,3791.043,5103500,59216500,29332730900,341551122100,3783.0367,3886.5797,3764.7764,3749.7143
143328000,3791.1054,8854100,100655800,29341585000,341651777900,3783.0367,3886.5797,3764.7764,3749.7143
143333000,3791.2234,9311800,92878000,29350896800,341744655900,3783.0367,3886.5797,3764.7764,3749.7143
143338000,3791.5927,6052600,106900900,29356949400,341851556800,3783.0367,3886.5797,3764.7764,3749.7143
143343000,3791.1043,6455900,68961400,29363405300,341920518200,3783.0367,3886.5797,3764.7764,3749.7143
143348000,3790.913,7891600,111004200,29371296900,342031522400,3783.0367,3886.5797,3764.7764,3749.7143
143353000,3791.1657,5280400,68759100,29376577300,342100281500,3783.0367,3886.5797,3764.7764,3749.7143
143358000,3790.6338,13171900,121540800,29389749200,342221822300,3783.0367,3886.5797,3764.7764,3749.7143
143403000,3789.9848,9134900,103903300,29398884100,342325725600,3783.0367,3886.5797,3764.7764,3749.7143
143408000,3789.9234,6093200,89932900,29404977300,342415658500,3783.0367,3886.5797,3764.7764,3749.7143
143413000,3790.1803,5297000,65538400,29410274300,342481196900,3783.0367,3886.5797,3764.7764,3749.7143
143418000,3789.7806,8662600,107629800,29418936900,342588826700,3783.0367,3886.5797,3764.7764,3749.7143
143423000,3789.9442,6890800,68397600,29425827700,342657224300,3783.0367,3886.5797,3764.7764,3749.7143
143428000,3789.7589,7492500,93073600,29433320200,342750297900,3783.0367,3886.5797,3764.7764,3749.7143
143433000,3789.6352,9160900,102367200,29442481100,342852665100,3783.0367,3886.5797,3764.7764,3749.7143
143438000,3789.2184,7348300,92937100,29449829400,342945602200,3783.0367,3886.5797,3764.7764,3749.7143
143443000,3789.1924,5422900,66020600,29455252300,343011622800,3783.0367,3886.5797,3764.7764,3749.7143
143448000,3788.896,7824400,94545600,29463076700,343106168400,3783.0367,3886.5797,3764.7764,3749.7143
143453000,3789.0708,5780700,67782000,29468857400,343173950400,3783.0367,3886.5797,3764.7764,3749.7143
143458000,3788.8369,7279600,110199000,29476137000,343284149400,3783.0367,3886.5797,3764.7764,3749.7143
143503000,3788.6691,8435900,114013400,29484572900,343398162800,3783.0367,3886.5797,3764.7764,3749.7143
143508000,3788.27,8224300,109104100,29492797200,343507266900,3783.0367,3886.5797,3764.7764,3749.7143
143513000,3787.8722,6806800,78097200,29499604000,343585364100,3783.0367,3886.5797,3764.7764,3749.7143
143518000,3787.041,13324700,140381300,29512928700,343725745400,3783.0367,3886.5797,3764.7764,3749.7143
143523000,3787.2193,6829800,96656200,29519758500,343822401600,3783.0367,3886.5797,3764.7764,3749.7143
143528000,3786.1409,10293100,119462000,29530051600,343941863600,3783.0367,3886.5797,3764.7764,3749.7143
143533000,3785.771,14740300,178581100,29544791900,344120444700,3783.0367,3886.5797,3764.7764,3749.7143
143538000,3784.683,11503100,155252500,29556295000,344275697200,3783.0367,3886.5797,3764.7764,3749.7143
143543000,3783.7132,10723500,138920700,29567018500,344414617900,3783.0367,3886.5797,3764.7764,3749.7143
143548000,3783.4686,22498500,198113800,29589517000,344612731700,3783.0367,3886.5797,3764.7764,3749.7143
143553000,3782.919,12828800,159981000,29602345800,344772712700,3783.0367,3886.5797,3764.7764,3749.7143
143558000,3782.0431,12466500,153002400,29614812300,344925715100,3783.0367,3886.5797,3764.7764,3749.7143
143603000,3781.579,16129300,170597700,29630941600,345096312800,3783.0367,3886.5797,3764.7764,3749.7143
143608000,3780.4273,17972400,214273400,29648914000,345310586200,3783.0367,3886.5797,3764.7764,3749.7143
143613000,3780.2199,12939500,132967400,29661853500,345443553600,3783.0367,3886.5797,3764.7764,3749.7143
143618000,3779.6002,19084200,198633000,29680937700,345642186600,3783.0367,3886.5797,3764.7764,3749.7143
143623000,3779.1687,11203600,138042700,29692141300,345780229300,3783.0367,3886.5797,3764.7764,3749.7143
143628000,3779.1596,15778400,154685900,29707919700,345934915200,3783.0367,3886.5797,3764.7764,3749.7143
143633000,3778.8743,13484600,182054100,29721404300,346116969300,3783.0367,3886.5797,3764.7764,3749.7143
143638000,3778.6964,15190100,202325000,29736594400,346319294300,3783.0367,3886.5797,3764.7764,3749.7143
143643000,3778.4394,12193800,141439300,29748788200,346460733600,3783.0367,3886.5797,3764.7764,3749.7143
143648000,3777.9757,15335400,161884200,29764123600,346622617800,3783.0367,3886.5797,3764.7764,3749.7143
143653000,3777.5908,10334000,131613900,29774457600,346754231700,3783.0367,3886.5797,3764.7764,3749.7143
143658000,3776.9177,12345900,141105800,29786803500,346895337500,3783.0367,3886.5797,3764.7764,3749.7143
143703000,3777.1551,12828400,165799600,29799631900,347061137100,3783.0367,3886.5797,3764.7764,3749.7143
143708000,3776.2045,12582000,149051800,29812213900,347210188900,3783.0367,3886.5797,3764.7764,3749.7143
143713000,3776.0338,11450400,131302700,29823664300,347341491600,3783.0367,3886.5797,3764.7764,3749.7143
143718000,3776.1437,14345600,170481300,29838009900,347511972900,3783.0367,3886.5797,3764.7764,3749.7143
143723000,3775.6851,9852300,121511800,29847862200,347633484700,3783.0367,3886.5797,3764.7764,3749.7143
143728000,3775.4507,13419300,158804400,29861281500,347792289100,3783.0367,3886.5797,3764.7764,3749.7143
143733000,3775.3821,18427900,189196600,29879709400,347981485700,3783.0367,3886.5797,3764.7764,3749.7143
143738000,3775.0112,15312900,173633000,29895022300,348155118700,3783.0367,3886.5797,3764.7764,3749.7143
143743000,3774.7103,9225900,97580100,29904248200,348252698800,3783.0367,3886.5797,3764.7764,3749.7143
143748000,3774.8392,12420500,152017400,29916668700,348404716200,3783.0367,3886.5797,3764.7764,3749.7143
143753000,3774.7276,10235000,115837500,29926903700,348520553700,3783.0367,3886.5797,3764.7764,3749.7143
143758000,3774.8891,14392500,170381700,29941296200,348690935400,3783.0367,3886.5797,3764.7764,3749.7143
143803000,3774.464,14237200,164462900,29955533400,348855398300,3783.0367,3886.5797,3764.7764,3749.7143
143808000,3774.4221,13524600,167241300,29969058000,349022639600,3783.0367,3886.5797,3764.7764,3749.7143
143813000,3774.2385,9865700,113987900,29978923700,349136627500,3783.0367,3886.5797,3764.7764,3749.7143
143818000,3773.9312,17735800,185891400,29996659500,349322518900,3783.0367,3886.5797,3764.7764,3749.7143
143823000,3773.8102,11328500,111235100,30007988000,349433754000,3783.0367,3886.5797,3764.7764,3749.7143
143828000,3773.748,12098200,126396800,30020086200,349560150800,3783.0367,3886.5797,3764.7764,3749.7143
143833000,3773.2842,16052200,156593100,30036138400,349716743900,3783.0367,3886.5797,3764.7764,3749.7143
143838000,3773.263,11667800,125206100,30047806200,349841950000,3783.0367,3886.5797,3764.7764,3749.7143
143843000,3772.8427,8574100,100309000,30056380300,349942259000,3783.0367,3886.5797,3764.7764,3749.7143
143848000,3773.1295,10852900,137245800,30067233200,350079504800,3783.0367,3886.5797,3764.7764,3749.7143
143853000,3772.8737,10961000,116640100,30078194200,350196144900,3783.0367,3886.5797,3764.7764,3749.7143
143858000,3773.0331,14390100,165001100,30092584300,350361146000,3783.0367,3886.5797,3764.7764,3749.7143
143903000,3773.0652,10925900,129978300,30103510200,350491124300,3783.0367,3886.5797,3764.7764,3749.7143
143908000,3772.588,11721400,145911500,30115231600,350637035800,3783.0367,3886.5797,3764.7764,3749.7143
143913000,3772.2824,9238600,91532300,30124470200,350728568100,3783.0367,3886.5797,3764.7764,3749.7143
143918000,3772.6326,11367300,134116400,30135837500,350862684500,3783.0367,3886.5797,3764.7764,3749.7143
143923000,3772.1545,11208600,136549700,30147046100,350999234200,3783.0367,3886.5797,3764.7764,3749.7143
143928000,3772.2532,11588400,124311800,30158634500,351123546000,3783.0367,3886.5797,3764.7764,3749.7143
143933000,3772.1671,10402300,129791300,30169036800,351253337300,3783.0367,3886.5797,3764.7764,3749.7143
143938000,3772.1089,10757200,115504200,30179794000,351368841500,3783.0367,3886.5797,3764.7764,3749.7143
143943000,3771.9281,8849400,88920500,30188643400,351457762000,3783.0367,3886.5797,3764.7764,3749.7143
143948000,3771.69,10724200,137017500,30199367600,351594779500,3783.0367,3886.5797,3764.7764,3749.7143
143953000,3771.3772,7647800,93012300,30207015400,351687791800,3783.0367,3886.5797,3764.7764,3749.7143
143958000,3771.4923,16235600,159729500,30223251000,351847521300,3783.0367,3886.5797,3764.7764,3749.7143
144003000,3771.0411,9341800,119574400,30232592800,351967095700,3783.0367,3886.5797,3764.7764,3749.7143
144008000,3770.9963,12161300,164719300,30244754100,352131815000,3783.0367,3886.5797,3764.7764,3749.7143
144013000,3771.0323,9542600,111501200,30254296700,352243316200,3783.0367,3886.5797,3764.7764,3749.7143
144018000,3770.4913,13789100,161950100,30268085800,352405266300,3783.0367,3886.5797,3764.7764,3749.7143
144023000,3770.5138,8788500,112274100,30276874300,352517540400,3783.0367,3886.5797,3764.7764,3749.7143
144028000,3770.1157,13505700,157442900,30290380000,352674983300,3783.0367,3886.5797,3764.7764,3749.7143
144033000,3770.2892,11801100,140478600,30302181100,352815461900,3783.0367,3886.5797,3764.7764,3749.7143
144038000,3769.7423,9535300,117776500,30311716400,352933238400,3783.0367,3886.5797,3764.7764,3749.7143
144043000,3769.9644,9370700,127067900,30321087100,353060306300,3783.0367,3886.5797,3764.7764,3749.7143
144048000,3769.8536,10484300,124437800,30331571400,353184744100,3783.0367,3886.5797,3764.7764,3749.7143
144053000,3769.6927,8570500,95488900,30340141900,353280233000,3783.0367,3886.5797,3764.7764,3749.7143
144058000,3769.227,11807600,150852400,30351949500,353431085400,3783.0367,3886.5797,3764.7764,3749.7143
144103000,3769.0563,12374600,142015500,30364324100,353573100900,3783.0367,3886.5797,3764.7764,3749.7143
144108000,3769.321,12250000,153630300,30376574100,353726731200,3783.0367,3886.5797,3764.7764,3749.7143
144113000,3769.4189,7840200,89041300,30384414300,353815772500,3783.0367,3886.5797,3764.7764,3749.7143
144118000,3769.4293,12575200,147175100,30396989500,353962947600,3783.0367,3886.5797,3764.7764,3749.7143
144123000,3769.4135,8518900,92167600,30405508400,354055115200,3783.0367,3886.5797,3764.7764,3749.7143
144128000,3769.7422,8638000,107567400,30414146400,354162682600,3783.0367,3886.5797,3764.7764,3749.7143
144133000,3769.6506,8664000,117458700,30422810400,354280141300,3783.0367,3886.5797,3764.7764,3749.7143
144138000,3769.5837,10354900,122222900,30433165300,354402364200,3783.0367,3886.5797,3764.7764,3749.7143
144143000,3769.553,7342100,90153600,30440507400,354492517800,3783.0367,3886.5797,3764.7764,3749.7143
144148000,3769.9597,12141200,149778400,30452648600,354642296200,3783.0367,3886.5797,3764.7764,3749.7143
144153000,3770.0713,7358000,93948100,30460006600,354736244300,3783.0367,3886.5797,3764.7764,3749.7143
144158000,3770.2463,9185800,115070600,30469192400,354851314900,3783.0367,3886.5797,3764.7764,3749.7143
144203000,3770.5685,10779200,128168300,30479971600,354979483200,3783.0367,3886.5797,3764.7764,3749.7143
144208000,3770.8893,12735300,148222000,30492706900,355127705200,3783.0367,3886.5797,3764.7764,3749.7143
144213000,3770.9974,7855800,92951300,30500562700,355220656500,3783.0367,3886.5797,3764.7764,3749.7143
144218000,3771.3793,10461000,125456000,30511023700,355346112500,3783.0367,3886.5797,3764.7764,3749.7143
144223000,3771.4497,11600900,129500600,30522624600,355475613100,3783.0367,3886.5797,3764.7764,3749.7143
144228000,3772.4459,11007400,129385800,30533632000,355604998900,3783.0367,3886.5797,3764.7764,3749.7143
144233000,3772.7935,11163600,131763900,30544795600,355736762800,3783.0367,3886.5797,3764.7764,3749.7143
144238000,3773.4007,12945100,129155000,30557740700,355865917800,3783.0367,3886.5797,3764.7764,3749.7143
144243000,3773.209,8801000,103101100,30566541700,355969018900,3783.0367,3886.5797,3764.7764,3749.7143
144248000,3774.1174,11551700,121696900,30578093400,356090715800,3783.0367,3886.5797,3764.7764,3749.7143
144253000,3774.1316,9728100,94206400,30587821500,356184922200,3783.0367,3886.5797,3764.7764,3749.7143
144258000,3774.9022,13075200,131423200,30600896700,356316345400,3783.0367,3886.5797,3764.7764,3749.7143
144303000,3775.179,10271800,123334300,30611168500,356439679700,3783.0367,3886.5797,3764.7764,3749.7143
144308000,3775.6033,9073300,109337200,30620241800,356549016900,3783.0367,3886.5797,3764.7764,3749.7143
144313000,3775.863,8749600,93144300,30628991400,356642161200,3783.0367,3886.5797,3764.7764,3749.7143
144318000,3776.5095,8932800,107683700,30637924200,356749844900,3783.0367,3886.5797,3764.7764,3749.7143
144323000,3776.1685,10068800,116258600,30647993000,356866103500,3783.0367,3886.5797,3764.7764,3749.7143
144328000,3776.7816,9217900,98220400,30657210900,356964323900,3783.0367,3886.5797,3764.7764,3749.7143
144333000,3777.1582,9888200,109734200,30667099100,357074058100,3783.0367,3886.5797,3764.7764,3749.7143
144338000,3777.3333,9683700,98050900,30676782800,357172109000,3783.0367,3886.5797,3764.7764,3749.7143
144343000,3777.7708,6003400,74101700,30682786200,357246210700,3783.0367,3886.5797,3764.7764,3749.7143
144348000,3778.0141,7988400,98872100,30690774600,357345082800,3783.0367,3886.5797,3764.7764,3749.7143
144353000,3778.2298,7398000,71274100,30698172600,357416356900,3783.0367,3886.5797,3764.7764,3749.7143
144358000,3778.1428,9175800,98257600,30707348400,357514614500,3783.0367,3886.5797,3764.7764,3749.7143
144403000,3778.6438,8722800,92499500,30716071200,357607114000,3783.0367,3886.5797,3764.7764,3749.7143
144408000,3779.0592,9799300,101995600,30725870500,357709109600,3783.0367,3886.5797,3764.7764,3749.7143
144413000,3778.9758,7122700,77290300,30732993200,357786399900,3783.0367,3886.5797,3764.7764,3749.7143
144418000,3779.4444,8428700,100866200,30741421900,357887266100,3783.0367,3886.5797,3764.7764,3749.7143
144423000,3779.6098,7082400,83878300,30748504300,357971144400,3783.0367,3886.5797,3764.7764,3749.7143
144428000,3779.6195,9917500,101236000,30758421800,358072380400,3783.0367,3886.5797,3764.7764,3749.7143
144433000,3779.604,7773000,98414300,30766194800,358170794700,3783.0367,3886.5797,3764.7764,3749.7143
144438000,3779.8305,9550800,110722700,30775745600,358281517400,3783.0367,3886.5797,3764.7764,3749.7143
144443000,3780.1933,6841200,77007600,30782586800,358358525000,3783.0367,3886.5797,3764.7764,3749.7143
144448000,3780.3568,9195500,108827500,30791782300,358467352500,3783.0367,3886.5797,3764.7764,3749.7143
144453000,3780.8134,5222900,63217100,30797005200,358530569600,3783.0367,3886.5797,3764.7764,3749.7143
144458000,3781.103,7785200,86497400,30804790400,358617067000,3783.0367,3886.5797,3764.7764,3749.7143
144503000,3781.2591,8499900,92787900,30813290300,358709854900,3783.0367,3886.5797,3764.7764,3749.7143
144508000,3781.4207,7585100,90201800,30820875400,358800056700,3783.0367,3886.5797,3764.7764,3749.7143
144513000,3781.5455,6041800,70449500,30826917200,358870506200,3783.0367,3886.5797,3764.7764,3749.7143
144518000,3782.0276,6906600,93752100,30833823800,358964258300,3783.0367,3886.5797,3764.7764,3749.7143
144523000,3781.6843,5648500,66609000,30839472300,359030867300,3783.0367,3886.5797,3764.7764,3749.7143
144528000,3782.4622,8977800,105962400,30848450100,359136829700,3783.0367,3886.5797,3764.7764,3749.7143
144533000,3781.9433,7604000,104354500,30856054100,359241184200,3783.0367,3886.5797,3764.7764,3749.7143
144538000,3782.8096,7414900,94060800,30863469000,359335245000,3783.0367,3886.5797,3764.7764,3749.7143
144543000,3782.5996,6312800,72734700,30869781800,359407979700,3783.0367,3886.5797,3764.7764,3749.7143
144548000,3783.0648,6943800,88464900,30876725600,359496444600,3783.0367,3886.5797,3764.7764,3749.7143
144553000,3783.3487,6981900,87420900,30883707500,359583865500,3783.0367,3886.5797,3764.7764,3749.7143
144558000,3783.0514,7163900,84561200,30890871400,359668426700,3783.0367,3886.5797,3764.7764,3749.7143
144603000,3783.6703,8251500,90823100,30899122900,359759249800,3783.0367,3886.5797,3764.7764,3749.7143
144608000,3783.8725,7437100,86393700,30906560000,359845643500,3783.0367,3886.5797,3764.7764,3749.7143
144613000,3784.1583,6487400,73856800,30913047400,359919500300,3783.0367,3886.5797,3764.7764,3749.7143
144618000,3784.2905,8750000,101276100,30921797400,360020776400,3783.0367,3886.5797,3764.7764,3749.7143
144623000,3784.047,4593900,62135700,30926391300,360082912100,3783.0367,3886.5797,3764.7764,3749.7143
144628000,3784.4538,6162600,82672300,30932553900,360165584400,3783.0367,3886.5797,3764.7764,3749.7143
144633000,3784.1248,7648200,84608700,30940202100,360250193100,3783.0367,3886.5797,3764.7764,3749.7143
144638000,3784.1819,8995600,114751800,30949197700,360364944900,3783.0367,3886.5797,3764.7764,3749.7143
144643000,3784.2013,7572600,78262000,30956770300,360443206900,3783.0367,3886.5797,3764.7764,3749.7143
144648000,3784.4913,7533600,86493200,30964303900,360529700100,3783.0367,3886.5797,3764.7764,3749.7143
144653000,3784.3688,5638100,67679000,30969942000,360597379100,3783.0367,3886.5797,3764.7764,3749.7143
144658000,3784.6518,6406100,86346700,30976348100,360683725800,3783.0367,3886.5797,3764.7764,3749.7143
144703000,3784.4877,7860200,83946100,30984208300,360767671900,3783.0367,3886.5797,3764.7764,3749.7143
144708000,3784.7212,9760900,119864800,30993969200,360887536700,3783.0367,3886.5797,3764.7764,3749.7143
144713000,3784.9138,6517600,79912100,31000486800,360967448800,3783.0367,3886.5797,3764.7764,3749.7143
144718000,3785.1357,7984600,88016800,31008471400,361055465600,3783.0367,3886.5797,3764.7764,3749.7143
144723000,3784.471,6320700,77556300,31014792100,361133021900,3783.0367,3886.5797,3764.7764,3749.7143
144728000,3784.3154,8124300,109297600,31022916400,361242319500,3783.0367,3886.5797,3764.7764,3749.7143
144733000,3784.5232,8490400,99896000,31031406800,361342215500,3783.0367,3886.5797,3764.7764,3749.7143
144738000,3784.566,8168000,96895600,31039574800,361439111100,3783.0367,3886.5797,3764.7764,3749.7143
144743000,3784.4384,6310800,69306400,31045885600,361508417500,3783.0367,3886.5797,3764.7764,3749.7143
144748000,3784.073,7835900,96887700,31053721500,361605305200,3783.0367,3886.5797,3764.7764,3749.7143
144753000,3784.419,7789500,80999400,31061511000,361686304600,3783.0367,3886.5797,3764.7764,3749.7143
144758000,3784.1175,8469100,101768700,31069980100,361788073300,3783.0367,3886.5797,3764.7764,3749.7143
144803000,3784.1666,10354100,113250400,31080334200,361901323700,3783.0367,3886.5797,3764.7764,3749.7143
144808000,3784.0298,9644200,100761100,31089978400,362002084800,3783.0367,3886.5797,3764.7764,3749.7143
144813000,3784.1304,5813900,70335300,31095792300,362072420100,3783.0367,3886.5797,3764.7764,3749.7143
144818000,3784.0787,7264400,86865700,31103056700,362159285800,3783.0367,3886.5797,3764.7764,3749.7143
144823000,3783.8045,6078900,73671600,31109135600,362232957400,3783.0367,3886.5797,3764.7764,3749.7143
144828000,3783.7557,8026700,97126300,31117162300,362330083700,3783.0367,3886.5797,3764.7764,3749.7143
144833000,3783.9801,8129700,96369400,31125292000,362426453100,3783.0367,3886.5797,3764.7764,3749.7143
144838000,3784.123,7858800,93135800,31133150800,362519588900,3783.0367,3886.5797,3764.7764,3749.7143
144843000,3783.8979,6992200,72655800,31140143000,362592244700,3783.0367,3886.5797,3764.7764,3749.7143
144848000,3783.8972,8948600,113737000,31149091600,362705981700,3783.0367,3886.5797,3764.7764,3749.7143
144853000,3784.1565,6534100,83914400,31155625700,362789896100,3783.0367,3886.5797,3764.7764,3749.7143
144858000,3784.1857,8106300,97552600,31163732000,362887448700,3783.0367,3886.5797,3764.7764,3749.7143
144903000,3783.995,8270200,94007800,31172002200,362981456500,3783.0367,3886.5797,3764.7764,3749.7143
144908000,3784.1633,8102400,101557300,31180104600,363083013800,3783.0367,3886.5797,3764.7764,3749.7143
144913000,3784.128,7488800,76809900,31187593400,363159823700,3783.0367,3886.5797,3764.7764,3749.7143
144918000,3784.0381,7148600,83160200,31194742000,363242983900,3783.0367,3886.5797,3764.7764,3749.7143
144923000,3784.5834,7083800,83447600,31201825800,363326431500,3783.0367,3886.5797,3764.7764,3749.7143
144928000,3784.293,9333500,121029500,31211159300,363447461000,3783.0367,3886.5797,3764.7764,3749.7143
144933000,3784.3309,9938600,114575600,31221097900,363562036600,3783.0367,3886.5797,3764.7764,3749.7143
144938000,3784.2883,8291700,103063700,31229389600,363665100300,3783.0367,3886.5797,3764.7764,3749.7143
144943000,3784.2268,6512100,73353900,31235901700,363738454200,3783.0367,3886.5797,3764.7764,3749.7143
144948000,3784.5955,6506200,91040400,31242407900,363829494600,3783.0367,3886.5797,3764.7764,3749.7143
144953000,3784.4821,6969800,94935100,31249377700,363924429700,3783.0367,3886.5797,3764.7764,3749.7143
144958000,3784.6409,7618300,96733100,31256996000,364021162800,3783.0367,3886.5797,3764.7764,3749.7143
145003000,3784.546,8021100,91263000,31265017100,364112425800,3783.0367,3886.5797,3764.7764,3749.7143
145008000,3785.0165,8343600,102465700,31273360700,364214891500,3783.0367,3886.5797,3764.7764,3749.7143
145013000,3784.7468,8065400,94682200,31281426100,364309573700,3783.0367,3886.5797,3764.7764,3749.7143
145018000,3784.6702,11817500,136491700,31293243600,364446065400,3783.0367,3886.5797,3764.7764,3749.7143
145023000,3784.6834,7038600,78629700,31300282200,364524695100,3783.0367,3886.5797,3764.7764,3749.7143
145028000,3785.5371,8937700,106787600,31309219900,364631482700,3783.0367,3886.5797,3764.7764,3749.7143
145033000,3785.072,8916200,111195100,31318136100,364742677800,3783.0367,3886.5797,3764.7764,3749.7143
145038000,3784.4922,8166900,103239000,31326303000,364845916800,3783.0367,3886.5797,3764.7764,3749.7143
145043000,3785.091,8391100,94194200,31334694100,364940111000,3783.0367,3886.5797,3764.7764,3749.7143
145048000,3785.1993,9281800,121231000,31343975900,365061342000,3783.0367,3886.5797,3764.7764,3749.7143
145053000,3785.0499,8512700,94807300,31352488600,365156149300,3783.0367,3886.5797,3764.7764,3749.7143
145058000,3785.0209,8629800,98850900,31361118400,365255000200,3783.0367,3886.5797,3764.7764,3749.7143
145103000,3785.6811,9469500,99920500,31370587900,365354920700,3783.0367,3886.5797,3764.7764,3749.7143
145108000,3785.6997,9536700,96751500,31380124600,365451672200,3783.0367,3886.5797,3764.7764,3749.7143
145113000,3785.9306,9210200,95106700,31389334800,365546778900,3783.0367,3886.5797,3764.7764,3749.7143
145118000,3785.8699,11216500,142447300,31400551300,365689226200,3783.0367,3886.5797,3764.7764,3749.7143
145123000,3786.3533,6405000,79972300,31406956300,365769198500,3783.0367,3886.5797,3764.7764,3749.7143
145128000,3786.3222,8254200,98151700,31415210500,365867350200,3783.0367,3886.5797,3764.7764,3749.7143
145133000,3786.3618,9127100,111910800,31424337600,365979261000,3783.0367,3886.5797,3764.7764,3749.7143
145138000,3786.5103,9590500,109871200,31433928100,366089132200,3783.0367,3886.5797,3764.7764,3749.7143
145143000,3786.5379,6602400,85727500,31440530500,366174859700,3783.0367,3886.5797,3764.7764,3749.7143
145148000,3786.9657,9425900,119454500,31449956400,366294314200,3783.0367,3886.5797,3764.7764,3749.7143
145153000,3786.7129,6512200,85975100,31456468600,366380289300,3783.0367,3886.5797,3764.7764,3749.7143
145158000,3786.5954,8192400,95578700,31464661000,366475868000,3783.0367,3886.5797,3764.7764,3749.7143
145203000,3787.0333,9137500,102684400,31473798500,366578552400,3783.0367,3886.5797,3764.7764,3749.7143
145208000,3786.9136,7676800,93926100,31481475300,366672478500,3783.0367,3886.5797,3764.7764,3749.7143
145213000,3787.3536,7295900,90391600,31488771200,366762870100,3783.0367,3886.5797,3764.7764,3749.7143
145218000,3787.3096,7630400,104280400,31496401600,366867150500,3783.0367,3886.5797,3764.7764,3749.7143
145223000,3787.3043,7010300,77236400,31503411900,366944386900,3783.0367,3886.5797,3764.7764,3749.7143
145228000,3787.4526,8480900,100745400,31511892800,367045132300,3783.0367,3886.5797,3764.7764,3749.7143
145233000,3787.6813,9404300,109967300,31521297100,367155099600,3783.0367,3886.5797,3764.7764,3749.7143
145238000,3787.7505,11664100,116801100,31532961200,367271900700,3783.0367,3886.5797,3764.7764,3749.7143
145243000,3787.5989,6569800,80748400,31539531000,367352649100,3783.0367,3886.5797,3764.7764,3749.7143
145248000,3788.1402,11699900,134427600,31551230900,367487076700,3783.0367,3886.5797,3764.7764,3749.7143
145253000,3788.0588,8786300,89625600,31560017200,367576702300,3783.0367,3886.5797,3764.7764,3749.7143
145258000,3788.6934,12125700,112812200,31572142900,367689514500,3783.0367,3886.5797,3764.7764,3749.7143
145303000,3788.3638,11973900,127585200,31584116800,367817099700,3783.0367,3886.5797,3764.7764,3749.7143
145308000,3788.2064,12480200,120576800,31596597000,367937676500,3783.0367,3886.5797,3764.7764,3749.7143
145313000,3788.5125,8689900,87893800,31605286900,368025570300,3783.0367,3886.5797,3764.7764,3749.7143
145318000,3788.3859,13157000,135292300,31618443900,368160862600,3783.0367,3886.5797,3764.7764,3749.7143
145323000,3788.5995,9996200,114581100,31628440100,368275443700,3783.0367,3886.5797,3764.7764,3749.7143
145328000,3788.7427,8818500,109289600,31637258600,368384733300,3783.0367,3886.5797,3764.7764,3749.7143
145333000,3788.56,10586900,119658300,31647845500,368504391600,3783.0367,3886.5797,3764.7764,3749.7143
145338000,3787.9284,9501000,112312000,31657346500,368616703600,3783.0367,3886.5797,3764.7764,3749.7143
145343000,3788.2589,9894900,100280000,31667241400,368716983600,3783.0367,3886.5797,3764.7764,3749.7143
145348000,3788.2538,10468000,118890700,31677709400,368835874300,3783.0367,3886.5797,3764.7764,3749.7143
145353000,3788.6352,8298100,95639800,31686007500,368931514100,3783.0367,3886.5797,3764.7764,3749.7143
145358000,3788.393,11893300,122624200,31697900800,369054138300,3783.0367,3886.5797,3764.7764,3749.7143
145403000,3788.6305,10612100,140033600,31708512900,369194171900,3783.0367,3886.5797,3764.7764,3749.7143
145408000,3788.2801,9868100,118060200,31718381000,369312232100,3783.0367,3886.5797,3764.7764,3749.7143
145413000,3788.142,7140800,85236300,31725521800,369397468400,3783.0367,3886.5797,3764.7764,3749.7143
145418000,3788.9283,11604100,128904700,31737125900,369526373100,3783.0367,3886.5797,3764.7764,3749.7143
145423000,3788.4586,8244300,97804700,31745370200,369624177800,3783.0367,3886.5797,3764.7764,3749.7143
145428000,3788.4103,9414400,120756400,31754784600,369744934200,3783.0367,3886.5797,3764.7764,3749.7143
145433000,3788.4937,11025200,120981700,31765809800,369865915900,3783.0367,3886.5797,3764.7764,3749.7143
145438000,3788.6387,12182700,130088600,31777992500,369996004500,3783.0367,3886.5797,3764.7764,3749.7143
145443000,3788.8884,8784000,97841000,31786776500,370093845500,3783.0367,3886.5797,3764.7764,3749.7143
145448000,3788.7011,16572700,148527600,31803349200,370242373100,3783.0367,3886.5797,3764.7764,3749.7143
145453000,3789.2177,9703300,98528700,31813052500,370340901800,3783.0367,3886.5797,3764.7764,3749.7143
145458000,3788.8343,11334400,119522700,31824386900,370460424500,3783.0367,3886.5797,3764.7764,3749.7143
145503000,3789.4376,13160600,145813000,31837547500,370606237500,3783.0367,3886.5797,3764.7764,3749.7143
145508000,3789.1234,12274000,129810000,31849821500,370736047500,3783.0367,3886.5797,3764.7764,3749.7143
145513000,3789.4831,8310700,86120500,31858132200,370822168000,3783.0367,3886.5797,3764.7764,3749.7143
145518000,3789.1048,10309700,117776300,31868441900,370939944300,3783.0367,3886.5797,3764.7764,3749.7143
145523000,3789.3848,7202000,86733100,31875643900,371026677400,3783.0367,3886.5797,3764.7764,3749.7143
145528000,3789.3878,11787400,124510600,31887431300,371151188000,3783.0367,3886.5797,3764.7764,3749.7143
145533000,3789.2978,11607600,134643700,31899038900,371285831700,3783.0367,3886.5797,3764.7764,3749.7143
145538000,3789.9958,14259300,173268400,31913298200,371459100100,3783.0367,3886.5797,3764.7764,3749.7143
145543000,3790.062,9710500,97465000,31923008700,371556565100,3783.0367,3886.5797,3764.7764,3749.7143
145548000,3790.1255,10917300,121648400,31933926000,371678213500,3783.0367,3886.5797,3764.7764,3749.7143
145553000,3790.0873,14170700,126133000,31948096700,371804346500,3783.0367,3886.5797,3764.7764,3749.7143
145558000,3789.9941,11114700,139060800,31959211400,371943407300,3783.0367,3886.5797,3764.7764,3749.7143
145603000,3790.2555,13747900,144051300,31972959300,372087458600,3783.0367,3886.5797,3764.7764,3749.7143
145608000,3790.7825,12170700,133020900,31985130000,372220479500,3783.0367,3886.5797,3764.7764,3749.7143
145613000,3790.535,9408400,94036600,31994538400,372314516100,3783.0367,3886.5797,3764.7764,3749.7143
145618000,3790.7469,13518600,150133200,32008057000,372464649300,3783.0367,3886.5797,3764.7764,3749.7143
145623000,3791.0322,13230100,129739200,32021287100,372594388500,3783.0367,3886.5797,3764.7764,3749.7143
145628000,3790.6765,12528500,139596400,32033815600,372733984900,3783.0367,3886.5797,3764.7764,3749.7143
145633000,3790.9644,12693500,147083400,32046509100,372881068300,3783.0367,3886.5797,3764.7764,3749.7143
145638000,3791.6628,12804800,139502700,32059313900,373020571000,3783.0367,3886.5797,3764.7764,3749.7143
145643000,3791.2333,9210100,98567000,32068524000,373119138000,3783.0367,3886.5797,3764.7764,3749.7143
145648000,3791.3254,12838700,139597400,32081362700,373258735400,3783.0367,3886.5797,3764.7764,3749.7143
145653000,3791.0276,10421000,105768400,32091783700,373364503800,3783.0367,3886.5797,3764.7764,3749.7143
145658000,3791.9313,10535600,122017800,32102319300,373486521600,3783.0367,3886.5797,3764.7764,3749.7143
145703000,3791.7206,8330400,117618700,32110649700,373604140300,3783.0367,3886.5797,3764.7764,3749.7143
145708000,3791.7208,258300,4887800,32110908000,373609028100,3783.0367,3886.5797,3764.7764,3749.7143
150003000,3792.1343,41910500,534843700,32152818500,374143871800,3783.0367,3886.5797,3764.7764,3749.7143
150008000,3793.9774,177918000,2116206100,32330736500,376260077900,3783.0367,3886.5797,3764.7764,3749.7143
150013000,3794.104,18276100,137206800,32349012600,376397284700,3783.0367,3886.5797,3764.7764,3749.7143
