Time,Price,Volume,Turnover,AccVolume,AccTurnover,Open,High,Low,PreClose
92508000,3065.2307,83980900,894356800,83980900,894356800,3065.2307,3065.2307,3065.2307,3047.7035
93000000,3065.2793,4093600,34562600,88074500,928919400,3065.2307,3065.2793,3065.1632,3047.7035
93005000,3066.1316,64530400,675110100,152604900,1604029500,3065.2307,3066.4384,3065.1632,3047.7035
93010000,3066.8402,24447500,225682100,177052400,1829711600,3065.2307,3066.8838,3065.1632,3047.7035
93015000,3066.9892,7897000,81481800,184949400,1911193400,3065.2307,3066.9892,3065.1632,3047.7035
93020000,3066.9993,9697500,111900100,194646900,2023093500,3065.2307,3067.1274,3065.1632,3047.7035
93025000,3066.799,8952100,108759300,203599000,2131852800,3065.2307,3067.1274,3065.1632,3047.7035
93030000,3066.699,9383700,107773000,212982700,2239625800,3065.2307,3067.1274,3065.1632,3047.7035
93035000,3066.8188,6578900,79842800,219561600,2319468600,3065.2307,3067.1274,3065.1632,3047.7035
93040000,3066.9577,9455000,99492400,229016600,2418961000,3065.2307,3067.2835,3065.1632,3047.7035
93045000,3067.2384,6348900,61301000,235365500,2480262000,3065.2307,3067.2835,3065.1632,3047.7035
93050000,3067.1532,10029500,103008400,245395000,2583270400,3065.2307,3067.2835,3065.1632,3047.7035
93055000,3067.1188,9711900,98818000,255106900,2682088400,3065.2307,3067.386,3065.1632,3047.7035
93100000,3067.3441,7630400,97094100,262737300,2779182500,3065.2307,3067.386,3065.1632,3047.7035
93105000,3067.4757,8557700,86040900,271295000,2865223400,3065.2307,3067.4757,3065.1632,3047.7035
93110000,3067.2216,9790600,128787900,281085600,2994011300,3065.2307,3067.4757,3065.1632,3047.7035
93115000,3066.639,6654300,70289700,287739900,3064301000,3065.2307,3067.4757,3065.1632,3047.7035
93120000,3065.9583,8119500,107216900,295859400,3171517900,3065.2307,3067.4757,3065.1632,3047.7035
93125000,3065.4106,8613900,109836900,304473300,3281354800,3065.2307,3067.4757,3065.1632,3047.7035
93130000,3064.8936,8489000,93508900,312962300,3374863700,3065.2307,3067.4757,3064.8936,3047.7035
93135000,3064.7,7385900,89698000,320348200,3464561700,3065.2307,3067.4757,3064.6523,3047.7035
93140000,3064.2208,10160100,125336700,330508300,3589898400,3065.2307,3067.4757,3063.9367,3047.7035
93145000,3063.5566,6387300,72054200,336895600,3661952600,3065.2307,3067.4757,3063.5188,3047.7035
93150000,3063.005,7847900,91699700,344743500,3753652300,3065.2307,3067.4757,3063.005,3047.7035
93155000,3063.0579,7981200,101864600,352724700,3855516900,3065.2307,3067.4757,3063.005,3047.7035
93200000,3062.8858,7049600,74854900,359774300,3930371800,3065.2307,3067.4757,3062.8858,3047.7035
93205000,3063.2218,7421400,83259500,367195700,4013631300,3065.2307,3067.4757,3062.8858,3047.7035
93210000,3062.9449,8448300,98840300,375644000,4112471600,3065.2307,3067.4757,3062.8474,3047.7035
93215000,3063.1169,5524300,62572200,381168300,4175043800,3065.2307,3067.4757,3062.8474,3047.7035
93220000,3064.4374,10068100,118113500,391236400,4293157300,3065.2307,3067.4757,3062.8474,3047.7035
93225000,3065.1311,10301100,136544300,401537500,4429701600,3065.2307,3067.4757,3062.8474,3047.7035
93230000,3065.0666,8307300,110635500,409844800,4540337100,3065.2307,3067.4757,3062.8474,3047.7035
93235000,3065.965,6741400,68431200,416586200,4608768300,3065.2307,3067.4757,3062.8474,3047.7035
93240000,3065.7242,6961100,80182100,423547300,4688950400,3065.2307,3067.4757,3062.8474,3047.7035
93245000,3066.5625,6494800,68484600,430042100,4757435000,3065.2307,3067.4757,3062.8474,3047.7035
93250000,3067.533,10781000,109455800,440823100,4866890800,3065.2307,3067.533,3062.8474,3047.7035
93255000,3068.1181,8453900,105558400,449277000,4972449200,3065.2307,3068.8846,3062.8474,3047.7035
93300000,3068.8584,7025000,88751000,456302000,5061200200,3065.2307,3068.8846,3062.8474,3047.7035
93305000,3069.5001,8334800,95330900,464636800,5156531100,3065.2307,3069.5001,3062.8474,3047.7035
93310000,3070.5764,8851400,133969400,473488200,5290500500,3065.2307,3070.8433,3062.8474,3047.7035
93315000,3071.11,5745500,74798300,479233700,5365298800,3065.2307,3071.4119,3062.8474,3047.7035
93320000,3071.7918,10926800,110396200,490160500,5475695000,3065.2307,3071.7918,3062.8474,3047.7035
93325000,3071.5317,11886500,112065200,502047000,5587760200,3065.2307,3071.7918,3062.8474,3047.7035
93330000,3071.764,7130100,78051000,509177100,5665811200,3065.2307,3072.0098,3062.8474,3047.7035
93335000,3072.0966,6597300,71724400,515774400,5737535600,3065.2307,3072.0966,3062.8474,3047.7035
93340000,3072.2055,11397200,91784800,527171600,5829320400,3065.2307,3072.2055,3062.8474,3047.7035
93345000,3071.7963,6252600,51407700,533424200,5880728100,3065.2307,3072.2055,3062.8474,3047.7035
93350000,3071.9637,8279200,79611000,541703400,5960339100,3065.2307,3072.2055,3062.8474,3047.7035
93355000,3072.0675,7842000,87773300,549545400,6048112400,3065.2307,3072.2055,3062.8474,3047.7035
93400000,3072.2084,8140600,74753000,557686000,6122865400,3065.2307,3072.2827,3062.8474,3047.7035
93405000,3072.3629,8277200,73763700,565963200,6196629100,3065.2307,3072.3629,3062.8474,3047.7035
93410000,3071.9973,12882900,109993100,578846100,6306622200,3065.2307,3072.3629,3062.8474,3047.7035
93415000,3071.5845,4821800,45654200,583667900,6352276400,3065.2307,3072.3629,3062.8474,3047.7035
93420000,3070.2577,12064500,107275900,595732400,6459552300,3065.2307,3072.3629,3062.8474,3047.7035
93425000,3070.4028,10069300,99637200,605801700,6559189500,3065.2307,3072.3629,3062.8474,3047.7035
93430000,3069.9322,10316800,96500600,616118500,6655690100,3065.2307,3072.3629,3062.8474,3047.7035
93435000,3070.0995,6139700,63856200,622258200,6719546300,3065.2307,3072.3629,3062.8474,3047.7035
93440000,3069.2005,8436400,85564100,630694600,6805110400,3065.2307,3072.3629,3062.8474,3047.7035
93445000,3069.108,4857500,52454100,635552100,6857564500,3065.2307,3072.3629,3062.8474,3047.7035
93450000,3068.9678,8055700,85173300,643607800,6942737800,3065.2307,3072.3629,3062.8474,3047.7035
93455000,3068.6422,6831500,71247600,650439300,7013985400,3065.2307,3072.3629,3062.8474,3047.7035
93500000,3068.4079,6154200,68422700,656593500,7082408100,3065.2307,3072.3629,3062.8474,3047.7035
93505000,3068.5958,9467000,96220700,666060500,7178628800,3065.2307,3072.3629,3062.8474,3047.7035
93510000,3068.7859,10909400,115358500,676969900,7293987300,3065.2307,3072.3629,3062.8474,3047.7035
93515000,3069.5317,7787700,69603500,684757600,7363590800,3065.2307,3072.3629,3062.8474,3047.7035
93520000,3069.5301,8875500,104521900,693633100,7468112700,3065.2307,3072.3629,3062.8474,3047.7035
93525000,3070.5003,14779000,128694900,708412100,7596807600,3065.2307,3072.3629,3062.8474,3047.7035
93530000,3071.6655,10073600,104401800,718485700,7701209400,3065.2307,3072.3629,3062.8474,3047.7035
93535000,3071.1643,8078800,77028700,726564500,7778238100,3065.2307,3072.3629,3062.8474,3047.7035
93540000,3071.3887,10799600,108881700,737364100,7887119800,3065.2307,3072.3629,3062.8474,3047.7035
93545000,3072.1191,5629000,61468100,742993100,7948587900,3065.2307,3072.3629,3062.8474,3047.7035
93550000,3072.5797,10355900,100824000,753349000,8049411900,3065.2307,3072.5797,3062.8474,3047.7035
93555000,3072.6674,9525800,86486800,762874800,8135898700,3065.2307,3072.786,3062.8474,3047.7035
93600000,3073.0829,5991500,67714200,768866300,8203612900,3065.2307,3073.0882,3062.8474,3047.7035
93605000,3073.0032,10362200,79523700,779228500,8283136600,3065.2307,3073.0882,3062.8474,3047.7035
93610000,3073.3651,10502400,101335000,789730900,8384471600,3065.2307,3073.7388,3062.8474,3047.7035
93615000,3073.1537,6736500,62116800,796467400,8446588400,3065.2307,3073.7388,3062.8474,3047.7035
93620000,3073.0674,8935000,78434900,805402400,8525023300,3065.2307,3073.7388,3062.8474,3047.7035
93625000,3073.7352,8744200,88507100,814146600,8613530400,3065.2307,3073.7388,3062.8474,3047.7035
93630000,3072.9236,6696700,67891700,820843300,8681422100,3065.2307,3073.7388,3062.8474,3047.7035
93635000,3072.3408,7646200,74289000,828489500,8755711100,3065.2307,3073.7388,3062.8474,3047.7035
93640000,3072.6689,10181000,89459300,838670500,8845170400,3065.2307,3073.7388,3062.8474,3047.7035
93645000,3072.1084,4518700,47179300,843189200,8892349700,3065.2307,3073.7388,3062.8474,3047.7035
93650000,3072.1347,8011400,81448300,851200600,8973798000,3065.2307,3073.7388,3062.8474,3047.7035
93655000,3071.7367,6950300,79102000,858150900,9052900000,3065.2307,3073.7388,3062.8474,3047.7035
93700000,3072.2348,9169700,82934700,867320600,9135834700,3065.2307,3073.7388,3062.8474,3047.7035
93705000,3072.2093,5978100,62014500,873298700,9197849200,3065.2307,3073.7388,3062.8474,3047.7035
93710000,3072.11,8870300,87301200,882169000,9285150400,3065.2307,3073.7388,3062.8474,3047.7035
93715000,3071.6922,3742700,44015100,885911700,9329165500,3065.2307,3073.7388,3062.8474,3047.7035
93720000,3071.2858,7054300,74985800,892966000,9404151300,3065.2307,3073.7388,3062.8474,3047.7035
93725000,3070.9647,7055300,76243300,900021300,9480394600,3065.2307,3073.7388,3062.8474,3047.7035
93730000,3070.7445,6303900,67897400,906325200,9548292000,3065.2307,3073.7388,3062.8474,3047.7035
93735000,3070.5213,5569600,59714400,911894800,9608006400,3065.2307,3073.7388,3062.8474,3047.7035
93740000,3070.3157,7715100,84723700,919609900,9692730100,3065.2307,3073.7388,3062.8474,3047.7035
93745000,3069.9181,3833100,40713300,923443000,9733443400,3065.2307,3073.7388,3062.8474,3047.7035
93750000,3069.8459,7930500,77321400,931373500,9810764800,3065.2307,3073.7388,3062.8474,3047.7035
93755000,3069.9434,6685600,76349800,938059100,9887114600,3065.2307,3073.7388,3062.8474,3047.7035
93800000,3069.5109,6255000,76178100,944314100,9963292700,3065.2307,3073.7388,3062.8474,3047.7035
93805000,3069.1969,6253400,66954100,950567500,10030246800,3065.2307,3073.7388,3062.8474,3047.7035
93810000,3069.2165,7737600,84608200,958305100,10114855000,3065.2307,3073.7388,3062.8474,3047.7035
93815000,3068.6623,3589300,43970300,961894400,10158825300,3065.2307,3073.7388,3062.8474,3047.7035
93820000,3068.3476,7010900,73453400,968905300,10232278700,3065.2307,3073.7388,3062.8474,3047.7035
93825000,3068.0155,7963900,90870900,976869200,10323149600,3065.2307,3073.7388,3062.8474,3047.7035
93830000,3067.562,6494500,72283700,983363700,10395433300,3065.2307,3073.7388,3062.8474,3047.7035
93835000,3067.3887,5966000,61333100,989329700,10456766400,3065.2307,3073.7388,3062.8474,3047.7035
93840000,3067.4796,6682100,72990800,996011800,10529757200,3065.2307,3073.7388,3062.8474,3047.7035
93845000,3067.2839,4971500,49494500,1000983300,10579251700,3065.2307,3073.7388,3062.8474,3047.7035
93850000,3067.2144,8187100,92670100,1009170400,10671921800,3065.2307,3073.7388,3062.8474,3047.7035
93855000,3066.6995,7487300,79506100,1016657700,10751427900,3065.2307,3073.7388,3062.8474,3047.7035
93900000,3066.3261,6680700,68463500,1023338400,10819891400,3065.2307,3073.7388,3062.8474,3047.7035
93905000,3065.765,6025900,58320600,1029364300,10878212000,3065.2307,3073.7388,3062.8474,3047.7035
93910000,3066.0174,8090500,91105000,1037454800,10969317000,3065.2307,3073.7388,3062.8474,3047.7035
93915000,3066.2266,8260200,62324300,1045715000,11031641300,3065.2307,3073.7388,3062.8474,3047.7035
93920000,3066.5192,9675100,88478700,1055390100,11120120000,3065.2307,3073.7388,3062.8474,3047.7035
93925000,3065.9841,8110000,89881000,1063500100,11210001000,3065.2307,3073.7388,3062.8474,3047.7035
93930000,3065.7658,6506400,65952900,1070006500,11275953900,3065.2307,3073.7388,3062.8474,3047.7035
93935000,3066.1199,5373000,56081200,1075379500,11332035100,3065.2307,3073.7388,3062.8474,3047.7035
93940000,3065.5933,6959800,73563000,1082339300,11405598100,3065.2307,3073.7388,3062.8474,3047.7035
93945000,3065.6551,3945900,40089000,1086285200,11445687100,3065.2307,3073.7388,3062.8474,3047.7035
93950000,3065.59,4385200,56857700,1090670400,11502544800,3065.2307,3073.7388,3062.8474,3047.7035
93955000,3066.1125,5216900,70679000,1095887300,11573223800,3065.2307,3073.7388,3062.8474,3047.7035
94000000,3065.8074,4426300,56251700,1100313600,11629475500,3065.2307,3073.7388,3062.8474,3047.7035
94005000,3066.2077,4548700,52121000,1104862300,11681596500,3065.2307,3073.7388,3062.8474,3047.7035
94010000,3066.3778,5897700,73360600,1110760000,11754957100,3065.2307,3073.7388,3062.8474,3047.7035
94015000,3065.8763,3877100,38380000,1114637100,11793337100,3065.2307,3073.7388,3062.8474,3047.7035
94020000,3065.623,5396200,65823500,1120033300,11859160600,3065.2307,3073.7388,3062.8474,3047.7035
94025000,3066.0415,7456800,76925000,1127490100,11936085600,3065.2307,3073.7388,3062.8474,3047.7035
94030000,3065.9341,4650000,56405000,1132140100,11992490600,3065.2307,3073.7388,3062.8474,3047.7035
94035000,3065.6388,6030500,53651900,1138170600,12046142500,3065.2307,3073.7388,3062.8474,3047.7035
94040000,3065.4975,6356900,63577400,1144527500,12109719900,3065.2307,3073.7388,3062.8474,3047.7035
94045000,3065.4285,4139100,44776100,1148666600,12154496000,3065.2307,3073.7388,3062.8474,3047.7035
94050000,3065.5714,5319100,61769300,1153985700,12216265300,3065.2307,3073.7388,3062.8474,3047.7035
94055000,3065.9633,6244800,78902600,1160230500,12295167900,3065.2307,3073.7388,3062.8474,3047.7035
94100000,3066.0475,5097900,60125900,1165328400,12355293800,3065.2307,3073.7388,3062.8474,3047.7035
94105000,3066.8979,4911500,54907900,1170239900,12410201700,3065.2307,3073.7388,3062.8474,3047.7035
94110000,3067.0671,5455800,83610800,1175695700,12493812500,3065.2307,3073.7388,3062.8474,3047.7035
94115000,3067.183,2999900,38264500,1178695600,12532077000,3065.2307,3073.7388,3062.8474,3047.7035
94120000,3067.4774,4614100,53693700,1183309700,12585770700,3065.2307,3073.7388,3062.8474,3047.7035
94125000,3067.4421,4663300,64195300,1187973000,12649966000,3065.2307,3073.7388,3062.8474,3047.7035
94130000,3067.3753,4383900,50001800,1192356900,12699967800,3065.2307,3073.7388,3062.8474,3047.7035
94135000,3067.5246,6117800,62356300,1198474700,12762324100,3065.2307,3073.7388,3062.8474,3047.7035
94140000,3067.3391,5423200,60716400,1203897900,12823040500,3065.2307,3073.7388,3062.8474,3047.7035
94145000,3067.5374,3340800,38685300,1207238700,12861725800,3065.2307,3073.7388,3062.8474,3047.7035
94150000,3067.6817,8665500,82961100,1215904200,12944686900,3065.2307,3073.7388,3062.8474,3047.7035
94155000,3067.8569,6323500,72028300,1222227700,13016715200,3065.2307,3073.7388,3062.8474,3047.7035
94200000,3068.4504,4292300,47432600,1226520000,13064147800,3065.2307,3073.7388,3062.8474,3047.7035
94205000,3068.3192,3747500,49216300,1230267500,13113364100,3065.2307,3073.7388,3062.8474,3047.7035
94210000,3068.45,6679300,72315300,1236946800,13185679400,3065.2307,3073.7388,3062.8474,3047.7035
94215000,3068.1662,2830100,34505800,1239776900,13220185200,3065.2307,3073.7388,3062.8474,3047.7035
94220000,3068.2768,6573900,66827000,1246350800,13287012200,3065.2307,3073.7388,3062.8474,3047.7035
94225000,3068.4117,4433500,56935800,1250784300,13343948000,3065.2307,3073.7388,3062.8474,3047.7035
94230000,3068.4628,3591700,43789600,1254376000,13387737600,3065.2307,3073.7388,3062.8474,3047.7035
94235000,3068.8155,3483200,35615600,1257859200,13423353200,3065.2307,3073.7388,3062.8474,3047.7035
94240000,3068.4107,4067100,53344800,1261926300,13476698000,3065.2307,3073.7388,3062.8474,3047.7035
94245000,3068.7042,3355900,36513300,1265282200,13513211300,3065.2307,3073.7388,3062.8474,3047.7035
94250000,3068.6058,3915300,51547500,1269197500,13564758800,3065.2307,3073.7388,3062.8474,3047.7035
94255000,3068.8232,4990200,52990700,1274187700,13617749500,3065.2307,3073.7388,3062.8474,3047.7035
94300000,3068.5276,4524000,50847900,1278711700,13668597400,3065.2307,3073.7388,3062.8474,3047.7035
94305000,3068.4912,3856900,42732500,1282568600,13711329900,3065.2307,3073.7388,3062.8474,3047.7035
94310000,3068.4812,6451500,66548200,1289020100,13777878100,3065.2307,3073.7388,3062.8474,3047.7035
94315000,3068.23,2686700,31900200,1291706800,13809778300,3065.2307,3073.7388,3062.8474,3047.7035
94320000,3068.2292,4692900,57880300,1296399700,13867658600,3065.2307,3073.7388,3062.8474,3047.7035
94325000,3068.1962,5786500,53825100,1302186200,13921483700,3065.2307,3073.7388,3062.8474,3047.7035
94330000,3068.2505,3903800,58615800,1306090000,13980099500,3065.2307,3073.7388,3062.8474,3047.7035
94335000,3068.4072,4039100,48387000,1310129100,14028486500,3065.2307,3073.7388,3062.8474,3047.7035
94340000,3068.5006,6232100,72273900,1316361200,14100760400,3065.2307,3073.7388,3062.8474,3047.7035
94345000,3068.2537,3390800,32434600,1319752000,14133195000,3065.2307,3073.7388,3062.8474,3047.7035
94350000,3067.4716,4378100,50082700,1324130100,14183277700,3065.2307,3073.7388,3062.8474,3047.7035
94355000,3067.7966,6097700,58392100,1330227800,14241669800,3065.2307,3073.7388,3062.8474,3047.7035
94400000,3067.4619,4405100,47595500,1334632900,14289265300,3065.2307,3073.7388,3062.8474,3047.7035
94405000,3067.7925,6350900,64489500,1340983800,14353754800,3065.2307,3073.7388,3062.8474,3047.7035
94410000,3067.7048,5912100,62360100,1346895900,14416114900,3065.2307,3073.7388,3062.8474,3047.7035
94415000,3068.4711,3844500,42723300,1350740400,14458838200,3065.2307,3073.7388,3062.8474,3047.7035
94420000,3069.159,6797400,80955600,1357537800,14539793800,3065.2307,3073.7388,3062.8474,3047.7035
94425000,3069.6437,7577300,92945700,1365115100,14632739500,3065.2307,3073.7388,3062.8474,3047.7035
94430000,3070.4339,6917400,76337700,1372032500,14709077200,3065.2307,3073.7388,3062.8474,3047.7035
94435000,3070.9534,5686400,74476000,1377718900,14783553200,3065.2307,3073.7388,3062.8474,3047.7035
94440000,3070.8436,6532100,70243500,1384251000,14853796700,3065.2307,3073.7388,3062.8474,3047.7035
94445000,3071.5864,5432700,67116000,1389683700,14920912700,3065.2307,3073.7388,3062.8474,3047.7035
94450000,3071.812,7116500,94542900,1396800200,15015455600,3065.2307,3073.7388,3062.8474,3047.7035
94455000,3071.8624,6198800,68731500,1402999000,15084187100,3065.2307,3073.7388,3062.8474,3047.7035
94500000,3072.0311,4803400,48452500,1407802400,15132639600,3065.2307,3073.7388,3062.8474,3047.7035
94505000,3071.8823,3450200,38120300,1411252600,15170759900,3065.2307,3073.7388,3062.8474,3047.7035
94510000,3072.5523,5597500,80913300,1416850100,15251673200,3065.2307,3073.7388,3062.8474,3047.7035
94515000,3072.7097,3600500,48077500,1420450600,15299750700,3065.2307,3073.7388,3062.8474,3047.7035
94520000,3072.5639,5643500,55716500,1426094100,15355467200,3065.2307,3073.7388,3062.8474,3047.7035
94525000,3073.3102,6247000,78897100,1432341100,15434364300,3065.2307,3073.7388,3062.8474,3047.7035
94530000,3073.0994,5575700,60790200,1437916800,15495154500,3065.2307,3073.7388,3062.8474,3047.7035
94535000,3074.3827,6394000,58082000,1444310800,15553236500,3065.2307,3074.3827,3062.8474,3047.7035
94540000,3074.6226,7650600,92581300,1451961400,15645817800,3065.2307,3074.9034,3062.8474,3047.7035
94545000,3074.9666,5492800,61786500,1457454200,15707604300,3065.2307,3075.0149,3062.8474,3047.7035
94550000,3075.8255,6623100,78192200,1464077300,15785796500,3065.2307,3075.9108,3062.8474,3047.7035
94555000,3075.834,6934700,85948100,1471012000,15871744600,3065.2307,3076.2542,3062.8474,3047.7035
94600000,3076.169,8500200,71518300,1479512200,15943262900,3065.2307,3076.2542,3062.8474,3047.7035
94605000,3076.0661,11264900,80698200,1490777100,16023961100,3065.2307,3076.2542,3062.8474,3047.7035
94610000,3076.6596,6815200,81022100,1497592300,16104983200,3065.2307,3076.7463,3062.8474,3047.7035
94615000,3076.6619,4033600,41015900,1501625900,16145999100,3065.2307,3076.7463,3062.8474,3047.7035
94620000,3076.9649,6757700,73076100,1508383600,16219075200,3065.2307,3076.9649,3062.8474,3047.7035
94625000,3077.1274,6560700,70850000,1514944300,16289925200,3065.2307,3077.3001,3062.8474,3047.7035
94630000,3077.5952,7254300,79805600,1522198600,16369730800,3065.2307,3077.6291,3062.8474,3047.7035
94635000,3078.8499,8021300,99401000,1530219900,16469131800,3065.2307,3078.8499,3062.8474,3047.7035
94640000,3078.585,9204900,99791100,1539424800,16568922900,3065.2307,3078.8504,3062.8474,3047.7035
94645000,3079.1705,6365200,74914300,1545790000,16643837200,3065.2307,3079.1705,3062.8474,3047.7035
94650000,3080.0461,10288200,112869600,1556078200,16756706800,3065.2307,3080.0461,3062.8474,3047.7035
94655000,3081.2197,10670800,131128400,1566749000,16887835200,3065.2307,3081.5366,3062.8474,3047.7035
94700000,3081.2391,9807500,96010200,1576556500,16983845400,3065.2307,3081.5366,3062.8474,3047.7035
94705000,3081.8751,10591600,93118000,1587148100,17076963400,3065.2307,3081.9217,3062.8474,3047.7035
94710000,3082.0461,9169000,95534300,1596317100,17172497700,3065.2307,3082.0461,3062.8474,3047.7035
94715000,3082.2871,6672000,65201200,1602989100,17237698900,3065.2307,3082.4252,3062.8474,3047.7035
94720000,3082.297,8708800,79918000,1611697900,17317616900,3065.2307,3082.4252,3062.8474,3047.7035
94725000,3082.3707,8902800,91192100,1620600700,17408809000,3065.2307,3082.4541,3062.8474,3047.7035
94730000,3082.187,7595200,75043300,1628195900,17483852300,3065.2307,3082.4541,3062.8474,3047.7035
94735000,3082.3211,7484500,76804800,1635680400,17560657100,3065.2307,3082.4541,3062.8474,3047.7035
94740000,3082.1597,8726600,91090000,1644407000,17651747100,3065.2307,3082.4541,3062.8474,3047.7035
94745000,3082.2703,7615300,71059400,1652022300,17722806500,3065.2307,3082.4541,3062.8474,3047.7035
94750000,3082.5549,9328900,84720800,1661351200,17807527300,3065.2307,3082.5858,3062.8474,3047.7035
94755000,3082.4969,8545400,84720900,1669896600,17892248200,3065.2307,3082.6726,3062.8474,3047.7035
94800000,3082.4834,6840700,72284500,1676737300,17964532700,3065.2307,3082.6726,3062.8474,3047.7035
94805000,3082.7718,7183200,70190600,1683920500,18034723300,3065.2307,3083.1189,3062.8474,3047.7035
94810000,3083.5345,9445500,92600000,1693366000,18127323300,3065.2307,3083.9195,3062.8474,3047.7035
94815000,3084.0452,8763400,80982500,1702129400,18208305800,3065.2307,3084.2016,3062.8474,3047.7035
94820000,3085.0848,14263800,123733900,1716393200,18332039700,3065.2307,3085.1452,3062.8474,3047.7035
94825000,3085.738,16158500,147387600,1732551700,18479427300,3065.2307,3086.0855,3062.8474,3047.7035
94830000,3086.0176,8271800,90862900,1740823500,18570290200,3065.2307,3086.259,3062.8474,3047.7035
94835000,3086.5284,6419000,64886400,1747242500,18635176600,3065.2307,3086.5284,3062.8474,3047.7035
94840000,3086.8207,9359600,90664100,1756602100,18725840700,3065.2307,3086.8207,3062.8474,3047.7035
94845000,3086.4213,5345300,59289900,1761947400,18785130600,3065.2307,3086.8207,3062.8474,3047.7035
94850000,3087.1994,10283800,103500600,1772231200,18888631200,3065.2307,3087.2628,3062.8474,3047.7035
94855000,3087.2912,9158500,83192300,1781389700,18971823500,3065.2307,3087.2912,3062.8474,3047.7035
94900000,3087.277,5816100,79712100,1787205800,19051535600,3065.2307,3087.2912,3062.8474,3047.7035
94905000,3087.9188,7074900,75875700,1794280700,19127411300,3065.2307,3088.0289,3062.8474,3047.7035
94910000,3088.1242,9309100,110189100,1803589800,19237600400,3065.2307,3088.325,3062.8474,3047.7035
94915000,3088.1669,4889700,59793000,1808479500,19297393400,3065.2307,3088.325,3062.8474,3047.7035
94920000,3087.9979,6802700,91562900,1815282200,19388956300,3065.2307,3088.325,3062.8474,3047.7035
94925000,3087.6003,6645000,91601300,1821927200,19480557600,3065.2307,3088.325,3062.8474,3047.7035
94930000,3087.4445,7599300,86860500,1829526500,19567418100,3065.2307,3088.325,3062.8474,3047.7035
94935000,3087.2234,5933600,66102700,1835460100,19633520800,3065.2307,3088.325,3062.8474,3047.7035
94940000,3086.6452,5210500,84247100,1840670600,19717767900,3065.2307,3088.325,3062.8474,3047.7035
94945000,3086.5376,5194400,64886800,1845865000,19782654700,3065.2307,3088.325,3062.8474,3047.7035
94950000,3085.9407,8363700,88923700,1854228700,19871578400,3065.2307,3088.325,3062.8474,3047.7035
94955000,3085.3963,5960000,78604700,1860188700,19950183100,3065.2307,3088.325,3062.8474,3047.7035
95000000,3085.5695,7380800,75438100,1867569500,20025621200,3065.2307,3088.325,3062.8474,3047.7035
95005000,3085.5757,5479800,68109300,1873049300,20093730500,3065.2307,3088.325,3062.8474,3047.7035
95010000,3085.7074,6484500,78332200,1879533800,20172062700,3065.2307,3088.325,3062.8474,3047.7035
95015000,3085.7073,4843000,57575000,1884376800,20229637700,3065.2307,3088.325,3062.8474,3047.7035
95020000,3085.8631,8227200,88448000,1892604000,20318085700,3065.2307,3088.325,3062.8474,3047.7035
95025000,3085.942,6278200,75677500,1898882200,20393763200,3065.2307,3088.325,3062.8474,3047.7035
95030000,3086.0454,5857000,79521600,1904739200,20473284800,3065.2307,3088.325,3062.8474,3047.7035
95035000,3086.368,6093700,61343900,1910832900,20534628700,3065.2307,3088.325,3062.8474,3047.7035
95040000,3085.8462,7182200,80869000,1918015100,20615497700,3065.2307,3088.325,3062.8474,3047.7035
95045000,3085.8503,3757700,54945300,1921772800,20670443000,3065.2307,3088.325,3062.8474,3047.7035
95050000,3085.7531,5885100,62624800,1927657900,20733067800,3065.2307,3088.325,3062.8474,3047.7035
95055000,3085.3816,4703900,57048800,1932361800,20790116600,3065.2307,3088.325,3062.8474,3047.7035
95100000,3085.6982,4714400,57164600,1937076200,20847281200,3065.2307,3088.325,3062.8474,3047.7035
95105000,3085.865,4047700,44307600,1941123900,20891588800,3065.2307,3088.325,3062.8474,3047.7035
95110000,3086.0663,5771900,63069700,1946895800,20954658500,3065.2307,3088.325,3062.8474,3047.7035
95115000,3086.2489,4236200,48498200,1951132000,21003156700,3065.2307,3088.325,3062.8474,3047.7035
95120000,3086.941,7043200,76448400,1958175200,21079605100,3065.2307,3088.325,3062.8474,3047.7035
95125000,3087.2803,7547500,88801000,1965722700,21168406100,3065.2307,3088.325,3062.8474,3047.7035
95130000,3088.2489,7279600,77484600,1973002300,21245890700,3065.2307,3088.325,3062.8474,3047.7035
95135000,3087.9309,4967100,56312000,1977969400,21302202700,3065.2307,3088.325,3062.8474,3047.7035
95140000,3088.3243,8142700,91368800,1986112100,21393571500,3065.2307,3088.6356,3062.8474,3047.7035
95145000,3089.1863,6213400,68072100,1992325500,21461643600,3065.2307,3089.1863,3062.8474,3047.7035
95150000,3089.3729,8633200,105199500,2000958700,21566843100,3065.2307,3089.3729,3062.8474,3047.7035
95155000,3089.6677,8659000,100165300,2009617700,21667008400,3065.2307,3089.8877,3062.8474,3047.7035
95200000,3089.8305,6543600,68151200,2016161300,21735159600,3065.2307,3090.0368,3062.8474,3047.7035
95205000,3089.6098,5228100,61558100,2021389400,21796717700,3065.2307,3090.0368,3062.8474,3047.7035
95210000,3090.2341,6496200,82626100,2027885600,21879343800,3065.2307,3090.2341,3062.8474,3047.7035
95215000,3089.828,5265300,56662600,2033150900,21936006400,3065.2307,3090.2341,3062.8474,3047.7035
95220000,3090.1868,6265900,74388500,2039416800,22010394900,3065.2307,3090.2341,3062.8474,3047.7035
95225000,3089.8982,7505600,81594800,2046922400,22091989700,3065.2307,3090.2341,3062.8474,3047.7035
95230000,3089.1795,6391900,81232500,2053314300,22173222200,3065.2307,3090.2341,3062.8474,3047.7035
95235000,3089.6913,5172800,65149900,2058487100,22238372100,3065.2307,3090.2341,3062.8474,3047.7035
95240000,3088.9579,7496400,90605000,2065983500,22328977100,3065.2307,3090.2341,3062.8474,3047.7035
95245000,3088.8092,4769100,54193800,2070752600,22383170900,3065.2307,3090.2341,3062.8474,3047.7035
95250000,3089.1249,6328200,76205500,2077080800,22459376400,3065.2307,3090.2341,3062.8474,3047.7035
95255000,3089.5349,9521100,91908800,2086601900,22551285200,3065.2307,3090.2341,3062.8474,3047.7035
95300000,3089.0002,5663200,66281900,2092265100,22617567100,3065.2307,3090.2341,3062.8474,3047.7035
95305000,3089.074,6011500,64647100,2098276600,22682214200,3065.2307,3090.2341,3062.8474,3047.7035
95310000,3089.2346,8311900,78363600,2106588500,22760577800,3065.2307,3090.2341,3062.8474,3047.7035
95315000,3089.5232,4747500,57507900,2111336000,22818085700,3065.2307,3090.2341,3062.8474,3047.7035
95320000,3089.0073,5323300,59134400,2116659300,22877220100,3065.2307,3090.2341,3062.8474,3047.7035
95325000,3089.1416,7022000,74005000,2123681300,22951225100,3065.2307,3090.2341,3062.8474,3047.7035
95330000,3089.0365,5197700,60148600,2128879000,23011373700,3065.2307,3090.2341,3062.8474,3047.7035
95335000,3088.902,5973700,62612500,2134852700,23073986200,3065.2307,3090.2341,3062.8474,3047.7035
95340000,3088.6598,6342800,67617500,2141195500,23141603700,3065.2307,3090.2341,3062.8474,3047.7035
95345000,3088.4372,4137000,45282900,2145332500,23186886600,3065.2307,3090.2341,3062.8474,3047.7035
95350000,3088.6431,7997800,73672400,2153330300,23260559000,3065.2307,3090.2341,3062.8474,3047.7035
95355000,3088.2168,5228700,65936200,2158559000,23326495200,3065.2307,3090.2341,3062.8474,3047.7035
95400000,3088.3499,7171300,68388200,2165730300,23394883400,3065.2307,3090.2341,3062.8474,3047.7035
95405000,3088.2937,7594400,79326900,2173324700,23474210300,3065.2307,3090.2341,3062.8474,3047.7035
95410000,3088.4672,5578400,64896100,2178903100,23539106400,3065.2307,3090.2341,3062.8474,3047.7035
95415000,3088.0485,4669400,52726800,2183572500,23591833200,3065.2307,3090.2341,3062.8474,3047.7035
95420000,3088.4251,6147800,68835700,2189720300,23660668900,3065.2307,3090.2341,3062.8474,3047.7035
95425000,3088.2643,5395400,58930400,2195115700,23719599300,3065.2307,3090.2341,3062.8474,3047.7035
95430000,3087.9187,5687500,61552200,2200803200,23781151500,3065.2307,3090.2341,3062.8474,3047.7035
95435000,3088.0239,3830900,39121500,2204634100,23820273000,3065.2307,3090.2341,3062.8474,3047.7035
95440000,3087.8688,4500200,58611600,2209134300,23878884600,3065.2307,3090.2341,3062.8474,3047.7035
95445000,3087.5507,4325100,44501600,2213459400,23923386200,3065.2307,3090.2341,3062.8474,3047.7035
95450000,3087.2752,5043800,57316300,2218503200,23980702500,3065.2307,3090.2341,3062.8474,3047.7035
95455000,3087.4692,5533300,69844000,2224036500,24050546500,3065.2307,3090.2341,3062.8474,3047.7035
95500000,3087.0612,3978900,43066300,2228015400,24093612800,3065.2307,3090.2341,3062.8474,3047.7035
95505000,3087.0841,3746400,41307900,2231761800,24134920700,3065.2307,3090.2341,3062.8474,3047.7035
95510000,3087.125,4409800,54380900,2236171600,24189301600,3065.2307,3090.2341,3062.8474,3047.7035
95515000,3087.5182,4803100,45754200,2240974700,24235055800,3065.2307,3090.2341,3062.8474,3047.7035
95520000,3087.5084,5222900,64049300,2246197600,24299105100,3065.2307,3090.2341,3062.8474,3047.7035
95525000,3087.5214,5655100,64932300,2251852700,24364037400,3065.2307,3090.2341,3062.8474,3047.7035
95530000,3088.1305,6020700,73490300,2257873400,24437527700,3065.2307,3090.2341,3062.8474,3047.7035
95535000,3088.6114,5019400,65686100,2262892800,24503213800,3065.2307,3090.2341,3062.8474,3047.7035
95540000,3089.2142,10205900,95375300,2273098700,24598589100,3065.2307,3090.2341,3062.8474,3047.7035
95545000,3089.352,5293900,63249400,2278392600,24661838500,3065.2307,3090.2341,3062.8474,3047.7035
95550000,3089.4556,8483500,110873000,2286876100,24772711500,3065.2307,3090.2341,3062.8474,3047.7035
95555000,3090.3403,6518600,86584400,2293394700,24859295900,3065.2307,3090.3403,3062.8474,3047.7035
95600000,3089.4111,5693700,70274300,2299088400,24929570200,3065.2307,3090.3403,3062.8474,3047.7035
95605000,3090.2132,6277000,67899200,2305365400,24997469400,3065.2307,3090.3403,3062.8474,3047.7035
95610000,3090.9135,7960500,102962800,2313325900,25100432200,3065.2307,3091.4112,3062.8474,3047.7035
95615000,3091.8457,6330400,82351800,2319656300,25182784000,3065.2307,3092.1828,3062.8474,3047.7035
95620000,3092.2437,8759400,100500300,2328415700,25283284300,3065.2307,3092.2437,3062.8474,3047.7035
95625000,3092.4823,8089900,94631600,2336505600,25377915900,3065.2307,3092.6028,3062.8474,3047.7035
95630000,3092.5496,7347100,90355800,2343852700,25468271700,3065.2307,3092.6028,3062.8474,3047.7035
95635000,3092.3632,5413900,66224000,2349266600,25534495700,3065.2307,3092.6028,3062.8474,3047.7035
95640000,3092.0994,6479200,83684200,2355745800,25618179900,3065.2307,3092.6028,3062.8474,3047.7035
95645000,3092.2783,4435800,51772300,2360181600,25669952200,3065.2307,3092.6028,3062.8474,3047.7035
95650000,3092.7031,6625000,83345100,2366806600,25753297300,3065.2307,3092.9812,3062.8474,3047.7035
95655000,3092.3613,6694500,119128500,2373501100,25872425800,3065.2307,3092.9812,3062.8474,3047.7035
95700000,3092.5549,5292800,71398500,2378793900,25943824300,3065.2307,3092.9812,3062.8474,3047.7035
95705000,3093.0767,5530600,58225800,2384324500,26002050100,3065.2307,3093.0767,3062.8474,3047.7035
95710000,3093.0554,5164800,76818800,2389489300,26078868900,3065.2307,3093.1819,3062.8474,3047.7035
95715000,3093.3622,4074600,43457600,2393563900,26122326500,3065.2307,3093.3622,3062.8474,3047.7035
95720000,3093.0189,7806700,92490900,2401370600,26214817400,3065.2307,3093.3622,3062.8474,3047.7035
95725000,3093.2992,5258900,83896600,2406629500,26298714000,3065.2307,3093.3622,3062.8474,3047.7035
95730000,3093.3049,5194200,64722600,2411823700,26363436600,3065.2307,3093.3622,3062.8474,3047.7035
95735000,3093.2496,5508300,57835600,2417332000,26421272200,3065.2307,3093.3622,3062.8474,3047.7035
95740000,3092.9095,6625900,69995400,2423957900,26491267600,3065.2307,3093.3622,3062.8474,3047.7035
95745000,3093.0914,4219500,50686100,2428177400,26541953700,3065.2307,3093.3622,3062.8474,3047.7035
95750000,3092.5841,5800100,67219400,2433977500,26609173100,3065.2307,3093.3622,3062.8474,3047.7035
95755000,3092.9747,5315100,64174700,2439292600,26673347800,3065.2307,3093.3622,3062.8474,3047.7035
95800000,3092.7851,4776100,57216200,2444068700,26730564000,3065.2307,3093.3622,3062.8474,3047.7035
95805000,3093.2404,5268200,53577200,2449336900,26784141200,3065.2307,3093.3622,3062.8474,3047.7035
95810000,3093.4826,5194400,64955200,2454531300,26849096400,3065.2307,3093.4826,3062.8474,3047.7035
95815000,3092.9893,3654300,41608300,2458185600,26890704700,3065.2307,3093.4826,3062.8474,3047.7035
95820000,3093.3169,5193300,62856400,2463378900,26953561100,3065.2307,3093.4826,3062.8474,3047.7035
95825000,3093.4592,4804600,64472500,2468183500,27018033600,3065.2307,3093.4826,3062.8474,3047.7035
95830000,3092.9293,4585600,57169400,2472769100,27075203000,3065.2307,3093.4826,3062.8474,3047.7035
95835000,3093.3399,6293700,70499100,2479062800,27145702100,3065.2307,3093.4826,3062.8474,3047.7035
95840000,3093.3857,6029300,79207300,2485092100,27224909400,3065.2307,3093.4826,3062.8474,3047.7035
95845000,3093.6015,5160200,53706200,2490252300,27278615600,3065.2307,3093.6015,3062.8474,3047.7035
95850000,3093.5712,6021700,71161500,2496274000,27349777100,3065.2307,3093.6015,3062.8474,3047.7035
95855000,3093.5223,5591500,63372000,2501865500,27413149100,3065.2307,3093.6094,3062.8474,3047.7035
95900000,3093.544,5170800,61428900,2507036300,27474578000,3065.2307,3093.6246,3062.8474,3047.7035
95905000,3094.193,4720100,64472000,2511756400,27539050000,3065.2307,3094.4796,3062.8474,3047.7035
95910000,3094.1927,6677500,78865400,2518433900,27617915400,3065.2307,3094.4796,3062.8474,3047.7035
95915000,3094.7848,5212200,53759300,2523646100,27671674700,3065.2307,3094.8618,3062.8474,3047.7035
95920000,3094.2531,5684300,75772200,2529330400,27747446900,3065.2307,3094.8618,3062.8474,3047.7035
95925000,3094.6901,4574000,63412700,2533904400,27810859600,3065.2307,3094.8618,3062.8474,3047.7035
95930000,3094.485,5716200,69309300,2539620600,27880168900,3065.2307,3094.8618,3062.8474,3047.7035
95935000,3095.3933,6863900,68108900,2546484500,27948277800,3065.2307,3095.8073,3062.8474,3047.7035
95940000,3095.4538,6434700,89071300,2552919200,28037349100,3065.2307,3095.8073,3062.8474,3047.7035
95945000,3095.8835,5665800,60738700,2558585000,28098087800,3065.2307,3095.8835,3062.8474,3047.7035
95950000,3096.4538,6499900,80736100,2565084900,28178823900,3065.2307,3096.5227,3062.8474,3047.7035
95955000,3096.6576,6793200,87112600,2571878100,28265936500,3065.2307,3096.9497,3062.8474,3047.7035
100000000,3096.7404,6524700,84124500,2578402800,28350061000,3065.2307,3096.9497,3062.8474,3047.7035
100005000,3097.2231,5952000,80688800,2584354800,28430749800,3065.2307,3097.2812,3062.8474,3047.7035
100010000,3097.6751,7373800,100666900,2591728600,28531416700,3065.2307,3097.6751,3062.8474,3047.7035
100015000,3097.4755,7514700,88153400,2599243300,28619570100,3065.2307,3097.6751,3062.8474,3047.7035
100020000,3098.2959,9908200,131657800,2609151500,28751227900,3065.2307,3098.3702,3062.8474,3047.7035
100025000,3098.5787,9298500,123688900,2618450000,28874916800,3065.2307,3098.6739,3062.8474,3047.7035
100030000,3098.5563,6808700,81343800,2625258700,28956260600,3065.2307,3098.6739,3062.8474,3047.7035
100035000,3099.1566,6268500,70602100,2631527200,29026862700,3065.2307,3099.2461,3062.8474,3047.7035
100040000,3098.7365,6790800,86628600,2638318000,29113491300,3065.2307,3099.2461,3062.8474,3047.7035
100045000,3099.1077,4412200,42168100,2642730200,29155659400,3065.2307,3099.2461,3062.8474,3047.7035
100050000,3099.0552,7657600,81713800,2650387800,29237373200,3065.2307,3099.2461,3062.8474,3047.7035
100055000,3099.3012,6338000,75091400,2656725800,29312464600,3065.2307,3099.3012,3062.8474,3047.7035
100100000,3099.3775,6939700,78764100,2663665500,29391228700,3065.2307,3099.4766,3062.8474,3047.7035
100105000,3099.5523,5755000,70645800,2669420500,29461874500,3065.2307,3099.5757,3062.8474,3047.7035
100110000,3099.7447,6314400,74363200,2675734900,29536237700,3065.2307,3099.7447,3062.8474,3047.7035
100115000,3099.4158,4164400,58054400,2679899300,29594292100,3065.2307,3099.7447,3062.8474,3047.7035
100120000,3099.4443,6041000,70964300,2685940300,29665256400,3065.2307,3099.7447,3062.8474,3047.7035
100125000,3099.4505,6748500,85151500,2692688800,29750407900,3065.2307,3099.7447,3062.8474,3047.7035
100130000,3099.1253,6884100,89050200,2699572900,29839458100,3065.2307,3099.7447,3062.8474,3047.7035
100135000,3098.9049,7340400,78816300,2706913300,29918274400,3065.2307,3099.7447,3062.8474,3047.7035
100140000,3098.4158,6387600,82523400,2713300900,30000797800,3065.2307,3099.7447,3062.8474,3047.7035
100145000,3098.1462,6164400,61933500,2719465300,30062731300,3065.2307,3099.7447,3062.8474,3047.7035
100150000,3097.906,7735300,76017100,2727200600,30138748400,3065.2307,3099.7447,3062.8474,3047.7035
100155000,3098.0411,5867800,65921800,2733068400,30204670200,3065.2307,3099.7447,3062.8474,3047.7035
100200000,3097.8866,5201900,63486300,2738270300,30268156500,3065.2307,3099.7447,3062.8474,3047.7035
100205000,3097.583,4906000,52150000,2743176300,30320306500,3065.2307,3099.7447,3062.8474,3047.7035
100210000,3097.6607,6125800,63367200,2749302100,30383673700,3065.2307,3099.7447,3062.8474,3047.7035
100215000,3097.3957,4300100,65939000,2753602200,30449612700,3065.2307,3099.7447,3062.8474,3047.7035
100220000,3097.2788,7412000,77260100,2761014200,30526872800,3065.2307,3099.7447,3062.8474,3047.7035
100225000,3097.3046,5025500,54504800,2766039700,30581377600,3065.2307,3099.7447,3062.8474,3047.7035
100230000,3097.1825,5850100,61673900,2771889800,30643051500,3065.2307,3099.7447,3062.8474,3047.7035
100235000,3097.0644,4266300,46360200,2776156100,30689411700,3065.2307,3099.7447,3062.8474,3047.7035
100240000,3096.6034,5834400,63798300,2781990500,30753210000,3065.2307,3099.7447,3062.8474,3047.7035
100245000,3096.8466,4618000,42560900,2786608500,30795770900,3065.2307,3099.7447,3062.8474,3047.7035
100250000,3096.5811,6831600,72069500,2793440100,30867840400,3065.2307,3099.7447,3062.8474,3047.7035
100255000,3096.3891,4936500,60720000,2798376600,30928560400,3065.2307,3099.7447,3062.8474,3047.7035
100300000,3096.3946,7214300,64034300,2805590900,30992594700,3065.2307,3099.7447,3062.8474,3047.7035
100305000,3096.0227,4648000,49959100,2810238900,31042553800,3065.2307,3099.7447,3062.8474,3047.7035
100310000,3096.136,6508100,59342500,2816747000,31101896300,3065.2307,3099.7447,3062.8474,3047.7035
100315000,3096.0944,3375500,39030500,2820122500,31140926800,3065.2307,3099.7447,3062.8474,3047.7035
100320000,3096.0445,5502700,58016800,2825625200,31198943600,3065.2307,3099.7447,3062.8474,3047.7035
100325000,3095.9605,6925900,58886100,2832551100,31257829700,3065.2307,3099.7447,3062.8474,3047.7035
100330000,3095.7243,3827500,47235400,2836378600,31305065100,3065.2307,3099.7447,3062.8474,3047.7035
100335000,3095.4582,4434100,44932000,2840812700,31349997100,3065.2307,3099.7447,3062.8474,3047.7035
100340000,3095.6518,4431400,53417100,2845244100,31403414200,3065.2307,3099.7447,3062.8474,3047.7035
100345000,3095.5346,3982500,40881800,2849226600,31444296000,3065.2307,3099.7447,3062.8474,3047.7035
100350000,3095.1638,6957500,67753000,2856184100,31512049000,3065.2307,3099.7447,3062.8474,3047.7035
100355000,3095.1285,6928000,65221500,2863112100,31577270500,3065.2307,3099.7447,3062.8474,3047.7035
100400000,3095.3914,4694200,53142500,2867806300,31630413000,3065.2307,3099.7447,3062.8474,3047.7035
100405000,3094.4794,4125300,45421300,2871931600,31675834300,3065.2307,3099.7447,3062.8474,3047.7035
100410000,3094.5246,5620500,64887400,2877552100,31740721700,3065.2307,3099.7447,3062.8474,3047.7035
100415000,3094.5213,3743200,36705000,2881295300,31777426700,3065.2307,3099.7447,3062.8474,3047.7035
100420000,3094.5191,5000800,55246000,2886296100,31832672700,3065.2307,3099.7447,3062.8474,3047.7035
100425000,3094.2396,4768800,52943700,2891064900,31885616400,3065.2307,3099.7447,3062.8474,3047.7035
100430000,3093.8463,3160700,38966300,2894225600,31924582700,3065.2307,3099.7447,3062.8474,3047.7035
100435000,3093.7689,3442500,37927000,2897668100,31962509700,3065.2307,3099.7447,3062.8474,3047.7035
100440000,3093.7387,3990500,51445100,2901658600,32013954800,3065.2307,3099.7447,3062.8474,3047.7035
100445000,3093.4982,3927800,43485700,2905586400,32057440500,3065.2307,3099.7447,3062.8474,3047.7035
100450000,3093.2697,5326400,64558400,2910912800,32121998900,3065.2307,3099.7447,3062.8474,3047.7035
100455000,3092.8653,4274800,49750300,2915187600,32171749200,3065.2307,3099.7447,3062.8474,3047.7035
100500000,3093.2853,5648400,54632200,2920836000,32226381400,3065.2307,3099.7447,3062.8474,3047.7035
100505000,3093.1624,4531500,49155500,2925367500,32275536900,3065.2307,3099.7447,3062.8474,3047.7035
100510000,3093.0866,4322200,61619500,2929689700,32337156400,3065.2307,3099.7447,3062.8474,3047.7035
100515000,3093.1965,3267500,37077100,2932957200,32374233500,3065.2307,3099.7447,3062.8474,3047.7035
100520000,3092.9552,4372000,52545000,2937329200,32426778500,3065.2307,3099.7447,3062.8474,3047.7035
100525000,3093.0651,4551100,53160500,2941880300,32479939000,3065.2307,3099.7447,3062.8474,3047.7035
100530000,3092.9651,3899900,48305900,2945780200,32528244900,3065.2307,3099.7447,3062.8474,3047.7035
100535000,3092.6991,3899200,47346300,2949679400,32575591200,3065.2307,3099.7447,3062.8474,3047.7035
100540000,3092.9155,4430000,52931800,2954109400,32628523000,3065.2307,3099.7447,3062.8474,3047.7035
100545000,3092.7465,3348100,40565000,2957457500,32669088000,3065.2307,3099.7447,3062.8474,3047.7035
100550000,3092.5322,5451100,52805600,2962908600,32721893600,3065.2307,3099.7447,3062.8474,3047.7035
100555000,3092.3533,4914500,58235800,2967823100,32780129400,3065.2307,3099.7447,3062.8474,3047.7035
100600000,3092.3241,3384100,40364300,2971207200,32820493700,3065.2307,3099.7447,3062.8474,3047.7035
100605000,3092.8645,3485500,40408700,2974692700,32860902400,3065.2307,3099.7447,3062.8474,3047.7035
100610000,3093.3179,4156600,53381500,2978849300,32914283900,3065.2307,3099.7447,3062.8474,3047.7035
100615000,3092.9052,3485000,42667800,2982334300,32956951700,3065.2307,3099.7447,3062.8474,3047.7035
100620000,3092.6392,4222800,47703900,2986557100,33004655600,3065.2307,3099.7447,3062.8474,3047.7035
100625000,3092.835,4847800,70018400,2991404900,33074674000,3065.2307,3099.7447,3062.8474,3047.7035
100630000,3092.8151,3693500,40245400,2995098400,33114919400,3065.2307,3099.7447,3062.8474,3047.7035
100635000,3092.6293,2875500,34252800,2997973900,33149172200,3065.2307,3099.7447,3062.8474,3047.7035
100640000,3092.7936,3877700,46310100,3001851600,33195482300,3065.2307,3099.7447,3062.8474,3047.7035
100645000,3092.5842,4593600,52398600,3006445200,33247880900,3065.2307,3099.7447,3062.8474,3047.7035
100650000,3092.9344,5175400,50363600,3011620600,33298244500,3065.2307,3099.7447,3062.8474,3047.7035
100655000,3092.7608,5126400,56599500,3016747000,33354844000,3065.2307,3099.7447,3062.8474,3047.7035
100700000,3092.5541,3547900,46363800,3020294900,33401207800,3065.2307,3099.7447,3062.8474,3047.7035
100705000,3092.2087,2983200,36095000,3023278100,33437302800,3065.2307,3099.7447,3062.8474,3047.7035
100710000,3092.5884,4072900,46805500,3027351000,33484108300,3065.2307,3099.7447,3062.8474,3047.7035
100715000,3092.5455,2343400,26861900,3029694400,33510970200,3065.2307,3099.7447,3062.8474,3047.7035
100720000,3092.0027,4308700,48765300,3034003100,33559735500,3065.2307,3099.7447,3062.8474,3047.7035
100725000,3092.3523,3996100,48622700,3037999200,33608358200,3065.2307,3099.7447,3062.8474,3047.7035
100730000,3091.9955,3635600,42335400,3041634800,33650693600,3065.2307,3099.7447,3062.8474,3047.7035
100735000,3091.9196,3064700,42918200,3044699500,33693611800,3065.2307,3099.7447,3062.8474,3047.7035
100740000,3092.0944,4339700,49813900,3049039200,33743425700,3065.2307,3099.7447,3062.8474,3047.7035
100745000,3092.1583,4354600,38235300,3053393800,33781661000,3065.2307,3099.7447,3062.8474,3047.7035
100750000,3092.1177,5566500,51535600,3058960300,33833196600,3065.2307,3099.7447,3062.8474,3047.7035
100755000,3092.0804,5811400,48735300,3064771700,33881931900,3065.2307,3099.7447,3062.8474,3047.7035
100800000,3092.0858,5747700,50771200,3070519400,33932703100,3065.2307,3099.7447,3062.8474,3047.7035
100805000,3092.053,3684900,42623400,3074204300,33975326500,3065.2307,3099.7447,3062.8474,3047.7035
100810000,3091.8915,4780000,63289400,3078984300,34038615900,3065.2307,3099.7447,3062.8474,3047.7035
100815000,3091.9606,3092900,29206000,3082077200,34067821900,3065.2307,3099.7447,3062.8474,3047.7035
100820000,3092.0503,4043200,48260800,3086120400,34116082700,3065.2307,3099.7447,3062.8474,3047.7035
100825000,3091.7594,3999200,50072400,3090119600,34166155100,3065.2307,3099.7447,3062.8474,3047.7035
100830000,3091.853,3515900,43480000,3093635500,34209635100,3065.2307,3099.7447,3062.8474,3047.7035
100835000,3092.3739,4075200,44419500,3097710700,34254054600,3065.2307,3099.7447,3062.8474,3047.7035
100840000,3092.277,3987000,51909300,3101697700,34305963900,3065.2307,3099.7447,3062.8474,3047.7035
100845000,3091.9025,2261600,28492500,3103959300,34334456400,3065.2307,3099.7447,3062.8474,3047.7035
100850000,3092.0916,3058500,38836500,3107017800,34373292900,3065.2307,3099.7447,3062.8474,3047.7035
100855000,3091.8429,6258800,60904100,3113276600,34434197000,3065.2307,3099.7447,3062.8474,3047.7035
100900000,3092.2217,5065400,53472800,3118342000,34487669800,3065.2307,3099.7447,3062.8474,3047.7035
100905000,3091.8334,3067600,38868500,3121409600,34526538300,3065.2307,3099.7447,3062.8474,3047.7035
100910000,3092.1464,7580700,61613800,3128990300,34588152100,3065.2307,3099.7447,3062.8474,3047.7035
100915000,3092.2425,6107000,64065800,3135097300,34652217900,3065.2307,3099.7447,3062.8474,3047.7035
100920000,3091.6706,4096200,47569900,3139193500,34699787800,3065.2307,3099.7447,3062.8474,3047.7035
100925000,3092.1366,4199400,50618200,3143392900,34750406000,3065.2307,3099.7447,3062.8474,3047.7035
100930000,3091.6767,3989100,44922900,3147382000,34795328900,3065.2307,3099.7447,3062.8474,3047.7035
100935000,3091.13,3684300,38339400,3151066300,34833668300,3065.2307,3099.7447,3062.8474,3047.7035
100940000,3091.4297,5824900,74149000,3156891200,34907817300,3065.2307,3099.7447,3062.8474,3047.7035
100945000,3091.2366,3449900,38194300,3160341100,34946011600,3065.2307,3099.7447,3062.8474,3047.7035
100950000,3091.2809,4024400,52560700,3164365500,34998572300,3065.2307,3099.7447,3062.8474,3047.7035
100955000,3091.3737,4727200,60226800,3169092700,35058799100,3065.2307,3099.7447,3062.8474,3047.7035
101000000,3091.4159,6283900,72011200,3175376600,35130810300,3065.2307,3099.7447,3062.8474,3047.7035
101005000,3091.7358,2578200,28785700,3177954800,35159596000,3065.2307,3099.7447,3062.8474,3047.7035
101010000,3091.8155,4375000,57589600,3182329800,35217185600,3065.2307,3099.7447,3062.8474,3047.7035
101015000,3092.1746,3272300,43752300,3185602100,35260937900,3065.2307,3099.7447,3062.8474,3047.7035
101020000,3092.7091,5705300,101934100,3191307400,35362872000,3065.2307,3099.7447,3062.8474,3047.7035
101025000,3091.9547,3521100,46521400,3194828500,35409393400,3065.2307,3099.7447,3062.8474,3047.7035
101030000,3092.7153,5349100,58074900,3200177600,35467468300,3065.2307,3099.7447,3062.8474,3047.7035
101035000,3092.3592,4358200,55554700,3204535800,35523023000,3065.2307,3099.7447,3062.8474,3047.7035
101040000,3092.2699,4648600,64007200,3209184400,35587030200,3065.2307,3099.7447,3062.8474,3047.7035
101045000,3092.3669,3015000,35170500,3212199400,35622200700,3065.2307,3099.7447,3062.8474,3047.7035
101050000,3092.988,5143100,65557900,3217342500,35687758600,3065.2307,3099.7447,3062.8474,3047.7035
101055000,3093.0115,4227800,49565400,3221570300,35737324000,3065.2307,3099.7447,3062.8474,3047.7035
101100000,3093.2914,4750900,62393300,3226321200,35799717300,3065.2307,3099.7447,3062.8474,3047.7035
101105000,3093.3087,3253500,38149700,3229574700,35837867000,3065.2307,3099.7447,3062.8474,3047.7035
101110000,3092.9233,4254100,53352900,3233828800,35891219900,3065.2307,3099.7447,3062.8474,3047.7035
101115000,3093.2505,2654000,33134400,3236482800,35924354300,3065.2307,3099.7447,3062.8474,3047.7035
101120000,3093.3486,4904700,61105300,3241387500,35985459600,3065.2307,3099.7447,3062.8474,3047.7035
101125000,3093.6018,3659300,44265800,3245046800,36029725400,3065.2307,3099.7447,3062.8474,3047.7035
101130000,3093.4809,3862400,53742100,3248909200,36083467500,3065.2307,3099.7447,3062.8474,3047.7035
101135000,3094.0837,3974000,45215400,3252883200,36128682900,3065.2307,3099.7447,3062.8474,3047.7035
101140000,3094.0915,3086600,42449400,3255969800,36171132300,3065.2307,3099.7447,3062.8474,3047.7035
101145000,3093.9549,2449100,29646100,3258418900,36200778400,3065.2307,3099.7447,3062.8474,3047.7035
101150000,3094.052,5072400,53293500,3263491300,36254071900,3065.2307,3099.7447,3062.8474,3047.7035
101155000,3093.8757,3620800,53971300,3267112100,36308043200,3065.2307,3099.7447,3062.8474,3047.7035
101200000,3094.4536,3480300,45826100,3270592400,36353869300,3065.2307,3099.7447,3062.8474,3047.7035
101205000,3094.5574,3857000,44121800,3274449400,36397991100,3065.2307,3099.7447,3062.8474,3047.7035
101210000,3095.1783,6602000,83169400,3281051400,36481160500,3065.2307,3099.7447,3062.8474,3047.7035
101215000,3095.3595,3392500,43683100,3284443900,36524843600,3065.2307,3099.7447,3062.8474,3047.7035
101220000,3095.2311,4532900,70752100,3288976800,36595595700,3065.2307,3099.7447,3062.8474,3047.7035
101225000,3095.1745,4068500,53834400,3293045300,36649430100,3065.2307,3099.7447,3062.8474,3047.7035
101230000,3095.2362,3215200,40129200,3296260500,36689559300,3065.2307,3099.7447,3062.8474,3047.7035
101235000,3095.1833,2965400,42004700,3299225900,36731564000,3065.2307,3099.7447,3062.8474,3047.7035
101240000,3095.2382,3391800,49272800,3302617700,36780836800,3065.2307,3099.7447,3062.8474,3047.7035
101245000,3095.0776,3507500,40486900,3306125200,36821323700,3065.2307,3099.7447,3062.8474,3047.7035
101250000,3095.961,3137500,39938000,3309262700,36861261700,3065.2307,3099.7447,3062.8474,3047.7035
101255000,3095.8149,3685200,51253500,3312947900,36912515200,3065.2307,3099.7447,3062.8474,3047.7035
101300000,3095.6416,3825100,47241300,3316773000,36959756500,3065.2307,3099.7447,3062.8474,3047.7035
101305000,3095.684,3631000,39748000,3320404000,36999504500,3065.2307,3099.7447,3062.8474,3047.7035
101310000,3095.3179,3332100,55715700,3323736100,37055220200,3065.2307,3099.7447,3062.8474,3047.7035
101315000,3095.7876,2507300,30604000,3326243400,37085824200,3065.2307,3099.7447,3062.8474,3047.7035
101320000,3095.7873,6090500,92870300,3332333900,37178694500,3065.2307,3099.7447,3062.8474,3047.7035
101325000,3095.6411,5506900,45898500,3337840800,37224593000,3065.2307,3099.7447,3062.8474,3047.7035
101330000,3095.8103,13691400,69050800,3351532200,37293643800,3065.2307,3099.7447,3062.8474,3047.7035
101335000,3095.6691,3963700,39276800,3355495900,37332920600,3065.2307,3099.7447,3062.8474,3047.7035
101340000,3095.8488,5073400,58045200,3360569300,37390965800,3065.2307,3099.7447,3062.8474,3047.7035
101345000,3095.7483,2091600,30525100,3362660900,37421490900,3065.2307,3099.7447,3062.8474,3047.7035
101350000,3096.0951,4479900,54663500,3367140800,37476154400,3065.2307,3099.7447,3062.8474,3047.7035
101355000,3096.1597,3988300,43629000,3371129100,37519783400,3065.2307,3099.7447,3062.8474,3047.7035
101400000,3096.3237,3786900,49324200,3374916000,37569107600,3065.2307,3099.7447,3062.8474,3047.7035
101405000,3096.0895,4430500,49690100,3379346500,37618797700,3065.2307,3099.7447,3062.8474,3047.7035
101410000,3096.2924,6370700,71976900,3385717200,37690774600,3065.2307,3099.7447,3062.8474,3047.7035
101415000,3096.3105,3168800,36808400,3388886000,37727583000,3065.2307,3099.7447,3062.8474,3047.7035
101420000,3095.7207,4099900,46998400,3392985900,37774581400,3065.2307,3099.7447,3062.8474,3047.7035
101425000,3095.8507,5154200,56651500,3398140100,37831232900,3065.2307,3099.7447,3062.8474,3047.7035
101430000,3095.9215,4019600,54400300,3402159700,37885633200,3065.2307,3099.7447,3062.8474,3047.7035
101435000,3095.7688,3203300,37813900,3405363000,37923447100,3065.2307,3099.7447,3062.8474,3047.7035
101440000,3095.5607,5238200,59102800,3410601200,37982549900,3065.2307,3099.7447,3062.8474,3047.7035
101445000,3096.2601,2625300,34858400,3413226500,38017408300,3065.2307,3099.7447,3062.8474,3047.7035
101450000,3095.801,6808900,61345300,3420035400,38078753600,3065.2307,3099.7447,3062.8474,3047.7035
101455000,3096.0412,3983500,45110800,3424018900,38123864400,3065.2307,3099.7447,3062.8474,3047.7035
101500000,3095.7953,3905000,42887000,3427923900,38166751400,3065.2307,3099.7447,3062.8474,3047.7035
101505000,3095.4602,3508500,44017200,3431432400,38210768600,3065.2307,3099.7447,3062.8474,3047.7035
101510000,3095.724,4439400,53397100,3435871800,38264165700,3065.2307,3099.7447,3062.8474,3047.7035
101515000,3095.8229,3394600,47168100,3439266400,38311333800,3065.2307,3099.7447,3062.8474,3047.7035
101520000,3095.3548,4490200,51578600,3443756600,38362912400,3065.2307,3099.7447,3062.8474,3047.7035
101525000,3095.4186,10445800,77947600,3454202400,38440860000,3065.2307,3099.7447,3062.8474,3047.7035
101530000,3095.5345,7681700,59051400,3461884100,38499911400,3065.2307,3099.7447,3062.8474,3047.7035
101535000,3095.5077,4021400,43001800,3465905500,38542913200,3065.2307,3099.7447,3062.8474,3047.7035
101540000,3095.1022,4353000,51384000,3470258500,38594297200,3065.2307,3099.7447,3062.8474,3047.7035
101545000,3094.9044,2821900,34170000,3473080400,38628467200,3065.2307,3099.7447,3062.8474,3047.7035
101550000,3094.8064,5001700,51453500,3478082100,38679920700,3065.2307,3099.7447,3062.8474,3047.7035
101555000,3094.6277,3417300,45563600,3481499400,38725484300,3065.2307,3099.7447,3062.8474,3047.7035
101600000,3094.7538,3323000,40136600,3484822400,38765620900,3065.2307,3099.7447,3062.8474,3047.7035
101605000,3094.2363,3980200,40322100,3488802600,38805943000,3065.2307,3099.7447,3062.8474,3047.7035
101610000,3094.4517,4568100,63184700,3493370700,38869127700,3065.2307,3099.7447,3062.8474,3047.7035
101615000,3094.3265,2299400,25659600,3495670100,38894787300,3065.2307,3099.7447,3062.8474,3047.7035
101620000,3094.4096,4185600,52250100,3499855700,38947037400,3065.2307,3099.7447,3062.8474,3047.7035
101625000,3094.6532,4597500,45336500,3504453200,38992373900,3065.2307,3099.7447,3062.8474,3047.7035
101630000,3095.2667,4637000,47660500,3509090200,39040034400,3065.2307,3099.7447,3062.8474,3047.7035
101635000,3094.6728,4216600,39269000,3513306800,39079303400,3065.2307,3099.7447,3062.8474,3047.7035
101640000,3094.8569,5221000,52590300,3518527800,39131893700,3065.2307,3099.7447,3062.8474,3047.7035
101645000,3094.8023,3133300,34618100,3521661100,39166511800,3065.2307,3099.7447,3062.8474,3047.7035
101650000,3094.91,4596200,46900500,3526257300,39213412300,3065.2307,3099.7447,3062.8474,3047.7035
101655000,3094.9913,3861400,48362800,3530118700,39261775100,3065.2307,3099.7447,3062.8474,3047.7035
101700000,3095.1598,5480300,51232100,3535599000,39313007200,3065.2307,3099.7447,3062.8474,3047.7035
101705000,3095.3441,4909800,43525500,3540508800,39356532700,3065.2307,3099.7447,3062.8474,3047.7035
101710000,3095.6128,11730600,99297400,3552239400,39455830100,3065.2307,3099.7447,3062.8474,3047.7035
101715000,3095.6338,4870600,50375100,3557110000,39506205200,3065.2307,3099.7447,3062.8474,3047.7035
101720000,3095.9923,14038800,94559100,3571148800,39600764300,3065.2307,3099.7447,3062.8474,3047.7035
101725000,3096.4908,4866200,58145500,3576015000,39658909800,3065.2307,3099.7447,3062.8474,3047.7035
101730000,3096.8741,10673000,78048800,3586688000,39736958600,3065.2307,3099.7447,3062.8474,3047.7035
101735000,3096.3512,5540900,50869300,3592228900,39787827900,3065.2307,3099.7447,3062.8474,3047.7035
101740000,3096.2336,7194300,62845000,3599423200,39850672900,3065.2307,3099.7447,3062.8474,3047.7035
101745000,3096.0715,6343600,48812400,3605766800,39899485300,3065.2307,3099.7447,3062.8474,3047.7035
101750000,3096.403,6808400,69032200,3612575200,39968517500,3065.2307,3099.7447,3062.8474,3047.7035
101755000,3096.1678,5546400,63603600,3618121600,40032121100,3065.2307,3099.7447,3062.8474,3047.7035
101800000,3096.2416,4625000,49786400,3622746600,40081907500,3065.2307,3099.7447,3062.8474,3047.7035
101805000,3096.1316,3626400,58198400,3626373000,40140105900,3065.2307,3099.7447,3062.8474,3047.7035
101810000,3095.8937,4566900,48273200,3630939900,40188379100,3065.2307,3099.7447,3062.8474,3047.7035
101815000,3096.2384,3521700,40332500,3634461600,40228711600,3065.2307,3099.7447,3062.8474,3047.7035
101820000,3096.3234,5684800,56076900,3640146400,40284788500,3065.2307,3099.7447,3062.8474,3047.7035
101825000,3097.001,5057700,60236300,3645204100,40345024800,3065.2307,3099.7447,3062.8474,3047.7035
101830000,3096.7115,4738900,55565500,3649943000,40400590300,3065.2307,3099.7447,3062.8474,3047.7035
101835000,3096.8454,4040200,39937400,3653983200,40440527700,3065.2307,3099.7447,3062.8474,3047.7035
101840000,3096.8465,9470100,87031300,3663453300,40527559000,3065.2307,3099.7447,3062.8474,3047.7035
101845000,3096.6646,3493600,41418900,3666946900,40568977900,3065.2307,3099.7447,3062.8474,3047.7035
101850000,3097.431,4338300,59328900,3671285200,40628306800,3065.2307,3099.7447,3062.8474,3047.7035
101855000,3097.775,5001000,67288900,3676286200,40695595700,3065.2307,3099.7447,3062.8474,3047.7035
101900000,3098.3401,6330300,69749300,3682616500,40765345000,3065.2307,3099.7447,3062.8474,3047.7035
101905000,3098.3427,6793600,64713500,3689410100,40830058500,3065.2307,3099.7447,3062.8474,3047.7035
101910000,3098.8752,5995400,67809100,3695405500,40897867600,3065.2307,3099.7447,3062.8474,3047.7035
101915000,3098.5051,4655900,45035000,3700061400,40942902600,3065.2307,3099.7447,3062.8474,3047.7035
101920000,3098.1594,3610400,48223100,3703671800,40991125700,3065.2307,3099.7447,3062.8474,3047.7035
101925000,3098.0867,4381700,52007200,3708053500,41043132900,3065.2307,3099.7447,3062.8474,3047.7035
101930000,3098.3815,3061000,42770900,3711114500,41085903800,3065.2307,3099.7447,3062.8474,3047.7035
101935000,3098.6453,4692600,54187900,3715807100,41140091700,3065.2307,3099.7447,3062.8474,3047.7035
101940000,3098.2372,6422900,66388400,3722230000,41206480100,3065.2307,3099.7447,3062.8474,3047.7035
101945000,3098.6643,2871000,33523200,3725101000,41240003300,3065.2307,3099.7447,3062.8474,3047.7035
101950000,3098.9189,3465900,45589700,3728566900,41285593000,3065.2307,3099.7447,3062.8474,3047.7035
101955000,3098.579,4379600,50510500,3732946500,41336103500,3065.2307,3099.7447,3062.8474,3047.7035
102000000,3098.568,5373900,54113400,3738320400,41390216900,3065.2307,3099.7447,3062.8474,3047.7035
102005000,3099.1973,4612300,41640700,3742932700,41431857600,3065.2307,3099.7447,3062.8474,3047.7035
102010000,3098.9677,6134000,59084900,3749066700,41490942500,3065.2307,3099.7447,3062.8474,3047.7035
102015000,3099.1202,3040800,32832400,3752107500,41523774900,3065.2307,3099.7447,3062.8474,3047.7035
102020000,3098.7492,4647000,54030600,3756754500,41577805500,3065.2307,3099.7447,3062.8474,3047.7035
102025000,3097.9712,4984000,55190700,3761738500,41632996200,3065.2307,3099.7447,3062.8474,3047.7035
102030000,3098.1414,4086500,53852100,3765825000,41686848300,3065.2307,3099.7447,3062.8474,3047.7035
102035000,3097.3846,5677500,52881600,3771502500,41739729900,3065.2307,3099.7447,3062.8474,3047.7035
102040000,3097.5987,5332600,67246800,3776835100,41806976700,3065.2307,3099.7447,3062.8474,3047.7035
102045000,3097.1967,2774300,34760800,3779609400,41841737500,3065.2307,3099.7447,3062.8474,3047.7035
102050000,3096.9203,4744200,52815300,3784353600,41894552800,3065.2307,3099.7447,3062.8474,3047.7035
102055000,3097.0898,3645500,43651700,3787999100,41938204500,3065.2307,3099.7447,3062.8474,3047.7035
102100000,3097.5162,5442300,59741800,3793441400,41997946300,3065.2307,3099.7447,3062.8474,3047.7035
102105000,3097.0435,3413500,38369300,3796854900,42036315600,3065.2307,3099.7447,3062.8474,3047.7035
102110000,3097.1372,3779500,38362400,3800634400,42074678000,3065.2307,3099.7447,3062.8474,3047.7035
102115000,3097.0329,3335300,37927200,3803969700,42112605200,3065.2307,3099.7447,3062.8474,3047.7035
102120000,3096.8712,3776600,41834100,3807746300,42154439300,3065.2307,3099.7447,3062.8474,3047.7035
102125000,3096.3869,4200800,43596300,3811947100,42198035600,3065.2307,3099.7447,3062.8474,3047.7035
102130000,3096.7995,3144600,39726500,3815091700,42237762100,3065.2307,3099.7447,3062.8474,3047.7035
102135000,3096.3195,3957400,37276000,3819049100,42275038100,3065.2307,3099.7447,3062.8474,3047.7035
102140000,3096.5907,5124300,47352900,3824173400,42322391000,3065.2307,3099.7447,3062.8474,3047.7035
102145000,3096.1655,1842700,24081800,3826016100,42346472800,3065.2307,3099.7447,3062.8474,3047.7035
102150000,3096.1685,3137800,37041000,3829153900,42383513800,3065.2307,3099.7447,3062.8474,3047.7035
102155000,3096.368,2762000,33137100,3831915900,42416650900,3065.2307,3099.7447,3062.8474,3047.7035
102200000,3096.2418,3974100,42657000,3835890000,42459307900,3065.2307,3099.7447,3062.8474,3047.7035
102205000,3096.231,3016100,29607400,3838906100,42488915300,3065.2307,3099.7447,3062.8474,3047.7035
102210000,3095.9909,3653900,37426800,3842560000,42526342100,3065.2307,3099.7447,3062.8474,3047.7035
102215000,3096.0085,5229200,31072800,3847789200,42557414900,3065.2307,3099.7447,3062.8474,3047.7035
102220000,3096.2305,5857000,50958300,3853646200,42608373200,3065.2307,3099.7447,3062.8474,3047.7035
102225000,3096.0217,3758100,33186600,3857404300,42641559800,3065.2307,3099.7447,3062.8474,3047.7035
102230000,3095.9931,4475200,40908700,3861879500,42682468500,3065.2307,3099.7447,3062.8474,3047.7035
102235000,3096.0286,2338200,25610900,3864217700,42708079400,3065.2307,3099.7447,3062.8474,3047.7035
102240000,3096.3759,2674300,32146700,3866892000,42740226100,3065.2307,3099.7447,3062.8474,3047.7035
102245000,3095.6154,2543500,28276700,3869435500,42768502800,3065.2307,3099.7447,3062.8474,3047.7035
102250000,3095.4759,3761000,42821300,3873196500,42811324100,3065.2307,3099.7447,3062.8474,3047.7035
102255000,3095.3151,2734700,34426400,3875931200,42845750500,3065.2307,3099.7447,3062.8474,3047.7035
102300000,3095.6163,3084600,45717200,3879015800,42891467700,3065.2307,3099.7447,3062.8474,3047.7035
102305000,3095.9077,2809500,27701600,3881825300,42919169300,3065.2307,3099.7447,3062.8474,3047.7035
102310000,3095.9129,3459400,38035200,3885284700,42957204500,3065.2307,3099.7447,3062.8474,3047.7035
102315000,3095.1731,2270700,28047500,3887555400,42985252000,3065.2307,3099.7447,3062.8474,3047.7035
102320000,3096.6512,6788100,56342100,3894343500,43041594100,3065.2307,3099.7447,3062.8474,3047.7035
102325000,3096.3917,5624200,55615100,3899967700,43097209200,3065.2307,3099.7447,3062.8474,3047.7035
102330000,3096.7933,3872900,41396900,3903840600,43138606100,3065.2307,3099.7447,3062.8474,3047.7035
102335000,3096.8342,3612700,39146800,3907453300,43177752900,3065.2307,3099.7447,3062.8474,3047.7035
102340000,3096.9227,5009000,52673700,3912462300,43230426600,3065.2307,3099.7447,3062.8474,3047.7035
102345000,3097.4841,2650700,29561200,3915113000,43259987800,3065.2307,3099.7447,3062.8474,3047.7035
102350000,3097.5457,4650000,47938900,3919763000,43307926700,3065.2307,3099.7447,3062.8474,3047.7035
102355000,3098.6889,4840700,57842200,3924603700,43365768900,3065.2307,3099.7447,3062.8474,3047.7035
102400000,3098.2836,7408700,80754300,3932012400,43446523200,3065.2307,3099.7447,3062.8474,3047.7035
102405000,3098.6483,8602600,83973500,3940615000,43530496700,3065.2307,3099.7447,3062.8474,3047.7035
102410000,3099.5963,10858000,106968100,3951473000,43637464800,3065.2307,3099.9953,3062.8474,3047.7035
102415000,3100.2986,4591600,46556400,3956064600,43684021200,3065.2307,3100.4567,3062.8474,3047.7035
102420000,3100.0323,6118900,67135800,3962183500,43751157000,3065.2307,3100.4567,3062.8474,3047.7035
102425000,3100.5751,5953900,70684400,3968137400,43821841400,3065.2307,3100.5751,3062.8474,3047.7035
102430000,3100.2753,5356300,59861700,3973493700,43881703100,3065.2307,3100.5751,3062.8474,3047.7035
102435000,3100.2227,5412200,49158300,3978905900,43930861400,3065.2307,3100.5751,3062.8474,3047.7035
102440000,3100.3375,7251800,77561300,3986157700,44008422700,3065.2307,3100.5751,3062.8474,3047.7035
102445000,3100.3833,5775900,53452900,3991933600,44061875600,3065.2307,3100.5751,3062.8474,3047.7035
102450000,3100.6004,7404400,72216800,3999338000,44134092400,3065.2307,3100.8946,3062.8474,3047.7035
102455000,3100.5165,7000000,77858900,4006338000,44211951300,3065.2307,3100.8946,3062.8474,3047.7035
102500000,3101.3996,6262600,65642000,4012600600,44277593300,3065.2307,3101.6763,3062.8474,3047.7035
102505000,3101.1738,5130700,44806900,4017731300,44322400200,3065.2307,3101.6763,3062.8474,3047.7035
102510000,3101.3367,5733100,62623600,4023464400,44385023800,3065.2307,3101.6763,3062.8474,3047.7035
102515000,3101.5448,5073100,51179100,4028537500,44436202900,3065.2307,3101.6763,3062.8474,3047.7035
102520000,3101.1383,6630500,68951700,4035168000,44505154600,3065.2307,3101.6763,3062.8474,3047.7035
102525000,3101.2549,5581600,57036100,4040749600,44562190700,3065.2307,3101.6763,3062.8474,3047.7035
102530000,3101.4129,5503300,54116500,4046252900,44616307200,3065.2307,3101.6763,3062.8474,3047.7035
102535000,3101.7013,5643400,55326500,4051896300,44671633700,3065.2307,3101.7013,3062.8474,3047.7035
102540000,3101.8811,8911800,73457400,4060808100,44745091100,3065.2307,3101.8811,3062.8474,3047.7035
102545000,3101.7225,3789700,36450200,4064597800,44781541300,3065.2307,3101.8811,3062.8474,3047.7035
102550000,3101.3502,5522900,52107600,4070120700,44833648900,3065.2307,3101.8811,3062.8474,3047.7035
102555000,3101.7245,4172700,45788200,4074293400,44879437100,3065.2307,3101.8811,3062.8474,3047.7035
102600000,3101.7617,5614900,71045900,4079908300,44950483000,3065.2307,3101.8811,3062.8474,3047.7035
102605000,3101.8399,3249400,38039700,4083157700,44988522700,3065.2307,3101.9054,3062.8474,3047.7035
102610000,3102.2619,5032800,53887000,4088190500,45042409700,3065.2307,3102.2619,3062.8474,3047.7035
102615000,3101.7327,3091400,30821600,4091281900,45073231300,3065.2307,3102.2619,3062.8474,3047.7035
102620000,3102.009,4850400,69127100,4096132300,45142358400,3065.2307,3102.2619,3062.8474,3047.7035
102625000,3101.3357,4150700,45281300,4100283000,45187639700,3065.2307,3102.2619,3062.8474,3047.7035
102630000,3101.994,5180200,52970000,4105463200,45240609700,3065.2307,3102.2619,3062.8474,3047.7035
102635000,3102.0097,2974500,33107500,4108437700,45273717200,3065.2307,3102.2619,3062.8474,3047.7035
102640000,3101.867,5210700,53798800,4113648400,45327516000,3065.2307,3102.2619,3062.8474,3047.7035
102645000,3101.6423,2840200,33735100,4116488600,45361251100,3065.2307,3102.2619,3062.8474,3047.7035
102650000,3101.4914,6116900,56535200,4122605500,45417786300,3065.2307,3102.2619,3062.8474,3047.7035
102655000,3101.4662,4527300,51105100,4127132800,45468891400,3065.2307,3102.2619,3062.8474,3047.7035
102700000,3101.3797,4161400,47204300,4131294200,45516095700,3065.2307,3102.2619,3062.8474,3047.7035
102705000,3101.4254,4548600,51958900,4135842800,45568054600,3065.2307,3102.2619,3062.8474,3047.7035
102710000,3101.7811,4215900,48379200,4140058700,45616433800,3065.2307,3102.2619,3062.8474,3047.7035
102715000,3101.8763,3216800,39105600,4143275500,45655539400,3065.2307,3102.2619,3062.8474,3047.7035
102720000,3101.7997,3981300,41014700,4147256800,45696554100,3065.2307,3102.2619,3062.8474,3047.7035
102725000,3101.4839,5606600,45285300,4152863400,45741839400,3065.2307,3102.2619,3062.8474,3047.7035
102730000,3101.6291,5559800,46838400,4158423200,45788677800,3065.2307,3102.2619,3062.8474,3047.7035
102735000,3101.6723,4179300,41039400,4162602500,45829717200,3065.2307,3102.2619,3062.8474,3047.7035
102740000,3101.7994,4465400,46511300,4167067900,45876228500,3065.2307,3102.2619,3062.8474,3047.7035
102745000,3101.8726,2751800,30672000,4169819700,45906900500,3065.2307,3102.2619,3062.8474,3047.7035
102750000,3101.6086,3471100,41078100,4173290800,45947978600,3065.2307,3102.2619,3062.8474,3047.7035
102755000,3101.7422,3277100,38837200,4176567900,45986815800,3065.2307,3102.2619,3062.8474,3047.7035
102800000,3101.3893,4020900,40196600,4180588800,46027012400,3065.2307,3102.2619,3062.8474,3047.7035
102805000,3101.5497,3590300,31777000,4184179100,46058789400,3065.2307,3102.2619,3062.8474,3047.7035
102810000,3102.1382,7787900,59771700,4191967000,46118561100,3065.2307,3102.4476,3062.8474,3047.7035
102815000,3101.72,2390200,28168300,4194357200,46146729400,3065.2307,3102.4476,3062.8474,3047.7035
102820000,3101.9944,4408700,47729500,4198765900,46194458900,3065.2307,3102.4476,3062.8474,3047.7035
102825000,3101.4188,5971800,55877500,4204737700,46250336400,3065.2307,3102.4476,3062.8474,3047.7035
102830000,3102.0108,3310500,35670100,4208048200,46286006500,3065.2307,3102.4476,3062.8474,3047.7035
102835000,3102.4233,6948600,66186000,4214996800,46352192500,3065.2307,3102.4476,3062.8474,3047.7035
102840000,3102.2725,5081900,55156500,4220078700,46407349000,3065.2307,3102.4476,3062.8474,3047.7035
102845000,3101.7501,2291100,30100700,4222369800,46437449700,3065.2307,3102.4476,3062.8474,3047.7035
102850000,3102.6096,4453400,42376900,4226823200,46479826600,3065.2307,3102.8323,3062.8474,3047.7035
102855000,3102.2175,2869200,45550100,4229692400,46525376700,3065.2307,3102.8323,3062.8474,3047.7035
102900000,3102.0662,2170300,28382300,4231862700,46553759000,3065.2307,3102.8323,3062.8474,3047.7035
102905000,3101.9046,2680000,34291400,4234542700,46588050400,3065.2307,3102.8323,3062.8474,3047.7035
102910000,3101.8903,3380200,38732600,4237922900,46626783000,3065.2307,3102.8323,3062.8474,3047.7035
102915000,3102.1836,2333800,28211000,4240256700,46654994000,3065.2307,3102.8323,3062.8474,3047.7035
102920000,3102.088,3470500,44353700,4243727200,46699347700,3065.2307,3102.8323,3062.8474,3047.7035
102925000,3101.9572,4243200,41444300,4247970400,46740792000,3065.2307,3102.8323,3062.8474,3047.7035
102930000,3101.8927,2787800,42937700,4250758200,46783729700,3065.2307,3102.8323,3062.8474,3047.7035
102935000,3102.1647,4083800,37653400,4254842000,46821383100,3065.2307,3102.8323,3062.8474,3047.7035
102940000,3101.9046,5011200,49106300,4259853200,46870489400,3065.2307,3102.8323,3062.8474,3047.7035
102945000,3102.121,2900900,26857100,4262754100,46897346500,3065.2307,3102.8323,3062.8474,3047.7035
102950000,3101.6621,3100900,34131100,4265855000,46931477600,3065.2307,3102.8323,3062.8474,3047.7035
102955000,3101.8538,2779000,36807500,4268634000,46968285100,3065.2307,3102.8323,3062.8474,3047.7035
103000000,3102.2207,3923200,39886000,4272557200,47008171100,3065.2307,3102.8323,3062.8474,3047.7035
103005000,3102.1069,4011800,31214800,4276569000,47039385900,3065.2307,3102.8323,3062.8474,3047.7035
103010000,3102.7614,3872500,46610400,4280441500,47085996300,3065.2307,3102.8323,3062.8474,3047.7035
103015000,3102.124,2446700,27178800,4282888200,47113175100,3065.2307,3102.8323,3062.8474,3047.7035
103020000,3102.3455,4048900,40610300,4286937100,47153785400,3065.2307,3102.8323,3062.8474,3047.7035
103025000,3102.0871,4708000,43411400,4291645100,47197196800,3065.2307,3102.8323,3062.8474,3047.7035
103030000,3102.323,2737200,37922200,4294382300,47235119000,3065.2307,3102.8323,3062.8474,3047.7035
103035000,3101.9165,2325400,27044000,4296707700,47262163000,3065.2307,3102.8323,3062.8474,3047.7035
103040000,3102.1306,4238600,45340600,4300946300,47307503600,3065.2307,3102.8323,3062.8474,3047.7035
103045000,3102.2481,2201300,27224500,4303147600,47334728100,3065.2307,3102.8323,3062.8474,3047.7035
103050000,3101.4773,4007200,42576900,4307154800,47377305000,3065.2307,3102.8323,3062.8474,3047.7035
103055000,3101.6929,3614300,50092400,4310769100,47427397400,3065.2307,3102.8323,3062.8474,3047.7035
103100000,3101.6872,3489000,41854500,4314258100,47469251900,3065.2307,3102.8323,3062.8474,3047.7035
103105000,3101.8669,3307700,36276900,4317565800,47505528800,3065.2307,3102.8323,3062.8474,3047.7035
103110000,3101.5526,3706700,37624200,4321272500,47543153000,3065.2307,3102.8323,3062.8474,3047.7035
103115000,3101.6921,2551100,32566800,4323823600,47575719800,3065.2307,3102.8323,3062.8474,3047.7035
103120000,3101.6602,3761100,43010600,4327584700,47618730400,3065.2307,3102.8323,3062.8474,3047.7035
103125000,3101.8672,4858900,72798600,4332443600,47691529000,3065.2307,3102.8323,3062.8474,3047.7035
103130000,3101.9326,3625100,39735200,4336068700,47731264200,3065.2307,3102.8323,3062.8474,3047.7035
103135000,3101.9425,3189100,41134800,4339257800,47772399000,3065.2307,3102.8323,3062.8474,3047.7035
103140000,3102.3184,3090600,37156100,4342348400,47809555100,3065.2307,3102.8323,3062.8474,3047.7035
103145000,3101.798,1634900,21191000,4343983300,47830746100,3065.2307,3102.8323,3062.8474,3047.7035
103150000,3101.9461,2821700,37975300,4346805000,47868721400,3065.2307,3102.8323,3062.8474,3047.7035
103155000,3101.514,2534200,37093300,4349339200,47905814700,3065.2307,3102.8323,3062.8474,3047.7035
103200000,3101.9788,2745800,38430900,4352085000,47944245600,3065.2307,3102.8323,3062.8474,3047.7035
103205000,3101.7073,3136700,32763700,4355221700,47977009300,3065.2307,3102.8323,3062.8474,3047.7035
103210000,3102.0212,3184700,39955600,4358406400,48016964900,3065.2307,3102.8323,3062.8474,3047.7035
103215000,3102.2944,3842900,43688500,4362249300,48060653400,3065.2307,3102.8323,3062.8474,3047.7035
103220000,3102.0754,4253500,46443400,4366502800,48107096800,3065.2307,3102.8323,3062.8474,3047.7035
103225000,3102.178,3423300,45642200,4369926100,48152739000,3065.2307,3102.8323,3062.8474,3047.7035
103230000,3101.8739,3292100,63736900,4373218200,48216475900,3065.2307,3102.8323,3062.8474,3047.7035
103235000,3102.1482,2946200,35104700,4376164400,48251580600,3065.2307,3102.8323,3062.8474,3047.7035
103240000,3102.2461,3047000,41860600,4379211400,48293441200,3065.2307,3102.8323,3062.8474,3047.7035
103245000,3102.2118,1625000,18308700,4380836400,48311749900,3065.2307,3102.8323,3062.8474,3047.7035
103250000,3102.1355,3092400,38898000,4383928800,48350647900,3065.2307,3102.8323,3062.8474,3047.7035
103255000,3102.0784,2769700,33173200,4386698500,48383821100,3065.2307,3102.8323,3062.8474,3047.7035
103300000,3102.2145,2621700,31334400,4389320200,48415155500,3065.2307,3102.8323,3062.8474,3047.7035
103305000,3102.0801,2362000,27235700,4391682200,48442391200,3065.2307,3102.8323,3062.8474,3047.7035
103310000,3102.1545,5189800,42407200,4396872000,48484798400,3065.2307,3102.8323,3062.8474,3047.7035
103315000,3101.3579,2224500,29008600,4399096500,48513807000,3065.2307,3102.8323,3062.8474,3047.7035
103320000,3101.4248,3849600,44561400,4402946100,48558368400,3065.2307,3102.8323,3062.8474,3047.7035
103325000,3101.3509,4698200,51437100,4407644300,48609805500,3065.2307,3102.8323,3062.8474,3047.7035
103330000,3101.0735,4076700,54422300,4411721000,48664227800,3065.2307,3102.8323,3062.8474,3047.7035
103335000,3100.7817,3761500,36419200,4415482500,48700647000,3065.2307,3102.8323,3062.8474,3047.7035
103340000,3100.6641,4874800,58026800,4420357300,48758673800,3065.2307,3102.8323,3062.8474,3047.7035
103345000,3100.6039,2717900,28474400,4423075200,48787148200,3065.2307,3102.8323,3062.8474,3047.7035
103350000,3100.8913,4321500,42489300,4427396700,48829637500,3065.2307,3102.8323,3062.8474,3047.7035
103355000,3100.4406,3168700,41129500,4430565400,48870767000,3065.2307,3102.8323,3062.8474,3047.7035
103400000,3100.4843,4494300,48758500,4435059700,48919525500,3065.2307,3102.8323,3062.8474,3047.7035
103405000,3100.5067,3062100,34639700,4438121800,48954165200,3065.2307,3102.8323,3062.8474,3047.7035
103410000,3100.5296,2983000,33778600,4441104800,48987943800,3065.2307,3102.8323,3062.8474,3047.7035
103415000,3100.4196,1499500,20471500,4442604300,49008415300,3065.2307,3102.8323,3062.8474,3047.7035
103420000,3100.7542,3243800,41001200,4445848100,49049416500,3065.2307,3102.8323,3062.8474,3047.7035
103425000,3100.4315,4210300,38495200,4450058400,49087911700,3065.2307,3102.8323,3062.8474,3047.7035
103430000,3100.2386,2305100,31003100,4452363500,49118914800,3065.2307,3102.8323,3062.8474,3047.7035
103435000,3100.7476,2461900,35228400,4454825400,49154143200,3065.2307,3102.8323,3062.8474,3047.7035
103440000,3100.7351,3114700,34975200,4457940100,49189118400,3065.2307,3102.8323,3062.8474,3047.7035
103445000,3100.8394,2149500,24987100,4460089600,49214105500,3065.2307,3102.8323,3062.8474,3047.7035
103450000,3100.575,4262900,43593700,4464352500,49257699200,3065.2307,3102.8323,3062.8474,3047.7035
103455000,3100.6619,3096900,39991900,4467449400,49297691100,3065.2307,3102.8323,3062.8474,3047.7035
103500000,3100.7355,2661600,29285500,4470111000,49326976600,3065.2307,3102.8323,3062.8474,3047.7035
103505000,3100.5706,2494700,31309500,4472605700,49358286100,3065.2307,3102.8323,3062.8474,3047.7035
103510000,3100.5807,2159000,29282000,4474764700,49387568100,3065.2307,3102.8323,3062.8474,3047.7035
103515000,3100.6186,2028300,27136900,4476793000,49414705000,3065.2307,3102.8323,3062.8474,3047.7035
103520000,3100.7219,2930400,33574700,4479723400,49448279700,3065.2307,3102.8323,3062.8474,3047.7035
103525000,3100.5021,4251700,45024200,4483975100,49493303900,3065.2307,3102.8323,3062.8474,3047.7035
103530000,3100.6937,3033800,32594600,4487008900,49525898500,3065.2307,3102.8323,3062.8474,3047.7035
103535000,3100.7801,3371900,35467300,4490380800,49561365800,3065.2307,3102.8323,3062.8474,3047.7035
103540000,3101.0788,3968900,49853900,4494349700,49611219700,3065.2307,3102.8323,3062.8474,3047.7035
103545000,3101.3706,3038600,43507500,4497388300,49654727200,3065.2307,3102.8323,3062.8474,3047.7035
103550000,3102.7746,5500900,69060100,4502889200,49723787300,3065.2307,3102.8323,3062.8474,3047.7035
103555000,3103.4765,9559200,123042800,4512448400,49846830100,3065.2307,3103.7968,3062.8474,3047.7035
103600000,3104.2627,8725500,109415100,4521173900,49956245200,3065.2307,3104.3683,3062.8474,3047.7035
103605000,3104.1616,5574500,66457000,4526748400,50022702200,3065.2307,3104.3683,3062.8474,3047.7035
103610000,3103.9923,5650100,64599600,4532398500,50087301800,3065.2307,3104.4541,3062.8474,3047.7035
103615000,3105.1448,3606300,49038400,4536004800,50136340200,3065.2307,3105.1448,3062.8474,3047.7035
103620000,3104.9195,5679600,65268700,4541684400,50201608900,3065.2307,3105.1448,3062.8474,3047.7035
103625000,3105.0577,5975400,61122600,4547659800,50262731500,3065.2307,3105.1448,3062.8474,3047.7035
103630000,3105.2912,3902300,51071200,4551562100,50313802700,3065.2307,3105.2912,3062.8474,3047.7035
103635000,3105.1929,4195300,52563800,4555757400,50366366500,3065.2307,3105.2912,3062.8474,3047.7035
103640000,3105.5302,5682300,71669800,4561439700,50438036300,3065.2307,3105.6298,3062.8474,3047.7035
103645000,3105.7913,3776100,57628200,4565215800,50495664500,3065.2307,3105.7913,3062.8474,3047.7035
103650000,3105.6709,4239500,56472000,4569455300,50552136500,3065.2307,3105.7913,3062.8474,3047.7035
103655000,3106.2694,4199700,47921100,4573655000,50600057600,3065.2307,3106.2694,3062.8474,3047.7035
103700000,3106.4621,5307600,62070700,4578962600,50662128300,3065.2307,3106.4621,3062.8474,3047.7035
103705000,3106.196,3694000,40072500,4582656600,50702200800,3065.2307,3106.4621,3062.8474,3047.7035
103710000,3106.5784,5770300,81024000,4588426900,50783224800,3065.2307,3106.6612,3062.8474,3047.7035
103715000,3106.6508,6878500,48793900,4595305400,50832018700,3065.2307,3106.6612,3062.8474,3047.7035
103720000,3107.0222,3769000,68577600,4599074400,50900596300,3065.2307,3107.0222,3062.8474,3047.7035
103725000,3107.1534,3814700,53057500,4602889100,50953653800,3065.2307,3107.2156,3062.8474,3047.7035
103730000,3107.3636,4429300,57824700,4607318400,51011478500,3065.2307,3107.4109,3062.8474,3047.7035
103735000,3107.2618,4785800,55423800,4612104200,51066902300,3065.2307,3107.4109,3062.8474,3047.7035
103740000,3107.1534,4652000,59588000,4616756200,51126490300,3065.2307,3107.4109,3062.8474,3047.7035
103745000,3106.9657,3105000,37158500,4619861200,51163648800,3065.2307,3107.4109,3062.8474,3047.7035
103750000,3107.0285,4865100,50680100,4624726300,51214328900,3065.2307,3107.4109,3062.8474,3047.7035
103755000,3107.2924,3567700,49029500,4628294000,51263358400,3065.2307,3107.4109,3062.8474,3047.7035
103800000,3106.9179,4764000,48241800,4633058000,51311600200,3065.2307,3107.4109,3062.8474,3047.7035
103805000,3106.8799,4119000,47495200,4637177000,51359095400,3065.2307,3107.4109,3062.8474,3047.7035
103810000,3107.2045,5496700,62660500,4642673700,51421755900,3065.2307,3107.4109,3062.8474,3047.7035
103815000,3107.4007,3127500,42437700,4645801200,51464193600,3065.2307,3107.4167,3062.8474,3047.7035
103820000,3107.5364,5631600,65824000,4651432800,51530017600,3065.2307,3107.6193,3062.8474,3047.7035
103825000,3107.4643,5568500,57688300,4657001300,51587705900,3065.2307,3107.6193,3062.8474,3047.7035
103830000,3107.4326,4281700,45020900,4661283000,51632726800,3065.2307,3107.6193,3062.8474,3047.7035
103835000,3107.7898,5857500,53081100,4667140500,51685807900,3065.2307,3107.7898,3062.8474,3047.7035
103840000,3107.7658,6375000,58031700,4673515500,51743839600,3065.2307,3107.7898,3062.8474,3047.7035
103845000,3107.4019,3309100,43309900,4676824600,51787149500,3065.2307,3107.7898,3062.8474,3047.7035
103850000,3107.4804,5821300,57703400,4682645900,51844852900,3065.2307,3107.7898,3062.8474,3047.7035
103855000,3107.4163,3007600,52175500,4685653500,51897028400,3065.2307,3107.7898,3062.8474,3047.7035
103900000,3107.1641,2922600,34513800,4688576100,51931542200,3065.2307,3107.7898,3062.8474,3047.7035
103905000,3107.1552,2685500,37017800,4691261600,51968560000,3065.2307,3107.7898,3062.8474,3047.7035
103910000,3107.3816,4123800,54724300,4695385400,52023284300,3065.2307,3107.7898,3062.8474,3047.7035
103915000,3107.2173,2994700,33732100,4698380100,52057016400,3065.2307,3107.7898,3062.8474,3047.7035
103920000,3107.7691,3990700,51433600,4702370800,52108450000,3065.2307,3107.8293,3062.8474,3047.7035
103925000,3107.7002,3769900,52755600,4706140700,52161205600,3065.2307,3107.8293,3062.8474,3047.7035
103930000,3107.584,4656600,43113100,4710797300,52204318700,3065.2307,3107.8293,3062.8474,3047.7035
103935000,3107.62,2998600,34174400,4713795900,52238493100,3065.2307,3107.8293,3062.8474,3047.7035
103940000,3108.0492,3283100,36499900,4717079000,52274993000,3065.2307,3108.0492,3062.8474,3047.7035
103945000,3107.4419,2880500,34574800,4719959500,52309567800,3065.2307,3108.0492,3062.8474,3047.7035
103950000,3107.6451,3792600,48100200,4723752100,52357668000,3065.2307,3108.0492,3062.8474,3047.7035
103955000,3107.3989,3924200,49147000,4727676300,52406815000,3065.2307,3108.0492,3062.8474,3047.7035
104000000,3108.0546,4954000,51837400,4732630300,52458652400,3065.2307,3108.2516,3062.8474,3047.7035
104005000,3108.423,7035600,69277300,4739665900,52527929700,3065.2307,3108.4595,3062.8474,3047.7035
104010000,3108.2974,5646300,57429900,4745312200,52585359600,3065.2307,3108.6604,3062.8474,3047.7035
104015000,3108.7666,3514600,40610900,4748826800,52625970500,3065.2307,3108.8087,3062.8474,3047.7035
104020000,3109.5393,7033500,69598300,4755860300,52695568800,3065.2307,3109.5563,3062.8474,3047.7035
104025000,3109.2382,4915900,59863200,4760776200,52755432000,3065.2307,3109.5563,3062.8474,3047.7035
104030000,3109.1643,3835400,59499200,4764611600,52814931200,3065.2307,3109.5563,3062.8474,3047.7035
104035000,3109.3512,3854900,42153900,4768466500,52857085100,3065.2307,3109.5884,3062.8474,3047.7035
104040000,3109.4126,4720900,100621800,4773187400,52957706900,3065.2307,3109.5884,3062.8474,3047.7035
104045000,3109.6362,9396500,60508300,4782583900,53018215200,3065.2307,3109.6362,3062.8474,3047.7035
104050000,3110.6348,7287300,89437900,4789871200,53107653100,3065.2307,3110.6348,3062.8474,3047.7035
104055000,3110.1192,5604800,77361900,4795476000,53185015000,3065.2307,3110.6348,3062.8474,3047.7035
104100000,3110.9674,5564100,59403700,4801040100,53244418700,3065.2307,3110.9674,3062.8474,3047.7035
104105000,3111.1241,9438400,87842800,4810478500,53332261500,3065.2307,3111.1241,3062.8474,3047.7035
104110000,3111.364,5477600,73377500,4815956100,53405639000,3065.2307,3111.5434,3062.8474,3047.7035
104115000,3111.2337,4337800,53479800,4820293900,53459118800,3065.2307,3111.5434,3062.8474,3047.7035
104120000,3111.5152,7645500,75405200,4827939400,53534524000,3065.2307,3111.6421,3062.8474,3047.7035
104125000,3111.116,7422100,76870900,4835361500,53611394900,3065.2307,3111.6421,3062.8474,3047.7035
104130000,3110.9549,8905900,77712400,4844267400,53689107300,3065.2307,3111.6421,3062.8474,3047.7035
104135000,3111.1633,3547200,41621900,4847814600,53730729200,3065.2307,3111.6421,3062.8474,3047.7035
104140000,3111.0238,4463000,50420600,4852277600,53781149800,3065.2307,3111.6421,3062.8474,3047.7035
104145000,3111.5278,4671400,50631500,4856949000,53831781300,3065.2307,3111.6421,3062.8474,3047.7035
104150000,3111.3222,4166800,46809500,4861115800,53878590800,3065.2307,3111.6421,3062.8474,3047.7035
104155000,3111.3146,6261900,77229900,4867377700,53955820700,3065.2307,3111.6421,3062.8474,3047.7035
104200000,3111.1461,4086300,61075200,4871464000,54016895900,3065.2307,3111.6421,3062.8474,3047.7035
104205000,3111.4788,5173100,50031900,4876637100,54066927800,3065.2307,3111.6421,3062.8474,3047.7035
104210000,3111.3872,4815200,56302100,4881452300,54123229900,3065.2307,3111.6421,3062.8474,3047.7035
104215000,3111.1945,3371800,49865900,4884824100,54173095800,3065.2307,3111.6421,3062.8474,3047.7035
104220000,3111.4479,5692800,59857400,4890516900,54232953200,3065.2307,3111.6421,3062.8474,3047.7035
104225000,3111.3025,4455600,47046800,4894972500,54280000000,3065.2307,3111.6421,3062.8474,3047.7035
104230000,3111.5614,4123600,51142500,4899096100,54331142500,3065.2307,3111.6421,3062.8474,3047.7035
104235000,3111.455,5138900,52032700,4904235000,54383175200,3065.2307,3111.6421,3062.8474,3047.7035
104240000,3112.2083,6310300,65977400,4910545300,54449152600,3065.2307,3112.2972,3062.8474,3047.7035
104245000,3112.3933,4342500,43892900,4914887800,54493045500,3065.2307,3112.4103,3062.8474,3047.7035
104250000,3113.2257,10569100,92926600,4925456900,54585972100,3065.2307,3113.2257,3062.8474,3047.7035
104255000,3112.379,6875500,71753300,4932332400,54657725400,3065.2307,3113.2257,3062.8474,3047.7035
104300000,3113.0557,7067600,62060800,4939400000,54719786200,3065.2307,3113.2257,3062.8474,3047.7035
104305000,3112.6578,7450000,60466800,4946850000,54780253000,3065.2307,3113.2257,3062.8474,3047.7035
104310000,3112.5846,18043400,88873000,4964893400,54869126000,3065.2307,3113.2257,3062.8474,3047.7035
104315000,3112.4213,4721300,39416600,4969614700,54908542600,3065.2307,3113.2257,3062.8474,3047.7035
104320000,3112.5436,6465100,66458700,4976079800,54975001300,3065.2307,3113.2257,3062.8474,3047.7035
104325000,3112.0434,5403700,63463400,4981483500,55038464700,3065.2307,3113.2257,3062.8474,3047.7035
104330000,3112.3864,5362000,61912000,4986845500,55100376700,3065.2307,3113.2257,3062.8474,3047.7035
104335000,3111.5116,5180000,58013700,4992025500,55158390400,3065.2307,3113.2257,3062.8474,3047.7035
104340000,3111.2867,4120900,51461100,4996146400,55209851500,3065.2307,3113.2257,3062.8474,3047.7035
104345000,3111.2692,3741800,46774200,4999888200,55256625700,3065.2307,3113.2257,3062.8474,3047.7035
104350000,3110.7288,4857800,53685300,5004746000,55310311000,3065.2307,3113.2257,3062.8474,3047.7035
104355000,3110.9616,5505900,55771800,5010251900,55366082800,3065.2307,3113.2257,3062.8474,3047.7035
104400000,3110.5925,4378100,48549800,5014630000,55414632600,3065.2307,3113.2257,3062.8474,3047.7035
104405000,3110.6948,4849300,57970200,5019479300,55472602800,3065.2307,3113.2257,3062.8474,3047.7035
104410000,3110.8104,5321300,58201600,5024800600,55530804400,3065.2307,3113.2257,3062.8474,3047.7035
104415000,3110.8561,3270800,31649700,5028071400,55562454100,3065.2307,3113.2257,3062.8474,3047.7035
104420000,3111.0814,7075500,56520400,5035146900,55618974500,3065.2307,3113.2257,3062.8474,3047.7035
104425000,3110.5258,5798900,45867200,5040945800,55664841700,3065.2307,3113.2257,3062.8474,3047.7035
104430000,3110.4156,3284300,40872400,5044230100,55705714100,3065.2307,3113.2257,3062.8474,3047.7035
104435000,3110.372,3005100,36171500,5047235200,55741885600,3065.2307,3113.2257,3062.8474,3047.7035
104440000,3110.3925,3888900,45880800,5051124100,55787766400,3065.2307,3113.2257,3062.8474,3047.7035
104445000,3110.2565,1931000,25494600,5053055100,55813261000,3065.2307,3113.2257,3062.8474,3047.7035
104450000,3110.2816,2879100,31135200,5055934200,55844396200,3065.2307,3113.2257,3062.8474,3047.7035
104455000,3109.7997,5101800,43698900,5061036000,55888095100,3065.2307,3113.2257,3062.8474,3047.7035
104500000,3110.124,3941300,44059600,5064977300,55932154700,3065.2307,3113.2257,3062.8474,3047.7035
104505000,3109.9027,4021000,38341300,5068998300,55970496000,3065.2307,3113.2257,3062.8474,3047.7035
104510000,3109.8892,4413500,43939400,5073411800,56014435400,3065.2307,3113.2257,3062.8474,3047.7035
104515000,3110.017,3619000,34832300,5077030800,56049267700,3065.2307,3113.2257,3062.8474,3047.7035
104520000,3110.0563,5049800,50284000,5082080600,56099551700,3065.2307,3113.2257,3062.8474,3047.7035
104525000,3109.85,3961700,53996400,5086042300,56153548100,3065.2307,3113.2257,3062.8474,3047.7035
104530000,3109.7148,3559100,35790800,5089601400,56189338900,3065.2307,3113.2257,3062.8474,3047.7035
104535000,3109.8635,2795400,30910000,5092396800,56220248900,3065.2307,3113.2257,3062.8474,3047.7035
104540000,3110.1869,3832800,53978900,5096229600,56274227800,3065.2307,3113.2257,3062.8474,3047.7035
104545000,3110.1661,2761500,33246700,5098991100,56307474500,3065.2307,3113.2257,3062.8474,3047.7035
104550000,3109.8533,3318400,34646700,5102309500,56342121200,3065.2307,3113.2257,3062.8474,3047.7035
104555000,3109.6589,4836100,49587500,5107145600,56391708700,3065.2307,3113.2257,3062.8474,3047.7035
104600000,3109.7581,7921200,61298300,5115066800,56453007000,3065.2307,3113.2257,3062.8474,3047.7035
104605000,3109.7515,4709400,43598700,5119776200,56496605700,3065.2307,3113.2257,3062.8474,3047.7035
104610000,3110.1324,4918000,47090800,5124694200,56543696500,3065.2307,3113.2257,3062.8474,3047.7035
104615000,3110.7691,5045900,42043300,5129740100,56585739800,3065.2307,3113.2257,3062.8474,3047.7035
104620000,3110.6723,5067600,47996800,5134807700,56633736600,3065.2307,3113.2257,3062.8474,3047.7035
104625000,3110.9626,4840200,52484200,5139647900,56686220800,3065.2307,3113.2257,3062.8474,3047.7035
104630000,3111.502,7079100,63048900,5146727000,56749269700,3065.2307,3113.2257,3062.8474,3047.7035
104635000,3111.4564,3340400,38189800,5150067400,56787459500,3065.2307,3113.2257,3062.8474,3047.7035
104640000,3111.8075,4925000,55097000,5154992400,56842556500,3065.2307,3113.2257,3062.8474,3047.7035
104645000,3111.2946,3744300,36485100,5158736700,56879041600,3065.2307,3113.2257,3062.8474,3047.7035
104650000,3111.5207,5591300,50815300,5164328000,56929856900,3065.2307,3113.2257,3062.8474,3047.7035
104655000,3111.2064,3941100,47896700,5168269100,56977753600,3065.2307,3113.2257,3062.8474,3047.7035
104700000,3111.4428,4458700,48048100,5172727800,57025801700,3065.2307,3113.2257,3062.8474,3047.7035
104705000,3111.2856,6456900,63285700,5179184700,57089087400,3065.2307,3113.2257,3062.8474,3047.7035
104710000,3111.5357,3631400,42852800,5182816100,57131940200,3065.2307,3113.2257,3062.8474,3047.7035
104715000,3111.3943,2565000,30487700,5185381100,57162427900,3065.2307,3113.2257,3062.8474,3047.7035
104720000,3111.5435,4747800,47999000,5190128900,57210426900,3065.2307,3113.2257,3062.8474,3047.7035
104725000,3111.399,3164100,37201200,5193293000,57247628100,3065.2307,3113.2257,3062.8474,3047.7035
104730000,3111.551,4597300,48517800,5197890300,57296145900,3065.2307,3113.2257,3062.8474,3047.7035
104735000,3111.573,3330400,33781800,5201220700,57329927700,3065.2307,3113.2257,3062.8474,3047.7035
104740000,3111.7772,3424600,38715700,5204645300,57368643400,3065.2307,3113.2257,3062.8474,3047.7035
104745000,3111.5666,2504700,30113500,5207150000,57398756900,3065.2307,3113.2257,3062.8474,3047.7035
104750000,3111.7561,4294500,43025100,5211444500,57441782000,3065.2307,3113.2257,3062.8474,3047.7035
104755000,3111.4393,4477600,48653400,5215922100,57490435400,3065.2307,3113.2257,3062.8474,3047.7035
104800000,3111.3224,3303000,38347000,5219225100,57528782400,3065.2307,3113.2257,3062.8474,3047.7035
104805000,3111.1067,3293400,40444300,5222518500,57569226700,3065.2307,3113.2257,3062.8474,3047.7035
104810000,3111.6768,5194300,52024700,5227712800,57621251400,3065.2307,3113.2257,3062.8474,3047.7035
104815000,3111.1845,2766900,30393700,5230479700,57651645100,3065.2307,3113.2257,3062.8474,3047.7035
104820000,3111.6532,4984800,45249200,5235464500,57696894300,3065.2307,3113.2257,3062.8474,3047.7035
104825000,3111.2132,3267900,39559300,5238732400,57736453600,3065.2307,3113.2257,3062.8474,3047.7035
104830000,3110.8851,5101500,48592900,5243833900,57785046500,3065.2307,3113.2257,3062.8474,3047.7035
104835000,3110.9111,3021400,47294200,5246855300,57832340700,3065.2307,3113.2257,3062.8474,3047.7035
104840000,3111.2654,4365500,46433900,5251220800,57878774600,3065.2307,3113.2257,3062.8474,3047.7035
104845000,3111.6471,3802100,37682900,5255022900,57916457500,3065.2307,3113.2257,3062.8474,3047.7035
104850000,3111.3383,3748700,51677000,5258771600,57968134500,3065.2307,3113.2257,3062.8474,3047.7035
104855000,3111.101,3535100,45722500,5262306700,58013857000,3065.2307,3113.2257,3062.8474,3047.7035
104900000,3111.0404,2887700,28949900,5265194400,58042806900,3065.2307,3113.2257,3062.8474,3047.7035
104905000,3111.0053,2467500,31170100,5267661900,58073977000,3065.2307,3113.2257,3062.8474,3047.7035
104910000,3111.3496,3954300,37693900,5271616200,58111670900,3065.2307,3113.2257,3062.8474,3047.7035
104915000,3111.2647,2529200,31651500,5274145400,58143322400,3065.2307,3113.2257,3062.8474,3047.7035
104920000,3111.2967,3369700,44052000,5277515100,58187374400,3065.2307,3113.2257,3062.8474,3047.7035
104925000,3111.1089,3377700,41148600,5280892800,58228523000,3065.2307,3113.2257,3062.8474,3047.7035
104930000,3111.0796,3116600,47864800,5284009400,58276387800,3065.2307,3113.2257,3062.8474,3047.7035
104935000,3111.2672,3413500,36596600,5287422900,58312984400,3065.2307,3113.2257,3062.8474,3047.7035
104940000,3111.1337,3925000,41408600,5291347900,58354393000,3065.2307,3113.2257,3062.8474,3047.7035
104945000,3111.2496,3005500,42316100,5294353400,58396709100,3065.2307,3113.2257,3062.8474,3047.7035
104950000,3111.459,3712700,45562600,5298066100,58442271700,3065.2307,3113.2257,3062.8474,3047.7035
104955000,3111.0892,4464800,47577900,5302530900,58489849600,3065.2307,3113.2257,3062.8474,3047.7035
105000000,3112.16,3278800,41470500,5305809700,58531320100,3065.2307,3113.2257,3062.8474,3047.7035
105005000,3111.6097,2565300,46400100,5308375000,58577720200,3065.2307,3113.2257,3062.8474,3047.7035
105010000,3111.5823,3192300,44179600,5311567300,58621899800,3065.2307,3113.2257,3062.8474,3047.7035
105015000,3112.293,2962200,32004200,5314529500,58653904000,3065.2307,3113.2257,3062.8474,3047.7035
105020000,3112.0996,3674500,42759300,5318204000,58696663300,3065.2307,3113.2257,3062.8474,3047.7035
105025000,3112.017,3992000,49461200,5322196000,58746124500,3065.2307,3113.2257,3062.8474,3047.7035
105030000,3113.1297,3106700,44272900,5325302700,58790397400,3065.2307,3113.2257,3062.8474,3047.7035
105035000,3113.4754,5526100,45129200,5330828800,58835526600,3065.2307,3113.5347,3062.8474,3047.7035
105040000,3113.0977,4025000,48673400,5334853800,58884200000,3065.2307,3113.5347,3062.8474,3047.7035
105045000,3112.7621,3109400,29823600,5337963200,58914023600,3065.2307,3113.5347,3062.8474,3047.7035
105050000,3113.9356,6079800,67218700,5344043000,58981242300,3065.2307,3113.9356,3062.8474,3047.7035
105055000,3113.2685,4782100,65008700,5348825100,59046251000,3065.2307,3113.9356,3062.8474,3047.7035
105100000,3113.9282,5969000,69112400,5354794100,59115363400,3065.2307,3114.0531,3062.8474,3047.7035
105105000,3113.9322,5680100,60484000,5360474200,59175847400,3065.2307,3114.0531,3062.8474,3047.7035
105110000,3114.2076,6391000,66632000,5366865200,59242479400,3065.2307,3114.2076,3062.8474,3047.7035
105115000,3114.4717,3834900,45887700,5370700100,59288367100,3065.2307,3114.4983,3062.8474,3047.7035
105120000,3114.6371,4322900,48876500,5375023000,59337243600,3065.2307,3114.6637,3062.8474,3047.7035
105125000,3114.4957,4960800,81320800,5379983800,59418564400,3065.2307,3114.6637,3062.8474,3047.7035
105130000,3114.7923,4885600,49234000,5384869400,59467798400,3065.2307,3114.8128,3062.8474,3047.7035
105135000,3114.6317,4091900,41050600,5388961300,59508849000,3065.2307,3114.8147,3062.8474,3047.7035
105140000,3115.2859,5921000,64118300,5394882300,59572967300,3065.2307,3115.3544,3062.8474,3047.7035
105145000,3114.9643,3114000,38403400,5397996300,59611370700,3065.2307,3115.3544,3062.8474,3047.7035
105150000,3114.9906,5794500,53897100,5403790800,59665267800,3065.2307,3115.3544,3062.8474,3047.7035
105155000,3115.4452,4776700,65474200,5408567500,59730742000,3065.2307,3115.4452,3062.8474,3047.7035
105200000,3115.4513,7174600,60710500,5415742100,59791452500,3065.2307,3115.4513,3062.8474,3047.7035
105205000,3115.2526,5213500,64644400,5420955600,59856096900,3065.2307,3115.4513,3062.8474,3047.7035
105210000,3115.5152,6601300,55354400,5427556900,59911451300,3065.2307,3115.5152,3062.8474,3047.7035
105215000,3115.5122,5055200,38349700,5432612100,59949801000,3065.2307,3115.5152,3062.8474,3047.7035
105220000,3115.3478,4712400,48374600,5437324500,59998175600,3065.2307,3115.5152,3062.8474,3047.7035
105225000,3115.1798,4190800,58608200,5441515300,60056783800,3065.2307,3115.5152,3062.8474,3047.7035
105230000,3115.1041,5166700,55459100,5446682000,60112242900,3065.2307,3115.5152,3062.8474,3047.7035
105235000,3115.277,3679900,46198200,5450361900,60158441100,3065.2307,3115.5152,3062.8474,3047.7035
105240000,3115.5768,4959900,51184000,5455321800,60209625100,3065.2307,3115.5768,3062.8474,3047.7035
105245000,3115.2355,3545300,42451000,5458867100,60252076100,3065.2307,3115.5768,3062.8474,3047.7035
105250000,3115.3053,5903200,54121000,5464770300,60306197100,3065.2307,3115.5768,3062.8474,3047.7035
105255000,3115.0809,5558800,47331000,5470329100,60353528100,3065.2307,3115.5768,3062.8474,3047.7035
105300000,3115.5146,5677100,59776600,5476006200,60413304700,3065.2307,3115.68,3062.8474,3047.7035
105305000,3114.8922,3522400,41788400,5479528600,60455093100,3065.2307,3115.68,3062.8474,3047.7035
105310000,3115.4925,3821200,53093300,5483349800,60508186400,3065.2307,3115.68,3062.8474,3047.7035
105315000,3115.1376,4034000,45432900,5487383800,60553619300,3065.2307,3115.68,3062.8474,3047.7035
105320000,3115.3867,4315800,53365200,5491699600,60606984500,3065.2307,3115.68,3062.8474,3047.7035
105325000,3115.9783,3916400,45575000,5495616000,60652559500,3065.2307,3115.9783,3062.8474,3047.7035
105330000,3115.2828,4483200,55542700,5500099200,60708102200,3065.2307,3115.9783,3062.8474,3047.7035
105335000,3115.6707,4345600,41870600,5504444800,60749972800,3065.2307,3115.9783,3062.8474,3047.7035
105340000,3115.5181,3667600,41539700,5508112400,60791512500,3065.2307,3115.9783,3062.8474,3047.7035
105345000,3115.6377,4851400,46656600,5512963800,60838169100,3065.2307,3115.9783,3062.8474,3047.7035
105350000,3115.7721,5877300,60565000,5518841100,60898734100,3065.2307,3115.9783,3062.8474,3047.7035
105355000,3115.9745,7402100,75362200,5526243200,60974096300,3065.2307,3116.0171,3062.8474,3047.7035
105400000,3115.6289,5384000,52585200,5531627200,61026681500,3065.2307,3116.0171,3062.8474,3047.7035
105405000,3115.8373,4366100,48270400,5535993300,61074951900,3065.2307,3116.0171,3062.8474,3047.7035
105410000,3116.1351,3981000,44800500,5539974300,61119752400,3065.2307,3116.1351,3062.8474,3047.7035
105415000,3115.916,3838600,41833500,5543812900,61161585900,3065.2307,3116.1351,3062.8474,3047.7035
105420000,3116.6449,4193800,42666900,5548006700,61204252800,3065.2307,3116.6449,3062.8474,3047.7035
105425000,3116.6352,3922500,45418400,5551929200,61249671200,3065.2307,3116.654,3062.8474,3047.7035
105430000,3116.7575,5186600,56888800,5557115800,61306560000,3065.2307,3116.7575,3062.8474,3047.7035
105435000,3116.3212,4271900,41752300,5561387700,61348312300,3065.2307,3116.7575,3062.8474,3047.7035
105440000,3116.8822,7550200,67011500,5568937900,61415323800,3065.2307,3116.9325,3062.8474,3047.7035
105445000,3116.5326,4042500,47363000,5572980400,61462686800,3065.2307,3116.9325,3062.8474,3047.7035
105450000,3116.7123,6691800,61322400,5579672200,61524009200,3065.2307,3116.9325,3062.8474,3047.7035
105455000,3116.611,4927000,64771600,5584599200,61588780800,3065.2307,3116.9325,3062.8474,3047.7035
105500000,3116.8632,6690300,63177300,5591289500,61651958100,3065.2307,3117.3015,3062.8474,3047.7035
105505000,3117.0959,5563200,56809000,5596852700,61708767100,3065.2307,3117.3015,3062.8474,3047.7035
105510000,3116.7754,6501400,66285400,5603354100,61775052500,3065.2307,3117.3015,3062.8474,3047.7035
105515000,3117.2459,4265700,43871000,5607619800,61818923500,3065.2307,3117.3015,3062.8474,3047.7035
105520000,3116.9773,7430700,62571100,5615050500,61881494600,3065.2307,3117.3015,3062.8474,3047.7035
105525000,3117.4677,8520100,84611600,5623570600,61966106200,3065.2307,3117.4677,3062.8474,3047.7035
105530000,3117.5375,9847600,84803800,5633418200,62050910000,3065.2307,3117.7246,3062.8474,3047.7035
105535000,3117.6541,9424800,80132100,5642843000,62131042100,3065.2307,3117.7246,3062.8474,3047.7035
105540000,3117.6196,6720500,70606400,5649563500,62201648500,3065.2307,3117.7246,3062.8474,3047.7035
105545000,3117.9164,6911200,66383600,5656474700,62268032100,3065.2307,3117.9614,3062.8474,3047.7035
105550000,3117.7281,9173000,99271800,5665647700,62367303900,3065.2307,3117.9614,3062.8474,3047.7035
105555000,3117.4361,7610800,67502200,5673258500,62434806100,3065.2307,3117.9614,3062.8474,3047.7035
105600000,3117.6432,8237000,62395700,5681495500,62497201800,3065.2307,3117.9614,3062.8474,3047.7035
105605000,3117.5995,9636800,89760600,5691132300,62586962400,3065.2307,3117.9614,3062.8474,3047.7035
105610000,3117.5792,6281700,62715500,5697414000,62649677900,3065.2307,3117.9614,3062.8474,3047.7035
105615000,3117.5551,6929700,50939200,5704343700,62700617100,3065.2307,3117.9614,3062.8474,3047.7035
105620000,3117.7061,7032200,60561600,5711375900,62761178700,3065.2307,3117.9614,3062.8474,3047.7035
105625000,3117.7115,6190900,74334500,5717566800,62835513200,3065.2307,3117.9614,3062.8474,3047.7035
105630000,3117.5019,6491500,67223300,5724058300,62902736500,3065.2307,3117.9614,3062.8474,3047.7035
105635000,3117.0479,3250900,33200900,5727309200,62935937400,3065.2307,3117.9614,3062.8474,3047.7035
105640000,3116.9727,6419900,62812300,5733729100,62998749700,3065.2307,3117.9614,3062.8474,3047.7035
105645000,3116.8483,5774500,43333300,5739503600,63042083000,3065.2307,3117.9614,3062.8474,3047.7035
105650000,3116.5922,7472900,71389000,5746976500,63113472000,3065.2307,3117.9614,3062.8474,3047.7035
105655000,3116.3842,5798100,62804900,5752774600,63176276900,3065.2307,3117.9614,3062.8474,3047.7035
105700000,3114.9975,6453700,67332100,5759228300,63243609000,3065.2307,3117.9614,3062.8474,3047.7035
105705000,3115.4256,3985800,42226300,5763214100,63285835300,3065.2307,3117.9614,3062.8474,3047.7035
105710000,3115.413,3399500,41414200,5766613600,63327249500,3065.2307,3117.9614,3062.8474,3047.7035
105715000,3115.3903,3191900,34349700,5769805500,63361599200,3065.2307,3117.9614,3062.8474,3047.7035
105720000,3115.4396,4901700,56124900,5774707200,63417724100,3065.2307,3117.9614,3062.8474,3047.7035
105725000,3115.6796,3016800,41401600,5777724000,63459125700,3065.2307,3117.9614,3062.8474,3047.7035
105730000,3115.4897,2782300,35731800,5780506300,63494857500,3065.2307,3117.9614,3062.8474,3047.7035
105735000,3115.0112,3188800,37293500,5783695100,63532151000,3065.2307,3117.9614,3062.8474,3047.7035
105740000,3115.0539,3987200,57439400,5787682300,63589590400,3065.2307,3117.9614,3062.8474,3047.7035
105745000,3115.1412,3507800,30522200,5791190100,63620112600,3065.2307,3117.9614,3062.8474,3047.7035
105750000,3115.0363,3362400,40327000,5794552500,63660439600,3065.2307,3117.9614,3062.8474,3047.7035
105754000,3114.6906,3730100,43495500,5798282600,63703935100,3065.2307,3117.9614,3062.8474,3047.7035
105800000,3114.8868,4874500,46374000,5803157100,63750309100,3065.2307,3117.9614,3062.8474,3047.7035
105805000,3114.1955,4540700,48958500,5807697800,63799267600,3065.2307,3117.9614,3062.8474,3047.7035
105810000,3114.2997,4687900,50592100,5812385700,63849859700,3065.2307,3117.9614,3062.8474,3047.7035
105815000,3113.9449,2613900,32286800,5814999600,63882146500,3065.2307,3117.9614,3062.8474,3047.7035
105820000,3114.162,5113500,58784700,5820113100,63940931200,3065.2307,3117.9614,3062.8474,3047.7035
105824000,3114.0008,3447300,42669900,5823560400,63983601100,3065.2307,3117.9614,3062.8474,3047.7035
105830000,3113.6343,4201900,50377600,5827762300,64033978700,3065.2307,3117.9614,3062.8474,3047.7035
105835000,3112.9217,4067400,61049200,5831829700,64095027900,3065.2307,3117.9614,3062.8474,3047.7035
105840000,3112.392,4335500,50177800,5836165200,64145205700,3065.2307,3117.9614,3062.8474,3047.7035
105845000,3112.3563,3799800,38476000,5839965000,64183681700,3065.2307,3117.9614,3062.8474,3047.7035
105850000,3112.3825,5040700,55023100,5845005700,64238704800,3065.2307,3117.9614,3062.8474,3047.7035
105854000,3112.102,4345500,47659600,5849351200,64286364400,3065.2307,3117.9614,3062.8474,3047.7035
105900000,3111.8409,3785300,39111500,5853136500,64325475900,3065.2307,3117.9614,3062.8474,3047.7035
105905000,3111.8505,3912900,48238500,5857049400,64373714400,3065.2307,3117.9614,3062.8474,3047.7035
105910000,3111.2606,5085400,56996500,5862134800,64430710900,3065.2307,3117.9614,3062.8474,3047.7035
105915000,3111.161,3457100,35408300,5865591900,64466119200,3065.2307,3117.9614,3062.8474,3047.7035
105920000,3111.0692,3505400,39204800,5869097300,64505324000,3065.2307,3117.9614,3062.8474,3047.7035
105925000,3111.2073,2886300,43222000,5871983600,64548546000,3065.2307,3117.9614,3062.8474,3047.7035
105930000,3111.0337,3802300,37688400,5875785900,64586234400,3065.2307,3117.9614,3062.8474,3047.7035
105935000,3110.6634,3750900,41477600,5879536800,64627712000,3065.2307,3117.9614,3062.8474,3047.7035
105940000,3110.709,3232700,39844800,5882769500,64667556800,3065.2307,3117.9614,3062.8474,3047.7035
105945000,3110.49,3440000,29749900,5886209500,64697306700,3065.2307,3117.9614,3062.8474,3047.7035
105950000,3110.3434,3699600,42162700,5889909100,64739469400,3065.2307,3117.9614,3062.8474,3047.7035
105954000,3109.695,5308200,58388200,5895217300,64797857600,3065.2307,3117.9614,3062.8474,3047.7035
110000000,3109.6609,5335000,36847600,5900552300,64834705200,3065.2307,3117.9614,3062.8474,3047.7035
110005000,3109.5832,3727200,32768000,5904279500,64867473200,3065.2307,3117.9614,3062.8474,3047.7035
110009000,3109.5647,3320200,36655700,5907599700,64904128900,3065.2307,3117.9614,3062.8474,3047.7035
110015000,3109.0982,2590900,27227100,5910190600,64931356000,3065.2307,3117.9614,3062.8474,3047.7035
110020000,3109.2436,3429000,37861500,5913619600,64969217500,3065.2307,3117.9614,3062.8474,3047.7035
110024000,3109.4529,3595700,40539600,5917215300,65009757100,3065.2307,3117.9614,3062.8474,3047.7035
110030000,3109.2257,3600900,34835100,5920816200,65044592200,3065.2307,3117.9614,3062.8474,3047.7035
110035000,3108.7704,6058600,45614200,5926874800,65090206400,3065.2307,3117.9614,3062.8474,3047.7035
110040000,3108.7953,3730200,44337100,5930605000,65134543500,3065.2307,3117.9614,3062.8474,3047.7035
110045000,3109.1811,3212200,29832800,5933817200,65164376300,3065.2307,3117.9614,3062.8474,3047.7035
110050000,3108.9095,5023400,41879400,5938840600,65206255700,3065.2307,3117.9614,3062.8474,3047.7035
110054000,3109.043,4309900,37049200,5943150500,65243304900,3065.2307,3117.9614,3062.8474,3047.7035
110100000,3109.0068,4068300,34895000,5947218800,65278199900,3065.2307,3117.9614,3062.8474,3047.7035
110105000,3108.6852,2726800,30990200,5949945600,65309190100,3065.2307,3117.9614,3062.8474,3047.7035
110109000,3108.822,3021000,37040300,5952966600,65346230400,3065.2307,3117.9614,3062.8474,3047.7035
110115000,3108.9557,3501400,25969600,5956468000,65372200000,3065.2307,3117.9614,3062.8474,3047.7035
110120000,3108.8912,4102900,42181800,5960570900,65414381800,3065.2307,3117.9614,3062.8474,3047.7035
110124000,3108.7369,5799200,39984600,5966370100,65454366400,3065.2307,3117.9614,3062.8474,3047.7035
110130000,3108.5955,3026200,31014000,5969396300,65485380400,3065.2307,3117.9614,3062.8474,3047.7035
110135000,3108.2354,2419300,29100100,5971815600,65514480500,3065.2307,3117.9614,3062.8474,3047.7035
110139000,3108.7259,2952700,40594200,5974768300,65555074700,3065.2307,3117.9614,3062.8474,3047.7035
110145000,3108.5757,2660300,37558700,5977428600,65592633400,3065.2307,3117.9614,3062.8474,3047.7035
110150000,3108.5786,4323700,41245200,5981752300,65633878600,3065.2307,3117.9614,3062.8474,3047.7035
110154000,3108.3174,3783400,41467400,5985535700,65675346000,3065.2307,3117.9614,3062.8474,3047.7035
110200000,3108.2457,2597800,31289300,5988133500,65706635300,3065.2307,3117.9614,3062.8474,3047.7035
110205000,3108.1636,3579100,34996900,5991712600,65741632200,3065.2307,3117.9614,3062.8474,3047.7035
110209000,3108.4097,2319400,29523500,5994032000,65771155700,3065.2307,3117.9614,3062.8474,3047.7035
110215000,3108.4443,2379900,24901100,5996411900,65796056800,3065.2307,3117.9614,3062.8474,3047.7035
110220000,3108.145,2577200,32858500,5998989100,65828915300,3065.2307,3117.9614,3062.8474,3047.7035
110224000,3108.2061,1889500,23284400,6000878600,65852199700,3065.2307,3117.9614,3062.8474,3047.7035
110230000,3108.0856,2076300,26471200,6002954900,65878670900,3065.2307,3117.9614,3062.8474,3047.7035
110235000,3107.9405,2738900,30711300,6005693800,65909382200,3065.2307,3117.9614,3062.8474,3047.7035
110239000,3107.7104,2943800,31549500,6008637600,65940931700,3065.2307,3117.9614,3062.8474,3047.7035
110245000,3107.8278,2946400,25188600,6011584000,65966120300,3065.2307,3117.9614,3062.8474,3047.7035
110250000,3107.7157,4435500,43352400,6016019500,66009472700,3065.2307,3117.9614,3062.8474,3047.7035
110254000,3108.1679,3435400,41241600,6019454900,66050714300,3065.2307,3117.9614,3062.8474,3047.7035
110300000,3108.4294,2648300,32170000,6022103200,66082884300,3065.2307,3117.9614,3062.8474,3047.7035
110305000,3108.7401,3068300,32544700,6025171500,66115429000,3065.2307,3117.9614,3062.8474,3047.7035
110309000,3108.0526,2648500,32995500,6027820000,66148424500,3065.2307,3117.9614,3062.8474,3047.7035
110315000,3107.9971,2007900,25243900,6029827900,66173668400,3065.2307,3117.9614,3062.8474,3047.7035
110320000,3108.2133,3090600,37783300,6032918500,66211451700,3065.2307,3117.9614,3062.8474,3047.7035
110324000,3108.3472,3451800,36232800,6036370300,66247684500,3065.2307,3117.9614,3062.8474,3047.7035
110330000,3108.2324,2240700,30783900,6038611000,66278468400,3065.2307,3117.9614,3062.8474,3047.7035
110335000,3107.9759,2955800,30614600,6041566800,66309083000,3065.2307,3117.9614,3062.8474,3047.7035
110339000,3108.0486,3355600,31230600,6044922400,66340313600,3065.2307,3117.9614,3062.8474,3047.7035
110345000,3108.1283,1730600,21782900,6046653000,66362096500,3065.2307,3117.9614,3062.8474,3047.7035
110350000,3107.7815,3728100,38946500,6050381100,66401043000,3065.2307,3117.9614,3062.8474,3047.7035
110354000,3107.789,2213800,27623600,6052594900,66428666600,3065.2307,3117.9614,3062.8474,3047.7035
110400000,3107.7053,2015300,22694700,6054610200,66451361300,3065.2307,3117.9614,3062.8474,3047.7035
110405000,3107.8011,3528500,30347000,6058138700,66481708300,3065.2307,3117.9614,3062.8474,3047.7035
110409000,3107.8229,2473300,31193800,6060612000,66512902100,3065.2307,3117.9614,3062.8474,3047.7035
110415000,3108.3315,1260200,15783800,6061872200,66528685900,3065.2307,3117.9614,3062.8474,3047.7035
110420000,3107.6265,2550700,31750400,6064422900,66560436300,3065.2307,3117.9614,3062.8474,3047.7035
110424000,3108.0448,2052900,27795000,6066475800,66588231300,3065.2307,3117.9614,3062.8474,3047.7035
110430000,3107.7909,1967500,21455100,6068443300,66609686400,3065.2307,3117.9614,3062.8474,3047.7035
110435000,3108.2094,2349600,27490600,6070792900,66637177000,3065.2307,3117.9614,3062.8474,3047.7035
110439000,3108.0289,2410700,30667400,6073203600,66667844400,3065.2307,3117.9614,3062.8474,3047.7035
110445000,3107.8852,2883700,27267200,6076087300,66695111600,3065.2307,3117.9614,3062.8474,3047.7035
110450000,3107.9174,2831400,28340800,6078918700,66723452400,3065.2307,3117.9614,3062.8474,3047.7035
110454000,3108.8004,2379300,28216200,6081298000,66751668600,3065.2307,3117.9614,3062.8474,3047.7035
110500000,3108.0673,2690800,26114400,6083988800,66777783000,3065.2307,3117.9614,3062.8474,3047.7035
110505000,3108.124,2417100,27707600,6086405900,66805490600,3065.2307,3117.9614,3062.8474,3047.7035
110509000,3108.0792,2840700,27036700,6089246600,66832527300,3065.2307,3117.9614,3062.8474,3047.7035
110515000,3107.93,1895800,24988800,6091142400,66857516100,3065.2307,3117.9614,3062.8474,3047.7035
110520000,3107.7394,2534400,30386700,6093676800,66887902800,3065.2307,3117.9614,3062.8474,3047.7035
110524000,3107.2093,3184400,31652200,6096861200,66919555000,3065.2307,3117.9614,3062.8474,3047.7035
110530000,3107.7074,2128000,26075700,6098989200,66945630700,3065.2307,3117.9614,3062.8474,3047.7035
110535000,3107.3016,2709600,31431500,6101698800,66977062200,3065.2307,3117.9614,3062.8474,3047.7035
110539000,3107.3994,2976700,38579300,6104675500,67015641500,3065.2307,3117.9614,3062.8474,3047.7035
110545000,3106.7333,2895600,33562500,6107571100,67049204000,3065.2307,3117.9614,3062.8474,3047.7035
110550000,3106.0961,4738300,51941800,6112309400,67101145800,3065.2307,3117.9614,3062.8474,3047.7035
110554000,3106.3945,5048500,53559400,6117357900,67154705200,3065.2307,3117.9614,3062.8474,3047.7035
110600000,3106.0643,3849300,44844100,6121207200,67199549300,3065.2307,3117.9614,3062.8474,3047.7035
110605000,3106.079,4618600,41250700,6125825800,67240800000,3065.2307,3117.9614,3062.8474,3047.7035
110609000,3105.621,2872000,33130900,6128697800,67273930900,3065.2307,3117.9614,3062.8474,3047.7035
110615000,3105.769,2337900,21207300,6131035700,67295138200,3065.2307,3117.9614,3062.8474,3047.7035
110620000,3105.4125,3585700,33559400,6134621400,67328697600,3065.2307,3117.9614,3062.8474,3047.7035
110624000,3106.1166,3270800,37860400,6137892200,67366558000,3065.2307,3117.9614,3062.8474,3047.7035
110630000,3106.441,2662500,29247800,6140554700,67395805800,3065.2307,3117.9614,3062.8474,3047.7035
110635000,3105.999,2348500,27212100,6142903200,67423017900,3065.2307,3117.9614,3062.8474,3047.7035
110639000,3105.8197,3149000,41821200,6146052200,67464839100,3065.2307,3117.9614,3062.8474,3047.7035
110645000,3105.2611,1643900,21703400,6147696100,67486542500,3065.2307,3117.9614,3062.8474,3047.7035
110650000,3105.5382,2280900,32022200,6149977000,67518564700,3065.2307,3117.9614,3062.8474,3047.7035
110654000,3105.2247,2165700,28400700,6152142700,67546965400,3065.2307,3117.9614,3062.8474,3047.7035
110700000,3105.6138,2822500,35246400,6154965200,67582211800,3065.2307,3117.9614,3062.8474,3047.7035
110705000,3105.1312,4178500,41705800,6159143700,67623917600,3065.2307,3117.9614,3062.8474,3047.7035
110709000,3105.4597,3130700,34978600,6162274400,67658896200,3065.2307,3117.9614,3062.8474,3047.7035
110715000,3105.0679,1630300,18288900,6163904700,67677185100,3065.2307,3117.9614,3062.8474,3047.7035
110720000,3105.318,4227900,41085400,6168132600,67718270500,3065.2307,3117.9614,3062.8474,3047.7035
110724000,3106.3753,5122800,47988500,6173255400,67766259000,3065.2307,3117.9614,3062.8474,3047.7035
110730000,3106.1872,3655500,43961700,6176910900,67810220700,3065.2307,3117.9614,3062.8474,3047.7035
110735000,3106.6761,4720100,47941400,6181631000,67858162100,3065.2307,3117.9614,3062.8474,3047.7035
110739000,3107.3551,5002400,53559900,6186633400,67911722000,3065.2307,3117.9614,3062.8474,3047.7035
110745000,3107.3584,3022900,34725700,6189656300,67946447700,3065.2307,3117.9614,3062.8474,3047.7035
110750000,3107.6235,2804900,39025000,6192461200,67985472700,3065.2307,3117.9614,3062.8474,3047.7035
110754000,3107.5846,3114100,34580700,6195575300,68020053400,3065.2307,3117.9614,3062.8474,3047.7035
110800000,3107.3936,1875400,30756000,6197450700,68050809400,3065.2307,3117.9614,3062.8474,3047.7035
110805000,3107.6766,3740600,36625300,6201191300,68087434700,3065.2307,3117.9614,3062.8474,3047.7035
110809000,3107.3199,1981900,26817900,6203173200,68114252600,3065.2307,3117.9614,3062.8474,3047.7035
110815000,3107.176,1876600,20121100,6205049800,68134373700,3065.2307,3117.9614,3062.8474,3047.7035
110820000,3107.8575,3234000,37198400,6208283800,68171572100,3065.2307,3117.9614,3062.8474,3047.7035
110824000,3108.3453,2674200,25577900,6210958000,68197150000,3065.2307,3117.9614,3062.8474,3047.7035
110830000,3107.2856,1894500,29966500,6212852500,68227116500,3065.2307,3117.9614,3062.8474,3047.7035
110835000,3107.2666,2346300,24715300,6215198800,68251831800,3065.2307,3117.9614,3062.8474,3047.7035
110839000,3107.0357,2171500,31619400,6217370300,68283451200,3065.2307,3117.9614,3062.8474,3047.7035
110845000,3107.0172,1807800,14932300,6219178100,68298383500,3065.2307,3117.9614,3062.8474,3047.7035
110850000,3107.0463,2464800,27716800,6221642900,68326100300,3065.2307,3117.9614,3062.8474,3047.7035
110854000,3106.6437,1883300,25424200,6223526200,68351524500,3065.2307,3117.9614,3062.8474,3047.7035
110900000,3106.7299,1692500,20458200,6225218700,68371982700,3065.2307,3117.9614,3062.8474,3047.7035
110905000,3106.6305,2554000,30421500,6227772700,68402404200,3065.2307,3117.9614,3062.8474,3047.7035
110909000,3106.7389,2008300,22187200,6229781000,68424591400,3065.2307,3117.9614,3062.8474,3047.7035
110915000,3106.6302,1110500,13507400,6230891500,68438098800,3065.2307,3117.9614,3062.8474,3047.7035
110920000,3106.5532,2330400,26174300,6233221900,68464273100,3065.2307,3117.9614,3062.8474,3047.7035
110924000,3106.7214,1979600,21410500,6235201500,68485683600,3065.2307,3117.9614,3062.8474,3047.7035
110930000,3106.6608,2619800,22125300,6237821300,68507808900,3065.2307,3117.9614,3062.8474,3047.7035
110935000,3107.1609,1760100,19329800,6239581400,68527138700,3065.2307,3117.9614,3062.8474,3047.7035
110939000,3106.7757,3082600,33732800,6242664000,68560871500,3065.2307,3117.9614,3062.8474,3047.7035
110945000,3106.7667,1303600,15369800,6243967600,68576241300,3065.2307,3117.9614,3062.8474,3047.7035
110950000,3106.8428,2571500,25612500,6246539100,68601853800,3065.2307,3117.9614,3062.8474,3047.7035
110954000,3106.5581,2399400,21280500,6248938500,68623134300,3065.2307,3117.9614,3062.8474,3047.7035
111000000,3106.3655,2058100,26179300,6250996600,68649313600,3065.2307,3117.9614,3062.8474,3047.7035
111005000,3106.6403,2617100,21299600,6253613700,68670613200,3065.2307,3117.9614,3062.8474,3047.7035
111009000,3106.7942,3221200,28897000,6256834900,68699510200,3065.2307,3117.9614,3062.8474,3047.7035
111015000,3107.6873,1263300,17253900,6258098200,68716764100,3065.2307,3117.9614,3062.8474,3047.7035
111020000,3106.9922,1640500,19869000,6259738700,68736633100,3065.2307,3117.9614,3062.8474,3047.7035
111024000,3106.6633,2237200,19355100,6261975900,68755988200,3065.2307,3117.9614,3062.8474,3047.7035
111030000,3106.8091,1923500,22604700,6263899400,68778592900,3065.2307,3117.9614,3062.8474,3047.7035
111035000,3107.0223,1448500,16923000,6265347900,68795515900,3065.2307,3117.9614,3062.8474,3047.7035
111039000,3107.0201,2091500,26713200,6267439400,68822229100,3065.2307,3117.9614,3062.8474,3047.7035
111045000,3107.3872,2863600,26571200,6270303000,68848800300,3065.2307,3117.9614,3062.8474,3047.7035
111050000,3107.2,1919700,22268800,6272222700,68871069100,3065.2307,3117.9614,3062.8474,3047.7035
111054000,3107.1729,2134300,31245600,6274357000,68902314700,3065.2307,3117.9614,3062.8474,3047.7035
111100000,3106.8669,1663900,17678000,6276020900,68919992700,3065.2307,3117.9614,3062.8474,3047.7035
111105000,3107.0741,2424400,20995300,6278445300,68940988000,3065.2307,3117.9614,3062.8474,3047.7035
111109000,3106.7846,2363500,26553500,6280808800,68967541500,3065.2307,3117.9614,3062.8474,3047.7035
111115000,3106.815,1027300,16610600,6281836100,68984152100,3065.2307,3117.9614,3062.8474,3047.7035
111120000,3106.8591,1982200,22232900,6283818300,69006385000,3065.2307,3117.9614,3062.8474,3047.7035
111124000,3106.9611,2030900,25457200,6285849200,69031842200,3065.2307,3117.9614,3062.8474,3047.7035
111130000,3106.8269,2019400,22332700,6287868600,69054174900,3065.2307,3117.9614,3062.8474,3047.7035
111135000,3107.0577,2278800,25904400,6290147400,69080079300,3065.2307,3117.9614,3062.8474,3047.7035
111139000,3106.7991,1476400,22095300,6291623800,69102174600,3065.2307,3117.9614,3062.8474,3047.7035
111145000,3106.8627,1294700,16300600,6292918500,69118475200,3065.2307,3117.9614,3062.8474,3047.7035
111150000,3107.0121,2625900,35759000,6295544400,69154234200,3065.2307,3117.9614,3062.8474,3047.7035
111154000,3106.8033,1658100,21166500,6297202500,69175400700,3065.2307,3117.9614,3062.8474,3047.7035
111200000,3106.5697,2189200,32410400,6299391700,69207811100,3065.2307,3117.9614,3062.8474,3047.7035
111205000,3106.8463,2182400,26380300,6301574100,69234191400,3065.2307,3117.9614,3062.8474,3047.7035
111209000,3107.0297,1819400,22127100,6303393500,69256318500,3065.2307,3117.9614,3062.8474,3047.7035
111215000,3106.6637,1146700,13159000,6304540200,69269477500,3065.2307,3117.9614,3062.8474,3047.7035
111220000,3107.1364,2249800,23187900,6306790000,69292665400,3065.2307,3117.9614,3062.8474,3047.7035
111224000,3106.723,1647000,21676900,6308437000,69314342300,3065.2307,3117.9614,3062.8474,3047.7035
111230000,3106.7855,1895400,24871900,6310332400,69339214200,3065.2307,3117.9614,3062.8474,3047.7035
111235000,3106.7418,1989000,22167700,6312321400,69361381900,3065.2307,3117.9614,3062.8474,3047.7035
111239000,3106.877,1513300,21273800,6313834700,69382655700,3065.2307,3117.9614,3062.8474,3047.7035
111245000,3106.7001,1737200,17808100,6315571900,69400463800,3065.2307,3117.9614,3062.8474,3047.7035
111250000,3106.7617,1789000,21077100,6317360900,69421540900,3065.2307,3117.9614,3062.8474,3047.7035
111254000,3106.9445,2446300,21615200,6319807200,69443156100,3065.2307,3117.9614,3062.8474,3047.7035
111300000,3106.7779,1811600,22308700,6321618800,69465464800,3065.2307,3117.9614,3062.8474,3047.7035
111305000,3106.9839,1603100,19370100,6323221900,69484834900,3065.2307,3117.9614,3062.8474,3047.7035
111309000,3106.9175,2834900,26824600,6326056800,69511659500,3065.2307,3117.9614,3062.8474,3047.7035
111315000,3107.1937,1053300,13942600,6327110100,69525602100,3065.2307,3117.9614,3062.8474,3047.7035
111320000,3107.1003,2323000,24644300,6329433100,69550246400,3065.2307,3117.9614,3062.8474,3047.7035
111324000,3107.0434,1746000,21207600,6331179100,69571454000,3065.2307,3117.9614,3062.8474,3047.7035
111330000,3107.0112,2311500,24379600,6333490600,69595833600,3065.2307,3117.9614,3062.8474,3047.7035
111335000,3107.0775,1681400,16438500,6335172000,69612272100,3065.2307,3117.9614,3062.8474,3047.7035
111339000,3106.9865,1519900,22274200,6336691900,69634546300,3065.2307,3117.9614,3062.8474,3047.7035
111345000,3107.0364,1372800,16937200,6338064700,69651483500,3065.2307,3117.9614,3062.8474,3047.7035
111350000,3106.8882,1929900,32486200,6339994600,69683969700,3065.2307,3117.9614,3062.8474,3047.7035
111354000,3107.1676,3955000,33154800,6343949600,69717124500,3065.2307,3117.9614,3062.8474,3047.7035
111400000,3107.0517,2204500,27351300,6346154100,69744475800,3065.2307,3117.9614,3062.8474,3047.7035
111405000,3107.1824,2770000,29318500,6348924100,69773794300,3065.2307,3117.9614,3062.8474,3047.7035
111409000,3107.3933,1691800,27688300,6350615900,69801482600,3065.2307,3117.9614,3062.8474,3047.7035
111415000,3107.1023,1446700,15081600,6352062600,69816564200,3065.2307,3117.9614,3062.8474,3047.7035
111420000,3106.8418,2026800,23846500,6354089400,69840410700,3065.2307,3117.9614,3062.8474,3047.7035
111424000,3106.841,1461600,19975900,6355551000,69860386600,3065.2307,3117.9614,3062.8474,3047.7035
111430000,3107.3818,1656800,24692000,6357207800,69885078600,3065.2307,3117.9614,3062.8474,3047.7035
111435000,3107.3604,2490800,26160600,6359698600,69911239200,3065.2307,3117.9614,3062.8474,3047.7035
111439000,3106.9652,1466000,18435700,6361164600,69929674900,3065.2307,3117.9614,3062.8474,3047.7035
111445000,3106.8584,1007500,13076300,6362172100,69942751200,3065.2307,3117.9614,3062.8474,3047.7035
111450000,3107.1221,2299000,28573400,6364471100,69971324600,3065.2307,3117.9614,3062.8474,3047.7035
111454000,3107.0601,1870400,21898200,6366341500,69993222800,3065.2307,3117.9614,3062.8474,3047.7035
111500000,3106.6314,1772300,20729400,6368113800,70013952200,3065.2307,3117.9614,3062.8474,3047.7035
111505000,3106.978,1902900,21804000,6370016700,70035756200,3065.2307,3117.9614,3062.8474,3047.7035
111509000,3107.1779,1617700,18832400,6371634400,70054588600,3065.2307,3117.9614,3062.8474,3047.7035
111515000,3106.7792,1844700,18930200,6373479100,70073518800,3065.2307,3117.9614,3062.8474,3047.7035
111520000,3106.788,2683400,30319400,6376162500,70103838200,3065.2307,3117.9614,3062.8474,3047.7035
111524000,3106.1596,2802300,30886000,6378964800,70134724200,3065.2307,3117.9614,3062.8474,3047.7035
111530000,3106.1664,2833300,27684600,6381798100,70162408800,3065.2307,3117.9614,3062.8474,3047.7035
111535000,3106.6538,3066700,29138600,6384864800,70191547400,3065.2307,3117.9614,3062.8474,3047.7035
111539000,3106.4968,3149500,38151700,6388014300,70229699100,3065.2307,3117.9614,3062.8474,3047.7035
111545000,3106.1168,1510200,22861700,6389524500,70252560800,3065.2307,3117.9614,3062.8474,3047.7035
111550000,3106.6228,2137000,23846700,6391661500,70276407500,3065.2307,3117.9614,3062.8474,3047.7035
111554000,3106.2653,3570300,34419200,6395231800,70310826700,3065.2307,3117.9614,3062.8474,3047.7035
111600000,3105.9563,2730400,24273900,6397962200,70335100600,3065.2307,3117.9614,3062.8474,3047.7035
111605000,3106.2617,2396000,24472100,6400358200,70359572700,3065.2307,3117.9614,3062.8474,3047.7035
111609000,3106.2505,2306900,23841000,6402665100,70383413700,3065.2307,3117.9614,3062.8474,3047.7035
111615000,3106.4495,2211300,25031500,6404876400,70408445200,3065.2307,3117.9614,3062.8474,3047.7035
111620000,3106.4275,2506200,23931800,6407382600,70432377000,3065.2307,3117.9614,3062.8474,3047.7035
111624000,3106.4979,2351900,28515600,6409734500,70460892600,3065.2307,3117.9614,3062.8474,3047.7035
111630000,3105.9608,2340100,23822000,6412074600,70484714600,3065.2307,3117.9614,3062.8474,3047.7035
111635000,3105.9353,2143400,30751700,6414218000,70515466300,3065.2307,3117.9614,3062.8474,3047.7035
111639000,3105.7901,2123100,24286400,6416341100,70539752700,3065.2307,3117.9614,3062.8474,3047.7035
111645000,3105.9582,1503300,15952200,6417844400,70555704900,3065.2307,3117.9614,3062.8474,3047.7035
111650000,3105.7567,1854700,22285600,6419699100,70577990500,3065.2307,3117.9614,3062.8474,3047.7035
111654000,3105.7412,1811900,20657900,6421511000,70598648400,3065.2307,3117.9614,3062.8474,3047.7035
111700000,3105.7769,1607500,19260300,6423118500,70617908700,3065.2307,3117.9614,3062.8474,3047.7035
111705000,3105.8715,1830100,22012400,6424948600,70639921100,3065.2307,3117.9614,3062.8474,3047.7035
111709000,3105.7734,2223200,29384300,6427171800,70669305400,3065.2307,3117.9614,3062.8474,3047.7035
111715000,3105.844,1316200,16692800,6428488000,70685998200,3065.2307,3117.9614,3062.8474,3047.7035
111720000,3106.0462,1784500,17967100,6430272500,70703965300,3065.2307,3117.9614,3062.8474,3047.7035
111724000,3105.8875,1525200,18126400,6431797700,70722091700,3065.2307,3117.9614,3062.8474,3047.7035
111730000,3106.1161,2866600,24650900,6434664300,70746742600,3065.2307,3117.9614,3062.8474,3047.7035
111735000,3105.9092,1923300,20752700,6436587600,70767495300,3065.2307,3117.9614,3062.8474,3047.7035
111739000,3106.8043,2098600,22141400,6438686200,70789636700,3065.2307,3117.9614,3062.8474,3047.7035
111745000,3106.425,1271300,15503100,6439957500,70805139800,3065.2307,3117.9614,3062.8474,3047.7035
111750000,3106.9312,2388200,25109000,6442345700,70830248800,3065.2307,3117.9614,3062.8474,3047.7035
111754000,3107.8774,3988500,46127600,6446334200,70876376400,3065.2307,3117.9614,3062.8474,3047.7035
111800000,3107.6999,4519200,57644000,6450853400,70934020400,3065.2307,3117.9614,3062.8474,3047.7035
111805000,3108.7622,3197100,34939600,6454050500,70968960000,3065.2307,3117.9614,3062.8474,3047.7035
111809000,3108.3831,3671500,41253800,6457722000,71010213800,3065.2307,3117.9614,3062.8474,3047.7035
111815000,3108.2369,1730700,17435000,6459452700,71027648800,3065.2307,3117.9614,3062.8474,3047.7035
111820000,3108.1548,2177600,27269500,6461630300,71054918300,3065.2307,3117.9614,3062.8474,3047.7035
111824000,3108.1601,1751200,23979400,6463381500,71078897700,3065.2307,3117.9614,3062.8474,3047.7035
111830000,3107.9231,1572500,19434800,6464954000,71098332500,3065.2307,3117.9614,3062.8474,3047.7035
111835000,3108.3719,1852200,17639400,6466806200,71115971900,3065.2307,3117.9614,3062.8474,3047.7035
111839000,3108.0656,1895200,22707900,6468701400,71138679800,3065.2307,3117.9614,3062.8474,3047.7035
111845000,3108.1375,1516300,18453700,6470217700,71157133500,3065.2307,3117.9614,3062.8474,3047.7035
111850000,3108.1137,1964400,29223900,6472182100,71186357400,3065.2307,3117.9614,3062.8474,3047.7035
111854000,3108.0499,1842600,16947900,6474024700,71203305300,3065.2307,3117.9614,3062.8474,3047.7035
111900000,3107.5273,2701000,26380100,6476725700,71229685400,3065.2307,3117.9614,3062.8474,3047.7035
111905000,3108.0354,2004100,19987700,6478729800,71249673100,3065.2307,3117.9614,3062.8474,3047.7035
111909000,3108.2231,2019700,25393000,6480749500,71275066100,3065.2307,3117.9614,3062.8474,3047.7035
111915000,3107.8179,1328900,13846100,6482078400,71288912200,3065.2307,3117.9614,3062.8474,3047.7035
111920000,3108.3279,2010700,34420000,6484089100,71323332200,3065.2307,3117.9614,3062.8474,3047.7035
111924000,3108.2386,1654900,19517100,6485744000,71342849300,3065.2307,3117.9614,3062.8474,3047.7035
111930000,3108.3843,1188400,15914800,6486932400,71358764100,3065.2307,3117.9614,3062.8474,3047.7035
111935000,3107.8729,1400500,19155400,6488332900,71377919500,3065.2307,3117.9614,3062.8474,3047.7035
111939000,3108.139,1632500,18911500,6489965400,71396831000,3065.2307,3117.9614,3062.8474,3047.7035
111945000,3107.8907,1788400,14070100,6491753800,71410901100,3065.2307,3117.9614,3062.8474,3047.7035
111950000,3108.1985,1497000,18963300,6493250800,71429864400,3065.2307,3117.9614,3062.8474,3047.7035
111954000,3108.0705,1629300,22201600,6494880100,71452066000,3065.2307,3117.9614,3062.8474,3047.7035
112000000,3107.854,2347400,26766000,6497227500,71478832000,3065.2307,3117.9614,3062.8474,3047.7035
112005000,3108.5707,1897000,21652400,6499124500,71500484400,3065.2307,3117.9614,3062.8474,3047.7035
112009000,3108.4842,2791000,23959400,6501915500,71524443800,3065.2307,3117.9614,3062.8474,3047.7035
112015000,3108.5256,1267700,15511400,6503183200,71539955200,3065.2307,3117.9614,3062.8474,3047.7035
112020000,3108.0762,2493100,22659200,6505676300,71562614400,3065.2307,3117.9614,3062.8474,3047.7035
112024000,3108.6028,4817500,41919600,6510493800,71604534000,3065.2307,3117.9614,3062.8474,3047.7035
112030000,3108.6124,1442900,17308000,6511936700,71621842000,3065.2307,3117.9614,3062.8474,3047.7035
112035000,3108.3026,1808500,23792500,6513745200,71645634500,3065.2307,3117.9614,3062.8474,3047.7035
112039000,3108.5043,1447400,18022800,6515192600,71663657300,3065.2307,3117.9614,3062.8474,3047.7035
112045000,3108.9137,1149400,11580600,6516342000,71675237900,3065.2307,3117.9614,3062.8474,3047.7035
112050000,3108.9474,2513500,32099600,6518855500,71707337500,3065.2307,3117.9614,3062.8474,3047.7035
112054000,3108.586,2457600,26658800,6521313100,71733996300,3065.2307,3117.9614,3062.8474,3047.7035
112100000,3108.4784,1398200,16383700,6522711300,71750380000,3065.2307,3117.9614,3062.8474,3047.7035
112105000,3108.9646,1740200,19202100,6524451500,71769582100,3065.2307,3117.9614,3062.8474,3047.7035
112109000,3109.4383,1738500,21566000,6526190000,71791148100,3065.2307,3117.9614,3062.8474,3047.7035
112115000,3109.055,1394600,16559600,6527584600,71807707700,3065.2307,3117.9614,3062.8474,3047.7035
112120000,3108.8515,2389300,27513300,6529973900,71835221000,3065.2307,3117.9614,3062.8474,3047.7035
112124000,3109.1151,1807500,19721900,6531781400,71854942900,3065.2307,3117.9614,3062.8474,3047.7035
112130000,3109.4253,1160600,14133500,6532942000,71869076400,3065.2307,3117.9614,3062.8474,3047.7035
112135000,3109.2087,1294800,16789100,6534236800,71885865500,3065.2307,3117.9614,3062.8474,3047.7035
112139000,3109.4018,1637300,21143900,6535874100,71907009400,3065.2307,3117.9614,3062.8474,3047.7035
112145000,3109.3074,1291600,17093300,6537165700,71924102700,3065.2307,3117.9614,3062.8474,3047.7035
112150000,3108.8192,2006100,22131300,6539171800,71946234000,3065.2307,3117.9614,3062.8474,3047.7035
112154000,3108.6923,1678500,23155700,6540850300,71969389700,3065.2307,3117.9614,3062.8474,3047.7035
112200000,3108.9665,1627300,22831600,6542477600,71992221300,3065.2307,3117.9614,3062.8474,3047.7035
112205000,3109.0234,2202900,27329900,6544680500,72019551200,3065.2307,3117.9614,3062.8474,3047.7035
112209000,3109.0931,1784400,19861300,6546464900,72039412500,3065.2307,3117.9614,3062.8474,3047.7035
112215000,3109.0279,1995800,11913300,6548460700,72051325800,3065.2307,3117.9614,3062.8474,3047.7035
112220000,3108.9111,2648200,32927800,6551108900,72084253600,3065.2307,3117.9614,3062.8474,3047.7035
112224000,3108.6422,1371600,18405000,6552480500,72102658600,3065.2307,3117.9614,3062.8474,3047.7035
112230000,3108.7893,1424000,18485100,6553904500,72121143700,3065.2307,3117.9614,3062.8474,3047.7035
112235000,3108.5104,1596700,22570500,6555501200,72143714200,3065.2307,3117.9614,3062.8474,3047.7035
112239000,3108.6272,1704700,19445000,6557205900,72163159200,3065.2307,3117.9614,3062.8474,3047.7035
112245000,3108.7244,1099100,13374300,6558305000,72176533500,3065.2307,3117.9614,3062.8474,3047.7035
112250000,3108.6108,2109200,19484800,6560414200,72196018300,3065.2307,3117.9614,3062.8474,3047.7035
112254000,3108.9011,1240800,20961600,6561655000,72216979900,3065.2307,3117.9614,3062.8474,3047.7035
112300000,3108.3529,1364300,17072300,6563019300,72234052200,3065.2307,3117.9614,3062.8474,3047.7035
112305000,3108.7136,1326100,19570100,6564345400,72253622300,3065.2307,3117.9614,3062.8474,3047.7035
112309000,3108.7114,1565600,18129800,6565911000,72271752100,3065.2307,3117.9614,3062.8474,3047.7035
112315000,3108.6816,2074900,13868100,6567985900,72285620200,3065.2307,3117.9614,3062.8474,3047.7035
112320000,3108.7457,2569300,19805400,6570555200,72305425600,3065.2307,3117.9614,3062.8474,3047.7035
112324000,3108.8496,1946300,20678200,6572501500,72326103800,3065.2307,3117.9614,3062.8474,3047.7035
112330000,3109.0281,2615500,21714100,6575117000,72347817900,3065.2307,3117.9614,3062.8474,3047.7035
112335000,3108.8574,2684700,16335500,6577801700,72364153400,3065.2307,3117.9614,3062.8474,3047.7035
112339000,3108.697,1467300,17438700,6579269000,72381592100,3065.2307,3117.9614,3062.8474,3047.7035
112345000,3108.6532,1309100,12863600,6580578100,72394455700,3065.2307,3117.9614,3062.8474,3047.7035
112350000,3109.1985,2691000,19784800,6583269100,72414240500,3065.2307,3117.9614,3062.8474,3047.7035
112354000,3108.9466,1503100,19546700,6584772200,72433787200,3065.2307,3117.9614,3062.8474,3047.7035
112400000,3108.8997,1676300,20400800,6586448500,72454188000,3065.2307,3117.9614,3062.8474,3047.7035
112405000,3108.7322,2878700,27339000,6589327200,72481527000,3065.2307,3117.9614,3062.8474,3047.7035
112409000,3109.1153,1956100,25960900,6591283300,72507487900,3065.2307,3117.9614,3062.8474,3047.7035
112415000,3108.9283,845400,9105900,6592128700,72516593800,3065.2307,3117.9614,3062.8474,3047.7035
112420000,3109.0299,3480300,34559900,6595609000,72551153700,3065.2307,3117.9614,3062.8474,3047.7035
112424000,3109.2647,1437900,18078500,6597046900,72569232200,3065.2307,3117.9614,3062.8474,3047.7035
112430000,3109.2848,1386200,17398300,6598433100,72586630500,3065.2307,3117.9614,3062.8474,3047.7035
112435000,3108.8171,1527900,19491800,6599961000,72606122300,3065.2307,3117.9614,3062.8474,3047.7035
112439000,3109.0828,1504500,20075000,6601465500,72626197300,3065.2307,3117.9614,3062.8474,3047.7035
112445000,3108.9415,1117100,14473100,6602582600,72640670400,3065.2307,3117.9614,3062.8474,3047.7035
112450000,3109.0191,2376100,21126000,6604958700,72661796400,3065.2307,3117.9614,3062.8474,3047.7035
112454000,3109.0244,1496900,18836300,6606455600,72680632700,3065.2307,3117.9614,3062.8474,3047.7035
112500000,3108.707,1338900,16713500,6607794500,72697346200,3065.2307,3117.9614,3062.8474,3047.7035
112505000,3108.7984,1547300,20940400,6609341800,72718286600,3065.2307,3117.9614,3062.8474,3047.7035
112509000,3109.0461,2088700,21803100,6611430500,72740089700,3065.2307,3117.9614,3062.8474,3047.7035
112515000,3109.0108,980800,9372700,6612411300,72749462400,3065.2307,3117.9614,3062.8474,3047.7035
112520000,3108.5392,1456100,17665500,6613867400,72767127900,3065.2307,3117.9614,3062.8474,3047.7035
112524000,3108.8109,1517700,19997100,6615385100,72787125000,3065.2307,3117.9614,3062.8474,3047.7035
112530000,3108.792,1527100,19664100,6616912200,72806789100,3065.2307,3117.9614,3062.8474,3047.7035
112535000,3108.7238,2460100,25493500,6619372300,72832282600,3065.2307,3117.9614,3062.8474,3047.7035
112539000,3108.7785,1973600,21473100,6621345900,72853755700,3065.2307,3117.9614,3062.8474,3047.7035
112545000,3108.812,1573000,15533800,6622918900,72869289500,3065.2307,3117.9614,3062.8474,3047.7035
112550000,3108.753,1967400,23601200,6624886300,72892890700,3065.2307,3117.9614,3062.8474,3047.7035
112554000,3108.8062,1191000,17300800,6626077300,72910191500,3065.2307,3117.9614,3062.8474,3047.7035
112600000,3108.789,1177700,16675600,6627255000,72926867100,3065.2307,3117.9614,3062.8474,3047.7035
112605000,3108.5785,1835200,19693800,6629090200,72946560900,3065.2307,3117.9614,3062.8474,3047.7035
112609000,3108.9951,2241500,18309400,6631331700,72964870300,3065.2307,3117.9614,3062.8474,3047.7035
112615000,3108.8311,1306200,11202000,6632637900,72976072300,3065.2307,3117.9614,3062.8474,3047.7035
112620000,3108.8481,2405400,27048800,6635043300,73003121100,3065.2307,3117.9614,3062.8474,3047.7035
112624000,3108.9231,2645900,22409000,6637689200,73025530100,3065.2307,3117.9614,3062.8474,3047.7035
112630000,3108.8366,1390700,17756700,6639079900,73043286800,3065.2307,3117.9614,3062.8474,3047.7035
112635000,3108.7839,1532900,22493500,6640612800,73065780300,3065.2307,3117.9614,3062.8474,3047.7035
112639000,3108.5142,1267500,16386400,6641880300,73082166700,3065.2307,3117.9614,3062.8474,3047.7035
112645000,3109.1378,1225600,11904100,6643105900,73094070800,3065.2307,3117.9614,3062.8474,3047.7035
112650000,3109.198,1549500,17262200,6644655400,73111333000,3065.2307,3117.9614,3062.8474,3047.7035
112654000,3109.5658,1415000,17219200,6646070400,73128552200,3065.2307,3117.9614,3062.8474,3047.7035
112700000,3108.6986,3558100,29990900,6649628500,73158543100,3065.2307,3117.9614,3062.8474,3047.7035
112705000,3109.124,3327800,19505700,6652956300,73178048800,3065.2307,3117.9614,3062.8474,3047.7035
112709000,3109.4016,1656500,23878300,6654612800,73201927100,3065.2307,3117.9614,3062.8474,3047.7035
112715000,3108.9141,964400,14094200,6655577200,73216021300,3065.2307,3117.9614,3062.8474,3047.7035
112720000,3109.27,2359100,25850900,6657936300,73241872200,3065.2307,3117.9614,3062.8474,3047.7035
112724000,3109.2849,1305400,15263500,6659241700,73257135700,3065.2307,3117.9614,3062.8474,3047.7035
112730000,3109.1711,1577400,17277800,6660819100,73274413500,3065.2307,3117.9614,3062.8474,3047.7035
112735000,3108.8374,1542700,18061400,6662361800,73292474900,3065.2307,3117.9614,3062.8474,3047.7035
112739000,3109.1905,1771500,22293200,6664133300,73314768100,3065.2307,3117.9614,3062.8474,3047.7035
112745000,3108.7654,994500,11669800,6665127800,73326437900,3065.2307,3117.9614,3062.8474,3047.7035
112750000,3108.9119,1384300,18787200,6666512100,73345225100,3065.2307,3117.9614,3062.8474,3047.7035
112754000,3109.2456,1389400,13959600,6667901500,73359184700,3065.2307,3117.9614,3062.8474,3047.7035
112800000,3109.0637,2004500,21475300,6669906000,73380660000,3065.2307,3117.9614,3062.8474,3047.7035
112805000,3109.0993,2220900,21835500,6672126900,73402495500,3065.2307,3117.9614,3062.8474,3047.7035
112809000,3109.2686,1461900,17561500,6673588800,73420057000,3065.2307,3117.9614,3062.8474,3047.7035
112815000,3108.854,1065400,12797400,6674654200,73432854400,3065.2307,3117.9614,3062.8474,3047.7035
112820000,3108.7497,2158400,19613800,6676812600,73452468200,3065.2307,3117.9614,3062.8474,3047.7035
112824000,3109.0014,1189500,15321000,6678002100,73467789200,3065.2307,3117.9614,3062.8474,3047.7035
112830000,3109.0556,1119100,14064600,6679121200,73481853800,3065.2307,3117.9614,3062.8474,3047.7035
112835000,3109.3197,1514000,17591900,6680635200,73499445700,3065.2307,3117.9614,3062.8474,3047.7035
112839000,3109.4432,1519200,20195500,6682154400,73519641200,3065.2307,3117.9614,3062.8474,3047.7035
112845000,3109.1299,1306100,13533700,6683460500,73533174900,3065.2307,3117.9614,3062.8474,3047.7035
112850000,3109.4528,1510700,18771200,6684971200,73551946100,3065.2307,3117.9614,3062.8474,3047.7035
112854000,3109.0654,1940700,18260700,6686911900,73570206800,3065.2307,3117.9614,3062.8474,3047.7035
112900000,3108.9367,1434800,14603100,6688346700,73584809900,3065.2307,3117.9614,3062.8474,3047.7035
112905000,3108.7181,1679200,23716700,6690025900,73608526600,3065.2307,3117.9614,3062.8474,3047.7035
112909000,3108.8611,1589700,22079300,6691615600,73630605900,3065.2307,3117.9614,3062.8474,3047.7035
112915000,3108.7865,1493200,23948000,6693108800,73654553900,3065.2307,3117.9614,3062.8474,3047.7035
112920000,3108.7491,1996600,23668300,6695105400,73678222200,3065.2307,3117.9614,3062.8474,3047.7035
112924000,3109.1282,1616500,20061200,6696721900,73698283400,3065.2307,3117.9614,3062.8474,3047.7035
112930000,3107.8556,2564000,27908700,6699285900,73726192100,3065.2307,3117.9614,3062.8474,3047.7035
112935000,3108.6223,3238600,32348300,6702524500,73758540400,3065.2307,3117.9614,3062.8474,3047.7035
112939000,3107.3777,2047000,18282200,6704571500,73776822600,3065.2307,3117.9614,3062.8474,3047.7035
112945000,3107.8645,1240700,18108900,6705812200,73794931500,3065.2307,3117.9614,3062.8474,3047.7035
112950000,3107.2989,2181700,27890600,6707993900,73822822100,3065.2307,3117.9614,3062.8474,3047.7035
112954000,3106.6915,1568900,19050200,6709562800,73841872300,3065.2307,3117.9614,3062.8474,3047.7035
112959000,3107.0439,1105200,14968000,6710668000,73856840300,3065.2307,3117.9614,3062.8474,3047.7035
113003000,3107.1011,45100,631100,6710713100,73857471400,3065.2307,3117.9614,3062.8474,3047.7035
130000000,3107.2261,3246600,31722600,6713959700,73889194000,3065.2307,3117.9614,3062.8474,3047.7035
130005000,3107.96,40728400,314497900,6754688100,74203691900,3065.2307,3117.9614,3062.8474,3047.7035
130010000,3107.645,9965300,90688300,6764653400,74294380200,3065.2307,3117.9614,3062.8474,3047.7035
130015000,3108.0746,5713800,50929600,6770367200,74345309800,3065.2307,3117.9614,3062.8474,3047.7035
130020000,3108.0527,11554600,70254200,6781921800,74415564000,3065.2307,3117.9614,3062.8474,3047.7035
130025000,3108.5802,2584600,31560800,6784506400,74447124800,3065.2307,3117.9614,3062.8474,3047.7035
130030000,3108.9059,4332900,34937400,6788839300,74482062200,3065.2307,3117.9614,3062.8474,3047.7035
130035000,3108.8702,1898400,17993400,6790737700,74500055600,3065.2307,3117.9614,3062.8474,3047.7035
130040000,3108.6476,1686000,20606300,6792423700,74520661900,3065.2307,3117.9614,3062.8474,3047.7035
130045000,3109.1206,1409900,18031000,6793833600,74538692900,3065.2307,3117.9614,3062.8474,3047.7035
130050000,3108.8974,1241600,20070100,6795075200,74558763000,3065.2307,3117.9614,3062.8474,3047.7035
130055000,3109.0525,1273400,14778700,6796348600,74573541700,3065.2307,3117.9614,3062.8474,3047.7035
130100000,3109.3779,2450500,24819900,6798799100,74598361600,3065.2307,3117.9614,3062.8474,3047.7035
130105000,3109.5175,1231000,12964600,6800030100,74611326200,3065.2307,3117.9614,3062.8474,3047.7035
130110000,3109.6988,2042700,20631300,6802072800,74631957500,3065.2307,3117.9614,3062.8474,3047.7035
130115000,3109.3091,1473900,19272300,6803546700,74651229800,3065.2307,3117.9614,3062.8474,3047.7035
130120000,3109.5118,1919500,27226300,6805466200,74678456100,3065.2307,3117.9614,3062.8474,3047.7035
130125000,3109.3638,1597300,20874800,6807063500,74699330900,3065.2307,3117.9614,3062.8474,3047.7035
130130000,3109.6213,1468600,19596500,6808532100,74718927400,3065.2307,3117.9614,3062.8474,3047.7035
130135000,3109.6724,1385900,14952000,6809918000,74733879400,3065.2307,3117.9614,3062.8474,3047.7035
130140000,3109.3808,1341900,21272300,6811259900,74755151700,3065.2307,3117.9614,3062.8474,3047.7035
130145000,3109.6752,1124300,14593500,6812384200,74769745200,3065.2307,3117.9614,3062.8474,3047.7035
130150000,3109.2984,1702100,24228600,6814086300,74793973800,3065.2307,3117.9614,3062.8474,3047.7035
130155000,3109.4846,2103200,30574600,6816189500,74824548400,3065.2307,3117.9614,3062.8474,3047.7035
130200000,3109.6516,2834100,32019400,6819023600,74856567800,3065.2307,3117.9614,3062.8474,3047.7035
130205000,3109.7248,1753400,23382200,6820777000,74879950000,3065.2307,3117.9614,3062.8474,3047.7035
130210000,3109.8176,2669800,37291000,6823446800,74917241000,3065.2307,3117.9614,3062.8474,3047.7035
130215000,3109.6151,1411500,15677900,6824858300,74932918900,3065.2307,3117.9614,3062.8474,3047.7035
130220000,3109.8755,1709100,19340100,6826567400,74952259000,3065.2307,3117.9614,3062.8474,3047.7035
130225000,3109.8399,1100600,17802000,6827668000,74970061000,3065.2307,3117.9614,3062.8474,3047.7035
130230000,3109.954,1670000,20406100,6829338000,74990467100,3065.2307,3117.9614,3062.8474,3047.7035
130235000,3109.9239,1236200,17031000,6830574200,75007498100,3065.2307,3117.9614,3062.8474,3047.7035
130240000,3109.6253,4426900,33088700,6835001100,75040586800,3065.2307,3117.9614,3062.8474,3047.7035
130245000,3109.4047,2202500,26212700,6837203600,75066799500,3065.2307,3117.9614,3062.8474,3047.7035
130250000,3109.505,1757300,23085100,6838960900,75089884600,3065.2307,3117.9614,3062.8474,3047.7035
130255000,3109.9663,1450900,22098700,6840411800,75111983300,3065.2307,3117.9614,3062.8474,3047.7035
130300000,3109.7938,1182400,19220800,6841594200,75131204100,3065.2307,3117.9614,3062.8474,3047.7035
130305000,3110.0115,1296500,17436500,6842890700,75148640600,3065.2307,3117.9614,3062.8474,3047.7035
130310000,3110.2017,2589200,28232600,6845479900,75176873200,3065.2307,3117.9614,3062.8474,3047.7035
130315000,3109.4746,990300,15515000,6846470200,75192388200,3065.2307,3117.9614,3062.8474,3047.7035
130320000,3109.4996,1915200,31796100,6848385400,75224184300,3065.2307,3117.9614,3062.8474,3047.7035
130325000,3109.3882,2675400,28693800,6851060800,75252878100,3065.2307,3117.9614,3062.8474,3047.7035
130330000,3108.5857,2899400,35970700,6853960200,75288848800,3065.2307,3117.9614,3062.8474,3047.7035
130335000,3108.6911,1909700,27898600,6855869900,75316747400,3065.2307,3117.9614,3062.8474,3047.7035
130340000,3108.2421,3107200,41248700,6858977100,75357996100,3065.2307,3117.9614,3062.8474,3047.7035
130345000,3107.4029,2679200,36291400,6861656300,75394287500,3065.2307,3117.9614,3062.8474,3047.7035
130350000,3107.6725,2197900,32575900,6863854200,75426863400,3065.2307,3117.9614,3062.8474,3047.7035
130355000,3107.3592,2536200,34334600,6866390400,75461198000,3065.2307,3117.9614,3062.8474,3047.7035
130400000,3107.518,1970700,26718100,6868361100,75487916100,3065.2307,3117.9614,3062.8474,3047.7035
130405000,3107.5952,1595900,19429100,6869957000,75507345200,3065.2307,3117.9614,3062.8474,3047.7035
130410000,3107.9086,1910600,26835800,6871867600,75534181000,3065.2307,3117.9614,3062.8474,3047.7035
130415000,3107.8198,1469700,19083100,6873337300,75553264100,3065.2307,3117.9614,3062.8474,3047.7035
130420000,3107.6932,1374300,20799300,6874711600,75574063400,3065.2307,3117.9614,3062.8474,3047.7035
130425000,3108.1509,3221700,25985900,6877933300,75600049300,3065.2307,3117.9614,3062.8474,3047.7035
130430000,3107.9971,1620900,23109900,6879554200,75623159200,3065.2307,3117.9614,3062.8474,3047.7035
130435000,3107.8795,1245600,15827300,6880799800,75638986500,3065.2307,3117.9614,3062.8474,3047.7035
130440000,3107.6786,3618200,40292600,6884418000,75679279100,3065.2307,3117.9614,3062.8474,3047.7035
130445000,3107.7942,2295800,20154900,6886713800,75699434000,3065.2307,3117.9614,3062.8474,3047.7035
130450000,3107.8262,2229600,22735800,6888943400,75722169800,3065.2307,3117.9614,3062.8474,3047.7035
130455000,3107.8067,1835700,21124800,6890779100,75743294600,3065.2307,3117.9614,3062.8474,3047.7035
130500000,3107.962,1764700,21889500,6892543800,75765184100,3065.2307,3117.9614,3062.8474,3047.7035
130505000,3107.9052,1244500,17963800,6893788300,75783147900,3065.2307,3117.9614,3062.8474,3047.7035
130510000,3108.1345,1847200,19643400,6895635500,75802791300,3065.2307,3117.9614,3062.8474,3047.7035
130515000,3107.9512,1273000,13854700,6896908500,75816646000,3065.2307,3117.9614,3062.8474,3047.7035
130520000,3108.0015,1512600,19605400,6898421100,75836251400,3065.2307,3117.9614,3062.8474,3047.7035
130525000,3108.1446,3218300,29624500,6901639400,75865875900,3065.2307,3117.9614,3062.8474,3047.7035
130530000,3108.2899,2635300,25266400,6904274700,75891142300,3065.2307,3117.9614,3062.8474,3047.7035
130535000,3108.3307,1702500,18278600,6905977200,75909420900,3065.2307,3117.9614,3062.8474,3047.7035
130540000,3107.9148,1670500,18787100,6907647700,75928208000,3065.2307,3117.9614,3062.8474,3047.7035
130545000,3108.2157,1421300,16179600,6909069000,75944387600,3065.2307,3117.9614,3062.8474,3047.7035
130550000,3108.2945,1524700,21731300,6910593700,75966118900,3065.2307,3117.9614,3062.8474,3047.7035
130555000,3108.4362,1835100,26344400,6912428800,75992463300,3065.2307,3117.9614,3062.8474,3047.7035
130600000,3108.4016,1507300,22460100,6913936100,76014923400,3065.2307,3117.9614,3062.8474,3047.7035
130605000,3108.4924,1786800,26732900,6915722900,76041656300,3065.2307,3117.9614,3062.8474,3047.7035
130610000,3108.4158,2440600,25927600,6918163500,76067583900,3065.2307,3117.9614,3062.8474,3047.7035
130615000,3108.3964,1936600,19572100,6920100100,76087156000,3065.2307,3117.9614,3062.8474,3047.7035
130620000,3108.7108,1634100,18685700,6921734200,76105841700,3065.2307,3117.9614,3062.8474,3047.7035
130625000,3108.3795,1431400,16714800,6923165600,76122556500,3065.2307,3117.9614,3062.8474,3047.7035
130630000,3108.7659,1761500,21067000,6924927100,76143623500,3065.2307,3117.9614,3062.8474,3047.7035
130635000,3108.6574,1567000,15260800,6926494100,76158884300,3065.2307,3117.9614,3062.8474,3047.7035
130640000,3108.5219,1450500,21553500,6927944600,76180437800,3065.2307,3117.9614,3062.8474,3047.7035
130645000,3108.6388,1391900,20855900,6929336500,76201293700,3065.2307,3117.9614,3062.8474,3047.7035
130650000,3108.6689,1388100,18950200,6930724600,76220243900,3065.2307,3117.9614,3062.8474,3047.7035
130655000,3108.7639,1514200,17845800,6932238800,76238089700,3065.2307,3117.9614,3062.8474,3047.7035
130700000,3108.9526,2089100,30807000,6934327900,76268896700,3065.2307,3117.9614,3062.8474,3047.7035
130705000,3108.8141,1581500,16376400,6935909400,76285273100,3065.2307,3117.9614,3062.8474,3047.7035
130710000,3109.0345,1984000,23147900,6937893400,76308421000,3065.2307,3117.9614,3062.8474,3047.7035
130715000,3108.905,1204800,14719300,6939098200,76323140300,3065.2307,3117.9614,3062.8474,3047.7035
130720000,3109.1651,1496500,23598100,6940594700,76346738400,3065.2307,3117.9614,3062.8474,3047.7035
130725000,3108.9735,1500700,22215800,6942095400,76368954200,3065.2307,3117.9614,3062.8474,3047.7035
130730000,3109.4508,1770100,24587800,6943865500,76393542000,3065.2307,3117.9614,3062.8474,3047.7035
130735000,3109.1545,1345600,19504400,6945211100,76413046400,3065.2307,3117.9614,3062.8474,3047.7035
130740000,3108.7462,1811500,20271300,6947022600,76433317700,3065.2307,3117.9614,3062.8474,3047.7035
130745000,3108.8575,1369100,16093700,6948391700,76449411400,3065.2307,3117.9614,3062.8474,3047.7035
130750000,3108.8963,1762800,23011100,6950154500,76472422500,3065.2307,3117.9614,3062.8474,3047.7035
130755000,3109.1325,1388700,20559400,6951543200,76492981900,3065.2307,3117.9614,3062.8474,3047.7035
130800000,3109.4948,1961600,32673300,6953504800,76525655200,3065.2307,3117.9614,3062.8474,3047.7035
130805000,3109.2136,1706800,25545700,6955211600,76551200900,3065.2307,3117.9614,3062.8474,3047.7035
130810000,3109.3356,2680000,31594700,6957891600,76582795600,3065.2307,3117.9614,3062.8474,3047.7035
130815000,3109.1652,1267100,16688900,6959158700,76599484500,3065.2307,3117.9614,3062.8474,3047.7035
130820000,3109.0829,1917600,18340600,6961076300,76617825100,3065.2307,3117.9614,3062.8474,3047.7035
130825000,3108.9999,1707300,21566200,6962783600,76639391300,3065.2307,3117.9614,3062.8474,3047.7035
130830000,3109.0879,1530300,21960500,6964313900,76661351800,3065.2307,3117.9614,3062.8474,3047.7035
130835000,3108.7901,2137100,20691300,6966451000,76682043100,3065.2307,3117.9614,3062.8474,3047.7035
130840000,3109.1238,1367500,20597500,6967818500,76702640600,3065.2307,3117.9614,3062.8474,3047.7035
130845000,3108.8161,1326700,20155700,6969145200,76722796300,3065.2307,3117.9614,3062.8474,3047.7035
130850000,3108.8756,3352600,31998700,6972497800,76754795000,3065.2307,3117.9614,3062.8474,3047.7035
130855000,3108.8983,2298000,29062800,6974795800,76783857800,3065.2307,3117.9614,3062.8474,3047.7035
130900000,3108.9531,3336500,29665800,6978132300,76813523600,3065.2307,3117.9614,3062.8474,3047.7035
130905000,3108.705,2601900,22222600,6980734200,76835746200,3065.2307,3117.9614,3062.8474,3047.7035
130910000,3108.5714,4427800,34977500,6985162000,76870723700,3065.2307,3117.9614,3062.8474,3047.7035
130915000,3108.5743,4044700,26918300,6989206700,76897642000,3065.2307,3117.9614,3062.8474,3047.7035
130920000,3108.9496,1744300,24392300,6990951000,76922034300,3065.2307,3117.9614,3062.8474,3047.7035
130925000,3108.5931,1816800,24142000,6992767800,76946176300,3065.2307,3117.9614,3062.8474,3047.7035
130930000,3108.6503,1534100,22436900,6994301900,76968613200,3065.2307,3117.9614,3062.8474,3047.7035
130935000,3108.671,1831300,19698700,6996133200,76988311900,3065.2307,3117.9614,3062.8474,3047.7035
130940000,3108.6773,1612200,20119300,6997745400,77008431200,3065.2307,3117.9614,3062.8474,3047.7035
130945000,3108.6016,2964500,31348600,7000709900,77039779800,3065.2307,3117.9614,3062.8474,3047.7035
130950000,3108.5174,3169100,30627700,7003879000,77070407500,3065.2307,3117.9614,3062.8474,3047.7035
130955000,3108.6324,3103900,32697300,7006982900,77103104800,3065.2307,3117.9614,3062.8474,3047.7035
131000000,3108.4443,2173100,24162400,7009156000,77127267200,3065.2307,3117.9614,3062.8474,3047.7035
131005000,3108.4303,1986300,21913900,7011142300,77149181100,3065.2307,3117.9614,3062.8474,3047.7035
131010000,3108.4826,2523100,28941300,7013665400,77178122400,3065.2307,3117.9614,3062.8474,3047.7035
131015000,3107.9614,1806500,19579500,7015471900,77197701900,3065.2307,3117.9614,3062.8474,3047.7035
131020000,3108.1488,1763400,26285400,7017235300,77223987300,3065.2307,3117.9614,3062.8474,3047.7035
131025000,3107.655,1857900,25656600,7019093200,77249643900,3065.2307,3117.9614,3062.8474,3047.7035
131030000,3108.0291,2409200,25854900,7021502400,77275498800,3065.2307,3117.9614,3062.8474,3047.7035
131035000,3108.3502,1922100,21417100,7023424500,77296915900,3065.2307,3117.9614,3062.8474,3047.7035
131040000,3107.8334,1481400,20404800,7024905900,77317320700,3065.2307,3117.9614,3062.8474,3047.7035
131045000,3108.1864,4475000,28378400,7029380900,77345699100,3065.2307,3117.9614,3062.8474,3047.7035
131050000,3108.2741,2097700,22165700,7031478600,77367864800,3065.2307,3117.9614,3062.8474,3047.7035
131055000,3108.3661,1566400,21781900,7033045000,77389646700,3065.2307,3117.9614,3062.8474,3047.7035
131100000,3108.4547,2408300,23509500,7035453300,77413156200,3065.2307,3117.9614,3062.8474,3047.7035
131105000,3108.4009,2512300,21243500,7037965600,77434399700,3065.2307,3117.9614,3062.8474,3047.7035
131110000,3108.1528,2564500,26456300,7040530100,77460856000,3065.2307,3117.9614,3062.8474,3047.7035
131115000,3107.9434,1667500,18627500,7042197600,77479483500,3065.2307,3117.9614,3062.8474,3047.7035
131120000,3108.2147,1942200,22982600,7044139800,77502466100,3065.2307,3117.9614,3062.8474,3047.7035
131125000,3108.1114,1481000,17083100,7045620800,77519549200,3065.2307,3117.9614,3062.8474,3047.7035
131130000,3107.9449,1979600,22309800,7047600400,77541859000,3065.2307,3117.9614,3062.8474,3047.7035
131135000,3107.9467,2459900,25632600,7050060300,77567491600,3065.2307,3117.9614,3062.8474,3047.7035
131140000,3107.6013,1487400,17458900,7051547700,77584950500,3065.2307,3117.9614,3062.8474,3047.7035
131145000,3107.7464,2243300,20565700,7053791000,77605516200,3065.2307,3117.9614,3062.8474,3047.7035
131150000,3107.7629,2267400,24323900,7056058400,77629840100,3065.2307,3117.9614,3062.8474,3047.7035
131155000,3107.6777,2069800,22387200,7058128200,77652227300,3065.2307,3117.9614,3062.8474,3047.7035
131200000,3107.9515,2210000,26293100,7060338200,77678520400,3065.2307,3117.9614,3062.8474,3047.7035
131205000,3107.9956,1161300,15417100,7061499500,77693937500,3065.2307,3117.9614,3062.8474,3047.7035
131210000,3107.9483,1881500,21652900,7063381000,77715590400,3065.2307,3117.9614,3062.8474,3047.7035
131215000,3107.5356,2436800,23267100,7065817800,77738857500,3065.2307,3117.9614,3062.8474,3047.7035
131220000,3107.7043,2358800,26319800,7068176600,77765177300,3065.2307,3117.9614,3062.8474,3047.7035
131225000,3107.9178,1680400,17859000,7069857000,77783036300,3065.2307,3117.9614,3062.8474,3047.7035
131230000,3107.8956,2094800,21856600,7071951800,77804892900,3065.2307,3117.9614,3062.8474,3047.7035
131235000,3107.9166,2012900,18564200,7073964700,77823457100,3065.2307,3117.9614,3062.8474,3047.7035
131240000,3107.3878,1511400,18806600,7075476100,77842263700,3065.2307,3117.9614,3062.8474,3047.7035
131245000,3107.2962,1543900,18574400,7077020000,77860838100,3065.2307,3117.9614,3062.8474,3047.7035
131250000,3107.5139,2304000,28961800,7079324000,77889799900,3065.2307,3117.9614,3062.8474,3047.7035
131255000,3107.6064,1683400,20691100,7081007400,77910491000,3065.2307,3117.9614,3062.8474,3047.7035
131300000,3107.6412,2306300,25976800,7083313700,77936467800,3065.2307,3117.9614,3062.8474,3047.7035
131305000,3107.3246,1427300,17661000,7084741000,77954128800,3065.2307,3117.9614,3062.8474,3047.7035
131310000,3107.6462,1921600,21490700,7086662600,77975619500,3065.2307,3117.9614,3062.8474,3047.7035
131315000,3107.4256,2011000,17685800,7088673600,77993305300,3065.2307,3117.9614,3062.8474,3047.7035
131320000,3107.2936,2494100,24486000,7091167700,78017791300,3065.2307,3117.9614,3062.8474,3047.7035
131325000,3106.7958,2246300,27444300,7093414000,78045235600,3065.2307,3117.9614,3062.8474,3047.7035
131330000,3107.0857,3241300,32985100,7096655300,78078220700,3065.2307,3117.9614,3062.8474,3047.7035
131335000,3107.3991,3154300,36765400,7099809600,78114986100,3065.2307,3117.9614,3062.8474,3047.7035
131340000,3106.9516,1794500,22607500,7101604100,78137593600,3065.2307,3117.9614,3062.8474,3047.7035
131345000,3107.0822,2570000,20477300,7104174100,78158070900,3065.2307,3117.9614,3062.8474,3047.7035
131350000,3106.7607,2931300,30666900,7107105400,78188737800,3065.2307,3117.9614,3062.8474,3047.7035
131355000,3106.9064,1731700,21549500,7108837100,78210287300,3065.2307,3117.9614,3062.8474,3047.7035
131400000,3106.9462,2316500,24750200,7111153600,78235037500,3065.2307,3117.9614,3062.8474,3047.7035
131405000,3106.849,1104200,15168900,7112257800,78250206400,3065.2307,3117.9614,3062.8474,3047.7035
131410000,3106.7721,2114200,27635900,7114372000,78277842300,3065.2307,3117.9614,3062.8474,3047.7035
131415000,3106.1994,1550500,19326200,7115922500,78297168500,3065.2307,3117.9614,3062.8474,3047.7035
131420000,3106.3396,2092600,23989600,7118015100,78321158100,3065.2307,3117.9614,3062.8474,3047.7035
131425000,3106.4171,3098700,29471100,7121113800,78350629200,3065.2307,3117.9614,3062.8474,3047.7035
131430000,3106.4866,1786400,24496800,7122900200,78375126000,3065.2307,3117.9614,3062.8474,3047.7035
131435000,3106.8403,1519000,17018000,7124419200,78392144000,3065.2307,3117.9614,3062.8474,3047.7035
131440000,3106.4972,2062900,20812300,7126482100,78412956300,3065.2307,3117.9614,3062.8474,3047.7035
131445000,3106.9208,1344900,14498600,7127827000,78427454900,3065.2307,3117.9614,3062.8474,3047.7035
131450000,3106.6948,2130000,22363400,7129957000,78449818300,3065.2307,3117.9614,3062.8474,3047.7035
131455000,3106.5692,2353600,18799000,7132310600,78468617300,3065.2307,3117.9614,3062.8474,3047.7035
131500000,3106.5592,2176700,25547500,7134487300,78494164800,3065.2307,3117.9614,3062.8474,3047.7035
131505000,3106.8561,1877900,21459300,7136365200,78515624100,3065.2307,3117.9614,3062.8474,3047.7035
131510000,3106.624,1976700,25885400,7138341900,78541509500,3065.2307,3117.9614,3062.8474,3047.7035
131515000,3106.3817,1542400,14814200,7139884300,78556323700,3065.2307,3117.9614,3062.8474,3047.7035
131520000,3106.0705,1985500,25597300,7141869800,78581921000,3065.2307,3117.9614,3062.8474,3047.7035
131525000,3106.3046,2905800,25158000,7144775600,78607079000,3065.2307,3117.9614,3062.8474,3047.7035
131530000,3106.4562,3203200,29297500,7147978800,78636376500,3065.2307,3117.9614,3062.8474,3047.7035
131535000,3106.6204,2232000,16795000,7150210800,78653171500,3065.2307,3117.9614,3062.8474,3047.7035
131540000,3106.2041,1886600,23695200,7152097400,78676866700,3065.2307,3117.9614,3062.8474,3047.7035
131545000,3106.3504,2352500,17877800,7154449900,78694744500,3065.2307,3117.9614,3062.8474,3047.7035
131550000,3106.4747,3282900,26670400,7157732800,78721414900,3065.2307,3117.9614,3062.8474,3047.7035
131555000,3106.095,1413900,15437400,7159146700,78736852300,3065.2307,3117.9614,3062.8474,3047.7035
131600000,3106.4802,1904700,19902300,7161051400,78756754600,3065.2307,3117.9614,3062.8474,3047.7035
131605000,3106.1024,1863300,18229300,7162914700,78774983900,3065.2307,3117.9614,3062.8474,3047.7035
131610000,3106.2093,1863400,21208600,7164778100,78796192500,3065.2307,3117.9614,3062.8474,3047.7035
131615000,3106.3469,1779800,14661400,7166557900,78810853900,3065.2307,3117.9614,3062.8474,3047.7035
131620000,3106.4887,1808900,21824200,7168366800,78832678100,3065.2307,3117.9614,3062.8474,3047.7035
131625000,3106.2235,1889800,22349700,7170256600,78855027800,3065.2307,3117.9614,3062.8474,3047.7035
131630000,3106.3424,2698100,31030200,7172954700,78886058000,3065.2307,3117.9614,3062.8474,3047.7035
131635000,3106.8148,2406000,25843400,7175360700,78911901400,3065.2307,3117.9614,3062.8474,3047.7035
131640000,3106.5608,2334800,28110900,7177695500,78940012300,3065.2307,3117.9614,3062.8474,3047.7035
131645000,3106.2714,1268500,15917900,7178964000,78955930200,3065.2307,3117.9614,3062.8474,3047.7035
131650000,3106.72,2411100,25835300,7181375100,78981765500,3065.2307,3117.9614,3062.8474,3047.7035
131655000,3106.4599,1967600,24982000,7183342700,79006747500,3065.2307,3117.9614,3062.8474,3047.7035
131700000,3106.859,2236500,28992400,7185579200,79035739900,3065.2307,3117.9614,3062.8474,3047.7035
131705000,3106.684,1525000,16970000,7187104200,79052709900,3065.2307,3117.9614,3062.8474,3047.7035
131710000,3106.4628,2111600,26238600,7189215800,79078948500,3065.2307,3117.9614,3062.8474,3047.7035
131715000,3106.2467,1746600,20288000,7190962400,79099236500,3065.2307,3117.9614,3062.8474,3047.7035
131720000,3106.6477,1839100,21692600,7192801500,79120929100,3065.2307,3117.9614,3062.8474,3047.7035
131725000,3106.5241,2294500,20637700,7195096000,79141566800,3065.2307,3117.9614,3062.8474,3047.7035
131730000,3106.5127,1776000,21909200,7196872000,79163476000,3065.2307,3117.9614,3062.8474,3047.7035
131735000,3106.4203,1054800,14178800,7197926800,79177654800,3065.2307,3117.9614,3062.8474,3047.7035
131740000,3106.6999,1600500,20364500,7199527300,79198019300,3065.2307,3117.9614,3062.8474,3047.7035
131745000,3106.3851,1618500,15642300,7201145800,79213661600,3065.2307,3117.9614,3062.8474,3047.7035
131750000,3106.5772,1771300,25440200,7202917100,79239101800,3065.2307,3117.9614,3062.8474,3047.7035
131755000,3106.4358,1836000,18287200,7204753100,79257389000,3065.2307,3117.9614,3062.8474,3047.7035
131800000,3106.9129,2432400,28069400,7207185500,79285458400,3065.2307,3117.9614,3062.8474,3047.7035
131805000,3107.1133,2474700,17938900,7209660200,79303397300,3065.2307,3117.9614,3062.8474,3047.7035
131810000,3106.7515,2181300,28885700,7211841500,79332283000,3065.2307,3117.9614,3062.8474,3047.7035
131815000,3106.6168,2606100,22271000,7214447600,79354554000,3065.2307,3117.9614,3062.8474,3047.7035
131820000,3106.3523,2998100,32454600,7217445700,79387008600,3065.2307,3117.9614,3062.8474,3047.7035
131825000,3106.5868,1831900,22799800,7219277600,79409808400,3065.2307,3117.9614,3062.8474,3047.7035
131830000,3106.241,2867200,30376600,7222144800,79440185000,3065.2307,3117.9614,3062.8474,3047.7035
131835000,3106.2587,1766500,21307000,7223911300,79461492000,3065.2307,3117.9614,3062.8474,3047.7035
131840000,3106.3899,1608400,21859800,7225519700,79483351800,3065.2307,3117.9614,3062.8474,3047.7035
131845000,3106.636,2131900,19804800,7227651600,79503156600,3065.2307,3117.9614,3062.8474,3047.7035
131850000,3106.6554,3426600,40135000,7231078200,79543291600,3065.2307,3117.9614,3062.8474,3047.7035
131855000,3106.1576,2320800,27604000,7233399000,79570895600,3065.2307,3117.9614,3062.8474,3047.7035
131900000,3106.5084,2952900,31397300,7236351900,79602292900,3065.2307,3117.9614,3062.8474,3047.7035
131905000,3106.3284,1579400,20162200,7237931300,79622455100,3065.2307,3117.9614,3062.8474,3047.7035
131910000,3106.5015,2117200,25768900,7240048500,79648224000,3065.2307,3117.9614,3062.8474,3047.7035
131915000,3106.2255,2883000,25102600,7242931500,79673326600,3065.2307,3117.9614,3062.8474,3047.7035
131920000,3106.2341,3438700,29507500,7246370200,79702834100,3065.2307,3117.9614,3062.8474,3047.7035
131925000,3106.1638,1839800,19986500,7248210000,79722820600,3065.2307,3117.9614,3062.8474,3047.7035
131930000,3106.2013,2061800,23796700,7250271800,79746617300,3065.2307,3117.9614,3062.8474,3047.7035
131935000,3106.2761,1813100,18238000,7252084900,79764855300,3065.2307,3117.9614,3062.8474,3047.7035
131940000,3106.3385,1824800,24564400,7253909700,79789419700,3065.2307,3117.9614,3062.8474,3047.7035
131945000,3106.2746,1638300,20736100,7255548000,79810155800,3065.2307,3117.9614,3062.8474,3047.7035
131950000,3106.3057,1838600,23769500,7257386600,79833925300,3065.2307,3117.9614,3062.8474,3047.7035
131955000,3106.0852,2284600,25928200,7259671200,79859853500,3065.2307,3117.9614,3062.8474,3047.7035
132000000,3106.1329,1897700,25454800,7261568900,79885308300,3065.2307,3117.9614,3062.8474,3047.7035
132005000,3106.0123,2015800,20503200,7263584700,79905811500,3065.2307,3117.9614,3062.8474,3047.7035
132010000,3105.9773,2074800,26443000,7265659500,79932254500,3065.2307,3117.9614,3062.8474,3047.7035
132015000,3106.091,1598900,18802600,7267258400,79951057100,3065.2307,3117.9614,3062.8474,3047.7035
132020000,3105.6241,2107000,25753000,7269365400,79976810100,3065.2307,3117.9614,3062.8474,3047.7035
132025000,3105.6765,1210100,14129800,7270575500,79990939900,3065.2307,3117.9614,3062.8474,3047.7035
132030000,3105.6467,2072500,21318900,7272648000,80012258800,3065.2307,3117.9614,3062.8474,3047.7035
132035000,3105.671,1124800,15520600,7273772800,80027779400,3065.2307,3117.9614,3062.8474,3047.7035
132040000,3105.4616,1912900,19807100,7275685700,80047586500,3065.2307,3117.9614,3062.8474,3047.7035
132045000,3106.0309,1416100,15636100,7277101800,80063222600,3065.2307,3117.9614,3062.8474,3047.7035
132050000,3105.8331,3779500,33399300,7280881300,80096621900,3065.2307,3117.9614,3062.8474,3047.7035
132055000,3105.6969,1489200,18780600,7282370500,80115402500,3065.2307,3117.9614,3062.8474,3047.7035
132100000,3105.9455,3617400,36187200,7285987900,80151589700,3065.2307,3117.9614,3062.8474,3047.7035
132105000,3105.8,2276300,19968400,7288264200,80171558100,3065.2307,3117.9614,3062.8474,3047.7035
132110000,3106.0868,2089400,23019800,7290353600,80194577900,3065.2307,3117.9614,3062.8474,3047.7035
132115000,3105.7955,2478200,27197100,7292831800,80221775000,3065.2307,3117.9614,3062.8474,3047.7035
132120000,3105.7165,2115600,19313100,7294947400,80241088100,3065.2307,3117.9614,3062.8474,3047.7035
132125000,3105.7274,2775800,25743100,7297723200,80266831200,3065.2307,3117.9614,3062.8474,3047.7035
132130000,3105.8462,2338000,27552400,7300061200,80294383600,3065.2307,3117.9614,3062.8474,3047.7035
132135000,3105.6656,1276600,14927300,7301337800,80309310900,3065.2307,3117.9614,3062.8474,3047.7035
132140000,3105.4271,2994000,24675600,7304331800,80333986500,3065.2307,3117.9614,3062.8474,3047.7035
132145000,3105.8715,1818000,27968900,7306149800,80361955400,3065.2307,3117.9614,3062.8474,3047.7035
132150000,3105.6983,6049300,48677800,7312199100,80410633200,3065.2307,3117.9614,3062.8474,3047.7035
132155000,3106.1315,1813300,21615000,7314012400,80432248200,3065.2307,3117.9614,3062.8474,3047.7035
132200000,3105.8315,2283700,24980600,7316296100,80457228800,3065.2307,3117.9614,3062.8474,3047.7035
132205000,3106.1825,1587300,16700600,7317883400,80473929400,3065.2307,3117.9614,3062.8474,3047.7035
132210000,3106.0533,3058900,29082500,7320942300,80503011900,3065.2307,3117.9614,3062.8474,3047.7035
132215000,3106.0068,2107100,23739200,7323049400,80526751100,3065.2307,3117.9614,3062.8474,3047.7035
132220000,3105.7721,1577200,20276900,7324626600,80547028000,3065.2307,3117.9614,3062.8474,3047.7035
132225000,3105.9181,3063000,29211800,7327689600,80576239800,3065.2307,3117.9614,3062.8474,3047.7035
132230000,3105.9479,2330000,27408500,7330019600,80603648300,3065.2307,3117.9614,3062.8474,3047.7035
132235000,3106.1751,1622900,17161600,7331642500,80620809900,3065.2307,3117.9614,3062.8474,3047.7035
132240000,3106.0382,2220100,27456900,7333862600,80648266800,3065.2307,3117.9614,3062.8474,3047.7035
132245000,3106.0736,1646800,17924600,7335509400,80666191400,3065.2307,3117.9614,3062.8474,3047.7035
132250000,3105.8984,2208200,32018700,7337717600,80698210100,3065.2307,3117.9614,3062.8474,3047.7035
132255000,3106.1635,2491800,27867900,7340209400,80726078000,3065.2307,3117.9614,3062.8474,3047.7035
132300000,3106.251,2075800,21356900,7342285200,80747434900,3065.2307,3117.9614,3062.8474,3047.7035
132305000,3106.3839,2497900,19971200,7344783100,80767406100,3065.2307,3117.9614,3062.8474,3047.7035
132310000,3106.3285,2228300,28026700,7347011400,80795432800,3065.2307,3117.9614,3062.8474,3047.7035
132315000,3106.2895,2261800,21000200,7349273200,80816433000,3065.2307,3117.9614,3062.8474,3047.7035
132320000,3106.1852,2277800,24771900,7351551000,80841204900,3065.2307,3117.9614,3062.8474,3047.7035
132325000,3106.6335,1585000,21107800,7353136000,80862312700,3065.2307,3117.9614,3062.8474,3047.7035
132330000,3106.3391,2082400,27738800,7355218400,80890051500,3065.2307,3117.9614,3062.8474,3047.7035
132335000,3106.2564,1504400,21783300,7356722800,80911834800,3065.2307,3117.9614,3062.8474,3047.7035
132340000,3106.1691,1663700,20059100,7358386500,80931893900,3065.2307,3117.9614,3062.8474,3047.7035
132345000,3106.315,2584700,26324700,7360971200,80958218600,3065.2307,3117.9614,3062.8474,3047.7035
132350000,3106.3617,1726200,24953700,7362697400,80983172300,3065.2307,3117.9614,3062.8474,3047.7035
132355000,3106.5353,1438000,19529900,7364135400,81002702200,3065.2307,3117.9614,3062.8474,3047.7035
132400000,3106.5763,2573800,29993900,7366709200,81032696100,3065.2307,3117.9614,3062.8474,3047.7035
132405000,3107.0953,1950100,19929000,7368659300,81052625100,3065.2307,3117.9614,3062.8474,3047.7035
132410000,3106.5664,2057700,25860500,7370717000,81078485600,3065.2307,3117.9614,3062.8474,3047.7035
132415000,3106.7086,1736300,24574700,7372453300,81103060300,3065.2307,3117.9614,3062.8474,3047.7035
132420000,3106.855,4803200,47158400,7377256500,81150218700,3065.2307,3117.9614,3062.8474,3047.7035
132425000,3107.6047,3138600,40597000,7380395100,81190815700,3065.2307,3117.9614,3062.8474,3047.7035
132430000,3107.6472,3574900,37640300,7383970000,81228456000,3065.2307,3117.9614,3062.8474,3047.7035
132435000,3108.1329,2443400,25447300,7386413400,81253903300,3065.2307,3117.9614,3062.8474,3047.7035
132440000,3108.2259,3265300,34889900,7389678700,81288793200,3065.2307,3117.9614,3062.8474,3047.7035
132445000,3108.3172,4316100,41944100,7393994800,81330737300,3065.2307,3117.9614,3062.8474,3047.7035
132450000,3109.0507,2602300,35253000,7396597100,81365990300,3065.2307,3117.9614,3062.8474,3047.7035
132455000,3109.1227,3628500,49848400,7400225600,81415838700,3065.2307,3117.9614,3062.8474,3047.7035
132500000,3108.9678,3423800,39735000,7403649400,81455573700,3065.2307,3117.9614,3062.8474,3047.7035
132505000,3109.3613,1960100,21230800,7405609500,81476804500,3065.2307,3117.9614,3062.8474,3047.7035
132510000,3109.0027,3416600,44430600,7409026100,81521235100,3065.2307,3117.9614,3062.8474,3047.7035
132515000,3109.1549,2105600,22517000,7411131700,81543752100,3065.2307,3117.9614,3062.8474,3047.7035
132520000,3108.9838,3239100,33510100,7414370800,81577262200,3065.2307,3117.9614,3062.8474,3047.7035
132525000,3109.1402,3215600,28274200,7417586400,81605536400,3065.2307,3117.9614,3062.8474,3047.7035
132530000,3109.1368,4526200,43822800,7422112600,81649359200,3065.2307,3117.9614,3062.8474,3047.7035
132535000,3109.8041,8194000,66533400,7430306600,81715892600,3065.2307,3117.9614,3062.8474,3047.7035
132540000,3109.7127,1957200,28398000,7432263800,81744290600,3065.2307,3117.9614,3062.8474,3047.7035
132545000,3109.6702,2349900,24713900,7434613700,81769004500,3065.2307,3117.9614,3062.8474,3047.7035
132550000,3109.6282,3547800,42063700,7438161500,81811068200,3065.2307,3117.9614,3062.8474,3047.7035
132555000,3109.94,2432000,27251500,7440593500,81838319700,3065.2307,3117.9614,3062.8474,3047.7035
132600000,3109.9512,3417000,39952700,7444010500,81878272400,3065.2307,3117.9614,3062.8474,3047.7035
132605000,3110.3851,1889800,22901100,7445900300,81901173500,3065.2307,3117.9614,3062.8474,3047.7035
132610000,3110.3876,4020000,46368000,7449920300,81947541500,3065.2307,3117.9614,3062.8474,3047.7035
132615000,3110.0572,4636400,36265700,7454556700,81983807200,3065.2307,3117.9614,3062.8474,3047.7035
132620000,3110.1239,2218000,25462700,7456774700,82009269900,3065.2307,3117.9614,3062.8474,3047.7035
132625000,3109.9596,2221500,27274700,7458996200,82036544600,3065.2307,3117.9614,3062.8474,3047.7035
132630000,3110.1851,3181300,32974300,7462177500,82069518900,3065.2307,3117.9614,3062.8474,3047.7035
132635000,3110.4333,1581700,20892900,7463759200,82090411800,3065.2307,3117.9614,3062.8474,3047.7035
132640000,3110.289,3287200,37965800,7467046400,82128377600,3065.2307,3117.9614,3062.8474,3047.7035
132645000,3110.0946,3185500,32098200,7470231900,82160475800,3065.2307,3117.9614,3062.8474,3047.7035
132650000,3110.1785,2654100,29787100,7472886000,82190262900,3065.2307,3117.9614,3062.8474,3047.7035
132655000,3110.2151,2430800,25578200,7475316800,82215841100,3065.2307,3117.9614,3062.8474,3047.7035
132700000,3110.4024,2724400,31409600,7478041200,82247250700,3065.2307,3117.9614,3062.8474,3047.7035
132705000,3110.4137,3311000,32570000,7481352200,82279820700,3065.2307,3117.9614,3062.8474,3047.7035
132710000,3110.5273,2920900,29371200,7484273100,82309191900,3065.2307,3117.9614,3062.8474,3047.7035
132715000,3110.1446,2966900,29614200,7487240000,82338806100,3065.2307,3117.9614,3062.8474,3047.7035
132720000,3110.2029,2978800,33787400,7490218800,82372593500,3065.2307,3117.9614,3062.8474,3047.7035
132725000,3110.0815,2266000,27718700,7492484800,82400312200,3065.2307,3117.9614,3062.8474,3047.7035
132730000,3109.9726,2886100,31293500,7495370900,82431605700,3065.2307,3117.9614,3062.8474,3047.7035
132735000,3110.1574,1618700,18236500,7496989600,82449842200,3065.2307,3117.9614,3062.8474,3047.7035
132740000,3110.2707,2453200,28758200,7499442800,82478600400,3065.2307,3117.9614,3062.8474,3047.7035
132745000,3109.937,1942300,19848600,7501385100,82498449000,3065.2307,3117.9614,3062.8474,3047.7035
132750000,3109.8527,4415300,38240100,7505800400,82536689100,3065.2307,3117.9614,3062.8474,3047.7035
132755000,3109.9082,2505400,27314600,7508305800,82564003700,3065.2307,3117.9614,3062.8474,3047.7035
132800000,3109.8862,2871000,30938000,7511176800,82594941700,3065.2307,3117.9614,3062.8474,3047.7035
132805000,3109.7857,3392400,29527300,7514569200,82624469000,3065.2307,3117.9614,3062.8474,3047.7035
132810000,3110.206,2122800,26040900,7516692000,82650509900,3065.2307,3117.9614,3062.8474,3047.7035
132815000,3109.7917,3409500,29038300,7520101500,82679548200,3065.2307,3117.9614,3062.8474,3047.7035
132820000,3109.971,1799800,19658100,7521901300,82699206300,3065.2307,3117.9614,3062.8474,3047.7035
132825000,3109.9296,2075100,24387000,7523976400,82723593300,3065.2307,3117.9614,3062.8474,3047.7035
132830000,3110.1089,4057300,39906100,7528033700,82763499400,3065.2307,3117.9614,3062.8474,3047.7035
132835000,3109.9968,3986800,37302900,7532020500,82800802300,3065.2307,3117.9614,3062.8474,3047.7035
132840000,3110.0293,6843800,53995900,7538864300,82854798200,3065.2307,3117.9614,3062.8474,3047.7035
132845000,3110.0052,13462600,87833300,7552326900,82942631500,3065.2307,3117.9614,3062.8474,3047.7035
132850000,3110.0591,3317600,27787400,7555644500,82970418900,3065.2307,3117.9614,3062.8474,3047.7035
132855000,3110.2316,2583700,31105900,7558228200,83001524800,3065.2307,3117.9614,3062.8474,3047.7035
132900000,3109.833,4040100,33194600,7562268300,83034719400,3065.2307,3117.9614,3062.8474,3047.7035
132905000,3110.1275,1801000,18906600,7564069300,83053626000,3065.2307,3117.9614,3062.8474,3047.7035
132910000,3110.0762,3641900,36565400,7567711200,83090191400,3065.2307,3117.9614,3062.8474,3047.7035
132915000,3109.796,2594700,26825600,7570305900,83117017000,3065.2307,3117.9614,3062.8474,3047.7035
132920000,3110.0177,2054400,24233500,7572360300,83141250500,3065.2307,3117.9614,3062.8474,3047.7035
132925000,3110.0551,2148900,22078400,7574509200,83163328900,3065.2307,3117.9614,3062.8474,3047.7035
132930000,3110.1125,5339100,49201000,7579848300,83212529900,3065.2307,3117.9614,3062.8474,3047.7035
132935000,3110.306,2189100,21879300,7582037400,83234409200,3065.2307,3117.9614,3062.8474,3047.7035
132940000,3110.3977,2226900,25616900,7584264300,83260026100,3065.2307,3117.9614,3062.8474,3047.7035
132945000,3110.3536,2519400,26125200,7586783700,83286151300,3065.2307,3117.9614,3062.8474,3047.7035
132950000,3110.4349,1854500,21775800,7588638200,83307927100,3065.2307,3117.9614,3062.8474,3047.7035
132955000,3110.544,1515600,17798800,7590153800,83325725900,3065.2307,3117.9614,3062.8474,3047.7035
133000000,3110.5082,3127700,28684200,7593281500,83354410100,3065.2307,3117.9614,3062.8474,3047.7035
133005000,3111.0821,1831600,19077600,7595113100,83373487700,3065.2307,3117.9614,3062.8474,3047.7035
133010000,3111.0453,2431900,29651400,7597545000,83403139100,3065.2307,3117.9614,3062.8474,3047.7035
133015000,3110.6818,2040300,23428200,7599585300,83426567300,3065.2307,3117.9614,3062.8474,3047.7035
133020000,3110.5183,2324600,28705400,7601909900,83455272700,3065.2307,3117.9614,3062.8474,3047.7035
133025000,3110.3774,2609800,30628300,7604519700,83485901000,3065.2307,3117.9614,3062.8474,3047.7035
133030000,3110.6544,2427300,30496200,7606947000,83516397200,3065.2307,3117.9614,3062.8474,3047.7035
133035000,3110.7646,2183300,24582000,7609130300,83540979200,3065.2307,3117.9614,3062.8474,3047.7035
133040000,3110.836,2235200,25054100,7611365500,83566033300,3065.2307,3117.9614,3062.8474,3047.7035
133045000,3110.9769,1699200,23836500,7613064700,83589869800,3065.2307,3117.9614,3062.8474,3047.7035
133050000,3110.8662,3383100,32363400,7616447800,83622233200,3065.2307,3117.9614,3062.8474,3047.7035
133055000,3111.0213,2063500,18505100,7618511300,83640738300,3065.2307,3117.9614,3062.8474,3047.7035
133100000,3110.7339,2897700,33796900,7621409000,83674535200,3065.2307,3117.9614,3062.8474,3047.7035
133105000,3110.9396,1496500,18906500,7622905500,83693441700,3065.2307,3117.9614,3062.8474,3047.7035
133110000,3111.174,2404400,27120100,7625309900,83720561800,3065.2307,3117.9614,3062.8474,3047.7035
133115000,3110.7693,2681300,27688300,7627991200,83748250100,3065.2307,3117.9614,3062.8474,3047.7035
133120000,3110.5495,1777200,23243700,7629768400,83771493800,3065.2307,3117.9614,3062.8474,3047.7035
133125000,3111.0045,2716600,28936200,7632485000,83800430000,3065.2307,3117.9614,3062.8474,3047.7035
133130000,3110.5814,3511400,43114600,7635996400,83843544600,3065.2307,3117.9614,3062.8474,3047.7035
133135000,3110.6653,1606200,18672600,7637602600,83862217200,3065.2307,3117.9614,3062.8474,3047.7035
133140000,3110.3285,2016200,22320700,7639618800,83884537900,3065.2307,3117.9614,3062.8474,3047.7035
133145000,3110.2639,1853100,20151200,7641471900,83904689100,3065.2307,3117.9614,3062.8474,3047.7035
133150000,3110.0979,2851100,30421600,7644323000,83935110700,3065.2307,3117.9614,3062.8474,3047.7035
133155000,3110.1243,2479500,26991300,7646802500,83962102000,3065.2307,3117.9614,3062.8474,3047.7035
133200000,3110.3084,2243600,27601100,7649046100,83989703100,3065.2307,3117.9614,3062.8474,3047.7035
133205000,3110.0732,2188400,31749300,7651234500,84021452400,3065.2307,3117.9614,3062.8474,3047.7035
133210000,3110.177,1999700,23653700,7653234200,84045106100,3065.2307,3117.9614,3062.8474,3047.7035
133215000,3109.6943,2174800,21539700,7655409000,84066645800,3065.2307,3117.9614,3062.8474,3047.7035
133220000,3110.0219,1630500,19235000,7657039500,84085880800,3065.2307,3117.9614,3062.8474,3047.7035
133225000,3110.0733,1213100,17504800,7658252600,84103385600,3065.2307,3117.9614,3062.8474,3047.7035
133230000,3110.0508,3002900,33130700,7661255500,84136516300,3065.2307,3117.9614,3062.8474,3047.7035
133235000,3110.0852,1656700,20871800,7662912200,84157388100,3065.2307,3117.9614,3062.8474,3047.7035
133240000,3110.0267,2590500,30179200,7665502700,84187567300,3065.2307,3117.9614,3062.8474,3047.7035
133245000,3109.9191,1553800,17944000,7667056500,84205511300,3065.2307,3117.9614,3062.8474,3047.7035
133250000,3109.7675,1933700,23203800,7668990200,84228715100,3065.2307,3117.9614,3062.8474,3047.7035
133255000,3110.341,1489400,18320700,7670479600,84247035800,3065.2307,3117.9614,3062.8474,3047.7035
133300000,3109.9189,2716600,31479100,7673196200,84278514900,3065.2307,3117.9614,3062.8474,3047.7035
133305000,3109.8338,1428200,20021400,7674624400,84298536300,3065.2307,3117.9614,3062.8474,3047.7035
133310000,3110.0215,2650800,29504900,7677275200,84328041200,3065.2307,3117.9614,3062.8474,3047.7035
133315000,3109.833,1590100,19307200,7678865300,84347348400,3065.2307,3117.9614,3062.8474,3047.7035
133320000,3109.7035,2417700,25192300,7681283000,84372540700,3065.2307,3117.9614,3062.8474,3047.7035
133325000,3109.8478,2379000,29946000,7683662000,84402486700,3065.2307,3117.9614,3062.8474,3047.7035
133330000,3109.9645,3662400,41893400,7687324400,84444380100,3065.2307,3117.9614,3062.8474,3047.7035
133335000,3109.7667,1204000,16686500,7688528400,84461066600,3065.2307,3117.9614,3062.8474,3047.7035
133340000,3109.6133,2003300,28197000,7690531700,84489263600,3065.2307,3117.9614,3062.8474,3047.7035
133345000,3109.5472,1817600,18749600,7692349300,84508013200,3065.2307,3117.9614,3062.8474,3047.7035
133350000,3109.9997,1649700,20808000,7693999000,84528821200,3065.2307,3117.9614,3062.8474,3047.7035
133355000,3109.6555,2496300,29979900,7696495300,84558801100,3065.2307,3117.9614,3062.8474,3047.7035
133400000,3109.7851,2114500,25910400,7698609800,84584711500,3065.2307,3117.9614,3062.8474,3047.7035
133405000,3109.9054,1658100,19719800,7700267900,84604431300,3065.2307,3117.9614,3062.8474,3047.7035
133410000,3109.9182,2832900,26291500,7703100800,84630722800,3065.2307,3117.9614,3062.8474,3047.7035
133415000,3109.7828,2354400,22573900,7705455200,84653296700,3065.2307,3117.9614,3062.8474,3047.7035
133420000,3109.6254,1751100,21667400,7707206300,84674964100,3065.2307,3117.9614,3062.8474,3047.7035
133425000,3109.8373,2052900,24116600,7709259200,84699080700,3065.2307,3117.9614,3062.8474,3047.7035
133430000,3109.6477,2599700,28085900,7711858900,84727166600,3065.2307,3117.9614,3062.8474,3047.7035
133435000,3109.893,2163500,22844200,7714022400,84750010800,3065.2307,3117.9614,3062.8474,3047.7035
133440000,3109.63,2072700,26103700,7716095100,84776114500,3065.2307,3117.9614,3062.8474,3047.7035
133445000,3109.8154,2808800,26361700,7718903900,84802476200,3065.2307,3117.9614,3062.8474,3047.7035
133450000,3109.8905,3113800,31071900,7722017700,84833548100,3065.2307,3117.9614,3062.8474,3047.7035
133455000,3109.6603,2826900,27241000,7724844600,84860789100,3065.2307,3117.9614,3062.8474,3047.7035
133500000,3109.9519,2125500,25756000,7726970100,84886545100,3065.2307,3117.9614,3062.8474,3047.7035
133505000,3109.9978,2301400,22917000,7729271500,84909462100,3065.2307,3117.9614,3062.8474,3047.7035
133510000,3109.9666,3222100,26074800,7732493600,84935536900,3065.2307,3117.9614,3062.8474,3047.7035
133515000,3109.7019,3680100,32852300,7736173700,84968389200,3065.2307,3117.9614,3062.8474,3047.7035
133520000,3110.092,2122300,20736400,7738296000,84989125600,3065.2307,3117.9614,3062.8474,3047.7035
133525000,3109.9873,2476700,26479900,7740772700,85015605500,3065.2307,3117.9614,3062.8474,3047.7035
133530000,3109.8622,3534600,27643700,7744307300,85043249200,3065.2307,3117.9614,3062.8474,3047.7035
133535000,3109.7323,2180600,23119800,7746487900,85066369000,3065.2307,3117.9614,3062.8474,3047.7035
133540000,3109.8094,2558200,27034900,7749046100,85093403900,3065.2307,3117.9614,3062.8474,3047.7035
133545000,3109.8214,2273300,29400000,7751319400,85122803900,3065.2307,3117.9614,3062.8474,3047.7035
133550000,3110.4935,2641500,33184800,7753960900,85155988700,3065.2307,3117.9614,3062.8474,3047.7035
133555000,3110.5785,2383000,28832000,7756343900,85184820700,3065.2307,3117.9614,3062.8474,3047.7035
133600000,3111.0997,2823300,34459900,7759167200,85219280600,3065.2307,3117.9614,3062.8474,3047.7035
133605000,3110.6881,1879400,23074300,7761046600,85242354900,3065.2307,3117.9614,3062.8474,3047.7035
133610000,3111.0053,2852900,28466800,7763899500,85270821700,3065.2307,3117.9614,3062.8474,3047.7035
133615000,3110.7583,1983000,24898900,7765882500,85295720600,3065.2307,3117.9614,3062.8474,3047.7035
133620000,3110.3775,2375100,28330100,7768257600,85324050700,3065.2307,3117.9614,3062.8474,3047.7035
133625000,3110.4188,2347000,24916900,7770604600,85348967600,3065.2307,3117.9614,3062.8474,3047.7035
133630000,3110.5743,2178400,26351500,7772783000,85375319100,3065.2307,3117.9614,3062.8474,3047.7035
133635000,3110.5121,2126100,22066600,7774909100,85397385700,3065.2307,3117.9614,3062.8474,3047.7035
133640000,3110.7274,2244900,28103000,7777154000,85425488700,3065.2307,3117.9614,3062.8474,3047.7035
133645000,3110.2764,1460000,14810200,7778614000,85440298900,3065.2307,3117.9614,3062.8474,3047.7035
133650000,3110.421,3212300,34666600,7781826300,85474965500,3065.2307,3117.9614,3062.8474,3047.7035
133655000,3110.6535,2730500,29736200,7784556800,85504701700,3065.2307,3117.9614,3062.8474,3047.7035
133700000,3109.9873,3035400,34684500,7787592200,85539386200,3065.2307,3117.9614,3062.8474,3047.7035
133705000,3110.1788,1687200,19354000,7789279400,85558740200,3065.2307,3117.9614,3062.8474,3047.7035
133710000,3110.1565,2665500,31766500,7791944900,85590506700,3065.2307,3117.9614,3062.8474,3047.7035
133715000,3109.991,2165500,26861700,7794110400,85617368400,3065.2307,3117.9614,3062.8474,3047.7035
133720000,3109.6367,2678100,28623100,7796788500,85645991500,3065.2307,3117.9614,3062.8474,3047.7035
133725000,3109.5203,4950600,44544300,7801739100,85690535800,3065.2307,3117.9614,3062.8474,3047.7035
133730000,3109.4194,4469400,46475900,7806208500,85737011700,3065.2307,3117.9614,3062.8474,3047.7035
133735000,3109.3307,3313900,34388100,7809522400,85771399800,3065.2307,3117.9614,3062.8474,3047.7035
133740000,3109.0541,3346600,33542400,7812869000,85804942200,3065.2307,3117.9614,3062.8474,3047.7035
133745000,3109.1542,2724900,25477500,7815593900,85830419700,3065.2307,3117.9614,3062.8474,3047.7035
133750000,3109.1906,3898100,37815900,7819492000,85868235600,3065.2307,3117.9614,3062.8474,3047.7035
133755000,3108.9982,2984500,33481600,7822476500,85901717200,3065.2307,3117.9614,3062.8474,3047.7035
133800000,3108.4976,3829500,42168000,7826306000,85943885200,3065.2307,3117.9614,3062.8474,3047.7035
133805000,3108.6136,2717900,30411300,7829023900,85974296500,3065.2307,3117.9614,3062.8474,3047.7035
133810000,3108.8729,2829600,35667300,7831853500,86009963800,3065.2307,3117.9614,3062.8474,3047.7035
133815000,3108.4659,2981800,32781300,7834835300,86042745100,3065.2307,3117.9614,3062.8474,3047.7035
133820000,3108.4364,2524700,34942200,7837360000,86077687300,3065.2307,3117.9614,3062.8474,3047.7035
133825000,3108.3507,2456200,28891400,7839816200,86106578700,3065.2307,3117.9614,3062.8474,3047.7035
133830000,3108.4716,2954100,31893700,7842770300,86138472400,3065.2307,3117.9614,3062.8474,3047.7035
133835000,3108.1805,1830700,22607300,7844601000,86161079700,3065.2307,3117.9614,3062.8474,3047.7035
133840000,3108.1172,3942100,37257100,7848543100,86198336800,3065.2307,3117.9614,3062.8474,3047.7035
133845000,3108.3726,2497600,25747100,7851040700,86224083900,3065.2307,3117.9614,3062.8474,3047.7035
133850000,3108.2359,3478300,28795600,7854519000,86252879500,3065.2307,3117.9614,3062.8474,3047.7035
133855000,3107.9849,2018000,24187700,7856537000,86277067200,3065.2307,3117.9614,3062.8474,3047.7035
133900000,3108.1009,2630800,29528300,7859167800,86306595500,3065.2307,3117.9614,3062.8474,3047.7035
133905000,3108.2326,1776500,19566300,7860944300,86326161800,3065.2307,3117.9614,3062.8474,3047.7035
133910000,3108.3137,2175900,25765100,7863120200,86351926900,3065.2307,3117.9614,3062.8474,3047.7035
133915000,3108.0571,2061700,22914100,7865181900,86374841000,3065.2307,3117.9614,3062.8474,3047.7035
133920000,3107.7995,2728000,25395500,7867909900,86400236500,3065.2307,3117.9614,3062.8474,3047.7035
133925000,3108.4019,1968800,20283100,7869878700,86420519600,3065.2307,3117.9614,3062.8474,3047.7035
133930000,3108.2464,2120700,22449200,7871999400,86442968800,3065.2307,3117.9614,3062.8474,3047.7035
133935000,3107.8989,2186600,20362000,7874186000,86463330800,3065.2307,3117.9614,3062.8474,3047.7035
133940000,3108.0367,4401500,38966400,7878587500,86502297200,3065.2307,3117.9614,3062.8474,3047.7035
133945000,3108.0768,2507100,24172400,7881094600,86526469600,3065.2307,3117.9614,3062.8474,3047.7035
133950000,3108.2964,2157600,25915800,7883252200,86552385400,3065.2307,3117.9614,3062.8474,3047.7035
133955000,3108.2066,2458400,26953200,7885710600,86579338600,3065.2307,3117.9614,3062.8474,3047.7035
134000000,3107.8688,2036600,23012000,7887747200,86602350600,3065.2307,3117.9614,3062.8474,3047.7035
134005000,3108.2177,1714000,16300600,7889461200,86618651200,3065.2307,3117.9614,3062.8474,3047.7035
134010000,3108.3884,2072300,24339000,7891533500,86642990200,3065.2307,3117.9614,3062.8474,3047.7035
134015000,3107.8941,1795800,20506900,7893329300,86663497100,3065.2307,3117.9614,3062.8474,3047.7035
134020000,3108.0529,1739600,19419600,7895068900,86682916700,3065.2307,3117.9614,3062.8474,3047.7035
134025000,3107.6602,1997600,23737700,7897066500,86706654400,3065.2307,3117.9614,3062.8474,3047.7035
134030000,3107.9217,2026800,25014900,7899093300,86731669300,3065.2307,3117.9614,3062.8474,3047.7035
134035000,3107.8079,1317800,17609100,7900411100,86749278400,3065.2307,3117.9614,3062.8474,3047.7035
134040000,3107.7794,2287400,23204600,7902698500,86772483000,3065.2307,3117.9614,3062.8474,3047.7035
134045000,3107.7598,2889100,26546400,7905587600,86799029400,3065.2307,3117.9614,3062.8474,3047.7035
134050000,3107.879,3817400,37493400,7909405000,86836522800,3065.2307,3117.9614,3062.8474,3047.7035
134055000,3107.8555,4638300,45651000,7914043300,86882173800,3065.2307,3117.9614,3062.8474,3047.7035
134100000,3107.6379,2900400,32631900,7916943700,86914805700,3065.2307,3117.9614,3062.8474,3047.7035
134105000,3107.6879,1233100,16370700,7918176800,86931176400,3065.2307,3117.9614,3062.8474,3047.7035
134110000,3107.9243,2463800,26833600,7920640600,86958010000,3065.2307,3117.9614,3062.8474,3047.7035
134115000,3107.41,1393500,16681300,7922034100,86974691300,3065.2307,3117.9614,3062.8474,3047.7035
134120000,3107.2584,2438500,29996500,7924472600,87004687800,3065.2307,3117.9614,3062.8474,3047.7035
134125000,3107.9121,2228800,24653600,7926701400,87029341400,3065.2307,3117.9614,3062.8474,3047.7035
134130000,3107.406,2744000,30204800,7929445400,87059546200,3065.2307,3117.9614,3062.8474,3047.7035
134135000,3107.4127,1845300,21531500,7931290700,87081077700,3065.2307,3117.9614,3062.8474,3047.7035
134140000,3107.7433,2163900,24910600,7933454600,87105988300,3065.2307,3117.9614,3062.8474,3047.7035
134145000,3107.2916,2057700,22866900,7935512300,87128855200,3065.2307,3117.9614,3062.8474,3047.7035
134150000,3107.5917,2271600,23701500,7937783900,87152556700,3065.2307,3117.9614,3062.8474,3047.7035
134155000,3107.8147,3132400,32088300,7940916300,87184645000,3065.2307,3117.9614,3062.8474,3047.7035
134200000,3108.0283,2372900,24896100,7943289200,87209541100,3065.2307,3117.9614,3062.8474,3047.7035
134205000,3107.6957,1775700,19659000,7945064900,87229200100,3065.2307,3117.9614,3062.8474,3047.7035
134210000,3108.0996,4318100,37426000,7949383000,87266626100,3065.2307,3117.9614,3062.8474,3047.7035
134215000,3107.5896,2040600,23366300,7951423600,87289992400,3065.2307,3117.9614,3062.8474,3047.7035
134220000,3107.5198,1961400,21977600,7953385000,87311970000,3065.2307,3117.9614,3062.8474,3047.7035
134225000,3107.6662,2977600,28974100,7956362600,87340944100,3065.2307,3117.9614,3062.8474,3047.7035
134230000,3107.6956,2653400,29129100,7959016000,87370073200,3065.2307,3117.9614,3062.8474,3047.7035
134235000,3107.5377,2158600,25329800,7961174600,87395403000,3065.2307,3117.9614,3062.8474,3047.7035
134240000,3107.5739,1943300,22215100,7963117900,87417618100,3065.2307,3117.9614,3062.8474,3047.7035
134245000,3107.7333,1972900,19471100,7965090800,87437089200,3065.2307,3117.9614,3062.8474,3047.7035
134250000,3107.4332,2176200,25451100,7967267000,87462540300,3065.2307,3117.9614,3062.8474,3047.7035
134255000,3107.6252,2740500,32434900,7970007500,87494975200,3065.2307,3117.9614,3062.8474,3047.7035
134300000,3107.8357,2542800,26997300,7972550300,87521972500,3065.2307,3117.9614,3062.8474,3047.7035
134305000,3107.7997,2144200,22425200,7974694500,87544397700,3065.2307,3117.9614,3062.8474,3047.7035
134310000,3107.6564,2130100,24238700,7976824600,87568636400,3065.2307,3117.9614,3062.8474,3047.7035
134315000,3107.8295,1986300,21451600,7978810900,87590088000,3065.2307,3117.9614,3062.8474,3047.7035
134320000,3107.567,2471900,30976300,7981282800,87621064300,3065.2307,3117.9614,3062.8474,3047.7035
134325000,3107.8706,1853200,22598300,7983136000,87643662600,3065.2307,3117.9614,3062.8474,3047.7035
134330000,3107.8835,2157900,25217300,7985293900,87668879900,3065.2307,3117.9614,3062.8474,3047.7035
134335000,3107.639,2072000,24590400,7987365900,87693470300,3065.2307,3117.9614,3062.8474,3047.7035
134340000,3107.6694,2076600,23155300,7989442500,87716625600,3065.2307,3117.9614,3062.8474,3047.7035
134345000,3107.6251,3076200,29443200,7992518700,87746068800,3065.2307,3117.9614,3062.8474,3047.7035
134350000,3107.614,2449500,27850200,7994968200,87773919000,3065.2307,3117.9614,3062.8474,3047.7035
134355000,3107.5567,2457000,24114200,7997425200,87798033200,3065.2307,3117.9614,3062.8474,3047.7035
134400000,3107.6982,2614700,25877200,8000039900,87823910400,3065.2307,3117.9614,3062.8474,3047.7035
134405000,3107.709,1794200,20406900,8001834100,87844317300,3065.2307,3117.9614,3062.8474,3047.7035
134410000,3107.8551,2044100,27317600,8003878200,87871634900,3065.2307,3117.9614,3062.8474,3047.7035
134415000,3107.7734,1576500,16727200,8005454700,87888362100,3065.2307,3117.9614,3062.8474,3047.7035
134420000,3107.6933,2257800,25594700,8007712500,87913956800,3065.2307,3117.9614,3062.8474,3047.7035
134425000,3107.7446,2639600,29001300,8010352100,87942958100,3065.2307,3117.9614,3062.8474,3047.7035
134430000,3107.6107,2079200,23110000,8012431300,87966068100,3065.2307,3117.9614,3062.8474,3047.7035
134435000,3107.7342,1875700,22674500,8014307000,87988742600,3065.2307,3117.9614,3062.8474,3047.7035
134440000,3107.7184,1929500,23838100,8016236500,88012580700,3065.2307,3117.9614,3062.8474,3047.7035
134445000,3107.8585,1746400,20120900,8017982900,88032701600,3065.2307,3117.9614,3062.8474,3047.7035
134450000,3108.1417,1902700,25142400,8019885600,88057844000,3065.2307,3117.9614,3062.8474,3047.7035
134455000,3107.6512,1731500,22149600,8021617100,88079993600,3065.2307,3117.9614,3062.8474,3047.7035
134500000,3107.9145,2939200,30762900,8024556300,88110756500,3065.2307,3117.9614,3062.8474,3047.7035
134505000,3107.9914,1638100,27535800,8026194400,88138292300,3065.2307,3117.9614,3062.8474,3047.7035
134510000,3107.9351,3324200,29350300,8029518600,88167642600,3065.2307,3117.9614,3062.8474,3047.7035
134515000,3107.7773,1590400,16594600,8031109000,88184237200,3065.2307,3117.9614,3062.8474,3047.7035
134520000,3107.3563,1764600,21162200,8032873600,88205399400,3065.2307,3117.9614,3062.8474,3047.7035
134525000,3107.5939,2005300,23652500,8034878900,88229051900,3065.2307,3117.9614,3062.8474,3047.7035
134530000,3107.3657,3314000,30618100,8038192900,88259670000,3065.2307,3117.9614,3062.8474,3047.7035
134535000,3107.3513,1540000,19098900,8039732900,88278768900,3065.2307,3117.9614,3062.8474,3047.7035
134540000,3107.3748,2374800,19932400,8042107700,88298701300,3065.2307,3117.9614,3062.8474,3047.7035
134545000,3107.5267,1768700,17671200,8043876400,88316372500,3065.2307,3117.9614,3062.8474,3047.7035
134550000,3107.2775,2717800,27145100,8046594200,88343517600,3065.2307,3117.9614,3062.8474,3047.7035
134555000,3107.7435,3675100,32304000,8050269300,88375821600,3065.2307,3117.9614,3062.8474,3047.7035
134600000,3107.7911,1790900,19240400,8052060200,88395062000,3065.2307,3117.9614,3062.8474,3047.7035
134605000,3107.9031,2255200,19004500,8054315400,88414066500,3065.2307,3117.9614,3062.8474,3047.7035
134610000,3108.069,3440500,31879500,8057755900,88445946000,3065.2307,3117.9614,3062.8474,3047.7035
134615000,3107.5141,2034800,20850100,8059790700,88466796100,3065.2307,3117.9614,3062.8474,3047.7035
134620000,3107.4179,2027100,24687000,8061817800,88491483100,3065.2307,3117.9614,3062.8474,3047.7035
134625000,3107.3401,2484500,29604700,8064302300,88521087800,3065.2307,3117.9614,3062.8474,3047.7035
134630000,3107.7796,2680700,33764600,8066983000,88554852400,3065.2307,3117.9614,3062.8474,3047.7035
134635000,3107.527,1801300,18297700,8068784300,88573150100,3065.2307,3117.9614,3062.8474,3047.7035
134640000,3107.4855,2540100,29909200,8071324400,88603059300,3065.2307,3117.9614,3062.8474,3047.7035
134645000,3107.4534,2563500,24579200,8073887900,88627638500,3065.2307,3117.9614,3062.8474,3047.7035
134650000,3107.1562,2714600,30189100,8076602500,88657827600,3065.2307,3117.9614,3062.8474,3047.7035
134655000,3107.1443,2246000,25342200,8078848500,88683169800,3065.2307,3117.9614,3062.8474,3047.7035
134700000,3107.1914,2583400,29120000,8081431900,88712289800,3065.2307,3117.9614,3062.8474,3047.7035
134705000,3106.9917,2170200,23729600,8083602100,88736019400,3065.2307,3117.9614,3062.8474,3047.7035
134710000,3107.3623,2638800,30541400,8086240900,88766560800,3065.2307,3117.9614,3062.8474,3047.7035
134715000,3106.9442,1774500,18446400,8088015400,88785007200,3065.2307,3117.9614,3062.8474,3047.7035
134720000,3106.8498,2066600,26268300,8090082000,88811275500,3065.2307,3117.9614,3062.8474,3047.7035
134725000,3107.1526,2398900,27947400,8092480900,88839222900,3065.2307,3117.9614,3062.8474,3047.7035
134730000,3107.0235,2636300,29513900,8095117200,88868736800,3065.2307,3117.9614,3062.8474,3047.7035
134735000,3106.6924,1407400,21897900,8096524600,88890634700,3065.2307,3117.9614,3062.8474,3047.7035
134740000,3106.8606,1768000,22031800,8098292600,88912666500,3065.2307,3117.9614,3062.8474,3047.7035
134745000,3106.8315,1810700,21447200,8100103300,88934113700,3065.2307,3117.9614,3062.8474,3047.7035
134750000,3106.6509,2141100,26008100,8102244400,88960121800,3065.2307,3117.9614,3062.8474,3047.7035
134755000,3106.7793,1838100,25920800,8104082500,88986042600,3065.2307,3117.9614,3062.8474,3047.7035
134800000,3106.7885,2908100,27385400,8106990600,89013428000,3065.2307,3117.9614,3062.8474,3047.7035
134805000,3106.8462,1591600,17765400,8108582200,89031193400,3065.2307,3117.9614,3062.8474,3047.7035
134810000,3106.9767,1770300,21659300,8110352500,89052852700,3065.2307,3117.9614,3062.8474,3047.7035
134815000,3106.5487,2705800,21332500,8113058300,89074185200,3065.2307,3117.9614,3062.8474,3047.7035
134820000,3106.2318,3485700,28401500,8116544000,89102586700,3065.2307,3117.9614,3062.8474,3047.7035
134825000,3106.6642,1995000,22274800,8118539000,89124861500,3065.2307,3117.9614,3062.8474,3047.7035
134830000,3106.6078,4294800,35475400,8122833800,89160336900,3065.2307,3117.9614,3062.8474,3047.7035
134835000,3106.5128,4577600,30736300,8127411400,89191073200,3065.2307,3117.9614,3062.8474,3047.7035
134840000,3106.2753,3408100,32457600,8130819500,89223530800,3065.2307,3117.9614,3062.8474,3047.7035
134845000,3105.7766,2837200,21800900,8133656700,89245331700,3065.2307,3117.9614,3062.8474,3047.7035
134850000,3106.0651,2309800,27124800,8135966500,89272456500,3065.2307,3117.9614,3062.8474,3047.7035
134855000,3106.3732,1806600,18666400,8137773100,89291122900,3065.2307,3117.9614,3062.8474,3047.7035
134900000,3106.0997,2276200,24697100,8140049300,89315820000,3065.2307,3117.9614,3062.8474,3047.7035
134905000,3106.0648,1832700,22333900,8141882000,89338153900,3065.2307,3117.9614,3062.8474,3047.7035
134910000,3106.1445,3319700,37536200,8145201700,89375690100,3065.2307,3117.9614,3062.8474,3047.7035
134915000,3105.506,2104600,21932600,8147306300,89397622700,3065.2307,3117.9614,3062.8474,3047.7035
134920000,3105.4815,3690800,30156400,8150997100,89427779100,3065.2307,3117.9614,3062.8474,3047.7035
134925000,3105.8524,2903300,32243200,8153900400,89460022300,3065.2307,3117.9614,3062.8474,3047.7035
134930000,3105.0303,4203600,44553900,8158104000,89504576200,3065.2307,3117.9614,3062.8474,3047.7035
134935000,3104.9086,4668700,39781900,8162772700,89544358100,3065.2307,3117.9614,3062.8474,3047.7035
134940000,3104.5189,4809900,50798000,8167582600,89595156100,3065.2307,3117.9614,3062.8474,3047.7035
134945000,3104.3019,4413900,37563600,8171996500,89632719700,3065.2307,3117.9614,3062.8474,3047.7035
134950000,3103.8599,4020000,45760200,8176016500,89678479900,3065.2307,3117.9614,3062.8474,3047.7035
134955000,3103.6563,3480400,44455300,8179496900,89722935200,3065.2307,3117.9614,3062.8474,3047.7035
135000000,3103.2252,4140600,50877900,8183637500,89773813100,3065.2307,3117.9614,3062.8474,3047.7035
135005000,3103.4465,2908100,29723400,8186545600,89803536500,3065.2307,3117.9614,3062.8474,3047.7035
135010000,3103.4994,3258700,34620500,8189804300,89838157000,3065.2307,3117.9614,3062.8474,3047.7035
135015000,3103.6088,3782700,37324700,8193587000,89875481700,3065.2307,3117.9614,3062.8474,3047.7035
135020000,3103.6546,3085500,36819000,8196672500,89912300700,3065.2307,3117.9614,3062.8474,3047.7035
135025000,3103.6787,4205200,40971100,8200877700,89953271800,3065.2307,3117.9614,3062.8474,3047.7035
135030000,3102.9349,3554800,38399500,8204432500,89991671300,3065.2307,3117.9614,3062.8474,3047.7035
135035000,3103.2392,2811100,29251500,8207243600,90020922800,3065.2307,3117.9614,3062.8474,3047.7035
135040000,3103.1083,3492100,41278800,8210735700,90062201600,3065.2307,3117.9614,3062.8474,3047.7035
135045000,3102.8827,3878100,35310600,8214613800,90097512200,3065.2307,3117.9614,3062.8474,3047.7035
135050000,3102.6432,2720200,30306700,8217334000,90127818900,3065.2307,3117.9614,3062.8474,3047.7035
135055000,3102.7893,2816500,32118600,8220150500,90159937500,3065.2307,3117.9614,3062.8474,3047.7035
135100000,3102.7259,4264100,38315700,8224414600,90198253200,3065.2307,3117.9614,3062.8474,3047.7035
135105000,3102.7929,2764600,34400400,8227179200,90232653600,3065.2307,3117.9614,3062.8474,3047.7035
135110000,3102.6849,4131500,37711100,8231310700,90270364700,3065.2307,3117.9614,3062.8474,3047.7035
135115000,3102.244,2019000,23332100,8233329700,90293696800,3065.2307,3117.9614,3062.8474,3047.7035
135120000,3102.4718,3197300,35758800,8236527000,90329455600,3065.2307,3117.9614,3062.8474,3047.7035
135125000,3102.6797,3304200,39691700,8239831200,90369147300,3065.2307,3117.9614,3062.8474,3047.7035
135130000,3102.0839,2261900,29806200,8242093100,90398953500,3065.2307,3117.9614,3062.8474,3047.7035
135135000,3101.8618,2297900,23644200,8244391000,90422597700,3065.2307,3117.9614,3062.8474,3047.7035
135140000,3101.6847,2525000,29609700,8246916000,90452207400,3065.2307,3117.9614,3062.8474,3047.7035
135145000,3101.4857,2728300,29849500,8249644300,90482056900,3065.2307,3117.9614,3062.8474,3047.7035
135150000,3101.357,2706300,28912500,8252350600,90510969400,3065.2307,3117.9614,3062.8474,3047.7035
135155000,3101.4005,3357100,31568900,8255707700,90542538300,3065.2307,3117.9614,3062.8474,3047.7035
135200000,3101.1697,2578300,31018600,8258286000,90573556900,3065.2307,3117.9614,3062.8474,3047.7035
135205000,3101.1713,2705800,26429900,8260991800,90599986800,3065.2307,3117.9614,3062.8474,3047.7035
135210000,3101.2405,3081900,37150500,8264073700,90637137300,3065.2307,3117.9614,3062.8474,3047.7035
135215000,3101.1991,2093800,26481900,8266167500,90663619200,3065.2307,3117.9614,3062.8474,3047.7035
135220000,3101.3493,3964800,36531100,8270132300,90700150300,3065.2307,3117.9614,3062.8474,3047.7035
135225000,3101.4858,3444100,34262200,8273576400,90734412500,3065.2307,3117.9614,3062.8474,3047.7035
135230000,3100.8919,3120100,34117900,8276696500,90768530400,3065.2307,3117.9614,3062.8474,3047.7035
135235000,3101.1418,2377500,26783500,8279074000,90795313900,3065.2307,3117.9614,3062.8474,3047.7035
135240000,3100.9919,3064600,33911400,8282138600,90829225300,3065.2307,3117.9614,3062.8474,3047.7035
135245000,3100.7885,2794100,31977100,8284932700,90861202400,3065.2307,3117.9614,3062.8474,3047.7035
135250000,3101.0993,3698300,35278800,8288631000,90896481200,3065.2307,3117.9614,3062.8474,3047.7035
135255000,3100.9028,3269500,35805200,8291900500,90932286400,3065.2307,3117.9614,3062.8474,3047.7035
135300000,3100.9319,4422500,36240600,8296323000,90968527000,3065.2307,3117.9614,3062.8474,3047.7035
135305000,3100.925,2544000,26073900,8298867000,90994600900,3065.2307,3117.9614,3062.8474,3047.7035
135310000,3101.2041,3052400,29543200,8301919400,91024144100,3065.2307,3117.9614,3062.8474,3047.7035
135315000,3100.7688,2816900,31291300,8304736300,91055435400,3065.2307,3117.9614,3062.8474,3047.7035
135320000,3101.3071,3821100,31907000,8308557400,91087342400,3065.2307,3117.9614,3062.8474,3047.7035
135325000,3101.4529,4636400,41127100,8313193800,91128469500,3065.2307,3117.9614,3062.8474,3047.7035
135330000,3101.5156,2766200,33101000,8315960000,91161570500,3065.2307,3117.9614,3062.8474,3047.7035
135335000,3101.613,1737000,21812000,8317697000,91183382500,3065.2307,3117.9614,3062.8474,3047.7035
135340000,3101.1471,3215000,32587000,8320912000,91215969500,3065.2307,3117.9614,3062.8474,3047.7035
135345000,3100.9475,3215600,33979200,8324127600,91249948700,3065.2307,3117.9614,3062.8474,3047.7035
135350000,3101.382,3271000,36818500,8327398600,91286767200,3065.2307,3117.9614,3062.8474,3047.7035
135355000,3101.8095,3801800,34450200,8331200400,91321217400,3065.2307,3117.9614,3062.8474,3047.7035
135400000,3101.2795,3061000,30907400,8334261400,91352124800,3065.2307,3117.9614,3062.8474,3047.7035
135405000,3101.5963,2507500,24129200,8336768900,91376254000,3065.2307,3117.9614,3062.8474,3047.7035
135410000,3101.3622,3656400,42892600,8340425300,91419146600,3065.2307,3117.9614,3062.8474,3047.7035
135415000,3101.4062,2889200,27824800,8343314500,91446971400,3065.2307,3117.9614,3062.8474,3047.7035
135420000,3101.4582,3115200,34838000,8346429700,91481809400,3065.2307,3117.9614,3062.8474,3047.7035
135425000,3101.4568,3294000,37290400,8349723700,91519099800,3065.2307,3117.9614,3062.8474,3047.7035
135430000,3101.5166,2741200,31158100,8352464900,91550257900,3065.2307,3117.9614,3062.8474,3047.7035
135435000,3101.6259,2543500,26861800,8355008400,91577119700,3065.2307,3117.9614,3062.8474,3047.7035
135440000,3101.7414,3163200,30845700,8358171600,91607965400,3065.2307,3117.9614,3062.8474,3047.7035
135445000,3101.8706,1860500,20540000,8360032100,91628505400,3065.2307,3117.9614,3062.8474,3047.7035
135450000,3101.9526,2780800,30533100,8362812900,91659038500,3065.2307,3117.9614,3062.8474,3047.7035
135455000,3102.1898,2280100,25151600,8365093000,91684190100,3065.2307,3117.9614,3062.8474,3047.7035
135500000,3101.7957,4412100,38371900,8369505100,91722562000,3065.2307,3117.9614,3062.8474,3047.7035
135505000,3101.9403,2368200,23873700,8371873300,91746435700,3065.2307,3117.9614,3062.8474,3047.7035
135510000,3102.3535,3536200,36692600,8375409500,91783128300,3065.2307,3117.9614,3062.8474,3047.7035
135515000,3101.8947,2170700,24275300,8377580200,91807403600,3065.2307,3117.9614,3062.8474,3047.7035
135520000,3101.7027,2443000,29753200,8380023200,91837156800,3065.2307,3117.9614,3062.8474,3047.7035
135525000,3101.4751,4622300,45226500,8384645500,91882383300,3065.2307,3117.9614,3062.8474,3047.7035
135530000,3101.8528,3091700,34200400,8387737200,91916583700,3065.2307,3117.9614,3062.8474,3047.7035
135535000,3101.5792,1930600,22134800,8389667800,91938718500,3065.2307,3117.9614,3062.8474,3047.7035
135540000,3101.8242,3001400,34074000,8392669200,91972792500,3065.2307,3117.9614,3062.8474,3047.7035
135545000,3102.0502,2215800,24191800,8394885000,91996984300,3065.2307,3117.9614,3062.8474,3047.7035
135550000,3101.9882,2222000,26389500,8397107000,92023373800,3065.2307,3117.9614,3062.8474,3047.7035
135555000,3101.6959,3157200,27426300,8400264200,92050800100,3065.2307,3117.9614,3062.8474,3047.7035
135600000,3101.4813,2386800,30482400,8402651000,92081282500,3065.2307,3117.9614,3062.8474,3047.7035
135605000,3101.6628,2931300,22047300,8405582300,92103329800,3065.2307,3117.9614,3062.8474,3047.7035
135610000,3101.7601,2843900,30126000,8408426200,92133455800,3065.2307,3117.9614,3062.8474,3047.7035
135615000,3101.697,4396600,27476300,8412822800,92160932100,3065.2307,3117.9614,3062.8474,3047.7035
135620000,3101.3596,2363600,29275200,8415186400,92190207300,3065.2307,3117.9614,3062.8474,3047.7035
135625000,3101.4427,2353100,28979400,8417539500,92219186700,3065.2307,3117.9614,3062.8474,3047.7035
135630000,3101.4247,2468100,27251300,8420007600,92246438000,3065.2307,3117.9614,3062.8474,3047.7035
135635000,3101.7476,2589200,28118400,8422596800,92274556400,3065.2307,3117.9614,3062.8474,3047.7035
135640000,3102.0684,3137800,36173200,8425734600,92310729600,3065.2307,3117.9614,3062.8474,3047.7035
135645000,3102.1065,4131300,32599800,8429865900,92343329400,3065.2307,3117.9614,3062.8474,3047.7035
135650000,3102.331,3284200,29943500,8433150100,92373272900,3065.2307,3117.9614,3062.8474,3047.7035
135655000,3102.4495,2633500,28435700,8435783600,92401708600,3065.2307,3117.9614,3062.8474,3047.7035
135700000,3102.7505,3093900,30528900,8438877500,92432237500,3065.2307,3117.9614,3062.8474,3047.7035
135705000,3102.3178,2557700,27049200,8441435200,92459286700,3065.2307,3117.9614,3062.8474,3047.7035
135710000,3102.4724,3546700,31238300,8444981900,92490525000,3065.2307,3117.9614,3062.8474,3047.7035
135715000,3102.5572,2587800,24108000,8447569700,92514633000,3065.2307,3117.9614,3062.8474,3047.7035
135720000,3102.4453,2874200,27925800,8450443900,92542558800,3065.2307,3117.9614,3062.8474,3047.7035
135725000,3102.3995,2609900,29937400,8453053800,92572496200,3065.2307,3117.9614,3062.8474,3047.7035
135730000,3102.7617,4746000,38484800,8457799800,92610981000,3065.2307,3117.9614,3062.8474,3047.7035
135735000,3102.5524,1658600,18771000,8459458400,92629752000,3065.2307,3117.9614,3062.8474,3047.7035
135740000,3102.1747,2041300,22743500,8461499700,92652495500,3065.2307,3117.9614,3062.8474,3047.7035
135745000,3102.4092,2064400,24133600,8463564100,92676629100,3065.2307,3117.9614,3062.8474,3047.7035
135750000,3102.4531,3354300,30120800,8466918400,92706749900,3065.2307,3117.9614,3062.8474,3047.7035
135755000,3102.3164,1777000,19526300,8468695400,92726276200,3065.2307,3117.9614,3062.8474,3047.7035
135800000,3102.4425,1920100,22077800,8470615500,92748354000,3065.2307,3117.9614,3062.8474,3047.7035
135805000,3102.1164,2240400,18012400,8472855900,92766366400,3065.2307,3117.9614,3062.8474,3047.7035
135810000,3101.9988,1912900,21263000,8474768800,92787629400,3065.2307,3117.9614,3062.8474,3047.7035
135815000,3102.1632,1924200,19371700,8476693000,92807001100,3065.2307,3117.9614,3062.8474,3047.7035
135820000,3101.6631,1759500,20728000,8478452500,92827729100,3065.2307,3117.9614,3062.8474,3047.7035
135825000,3102.0115,2218200,28047800,8480670700,92855776900,3065.2307,3117.9614,3062.8474,3047.7035
135830000,3101.9407,1985500,21517200,8482656200,92877294100,3065.2307,3117.9614,3062.8474,3047.7035
135835000,3101.745,1786800,17461800,8484443000,92894755900,3065.2307,3117.9614,3062.8474,3047.7035
135840000,3102.086,3717300,28206300,8488160300,92922962200,3065.2307,3117.9614,3062.8474,3047.7035
135845000,3101.8906,3450600,25944900,8491610900,92948907100,3065.2307,3117.9614,3062.8474,3047.7035
135850000,3102.148,2190600,19730400,8493801500,92968637500,3065.2307,3117.9614,3062.8474,3047.7035
135855000,3102.2886,2921700,28023400,8496723200,92996660900,3065.2307,3117.9614,3062.8474,3047.7035
135900000,3102.387,3642500,29474500,8500365700,93026135400,3065.2307,3117.9614,3062.8474,3047.7035
135905000,3102.0241,2467400,22362900,8502833100,93048498300,3065.2307,3117.9614,3062.8474,3047.7035
135910000,3102.0203,4289000,44769900,8507122100,93093268200,3065.2307,3117.9614,3062.8474,3047.7035
135915000,3102.156,2181800,21980000,8509303900,93115248200,3065.2307,3117.9614,3062.8474,3047.7035
135920000,3101.5552,2787800,28587300,8512091700,93143835500,3065.2307,3117.9614,3062.8474,3047.7035
135925000,3101.377,2011400,28468100,8514103100,93172303600,3065.2307,3117.9614,3062.8474,3047.7035
135930000,3101.8333,1960800,21860100,8516063900,93194163700,3065.2307,3117.9614,3062.8474,3047.7035
135935000,3101.9504,1709000,19697200,8517772900,93213860900,3065.2307,3117.9614,3062.8474,3047.7035
135940000,3101.8261,1604500,20325700,8519377400,93234186600,3065.2307,3117.9614,3062.8474,3047.7035
135945000,3101.7292,1891000,21917200,8521268400,93256103800,3065.2307,3117.9614,3062.8474,3047.7035
135950000,3101.8327,2703500,26600600,8523971900,93282704400,3065.2307,3117.9614,3062.8474,3047.7035
135955000,3102.0771,2671400,28905100,8526643300,93311609500,3065.2307,3117.9614,3062.8474,3047.7035
140000000,3101.6876,2647200,26457900,8529290500,93338067400,3065.2307,3117.9614,3062.8474,3047.7035
140005000,3101.4967,2604300,24932100,8531894800,93362999500,3065.2307,3117.9614,3062.8474,3047.7035
140010000,3101.5008,2735500,29426800,8534630300,93392426300,3065.2307,3117.9614,3062.8474,3047.7035
140015000,3101.307,2395700,20682000,8537026000,93413108300,3065.2307,3117.9614,3062.8474,3047.7035
140020000,3101.0317,2567600,27999200,8539593600,93441107500,3065.2307,3117.9614,3062.8474,3047.7035
140025000,3100.5458,3599200,32671300,8543192800,93473778800,3065.2307,3117.9614,3062.8474,3047.7035
140030000,3100.8686,2690500,27403200,8545883300,93501182000,3065.2307,3117.9614,3062.8474,3047.7035
140035000,3100.6275,2046800,21640800,8547930100,93522822800,3065.2307,3117.9614,3062.8474,3047.7035
140040000,3100.56,2300300,25951500,8550230400,93548774300,3065.2307,3117.9614,3062.8474,3047.7035
140045000,3100.7452,2218800,22690500,8552449200,93571464800,3065.2307,3117.9614,3062.8474,3047.7035
140050000,3100.2813,3161400,36787300,8555610600,93608252100,3065.2307,3117.9614,3062.8474,3047.7035
140055000,3100.5784,2467400,30900400,8558078000,93639152500,3065.2307,3117.9614,3062.8474,3047.7035
140100000,3100.1595,3270800,38242200,8561348800,93677394700,3065.2307,3117.9614,3062.8474,3047.7035
140105000,3100.3323,1789800,24249900,8563138600,93701644600,3065.2307,3117.9614,3062.8474,3047.7035
140110000,3100.2701,2460200,29265500,8565598800,93730910100,3065.2307,3117.9614,3062.8474,3047.7035
140115000,3100.4847,2484400,24601200,8568083200,93755511300,3065.2307,3117.9614,3062.8474,3047.7035
140120000,3100.2111,2015600,23574100,8570098800,93779085400,3065.2307,3117.9614,3062.8474,3047.7035
140125000,3100.2489,3244700,37117700,8573343500,93816203100,3065.2307,3117.9614,3062.8474,3047.7035
140130000,3099.9952,2300600,26588100,8575644100,93842791200,3065.2307,3117.9614,3062.8474,3047.7035
140135000,3100.0559,1935700,24538300,8577579800,93867329500,3065.2307,3117.9614,3062.8474,3047.7035
140140000,3100.1081,3194100,33097100,8580773900,93900426600,3065.2307,3117.9614,3062.8474,3047.7035
140145000,3100.0054,2009000,21453100,8582782900,93921879700,3065.2307,3117.9614,3062.8474,3047.7035
140150000,3099.73,2773000,31638700,8585555900,93953518400,3065.2307,3117.9614,3062.8474,3047.7035
140155000,3100.1209,1658200,21566800,8587214100,93975085200,3065.2307,3117.9614,3062.8474,3047.7035
140200000,3099.7541,3134300,36543400,8590348400,94011628600,3065.2307,3117.9614,3062.8474,3047.7035
140205000,3099.8176,1488700,19793300,8591837100,94031421900,3065.2307,3117.9614,3062.8474,3047.7035
140210000,3099.8433,1984200,25100800,8593821300,94056522700,3065.2307,3117.9614,3062.8474,3047.7035
140215000,3099.6531,3459900,26784200,8597281200,94083306900,3065.2307,3117.9614,3062.8474,3047.7035
140220000,3099.7927,2683100,31121400,8599964300,94114428300,3065.2307,3117.9614,3062.8474,3047.7035
140225000,3099.6187,2059900,22333100,8602024200,94136761400,3065.2307,3117.9614,3062.8474,3047.7035
140230000,3099.4934,2224200,27473000,8604248400,94164234400,3065.2307,3117.9614,3062.8474,3047.7035
140235000,3099.5542,1593900,24072900,8605842300,94188307300,3065.2307,3117.9614,3062.8474,3047.7035
140240000,3099.5186,2631000,34442000,8608473300,94222749300,3065.2307,3117.9614,3062.8474,3047.7035
140245000,3099.4532,2265000,27265500,8610738300,94250014800,3065.2307,3117.9614,3062.8474,3047.7035
140250000,3099.337,2166400,25952600,8612904700,94275967400,3065.2307,3117.9614,3062.8474,3047.7035
140255000,3099.5836,2203300,26518900,8615108000,94302486300,3065.2307,3117.9614,3062.8474,3047.7035
140300000,3099.5588,4279000,42618800,8619387000,94345105100,3065.2307,3117.9614,3062.8474,3047.7035
140305000,3099.4735,2673900,29965100,8622060900,94375070200,3065.2307,3117.9614,3062.8474,3047.7035
140310000,3099.5651,2296800,28290000,8624357700,94403360200,3065.2307,3117.9614,3062.8474,3047.7035
140315000,3099.5388,1835200,20888700,8626192900,94424248900,3065.2307,3117.9614,3062.8474,3047.7035
140320000,3099.3239,3088500,24519300,8629281400,94448768200,3065.2307,3117.9614,3062.8474,3047.7035
140325000,3099.2742,3083600,28729000,8632365000,94477497200,3065.2307,3117.9614,3062.8474,3047.7035
140330000,3099.3276,2915900,32069100,8635280900,94509566300,3065.2307,3117.9614,3062.8474,3047.7035
140335000,3099.2565,1588800,22655700,8636869700,94532222000,3065.2307,3117.9614,3062.8474,3047.7035
140340000,3098.8732,2160800,23802000,8639030500,94556024000,3065.2307,3117.9614,3062.8474,3047.7035
140345000,3099.0985,4087200,27993700,8643117700,94584017700,3065.2307,3117.9614,3062.8474,3047.7035
140350000,3099.3787,3330600,34197100,8646448300,94618214800,3065.2307,3117.9614,3062.8474,3047.7035
140355000,3099.2239,2644600,28318400,8649092900,94646533200,3065.2307,3117.9614,3062.8474,3047.7035
140400000,3098.7832,3243000,33417300,8652335900,94679950500,3065.2307,3117.9614,3062.8474,3047.7035
140405000,3098.8431,1569300,17216300,8653905200,94697166800,3065.2307,3117.9614,3062.8474,3047.7035
140410000,3098.8649,4074800,29014100,8657980000,94726180900,3065.2307,3117.9614,3062.8474,3047.7035
140415000,3099.2156,2894500,29543200,8660874500,94755724100,3065.2307,3117.9614,3062.8474,3047.7035
140420000,3098.9186,2115500,23734200,8662990000,94779458300,3065.2307,3117.9614,3062.8474,3047.7035
140425000,3098.7906,2343100,26147000,8665333100,94805605300,3065.2307,3117.9614,3062.8474,3047.7035
140430000,3098.7914,2300700,27843800,8667633800,94833449100,3065.2307,3117.9614,3062.8474,3047.7035
140435000,3099.0582,1656200,18313200,8669290000,94851762300,3065.2307,3117.9614,3062.8474,3047.7035
140440000,3098.5227,2015200,21365700,8671305200,94873128000,3065.2307,3117.9614,3062.8474,3047.7035
140445000,3098.8116,2104400,25381900,8673409600,94898509900,3065.2307,3117.9614,3062.8474,3047.7035
140450000,3099.0084,1542900,21240500,8674952500,94919750400,3065.2307,3117.9614,3062.8474,3047.7035
140455000,3098.797,2183400,23462600,8677135900,94943213000,3065.2307,3117.9614,3062.8474,3047.7035
140500000,3098.5918,3616900,33479800,8680752800,94976692800,3065.2307,3117.9614,3062.8474,3047.7035
140505000,3098.8058,2226400,23498200,8682979200,95000191000,3065.2307,3117.9614,3062.8474,3047.7035
140510000,3098.8086,2905900,36456700,8685885100,95036647700,3065.2307,3117.9614,3062.8474,3047.7035
140515000,3098.66,1954800,20249800,8687839900,95056897500,3065.2307,3117.9614,3062.8474,3047.7035
140520000,3098.3465,3274600,32531600,8691114500,95089429100,3065.2307,3117.9614,3062.8474,3047.7035
140525000,3098.5135,2210700,31568300,8693325200,95120997400,3065.2307,3117.9614,3062.8474,3047.7035
140530000,3098.4937,2782200,29495300,8696107400,95150492700,3065.2307,3117.9614,3062.8474,3047.7035
140535000,3098.1893,1616500,19014200,8697723900,95169506900,3065.2307,3117.9614,3062.8474,3047.7035
140540000,3097.956,2121600,24910300,8699845500,95194417200,3065.2307,3117.9614,3062.8474,3047.7035
140545000,3098.8057,1548800,16632100,8701394300,95211049300,3065.2307,3117.9614,3062.8474,3047.7035
140550000,3098.26,2180700,23989500,8703575000,95235038800,3065.2307,3117.9614,3062.8474,3047.7035
140555000,3098.7864,3141000,28738100,8706716000,95263776900,3065.2307,3117.9614,3062.8474,3047.7035
140600000,3098.4152,2864000,33390400,8709580000,95297167300,3065.2307,3117.9614,3062.8474,3047.7035
140605000,3098.5761,1587200,18253800,8711167200,95315421100,3065.2307,3117.9614,3062.8474,3047.7035
140610000,3098.3856,2380900,27321900,8713548100,95342743000,3065.2307,3117.9614,3062.8474,3047.7035
140615000,3098.1878,3565600,35148400,8717113700,95377891400,3065.2307,3117.9614,3062.8474,3047.7035
140620000,3097.8788,2509300,30967800,8719623000,95408859200,3065.2307,3117.9614,3062.8474,3047.7035
140625000,3097.9581,1627300,23807200,8721250300,95432666400,3065.2307,3117.9614,3062.8474,3047.7035
140630000,3098.0299,2553900,26627900,8723804200,95459294300,3065.2307,3117.9614,3062.8474,3047.7035
140635000,3098.362,1982800,23542300,8725787000,95482836600,3065.2307,3117.9614,3062.8474,3047.7035
140640000,3098.2187,1849200,29928500,8727636200,95512765100,3065.2307,3117.9614,3062.8474,3047.7035
140645000,3098.1554,2363100,26432000,8729999300,95539197100,3065.2307,3117.9614,3062.8474,3047.7035
140650000,3098.0762,3024300,31042700,8733023600,95570239800,3065.2307,3117.9614,3062.8474,3047.7035
140655000,3098.4778,3190200,31005300,8736213800,95601245100,3065.2307,3117.9614,3062.8474,3047.7035
140700000,3098.3312,2385600,30443700,8738599400,95631688800,3065.2307,3117.9614,3062.8474,3047.7035
140705000,3098.2906,1714800,18529200,8740314200,95650218000,3065.2307,3117.9614,3062.8474,3047.7035
140710000,3098.3144,2181900,26250400,8742496100,95676468400,3065.2307,3117.9614,3062.8474,3047.7035
140715000,3098.4919,2003100,17987500,8744499200,95694455900,3065.2307,3117.9614,3062.8474,3047.7035
140720000,3098.0066,2304300,30901900,8746803500,95725357800,3065.2307,3117.9614,3062.8474,3047.7035
140725000,3097.9475,2557100,25603500,8749360600,95750961300,3065.2307,3117.9614,3062.8474,3047.7035
140730000,3098.0385,2200200,25260400,8751560800,95776221700,3065.2307,3117.9614,3062.8474,3047.7035
140735000,3098.2113,1767600,20359100,8753328400,95796580800,3065.2307,3117.9614,3062.8474,3047.7035
140740000,3097.9867,2112000,29036600,8755440400,95825617400,3065.2307,3117.9614,3062.8474,3047.7035
140745000,3098.3126,2086400,24856600,8757526800,95850474000,3065.2307,3117.9614,3062.8474,3047.7035
140750000,3097.9904,2269300,30997600,8759796100,95881471600,3065.2307,3117.9614,3062.8474,3047.7035
140755000,3097.9574,2093700,25241500,8761889800,95906713100,3065.2307,3117.9614,3062.8474,3047.7035
140800000,3097.9899,2293300,24506100,8764183100,95931219200,3065.2307,3117.9614,3062.8474,3047.7035
140805000,3098.1155,1908200,21619500,8766091300,95952838700,3065.2307,3117.9614,3062.8474,3047.7035
140810000,3098.0646,2466900,25318500,8768558200,95978157200,3065.2307,3117.9614,3062.8474,3047.7035
140815000,3097.5697,1713100,17511800,8770271300,95995669000,3065.2307,3117.9614,3062.8474,3047.7035
140820000,3097.2881,1803200,22560800,8772074500,96018229800,3065.2307,3117.9614,3062.8474,3047.7035
140825000,3097.7386,1857400,21806900,8773931900,96040036700,3065.2307,3117.9614,3062.8474,3047.7035
140830000,3097.6667,2661600,28627900,8776593500,96068664600,3065.2307,3117.9614,3062.8474,3047.7035
140835000,3097.8623,2563600,21958600,8779157100,96090623200,3065.2307,3117.9614,3062.8474,3047.7035
140840000,3097.4391,1850400,23171900,8781007500,96113795100,3065.2307,3117.9614,3062.8474,3047.7035
140845000,3097.5924,1637200,19667100,8782644700,96133462200,3065.2307,3117.9614,3062.8474,3047.7035
140850000,3097.732,2681500,27849500,8785326200,96161311700,3065.2307,3117.9614,3062.8474,3047.7035
140855000,3097.9983,2228000,22237100,8787554200,96183548800,3065.2307,3117.9614,3062.8474,3047.7035
140900000,3097.6712,1868900,23860500,8789423100,96207409300,3065.2307,3117.9614,3062.8474,3047.7035
140905000,3097.7574,1672800,18223700,8791095900,96225633000,3065.2307,3117.9614,3062.8474,3047.7035
140910000,3097.726,1896700,21674600,8792992600,96247307600,3065.2307,3117.9614,3062.8474,3047.7035
140915000,3097.5072,1800700,17751100,8794793300,96265058700,3065.2307,3117.9614,3062.8474,3047.7035
140920000,3097.4045,2042800,24856900,8796836100,96289915600,3065.2307,3117.9614,3062.8474,3047.7035
140925000,3097.3405,2110000,28446800,8798946100,96318362400,3065.2307,3117.9614,3062.8474,3047.7035
140930000,3097.6175,3092300,32061300,8802038400,96350423700,3065.2307,3117.9614,3062.8474,3047.7035
140935000,3097.2674,1452800,16909400,8803491200,96367333100,3065.2307,3117.9614,3062.8474,3047.7035
140940000,3097.3037,3091200,27815300,8806582400,96395148400,3065.2307,3117.9614,3062.8474,3047.7035
140945000,3097.5398,2408600,22597200,8808991000,96417745600,3065.2307,3117.9614,3062.8474,3047.7035
140950000,3097.7933,4020800,29552700,8813011800,96447298300,3065.2307,3117.9614,3062.8474,3047.7035
140955000,3097.7734,2164000,21761200,8815175800,96469059500,3065.2307,3117.9614,3062.8474,3047.7035
141000000,3097.6383,2688100,26688800,8817863900,96495748300,3065.2307,3117.9614,3062.8474,3047.7035
141005000,3097.4149,1853800,24717600,8819717700,96520465900,3065.2307,3117.9614,3062.8474,3047.7035
141010000,3097.3645,1955800,22956000,8821673500,96543421900,3065.2307,3117.9614,3062.8474,3047.7035
141015000,3097.5447,1560100,22116300,8823233600,96565538200,3065.2307,3117.9614,3062.8474,3047.7035
141020000,3097.1813,1831100,22979600,8825064700,96588517800,3065.2307,3117.9614,3062.8474,3047.7035
141025000,3097.112,2731300,27505500,8827796000,96616023300,3065.2307,3117.9614,3062.8474,3047.7035
141030000,3097.2754,2248700,28105200,8830044700,96644128500,3065.2307,3117.9614,3062.8474,3047.7035
141035000,3097.231,2651700,25979900,8832696400,96670108400,3065.2307,3117.9614,3062.8474,3047.7035
141040000,3097.4252,1929300,24733700,8834625700,96694842100,3065.2307,3117.9614,3062.8474,3047.7035
141045000,3097.3351,3112500,28617800,8837738200,96723459900,3065.2307,3117.9614,3062.8474,3047.7035
141050000,3097.5595,1965700,24953800,8839703900,96748413700,3065.2307,3117.9614,3062.8474,3047.7035
141055000,3097.708,2608500,23601700,8842312400,96772015400,3065.2307,3117.9614,3062.8474,3047.7035
141100000,3097.4249,2586000,26507300,8844898400,96798522700,3065.2307,3117.9614,3062.8474,3047.7035
141105000,3097.6809,1555200,19768800,8846453600,96818291500,3065.2307,3117.9614,3062.8474,3047.7035
141110000,3097.1176,2492800,26621200,8848946400,96844912700,3065.2307,3117.9614,3062.8474,3047.7035
141115000,3097.2808,2453100,23391300,8851399500,96868304000,3065.2307,3117.9614,3062.8474,3047.7035
141120000,3097.2193,2210200,30180500,8853609700,96898484500,3065.2307,3117.9614,3062.8474,3047.7035
141125000,3097.1549,2282100,27697200,8855891800,96926181700,3065.2307,3117.9614,3062.8474,3047.7035
141130000,3097.997,2181200,27147100,8858073000,96953328800,3065.2307,3117.9614,3062.8474,3047.7035
141135000,3097.9636,2234100,21282000,8860307100,96974610800,3065.2307,3117.9614,3062.8474,3047.7035
141140000,3097.4633,1577600,21739400,8861884700,96996350200,3065.2307,3117.9614,3062.8474,3047.7035
141145000,3097.6901,1817500,31517700,8863702200,97027867900,3065.2307,3117.9614,3062.8474,3047.7035
141150000,3097.9743,4839200,36705100,8868541400,97064573000,3065.2307,3117.9614,3062.8474,3047.7035
141155000,3098.2167,2742300,34201600,8871283700,97098774600,3065.2307,3117.9614,3062.8474,3047.7035
141200000,3098.0237,2235600,24726800,8873519300,97123501400,3065.2307,3117.9614,3062.8474,3047.7035
141205000,3098.3052,1590300,22499700,8875109600,97146001100,3065.2307,3117.9614,3062.8474,3047.7035
141210000,3098.0946,2087300,24619600,8877196900,97170620700,3065.2307,3117.9614,3062.8474,3047.7035
141215000,3098.261,1900500,23900200,8879097400,97194520900,3065.2307,3117.9614,3062.8474,3047.7035
141220000,3098.4147,1390800,17315200,8880488200,97211836100,3065.2307,3117.9614,3062.8474,3047.7035
141225000,3097.8446,2620900,31248000,8883109100,97243084100,3065.2307,3117.9614,3062.8474,3047.7035
141230000,3098.4555,2076300,23770800,8885185400,97266854900,3065.2307,3117.9614,3062.8474,3047.7035
141235000,3098.2286,1656500,18574400,8886841900,97285429300,3065.2307,3117.9614,3062.8474,3047.7035
141240000,3098.2928,3183300,23238300,8890025200,97308667600,3065.2307,3117.9614,3062.8474,3047.7035
141245000,3098.4872,2456200,28403300,8892481400,97337070900,3065.2307,3117.9614,3062.8474,3047.7035
141250000,3098.7306,1960300,25800300,8894441700,97362871200,3065.2307,3117.9614,3062.8474,3047.7035
141255000,3098.742,1710100,23301300,8896151800,97386172500,3065.2307,3117.9614,3062.8474,3047.7035
141300000,3098.521,2297700,27435700,8898449500,97413608200,3065.2307,3117.9614,3062.8474,3047.7035
141305000,3098.6836,2633500,25963400,8901083000,97439571600,3065.2307,3117.9614,3062.8474,3047.7035
141310000,3098.6179,3094200,35300500,8904177200,97474872100,3065.2307,3117.9614,3062.8474,3047.7035
141315000,3098.9192,1675900,22537500,8905853100,97497409600,3065.2307,3117.9614,3062.8474,3047.7035
141320000,3098.3444,1908800,20878600,8907761900,97518288200,3065.2307,3117.9614,3062.8474,3047.7035
141325000,3098.0162,2123800,24818800,8909885700,97543107000,3065.2307,3117.9614,3062.8474,3047.7035
141330000,3098.8948,1508800,18362300,8911394500,97561469300,3065.2307,3117.9614,3062.8474,3047.7035
141335000,3098.7813,1208700,14734600,8912603200,97576203900,3065.2307,3117.9614,3062.8474,3047.7035
141340000,3098.309,2968100,26037400,8915571300,97602241300,3065.2307,3117.9614,3062.8474,3047.7035
141345000,3098.7287,2186500,20344100,8917757800,97622585400,3065.2307,3117.9614,3062.8474,3047.7035
141350000,3098.7912,1847700,23539100,8919605500,97646124500,3065.2307,3117.9614,3062.8474,3047.7035
141355000,3099.2565,2751800,27730600,8922357300,97673855100,3065.2307,3117.9614,3062.8474,3047.7035
141400000,3098.9095,1950100,21848500,8924307400,97695703600,3065.2307,3117.9614,3062.8474,3047.7035
141405000,3098.876,2132900,18110000,8926440300,97713813600,3065.2307,3117.9614,3062.8474,3047.7035
141410000,3099.4186,1681400,18754700,8928121700,97732568300,3065.2307,3117.9614,3062.8474,3047.7035
141415000,3099.1699,1419300,16440300,8929541000,97749008600,3065.2307,3117.9614,3062.8474,3047.7035
141420000,3098.776,2656300,21714300,8932197300,97770722900,3065.2307,3117.9614,3062.8474,3047.7035
141425000,3098.6536,2226300,24836100,8934423600,97795559000,3065.2307,3117.9614,3062.8474,3047.7035
141430000,3099.286,3873500,28909700,8938297100,97824468700,3065.2307,3117.9614,3062.8474,3047.7035
141435000,3099.1989,1621400,16354300,8939918500,97840823000,3065.2307,3117.9614,3062.8474,3047.7035
141440000,3099.2372,2563100,23161500,8942481600,97863984500,3065.2307,3117.9614,3062.8474,3047.7035
141445000,3099.591,1803500,23054000,8944285100,97887038500,3065.2307,3117.9614,3062.8474,3047.7035
141450000,3099.7552,1753100,20894700,8946038200,97907933200,3065.2307,3117.9614,3062.8474,3047.7035
141455000,3099.7353,1663300,18615500,8947701500,97926548700,3065.2307,3117.9614,3062.8474,3047.7035
141500000,3099.7534,1905100,22402700,8949606600,97948951400,3065.2307,3117.9614,3062.8474,3047.7035
141505000,3099.9328,1049900,12823100,8950656500,97961774500,3065.2307,3117.9614,3062.8474,3047.7035
141510000,3099.9258,1778900,20857500,8952435400,97982632000,3065.2307,3117.9614,3062.8474,3047.7035
141515000,3100.0365,2204200,27194700,8954639600,98009826700,3065.2307,3117.9614,3062.8474,3047.7035
141520000,3099.7724,1816500,22239400,8956456100,98032066100,3065.2307,3117.9614,3062.8474,3047.7035
141525000,3099.3078,2815100,22309500,8959271200,98054375600,3065.2307,3117.9614,3062.8474,3047.7035
141530000,3099.5882,2889200,22711800,8962160400,98077087400,3065.2307,3117.9614,3062.8474,3047.7035
141535000,3099.3568,1382300,17472600,8963542700,98094560000,3065.2307,3117.9614,3062.8474,3047.7035
141540000,3099.6254,2373300,16069000,8965916000,98110629000,3065.2307,3117.9614,3062.8474,3047.7035
141545000,3100.0026,1878700,18965200,8967794700,98129594200,3065.2307,3117.9614,3062.8474,3047.7035
141550000,3099.5275,5100500,33788300,8972895200,98163382500,3065.2307,3117.9614,3062.8474,3047.7035
141555000,3099.8435,4349400,32698300,8977244600,98196080800,3065.2307,3117.9614,3062.8474,3047.7035
141600000,3100.0292,2325900,31788200,8979570500,98227869000,3065.2307,3117.9614,3062.8474,3047.7035
141605000,3099.8613,1550300,16969600,8981120800,98244838600,3065.2307,3117.9614,3062.8474,3047.7035
141610000,3099.6151,1879400,26709500,8983000200,98271548100,3065.2307,3117.9614,3062.8474,3047.7035
141615000,3099.83,1629300,18802700,8984629500,98290350800,3065.2307,3117.9614,3062.8474,3047.7035
141620000,3099.4623,1526200,21609400,8986155700,98311960200,3065.2307,3117.9614,3062.8474,3047.7035
141625000,3099.434,1690000,19738000,8987845700,98331698200,3065.2307,3117.9614,3062.8474,3047.7035
141630000,3099.9661,3018100,26362200,8990863800,98358060400,3065.2307,3117.9614,3062.8474,3047.7035
141635000,3099.4424,3897500,24621200,8994761300,98382681600,3065.2307,3117.9614,3062.8474,3047.7035
141640000,3099.7977,2274000,23700500,8997035300,98406382100,3065.2307,3117.9614,3062.8474,3047.7035
141645000,3099.6515,2500700,20982200,8999536000,98427364300,3065.2307,3117.9614,3062.8474,3047.7035
141650000,3100.0548,1976100,24889600,9001512100,98452253900,3065.2307,3117.9614,3062.8474,3047.7035
141655000,3099.7046,2116300,22192200,9003628400,98474446100,3065.2307,3117.9614,3062.8474,3047.7035
141700000,3099.4904,2179800,26889100,9005808200,98501335200,3065.2307,3117.9614,3062.8474,3047.7035
141705000,3099.5789,1606000,20089600,9007414200,98521424800,3065.2307,3117.9614,3062.8474,3047.7035
141710000,3099.7003,1650100,20268900,9009064300,98541693700,3065.2307,3117.9614,3062.8474,3047.7035
141715000,3099.4581,1538100,18109000,9010602400,98559802700,3065.2307,3117.9614,3062.8474,3047.7035
141720000,3099.2172,1894500,22716800,9012496900,98582519500,3065.2307,3117.9614,3062.8474,3047.7035
141725000,3098.8373,2091700,23978800,9014588600,98606498300,3065.2307,3117.9614,3062.8474,3047.7035
141730000,3099.0554,2028700,28181000,9016617300,98634679300,3065.2307,3117.9614,3062.8474,3047.7035
141735000,3099.1739,1549900,18637600,9018167200,98653316900,3065.2307,3117.9614,3062.8474,3047.7035
141740000,3099.0479,1977700,25515900,9020144900,98678832800,3065.2307,3117.9614,3062.8474,3047.7035
141745000,3099.1974,2908200,27578800,9023053100,98706411600,3065.2307,3117.9614,3062.8474,3047.7035
141750000,3099.171,2473500,33282900,9025526600,98739694500,3065.2307,3117.9614,3062.8474,3047.7035
141755000,3098.8947,1959200,22570700,9027485800,98762265200,3065.2307,3117.9614,3062.8474,3047.7035
141800000,3098.9018,2245600,27624200,9029731400,98789889400,3065.2307,3117.9614,3062.8474,3047.7035
141805000,3098.8593,2257400,26711800,9031988800,98816601200,3065.2307,3117.9614,3062.8474,3047.7035
141810000,3098.8956,2108400,24301700,9034097200,98840902900,3065.2307,3117.9614,3062.8474,3047.7035
141815000,3098.9086,2261800,20014900,9036359000,98860917800,3065.2307,3117.9614,3062.8474,3047.7035
141820000,3098.52,2916000,27862300,9039275000,98888780100,3065.2307,3117.9614,3062.8474,3047.7035
141825000,3098.435,1804100,25437400,9041079100,98914217500,3065.2307,3117.9614,3062.8474,3047.7035
141830000,3099.1058,2387300,24218100,9043466400,98938435600,3065.2307,3117.9614,3062.8474,3047.7035
141835000,3098.3487,1098900,14216000,9044565300,98952651600,3065.2307,3117.9614,3062.8474,3047.7035
141840000,3098.2691,1686700,22146900,9046252000,98974798500,3065.2307,3117.9614,3062.8474,3047.7035
141845000,3098.5755,1486000,17948400,9047738000,98992746900,3065.2307,3117.9614,3062.8474,3047.7035
141850000,3098.4458,2478400,27237000,9050216400,99019983900,3065.2307,3117.9614,3062.8474,3047.7035
141855000,3098.7014,1900000,27570300,9052116400,99047554200,3065.2307,3117.9614,3062.8474,3047.7035
141900000,3098.1586,2419800,27742500,9054536200,99075296700,3065.2307,3117.9614,3062.8474,3047.7035
141905000,3098.1051,1966300,22781000,9056502500,99098077700,3065.2307,3117.9614,3062.8474,3047.7035
141910000,3098.0593,2019200,24019400,9058521700,99122097100,3065.2307,3117.9614,3062.8474,3047.7035
141915000,3098.1653,2231500,18577400,9060753200,99140674500,3065.2307,3117.9614,3062.8474,3047.7035
141920000,3097.6592,1958700,21556300,9062711900,99162230800,3065.2307,3117.9614,3062.8474,3047.7035
141925000,3097.895,2005900,22567600,9064717800,99184798400,3065.2307,3117.9614,3062.8474,3047.7035
141930000,3097.4996,2657700,29331100,9067375500,99214129500,3065.2307,3117.9614,3062.8474,3047.7035
141935000,3097.8782,1871300,21106400,9069246800,99235235900,3065.2307,3117.9614,3062.8474,3047.7035
141940000,3097.7549,2372200,22814800,9071619000,99258050700,3065.2307,3117.9614,3062.8474,3047.7035
141945000,3097.6533,1592600,22346800,9073211600,99280397500,3065.2307,3117.9614,3062.8474,3047.7035
141950000,3097.7547,2238600,27138200,9075450200,99307535700,3065.2307,3117.9614,3062.8474,3047.7035
141955000,3097.8623,2421600,28034100,9077871800,99335569800,3065.2307,3117.9614,3062.8474,3047.7035
142000000,3098.3133,3230600,32615800,9081102400,99368185600,3065.2307,3117.9614,3062.8474,3047.7035
142005000,3097.9412,1936400,21025700,9083038800,99389211300,3065.2307,3117.9614,3062.8474,3047.7035
142010000,3097.7023,1897100,25117900,9084935900,99414329200,3065.2307,3117.9614,3062.8474,3047.7035
142015000,3097.8296,1711200,19240100,9086647100,99433569300,3065.2307,3117.9614,3062.8474,3047.7035
142020000,3097.6724,2834500,32347800,9089481600,99465917100,3065.2307,3117.9614,3062.8474,3047.7035
142025000,3097.556,3864600,28070200,9093346200,99493987300,3065.2307,3117.9614,3062.8474,3047.7035
142030000,3097.3987,2571600,27065900,9095917800,99521053200,3065.2307,3117.9614,3062.8474,3047.7035
142035000,3097.0067,2637100,20284700,9098554900,99541337900,3065.2307,3117.9614,3062.8474,3047.7035
142040000,3097.2854,2118400,24981600,9100673300,99566319500,3065.2307,3117.9614,3062.8474,3047.7035
142045000,3096.9378,2188000,24605200,9102861300,99590924700,3065.2307,3117.9614,3062.8474,3047.7035
142050000,3097.4565,3414800,31655500,9106276100,99622580200,3065.2307,3117.9614,3062.8474,3047.7035
142055000,3097.3549,2972000,29919500,9109248100,99652499700,3065.2307,3117.9614,3062.8474,3047.7035
142100000,3097.3165,2639800,31126400,9111887900,99683626100,3065.2307,3117.9614,3062.8474,3047.7035
142105000,3097.0164,3068300,26277100,9114956200,99709903200,3065.2307,3117.9614,3062.8474,3047.7035
142110000,3097.2685,1943900,23761200,9116900100,99733664400,3065.2307,3117.9614,3062.8474,3047.7035
142115000,3097.3057,3431200,29819700,9120331300,99763484100,3065.2307,3117.9614,3062.8474,3047.7035
142120000,3097.2741,3474400,30194900,9123805700,99793679000,3065.2307,3117.9614,3062.8474,3047.7035
142125000,3097.0536,2841000,26735300,9126646700,99820414300,3065.2307,3117.9614,3062.8474,3047.7035
142130000,3097.6574,2619100,31400800,9129265800,99851815100,3065.2307,3117.9614,3062.8474,3047.7035
142135000,3097.1385,3370900,26594800,9132636700,99878409900,3065.2307,3117.9614,3062.8474,3047.7035
142140000,3097.1962,3526900,35188200,9136163600,99913598100,3065.2307,3117.9614,3062.8474,3047.7035
142145000,3096.8784,1706700,19018900,9137870300,99932617000,3065.2307,3117.9614,3062.8474,3047.7035
142150000,3097.2216,2689000,28713500,9140559300,99961330500,3065.2307,3117.9614,3062.8474,3047.7035
142155000,3097.2226,2437900,25892100,9142997200,99987222600,3065.2307,3117.9614,3062.8474,3047.7035
142200000,3097.2444,3034700,36849200,9146031900,100024071800,3065.2307,3117.9614,3062.8474,3047.7035
142205000,3097.1022,2881200,28488000,9148913100,100052559800,3065.2307,3117.9614,3062.8474,3047.7035
142210000,3097.6315,3034500,29773500,9151947600,100082333300,3065.2307,3117.9614,3062.8474,3047.7035
142215000,3097.3763,2355200,22020000,9154302800,100104353300,3065.2307,3117.9614,3062.8474,3047.7035
142220000,3097.608,2561500,30107800,9156864300,100134461100,3065.2307,3117.9614,3062.8474,3047.7035
142225000,3097.409,3126400,29345600,9159990700,100163806700,3065.2307,3117.9614,3062.8474,3047.7035
142230000,3097.8437,3919400,41635300,9163910100,100205442000,3065.2307,3117.9614,3062.8474,3047.7035
142235000,3097.8639,3448200,35320000,9167358300,100240762000,3065.2307,3117.9614,3062.8474,3047.7035
142240000,3097.8943,5387600,54406100,9172745900,100295168100,3065.2307,3117.9614,3062.8474,3047.7035
142245000,3098.6038,4534000,45854500,9177279900,100341022600,3065.2307,3117.9614,3062.8474,3047.7035
142250000,3099.2399,7267500,76536800,9184547400,100417559400,3065.2307,3117.9614,3062.8474,3047.7035
142255000,3099.2873,5456400,56750600,9190003800,100474310000,3065.2307,3117.9614,3062.8474,3047.7035
142300000,3099.551,6320800,58885100,9196324600,100533195100,3065.2307,3117.9614,3062.8474,3047.7035
142305000,3099.6913,3692700,35375300,9200017300,100568570400,3065.2307,3117.9614,3062.8474,3047.7035
142310000,3099.8277,5002800,48871800,9205020100,100617442200,3065.2307,3117.9614,3062.8474,3047.7035
142315000,3099.4812,3553700,33869900,9208573800,100651312100,3065.2307,3117.9614,3062.8474,3047.7035
142320000,3099.4482,4218000,40873000,9212791800,100692185100,3065.2307,3117.9614,3062.8474,3047.7035
142325000,3099.67,3755600,42069500,9216547400,100734254600,3065.2307,3117.9614,3062.8474,3047.7035
142330000,3099.9464,3767500,35900900,9220314900,100770155500,3065.2307,3117.9614,3062.8474,3047.7035
142335000,3100.2977,2484100,29768600,9222799000,100799924100,3065.2307,3117.9614,3062.8474,3047.7035
142340000,3100.0254,3594800,36099300,9226393800,100836023400,3065.2307,3117.9614,3062.8474,3047.7035
142345000,3099.9939,3204600,35610700,9229598400,100871634100,3065.2307,3117.9614,3062.8474,3047.7035
142350000,3100.0274,3223600,36359300,9232822000,100907993400,3065.2307,3117.9614,3062.8474,3047.7035
142355000,3100.5621,3471200,36587800,9236293200,100944581200,3065.2307,3117.9614,3062.8474,3047.7035
142400000,3100.6732,4755500,40366000,9241048700,100984947200,3065.2307,3117.9614,3062.8474,3047.7035
142405000,3100.2079,2155500,25015100,9243204200,101009962300,3065.2307,3117.9614,3062.8474,3047.7035
142410000,3099.9915,3107900,28180800,9246312100,101038143100,3065.2307,3117.9614,3062.8474,3047.7035
142415000,3099.7694,2666100,27273600,9248978200,101065416700,3065.2307,3117.9614,3062.8474,3047.7035
142420000,3099.961,2939400,27334700,9251917600,101092751400,3065.2307,3117.9614,3062.8474,3047.7035
142425000,3099.9072,2062000,19911400,9253979600,101112662800,3065.2307,3117.9614,3062.8474,3047.7035
142430000,3099.7149,2758300,26407600,9256737900,101139070400,3065.2307,3117.9614,3062.8474,3047.7035
142435000,3099.9091,2097100,21283300,9258835000,101160353700,3065.2307,3117.9614,3062.8474,3047.7035
142440000,3099.5669,2250500,23974100,9261085500,101184327800,3065.2307,3117.9614,3062.8474,3047.7035
142445000,3099.8924,3186000,27330800,9264271500,101211658600,3065.2307,3117.9614,3062.8474,3047.7035
142450000,3099.8528,3331600,31194200,9267603100,101242852800,3065.2307,3117.9614,3062.8474,3047.7035
142455000,3100.362,2322200,28454200,9269925300,101271307000,3065.2307,3117.9614,3062.8474,3047.7035
142500000,3099.9256,1982900,22261800,9271908200,101293568800,3065.2307,3117.9614,3062.8474,3047.7035
142505000,3099.6501,2005900,21962300,9273914100,101315531100,3065.2307,3117.9614,3062.8474,3047.7035
142510000,3099.6991,1995600,25506500,9275909700,101341037600,3065.2307,3117.9614,3062.8474,3047.7035
142515000,3099.8845,1900600,17888300,9277810300,101358925900,3065.2307,3117.9614,3062.8474,3047.7035
142520000,3100.0139,2026300,20484100,9279836600,101379410000,3065.2307,3117.9614,3062.8474,3047.7035
142525000,3099.6153,1556500,17844000,9281393100,101397254000,3065.2307,3117.9614,3062.8474,3047.7035
142530000,3099.7272,1853000,22249400,9283246100,101419503400,3065.2307,3117.9614,3062.8474,3047.7035
142535000,3099.5297,1779200,21745600,9285025300,101441249000,3065.2307,3117.9614,3062.8474,3047.7035
142540000,3099.611,2342900,26029700,9287368200,101467278700,3065.2307,3117.9614,3062.8474,3047.7035
142545000,3099.2087,3018100,25812300,9290386300,101493091000,3065.2307,3117.9614,3062.8474,3047.7035
142550000,3099.4141,2969800,29489100,9293356100,101522580100,3065.2307,3117.9614,3062.8474,3047.7035
142555000,3099.4102,2263600,27503800,9295619700,101550083900,3065.2307,3117.9614,3062.8474,3047.7035
142600000,3099.4763,2834000,28613500,9298453700,101578697400,3065.2307,3117.9614,3062.8474,3047.7035
142605000,3099.5053,2330100,30899400,9300783800,101609596800,3065.2307,3117.9614,3062.8474,3047.7035
142610000,3099.5481,2594300,31167100,9303378100,101640763900,3065.2307,3117.9614,3062.8474,3047.7035
142615000,3099.2302,2390500,21114400,9305768600,101661878300,3065.2307,3117.9614,3062.8474,3047.7035
142620000,3099.2854,3190400,31432600,9308959000,101693310900,3065.2307,3117.9614,3062.8474,3047.7035
142625000,3098.8539,2516700,28721200,9311475700,101722032100,3065.2307,3117.9614,3062.8474,3047.7035
142630000,3099.4886,2557400,26833100,9314033100,101748865200,3065.2307,3117.9614,3062.8474,3047.7035
142635000,3099.4508,1411100,16486500,9315444200,101765351700,3065.2307,3117.9614,3062.8474,3047.7035
142640000,3099.2902,1710100,20808600,9317154300,101786160300,3065.2307,3117.9614,3062.8474,3047.7035
142645000,3099.3725,1776700,18420800,9318931000,101804581100,3065.2307,3117.9614,3062.8474,3047.7035
142650000,3099.374,1957100,22669600,9320888100,101827250700,3065.2307,3117.9614,3062.8474,3047.7035
142655000,3099.4897,2207100,24004600,9323095200,101851255300,3065.2307,3117.9614,3062.8474,3047.7035
142700000,3099.1225,2243600,25134900,9325338800,101876390200,3065.2307,3117.9614,3062.8474,3047.7035
142705000,3099.4579,4949800,32115800,9330288600,101908506000,3065.2307,3117.9614,3062.8474,3047.7035
142710000,3099.1768,1911300,22656200,9332199900,101931162200,3065.2307,3117.9614,3062.8474,3047.7035
142715000,3098.9442,1602200,16400900,9333802100,101947563100,3065.2307,3117.9614,3062.8474,3047.7035
142720000,3098.7849,6394100,44989900,9340196200,101992553000,3065.2307,3117.9614,3062.8474,3047.7035
142725000,3098.5747,1987800,22258400,9342184000,102014811400,3065.2307,3117.9614,3062.8474,3047.7035
142730000,3098.8895,2319600,26458900,9344503600,102041270300,3065.2307,3117.9614,3062.8474,3047.7035
142735000,3099.0796,1789900,21392900,9346293500,102062663200,3065.2307,3117.9614,3062.8474,3047.7035
142740000,3098.5703,2266600,24022400,9348560100,102086685600,3065.2307,3117.9614,3062.8474,3047.7035
142745000,3098.5195,2073600,25155900,9350633700,102111841500,3065.2307,3117.9614,3062.8474,3047.7035
142750000,3098.646,2080200,25200900,9352713900,102137042400,3065.2307,3117.9614,3062.8474,3047.7035
142755000,3098.5175,2198500,25791700,9354912400,102162834100,3065.2307,3117.9614,3062.8474,3047.7035
142800000,3098.6327,3696900,39660000,9358609300,102202494100,3065.2307,3117.9614,3062.8474,3047.7035
142805000,3098.6448,2177300,25626000,9360786600,102228120100,3065.2307,3117.9614,3062.8474,3047.7035
142810000,3097.9017,3782200,40858800,9364568800,102268978900,3065.2307,3117.9614,3062.8474,3047.7035
142815000,3097.869,2651100,28217800,9367219900,102297196700,3065.2307,3117.9614,3062.8474,3047.7035
142820000,3097.432,3368000,38647900,9370587900,102335844600,3065.2307,3117.9614,3062.8474,3047.7035
142825000,3097.1419,3309300,35284900,9373897200,102371129500,3065.2307,3117.9614,3062.8474,3047.7035
142830000,3096.8731,4692200,44308300,9378589400,102415437800,3065.2307,3117.9614,3062.8474,3047.7035
142835000,3097.4408,2151500,24539700,9380740900,102439977500,3065.2307,3117.9614,3062.8474,3047.7035
142840000,3097.1909,2463900,28113400,9383204800,102468090900,3065.2307,3117.9614,3062.8474,3047.7035
142845000,3097.0277,2835300,26949000,9386040100,102495039900,3065.2307,3117.9614,3062.8474,3047.7035
142850000,3096.6297,3443400,33977100,9389483500,102529017000,3065.2307,3117.9614,3062.8474,3047.7035
142855000,3096.5357,3099700,34220500,9392583200,102563237500,3065.2307,3117.9614,3062.8474,3047.7035
142900000,3096.409,2921900,35174800,9395505100,102598412300,3065.2307,3117.9614,3062.8474,3047.7035
142905000,3095.8975,2706200,30447300,9398211300,102628859600,3065.2307,3117.9614,3062.8474,3047.7035
142910000,3096.0806,3531000,34492400,9401742300,102663352000,3065.2307,3117.9614,3062.8474,3047.7035
142915000,3095.9285,2721200,26076500,9404463500,102689428500,3065.2307,3117.9614,3062.8474,3047.7035
142920000,3096.0729,2960400,33035900,9407423900,102722464400,3065.2307,3117.9614,3062.8474,3047.7035
142925000,3096.0068,2342500,27933800,9409766400,102750398200,3065.2307,3117.9614,3062.8474,3047.7035
142930000,3096.0426,3126600,35359700,9412893000,102785757900,3065.2307,3117.9614,3062.8474,3047.7035
142935000,3095.9686,2454200,21550700,9415347200,102807308600,3065.2307,3117.9614,3062.8474,3047.7035
142940000,3096.1034,2898600,34623800,9418245800,102841932400,3065.2307,3117.9614,3062.8474,3047.7035
142945000,3095.5437,2417500,26699300,9420663300,102868631700,3065.2307,3117.9614,3062.8474,3047.7035
142950000,3095.3893,3007500,31375200,9423670800,102900006900,3065.2307,3117.9614,3062.8474,3047.7035
142955000,3095.4581,3064300,34966000,9426735100,102934972900,3065.2307,3117.9614,3062.8474,3047.7035
143000000,3095.2725,3745400,37944800,9430480500,102972917700,3065.2307,3117.9614,3062.8474,3047.7035
143005000,3095.5872,2749700,24420200,9433230200,102997337900,3065.2307,3117.9614,3062.8474,3047.7035
143010000,3095.4895,2918700,32212400,9436148900,103029550300,3065.2307,3117.9614,3062.8474,3047.7035
143015000,3094.9605,1980500,22096000,9438129400,103051646300,3065.2307,3117.9614,3062.8474,3047.7035
143020000,3094.9967,2290600,29164600,9440420000,103080810900,3065.2307,3117.9614,3062.8474,3047.7035
143025000,3094.8834,2015900,23986200,9442435900,103104797100,3065.2307,3117.9614,3062.8474,3047.7035
143030000,3094.9611,2407900,28272300,9444843800,103133069400,3065.2307,3117.9614,3062.8474,3047.7035
143035000,3095.1615,2310700,27725500,9447154500,103160794900,3065.2307,3117.9614,3062.8474,3047.7035
143040000,3094.5189,2541700,32673400,9449696200,103193468300,3065.2307,3117.9614,3062.8474,3047.7035
143045000,3094.6687,2162500,24960900,9451858700,103218429200,3065.2307,3117.9614,3062.8474,3047.7035
143050000,3094.5655,2521200,29187600,9454379900,103247616800,3065.2307,3117.9614,3062.8474,3047.7035
143055000,3094.4773,2766500,34861800,9457146400,103282478600,3065.2307,3117.9614,3062.8474,3047.7035
143100000,3094.736,2912800,35803700,9460059200,103318282300,3065.2307,3117.9614,3062.8474,3047.7035
143105000,3094.5664,2438800,24593400,9462498000,103342875700,3065.2307,3117.9614,3062.8474,3047.7035
143110000,3094.6192,3181000,32123300,9465679000,103374999000,3065.2307,3117.9614,3062.8474,3047.7035
143115000,3094.3454,2539400,24655800,9468218400,103399654800,3065.2307,3117.9614,3062.8474,3047.7035
143120000,3094.2123,2708800,29515300,9470927200,103429170100,3065.2307,3117.9614,3062.8474,3047.7035
143125000,3094.2203,3691700,33345600,9474618900,103462515700,3065.2307,3117.9614,3062.8474,3047.7035
143130000,3094.0391,2900800,30570300,9477519700,103493086000,3065.2307,3117.9614,3062.8474,3047.7035
143135000,3094.1821,2371600,26467000,9479891300,103519553000,3065.2307,3117.9614,3062.8474,3047.7035
143140000,3093.6544,2464700,31565800,9482356000,103551118800,3065.2307,3117.9614,3062.8474,3047.7035
143145000,3093.6721,3121600,31558500,9485477600,103582677300,3065.2307,3117.9614,3062.8474,3047.7035
143150000,3093.1287,3969900,37550600,9489447500,103620227900,3065.2307,3117.9614,3062.8474,3047.7035
143155000,3092.6581,4474600,46421300,9493922100,103666649200,3065.2307,3117.9614,3062.8474,3047.7035
143200000,3092.9749,3890000,41435000,9497812100,103708084200,3065.2307,3117.9614,3062.8474,3047.7035
143205000,3093.0349,3053300,33152100,9500865400,103741236300,3065.2307,3117.9614,3062.8474,3047.7035
143210000,3093.3123,4059700,39066800,9504925100,103780303100,3065.2307,3117.9614,3062.8474,3047.7035
143215000,3093.2243,2540500,31090400,9507465600,103811393500,3065.2307,3117.9614,3062.8474,3047.7035
143220000,3092.8622,4360700,47981300,9511826300,103859374800,3065.2307,3117.9614,3062.8474,3047.7035
143225000,3092.3836,5665200,52587800,9517491500,103911962600,3065.2307,3117.9614,3062.8474,3047.7035
143230000,3092.735,3902300,35246200,9521393800,103947208800,3065.2307,3117.9614,3062.8474,3047.7035
143235000,3092.771,2478400,28481100,9523872200,103975689900,3065.2307,3117.9614,3062.8474,3047.7035
143240000,3092.651,2346700,29009300,9526218900,104004699200,3065.2307,3117.9614,3062.8474,3047.7035
143245000,3092.5529,2572300,30403200,9528791200,104035102400,3065.2307,3117.9614,3062.8474,3047.7035
143250000,3092.3808,3059900,33386300,9531851100,104068488700,3065.2307,3117.9614,3062.8474,3047.7035
143255000,3092.0556,3144100,32275600,9534995200,104100764300,3065.2307,3117.9614,3062.8474,3047.7035
143300000,3092.3224,3900300,39472800,9538895500,104140237100,3065.2307,3117.9614,3062.8474,3047.7035
143305000,3092.1389,3979200,30491200,9542874700,104170728300,3065.2307,3117.9614,3062.8474,3047.7035
143310000,3092.226,2982100,40805600,9545856800,104211533900,3065.2307,3117.9614,3062.8474,3047.7035
143315000,3091.7864,1477000,18673100,9547333800,104230207000,3065.2307,3117.9614,3062.8474,3047.7035
143320000,3091.9643,2724000,35215300,9550057800,104265422300,3065.2307,3117.9614,3062.8474,3047.7035
143325000,3091.7128,2971000,32387700,9553028800,104297810000,3065.2307,3117.9614,3062.8474,3047.7035
143330000,3091.5922,2771700,28723200,9555800500,104326533200,3065.2307,3117.9614,3062.8474,3047.7035
143335000,3091.7989,2012100,25699400,9557812600,104352232600,3065.2307,3117.9614,3062.8474,3047.7035
143340000,3091.9236,3100100,34497200,9560912700,104386729800,3065.2307,3117.9614,3062.8474,3047.7035
143345000,3091.6145,2502200,30610000,9563414900,104417339800,3065.2307,3117.9614,3062.8474,3047.7035
143350000,3091.4032,2642500,30102800,9566057400,104447442600,3065.2307,3117.9614,3062.8474,3047.7035
143355000,3091.5117,2847700,37382500,9568905100,104484825100,3065.2307,3117.9614,3062.8474,3047.7035
143400000,3091.2074,2487400,31772300,9571392500,104516597400,3065.2307,3117.9614,3062.8474,3047.7035
143405000,3091.4472,2827700,26551700,9574220200,104543149100,3065.2307,3117.9614,3062.8474,3047.7035
143410000,3091.381,3327800,39355500,9577548000,104582504600,3065.2307,3117.9614,3062.8474,3047.7035
143415000,3091.1627,2694900,28363000,9580242900,104610867600,3065.2307,3117.9614,3062.8474,3047.7035
143420000,3091.5395,2659400,37077900,9582902300,104647945500,3065.2307,3117.9614,3062.8474,3047.7035
143425000,3090.8078,3071300,33208800,9585973600,104681154300,3065.2307,3117.9614,3062.8474,3047.7035
143430000,3091.0568,3057000,37006400,9589030600,104718160700,3065.2307,3117.9614,3062.8474,3047.7035
143435000,3091.6672,2257400,25485200,9591288000,104743645900,3065.2307,3117.9614,3062.8474,3047.7035
143440000,3091.31,2541700,30910900,9593829700,104774556800,3065.2307,3117.9614,3062.8474,3047.7035
143445000,3091.325,2033100,24757500,9595862800,104799314300,3065.2307,3117.9614,3062.8474,3047.7035
143450000,3091.5614,3413300,37375800,9599276100,104836690100,3065.2307,3117.9614,3062.8474,3047.7035
143455000,3091.0659,2554000,34257600,9601830100,104870947700,3065.2307,3117.9614,3062.8474,3047.7035
143500000,3091.4045,2473400,28458000,9604303500,104899405700,3065.2307,3117.9614,3062.8474,3047.7035
143505000,3090.9669,2428200,28958800,9606731700,104928364500,3065.2307,3117.9614,3062.8474,3047.7035
143510000,3091.1722,2829000,30054200,9609560700,104958418700,3065.2307,3117.9614,3062.8474,3047.7035
143515000,3091.2363,1933800,22226300,9611494500,104980645000,3065.2307,3117.9614,3062.8474,3047.7035
143520000,3091.1237,2519800,29779100,9614014300,105010424100,3065.2307,3117.9614,3062.8474,3047.7035
143525000,3090.6512,4561000,48546700,9618575300,105058970800,3065.2307,3117.9614,3062.8474,3047.7035
143530000,3090.9374,2784300,34979800,9621359600,105093950600,3065.2307,3117.9614,3062.8474,3047.7035
143535000,3090.9046,2302700,26236400,9623662300,105120187000,3065.2307,3117.9614,3062.8474,3047.7035
143540000,3090.8945,2947400,40214400,9626609700,105160401400,3065.2307,3117.9614,3062.8474,3047.7035
143545000,3090.8898,1711400,23099500,9628321100,105183500900,3065.2307,3117.9614,3062.8474,3047.7035
143550000,3090.9923,2824800,31722200,9631145900,105215223100,3065.2307,3117.9614,3062.8474,3047.7035
143555000,3090.8658,2168800,30982800,9633314700,105246205900,3065.2307,3117.9614,3062.8474,3047.7035
143600000,3091.3053,2320400,32742400,9635635100,105278948300,3065.2307,3117.9614,3062.8474,3047.7035
143605000,3090.9097,1858400,25047000,9637493500,105303995300,3065.2307,3117.9614,3062.8474,3047.7035
143610000,3090.796,2773300,35501200,9640266800,105339496500,3065.2307,3117.9614,3062.8474,3047.7035
143615000,3091.0294,1934900,23235800,9642201700,105362732300,3065.2307,3117.9614,3062.8474,3047.7035
143620000,3091.1347,3937000,36707400,9646138700,105399439700,3065.2307,3117.9614,3062.8474,3047.7035
143625000,3091.4363,3312600,30341900,9649451300,105429781600,3065.2307,3117.9614,3062.8474,3047.7035
143630000,3091.1659,2236900,31282900,9651688200,105461064500,3065.2307,3117.9614,3062.8474,3047.7035
143635000,3091.3066,2386500,30958400,9654074700,105492022900,3065.2307,3117.9614,3062.8474,3047.7035
143640000,3091.0851,2537800,33921400,9656612500,105525944300,3065.2307,3117.9614,3062.8474,3047.7035
143645000,3091.3326,2314400,29262200,9658926900,105555206500,3065.2307,3117.9614,3062.8474,3047.7035
143650000,3091.3562,2605100,30874300,9661532000,105586080800,3065.2307,3117.9614,3062.8474,3047.7035
143655000,3091.0417,2294800,30795800,9663826800,105616876600,3065.2307,3117.9614,3062.8474,3047.7035
143700000,3090.9128,1775100,27423700,9665601900,105644300300,3065.2307,3117.9614,3062.8474,3047.7035
143705000,3091.1067,1899800,21431800,9667501700,105665732100,3065.2307,3117.9614,3062.8474,3047.7035
143710000,3091.1486,2737000,31104700,9670238700,105696836800,3065.2307,3117.9614,3062.8474,3047.7035
143715000,3091.2469,2448500,21347700,9672687200,105718184500,3065.2307,3117.9614,3062.8474,3047.7035
143720000,3091.3825,2034000,25929900,9674721200,105744114400,3065.2307,3117.9614,3062.8474,3047.7035
143725000,3091.1422,2688700,31832600,9677409900,105775947000,3065.2307,3117.9614,3062.8474,3047.7035
143730000,3090.4301,4230900,38967200,9681640800,105814914200,3065.2307,3117.9614,3062.8474,3047.7035
143735000,3090.3579,4417900,37555200,9686058700,105852469400,3065.2307,3117.9614,3062.8474,3047.7035
143740000,3089.8278,9017300,80810600,9695076000,105933280000,3065.2307,3117.9614,3062.8474,3047.7035
143745000,3089.1876,5988800,58132100,9701064800,105991412100,3065.2307,3117.9614,3062.8474,3047.7035
143750000,3088.7073,6441000,66154300,9707505800,106057566400,3065.2307,3117.9614,3062.8474,3047.7035
143755000,3088.598,7236300,76663100,9714742100,106134229500,3065.2307,3117.9614,3062.8474,3047.7035
143800000,3088.4119,6237300,70991100,9720979400,106205220600,3065.2307,3117.9614,3062.8474,3047.7035
143805000,3088.2309,7789000,63621600,9728768400,106268842200,3065.2307,3117.9614,3062.8474,3047.7035
143810000,3088.1799,4371500,48378400,9733139900,106317220600,3065.2307,3117.9614,3062.8474,3047.7035
143815000,3088.1053,3625300,42382300,9736765200,106359602900,3065.2307,3117.9614,3062.8474,3047.7035
143820000,3087.634,5288200,60079200,9742053400,106419682100,3065.2307,3117.9614,3062.8474,3047.7035
143825000,3086.7701,5166200,59282400,9747219600,106478964500,3065.2307,3117.9614,3062.8474,3047.7035
143830000,3086.8638,9736500,70161000,9756956100,106549125500,3065.2307,3117.9614,3062.8474,3047.7035
143835000,3086.4489,6341400,56480600,9763297500,106605606100,3065.2307,3117.9614,3062.8474,3047.7035
143840000,3085.6503,7264000,81763400,9770561500,106687369500,3065.2307,3117.9614,3062.8474,3047.7035
143845000,3085.0768,10358800,86819700,9780920300,106774189200,3065.2307,3117.9614,3062.8474,3047.7035
143850000,3084.3895,9154100,79150000,9790074400,106853339200,3065.2307,3117.9614,3062.8474,3047.7035
143855000,3084.4163,5893300,54949800,9795967700,106908289000,3065.2307,3117.9614,3062.8474,3047.7035
143900000,3084.5094,7746700,73695800,9803714400,106981984800,3065.2307,3117.9614,3062.8474,3047.7035
143905000,3084.1161,4511500,47843600,9808225900,107029828400,3065.2307,3117.9614,3062.8474,3047.7035
143910000,3084.3545,5793000,61379500,9814018900,107091207900,3065.2307,3117.9614,3062.8474,3047.7035
143915000,3083.4602,4158400,53981300,9818177300,107145189200,3065.2307,3117.9614,3062.8474,3047.7035
143920000,3082.7509,9140400,97562700,9827317700,107242751900,3065.2307,3117.9614,3062.8474,3047.7035
143925000,3082.3955,6705800,80026100,9834023500,107322778000,3065.2307,3117.9614,3062.8474,3047.7035
143930000,3082.3721,5275500,56673700,9839299000,107379451700,3065.2307,3117.9614,3062.8474,3047.7035
143935000,3081.8978,4926800,62122600,9844225800,107441574300,3065.2307,3117.9614,3062.8474,3047.7035
143940000,3081.9581,6662600,75978900,9850888400,107517553200,3065.2307,3117.9614,3062.8474,3047.7035
143945000,3081.0274,4258700,53922000,9855147100,107571475200,3065.2307,3117.9614,3062.8474,3047.7035
143950000,3081.1143,5418400,59117200,9860565500,107630592400,3065.2307,3117.9614,3062.8474,3047.7035
143955000,3081.0534,5123200,60343200,9865688700,107690935600,3065.2307,3117.9614,3062.8474,3047.7035
144000000,3080.9063,3918500,47892600,9869607200,107738828200,3065.2307,3117.9614,3062.8474,3047.7035
144005000,3080.6523,3963100,54632400,9873570300,107793460600,3065.2307,3117.9614,3062.8474,3047.7035
144010000,3080.6212,4643300,59726700,9878213600,107853187300,3065.2307,3117.9614,3062.8474,3047.7035
144015000,3080.775,3173000,40393000,9881386600,107893580300,3065.2307,3117.9614,3062.8474,3047.7035
144020000,3080.6997,4385700,48402100,9885772300,107941982400,3065.2307,3117.9614,3062.8474,3047.7035
144025000,3080.8159,4770500,54534500,9890542800,107996516900,3065.2307,3117.9614,3062.8474,3047.7035
144030000,3080.7726,4643600,48455500,9895186400,108044972400,3065.2307,3117.9614,3062.8474,3047.7035
144035000,3081.267,3259700,38989400,9898446100,108083961800,3065.2307,3117.9614,3062.8474,3047.7035
144040000,3080.7254,5547800,64181400,9903993900,108148143200,3065.2307,3117.9614,3062.8474,3047.7035
144045000,3080.9529,2716200,33855200,9906710100,108181998400,3065.2307,3117.9614,3062.8474,3047.7035
144050000,3081.4414,3723600,45422900,9910433700,108227421300,3065.2307,3117.9614,3062.8474,3047.7035
144055000,3081.3727,4639400,62515200,9915073100,108289936500,3065.2307,3117.9614,3062.8474,3047.7035
144100000,3081.3041,3191400,45273400,9918264500,108335209900,3065.2307,3117.9614,3062.8474,3047.7035
144105000,3081.3668,2579900,32752600,9920844400,108367962500,3065.2307,3117.9614,3062.8474,3047.7035
144110000,3081.7816,4706000,62073200,9925550400,108430035700,3065.2307,3117.9614,3062.8474,3047.7035
144115000,3081.5898,3735200,41431300,9929285600,108471467000,3065.2307,3117.9614,3062.8474,3047.7035
144120000,3081.7115,3452600,40015100,9932738200,108511482100,3065.2307,3117.9614,3062.8474,3047.7035
144125000,3081.5701,3082400,38646000,9935820600,108550128100,3065.2307,3117.9614,3062.8474,3047.7035
144130000,3082.0622,3406300,38633600,9939226900,108588761700,3065.2307,3117.9614,3062.8474,3047.7035
144135000,3081.8284,3311600,39754900,9942538500,108628516600,3065.2307,3117.9614,3062.8474,3047.7035
144140000,3081.8811,4738800,55863800,9947277300,108684380400,3065.2307,3117.9614,3062.8474,3047.7035
144145000,3082.268,2744200,29020300,9950021500,108713400700,3065.2307,3117.9614,3062.8474,3047.7035
144150000,3082.0132,2844100,34762400,9952865600,108748163100,3065.2307,3117.9614,3062.8474,3047.7035
144155000,3081.7014,3207800,37867800,9956073400,108786030900,3065.2307,3117.9614,3062.8474,3047.7035
144200000,3082.0867,4515800,45616900,9960589200,108831647800,3065.2307,3117.9614,3062.8474,3047.7035
144205000,3082.2775,3619700,38250500,9964208900,108869898300,3065.2307,3117.9614,3062.8474,3047.7035
144210000,3082.2953,4195000,46158100,9968403900,108916056400,3065.2307,3117.9614,3062.8474,3047.7035
144215000,3082.311,3348900,29439500,9971752800,108945495900,3065.2307,3117.9614,3062.8474,3047.7035
144220000,3082.2459,4204700,43510500,9975957500,108989006400,3065.2307,3117.9614,3062.8474,3047.7035
144225000,3082.1677,3420400,39031600,9979377900,109028038000,3065.2307,3117.9614,3062.8474,3047.7035
144230000,3082.4989,2838200,33201700,9982216100,109061239700,3065.2307,3117.9614,3062.8474,3047.7035
144235000,3082.1089,2570400,30782300,9984786500,109092022000,3065.2307,3117.9614,3062.8474,3047.7035
144240000,3081.7867,3031400,34556800,9987817900,109126578800,3065.2307,3117.9614,3062.8474,3047.7035
144245000,3082.1966,3091800,31755200,9990909700,109158334000,3065.2307,3117.9614,3062.8474,3047.7035
144250000,3082.47,3045700,37146500,9993955400,109195480500,3065.2307,3117.9614,3062.8474,3047.7035
144255000,3082.2136,2707700,34443900,9996663100,109229924400,3065.2307,3117.9614,3062.8474,3047.7035
144300000,3082.0934,3491000,37337700,10000154100,109267262100,3065.2307,3117.9614,3062.8474,3047.7035
144305000,3082.2286,2192500,29632200,10002346600,109296894300,3065.2307,3117.9614,3062.8474,3047.7035
144310000,3082.0145,2827400,32370400,10005174000,109329264700,3065.2307,3117.9614,3062.8474,3047.7035
144315000,3081.9536,2184000,24700200,10007358000,109353964900,3065.2307,3117.9614,3062.8474,3047.7035
144320000,3081.8946,2225500,27273900,10009583500,109381238800,3065.2307,3117.9614,3062.8474,3047.7035
144325000,3082.0574,4360400,45672700,10013943900,109426911500,3065.2307,3117.9614,3062.8474,3047.7035
144330000,3081.6965,2968700,36449200,10016912600,109463360700,3065.2307,3117.9614,3062.8474,3047.7035
144335000,3081.8234,3057600,33744500,10019970200,109497105200,3065.2307,3117.9614,3062.8474,3047.7035
144340000,3081.1648,2967800,36306400,10022938000,109533411600,3065.2307,3117.9614,3062.8474,3047.7035
144345000,3081.235,2666300,30398100,10025604300,109563809700,3065.2307,3117.9614,3062.8474,3047.7035
144350000,3080.6435,3665800,42213800,10029270100,109606023500,3065.2307,3117.9614,3062.8474,3047.7035
144355000,3080.4335,5096300,46395800,10034366400,109652419300,3065.2307,3117.9614,3062.8474,3047.7035
144400000,3080.6798,4593100,50846300,10038959500,109703265600,3065.2307,3117.9614,3062.8474,3047.7035
144405000,3080.7246,3520700,43558700,10042480200,109746824300,3065.2307,3117.9614,3062.8474,3047.7035
144410000,3080.3094,4442100,52935700,10046922300,109799760000,3065.2307,3117.9614,3062.8474,3047.7035
144415000,3080.2864,3113400,34332700,10050035700,109834092700,3065.2307,3117.9614,3062.8474,3047.7035
144420000,3080.3571,3516000,35530000,10053551700,109869622700,3065.2307,3117.9614,3062.8474,3047.7035
144425000,3079.8874,4819500,52348600,10058371200,109921971300,3065.2307,3117.9614,3062.8474,3047.7035
144430000,3079.9893,3737100,42999900,10062108300,109964971200,3065.2307,3117.9614,3062.8474,3047.7035
144435000,3080.2777,3212400,32287600,10065320700,109997258800,3065.2307,3117.9614,3062.8474,3047.7035
144440000,3080.2236,3259200,41909900,10068579900,110039168700,3065.2307,3117.9614,3062.8474,3047.7035
144445000,3080.2215,2923500,30285100,10071503400,110069453800,3065.2307,3117.9614,3062.8474,3047.7035
144450000,3080.0592,4266400,43068100,10075769800,110112521900,3065.2307,3117.9614,3062.8474,3047.7035
144455000,3079.7376,5601500,56201600,10081371300,110168723500,3065.2307,3117.9614,3062.8474,3047.7035
144500000,3080.1074,3995100,50098600,10085366400,110218822100,3065.2307,3117.9614,3062.8474,3047.7035
144505000,3079.8866,3034000,33686000,10088400400,110252508100,3065.2307,3117.9614,3062.8474,3047.7035
144510000,3080.2498,5202600,51226500,10093603000,110303734600,3065.2307,3117.9614,3062.8474,3047.7035
144515000,3080.283,2663000,25134300,10096266000,110328868900,3065.2307,3117.9614,3062.8474,3047.7035
144520000,3080.186,4004800,43069300,10100270800,110371938200,3065.2307,3117.9614,3062.8474,3047.7035
144525000,3079.9987,3769000,43840900,10104039800,110415779100,3065.2307,3117.9614,3062.8474,3047.7035
144530000,3080.0871,3766500,37805400,10107806300,110453584500,3065.2307,3117.9614,3062.8474,3047.7035
144535000,3080.1143,3171000,27324200,10110977300,110480908700,3065.2307,3117.9614,3062.8474,3047.7035
144540000,3080.0411,3866200,42750000,10114843500,110523658700,3065.2307,3117.9614,3062.8474,3047.7035
144545000,3079.8156,4061200,36510600,10118904700,110560169300,3065.2307,3117.9614,3062.8474,3047.7035
144550000,3079.9622,3900400,39577800,10122805100,110599747100,3065.2307,3117.9614,3062.8474,3047.7035
144555000,3079.7469,3214500,36884000,10126019600,110636631100,3065.2307,3117.9614,3062.8474,3047.7035
144600000,3080.0367,2895000,31965000,10128914600,110668596100,3065.2307,3117.9614,3062.8474,3047.7035
144605000,3080.5439,3078500,31130600,10131993100,110699726700,3065.2307,3117.9614,3062.8474,3047.7035
144610000,3080.5374,3718400,42939900,10135711500,110742666600,3065.2307,3117.9614,3062.8474,3047.7035
144615000,3080.6001,3598200,36229500,10139309700,110778896100,3065.2307,3117.9614,3062.8474,3047.7035
144620000,3081.0785,5074900,57584100,10144384600,110836480200,3065.2307,3117.9614,3062.8474,3047.7035
144625000,3080.5514,3721700,41382300,10148106300,110877862500,3065.2307,3117.9614,3062.8474,3047.7035
144630000,3080.6062,3471200,35730200,10151577500,110913592700,3065.2307,3117.9614,3062.8474,3047.7035
144635000,3080.8753,2317200,26352400,10153894700,110939945100,3065.2307,3117.9614,3062.8474,3047.7035
144640000,3081.1337,3679000,42003900,10157573700,110981949000,3065.2307,3117.9614,3062.8474,3047.7035
144645000,3080.8114,3469200,37826400,10161042900,111019775400,3065.2307,3117.9614,3062.8474,3047.7035
144650000,3080.9558,4179200,46732300,10165222100,111066507700,3065.2307,3117.9614,3062.8474,3047.7035
144655000,3080.8652,3730300,43898400,10168952400,111110406100,3065.2307,3117.9614,3062.8474,3047.7035
144700000,3080.9331,3019700,31824000,10171972100,111142230100,3065.2307,3117.9614,3062.8474,3047.7035
144705000,3080.7935,1851000,23440000,10173823100,111165670100,3065.2307,3117.9614,3062.8474,3047.7035
144710000,3080.6936,3054500,36644200,10176877600,111202314300,3065.2307,3117.9614,3062.8474,3047.7035
144715000,3080.2038,2047200,28117400,10178924800,111230431700,3065.2307,3117.9614,3062.8474,3047.7035
144720000,3080.8152,3009500,33752400,10181934300,111264184100,3065.2307,3117.9614,3062.8474,3047.7035
144725000,3080.763,3416600,31574400,10185350900,111295758500,3065.2307,3117.9614,3062.8474,3047.7035
144730000,3080.46,3868600,41975900,10189219500,111337734400,3065.2307,3117.9614,3062.8474,3047.7035
144735000,3080.5694,3062800,31691800,10192282300,111369426200,3065.2307,3117.9614,3062.8474,3047.7035
144740000,3080.3874,4861200,47637700,10197143500,111417063900,3065.2307,3117.9614,3062.8474,3047.7035
144745000,3080.6359,2970700,37931600,10200114200,111454995500,3065.2307,3117.9614,3062.8474,3047.7035
144750000,3080.6307,4333200,41238000,10204447400,111496233500,3065.2307,3117.9614,3062.8474,3047.7035
144755000,3080.7523,3285900,32598700,10207733300,111528832200,3065.2307,3117.9614,3062.8474,3047.7035
144800000,3080.8339,3249600,37518300,10210982900,111566350500,3065.2307,3117.9614,3062.8474,3047.7035
144805000,3080.7408,2281200,29822000,10213264100,111596172500,3065.2307,3117.9614,3062.8474,3047.7035
144810000,3081.0883,3839800,44777600,10217103900,111640950100,3065.2307,3117.9614,3062.8474,3047.7035
144815000,3081.1879,2757400,26000300,10219861300,111666950400,3065.2307,3117.9614,3062.8474,3047.7035
144820000,3081.0871,2968600,36219800,10222829900,111703170200,3065.2307,3117.9614,3062.8474,3047.7035
144825000,3081.1157,4166200,49696200,10226996100,111752866400,3065.2307,3117.9614,3062.8474,3047.7035
144830000,3081.2471,3432700,39303300,10230428800,111792169700,3065.2307,3117.9614,3062.8474,3047.7035
144835000,3081.2532,3180200,32516200,10233609000,111824685900,3065.2307,3117.9614,3062.8474,3047.7035
144840000,3080.9169,3183100,40273000,10236792100,111864958900,3065.2307,3117.9614,3062.8474,3047.7035
144845000,3080.6435,2519400,28897500,10239311500,111893856400,3065.2307,3117.9614,3062.8474,3047.7035
144850000,3081.1301,3733800,45878200,10243045300,111939734600,3065.2307,3117.9614,3062.8474,3047.7035
144855000,3081.1642,3187700,40094700,10246233000,111979829300,3065.2307,3117.9614,3062.8474,3047.7035
144900000,3080.6303,4080600,43727600,10250313600,112023556900,3065.2307,3117.9614,3062.8474,3047.7035
144905000,3080.7372,3028900,35607000,10253342500,112059163900,3065.2307,3117.9614,3062.8474,3047.7035
144910000,3080.4567,4121200,43460300,10257463700,112102624200,3065.2307,3117.9614,3062.8474,3047.7035
144915000,3080.7237,3049700,26966900,10260513400,112129591100,3065.2307,3117.9614,3062.8474,3047.7035
144920000,3080.6851,3162100,33933800,10263675500,112163524900,3065.2307,3117.9614,3062.8474,3047.7035
144925000,3080.1924,5145700,50116500,10268821200,112213641400,3065.2307,3117.9614,3062.8474,3047.7035
144930000,3080.3766,3242200,35312700,10272063400,112248954100,3065.2307,3117.9614,3062.8474,3047.7035
144935000,3079.7525,2761300,28214400,10274824700,112277168500,3065.2307,3117.9614,3062.8474,3047.7035
144940000,3080.322,4119900,40236600,10278944600,112317405100,3065.2307,3117.9614,3062.8474,3047.7035
144945000,3080.0662,2678200,32404000,10281622800,112349809100,3065.2307,3117.9614,3062.8474,3047.7035
144950000,3079.967,3347400,37671700,10284970200,112387480800,3065.2307,3117.9614,3062.8474,3047.7035
144955000,3080.0644,3355300,37815200,10288325500,112425296000,3065.2307,3117.9614,3062.8474,3047.7035
145000000,3080.3521,2647700,34998600,10290973200,112460294600,3065.2307,3117.9614,3062.8474,3047.7035
145005000,3079.8206,3243600,33164500,10294216800,112493459100,3065.2307,3117.9614,3062.8474,3047.7035
145010000,3079.7116,5431800,54159900,10299648600,112547619000,3065.2307,3117.9614,3062.8474,3047.7035
145015000,3080.111,2869100,32896800,10302517700,112580515800,3065.2307,3117.9614,3062.8474,3047.7035
145020000,3080.3432,3514400,41684800,10306032100,112622200600,3065.2307,3117.9614,3062.8474,3047.7035
145025000,3080.3384,4346000,45009700,10310378100,112667210300,3065.2307,3117.9614,3062.8474,3047.7035
145030000,3080.2904,2611600,29106900,10312989700,112696317200,3065.2307,3117.9614,3062.8474,3047.7035
145035000,3080.6969,2483800,29868600,10315473500,112726185800,3065.2307,3117.9614,3062.8474,3047.7035
145040000,3080.5254,3411200,45118500,10318884700,112771304300,3065.2307,3117.9614,3062.8474,3047.7035
145045000,3080.4091,2501900,29273500,10321386600,112800577800,3065.2307,3117.9614,3062.8474,3047.7035
145050000,3080.2938,2356000,29188300,10323742600,112829766100,3065.2307,3117.9614,3062.8474,3047.7035
145055000,3080.1863,2965600,32455600,10326708200,112862221700,3065.2307,3117.9614,3062.8474,3047.7035
145100000,3080.0513,3339600,37341500,10330047800,112899563200,3065.2307,3117.9614,3062.8474,3047.7035
145105000,3080.1554,3959800,40087500,10334007600,112939650700,3065.2307,3117.9614,3062.8474,3047.7035
145110000,3080.2717,6227400,64295400,10340235000,113003946100,3065.2307,3117.9614,3062.8474,3047.7035
145115000,3080.5303,4353200,37632000,10344588200,113041578100,3065.2307,3117.9614,3062.8474,3047.7035
145120000,3080.0614,4910800,48160000,10349499000,113089738100,3065.2307,3117.9614,3062.8474,3047.7035
145125000,3080.257,5841900,49689500,10355340900,113139427600,3065.2307,3117.9614,3062.8474,3047.7035
145130000,3080.5572,4704200,42490900,10360045100,113181918500,3065.2307,3117.9614,3062.8474,3047.7035
145135000,3080.6284,4187800,38298500,10364232900,113220217000,3065.2307,3117.9614,3062.8474,3047.7035
145140000,3080.7091,5746600,48941300,10369979500,113269158300,3065.2307,3117.9614,3062.8474,3047.7035
145145000,3079.9454,2927500,30435300,10372907000,113299593600,3065.2307,3117.9614,3062.8474,3047.7035
145150000,3080.3482,4271400,46636000,10377178400,113346229600,3065.2307,3117.9614,3062.8474,3047.7035
145155000,3080.5472,4133600,45348500,10381312000,113391578100,3065.2307,3117.9614,3062.8474,3047.7035
145200000,3080.3476,3614600,42084300,10384926600,113433662400,3065.2307,3117.9614,3062.8474,3047.7035
145205000,3080.5957,3055000,28902100,10387981600,113462564500,3065.2307,3117.9614,3062.8474,3047.7035
145210000,3080.7178,3218200,38177100,10391199800,113500741600,3065.2307,3117.9614,3062.8474,3047.7035
145215000,3080.6467,2824100,30112500,10394023900,113530854100,3065.2307,3117.9614,3062.8474,3047.7035
145220000,3080.4407,3457200,44610700,10397481100,113575464800,3065.2307,3117.9614,3062.8474,3047.7035
145225000,3080.2254,3885200,50138900,10401366300,113625603700,3065.2307,3117.9614,3062.8474,3047.7035
145230000,3079.998,3637000,38441500,10405003300,113664045200,3065.2307,3117.9614,3062.8474,3047.7035
145235000,3079.7062,4220600,41356400,10409223900,113705401600,3065.2307,3117.9614,3062.8474,3047.7035
145240000,3079.5515,6082500,53957800,10415306400,113759359400,3065.2307,3117.9614,3062.8474,3047.7035
145245000,3079.4381,4656400,48288900,10419962800,113807648300,3065.2307,3117.9614,3062.8474,3047.7035
145250000,3078.3052,6437600,65045800,10426400400,113872694100,3065.2307,3117.9614,3062.8474,3047.7035
145255000,3078.5028,5168000,55145300,10431568400,113927839400,3065.2307,3117.9614,3062.8474,3047.7035
145300000,3077.995,7048500,72906400,10438616900,114000745800,3065.2307,3117.9614,3062.8474,3047.7035
145305000,3078.3209,4813200,53810700,10443430100,114054556500,3065.2307,3117.9614,3062.8474,3047.7035
145310000,3079.0652,4547100,56291100,10447977200,114110847600,3065.2307,3117.9614,3062.8474,3047.7035
145315000,3079.0159,2974900,39136700,10450952100,114149984300,3065.2307,3117.9614,3062.8474,3047.7035
145320000,3078.299,4780800,56117200,10455732900,114206101500,3065.2307,3117.9614,3062.8474,3047.7035
145325000,3079.1289,4865800,52345500,10460598700,114258447000,3065.2307,3117.9614,3062.8474,3047.7035
145330000,3078.8709,5660300,54195400,10466259000,114312642400,3065.2307,3117.9614,3062.8474,3047.7035
145335000,3079.0108,3764500,49143500,10470023500,114361785900,3065.2307,3117.9614,3062.8474,3047.7035
145340000,3078.9703,4951500,55804800,10474975000,114417590700,3065.2307,3117.9614,3062.8474,3047.7035
145345000,3078.796,3113900,34219200,10478088900,114451809900,3065.2307,3117.9614,3062.8474,3047.7035
145350000,3078.814,5322700,54350500,10483411600,114506160400,3065.2307,3117.9614,3062.8474,3047.7035
145355000,3078.9772,3988300,46355900,10487399900,114552516300,3065.2307,3117.9614,3062.8474,3047.7035
145400000,3078.755,4511200,48531900,10491911100,114601048200,3065.2307,3117.9614,3062.8474,3047.7035
145405000,3078.9663,2869900,30712400,10494781000,114631760600,3065.2307,3117.9614,3062.8474,3047.7035
145410000,3079.1875,3802400,41886000,10498583400,114673646600,3065.2307,3117.9614,3062.8474,3047.7035
145415000,3079.3288,2495400,32115100,10501078800,114705761700,3065.2307,3117.9614,3062.8474,3047.7035
145420000,3079.3366,4227400,44477400,10505306200,114750239100,3065.2307,3117.9614,3062.8474,3047.7035
145425000,3079.4288,4986200,48626200,10510292400,114798865300,3065.2307,3117.9614,3062.8474,3047.7035
145430000,3079.054,4861900,51837300,10515154300,114850702600,3065.2307,3117.9614,3062.8474,3047.7035
145435000,3079.3177,3848400,45278800,10519002700,114895981400,3065.2307,3117.9614,3062.8474,3047.7035
145440000,3079.5647,4079100,50337600,10523081800,114946319000,3065.2307,3117.9614,3062.8474,3047.7035
145445000,3079.4081,3550400,36165500,10526632200,114982484500,3065.2307,3117.9614,3062.8474,3047.7035
145450000,3079.0979,4126100,38945100,10530758300,115021429600,3065.2307,3117.9614,3062.8474,3047.7035
145455000,3079.2619,4102000,41566700,10534860300,115062996300,3065.2307,3117.9614,3062.8474,3047.7035
145500000,3079.436,4724900,44499100,10539585200,115107495400,3065.2307,3117.9614,3062.8474,3047.7035
145505000,3079.8358,4301700,43819200,10543886900,115151314600,3065.2307,3117.9614,3062.8474,3047.7035
145510000,3079.9979,3765500,41251100,10547652400,115192565700,3065.2307,3117.9614,3062.8474,3047.7035
145515000,3079.5292,4252300,41055500,10551904700,115233621200,3065.2307,3117.9614,3062.8474,3047.7035
145520000,3079.4966,3932600,41572500,10555837300,115275193700,3065.2307,3117.9614,3062.8474,3047.7035
145525000,3079.5678,3815200,40239500,10559652500,115315433200,3065.2307,3117.9614,3062.8474,3047.7035
145530000,3079.8415,4254500,45436900,10563907000,115360870100,3065.2307,3117.9614,3062.8474,3047.7035
145535000,3079.4533,3366200,36798300,10567273200,115397668400,3065.2307,3117.9614,3062.8474,3047.7035
145540000,3079.6715,4411000,52109600,10571684200,115449778000,3065.2307,3117.9614,3062.8474,3047.7035
145545000,3079.6295,3770900,40281200,10575455100,115490059200,3065.2307,3117.9614,3062.8474,3047.7035
145550000,3079.8945,4743600,49640700,10580198700,115539699900,3065.2307,3117.9614,3062.8474,3047.7035
145555000,3079.7596,4238200,42057700,10584436900,115581757600,3065.2307,3117.9614,3062.8474,3047.7035
145600000,3079.7029,5326200,55360900,10589763100,115637118500,3065.2307,3117.9614,3062.8474,3047.7035
145605000,3079.3117,3913800,39087800,10593676900,115676206300,3065.2307,3117.9614,3062.8474,3047.7035
145610000,3079.3385,5060600,45446600,10598737500,115721652900,3065.2307,3117.9614,3062.8474,3047.7035
145615000,3078.9677,3635300,39872400,10602372800,115761525300,3065.2307,3117.9614,3062.8474,3047.7035
145620000,3079.2978,5766100,54277000,10608138900,115815802300,3065.2307,3117.9614,3062.8474,3047.7035
145625000,3078.623,6055400,58628000,10614194300,115874430300,3065.2307,3117.9614,3062.8474,3047.7035
145630000,3078.8968,5783300,56902700,10619977600,115931333000,3065.2307,3117.9614,3062.8474,3047.7035
145635000,3079.1641,5172700,40860900,10625150300,115972193900,3065.2307,3117.9614,3062.8474,3047.7035
145640000,3079.3798,4551100,44636500,10629701400,116016830400,3065.2307,3117.9614,3062.8474,3047.7035
145645000,3078.58,3142500,38791700,10632843900,116055622100,3065.2307,3117.9614,3062.8474,3047.7035
145650000,3078.9755,4295100,43052300,10637139000,116098674400,3065.2307,3117.9614,3062.8474,3047.7035
145655000,3079.2722,5699800,54967900,10642838800,116153642300,3065.2307,3117.9614,3062.8474,3047.7035
145659000,3079.1325,3698100,41005300,10646536900,116194647600,3065.2307,3117.9614,3062.8474,3047.7035
145704000,3079.443,645700,7967200,10647182600,116202614800,3065.2307,3117.9614,3062.8474,3047.7035
150000000,3079.4665,3484500,16007300,10650667100,116218622100,3065.2307,3117.9614,3062.8474,3047.7035
150003000,3078.727,70238900,764632200,10720906000,116983254300,3065.2307,3117.9614,3062.8474,3047.7035
150005000,3078.4768,9742900,106563400,10730648900,117089817700,3065.2307,3117.9614,3062.8474,3047.7035
150005000,3078.4759,5786100,39861200,10736435000,117129678900,3065.2307,3117.9614,3062.8474,3047.7035
