Time,Price,Volume,Turnover,AccVolume,AccTurnover,Open,High,Low,PreClose
92512000,3378.9056,40099400,615980400,40099400,615980400,3378.9056,3378.9056,3378.9056,3365.1227
93004000,3381.5948,38852400,543327100,78951800,1159307500,3378.9056,3381.5948,3378.9056,3365.1227
93009000,3382.5568,13976500,181469700,92928300,1340777200,3378.9056,3382.5568,3378.9056,3365.1227
93014000,3384.1652,6107700,76856200,99036000,1417633400,3378.9056,3384.2241,3378.9056,3365.1227
93019000,3385.4652,6712800,98067500,105748800,1515700900,3378.9056,3385.4652,3378.9056,3365.1227
93024000,3385.1115,5499200,76160100,111248000,1591861000,3378.9056,3385.4652,3378.9056,3365.1227
93029000,3385.4083,5536100,82592300,116784100,1674453300,3378.9056,3386.1498,3378.9056,3365.1227
93034000,3386.5297,4684400,79294500,121468500,1753747800,3378.9056,3386.5297,3378.9056,3365.1227
93039000,3386.4442,4612000,68903300,126080500,1822651100,3378.9056,3386.7225,3378.9056,3365.1227
93044000,3387.0867,6814900,91623000,132895400,1914274100,3378.9056,3387.0867,3378.9056,3365.1227
93049000,3387.1512,6385500,92383300,139280900,2006657400,3378.9056,3387.5104,3378.9056,3365.1227
93054000,3387.67,4522000,74427600,143802900,2081085000,3378.9056,3387.7753,3378.9056,3365.1227
93059000,3386.8029,5793700,101549300,149596600,2182634300,3378.9056,3387.7753,3378.9056,3365.1227
93104000,3386.5705,7564100,105966600,157160700,2288600900,3378.9056,3387.7753,3378.9056,3365.1227
93109000,3386.18,4694800,75285600,161855500,2363886500,3378.9056,3387.7753,3378.9056,3365.1227
93114000,3385.5507,6085500,92994000,167941000,2456880500,3378.9056,3387.7753,3378.9056,3365.1227
93119000,3384.9851,5987200,91855600,173928200,2548736100,3378.9056,3387.7753,3378.9056,3365.1227
93124000,3384.5594,4320000,63075400,178248200,2611811500,3378.9056,3387.7753,3378.9056,3365.1227
93130000,3383.4884,7926000,112607300,186174200,2724418800,3378.9056,3387.7753,3378.9056,3365.1227
93134000,3383.7024,5588100,80566100,191762300,2804984900,3378.9056,3387.7753,3378.9056,3365.1227
93140000,3383.4378,6127200,97764000,197889500,2902748900,3378.9056,3387.7753,3378.9056,3365.1227
93144000,3382.7978,4878200,64843900,202767700,2967592800,3378.9056,3387.7753,3378.9056,3365.1227
93150000,3382.2874,7124700,90153100,209892400,3057745900,3378.9056,3387.7753,3378.9056,3365.1227
93155000,3381.6362,4770800,71278600,214663200,3129024500,3378.9056,3387.7753,3378.9056,3365.1227
93159000,3382.0934,4232000,50965400,218895200,3179989900,3378.9056,3387.7753,3378.9056,3365.1227
93205000,3382.0561,7670100,93300800,226565300,3273290700,3378.9056,3387.7753,3378.9056,3365.1227
93209000,3381.5011,4121300,56823000,230686600,3330113700,3378.9056,3387.7753,3378.9056,3365.1227
93215000,3382.4336,6413800,78215300,237100400,3408329000,3378.9056,3387.7753,3378.9056,3365.1227
93220000,3382.469,5504900,71390000,242605300,3479719000,3378.9056,3387.7753,3378.9056,3365.1227
93225000,3383.0297,6012300,92799200,248617600,3572518200,3378.9056,3387.7753,3378.9056,3365.1227
93230000,3384.3658,4553700,55897400,253171300,3628415600,3378.9056,3387.7753,3378.9056,3365.1227
93235000,3386.3455,8828000,129237000,261999300,3757652600,3378.9056,3387.7753,3378.9056,3365.1227
93240000,3386.8359,6612200,88392600,268611500,3846045200,3378.9056,3387.7753,3378.9056,3365.1227
93245000,3387.7344,4717100,68327100,273328600,3914372300,3378.9056,3387.7753,3378.9056,3365.1227
93250000,3387.6823,4954500,73300500,278283100,3987672800,3378.9056,3387.7877,3378.9056,3365.1227
93255000,3388.3104,6517400,76072700,284800500,4063745500,3378.9056,3388.3104,3378.9056,3365.1227
93300000,3389.2502,4747700,59085200,289548200,4122830700,3378.9056,3389.2502,3378.9056,3365.1227
93305000,3389.6869,5938000,83828700,295486200,4206659400,3378.9056,3389.7346,3378.9056,3365.1227
93310000,3390.6541,6382500,99116700,301868700,4305776100,3378.9056,3390.6541,3378.9056,3365.1227
93315000,3391.6466,5292300,80005800,307161000,4385781900,3378.9056,3391.6466,3378.9056,3365.1227
93320000,3392.9284,6061000,80246300,313222000,4466028200,3378.9056,3392.9284,3378.9056,3365.1227
93325000,3394.1073,6280400,94516300,319502400,4560544500,3378.9056,3394.1073,3378.9056,3365.1227
93330000,3394.954,5072400,72065100,324574800,4632609600,3378.9056,3394.954,3378.9056,3365.1227
93335000,3395.0623,6356000,88338200,330930800,4720947800,3378.9056,3395.211,3378.9056,3365.1227
93340000,3396.402,7757700,103379400,338688500,4824327200,3378.9056,3396.402,3378.9056,3365.1227
93345000,3396.7641,6821700,77696500,345510200,4902023700,3378.9056,3396.7641,3378.9056,3365.1227
93350000,3397.0056,6752200,75841700,352262400,4977865400,3378.9056,3397.2774,3378.9056,3365.1227
93355000,3397.693,6631200,98222700,358893600,5076088100,3378.9056,3397.7441,3378.9056,3365.1227
93400000,3397.717,5550300,68786500,364443900,5144874600,3378.9056,3397.7991,3378.9056,3365.1227
93405000,3398.0171,7227400,99636900,371671300,5244511500,3378.9056,3398.06,3378.9056,3365.1227
93410000,3398.7039,7376200,98189400,379047500,5342700900,3378.9056,3398.7039,3378.9056,3365.1227
93415000,3398.408,6173300,73857200,385220800,5416558100,3378.9056,3398.7527,3378.9056,3365.1227
93420000,3398.2681,5714400,77412500,390935200,5493970600,3378.9056,3398.7527,3378.9056,3365.1227
93425000,3398.8378,4824400,74281800,395759600,5568252400,3378.9056,3398.8737,3378.9056,3365.1227
93430000,3398.9899,4608700,69000100,400368300,5637252500,3378.9056,3398.9899,3378.9056,3365.1227
93435000,3398.7938,4491300,69580100,404859600,5706832600,3378.9056,3399.0215,3378.9056,3365.1227
93440000,3398.738,6445400,78459800,411305000,5785292400,3378.9056,3399.0215,3378.9056,3365.1227
93445000,3398.5944,5257200,79487500,416562200,5864779900,3378.9056,3399.0215,3378.9056,3365.1227
93450000,3398.5691,7228300,84397400,423790500,5949177300,3378.9056,3399.0215,3378.9056,3365.1227
93455000,3398.461,6131800,92095400,429922300,6041272700,3378.9056,3399.0215,3378.9056,3365.1227
93500000,3398.6573,4918100,67316800,434840400,6108589500,3378.9056,3399.0215,3378.9056,3365.1227
93505000,3398.517,5950800,84316400,440791200,6192905900,3378.9056,3399.0215,3378.9056,3365.1227
93510000,3398.5184,7434700,85156800,448225900,6278062700,3378.9056,3399.0215,3378.9056,3365.1227
93515000,3397.9932,4917100,64466700,453143000,6342529400,3378.9056,3399.0215,3378.9056,3365.1227
93520000,3397.6998,5273900,68995400,458416900,6411524800,3378.9056,3399.0215,3378.9056,3365.1227
93525000,3397.9174,5791200,81182900,464208100,6492707700,3378.9056,3399.0215,3378.9056,3365.1227
93530000,3397.7733,4093200,57460900,468301300,6550168600,3378.9056,3399.0215,3378.9056,3365.1227
93535000,3397.7449,5764100,79421800,474065400,6629590400,3378.9056,3399.0215,3378.9056,3365.1227
93540000,3397.0147,5390300,85983100,479455700,6715573500,3378.9056,3399.0215,3378.9056,3365.1227
93545000,3397.0504,4081600,56650800,483537300,6772224300,3378.9056,3399.0215,3378.9056,3365.1227
93550000,3396.7619,5358300,73743700,488895600,6845968000,3378.9056,3399.0215,3378.9056,3365.1227
93555000,3396.765,5534500,71210300,494430100,6917178300,3378.9056,3399.0215,3378.9056,3365.1227
93600000,3396.6014,4635400,59978600,499065500,6977156900,3378.9056,3399.0215,3378.9056,3365.1227
93605000,3396.6524,4489500,60005300,503555000,7037162200,3378.9056,3399.0215,3378.9056,3365.1227
93610000,3396.959,6023800,78706000,509578800,7115868200,3378.9056,3399.0215,3378.9056,3365.1227
93615000,3397.701,5819700,72433700,515398500,7188301900,3378.9056,3399.0215,3378.9056,3365.1227
93620000,3397.9942,6110500,87336700,521509000,7275638600,3378.9056,3399.0215,3378.9056,3365.1227
93625000,3398.9225,7409900,97160000,528918900,7372798600,3378.9056,3399.0215,3378.9056,3365.1227
93630000,3399.0944,7099200,97452500,536018100,7470251100,3378.9056,3399.7714,3378.9056,3365.1227
93635000,3400.5219,6999800,90824100,543017900,7561075200,3378.9056,3400.5229,3378.9056,3365.1227
93640000,3400.5633,5535100,77136600,548553000,7638211800,3378.9056,3400.824,3378.9056,3365.1227
93645000,3400.7804,4489600,58819700,553042600,7697031500,3378.9056,3400.9095,3378.9056,3365.1227
93650000,3401.0383,4506100,69575200,557548700,7766606700,3378.9056,3401.0383,3378.9056,3365.1227
93655000,3401.5861,4822300,85881200,562371000,7852487900,3378.9056,3401.6183,3378.9056,3365.1227
93700000,3401.4508,4159100,51096300,566530100,7903584200,3378.9056,3401.6183,3378.9056,3365.1227
93705000,3401.4333,4758500,67657700,571288600,7971241900,3378.9056,3401.6183,3378.9056,3365.1227
93710000,3401.4596,4710300,60882200,575998900,8032124100,3378.9056,3401.875,3378.9056,3365.1227
93715000,3401.8383,3980000,62604600,579978900,8094728700,3378.9056,3401.875,3378.9056,3365.1227
93720000,3401.7038,4704000,78963900,584682900,8173692600,3378.9056,3401.875,3378.9056,3365.1227
93725000,3401.9714,6563100,95732100,591246000,8269424700,3378.9056,3401.9714,3378.9056,3365.1227
93730000,3401.0188,4278000,72504800,595524000,8341929500,3378.9056,3401.9714,3378.9056,3365.1227
93735000,3400.1052,6149300,84198100,601673300,8426127600,3378.9056,3401.9714,3378.9056,3365.1227
93740000,3399.1598,5709600,95907600,607382900,8522035200,3378.9056,3401.9714,3378.9056,3365.1227
93745000,3398.8446,5993800,96822300,613376700,8618857500,3378.9056,3401.9714,3378.9056,3365.1227
93750000,3397.7761,6091500,92172300,619468200,8711029800,3378.9056,3401.9714,3378.9056,3365.1227
93755000,3397.1693,6785400,99290700,626253600,8810320500,3378.9056,3401.9714,3378.9056,3365.1227
93800000,3396.6233,4610700,71857000,630864300,8882177500,3378.9056,3401.9714,3378.9056,3365.1227
93805000,3395.9822,6060300,86710100,636924600,8968887600,3378.9056,3401.9714,3378.9056,3365.1227
93810000,3395.3955,7640900,106516300,644565500,9075403900,3378.9056,3401.9714,3378.9056,3365.1227
93815000,3394.9359,5544600,77727600,650110100,9153131500,3378.9056,3401.9714,3378.9056,3365.1227
93820000,3394.5444,5019000,80099100,655129100,9233230600,3378.9056,3401.9714,3378.9056,3365.1227
93825000,3394.3409,5127100,73164600,660256200,9306395200,3378.9056,3401.9714,3378.9056,3365.1227
93830000,3392.9341,4424700,64469200,664680900,9370864400,3378.9056,3401.9714,3378.9056,3365.1227
93835000,3392.8239,5863400,76056000,670544300,9446920400,3378.9056,3401.9714,3378.9056,3365.1227
93840000,3392.7129,4772100,58296800,675316400,9505217200,3378.9056,3401.9714,3378.9056,3365.1227
93845000,3392.2098,4002000,52303500,679318400,9557520700,3378.9056,3401.9714,3378.9056,3365.1227
93850000,3391.896,4919400,76266300,684237800,9633787000,3378.9056,3401.9714,3378.9056,3365.1227
93855000,3391.5393,4401900,73140900,688639700,9706927900,3378.9056,3401.9714,3378.9056,3365.1227
93900000,3390.848,4334600,54539700,692974300,9761467600,3378.9056,3401.9714,3378.9056,3365.1227
93905000,3391.0792,4010000,61795600,696984300,9823263200,3378.9056,3401.9714,3378.9056,3365.1227
93910000,3391.0686,4754000,78385000,701738300,9901648200,3378.9056,3401.9714,3378.9056,3365.1227
93915000,3391.0077,4056200,48832900,705794500,9950481100,3378.9056,3401.9714,3378.9056,3365.1227
93920000,3390.9727,4073700,54795400,709868200,10005276500,3378.9056,3401.9714,3378.9056,3365.1227
93925000,3391.4937,5762000,66221500,715630200,10071498000,3378.9056,3401.9714,3378.9056,3365.1227
93930000,3390.6349,4206400,49972000,719836600,10121470000,3378.9056,3401.9714,3378.9056,3365.1227
93935000,3391.0857,4082600,59220200,723919200,10180690200,3378.9056,3401.9714,3378.9056,3365.1227
93940000,3391.4698,4105600,55164500,728024800,10235854700,3378.9056,3401.9714,3378.9056,3365.1227
93945000,3391.428,4625500,50143900,732650300,10285998600,3378.9056,3401.9714,3378.9056,3365.1227
93950000,3391.8316,3530400,46305900,736180700,10332304500,3378.9056,3401.9714,3378.9056,3365.1227
93955000,3392.0232,3316800,50435800,739497500,10382740300,3378.9056,3401.9714,3378.9056,3365.1227
94000000,3392.2492,2863000,38341000,742360500,10421081300,3378.9056,3401.9714,3378.9056,3365.1227
94005000,3392.3039,3206400,49243000,745566900,10470324300,3378.9056,3401.9714,3378.9056,3365.1227
94010000,3393.0736,4424500,66597900,749991400,10536922200,3378.9056,3401.9714,3378.9056,3365.1227
94015000,3393.1397,3400500,45477400,753391900,10582399600,3378.9056,3401.9714,3378.9056,3365.1227
94020000,3393.1233,2969000,43294700,756360900,10625694300,3378.9056,3401.9714,3378.9056,3365.1227
94025000,3393.806,3893100,62626400,760254000,10688320700,3378.9056,3401.9714,3378.9056,3365.1227
94030000,3393.3561,2410800,35077800,762664800,10723398500,3378.9056,3401.9714,3378.9056,3365.1227
94035000,3393.3957,3403000,46504900,766067800,10769903400,3378.9056,3401.9714,3378.9056,3365.1227
94040000,3393.4052,4330300,70805300,770398100,10840708700,3378.9056,3401.9714,3378.9056,3365.1227
94045000,3394.4408,5355700,72597200,775753800,10913305900,3378.9056,3401.9714,3378.9056,3365.1227
94050000,3396.9671,10780200,131495000,786534000,11044800900,3378.9056,3401.9714,3378.9056,3365.1227
94055000,3397.7498,8738200,108095200,795272200,11152896100,3378.9056,3401.9714,3378.9056,3365.1227
94100000,3399.3272,6100000,84831900,801372200,11237728000,3378.9056,3401.9714,3378.9056,3365.1227
94105000,3400.0993,6074200,89310000,807446400,11327038000,3378.9056,3401.9714,3378.9056,3365.1227
94110000,3401.0176,8276600,86355600,815723000,11413393600,3378.9056,3401.9714,3378.9056,3365.1227
94115000,3401.1609,3939900,53975900,819662900,11467369500,3378.9056,3401.9714,3378.9056,3365.1227
94120000,3401.4168,5169400,65390900,824832300,11532760400,3378.9056,3401.9714,3378.9056,3365.1227
94125000,3402.0292,4217800,59882100,829050100,11592642500,3378.9056,3402.0292,3378.9056,3365.1227
94130000,3401.6038,3535600,55159700,832585700,11647802200,3378.9056,3402.0292,3378.9056,3365.1227
94135000,3401.6914,3505600,56643900,836091300,11704446100,3378.9056,3402.0292,3378.9056,3365.1227
94140000,3401.8351,3870600,61096200,839961900,11765542300,3378.9056,3402.0292,3378.9056,3365.1227
94145000,3401.9676,3835200,54370700,843797100,11819913000,3378.9056,3402.3004,3378.9056,3365.1227
94150000,3402.1376,3769400,50964900,847566500,11870877900,3378.9056,3402.3004,3378.9056,3365.1227
94155000,3403.0563,4785700,69511700,852352200,11940389600,3378.9056,3403.0563,3378.9056,3365.1227
94200000,3402.9677,4128700,55292700,856480900,11995682300,3378.9056,3403.0563,3378.9056,3365.1227
94205000,3403.229,4055000,61069800,860535900,12056752100,3378.9056,3403.229,3378.9056,3365.1227
94210000,3403.7375,5814000,80383700,866349900,12137135800,3378.9056,3403.7375,3378.9056,3365.1227
94215000,3404.2706,4180500,60388600,870530400,12197524400,3378.9056,3404.2706,3378.9056,3365.1227
94220000,3404.3022,4717100,74012300,875247500,12271536700,3378.9056,3404.3469,3378.9056,3365.1227
94225000,3404.2796,6129500,75734500,881377000,12347271200,3378.9056,3404.5243,3378.9056,3365.1227
94230000,3404.0271,3104800,45376900,884481800,12392648100,3378.9056,3404.5243,3378.9056,3365.1227
94235000,3403.7186,4972900,72015000,889454700,12464663100,3378.9056,3404.5243,3378.9056,3365.1227
94240000,3403.7272,7234100,78171100,896688800,12542834200,3378.9056,3404.5243,3378.9056,3365.1227
94245000,3404.1154,4960300,52870600,901649100,12595704800,3378.9056,3404.5243,3378.9056,3365.1227
94250000,3403.8586,5838200,61378300,907487300,12657083100,3378.9056,3404.5243,3378.9056,3365.1227
94255000,3404.3027,9060500,86029300,916547800,12743112400,3378.9056,3404.5243,3378.9056,3365.1227
94300000,3404.5494,3911300,49765900,920459100,12792878300,3378.9056,3404.5494,3378.9056,3365.1227
94305000,3404.9806,4409600,72905800,924868700,12865784100,3378.9056,3405.2342,3378.9056,3365.1227
94310000,3405.1668,4748400,62211900,929617100,12927996000,3378.9056,3405.2342,3378.9056,3365.1227
94315000,3405.0979,5219000,73051500,934836100,13001047500,3378.9056,3405.3069,3378.9056,3365.1227
94320000,3404.9944,4110500,62819700,938946600,13063867200,3378.9056,3405.3069,3378.9056,3365.1227
94325000,3405.6784,4514700,69897300,943461300,13133764500,3378.9056,3405.6784,3378.9056,3365.1227
94330000,3405.3833,3605200,45871600,947066500,13179636100,3378.9056,3405.6784,3378.9056,3365.1227
94335000,3405.5501,6337000,68821300,953403500,13248457400,3378.9056,3405.6784,3378.9056,3365.1227
94340000,3405.1085,5255600,72217500,958659100,13320674900,3378.9056,3405.6784,3378.9056,3365.1227
94345000,3405.6186,3858300,53243900,962517400,13373918800,3378.9056,3405.6784,3378.9056,3365.1227
94350000,3405.6294,3347300,53221500,965864700,13427140300,3378.9056,3405.7973,3378.9056,3365.1227
94355000,3406.033,4490500,55697000,970355200,13482837300,3378.9056,3406.079,3378.9056,3365.1227
94400000,3405.5786,4445300,57448200,974800500,13540285500,3378.9056,3406.079,3378.9056,3365.1227
94405000,3406.3792,4975800,63185800,979776300,13603471300,3378.9056,3406.3792,3378.9056,3365.1227
94410000,3406.3601,11102300,101433700,990878600,13704905000,3378.9056,3406.5013,3378.9056,3365.1227
94415000,3406.6119,3662400,48918200,994541000,13753823200,3378.9056,3406.8191,3378.9056,3365.1227
94420000,3406.384,4207000,57235700,998748000,13811058900,3378.9056,3406.8191,3378.9056,3365.1227
94425000,3406.6381,5866100,68405600,1004614100,13879464500,3378.9056,3406.8191,3378.9056,3365.1227
94430000,3406.5905,3687000,46900900,1008301100,13926365400,3378.9056,3406.9357,3378.9056,3365.1227
94435000,3406.6133,4367400,58224800,1012668500,13984590200,3378.9056,3406.9357,3378.9056,3365.1227
94440000,3406.8623,6465800,71407900,1019134300,14055998100,3378.9056,3407.0482,3378.9056,3365.1227
94445000,3406.9085,4248700,54779200,1023383000,14110777300,3378.9056,3407.0482,3378.9056,3365.1227
94451000,3407.2159,4443600,58409800,1027826600,14169187100,3378.9056,3407.2159,3378.9056,3365.1227
94456000,3407.4745,5983200,73103900,1033809800,14242291000,3378.9056,3407.4745,3378.9056,3365.1227
94500000,3407.4036,3216600,44401900,1037026400,14286692900,3378.9056,3407.8281,3378.9056,3365.1227
94506000,3408.3791,4357300,69222600,1041383700,14355915500,3378.9056,3408.3791,3378.9056,3365.1227
94511000,3408.929,5998600,71361900,1047382300,14427277400,3378.9056,3408.929,3378.9056,3365.1227
94515000,3409.4602,4415700,48534100,1051798000,14475811500,3378.9056,3409.4602,3378.9056,3365.1227
94521000,3409.4032,7679600,84188600,1059477600,14560000100,3378.9056,3409.4839,3378.9056,3365.1227
94525000,3409.3395,5454700,60969100,1064932300,14620969200,3378.9056,3409.5786,3378.9056,3365.1227
94530000,3409.8214,4552600,70183900,1069484900,14691153100,3378.9056,3410.016,3378.9056,3365.1227
94536000,3410.898,6789700,80909600,1076274600,14772062700,3378.9056,3410.898,3378.9056,3365.1227
94541000,3411.4587,5519300,73074100,1081793900,14845136800,3378.9056,3411.4587,3378.9056,3365.1227
94546000,3411.3663,8037800,83891100,1089831700,14929027900,3378.9056,3411.5723,3378.9056,3365.1227
94551000,3412.0773,5005600,62479400,1094837300,14991507300,3378.9056,3412.1511,3378.9056,3365.1227
94556000,3412.7338,4560200,63880600,1099397500,15055387900,3378.9056,3412.7338,3378.9056,3365.1227
94601000,3412.6886,7392300,91324600,1106789800,15146712500,3378.9056,3412.7338,3378.9056,3365.1227
94606000,3413.2757,8072800,93467700,1114862600,15240180200,3378.9056,3413.2757,3378.9056,3365.1227
94611000,3413.7322,6677900,74810000,1121540500,15314990200,3378.9056,3413.7322,3378.9056,3365.1227
94616000,3414.4326,7474100,99933300,1129014600,15414923500,3378.9056,3414.4326,3378.9056,3365.1227
94621000,3414.9687,5908200,93334000,1134922800,15508257500,3378.9056,3414.9687,3378.9056,3365.1227
94626000,3415.5305,5202400,68485700,1140125200,15576743200,3378.9056,3415.5305,3378.9056,3365.1227
94631000,3415.4121,5625800,78247600,1145751000,15654990800,3378.9056,3415.5992,3378.9056,3365.1227
94636000,3415.5374,4584500,68286000,1150335500,15723276800,3378.9056,3415.6069,3378.9056,3365.1227
94641000,3415.773,6314900,80547500,1156650400,15803824300,3378.9056,3415.9636,3378.9056,3365.1227
94646000,3416.3627,5969700,77970700,1162620100,15881795000,3378.9056,3416.3627,3378.9056,3365.1227
94651000,3417.0362,5894900,77432700,1168515000,15959227700,3378.9056,3417.0362,3378.9056,3365.1227
94656000,3417.1079,5653400,70458400,1174168400,16029686100,3378.9056,3417.2589,3378.9056,3365.1227
94701000,3416.7473,6172800,68907700,1180341200,16098593800,3378.9056,3417.2589,3378.9056,3365.1227
94706000,3417.6227,6094700,83693700,1186435900,16182287500,3378.9056,3417.6227,3378.9056,3365.1227
94711000,3418.1422,5004600,67261700,1191440500,16249549200,3378.9056,3418.1422,3378.9056,3365.1227
94716000,3418.4884,4668500,63557600,1196109000,16313106800,3378.9056,3418.4884,3378.9056,3365.1227
94721000,3418.5222,4093200,58226900,1200202200,16371333700,3378.9056,3418.5822,3378.9056,3365.1227
94726000,3418.2982,5708800,84799900,1205911000,16456133600,3378.9056,3418.5822,3378.9056,3365.1227
94731000,3417.6541,6748000,93726900,1212659000,16549860500,3378.9056,3418.5822,3378.9056,3365.1227
94736000,3417.599,7785500,84253600,1220444500,16634114100,3378.9056,3418.5822,3378.9056,3365.1227
94741000,3418.2356,6427800,81755600,1226872300,16715869700,3378.9056,3418.5822,3378.9056,3365.1227
94746000,3417.2572,6694400,94652700,1233566700,16810522400,3378.9056,3418.5822,3378.9056,3365.1227
94751000,3417.8277,6739800,69832900,1240306500,16880355300,3378.9056,3418.5822,3378.9056,3365.1227
94756000,3418.0139,5262900,68593400,1245569400,16948948700,3378.9056,3418.5822,3378.9056,3365.1227
94801000,3418.059,5898100,78090500,1251467500,17027039200,3378.9056,3418.5822,3378.9056,3365.1227
94806000,3417.9993,6659600,65651600,1258127100,17092690800,3378.9056,3418.5822,3378.9056,3365.1227
94811000,3418.3821,5917400,79324600,1264044500,17172015400,3378.9056,3418.5822,3378.9056,3365.1227
94816000,3418.1498,4971300,64460200,1269015800,17236475600,3378.9056,3418.5822,3378.9056,3365.1227
94821000,3418.2091,8545900,74960300,1277561700,17311435900,3378.9056,3418.5822,3378.9056,3365.1227
94826000,3418.418,5157000,72142200,1282718700,17383578100,3378.9056,3418.5822,3378.9056,3365.1227
94831000,3418.3442,7863100,70732800,1290581800,17454310900,3378.9056,3418.5822,3378.9056,3365.1227
94836000,3418.4084,6017200,62582600,1296599000,17516893500,3378.9056,3418.6592,3378.9056,3365.1227
94841000,3418.6773,4454200,57969800,1301053200,17574863300,3378.9056,3418.6773,3378.9056,3365.1227
94846000,3418.9367,5708100,70543900,1306761300,17645407200,3378.9056,3418.9969,3378.9056,3365.1227
94851000,3418.9897,5058900,58934300,1311820200,17704341500,3378.9056,3419.0652,3378.9056,3365.1227
94856000,3418.9251,4130300,61454000,1315950500,17765795500,3378.9056,3419.0652,3378.9056,3365.1227
94901000,3418.684,5525000,62582100,1321475500,17828377600,3378.9056,3419.0652,3378.9056,3365.1227
94906000,3418.6953,4673100,53574700,1326148600,17881952300,3378.9056,3419.1347,3378.9056,3365.1227
94911000,3419.243,5490400,66260700,1331639000,17948213000,3378.9056,3419.2459,3378.9056,3365.1227
94916000,3419.4727,5298000,59601400,1336937000,18007814400,3378.9056,3419.4727,3378.9056,3365.1227
94921000,3419.5274,3728000,55057500,1340665000,18062871900,3378.9056,3419.792,3378.9056,3365.1227
94926000,3419.4029,3689100,48510000,1344354100,18111381900,3378.9056,3419.792,3378.9056,3365.1227
94931000,3419.5544,6298900,84640700,1350653000,18196022600,3378.9056,3419.792,3378.9056,3365.1227
94936000,3419.6678,4369900,59484500,1355022900,18255507100,3378.9056,3419.792,3378.9056,3365.1227
94941000,3419.8017,3813000,49590800,1358835900,18305097900,3378.9056,3419.8017,3378.9056,3365.1227
94946000,3419.8653,4664000,62236600,1363499900,18367334500,3378.9056,3420.1599,3378.9056,3365.1227
94951000,3420.6595,4202500,53337100,1367702400,18420671600,3378.9056,3420.6595,3378.9056,3365.1227
94956000,3420.5916,6143900,77862700,1373846300,18498534300,3378.9056,3420.6595,3378.9056,3365.1227
95001000,3420.742,5489100,66227600,1379335400,18564761900,3378.9056,3420.742,3378.9056,3365.1227
95006000,3420.8794,5791000,67505100,1385126400,18632267000,3378.9056,3421.0078,3378.9056,3365.1227
95011000,3421.6456,6884700,86346800,1392011100,18718613800,3378.9056,3421.6456,3378.9056,3365.1227
95016000,3421.886,4927900,66408100,1396939000,18785021900,3378.9056,3421.886,3378.9056,3365.1227
95021000,3421.8326,4533400,61334000,1401472400,18846355900,3378.9056,3422.0316,3378.9056,3365.1227
95026000,3422.4038,5898400,79569000,1407370800,18925924900,3378.9056,3422.4038,3378.9056,3365.1227
95031000,3422.1032,7211100,81387400,1414581900,19007312300,3378.9056,3422.4038,3378.9056,3365.1227
95036000,3422.0541,7562700,64461600,1422144600,19071773900,3378.9056,3422.4038,3378.9056,3365.1227
95041000,3422.6086,5311800,64831500,1427456400,19136605400,3378.9056,3422.6086,3378.9056,3365.1227
95046000,3422.0366,7028300,72406800,1434484700,19209012200,3378.9056,3422.6086,3378.9056,3365.1227
95051000,3422.5823,5786400,67427600,1440271100,19276439800,3378.9056,3422.6086,3378.9056,3365.1227
95056000,3422.6142,6637700,72269800,1446908800,19348709600,3378.9056,3422.7667,3378.9056,3365.1227
95101000,3422.5102,6599200,71546500,1453508000,19420256100,3378.9056,3422.7667,3378.9056,3365.1227
95106000,3422.7732,5076800,63324500,1458584800,19483580600,3378.9056,3422.8479,3378.9056,3365.1227
95111000,3423.0452,5426300,66036600,1464011100,19549617200,3378.9056,3423.0452,3378.9056,3365.1227
95116000,3422.7103,4474800,60343400,1468485900,19609960600,3378.9056,3423.1354,3378.9056,3365.1227
95121000,3423.2408,3887100,53932000,1472373000,19663892600,3378.9056,3423.3098,3378.9056,3365.1227
95126000,3422.741,5089200,69422300,1477462200,19733314900,3378.9056,3423.3098,3378.9056,3365.1227
95131000,3422.9406,3610700,51132200,1481072900,19784447100,3378.9056,3423.3098,3378.9056,3365.1227
95136000,3422.2426,3231700,44548700,1484304600,19828995800,3378.9056,3423.3098,3378.9056,3365.1227
95141000,3422.3942,5585800,67338400,1489890400,19896334200,3378.9056,3423.3098,3378.9056,3365.1227
95146000,3422.3444,5984600,82019300,1495875000,19978353500,3378.9056,3423.3098,3378.9056,3365.1227
95151000,3422.1074,4988800,63052900,1500863800,20041406400,3378.9056,3423.3098,3378.9056,3365.1227
95156000,3421.9125,4329700,62140900,1505193500,20103547300,3378.9056,3423.3098,3378.9056,3365.1227
95201000,3420.9881,3938200,52031300,1509131700,20155578600,3378.9056,3423.3098,3378.9056,3365.1227
95206000,3421.5821,5132800,66108900,1514264500,20221687500,3378.9056,3423.3098,3378.9056,3365.1227
95211000,3420.2743,5292000,78923200,1519556500,20300610700,3378.9056,3423.3098,3378.9056,3365.1227
95216000,3419.3652,5993300,90439100,1525549800,20391049800,3378.9056,3423.3098,3378.9056,3365.1227
95221000,3418.6693,6085600,78909100,1531635400,20469958900,3378.9056,3423.3098,3378.9056,3365.1227
95226000,3418.6899,6333800,91456200,1537969200,20561415100,3378.9056,3423.3098,3378.9056,3365.1227
95231000,3417.9617,4727700,73262500,1542696900,20634677600,3378.9056,3423.3098,3378.9056,3365.1227
95236000,3417.702,4034000,57793100,1546730900,20692470700,3378.9056,3423.3098,3378.9056,3365.1227
95241000,3417.4883,5417600,69718100,1552148500,20762188800,3378.9056,3423.3098,3378.9056,3365.1227
95246000,3417.462,4764200,59961200,1556912700,20822150000,3378.9056,3423.3098,3378.9056,3365.1227
95251000,3417.2089,3880100,53767700,1560792800,20875917700,3378.9056,3423.3098,3378.9056,3365.1227
95256000,3417.3682,5653400,66308100,1566446200,20942225800,3378.9056,3423.3098,3378.9056,3365.1227
95301000,3416.7154,5588100,71195400,1572034300,21013421200,3378.9056,3423.3098,3378.9056,3365.1227
95306000,3416.7619,3901400,51608500,1575935700,21065029700,3378.9056,3423.3098,3378.9056,3365.1227
95311000,3416.8394,4241300,53594000,1580177000,21118623700,3378.9056,3423.3098,3378.9056,3365.1227
95316000,3416.3212,3691600,55813100,1583868600,21174436800,3378.9056,3423.3098,3378.9056,3365.1227
95321000,3416.5409,2994900,40742600,1586863500,21215179400,3378.9056,3423.3098,3378.9056,3365.1227
95326000,3416.4651,6453600,60582800,1593317100,21275762200,3378.9056,3423.3098,3378.9056,3365.1227
95331000,3416.121,5507300,66517700,1598824400,21342279900,3378.9056,3423.3098,3378.9056,3365.1227
95336000,3416.0639,3299900,47880500,1602124300,21390160400,3378.9056,3423.3098,3378.9056,3365.1227
95341000,3415.8238,3611500,47272800,1605735800,21437433200,3378.9056,3423.3098,3378.9056,3365.1227
95346000,3415.5897,3818400,50552100,1609554200,21487985300,3378.9056,3423.3098,3378.9056,3365.1227
95351000,3416.0764,3152800,42935200,1612707000,21530920500,3378.9056,3423.3098,3378.9056,3365.1227
95356000,3416.1776,3205000,50286000,1615912000,21581206500,3378.9056,3423.3098,3378.9056,3365.1227
95401000,3414.9332,2938800,43775500,1618850800,21624982000,3378.9056,3423.3098,3378.9056,3365.1227
95406000,3415.4165,3242300,44162100,1622093100,21669144100,3378.9056,3423.3098,3378.9056,3365.1227
95411000,3415.551,4568900,54966700,1626662000,21724110800,3378.9056,3423.3098,3378.9056,3365.1227
95416000,3416.0199,2435100,36993900,1629097100,21761104700,3378.9056,3423.3098,3378.9056,3365.1227
95421000,3415.7513,4246800,45365200,1633343900,21806469900,3378.9056,3423.3098,3378.9056,3365.1227
95426000,3415.6682,4016700,47915500,1637360600,21854385400,3378.9056,3423.3098,3378.9056,3365.1227
95431000,3415.7358,3845800,50531700,1641206400,21904917100,3378.9056,3423.3098,3378.9056,3365.1227
95436000,3415.4107,3691400,43116600,1644897800,21948033700,3378.9056,3423.3098,3378.9056,3365.1227
95441000,3415.3411,2776300,49359200,1647674100,21997392900,3378.9056,3423.3098,3378.9056,3365.1227
95446000,3415.8969,3104900,44626300,1650779000,22042019200,3378.9056,3423.3098,3378.9056,3365.1227
95451000,3416.0364,3009900,36671200,1653788900,22078690400,3378.9056,3423.3098,3378.9056,3365.1227
95456000,3415.7602,2898600,49575800,1656687500,22128266200,3378.9056,3423.3098,3378.9056,3365.1227
95501000,3414.9358,2850300,38737500,1659537800,22167003700,3378.9056,3423.3098,3378.9056,3365.1227
95506000,3415.3662,2794600,37797200,1662332400,22204800900,3378.9056,3423.3098,3378.9056,3365.1227
95511000,3415.8613,3073200,42546000,1665405600,22247346900,3378.9056,3423.3098,3378.9056,3365.1227
95516000,3416.4337,2748100,48236600,1668153700,22295583500,3378.9056,3423.3098,3378.9056,3365.1227
95521000,3416.2279,3193900,46623100,1671347600,22342206600,3378.9056,3423.3098,3378.9056,3365.1227
95526000,3417.7394,5033600,70457800,1676381200,22412664400,3378.9056,3423.3098,3378.9056,3365.1227
95531000,3419.0921,6291500,99943200,1682672700,22512607600,3378.9056,3423.3098,3378.9056,3365.1227
95536000,3420.0069,5693400,80307100,1688366100,22592914700,3378.9056,3423.3098,3378.9056,3365.1227
95541000,3420.4493,6328000,92380300,1694694100,22685295000,3378.9056,3423.3098,3378.9056,3365.1227
95546000,3420.8094,4892400,74513700,1699586500,22759808700,3378.9056,3423.3098,3378.9056,3365.1227
95551000,3420.8841,5188800,67552200,1704775300,22827360900,3378.9056,3423.3098,3378.9056,3365.1227
95556000,3421.7258,4879200,64488600,1709654500,22891849500,3378.9056,3423.3098,3378.9056,3365.1227
95601000,3421.7202,4118200,74305500,1713772700,22966155000,3378.9056,3423.3098,3378.9056,3365.1227
95606000,3422.5124,4121400,53861300,1717894100,23020016300,3378.9056,3423.3098,3378.9056,3365.1227
95611000,3423.1097,4784300,68274200,1722678400,23088290500,3378.9056,3423.3098,3378.9056,3365.1227
95616000,3423.0744,4603800,68485000,1727282200,23156775500,3378.9056,3423.3098,3378.9056,3365.1227
95621000,3422.8427,3930700,63418500,1731212900,23220194000,3378.9056,3423.3098,3378.9056,3365.1227
95626000,3423.1348,3661300,56479300,1734874200,23276673300,3378.9056,3423.3098,3378.9056,3365.1227
95631000,3422.921,3652800,52516200,1738527000,23329189500,3378.9056,3423.3098,3378.9056,3365.1227
95636000,3422.2744,3639300,50784400,1742166300,23379973900,3378.9056,3423.3098,3378.9056,3365.1227
95641000,3422.5882,3871600,58321400,1746037900,23438295300,3378.9056,3423.3098,3378.9056,3365.1227
95646000,3422.7055,5875400,70078000,1751913300,23508373300,3378.9056,3423.3098,3378.9056,3365.1227
95651000,3423.0985,2882600,41112400,1754795900,23549485700,3378.9056,3423.3889,3378.9056,3365.1227
95656000,3423.3783,4332800,61154400,1759128700,23610640100,3378.9056,3423.3889,3378.9056,3365.1227
95701000,3422.8874,4323100,53284500,1763451800,23663924600,3378.9056,3423.4531,3378.9056,3365.1227
95706000,3423.5276,3959500,43219900,1767411300,23707144500,3378.9056,3423.5645,3378.9056,3365.1227
95711000,3423.8111,7663800,71279800,1775075100,23778424300,3378.9056,3423.8791,3378.9056,3365.1227
95716000,3423.8441,5062900,59535300,1780138000,23837959600,3378.9056,3424.0311,3378.9056,3365.1227
95721000,3423.9622,3227500,45847700,1783365500,23883807300,3378.9056,3424.0311,3378.9056,3365.1227
95726000,3424.0001,3302400,44314600,1786667900,23928121900,3378.9056,3424.0311,3378.9056,3365.1227
95731000,3424.1668,4609300,62203100,1791277200,23990325000,3378.9056,3424.3635,3378.9056,3365.1227
95736000,3423.9694,3652500,45371000,1794929700,24035696000,3378.9056,3424.3635,3378.9056,3365.1227
95741000,3423.6647,4913700,61144900,1799843400,24096840900,3378.9056,3424.3635,3378.9056,3365.1227
95746000,3423.6908,5834200,68281500,1805677600,24165122400,3378.9056,3424.3635,3378.9056,3365.1227
95751000,3423.8565,4314400,51749200,1809992000,24216871600,3378.9056,3424.3635,3378.9056,3365.1227
95756000,3424.4891,5377000,51098600,1815369000,24267970200,3378.9056,3424.4891,3378.9056,3365.1227
95801000,3423.7234,3484500,42921800,1818853500,24310892000,3378.9056,3424.4891,3378.9056,3365.1227
95806000,3423.9334,3082600,37269100,1821936100,24348161100,3378.9056,3424.4891,3378.9056,3365.1227
95811000,3423.7677,3987600,54817700,1825923700,24402978800,3378.9056,3424.4891,3378.9056,3365.1227
95816000,3423.7114,6011500,58909800,1831935200,24461888600,3378.9056,3424.4891,3378.9056,3365.1227
95821000,3423.9921,3943200,48464800,1835878400,24510353400,3378.9056,3424.4891,3378.9056,3365.1227
95826000,3423.8085,3688500,56259600,1839566900,24566613000,3378.9056,3424.4891,3378.9056,3365.1227
95832000,3424.031,5032300,69722500,1844599200,24636335500,3378.9056,3424.4891,3378.9056,3365.1227
95836000,3423.6128,3226500,43003500,1847825700,24679339000,3378.9056,3424.4891,3378.9056,3365.1227
95841000,3423.7373,3526100,51501400,1851351800,24730840400,3378.9056,3424.4891,3378.9056,3365.1227
95846000,3423.8886,5604000,60542300,1856955800,24791382700,3378.9056,3424.4891,3378.9056,3365.1227
95851000,3424.3634,3455700,46685300,1860411500,24838068000,3378.9056,3424.4891,3378.9056,3365.1227
95856000,3424.4623,5486200,61752800,1865897700,24899820800,3378.9056,3424.528,3378.9056,3365.1227
95902000,3424.3376,4716800,57360600,1870614500,24957181400,3378.9056,3424.6658,3378.9056,3365.1227
95907000,3424.3369,5109500,50939900,1875724000,25008121300,3378.9056,3424.6658,3378.9056,3365.1227
95911000,3424.4486,2940700,39316500,1878664700,25047437800,3378.9056,3424.6658,3378.9056,3365.1227
95917000,3424.1814,3905400,52067300,1882570100,25099505100,3378.9056,3424.6658,3378.9056,3365.1227
95922000,3424.7715,4551800,61080700,1887121900,25160585800,3378.9056,3424.7715,3378.9056,3365.1227
95927000,3424.3554,3407700,43026800,1890529600,25203612600,3378.9056,3424.7715,3378.9056,3365.1227
95932000,3424.9476,5490100,57108000,1896019700,25260720600,3378.9056,3424.9476,3378.9056,3365.1227
95937000,3424.5625,3676500,52152100,1899696200,25312872700,3378.9056,3424.9476,3378.9056,3365.1227
95942000,3424.4965,3225200,46872500,1902921400,25359745200,3378.9056,3424.9476,3378.9056,3365.1227
95947000,3424.791,4122800,52633500,1907044200,25412378700,3378.9056,3424.9476,3378.9056,3365.1227
95952000,3424.7287,5092100,53363800,1912136300,25465742500,3378.9056,3424.9476,3378.9056,3365.1227
95957000,3424.4307,2807300,41096900,1914943600,25506839400,3378.9056,3424.9476,3378.9056,3365.1227
100002000,3423.8699,3977900,75667800,1918921500,25582507200,3378.9056,3424.9476,3378.9056,3365.1227
100007000,3423.7029,4274200,59611300,1923195700,25642118500,3378.9056,3424.9476,3378.9056,3365.1227
100012000,3424.0852,2303200,31479800,1925498900,25673598300,3378.9056,3424.9476,3378.9056,3365.1227
100016000,3423.9033,3761800,55507200,1929260700,25729105500,3378.9056,3424.9476,3378.9056,3365.1227
100022000,3424.159,5267200,78440900,1934527900,25807546400,3378.9056,3424.9476,3378.9056,3365.1227
100027000,3424.0605,2616300,39321000,1937144200,25846867400,3378.9056,3424.9476,3378.9056,3365.1227
100032000,3423.4692,6652800,61162000,1943797000,25908029400,3378.9056,3424.9476,3378.9056,3365.1227
100037000,3423.6125,2842900,46159500,1946639900,25954188900,3378.9056,3424.9476,3378.9056,3365.1227
100042000,3423.5871,2583800,36095700,1949223700,25990284600,3378.9056,3424.9476,3378.9056,3365.1227
100047000,3423.3889,4811400,61443500,1954035100,26051728100,3378.9056,3424.9476,3378.9056,3365.1227
100052000,3423.7464,4142700,69845100,1958177800,26121573200,3378.9056,3424.9476,3378.9056,3365.1227
100057000,3423.9436,5574900,45561500,1963752700,26167134700,3378.9056,3424.9476,3378.9056,3365.1227
100102000,3423.4476,3798300,60518800,1967551000,26227653500,3378.9056,3424.9476,3378.9056,3365.1227
100107000,3423.4867,3488300,55145800,1971039300,26282799300,3378.9056,3424.9476,3378.9056,3365.1227
100112000,3423.6423,4822200,52799500,1975861500,26335598800,3378.9056,3424.9476,3378.9056,3365.1227
100117000,3423.7963,3818300,53783500,1979679800,26389382300,3378.9056,3424.9476,3378.9056,3365.1227
100122000,3423.8882,6115600,54166800,1985795400,26443549100,3378.9056,3424.9476,3378.9056,3365.1227
100127000,3423.7202,2634600,36353500,1988430000,26479902600,3378.9056,3424.9476,3378.9056,3365.1227
100132000,3423.4791,3125700,43372200,1991555700,26523274800,3378.9056,3424.9476,3378.9056,3365.1227
100137000,3423.2135,3463100,49568400,1995018800,26572843200,3378.9056,3424.9476,3378.9056,3365.1227
100142000,3423.1391,2966400,43206400,1997985200,26616049600,3378.9056,3424.9476,3378.9056,3365.1227
100147000,3423.1513,3430300,49246600,2001415500,26665296200,3378.9056,3424.9476,3378.9056,3365.1227
100152000,3422.906,4827700,56971900,2006243200,26722268100,3378.9056,3424.9476,3378.9056,3365.1227
100157000,3422.8862,3834900,46041400,2010078100,26768309500,3378.9056,3424.9476,3378.9056,3365.1227
100202000,3421.5795,3910900,53841100,2013989000,26822150600,3378.9056,3424.9476,3378.9056,3365.1227
100207000,3422.4106,6098800,68583000,2020087800,26890733600,3378.9056,3424.9476,3378.9056,3365.1227
100212000,3422.4112,2753300,47454800,2022841100,26938188400,3378.9056,3424.9476,3378.9056,3365.1227
100217000,3422.4073,3738200,47817500,2026579300,26986005900,3378.9056,3424.9476,3378.9056,3365.1227
100222000,3422.3476,4126400,48733500,2030705700,27034739400,3378.9056,3424.9476,3378.9056,3365.1227
100227000,3422.4044,2856500,35511800,2033562200,27070251200,3378.9056,3424.9476,3378.9056,3365.1227
100232000,3422.4726,3273500,46745200,2036835700,27116996400,3378.9056,3424.9476,3378.9056,3365.1227
100237000,3422.51,3603600,56492700,2040439300,27173489100,3378.9056,3424.9476,3378.9056,3365.1227
100242000,3422.1448,2265800,42937500,2042705100,27216426600,3378.9056,3424.9476,3378.9056,3365.1227
100247000,3422.0339,3521200,43970800,2046226300,27260397400,3378.9056,3424.9476,3378.9056,3365.1227
100252000,3422.0508,3655400,54533800,2049881700,27314931200,3378.9056,3424.9476,3378.9056,3365.1227
100257000,3422.34,2034000,32750500,2051915700,27347681700,3378.9056,3424.9476,3378.9056,3365.1227
100302000,3422.2102,2927200,43103600,2054842900,27390785300,3378.9056,3424.9476,3378.9056,3365.1227
100307000,3421.9488,3632000,44932800,2058474900,27435718100,3378.9056,3424.9476,3378.9056,3365.1227
100312000,3422.5567,3603400,48035700,2062078300,27483753800,3378.9056,3424.9476,3378.9056,3365.1227
100317000,3424.36,6794400,79077400,2068872700,27562831200,3378.9056,3424.9476,3378.9056,3365.1227
100322000,3425.6717,7019400,106649900,2075892100,27669481100,3378.9056,3425.6717,3378.9056,3365.1227
100327000,3426.2742,6264000,96532400,2082156100,27766013500,3378.9056,3426.2742,3378.9056,3365.1227
100332000,3426.8568,5260700,73705000,2087416800,27839718500,3378.9056,3426.8568,3378.9056,3365.1227
100337000,3426.7536,5096500,108949200,2092513300,27948667700,3378.9056,3427.5553,3378.9056,3365.1227
100342000,3427.1619,4780500,72693200,2097293800,28021360900,3378.9056,3427.5553,3378.9056,3365.1227
100347000,3427.3272,4306400,61417300,2101600200,28082778200,3378.9056,3427.5553,3378.9056,3365.1227
100352000,3427.7918,5987500,85209200,2107587700,28167987400,3378.9056,3427.7918,3378.9056,3365.1227
100357000,3428.5426,5020800,59063500,2112608500,28227050900,3378.9056,3428.5426,3378.9056,3365.1227
100402000,3428.6476,4643000,77035400,2117251500,28304086300,3378.9056,3428.9458,3378.9056,3365.1227
100407000,3429.1998,7325600,99114500,2124577100,28403200800,3378.9056,3429.1998,3378.9056,3365.1227
100412000,3429.3349,5678000,67138500,2130255100,28470339300,3378.9056,3429.4538,3378.9056,3365.1227
100417000,3429.8235,5194700,74758100,2135449800,28545097400,3378.9056,3429.8235,3378.9056,3365.1227
100422000,3429.9641,5139500,65703000,2140589300,28610800400,3378.9056,3429.9641,3378.9056,3365.1227
100427000,3429.8145,3788500,50232900,2144377800,28661033300,3378.9056,3429.9641,3378.9056,3365.1227
100432000,3430.1301,6720400,75710600,2151098200,28736743900,3378.9056,3430.1301,3378.9056,3365.1227
100437000,3430.4557,4421200,72906400,2155519400,28809650300,3378.9056,3430.4557,3378.9056,3365.1227
100442000,3429.9865,5331000,63849100,2160850400,28873499400,3378.9056,3430.4813,3378.9056,3365.1227
100447000,3430.8165,4750000,62269500,2165600400,28935768900,3378.9056,3430.8165,3378.9056,3365.1227
100452000,3430.7944,5878500,79954400,2171478900,29015723300,3378.9056,3430.8493,3378.9056,3365.1227
100457000,3431.0104,5102900,63628500,2176581800,29079351800,3378.9056,3431.0212,3378.9056,3365.1227
100502000,3430.8773,6157600,67127100,2182739400,29146478900,3378.9056,3431.2015,3378.9056,3365.1227
100507000,3430.9261,8182200,80257500,2190921600,29226736400,3378.9056,3431.2015,3378.9056,3365.1227
100512000,3431.2925,3464900,49633900,2194386500,29276370300,3378.9056,3431.7047,3378.9056,3365.1227
100517000,3431.7906,4406600,61271600,2198793100,29337641900,3378.9056,3431.9484,3378.9056,3365.1227
100522000,3431.9176,4708900,63265900,2203502000,29400907800,3378.9056,3431.9484,3378.9056,3365.1227
100527000,3431.6413,3933500,57188800,2207435500,29458096600,3378.9056,3431.9778,3378.9056,3365.1227
100532000,3431.8488,5023400,77349500,2212458900,29535446100,3378.9056,3431.9778,3378.9056,3365.1227
100537000,3432.0363,4124900,55300600,2216583800,29590746700,3378.9056,3432.0579,3378.9056,3365.1227
100542000,3432.0394,4455200,52836800,2221039000,29643583500,3378.9056,3432.1116,3378.9056,3365.1227
100547000,3432.1946,5524300,64089600,2226563300,29707673100,3378.9056,3432.245,3378.9056,3365.1227
100552000,3431.8665,9443100,79673400,2236006400,29787346500,3378.9056,3432.245,3378.9056,3365.1227
100557000,3432.1231,4265400,52547100,2240271800,29839893600,3378.9056,3432.245,3378.9056,3365.1227
100602000,3431.9856,4191300,62963100,2244463100,29902856700,3378.9056,3432.245,3378.9056,3365.1227
100607000,3431.9773,4303700,64753200,2248766800,29967609900,3378.9056,3432.258,3378.9056,3365.1227
100612000,3432.4563,3499500,63640300,2252266300,30031250200,3378.9056,3432.4563,3378.9056,3365.1227
100617000,3432.2331,4015400,62965700,2256281700,30094215900,3378.9056,3432.6613,3378.9056,3365.1227
100622000,3432.2439,4649900,83246200,2260931600,30177462100,3378.9056,3432.6613,3378.9056,3365.1227
100627000,3432.702,3659500,38618700,2264591100,30216080800,3378.9056,3432.702,3378.9056,3365.1227
100632000,3432.8626,4024600,56654400,2268615700,30272735200,3378.9056,3432.9404,3378.9056,3365.1227
100637000,3433.4258,6173400,80137100,2274789100,30352872300,3378.9056,3433.4258,3378.9056,3365.1227
100642000,3432.8775,4620800,65557300,2279409900,30418429600,3378.9056,3433.4258,3378.9056,3365.1227
100647000,3433.235,5815000,67563300,2285224900,30485992900,3378.9056,3433.4258,3378.9056,3365.1227
100652000,3433.3668,4371500,60748200,2289596400,30546741100,3378.9056,3433.4258,3378.9056,3365.1227
100657000,3433.4717,5871200,69726300,2295467600,30616467400,3378.9056,3433.4717,3378.9056,3365.1227
100702000,3433.2023,4972500,62832200,2300440100,30679299600,3378.9056,3433.5446,3378.9056,3365.1227
100707000,3433.0137,4460000,60740000,2304900100,30740039600,3378.9056,3433.5446,3378.9056,3365.1227
100712000,3433.1786,4057400,51880500,2308957500,30791920100,3378.9056,3433.5446,3378.9056,3365.1227
100717000,3433.075,4617700,64790700,2313575200,30856710800,3378.9056,3433.5446,3378.9056,3365.1227
100722000,3433.1,5302000,53199500,2318877200,30909910300,3378.9056,3433.5446,3378.9056,3365.1227
100727000,3432.9421,3504800,48470700,2322382000,30958381000,3378.9056,3433.5446,3378.9056,3365.1227
100732000,3433.0189,6658900,59244600,2329040900,31017625600,3378.9056,3433.5446,3378.9056,3365.1227
100737000,3432.4664,5945100,83540500,2334986000,31101166100,3378.9056,3433.5446,3378.9056,3365.1227
100742000,3432.1674,6843500,57687300,2341829500,31158853400,3378.9056,3433.5446,3378.9056,3365.1227
100747000,3431.8732,5213100,61645500,2347042600,31220498900,3378.9056,3433.5446,3378.9056,3365.1227
100752000,3431.8526,5282900,72585400,2352325500,31293084300,3378.9056,3433.5446,3378.9056,3365.1227
100757000,3431.9353,4135300,55145400,2356460800,31348229700,3378.9056,3433.5446,3378.9056,3365.1227
100802000,3431.6882,6101000,73861700,2362561800,31422091400,3378.9056,3433.5446,3378.9056,3365.1227
100807000,3431.4898,4389100,69435800,2366950900,31491527200,3378.9056,3433.5446,3378.9056,3365.1227
100812000,3431.4597,4183600,48924700,2371134500,31540451900,3378.9056,3433.5446,3378.9056,3365.1227
100817000,3431.1901,4747600,53707000,2375882100,31594158900,3378.9056,3433.5446,3378.9056,3365.1227
100822000,3431.0413,3590000,49601500,2379472100,31643760400,3378.9056,3433.5446,3378.9056,3365.1227
100827000,3431.0345,5371200,42293600,2384843300,31686054000,3378.9056,3433.5446,3378.9056,3365.1227
100832000,3431.1057,3565200,46578200,2388408500,31732632200,3378.9056,3433.5446,3378.9056,3365.1227
100837000,3430.7154,5135900,54458400,2393544400,31787090600,3378.9056,3433.5446,3378.9056,3365.1227
100842000,3430.5716,4424300,36933300,2397968700,31824023900,3378.9056,3433.5446,3378.9056,3365.1227
100847000,3430.5143,6370400,47418300,2404339100,31871442200,3378.9056,3433.5446,3378.9056,3365.1227
100852000,3429.9571,4221300,45789500,2408560400,31917231700,3378.9056,3433.5446,3378.9056,3365.1227
100857000,3431.0882,3192000,41763000,2411752400,31958994700,3378.9056,3433.5446,3378.9056,3365.1227
100902000,3430.5347,2523500,36339400,2414275900,31995334100,3378.9056,3433.5446,3378.9056,3365.1227
100907000,3430.1442,3715200,48472800,2417991100,32043806900,3378.9056,3433.5446,3378.9056,3365.1227
100912000,3430.605,2175900,34799200,2420167000,32078606100,3378.9056,3433.5446,3378.9056,3365.1227
100917000,3430.2761,3438000,49797300,2423605000,32128403400,3378.9056,3433.5446,3378.9056,3365.1227
100922000,3430.2977,3606800,49684400,2427211800,32178087800,3378.9056,3433.5446,3378.9056,3365.1227
100927000,3429.9624,2948500,38702700,2430160300,32216790500,3378.9056,3433.5446,3378.9056,3365.1227
100932000,3429.6865,2797200,40536400,2432957500,32257326900,3378.9056,3433.5446,3378.9056,3365.1227
100937000,3429.7654,4495700,60694200,2437453200,32318021100,3378.9056,3433.5446,3378.9056,3365.1227
100942000,3429.7779,2879500,43969800,2440332700,32361990900,3378.9056,3433.5446,3378.9056,3365.1227
100947000,3430.1097,3031700,43865000,2443364400,32405855900,3378.9056,3433.5446,3378.9056,3365.1227
100952000,3430.1237,3072900,52784800,2446437300,32458640700,3378.9056,3433.5446,3378.9056,3365.1227
100957000,3430.2088,2412500,31330800,2448849800,32489971500,3378.9056,3433.5446,3378.9056,3365.1227
101002000,3430.2268,3882000,48688400,2452731800,32538659900,3378.9056,3433.5446,3378.9056,3365.1227
101007000,3429.6107,2625100,39493300,2455356900,32578153200,3378.9056,3433.5446,3378.9056,3365.1227
101012000,3430.0242,1983300,28603400,2457340200,32606756600,3378.9056,3433.5446,3378.9056,3365.1227
101017000,3429.9454,2860900,37715600,2460201100,32644472200,3378.9056,3433.5446,3378.9056,3365.1227
101022000,3430.2147,2557300,43478300,2462758400,32687950500,3378.9056,3433.5446,3378.9056,3365.1227
101027000,3429.8774,1999000,24105200,2464757400,32712055700,3378.9056,3433.5446,3378.9056,3365.1227
101032000,3430.0679,4205400,46657500,2468962800,32758713200,3378.9056,3433.5446,3378.9056,3365.1227
101037000,3430.3319,3562600,45557900,2472525400,32804271100,3378.9056,3433.5446,3378.9056,3365.1227
101042000,3429.9389,2634900,26137100,2475160300,32830408200,3378.9056,3433.5446,3378.9056,3365.1227
101047000,3430.1656,3387600,45678200,2478547900,32876086400,3378.9056,3433.5446,3378.9056,3365.1227
101052000,3430.1614,2461000,38149200,2481008900,32914235600,3378.9056,3433.5446,3378.9056,3365.1227
101057000,3430.2763,2152800,37327900,2483161700,32951563500,3378.9056,3433.5446,3378.9056,3365.1227
101102000,3430.0998,2424100,33508400,2485585800,32985071900,3378.9056,3433.5446,3378.9056,3365.1227
101107000,3429.8168,2873600,39453200,2488459400,33024525100,3378.9056,3433.5446,3378.9056,3365.1227
101112000,3430.147,5481600,50112000,2493941000,33074637100,3378.9056,3433.5446,3378.9056,3365.1227
101117000,3430.5783,3241900,45622300,2497182900,33120259400,3378.9056,3433.5446,3378.9056,3365.1227
101122000,3430.6924,3366300,48458200,2500549200,33168717600,3378.9056,3433.5446,3378.9056,3365.1227
101127000,3430.9071,4713300,44775100,2505262500,33213492700,3378.9056,3433.5446,3378.9056,3365.1227
101132000,3431.3686,3135900,47111100,2508398400,33260603800,3378.9056,3433.5446,3378.9056,3365.1227
101137000,3431.4263,2911500,49297400,2511309900,33309901200,3378.9056,3433.5446,3378.9056,3365.1227
101142000,3431.5089,2557500,38973800,2513867400,33348875000,3378.9056,3433.5446,3378.9056,3365.1227
101147000,3432.1435,3820600,54039000,2517688000,33402914000,3378.9056,3433.5446,3378.9056,3365.1227
101153000,3432.2661,4043100,61789700,2521731100,33464703700,3378.9056,3433.5446,3378.9056,3365.1227
101157000,3432.6349,2169300,36374200,2523900400,33501077900,3378.9056,3433.5446,3378.9056,3365.1227
101202000,3432.9873,3845400,60834600,2527745800,33561912500,3378.9056,3433.5446,3378.9056,3365.1227
101207000,3432.7013,3587800,52882800,2531333600,33614795300,3378.9056,3433.5446,3378.9056,3365.1227
101213000,3432.9479,6052700,72365300,2537386300,33687160600,3378.9056,3433.5446,3378.9056,3365.1227
101218000,3433.3867,2696500,35610200,2540082800,33722770800,3378.9056,3433.5446,3378.9056,3365.1227
101222000,3433.1098,2499600,33031700,2542582400,33755802500,3378.9056,3433.5446,3378.9056,3365.1227
101228000,3433.6743,6273700,53974500,2548856100,33809777000,3378.9056,3433.6743,3378.9056,3365.1227
101233000,3433.5466,2688000,37137400,2551544100,33846914400,3378.9056,3433.6743,3378.9056,3365.1227
101238000,3433.5072,2703000,46019900,2554247100,33892934300,3378.9056,3433.6824,3378.9056,3365.1227
101242000,3433.2527,1623600,28549900,2555870700,33921484200,3378.9056,3433.6824,3378.9056,3365.1227
101248000,3433.2134,3149900,45897700,2559020600,33967381900,3378.9056,3433.6824,3378.9056,3365.1227
101252000,3433.0753,3315700,44103900,2562336300,34011485800,3378.9056,3433.6824,3378.9056,3365.1227
101258000,3433.5316,2828300,38476200,2565164600,34049962000,3378.9056,3433.6824,3378.9056,3365.1227
101303000,3433.5865,2937900,38264400,2568102500,34088226400,3378.9056,3433.6824,3378.9056,3365.1227
101308000,3432.9601,2847900,40748500,2570950400,34128974900,3378.9056,3433.7139,3378.9056,3365.1227
101312000,3433.3259,2046500,28847400,2572996900,34157822300,3378.9056,3433.7139,3378.9056,3365.1227
101318000,3433.5187,3748400,45017600,2576745300,34202839900,3378.9056,3433.7139,3378.9056,3365.1227
101323000,3433.4499,2461200,39358000,2579206500,34242197900,3378.9056,3433.7139,3378.9056,3365.1227
101328000,3433.8559,3357900,44222000,2582564400,34286419900,3378.9056,3433.8811,3378.9056,3365.1227
101333000,3433.635,2491000,39533500,2585055400,34325953400,3378.9056,3433.8811,3378.9056,3365.1227
101338000,3433.8128,2240600,40797800,2587296000,34366751200,3378.9056,3433.9926,3378.9056,3365.1227
101343000,3433.1959,3448000,41780900,2590744000,34408532100,3378.9056,3433.9926,3378.9056,3365.1227
101348000,3433.8347,2804800,37661000,2593548800,34446193100,3378.9056,3433.9926,3378.9056,3365.1227
101353000,3433.8326,2184500,33905700,2595733300,34480098800,3378.9056,3434.0065,3378.9056,3365.1227
101358000,3433.6713,2549900,33483500,2598283200,34513582300,3378.9056,3434.0279,3378.9056,3365.1227
101403000,3433.6895,2690300,32558500,2600973500,34546140800,3378.9056,3434.0279,3378.9056,3365.1227
101408000,3432.9685,2703100,47490800,2603676600,34593631600,3378.9056,3434.0279,3378.9056,3365.1227
101413000,3433.0231,3400800,52236900,2607077400,34645868500,3378.9056,3434.0279,3378.9056,3365.1227
101418000,3433.1412,3281900,38872200,2610359300,34684740700,3378.9056,3434.0279,3378.9056,3365.1227
101423000,3432.6992,2751700,43649800,2613111000,34728390500,3378.9056,3434.0279,3378.9056,3365.1227
101428000,3431.7374,3678700,60251800,2616789700,34788642300,3378.9056,3434.0279,3378.9056,3365.1227
101433000,3431.602,3704300,53557900,2620494000,34842200200,3378.9056,3434.0279,3378.9056,3365.1227
101438000,3431.146,3811200,52379400,2624305200,34894579600,3378.9056,3434.0279,3378.9056,3365.1227
101443000,3430.3066,3218800,52609000,2627524000,34947188600,3378.9056,3434.0279,3378.9056,3365.1227
101448000,3430.369,3153600,50762600,2630677600,34997951200,3378.9056,3434.0279,3378.9056,3365.1227
101453000,3430.0633,6359500,61264900,2637037100,35059216100,3378.9056,3434.0279,3378.9056,3365.1227
101458000,3429.7694,3237700,48437200,2640274800,35107653300,3378.9056,3434.0279,3378.9056,3365.1227
101503000,3429.0642,3859200,40867300,2644134000,35148520600,3378.9056,3434.0279,3378.9056,3365.1227
101508000,3428.41,4379300,67242100,2648513300,35215762700,3378.9056,3434.0279,3378.9056,3365.1227
101513000,3428.7576,4525900,49656700,2653039200,35265419400,3378.9056,3434.0279,3378.9056,3365.1227
101518000,3428.6555,2910100,38996000,2655949300,35304415400,3378.9056,3434.0279,3378.9056,3365.1227
101523000,3428.3599,2599500,40342600,2658548800,35344758000,3378.9056,3434.0279,3378.9056,3365.1227
101528000,3428.1801,3846500,39924000,2662395300,35384682000,3378.9056,3434.0279,3378.9056,3365.1227
101533000,3428.1683,2977400,32371000,2665372700,35417053000,3378.9056,3434.0279,3378.9056,3365.1227
101538000,3427.7017,2334100,36487200,2667706800,35453540200,3378.9056,3434.0279,3378.9056,3365.1227
101543000,3427.3554,2611000,34453300,2670317800,35487993500,3378.9056,3434.0279,3378.9056,3365.1227
101548000,3427.1116,3179800,33030600,2673497600,35521024100,3378.9056,3434.0279,3378.9056,3365.1227
101553000,3427.0037,2304700,33579500,2675802300,35554603600,3378.9056,3434.0279,3378.9056,3365.1227
101558000,3427.0841,2341100,29599000,2678143400,35584202600,3378.9056,3434.0279,3378.9056,3365.1227
101603000,3426.74,3047100,32105800,2681190500,35616308400,3378.9056,3434.0279,3378.9056,3365.1227
101608000,3426.1384,2132500,31909200,2683323000,35648217600,3378.9056,3434.0279,3378.9056,3365.1227
101613000,3426.644,2492800,26540400,2685815800,35674758000,3378.9056,3434.0279,3378.9056,3365.1227
101618000,3426.4682,3071800,31781500,2688887600,35706539500,3378.9056,3434.0279,3378.9056,3365.1227
101623000,3426.5327,2351200,30078000,2691238800,35736617500,3378.9056,3434.0279,3378.9056,3365.1227
101628000,3426.6763,2709500,32284900,2693948300,35768902400,3378.9056,3434.0279,3378.9056,3365.1227
101633000,3426.3687,3135500,29036700,2697083800,35797939100,3378.9056,3434.0279,3378.9056,3365.1227
101638000,3426.2173,2963100,32019400,2700046900,35829958500,3378.9056,3434.0279,3378.9056,3365.1227
101643000,3426.049,2787800,31058300,2702834700,35861016800,3378.9056,3434.0279,3378.9056,3365.1227
101648000,3425.9354,1753900,28326600,2704588600,35889343400,3378.9056,3434.0279,3378.9056,3365.1227
101653000,3425.9141,2822000,33077400,2707410600,35922420800,3378.9056,3434.0279,3378.9056,3365.1227
101658000,3425.6518,1967200,26977300,2709377800,35949398100,3378.9056,3434.0279,3378.9056,3365.1227
101703000,3425.5119,2118400,23218700,2711496200,35972616800,3378.9056,3434.0279,3378.9056,3365.1227
101708000,3425.3891,3099700,34676600,2714595900,36007293400,3378.9056,3434.0279,3378.9056,3365.1227
101713000,3425.0943,2345800,29236200,2716941700,36036529600,3378.9056,3434.0279,3378.9056,3365.1227
101718000,3425.5388,2367800,27611900,2719309500,36064141500,3378.9056,3434.0279,3378.9056,3365.1227
101723000,3425.3816,2115600,30879400,2721425100,36095020900,3378.9056,3434.0279,3378.9056,3365.1227
101728000,3425.402,1818300,25854000,2723243400,36120874900,3378.9056,3434.0279,3378.9056,3365.1227
101733000,3425.6456,1874200,30194600,2725117600,36151069500,3378.9056,3434.0279,3378.9056,3365.1227
101738000,3425.5318,2115400,32428600,2727233000,36183498100,3378.9056,3434.0279,3378.9056,3365.1227
101743000,3425.6857,2425100,31365300,2729658100,36214863400,3378.9056,3434.0279,3378.9056,3365.1227
101748000,3425.2048,2006600,32979800,2731664700,36247843200,3378.9056,3434.0279,3378.9056,3365.1227
101753000,3425.5016,2814200,25913200,2734478900,36273756400,3378.9056,3434.0279,3378.9056,3365.1227
101758000,3424.9525,1907200,28750200,2736386100,36302506600,3378.9056,3434.0279,3378.9056,3365.1227
101803000,3425.4671,2234900,27753400,2738621000,36330260000,3378.9056,3434.0279,3378.9056,3365.1227
101808000,3424.9399,1898100,25287600,2740519100,36355547600,3378.9056,3434.0279,3378.9056,3365.1227
101813000,3425.3597,2448700,30888900,2742967800,36386436500,3378.9056,3434.0279,3378.9056,3365.1227
101818000,3425.3922,2219100,25370800,2745186900,36411807300,3378.9056,3434.0279,3378.9056,3365.1227
101823000,3425.5721,2176000,31111000,2747362900,36442918300,3378.9056,3434.0279,3378.9056,3365.1227
101828000,3425.5047,2435000,42078900,2749797900,36484997200,3378.9056,3434.0279,3378.9056,3365.1227
101833000,3425.7134,1627300,23614500,2751425200,36508611700,3378.9056,3434.0279,3378.9056,3365.1227
101838000,3425.8456,1747100,29134600,2753172300,36537746300,3378.9056,3434.0279,3378.9056,3365.1227
101843000,3425.7122,2206000,29318500,2755378300,36567064800,3378.9056,3434.0279,3378.9056,3365.1227
101848000,3426.1647,1848800,23183300,2757227100,36590248100,3378.9056,3434.0279,3378.9056,3365.1227
101853000,3425.7938,1907000,24646400,2759134100,36614894500,3378.9056,3434.0279,3378.9056,3365.1227
101858000,3426.233,1736500,25234600,2760870600,36640129100,3378.9056,3434.0279,3378.9056,3365.1227
101903000,3425.8882,1903300,28641000,2762773900,36668770100,3378.9056,3434.0279,3378.9056,3365.1227
101908000,3425.5687,2052500,30407300,2764826400,36699177400,3378.9056,3434.0279,3378.9056,3365.1227
101913000,3426.1537,1995200,30129600,2766821600,36729307000,3378.9056,3434.0279,3378.9056,3365.1227
101918000,3426.1288,1466500,23010600,2768288100,36752317600,3378.9056,3434.0279,3378.9056,3365.1227
101923000,3425.9688,1613300,25654600,2769901400,36777972200,3378.9056,3434.0279,3378.9056,3365.1227
101928000,3425.8556,1384500,22583300,2771285900,36800555500,3378.9056,3434.0279,3378.9056,3365.1227
101933000,3426.1327,2123000,28402600,2773408900,36828958100,3378.9056,3434.0279,3378.9056,3365.1227
101938000,3426.2003,2548300,35776700,2775957200,36864734800,3378.9056,3434.0279,3378.9056,3365.1227
101943000,3426.0574,1594400,24372800,2777551600,36889107600,3378.9056,3434.0279,3378.9056,3365.1227
101948000,3425.8387,1417600,23103700,2778969200,36912211300,3378.9056,3434.0279,3378.9056,3365.1227
101953000,3425.9734,1524500,21907200,2780493700,36934118500,3378.9056,3434.0279,3378.9056,3365.1227
101958000,3426.0747,2075600,27514200,2782569300,36961632700,3378.9056,3434.0279,3378.9056,3365.1227
102003000,3425.9834,2085400,22135400,2784654700,36983768100,3378.9056,3434.0279,3378.9056,3365.1227
102008000,3425.5835,1425400,20417600,2786080100,37004185700,3378.9056,3434.0279,3378.9056,3365.1227
102013000,3426.1777,2268600,31835600,2788348700,37036021300,3378.9056,3434.0279,3378.9056,3365.1227
102018000,3426.2882,1760300,25821900,2790109000,37061843200,3378.9056,3434.0279,3378.9056,3365.1227
102023000,3426.4563,1733200,27781300,2791842200,37089624500,3378.9056,3434.0279,3378.9056,3365.1227
102028000,3426.2105,1954300,27179800,2793796500,37116804300,3378.9056,3434.0279,3378.9056,3365.1227
102033000,3426.5314,1315000,24756000,2795111500,37141560300,3378.9056,3434.0279,3378.9056,3365.1227
102038000,3426.3976,2170900,34276200,2797282400,37175836500,3378.9056,3434.0279,3378.9056,3365.1227
102043000,3426.3594,1495600,22935600,2798778000,37198772100,3378.9056,3434.0279,3378.9056,3365.1227
102048000,3426.4234,2071600,30470800,2800849600,37229242900,3378.9056,3434.0279,3378.9056,3365.1227
102053000,3426.8043,1656300,26163600,2802505900,37255406500,3378.9056,3434.0279,3378.9056,3365.1227
102058000,3427.1379,1698800,32245200,2804204700,37287651700,3378.9056,3434.0279,3378.9056,3365.1227
102103000,3427.0257,1450500,26050400,2805655200,37313702100,3378.9056,3434.0279,3378.9056,3365.1227
102108000,3426.7211,1509700,21516200,2807164900,37335218300,3378.9056,3434.0279,3378.9056,3365.1227
102113000,3427.2214,1642300,24049700,2808807200,37359268000,3378.9056,3434.0279,3378.9056,3365.1227
102118000,3427.5322,1351500,19022300,2810158700,37378290300,3378.9056,3434.0279,3378.9056,3365.1227
102123000,3427.0031,1763700,23229500,2811922400,37401519800,3378.9056,3434.0279,3378.9056,3365.1227
102128000,3426.9079,1574300,21159100,2813496700,37422678900,3378.9056,3434.0279,3378.9056,3365.1227
102133000,3426.9504,1268000,18277100,2814764700,37440956000,3378.9056,3434.0279,3378.9056,3365.1227
102138000,3426.669,2182800,32335500,2816947500,37473291500,3378.9056,3434.0279,3378.9056,3365.1227
102143000,3426.1748,1871900,32151600,2818819400,37505443100,3378.9056,3434.0279,3378.9056,3365.1227
102148000,3426.2049,1697600,22168000,2820517000,37527611100,3378.9056,3434.0279,3378.9056,3365.1227
102153000,3426.2891,1489400,22913900,2822006400,37550525000,3378.9056,3434.0279,3378.9056,3365.1227
102158000,3426.4349,2933600,31743500,2824940000,37582268500,3378.9056,3434.0279,3378.9056,3365.1227
102203000,3426.0556,2264900,30989200,2827204900,37613257700,3378.9056,3434.0279,3378.9056,3365.1227
102208000,3425.6486,3004900,33480700,2830209800,37646738400,3378.9056,3434.0279,3378.9056,3365.1227
102213000,3425.9585,3162600,41171400,2833372400,37687909800,3378.9056,3434.0279,3378.9056,3365.1227
102218000,3426.0883,1836600,24970200,2835209000,37712880000,3378.9056,3434.0279,3378.9056,3365.1227
102223000,3426.1452,2448100,26261600,2837657100,37739141600,3378.9056,3434.0279,3378.9056,3365.1227
102228000,3426.6476,2468700,34709300,2840125800,37773850900,3378.9056,3434.0279,3378.9056,3365.1227
102233000,3426.3753,1310400,16377900,2841436200,37790228800,3378.9056,3434.0279,3378.9056,3365.1227
102238000,3426.1217,1579300,25471200,2843015500,37815700000,3378.9056,3434.0279,3378.9056,3365.1227
102243000,3425.8827,2366100,30252600,2845381600,37845952600,3378.9056,3434.0279,3378.9056,3365.1227
102248000,3425.8627,1613900,26594400,2846995500,37872547000,3378.9056,3434.0279,3378.9056,3365.1227
102253000,3425.6985,2086500,31200800,2849082000,37903747800,3378.9056,3434.0279,3378.9056,3365.1227
102258000,3425.8971,1561000,24189100,2850643000,37927936900,3378.9056,3434.0279,3378.9056,3365.1227
102303000,3425.9175,1439200,21414700,2852082200,37949351600,3378.9056,3434.0279,3378.9056,3365.1227
102308000,3425.48,2010300,29211600,2854092500,37978563200,3378.9056,3434.0279,3378.9056,3365.1227
102313000,3425.9118,1481600,21227600,2855574100,37999790800,3378.9056,3434.0279,3378.9056,3365.1227
102318000,3426.0277,1547900,21868500,2857122000,38021659300,3378.9056,3434.0279,3378.9056,3365.1227
102323000,3425.6005,1845100,29033100,2858967100,38050692400,3378.9056,3434.0279,3378.9056,3365.1227
102328000,3426.1411,1990900,30222800,2860958000,38080915200,3378.9056,3434.0279,3378.9056,3365.1227
102333000,3426.4753,2052700,27838400,2863010700,38108753600,3378.9056,3434.0279,3378.9056,3365.1227
102338000,3427.2324,4039200,56643400,2867049900,38165397000,3378.9056,3434.0279,3378.9056,3365.1227
102343000,3427.8889,3601400,61866900,2870651300,38227263900,3378.9056,3434.0279,3378.9056,3365.1227
102348000,3427.8502,2634300,44022800,2873285600,38271286700,3378.9056,3434.0279,3378.9056,3365.1227
102353000,3428.3337,2744400,46115800,2876030000,38317402500,3378.9056,3434.0279,3378.9056,3365.1227
102358000,3428.678,2462100,42075600,2878492100,38359478100,3378.9056,3434.0279,3378.9056,3365.1227
102403000,3429.0486,2373400,44304300,2880865500,38403782400,3378.9056,3434.0279,3378.9056,3365.1227
102408000,3429.0987,1981300,35707800,2882846800,38439490200,3378.9056,3434.0279,3378.9056,3365.1227
102413000,3429.686,2340200,43167800,2885187000,38482658000,3378.9056,3434.0279,3378.9056,3365.1227
102418000,3429.6202,1606200,27644500,2886793200,38510302500,3378.9056,3434.0279,3378.9056,3365.1227
102423000,3429.9877,3353200,52820800,2890146400,38563123300,3378.9056,3434.0279,3378.9056,3365.1227
102428000,3429.8218,2147100,34547800,2892293500,38597671100,3378.9056,3434.0279,3378.9056,3365.1227
102433000,3429.5371,1933100,35076800,2894226600,38632747900,3378.9056,3434.0279,3378.9056,3365.1227
102438000,3429.6915,2125800,32184500,2896352400,38664932400,3378.9056,3434.0279,3378.9056,3365.1227
102443000,3430.0509,2261500,33362600,2898613900,38698295000,3378.9056,3434.0279,3378.9056,3365.1227
102448000,3429.7747,1664100,23044200,2900278000,38721339200,3378.9056,3434.0279,3378.9056,3365.1227
102453000,3430.0069,2381100,33534300,2902659100,38754873500,3378.9056,3434.0279,3378.9056,3365.1227
102458000,3430.0558,1744500,28138100,2904403600,38783011600,3378.9056,3434.0279,3378.9056,3365.1227
102503000,3430.1425,1555800,21987200,2905959400,38804998800,3378.9056,3434.0279,3378.9056,3365.1227
102508000,3429.8893,1864800,25536300,2907824200,38830535100,3378.9056,3434.0279,3378.9056,3365.1227
102513000,3429.8209,1915800,27520000,2909740000,38858055100,3378.9056,3434.0279,3378.9056,3365.1227
102519000,3429.6845,4466300,55696000,2914206300,38913751100,3378.9056,3434.0279,3378.9056,3365.1227
102523000,3429.6442,2423500,27909500,2916629800,38941660600,3378.9056,3434.0279,3378.9056,3365.1227
102528000,3429.7554,3008800,42555700,2919638600,38984216300,3378.9056,3434.0279,3378.9056,3365.1227
102533000,3429.8457,1565300,23113100,2921203900,39007329400,3378.9056,3434.0279,3378.9056,3365.1227
102538000,3429.9479,1638500,22798100,2922842400,39030127500,3378.9056,3434.0279,3378.9056,3365.1227
102543000,3429.7853,3076700,35641700,2925919100,39065769200,3378.9056,3434.0279,3378.9056,3365.1227
102548000,3429.4678,2268500,26055200,2928187600,39091824400,3378.9056,3434.0279,3378.9056,3365.1227
102554000,3429.6635,4952500,42014100,2933140100,39133838500,3378.9056,3434.0279,3378.9056,3365.1227
102558000,3429.7699,1468500,21827800,2934608600,39155666300,3378.9056,3434.0279,3378.9056,3365.1227
102603000,3429.899,1528800,24720800,2936137400,39180387100,3378.9056,3434.0279,3378.9056,3365.1227
102609000,3430.005,2036800,29834800,2938174200,39210221900,3378.9056,3434.0279,3378.9056,3365.1227
102614000,3429.8443,1973600,23944500,2940147800,39234166400,3378.9056,3434.0279,3378.9056,3365.1227
102618000,3429.8704,1528200,22356400,2941676000,39256522800,3378.9056,3434.0279,3378.9056,3365.1227
102624000,3429.5922,2036500,34357300,2943712500,39290880100,3378.9056,3434.0279,3378.9056,3365.1227
102629000,3429.7722,2186700,39328200,2945899200,39330208300,3378.9056,3434.0279,3378.9056,3365.1227
102634000,3429.6246,2363300,33165600,2948262500,39363373900,3378.9056,3434.0279,3378.9056,3365.1227
102639000,3430.1054,1533900,22123200,2949796400,39385497100,3378.9056,3434.0279,3378.9056,3365.1227
102644000,3429.6251,1579900,23588400,2951376300,39409085500,3378.9056,3434.0279,3378.9056,3365.1227
102649000,3429.7875,1979500,30257500,2953355800,39439343000,3378.9056,3434.0279,3378.9056,3365.1227
102654000,3429.4338,2641900,24579000,2955997700,39463922000,3378.9056,3434.0279,3378.9056,3365.1227
102659000,3430.0127,2708900,30408100,2958706600,39494330100,3378.9056,3434.0279,3378.9056,3365.1227
102704000,3429.7197,2963500,34375000,2961670100,39528705100,3378.9056,3434.0279,3378.9056,3365.1227
102709000,3429.8907,2653300,27454000,2964323400,39556159100,3378.9056,3434.0279,3378.9056,3365.1227
102714000,3429.5276,2345600,27352200,2966669000,39583511300,3378.9056,3434.0279,3378.9056,3365.1227
102719000,3429.8422,1647200,23871500,2968316200,39607382800,3378.9056,3434.0279,3378.9056,3365.1227
102724000,3429.8463,1789800,29999300,2970106000,39637382100,3378.9056,3434.0279,3378.9056,3365.1227
102729000,3429.7934,2309100,34390500,2972415100,39671772600,3378.9056,3434.0279,3378.9056,3365.1227
102733000,3430.0815,2671900,34951400,2975087000,39706724000,3378.9056,3434.0279,3378.9056,3365.1227
102739000,3429.8607,1519500,20854200,2976606500,39727578200,3378.9056,3434.0279,3378.9056,3365.1227
102744000,3430.0492,2050000,29975500,2978656500,39757553700,3378.9056,3434.0279,3378.9056,3365.1227
102748000,3430.0875,1848900,28139400,2980505400,39785693100,3378.9056,3434.0279,3378.9056,3365.1227
102754000,3430.0379,2696600,43912100,2983202000,39829605200,3378.9056,3434.0279,3378.9056,3365.1227
102759000,3430.2481,1992200,36266400,2985194200,39865871600,3378.9056,3434.0279,3378.9056,3365.1227
102803000,3430.3894,2387600,39581600,2987581800,39905453200,3378.9056,3434.0279,3378.9056,3365.1227
102809000,3430.2556,2863700,41268800,2990445500,39946722000,3378.9056,3434.0279,3378.9056,3365.1227
102814000,3430.1767,2344000,36235700,2992789500,39982957700,3378.9056,3434.0279,3378.9056,3365.1227
102818000,3430.4868,2596700,32207300,2995386200,40015165000,3378.9056,3434.0279,3378.9056,3365.1227
102824000,3429.8783,2156500,27026400,2997542700,40042191400,3378.9056,3434.0279,3378.9056,3365.1227
102829000,3430.2621,1957200,28511200,2999499900,40070702600,3378.9056,3434.0279,3378.9056,3365.1227
102833000,3430.4748,2119600,36485300,3001619500,40107187900,3378.9056,3434.0279,3378.9056,3365.1227
102839000,3430.4812,1621300,24326400,3003240800,40131514300,3378.9056,3434.0279,3378.9056,3365.1227
102844000,3430.3654,2648600,40805100,3005889400,40172319400,3378.9056,3434.0279,3378.9056,3365.1227
102848000,3430.3675,2373500,24240000,3008262900,40196559400,3378.9056,3434.0279,3378.9056,3365.1227
102854000,3430.4155,1816300,32428100,3010079200,40228987500,3378.9056,3434.0279,3378.9056,3365.1227
102859000,3430.0926,2390600,34778000,3012469800,40263765500,3378.9056,3434.0279,3378.9056,3365.1227
102903000,3430.7649,2069100,31499700,3014538900,40295265200,3378.9056,3434.0279,3378.9056,3365.1227
102909000,3430.3575,1609200,29034700,3016148100,40324299900,3378.9056,3434.0279,3378.9056,3365.1227
102914000,3430.4423,2779800,37982600,3018927900,40362282500,3378.9056,3434.0279,3378.9056,3365.1227
102918000,3430.1939,1872000,23034000,3020799900,40385316500,3378.9056,3434.0279,3378.9056,3365.1227
102924000,3430.5384,1626500,21167100,3022426400,40406483600,3378.9056,3434.0279,3378.9056,3365.1227
102929000,3430.2518,1700700,32370100,3024127100,40438853700,3378.9056,3434.0279,3378.9056,3365.1227
102933000,3430.4077,1495300,21973700,3025622400,40460827400,3378.9056,3434.0279,3378.9056,3365.1227
102939000,3430.41,1527600,25605800,3027150000,40486433200,3378.9056,3434.0279,3378.9056,3365.1227
102944000,3430.2612,2452500,33976700,3029602500,40520409900,3378.9056,3434.0279,3378.9056,3365.1227
102948000,3429.5692,1627300,26567000,3031229800,40546976900,3378.9056,3434.0279,3378.9056,3365.1227
102954000,3430.1863,1550000,21619100,3032779800,40568596000,3378.9056,3434.0279,3378.9056,3365.1227
102959000,3430.038,2070400,31162600,3034850200,40599758600,3378.9056,3434.0279,3378.9056,3365.1227
103003000,3430.2093,1569800,24104200,3036420000,40623862800,3378.9056,3434.0279,3378.9056,3365.1227
103009000,3429.6522,2612700,29636500,3039032700,40653499300,3378.9056,3434.0279,3378.9056,3365.1227
103014000,3429.5819,1568900,26272500,3040601600,40679771800,3378.9056,3434.0279,3378.9056,3365.1227
103018000,3430.2143,2244000,23643600,3042845600,40703415400,3378.9056,3434.0279,3378.9056,3365.1227
103024000,3429.6584,1725500,24910000,3044571100,40728325400,3378.9056,3434.0279,3378.9056,3365.1227
103029000,3429.8855,3538800,41670100,3048109900,40769995500,3378.9056,3434.0279,3378.9056,3365.1227
103033000,3429.883,1591800,28367100,3049701700,40798362600,3378.9056,3434.0279,3378.9056,3365.1227
103039000,3429.7773,1465300,20403900,3051167000,40818766500,3378.9056,3434.0279,3378.9056,3365.1227
103044000,3429.335,1643000,23185400,3052810000,40841951900,3378.9056,3434.0279,3378.9056,3365.1227
103048000,3429.2359,2658700,39425500,3055468700,40881377400,3378.9056,3434.0279,3378.9056,3365.1227
103054000,3429.6523,2186400,31068500,3057655100,40912445900,3378.9056,3434.0279,3378.9056,3365.1227
103059000,3429.2555,1571800,25215000,3059226900,40937660900,3378.9056,3434.0279,3378.9056,3365.1227
103103000,3429.4205,1598600,22787900,3060825500,40960448800,3378.9056,3434.0279,3378.9056,3365.1227
103109000,3429.566,1540600,20937900,3062366100,40981386700,3378.9056,3434.0279,3378.9056,3365.1227
103114000,3429.0871,1385500,22985500,3063751600,41004372200,3378.9056,3434.0279,3378.9056,3365.1227
103118000,3429.2086,2194200,28032300,3065945800,41032404500,3378.9056,3434.0279,3378.9056,3365.1227
103124000,3429.1686,1593900,23760900,3067539700,41056165400,3378.9056,3434.0279,3378.9056,3365.1227
103129000,3429.028,1726400,31481300,3069266100,41087646700,3378.9056,3434.0279,3378.9056,3365.1227
103133000,3429.435,1552100,24387800,3070818200,41112034500,3378.9056,3434.0279,3378.9056,3365.1227
103139000,3429.2954,1308200,24441900,3072126400,41136476400,3378.9056,3434.0279,3378.9056,3365.1227
103144000,3428.9672,1739700,27548800,3073866100,41164025200,3378.9056,3434.0279,3378.9056,3365.1227
103148000,3428.646,1146000,19412400,3075012100,41183437600,3378.9056,3434.0279,3378.9056,3365.1227
103154000,3428.8255,1466300,23491900,3076478400,41206929500,3378.9056,3434.0279,3378.9056,3365.1227
103159000,3428.8012,1836100,24931600,3078314500,41231861100,3378.9056,3434.0279,3378.9056,3365.1227
103203000,3428.2763,2145800,29585300,3080460300,41261446400,3378.9056,3434.0279,3378.9056,3365.1227
103209000,3428.4549,1139800,17204400,3081600100,41278650800,3378.9056,3434.0279,3378.9056,3365.1227
103214000,3427.8732,2333000,25727900,3083933100,41304378700,3378.9056,3434.0279,3378.9056,3365.1227
103218000,3428.5332,1894600,27707600,3085827700,41332086300,3378.9056,3434.0279,3378.9056,3365.1227
103224000,3428.3631,1654800,23375400,3087482500,41355461700,3378.9056,3434.0279,3378.9056,3365.1227
103229000,3428.2111,1505800,21689900,3088988300,41377151600,3378.9056,3434.0279,3378.9056,3365.1227
103233000,3428.1949,1619900,22622600,3090608200,41399774200,3378.9056,3434.0279,3378.9056,3365.1227
103239000,3428.2287,1192100,15644600,3091800300,41415418800,3378.9056,3434.0279,3378.9056,3365.1227
103244000,3428.5541,1647800,22520000,3093448100,41437938800,3378.9056,3434.0279,3378.9056,3365.1227
103248000,3427.8348,1608600,18943700,3095056700,41456882500,3378.9056,3434.0279,3378.9056,3365.1227
103254000,3428.0797,1281700,19112700,3096338400,41475995200,3378.9056,3434.0279,3378.9056,3365.1227
103259000,3428.0212,1918400,23702300,3098256800,41499697500,3378.9056,3434.0279,3378.9056,3365.1227
103303000,3428.4183,2188000,30110600,3100444800,41529808100,3378.9056,3434.0279,3378.9056,3365.1227
103309000,3428.2497,1376400,19314100,3101821200,41549122200,3378.9056,3434.0279,3378.9056,3365.1227
103314000,3428.0985,1936500,29231400,3103757700,41578353600,3378.9056,3434.0279,3378.9056,3365.1227
103318000,3428.0821,1782700,22954900,3105540400,41601308500,3378.9056,3434.0279,3378.9056,3365.1227
103324000,3428.0189,1420200,23244700,3106960600,41624553200,3378.9056,3434.0279,3378.9056,3365.1227
103329000,3427.878,1559200,25124400,3108519800,41649677600,3378.9056,3434.0279,3378.9056,3365.1227
103333000,3428.1556,1539100,23657100,3110058900,41673334700,3378.9056,3434.0279,3378.9056,3365.1227
103339000,3427.9139,1312600,16935900,3111371500,41690270600,3378.9056,3434.0279,3378.9056,3365.1227
103344000,3427.7545,1150700,18456600,3112522200,41708727200,3378.9056,3434.0279,3378.9056,3365.1227
103348000,3427.3512,1717600,28004000,3114239800,41736731200,3378.9056,3434.0279,3378.9056,3365.1227
103354000,3427.19,1521400,22055600,3115761200,41758786800,3378.9056,3434.0279,3378.9056,3365.1227
103359000,3427.2084,1895500,22997900,3117656700,41781784700,3378.9056,3434.0279,3378.9056,3365.1227
103403000,3427.3384,1247900,17041400,3118904600,41798826100,3378.9056,3434.0279,3378.9056,3365.1227
103409000,3427.4928,1953500,24783100,3120858100,41823609200,3378.9056,3434.0279,3378.9056,3365.1227
103414000,3426.909,2189900,29616000,3123048000,41853225200,3378.9056,3434.0279,3378.9056,3365.1227
103418000,3427.4123,2111500,24579900,3125159500,41877805100,3378.9056,3434.0279,3378.9056,3365.1227
103424000,3426.9075,2190400,38920000,3127349900,41916725100,3378.9056,3434.0279,3378.9056,3365.1227
103429000,3426.9017,1684500,30861800,3129034400,41947586900,3378.9056,3434.0279,3378.9056,3365.1227
103433000,3426.8989,2073800,32461500,3131108200,41980048400,3378.9056,3434.0279,3378.9056,3365.1227
103439000,3426.7951,2091300,29233900,3133199500,42009282300,3378.9056,3434.0279,3378.9056,3365.1227
103444000,3426.6845,1696900,25105300,3134896400,42034387600,3378.9056,3434.0279,3378.9056,3365.1227
103448000,3426.7591,1659400,21659200,3136555800,42056046800,3378.9056,3434.0279,3378.9056,3365.1227
103454000,3426.5137,1816400,20983700,3138372200,42077030500,3378.9056,3434.0279,3378.9056,3365.1227
103459000,3426.9343,1540500,25710300,3139912700,42102740800,3378.9056,3434.0279,3378.9056,3365.1227
103503000,3426.7254,1815000,27006600,3141727700,42129747400,3378.9056,3434.0279,3378.9056,3365.1227
103509000,3426.3255,1707000,26344300,3143434700,42156091700,3378.9056,3434.0279,3378.9056,3365.1227
103514000,3425.9841,2029900,30372000,3145464600,42186463700,3378.9056,3434.0279,3378.9056,3365.1227
103518000,3426.7276,1823700,25684500,3147288300,42212148200,3378.9056,3434.0279,3378.9056,3365.1227
103524000,3426.1493,1909500,27215400,3149197800,42239363600,3378.9056,3434.0279,3378.9056,3365.1227
103529000,3426.342,1982800,27571500,3151180600,42266935100,3378.9056,3434.0279,3378.9056,3365.1227
103533000,3425.7798,1469700,27119300,3152650300,42294054400,3378.9056,3434.0279,3378.9056,3365.1227
103539000,3426.1293,1440400,22172400,3154090700,42316226800,3378.9056,3434.0279,3378.9056,3365.1227
103544000,3425.7219,1814900,23983200,3155905600,42340210000,3378.9056,3434.0279,3378.9056,3365.1227
103548000,3425.6713,2317600,28195900,3158223200,42368405900,3378.9056,3434.0279,3378.9056,3365.1227
103554000,3425.6607,1104500,16638400,3159327700,42385044300,3378.9056,3434.0279,3378.9056,3365.1227
103559000,3425.7213,1271100,19387800,3160598800,42404432100,3378.9056,3434.0279,3378.9056,3365.1227
103603000,3425.7827,1689200,25020800,3162288000,42429452900,3378.9056,3434.0279,3378.9056,3365.1227
103609000,3425.2938,1606500,19909300,3163894500,42449362200,3378.9056,3434.0279,3378.9056,3365.1227
103614000,3424.9436,1310200,25103800,3165204700,42474466000,3378.9056,3434.0279,3378.9056,3365.1227
103618000,3425.6115,3039100,29976300,3168243800,42504442300,3378.9056,3434.0279,3378.9056,3365.1227
103624000,3425.4659,2077300,27724700,3170321100,42532167000,3378.9056,3434.0279,3378.9056,3365.1227
103629000,3425.1877,1477800,26812900,3171798900,42558979900,3378.9056,3434.0279,3378.9056,3365.1227
103633000,3425.3694,1457500,25224800,3173256400,42584204700,3378.9056,3434.0279,3378.9056,3365.1227
103639000,3425.0434,1777200,24128400,3175033600,42608333100,3378.9056,3434.0279,3378.9056,3365.1227
103644000,3425.1382,1758200,23775700,3176791800,42632108800,3378.9056,3434.0279,3378.9056,3365.1227
103648000,3424.8492,3024700,29988200,3179816500,42662097000,3378.9056,3434.0279,3378.9056,3365.1227
103654000,3424.8186,2129100,23868800,3181945600,42685965800,3378.9056,3434.0279,3378.9056,3365.1227
103659000,3425.3165,2127500,31211900,3184073100,42717177700,3378.9056,3434.0279,3378.9056,3365.1227
103703000,3424.8808,3020000,32050000,3187093100,42749227700,3378.9056,3434.0279,3378.9056,3365.1227
103709000,3425.0001,1664100,24060600,3188757200,42773288300,3378.9056,3434.0279,3378.9056,3365.1227
103714000,3424.1902,2312000,31150500,3191069200,42804438800,3378.9056,3434.0279,3378.9056,3365.1227
103718000,3424.8822,1674900,29558500,3192744100,42833997300,3378.9056,3434.0279,3378.9056,3365.1227
103724000,3424.5151,2398000,27172500,3195142100,42861169800,3378.9056,3434.0279,3378.9056,3365.1227
103729000,3424.745,2901400,31367700,3198043500,42892537500,3378.9056,3434.0279,3378.9056,3365.1227
103733000,3424.7088,1430100,25738200,3199473600,42918275700,3378.9056,3434.0279,3378.9056,3365.1227
103739000,3424.4655,2405400,27694900,3201879000,42945970600,3378.9056,3434.0279,3378.9056,3365.1227
103744000,3424.5079,1494000,26976300,3203373000,42972946900,3378.9056,3434.0279,3378.9056,3365.1227
103748000,3424.27,1888800,28416400,3205261800,43001363300,3378.9056,3434.0279,3378.9056,3365.1227
103754000,3423.8869,1520200,23004700,3206782000,43024368000,3378.9056,3434.0279,3378.9056,3365.1227
103759000,3423.651,1519600,22644100,3208301600,43047012100,3378.9056,3434.0279,3378.9056,3365.1227
103803000,3423.8945,2894200,45029400,3211195800,43092041500,3378.9056,3434.0279,3378.9056,3365.1227
103809000,3423.6774,1452700,23897400,3212648500,43115938900,3378.9056,3434.0279,3378.9056,3365.1227
103814000,3423.0679,1532400,25119400,3214180900,43141058300,3378.9056,3434.0279,3378.9056,3365.1227
103818000,3423.1519,2231700,37228300,3216412600,43178286600,3378.9056,3434.0279,3378.9056,3365.1227
103824000,3422.9021,1474600,20604400,3217887200,43198891000,3378.9056,3434.0279,3378.9056,3365.1227
103829000,3423.1098,3361700,37818600,3221248900,43236709600,3378.9056,3434.0279,3378.9056,3365.1227
103833000,3422.7062,1685700,25369100,3222934600,43262078700,3378.9056,3434.0279,3378.9056,3365.1227
103839000,3422.7079,1536000,19757500,3224470600,43281836200,3378.9056,3434.0279,3378.9056,3365.1227
103844000,3422.5255,1885800,21303000,3226356400,43303139200,3378.9056,3434.0279,3378.9056,3365.1227
103850000,3422.2133,1669200,27184900,3228025600,43330324100,3378.9056,3434.0279,3378.9056,3365.1227
103854000,3422.4984,3457300,33768000,3231482900,43364092100,3378.9056,3434.0279,3378.9056,3365.1227
103859000,3422.1685,2004400,30847800,3233487300,43394939900,3378.9056,3434.0279,3378.9056,3365.1227
103903000,3421.9048,2955800,31537400,3236443100,43426477300,3378.9056,3434.0279,3378.9056,3365.1227
103909000,3421.7825,2262300,26995900,3238705400,43453473200,3378.9056,3434.0279,3378.9056,3365.1227
103914000,3421.3742,3368800,34501500,3242074200,43487974700,3378.9056,3434.0279,3378.9056,3365.1227
103920000,3421.3525,2837400,39815000,3244911600,43527789700,3378.9056,3434.0279,3378.9056,3365.1227
103924000,3420.7487,2600800,30934700,3247512400,43558724400,3378.9056,3434.0279,3378.9056,3365.1227
103929000,3420.6607,2438000,33768400,3249950400,43592492800,3378.9056,3434.0279,3378.9056,3365.1227
103935000,3420.9272,4439800,42286500,3254390200,43634779300,3378.9056,3434.0279,3378.9056,3365.1227
103939000,3420.5592,2484800,26488200,3256875000,43661267500,3378.9056,3434.0279,3378.9056,3365.1227
103945000,3420.4056,3072600,43439300,3259947600,43704706800,3378.9056,3434.0279,3378.9056,3365.1227
103950000,3419.8888,1856900,26697600,3261804500,43731404400,3378.9056,3434.0279,3378.9056,3365.1227
103954000,3420.0654,2235100,27306100,3264039600,43758710500,3378.9056,3434.0279,3378.9056,3365.1227
104000000,3419.6682,3187900,29664700,3267227500,43788375200,3378.9056,3434.0279,3378.9056,3365.1227
104005000,3419.5947,2454100,31011800,3269681600,43819387000,3378.9056,3434.0279,3378.9056,3365.1227
104009000,3419.6078,1975700,30427000,3271657300,43849814000,3378.9056,3434.0279,3378.9056,3365.1227
104015000,3419.0582,3252300,35979800,3274909600,43885793800,3378.9056,3434.0279,3378.9056,3365.1227
104020000,3419.4314,2252200,27970800,3277161800,43913764600,3378.9056,3434.0279,3378.9056,3365.1227
104024000,3419.0717,2341500,27934100,3279503300,43941698700,3378.9056,3434.0279,3378.9056,3365.1227
104030000,3419.0346,1409000,19212700,3280912300,43960911400,3378.9056,3434.0279,3378.9056,3365.1227
104035000,3419.1856,2147200,32750500,3283059500,43993661900,3378.9056,3434.0279,3378.9056,3365.1227
104039000,3419.2173,2062700,33873700,3285122200,44027535600,3378.9056,3434.0279,3378.9056,3365.1227
104045000,3418.9199,2013400,25964800,3287135600,44053500400,3378.9056,3434.0279,3378.9056,3365.1227
104050000,3418.9988,2039800,29331800,3289175400,44082832200,3378.9056,3434.0279,3378.9056,3365.1227
104054000,3419.4952,2002200,26464200,3291177600,44109296400,3378.9056,3434.0279,3378.9056,3365.1227
104100000,3419.3022,1727300,20288900,3292904900,44129585300,3378.9056,3434.0279,3378.9056,3365.1227
104105000,3419.5098,1780900,29459900,3294685800,44159045200,3378.9056,3434.0279,3378.9056,3365.1227
104109000,3419.3195,2218100,33637300,3296903900,44192682500,3378.9056,3434.0279,3378.9056,3365.1227
104115000,3419.0838,2423600,27733300,3299327500,44220415800,3378.9056,3434.0279,3378.9056,3365.1227
104120000,3419.4523,2315100,24989400,3301642600,44245405200,3378.9056,3434.0279,3378.9056,3365.1227
104124000,3419.5173,1278200,19268300,3302920800,44264673500,3378.9056,3434.0279,3378.9056,3365.1227
104130000,3419.3526,1402200,22413000,3304323000,44287086500,3378.9056,3434.0279,3378.9056,3365.1227
104135000,3419.5848,1512500,22829100,3305835500,44309915600,3378.9056,3434.0279,3378.9056,3365.1227
104139000,3419.4148,1266100,17798700,3307101600,44327714300,3378.9056,3434.0279,3378.9056,3365.1227
104145000,3419.7013,1571400,18653600,3308673000,44346367900,3378.9056,3434.0279,3378.9056,3365.1227
104150000,3419.7176,1791800,25534300,3310464800,44371902200,3378.9056,3434.0279,3378.9056,3365.1227
104154000,3419.9387,1083100,19920500,3311547900,44391822700,3378.9056,3434.0279,3378.9056,3365.1227
104200000,3419.6046,1554400,21139100,3313102300,44412961800,3378.9056,3434.0279,3378.9056,3365.1227
104205000,3420.1135,1337400,20635200,3314439700,44433597000,3378.9056,3434.0279,3378.9056,3365.1227
104209000,3420.2546,1421400,20285000,3315861100,44453882000,3378.9056,3434.0279,3378.9056,3365.1227
104214000,3419.2294,2418900,20196800,3318280000,44474078800,3378.9056,3434.0279,3378.9056,3365.1227
104220000,3419.5916,1642000,21132400,3319922000,44495211200,3378.9056,3434.0279,3378.9056,3365.1227
104224000,3420.0225,1412700,19923200,3321334700,44515134400,3378.9056,3434.0279,3378.9056,3365.1227
104230000,3420.5181,1664900,23444200,3322999600,44538578600,3378.9056,3434.0279,3378.9056,3365.1227
104235000,3420.2865,1582600,21145100,3324582200,44559723700,3378.9056,3434.0279,3378.9056,3365.1227
104239000,3420.4392,1967500,25110300,3326549700,44584834000,3378.9056,3434.0279,3378.9056,3365.1227
104245000,3420.0443,1636600,22941500,3328186300,44607775500,3378.9056,3434.0279,3378.9056,3365.1227
104250000,3420.7581,1409300,20187700,3329595600,44627963200,3378.9056,3434.0279,3378.9056,3365.1227
104254000,3420.426,1725300,21952400,3331320900,44649915600,3378.9056,3434.0279,3378.9056,3365.1227
104300000,3420.5136,1608400,22173800,3332929300,44672089400,3378.9056,3434.0279,3378.9056,3365.1227
104305000,3420.4335,1269200,17725800,3334198500,44689815200,3378.9056,3434.0279,3378.9056,3365.1227
104309000,3420.6718,1329900,23509800,3335528400,44713325000,3378.9056,3434.0279,3378.9056,3365.1227
104315000,3420.9497,1733400,24162400,3337261800,44737487400,3378.9056,3434.0279,3378.9056,3365.1227
104320000,3420.6315,2129500,27663600,3339391300,44765151000,3378.9056,3434.0279,3378.9056,3365.1227
104324000,3420.8314,1991200,21530300,3341382500,44786681300,3378.9056,3434.0279,3378.9056,3365.1227
104330000,3421.0336,1359800,16844500,3342742300,44803525800,3378.9056,3434.0279,3378.9056,3365.1227
104335000,3420.9844,1089400,18479600,3343831700,44822005400,3378.9056,3434.0279,3378.9056,3365.1227
104339000,3420.7157,1957900,29613100,3345789600,44851618500,3378.9056,3434.0279,3378.9056,3365.1227
104345000,3421.2985,1080000,18059600,3346869600,44869678100,3378.9056,3434.0279,3378.9056,3365.1227
104350000,3421.1982,1458900,20602500,3348328500,44890280600,3378.9056,3434.0279,3378.9056,3365.1227
104354000,3421.6517,1708700,25241300,3350037200,44915521900,3378.9056,3434.0279,3378.9056,3365.1227
104400000,3421.2979,1835800,19453000,3351873000,44934974900,3378.9056,3434.0279,3378.9056,3365.1227
104405000,3421.2233,1179400,17660200,3353052400,44952635100,3378.9056,3434.0279,3378.9056,3365.1227
104409000,3421.139,1534100,26672000,3354586500,44979307100,3378.9056,3434.0279,3378.9056,3365.1227
104415000,3420.7335,983700,14566500,3355570200,44993873600,3378.9056,3434.0279,3378.9056,3365.1227
104420000,3421.1059,1423600,19220500,3356993800,45013094100,3378.9056,3434.0279,3378.9056,3365.1227
104424000,3421.2585,1415200,21054200,3358409000,45034148300,3378.9056,3434.0279,3378.9056,3365.1227
104430000,3421.1361,1251300,17524500,3359660300,45051672800,3378.9056,3434.0279,3378.9056,3365.1227
104435000,3420.9275,1633500,22903400,3361293800,45074576200,3378.9056,3434.0279,3378.9056,3365.1227
104439000,3421.2959,1476600,25711700,3362770400,45100287900,3378.9056,3434.0279,3378.9056,3365.1227
104445000,3421.0586,852300,15028400,3363622700,45115316300,3378.9056,3434.0279,3378.9056,3365.1227
104450000,3421.5186,1178500,18124000,3364801200,45133440300,3378.9056,3434.0279,3378.9056,3365.1227
104454000,3421.9914,1504100,18904400,3366305300,45152344700,3378.9056,3434.0279,3378.9056,3365.1227
104500000,3421.6889,1244100,18377900,3367549400,45170722600,3378.9056,3434.0279,3378.9056,3365.1227
104505000,3421.7107,2050700,25230500,3369600100,45195953100,3378.9056,3434.0279,3378.9056,3365.1227
104509000,3421.7124,912500,15877300,3370512600,45211830400,3378.9056,3434.0279,3378.9056,3365.1227
104515000,3421.2198,1353600,18852500,3371866200,45230682900,3378.9056,3434.0279,3378.9056,3365.1227
104520000,3421.562,1438300,20261300,3373304500,45250944200,3378.9056,3434.0279,3378.9056,3365.1227
104524000,3421.639,997400,14765400,3374301900,45265709600,3378.9056,3434.0279,3378.9056,3365.1227
104530000,3421.8577,1043200,17472400,3375345100,45283182000,3378.9056,3434.0279,3378.9056,3365.1227
104535000,3421.894,1277900,18586500,3376623000,45301768500,3378.9056,3434.0279,3378.9056,3365.1227
104539000,3421.5125,1622700,22428400,3378245700,45324196900,3378.9056,3434.0279,3378.9056,3365.1227
104545000,3421.5348,1151600,14926800,3379397300,45339123700,3378.9056,3434.0279,3378.9056,3365.1227
104550000,3421.6217,1471600,21675700,3380868900,45360799400,3378.9056,3434.0279,3378.9056,3365.1227
104554000,3421.5249,1605700,19160000,3382474600,45379959400,3378.9056,3434.0279,3378.9056,3365.1227
104600000,3421.6848,1195900,15734500,3383670500,45395693900,3378.9056,3434.0279,3378.9056,3365.1227
104605000,3421.5645,1575900,21905500,3385246400,45417599400,3378.9056,3434.0279,3378.9056,3365.1227
104609000,3421.5589,1822300,17779300,3387068700,45435378700,3378.9056,3434.0279,3378.9056,3365.1227
104615000,3421.0484,1494000,19090200,3388562700,45454468900,3378.9056,3434.0279,3378.9056,3365.1227
104620000,3421.2254,1330400,18975900,3389893100,45473444800,3378.9056,3434.0279,3378.9056,3365.1227
104624000,3421.2699,976300,13716500,3390869400,45487161300,3378.9056,3434.0279,3378.9056,3365.1227
104630000,3421.5812,1424600,15102200,3392294000,45502263500,3378.9056,3434.0279,3378.9056,3365.1227
104635000,3421.6411,996100,14794000,3393290100,45517057500,3378.9056,3434.0279,3378.9056,3365.1227
104639000,3421.5265,1333000,21487900,3394623100,45538545400,3378.9056,3434.0279,3378.9056,3365.1227
104645000,3421.5597,1196800,22825300,3395819900,45561370700,3378.9056,3434.0279,3378.9056,3365.1227
104650000,3421.8353,1906800,27161000,3397726700,45588531700,3378.9056,3434.0279,3378.9056,3365.1227
104654000,3422.4847,1187500,18441300,3398914200,45606973000,3378.9056,3434.0279,3378.9056,3365.1227
104700000,3423.0187,1801500,23426900,3400715700,45630399900,3378.9056,3434.0279,3378.9056,3365.1227
104705000,3422.7676,1756700,24277700,3402472400,45654677600,3378.9056,3434.0279,3378.9056,3365.1227
104709000,3422.5051,1568200,25071000,3404040600,45679748600,3378.9056,3434.0279,3378.9056,3365.1227
104715000,3422.0657,1409900,20186500,3405450500,45699935100,3378.9056,3434.0279,3378.9056,3365.1227
104720000,3422.8055,1388000,20613800,3406838500,45720548900,3378.9056,3434.0279,3378.9056,3365.1227
104724000,3422.6651,1374600,17130800,3408213100,45737679700,3378.9056,3434.0279,3378.9056,3365.1227
104730000,3422.7625,1222500,14383400,3409435600,45752063100,3378.9056,3434.0279,3378.9056,3365.1227
104735000,3423.2801,1417700,21635400,3410853300,45773698500,3378.9056,3434.0279,3378.9056,3365.1227
104739000,3423.2601,1404400,23292200,3412257700,45796990700,3378.9056,3434.0279,3378.9056,3365.1227
104745000,3423.5239,2190900,18396400,3414448600,45815387100,3378.9056,3434.0279,3378.9056,3365.1227
104750000,3423.4566,1168900,14742300,3415617500,45830129400,3378.9056,3434.0279,3378.9056,3365.1227
104754000,3423.6787,1348600,21084700,3416966100,45851214100,3378.9056,3434.0279,3378.9056,3365.1227
104800000,3423.6815,1094900,14498500,3418061000,45865712600,3378.9056,3434.0279,3378.9056,3365.1227
104805000,3423.5059,1304300,19102000,3419365300,45884814600,3378.9056,3434.0279,3378.9056,3365.1227
104809000,3423.7845,1254800,18839800,3420620100,45903654400,3378.9056,3434.0279,3378.9056,3365.1227
104815000,3423.5545,1534100,20298800,3422154200,45923953200,3378.9056,3434.0279,3378.9056,3365.1227
104820000,3423.6486,1247000,19311400,3423401200,45943264600,3378.9056,3434.0279,3378.9056,3365.1227
104824000,3423.5583,1005500,17699200,3424406700,45960963800,3378.9056,3434.0279,3378.9056,3365.1227
104830000,3423.765,943300,13410200,3425350000,45974374000,3378.9056,3434.0279,3378.9056,3365.1227
104835000,3423.9853,980700,14949900,3426330700,45989323900,3378.9056,3434.0279,3378.9056,3365.1227
104839000,3423.9475,1092000,18095600,3427422700,46007419500,3378.9056,3434.0279,3378.9056,3365.1227
104845000,3424.5713,1088300,15207100,3428511000,46022626600,3378.9056,3434.0279,3378.9056,3365.1227
104850000,3424.0154,1405300,16888700,3429916300,46039515300,3378.9056,3434.0279,3378.9056,3365.1227
104854000,3424.4157,1578000,23024800,3431494300,46062540100,3378.9056,3434.0279,3378.9056,3365.1227
104900000,3424.132,1594600,22176100,3433088900,46084716200,3378.9056,3434.0279,3378.9056,3365.1227
104905000,3424.6999,1475400,23760200,3434564300,46108476400,3378.9056,3434.0279,3378.9056,3365.1227
104909000,3424.3958,1189700,22769000,3435754000,46131245400,3378.9056,3434.0279,3378.9056,3365.1227
104915000,3423.5541,1476400,19774100,3437230400,46151019500,3378.9056,3434.0279,3378.9056,3365.1227
104920000,3424.7477,1406400,22302100,3438636800,46173321600,3378.9056,3434.0279,3378.9056,3365.1227
104924000,3424.0801,1312600,23374900,3439949400,46196696500,3378.9056,3434.0279,3378.9056,3365.1227
104930000,3424.2303,1119900,16766900,3441069300,46213463400,3378.9056,3434.0279,3378.9056,3365.1227
104935000,3423.9187,1620800,26320400,3442690100,46239783800,3378.9056,3434.0279,3378.9056,3365.1227
104939000,3424.0221,990800,16548300,3443680900,46256332100,3378.9056,3434.0279,3378.9056,3365.1227
104945000,3424.4453,995100,14624400,3444676000,46270956500,3378.9056,3434.0279,3378.9056,3365.1227
104950000,3424.2321,1948000,26100600,3446624000,46297057100,3378.9056,3434.0279,3378.9056,3365.1227
104954000,3424.2023,1079900,15809800,3447703900,46312866900,3378.9056,3434.0279,3378.9056,3365.1227
105000000,3424.4903,1155200,16763000,3448859100,46329629900,3378.9056,3434.0279,3378.9056,3365.1227
105005000,3424.3207,1780600,25548300,3450639700,46355178200,3378.9056,3434.0279,3378.9056,3365.1227
105009000,3424.096,1004600,16165800,3451644300,46371344000,3378.9056,3434.0279,3378.9056,3365.1227
105015000,3424.0256,1193100,17125000,3452837400,46388469000,3378.9056,3434.0279,3378.9056,3365.1227
105020000,3424.461,1109600,21724100,3453947000,46410193100,3378.9056,3434.0279,3378.9056,3365.1227
105024000,3424.5208,1557200,23337300,3455504200,46433530400,3378.9056,3434.0279,3378.9056,3365.1227
105030000,3424.4838,1649500,23422800,3457153700,46456953200,3378.9056,3434.0279,3378.9056,3365.1227
105035000,3424.7045,1066000,15908100,3458219700,46472861300,3378.9056,3434.0279,3378.9056,3365.1227
105039000,3424.6142,1180400,17792300,3459400100,46490653600,3378.9056,3434.0279,3378.9056,3365.1227
105045000,3424.7556,985800,13604100,3460385900,46504257700,3378.9056,3434.0279,3378.9056,3365.1227
105050000,3425.0715,1624000,19621500,3462009900,46523879200,3378.9056,3434.0279,3378.9056,3365.1227
105054000,3425.2828,1002300,13953800,3463012200,46537833000,3378.9056,3434.0279,3378.9056,3365.1227
105100000,3424.9372,886600,12664300,3463898800,46550497300,3378.9056,3434.0279,3378.9056,3365.1227
105105000,3424.5581,1170100,15266500,3465068900,46565763800,3378.9056,3434.0279,3378.9056,3365.1227
105109000,3424.5399,2523600,17035500,3467592500,46582799300,3378.9056,3434.0279,3378.9056,3365.1227
105115000,3423.7252,1230100,11990600,3468822600,46594789900,3378.9056,3434.0279,3378.9056,3365.1227
105120000,3424.4144,1542800,18717900,3470365400,46613507800,3378.9056,3434.0279,3378.9056,3365.1227
105124000,3424.0634,1140300,16720400,3471505700,46630228200,3378.9056,3434.0279,3378.9056,3365.1227
105130000,3424.894,1247900,17115400,3472753600,46647343600,3378.9056,3434.0279,3378.9056,3365.1227
105135000,3424.3461,1188600,16826400,3473942200,46664170000,3378.9056,3434.0279,3378.9056,3365.1227
105139000,3424.0591,1015700,16080300,3474957900,46680250300,3378.9056,3434.0279,3378.9056,3365.1227
105145000,3424.1344,1156400,12287500,3476114300,46692537800,3378.9056,3434.0279,3378.9056,3365.1227
105150000,3424.0051,936400,13474400,3477050700,46706012200,3378.9056,3434.0279,3378.9056,3365.1227
105154000,3424.178,785000,13743500,3477835700,46719755700,3378.9056,3434.0279,3378.9056,3365.1227
105200000,3424.0368,1037500,14718000,3478873200,46734473700,3378.9056,3434.0279,3378.9056,3365.1227
105205000,3423.8082,1198600,18885100,3480071800,46753358800,3378.9056,3434.0279,3378.9056,3365.1227
105209000,3423.4823,1118800,15316200,3481190600,46768675000,3378.9056,3434.0279,3378.9056,3365.1227
105215000,3423.4834,1957800,22410600,3483148400,46791085600,3378.9056,3434.0279,3378.9056,3365.1227
105220000,3423.4372,1064200,13724800,3484212600,46804810400,3378.9056,3434.0279,3378.9056,3365.1227
105226000,3423.7807,1459000,20154200,3485671600,46824964600,3378.9056,3434.0279,3378.9056,3365.1227
105230000,3423.8598,740500,11538000,3486412100,46836502600,3378.9056,3434.0279,3378.9056,3365.1227
105236000,3424.2546,1338400,17788400,3487750500,46854291000,3378.9056,3434.0279,3378.9056,3365.1227
105239000,3423.9799,1248300,17577500,3488998800,46871868500,3378.9056,3434.0279,3378.9056,3365.1227
105245000,3423.783,1962700,22263900,3490961500,46894132400,3378.9056,3434.0279,3378.9056,3365.1227
105251000,3424.0323,1328600,17652100,3492290100,46911784500,3378.9056,3434.0279,3378.9056,3365.1227
105254000,3424.1391,632900,8716500,3492923000,46920501000,3378.9056,3434.0279,3378.9056,3365.1227
105300000,3424.1132,1198000,15924200,3494121000,46936425200,3378.9056,3434.0279,3378.9056,3365.1227
105305000,3423.7106,756400,12312500,3494877400,46948737700,3378.9056,3434.0279,3378.9056,3365.1227
105311000,3423.6349,910000,14484400,3495787400,46963222100,3378.9056,3434.0279,3378.9056,3365.1227
105315000,3423.3143,1326400,13554100,3497113800,46976776200,3378.9056,3434.0279,3378.9056,3365.1227
105321000,3423.7447,961300,12257400,3498075100,46989033600,3378.9056,3434.0279,3378.9056,3365.1227
105326000,3423.7056,1471600,16697400,3499546700,47005731000,3378.9056,3434.0279,3378.9056,3365.1227
105330000,3423.7516,1571100,21815800,3501117800,47027546800,3378.9056,3434.0279,3378.9056,3365.1227
105336000,3424.0175,1329900,16499900,3502447700,47044046700,3378.9056,3434.0279,3378.9056,3365.1227
105341000,3424.3756,1199800,16341000,3503647500,47060387700,3378.9056,3434.0279,3378.9056,3365.1227
105345000,3423.3653,2079600,27226700,3505727100,47087614400,3378.9056,3434.0279,3378.9056,3365.1227
105351000,3424.0756,859800,13242900,3506586900,47100857300,3378.9056,3434.0279,3378.9056,3365.1227
105356000,3424.0894,917300,12581400,3507504200,47113438700,3378.9056,3434.0279,3378.9056,3365.1227
105400000,3424.05,1000800,13801300,3508505000,47127240000,3378.9056,3434.0279,3378.9056,3365.1227
105406000,3424.0109,1470600,19589800,3509975600,47146829800,3378.9056,3434.0279,3378.9056,3365.1227
105411000,3423.6325,1167800,15151500,3511143400,47161981300,3378.9056,3434.0279,3378.9056,3365.1227
105415000,3423.2868,1453400,17389700,3512596800,47179371000,3378.9056,3434.0279,3378.9056,3365.1227
105421000,3423.8398,1363800,16792500,3513960600,47196163500,3378.9056,3434.0279,3378.9056,3365.1227
105426000,3424.459,1745500,22912600,3515706100,47219076100,3378.9056,3434.0279,3378.9056,3365.1227
105430000,3424.9514,1607700,21801400,3517313800,47240877500,3378.9056,3434.0279,3378.9056,3365.1227
105436000,3424.3878,1572900,24471400,3518886700,47265348900,3378.9056,3434.0279,3378.9056,3365.1227
105441000,3425.0623,2410000,34854500,3521296700,47300203400,3378.9056,3434.0279,3378.9056,3365.1227
105445000,3426.6308,3307700,42626200,3524604400,47342829600,3378.9056,3434.0279,3378.9056,3365.1227
105451000,3426.965,2643500,45463300,3527247900,47388292900,3378.9056,3434.0279,3378.9056,3365.1227
105456000,3427.5576,2638100,42860400,3529886000,47431153300,3378.9056,3434.0279,3378.9056,3365.1227
105500000,3427.8087,2414100,42675000,3532300100,47473828300,3378.9056,3434.0279,3378.9056,3365.1227
105506000,3428.0067,2756800,35834600,3535056900,47509662900,3378.9056,3434.0279,3378.9056,3365.1227
105511000,3427.9173,3139100,42781100,3538196000,47552444000,3378.9056,3434.0279,3378.9056,3365.1227
105515000,3427.909,4946600,47522400,3543142600,47599966400,3378.9056,3434.0279,3378.9056,3365.1227
105521000,3428.4757,2746900,30230800,3545889500,47630197200,3378.9056,3434.0279,3378.9056,3365.1227
105526000,3428.9317,3295200,38213900,3549184700,47668411100,3378.9056,3434.0279,3378.9056,3365.1227
105530000,3428.8371,2185500,32310300,3551370200,47700721400,3378.9056,3434.0279,3378.9056,3365.1227
105536000,3429.1755,1962600,28377500,3553332800,47729098900,3378.9056,3434.0279,3378.9056,3365.1227
105541000,3429.124,2345800,30239900,3555678600,47759338800,3378.9056,3434.0279,3378.9056,3365.1227
105545000,3429.069,3108600,36532000,3558787200,47795870800,3378.9056,3434.0279,3378.9056,3365.1227
105551000,3429.6525,2493400,28860300,3561280600,47824731100,3378.9056,3434.0279,3378.9056,3365.1227
105556000,3429.8632,1956400,28187800,3563237000,47852918900,3378.9056,3434.0279,3378.9056,3365.1227
105600000,3429.6192,2023200,27632000,3565260200,47880550900,3378.9056,3434.0279,3378.9056,3365.1227
105606000,3429.632,1440100,21039300,3566700300,47901590200,3378.9056,3434.0279,3378.9056,3365.1227
105611000,3429.3613,2791200,37071400,3569491500,47938661600,3378.9056,3434.0279,3378.9056,3365.1227
105615000,3429.5018,3281100,42157300,3572772600,47980818900,3378.9056,3434.0279,3378.9056,3365.1227
105621000,3429.7119,3764700,39867600,3576537300,48020686500,3378.9056,3434.0279,3378.9056,3365.1227
105626000,3430.3404,5493900,43524000,3582031200,48064210500,3378.9056,3434.0279,3378.9056,3365.1227
105630000,3430.3541,1999000,25753300,3584030200,48089963800,3378.9056,3434.0279,3378.9056,3365.1227
105636000,3430.6499,1426800,17749900,3585457000,48107713700,3378.9056,3434.0279,3378.9056,3365.1227
105641000,3430.4959,1925900,27426700,3587382900,48135140400,3378.9056,3434.0279,3378.9056,3365.1227
105645000,3430.7427,2514800,33347900,3589897700,48168488300,3378.9056,3434.0279,3378.9056,3365.1227
105651000,3430.9064,2073400,24696300,3591971100,48193184600,3378.9056,3434.0279,3378.9056,3365.1227
105656000,3430.9558,2039700,23122100,3594010800,48216306700,3378.9056,3434.0279,3378.9056,3365.1227
105700000,3430.7147,1919200,22519800,3595930000,48238826500,3378.9056,3434.0279,3378.9056,3365.1227
105706000,3430.7135,1673400,27246900,3597603400,48266073400,3378.9056,3434.0279,3378.9056,3365.1227
105711000,3430.8264,2412100,28362200,3600015500,48294435600,3378.9056,3434.0279,3378.9056,3365.1227
105715000,3430.9588,1707400,22151900,3601722900,48316587500,3378.9056,3434.0279,3378.9056,3365.1227
105721000,3430.9731,1340500,19241300,3603063400,48335828800,3378.9056,3434.0279,3378.9056,3365.1227
105726000,3431.1274,2501600,25304500,3605565000,48361133300,3378.9056,3434.0279,3378.9056,3365.1227
105730000,3431.1965,1460300,21087600,3607025300,48382220900,3378.9056,3434.0279,3378.9056,3365.1227
105736000,3431.325,1985800,23601700,3609011100,48405822600,3378.9056,3434.0279,3378.9056,3365.1227
105741000,3431.0671,1871800,24034100,3610882900,48429856700,3378.9056,3434.0279,3378.9056,3365.1227
105745000,3431.4369,1823500,25097300,3612706400,48454954000,3378.9056,3434.0279,3378.9056,3365.1227
105751000,3431.1894,1394400,15572100,3614100800,48470526100,3378.9056,3434.0279,3378.9056,3365.1227
105756000,3431.5885,4548100,32648200,3618648900,48503174300,3378.9056,3434.0279,3378.9056,3365.1227
105800000,3430.9322,1784900,33435700,3620433800,48536610000,3378.9056,3434.0279,3378.9056,3365.1227
105806000,3431.0545,1688800,20912800,3622122600,48557522800,3378.9056,3434.0279,3378.9056,3365.1227
105811000,3430.807,1992900,23706500,3624115500,48581229300,3378.9056,3434.0279,3378.9056,3365.1227
105815000,3431.2071,4317600,31713300,3628433100,48612942600,3378.9056,3434.0279,3378.9056,3365.1227
105821000,3430.5113,1426900,19532800,3629860000,48632475400,3378.9056,3434.0279,3378.9056,3365.1227
105826000,3430.9929,2532900,21217400,3632392900,48653692800,3378.9056,3434.0279,3378.9056,3365.1227
105830000,3431.0446,1496800,17987100,3633889700,48671679900,3378.9056,3434.0279,3378.9056,3365.1227
105836000,3430.8136,2300900,18896400,3636190600,48690576300,3378.9056,3434.0279,3378.9056,3365.1227
105841000,3430.8143,1692000,26220300,3637882600,48716796600,3378.9056,3434.0279,3378.9056,3365.1227
105845000,3431.0008,1936500,21144600,3639819100,48737941200,3378.9056,3434.0279,3378.9056,3365.1227
105851000,3431.268,1879700,14697500,3641698800,48752638700,3378.9056,3434.0279,3378.9056,3365.1227
105856000,3430.8683,4481800,30605200,3646180600,48783243900,3378.9056,3434.0279,3378.9056,3365.1227
105900000,3430.5499,2031300,27782000,3648211900,48811025900,3378.9056,3434.0279,3378.9056,3365.1227
105906000,3430.6429,1472200,18530900,3649684100,48829556800,3378.9056,3434.0279,3378.9056,3365.1227
105911000,3430.5814,1812100,27107000,3651496200,48856663800,3378.9056,3434.0279,3378.9056,3365.1227
105915000,3430.8643,2245900,26921300,3653742100,48883585100,3378.9056,3434.0279,3378.9056,3365.1227
105921000,3430.4046,1323400,14795600,3655065500,48898380700,3378.9056,3434.0279,3378.9056,3365.1227
105926000,3430.693,1529500,21828200,3656595000,48920208900,3378.9056,3434.0279,3378.9056,3365.1227
105930000,3430.5643,1359200,19635700,3657954200,48939844600,3378.9056,3434.0279,3378.9056,3365.1227
105936000,3431.1659,997800,15438600,3658952000,48955283200,3378.9056,3434.0279,3378.9056,3365.1227
105941000,3430.874,1379100,22458800,3660331100,48977742000,3378.9056,3434.0279,3378.9056,3365.1227
105945000,3431.0531,1894500,19985100,3662225600,48997727100,3378.9056,3434.0279,3378.9056,3365.1227
105951000,3430.7971,1152500,12369300,3663378100,49010096400,3378.9056,3434.0279,3378.9056,3365.1227
105956000,3431.3095,980000,18784400,3664358100,49028880800,3378.9056,3434.0279,3378.9056,3365.1227
110000000,3430.6109,972700,17237100,3665330800,49046117900,3378.9056,3434.0279,3378.9056,3365.1227
110006000,3430.7591,1771100,17755500,3667101900,49063873400,3378.9056,3434.0279,3378.9056,3365.1227
110011000,3431.2681,2346300,29420300,3669448200,49093293700,3378.9056,3434.0279,3378.9056,3365.1227
110015000,3431.3093,1572700,20219700,3671020900,49113513400,3378.9056,3434.0279,3378.9056,3365.1227
110021000,3430.7575,1250500,16457300,3672271400,49129970700,3378.9056,3434.0279,3378.9056,3365.1227
110026000,3430.7036,1070300,16191400,3673341700,49146162100,3378.9056,3434.0279,3378.9056,3365.1227
110030000,3431.1556,1754100,25194300,3675095800,49171356400,3378.9056,3434.0279,3378.9056,3365.1227
110036000,3431.2344,1101100,15103500,3676196900,49186459900,3378.9056,3434.0279,3378.9056,3365.1227
110041000,3431.642,1668000,25263500,3677864900,49211723400,3378.9056,3434.0279,3378.9056,3365.1227
110045000,3431.508,1476900,24541900,3679341800,49236265300,3378.9056,3434.0279,3378.9056,3365.1227
110051000,3431.644,1072800,13927100,3680414600,49250192400,3378.9056,3434.0279,3378.9056,3365.1227
110056000,3431.8495,1076300,17151500,3681490900,49267343900,3378.9056,3434.0279,3378.9056,3365.1227
110100000,3431.3703,1266100,15022400,3682757000,49282366300,3378.9056,3434.0279,3378.9056,3365.1227
110106000,3431.4124,955100,13904900,3683712100,49296271200,3378.9056,3434.0279,3378.9056,3365.1227
110111000,3431.3485,1391300,23033000,3685103400,49319304200,3378.9056,3434.0279,3378.9056,3365.1227
110115000,3432.0967,2166800,27565000,3687270200,49346869200,3378.9056,3434.0279,3378.9056,3365.1227
110121000,3431.3164,1513800,22549400,3688784000,49369418600,3378.9056,3434.0279,3378.9056,3365.1227
110126000,3431.4645,1559900,21250100,3690343900,49390668700,3378.9056,3434.0279,3378.9056,3365.1227
110130000,3431.6139,1057000,22828300,3691400900,49413497000,3378.9056,3434.0279,3378.9056,3365.1227
110136000,3431.8387,2173500,18245200,3693574400,49431742200,3378.9056,3434.0279,3378.9056,3365.1227
110141000,3431.638,1140300,16382000,3694714700,49448124200,3378.9056,3434.0279,3378.9056,3365.1227
110145000,3431.7957,1006200,15563300,3695720900,49463687500,3378.9056,3434.0279,3378.9056,3365.1227
110151000,3431.7656,1531800,17238600,3697252700,49480926100,3378.9056,3434.0279,3378.9056,3365.1227
110156000,3431.5845,1320600,21238500,3698573300,49502164600,3378.9056,3434.0279,3378.9056,3365.1227
110200000,3431.4813,1248300,18461600,3699821600,49520626200,3378.9056,3434.0279,3378.9056,3365.1227
110206000,3431.408,2099600,32976800,3701921200,49553603000,3378.9056,3434.0279,3378.9056,3365.1227
110211000,3431.3174,1375800,22051000,3703297000,49575654000,3378.9056,3434.0279,3378.9056,3365.1227
110215000,3432.0172,3284900,39878100,3706581900,49615532100,3378.9056,3434.0279,3378.9056,3365.1227
110221000,3431.6734,2157100,19371400,3708739000,49634903500,3378.9056,3434.0279,3378.9056,3365.1227
110226000,3431.3585,2966300,32413400,3711705300,49667316900,3378.9056,3434.0279,3378.9056,3365.1227
110230000,3432.3496,3153900,40104700,3714859200,49707421600,3378.9056,3434.0279,3378.9056,3365.1227
110236000,3432.0039,1665100,20702200,3716524300,49728123800,3378.9056,3434.0279,3378.9056,3365.1227
110241000,3432.3243,1850000,27364500,3718374300,49755488300,3378.9056,3434.0279,3378.9056,3365.1227
110245000,3432.5108,1703800,24689700,3720078100,49780178000,3378.9056,3434.0279,3378.9056,3365.1227
110251000,3432.6103,1247800,18101700,3721325900,49798279700,3378.9056,3434.0279,3378.9056,3365.1227
110256000,3432.4741,1272100,18740100,3722598000,49817019800,3378.9056,3434.0279,3378.9056,3365.1227
110301000,3432.535,1794600,24619800,3724392600,49841639600,3378.9056,3434.0279,3378.9056,3365.1227
110306000,3432.2893,1137500,13909400,3725530100,49855549000,3378.9056,3434.0279,3378.9056,3365.1227
110311000,3432.3244,1778300,26214900,3727308400,49881763900,3378.9056,3434.0279,3378.9056,3365.1227
110315000,3432.5747,2179300,24979400,3729487700,49906743300,3378.9056,3434.0279,3378.9056,3365.1227
110321000,3431.8726,941900,13555000,3730429600,49920298300,3378.9056,3434.0279,3378.9056,3365.1227
110326000,3432.6144,1566600,22405700,3731996200,49942704000,3378.9056,3434.0279,3378.9056,3365.1227
110330000,3432.2955,1284900,18993300,3733281100,49961697300,3378.9056,3434.0279,3378.9056,3365.1227
110336000,3432.4934,746700,10805800,3734027800,49972503100,3378.9056,3434.0279,3378.9056,3365.1227
110341000,3432.596,1642300,24106300,3735670100,49996609400,3378.9056,3434.0279,3378.9056,3365.1227
110346000,3432.6046,1096200,19445800,3736766300,50016055200,3378.9056,3434.0279,3378.9056,3365.1227
110351000,3432.8859,1213600,14917500,3737979900,50030972700,3378.9056,3434.0279,3378.9056,3365.1227
110356000,3432.3936,2356900,30567200,3740336800,50061539900,3378.9056,3434.0279,3378.9056,3365.1227
110400000,3432.2379,1131400,17834600,3741468200,50079374500,3378.9056,3434.0279,3378.9056,3365.1227
110406000,3431.961,2385300,20301400,3743853500,50099675900,3378.9056,3434.0279,3378.9056,3365.1227
110411000,3431.7451,2024300,32896800,3745877800,50132572700,3378.9056,3434.0279,3378.9056,3365.1227
110415000,3431.4044,1903100,27099400,3747780900,50159672100,3378.9056,3434.0279,3378.9056,3365.1227
110421000,3431.2884,1541300,18201100,3749322200,50177873200,3378.9056,3434.0279,3378.9056,3365.1227
110426000,3431.4863,1468200,23869800,3750790400,50201743000,3378.9056,3434.0279,3378.9056,3365.1227
110430000,3431.7919,1143400,16489000,3751933800,50218232000,3378.9056,3434.0279,3378.9056,3365.1227
110436000,3431.3213,1367300,19453500,3753301100,50237685500,3378.9056,3434.0279,3378.9056,3365.1227
110441000,3431.3608,3335100,27399000,3756636200,50265084500,3378.9056,3434.0279,3378.9056,3365.1227
110445000,3431.1939,1247000,17365700,3757883200,50282450200,3378.9056,3434.0279,3378.9056,3365.1227
110451000,3431.8703,925800,11632500,3758809000,50294082700,3378.9056,3434.0279,3378.9056,3365.1227
110456000,3431.302,1735700,23509100,3760544700,50317591800,3378.9056,3434.0279,3378.9056,3365.1227
110502000,3431.3023,2071800,24603900,3762616500,50342195700,3378.9056,3434.0279,3378.9056,3365.1227
110506000,3431.1932,1424100,19571900,3764040600,50361767600,3378.9056,3434.0279,3378.9056,3365.1227
110512000,3430.9967,1796300,26049400,3765836900,50387817000,3378.9056,3434.0279,3378.9056,3365.1227
110515000,3431.0966,1112700,17618500,3766949600,50405435500,3378.9056,3434.0279,3378.9056,3365.1227
110521000,3430.2335,1215100,14972800,3768164700,50420408300,3378.9056,3434.0279,3378.9056,3365.1227
110527000,3430.5838,2284100,25628900,3770448800,50446037200,3378.9056,3434.0279,3378.9056,3365.1227
110530000,3430.831,1044600,16514800,3771493400,50462552000,3378.9056,3434.0279,3378.9056,3365.1227
110536000,3431.0792,2176100,27639100,3773669500,50490191100,3378.9056,3434.0279,3378.9056,3365.1227
110541000,3430.9906,1342900,12608200,3775012400,50502799300,3378.9056,3434.0279,3378.9056,3365.1227
110547000,3430.2123,1480600,22211400,3776493000,50525010700,3378.9056,3434.0279,3378.9056,3365.1227
110551000,3429.928,1668300,22872600,3778161300,50547883300,3378.9056,3434.0279,3378.9056,3365.1227
110556000,3430.2423,2081500,18128900,3780242800,50566012200,3378.9056,3434.0279,3378.9056,3365.1227
110602000,3429.1811,2617000,34860800,3782859800,50600873000,3378.9056,3434.0279,3378.9056,3365.1227
110606000,3429.2993,1207400,15769100,3784067200,50616642100,3378.9056,3434.0279,3378.9056,3365.1227
110612000,3429.0733,1865600,27127200,3785932800,50643769300,3378.9056,3434.0279,3378.9056,3365.1227
110617000,3428.4617,1572800,23164900,3787505600,50666934200,3378.9056,3434.0279,3378.9056,3365.1227
110621000,3428.2135,1552100,27150200,3789057700,50694084400,3378.9056,3434.0279,3378.9056,3365.1227
110627000,3428.3938,1193400,14641800,3790251100,50708726200,3378.9056,3434.0279,3378.9056,3365.1227
110632000,3428.5805,1255800,20889400,3791506900,50729615600,3378.9056,3434.0279,3378.9056,3365.1227
110636000,3428.9749,1222500,16879000,3792729400,50746494600,3378.9056,3434.0279,3378.9056,3365.1227
110642000,3428.7625,1044300,16024900,3793773700,50762519500,3378.9056,3434.0279,3378.9056,3365.1227
110647000,3428.5845,1845100,26118800,3795618800,50788638300,3378.9056,3434.0279,3378.9056,3365.1227
110651000,3428.8103,1148100,17454400,3796766900,50806092700,3378.9056,3434.0279,3378.9056,3365.1227
110657000,3428.7999,887800,14594400,3797654700,50820687100,3378.9056,3434.0279,3378.9056,3365.1227
110702000,3427.8346,1653400,23904300,3799308100,50844591400,3378.9056,3434.0279,3378.9056,3365.1227
110707000,3428.1848,1039200,18242400,3800347300,50862833800,3378.9056,3434.0279,3378.9056,3365.1227
110712000,3427.9586,849800,10830100,3801197100,50873663900,3378.9056,3434.0279,3378.9056,3365.1227
110717000,3428.0365,1701500,19827600,3802898600,50893491500,3378.9056,3434.0279,3378.9056,3365.1227
110721000,3427.274,1389800,18380900,3804288400,50911872400,3378.9056,3434.0279,3378.9056,3365.1227
110727000,3427.6161,1321000,18495600,3805609400,50930368000,3378.9056,3434.0279,3378.9056,3365.1227
110732000,3427.853,3614000,29100500,3809223400,50959468500,3378.9056,3434.0279,3378.9056,3365.1227
110736000,3427.9373,1527300,16748400,3810750700,50976216900,3378.9056,3434.0279,3378.9056,3365.1227
110742000,3427.8717,1620000,17102100,3812370700,50993319000,3378.9056,3434.0279,3378.9056,3365.1227
110747000,3427.9015,1462600,17731000,3813833300,51011050000,3378.9056,3434.0279,3378.9056,3365.1227
110751000,3427.8646,2235400,24402800,3816068700,51035452800,3378.9056,3434.0279,3378.9056,3365.1227
110757000,3427.6009,1094900,13960800,3817163600,51049413600,3378.9056,3434.0279,3378.9056,3365.1227
110802000,3427.9398,1192600,19137200,3818356200,51068550800,3378.9056,3434.0279,3378.9056,3365.1227
110807000,3427.3932,1214500,14897000,3819570700,51083447800,3378.9056,3434.0279,3378.9056,3365.1227
110812000,3428.0579,1079600,13619700,3820650300,51097067500,3378.9056,3434.0279,3378.9056,3365.1227
110817000,3427.4629,976600,15155000,3821626900,51112222500,3378.9056,3434.0279,3378.9056,3365.1227
110821000,3427.3432,1001000,19052600,3822627900,51131275100,3378.9056,3434.0279,3378.9056,3365.1227
110827000,3427.8095,984200,12322400,3823612100,51143597500,3378.9056,3434.0279,3378.9056,3365.1227
110832000,3428.0414,2019400,22527000,3825631500,51166124500,3378.9056,3434.0279,3378.9056,3365.1227
110837000,3428.2139,819900,14656800,3826451400,51180781300,3378.9056,3434.0279,3378.9056,3365.1227
110842000,3428.2539,605700,11930000,3827057100,51192711300,3378.9056,3434.0279,3378.9056,3365.1227
110847000,3428.3645,1049500,14915600,3828106600,51207626900,3378.9056,3434.0279,3378.9056,3365.1227
110852000,3428.6181,1024700,14853400,3829131300,51222480300,3378.9056,3434.0279,3378.9056,3365.1227
110857000,3428.5536,787600,9997300,3829918900,51232477600,3378.9056,3434.0279,3378.9056,3365.1227
110902000,3428.23,849000,13780800,3830767900,51246258400,3378.9056,3434.0279,3378.9056,3365.1227
110906000,3428.4366,1118400,14276800,3831886300,51260535200,3378.9056,3434.0279,3378.9056,3365.1227
110912000,3428.2818,976100,10680000,3832862400,51271215200,3378.9056,3434.0279,3378.9056,3365.1227
110917000,3428.8255,1055700,14851900,3833918100,51286067100,3378.9056,3434.0279,3378.9056,3365.1227
110921000,3427.7987,774200,14358600,3834692300,51300425700,3378.9056,3434.0279,3378.9056,3365.1227
110927000,3428.6872,919300,14144400,3835611600,51314570100,3378.9056,3434.0279,3378.9056,3365.1227
110932000,3428.8478,1925200,21382000,3837536800,51335952100,3378.9056,3434.0279,3378.9056,3365.1227
110937000,3428.8239,1315300,15944400,3838852100,51351896500,3378.9056,3434.0279,3378.9056,3365.1227
110942000,3428.8415,1446300,13197700,3840298400,51365094200,3378.9056,3434.0279,3378.9056,3365.1227
110947000,3428.804,817400,10986900,3841115800,51376081100,3378.9056,3434.0279,3378.9056,3365.1227
110951000,3428.8629,903000,12278700,3842018800,51388359800,3378.9056,3434.0279,3378.9056,3365.1227
110957000,3428.5167,512900,8194900,3842531700,51396554700,3378.9056,3434.0279,3378.9056,3365.1227
111002000,3428.4639,960200,13629300,3843491900,51410184000,3378.9056,3434.0279,3378.9056,3365.1227
111007000,3428.4548,684800,11215200,3844176700,51421399200,3378.9056,3434.0279,3378.9056,3365.1227
111012000,3428.34,814500,10816900,3844991200,51432216100,3378.9056,3434.0279,3378.9056,3365.1227
111017000,3428.7148,1099900,13949000,3846091100,51446165100,3378.9056,3434.0279,3378.9056,3365.1227
111021000,3427.8191,755100,10420000,3846846200,51456585100,3378.9056,3434.0279,3378.9056,3365.1227
111027000,3428.3766,760800,10874200,3847607000,51467459300,3378.9056,3434.0279,3378.9056,3365.1227
111032000,3428.6616,925100,17296900,3848532100,51484756200,3378.9056,3434.0279,3378.9056,3365.1227
111036000,3428.7691,811200,12823400,3849343300,51497579600,3378.9056,3434.0279,3378.9056,3365.1227
111042000,3429.1677,1028000,12208000,3850371300,51509787600,3378.9056,3434.0279,3378.9056,3365.1227
111047000,3428.8891,1279200,18492500,3851650500,51528280100,3378.9056,3434.0279,3378.9056,3365.1227
111051000,3428.6801,1980300,16978700,3853630800,51545258800,3378.9056,3434.0279,3378.9056,3365.1227
111057000,3428.546,758200,10509000,3854389000,51555767800,3378.9056,3434.0279,3378.9056,3365.1227
111102000,3428.4597,1382100,18282800,3855771100,51574050600,3378.9056,3434.0279,3378.9056,3365.1227
111107000,3428.6512,1456700,20833200,3857227800,51594883800,3378.9056,3434.0279,3378.9056,3365.1227
111112000,3428.6721,1049000,10694700,3858276800,51605578500,3378.9056,3434.0279,3378.9056,3365.1227
111117000,3428.6246,1149000,17780700,3859425800,51623359200,3378.9056,3434.0279,3378.9056,3365.1227
111121000,3427.9649,1758000,17279900,3861183800,51640639100,3378.9056,3434.0279,3378.9056,3365.1227
111127000,3428.6047,1097300,14596300,3862281100,51655235400,3378.9056,3434.0279,3378.9056,3365.1227
111132000,3428.5002,1171700,17075900,3863452800,51672311300,3378.9056,3434.0279,3378.9056,3365.1227
111137000,3428.8726,870400,12064600,3864323200,51684375900,3378.9056,3434.0279,3378.9056,3365.1227
111142000,3429.3117,1133700,14417700,3865456900,51698793600,3378.9056,3434.0279,3378.9056,3365.1227
111147000,3429.1213,1388300,24028600,3866845200,51722822200,3378.9056,3434.0279,3378.9056,3365.1227
111152000,3429.5441,1014900,13407600,3867860100,51736229800,3378.9056,3434.0279,3378.9056,3365.1227
111157000,3429.0326,1317700,14527600,3869177800,51750757400,3378.9056,3434.0279,3378.9056,3365.1227
111202000,3429.3181,1164500,17580600,3870342300,51768338000,3378.9056,3434.0279,3378.9056,3365.1227
111206000,3428.993,1140800,16753900,3871483100,51785091900,3378.9056,3434.0279,3378.9056,3365.1227
111212000,3429.3557,1056800,11919900,3872539900,51797011800,3378.9056,3434.0279,3378.9056,3365.1227
111217000,3429.078,1223100,19894000,3873763000,51816905800,3378.9056,3434.0279,3378.9056,3365.1227
111221000,3428.8131,1698300,19363900,3875461300,51836269700,3378.9056,3434.0279,3378.9056,3365.1227
111227000,3429.2694,1268600,16145400,3876729900,51852415100,3378.9056,3434.0279,3378.9056,3365.1227
111232000,3429.9326,1460100,16200700,3878190000,51868615800,3378.9056,3434.0279,3378.9056,3365.1227
111236000,3430.0195,1317200,16783700,3879507200,51885399500,3378.9056,3434.0279,3378.9056,3365.1227
111242000,3429.8621,607800,7773600,3880115000,51893173100,3378.9056,3434.0279,3378.9056,3365.1227
111247000,3429.9176,1207800,18328800,3881322800,51911501900,3378.9056,3434.0279,3378.9056,3365.1227
111251000,3430.1615,1108500,16488100,3882431300,51927990000,3378.9056,3434.0279,3378.9056,3365.1227
111257000,3429.791,1003200,13443200,3883434500,51941433200,3378.9056,3434.0279,3378.9056,3365.1227
111302000,3429.7698,1227800,26684100,3884662300,51968117300,3378.9056,3434.0279,3378.9056,3365.1227
111307000,3429.674,1272800,20371500,3885935100,51988488800,3378.9056,3434.0279,3378.9056,3365.1227
111312000,3429.7317,1080300,18797700,3887015400,52007286500,3378.9056,3434.0279,3378.9056,3365.1227
111317000,3429.9117,1303800,22006700,3888319200,52029293200,3378.9056,3434.0279,3378.9056,3365.1227
111322000,3429.6848,834400,18696100,3889153600,52047989300,3378.9056,3434.0279,3378.9056,3365.1227
111327000,3429.584,923200,15883300,3890076800,52063872600,3378.9056,3434.0279,3378.9056,3365.1227
111332000,3430.3103,1301100,17568200,3891377900,52081440800,3378.9056,3434.0279,3378.9056,3365.1227
111337000,3430.1911,1280000,18308300,3892657900,52099749100,3378.9056,3434.0279,3378.9056,3365.1227
111342000,3430.3682,1091200,17577800,3893749100,52117326900,3378.9056,3434.0279,3378.9056,3365.1227
111347000,3430.3378,1102100,22519100,3894851200,52139846000,3378.9056,3434.0279,3378.9056,3365.1227
111351000,3430.3486,999100,18019500,3895850300,52157865500,3378.9056,3434.0279,3378.9056,3365.1227
111357000,3430.6152,902900,15499600,3896753200,52173365100,3378.9056,3434.0279,3378.9056,3365.1227
111402000,3430.5884,1239900,23804700,3897993100,52197169800,3378.9056,3434.0279,3378.9056,3365.1227
111406000,3430.1196,1171700,14832900,3899164800,52212002700,3378.9056,3434.0279,3378.9056,3365.1227
111412000,3430.1631,705800,10232400,3899870600,52222235100,3378.9056,3434.0279,3378.9056,3365.1227
111417000,3430.598,1400900,21723200,3901271500,52243958300,3378.9056,3434.0279,3378.9056,3365.1227
111421000,3430.229,1491800,20584900,3902763300,52264543200,3378.9056,3434.0279,3378.9056,3365.1227
111427000,3430.2027,830300,14058700,3903593600,52278601900,3378.9056,3434.0279,3378.9056,3365.1227
111432000,3430.6004,1338700,22549900,3904932300,52301151800,3378.9056,3434.0279,3378.9056,3365.1227
111437000,3430.7322,1146100,18497100,3906078400,52319648900,3378.9056,3434.0279,3378.9056,3365.1227
111442000,3430.8722,669700,10535800,3906748100,52330184700,3378.9056,3434.0279,3378.9056,3365.1227
111447000,3430.8543,988400,13785500,3907736500,52343970200,3378.9056,3434.0279,3378.9056,3365.1227
111451000,3430.8755,1042000,15687500,3908778500,52359657700,3378.9056,3434.0279,3378.9056,3365.1227
111457000,3430.8567,1546300,19022500,3910324800,52378680200,3378.9056,3434.0279,3378.9056,3365.1227
111502000,3431.5635,1492100,21116600,3911816900,52399796800,3378.9056,3434.0279,3378.9056,3365.1227
111507000,3430.9857,1982200,23743800,3913799100,52423540600,3378.9056,3434.0279,3378.9056,3365.1227
111512000,3431.1591,1043300,14938400,3914842400,52438479000,3378.9056,3434.0279,3378.9056,3365.1227
111517000,3431.714,1252000,22249200,3916094400,52460728200,3378.9056,3434.0279,3378.9056,3365.1227
111522000,3430.7674,1229300,24554900,3917323700,52485283100,3378.9056,3434.0279,3378.9056,3365.1227
111527000,3431.5608,1272300,20256600,3918596000,52505539700,3378.9056,3434.0279,3378.9056,3365.1227
111532000,3431.3788,947300,14041500,3919543300,52519581200,3378.9056,3434.0279,3378.9056,3365.1227
111536000,3431.6583,1048500,15167600,3920591800,52534748800,3378.9056,3434.0279,3378.9056,3365.1227
111542000,3432.0542,892900,13942300,3921484700,52548691100,3378.9056,3434.0279,3378.9056,3365.1227
111547000,3431.2432,1696600,25936700,3923181300,52574627800,3378.9056,3434.0279,3378.9056,3365.1227
111552000,3431.8957,1372500,22760500,3924553800,52597388300,3378.9056,3434.0279,3378.9056,3365.1227
111557000,3431.6452,1886900,23550800,3926440700,52620939100,3378.9056,3434.0279,3378.9056,3365.1227
111602000,3432.0655,1186100,19039600,3927626800,52639978700,3378.9056,3434.0279,3378.9056,3365.1227
111607000,3431.8283,1563100,25581000,3929189900,52665559700,3378.9056,3434.0279,3378.9056,3365.1227
111612000,3432.1549,830700,15042200,3930020600,52680601900,3378.9056,3434.0279,3378.9056,3365.1227
111617000,3432.0153,1156900,16604400,3931177500,52697206300,3378.9056,3434.0279,3378.9056,3365.1227
111622000,3431.6405,1326300,27327500,3932503800,52724533800,3378.9056,3434.0279,3378.9056,3365.1227
111627000,3431.9122,889500,22225700,3933393300,52746759500,3378.9056,3434.0279,3378.9056,3365.1227
111632000,3431.9189,1316200,20473400,3934709500,52767232900,3378.9056,3434.0279,3378.9056,3365.1227
111637000,3432.3838,1509700,24988600,3936219200,52792221500,3378.9056,3434.0279,3378.9056,3365.1227
111642000,3432.3193,869500,13255600,3937088700,52805477100,3378.9056,3434.0279,3378.9056,3365.1227
111647000,3432.1446,1325000,18191000,3938413700,52823668100,3378.9056,3434.0279,3378.9056,3365.1227
111652000,3432.264,1420100,21127000,3939833800,52844795100,3378.9056,3434.0279,3378.9056,3365.1227
111657000,3432.3104,1578200,19635400,3941412000,52864430500,3378.9056,3434.0279,3378.9056,3365.1227
111703000,3431.9528,1931000,25028200,3943343000,52889458700,3378.9056,3434.0279,3378.9056,3365.1227
111707000,3432.1131,1705300,28286400,3945048300,52917745100,3378.9056,3434.0279,3378.9056,3365.1227
111712000,3432.5301,1454500,20134500,3946502800,52937879600,3378.9056,3434.0279,3378.9056,3365.1227
111717000,3432.3036,1841900,27390200,3948344700,52965269800,3378.9056,3434.0279,3378.9056,3365.1227
111723000,3431.8818,1277100,20688100,3949621800,52985957900,3378.9056,3434.0279,3378.9056,3365.1227
111728000,3432.3189,2404700,40149500,3952026500,53026107400,3378.9056,3434.0279,3378.9056,3365.1227
111732000,3432.4533,795600,15688900,3952822100,53041796300,3378.9056,3434.0279,3378.9056,3365.1227
111738000,3432.7397,1422600,24978200,3954244700,53066774500,3378.9056,3434.0279,3378.9056,3365.1227
111742000,3433.0268,627300,11782000,3954872000,53078556500,3378.9056,3434.0279,3378.9056,3365.1227
111748000,3433.4183,2091900,43723200,3956963900,53122279700,3378.9056,3434.0279,3378.9056,3365.1227
111752000,3433.5616,1479600,24520100,3958443500,53146799800,3378.9056,3434.0279,3378.9056,3365.1227
111757000,3433.6787,3076600,39722200,3961520100,53186522000,3378.9056,3434.0279,3378.9056,3365.1227
111803000,3433.7656,1423400,23864600,3962943500,53210386600,3378.9056,3434.0279,3378.9056,3365.1227
111808000,3433.7975,2080700,37274700,3965024200,53247661300,3378.9056,3434.0279,3378.9056,3365.1227
111813000,3434.1714,2716200,41857000,3967740400,53289518300,3378.9056,3434.1714,3378.9056,3365.1227
111818000,3433.9914,1356500,17766700,3969096900,53307285000,3378.9056,3434.1714,3378.9056,3365.1227
111823000,3433.6206,4305600,41726100,3973402500,53349011100,3378.9056,3434.1714,3378.9056,3365.1227
111828000,3434.4622,2353800,42537200,3975756300,53391548300,3378.9056,3434.4622,3378.9056,3365.1227
111833000,3434.353,1930600,24618100,3977686900,53416166400,3378.9056,3434.4622,3378.9056,3365.1227
111838000,3434.1398,1781100,29764100,3979468000,53445930500,3378.9056,3434.4906,3378.9056,3365.1227
111843000,3434.5102,1413200,25856600,3980881200,53471787100,3378.9056,3434.526,3378.9056,3365.1227
111848000,3434.6298,1076400,18122300,3981957600,53489909400,3378.9056,3434.7436,3378.9056,3365.1227
111853000,3434.6016,1939800,31114400,3983897400,53521023800,3378.9056,3434.923,3378.9056,3365.1227
111858000,3435.2942,2363600,40355300,3986261000,53561379100,3378.9056,3435.2942,3378.9056,3365.1227
111903000,3435.1882,2636400,38309400,3988897400,53599688500,3378.9056,3435.8093,3378.9056,3365.1227
111908000,3435.1585,2275000,35849900,3991172400,53635538400,3378.9056,3435.8093,3378.9056,3365.1227
111913000,3435.1197,1522300,35896500,3992694700,53671434900,3378.9056,3435.8093,3378.9056,3365.1227
111918000,3435.2548,1776800,26224500,3994471500,53697659400,3378.9056,3435.8093,3378.9056,3365.1227
111923000,3434.5634,2097000,32711800,3996568500,53730371200,3378.9056,3435.8093,3378.9056,3365.1227
111928000,3434.7102,1983000,29726700,3998551500,53760097900,3378.9056,3435.8093,3378.9056,3365.1227
111933000,3435.4331,1754900,23457500,4000306400,53783555400,3378.9056,3435.8093,3378.9056,3365.1227
111938000,3434.8336,1747900,29536100,4002054300,53813091500,3378.9056,3435.8093,3378.9056,3365.1227
111943000,3435.8029,2043500,34865300,4004097800,53847956800,3378.9056,3435.8093,3378.9056,3365.1227
111948000,3435.2142,3521100,34763600,4007618900,53882720400,3378.9056,3435.8093,3378.9056,3365.1227
111953000,3434.4556,2999600,39254600,4010618500,53921975000,3378.9056,3435.8093,3378.9056,3365.1227
111958000,3435.1839,2664300,39063700,4013282800,53961038700,3378.9056,3435.8093,3378.9056,3365.1227
112003000,3435.1319,1643000,25385000,4014925800,53986423700,3378.9056,3435.8093,3378.9056,3365.1227
112008000,3434.6802,2411500,32041200,4017337300,54018464900,3378.9056,3435.8093,3378.9056,3365.1227
112013000,3434.5008,2898400,34142200,4020235700,54052607100,3378.9056,3435.8093,3378.9056,3365.1227
112018000,3434.7501,1507700,19929900,4021743400,54072537000,3378.9056,3435.8093,3378.9056,3365.1227
112023000,3434.3286,2133100,34865000,4023876500,54107402000,3378.9056,3435.8093,3378.9056,3365.1227
112028000,3434.7275,1799400,34409700,4025675900,54141811700,3378.9056,3435.8093,3378.9056,3365.1227
112033000,3433.9527,1897600,24541100,4027573500,54166352800,3378.9056,3435.8093,3378.9056,3365.1227
112038000,3433.4834,3315100,45836700,4030888600,54212189500,3378.9056,3435.8093,3378.9056,3365.1227
112043000,3433.2881,4111200,50727100,4034999800,54262916600,3378.9056,3435.8093,3378.9056,3365.1227
112048000,3431.9959,3386500,31698800,4038386300,54294615400,3378.9056,3435.8093,3378.9056,3365.1227
112053000,3431.7113,3546600,42876400,4041932900,54337491800,3378.9056,3435.8093,3378.9056,3365.1227
112058000,3431.9355,3153000,42934100,4045085900,54380425900,3378.9056,3435.8093,3378.9056,3365.1227
112103000,3431.9867,2316700,28289300,4047402600,54408715200,3378.9056,3435.8093,3378.9056,3365.1227
112108000,3431.2601,2643100,32208100,4050045700,54440923300,3378.9056,3435.8093,3378.9056,3365.1227
112113000,3431.1257,1724700,26356200,4051770400,54467279500,3378.9056,3435.8093,3378.9056,3365.1227
112118000,3431.1237,2093900,22581800,4053864300,54489861300,3378.9056,3435.8093,3378.9056,3365.1227
112123000,3431.1278,1890000,23054900,4055754300,54512916200,3378.9056,3435.8093,3378.9056,3365.1227
112128000,3431.2615,1660700,22574600,4057415000,54535490800,3378.9056,3435.8093,3378.9056,3365.1227
112133000,3431.6555,1046500,16825500,4058461500,54552316300,3378.9056,3435.8093,3378.9056,3365.1227
112138000,3431.2371,1470800,25023200,4059932300,54577339500,3378.9056,3435.8093,3378.9056,3365.1227
112143000,3431.2954,1204700,20902600,4061137000,54598242100,3378.9056,3435.8093,3378.9056,3365.1227
112148000,3431.9169,989200,17573700,4062126200,54615815800,3378.9056,3435.8093,3378.9056,3365.1227
112153000,3431.4194,1029800,18088500,4063156000,54633904300,3378.9056,3435.8093,3378.9056,3365.1227
112158000,3431.7155,881200,12937000,4064037200,54646841300,3378.9056,3435.8093,3378.9056,3365.1227
112203000,3431.4017,1551700,18264400,4065588900,54665105700,3378.9056,3435.8093,3378.9056,3365.1227
112208000,3431.239,1206200,18641300,4066795100,54683747000,3378.9056,3435.8093,3378.9056,3365.1227
112213000,3431.7903,1264800,20620700,4068059900,54704367700,3378.9056,3435.8093,3378.9056,3365.1227
112218000,3431.5519,1826400,14874000,4069886300,54719241700,3378.9056,3435.8093,3378.9056,3365.1227
112223000,3431.1108,1190400,17958400,4071076700,54737200100,3378.9056,3435.8093,3378.9056,3365.1227
112228000,3431.1775,1153200,15340200,4072229900,54752540300,3378.9056,3435.8093,3378.9056,3365.1227
112233000,3432.2108,1134300,14331500,4073364200,54766871800,3378.9056,3435.8093,3378.9056,3365.1227
112238000,3431.7138,1097600,17689700,4074461800,54784561500,3378.9056,3435.8093,3378.9056,3365.1227
112243000,3432.1053,1050300,15072700,4075512100,54799634200,3378.9056,3435.8093,3378.9056,3365.1227
112248000,3431.645,994600,11348100,4076506700,54810982300,3378.9056,3435.8093,3378.9056,3365.1227
112253000,3432.4142,1414300,21730900,4077921000,54832713200,3378.9056,3435.8093,3378.9056,3365.1227
112258000,3431.6334,1008400,16562000,4078929400,54849275200,3378.9056,3435.8093,3378.9056,3365.1227
112303000,3432.0429,887600,10884900,4079817000,54860160100,3378.9056,3435.8093,3378.9056,3365.1227
112308000,3431.6764,1243900,16670100,4081060900,54876830200,3378.9056,3435.8093,3378.9056,3365.1227
112313000,3431.4556,1017800,14810600,4082078700,54891640800,3378.9056,3435.8093,3378.9056,3365.1227
112318000,3432.0672,1018600,13747100,4083097300,54905387900,3378.9056,3435.8093,3378.9056,3365.1227
112323000,3431.4388,1626800,19211400,4084724100,54924599300,3378.9056,3435.8093,3378.9056,3365.1227
112328000,3432.7224,1461100,21769500,4086185200,54946368800,3378.9056,3435.8093,3378.9056,3365.1227
112333000,3432.4769,1166400,14596200,4087351600,54960965000,3378.9056,3435.8093,3378.9056,3365.1227
112338000,3433.102,1522200,18383000,4088873800,54979348000,3378.9056,3435.8093,3378.9056,3365.1227
112343000,3433.0199,1661500,20833600,4090535300,55000181600,3378.9056,3435.8093,3378.9056,3365.1227
112348000,3433.0422,947000,11158800,4091482300,55011340400,3378.9056,3435.8093,3378.9056,3365.1227
112353000,3432.6607,1527900,20100400,4093010200,55031440800,3378.9056,3435.8093,3378.9056,3365.1227
112358000,3432.7962,1198100,22133800,4094208300,55053574600,3378.9056,3435.8093,3378.9056,3365.1227
112403000,3432.6964,978600,12903100,4095186900,55066477700,3378.9056,3435.8093,3378.9056,3365.1227
112408000,3432.5674,1340600,17763500,4096527500,55084241200,3378.9056,3435.8093,3378.9056,3365.1227
112413000,3432.8727,1032000,14853100,4097559500,55099094300,3378.9056,3435.8093,3378.9056,3365.1227
112418000,3432.7695,1083600,14780900,4098643100,55113875200,3378.9056,3435.8093,3378.9056,3365.1227
112423000,3432.341,1788100,18506800,4100431200,55132382000,3378.9056,3435.8093,3378.9056,3365.1227
112428000,3432.2415,1457900,20264500,4101889100,55152646500,3378.9056,3435.8093,3378.9056,3365.1227
112433000,3432.8879,1022900,14064600,4102912000,55166711100,3378.9056,3435.8093,3378.9056,3365.1227
112438000,3432.2028,1611000,22943400,4104523000,55189654500,3378.9056,3435.8093,3378.9056,3365.1227
112442000,3432.9132,1398900,20311800,4105921900,55209966300,3378.9056,3435.8093,3378.9056,3365.1227
112448000,3431.8393,1514800,19946800,4107436700,55229913100,3378.9056,3435.8093,3378.9056,3365.1227
112453000,3432.5718,1422700,27229500,4108859400,55257142600,3378.9056,3435.8093,3378.9056,3365.1227
112458000,3432.1973,1358800,28153700,4110218200,55285296300,3378.9056,3435.8093,3378.9056,3365.1227
112503000,3431.7266,1379900,19052500,4111598100,55304348800,3378.9056,3435.8093,3378.9056,3365.1227
112508000,3431.397,1448700,21920400,4113046800,55326269200,3378.9056,3435.8093,3378.9056,3365.1227
112512000,3431.1198,1357400,23742000,4114404200,55350011200,3378.9056,3435.8093,3378.9056,3365.1227
112518000,3431.4467,1146200,17138100,4115550400,55367149300,3378.9056,3435.8093,3378.9056,3365.1227
112523000,3430.3679,1571800,22177200,4117122200,55389326500,3378.9056,3435.8093,3378.9056,3365.1227
112528000,3431.357,1110100,14311100,4118232300,55403637600,3378.9056,3435.8093,3378.9056,3365.1227
112533000,3431.6618,1128600,14264900,4119360900,55417902500,3378.9056,3435.8093,3378.9056,3365.1227
112538000,3431.7306,1130400,16324200,4120491300,55434226700,3378.9056,3435.8093,3378.9056,3365.1227
112543000,3431.9275,1087300,15462600,4121578600,55449689300,3378.9056,3435.8093,3378.9056,3365.1227
112548000,3431.8291,1357900,13918100,4122936500,55463607400,3378.9056,3435.8093,3378.9056,3365.1227
112553000,3432.0177,1246900,16712000,4124183400,55480319400,3378.9056,3435.8093,3378.9056,3365.1227
112558000,3431.6007,961000,14893900,4125144400,55495213300,3378.9056,3435.8093,3378.9056,3365.1227
112603000,3431.5635,990800,12700800,4126135200,55507914100,3378.9056,3435.8093,3378.9056,3365.1227
112608000,3431.7935,1645000,18293800,4127780200,55526207900,3378.9056,3435.8093,3378.9056,3365.1227
112613000,3432.1888,1123900,15752500,4128904100,55541960400,3378.9056,3435.8093,3378.9056,3365.1227
112618000,3431.8566,899800,12693400,4129803900,55554653800,3378.9056,3435.8093,3378.9056,3365.1227
112623000,3431.5953,973000,12028000,4130776900,55566681800,3378.9056,3435.8093,3378.9056,3365.1227
112627000,3431.6531,828300,12113700,4131605200,55578795500,3378.9056,3435.8093,3378.9056,3365.1227
112633000,3432.2536,871900,12285800,4132477100,55591081300,3378.9056,3435.8093,3378.9056,3365.1227
112638000,3432.2588,1221800,16966100,4133698900,55608047400,3378.9056,3435.8093,3378.9056,3365.1227
112643000,3432.4764,1018900,19509900,4134717800,55627557300,3378.9056,3435.8093,3378.9056,3365.1227
112648000,3432.7073,974600,14339900,4135692400,55641897200,3378.9056,3435.8093,3378.9056,3365.1227
112653000,3432.7851,1278100,18503400,4136970500,55660400600,3378.9056,3435.8093,3378.9056,3365.1227
112658000,3433.2684,1056000,14457000,4138026500,55674857600,3378.9056,3435.8093,3378.9056,3365.1227
112703000,3432.7778,1241000,14889700,4139267500,55689747300,3378.9056,3435.8093,3378.9056,3365.1227
112708000,3432.7063,1343400,18983800,4140610900,55708731100,3378.9056,3435.8093,3378.9056,3365.1227
112713000,3432.4045,1425000,18789700,4142035900,55727520800,3378.9056,3435.8093,3378.9056,3365.1227
112718000,3432.9022,1249600,14951100,4143285500,55742471900,3378.9056,3435.8093,3378.9056,3365.1227
112723000,3432.283,1710100,23643100,4144995600,55766115000,3378.9056,3435.8093,3378.9056,3365.1227
112728000,3432.6702,1040000,15739900,4146035600,55781854900,3378.9056,3435.8093,3378.9056,3365.1227
112733000,3433.1903,1167600,13790500,4147203200,55795645400,3378.9056,3435.8093,3378.9056,3365.1227
112738000,3433.1012,956200,14549900,4148159400,55810195300,3378.9056,3435.8093,3378.9056,3365.1227
112743000,3433.3628,1003800,17182500,4149163200,55827377800,3378.9056,3435.8093,3378.9056,3365.1227
112748000,3433.1793,863300,13973700,4150026500,55841351500,3378.9056,3435.8093,3378.9056,3365.1227
112753000,3433.4548,1428400,20691400,4151454900,55862042900,3378.9056,3435.8093,3378.9056,3365.1227
112758000,3433.6764,1829200,21751000,4153284100,55883793900,3378.9056,3435.8093,3378.9056,3365.1227
112803000,3433.754,1090400,13675700,4154374500,55897469600,3378.9056,3435.8093,3378.9056,3365.1227
112808000,3433.4624,1172900,16511000,4155547400,55913980600,3378.9056,3435.8093,3378.9056,3365.1227
112813000,3433.5493,1022000,13479900,4156569400,55927460500,3378.9056,3435.8093,3378.9056,3365.1227
112818000,3433.4182,986600,12238600,4157556000,55939699100,3378.9056,3435.8093,3378.9056,3365.1227
112823000,3433.334,1228100,14880800,4158784100,55954579900,3378.9056,3435.8093,3378.9056,3365.1227
112828000,3433.4926,1178000,14069000,4159962100,55968648900,3378.9056,3435.8093,3378.9056,3365.1227
112833000,3433.6458,882900,12246300,4160845000,55980895200,3378.9056,3435.8093,3378.9056,3365.1227
112838000,3432.8847,1271800,16965800,4162116800,55997861000,3378.9056,3435.8093,3378.9056,3365.1227
112843000,3433.0886,1128500,13320400,4163245300,56011181400,3378.9056,3435.8093,3378.9056,3365.1227
112848000,3433.6041,720100,10398600,4163965400,56021580000,3378.9056,3435.8093,3378.9056,3365.1227
112853000,3433.7091,1356300,18434600,4165321700,56040014600,3378.9056,3435.8093,3378.9056,3365.1227
112858000,3433.604,1162200,16558700,4166483900,56056573300,3378.9056,3435.8093,3378.9056,3365.1227
112903000,3433.9017,853300,11718200,4167337200,56068291500,3378.9056,3435.8093,3378.9056,3365.1227
112908000,3433.3512,1741800,25719300,4169079000,56094010800,3378.9056,3435.8093,3378.9056,3365.1227
112913000,3433.7059,1238400,16531300,4170317400,56110542100,3378.9056,3435.8093,3378.9056,3365.1227
112918000,3433.3457,1064800,13382200,4171382200,56123924300,3378.9056,3435.8093,3378.9056,3365.1227
112923000,3433.3202,955100,18406500,4172337300,56142330800,3378.9056,3435.8093,3378.9056,3365.1227
112928000,3433.3442,868700,14184000,4173206000,56156514800,3378.9056,3435.8093,3378.9056,3365.1227
112933000,3433.9966,1464500,15762600,4174670500,56172277400,3378.9056,3435.8093,3378.9056,3365.1227
112939000,3433.6737,1374700,22881900,4176045200,56195159300,3378.9056,3435.8093,3378.9056,3365.1227
112943000,3434.4574,1235600,14201400,4177280800,56209360700,3378.9056,3435.8093,3378.9056,3365.1227
112948000,3434.1322,932700,11892400,4178213500,56221253100,3378.9056,3435.8093,3378.9056,3365.1227
112953000,3434.23,1982200,22228900,4180195700,56243482000,3378.9056,3435.8093,3378.9056,3365.1227
112959000,3434.5084,933000,13673500,4181128700,56257155500,3378.9056,3435.8093,3378.9056,3365.1227
113000000,3434.3764,270000,4109700,4181398700,56261265200,3378.9056,3435.8093,3378.9056,3365.1227
113003000,3434.3752,32000,531300,4181430700,56261796500,3378.9056,3435.8093,3378.9056,3365.1227
130000000,3434.3634,725300,7184000,4182156000,56268980500,3378.9056,3435.8093,3378.9056,3365.1227
130006000,3435.6856,29776000,318773200,4211932000,56587753700,3378.9056,3435.8093,3378.9056,3365.1227
130011000,3435.9107,4239800,53722500,4216171800,56641476200,3378.9056,3436.1776,3378.9056,3365.1227
130016000,3436.6784,2369800,26615700,4218541600,56668091900,3378.9056,3436.6784,3378.9056,3365.1227
130021000,3436.5016,1593500,21890800,4220135100,56689982700,3378.9056,3436.8979,3378.9056,3365.1227
130026000,3435.844,1512300,20566200,4221647400,56710548900,3378.9056,3436.8979,3378.9056,3365.1227
130031000,3436.3102,1146800,22263900,4222794200,56732812800,3378.9056,3436.8979,3378.9056,3365.1227
130036000,3436.2761,1272900,17944200,4224067100,56750757000,3378.9056,3436.8979,3378.9056,3365.1227
130041000,3436.5419,2126200,25681000,4226193300,56776438000,3378.9056,3436.8979,3378.9056,3365.1227
130046000,3436.2885,1353100,22160700,4227546400,56798598700,3378.9056,3436.8979,3378.9056,3365.1227
130051000,3436.6084,833700,11362000,4228380100,56809960700,3378.9056,3436.8979,3378.9056,3365.1227
130056000,3436.6761,1125700,19355700,4229505800,56829316400,3378.9056,3436.8979,3378.9056,3365.1227
130101000,3436.6749,1612300,24904500,4231118100,56854220900,3378.9056,3436.8979,3378.9056,3365.1227
130106000,3436.3631,1162400,17966300,4232280500,56872187200,3378.9056,3436.8979,3378.9056,3365.1227
130111000,3436.1877,1391900,23599800,4233672400,56895787000,3378.9056,3436.8979,3378.9056,3365.1227
130116000,3435.9308,1639600,22017700,4235312000,56917804700,3378.9056,3436.9393,3378.9056,3365.1227
130121000,3435.3422,3180700,35352900,4238492700,56953157600,3378.9056,3436.9393,3378.9056,3365.1227
130126000,3433.9306,5219500,67819900,4243712200,57020977500,3378.9056,3436.9393,3378.9056,3365.1227
130131000,3433.9957,2138800,38357000,4245851000,57059334500,3378.9056,3436.9393,3378.9056,3365.1227
130136000,3433.8786,1427700,17189300,4247278700,57076523800,3378.9056,3436.9393,3378.9056,3365.1227
130141000,3433.8516,968700,20286100,4248247400,57096809900,3378.9056,3436.9393,3378.9056,3365.1227
130146000,3433.4508,1634700,23871700,4249882100,57120681600,3378.9056,3436.9393,3378.9056,3365.1227
130151000,3434.0802,1039200,11547300,4250921300,57132228900,3378.9056,3436.9393,3378.9056,3365.1227
130156000,3434.2365,1096600,18626100,4252017900,57150855000,3378.9056,3436.9393,3378.9056,3365.1227
130201000,3434.1457,1104700,17246300,4253122600,57168101300,3378.9056,3436.9393,3378.9056,3365.1227
130206000,3434.4234,1213100,24379700,4254335700,57192481000,3378.9056,3436.9393,3378.9056,3365.1227
130211000,3433.8299,1684400,31602800,4256020100,57224083800,3378.9056,3436.9393,3378.9056,3365.1227
130216000,3434.0679,1376800,19715500,4257396900,57243799300,3378.9056,3436.9393,3378.9056,3365.1227
130221000,3433.9996,892500,16472200,4258289400,57260271500,3378.9056,3436.9393,3378.9056,3365.1227
130226000,3433.1121,1023800,15506400,4259313200,57275777900,3378.9056,3436.9393,3378.9056,3365.1227
130231000,3433.4546,1017300,14205000,4260330500,57289982900,3378.9056,3436.9393,3378.9056,3365.1227
130236000,3433.622,1032900,14004400,4261363400,57303987300,3378.9056,3436.9393,3378.9056,3365.1227
130241000,3434.1872,888800,14241100,4262252200,57318228400,3378.9056,3436.9393,3378.9056,3365.1227
130246000,3434.4217,1088500,14222700,4263340700,57332451100,3378.9056,3436.9393,3378.9056,3365.1227
130251000,3434.3574,889200,10755400,4264229900,57343206500,3378.9056,3436.9393,3378.9056,3365.1227
130256000,3434.4509,905800,21285400,4265135700,57364491900,3378.9056,3436.9393,3378.9056,3365.1227
130301000,3434.4005,1056300,21340600,4266192000,57385832500,3378.9056,3436.9393,3378.9056,3365.1227
130306000,3434.674,807400,15256200,4266999400,57401088700,3378.9056,3436.9393,3378.9056,3365.1227
130311000,3434.5872,975600,19313100,4267975000,57420401800,3378.9056,3436.9393,3378.9056,3365.1227
130316000,3434.8616,1288600,17700500,4269263600,57438102300,3378.9056,3436.9393,3378.9056,3365.1227
130321000,3434.1703,626900,14725300,4269890500,57452827600,3378.9056,3436.9393,3378.9056,3365.1227
130326000,3434.1008,931900,18597600,4270822400,57471425200,3378.9056,3436.9393,3378.9056,3365.1227
130331000,3434.0677,1289200,21658800,4272111600,57493084000,3378.9056,3436.9393,3378.9056,3365.1227
130336000,3434.5735,834100,13720000,4272945700,57506804000,3378.9056,3436.9393,3378.9056,3365.1227
130341000,3434.793,1242900,20765700,4274188600,57527569700,3378.9056,3436.9393,3378.9056,3365.1227
130346000,3434.9436,1241500,22263900,4275430100,57549833600,3378.9056,3436.9393,3378.9056,3365.1227
130351000,3434.6916,978900,14366300,4276409000,57564199900,3378.9056,3436.9393,3378.9056,3365.1227
130356000,3434.7274,1020900,17780800,4277429900,57581980700,3378.9056,3436.9393,3378.9056,3365.1227
130401000,3435.0763,1870900,23861600,4279300800,57605842300,3378.9056,3436.9393,3378.9056,3365.1227
130406000,3435.346,893400,14244700,4280194200,57620087000,3378.9056,3436.9393,3378.9056,3365.1227
130411000,3435.2388,1345300,23470600,4281539500,57643557600,3378.9056,3436.9393,3378.9056,3365.1227
130416000,3435.2269,1090300,15678700,4282629800,57659236300,3378.9056,3436.9393,3378.9056,3365.1227
130421000,3434.6839,1016800,11835300,4283646600,57671071600,3378.9056,3436.9393,3378.9056,3365.1227
130426000,3434.1669,1058800,15999100,4284705400,57687070700,3378.9056,3436.9393,3378.9056,3365.1227
130431000,3434.921,1433900,20457300,4286139300,57707528000,3378.9056,3436.9393,3378.9056,3365.1227
130436000,3434.6511,958800,12606100,4287098100,57720134100,3378.9056,3436.9393,3378.9056,3365.1227
130441000,3434.8143,1054200,16223800,4288152300,57736357900,3378.9056,3436.9393,3378.9056,3365.1227
130446000,3435.4337,1138700,22096500,4289291000,57758454400,3378.9056,3436.9393,3378.9056,3365.1227
130451000,3435.2927,1300700,15256000,4290591700,57773710400,3378.9056,3436.9393,3378.9056,3365.1227
130456000,3435.4816,723800,11915100,4291315500,57785625500,3378.9056,3436.9393,3378.9056,3365.1227
130501000,3435.3035,1715300,27741700,4293030800,57813367200,3378.9056,3436.9393,3378.9056,3365.1227
130506000,3435.4689,1695600,25027800,4294726400,57838395000,3378.9056,3436.9393,3378.9056,3365.1227
130511000,3435.3462,2327400,34154300,4297053800,57872549300,3378.9056,3436.9393,3378.9056,3365.1227
130516000,3435.7317,1673200,24657700,4298727000,57897207000,3378.9056,3436.9393,3378.9056,3365.1227
130521000,3435.4249,785000,17461700,4299512000,57914668700,3378.9056,3436.9393,3378.9056,3365.1227
130526000,3435.0186,1437000,33536600,4300949000,57948205300,3378.9056,3436.9393,3378.9056,3365.1227
130531000,3435.0696,1354200,20979900,4302303200,57969185200,3378.9056,3436.9393,3378.9056,3365.1227
130536000,3435.5315,1096000,18732400,4303399200,57987917600,3378.9056,3436.9393,3378.9056,3365.1227
130541000,3435.7652,1620400,27755700,4305019600,58015673300,3378.9056,3436.9393,3378.9056,3365.1227
130546000,3435.9821,2759000,31153700,4307778600,58046827000,3378.9056,3436.9393,3378.9056,3365.1227
130551000,3436.2868,1611300,20582600,4309389900,58067409600,3378.9056,3436.9393,3378.9056,3365.1227
130556000,3436.177,1736800,27596900,4311126700,58095006500,3378.9056,3436.9393,3378.9056,3365.1227
130601000,3436.1875,1531900,26102800,4312658600,58121109300,3378.9056,3436.9393,3378.9056,3365.1227
130606000,3436.4374,1458300,20463500,4314116900,58141572800,3378.9056,3436.9393,3378.9056,3365.1227
130611000,3436.2755,2840500,29102200,4316957400,58170675000,3378.9056,3436.9393,3378.9056,3365.1227
130616000,3435.8915,1603400,29648700,4318560800,58200323700,3378.9056,3436.9393,3378.9056,3365.1227
130621000,3435.8388,1479300,22624300,4320040100,58222948000,3378.9056,3436.9393,3378.9056,3365.1227
130626000,3435.5313,1374400,22567500,4321414500,58245515500,3378.9056,3436.9393,3378.9056,3365.1227
130631000,3435.657,1582400,19790900,4322996900,58265306400,3378.9056,3436.9393,3378.9056,3365.1227
130636000,3435.9868,1209500,19943100,4324206400,58285249500,3378.9056,3436.9393,3378.9056,3365.1227
130641000,3436.6152,1028000,18354000,4325234400,58303603500,3378.9056,3436.9413,3378.9056,3365.1227
130647000,3436.3561,1262500,20767000,4326496900,58324370500,3378.9056,3436.9413,3378.9056,3365.1227
130651000,3436.2751,1285600,15171300,4327782500,58339541800,3378.9056,3436.9413,3378.9056,3365.1227
130657000,3436.6986,1694200,28386800,4329476700,58367928600,3378.9056,3437.0131,3378.9056,3365.1227
130701000,3436.4956,1285300,24421800,4330762000,58392350400,3378.9056,3437.0131,3378.9056,3365.1227
130706000,3436.8052,890200,14472400,4331652200,58406822800,3378.9056,3437.0131,3378.9056,3365.1227
130712000,3436.7894,1413400,27071700,4333065600,58433894500,3378.9056,3437.2118,3378.9056,3365.1227
130717000,3436.9848,1621800,21301300,4334687400,58455195800,3378.9056,3437.2118,3378.9056,3365.1227
130721000,3436.4361,906200,13317200,4335593600,58468513000,3378.9056,3437.2118,3378.9056,3365.1227
130727000,3435.7562,1357300,25669400,4336950900,58494182400,3378.9056,3437.2118,3378.9056,3365.1227
130731000,3435.8799,1431000,23733900,4338381900,58517916300,3378.9056,3437.2118,3378.9056,3365.1227
130737000,3436.5708,1926900,31353500,4340308800,58549269800,3378.9056,3437.2118,3378.9056,3365.1227
130742000,3436.8736,1301200,15383700,4341610000,58564653500,3378.9056,3437.2118,3378.9056,3365.1227
130747000,3436.7138,1225700,17358500,4342835700,58582012000,3378.9056,3437.2118,3378.9056,3365.1227
130752000,3436.8696,1301300,25072800,4344137000,58607084800,3378.9056,3437.2118,3378.9056,3365.1227
130757000,3436.6268,2411800,18539500,4346548800,58625624300,3378.9056,3437.2118,3378.9056,3365.1227
130802000,3436.8455,1060800,17726300,4347609600,58643350600,3378.9056,3437.2118,3378.9056,3365.1227
130807000,3436.825,1427500,28548400,4349037100,58671899000,3378.9056,3437.2118,3378.9056,3365.1227
130812000,3437.2462,1131400,18741200,4350168500,58690640200,3378.9056,3437.2462,3378.9056,3365.1227
130817000,3436.8247,1386500,26349700,4351555000,58716989900,3378.9056,3437.2462,3378.9056,3365.1227
130822000,3436.7248,1313800,20059100,4352868800,58737049000,3378.9056,3437.2462,3378.9056,3365.1227
130827000,3435.8388,1187700,18607700,4354056500,58755656700,3378.9056,3437.2462,3378.9056,3365.1227
130832000,3436.165,1401700,30894900,4355458200,58786551600,3378.9056,3437.2462,3378.9056,3365.1227
130837000,3435.9955,1735600,30084000,4357193800,58816635600,3378.9056,3437.2462,3378.9056,3365.1227
130842000,3436.8822,2582600,27951100,4359776400,58844586700,3378.9056,3437.2462,3378.9056,3365.1227
130847000,3436.9063,2160600,32263300,4361937000,58876850000,3378.9056,3437.2462,3378.9056,3365.1227
130852000,3437.5397,1617000,30258500,4363554000,58907108500,3378.9056,3437.5397,3378.9056,3365.1227
130857000,3437.785,1250300,17604000,4364804300,58924712500,3378.9056,3437.785,3378.9056,3365.1227
130902000,3437.8826,2205400,28729000,4367009700,58953441500,3378.9056,3437.8826,3378.9056,3365.1227
130907000,3437.8631,1659000,32326600,4368668700,58985768100,3378.9056,3438.1213,3378.9056,3365.1227
130912000,3438.0261,1436900,17098200,4370105600,59002866300,3378.9056,3438.1213,3378.9056,3365.1227
130917000,3438.1342,1423800,22699900,4371529400,59025566200,3378.9056,3438.192,3378.9056,3365.1227
130922000,3438.2452,1715400,31352200,4373244800,59056918400,3378.9056,3438.3329,3378.9056,3365.1227
130927000,3437.6714,1754300,27085400,4374999100,59084003800,3378.9056,3438.3329,3378.9056,3365.1227
130932000,3438.1251,1282200,19130400,4376281300,59103134200,3378.9056,3438.3329,3378.9056,3365.1227
130937000,3437.9513,2819500,37342500,4379100800,59140476700,3378.9056,3438.3329,3378.9056,3365.1227
130942000,3437.777,2520800,16868100,4381621600,59157344800,3378.9056,3438.3329,3378.9056,3365.1227
130947000,3438.2086,2444700,24948800,4384066300,59182293600,3378.9056,3438.3329,3378.9056,3365.1227
130952000,3438.5121,2895700,32394200,4386962000,59214687800,3378.9056,3438.5121,3378.9056,3365.1227
130957000,3438.0528,820600,13788600,4387782600,59228476400,3378.9056,3438.5592,3378.9056,3365.1227
131002000,3438.394,3187100,36402300,4390969700,59264878700,3378.9056,3438.5805,3378.9056,3365.1227
131007000,3438.9746,2862900,41515800,4393832600,59306394500,3378.9056,3438.9746,3378.9056,3365.1227
131012000,3438.7406,2191300,21118700,4396023900,59327513200,3378.9056,3439.1965,3378.9056,3365.1227
131017000,3438.9047,2194100,23603800,4398218000,59351117000,3378.9056,3439.1965,3378.9056,3365.1227
131022000,3438.7791,2896700,36198500,4401114700,59387315500,3378.9056,3439.1965,3378.9056,3365.1227
131027000,3438.0215,2218900,23550500,4403333600,59410866000,3378.9056,3439.1965,3378.9056,3365.1227
131032000,3437.9604,1775800,28201500,4405109400,59439067500,3378.9056,3439.1965,3378.9056,3365.1227
131037000,3438.6763,3503900,33455900,4408613300,59472523400,3378.9056,3439.1965,3378.9056,3365.1227
131042000,3438.3713,2205300,24433200,4410818600,59496956600,3378.9056,3439.1965,3378.9056,3365.1227
131047000,3438.6394,3722400,32803400,4414541000,59529760000,3378.9056,3439.1965,3378.9056,3365.1227
131052000,3438.7663,3036300,33411700,4417577300,59563171700,3378.9056,3439.1965,3378.9056,3365.1227
131057000,3438.8734,2027000,20634200,4419604300,59583805900,3378.9056,3439.1965,3378.9056,3365.1227
131102000,3439.1228,1263100,17642400,4420867400,59601448300,3378.9056,3439.1965,3378.9056,3365.1227
131107000,3439.0934,4463300,43838200,4425330700,59645286500,3378.9056,3439.3957,3378.9056,3365.1227
131112000,3439.4591,2442400,24145000,4427773100,59669431500,3378.9056,3439.4769,3378.9056,3365.1227
131117000,3439.2154,1745900,25835800,4429519000,59695267300,3378.9056,3439.6229,3378.9056,3365.1227
131122000,3439.4031,2060000,34828800,4431579000,59730096100,3378.9056,3439.6229,3378.9056,3365.1227
131127000,3438.8719,2984400,23904600,4434563400,59754000700,3378.9056,3439.6229,3378.9056,3365.1227
131132000,3438.7506,1736900,28012400,4436300300,59782013100,3378.9056,3439.6229,3378.9056,3365.1227
131137000,3439.2737,2095900,28506300,4438396200,59810519400,3378.9056,3439.6229,3378.9056,3365.1227
131142000,3439.4111,1496300,17637600,4439892500,59828157000,3378.9056,3439.6229,3378.9056,3365.1227
131147000,3439.2866,1368000,27886200,4441260500,59856043200,3378.9056,3439.6292,3378.9056,3365.1227
131152000,3439.6671,1685000,26630400,4442945500,59882673600,3378.9056,3439.6671,3378.9056,3365.1227
131157000,3439.6382,1195800,18453700,4444141300,59901127300,3378.9056,3439.6671,3378.9056,3365.1227
131202000,3439.5874,1402400,19562500,4445543700,59920689800,3378.9056,3439.6671,3378.9056,3365.1227
131207000,3440.1455,2878300,38871500,4448422000,59959561300,3378.9056,3440.1455,3378.9056,3365.1227
131212000,3440.0185,1207300,19048800,4449629300,59978610100,3378.9056,3440.1455,3378.9056,3365.1227
131217000,3439.7431,1365000,23817600,4450994300,60002427700,3378.9056,3440.1455,3378.9056,3365.1227
131222000,3439.7076,1527800,27703600,4452522100,60030131300,3378.9056,3440.1455,3378.9056,3365.1227
131227000,3439.5375,1546000,19180600,4454068100,60049311900,3378.9056,3440.1455,3378.9056,3365.1227
131232000,3439.363,1919700,24269300,4455987800,60073581200,3378.9056,3440.1455,3378.9056,3365.1227
131237000,3439.7967,2454600,27953000,4458442400,60101534200,3378.9056,3440.1455,3378.9056,3365.1227
131242000,3440.1464,1050000,15842700,4459492400,60117376900,3378.9056,3440.1464,3378.9056,3365.1227
131247000,3440.255,1272500,24513000,4460764900,60141889900,3378.9056,3440.264,3378.9056,3365.1227
131252000,3440.0936,1241200,29137000,4462006100,60171026900,3378.9056,3440.264,3378.9056,3365.1227
131257000,3440.1827,1843200,30853900,4463849300,60201880800,3378.9056,3440.264,3378.9056,3365.1227
131302000,3440.5804,1445700,25150900,4465295000,60227031700,3378.9056,3440.6682,3378.9056,3365.1227
131307000,3440.5328,1677500,35969000,4466972500,60263000700,3378.9056,3440.6682,3378.9056,3365.1227
131312000,3440.5222,1613500,24251800,4468586000,60287252500,3378.9056,3440.6682,3378.9056,3365.1227
131317000,3440.7788,1928400,27284600,4470514400,60314537100,3378.9056,3440.7788,3378.9056,3365.1227
131322000,3440.7751,1676000,26217700,4472190400,60340754800,3378.9056,3440.7788,3378.9056,3365.1227
131327000,3440.1524,965300,14068300,4473155700,60354823100,3378.9056,3440.8173,3378.9056,3365.1227
131332000,3440.2687,1613000,23960800,4474768700,60378783900,3378.9056,3440.8173,3378.9056,3365.1227
131337000,3440.2113,1591800,27264300,4476360500,60406048200,3378.9056,3440.8173,3378.9056,3365.1227
131342000,3440.6678,1018800,14930000,4477379300,60420978200,3378.9056,3440.8173,3378.9056,3365.1227
131347000,3440.6803,1479100,26047000,4478858400,60447025200,3378.9056,3440.8173,3378.9056,3365.1227
131352000,3441.1969,2648600,35668400,4481507000,60482693600,3378.9056,3441.1969,3378.9056,3365.1227
131357000,3441.2493,1922100,26128200,4483429100,60508821800,3378.9056,3441.2493,3378.9056,3365.1227
131402000,3440.9653,1646600,21430300,4485075700,60530252100,3378.9056,3441.2493,3378.9056,3365.1227
131407000,3441.1003,1932400,35790100,4487008100,60566042200,3378.9056,3441.2493,3378.9056,3365.1227
131412000,3441.4277,1138200,21706400,4488146300,60587748600,3378.9056,3441.6429,3378.9056,3365.1227
131417000,3441.5678,1594100,27172600,4489740400,60614921200,3378.9056,3441.7571,3378.9056,3365.1227
131422000,3441.615,1565500,28702300,4491305900,60643623500,3378.9056,3441.8194,3378.9056,3365.1227
131427000,3440.9523,1312900,17491500,4492618800,60661115000,3378.9056,3441.8194,3378.9056,3365.1227
131432000,3441.1414,1740900,25371900,4494359700,60686486900,3378.9056,3441.8194,3378.9056,3365.1227
131437000,3441.3762,2055900,28051000,4496415600,60714537900,3378.9056,3441.8194,3378.9056,3365.1227
131442000,3441.723,971600,15280300,4497387200,60729818200,3378.9056,3441.8194,3378.9056,3365.1227
131447000,3441.7616,1115300,21183100,4498502500,60751001300,3378.9056,3441.9292,3378.9056,3365.1227
131452000,3441.8325,1903400,29006300,4500405900,60780007600,3378.9056,3441.9292,3378.9056,3365.1227
131457000,3442.0443,1981300,26789800,4502387200,60806797400,3378.9056,3442.1015,3378.9056,3365.1227
131502000,3442.088,1784700,26671000,4504171900,60833468400,3378.9056,3442.1018,3378.9056,3365.1227
131507000,3442.3881,2498300,46067100,4506670200,60879535500,3378.9056,3442.3881,3378.9056,3365.1227
131512000,3442.2251,1334300,20664000,4508004500,60900199500,3378.9056,3442.3881,3378.9056,3365.1227
131517000,3442.1586,1369900,21998300,4509374400,60922197800,3378.9056,3442.4361,3378.9056,3365.1227
131522000,3442.4747,1979900,34767500,4511354300,60956965300,3378.9056,3442.4747,3378.9056,3365.1227
131527000,3441.8859,1572100,22196400,4512926400,60979161700,3378.9056,3442.4747,3378.9056,3365.1227
131532000,3441.9696,1569800,20562800,4514496200,60999724500,3378.9056,3442.4747,3378.9056,3365.1227
131537000,3442.1161,4955300,36489400,4519451500,61036213900,3378.9056,3442.4747,3378.9056,3365.1227
131542000,3442.1846,1246000,16659000,4520697500,61052872900,3378.9056,3442.4747,3378.9056,3365.1227
131547000,3442.3019,1611200,23388700,4522308700,61076261600,3378.9056,3442.5817,3378.9056,3365.1227
131552000,3442.3391,2296000,36360800,4524604700,61112622400,3378.9056,3442.5817,3378.9056,3365.1227
131557000,3442.4678,6656600,45077700,4531261300,61157700100,3378.9056,3442.5817,3378.9056,3365.1227
131602000,3442.7874,2631300,33210100,4533892600,61190910200,3378.9056,3442.8445,3378.9056,3365.1227
131607000,3442.7066,2024700,31764100,4535917300,61222674300,3378.9056,3443.1098,3378.9056,3365.1227
131612000,3443.1513,1272800,17506500,4537190100,61240180800,3378.9056,3443.1513,3378.9056,3365.1227
131617000,3442.8558,5404000,35107600,4542594100,61275288400,3378.9056,3443.1513,3378.9056,3365.1227
131622000,3442.9386,2338000,31977800,4544932100,61307266200,3378.9056,3443.1513,3378.9056,3365.1227
131627000,3442.462,2725800,23876700,4547657900,61331142900,3378.9056,3443.1513,3378.9056,3365.1227
131632000,3442.741,2524600,34531700,4550182500,61365674600,3378.9056,3443.1513,3378.9056,3365.1227
131637000,3442.5847,1818300,26687700,4552000800,61392362300,3378.9056,3443.1513,3378.9056,3365.1227
131642000,3442.8705,1994600,22873700,4553995400,61415236000,3378.9056,3443.1513,3378.9056,3365.1227
131647000,3442.9801,1581400,22722500,4555576800,61437958500,3378.9056,3443.26,3378.9056,3365.1227
131652000,3443.3833,1657100,26417000,4557233900,61464375500,3378.9056,3443.3833,3378.9056,3365.1227
131657000,3443.2933,1180700,19538200,4558414600,61483913700,3378.9056,3443.441,3378.9056,3365.1227
131702000,3443.3911,1773600,31307300,4560188200,61515221000,3378.9056,3443.441,3378.9056,3365.1227
131707000,3443.483,4335400,42580300,4564523600,61557801300,3378.9056,3443.483,3378.9056,3365.1227
131712000,3443.0177,2729400,27460500,4567253000,61585261800,3378.9056,3443.483,3378.9056,3365.1227
131717000,3443.5606,1684700,21835400,4568937700,61607097200,3378.9056,3443.5606,3378.9056,3365.1227
131722000,3443.2582,1658000,28683500,4570595700,61635780700,3378.9056,3443.5606,3378.9056,3365.1227
131727000,3443.0376,2651800,27041500,4573247500,61662822200,3378.9056,3443.5606,3378.9056,3365.1227
131732000,3442.7005,1782400,23136300,4575029900,61685958500,3378.9056,3443.5606,3378.9056,3365.1227
131737000,3443.1315,2146400,28902300,4577176300,61714860800,3378.9056,3443.5606,3378.9056,3365.1227
131742000,3443.0403,1480300,23366100,4578656600,61738226900,3378.9056,3443.5606,3378.9056,3365.1227
131747000,3443.3401,1965100,24396900,4580621700,61762623800,3378.9056,3443.5606,3378.9056,3365.1227
131752000,3443.5732,1976800,27416700,4582598500,61790040500,3378.9056,3443.5732,3378.9056,3365.1227
131757000,3443.3758,1581100,21710200,4584179600,61811750700,3378.9056,3443.715,3378.9056,3365.1227
131802000,3443.277,2011400,27095300,4586191000,61838846000,3378.9056,3443.715,3378.9056,3365.1227
131807000,3443.977,2520300,36561400,4588711300,61875407400,3378.9056,3444.0054,3378.9056,3365.1227
131812000,3443.8885,1964600,24747200,4590675900,61900154600,3378.9056,3444.1823,3378.9056,3365.1227
131817000,3444.212,3359200,37405500,4594035100,61937560100,3378.9056,3444.212,3378.9056,3365.1227
131822000,3443.9725,2090500,34757600,4596125600,61972317700,3378.9056,3444.212,3378.9056,3365.1227
131827000,3443.6097,1828000,18472700,4597953600,61990790400,3378.9056,3444.212,3378.9056,3365.1227
131832000,3443.7214,2355200,39475100,4600308800,62030265500,3378.9056,3444.212,3378.9056,3365.1227
131837000,3443.9893,2416800,41553700,4602725600,62071819200,3378.9056,3444.2888,3378.9056,3365.1227
131842000,3444.4236,1427600,31508500,4604153200,62103327700,3378.9056,3444.4236,3378.9056,3365.1227
131847000,3444.5552,2783200,37907700,4606936400,62141235400,3378.9056,3444.5552,3378.9056,3365.1227
131852000,3444.6286,2758600,43222300,4609695000,62184457700,3378.9056,3444.8902,3378.9056,3365.1227
131857000,3444.5731,1829500,25255000,4611524500,62209712700,3378.9056,3444.8902,3378.9056,3365.1227
131902000,3444.767,2690000,31364000,4614214500,62241076700,3378.9056,3444.8902,3378.9056,3365.1227
131907000,3444.7525,3760400,40904600,4617974900,62281981300,3378.9056,3444.8902,3378.9056,3365.1227
131912000,3444.6453,4736700,36011900,4622711600,62317993200,3378.9056,3444.8902,3378.9056,3365.1227
131918000,3445.1236,2116100,30826000,4624827700,62348819200,3378.9056,3445.1236,3378.9056,3365.1227
131922000,3445.0082,1635700,20387800,4626463400,62369207000,3378.9056,3445.1236,3378.9056,3365.1227
131927000,3444.3528,1792800,20908000,4628256200,62390115000,3378.9056,3445.1236,3378.9056,3365.1227
131932000,3444.0982,2493100,33966300,4630749300,62424081300,3378.9056,3445.1236,3378.9056,3365.1227
131937000,3444.7008,2228000,36438300,4632977300,62460519600,3378.9056,3445.1236,3378.9056,3365.1227
131943000,3444.8725,3323600,33024700,4636300900,62493544300,3378.9056,3445.1236,3378.9056,3365.1227
131947000,3444.8246,1734400,25048100,4638035300,62518592400,3378.9056,3445.1236,3378.9056,3365.1227
131953000,3445.1946,2768700,45810900,4640804000,62564403300,3378.9056,3445.1946,3378.9056,3365.1227
131958000,3444.789,2682000,51742600,4643486000,62616145900,3378.9056,3445.1946,3378.9056,3365.1227
132003000,3444.8167,2661900,34479000,4646147900,62650624900,3378.9056,3445.1946,3378.9056,3365.1227
132008000,3444.6853,3193000,37556900,4649340900,62688181800,3378.9056,3445.1946,3378.9056,3365.1227
132013000,3444.8983,2366000,31791300,4651706900,62719973100,3378.9056,3445.1946,3378.9056,3365.1227
132018000,3444.8221,1750700,19292600,4653457600,62739265700,3378.9056,3445.1946,3378.9056,3365.1227
132023000,3444.9571,2097100,26489800,4655554700,62765755500,3378.9056,3445.1946,3378.9056,3365.1227
132028000,3444.7842,2110900,34142200,4657665600,62799897700,3378.9056,3445.1946,3378.9056,3365.1227
132033000,3444.5844,2312200,22265200,4659977800,62822162900,3378.9056,3445.1946,3378.9056,3365.1227
132038000,3444.6786,1440700,20812200,4661418500,62842975100,3378.9056,3445.1946,3378.9056,3365.1227
132043000,3444.6839,3258600,33311600,4664677100,62876286700,3378.9056,3445.1946,3378.9056,3365.1227
132048000,3445.1428,1100700,20922100,4665777800,62897208800,3378.9056,3445.1946,3378.9056,3365.1227
132053000,3444.6116,1454900,22234300,4667232700,62919443100,3378.9056,3445.1946,3378.9056,3365.1227
132058000,3444.8817,1756900,29812400,4668989600,62949255500,3378.9056,3445.1946,3378.9056,3365.1227
132103000,3444.9558,2165200,22272500,4671154800,62971528000,3378.9056,3445.1956,3378.9056,3365.1227
132108000,3445.0077,2004600,25533800,4673159400,62997061800,3378.9056,3445.1956,3378.9056,3365.1227
132113000,3445.0081,2654500,31524200,4675813900,63028586000,3378.9056,3445.1956,3378.9056,3365.1227
132118000,3444.9112,1552900,20997000,4677366800,63049583000,3378.9056,3445.1956,3378.9056,3365.1227
132123000,3444.857,1800900,23963000,4679167700,63073546000,3378.9056,3445.1956,3378.9056,3365.1227
132128000,3444.5985,2224300,27155500,4681392000,63100701500,3378.9056,3445.1956,3378.9056,3365.1227
132133000,3444.2616,1262500,17996900,4682654500,63118698400,3378.9056,3445.1956,3378.9056,3365.1227
132138000,3444.6405,1689900,22070200,4684344400,63140768600,3378.9056,3445.1956,3378.9056,3365.1227
132143000,3443.3782,3186000,36101000,4687530400,63176869600,3378.9056,3445.1956,3378.9056,3365.1227
132148000,3443.9001,2060700,24717200,4689591100,63201586800,3378.9056,3445.1956,3378.9056,3365.1227
132153000,3443.9722,2558300,39575800,4692149400,63241162600,3378.9056,3445.1956,3378.9056,3365.1227
132158000,3443.7122,4180100,47766700,4696329500,63288929300,3378.9056,3445.1956,3378.9056,3365.1227
132203000,3444.004,2002400,23990200,4698331900,63312919500,3378.9056,3445.1956,3378.9056,3365.1227
132208000,3443.7066,1697900,32507300,4700029800,63345426800,3378.9056,3445.1956,3378.9056,3365.1227
132213000,3443.4406,2428200,32472200,4702458000,63377899000,3378.9056,3445.1956,3378.9056,3365.1227
132218000,3443.5235,2947400,35146100,4705405400,63413045100,3378.9056,3445.1956,3378.9056,3365.1227
132223000,3442.9035,2525100,39559000,4707930500,63452604100,3378.9056,3445.1956,3378.9056,3365.1227
132228000,3442.0731,4043500,61491100,4711974000,63514095200,3378.9056,3445.1956,3378.9056,3365.1227
132233000,3442.4435,2320700,27478100,4714294700,63541573300,3378.9056,3445.1956,3378.9056,3365.1227
132238000,3442.4981,2828800,34494300,4717123500,63576067600,3378.9056,3445.1956,3378.9056,3365.1227
132243000,3441.7391,2506000,43040200,4719629500,63619107800,3378.9056,3445.1956,3378.9056,3365.1227
132248000,3441.9815,1573400,18633100,4721202900,63637740900,3378.9056,3445.1956,3378.9056,3365.1227
132253000,3441.9213,1984600,30348100,4723187500,63668089000,3378.9056,3445.1956,3378.9056,3365.1227
132258000,3441.896,3102000,36983100,4726289500,63705072100,3378.9056,3445.1956,3378.9056,3365.1227
132303000,3442.2948,1675600,23869500,4727965100,63728941600,3378.9056,3445.1956,3378.9056,3365.1227
132308000,3442.3493,2217500,28798200,4730182600,63757739800,3378.9056,3445.1956,3378.9056,3365.1227
132313000,3442.072,1529100,23753300,4731711700,63781493100,3378.9056,3445.1956,3378.9056,3365.1227
132318000,3442.8174,1429800,23381900,4733141500,63804875000,3378.9056,3445.1956,3378.9056,3365.1227
132323000,3442.1797,1796400,30219700,4734937900,63835094700,3378.9056,3445.1956,3378.9056,3365.1227
132327000,3442.0058,1106100,15870600,4736044000,63850965300,3378.9056,3445.1956,3378.9056,3365.1227
132333000,3441.422,2884500,33038200,4738928500,63884003500,3378.9056,3445.1956,3378.9056,3365.1227
132338000,3441.5554,1720900,33763200,4740649400,63917766700,3378.9056,3445.1956,3378.9056,3365.1227
132343000,3441.1413,1902600,28909300,4742552000,63946676000,3378.9056,3445.1956,3378.9056,3365.1227
132348000,3441.5375,1505400,19828600,4744057400,63966504600,3378.9056,3445.1956,3378.9056,3365.1227
132353000,3441.0623,1459400,24570800,4745516800,63991075400,3378.9056,3445.1956,3378.9056,3365.1227
132358000,3441.4006,1515500,24081000,4747032300,64015156400,3378.9056,3445.1956,3378.9056,3365.1227
132403000,3441.3448,1471600,20604700,4748503900,64035761100,3378.9056,3445.1956,3378.9056,3365.1227
132408000,3441.2965,1433500,22833100,4749937400,64058594200,3378.9056,3445.1956,3378.9056,3365.1227
132413000,3441.2197,1933800,26738900,4751871200,64085333100,3378.9056,3445.1956,3378.9056,3365.1227
132418000,3441.4062,1561000,21128000,4753432200,64106461100,3378.9056,3445.1956,3378.9056,3365.1227
132423000,3441.1886,1685700,28843600,4755117900,64135304700,3378.9056,3445.1956,3378.9056,3365.1227
132428000,3441.3342,1431500,20530300,4756549400,64155835000,3378.9056,3445.1956,3378.9056,3365.1227
132433000,3440.7943,1635100,22086400,4758184500,64177921400,3378.9056,3445.1956,3378.9056,3365.1227
132438000,3440.8493,1529000,27491800,4759713500,64205413200,3378.9056,3445.1956,3378.9056,3365.1227
132443000,3440.89,2202400,30768300,4761915900,64236181500,3378.9056,3445.1956,3378.9056,3365.1227
132448000,3441.1316,1007100,17490700,4762923000,64253672200,3378.9056,3445.1956,3378.9056,3365.1227
132453000,3441.2769,1459000,18495500,4764382000,64272167700,3378.9056,3445.1956,3378.9056,3365.1227
132458000,3440.8361,1586000,19794900,4765968000,64291962600,3378.9056,3445.1956,3378.9056,3365.1227
132503000,3441.0047,3617300,25805900,4769585300,64317768500,3378.9056,3445.1956,3378.9056,3365.1227
132508000,3441.5623,1969900,26066300,4771555200,64343834800,3378.9056,3445.1956,3378.9056,3365.1227
132513000,3440.976,1367700,20607400,4772922900,64364442200,3378.9056,3445.1956,3378.9056,3365.1227
132518000,3441.0401,1042800,16192300,4773965700,64380634500,3378.9056,3445.1956,3378.9056,3365.1227
132523000,3441.4148,1387000,22386000,4775352700,64403020500,3378.9056,3445.1956,3378.9056,3365.1227
132528000,3441.1952,1989300,24119900,4777342000,64427140400,3378.9056,3445.1956,3378.9056,3365.1227
132533000,3440.4642,1197600,15709200,4778539600,64442849600,3378.9056,3445.1956,3378.9056,3365.1227
132538000,3441.0193,2680700,31225000,4781220300,64474074600,3378.9056,3445.1956,3378.9056,3365.1227
132543000,3441.1531,1807700,26932600,4783028000,64501007200,3378.9056,3445.1956,3378.9056,3365.1227
132548000,3441.2083,1710700,17688400,4784738700,64518695600,3378.9056,3445.1956,3378.9056,3365.1227
132553000,3441.377,1614700,20014500,4786353400,64538710100,3378.9056,3445.1956,3378.9056,3365.1227
132558000,3441.1616,3358600,30630700,4789712000,64569340800,3378.9056,3445.1956,3378.9056,3365.1227
132603000,3441.3967,2226200,21681400,4791938200,64591022200,3378.9056,3445.1956,3378.9056,3365.1227
132608000,3441.2282,3177000,25925900,4795115200,64616948100,3378.9056,3445.1956,3378.9056,3365.1227
132613000,3441.2374,2758200,28016500,4797873400,64644964600,3378.9056,3445.1956,3378.9056,3365.1227
132618000,3441.4986,1248500,14409100,4799121900,64659373700,3378.9056,3445.1956,3378.9056,3365.1227
132623000,3441.2977,1402000,27111800,4800523900,64686485500,3378.9056,3445.1956,3378.9056,3365.1227
132628000,3441.2523,1120700,16051300,4801644600,64702536800,3378.9056,3445.1956,3378.9056,3365.1227
132633000,3440.835,1296700,17787100,4802941300,64720323900,3378.9056,3445.1956,3378.9056,3365.1227
132638000,3441.3387,1389400,24378400,4804330700,64744702300,3378.9056,3445.1956,3378.9056,3365.1227
132643000,3440.7006,1309300,21833100,4805640000,64766535400,3378.9056,3445.1956,3378.9056,3365.1227
132648000,3441.0884,1119300,16979500,4806759300,64783514900,3378.9056,3445.1956,3378.9056,3365.1227
132653000,3441.1887,1294900,19306100,4808054200,64802821000,3378.9056,3445.1956,3378.9056,3365.1227
132658000,3441.414,2622500,37381100,4810676700,64840202100,3378.9056,3445.1956,3378.9056,3365.1227
132703000,3441.2647,1387900,16180000,4812064600,64856382100,3378.9056,3445.1956,3378.9056,3365.1227
132707000,3441.2409,1510100,22306000,4813574700,64878688100,3378.9056,3445.1956,3378.9056,3365.1227
132713000,3441.3591,1807200,24745400,4815381900,64903433500,3378.9056,3445.1956,3378.9056,3365.1227
132718000,3441.5241,863400,12657100,4816245300,64916090600,3378.9056,3445.1956,3378.9056,3365.1227
132722000,3441.2544,1671700,20725000,4817917000,64936815600,3378.9056,3445.1956,3378.9056,3365.1227
132728000,3441.2249,2044200,29604700,4819961200,64966420300,3378.9056,3445.1956,3378.9056,3365.1227
132733000,3440.7162,1969800,25527900,4821931000,64991948200,3378.9056,3445.1956,3378.9056,3365.1227
132738000,3441.3544,2820100,27831500,4824751100,65019779700,3378.9056,3445.1956,3378.9056,3365.1227
132743000,3441.1212,2493100,25464900,4827244200,65045244600,3378.9056,3445.1956,3378.9056,3365.1227
132748000,3441.113,1589000,14841700,4828833200,65060086300,3378.9056,3445.1956,3378.9056,3365.1227
132753000,3441.4056,1430100,18007200,4830263300,65078093500,3378.9056,3445.1956,3378.9056,3365.1227
132758000,3441.1753,1973700,24374600,4832237000,65102468100,3378.9056,3445.1956,3378.9056,3365.1227
132803000,3441.0419,1474700,22724700,4833711700,65125192800,3378.9056,3445.1956,3378.9056,3365.1227
132808000,3441.3496,1954600,25428400,4835666300,65150621200,3378.9056,3445.1956,3378.9056,3365.1227
132813000,3440.9157,2174700,24522000,4837841000,65175143200,3378.9056,3445.1956,3378.9056,3365.1227
132818000,3441.3462,1406100,19091000,4839247100,65194234200,3378.9056,3445.1956,3378.9056,3365.1227
132823000,3440.9706,1198900,17475600,4840446000,65211709800,3378.9056,3445.1956,3378.9056,3365.1227
132828000,3440.7799,2709100,25057100,4843155100,65236766900,3378.9056,3445.1956,3378.9056,3365.1227
132833000,3440.449,1444900,16720900,4844600000,65253487800,3378.9056,3445.1956,3378.9056,3365.1227
132837000,3440.6772,1093200,15397600,4845693200,65268885400,3378.9056,3445.1956,3378.9056,3365.1227
132843000,3441.0528,2916300,27366100,4848609500,65296251500,3378.9056,3445.1956,3378.9056,3365.1227
132848000,3440.8628,2129600,20942900,4850739100,65317194400,3378.9056,3445.1956,3378.9056,3365.1227
132852000,3440.7064,1188800,19078100,4851927900,65336272500,3378.9056,3445.1956,3378.9056,3365.1227
132858000,3440.9756,1646500,25129400,4853574400,65361401900,3378.9056,3445.1956,3378.9056,3365.1227
132903000,3440.6346,1623900,18798400,4855198300,65380200300,3378.9056,3445.1956,3378.9056,3365.1227
132907000,3441.1653,1247100,18683100,4856445400,65398883400,3378.9056,3445.1956,3378.9056,3365.1227
132913000,3440.606,1531200,21955000,4857976600,65420838400,3378.9056,3445.1956,3378.9056,3365.1227
132918000,3440.3911,1978000,19435600,4859954600,65440274000,3378.9056,3445.1956,3378.9056,3365.1227
132923000,3440.0002,2002000,28620600,4861956600,65468894600,3378.9056,3445.1956,3378.9056,3365.1227
132928000,3439.9974,2394900,35588100,4864351500,65504482700,3378.9056,3445.1956,3378.9056,3365.1227
132933000,3438.6329,2382800,26634600,4866734300,65531117300,3378.9056,3445.1956,3378.9056,3365.1227
132937000,3438.6048,2433300,36073300,4869167600,65567190600,3378.9056,3445.1956,3378.9056,3365.1227
132943000,3438.723,2135100,33356200,4871302700,65600546800,3378.9056,3445.1956,3378.9056,3365.1227
132948000,3439.0592,1607700,25160500,4872910400,65625707300,3378.9056,3445.1956,3378.9056,3365.1227
132953000,3438.7549,1319500,25466300,4874229900,65651173600,3378.9056,3445.1956,3378.9056,3365.1227
132958000,3438.6058,1990800,30589200,4876220700,65681762800,3378.9056,3445.1956,3378.9056,3365.1227
133003000,3437.9451,2505100,20910700,4878725800,65702673500,3378.9056,3445.1956,3378.9056,3365.1227
133007000,3438.1899,1782100,27844300,4880507900,65730517800,3378.9056,3445.1956,3378.9056,3365.1227
133013000,3438.0771,2456100,38847400,4882964000,65769365200,3378.9056,3445.1956,3378.9056,3365.1227
133018000,3437.8229,1293100,18815300,4884257100,65788180500,3378.9056,3445.1956,3378.9056,3365.1227
133022000,3437.709,2045500,30463700,4886302600,65818644200,3378.9056,3445.1956,3378.9056,3365.1227
133028000,3437.6129,2513500,37471700,4888816100,65856115900,3378.9056,3445.1956,3378.9056,3365.1227
133033000,3437.0205,1229400,18602700,4890045500,65874718600,3378.9056,3445.1956,3378.9056,3365.1227
133037000,3437.3292,1808700,23743500,4891854200,65898462100,3378.9056,3445.1956,3378.9056,3365.1227
133043000,3437.2614,1831500,33022300,4893685700,65931484400,3378.9056,3445.1956,3378.9056,3365.1227
133048000,3437.5463,1276200,15034700,4894961900,65946519100,3378.9056,3445.1956,3378.9056,3365.1227
133052000,3437.4584,1441500,22688300,4896403400,65969207400,3378.9056,3445.1956,3378.9056,3365.1227
133058000,3437.2893,2445300,31566400,4898848700,66000773800,3378.9056,3445.1956,3378.9056,3365.1227
133103000,3437.3089,1368100,17371200,4900216800,66018145000,3378.9056,3445.1956,3378.9056,3365.1227
133107000,3437.27,1402900,22379900,4901619700,66040524900,3378.9056,3445.1956,3378.9056,3365.1227
133113000,3437.5108,2033500,28943800,4903653200,66069468700,3378.9056,3445.1956,3378.9056,3365.1227
133118000,3436.8864,1390300,18795200,4905043500,66088263900,3378.9056,3445.1956,3378.9056,3365.1227
133123000,3436.7631,1499900,22643400,4906543400,66110907300,3378.9056,3445.1956,3378.9056,3365.1227
133128000,3436.9217,1838300,26200800,4908381700,66137108100,3378.9056,3445.1956,3378.9056,3365.1227
133134000,3436.1454,2821900,31882400,4911203600,66168990500,3378.9056,3445.1956,3378.9056,3365.1227
133138000,3436.3487,1052700,15056500,4912256300,66184047000,3378.9056,3445.1956,3378.9056,3365.1227
133143000,3436.5866,1988500,28976100,4914244800,66213023100,3378.9056,3445.1956,3378.9056,3365.1227
133148000,3436.7858,1478200,16943700,4915723000,66229966800,3378.9056,3445.1956,3378.9056,3365.1227
133154000,3436.2797,3744400,38732300,4919467400,66268699100,3378.9056,3445.1956,3378.9056,3365.1227
133158000,3436.42,2030300,26427800,4921497700,66295126900,3378.9056,3445.1956,3378.9056,3365.1227
133204000,3436.5764,2529400,27396400,4924027100,66322523300,3378.9056,3445.1956,3378.9056,3365.1227
133209000,3436.5432,2351000,20621200,4926378100,66343144500,3378.9056,3445.1956,3378.9056,3365.1227
133213000,3436.2753,2071700,29259500,4928449800,66372404000,3378.9056,3445.1956,3378.9056,3365.1227
133218000,3436.5993,1432100,15426400,4929881900,66387830400,3378.9056,3445.1956,3378.9056,3365.1227
133224000,3436.3918,2612300,31763400,4932494200,66419593800,3378.9056,3445.1956,3378.9056,3365.1227
133228000,3436.3491,1674900,24090000,4934169100,66443683800,3378.9056,3445.1956,3378.9056,3365.1227
133234000,3435.3853,2984900,30561300,4937154000,66474245100,3378.9056,3445.1956,3378.9056,3365.1227
133239000,3435.8659,1322900,19012600,4938476900,66493257700,3378.9056,3445.1956,3378.9056,3365.1227
133243000,3435.7414,1303600,21168400,4939780500,66514426100,3378.9056,3445.1956,3378.9056,3365.1227
133249000,3435.7741,1796200,22794000,4941576700,66537220100,3378.9056,3445.1956,3378.9056,3365.1227
133254000,3436.0262,1436300,21985700,4943013000,66559205800,3378.9056,3445.1956,3378.9056,3365.1227
133258000,3435.8975,2427900,29016100,4945440900,66588221900,3378.9056,3445.1956,3378.9056,3365.1227
133304000,3436.2326,2506600,29470800,4947947500,66617692700,3378.9056,3445.1956,3378.9056,3365.1227
133309000,3436.046,857200,14695600,4948804700,66632388300,3378.9056,3445.1956,3378.9056,3365.1227
133314000,3436.1493,1991200,25823800,4950795900,66658212100,3378.9056,3445.1956,3378.9056,3365.1227
133319000,3435.8894,2019300,24364800,4952815200,66682576900,3378.9056,3445.1956,3378.9056,3365.1227
133324000,3435.8388,965400,16183500,4953780600,66698760400,3378.9056,3445.1956,3378.9056,3365.1227
133328000,3435.9672,1672600,25286300,4955453200,66724046700,3378.9056,3445.1956,3378.9056,3365.1227
133334000,3435.0641,3606400,29643200,4959059600,66753689900,3378.9056,3445.1956,3378.9056,3365.1227
133339000,3435.5603,1256900,16816000,4960316500,66770505900,3378.9056,3445.1956,3378.9056,3365.1227
133343000,3435.2204,1868000,27981800,4962184500,66798487700,3378.9056,3445.1956,3378.9056,3365.1227
133349000,3435.2279,2815600,29234200,4965000100,66827721900,3378.9056,3445.1956,3378.9056,3365.1227
133354000,3435.432,1342500,14569000,4966342600,66842290900,3378.9056,3445.1956,3378.9056,3365.1227
133358000,3435.3173,1179200,16359800,4967521800,66858650700,3378.9056,3445.1956,3378.9056,3365.1227
133404000,3435.4511,2698200,28815700,4970220000,66887466400,3378.9056,3445.1956,3378.9056,3365.1227
133409000,3435.271,1106500,16967700,4971326500,66904434100,3378.9056,3445.1956,3378.9056,3365.1227
133413000,3435.0975,1481400,19852100,4972807900,66924286200,3378.9056,3445.1956,3378.9056,3365.1227
133419000,3435.0188,1908700,28192700,4974716600,66952478900,3378.9056,3445.1956,3378.9056,3365.1227
133424000,3435.3575,1019500,17304300,4975736100,66969783200,3378.9056,3445.1956,3378.9056,3365.1227
133428000,3434.9971,1513700,25163600,4977249800,66994946800,3378.9056,3445.1956,3378.9056,3365.1227
133434000,3434.0916,2912400,33992600,4980162200,67028939400,3378.9056,3445.1956,3378.9056,3365.1227
133439000,3434.6893,1050100,12858200,4981212300,67041797600,3378.9056,3445.1956,3378.9056,3365.1227
133443000,3435.1141,2089100,36701800,4983301400,67078499400,3378.9056,3445.1956,3378.9056,3365.1227
133449000,3435.0081,1890600,26450400,4985192000,67104949800,3378.9056,3445.1956,3378.9056,3365.1227
133454000,3435.4981,1227800,14197500,4986419800,67119147300,3378.9056,3445.1956,3378.9056,3365.1227
133458000,3435.353,1068500,20044900,4987488300,67139192200,3378.9056,3445.1956,3378.9056,3365.1227
133504000,3435.3387,2421600,31503600,4989909900,67170695800,3378.9056,3445.1956,3378.9056,3365.1227
133509000,3435.2518,1360400,20858900,4991270300,67191554700,3378.9056,3445.1956,3378.9056,3365.1227
133513000,3435.0442,1709800,23970600,4992980100,67215525300,3378.9056,3445.1956,3378.9056,3365.1227
133519000,3435.4592,1385600,19332300,4994365700,67234857600,3378.9056,3445.1956,3378.9056,3365.1227
133524000,3435.5802,992200,13262600,4995357900,67248120200,3378.9056,3445.1956,3378.9056,3365.1227
133528000,3435.4929,1326500,21265000,4996684400,67269385200,3378.9056,3445.1956,3378.9056,3365.1227
133534000,3435.0599,1786300,23956800,4998470700,67293342000,3378.9056,3445.1956,3378.9056,3365.1227
133539000,3435.072,1209100,14887100,4999679800,67308229100,3378.9056,3445.1956,3378.9056,3365.1227
133543000,3435.2622,1679200,29816900,5001359000,67338046000,3378.9056,3445.1956,3378.9056,3365.1227
133549000,3435.7249,1588900,27185000,5002947900,67365231000,3378.9056,3445.1956,3378.9056,3365.1227
133554000,3435.3835,850500,12364300,5003798400,67377595300,3378.9056,3445.1956,3378.9056,3365.1227
133558000,3435.1948,2035500,25194000,5005833900,67402789300,3378.9056,3445.1956,3378.9056,3365.1227
133604000,3435.227,2281000,27493800,5008114900,67430283100,3378.9056,3445.1956,3378.9056,3365.1227
133609000,3435.3762,1168400,12864600,5009283300,67443147700,3378.9056,3445.1956,3378.9056,3365.1227
133613000,3435.0763,1252500,18497500,5010535800,67461645200,3378.9056,3445.1956,3378.9056,3365.1227
133619000,3435.745,2333300,28750300,5012869100,67490395500,3378.9056,3445.1956,3378.9056,3365.1227
133624000,3435.2704,1287700,14773100,5014156800,67505168600,3378.9056,3445.1956,3378.9056,3365.1227
133628000,3435.6507,1404800,17141000,5015561600,67522309600,3378.9056,3445.1956,3378.9056,3365.1227
133634000,3434.7372,1617500,28620400,5017179100,67550930000,3378.9056,3445.1956,3378.9056,3365.1227
133639000,3435.0579,694200,9453900,5017873300,67560383900,3378.9056,3445.1956,3378.9056,3365.1227
133643000,3434.935,1371700,20504800,5019245000,67580888700,3378.9056,3445.1956,3378.9056,3365.1227
133649000,3435.396,1455400,24339400,5020700400,67605228100,3378.9056,3445.1956,3378.9056,3365.1227
133654000,3435.5695,1031300,12737800,5021731700,67617965900,3378.9056,3445.1956,3378.9056,3365.1227
133658000,3434.9633,1917100,25143500,5023648800,67643109400,3378.9056,3445.1956,3378.9056,3365.1227
133704000,3435.704,1859700,25357400,5025508500,67668466800,3378.9056,3445.1956,3378.9056,3365.1227
133709000,3435.4711,1307400,11901700,5026815900,67680368500,3378.9056,3445.1956,3378.9056,3365.1227
133713000,3435.4976,1332200,23662700,5028148100,67704031200,3378.9056,3445.1956,3378.9056,3365.1227
133719000,3435.9188,1344400,23179000,5029492500,67727210200,3378.9056,3445.1956,3378.9056,3365.1227
133724000,3435.4063,1253500,15413200,5030746000,67742623400,3378.9056,3445.1956,3378.9056,3365.1227
133728000,3435.4435,1649300,31491900,5032395300,67774115300,3378.9056,3445.1956,3378.9056,3365.1227
133734000,3434.9446,1940600,24718900,5034335900,67798834200,3378.9056,3445.1956,3378.9056,3365.1227
133739000,3435.221,948700,14903300,5035284600,67813737500,3378.9056,3445.1956,3378.9056,3365.1227
133743000,3435.0888,1446100,19632300,5036730700,67833369800,3378.9056,3445.1956,3378.9056,3365.1227
133749000,3435.7631,1709600,26283300,5038440300,67859653100,3378.9056,3445.1956,3378.9056,3365.1227
133754000,3435.8379,1231500,15932300,5039671800,67875585400,3378.9056,3445.1956,3378.9056,3365.1227
133758000,3435.8517,1293500,19817400,5040965300,67895402800,3378.9056,3445.1956,3378.9056,3365.1227
133804000,3435.5038,1573000,19098800,5042538300,67914501600,3378.9056,3445.1956,3378.9056,3365.1227
133809000,3435.661,1095100,14002600,5043633400,67928504200,3378.9056,3445.1956,3378.9056,3365.1227
133813000,3435.6421,1738100,23826000,5045371500,67952330200,3378.9056,3445.1956,3378.9056,3365.1227
133819000,3436.1536,1500800,20699300,5046872300,67973029500,3378.9056,3445.1956,3378.9056,3365.1227
133824000,3435.7548,1100600,15574800,5047972900,67988604300,3378.9056,3445.1956,3378.9056,3365.1227
133828000,3435.8502,1357500,19034700,5049330400,68007639000,3378.9056,3445.1956,3378.9056,3365.1227
133834000,3434.8686,1838800,23528300,5051169200,68031167300,3378.9056,3445.1956,3378.9056,3365.1227
133839000,3435.3421,2106900,24828100,5053276100,68055995400,3378.9056,3445.1956,3378.9056,3365.1227
133843000,3435.1657,1142800,14966100,5054418900,68070961500,3378.9056,3445.1956,3378.9056,3365.1227
133849000,3434.9367,1602900,28966300,5056021800,68099927800,3378.9056,3445.1956,3378.9056,3365.1227
133854000,3435.3547,1632200,16088800,5057654000,68116016600,3378.9056,3445.1956,3378.9056,3365.1227
133858000,3435.2538,1492600,32948800,5059146600,68148965400,3378.9056,3445.1956,3378.9056,3365.1227
133904000,3434.8757,1995500,26881200,5061142100,68175846600,3378.9056,3445.1956,3378.9056,3365.1227
133909000,3434.5326,1500200,21120300,5062642300,68196966900,3378.9056,3445.1956,3378.9056,3365.1227
133913000,3434.475,1047000,17771200,5063689300,68214738100,3378.9056,3445.1956,3378.9056,3365.1227
133919000,3434.938,1837700,27429000,5065527000,68242167100,3378.9056,3445.1956,3378.9056,3365.1227
133924000,3434.5275,939100,11725600,5066466100,68253892700,3378.9056,3445.1956,3378.9056,3365.1227
133928000,3434.8525,1600300,22043700,5068066400,68275936400,3378.9056,3445.1956,3378.9056,3365.1227
133934000,3433.6709,1591700,25664100,5069658100,68301600500,3378.9056,3445.1956,3378.9056,3365.1227
133939000,3434.0096,976500,11822900,5070634600,68313423400,3378.9056,3445.1956,3378.9056,3365.1227
133943000,3433.8864,1554100,22746900,5072188700,68336170300,3378.9056,3445.1956,3378.9056,3365.1227
133949000,3434.0713,1940500,26490300,5074129200,68362660600,3378.9056,3445.1956,3378.9056,3365.1227
133954000,3433.8027,1038300,13047800,5075167500,68375708400,3378.9056,3445.1956,3378.9056,3365.1227
133958000,3434.3002,1280200,20654400,5076447700,68396362800,3378.9056,3445.1956,3378.9056,3365.1227
134004000,3433.9768,1743100,26630200,5078190800,68422993000,3378.9056,3445.1956,3378.9056,3365.1227
134009000,3433.8164,1166700,17411300,5079357500,68440404300,3378.9056,3445.1956,3378.9056,3365.1227
134013000,3434.0444,1199900,14579200,5080557400,68454983500,3378.9056,3445.1956,3378.9056,3365.1227
134019000,3433.838,2053700,35310300,5082611100,68490293800,3378.9056,3445.1956,3378.9056,3365.1227
134024000,3433.7022,2425900,26306800,5085037000,68516600600,3378.9056,3445.1956,3378.9056,3365.1227
134028000,3433.3463,1531200,24300200,5086568200,68540900800,3378.9056,3445.1956,3378.9056,3365.1227
134034000,3432.9762,1958400,23141300,5088526600,68564042100,3378.9056,3445.1956,3378.9056,3365.1227
134039000,3433.2458,954600,10819300,5089481200,68574861400,3378.9056,3445.1956,3378.9056,3365.1227
134043000,3433.2329,907200,12866600,5090388400,68587728000,3378.9056,3445.1956,3378.9056,3365.1227
134049000,3433.1509,2487600,34458200,5092876000,68622186200,3378.9056,3445.1956,3378.9056,3365.1227
134054000,3433.5679,1412000,16469900,5094288000,68638656100,3378.9056,3445.1956,3378.9056,3365.1227
134058000,3433.603,1116100,20003700,5095404100,68658659800,3378.9056,3445.1956,3378.9056,3365.1227
134104000,3433.4851,2193900,37839600,5097598000,68696499400,3378.9056,3445.1956,3378.9056,3365.1227
134109000,3433.5144,894300,13228500,5098492300,68709727900,3378.9056,3445.1956,3378.9056,3365.1227
134113000,3433.3202,2059600,25519400,5100551900,68735247300,3378.9056,3445.1956,3378.9056,3365.1227
134119000,3433.5738,2040300,32437400,5102592200,68767684700,3378.9056,3445.1956,3378.9056,3365.1227
134124000,3433.4277,1303000,18067600,5103895200,68785752300,3378.9056,3445.1956,3378.9056,3365.1227
134128000,3433.2504,5254400,34583900,5109149600,68820336200,3378.9056,3445.1956,3378.9056,3365.1227
134134000,3432.5,4299700,35321900,5113449300,68855658100,3378.9056,3445.1956,3378.9056,3365.1227
134139000,3432.892,1142700,17951400,5114592000,68873609500,3378.9056,3445.1956,3378.9056,3365.1227
134143000,3433.0719,1699900,20183300,5116291900,68893792800,3378.9056,3445.1956,3378.9056,3365.1227
134149000,3432.8654,1551300,23962000,5117843200,68917754800,3378.9056,3445.1956,3378.9056,3365.1227
134154000,3433.1629,674700,10492200,5118517900,68928247000,3378.9056,3445.1956,3378.9056,3365.1227
134158000,3433.1221,1223600,17887900,5119741500,68946134900,3378.9056,3445.1956,3378.9056,3365.1227
134204000,3432.9303,1935000,25883800,5121676500,68972018700,3378.9056,3445.1956,3378.9056,3365.1227
134209000,3432.8709,936100,16518900,5122612600,68988537600,3378.9056,3445.1956,3378.9056,3365.1227
134213000,3433.1096,2470000,41282300,5125082600,69029819900,3378.9056,3445.1956,3378.9056,3365.1227
134219000,3433.2638,2160500,32093200,5127243100,69061913100,3378.9056,3445.1956,3378.9056,3365.1227
134224000,3433.1546,1587000,21047900,5128830100,69082961000,3378.9056,3445.1956,3378.9056,3365.1227
134228000,3433.4034,1587300,31606400,5130417400,69114567400,3378.9056,3445.1956,3378.9056,3365.1227
134234000,3432.8741,2060500,29489200,5132477900,69144056600,3378.9056,3445.1956,3378.9056,3365.1227
134239000,3433.1423,1263200,18327200,5133741100,69162383800,3378.9056,3445.1956,3378.9056,3365.1227
134243000,3433.2526,1782300,22545600,5135523400,69184929400,3378.9056,3445.1956,3378.9056,3365.1227
134249000,3433.6407,1921800,26251900,5137445200,69211181300,3378.9056,3445.1956,3378.9056,3365.1227
134254000,3433.6815,1367600,18384800,5138812800,69229566100,3378.9056,3445.1956,3378.9056,3365.1227
134258000,3433.8106,1664100,20628400,5140476900,69250194500,3378.9056,3445.1956,3378.9056,3365.1227
134304000,3433.7899,2058100,25889200,5142535000,69276083700,3378.9056,3445.1956,3378.9056,3365.1227
134309000,3433.8348,2424400,28417900,5144959400,69304501600,3378.9056,3445.1956,3378.9056,3365.1227
134313000,3433.9149,1608400,22081600,5146567800,69326583200,3378.9056,3445.1956,3378.9056,3365.1227
134319000,3434.2127,1826800,27339200,5148394600,69353922400,3378.9056,3445.1956,3378.9056,3365.1227
134324000,3434.1781,1260100,20963500,5149654700,69374885900,3378.9056,3445.1956,3378.9056,3365.1227
134328000,3433.9476,2003400,26870600,5151658100,69401756500,3378.9056,3445.1956,3378.9056,3365.1227
134334000,3433.974,1404700,24451400,5153062800,69426207900,3378.9056,3445.1956,3378.9056,3365.1227
134339000,3433.7437,850100,11832000,5153912900,69438039900,3378.9056,3445.1956,3378.9056,3365.1227
134345000,3434.128,2045000,21417300,5155957900,69459457200,3378.9056,3445.1956,3378.9056,3365.1227
134349000,3433.7035,1370700,18043500,5157328600,69477500700,3378.9056,3445.1956,3378.9056,3365.1227
134355000,3433.8108,1605100,22584900,5158933700,69500085600,3378.9056,3445.1956,3378.9056,3365.1227
134358000,3434.0627,873700,14115000,5159807400,69514200600,3378.9056,3445.1956,3378.9056,3365.1227
134404000,3434.2661,1724100,23019200,5161531500,69537219800,3378.9056,3445.1956,3378.9056,3365.1227
134410000,3434.5346,1395400,19615700,5162926900,69556835500,3378.9056,3445.1956,3378.9056,3365.1227
134413000,3434.4828,622900,8389500,5163549800,69565225000,3378.9056,3445.1956,3378.9056,3365.1227
134419000,3434.5324,1256600,19734300,5164806400,69584959300,3378.9056,3445.1956,3378.9056,3365.1227
134424000,3434.4323,896900,11368900,5165703300,69596328200,3378.9056,3445.1956,3378.9056,3365.1227
134430000,3434.7392,1475600,19634700,5167178900,69615962900,3378.9056,3445.1956,3378.9056,3365.1227
134434000,3434.3194,1622600,22015500,5168801500,69637978400,3378.9056,3445.1956,3378.9056,3365.1227
134440000,3434.0967,1145700,16207400,5169947200,69654185800,3378.9056,3445.1956,3378.9056,3365.1227
134445000,3434.2086,1040400,15417800,5170987600,69669603600,3378.9056,3445.1956,3378.9056,3365.1227
134449000,3434.1274,986900,15448000,5171974500,69685051600,3378.9056,3445.1956,3378.9056,3365.1227
134455000,3434.2409,1077200,17961400,5173051700,69703013000,3378.9056,3445.1956,3378.9056,3365.1227
134500000,3434.5701,730500,9700900,5173782200,69712713900,3378.9056,3445.1956,3378.9056,3365.1227
134504000,3434.7586,1740000,22194900,5175522200,69734908800,3378.9056,3445.1956,3378.9056,3365.1227
134510000,3434.5603,1189300,16615300,5176711500,69751524100,3378.9056,3445.1956,3378.9056,3365.1227
134515000,3434.6315,992800,14439100,5177704300,69765963200,3378.9056,3445.1956,3378.9056,3365.1227
134519000,3434.738,1570800,27563000,5179275100,69793526200,3378.9056,3445.1956,3378.9056,3365.1227
134525000,3434.2609,1639300,21534100,5180914400,69815060300,3378.9056,3445.1956,3378.9056,3365.1227
134530000,3434.768,1426500,16797600,5182340900,69831857900,3378.9056,3445.1956,3378.9056,3365.1227
134534000,3434.1117,1329600,16822800,5183670500,69848680700,3378.9056,3445.1956,3378.9056,3365.1227
134540000,3434.2073,1786100,22839700,5185456600,69871520400,3378.9056,3445.1956,3378.9056,3365.1227
134545000,3433.8119,1731000,15641300,5187187600,69887161700,3378.9056,3445.1956,3378.9056,3365.1227
134549000,3434.2515,976700,15639200,5188164300,69902800900,3378.9056,3445.1956,3378.9056,3365.1227
134555000,3434.4652,1171300,20706200,5189335600,69923507100,3378.9056,3445.1956,3378.9056,3365.1227
134600000,3434.7434,1025700,14895200,5190361300,69938402300,3378.9056,3445.1956,3378.9056,3365.1227
134604000,3435.0574,973600,17633600,5191334900,69956035900,3378.9056,3445.1956,3378.9056,3365.1227
134610000,3434.9756,1112300,14984900,5192447200,69971020800,3378.9056,3445.1956,3378.9056,3365.1227
134615000,3434.8058,695400,9474000,5193142600,69980494800,3378.9056,3445.1956,3378.9056,3365.1227
134619000,3434.7748,1182400,16593700,5194325000,69997088500,3378.9056,3445.1956,3378.9056,3365.1227
134625000,3435.1336,1498400,19605100,5195823400,70016693600,3378.9056,3445.1956,3378.9056,3365.1227
134630000,3434.9786,1049100,18856100,5196872500,70035549700,3378.9056,3445.1956,3378.9056,3365.1227
134634000,3434.6393,1296000,16035800,5198168500,70051585500,3378.9056,3445.1956,3378.9056,3365.1227
134640000,3434.334,1419500,18116100,5199588000,70069701600,3378.9056,3445.1956,3378.9056,3365.1227
134645000,3434.3187,993200,13799100,5200581200,70083500700,3378.9056,3445.1956,3378.9056,3365.1227
134649000,3435.0078,1271500,18899800,5201852700,70102400500,3378.9056,3445.1956,3378.9056,3365.1227
134655000,3435.0059,1596300,21008200,5203449000,70123408700,3378.9056,3445.1956,3378.9056,3365.1227
134700000,3435.1868,864800,13165500,5204313800,70136574200,3378.9056,3445.1956,3378.9056,3365.1227
134704000,3434.9675,1580500,18409800,5205894300,70154984000,3378.9056,3445.1956,3378.9056,3365.1227
134710000,3435.454,1403400,18270700,5207297700,70173254700,3378.9056,3445.1956,3378.9056,3365.1227
134715000,3435.4861,1709600,17101600,5209007300,70190356300,3378.9056,3445.1956,3378.9056,3365.1227
134719000,3435.4589,2717600,26086400,5211724900,70216442700,3378.9056,3445.1956,3378.9056,3365.1227
134725000,3435.4893,1600000,23136400,5213324900,70239579100,3378.9056,3445.1956,3378.9056,3365.1227
134730000,3435.6247,1839300,17899900,5215164200,70257479000,3378.9056,3445.1956,3378.9056,3365.1227
134734000,3435.6034,1209400,18076000,5216373600,70275555000,3378.9056,3445.1956,3378.9056,3365.1227
134740000,3435.2175,1509900,23486300,5217883500,70299041300,3378.9056,3445.1956,3378.9056,3365.1227
134745000,3435.2063,1060100,13963900,5218943600,70313005200,3378.9056,3445.1956,3378.9056,3365.1227
134749000,3435.2123,1276600,17897500,5220220200,70330902700,3378.9056,3445.1956,3378.9056,3365.1227
134755000,3435.6115,1175500,20047500,5221395700,70350950200,3378.9056,3445.1956,3378.9056,3365.1227
134800000,3435.7717,849000,13494300,5222244700,70364444500,3378.9056,3445.1956,3378.9056,3365.1227
134804000,3435.965,1654100,20910700,5223898800,70385355200,3378.9056,3445.1956,3378.9056,3365.1227
134810000,3436.075,1434300,23491100,5225333100,70408846300,3378.9056,3445.1956,3378.9056,3365.1227
134815000,3435.902,1129100,14163900,5226462200,70423010200,3378.9056,3445.1956,3378.9056,3365.1227
134819000,3436.2211,1597900,21561100,5228060100,70444571300,3378.9056,3445.1956,3378.9056,3365.1227
134825000,3436.3622,1381800,20764400,5229441900,70465335700,3378.9056,3445.1956,3378.9056,3365.1227
134830000,3436.1806,1124800,15068800,5230566700,70480404500,3378.9056,3445.1956,3378.9056,3365.1227
134834000,3436.3923,1435800,20187000,5232002500,70500591500,3378.9056,3445.1956,3378.9056,3365.1227
134840000,3435.8889,1532400,21002800,5233534900,70521594300,3378.9056,3445.1956,3378.9056,3365.1227
134845000,3435.965,961200,15754300,5234496100,70537348600,3378.9056,3445.1956,3378.9056,3365.1227
134849000,3436.2609,1438400,20535500,5235934500,70557884100,3378.9056,3445.1956,3378.9056,3365.1227
134855000,3436.2801,1174500,18042700,5237109000,70575926800,3378.9056,3445.1956,3378.9056,3365.1227
134900000,3436.4241,1310800,19583400,5238419800,70595510200,3378.9056,3445.1956,3378.9056,3365.1227
134904000,3436.613,1742200,18416800,5240162000,70613927000,3378.9056,3445.1956,3378.9056,3365.1227
134910000,3436.631,2995500,24333400,5243157500,70638260400,3378.9056,3445.1956,3378.9056,3365.1227
134915000,3436.7744,1670900,14059600,5244828400,70652320000,3378.9056,3445.1956,3378.9056,3365.1227
134919000,3436.7316,1175500,21315100,5246003900,70673635100,3378.9056,3445.1956,3378.9056,3365.1227
134925000,3437.2638,1590100,18769900,5247594000,70692405000,3378.9056,3445.1956,3378.9056,3365.1227
134930000,3437.1051,750800,9308800,5248344800,70701713800,3378.9056,3445.1956,3378.9056,3365.1227
134934000,3436.9806,1106300,16539700,5249451100,70718253500,3378.9056,3445.1956,3378.9056,3365.1227
134940000,3436.3747,1390200,18485700,5250841300,70736739200,3378.9056,3445.1956,3378.9056,3365.1227
134945000,3436.61,1045300,17921500,5251886600,70754660700,3378.9056,3445.1956,3378.9056,3365.1227
134949000,3436.804,2656800,34151700,5254543400,70788812400,3378.9056,3445.1956,3378.9056,3365.1227
134955000,3437.218,1725900,32161400,5256269300,70820973800,3378.9056,3445.1956,3378.9056,3365.1227
135000000,3437.3153,1192800,22329000,5257462100,70843302800,3378.9056,3445.1956,3378.9056,3365.1227
135004000,3437.3996,1644300,30241600,5259106400,70873544400,3378.9056,3445.1956,3378.9056,3365.1227
135010000,3437.6278,1579800,24781900,5260686200,70898326300,3378.9056,3445.1956,3378.9056,3365.1227
135015000,3437.1997,1046400,16496800,5261732600,70914823100,3378.9056,3445.1956,3378.9056,3365.1227
135019000,3437.8016,1201200,20852500,5262933800,70935675600,3378.9056,3445.1956,3378.9056,3365.1227
135025000,3437.9736,1887100,26869400,5264820900,70962545000,3378.9056,3445.1956,3378.9056,3365.1227
135030000,3437.8065,1234100,16917900,5266055000,70979462900,3378.9056,3445.1956,3378.9056,3365.1227
135034000,3437.6021,1403200,19937000,5267458200,70999399900,3378.9056,3445.1956,3378.9056,3365.1227
135040000,3437.1891,1710700,26291700,5269168900,71025691600,3378.9056,3445.1956,3378.9056,3365.1227
135045000,3437.3183,856900,14286700,5270025800,71039978300,3378.9056,3445.1956,3378.9056,3365.1227
135049000,3437.4503,1269800,21090200,5271295600,71061068500,3378.9056,3445.1956,3378.9056,3365.1227
135055000,3437.5946,1535700,23870500,5272831300,71084939000,3378.9056,3445.1956,3378.9056,3365.1227
135100000,3437.9628,1008400,13103900,5273839700,71098042900,3378.9056,3445.1956,3378.9056,3365.1227
135104000,3437.9226,2002200,20921400,5275841900,71118964300,3378.9056,3445.1956,3378.9056,3365.1227
135110000,3437.9678,1550800,25857500,5277392700,71144821800,3378.9056,3445.1956,3378.9056,3365.1227
135115000,3438.15,1006100,9232800,5278398800,71154054600,3378.9056,3445.1956,3378.9056,3365.1227
135119000,3437.8457,1640500,25816600,5280039300,71179871200,3378.9056,3445.1956,3378.9056,3365.1227
135125000,3437.9121,1639800,25940100,5281679100,71205811300,3378.9056,3445.1956,3378.9056,3365.1227
135130000,3437.8334,1167500,15176200,5282846600,71220987500,3378.9056,3445.1956,3378.9056,3365.1227
135134000,3437.7263,1524400,20435300,5284371000,71241422800,3378.9056,3445.1956,3378.9056,3365.1227
135140000,3437.0356,1855200,20699800,5286226200,71262122600,3378.9056,3445.1956,3378.9056,3365.1227
135145000,3437.7397,1794200,18508900,5288020400,71280631500,3378.9056,3445.1956,3378.9056,3365.1227
135149000,3437.3487,1969400,18382900,5289989800,71299014400,3378.9056,3445.1956,3378.9056,3365.1227
135155000,3437.8796,1377900,20769400,5291367700,71319783800,3378.9056,3445.1956,3378.9056,3365.1227
135200000,3437.7504,1711900,16804600,5293079600,71336588400,3378.9056,3445.1956,3378.9056,3365.1227
135204000,3437.879,1579600,18956700,5294659200,71355545100,3378.9056,3445.1956,3378.9056,3365.1227
135210000,3437.6836,1900100,22865900,5296559300,71378411000,3378.9056,3445.1956,3378.9056,3365.1227
135215000,3437.9878,1502500,14360700,5298061800,71392771700,3378.9056,3445.1956,3378.9056,3365.1227
135219000,3437.6623,1185800,17675100,5299247600,71410446800,3378.9056,3445.1956,3378.9056,3365.1227
135225000,3437.7059,1614000,22476500,5300861600,71432923300,3378.9056,3445.1956,3378.9056,3365.1227
135230000,3437.9787,1009300,13527500,5301870900,71446450800,3378.9056,3445.1956,3378.9056,3365.1227
135234000,3437.7357,1521800,19547200,5303392700,71465998000,3378.9056,3445.1956,3378.9056,3365.1227
135240000,3437.3495,1439000,18239200,5304831700,71484237200,3378.9056,3445.1956,3378.9056,3365.1227
135245000,3437.3097,998100,15731800,5305829800,71499969000,3378.9056,3445.1956,3378.9056,3365.1227
135249000,3437.6419,1035400,16193900,5306865200,71516162900,3378.9056,3445.1956,3378.9056,3365.1227
135255000,3437.5095,1346700,24940700,5308211900,71541103600,3378.9056,3445.1956,3378.9056,3365.1227
135300000,3437.6446,722400,11448700,5308934300,71552552300,3378.9056,3445.1956,3378.9056,3365.1227
135304000,3438.0169,1629800,26078600,5310564100,71578630900,3378.9056,3445.1956,3378.9056,3365.1227
135310000,3437.6066,1218900,18029000,5311783000,71596659900,3378.9056,3445.1956,3378.9056,3365.1227
135315000,3437.3961,905500,12781200,5312688500,71609441100,3378.9056,3445.1956,3378.9056,3365.1227
135319000,3437.3187,1202400,17296300,5313890900,71626737400,3378.9056,3445.1956,3378.9056,3365.1227
135325000,3437.4148,1821900,25626800,5315712800,71652364200,3378.9056,3445.1956,3378.9056,3365.1227
135330000,3437.2509,1109300,15182400,5316822100,71667546600,3378.9056,3445.1956,3378.9056,3365.1227
135334000,3437.4553,1457300,18036000,5318279400,71685582600,3378.9056,3445.1956,3378.9056,3365.1227
135340000,3436.8875,1422300,19101900,5319701700,71704684500,3378.9056,3445.1956,3378.9056,3365.1227
135345000,3436.9678,1183500,17777700,5320885200,71722462200,3378.9056,3445.1956,3378.9056,3365.1227
135349000,3437.0375,1302500,20465700,5322187700,71742927900,3378.9056,3445.1956,3378.9056,3365.1227
135355000,3437.1043,1907100,28297300,5324094800,71771225200,3378.9056,3445.1956,3378.9056,3365.1227
135400000,3437.0535,750900,12604900,5324845700,71783830100,3378.9056,3445.1956,3378.9056,3365.1227
135404000,3437.145,2109800,26970800,5326955500,71810800900,3378.9056,3445.1956,3378.9056,3365.1227
135410000,3436.875,2787400,26549800,5329742900,71837350700,3378.9056,3445.1956,3378.9056,3365.1227
135415000,3437.0016,1797300,13666300,5331540200,71851017000,3378.9056,3445.1956,3378.9056,3365.1227
135419000,3437.0958,4414400,31506500,5335954600,71882523500,3378.9056,3445.1956,3378.9056,3365.1227
135425000,3437.1979,3887600,31495800,5339842200,71914019300,3378.9056,3445.1956,3378.9056,3365.1227
135430000,3437.0859,2062600,19676200,5341904800,71933695500,3378.9056,3445.1956,3378.9056,3365.1227
135434000,3437.3723,1557300,16567500,5343462100,71950263000,3378.9056,3445.1956,3378.9056,3365.1227
135440000,3436.2113,2115400,30927800,5345577500,71981190800,3378.9056,3445.1956,3378.9056,3365.1227
135445000,3436.4686,1584200,14205700,5347161700,71995396500,3378.9056,3445.1956,3378.9056,3365.1227
135449000,3436.8104,2107700,19027300,5349269400,72014423800,3378.9056,3445.1956,3378.9056,3365.1227
135455000,3436.4532,1767700,24706400,5351037100,72039130200,3378.9056,3445.1956,3378.9056,3365.1227
135500000,3436.528,993200,12157200,5352030300,72051287400,3378.9056,3445.1956,3378.9056,3365.1227
135504000,3436.4943,1327200,19370000,5353357500,72070657400,3378.9056,3445.1956,3378.9056,3365.1227
135510000,3436.5593,2122000,34526800,5355479500,72105184200,3378.9056,3445.1956,3378.9056,3365.1227
135515000,3436.7533,1597800,18758700,5357077300,72123942900,3378.9056,3445.1956,3378.9056,3365.1227
135519000,3436.6195,1073300,16866800,5358150600,72140809700,3378.9056,3445.1956,3378.9056,3365.1227
135525000,3436.4113,1633700,22412600,5359784300,72163222300,3378.9056,3445.1956,3378.9056,3365.1227
135530000,3436.1462,1127200,12549300,5360911500,72175771600,3378.9056,3445.1956,3378.9056,3365.1227
135534000,3436.3241,1767200,22090800,5362678700,72197862400,3378.9056,3445.1956,3378.9056,3365.1227
135540000,3436.4316,1440700,20367500,5364119400,72218229900,3378.9056,3445.1956,3378.9056,3365.1227
135546000,3435.89,1266200,15800800,5365385600,72234030700,3378.9056,3445.1956,3378.9056,3365.1227
135549000,3435.8218,888300,12573800,5366273900,72246604500,3378.9056,3445.1956,3378.9056,3365.1227
135555000,3435.9644,3406500,27298600,5369680400,72273903100,3378.9056,3445.1956,3378.9056,3365.1227
135600000,3436.4717,1847000,16564400,5371527400,72290467500,3378.9056,3445.1956,3378.9056,3365.1227
135604000,3436.8226,3131100,24566700,5374658500,72315034200,3378.9056,3445.1956,3378.9056,3365.1227
135610000,3436.5258,2568800,23724200,5377227300,72338758400,3378.9056,3445.1956,3378.9056,3365.1227
135616000,3436.8208,3511800,28946900,5380739100,72367705300,3378.9056,3445.1956,3378.9056,3365.1227
135619000,3436.7462,1692300,16442500,5382431400,72384147800,3378.9056,3445.1956,3378.9056,3365.1227
135625000,3436.8173,3795000,33049900,5386226400,72417197700,3378.9056,3445.1956,3378.9056,3365.1227
135630000,3437.1421,3127800,22298300,5389354200,72439496000,3378.9056,3445.1956,3378.9056,3365.1227
135636000,3437.2391,3901300,32873500,5393255500,72472369500,3378.9056,3445.1956,3378.9056,3365.1227
135640000,3437.1386,3470500,39520800,5396726000,72511890300,3378.9056,3445.1956,3378.9056,3365.1227
135646000,3437.2505,2886200,35251200,5399612200,72547141500,3378.9056,3445.1956,3378.9056,3365.1227
135649000,3437.9046,1084600,14236500,5400696800,72561378000,3378.9056,3445.1956,3378.9056,3365.1227
135655000,3438.279,2504000,32684600,5403200800,72594062600,3378.9056,3445.1956,3378.9056,3365.1227
135700000,3437.9737,1817600,20956200,5405018400,72615018800,3378.9056,3445.1956,3378.9056,3365.1227
135706000,3438.1789,3829600,36263000,5408848000,72651281800,3378.9056,3445.1956,3378.9056,3365.1227
135710000,3438.5692,2058800,28071600,5410906800,72679353400,3378.9056,3445.1956,3378.9056,3365.1227
135716000,3438.5747,2353300,33625900,5413260100,72712979300,3378.9056,3445.1956,3378.9056,3365.1227
135721000,3438.5921,1832100,21167900,5415092200,72734147200,3378.9056,3445.1956,3378.9056,3365.1227
135725000,3439.0959,3766700,27477200,5418858900,72761624400,3378.9056,3445.1956,3378.9056,3365.1227
135731000,3438.7102,2690500,30899500,5421549400,72792523900,3378.9056,3445.1956,3378.9056,3365.1227
135736000,3438.7198,1309400,17720400,5422858800,72810244300,3378.9056,3445.1956,3378.9056,3365.1227
135740000,3438.3188,2242100,27693500,5425100900,72837937800,3378.9056,3445.1956,3378.9056,3365.1227
135746000,3438.6496,2643600,28201900,5427744500,72866139700,3378.9056,3445.1956,3378.9056,3365.1227
135751000,3439.0051,1789300,23173200,5429533800,72889312900,3378.9056,3445.1956,3378.9056,3365.1227
135755000,3439.3656,1639900,26606300,5431173700,72915919200,3378.9056,3445.1956,3378.9056,3365.1227
135801000,3439.2386,3129100,45780100,5434302800,72961699300,3378.9056,3445.1956,3378.9056,3365.1227
135806000,3439.5833,1224300,18706900,5435527100,72980406200,3378.9056,3445.1956,3378.9056,3365.1227
135810000,3439.3633,1725900,28089800,5437253000,73008496000,3378.9056,3445.1956,3378.9056,3365.1227
135816000,3439.6439,1731000,23197900,5438984000,73031693900,3378.9056,3445.1956,3378.9056,3365.1227
135821000,3439.667,1097000,18414900,5440081000,73050108800,3378.9056,3445.1956,3378.9056,3365.1227
135825000,3439.5126,1978500,31455300,5442059500,73081564100,3378.9056,3445.1956,3378.9056,3365.1227
135831000,3439.862,2718000,36725100,5444777500,73118289200,3378.9056,3445.1956,3378.9056,3365.1227
135836000,3439.7515,797200,11848000,5445574700,73130137200,3378.9056,3445.1956,3378.9056,3365.1227
135840000,3439.0134,1322400,17529300,5446897100,73147666500,3378.9056,3445.1956,3378.9056,3365.1227
135846000,3439.5742,1967300,25317500,5448864400,73172984000,3378.9056,3445.1956,3378.9056,3365.1227
135851000,3439.4451,1767600,22469900,5450632000,73195453900,3378.9056,3445.1956,3378.9056,3365.1227
135855000,3439.754,1132200,16395600,5451764200,73211849500,3378.9056,3445.1956,3378.9056,3365.1227
135901000,3439.806,1912700,23582500,5453676900,73235432000,3378.9056,3445.1956,3378.9056,3365.1227
135906000,3439.7942,788700,11653500,5454465600,73247085500,3378.9056,3445.1956,3378.9056,3365.1227
135910000,3439.7714,1491400,29246800,5455957000,73276332300,3378.9056,3445.1956,3378.9056,3365.1227
135916000,3439.9931,1441500,31966600,5457398500,73308298900,3378.9056,3445.1956,3378.9056,3365.1227
135921000,3439.9858,836800,14227300,5458235300,73322526200,3378.9056,3445.1956,3378.9056,3365.1227
135925000,3439.8408,1554300,19985600,5459789600,73342511800,3378.9056,3445.1956,3378.9056,3365.1227
135931000,3440.1127,1790300,30712800,5461579900,73373224600,3378.9056,3445.1956,3378.9056,3365.1227
135936000,3440.0075,1211900,12256700,5462791800,73385481300,3378.9056,3445.1956,3378.9056,3365.1227
135940000,3439.2646,1066900,20245000,5463858700,73405726300,3378.9056,3445.1956,3378.9056,3365.1227
135946000,3440.1947,1558900,23734300,5465417600,73429460600,3378.9056,3445.1956,3378.9056,3365.1227
135951000,3440.0989,1264100,18011300,5466681700,73447471900,3378.9056,3445.1956,3378.9056,3365.1227
135955000,3439.7731,1354800,23022800,5468036500,73470494700,3378.9056,3445.1956,3378.9056,3365.1227
140001000,3439.6956,1374000,22569800,5469410500,73493064500,3378.9056,3445.1956,3378.9056,3365.1227
140006000,3440.0041,1091600,19461500,5470502100,73512526000,3378.9056,3445.1956,3378.9056,3365.1227
140010000,3440.0511,1754800,21503700,5472256900,73534029700,3378.9056,3445.1956,3378.9056,3365.1227
140016000,3440.3709,1800300,28808000,5474057200,73562837700,3378.9056,3445.1956,3378.9056,3365.1227
140021000,3440.2302,1148900,15339800,5475206100,73578177500,3378.9056,3445.1956,3378.9056,3365.1227
140025000,3440.2002,2007100,22450200,5477213200,73600627700,3378.9056,3445.1956,3378.9056,3365.1227
140031000,3440.0069,1902000,27306800,5479115200,73627934500,3378.9056,3445.1956,3378.9056,3365.1227
140036000,3440.0883,1093500,12710500,5480208700,73640645000,3378.9056,3445.1956,3378.9056,3365.1227
140040000,3439.3725,1354700,19451500,5481563400,73660096500,3378.9056,3445.1956,3378.9056,3365.1227
140046000,3439.9931,2309300,31197600,5483872700,73691294100,3378.9056,3445.1956,3378.9056,3365.1227
140051000,3439.9141,850000,11354200,5484722700,73702648300,3378.9056,3445.1956,3378.9056,3365.1227
140055000,3439.8119,1361200,30236800,5486083900,73732885100,3378.9056,3445.1956,3378.9056,3365.1227
140101000,3439.9909,1406700,22047900,5487490600,73754933000,3378.9056,3445.1956,3378.9056,3365.1227
140106000,3440.5601,1084600,16177000,5488575200,73771110000,3378.9056,3445.1956,3378.9056,3365.1227
140110000,3440.2041,1444100,21872500,5490019300,73792982500,3378.9056,3445.1956,3378.9056,3365.1227
140116000,3440.3293,1844300,26559100,5491863600,73819541600,3378.9056,3445.1956,3378.9056,3365.1227
140121000,3440.3876,741900,10919900,5492605500,73830461500,3378.9056,3445.1956,3378.9056,3365.1227
140125000,3440.2927,2256100,28150500,5494861600,73858612000,3378.9056,3445.1956,3378.9056,3365.1227
140131000,3440.3468,1475900,23981600,5496337500,73882593600,3378.9056,3445.1956,3378.9056,3365.1227
140136000,3440.2475,1312300,17994000,5497649800,73900587600,3378.9056,3445.1956,3378.9056,3365.1227
140140000,3439.4937,1823900,26039100,5499473700,73926626700,3378.9056,3445.1956,3378.9056,3365.1227
140146000,3440.2801,1562200,22032200,5501035900,73948658900,3378.9056,3445.1956,3378.9056,3365.1227
140151000,3439.9998,1005700,17537900,5502041600,73966196800,3378.9056,3445.1956,3378.9056,3365.1227
140155000,3440.3341,1215400,20073700,5503257000,73986270500,3378.9056,3445.1956,3378.9056,3365.1227
140201000,3440.6131,2120000,28047000,5505377000,74014317500,3378.9056,3445.1956,3378.9056,3365.1227
140206000,3440.3528,890800,12886800,5506267800,74027204300,3378.9056,3445.1956,3378.9056,3365.1227
140210000,3440.549,1992900,29809100,5508260700,74057013400,3378.9056,3445.1956,3378.9056,3365.1227
140216000,3440.8712,2014500,29114700,5510275200,74086128100,3378.9056,3445.1956,3378.9056,3365.1227
140221000,3440.7449,1836000,15833800,5512111200,74101961900,3378.9056,3445.1956,3378.9056,3365.1227
140225000,3440.9991,1648300,24972900,5513759500,74126934800,3378.9056,3445.1956,3378.9056,3365.1227
140231000,3440.8923,3519500,35439700,5517279000,74162374500,3378.9056,3445.1956,3378.9056,3365.1227
140236000,3440.7639,1301500,20076700,5518580500,74182451200,3378.9056,3445.1956,3378.9056,3365.1227
140240000,3440.0452,1579800,20549800,5520160300,74203001000,3378.9056,3445.1956,3378.9056,3365.1227
140246000,3440.7421,1915700,23577700,5522076000,74226578700,3378.9056,3445.1956,3378.9056,3365.1227
140251000,3440.7701,1283800,17693000,5523359800,74244271700,3378.9056,3445.1956,3378.9056,3365.1227
140255000,3440.6219,1439600,19779000,5524799400,74264050700,3378.9056,3445.1956,3378.9056,3365.1227
140301000,3440.4869,2558700,34718700,5527358100,74298769400,3378.9056,3445.1956,3378.9056,3365.1227
140306000,3441.0601,1263700,20233200,5528621800,74319002600,3378.9056,3445.1956,3378.9056,3365.1227
140310000,3440.9165,1807200,26930900,5530429000,74345933500,3378.9056,3445.1956,3378.9056,3365.1227
140316000,3441.0372,1453900,19863300,5531882900,74365796800,3378.9056,3445.1956,3378.9056,3365.1227
140321000,3440.8421,966800,13329300,5532849700,74379126100,3378.9056,3445.1956,3378.9056,3365.1227
140325000,3441.0043,2049400,25186500,5534899100,74404312600,3378.9056,3445.1956,3378.9056,3365.1227
140331000,3440.6858,1824700,27654200,5536723800,74431966800,3378.9056,3445.1956,3378.9056,3365.1227
140336000,3440.8093,1009400,13214700,5537733200,74445181500,3378.9056,3445.1956,3378.9056,3365.1227
140340000,3440.2619,2566800,31434500,5540300000,74476616000,3378.9056,3445.1956,3378.9056,3365.1227
140346000,3440.3184,1538000,20534600,5541838000,74497150600,3378.9056,3445.1956,3378.9056,3365.1227
140351000,3440.3061,1227200,16863900,5543065200,74514014500,3378.9056,3445.1956,3378.9056,3365.1227
140355000,3440.5051,1738400,25154900,5544803600,74539169400,3378.9056,3445.1956,3378.9056,3365.1227
140401000,3440.8118,1337100,20345000,5546140700,74559514400,3378.9056,3445.1956,3378.9056,3365.1227
140406000,3440.7227,1094800,20326800,5547235500,74579841200,3378.9056,3445.1956,3378.9056,3365.1227
140410000,3440.6965,1837800,21644200,5549073300,74601485400,3378.9056,3445.1956,3378.9056,3365.1227
140416000,3440.7856,1542800,22128800,5550616100,74623614200,3378.9056,3445.1956,3378.9056,3365.1227
140421000,3440.8047,874600,17155000,5551490700,74640769200,3378.9056,3445.1956,3378.9056,3365.1227
140425000,3440.7926,2284100,23970800,5553774800,74664740000,3378.9056,3445.1956,3378.9056,3365.1227
140431000,3440.7823,1973200,26886100,5555748000,74691626100,3378.9056,3445.1956,3378.9056,3365.1227
140436000,3440.625,1484700,18879300,5557232700,74710505400,3378.9056,3445.1956,3378.9056,3365.1227
140440000,3440.1041,2024000,33797000,5559256700,74744302400,3378.9056,3445.1956,3378.9056,3365.1227
140446000,3440.5509,1641900,22230900,5560898600,74766533300,3378.9056,3445.1956,3378.9056,3365.1227
140451000,3440.2394,1381700,21003600,5562280300,74787536900,3378.9056,3445.1956,3378.9056,3365.1227
140455000,3440.6205,1800200,21801000,5564080500,74809337900,3378.9056,3445.1956,3378.9056,3365.1227
140501000,3440.5052,2265500,35520600,5566346000,74844858500,3378.9056,3445.1956,3378.9056,3365.1227
140506000,3440.9861,1147700,16428400,5567493700,74861286900,3378.9056,3445.1956,3378.9056,3365.1227
140510000,3441.0689,2636300,33947800,5570130000,74895234700,3378.9056,3445.1956,3378.9056,3365.1227
140516000,3441.2636,1870500,22182500,5572000500,74917417200,3378.9056,3445.1956,3378.9056,3365.1227
140521000,3441.2705,754600,13225200,5572755100,74930642400,3378.9056,3445.1956,3378.9056,3365.1227
140525000,3441.5393,2547400,39497000,5575302500,74970139400,3378.9056,3445.1956,3378.9056,3365.1227
140531000,3441.5729,2031700,33497900,5577334200,75003637300,3378.9056,3445.1956,3378.9056,3365.1227
140536000,3441.4123,1427500,23472500,5578761700,75027109800,3378.9056,3445.1956,3378.9056,3365.1227
140540000,3441.0635,1553800,27429700,5580315500,75054539500,3378.9056,3445.1956,3378.9056,3365.1227
140546000,3441.8804,2258500,36207300,5582574000,75090746800,3378.9056,3445.1956,3378.9056,3365.1227
140551000,3441.704,1308000,18759600,5583882000,75109506400,3378.9056,3445.1956,3378.9056,3365.1227
140555000,3442.1158,1575400,26814900,5585457400,75136321300,3378.9056,3445.1956,3378.9056,3365.1227
140601000,3442.5809,2315900,32511200,5587773300,75168832500,3378.9056,3445.1956,3378.9056,3365.1227
140606000,3442.7688,3052300,27737000,5590825600,75196569500,3378.9056,3445.1956,3378.9056,3365.1227
140610000,3442.7398,2502400,40638300,5593328000,75237207800,3378.9056,3445.1956,3378.9056,3365.1227
140616000,3442.8365,2613900,43327600,5595941900,75280535400,3378.9056,3445.1956,3378.9056,3365.1227
140621000,3442.9585,2241900,23049600,5598183800,75303585000,3378.9056,3445.1956,3378.9056,3365.1227
140625000,3443.0786,3063400,28286200,5601247200,75331871200,3378.9056,3445.1956,3378.9056,3365.1227
140631000,3443.014,2561100,37634100,5603808300,75369505300,3378.9056,3445.1956,3378.9056,3365.1227
140636000,3443.4233,2057400,23164000,5605865700,75392669300,3378.9056,3445.1956,3378.9056,3365.1227
140640000,3442.2301,2631700,33807900,5608497400,75426477200,3378.9056,3445.1956,3378.9056,3365.1227
140646000,3442.7745,4611800,55597800,5613109200,75482075000,3378.9056,3445.1956,3378.9056,3365.1227
140651000,3443.2375,3365500,31517300,5616474700,75513592300,3378.9056,3445.1956,3378.9056,3365.1227
140655000,3443.2913,2818400,36355300,5619293100,75549947600,3378.9056,3445.1956,3378.9056,3365.1227
140701000,3443.4416,3117800,38358600,5622410900,75588306200,3378.9056,3445.1956,3378.9056,3365.1227
140706000,3443.701,1827900,21354000,5624238800,75609660200,3378.9056,3445.1956,3378.9056,3365.1227
140710000,3443.2683,3302500,26776300,5627541300,75636436500,3378.9056,3445.1956,3378.9056,3365.1227
140716000,3443.8262,4932900,64269100,5632474200,75700705600,3378.9056,3445.1956,3378.9056,3365.1227
140721000,3443.9256,3755100,32654700,5636229300,75733360300,3378.9056,3445.1956,3378.9056,3365.1227
140725000,3444.0321,3303900,30846300,5639533200,75764206600,3378.9056,3445.1956,3378.9056,3365.1227
140731000,3443.8337,4347100,39950000,5643880300,75804156600,3378.9056,3445.1956,3378.9056,3365.1227
140736000,3444.0093,6207600,35507800,5650087900,75839664400,3378.9056,3445.1956,3378.9056,3365.1227
140740000,3443.6936,4491400,34989900,5654579300,75874654300,3378.9056,3445.1956,3378.9056,3365.1227
140746000,3443.7183,2436900,37687800,5657016200,75912342100,3378.9056,3445.1956,3378.9056,3365.1227
140751000,3443.6123,1333400,18783200,5658349600,75931125300,3378.9056,3445.1956,3378.9056,3365.1227
140755000,3444.0718,2739200,36189800,5661088800,75967315100,3378.9056,3445.1956,3378.9056,3365.1227
140801000,3444.1078,2286600,29925000,5663375400,75997240100,3378.9056,3445.1956,3378.9056,3365.1227
140806000,3444.4103,2020700,23788400,5665396100,76021028500,3378.9056,3445.1956,3378.9056,3365.1227
140810000,3444.3309,3003100,33647400,5668399200,76054675900,3378.9056,3445.1956,3378.9056,3365.1227
140816000,3444.5298,1935700,27929600,5670334900,76082605500,3378.9056,3445.1956,3378.9056,3365.1227
140822000,3444.5398,2048700,31954900,5672383600,76114560400,3378.9056,3445.1956,3378.9056,3365.1227
140825000,3444.5544,1103900,15418700,5673487500,76129979100,3378.9056,3445.1956,3378.9056,3365.1227
140831000,3444.5413,2495300,25480700,5675982800,76155459800,3378.9056,3445.1956,3378.9056,3365.1227
140837000,3444.3896,2835900,51156200,5678818700,76206616000,3378.9056,3445.1956,3378.9056,3365.1227
140840000,3444.5217,1976100,18456600,5680794800,76225072600,3378.9056,3445.1956,3378.9056,3365.1227
140846000,3444.2863,2468900,34756700,5683263700,76259829300,3378.9056,3445.1956,3378.9056,3365.1227
140852000,3444.6059,3714500,36199900,5686978200,76296029200,3378.9056,3445.1956,3378.9056,3365.1227
140855000,3444.808,1374600,16124000,5688352800,76312153200,3378.9056,3445.1956,3378.9056,3365.1227
140901000,3445.3098,3420600,30516900,5691773400,76342670100,3378.9056,3445.3098,3378.9056,3365.1227
140906000,3444.9177,2485000,19800000,5694258400,76362470100,3378.9056,3445.3098,3378.9056,3365.1227
140912000,3445.0453,1952600,33399000,5696211000,76395869100,3378.9056,3445.3098,3378.9056,3365.1227
140916000,3445.2183,3396000,36187600,5699607000,76432056700,3378.9056,3445.3098,3378.9056,3365.1227
140922000,3445.1215,3501100,34703500,5703108100,76466760200,3378.9056,3445.4697,3378.9056,3365.1227
140927000,3445.2307,1982400,22019900,5705090500,76488780100,3378.9056,3445.4697,3378.9056,3365.1227
140931000,3445.36,2283200,31079900,5707373700,76519860000,3378.9056,3445.5074,3378.9056,3365.1227
140937000,3445.3863,2683600,32053200,5710057300,76551913200,3378.9056,3445.6342,3378.9056,3365.1227
140942000,3444.8805,2118200,22240300,5712175500,76574153500,3378.9056,3445.6342,3378.9056,3365.1227
140946000,3444.9627,1959100,27194400,5714134600,76601347900,3378.9056,3445.6342,3378.9056,3365.1227
140952000,3445.3392,2256200,28655100,5716390800,76630003000,3378.9056,3445.6342,3378.9056,3365.1227
140957000,3445.6319,2471100,23789800,5718861900,76653792800,3378.9056,3445.6793,3378.9056,3365.1227
141001000,3445.4255,2809900,32910400,5721671800,76686703200,3378.9056,3445.6793,3378.9056,3365.1227
141007000,3445.6913,2000900,28824200,5723672700,76715527400,3378.9056,3445.9182,3378.9056,3365.1227
141012000,3445.3356,2833700,30883200,5726506400,76746410600,3378.9056,3445.9182,3378.9056,3365.1227
141016000,3445.4278,1494300,21527000,5728000700,76767937600,3378.9056,3445.9182,3378.9056,3365.1227
141022000,3446.0103,3576200,44736600,5731576900,76812674200,3378.9056,3446.0103,3378.9056,3365.1227
141027000,3445.6888,1243400,22751200,5732820300,76835425400,3378.9056,3446.1831,3378.9056,3365.1227
141031000,3445.8445,1793000,24295200,5734613300,76859720600,3378.9056,3446.1831,3378.9056,3365.1227
141037000,3445.3748,1821400,25942800,5736434700,76885663400,3378.9056,3446.1831,3378.9056,3365.1227
141042000,3445.2688,1229000,17115700,5737663700,76902779100,3378.9056,3446.1831,3378.9056,3365.1227
141046000,3445.487,1434200,22944500,5739097900,76925723600,3378.9056,3446.1831,3378.9056,3365.1227
141052000,3445.6765,2105900,26188400,5741203800,76951912000,3378.9056,3446.1831,3378.9056,3365.1227
141057000,3445.5712,1844600,16821200,5743048400,76968733200,3378.9056,3446.1831,3378.9056,3365.1227
141101000,3445.8134,2089800,29486300,5745138200,76998219500,3378.9056,3446.1831,3378.9056,3365.1227
141107000,3446.1227,2970000,42069300,5748108200,77040288800,3378.9056,3446.1831,3378.9056,3365.1227
141112000,3446.046,1220300,17562500,5749328500,77057851300,3378.9056,3446.1831,3378.9056,3365.1227
141116000,3445.6483,1906100,22730600,5751234600,77080581900,3378.9056,3446.1831,3378.9056,3365.1227
141122000,3445.8782,3091500,34065400,5754326100,77114647300,3378.9056,3446.1831,3378.9056,3365.1227
141127000,3445.969,1721200,16302800,5756047300,77130950100,3378.9056,3446.1831,3378.9056,3365.1227
141131000,3446.0278,1681300,21511100,5757728600,77152461200,3378.9056,3446.1831,3378.9056,3365.1227
141137000,3445.8676,2318900,30465500,5760047500,77182926700,3378.9056,3446.1831,3378.9056,3365.1227
141142000,3445.2961,2123500,27498300,5762171000,77210425000,3378.9056,3446.1831,3378.9056,3365.1227
141146000,3445.0741,2461900,28840800,5764632900,77239265800,3378.9056,3446.1831,3378.9056,3365.1227
141152000,3445.5665,2960900,37296900,5767593800,77276562700,3378.9056,3446.1831,3378.9056,3365.1227
141157000,3445.1998,1643000,24143200,5769236800,77300705900,3378.9056,3446.1831,3378.9056,3365.1227
141201000,3445.2802,2512700,39000100,5771749500,77339706000,3378.9056,3446.1831,3378.9056,3365.1227
141207000,3445.7504,2409100,34370500,5774158600,77374076500,3378.9056,3446.1831,3378.9056,3365.1227
141212000,3445.6368,1714700,20936500,5775873300,77395013000,3378.9056,3446.1831,3378.9056,3365.1227
141216000,3445.8613,2107400,32158300,5777980700,77427171300,3378.9056,3446.1831,3378.9056,3365.1227
141222000,3446.0723,1918600,44837000,5779899300,77472008300,3378.9056,3446.1831,3378.9056,3365.1227
141227000,3446.281,1337400,24740800,5781236700,77496749100,3378.9056,3446.3614,3378.9056,3365.1227
141231000,3446.3347,2275100,30563100,5783511800,77527312200,3378.9056,3446.3614,3378.9056,3365.1227
141237000,3446.3904,1920600,34164100,5785432400,77561476300,3378.9056,3446.3904,3378.9056,3365.1227
141242000,3446.1293,1431200,19921700,5786863600,77581398000,3378.9056,3446.3904,3378.9056,3365.1227
141246000,3446.1989,2610700,46925300,5789474300,77628323300,3378.9056,3446.3904,3378.9056,3365.1227
141252000,3446.7207,2922700,44898200,5792397000,77673221500,3378.9056,3446.7207,3378.9056,3365.1227
141257000,3446.4895,1968700,23539600,5794365700,77696761100,3378.9056,3446.7207,3378.9056,3365.1227
141301000,3446.6509,2165200,31583200,5796530900,77728344300,3378.9056,3446.7207,3378.9056,3365.1227
141307000,3447.2158,4870000,56371500,5801400900,77784715800,3378.9056,3447.2158,3378.9056,3365.1227
141312000,3447.2966,2757800,29753800,5804158700,77814469600,3378.9056,3447.3399,3378.9056,3365.1227
141316000,3447.1094,2949000,34165400,5807107700,77848635000,3378.9056,3447.3399,3378.9056,3365.1227
141322000,3447.399,2797200,40056100,5809904900,77888691100,3378.9056,3447.399,3378.9056,3365.1227
141327000,3447.5884,1376100,17524700,5811281000,77906215800,3378.9056,3447.5887,3378.9056,3365.1227
141331000,3447.6319,2721400,37512500,5814002400,77943728300,3378.9056,3447.6358,3378.9056,3365.1227
141337000,3447.7419,5215200,63975100,5819217600,78007703400,3378.9056,3447.7419,3378.9056,3365.1227
141342000,3447.648,2466900,34522600,5821684500,78042226000,3378.9056,3447.7419,3378.9056,3365.1227
141346000,3447.9089,3770000,44202500,5825454500,78086428500,3378.9056,3447.9089,3378.9056,3365.1227
141352000,3447.948,4720300,59430900,5830174800,78145859400,3378.9056,3448.0673,3378.9056,3365.1227
141357000,3448.2295,1807900,30498600,5831982700,78176358000,3378.9056,3448.2721,3378.9056,3365.1227
141401000,3448.9109,15458100,89268400,5847440800,78265626400,3378.9056,3448.9109,3378.9056,3365.1227
141407000,3448.9405,4828600,59425000,5852269400,78325051400,3378.9056,3449.0134,3378.9056,3365.1227
141412000,3448.9206,3484700,46812700,5855754100,78371864100,3378.9056,3449.0134,3378.9056,3365.1227
141416000,3448.9535,17877900,82236800,5873632000,78454100900,3378.9056,3449.0134,3378.9056,3365.1227
141422000,3449.397,6117700,58962000,5879749700,78513062900,3378.9056,3449.397,3378.9056,3365.1227
141427000,3449.4685,2532300,21935300,5882282000,78534998200,3378.9056,3449.5761,3378.9056,3365.1227
141431000,3449.1047,4548900,43755000,5886830900,78578753200,3378.9056,3449.5761,3378.9056,3365.1227
141437000,3449.7757,7204100,48891400,5894035000,78627644600,3378.9056,3449.7757,3378.9056,3365.1227
141442000,3449.3571,2264900,21675900,5896299900,78649320500,3378.9056,3449.7757,3378.9056,3365.1227
141446000,3448.9457,3525000,38292800,5899824900,78687613300,3378.9056,3449.7757,3378.9056,3365.1227
141452000,3449.2711,4506200,36007400,5904331100,78723620700,3378.9056,3449.7757,3378.9056,3365.1227
141457000,3450.0462,1977000,22013200,5906308100,78745633900,3378.9056,3450.0567,3378.9056,3365.1227
141501000,3449.4899,3388400,34965600,5909696500,78780599500,3378.9056,3450.166,3378.9056,3365.1227
141507000,3449.8466,3475300,33556700,5913171800,78814156200,3378.9056,3450.166,3378.9056,3365.1227
141512000,3450.1982,2585100,35520100,5915756900,78849676300,3378.9056,3450.1982,3378.9056,3365.1227
141516000,3450.2401,5082800,45457100,5920839700,78895133400,3378.9056,3450.3797,3378.9056,3365.1227
141522000,3450.1376,2577600,36323300,5923417300,78931456700,3378.9056,3450.4283,3378.9056,3365.1227
141527000,3450.1456,1742600,19503700,5925159900,78950960400,3378.9056,3450.4283,3378.9056,3365.1227
141531000,3449.9323,2306000,29476300,5927465900,78980436700,3378.9056,3450.4283,3378.9056,3365.1227
141537000,3449.5884,2442400,32514600,5929908300,79012951300,3378.9056,3450.4283,3378.9056,3365.1227
141542000,3449.45,3033600,28902400,5932941900,79041853700,3378.9056,3450.4283,3378.9056,3365.1227
141546000,3449.1873,3551600,35231900,5936493500,79077085600,3378.9056,3450.4283,3378.9056,3365.1227
141552000,3449.2707,3800400,41058700,5940293900,79118144300,3378.9056,3450.4283,3378.9056,3365.1227
141557000,3449.8364,1737700,22697300,5942031600,79140841600,3378.9056,3450.4283,3378.9056,3365.1227
141601000,3449.2797,3712400,38769200,5945744000,79179610800,3378.9056,3450.4283,3378.9056,3365.1227
141607000,3450.008,3290900,40893100,5949034900,79220503900,3378.9056,3450.4283,3378.9056,3365.1227
141612000,3450.1514,1168500,16644900,5950203400,79237148800,3378.9056,3450.4283,3378.9056,3365.1227
141616000,3449.9014,2411000,29237500,5952614400,79266386300,3378.9056,3450.4283,3378.9056,3365.1227
141622000,3449.7183,2695000,33675900,5955309400,79300062200,3378.9056,3450.4283,3378.9056,3365.1227
141627000,3450.1151,1415600,16805300,5956725000,79316867500,3378.9056,3450.4283,3378.9056,3365.1227
141631000,3450.0295,2495200,29279900,5959220200,79346147400,3378.9056,3450.4857,3378.9056,3365.1227
141637000,3449.9415,2104300,24822800,5961324500,79370970200,3378.9056,3450.4857,3378.9056,3365.1227
141642000,3449.6145,1285100,15595700,5962609600,79386565900,3378.9056,3450.4857,3378.9056,3365.1227
141646000,3449.1314,3100300,31992500,5965709900,79418558400,3378.9056,3450.4857,3378.9056,3365.1227
141652000,3449.3311,2940300,32864000,5968650200,79451422400,3378.9056,3450.4857,3378.9056,3365.1227
141657000,3449.3857,1437400,19907200,5970087600,79471329600,3378.9056,3450.4857,3378.9056,3365.1227
141701000,3449.3598,2165300,28717000,5972252900,79500046600,3378.9056,3450.4857,3378.9056,3365.1227
141707000,3449.3212,2067200,25371900,5974320100,79525418500,3378.9056,3450.4857,3378.9056,3365.1227
141712000,3449.4137,1950900,19516500,5976271000,79544935000,3378.9056,3450.4857,3378.9056,3365.1227
141716000,3449.2547,1867300,26258200,5978138300,79571193200,3378.9056,3450.4857,3378.9056,3365.1227
141722000,3448.9675,1962700,28127000,5980101000,79599320200,3378.9056,3450.4857,3378.9056,3365.1227
141727000,3449.4879,1647900,21788000,5981748900,79621108200,3378.9056,3450.4857,3378.9056,3365.1227
141731000,3448.6329,2381400,34597800,5984130300,79655706000,3378.9056,3450.4857,3378.9056,3365.1227
141737000,3448.7742,2152500,29058600,5986282800,79684764600,3378.9056,3450.4857,3378.9056,3365.1227
141742000,3448.6727,1642400,19021000,5987925200,79703785600,3378.9056,3450.4857,3378.9056,3365.1227
141746000,3447.6993,2394200,30883000,5990319400,79734668600,3378.9056,3450.4857,3378.9056,3365.1227
141752000,3448.0504,3378500,39247400,5993697900,79773916000,3378.9056,3450.4857,3378.9056,3365.1227
141757000,3448.6055,2828200,23330400,5996526100,79797246400,3378.9056,3450.4857,3378.9056,3365.1227
141801000,3448.3833,5323300,35605900,6001849400,79832852300,3378.9056,3450.4857,3378.9056,3365.1227
141807000,3448.6523,2410800,29875400,6004260200,79862727700,3378.9056,3450.4857,3378.9056,3365.1227
141812000,3448.8349,1648500,21376900,6005908700,79884104600,3378.9056,3450.4857,3378.9056,3365.1227
141816000,3448.6071,1738800,22829800,6007647500,79906934400,3378.9056,3450.4857,3378.9056,3365.1227
141822000,3448.4629,2853900,27582700,6010501400,79934517100,3378.9056,3450.4857,3378.9056,3365.1227
141827000,3448.4598,1663100,20544500,6012164500,79955061600,3378.9056,3450.4857,3378.9056,3365.1227
141831000,3448.1415,2142200,23479800,6014306700,79978541400,3378.9056,3450.4857,3378.9056,3365.1227
141837000,3448.3988,2207200,32376700,6016513900,80010918100,3378.9056,3450.4857,3378.9056,3365.1227
141842000,3447.8964,1315000,14362500,6017828900,80025280600,3378.9056,3450.4857,3378.9056,3365.1227
141846000,3447.3593,1895100,27661000,6019724000,80052941600,3378.9056,3450.4857,3378.9056,3365.1227
141852000,3448.0685,1907600,36735200,6021631600,80089676800,3378.9056,3450.4857,3378.9056,3365.1227
141857000,3448.0013,1289500,19770100,6022921100,80109446900,3378.9056,3450.4857,3378.9056,3365.1227
141901000,3448.3796,2042700,24184200,6024963800,80133631100,3378.9056,3450.4857,3378.9056,3365.1227
141907000,3448.3307,2821800,39933200,6027785600,80173564300,3378.9056,3450.4857,3378.9056,3365.1227
141912000,3448.4933,1405500,22786600,6029191100,80196350900,3378.9056,3450.4857,3378.9056,3365.1227
141916000,3448.5284,2335200,40407100,6031526300,80236758000,3378.9056,3450.4857,3378.9056,3365.1227
141922000,3449.4785,2841700,48616900,6034368000,80285374900,3378.9056,3450.4857,3378.9056,3365.1227
141927000,3449.5972,1648700,26803200,6036016700,80312178100,3378.9056,3450.4857,3378.9056,3365.1227
141931000,3449.1572,1725000,30006100,6037741700,80342184200,3378.9056,3450.4857,3378.9056,3365.1227
141937000,3448.9769,2477300,38678400,6040219000,80380862600,3378.9056,3450.4857,3378.9056,3365.1227
141942000,3448.8788,1754400,31498700,6041973400,80412361300,3378.9056,3450.4857,3378.9056,3365.1227
141946000,3448.4398,2384700,34678200,6044358100,80447039500,3378.9056,3450.4857,3378.9056,3365.1227
141952000,3448.8677,2079500,31192900,6046437600,80478232400,3378.9056,3450.4857,3378.9056,3365.1227
141957000,3449.0652,1593000,18086800,6048030600,80496319200,3378.9056,3450.4857,3378.9056,3365.1227
142001000,3449.4415,1995300,26577600,6050025900,80522896800,3378.9056,3450.4857,3378.9056,3365.1227
142007000,3449.1326,1670800,27458300,6051696700,80550355100,3378.9056,3450.4857,3378.9056,3365.1227
142012000,3449.733,1381100,18493900,6053077800,80568849000,3378.9056,3450.4857,3378.9056,3365.1227
142016000,3449.6915,1654900,24974700,6054732700,80593823700,3378.9056,3450.4857,3378.9056,3365.1227
142022000,3449.5976,1689800,21680200,6056422500,80615503900,3378.9056,3450.4857,3378.9056,3365.1227
142027000,3449.2982,1467700,17925900,6057890200,80633429800,3378.9056,3450.4857,3378.9056,3365.1227
142031000,3449.1382,1850000,23449900,6059740200,80656879700,3378.9056,3450.4857,3378.9056,3365.1227
142037000,3449.5509,1972000,35938000,6061712200,80692817700,3378.9056,3450.4857,3378.9056,3365.1227
142043000,3449.4016,2414300,29987200,6064126500,80722804900,3378.9056,3450.4857,3378.9056,3365.1227
142046000,3449.0835,1035400,16523300,6065161900,80739328200,3378.9056,3450.4857,3378.9056,3365.1227
142052000,3449.7275,2492900,34116200,6067654800,80773444400,3378.9056,3450.4857,3378.9056,3365.1227
142057000,3449.33,1021800,16895600,6068676600,80790340000,3378.9056,3450.4857,3378.9056,3365.1227
142101000,3449.8425,1814700,27250400,6070491300,80817590400,3378.9056,3450.4857,3378.9056,3365.1227
142107000,3449.6242,1849000,27223500,6072340300,80844813900,3378.9056,3450.4857,3378.9056,3365.1227
142113000,3449.8356,1727700,22462000,6074068000,80867275900,3378.9056,3450.4857,3378.9056,3365.1227
142118000,3449.5478,1722200,22328300,6075790200,80889604200,3378.9056,3450.4857,3378.9056,3365.1227
142122000,3449.6957,1743900,30045300,6077534100,80919649500,3378.9056,3450.4857,3378.9056,3365.1227
142128000,3449.425,1294100,20755200,6078828200,80940404700,3378.9056,3450.4857,3378.9056,3365.1227
142133000,3450.1464,1878900,28255700,6080707100,80968660400,3378.9056,3450.4857,3378.9056,3365.1227
142137000,3449.9188,2182400,30873300,6082889500,80999533700,3378.9056,3450.4857,3378.9056,3365.1227
142143000,3449.5412,1594400,30615400,6084483900,81030149100,3378.9056,3450.4857,3378.9056,3365.1227
142148000,3448.8949,1755900,30296700,6086239800,81060445800,3378.9056,3450.4857,3378.9056,3365.1227
142152000,3449.3737,2303900,28817100,6088543700,81089262900,3378.9056,3450.4857,3378.9056,3365.1227
142158000,3449.482,2137000,24640500,6090680700,81113903400,3378.9056,3450.4857,3378.9056,3365.1227
142203000,3449.7634,1217900,19332200,6091898600,81133235600,3378.9056,3450.4857,3378.9056,3365.1227
142207000,3449.7772,2205500,28483500,6094104100,81161719100,3378.9056,3450.4857,3378.9056,3365.1227
142213000,3450.1836,2925600,63473100,6097029700,81225192200,3378.9056,3450.4857,3378.9056,3365.1227
142218000,3450.1712,1726200,37668800,6098755900,81262861000,3378.9056,3450.4857,3378.9056,3365.1227
142222000,3450.0623,1855100,30484700,6100611000,81293345700,3378.9056,3450.4857,3378.9056,3365.1227
142228000,3450.3968,2446000,31596100,6103057000,81324941800,3378.9056,3450.4857,3378.9056,3365.1227
142233000,3450.2096,1983000,31396800,6105040000,81356338600,3378.9056,3450.8322,3378.9056,3365.1227
142237000,3450.656,2014400,39984800,6107054400,81396323400,3378.9056,3450.8792,3378.9056,3365.1227
142243000,3450.3547,2495800,45640400,6109550200,81441963800,3378.9056,3450.8792,3378.9056,3365.1227
142248000,3450.0904,2623600,29523700,6112173800,81471487500,3378.9056,3450.8792,3378.9056,3365.1227
142252000,3450.8399,3367800,40617400,6115541600,81512104900,3378.9056,3450.9862,3378.9056,3365.1227
142258000,3450.6804,3151700,55293000,6118693300,81567397900,3378.9056,3450.9862,3378.9056,3365.1227
142303000,3450.873,2282500,28214700,6120975800,81595612600,3378.9056,3450.9862,3378.9056,3365.1227
142307000,3451.2574,1977900,26476800,6122953700,81622089400,3378.9056,3451.2574,3378.9056,3365.1227
142313000,3451.4969,3306700,42042900,6126260400,81664132300,3378.9056,3451.8503,3378.9056,3365.1227
142318000,3451.0224,1292700,26074200,6127553100,81690206500,3378.9056,3451.8503,3378.9056,3365.1227
142322000,3451.3033,1980900,25342800,6129534000,81715549300,3378.9056,3451.8503,3378.9056,3365.1227
142328000,3451.0369,4149800,39040800,6133683800,81754590100,3378.9056,3451.8503,3378.9056,3365.1227
142333000,3451.0247,2413600,31121500,6136097400,81785711600,3378.9056,3451.8503,3378.9056,3365.1227
142337000,3450.9712,1574200,22872600,6137671600,81808584200,3378.9056,3451.8503,3378.9056,3365.1227
142343000,3450.8927,2052800,31203800,6139724400,81839788000,3378.9056,3451.8503,3378.9056,3365.1227
142348000,3450.5328,1546000,24117400,6141270400,81863905400,3378.9056,3451.8503,3378.9056,3365.1227
142352000,3450.5923,1765400,28309200,6143035800,81892214600,3378.9056,3451.8503,3378.9056,3365.1227
142358000,3451.1432,1617200,25200400,6144653000,81917415000,3378.9056,3451.8503,3378.9056,3365.1227
142403000,3450.861,1501300,19033100,6146154300,81936448100,3378.9056,3451.8503,3378.9056,3365.1227
142407000,3450.9714,2691900,32611100,6148846200,81969059200,3378.9056,3451.8503,3378.9056,3365.1227
142413000,3451.31,2351900,30481400,6151198100,81999540600,3378.9056,3451.8503,3378.9056,3365.1227
142418000,3451.2031,1433900,21453400,6152632000,82020994000,3378.9056,3451.8503,3378.9056,3365.1227
142422000,3450.811,2452300,35586600,6155084300,82056580600,3378.9056,3451.8503,3378.9056,3365.1227
142428000,3450.8483,1957100,25518500,6157041400,82082099100,3378.9056,3451.8503,3378.9056,3365.1227
142433000,3450.8682,1365600,20234100,6158407000,82102333200,3378.9056,3451.8503,3378.9056,3365.1227
142437000,3450.7174,1819500,26066000,6160226500,82128399200,3378.9056,3451.8503,3378.9056,3365.1227
142443000,3450.4932,2315800,33846000,6162542300,82162245200,3378.9056,3451.8503,3378.9056,3365.1227
142448000,3450.5389,1647900,18677600,6164190200,82180922800,3378.9056,3451.8503,3378.9056,3365.1227
142452000,3450.2353,1786500,29917700,6165976700,82210840500,3378.9056,3451.8503,3378.9056,3365.1227
142458000,3450.587,3256000,42545300,6169232700,82253385800,3378.9056,3451.8503,3378.9056,3365.1227
142503000,3450.2836,2143900,25625100,6171376600,82279010900,3378.9056,3451.8503,3378.9056,3365.1227
142507000,3450.2803,4059000,56213700,6175435600,82335224600,3378.9056,3451.8503,3378.9056,3365.1227
142513000,3450.3014,2626200,39568800,6178061800,82374793400,3378.9056,3451.8503,3378.9056,3365.1227
142518000,3450.3801,1503700,23206900,6179565500,82398000300,3378.9056,3451.8503,3378.9056,3365.1227
142522000,3450.2538,2491300,35576100,6182056800,82433576400,3378.9056,3451.8503,3378.9056,3365.1227
142528000,3450.075,3548300,40509600,6185605100,82474086000,3378.9056,3451.8503,3378.9056,3365.1227
142533000,3450.4825,1849400,24058100,6187454500,82498144100,3378.9056,3451.8503,3378.9056,3365.1227
142537000,3450.1874,1380500,21482900,6188835000,82519627000,3378.9056,3451.8503,3378.9056,3365.1227
142543000,3449.6382,1871200,23317200,6190706200,82542944200,3378.9056,3451.8503,3378.9056,3365.1227
142548000,3449.2493,1164400,15523000,6191870600,82558467200,3378.9056,3451.8503,3378.9056,3365.1227
142552000,3449.6552,3573400,41722600,6195444000,82600189800,3378.9056,3451.8503,3378.9056,3365.1227
142558000,3449.8631,2963500,36473900,6198407500,82636663700,3378.9056,3451.8503,3378.9056,3365.1227
142603000,3449.6449,2057400,28565800,6200464900,82665229500,3378.9056,3451.8503,3378.9056,3365.1227
142607000,3449.842,2123900,28119800,6202588800,82693349300,3378.9056,3451.8503,3378.9056,3365.1227
142613000,3449.718,3026400,35675000,6205615200,82729024300,3378.9056,3451.8503,3378.9056,3365.1227
142618000,3449.6099,2028700,33633200,6207643900,82762657500,3378.9056,3451.8503,3378.9056,3365.1227
142622000,3449.4941,2490200,39665900,6210134100,82802323400,3378.9056,3451.8503,3378.9056,3365.1227
142628000,3449.6288,1988600,26117600,6212122700,82828441000,3378.9056,3451.8503,3378.9056,3365.1227
142633000,3449.8051,2470600,27588200,6214593300,82856029200,3378.9056,3451.8503,3378.9056,3365.1227
142637000,3449.458,2557000,30075500,6217150300,82886104700,3378.9056,3451.8503,3378.9056,3365.1227
142643000,3449.6434,2181700,30395200,6219332000,82916499900,3378.9056,3451.8503,3378.9056,3365.1227
142648000,3449.1284,1595300,23830000,6220927300,82940329900,3378.9056,3451.8503,3378.9056,3365.1227
142652000,3449.9241,2007200,33279200,6222934500,82973609100,3378.9056,3451.8503,3378.9056,3365.1227
142658000,3449.6067,2865600,35576200,6225800100,83009185300,3378.9056,3451.8503,3378.9056,3365.1227
142703000,3449.2886,1584400,28252900,6227384500,83037438200,3378.9056,3451.8503,3378.9056,3365.1227
142707000,3449.5361,4034900,38865600,6231419400,83076303800,3378.9056,3451.8503,3378.9056,3365.1227
142713000,3449.8025,1981500,29672900,6233400900,83105976700,3378.9056,3451.8503,3378.9056,3365.1227
142718000,3450.411,1764300,30002800,6235165200,83135979500,3378.9056,3451.8503,3378.9056,3365.1227
142722000,3449.4754,2266100,31351500,6237431300,83167331000,3378.9056,3451.8503,3378.9056,3365.1227
142728000,3450.094,2240000,39131400,6239671300,83206462400,3378.9056,3451.8503,3378.9056,3365.1227
142733000,3449.6704,1869600,20876700,6241540900,83227339100,3378.9056,3451.8503,3378.9056,3365.1227
142737000,3450.2048,1821300,24196900,6243362200,83251536000,3378.9056,3451.8503,3378.9056,3365.1227
142743000,3449.7045,2040100,27160200,6245402300,83278696200,3378.9056,3451.8503,3378.9056,3365.1227
142748000,3449.334,1640700,26160800,6247043000,83304857000,3378.9056,3451.8503,3378.9056,3365.1227
142752000,3449.9951,2278000,28854700,6249321000,83333711700,3378.9056,3451.8503,3378.9056,3365.1227
142758000,3449.8386,2607800,35690900,6251928800,83369402600,3378.9056,3451.8503,3378.9056,3365.1227
142803000,3449.7153,1692200,21045800,6253621000,83390448400,3378.9056,3451.8503,3378.9056,3365.1227
142807000,3450.1463,2270100,25978400,6255891100,83416426800,3378.9056,3451.8503,3378.9056,3365.1227
142813000,3450.046,2672500,27589800,6258563600,83444016600,3378.9056,3451.8503,3378.9056,3365.1227
142818000,3449.8436,1732600,21310200,6260296200,83465326800,3378.9056,3451.8503,3378.9056,3365.1227
142822000,3450.1377,2504500,36631000,6262800700,83501957800,3378.9056,3451.8503,3378.9056,3365.1227
142828000,3450.0158,2708800,41252500,6265509500,83543210300,3378.9056,3451.8503,3378.9056,3365.1227
142833000,3449.685,1547800,24801200,6267057300,83568011500,3378.9056,3451.8503,3378.9056,3365.1227
142838000,3449.7018,2534800,34436400,6269592100,83602447900,3378.9056,3451.8503,3378.9056,3365.1227
142843000,3449.4733,2480900,30031100,6272073000,83632479000,3378.9056,3451.8503,3378.9056,3365.1227
142848000,3448.9338,1852000,27298300,6273925000,83659777300,3378.9056,3451.8503,3378.9056,3365.1227
142852000,3449.4445,2137400,33398700,6276062400,83693176000,3378.9056,3451.8503,3378.9056,3365.1227
142858000,3449.3906,3021800,48877900,6279084200,83742053900,3378.9056,3451.8503,3378.9056,3365.1227
142903000,3449.6544,2087000,25364400,6281171200,83767418300,3378.9056,3451.8503,3378.9056,3365.1227
142908000,3449.5466,1926500,24512000,6283097700,83791930300,3378.9056,3451.8503,3378.9056,3365.1227
142913000,3449.4313,1705900,25004600,6284803600,83816934900,3378.9056,3451.8503,3378.9056,3365.1227
142918000,3449.2589,1349900,16386700,6286153500,83833321600,3378.9056,3451.8503,3378.9056,3365.1227
142923000,3448.8482,2400400,29685900,6288553900,83863007500,3378.9056,3451.8503,3378.9056,3365.1227
142928000,3449.0669,3422400,38108700,6291976300,83901116200,3378.9056,3451.8503,3378.9056,3365.1227
142933000,3448.9986,1537900,18813600,6293514200,83919929800,3378.9056,3451.8503,3378.9056,3365.1227
142937000,3448.6903,3042000,30756900,6296556200,83950686700,3378.9056,3451.8503,3378.9056,3365.1227
142943000,3448.4571,2178900,27832100,6298735100,83978518800,3378.9056,3451.8503,3378.9056,3365.1227
142948000,3448.2787,1542600,21692500,6300277700,84000211300,3378.9056,3451.8503,3378.9056,3365.1227
142952000,3448.0605,2465400,29781100,6302743100,84029992400,3378.9056,3451.8503,3378.9056,3365.1227
142958000,3447.7379,2934600,34457300,6305677700,84064449700,3378.9056,3451.8503,3378.9056,3365.1227
143003000,3447.8927,2059800,24077000,6307737500,84088526700,3378.9056,3451.8503,3378.9056,3365.1227
143008000,3448.7649,2707100,33721500,6310444600,84122248200,3378.9056,3451.8503,3378.9056,3365.1227
143013000,3448.7077,3062500,35190100,6313507100,84157438300,3378.9056,3451.8503,3378.9056,3365.1227
143018000,3449.243,2815000,27077200,6316322100,84184515500,3378.9056,3451.8503,3378.9056,3365.1227
143023000,3449.1458,3026300,41632300,6319348400,84226147800,3378.9056,3451.8503,3378.9056,3365.1227
143028000,3449.4988,4565000,56401200,6323913400,84282549000,3378.9056,3451.8503,3378.9056,3365.1227
143033000,3449.4837,2498500,39979000,6326411900,84322528000,3378.9056,3451.8503,3378.9056,3365.1227
143038000,3450.1183,4112500,47038700,6330524400,84369566700,3378.9056,3451.8503,3378.9056,3365.1227
143043000,3450.0751,3772300,48880800,6334296700,84418447500,3378.9056,3451.8503,3378.9056,3365.1227
143048000,3449.2578,2771600,28792500,6337068300,84447240000,3378.9056,3451.8503,3378.9056,3365.1227
143052000,3449.2545,2539000,38476600,6339607300,84485716600,3378.9056,3451.8503,3378.9056,3365.1227
143058000,3449.5639,2779000,40789300,6342386300,84526505900,3378.9056,3451.8503,3378.9056,3365.1227
143103000,3449.073,1568700,23359700,6343955000,84549865600,3378.9056,3451.8503,3378.9056,3365.1227
143108000,3449.2499,2305200,30103600,6346260200,84579969200,3378.9056,3451.8503,3378.9056,3365.1227
143113000,3449.6839,3129100,47127500,6349389300,84627096700,3378.9056,3451.8503,3378.9056,3365.1227
143118000,3449.8942,1464200,21788300,6350853500,84648885000,3378.9056,3451.8503,3378.9056,3365.1227
143123000,3449.9345,2458600,39441900,6353312100,84688326900,3378.9056,3451.8503,3378.9056,3365.1227
143128000,3450.0097,2461800,42833500,6355773900,84731160400,3378.9056,3451.8503,3378.9056,3365.1227
143133000,3449.4701,1313900,23195100,6357087800,84754355500,3378.9056,3451.8503,3378.9056,3365.1227
143137000,3449.4497,2279400,29466900,6359367200,84783822400,3378.9056,3451.8503,3378.9056,3365.1227
143143000,3449.4981,3919800,49797300,6363287000,84833619700,3378.9056,3451.8503,3378.9056,3365.1227
143148000,3449.2811,2797000,25201800,6366084000,84858821500,3378.9056,3451.8503,3378.9056,3365.1227
143153000,3449.5098,3731200,39766100,6369815200,84898587600,3378.9056,3451.8503,3378.9056,3365.1227
143158000,3449.8019,2982900,36358500,6372798100,84934946100,3378.9056,3451.8503,3378.9056,3365.1227
143203000,3449.1162,1559200,28412600,6374357300,84963358700,3378.9056,3451.8503,3378.9056,3365.1227
143207000,3449.3137,2999900,34200100,6377357200,84997558800,3378.9056,3451.8503,3378.9056,3365.1227
143213000,3449.8903,2742000,31894800,6380099200,85029453600,3378.9056,3451.8503,3378.9056,3365.1227
143218000,3449.7821,2158300,20218400,6382257500,85049672000,3378.9056,3451.8503,3378.9056,3365.1227
143224000,3449.7493,4138300,45607400,6386395800,85095279400,3378.9056,3451.8503,3378.9056,3365.1227
143228000,3449.8884,2372700,32512800,6388768500,85127792200,3378.9056,3451.8503,3378.9056,3365.1227
143233000,3449.4642,1921700,23977600,6390690200,85151769800,3378.9056,3451.8503,3378.9056,3365.1227
143238000,3449.2028,2360700,26218300,6393050900,85177988100,3378.9056,3451.8503,3378.9056,3365.1227
143243000,3449.5439,4060200,43747300,6397111100,85221735400,3378.9056,3451.8503,3378.9056,3365.1227
143248000,3448.8763,2994000,29288600,6400105100,85251024000,3378.9056,3451.8503,3378.9056,3365.1227
143254000,3448.9307,2373200,30298000,6402478300,85281322000,3378.9056,3451.8503,3378.9056,3365.1227
143258000,3449.4122,1768400,24640500,6404246700,85305962500,3378.9056,3451.8503,3378.9056,3365.1227
143303000,3448.943,1703100,20380500,6405949800,85326343000,3378.9056,3451.8503,3378.9056,3365.1227
143309000,3448.8551,3282400,41042900,6409232200,85367385900,3378.9056,3451.8503,3378.9056,3365.1227
143313000,3449.0939,2262300,27241200,6411494500,85394627100,3378.9056,3451.8503,3378.9056,3365.1227
143319000,3449.2787,2222600,27079800,6413717100,85421706900,3378.9056,3451.8503,3378.9056,3365.1227
143324000,3449.4655,3095100,24819100,6416812200,85446526000,3378.9056,3451.8503,3378.9056,3365.1227
143329000,3449.4237,2720600,33292400,6419532800,85479818400,3378.9056,3451.8503,3378.9056,3365.1227
143334000,3449.1065,3792800,39092900,6423325600,85518911300,3378.9056,3451.8503,3378.9056,3365.1227
143339000,3449.4951,1495900,22206400,6424821500,85541117700,3378.9056,3451.8503,3378.9056,3365.1227
143343000,3449.5,2281700,32713800,6427103200,85573831500,3378.9056,3451.8503,3378.9056,3365.1227
143349000,3448.5843,2398500,29276800,6429501700,85603108300,3378.9056,3451.8503,3378.9056,3365.1227
143354000,3448.8282,1389800,19956500,6430891500,85623064800,3378.9056,3451.8503,3378.9056,3365.1227
143359000,3448.6683,2080100,30368300,6432971600,85653433100,3378.9056,3451.8503,3378.9056,3365.1227
143404000,3448.557,2625400,32324500,6435597000,85685757600,3378.9056,3451.8503,3378.9056,3365.1227
143409000,3449.0229,1366600,20905500,6436963600,85706663100,3378.9056,3451.8503,3378.9056,3365.1227
143414000,3448.5461,2207900,32262500,6439171500,85738925600,3378.9056,3451.8503,3378.9056,3365.1227
143419000,3448.6744,2082700,27561700,6441254200,85766487300,3378.9056,3451.8503,3378.9056,3365.1227
143424000,3449.1945,2172900,23648400,6443427100,85790135700,3378.9056,3451.8503,3378.9056,3365.1227
143429000,3449.0358,3279200,42341500,6446706300,85832477200,3378.9056,3451.8503,3378.9056,3365.1227
143434000,3448.5417,2154000,27132500,6448860300,85859609700,3378.9056,3451.8503,3378.9056,3365.1227
143439000,3448.8247,1803700,23448700,6450664000,85883058400,3378.9056,3451.8503,3378.9056,3365.1227
143444000,3448.67,3551100,37042300,6454215100,85920100700,3378.9056,3451.8503,3378.9056,3365.1227
143449000,3448.1927,3249300,31585100,6457464400,85951685800,3378.9056,3451.8503,3378.9056,3365.1227
143454000,3448.1829,2841700,29602700,6460306100,85981288500,3378.9056,3451.8503,3378.9056,3365.1227
143459000,3448.6434,2464700,28979100,6462770800,86010267600,3378.9056,3451.8503,3378.9056,3365.1227
143504000,3447.9095,2789900,39194900,6465560700,86049462500,3378.9056,3451.8503,3378.9056,3365.1227
143509000,3448.2064,1626500,29249300,6467187200,86078711800,3378.9056,3451.8503,3378.9056,3365.1227
143514000,3448.8397,1916700,25361400,6469103900,86104073200,3378.9056,3451.8503,3378.9056,3365.1227
143519000,3448.7065,2512200,32778500,6471616100,86136851700,3378.9056,3451.8503,3378.9056,3365.1227
143524000,3448.8624,2121200,27620500,6473737300,86164472200,3378.9056,3451.8503,3378.9056,3365.1227
143529000,3449.052,2172700,30463500,6475910000,86194935700,3378.9056,3451.8503,3378.9056,3365.1227
143534000,3448.6592,7303600,57486900,6483213600,86252422600,3378.9056,3451.8503,3378.9056,3365.1227
143539000,3448.8145,3629600,41034100,6486843200,86293456700,3378.9056,3451.8503,3378.9056,3365.1227
143544000,3449.3813,2390500,33660100,6489233700,86327116800,3378.9056,3451.8503,3378.9056,3365.1227
143549000,3449.0725,3003500,32936100,6492237200,86360052900,3378.9056,3451.8503,3378.9056,3365.1227
143554000,3449.9244,2594000,35599000,6494831200,86395651900,3378.9056,3451.8503,3378.9056,3365.1227
143559000,3450.2283,2884400,46700800,6497715600,86442352700,3378.9056,3451.8503,3378.9056,3365.1227
143604000,3450.4307,4835800,63900900,6502551400,86506253600,3378.9056,3451.8503,3378.9056,3365.1227
143609000,3450.5418,3451900,38745000,6506003300,86544998600,3378.9056,3451.8503,3378.9056,3365.1227
143614000,3450.0923,3899300,42483600,6509902600,86587482200,3378.9056,3451.8503,3378.9056,3365.1227
143619000,3450.4621,5227000,47618300,6515129600,86635100500,3378.9056,3451.8503,3378.9056,3365.1227
143624000,3450.5166,4134200,33858800,6519263800,86668959300,3378.9056,3451.8503,3378.9056,3365.1227
143629000,3450.6475,5233200,44657100,6524497000,86713616400,3378.9056,3451.8503,3378.9056,3365.1227
143634000,3450.6569,3111800,35485200,6527608800,86749101600,3378.9056,3451.8503,3378.9056,3365.1227
143639000,3450.2319,3497400,48742600,6531106200,86797844200,3378.9056,3451.8503,3378.9056,3365.1227
143644000,3450.6022,6956300,56006600,6538062500,86853850800,3378.9056,3451.8503,3378.9056,3365.1227
143649000,3450.0504,6613200,50231200,6544675700,86904082000,3378.9056,3451.8503,3378.9056,3365.1227
143654000,3450.6515,1893300,27553500,6546569000,86931635500,3378.9056,3451.8503,3378.9056,3365.1227
143659000,3450.7052,2123500,33430100,6548692500,86965065600,3378.9056,3451.8503,3378.9056,3365.1227
143704000,3450.4308,2706100,35612900,6551398600,87000678500,3378.9056,3451.8503,3378.9056,3365.1227
143709000,3450.3766,2298700,27846400,6553697300,87028524900,3378.9056,3451.8503,3378.9056,3365.1227
143714000,3450.4682,2665100,42091600,6556362400,87070616500,3378.9056,3451.8503,3378.9056,3365.1227
143719000,3450.9282,3623800,51555900,6559986200,87122172400,3378.9056,3451.8503,3378.9056,3365.1227
143724000,3450.795,3432500,42299200,6563418700,87164471600,3378.9056,3451.8503,3378.9056,3365.1227
143729000,3450.5696,3230800,38372700,6566649500,87202844300,3378.9056,3451.8503,3378.9056,3365.1227
143734000,3450.7531,3769500,38045100,6570419000,87240889400,3378.9056,3451.8503,3378.9056,3365.1227
143739000,3450.5891,2776500,34475900,6573195500,87275365300,3378.9056,3451.8503,3378.9056,3365.1227
143744000,3450.669,3211500,42616600,6576407000,87317981900,3378.9056,3451.8503,3378.9056,3365.1227
143749000,3450.0825,2579300,32732700,6578986300,87350714600,3378.9056,3451.8503,3378.9056,3365.1227
143754000,3450.4434,2975100,45263000,6581961400,87395977600,3378.9056,3451.8503,3378.9056,3365.1227
143759000,3450.3374,2524400,34905100,6584485800,87430882700,3378.9056,3451.8503,3378.9056,3365.1227
143804000,3450.2623,3683500,40402200,6588169300,87471284900,3378.9056,3451.8503,3378.9056,3365.1227
143809000,3450.4305,1666700,22497400,6589836000,87493782300,3378.9056,3451.8503,3378.9056,3365.1227
143814000,3450.7102,2803000,41539000,6592639000,87535321300,3378.9056,3451.8503,3378.9056,3365.1227
143819000,3450.7118,2510900,33961100,6595149900,87569282400,3378.9056,3451.8503,3378.9056,3365.1227
143824000,3450.9829,1478300,23480500,6596628200,87592762900,3378.9056,3451.8503,3378.9056,3365.1227
143828000,3450.8728,3448100,39189400,6600076300,87631952300,3378.9056,3451.8503,3378.9056,3365.1227
143834000,3451.1451,3554600,43699400,6603630900,87675651700,3378.9056,3451.8503,3378.9056,3365.1227
143839000,3451.0906,2245600,36047200,6605876500,87711698900,3378.9056,3451.8503,3378.9056,3365.1227
143844000,3451.3114,5909900,60561700,6611786400,87772260600,3378.9056,3451.8503,3378.9056,3365.1227
143849000,3450.3617,2939300,36640900,6614725700,87808901500,3378.9056,3451.8503,3378.9056,3365.1227
143854000,3451.1218,2365000,28827100,6617090700,87837728600,3378.9056,3451.8503,3378.9056,3365.1227
143859000,3451.0094,3928600,45103100,6621019300,87882831700,3378.9056,3451.8503,3378.9056,3365.1227
143904000,3450.7025,3084100,39693100,6624103400,87922524800,3378.9056,3451.8503,3378.9056,3365.1227
143909000,3450.526,1782300,23706200,6625885700,87946231000,3378.9056,3451.8503,3378.9056,3365.1227
143914000,3451.1378,2510100,46014600,6628395800,87992245600,3378.9056,3451.8503,3378.9056,3365.1227
143919000,3451.4271,3248300,44262400,6631644100,88036508000,3378.9056,3451.8503,3378.9056,3365.1227
143924000,3451.2608,3037000,30511800,6634681100,88067019800,3378.9056,3451.8503,3378.9056,3365.1227
143929000,3451.365,3375400,38927400,6638056500,88105947200,3378.9056,3451.8503,3378.9056,3365.1227
143934000,3451.4507,2950200,40508300,6641006700,88146455500,3378.9056,3451.8503,3378.9056,3365.1227
143939000,3451.4651,1965400,27102300,6642972100,88173557800,3378.9056,3451.8503,3378.9056,3365.1227
143944000,3451.2688,3072200,56887300,6646044300,88230445100,3378.9056,3451.8503,3378.9056,3365.1227
143949000,3450.9641,2868500,40886100,6648912800,88271331200,3378.9056,3451.8503,3378.9056,3365.1227
143954000,3451.2685,2588700,32282900,6651501500,88303614100,3378.9056,3451.8503,3378.9056,3365.1227
143959000,3451.7895,2912600,35858700,6654414100,88339472800,3378.9056,3451.8503,3378.9056,3365.1227
144004000,3451.0368,4288900,48376800,6658703000,88387849600,3378.9056,3451.8503,3378.9056,3365.1227
144009000,3451.5355,2743000,35843400,6661446000,88423693000,3378.9056,3451.8503,3378.9056,3365.1227
144014000,3451.2513,2937200,38731700,6664383200,88462424700,3378.9056,3451.8503,3378.9056,3365.1227
144019000,3451.4193,5956900,55643400,6670340100,88518068100,3378.9056,3451.8503,3378.9056,3365.1227
144024000,3451.719,2807100,33196400,6673147200,88551264500,3378.9056,3451.8503,3378.9056,3365.1227
144029000,3451.7374,4094200,47389500,6677241400,88598654000,3378.9056,3451.8503,3378.9056,3365.1227
144034000,3451.8776,4181200,48602900,6681422600,88647256900,3378.9056,3452.0241,3378.9056,3365.1227
144039000,3451.9317,1856700,30247500,6683279300,88677504400,3378.9056,3452.1936,3378.9056,3365.1227
144044000,3452.1544,3070700,41307300,6686350000,88718811700,3378.9056,3452.1936,3378.9056,3365.1227
144049000,3451.8076,3037100,38827800,6689387100,88757639500,3378.9056,3452.1936,3378.9056,3365.1227
144054000,3451.8976,2607500,31710700,6691994600,88789350200,3378.9056,3452.1936,3378.9056,3365.1227
144059000,3452.1687,3516600,42069500,6695511200,88831419700,3378.9056,3452.2376,3378.9056,3365.1227
144104000,3451.5708,5944500,58552100,6701455700,88889971800,3378.9056,3452.2376,3378.9056,3365.1227
144109000,3452.2391,3837300,34185000,6705293000,88924156800,3378.9056,3452.2391,3378.9056,3365.1227
144114000,3452.3182,6592700,51029400,6711885700,88975186200,3378.9056,3452.5233,3378.9056,3365.1227
144119000,3452.1743,3679000,50087500,6715564700,89025273700,3378.9056,3452.5233,3378.9056,3365.1227
144124000,3452.1367,2425700,31320700,6717990400,89056594400,3378.9056,3452.5233,3378.9056,3365.1227
144129000,3452.4592,2880600,45939300,6720871000,89102533700,3378.9056,3452.5233,3378.9056,3365.1227
144134000,3452.2897,2573100,34056200,6723444100,89136589900,3378.9056,3452.5233,3378.9056,3365.1227
144139000,3452.1605,3451600,30430500,6726895700,89167020400,3378.9056,3452.5233,3378.9056,3365.1227
144144000,3452.2032,3972500,39525500,6730868200,89206545900,3378.9056,3452.5233,3378.9056,3365.1227
144149000,3451.9211,3907200,48037600,6734775400,89254583500,3378.9056,3452.5233,3378.9056,3365.1227
144154000,3452.0461,3179900,41547600,6737955300,89296131100,3378.9056,3452.5233,3378.9056,3365.1227
144159000,3452.5665,3689400,45473100,6741644700,89341604200,3378.9056,3452.5665,3378.9056,3365.1227
144204000,3452.1931,5290800,48065500,6746935500,89389669700,3378.9056,3452.5665,3378.9056,3365.1227
144209000,3452.7588,3356100,32153400,6750291600,89421823100,3378.9056,3452.9608,3378.9056,3365.1227
144214000,3452.7444,2502700,33920600,6752794300,89455743700,3378.9056,3452.9608,3378.9056,3365.1227
144219000,3452.6462,2706000,40895800,6755500300,89496639500,3378.9056,3452.9608,3378.9056,3365.1227
144224000,3452.7409,2310600,27779700,6757810900,89524419200,3378.9056,3452.9608,3378.9056,3365.1227
144229000,3453.0006,4510600,43307700,6762321500,89567726900,3378.9056,3453.0303,3378.9056,3365.1227
144234000,3453.3316,4239600,46826000,6766561100,89614552900,3378.9056,3453.3316,3378.9056,3365.1227
144239000,3453.4186,4525600,44808200,6771086700,89659361100,3378.9056,3453.4782,3378.9056,3365.1227
144244000,3453.46,6296900,52548500,6777383600,89711909600,3378.9056,3453.5229,3378.9056,3365.1227
144249000,3453.2466,4511600,58168700,6781895200,89770078300,3378.9056,3453.5229,3378.9056,3365.1227
144254000,3453.3889,2987900,32098200,6784883100,89802176500,3378.9056,3453.5229,3378.9056,3365.1227
144259000,3453.3896,4092000,48516800,6788975100,89850693300,3378.9056,3453.5771,3378.9056,3365.1227
144304000,3453.0584,3957200,47222900,6792932300,89897916200,3378.9056,3453.5771,3378.9056,3365.1227
144309000,3453.5648,2303800,30475000,6795236100,89928391200,3378.9056,3453.5771,3378.9056,3365.1227
144313000,3453.9488,4183600,48107500,6799419700,89976498700,3378.9056,3453.9488,3378.9056,3365.1227
144319000,3453.9938,3132100,42544700,6802551800,90019043400,3378.9056,3453.9938,3378.9056,3365.1227
144324000,3453.8661,4909500,49302900,6807461300,90068346300,3378.9056,3453.9938,3378.9056,3365.1227
144329000,3454.0196,3189000,45617200,6810650300,90113963500,3378.9056,3454.0196,3378.9056,3365.1227
144334000,3454.5176,3819500,56133200,6814469800,90170096700,3378.9056,3454.5176,3378.9056,3365.1227
144339000,3454.1163,3032900,41494700,6817502700,90211591400,3378.9056,3454.6152,3378.9056,3365.1227
144344000,3454.8828,5834500,73559000,6823337200,90285150400,3378.9056,3454.8828,3378.9056,3365.1227
144349000,3454.7161,4591800,61477700,6827929000,90346628100,3378.9056,3454.9889,3378.9056,3365.1227
144354000,3454.9066,4627400,55512800,6832556400,90402140900,3378.9056,3454.9889,3378.9056,3365.1227
144359000,3455.877,6133600,68096100,6838690000,90470237000,3378.9056,3455.9051,3378.9056,3365.1227
144404000,3455.127,4994000,63789400,6843684000,90534026400,3378.9056,3455.9051,3378.9056,3365.1227
144409000,3455.9129,4603800,61122500,6848287800,90595148900,3378.9056,3455.9129,3378.9056,3365.1227
144414000,3456.0534,6125900,71179000,6854413700,90666327900,3378.9056,3456.0788,3378.9056,3365.1227
144419000,3456.1733,5920200,73219200,6860333900,90739547100,3378.9056,3456.488,3378.9056,3365.1227
144424000,3456.0556,4760500,55885900,6865094400,90795433000,3378.9056,3456.488,3378.9056,3365.1227
144429000,3456.0013,4143500,55682900,6869237900,90851115900,3378.9056,3456.488,3378.9056,3365.1227
144434000,3456.0063,4231800,51202300,6873469700,90902318200,3378.9056,3456.488,3378.9056,3365.1227
144439000,3456.2079,3485000,63401900,6876954700,90965720100,3378.9056,3456.488,3378.9056,3365.1227
144445000,3456.2141,4651000,58706600,6881605700,91024426700,3378.9056,3456.488,3378.9056,3365.1227
144449000,3456.4711,4926700,51909500,6886532400,91076336200,3378.9056,3456.6745,3378.9056,3365.1227
144454000,3456.1302,3429100,41864500,6889961500,91118200700,3378.9056,3456.6745,3378.9056,3365.1227
144459000,3457.3257,5675400,63806400,6895636900,91182007100,3378.9056,3457.3257,3378.9056,3365.1227
144504000,3456.2804,4682400,58391200,6900319300,91240398300,3378.9056,3457.3257,3378.9056,3365.1227
144509000,3456.911,4601400,43155200,6904920700,91283553500,3378.9056,3457.3257,3378.9056,3365.1227
144515000,3456.8533,5060900,69084100,6909981600,91352637600,3378.9056,3457.3257,3378.9056,3365.1227
144519000,3456.7712,3422800,47415600,6913404400,91400053200,3378.9056,3457.3257,3378.9056,3365.1227
144525000,3456.7603,3843600,53855400,6917248000,91453908600,3378.9056,3457.3257,3378.9056,3365.1227
144530000,3456.8922,3305700,41206000,6920553700,91495114600,3378.9056,3457.3257,3378.9056,3365.1227
144535000,3456.5932,3786800,57598900,6924340500,91552713500,3378.9056,3457.3257,3378.9056,3365.1227
144540000,3456.959,3810900,49963500,6928151400,91602677000,3378.9056,3457.3257,3378.9056,3365.1227
144545000,3456.6142,3610900,47092000,6931762300,91649769000,3378.9056,3457.3257,3378.9056,3365.1227
144550000,3456.5172,4086800,53558800,6935849100,91703327800,3378.9056,3457.3257,3378.9056,3365.1227
144555000,3456.4378,6148900,59485200,6941998000,91762813000,3378.9056,3457.3257,3378.9056,3365.1227
144600000,3456.4017,4369900,50747300,6946367900,91813560300,3378.9056,3457.3257,3378.9056,3365.1227
144605000,3456.5386,5513000,56054100,6951880900,91869614400,3378.9056,3457.3257,3378.9056,3365.1227
144610000,3456.9164,5181600,57234500,6957062500,91926848900,3378.9056,3457.3257,3378.9056,3365.1227
144615000,3457.0866,3450500,44163900,6960513000,91971012800,3378.9056,3457.3257,3378.9056,3365.1227
144620000,3457.0444,3538000,50045000,6964051000,92021057800,3378.9056,3457.3257,3378.9056,3365.1227
144625000,3456.7654,4927700,51129200,6968978700,92072187000,3378.9056,3457.3257,3378.9056,3365.1227
144630000,3456.9727,3496500,43693100,6972475200,92115880100,3378.9056,3457.3257,3378.9056,3365.1227
144635000,3456.6729,3292400,51082700,6975767600,92166962800,3378.9056,3457.3257,3378.9056,3365.1227
144640000,3457.0982,5004000,58601700,6980771600,92225564500,3378.9056,3457.3257,3378.9056,3365.1227
144645000,3456.9446,3627500,36505000,6984399100,92262069500,3378.9056,3457.3257,3378.9056,3365.1227
144650000,3456.7551,5624500,53943500,6990023600,92316013000,3378.9056,3457.3257,3378.9056,3365.1227
144655000,3456.7685,4101200,52101700,6994124800,92368114700,3378.9056,3457.3257,3378.9056,3365.1227
144700000,3457.0583,2297300,31163000,6996422100,92399277700,3378.9056,3457.3257,3378.9056,3365.1227
144705000,3457.1116,4545400,51920000,7000967500,92451197700,3378.9056,3457.3257,3378.9056,3365.1227
144710000,3456.7058,4266200,48694800,7005233700,92499892500,3378.9056,3457.3257,3378.9056,3365.1227
144715000,3456.9188,3753800,38073200,7008987500,92537965700,3378.9056,3457.3257,3378.9056,3365.1227
144720000,3457.2468,2956700,47012200,7011944200,92584977900,3378.9056,3457.3257,3378.9056,3365.1227
144725000,3456.5971,5033800,55407200,7016978000,92640385100,3378.9056,3457.3257,3378.9056,3365.1227
144730000,3456.7946,4045200,63612700,7021023200,92703997800,3378.9056,3457.3257,3378.9056,3365.1227
144735000,3456.7689,5233900,54127100,7026257100,92758124900,3378.9056,3457.3257,3378.9056,3365.1227
144740000,3456.5927,5060400,53445600,7031317500,92811570500,3378.9056,3457.3257,3378.9056,3365.1227
144745000,3456.7996,3349200,31326400,7034666700,92842896900,3378.9056,3457.3257,3378.9056,3365.1227
144750000,3457.3289,3985500,51606800,7038652200,92894503700,3378.9056,3457.3289,3378.9056,3365.1227
144755000,3456.2194,3809900,50485000,7042462100,92944988700,3378.9056,3457.3289,3378.9056,3365.1227
144800000,3456.2189,3000700,38965900,7045462800,92983954600,3378.9056,3457.3289,3378.9056,3365.1227
144805000,3456.4116,4802900,55922600,7050265700,93039877200,3378.9056,3457.3289,3378.9056,3365.1227
144810000,3456.1624,5379600,68461100,7055645300,93108338300,3378.9056,3457.3289,3378.9056,3365.1227
144815000,3456.2845,2826800,36117300,7058472100,93144455600,3378.9056,3457.3289,3378.9056,3365.1227
144820000,3456.5433,3632500,49339900,7062104600,93193795500,3378.9056,3457.3289,3378.9056,3365.1227
144825000,3456.3712,4013300,53514800,7066117900,93247310300,3378.9056,3457.3289,3378.9056,3365.1227
144830000,3456.4449,3406000,34161700,7069523900,93281472000,3378.9056,3457.3289,3378.9056,3365.1227
144835000,3456.3805,2682800,36354000,7072206700,93317826000,3378.9056,3457.3289,3378.9056,3365.1227
144840000,3456.1831,3165800,37671500,7075372500,93355497500,3378.9056,3457.3289,3378.9056,3365.1227
144845000,3456.4604,3802000,44688300,7079174500,93400185800,3378.9056,3457.3289,3378.9056,3365.1227
144850000,3456.2029,3865300,44291800,7083039800,93444477600,3378.9056,3457.3289,3378.9056,3365.1227
144855000,3456.1927,5648000,69600600,7088687800,93514078200,3378.9056,3457.3289,3378.9056,3365.1227
144900000,3456.0566,3469400,47629900,7092157200,93561708100,3378.9056,3457.3289,3378.9056,3365.1227
144905000,3456.2986,3708800,47729800,7095866000,93609437900,3378.9056,3457.3289,3378.9056,3365.1227
144910000,3456.3629,4199300,57468700,7100065300,93666906600,3378.9056,3457.3289,3378.9056,3365.1227
144915000,3456.3935,3974700,49689600,7104040000,93716596200,3378.9056,3457.3289,3378.9056,3365.1227
144920000,3456.1795,3145500,40264900,7107185500,93756861100,3378.9056,3457.3289,3378.9056,3365.1227
144925000,3456.2503,3452000,45199000,7110637500,93802060100,3378.9056,3457.3289,3378.9056,3365.1227
144930000,3456.5925,2052600,27185700,7112690100,93829245800,3378.9056,3457.3289,3378.9056,3365.1227
144935000,3456.6517,3502300,57300400,7116192400,93886546200,3378.9056,3457.3289,3378.9056,3365.1227
144940000,3456.3287,3389600,39238500,7119582000,93925784700,3378.9056,3457.3289,3378.9056,3365.1227
144945000,3456.4856,2366700,31892000,7121948700,93957676700,3378.9056,3457.3289,3378.9056,3365.1227
144950000,3456.3844,3937900,53855300,7125886600,94011532000,3378.9056,3457.3289,3378.9056,3365.1227
144955000,3456.5109,4343500,54836700,7130230100,94066368700,3378.9056,3457.3289,3378.9056,3365.1227
145000000,3456.4404,3457800,51745300,7133687900,94118114000,3378.9056,3457.3289,3378.9056,3365.1227
145005000,3456.178,4934400,61020700,7138622300,94179134700,3378.9056,3457.3289,3378.9056,3365.1227
145010000,3456.4549,5259700,62512000,7143882000,94241646700,3378.9056,3457.3289,3378.9056,3365.1227
145015000,3456.4089,4233200,46392200,7148115200,94288038900,3378.9056,3457.3289,3378.9056,3365.1227
145020000,3456.1174,5450400,59045200,7153565600,94347084100,3378.9056,3457.3289,3378.9056,3365.1227
145025000,3456.1907,4566000,71494300,7158131600,94418578400,3378.9056,3457.3289,3378.9056,3365.1227
145030000,3456.3699,2236600,32850300,7160368200,94451428700,3378.9056,3457.3289,3378.9056,3365.1227
145035000,3456.3751,3010200,43039600,7163378400,94494468300,3378.9056,3457.3289,3378.9056,3365.1227
145040000,3456.2432,3824500,46607900,7167202900,94541076200,3378.9056,3457.3289,3378.9056,3365.1227
145045000,3456.3919,4746100,54131200,7171949000,94595207400,3378.9056,3457.3289,3378.9056,3365.1227
145050000,3456.0703,4386100,55651000,7176335100,94650858400,3378.9056,3457.3289,3378.9056,3365.1227
145055000,3456.1885,4637700,66584900,7180972800,94717443300,3378.9056,3457.3289,3378.9056,3365.1227
145100000,3456.0882,3512600,42085600,7184485400,94759528900,3378.9056,3457.3289,3378.9056,3365.1227
145105000,3456.0957,4204700,53760300,7188690100,94813289200,3378.9056,3457.3289,3378.9056,3365.1227
145110000,3455.825,4104800,53980500,7192794900,94867269700,3378.9056,3457.3289,3378.9056,3365.1227
145115000,3456.2795,2556500,26737600,7195351400,94894007300,3378.9056,3457.3289,3378.9056,3365.1227
145120000,3455.8982,4076000,53977000,7199427400,94947984300,3378.9056,3457.3289,3378.9056,3365.1227
145125000,3456.3963,4167700,51123200,7203595100,94999107500,3378.9056,3457.3289,3378.9056,3365.1227
145130000,3456.0083,2709700,39022200,7206304800,95038129700,3378.9056,3457.3289,3378.9056,3365.1227
145135000,3455.8551,3285400,49038500,7209590200,95087168200,3378.9056,3457.3289,3378.9056,3365.1227
145140000,3456.0958,3436900,50924600,7213027100,95138092800,3378.9056,3457.3289,3378.9056,3365.1227
145145000,3456.2917,3161900,35083800,7216189000,95173176600,3378.9056,3457.3289,3378.9056,3365.1227
145150000,3456.4203,2958700,44811300,7219147700,95217987900,3378.9056,3457.3289,3378.9056,3365.1227
145155000,3456.2279,4801900,59759200,7223949600,95277747100,3378.9056,3457.3289,3378.9056,3365.1227
145200000,3456.4679,3360600,44061600,7227310200,95321808700,3378.9056,3457.3289,3378.9056,3365.1227
145205000,3456.3532,3968200,54425000,7231278400,95376233700,3378.9056,3457.3289,3378.9056,3365.1227
145210000,3456.638,4375400,51114500,7235653800,95427348200,3378.9056,3457.3289,3378.9056,3365.1227
145215000,3456.3203,2360100,32518000,7238013900,95459866200,3378.9056,3457.3289,3378.9056,3365.1227
145220000,3456.3767,6078200,67902700,7244092100,95527768900,3378.9056,3457.3289,3378.9056,3365.1227
145225000,3457.5018,4448300,58109400,7248540400,95585878300,3378.9056,3457.5018,3378.9056,3365.1227
145230000,3456.846,2827400,38921100,7251367800,95624799400,3378.9056,3457.5018,3378.9056,3365.1227
145235000,3456.6783,6373000,74010200,7257740800,95698809600,3378.9056,3457.5018,3378.9056,3365.1227
145240000,3456.8457,5251600,66972500,7262992400,95765782100,3378.9056,3457.5018,3378.9056,3365.1227
145245000,3456.8789,3319100,39680800,7266311500,95805462900,3378.9056,3457.5018,3378.9056,3365.1227
145250000,3456.8646,3716700,69407600,7270028200,95874870500,3378.9056,3457.5018,3378.9056,3365.1227
145255000,3457.069,4786400,61665900,7274814600,95936536400,3378.9056,3457.5018,3378.9056,3365.1227
145300000,3457.8984,5015000,59717100,7279829600,95996253500,3378.9056,3457.8984,3378.9056,3365.1227
145305000,3457.5685,3504000,52009700,7283333600,96048263200,3378.9056,3457.8984,3378.9056,3365.1227
145310000,3457.5686,5047800,61453500,7288381400,96109716700,3378.9056,3457.8984,3378.9056,3365.1227
145315000,3457.7595,4067900,58614000,7292449300,96168330700,3378.9056,3457.8984,3378.9056,3365.1227
145320000,3457.6083,4267400,58402600,7296716700,96226733300,3378.9056,3457.8984,3378.9056,3365.1227
145325000,3457.4058,4044300,55307100,7300761000,96282040400,3378.9056,3457.8984,3378.9056,3365.1227
145330000,3457.4196,3574500,46511100,7304335500,96328551500,3378.9056,3457.8984,3378.9056,3365.1227
145335000,3457.52,5082800,65633900,7309418300,96394185400,3378.9056,3457.8984,3378.9056,3365.1227
145340000,3457.6102,4522000,63088600,7313940300,96457274000,3378.9056,3457.8984,3378.9056,3365.1227
145345000,3457.1377,3190000,48706600,7317130300,96505980600,3378.9056,3457.8984,3378.9056,3365.1227
145350000,3457.6222,3949200,65077700,7321079500,96571058300,3378.9056,3457.8984,3378.9056,3365.1227
145355000,3457.4551,3762500,52512800,7324842000,96623571100,3378.9056,3457.8984,3378.9056,3365.1227
145400000,3457.6738,2668000,37322600,7327510000,96660893700,3378.9056,3457.8984,3378.9056,3365.1227
145405000,3457.799,4707500,60757800,7332217500,96721651500,3378.9056,3457.8984,3378.9056,3365.1227
145410000,3457.6183,4421200,71647300,7336638700,96793298800,3378.9056,3457.8984,3378.9056,3365.1227
145415000,3457.4933,3092900,46191500,7339731600,96839490300,3378.9056,3457.8984,3378.9056,3365.1227
145420000,3457.5587,4665300,72689800,7344396900,96912180100,3378.9056,3457.8984,3378.9056,3365.1227
145425000,3457.8808,3901700,58436900,7348298600,96970617000,3378.9056,3457.8984,3378.9056,3365.1227
145430000,3457.8903,3807000,55534900,7352105600,97026151900,3378.9056,3458.0149,3378.9056,3365.1227
145435000,3457.9055,5047400,66008000,7357153000,97092159900,3378.9056,3458.0149,3378.9056,3365.1227
145440000,3457.8204,4988500,62638600,7362141500,97154798500,3378.9056,3458.0149,3378.9056,3365.1227
145445000,3458.0325,3069600,33735300,7365211100,97188533800,3378.9056,3458.0385,3378.9056,3365.1227
145450000,3458.2464,4586300,55813900,7369797400,97244347700,3378.9056,3458.2868,3378.9056,3365.1227
145455000,3457.935,5772900,68769500,7375570300,97313117200,3378.9056,3458.2868,3378.9056,3365.1227
145500000,3458.1998,4937900,58084900,7380508200,97371202100,3378.9056,3458.4262,3378.9056,3365.1227
145505000,3458.289,4973600,64924200,7385481800,97436126300,3378.9056,3458.4262,3378.9056,3365.1227
145510000,3458.1645,4967200,65814900,7390449000,97501941200,3378.9056,3458.4262,3378.9056,3365.1227
145515000,3458.5837,3033000,44214300,7393482000,97546155500,3378.9056,3458.6159,3378.9056,3365.1227
145520000,3458.5307,4323200,58305500,7397805200,97604461000,3378.9056,3458.6159,3378.9056,3365.1227
145525000,3458.3564,4245700,63931900,7402050900,97668392900,3378.9056,3458.8681,3378.9056,3365.1227
145530000,3458.3655,4400300,60230000,7406451200,97728622900,3378.9056,3458.8681,3378.9056,3365.1227
145535000,3458.155,4357400,57785400,7410808600,97786408300,3378.9056,3458.8681,3378.9056,3365.1227
145540000,3458.4769,4144200,56794900,7414952800,97843203200,3378.9056,3458.8681,3378.9056,3365.1227
145545000,3458.2654,4090900,50334600,7419043700,97893537800,3378.9056,3458.8681,3378.9056,3365.1227
145550000,3457.9939,4804900,53967000,7423848600,97947504800,3378.9056,3458.8681,3378.9056,3365.1227
145555000,3458.7692,4833700,71693500,7428682300,98019198300,3378.9056,3458.8681,3378.9056,3365.1227
145600000,3458.552,4301800,50577800,7432984100,98069776100,3378.9056,3458.8681,3378.9056,3365.1227
145605000,3458.1465,5775700,71980600,7438759800,98141756700,3378.9056,3458.8681,3378.9056,3365.1227
145610000,3458.0567,5443000,63410500,7444202800,98205167200,3378.9056,3458.8681,3378.9056,3365.1227
145615000,3458.0452,3351000,43701000,7447553800,98248868200,3378.9056,3458.8681,3378.9056,3365.1227
145620000,3458.4375,4471500,61704000,7452025300,98310572200,3378.9056,3458.8681,3378.9056,3365.1227
145625000,3458.0442,5882000,85512700,7457907300,98396084900,3378.9056,3458.8681,3378.9056,3365.1227
145630000,3457.9803,4000000,53744700,7461907300,98449829600,3378.9056,3458.8681,3378.9056,3365.1227
145635000,3458.3218,4831400,77255500,7466738700,98527085100,3378.9056,3458.8681,3378.9056,3365.1227
145640000,3457.9736,5378600,72856300,7472117300,98599941400,3378.9056,3458.8681,3378.9056,3365.1227
145645000,3457.925,3482400,37587000,7475599700,98637528400,3378.9056,3458.8681,3378.9056,3365.1227
145650000,3457.8849,3857000,51526100,7479456700,98689054500,3378.9056,3458.8681,3378.9056,3365.1227
145655000,3457.9419,5324600,75020400,7484781300,98764074900,3378.9056,3458.8681,3378.9056,3365.1227
145700000,3458.3398,4668500,52719400,7489449800,98816794300,3378.9056,3458.8681,3378.9056,3365.1227
145705000,3458.208,4548400,60137000,7493998200,98876931300,3378.9056,3458.8681,3378.9056,3365.1227
145711000,3457.9639,3657900,39153100,7497656100,98916084400,3378.9056,3458.8681,3378.9056,3365.1227
145715000,3457.9835,3045900,49653900,7500702000,98965738300,3378.9056,3458.8681,3378.9056,3365.1227
145721000,3458.4177,2831400,34477200,7503533400,99000215500,3378.9056,3458.8681,3378.9056,3365.1227
145725000,3458.3054,2546900,22964300,7506080300,99023179800,3378.9056,3458.8681,3378.9056,3365.1227
145731000,3458.384,2342400,29312700,7508422700,99052492500,3378.9056,3458.8681,3378.9056,3365.1227
145736000,3458.2874,2592000,32978200,7511014700,99085470700,3378.9056,3458.8681,3378.9056,3365.1227
145741000,3458.0002,2631200,31735000,7513645900,99117205700,3378.9056,3458.8681,3378.9056,3365.1227
145746000,3458.383,2470900,27866000,7516116800,99145071700,3378.9056,3458.8681,3378.9056,3365.1227
145750000,3458.453,2347500,29446200,7518464300,99174517900,3378.9056,3458.8681,3378.9056,3365.1227
145756000,3458.4359,4312300,49072400,7522776600,99223590300,3378.9056,3458.8681,3378.9056,3365.1227
145801000,3458.2621,7325800,58762900,7530102400,99282353200,3378.9056,3458.8681,3378.9056,3365.1227
145806000,3458.5611,5272900,61952100,7535375300,99344305300,3378.9056,3458.8681,3378.9056,3365.1227
145811000,3458.2816,2716200,32455600,7538091500,99376760900,3378.9056,3458.8681,3378.9056,3365.1227
145816000,3458.3508,2800100,37408300,7540891600,99414169200,3378.9056,3458.8681,3378.9056,3365.1227
145821000,3458.6691,3037700,35207700,7543929300,99449376900,3378.9056,3458.8681,3378.9056,3365.1227
145826000,3458.4277,3381800,39412100,7547311100,99488789000,3378.9056,3458.8681,3378.9056,3365.1227
145831000,3458.9024,4314700,50999300,7551625800,99539788300,3378.9056,3458.9024,3378.9056,3365.1227
145836000,3458.4701,3898700,44592300,7555524500,99584380600,3378.9056,3458.9066,3378.9056,3365.1227
145841000,3458.3788,2630400,30639700,7558154900,99615020300,3378.9056,3458.9066,3378.9056,3365.1227
145846000,3458.6757,5541800,61554400,7563696700,99676574700,3378.9056,3458.9066,3378.9056,3365.1227
145851000,3458.3422,4506500,48545700,7568203200,99725120400,3378.9056,3458.9066,3378.9056,3365.1227
145856000,3458.5396,3523300,40973000,7571726500,99766093400,3378.9056,3458.9066,3378.9056,3365.1227
145901000,3458.818,4189400,43065300,7575915900,99809158700,3378.9056,3458.9066,3378.9056,3365.1227
145906000,3458.5527,2794500,36167300,7578710400,99845326000,3378.9056,3458.9804,3378.9056,3365.1227
145911000,3458.6745,2794400,34774300,7581504800,99880100300,3378.9056,3458.9804,3378.9056,3365.1227
145916000,3458.7745,6051800,67510300,7587556600,99947610600,3378.9056,3458.9804,3378.9056,3365.1227
145921000,3458.6804,5259100,58274400,7592815700,100005885000,3378.9056,3458.9804,3378.9056,3365.1227
145926000,3458.6092,4130100,46907900,7596945800,100052792900,3378.9056,3459.2322,3378.9056,3365.1227
145931000,3458.5349,4224000,51227100,7601169800,100104020000,3378.9056,3459.2322,3378.9056,3365.1227
145936000,3458.8379,3589500,40524200,7604759300,100144544200,3378.9056,3459.2322,3378.9056,3365.1227
145941000,3458.6686,4655100,65871200,7609414400,100210415400,3378.9056,3459.2322,3378.9056,3365.1227
145946000,3458.6697,3829200,42946500,7613243600,100253361900,3378.9056,3459.2322,3378.9056,3365.1227
145951000,3458.853,4072900,49854300,7617316500,100303216200,3378.9056,3459.2322,3378.9056,3365.1227
145956000,3459.2474,3174700,35194200,7620491200,100338410400,3378.9056,3459.2474,3378.9056,3365.1227
150000000,3459.3013,2403900,28546600,7622895100,100366957000,3378.9056,3459.3013,3378.9056,3365.1227
150003000,3459.3153,37259400,551906700,7660154500,100918863700,3378.9056,3459.3153,3378.9056,3365.1227
150053000,3459.1837,0,0,7660154500,100918863700,3378.9056,3459.3153,3378.9056,3365.1227
