Time,Price,Volume,Turnover,AccVolume,AccTurnover,Open,High,Low,PreClose
92512000,4062.4425,167585200,4104763400,167585200,4104763400,4062.4425,4062.4425,4062.4425,4075.4301
93002000,4062.4425,15944000,262856400,183529200,4367619800,4062.4425,4062.4425,4060.3869,4075.4301
93007000,4058.7138,70609700,1075145500,254138900,5442765300,4062.4425,4062.4425,4056.7118,4075.4301
93012000,4054.2649,62818700,952920300,316957600,6395685600,4062.4425,4062.4425,4054.2649,4075.4301
93017000,4052.9593,16246700,244449800,333204300,6640135400,4062.4425,4062.4425,4052.9593,4075.4301
93022000,4051.7211,13102100,213719800,346306400,6853855200,4062.4425,4062.4425,4051.7211,4075.4301
93027000,4052.4223,14853600,247166500,361160000,7101021700,4062.4425,4062.4425,4051.4934,4075.4301
93032000,4051.2168,15916100,267805400,377076100,7368827100,4062.4425,4062.4425,4051.0923,4075.4301
93037000,4050.5259,9058900,139197300,386135000,7508024400,4062.4425,4062.4425,4050.2869,4075.4301
93042000,4051.2334,16639500,246141000,402774500,7754165400,4062.4425,4062.4425,4050.1452,4075.4301
93047000,4049.8671,13229500,209024500,416004000,7963189900,4062.4425,4062.4425,4049.8671,4075.4301
93052000,4049.6665,13288200,215493900,429292200,8178683800,4062.4425,4062.4425,4049.6665,4075.4301
93057000,4050.4211,16299200,306069000,445591400,8484752800,4062.4425,4062.4425,4049.6665,4075.4301
93102000,4049.735,16676200,275856400,462267600,8760609200,4062.4425,4062.4425,4049.6665,4075.4301
93107000,4050.3765,10916500,171461000,473184100,8932070200,4062.4425,4062.4425,4049.6665,4075.4301
93112000,4051.4796,18060200,300691100,491244300,9232761300,4062.4425,4062.4425,4049.6665,4075.4301
93117000,4050.9497,16556000,287028600,507800300,9519789900,4062.4425,4062.4425,4049.6665,4075.4301
93122000,4051.5664,13075100,229820600,520875400,9749610500,4062.4425,4062.4425,4049.6665,4075.4301
93127000,4053.0178,16972900,290267000,537848300,10039877500,4062.4425,4062.4425,4049.6665,4075.4301
93132000,4052.8297,17495100,250146000,555343400,10290023500,4062.4425,4062.4425,4049.6665,4075.4301
93137000,4053.1629,9852400,148703900,565195800,10438727400,4062.4425,4062.4425,4049.6665,4075.4301
93142000,4054.8037,16517700,242362300,581713500,10681089700,4062.4425,4062.4425,4049.6665,4075.4301
93147000,4054.5986,12424100,195379500,594137600,10876469200,4062.4425,4062.4425,4049.6665,4075.4301
93152000,4055.4424,12824300,194617700,606961900,11071086900,4062.4425,4062.4425,4049.6665,4075.4301
93157000,4055.8296,14380900,212816900,621342800,11283903800,4062.4425,4062.4425,4049.6665,4075.4301
93202000,4056.5324,15629800,252415700,636972600,11536319500,4062.4425,4062.4425,4049.6665,4075.4301
93207000,4056.3034,9694500,154170300,646667100,11690489800,4062.4425,4062.4425,4049.6665,4075.4301
93212000,4056.4888,20269100,274541500,666936200,11965031300,4062.4425,4062.4425,4049.6665,4075.4301
93217000,4056.8274,13671200,204185300,680607400,12169216600,4062.4425,4062.4425,4049.6665,4075.4301
93222000,4057.5099,11192600,226599900,691800000,12395816500,4062.4425,4062.4425,4049.6665,4075.4301
93227000,4057.289,15372500,234710300,707172500,12630526800,4062.4425,4062.4425,4049.6665,4075.4301
93232000,4058.3538,14799600,249716300,721972100,12880243100,4062.4425,4062.4425,4049.6665,4075.4301
93237000,4058.3091,10166900,146089800,732139000,13026332900,4062.4425,4062.4425,4049.6665,4075.4301
93242000,4058.0858,14655500,224713800,746794500,13251046700,4062.4425,4062.4425,4049.6665,4075.4301
93247000,4058.7097,14631900,210462000,761426400,13461508700,4062.4425,4062.4425,4049.6665,4075.4301
93252000,4058.3383,12117400,187520900,773543800,13649029600,4062.4425,4062.4425,4049.6665,4075.4301
93257000,4058.5527,14973900,242426900,788517700,13891456500,4062.4425,4062.4425,4049.6665,4075.4301
93302000,4059.3068,15218500,259767600,803736200,14151224100,4062.4425,4062.4425,4049.6665,4075.4301
93307000,4059.3906,10544600,176237100,814280800,14327461200,4062.4425,4062.4425,4049.6665,4075.4301
93312000,4058.81,17801000,282637400,832081800,14610098600,4062.4425,4062.4425,4049.6665,4075.4301
93317000,4058.6355,13870000,230059600,845951800,14840158200,4062.4425,4062.4425,4049.6665,4075.4301
93322000,4057.5462,13091800,228015700,859043600,15068173900,4062.4425,4062.4425,4049.6665,4075.4301
93327000,4057.1487,19171200,284649600,878214800,15352823500,4062.4425,4062.4425,4049.6665,4075.4301
93332000,4056.6127,18012700,273870900,896227500,15626694400,4062.4425,4062.4425,4049.6665,4075.4301
93337000,4055.8002,11604300,174991100,907831800,15801685500,4062.4425,4062.4425,4049.6665,4075.4301
93342000,4055.0153,18695900,281880200,926527700,16083565700,4062.4425,4062.4425,4049.6665,4075.4301
93347000,4053.3744,17667300,252769700,944195000,16336335400,4062.4425,4062.4425,4049.6665,4075.4301
93352000,4052.0448,13607700,238159100,957802700,16574494500,4062.4425,4062.4425,4049.6665,4075.4301
93357000,4051.2295,17742100,263360800,975544800,16837855300,4062.4425,4062.4425,4049.6665,4075.4301
93402000,4050.6494,16254400,260699300,991799200,17098554600,4062.4425,4062.4425,4049.6665,4075.4301
93407000,4049.9095,11942100,196468400,1003741300,17295023000,4062.4425,4062.4425,4049.4804,4075.4301
93412000,4048.6223,19497400,273757700,1023238700,17568780700,4062.4425,4062.4425,4048.4135,4075.4301
93417000,4048.6397,16167700,251688300,1039406400,17820469000,4062.4425,4062.4425,4048.4135,4075.4301
93422000,4047.7632,17311900,252304500,1056718300,18072773500,4062.4425,4062.4425,4047.7481,4075.4301
93427000,4046.7492,16420500,239169700,1073138800,18311943200,4062.4425,4062.4425,4046.7492,4075.4301
93432000,4046.6236,16564100,243833500,1089702900,18555776700,4062.4425,4062.4425,4046.2304,4075.4301
93437000,4045.6837,12860500,184066000,1102563400,18739842700,4062.4425,4062.4425,4045.4491,4075.4301
93442000,4044.7852,18839400,266080400,1121402800,19005923100,4062.4425,4062.4425,4044.1424,4075.4301
93447000,4043.4219,18157700,230071400,1139560500,19235994500,4062.4425,4062.4425,4043.4219,4075.4301
93452000,4043.0275,17531100,238595900,1157091600,19474590400,4062.4425,4062.4425,4043.0223,4075.4301
93457000,4042.5679,17099600,266499400,1174191200,19741089800,4062.4425,4062.4425,4042.5679,4075.4301
93502000,4042.4766,20047100,279680300,1194238300,20020770100,4062.4425,4062.4425,4041.6427,4075.4301
93507000,4041.2882,13380200,185204300,1207618500,20205974400,4062.4425,4062.4425,4041.2882,4075.4301
93512000,4041.0685,20877600,289821300,1228496100,20495795700,4062.4425,4062.4425,4040.9074,4075.4301
93517000,4040.7968,15854800,209458800,1244350900,20705254500,4062.4425,4062.4425,4039.8224,4075.4301
93522000,4040.3775,17627300,246072500,1261978200,20951327000,4062.4425,4062.4425,4039.8224,4075.4301
93527000,4040.4898,20206600,273018900,1282184800,21224345900,4062.4425,4062.4425,4039.8224,4075.4301
93532000,4040.6113,22316300,285349200,1304501100,21509695100,4062.4425,4062.4425,4039.8224,4075.4301
93537000,4041.032,14864300,202368900,1319365400,21712064000,4062.4425,4062.4425,4039.8224,4075.4301
93542000,4041.3217,20798200,328502300,1340163600,22040566300,4062.4425,4062.4425,4039.8224,4075.4301
93547000,4043.1482,17009000,254949600,1357172600,22295515900,4062.4425,4062.4425,4039.8224,4075.4301
93552000,4044.4063,15727800,280896400,1372900400,22576412300,4062.4425,4062.4425,4039.8224,4075.4301
93557000,4045.926,21383300,315758200,1394283700,22892170500,4062.4425,4062.4425,4039.8224,4075.4301
93602000,4045.6781,17134700,248716800,1411418400,23140887300,4062.4425,4062.4425,4039.8224,4075.4301
93607000,4046.5154,10390100,152697500,1421808500,23293584800,4062.4425,4062.4425,4039.8224,4075.4301
93612000,4047.4206,15561100,277545600,1437369600,23571130400,4062.4425,4062.4425,4039.8224,4075.4301
93617000,4047.0543,13694200,179505600,1451063800,23750636000,4062.4425,4062.4425,4039.8224,4075.4301
93622000,4047.4853,11851500,178819700,1462915300,23929455700,4062.4425,4062.4425,4039.8224,4075.4301
93627000,4047.77,16798700,245445800,1479714000,24174901500,4062.4425,4062.4425,4039.8224,4075.4301
93632000,4048.1384,14847600,226739900,1494561600,24401641400,4062.4425,4062.4425,4039.8224,4075.4301
93637000,4047.7562,8722700,131775300,1503284300,24533416700,4062.4425,4062.4425,4039.8224,4075.4301
93642000,4047.5881,15030600,252821700,1518314900,24786238400,4062.4425,4062.4425,4039.8224,4075.4301
93647000,4047.1725,14408900,219332300,1532723800,25005570700,4062.4425,4062.4425,4039.8224,4075.4301
93652000,4046.1258,11575100,213146800,1544298900,25218717500,4062.4425,4062.4425,4039.8224,4075.4301
93657000,4046.2503,15081300,265654300,1559380200,25484371800,4062.4425,4062.4425,4039.8224,4075.4301
93702000,4046.1895,14236300,256727800,1573616500,25741099600,4062.4425,4062.4425,4039.8224,4075.4301
93707000,4046.9493,10182700,167649000,1583799200,25908748600,4062.4425,4062.4425,4039.8224,4075.4301
93712000,4047.3386,14762100,202798800,1598561300,26111547400,4062.4425,4062.4425,4039.8224,4075.4301
93717000,4047.6847,10327700,145924500,1608889000,26257471900,4062.4425,4062.4425,4039.8224,4075.4301
93722000,4048.0902,11505900,184810400,1620394900,26442282300,4062.4425,4062.4425,4039.8224,4075.4301
93727000,4048.7358,12528300,192994300,1632923200,26635276600,4062.4425,4062.4425,4039.8224,4075.4301
93732000,4048.6637,12505100,208813700,1645428300,26844090300,4062.4425,4062.4425,4039.8224,4075.4301
93737000,4049.2396,7912100,133596900,1653340400,26977687200,4062.4425,4062.4425,4039.8224,4075.4301
93742000,4049.5209,13669600,248385700,1667010000,27226072900,4062.4425,4062.4425,4039.8224,4075.4301
93747000,4050.0425,9602200,151354700,1676612200,27377427600,4062.4425,4062.4425,4039.8224,4075.4301
93752000,4050.5705,10223200,236638400,1686835400,27614066000,4062.4425,4062.4425,4039.8224,4075.4301
93757000,4050.8345,12002800,244325400,1698838200,27858391400,4062.4425,4062.4425,4039.8224,4075.4301
93802000,4051.5868,12824400,223732000,1711662600,28082123400,4062.4425,4062.4425,4039.8224,4075.4301
93807000,4051.463,7131000,126293700,1718793600,28208417100,4062.4425,4062.4425,4039.8224,4075.4301
93812000,4052.1669,20691600,222460200,1739485200,28430877300,4062.4425,4062.4425,4039.8224,4075.4301
93817000,4052.3547,11924300,158969800,1751409500,28589847100,4062.4425,4062.4425,4039.8224,4075.4301
93822000,4052.9942,12597400,238024600,1764006900,28827871700,4062.4425,4062.4425,4039.8224,4075.4301
93827000,4052.8345,12177400,216173900,1776184300,29044045600,4062.4425,4062.4425,4039.8224,4075.4301
93832000,4052.8004,10476400,176090000,1786660700,29220135600,4062.4425,4062.4425,4039.8224,4075.4301
93837000,4052.3835,11307200,165478600,1797967900,29385614200,4062.4425,4062.4425,4039.8224,4075.4301
93842000,4050.5809,20666500,305611000,1818634400,29691225200,4062.4425,4062.4425,4039.8224,4075.4301
93847000,4048.7854,17614300,248654200,1836248700,29939879400,4062.4425,4062.4425,4039.8224,4075.4301
93852000,4047.228,16132100,255286100,1852380800,30195165500,4062.4425,4062.4425,4039.8224,4075.4301
93857000,4047.3842,18808000,302151700,1871188800,30497317200,4062.4425,4062.4425,4039.8224,4075.4301
93902000,4048.1084,15858100,267531700,1887046900,30764848900,4062.4425,4062.4425,4039.8224,4075.4301
93907000,4048.1041,10161800,180448600,1897208700,30945297500,4062.4425,4062.4425,4039.8224,4075.4301
93912000,4047.867,14982300,251450800,1912191000,31196748300,4062.4425,4062.4425,4039.8224,4075.4301
93917000,4048.4205,11747000,179636400,1923938000,31376384700,4062.4425,4062.4425,4039.8224,4075.4301
93922000,4048.4809,14013100,253552500,1937951100,31629937200,4062.4425,4062.4425,4039.8224,4075.4301
93927000,4048.463,14280300,253217700,1952231400,31883154900,4062.4425,4062.4425,4039.8224,4075.4301
93932000,4048.6282,14143900,234500100,1966375300,32117655000,4062.4425,4062.4425,4039.8224,4075.4301
93937000,4048.8109,9429500,147787000,1975804800,32265442000,4062.4425,4062.4425,4039.8224,4075.4301
93942000,4048.7649,13435400,218392000,1989240200,32483834000,4062.4425,4062.4425,4039.8224,4075.4301
93947000,4048.399,11422800,164858100,2000663000,32648692100,4062.4425,4062.4425,4039.8224,4075.4301
93952000,4048.7783,12313700,231028400,2012976700,32879720500,4062.4425,4062.4425,4039.8224,4075.4301
93957000,4048.612,13416300,224072300,2026393000,33103792800,4062.4425,4062.4425,4039.8224,4075.4301
94002000,4048.7739,14453700,197192200,2040846700,33300985000,4062.4425,4062.4425,4039.8224,4075.4301
94007000,4049.0826,8717900,134808200,2049564600,33435793200,4062.4425,4062.4425,4039.8224,4075.4301
94012000,4048.812,15901600,251487900,2065466200,33687281100,4062.4425,4062.4425,4039.8224,4075.4301
94017000,4049.0741,10359100,152420800,2075825300,33839701900,4062.4425,4062.4425,4039.8224,4075.4301
94022000,4049.32,10314700,182955200,2086140000,34022657100,4062.4425,4062.4425,4039.8224,4075.4301
94027000,4049.5017,14200000,259675900,2100340000,34282333000,4062.4425,4062.4425,4039.8224,4075.4301
94032000,4049.5515,14066200,255533400,2114406200,34537866400,4062.4425,4062.4425,4039.8224,4075.4301
94037000,4050.1122,11888500,181144800,2126294700,34719011200,4062.4425,4062.4425,4039.8224,4075.4301
94042000,4051.3271,13455300,209141900,2139750000,34928153100,4062.4425,4062.4425,4039.8224,4075.4301
94047000,4051.9999,11510000,174246400,2151260000,35102399500,4062.4425,4062.4425,4039.8224,4075.4301
94052000,4052.3473,12474000,196697400,2163734000,35299096900,4062.4425,4062.4425,4039.8224,4075.4301
94057000,4053.6596,14316000,205482200,2178050000,35504579100,4062.4425,4062.4425,4039.8224,4075.4301
94102000,4054.2893,11938400,197040600,2189988400,35701619700,4062.4425,4062.4425,4039.8224,4075.4301
94107000,4054.0363,8488700,123277800,2198477100,35824897500,4062.4425,4062.4425,4039.8224,4075.4301
94112000,4053.3464,17760700,267311900,2216237800,36092209400,4062.4425,4062.4425,4039.8224,4075.4301
94117000,4053.2995,11691900,206811600,2227929700,36299021000,4062.4425,4062.4425,4039.8224,4075.4301
94122000,4052.7446,12193500,226486200,2240123200,36525507200,4062.4425,4062.4425,4039.8224,4075.4301
94127000,4051.7394,21162800,305175500,2261286000,36830682700,4062.4425,4062.4425,4039.8224,4075.4301
94132000,4050.5156,22368100,358406700,2283654100,37189089400,4062.4425,4062.4425,4039.8224,4075.4301
94137000,4049.5708,16783200,248888000,2300437300,37437977400,4062.4425,4062.4425,4039.8224,4075.4301
94142000,4046.8089,33591600,457369200,2334028900,37895346600,4062.4425,4062.4425,4039.8224,4075.4301
94147000,4046.4134,20434600,275829300,2354463500,38171175900,4062.4425,4062.4425,4039.8224,4075.4301
94152000,4045.9948,18644300,296289900,2373107800,38467465800,4062.4425,4062.4425,4039.8224,4075.4301
94157000,4045.3108,19131100,250574400,2392238900,38718040200,4062.4425,4062.4425,4039.8224,4075.4301
94202000,4045.105,21505600,266924900,2413744500,38984965100,4062.4425,4062.4425,4039.8224,4075.4301
94207000,4044.9733,14866000,188556900,2428610500,39173522000,4062.4425,4062.4425,4039.8224,4075.4301
94212000,4044.2268,23245300,299596600,2451855800,39473118600,4062.4425,4062.4425,4039.8224,4075.4301
94217000,4044.791,13503700,185737900,2465359500,39658856500,4062.4425,4062.4425,4039.8224,4075.4301
94222000,4044.215,12955800,206442600,2478315300,39865299100,4062.4425,4062.4425,4039.8224,4075.4301
94227000,4044.7434,13603100,201979100,2491918400,40067278200,4062.4425,4062.4425,4039.8224,4075.4301
94232000,4044.9979,19550900,306177200,2511469300,40373455400,4062.4425,4062.4425,4039.8224,4075.4301
94237000,4045.0297,9471500,146259000,2520940800,40519714400,4062.4425,4062.4425,4039.8224,4075.4301
94242000,4044.6801,15177400,252659000,2536118200,40772373400,4062.4425,4062.4425,4039.8224,4075.4301
94247000,4044.9146,11790600,162936100,2547908800,40935309500,4062.4425,4062.4425,4039.8224,4075.4301
94252000,4045.371,14392600,219855300,2562301400,41155164800,4062.4425,4062.4425,4039.8224,4075.4301
94257000,4045.5105,14656600,222877500,2576958000,41378042300,4062.4425,4062.4425,4039.8224,4075.4301
94302000,4046.0692,15363800,216317600,2592321800,41594359900,4062.4425,4062.4425,4039.8224,4075.4301
94307000,4046.4433,8645800,127911700,2600967600,41722271600,4062.4425,4062.4425,4039.8224,4075.4301
94312000,4046.4231,13374500,235392400,2614342100,41957664000,4062.4425,4062.4425,4039.8224,4075.4301
94317000,4046.9841,13416000,206314100,2627758100,42163978100,4062.4425,4062.4425,4039.8224,4075.4301
94322000,4047.3574,12138200,201503900,2639896300,42365482000,4062.4425,4062.4425,4039.8224,4075.4301
94327000,4048.2183,13109600,230476400,2653005900,42595958400,4062.4425,4062.4425,4039.8224,4075.4301
94332000,4049.7943,17071300,240025600,2670077200,42835984000,4062.4425,4062.4425,4039.8224,4075.4301
94337000,4049.4587,10708800,124494300,2680786000,42960478300,4062.4425,4062.4425,4039.8224,4075.4301
94342000,4050.0074,14250400,247041800,2695036400,43207520100,4062.4425,4062.4425,4039.8224,4075.4301
94347000,4050.5708,10002300,162675800,2705038700,43370195900,4062.4425,4062.4425,4039.8224,4075.4301
94352000,4050.5212,10405600,171162100,2715444300,43541358000,4062.4425,4062.4425,4039.8224,4075.4301
94357000,4051.155,17080100,216151400,2732524400,43757509400,4062.4425,4062.4425,4039.8224,4075.4301
94402000,4051.7313,17769100,210033300,2750293500,43967542700,4062.4425,4062.4425,4039.8224,4075.4301
94407000,4051.7252,9478400,152898000,2759771900,44120440700,4062.4425,4062.4425,4039.8224,4075.4301
94412000,4052.2895,13009300,235269200,2772781200,44355709900,4062.4425,4062.4425,4039.8224,4075.4301
94417000,4052.4405,10298700,169223100,2783079900,44524933000,4062.4425,4062.4425,4039.8224,4075.4301
94422000,4052.54,10242400,170771000,2793322300,44695704000,4062.4425,4062.4425,4039.8224,4075.4301
94427000,4052.3936,17489000,231373600,2810811300,44927077600,4062.4425,4062.4425,4039.8224,4075.4301
94432000,4052.434,13856500,207340800,2824667800,45134418400,4062.4425,4062.4425,4039.8224,4075.4301
94437000,4052.7379,7975500,118235500,2832643300,45252653900,4062.4425,4062.4425,4039.8224,4075.4301
94442000,4053.1027,12872200,210732000,2845515500,45463385900,4062.4425,4062.4425,4039.8224,4075.4301
94447000,4053.0267,10934500,150329300,2856450000,45613715200,4062.4425,4062.4425,4039.8224,4075.4301
94452000,4053.1244,9776700,141952100,2866226700,45755667300,4062.4425,4062.4425,4039.8224,4075.4301
94457000,4053.7676,11596200,179200100,2877822900,45934867400,4062.4425,4062.4425,4039.8224,4075.4301
94502000,4053.2958,11864900,197730400,2889687800,46132597800,4062.4425,4062.4425,4039.8224,4075.4301
94507000,4053.7295,8292000,115014200,2897979800,46247612000,4062.4425,4062.4425,4039.8224,4075.4301
94512000,4052.0176,18050500,246116300,2916030300,46493728300,4062.4425,4062.4425,4039.8224,4075.4301
94517000,4049.2204,19614700,241349600,2935645000,46735077900,4062.4425,4062.4425,4039.8224,4075.4301
94522000,4048.7663,13654300,207249700,2949299300,46942327600,4062.4425,4062.4425,4039.8224,4075.4301
94527000,4048.7697,17279900,247596400,2966579200,47189924000,4062.4425,4062.4425,4039.8224,4075.4301
94532000,4048.9252,14473000,194017300,2981052200,47383941300,4062.4425,4062.4425,4039.8224,4075.4301
94537000,4049.0674,7229000,104068800,2988281200,47488010100,4062.4425,4062.4425,4039.8224,4075.4301
94542000,4049.0897,16174600,183758800,3004455800,47671768900,4062.4425,4062.4425,4039.8224,4075.4301
94547000,4048.2763,9549300,133666200,3014005100,47805435100,4062.4425,4062.4425,4039.8224,4075.4301
94552000,4047.7701,9292900,146424100,3023298000,47951859200,4062.4425,4062.4425,4039.8224,4075.4301
94557000,4048.0874,11667300,179471000,3034965300,48131330200,4062.4425,4062.4425,4039.8224,4075.4301
94602000,4047.6492,13082400,188138300,3048047700,48319468500,4062.4425,4062.4425,4039.8224,4075.4301
94607000,4047.9081,8124700,118054800,3056172400,48437523300,4062.4425,4062.4425,4039.8224,4075.4301
94612000,4047.6739,11598900,168567500,3067771300,48606090800,4062.4425,4062.4425,4039.8224,4075.4301
94617000,4047.1554,8987600,125957800,3076758900,48732048600,4062.4425,4062.4425,4039.8224,4075.4301
94622000,4047.7013,9796700,134855800,3086555600,48866904400,4062.4425,4062.4425,4039.8224,4075.4301
94627000,4047.1892,15357400,196909800,3101913000,49063814200,4062.4425,4062.4425,4039.8224,4075.4301
94632000,4046.5989,13613300,187041100,3115526300,49250855300,4062.4425,4062.4425,4039.8224,4075.4301
94637000,4046.1874,9109100,121078900,3124635400,49371934200,4062.4425,4062.4425,4039.8224,4075.4301
94642000,4046.1801,13472200,181553800,3138107600,49553488000,4062.4425,4062.4425,4039.8224,4075.4301
94647000,4045.7446,11466300,152277600,3149573900,49705765600,4062.4425,4062.4425,4039.8224,4075.4301
94652000,4044.9142,12224200,168078700,3161798100,49873844300,4062.4425,4062.4425,4039.8224,4075.4301
94657000,4045.6257,12880200,191397600,3174678300,50065241900,4062.4425,4062.4425,4039.8224,4075.4301
94702000,4045.619,14367400,203293000,3189045700,50268534900,4062.4425,4062.4425,4039.8224,4075.4301
94707000,4045.2797,10496800,155918000,3199542500,50424452900,4062.4425,4062.4425,4039.8224,4075.4301
94712000,4044.8413,11450800,184647200,3210993300,50609100100,4062.4425,4062.4425,4039.8224,4075.4301
94717000,4044.867,12166900,153518300,3223160200,50762618400,4062.4425,4062.4425,4039.8224,4075.4301
94722000,4044.7358,11659200,163260400,3234819400,50925878800,4062.4425,4062.4425,4039.8224,4075.4301
94727000,4044.153,18729700,235837400,3253549100,51161716200,4062.4425,4062.4425,4039.8224,4075.4301
94732000,4044.5492,17122100,216552700,3270671200,51378268900,4062.4425,4062.4425,4039.8224,4075.4301
94737000,4043.5113,12229200,183947800,3282900400,51562216700,4062.4425,4062.4425,4039.8224,4075.4301
94742000,4042.839,15250700,220844300,3298151100,51783061000,4062.4425,4062.4425,4039.8224,4075.4301
94747000,4042.7538,12068100,175030400,3310219200,51958091400,4062.4425,4062.4425,4039.8224,4075.4301
94752000,4042.7049,14980800,205994600,3325200000,52164086000,4062.4425,4062.4425,4039.8224,4075.4301
94757000,4042.5968,18883000,227553900,3344083000,52391639900,4062.4425,4062.4425,4039.8224,4075.4301
94802000,4041.6418,12939900,186540600,3357022900,52578180500,4062.4425,4062.4425,4039.8224,4075.4301
94807000,4041.9721,11850000,142487400,3368872900,52720667900,4062.4425,4062.4425,4039.8224,4075.4301
94812000,4041.5972,17367500,214984200,3386240400,52935652100,4062.4425,4062.4425,4039.8224,4075.4301
94817000,4041.3672,11040900,140047600,3397281300,53075699700,4062.4425,4062.4425,4039.8224,4075.4301
94822000,4041.5533,10750500,150273500,3408031800,53225973200,4062.4425,4062.4425,4039.8224,4075.4301
94827000,4041.5312,14608400,212604600,3422640200,53438577800,4062.4425,4062.4425,4039.8224,4075.4301
94832000,4041.4011,11032000,173832600,3433672200,53612410400,4062.4425,4062.4425,4039.8224,4075.4301
94837000,4041.5598,9205300,139051600,3442877500,53751462000,4062.4425,4062.4425,4039.8224,4075.4301
94842000,4041.4381,14107800,193169200,3456985300,53944631200,4062.4425,4062.4425,4039.8224,4075.4301
94847000,4041.2168,11728100,146557700,3468713400,54091188900,4062.4425,4062.4425,4039.8224,4075.4301
94852000,4041.194,9000700,138005100,3477714100,54229194000,4062.4425,4062.4425,4039.8224,4075.4301
94857000,4041.5125,13686800,172811800,3491400900,54402005800,4062.4425,4062.4425,4039.8224,4075.4301
94902000,4041.2095,12529600,173582000,3503930500,54575587800,4062.4425,4062.4425,4039.8224,4075.4301
94907000,4041.4648,9945600,143177600,3513876100,54718765400,4062.4425,4062.4425,4039.8224,4075.4301
94912000,4041.0667,16465300,225717500,3530341400,54944482900,4062.4425,4062.4425,4039.8224,4075.4301
94917000,4041.4354,13434700,172440800,3543776100,55116923700,4062.4425,4062.4425,4039.8224,4075.4301
94922000,4041.9591,13154300,184565500,3556930400,55301489200,4062.4425,4062.4425,4039.8224,4075.4301
94927000,4042.0562,13545000,230439100,3570475400,55531928300,4062.4425,4062.4425,4039.8224,4075.4301
94932000,4042.8427,13522000,204626300,3583997400,55736554600,4062.4425,4062.4425,4039.8224,4075.4301
94937000,4043.1731,11152900,148158300,3595150300,55884712900,4062.4425,4062.4425,4039.8224,4075.4301
94942000,4043.3252,15385900,229263000,3610536200,56113975900,4062.4425,4062.4425,4039.8224,4075.4301
94947000,4043.7031,11228200,160761600,3621764400,56274737500,4062.4425,4062.4425,4039.8224,4075.4301
94952000,4044.6866,12401400,177352700,3634165800,56452090200,4062.4425,4062.4425,4039.8224,4075.4301
94957000,4044.7078,11700800,192698600,3645866600,56644788800,4062.4425,4062.4425,4039.8224,4075.4301
95002000,4044.9857,12846900,194395300,3658713500,56839184100,4062.4425,4062.4425,4039.8224,4075.4301
95007000,4045.402,9547300,132783900,3668260800,56971968000,4062.4425,4062.4425,4039.8224,4075.4301
95012000,4044.6784,13005100,217636800,3681265900,57189604800,4062.4425,4062.4425,4039.8224,4075.4301
95017000,4045.8124,12292500,168434900,3693558400,57358039700,4062.4425,4062.4425,4039.8224,4075.4301
95022000,4045.8754,9024100,132794800,3702582500,57490834500,4062.4425,4062.4425,4039.8224,4075.4301
95027000,4046.621,12345000,179115700,3714927500,57669950200,4062.4425,4062.4425,4039.8224,4075.4301
95032000,4046.4033,12761900,178009600,3727689400,57847959800,4062.4425,4062.4425,4039.8224,4075.4301
95037000,4047.1637,8006800,116170500,3735696200,57964130300,4062.4425,4062.4425,4039.8224,4075.4301
95042000,4047.9646,11465400,164409900,3747161600,58128540200,4062.4425,4062.4425,4039.8224,4075.4301
95047000,4048.3401,9248600,142390400,3756410200,58270930600,4062.4425,4062.4425,4039.8224,4075.4301
95052000,4047.762,10486600,151622300,3766896800,58422552900,4062.4425,4062.4425,4039.8224,4075.4301
95057000,4048.8526,12281900,180591300,3779178700,58603144200,4062.4425,4062.4425,4039.8224,4075.4301
95102000,4048.8155,14843000,242282700,3794021700,58845426900,4062.4425,4062.4425,4039.8224,4075.4301
95107000,4049.2644,9540800,129758200,3803562500,58975185100,4062.4425,4062.4425,4039.8224,4075.4301
95112000,4048.6859,12301200,197661900,3815863700,59172847000,4062.4425,4062.4425,4039.8224,4075.4301
95117000,4049.2849,9579000,171359200,3825442700,59344206200,4062.4425,4062.4425,4039.8224,4075.4301
95122000,4050.2827,9359000,159921600,3834801700,59504127800,4062.4425,4062.4425,4039.8224,4075.4301
95127000,4050.4654,12052400,189928200,3846854100,59694056000,4062.4425,4062.4425,4039.8224,4075.4301
95132000,4050.4496,10920300,186841500,3857774400,59880897500,4062.4425,4062.4425,4039.8224,4075.4301
95137000,4050.2658,7427800,111618900,3865202200,59992516400,4062.4425,4062.4425,4039.8224,4075.4301
95142000,4050.5013,12540700,181703700,3877742900,60174220100,4062.4425,4062.4425,4039.8224,4075.4301
95147000,4050.2009,9673100,130892200,3887416000,60305112300,4062.4425,4062.4425,4039.8224,4075.4301
95152000,4050.1418,9499000,152513200,3896915000,60457625500,4062.4425,4062.4425,4039.8224,4075.4301
95157000,4050.5656,11428900,170434000,3908343900,60628059500,4062.4425,4062.4425,4039.8224,4075.4301
95202000,4051.4711,10022600,153643000,3918366500,60781702500,4062.4425,4062.4425,4039.8224,4075.4301
95207000,4050.772,9435000,122349300,3927801500,60904051800,4062.4425,4062.4425,4039.8224,4075.4301
95212000,4051.386,10788400,173854900,3938589900,61077906700,4062.4425,4062.4425,4039.8224,4075.4301
95217000,4050.5553,9722400,121186300,3948312300,61199093000,4062.4425,4062.4425,4039.8224,4075.4301
95222000,4051.8734,8869300,143417900,3957181600,61342510900,4062.4425,4062.4425,4039.8224,4075.4301
95227000,4052.0543,13917900,181273100,3971099500,61523784000,4062.4425,4062.4425,4039.8224,4075.4301
95232000,4051.7123,10001900,152318700,3981101400,61676102700,4062.4425,4062.4425,4039.8224,4075.4301
95237000,4051.4863,9118200,114167000,3990219600,61790269700,4062.4425,4062.4425,4039.8224,4075.4301
95242000,4051.6495,11930200,180845800,4002149800,61971115500,4062.4425,4062.4425,4039.8224,4075.4301
95247000,4052.7651,8138500,113239500,4010288300,62084355000,4062.4425,4062.4425,4039.8224,4075.4301
95252000,4053.3949,7411200,127566200,4017699500,62211921200,4062.4425,4062.4425,4039.8224,4075.4301
95257000,4053.5787,11380100,168931000,4029079600,62380852200,4062.4425,4062.4425,4039.8224,4075.4301
95302000,4053.6208,12102900,193856400,4041182500,62574708600,4062.4425,4062.4425,4039.8224,4075.4301
95307000,4054.7436,7935300,119417400,4049117800,62694126000,4062.4425,4062.4425,4039.8224,4075.4301
95312000,4054.7706,10885600,161760700,4060003400,62855886700,4062.4425,4062.4425,4039.8224,4075.4301
95317000,4055.5272,12276400,152275400,4072279800,63008162100,4062.4425,4062.4425,4039.8224,4075.4301
95322000,4055.0003,10762900,158849200,4083042700,63167011300,4062.4425,4062.4425,4039.8224,4075.4301
95327000,4055.5157,11721600,169329900,4094764300,63336341200,4062.4425,4062.4425,4039.8224,4075.4301
95332000,4055.268,15308700,199322200,4110073000,63535663400,4062.4425,4062.4425,4039.8224,4075.4301
95337000,4055.0796,6952400,100226600,4117025400,63635890000,4062.4425,4062.4425,4039.8224,4075.4301
95342000,4055.3702,10243200,153900300,4127268600,63789790300,4062.4425,4062.4425,4039.8224,4075.4301
95347000,4055.9657,7429300,131254400,4134697900,63921044700,4062.4425,4062.4425,4039.8224,4075.4301
95352000,4056.1178,9987800,156468000,4144685700,64077512700,4062.4425,4062.4425,4039.8224,4075.4301
95357000,4056.5792,10786100,171448000,4155471800,64248960700,4062.4425,4062.4425,4039.8224,4075.4301
95402000,4056.2446,12548900,177150900,4168020700,64426111600,4062.4425,4062.4425,4039.8224,4075.4301
95407000,4057.1494,8368900,112774700,4176389600,64538886300,4062.4425,4062.4425,4039.8224,4075.4301
95412000,4056.5487,11647200,179803100,4188036800,64718689400,4062.4425,4062.4425,4039.8224,4075.4301
95417000,4056.463,10557700,156647600,4198594500,64875337000,4062.4425,4062.4425,4039.8224,4075.4301
95422000,4055.299,14197900,195983600,4212792400,65071320600,4062.4425,4062.4425,4039.8224,4075.4301
95427000,4053.9202,18096300,245489700,4230888700,65316810300,4062.4425,4062.4425,4039.8224,4075.4301
95432000,4053.2278,16637700,239997500,4247526400,65556807800,4062.4425,4062.4425,4039.8224,4075.4301
95437000,4052.711,8030000,134958600,4255556400,65691766400,4062.4425,4062.4425,4039.8224,4075.4301
95442000,4052.943,12266800,199246700,4267823200,65891013100,4062.4425,4062.4425,4039.8224,4075.4301
95447000,4053.5765,8596400,124452500,4276419600,66015465600,4062.4425,4062.4425,4039.8224,4075.4301
95452000,4052.792,8213700,129771300,4284633300,66145236900,4062.4425,4062.4425,4039.8224,4075.4301
95457000,4053.1719,9812800,158253600,4294446100,66303490500,4062.4425,4062.4425,4039.8224,4075.4301
95502000,4052.843,9911400,159029500,4304357500,66462520000,4062.4425,4062.4425,4039.8224,4075.4301
95507000,4053.3893,5846600,89636800,4310204100,66552156800,4062.4425,4062.4425,4039.8224,4075.4301
95512000,4053.0222,10529900,152950400,4320734000,66705107200,4062.4425,4062.4425,4039.8224,4075.4301
95517000,4053.277,6922000,89788400,4327656000,66794895600,4062.4425,4062.4425,4039.8224,4075.4301
95522000,4053.1635,10055600,128644300,4337711600,66923539900,4062.4425,4062.4425,4039.8224,4075.4301
95527000,4053.0084,9760900,146688200,4347472500,67070228100,4062.4425,4062.4425,4039.8224,4075.4301
95532000,4053.2994,8855100,138022700,4356327600,67208250800,4062.4425,4062.4425,4039.8224,4075.4301
95537000,4053.2359,6099900,98342300,4362427500,67306593100,4062.4425,4062.4425,4039.8224,4075.4301
95542000,4053.6082,10266100,137554300,4372693600,67444147400,4062.4425,4062.4425,4039.8224,4075.4301
95547000,4054.3992,7471500,104161300,4380165100,67548308700,4062.4425,4062.4425,4039.8224,4075.4301
95552000,4054.4753,8050700,110597400,4388215800,67658906100,4062.4425,4062.4425,4039.8224,4075.4301
95557000,4055.4084,9010300,125350900,4397226100,67784257000,4062.4425,4062.4425,4039.8224,4075.4301
95602000,4055.5738,8699000,137354200,4405925100,67921611200,4062.4425,4062.4425,4039.8224,4075.4301
95607000,4055.8661,6770000,93391800,4412695100,68015003000,4062.4425,4062.4425,4039.8224,4075.4301
95612000,4056.2266,8287300,131666000,4420982400,68146669000,4062.4425,4062.4425,4039.8224,4075.4301
95617000,4055.8994,9233000,123143100,4430215400,68269812100,4062.4425,4062.4425,4039.8224,4075.4301
95622000,4056.169,8827400,125583800,4439042800,68395395900,4062.4425,4062.4425,4039.8224,4075.4301
95627000,4055.9971,9722700,137820500,4448765500,68533216400,4062.4425,4062.4425,4039.8224,4075.4301
95632000,4055.6742,11570700,165853700,4460336200,68699070100,4062.4425,4062.4425,4039.8224,4075.4301
95637000,4055.2495,9657300,120054100,4469993500,68819124200,4062.4425,4062.4425,4039.8224,4075.4301
95642000,4055.1958,12210700,200615000,4482204200,69019739200,4062.4425,4062.4425,4039.8224,4075.4301
95647000,4054.8937,9022900,117423400,4491227100,69137162600,4062.4425,4062.4425,4039.8224,4075.4301
95652000,4055.0463,7858500,133315200,4499085600,69270477800,4062.4425,4062.4425,4039.8224,4075.4301
95657000,4055.2189,8881400,123368300,4507967000,69393846100,4062.4425,4062.4425,4039.8224,4075.4301
95702000,4055.4783,8677800,134168600,4516644800,69528014700,4062.4425,4062.4425,4039.8224,4075.4301
95707000,4055.4,6202800,94054600,4522847600,69622069300,4062.4425,4062.4425,4039.8224,4075.4301
95712000,4055.6086,9549200,131354400,4532396800,69753423700,4062.4425,4062.4425,4039.8224,4075.4301
95717000,4055.6933,6709800,106281500,4539106600,69859705200,4062.4425,4062.4425,4039.8224,4075.4301
95722000,4055.9312,7634600,114046800,4546741200,69973752000,4062.4425,4062.4425,4039.8224,4075.4301
95727000,4056.142,8031800,129420800,4554773000,70103172800,4062.4425,4062.4425,4039.8224,4075.4301
95732000,4055.9899,8720400,125647200,4563493400,70228820000,4062.4425,4062.4425,4039.8224,4075.4301
95737000,4056.1503,4920900,78239100,4568414300,70307059100,4062.4425,4062.4425,4039.8224,4075.4301
95742000,4055.8332,8386600,142186000,4576800900,70449245100,4062.4425,4062.4425,4039.8224,4075.4301
95747000,4056.0577,7100800,94915000,4583901700,70544160100,4062.4425,4062.4425,4039.8224,4075.4301
95752000,4055.7479,7421900,113872900,4591323600,70658033000,4062.4425,4062.4425,4039.8224,4075.4301
95757000,4055.4011,9236700,140335500,4600560300,70798368500,4062.4425,4062.4425,4039.8224,4075.4301
95802000,4054.272,9198300,141943000,4609758600,70940311500,4062.4425,4062.4425,4039.8224,4075.4301
95807000,4054.1393,6253200,91756000,4616011800,71032067500,4062.4425,4062.4425,4039.8224,4075.4301
95812000,4053.4746,10737200,166203700,4626749000,71198271200,4062.4425,4062.4425,4039.8224,4075.4301
95817000,4053.1811,8581700,105469300,4635330700,71303740500,4062.4425,4062.4425,4039.8224,4075.4301
95822000,4053.2738,7067100,104761000,4642397800,71408501500,4062.4425,4062.4425,4039.8224,4075.4301
95827000,4052.4933,10106300,156224600,4652504100,71564726100,4062.4425,4062.4425,4039.8224,4075.4301
95832000,4051.8205,9924600,146158000,4662428700,71710884100,4062.4425,4062.4425,4039.8224,4075.4301
95837000,4051.326,5993800,89851900,4668422500,71800736000,4062.4425,4062.4425,4039.8224,4075.4301
95842000,4050.8476,11121000,153176700,4679543500,71953912700,4062.4425,4062.4425,4039.8224,4075.4301
95847000,4050.4474,8640600,124250200,4688184100,72078162900,4062.4425,4062.4425,4039.8224,4075.4301
95852000,4049.675,9372300,137822000,4697556400,72215984900,4062.4425,4062.4425,4039.8224,4075.4301
95857000,4048.9826,11688100,155850200,4709244500,72371835100,4062.4425,4062.4425,4039.8224,4075.4301
95902000,4049.1108,12463000,189999800,4721707500,72561834900,4062.4425,4062.4425,4039.8224,4075.4301
95907000,4048.6399,7255600,109585900,4728963100,72671420800,4062.4425,4062.4425,4039.8224,4075.4301
95912000,4048.4842,14066100,182641600,4743029200,72854062400,4062.4425,4062.4425,4039.8224,4075.4301
95917000,4047.9808,8972700,130592200,4752001900,72984654600,4062.4425,4062.4425,4039.8224,4075.4301
95922000,4048.0898,10034300,158838800,4762036200,73143493400,4062.4425,4062.4425,4039.8224,4075.4301
95927000,4047.9291,10429300,146043900,4772465500,73289537300,4062.4425,4062.4425,4039.8224,4075.4301
95932000,4047.8956,11661600,159045300,4784127100,73448582600,4062.4425,4062.4425,4039.8224,4075.4301
95937000,4047.9044,7818500,101083300,4791945600,73549665900,4062.4425,4062.4425,4039.8224,4075.4301
95942000,4047.6704,9898200,156284200,4801843800,73705950100,4062.4425,4062.4425,4039.8224,4075.4301
95947000,4047.5241,8175200,132542400,4810019000,73838492500,4062.4425,4062.4425,4039.8224,4075.4301
95952000,4047.4785,8569500,135165500,4818588500,73973658000,4062.4425,4062.4425,4039.8224,4075.4301
95957000,4047.1935,9762800,151078900,4828351300,74124736900,4062.4425,4062.4425,4039.8224,4075.4301
100002000,4047.1191,10810300,132331700,4839161600,74257068600,4062.4425,4062.4425,4039.8224,4075.4301
100007000,4046.7517,7486700,99226400,4846648300,74356295000,4062.4425,4062.4425,4039.8224,4075.4301
100012000,4046.4873,13106200,158691700,4859754500,74514986700,4062.4425,4062.4425,4039.8224,4075.4301
100017000,4046.7748,9218000,144258200,4868972500,74659244900,4062.4425,4062.4425,4039.8224,4075.4301
100022000,4046.721,9160500,143161100,4878133000,74802406000,4062.4425,4062.4425,4039.8224,4075.4301
100027000,4047.0057,9551600,165215200,4887684600,74967621200,4062.4425,4062.4425,4039.8224,4075.4301
100032000,4047.0657,12773300,166658600,4900457900,75134279800,4062.4425,4062.4425,4039.8224,4075.4301
100037000,4047.3501,6598400,94237400,4907056300,75228517200,4062.4425,4062.4425,4039.8224,4075.4301
100042000,4047.893,10224000,149130100,4917280300,75377647300,4062.4425,4062.4425,4039.8224,4075.4301
100047000,4048.0566,5951700,91272300,4923232000,75468919600,4062.4425,4062.4425,4039.8224,4075.4301
100052000,4048.2687,7130400,115353200,4930362400,75584272800,4062.4425,4062.4425,4039.8224,4075.4301
100057000,4047.8554,8048700,130989300,4938411100,75715262100,4062.4425,4062.4425,4039.8224,4075.4301
100102000,4048.7221,8313400,132557900,4946724500,75847820000,4062.4425,4062.4425,4039.8224,4075.4301
100107000,4048.3999,6333300,91412000,4953057800,75939232000,4062.4425,4062.4425,4039.8224,4075.4301
100112000,4048.0949,8099700,130468100,4961157500,76069700100,4062.4425,4062.4425,4039.8224,4075.4301
100117000,4048.1509,7514200,116819300,4968671700,76186519400,4062.4425,4062.4425,4039.8224,4075.4301
100122000,4048.1285,8055500,124384500,4976727200,76310903900,4062.4425,4062.4425,4039.8224,4075.4301
100127000,4048.0622,8879700,133558100,4985606900,76444462000,4062.4425,4062.4425,4039.8224,4075.4301
100132000,4048.2268,7672500,118439300,4993279400,76562901300,4062.4425,4062.4425,4039.8224,4075.4301
100137000,4047.5178,5899500,98739300,4999178900,76661640600,4062.4425,4062.4425,4039.8224,4075.4301
100142000,4047.0961,9064600,124256000,5008243500,76785896600,4062.4425,4062.4425,4039.8224,4075.4301
100147000,4047.6192,5965500,97401000,5014209000,76883297600,4062.4425,4062.4425,4039.8224,4075.4301
100152000,4047.5098,6955000,108372700,5021164000,76991670300,4062.4425,4062.4425,4039.8224,4075.4301
100157000,4047.1406,8081600,110973600,5029245600,77102643900,4062.4425,4062.4425,4039.8224,4075.4301
100202000,4047.5228,9211900,112801500,5038457500,77215445400,4062.4425,4062.4425,4039.8224,4075.4301
100207000,4047.3852,6160100,89039700,5044617600,77304485100,4062.4425,4062.4425,4039.8224,4075.4301
100212000,4047.828,8073500,134292300,5052691100,77438777400,4062.4425,4062.4425,4039.8224,4075.4301
100217000,4047.8977,5527400,83559000,5058218500,77522336400,4062.4425,4062.4425,4039.8224,4075.4301
100222000,4047.5085,8291900,113941900,5066510400,77636278300,4062.4425,4062.4425,4039.8224,4075.4301
100227000,4047.8968,7393600,115866200,5073904000,77752144500,4062.4425,4062.4425,4039.8224,4075.4301
100232000,4047.516,8670400,131742100,5082574400,77883886600,4062.4425,4062.4425,4039.8224,4075.4301
100237000,4047.6856,6032800,74621600,5088607200,77958508200,4062.4425,4062.4425,4039.8224,4075.4301
100242000,4047.7352,9116900,162964800,5097724100,78121473000,4062.4425,4062.4425,4039.8224,4075.4301
100247000,4047.447,5465600,85250200,5103189700,78206723200,4062.4425,4062.4425,4039.8224,4075.4301
100252000,4048.392,9648800,168647300,5112838500,78375370500,4062.4425,4062.4425,4039.8224,4075.4301
100257000,4047.8936,10519000,140364400,5123357500,78515734900,4062.4425,4062.4425,4039.8224,4075.4301
100302000,4048.7682,6638000,111305500,5129995500,78627040400,4062.4425,4062.4425,4039.8224,4075.4301
100307000,4048.4437,5997700,87349600,5135993200,78714390000,4062.4425,4062.4425,4039.8224,4075.4301
100312000,4048.6026,8246300,113113700,5144239500,78827503700,4062.4425,4062.4425,4039.8224,4075.4301
100317000,4048.7224,7928900,123796000,5152168400,78951299700,4062.4425,4062.4425,4039.8224,4075.4301
100322000,4048.7335,6366000,93681700,5158534400,79044981400,4062.4425,4062.4425,4039.8224,4075.4301
100327000,4049.1493,9624800,121873600,5168159200,79166855000,4062.4425,4062.4425,4039.8224,4075.4301
100332000,4049.0256,8351300,125074700,5176510500,79291929700,4062.4425,4062.4425,4039.8224,4075.4301
100337000,4049.1186,7236200,87500900,5183746700,79379430600,4062.4425,4062.4425,4039.8224,4075.4301
100342000,4048.9214,7636600,114254600,5191383300,79493685200,4062.4425,4062.4425,4039.8224,4075.4301
100347000,4049.2554,7875100,106394500,5199258400,79600079700,4062.4425,4062.4425,4039.8224,4075.4301
100352000,4049.5643,8572900,108707600,5207831300,79708787300,4062.4425,4062.4425,4039.8224,4075.4301
100357000,4049.6099,8272100,140190100,5216103400,79848977400,4062.4425,4062.4425,4039.8224,4075.4301
100402000,4050.0293,7289100,92368100,5223392500,79941345500,4062.4425,4062.4425,4039.8224,4075.4301
100407000,4050.5582,5831800,85005900,5229224300,80026351400,4062.4425,4062.4425,4039.8224,4075.4301
100412000,4050.9791,7225900,111693100,5236450200,80138044500,4062.4425,4062.4425,4039.8224,4075.4301
100417000,4051.4103,6260100,115479600,5242710300,80253524100,4062.4425,4062.4425,4039.8224,4075.4301
100422000,4051.4106,8610900,115217400,5251321200,80368741500,4062.4425,4062.4425,4039.8224,4075.4301
100427000,4052.122,8062100,119936600,5259383300,80488678100,4062.4425,4062.4425,4039.8224,4075.4301
100432000,4052.5212,8415400,124455200,5267798700,80613133300,4062.4425,4062.4425,4039.8224,4075.4301
100437000,4053.0463,6447300,79778700,5274246000,80692912000,4062.4425,4062.4425,4039.8224,4075.4301
100442000,4053.832,9411400,132589100,5283657400,80825501100,4062.4425,4062.4425,4039.8224,4075.4301
100447000,4054.1594,8369800,109774400,5292027200,80935275500,4062.4425,4062.4425,4039.8224,4075.4301
100452000,4054.9764,8269100,116122900,5300296300,81051398400,4062.4425,4062.4425,4039.8224,4075.4301
100457000,4055.2716,13930600,168215900,5314226900,81219614300,4062.4425,4062.4425,4039.8224,4075.4301
100502000,4056.5127,13552900,153802800,5327779800,81373417100,4062.4425,4062.4425,4039.8224,4075.4301
100507000,4056.929,6376500,95441900,5334156300,81468859000,4062.4425,4062.4425,4039.8224,4075.4301
100512000,4057.4872,11189200,138326900,5345345500,81607185900,4062.4425,4062.4425,4039.8224,4075.4301
100517000,4057.3637,8587000,109761900,5353932500,81716947800,4062.4425,4062.4425,4039.8224,4075.4301
100522000,4056.1804,10861200,149923600,5364793700,81866871400,4062.4425,4062.4425,4039.8224,4075.4301
100527000,4057.876,8565800,147157300,5373359500,82014028700,4062.4425,4062.4425,4039.8224,4075.4301
100532000,4056.8712,10086800,149038000,5383446300,82163066700,4062.4425,4062.4425,4039.8224,4075.4301
100537000,4056.8713,6332000,91213700,5389778300,82254280400,4062.4425,4062.4425,4039.8224,4075.4301
100542000,4055.4174,10420700,147196600,5400199000,82401477000,4062.4425,4062.4425,4039.8224,4075.4301
100547000,4056.2222,8359800,110613900,5408558800,82512090900,4062.4425,4062.4425,4039.8224,4075.4301
100552000,4055.9787,9359400,126677800,5417918200,82638768700,4062.4425,4062.4425,4039.8224,4075.4301
100557000,4055.5315,9735200,134436100,5427653400,82773204800,4062.4425,4062.4425,4039.8224,4075.4301
100602000,4056.0055,9709700,133645100,5437363100,82906849900,4062.4425,4062.4425,4039.8224,4075.4301
100607000,4056.1294,6303300,90963200,5443666400,82997813100,4062.4425,4062.4425,4039.8224,4075.4301
100612000,4056.3105,7718400,113916000,5451384800,83111729100,4062.4425,4062.4425,4039.8224,4075.4301
100617000,4055.8166,7205800,108711200,5458590600,83220440300,4062.4425,4062.4425,4039.8224,4075.4301
100622000,4054.2208,9714900,152335800,5468305500,83372776100,4062.4425,4062.4425,4039.8224,4075.4301
100627000,4052.9519,17622900,218272900,5485928400,83591049000,4062.4425,4062.4425,4039.8224,4075.4301
100632000,4050.5587,16502000,233065600,5502430400,83824114600,4062.4425,4062.4425,4039.8224,4075.4301
100637000,4050.4932,9537000,129233400,5511967400,83953348000,4062.4425,4062.4425,4039.8224,4075.4301
100642000,4050.0726,13924900,184524800,5525892300,84137872800,4062.4425,4062.4425,4039.8224,4075.4301
100647000,4049.3728,10379600,144667500,5536271900,84282540300,4062.4425,4062.4425,4039.8224,4075.4301
100652000,4049.3956,9210700,142619400,5545482600,84425159700,4062.4425,4062.4425,4039.8224,4075.4301
100657000,4048.7214,10324100,176416100,5555806700,84601575800,4062.4425,4062.4425,4039.8224,4075.4301
100702000,4048.665,8986300,135958100,5564793000,84737533900,4062.4425,4062.4425,4039.8224,4075.4301
100707000,4048.2995,6287300,95469300,5571080300,84833003200,4062.4425,4062.4425,4039.8224,4075.4301
100712000,4048.0649,8769900,163646600,5579850200,84996649800,4062.4425,4062.4425,4039.8224,4075.4301
100717000,4048.2604,6151000,88340300,5586001200,85084990100,4062.4425,4062.4425,4039.8224,4075.4301
100722000,4047.9586,7035400,101470600,5593036600,85186460700,4062.4425,4062.4425,4039.8224,4075.4301
100727000,4047.9337,7170500,110002600,5600207100,85296463300,4062.4425,4062.4425,4039.8224,4075.4301
100732000,4047.7616,8441500,131999300,5608648600,85428462600,4062.4425,4062.4425,4039.8224,4075.4301
100737000,4047.4,5592800,75209400,5614241400,85503672000,4062.4425,4062.4425,4039.8224,4075.4301
100742000,4047.7807,7438200,109989000,5621679600,85613661000,4062.4425,4062.4425,4039.8224,4075.4301
100747000,4047.1781,7812100,106956200,5629491700,85720617200,4062.4425,4062.4425,4039.8224,4075.4301
100752000,4045.9563,9767400,135397500,5639259100,85856014700,4062.4425,4062.4425,4039.8224,4075.4301
100757000,4045.7803,9429200,139543500,5648688300,85995558200,4062.4425,4062.4425,4039.8224,4075.4301
100802000,4046.3008,8730200,135879000,5657418500,86131437200,4062.4425,4062.4425,4039.8224,4075.4301
100807000,4046.5899,5700200,89267800,5663118700,86220705000,4062.4425,4062.4425,4039.8224,4075.4301
100812000,4046.491,8763500,158416700,5671882200,86379121700,4062.4425,4062.4425,4039.8224,4075.4301
100817000,4046.5618,6877100,91811200,5678759300,86470932900,4062.4425,4062.4425,4039.8224,4075.4301
100822000,4045.9291,6581800,94870800,5685341100,86565803700,4062.4425,4062.4425,4039.8224,4075.4301
100827000,4046.1437,8702800,124633400,5694043900,86690437100,4062.4425,4062.4425,4039.8224,4075.4301
100832000,4046.5511,12160700,137634300,5706204600,86828071400,4062.4425,4062.4425,4039.8224,4075.4301
100837000,4046.0469,6990200,88050500,5713194800,86916121900,4062.4425,4062.4425,4039.8224,4075.4301
100842000,4046.1391,6194400,94815300,5719389200,87010937200,4062.4425,4062.4425,4039.8224,4075.4301
100847000,4046.4119,6516100,97843000,5725905300,87108780200,4062.4425,4062.4425,4039.8224,4075.4301
100852000,4046.2753,5931300,96519300,5731836600,87205299500,4062.4425,4062.4425,4039.8224,4075.4301
100857000,4046.4417,8839600,121535000,5740676200,87326834500,4062.4425,4062.4425,4039.8224,4075.4301
100902000,4046.4454,9529500,130312000,5750205700,87457146500,4062.4425,4062.4425,4039.8224,4075.4301
100907000,4046.2638,6168900,89835700,5756374600,87546982200,4062.4425,4062.4425,4039.8224,4075.4301
100912000,4046.5439,7822300,123219400,5764196900,87670201600,4062.4425,4062.4425,4039.8224,4075.4301
100917000,4046.9115,8074000,103301700,5772270900,87773503300,4062.4425,4062.4425,4039.8224,4075.4301
100922000,4046.8915,5964900,85846800,5778235800,87859350100,4062.4425,4062.4425,4039.8224,4075.4301
100927000,4046.8796,7522400,108841700,5785758200,87968191800,4062.4425,4062.4425,4039.8224,4075.4301
100932000,4047.4344,6555600,98251100,5792313800,88066442900,4062.4425,4062.4425,4039.8224,4075.4301
100937000,4047.0317,5055800,64408100,5797369600,88130851000,4062.4425,4062.4425,4039.8224,4075.4301
100942000,4047.5635,7336200,99876800,5804705800,88230727800,4062.4425,4062.4425,4039.8224,4075.4301
100947000,4047.2946,6669200,96006700,5811375000,88326734500,4062.4425,4062.4425,4039.8224,4075.4301
100952000,4047.5917,6082100,84809900,5817457100,88411544400,4062.4425,4062.4425,4039.8224,4075.4301
100957000,4047.1686,7480200,92967400,5824937300,88504511800,4062.4425,4062.4425,4039.8224,4075.4301
101002000,4047.2537,7622500,111402300,5832559800,88615914100,4062.4425,4062.4425,4039.8224,4075.4301
101007000,4047.8071,5418200,71762400,5837978000,88687676500,4062.4425,4062.4425,4039.8224,4075.4301
101012000,4047.5697,8652000,127951100,5846630000,88815627600,4062.4425,4062.4425,4039.8224,4075.4301
101017000,4047.8763,7405500,102560700,5854035500,88918188300,4062.4425,4062.4425,4039.8224,4075.4301
101022000,4047.8014,6770600,112042800,5860806100,89030231100,4062.4425,4062.4425,4039.8224,4075.4301
101027000,4047.9625,10311600,127720800,5871117700,89157951900,4062.4425,4062.4425,4039.8224,4075.4301
101032000,4048.2006,9285600,123588300,5880403300,89281540200,4062.4425,4062.4425,4039.8224,4075.4301
101037000,4047.8215,6294600,78550600,5886697900,89360090800,4062.4425,4062.4425,4039.8224,4075.4301
101042000,4048.3608,12919700,145019700,5899617600,89505110500,4062.4425,4062.4425,4039.8224,4075.4301
101047000,4048.2627,14322000,125674500,5913939600,89630785000,4062.4425,4062.4425,4039.8224,4075.4301
101052000,4048.1515,7849000,109387000,5921788600,89740172000,4062.4425,4062.4425,4039.8224,4075.4301
101057000,4048.5599,13740000,146046100,5935528600,89886218100,4062.4425,4062.4425,4039.8224,4075.4301
101102000,4048.6817,12512300,139823700,5948040900,90026041800,4062.4425,4062.4425,4039.8224,4075.4301
101107000,4048.978,7649900,98854500,5955690800,90124896300,4062.4425,4062.4425,4039.8224,4075.4301
101112000,4049.5404,11152500,143776400,5966843300,90268672700,4062.4425,4062.4425,4039.8224,4075.4301
101117000,4049.855,7660200,87851800,5974503500,90356524500,4062.4425,4062.4425,4039.8224,4075.4301
101122000,4049.6437,7502200,104039400,5982005700,90460563900,4062.4425,4062.4425,4039.8224,4075.4301
101127000,4050.0051,8401000,114008600,5990406700,90574572500,4062.4425,4062.4425,4039.8224,4075.4301
101132000,4049.5703,8789900,103633800,5999196600,90678206300,4062.4425,4062.4425,4039.8224,4075.4301
101137000,4049.3552,6923600,87426300,6006120200,90765632600,4062.4425,4062.4425,4039.8224,4075.4301
101142000,4049.7419,9125500,106625400,6015245700,90872258000,4062.4425,4062.4425,4039.8224,4075.4301
101147000,4049.8293,9595200,97180900,6024840900,90969438900,4062.4425,4062.4425,4039.8224,4075.4301
101152000,4049.5411,7471500,96039300,6032312400,91065478200,4062.4425,4062.4425,4039.8224,4075.4301
101157000,4049.623,6881300,94415500,6039193700,91159893700,4062.4425,4062.4425,4039.8224,4075.4301
101202000,4049.7104,8761000,113381900,6047954700,91273275600,4062.4425,4062.4425,4039.8224,4075.4301
101207000,4049.1264,6167800,95775500,6054122500,91369051100,4062.4425,4062.4425,4039.8224,4075.4301
101212000,4049.3461,9018800,148014700,6063141300,91517065800,4062.4425,4062.4425,4039.8224,4075.4301
101217000,4048.7324,10096900,120949300,6073238200,91638015100,4062.4425,4062.4425,4039.8224,4075.4301
101222000,4048.4179,7402800,117317400,6080641000,91755332500,4062.4425,4062.4425,4039.8224,4075.4301
101227000,4048.7957,11123900,144662800,6091764900,91899995300,4062.4425,4062.4425,4039.8224,4075.4301
101232000,4048.5799,12563900,156948400,6104328800,92056943700,4062.4425,4062.4425,4039.8224,4075.4301
101237000,4047.9724,5202100,82741000,6109530900,92139684700,4062.4425,4062.4425,4039.8224,4075.4301
101242000,4048.2762,12225100,161973800,6121756000,92301658500,4062.4425,4062.4425,4039.8224,4075.4301
101247000,4047.7892,7780800,100970300,6129536800,92402628800,4062.4425,4062.4425,4039.8224,4075.4301
101252000,4047.2716,7135700,96423500,6136672500,92499052300,4062.4425,4062.4425,4039.8224,4075.4301
101257000,4046.7924,12936100,157895500,6149608600,92656947800,4062.4425,4062.4425,4039.8224,4075.4301
101302000,4046.2479,10050800,127608000,6159659400,92784555800,4062.4425,4062.4425,4039.8224,4075.4301
101307000,4045.9525,6251900,77958600,6165911300,92862514400,4062.4425,4062.4425,4039.8224,4075.4301
101312000,4046.0949,10714800,138382900,6176626100,93000897300,4062.4425,4062.4425,4039.8224,4075.4301
101317000,4046.1584,8886300,104148800,6185512400,93105046100,4062.4425,4062.4425,4039.8224,4075.4301
101322000,4046.128,9911500,131500000,6195423900,93236546100,4062.4425,4062.4425,4039.8224,4075.4301
101327000,4045.9038,8389300,115927800,6203813200,93352473900,4062.4425,4062.4425,4039.8224,4075.4301
101332000,4045.8621,9428000,113665300,6213241200,93466139200,4062.4425,4062.4425,4039.8224,4075.4301
101337000,4045.9058,6590800,91244800,6219832000,93557384000,4062.4425,4062.4425,4039.8224,4075.4301
101342000,4045.7777,10468500,142032300,6230300500,93699416300,4062.4425,4062.4425,4039.8224,4075.4301
101347000,4045.7852,7201100,84424900,6237501600,93783841200,4062.4425,4062.4425,4039.8224,4075.4301
101352000,4045.5525,10680700,125899300,6248182300,93909740500,4062.4425,4062.4425,4039.8224,4075.4301
101357000,4045.4677,11225800,123029700,6259408100,94032770200,4062.4425,4062.4425,4039.8224,4075.4301
101402000,4045.8677,9865200,111730100,6269273300,94144500300,4062.4425,4062.4425,4039.8224,4075.4301
101407000,4045.7627,6933800,90504800,6276207100,94235005100,4062.4425,4062.4425,4039.8224,4075.4301
101412000,4045.7532,8813200,116512800,6285020300,94351517900,4062.4425,4062.4425,4039.8224,4075.4301
101417000,4045.9413,6902200,89241400,6291922500,94440759300,4062.4425,4062.4425,4039.8224,4075.4301
101422000,4046.7242,13586500,220225600,6305509000,94660984900,4062.4425,4062.4425,4039.8224,4075.4301
101427000,4047.4991,10900200,144352900,6316409200,94805337800,4062.4425,4062.4425,4039.8224,4075.4301
101432000,4048.0308,11178500,155258000,6327587700,94960595800,4062.4425,4062.4425,4039.8224,4075.4301
101437000,4048.5792,9239000,106853400,6336826700,95067449200,4062.4425,4062.4425,4039.8224,4075.4301
101442000,4049.5716,13637900,179274300,6350464600,95246723500,4062.4425,4062.4425,4039.8224,4075.4301
101447000,4050.8842,7966100,103179800,6358430700,95349903300,4062.4425,4062.4425,4039.8224,4075.4301
101452000,4050.7949,9406700,139817900,6367837400,95489721200,4062.4425,4062.4425,4039.8224,4075.4301
101457000,4051.139,8586000,133402300,6376423400,95623123500,4062.4425,4062.4425,4039.8224,4075.4301
101502000,4051.6033,8900600,130106300,6385324000,95753229800,4062.4425,4062.4425,4039.8224,4075.4301
101507000,4052.2406,7474600,95079100,6392798600,95848308900,4062.4425,4062.4425,4039.8224,4075.4301
101512000,4052.1806,8401500,121686400,6401200100,95969995300,4062.4425,4062.4425,4039.8224,4075.4301
101517000,4053.0943,7763600,96554800,6408963700,96066550100,4062.4425,4062.4425,4039.8224,4075.4301
101522000,4052.4184,7337600,100426100,6416301300,96166976200,4062.4425,4062.4425,4039.8224,4075.4301
101527000,4052.6337,9682600,186257300,6425983900,96353233500,4062.4425,4062.4425,4039.8224,4075.4301
101532000,4052.6064,9073700,115865600,6435057600,96469099100,4062.4425,4062.4425,4039.8224,4075.4301
101537000,4052.7415,6425900,80030900,6441483500,96549130000,4062.4425,4062.4425,4039.8224,4075.4301
101542000,4053.0552,8186200,102007900,6449669700,96651137900,4062.4425,4062.4425,4039.8224,4075.4301
101547000,4052.9662,7508300,85300500,6457178000,96736438400,4062.4425,4062.4425,4039.8224,4075.4301
101552000,4053.1676,6556900,81046800,6463734900,96817485200,4062.4425,4062.4425,4039.8224,4075.4301
101557000,4052.8777,9606800,127080000,6473341700,96944565200,4062.4425,4062.4425,4039.8224,4075.4301
101602000,4053.8361,8542100,101144000,6481883800,97045709200,4062.4425,4062.4425,4039.8224,4075.4301
101607000,4053.6507,7032200,83489100,6488916000,97129198300,4062.4425,4062.4425,4039.8224,4075.4301
101612000,4054.0175,10047000,124381300,6498963000,97253579600,4062.4425,4062.4425,4039.8224,4075.4301
101617000,4054.2172,9465800,102053600,6508428800,97355633200,4062.4425,4062.4425,4039.8224,4075.4301
101622000,4054.6978,9412200,110438900,6517841000,97466072100,4062.4425,4062.4425,4039.8224,4075.4301
101627000,4054.8325,11153000,160561000,6528994000,97626633100,4062.4425,4062.4425,4039.8224,4075.4301
101632000,4055.0335,7622300,103275400,6536616300,97729908500,4062.4425,4062.4425,4039.8224,4075.4301
101637000,4055.0749,4603600,65534900,6541219900,97795443400,4062.4425,4062.4425,4039.8224,4075.4301
101642000,4054.9727,7848200,97170300,6549068100,97892613700,4062.4425,4062.4425,4039.8224,4075.4301
101647000,4055.1743,8255400,99095200,6557323500,97991708900,4062.4425,4062.4425,4039.8224,4075.4301
101652000,4055.3241,7561700,97944400,6564885200,98089653300,4062.4425,4062.4425,4039.8224,4075.4301
101657000,4055.2533,8626500,107702600,6573511700,98197355900,4062.4425,4062.4425,4039.8224,4075.4301
101702000,4055.3256,7358700,106344700,6580870400,98303700600,4062.4425,4062.4425,4039.8224,4075.4301
101707000,4055.7114,6142100,76163000,6587012500,98379863600,4062.4425,4062.4425,4039.8224,4075.4301
101712000,4055.4904,6547100,99497800,6593559600,98479361400,4062.4425,4062.4425,4039.8224,4075.4301
101717000,4055.794,6861800,102023900,6600421400,98581385300,4062.4425,4062.4425,4039.8224,4075.4301
101722000,4055.8125,7402900,99052300,6607824300,98680437600,4062.4425,4062.4425,4039.8224,4075.4301
101727000,4056.0396,7831000,101213900,6615655300,98781651500,4062.4425,4062.4425,4039.8224,4075.4301
101732000,4056.0442,8782400,113978000,6624437700,98895629500,4062.4425,4062.4425,4039.8224,4075.4301
101737000,4056.4723,4511100,68647900,6628948800,98964277400,4062.4425,4062.4425,4039.8224,4075.4301
101742000,4056.6018,8088000,112505700,6637036800,99076783100,4062.4425,4062.4425,4039.8224,4075.4301
101747000,4056.6236,7279100,95790400,6644315900,99172573500,4062.4425,4062.4425,4039.8224,4075.4301
101752000,4056.9438,7719900,127711200,6652035800,99300284700,4062.4425,4062.4425,4039.8224,4075.4301
101757000,4057.0626,9092800,128093500,6661128600,99428378200,4062.4425,4062.4425,4039.8224,4075.4301
101802000,4057.0729,9115200,126862600,6670243800,99555240800,4062.4425,4062.4425,4039.8224,4075.4301
101807000,4057.334,7296000,91514900,6677539800,99646755700,4062.4425,4062.4425,4039.8224,4075.4301
101812000,4057.6382,7573000,110427500,6685112800,99757183200,4062.4425,4062.4425,4039.8224,4075.4301
101817000,4056.9707,8820600,104601100,6693933400,99861784300,4062.4425,4062.4425,4039.8224,4075.4301
101822000,4057.3465,6142000,94975400,6700075400,99956759700,4062.4425,4062.4425,4039.8224,4075.4301
101827000,4057.0363,10366400,137414900,6710441800,100094174600,4062.4425,4062.4425,4039.8224,4075.4301
101832000,4057.1235,9071100,130989700,6719512900,100225164300,4062.4425,4062.4425,4039.8224,4075.4301
101837000,4056.8912,5106400,75802200,6724619300,100300966500,4062.4425,4062.4425,4039.8224,4075.4301
101842000,4056.4052,8484700,118987800,6733104000,100419954300,4062.4425,4062.4425,4039.8224,4075.4301
101847000,4056.4618,7791600,89075400,6740895600,100509029700,4062.4425,4062.4425,4039.8224,4075.4301
101852000,4055.9507,5706700,82489100,6746602300,100591518800,4062.4425,4062.4425,4039.8224,4075.4301
101857000,4056.7482,8760000,100043300,6755362300,100691562100,4062.4425,4062.4425,4039.8224,4075.4301
101902000,4056.5929,8666800,123554800,6764029100,100815116900,4062.4425,4062.4425,4039.8224,4075.4301
101907000,4056.9411,4215800,63745100,6768244900,100878862000,4062.4425,4062.4425,4039.8224,4075.4301
101912000,4056.6826,6809000,94214200,6775053900,100973076200,4062.4425,4062.4425,4039.8224,4075.4301
101917000,4056.4834,6509500,87521700,6781563400,101060597900,4062.4425,4062.4425,4039.8224,4075.4301
101922000,4056.2129,5272100,92562200,6786835500,101153160100,4062.4425,4062.4425,4039.8224,4075.4301
101927000,4055.963,7348000,106600700,6794183500,101259760800,4062.4425,4062.4425,4039.8224,4075.4301
101932000,4055.6845,9919500,134960800,6804103000,101394721600,4062.4425,4062.4425,4039.8224,4075.4301
101937000,4054.1865,5797600,74142900,6809900600,101468864500,4062.4425,4062.4425,4039.8224,4075.4301
101942000,4054.1972,9525200,139811600,6819425800,101608676100,4062.4425,4062.4425,4039.8224,4075.4301
101947000,4052.5887,6735100,85560700,6826160900,101694236800,4062.4425,4062.4425,4039.8224,4075.4301
101952000,4053.7717,7265600,101680700,6833426500,101795917500,4062.4425,4062.4425,4039.8224,4075.4301
101957000,4053.777,8026100,98086500,6841452600,101894004000,4062.4425,4062.4425,4039.8224,4075.4301
102002000,4053.5197,6790100,95642400,6848242700,101989646400,4062.4425,4062.4425,4039.8224,4075.4301
102007000,4052.9683,3744500,55691700,6851987200,102045338100,4062.4425,4062.4425,4039.8224,4075.4301
102012000,4053.376,6917400,105139200,6858904600,102150477300,4062.4425,4062.4425,4039.8224,4075.4301
102017000,4053.1405,5103200,68431000,6864007800,102218908300,4062.4425,4062.4425,4039.8224,4075.4301
102022000,4053.3648,3972200,77062600,6867980000,102295970900,4062.4425,4062.4425,4039.8224,4075.4301
102027000,4053.1761,5557700,87485000,6873537700,102383455900,4062.4425,4062.4425,4039.8224,4075.4301
102032000,4052.7237,6158200,89597000,6879695900,102473052900,4062.4425,4062.4425,4039.8224,4075.4301
102037000,4052.8804,3667800,56667800,6883363700,102529720700,4062.4425,4062.4425,4039.8224,4075.4301
102042000,4052.9222,5021400,79357100,6888385100,102609077800,4062.4425,4062.4425,4039.8224,4075.4301
102047000,4052.8122,4507600,56956000,6892892700,102666033800,4062.4425,4062.4425,4039.8224,4075.4301
102052000,4052.7721,4567400,78276900,6897460100,102744310700,4062.4425,4062.4425,4039.8224,4075.4301
102057000,4052.4225,5250000,79439200,6902710100,102823749900,4062.4425,4062.4425,4039.8224,4075.4301
102102000,4052.6943,5739000,72202000,6908449100,102895951900,4062.4425,4062.4425,4039.8224,4075.4301
102107000,4052.3503,4783100,69415800,6913232200,102965367700,4062.4425,4062.4425,4039.8224,4075.4301
102112000,4052.5445,4432500,68947000,6917664700,103034314700,4062.4425,4062.4425,4039.8224,4075.4301
102117000,4052.4532,4686800,64523900,6922351500,103098838600,4062.4425,4062.4425,4039.8224,4075.4301
102122000,4052.6579,4256100,64764900,6926607600,103163603500,4062.4425,4062.4425,4039.8224,4075.4301
102127000,4052.8714,5832200,74514500,6932439800,103238118000,4062.4425,4062.4425,4039.8224,4075.4301
102132000,4053.0867,4987500,94501700,6937427300,103332619700,4062.4425,4062.4425,4039.8224,4075.4301
102137000,4052.9758,3456200,58455700,6940883500,103391075400,4062.4425,4062.4425,4039.8224,4075.4301
102142000,4053.0089,6374300,89996400,6947257800,103481071800,4062.4425,4062.4425,4039.8224,4075.4301
102147000,4053.2158,4896700,62010800,6952154500,103543082600,4062.4425,4062.4425,4039.8224,4075.4301
102152000,4053.2781,5441000,86538600,6957595500,103629621200,4062.4425,4062.4425,4039.8224,4075.4301
102157000,4053.4307,4411800,84938600,6962007300,103714559800,4062.4425,4062.4425,4039.8224,4075.4301
102202000,4053.6725,4094700,69955200,6966102000,103784515000,4062.4425,4062.4425,4039.8224,4075.4301
102207000,4054.1506,3525800,56775900,6969627800,103841290900,4062.4425,4062.4425,4039.8224,4075.4301
102212000,4054.0629,4523700,64077900,6974151500,103905368800,4062.4425,4062.4425,4039.8224,4075.4301
102217000,4054.065,3742000,50949800,6977893500,103956318600,4062.4425,4062.4425,4039.8224,4075.4301
102222000,4054.2388,4435500,82384100,6982329000,104038702700,4062.4425,4062.4425,4039.8224,4075.4301
102227000,4054.4674,5311500,80073600,6987640500,104118776300,4062.4425,4062.4425,4039.8224,4075.4301
102232000,4054.9245,7147200,87082600,6994787700,104205858900,4062.4425,4062.4425,4039.8224,4075.4301
102237000,4054.6585,3733600,54783700,6998521300,104260642600,4062.4425,4062.4425,4039.8224,4075.4301
102242000,4054.9924,4949100,80481800,7003470400,104341124400,4062.4425,4062.4425,4039.8224,4075.4301
102247000,4055.1552,4617500,79236300,7008087900,104420360700,4062.4425,4062.4425,4039.8224,4075.4301
102252000,4055.3488,4418400,72649900,7012506300,104493010600,4062.4425,4062.4425,4039.8224,4075.4301
102257000,4055.4381,4529500,77369800,7017035800,104570380400,4062.4425,4062.4425,4039.8224,4075.4301
102302000,4055.376,5488800,103023400,7022524600,104673403800,4062.4425,4062.4425,4039.8224,4075.4301
102307000,4055.6896,4212500,60984300,7026737100,104734388100,4062.4425,4062.4425,4039.8224,4075.4301
102312000,4056.5481,6960900,121522700,7033698000,104855910800,4062.4425,4062.4425,4039.8224,4075.4301
102317000,4056.4711,6312600,84820300,7040010600,104940731100,4062.4425,4062.4425,4039.8224,4075.4301
102322000,4056.8431,4856600,79774300,7044867200,105020505400,4062.4425,4062.4425,4039.8224,4075.4301
102327000,4057.4541,7291300,112843100,7052158500,105133348500,4062.4425,4062.4425,4039.8224,4075.4301
102332000,4058.0476,7089000,109773700,7059247500,105243122200,4062.4425,4062.4425,4039.8224,4075.4301
102337000,4057.9679,3939900,67452500,7063187400,105310574700,4062.4425,4062.4425,4039.8224,4075.4301
102342000,4058.7951,8478700,116722300,7071666100,105427297000,4062.4425,4062.4425,4039.8224,4075.4301
102347000,4058.8592,8007000,95037700,7079673100,105522334700,4062.4425,4062.4425,4039.8224,4075.4301
102352000,4059.4761,9418000,117815500,7089091100,105640150200,4062.4425,4062.4425,4039.8224,4075.4301
102357000,4059.67,9635700,120845200,7098726800,105760995400,4062.4425,4062.4425,4039.8224,4075.4301
102402000,4060.2318,9901800,123642100,7108628600,105884637500,4062.4425,4062.4425,4039.8224,4075.4301
102407000,4060.6181,5278000,67193100,7113906600,105951830600,4062.4425,4062.4425,4039.8224,4075.4301
102412000,4061.1263,9576400,118514400,7123483000,106070345000,4062.4425,4062.4425,4039.8224,4075.4301
102417000,4061.2491,5885800,78406900,7129368800,106148751900,4062.4425,4062.4425,4039.8224,4075.4301
102422000,4061.2931,5316500,79786600,7134685300,106228538500,4062.4425,4062.4425,4039.8224,4075.4301
102427000,4061.6216,9569700,133430400,7144255000,106361968900,4062.4425,4062.4425,4039.8224,4075.4301
102432000,4060.6673,9043300,125611500,7153298300,106487580400,4062.4425,4062.4425,4039.8224,4075.4301
102437000,4060.4316,5707700,87471900,7159006000,106575052300,4062.4425,4062.4425,4039.8224,4075.4301
102442000,4059.4581,14007600,181565600,7173013600,106756617900,4062.4425,4062.4425,4039.8224,4075.4301
102447000,4058.2769,12570900,162160600,7185584500,106918778500,4062.4425,4062.4425,4039.8224,4075.4301
102452000,4057.7,8672000,145462500,7194256500,107064241000,4062.4425,4062.4425,4039.8224,4075.4301
102457000,4057.101,8462800,128550900,7202719300,107192791900,4062.4425,4062.4425,4039.8224,4075.4301
102502000,4057.1696,8084800,125716800,7210804100,107318508700,4062.4425,4062.4425,4039.8224,4075.4301
102507000,4057.2083,3548600,55833000,7214352700,107374341700,4062.4425,4062.4425,4039.8224,4075.4301
102512000,4057.1443,8133600,119804300,7222486300,107494146000,4062.4425,4062.4425,4039.8224,4075.4301
102517000,4057.8004,5494900,83098900,7227981200,107577244900,4062.4425,4062.4425,4039.8224,4075.4301
102522000,4057.5336,5117600,91395500,7233098800,107668640400,4062.4425,4062.4425,4039.8224,4075.4301
102527000,4057.8866,6802500,95271200,7239901300,107763911600,4062.4425,4062.4425,4039.8224,4075.4301
102532000,4056.6738,9906600,157840600,7249807900,107921752200,4062.4425,4062.4425,4039.8224,4075.4301
102537000,4056.9202,4781300,72915100,7254589200,107994667300,4062.4425,4062.4425,4039.8224,4075.4301
102542000,4056.9208,5378100,88889200,7259967300,108083556500,4062.4425,4062.4425,4039.8224,4075.4301
102547000,4057.6748,6702200,89976800,7266669500,108173533300,4062.4425,4062.4425,4039.8224,4075.4301
102552000,4057.4646,5035700,72080200,7271705200,108245613500,4062.4425,4062.4425,4039.8224,4075.4301
102557000,4057.3943,7316600,81567100,7279021800,108327180600,4062.4425,4062.4425,4039.8224,4075.4301
102602000,4057.0596,6369600,94416100,7285391400,108421596700,4062.4425,4062.4425,4039.8224,4075.4301
102607000,4057.5141,4078200,55698600,7289469600,108477295300,4062.4425,4062.4425,4039.8224,4075.4301
102612000,4057.3202,4667300,74046200,7294136900,108551341500,4062.4425,4062.4425,4039.8224,4075.4301
102617000,4057.2278,5585500,81770500,7299722400,108633112000,4062.4425,4062.4425,4039.8224,4075.4301
102622000,4057.3208,4455000,66851700,7304177400,108699963700,4062.4425,4062.4425,4039.8224,4075.4301
102627000,4057.2971,4954400,72758500,7309131800,108772722200,4062.4425,4062.4425,4039.8224,4075.4301
102632000,4057.2831,6674700,80117300,7315806500,108852839500,4062.4425,4062.4425,4039.8224,4075.4301
102637000,4057.0816,3671400,47910400,7319477900,108900749900,4062.4425,4062.4425,4039.8224,4075.4301
102642000,4057.5011,7335600,99981300,7326813500,109000731200,4062.4425,4062.4425,4039.8224,4075.4301
102647000,4057.1063,4728300,58758300,7331541800,109059489500,4062.4425,4062.4425,4039.8224,4075.4301
102652000,4056.6555,5251000,84488700,7336792800,109143978200,4062.4425,4062.4425,4039.8224,4075.4301
102657000,4056.7302,4682400,65884200,7341475200,109209862400,4062.4425,4062.4425,4039.8224,4075.4301
102702000,4057.4633,5891500,73605800,7347366700,109283468200,4062.4425,4062.4425,4039.8224,4075.4301
102707000,4056.8078,3210800,50980100,7350577500,109334448300,4062.4425,4062.4425,4039.8224,4075.4301
102712000,4057.0278,5202100,80547000,7355779600,109414995300,4062.4425,4062.4425,4039.8224,4075.4301
102717000,4056.6312,4089900,61379800,7359869500,109476375100,4062.4425,4062.4425,4039.8224,4075.4301
102722000,4056.7525,4487700,70810100,7364357200,109547185200,4062.4425,4062.4425,4039.8224,4075.4301
102727000,4056.4365,9059500,115143600,7373416700,109662328800,4062.4425,4062.4425,4039.8224,4075.4301
102732000,4055.6392,5094400,79338200,7378511100,109741667000,4062.4425,4062.4425,4039.8224,4075.4301
102737000,4055.8868,3121000,52648400,7381632100,109794315400,4062.4425,4062.4425,4039.8224,4075.4301
102742000,4056.3076,6952200,89735700,7388584300,109884051100,4062.4425,4062.4425,4039.8224,4075.4301
102747000,4056.0005,3980800,68000000,7392565100,109952051100,4062.4425,4062.4425,4039.8224,4075.4301
102752000,4055.0048,4483300,65346300,7397048400,110017397400,4062.4425,4062.4425,4039.8224,4075.4301
102757000,4055.6034,7182100,111570100,7404230500,110128967500,4062.4425,4062.4425,4039.8224,4075.4301
102802000,4054.7398,8088200,117952100,7412318700,110246919600,4062.4425,4062.4425,4039.8224,4075.4301
102807000,4054.9372,4903300,66031600,7417222000,110312951200,4062.4425,4062.4425,4039.8224,4075.4301
102812000,4054.5071,6014100,91911600,7423236100,110404862800,4062.4425,4062.4425,4039.8224,4075.4301
102817000,4054.8127,4301000,75600700,7427537100,110480463500,4062.4425,4062.4425,4039.8224,4075.4301
102822000,4054.7381,4510800,77667100,7432047900,110558130600,4062.4425,4062.4425,4039.8224,4075.4301
102827000,4054.8179,5994400,90672600,7438042300,110648803200,4062.4425,4062.4425,4039.8224,4075.4301
102832000,4054.1773,4821600,73005000,7442863900,110721808200,4062.4425,4062.4425,4039.8224,4075.4301
102837000,4054.5549,3006300,44538500,7445870200,110766346700,4062.4425,4062.4425,4039.8224,4075.4301
102842000,4054.0752,5231000,76801700,7451101200,110843148400,4062.4425,4062.4425,4039.8224,4075.4301
102847000,4053.7926,3620500,54795400,7454721700,110897943800,4062.4425,4062.4425,4039.8224,4075.4301
102852000,4053.6479,4659900,71924300,7459381600,110969868100,4062.4425,4062.4425,4039.8224,4075.4301
102857000,4053.7133,5760500,87632200,7465142100,111057500300,4062.4425,4062.4425,4039.8224,4075.4301
102902000,4052.8357,6559800,91989700,7471701900,111149490000,4062.4425,4062.4425,4039.8224,4075.4301
102907000,4053.021,4242800,61862600,7475944700,111211352600,4062.4425,4062.4425,4039.8224,4075.4301
102912000,4052.8891,4405400,72146200,7480350100,111283498800,4062.4425,4062.4425,4039.8224,4075.4301
102917000,4053.0315,5381500,81936900,7485731600,111365435700,4062.4425,4062.4425,4039.8224,4075.4301
102922000,4052.4905,5217400,80154900,7490949000,111445590600,4062.4425,4062.4425,4039.8224,4075.4301
102927000,4052.5147,7128400,86786300,7498077400,111532376900,4062.4425,4062.4425,4039.8224,4075.4301
102932000,4052.4089,6905600,95433900,7504983000,111627810800,4062.4425,4062.4425,4039.8224,4075.4301
102937000,4051.9096,7310000,73052800,7512293000,111700863600,4062.4425,4062.4425,4039.8224,4075.4301
102942000,4051.4715,7226500,90528300,7519519500,111791391900,4062.4425,4062.4425,4039.8224,4075.4301
102947000,4050.7254,7251600,90427200,7526771100,111881819100,4062.4425,4062.4425,4039.8224,4075.4301
102952000,4050.6609,6078600,98618100,7532849700,111980437200,4062.4425,4062.4425,4039.8224,4075.4301
102957000,4050.4181,8279000,87926800,7541128700,112068364000,4062.4425,4062.4425,4039.8224,4075.4301
103002000,4050.7088,7510000,101338200,7548638700,112169702200,4062.4425,4062.4425,4039.8224,4075.4301
103007000,4050.5854,3985300,57475900,7552624000,112227178100,4062.4425,4062.4425,4039.8224,4075.4301
103012000,4050.059,7387300,105977500,7560011300,112333155600,4062.4425,4062.4425,4039.8224,4075.4301
103017000,4049.8742,6339700,80581800,7566351000,112413737400,4062.4425,4062.4425,4039.8224,4075.4301
103022000,4049.9394,4913800,79223100,7571264800,112492960500,4062.4425,4062.4425,4039.8224,4075.4301
103027000,4050.0166,5454000,87444400,7576718800,112580404900,4062.4425,4062.4425,4039.8224,4075.4301
103032000,4049.9155,7368200,101534000,7584087000,112681938900,4062.4425,4062.4425,4039.8224,4075.4301
103037000,4049.7288,3851200,57460300,7587938200,112739399200,4062.4425,4062.4425,4039.8224,4075.4301
103042000,4049.4602,5350500,85959900,7593288700,112825359100,4062.4425,4062.4425,4039.8224,4075.4301
103047000,4049.4718,5178300,71654700,7598467000,112897013800,4062.4425,4062.4425,4039.8224,4075.4301
103052000,4049.0728,8224000,110362300,7606691000,113007376100,4062.4425,4062.4425,4039.8224,4075.4301
103057000,4049.1106,5480400,85104100,7612171400,113092480200,4062.4425,4062.4425,4039.8224,4075.4301
103102000,4049.0665,5355100,72043000,7617526500,113164523200,4062.4425,4062.4425,4039.8224,4075.4301
103107000,4049.2027,4594100,69220300,7622120600,113233743500,4062.4425,4062.4425,4039.8224,4075.4301
103112000,4048.6422,5965500,97012200,7628086100,113330755700,4062.4425,4062.4425,4039.8224,4075.4301
103117000,4048.52,4635900,62094100,7632722000,113392849800,4062.4425,4062.4425,4039.8224,4075.4301
103122000,4048.5673,4390500,76284800,7637112500,113469134600,4062.4425,4062.4425,4039.8224,4075.4301
103127000,4048.5378,6603200,93604600,7643715700,113562739200,4062.4425,4062.4425,4039.8224,4075.4301
103132000,4048.9929,3893700,61651000,7647609400,113624390200,4062.4425,4062.4425,4039.8224,4075.4301
103137000,4048.6877,4374500,64941600,7651983900,113689331800,4062.4425,4062.4425,4039.8224,4075.4301
103142000,4048.6693,5578600,73626500,7657562500,113762958300,4062.4425,4062.4425,4039.8224,4075.4301
103147000,4048.8416,9202900,86595700,7666765400,113849554000,4062.4425,4062.4425,4039.8224,4075.4301
103152000,4048.2013,4976800,67494400,7671742200,113917048400,4062.4425,4062.4425,4039.8224,4075.4301
103157000,4047.9928,6437700,99411000,7678179900,114016459400,4062.4425,4062.4425,4039.8224,4075.4301
103202000,4047.9091,4933500,68183200,7683113400,114084642600,4062.4425,4062.4425,4039.8224,4075.4301
103207000,4048.0222,5272700,70145000,7688386100,114154787600,4062.4425,4062.4425,4039.8224,4075.4301
103212000,4047.716,6435000,86437400,7694821100,114241225000,4062.4425,4062.4425,4039.8224,4075.4301
103217000,4047.8155,5710100,86609900,7700531200,114327834900,4062.4425,4062.4425,4039.8224,4075.4301
103222000,4047.9217,5791500,74043000,7706322700,114401877900,4062.4425,4062.4425,4039.8224,4075.4301
103227000,4048.166,7899700,101473700,7714222400,114503351600,4062.4425,4062.4425,4039.8224,4075.4301
103232000,4048.1325,5260700,73633900,7719483100,114576985500,4062.4425,4062.4425,4039.8224,4075.4301
103237000,4047.7284,4578400,53340600,7724061500,114630326100,4062.4425,4062.4425,4039.8224,4075.4301
103242000,4047.7946,7076700,74255800,7731138200,114704581900,4062.4425,4062.4425,4039.8224,4075.4301
103247000,4047.577,4379000,67411500,7735517200,114771993400,4062.4425,4062.4425,4039.8224,4075.4301
103252000,4048.0135,4709600,63772900,7740226800,114835766300,4062.4425,4062.4425,4039.8224,4075.4301
103257000,4047.8946,6658100,83449200,7746884900,114919215500,4062.4425,4062.4425,4039.8224,4075.4301
103302000,4048.1199,5181900,82905800,7752066800,115002121300,4062.4425,4062.4425,4039.8224,4075.4301
103307000,4048.0102,4973100,59096500,7757039900,115061217800,4062.4425,4062.4425,4039.8224,4075.4301
103312000,4047.9357,6855400,86210500,7763895300,115147428300,4062.4425,4062.4425,4039.8224,4075.4301
103317000,4048.0127,6284400,74079100,7770179700,115221507400,4062.4425,4062.4425,4039.8224,4075.4301
103322000,4047.9469,4688500,74298600,7774868200,115295806000,4062.4425,4062.4425,4039.8224,4075.4301
103327000,4048.447,5368700,84969200,7780236900,115380775200,4062.4425,4062.4425,4039.8224,4075.4301
103332000,4048.1806,6741000,93651700,7786977900,115474426900,4062.4425,4062.4425,4039.8224,4075.4301
103337000,4048.2946,3846100,53776600,7790824000,115528203500,4062.4425,4062.4425,4039.8224,4075.4301
103342000,4047.7669,5626300,80592200,7796450300,115608795700,4062.4425,4062.4425,4039.8224,4075.4301
103347000,4048.4381,6082600,78192700,7802532900,115686988400,4062.4425,4062.4425,4039.8224,4075.4301
103352000,4048.294,7423300,80300700,7809956200,115767289100,4062.4425,4062.4425,4039.8224,4075.4301
103357000,4048.4955,7201900,83696300,7817158100,115850985400,4062.4425,4062.4425,4039.8224,4075.4301
103402000,4047.9933,5945600,79893200,7823103700,115930878600,4062.4425,4062.4425,4039.8224,4075.4301
103407000,4048.2729,4401100,56212400,7827504800,115987091000,4062.4425,4062.4425,4039.8224,4075.4301
103412000,4048.1494,6336600,97729800,7833841400,116084820800,4062.4425,4062.4425,4039.8224,4075.4301
103417000,4047.9532,5074200,61413300,7838915600,116146234100,4062.4425,4062.4425,4039.8224,4075.4301
103422000,4047.9616,4514600,53153400,7843430200,116199387500,4062.4425,4062.4425,4039.8224,4075.4301
103427000,4048.3506,6026600,86595000,7849456800,116285982500,4062.4425,4062.4425,4039.8224,4075.4301
103432000,4048.006,5095900,70824700,7854552700,116356807200,4062.4425,4062.4425,4039.8224,4075.4301
103437000,4047.922,5685400,58951100,7860238100,116415758300,4062.4425,4062.4425,4039.8224,4075.4301
103442000,4048.043,5144100,84737900,7865382200,116500496200,4062.4425,4062.4425,4039.8224,4075.4301
103447000,4048.3486,4809500,51492600,7870191700,116551988800,4062.4425,4062.4425,4039.8224,4075.4301
103452000,4048.4088,3929000,64983700,7874120700,116616972500,4062.4425,4062.4425,4039.8224,4075.4301
103457000,4048.496,5936400,76772600,7880057100,116693745100,4062.4425,4062.4425,4039.8224,4075.4301
103502000,4048.4792,4383000,66168500,7884440100,116759913600,4062.4425,4062.4425,4039.8224,4075.4301
103507000,4048.4893,3803700,46067400,7888243800,116805981000,4062.4425,4062.4425,4039.8224,4075.4301
103512000,4048.6714,4451000,64961800,7892694800,116870942800,4062.4425,4062.4425,4039.8224,4075.4301
103517000,4048.6189,3890600,55587600,7896585400,116926530400,4062.4425,4062.4425,4039.8224,4075.4301
103522000,4048.6569,4853900,67904300,7901439300,116994434700,4062.4425,4062.4425,4039.8224,4075.4301
103527000,4048.3238,5983700,84542300,7907423000,117078977000,4062.4425,4062.4425,4039.8224,4075.4301
103532000,4048.2961,5735300,71137100,7913158300,117150114100,4062.4425,4062.4425,4039.8224,4075.4301
103537000,4048.1951,5086000,78800000,7918244300,117228914100,4062.4425,4062.4425,4039.8224,4075.4301
103542000,4047.8471,6133900,89254900,7924378200,117318169000,4062.4425,4062.4425,4039.8224,4075.4301
103547000,4048.2368,4456600,58987100,7928834800,117377156100,4062.4425,4062.4425,4039.8224,4075.4301
103552000,4048.0238,6187600,102404400,7935022400,117479560500,4062.4425,4062.4425,4039.8224,4075.4301
103557000,4047.7092,6195100,96917300,7941217500,117576477800,4062.4425,4062.4425,4039.8224,4075.4301
103602000,4047.4343,6872100,86166700,7948089600,117662644500,4062.4425,4062.4425,4039.8224,4075.4301
103607000,4047.4368,3087300,56743400,7951176900,117719387900,4062.4425,4062.4425,4039.8224,4075.4301
103612000,4047.4189,5608800,91549400,7956785700,117810937300,4062.4425,4062.4425,4039.8224,4075.4301
103617000,4047.5617,5126900,62064400,7961912600,117873001700,4062.4425,4062.4425,4039.8224,4075.4301
103622000,4047.2254,4264400,66413900,7966177000,117939415600,4062.4425,4062.4425,4039.8224,4075.4301
103627000,4047.1589,6801800,83227700,7972978800,118022643300,4062.4425,4062.4425,4039.8224,4075.4301
103632000,4046.7453,7208200,103101900,7980187000,118125745200,4062.4425,4062.4425,4039.8224,4075.4301
103637000,4046.0227,5433800,94774800,7985620800,118220520000,4062.4425,4062.4425,4039.8224,4075.4301
103642000,4045.6385,8098200,97523100,7993719000,118318043100,4062.4425,4062.4425,4039.8224,4075.4301
103647000,4045.5119,6539500,78725700,8000258500,118396768800,4062.4425,4062.4425,4039.8224,4075.4301
103652000,4045.4952,8630800,121282000,8008889300,118518050800,4062.4425,4062.4425,4039.8224,4075.4301
103657000,4044.7562,13730600,162820600,8022619900,118680871400,4062.4425,4062.4425,4039.8224,4075.4301
103702000,4042.7541,16010600,198426000,8038630500,118879297400,4062.4425,4062.4425,4039.8224,4075.4301
103707000,4042.5364,11690500,164874500,8050321000,119044171900,4062.4425,4062.4425,4039.8224,4075.4301
103712000,4042.0291,15477100,207693900,8065798100,119251865800,4062.4425,4062.4425,4039.8224,4075.4301
103717000,4041.4474,8424100,109130900,8074222200,119360996700,4062.4425,4062.4425,4039.8224,4075.4301
103722000,4041.2735,17444200,175635100,8091666400,119536631800,4062.4425,4062.4425,4039.8224,4075.4301
103727000,4040.7069,19828700,204696200,8111495100,119741328000,4062.4425,4062.4425,4039.8224,4075.4301
103732000,4040.0686,12111800,188522900,8123606900,119929850900,4062.4425,4062.4425,4039.7211,4075.4301
103737000,4038.8003,8988800,116717100,8132595700,120046568000,4062.4425,4062.4425,4038.1293,4075.4301
103742000,4038.2016,11167200,154611400,8143762900,120201179400,4062.4425,4062.4425,4038.1293,4075.4301
103747000,4038.4654,8574900,126587100,8152337800,120327766500,4062.4425,4062.4425,4038.1293,4075.4301
103752000,4037.5966,10258800,136653500,8162596600,120464420000,4062.4425,4062.4425,4037.5966,4075.4301
103757000,4037.3531,11612200,151950200,8174208800,120616370200,4062.4425,4062.4425,4037.3531,4075.4301
103802000,4037.3211,10086300,149383500,8184295100,120765753700,4062.4425,4062.4425,4036.7832,4075.4301
103807000,4036.7634,6043100,89434600,8190338200,120855188300,4062.4425,4062.4425,4036.6395,4075.4301
103812000,4036.4893,11863900,169315300,8202202100,121024503600,4062.4425,4062.4425,4036.3729,4075.4301
103817000,4036.5667,9261400,120127500,8211463500,121144631100,4062.4425,4062.4425,4036.3729,4075.4301
103822000,4036.1601,9628300,128213300,8221091800,121272844400,4062.4425,4062.4425,4036.1217,4075.4301
103827000,4036.3892,9538100,144707700,8230629900,121417552100,4062.4425,4062.4425,4036.1217,4075.4301
103832000,4036.2164,8952500,143154100,8239582400,121560706200,4062.4425,4062.4425,4036.1217,4075.4301
103837000,4036.5519,5618900,86283000,8245201300,121646989200,4062.4425,4062.4425,4036.1217,4075.4301
103842000,4036.503,10732100,151975100,8255933400,121798964300,4062.4425,4062.4425,4036.1217,4075.4301
103847000,4036.5923,8012000,93774300,8263945400,121892738600,4062.4425,4062.4425,4036.1217,4075.4301
103852000,4036.6874,6711200,101498100,8270656600,121994236700,4062.4425,4062.4425,4036.1217,4075.4301
103857000,4036.6784,10254000,143540500,8280910600,122137777200,4062.4425,4062.4425,4036.1217,4075.4301
103902000,4036.4785,9144800,123265700,8290055400,122261042900,4062.4425,4062.4425,4036.1217,4075.4301
103907000,4036.2907,5890000,135119700,8295945400,122396162600,4062.4425,4062.4425,4036.1217,4075.4301
103912000,4036.8559,8132000,103046400,8304077400,122499209000,4062.4425,4062.4425,4036.1217,4075.4301
103917000,4036.6327,6709900,78199400,8310787300,122577408400,4062.4425,4062.4425,4036.1217,4075.4301
103922000,4036.5057,6356400,98700500,8317143700,122676108900,4062.4425,4062.4425,4036.1217,4075.4301
103927000,4036.4553,9414300,124580800,8326558000,122800689700,4062.4425,4062.4425,4036.1217,4075.4301
103932000,4036.4291,8799400,115190800,8335357400,122915880500,4062.4425,4062.4425,4036.1217,4075.4301
103937000,4036.5964,6108700,77354200,8341466100,122993234700,4062.4425,4062.4425,4036.1217,4075.4301
103942000,4036.1263,10954000,126433200,8352420100,123119667900,4062.4425,4062.4425,4036.1217,4075.4301
103947000,4036.3068,7538400,93289700,8359958500,123212957600,4062.4425,4062.4425,4036.0719,4075.4301
103952000,4035.8933,8019500,105456100,8367978000,123318413700,4062.4425,4062.4425,4035.7526,4075.4301
103957000,4035.5961,15263300,158802900,8383241300,123477216600,4062.4425,4062.4425,4035.5614,4075.4301
104002000,4035.5462,8818000,106410300,8392059300,123583626900,4062.4425,4062.4425,4035.5017,4075.4301
104007000,4035.8614,10419800,102922300,8402479100,123686549200,4062.4425,4062.4425,4035.5017,4075.4301
104012000,4035.8023,6759700,81087200,8409238800,123767636400,4062.4425,4062.4425,4035.4741,4075.4301
104017000,4035.7539,7119900,85023200,8416358700,123852659600,4062.4425,4062.4425,4035.4741,4075.4301
104022000,4035.6167,5791100,85860200,8422149800,123938519800,4062.4425,4062.4425,4035.4741,4075.4301
104027000,4035.7702,7919400,98046600,8430069200,124036566400,4062.4425,4062.4425,4035.4741,4075.4301
104032000,4035.82,7657200,101146100,8437726400,124137712500,4062.4425,4062.4425,4035.4741,4075.4301
104037000,4036.0039,3486000,64162400,8441212400,124201874900,4062.4425,4062.4425,4035.4741,4075.4301
104042000,4036.0177,6490900,85226300,8447703300,124287101200,4062.4425,4062.4425,4035.4741,4075.4301
104047000,4036.1385,4945400,68179000,8452648700,124355280200,4062.4425,4062.4425,4035.4741,4075.4301
104052000,4036.3718,6019300,88587400,8458668000,124443867600,4062.4425,4062.4425,4035.4741,4075.4301
104057000,4037.1961,9034500,122489900,8467702500,124566357500,4062.4425,4062.4425,4035.4741,4075.4301
104102000,4036.8192,9895400,104604300,8477597900,124670961800,4062.4425,4062.4425,4035.4741,4075.4301
104107000,4037.6103,5434200,69510900,8483032100,124740472700,4062.4425,4062.4425,4035.4741,4075.4301
104112000,4037.5872,7872300,104184100,8490904400,124844656800,4062.4425,4062.4425,4035.4741,4075.4301
104117000,4037.6329,5372000,72870000,8496276400,124917526800,4062.4425,4062.4425,4035.4741,4075.4301
104122000,4038.1124,4168400,72077000,8500444800,124989603800,4062.4425,4062.4425,4035.4741,4075.4301
104127000,4038.1613,7408200,104259300,8507853000,125093863100,4062.4425,4062.4425,4035.4741,4075.4301
104132000,4038.6383,5852500,79544000,8513705500,125173407100,4062.4425,4062.4425,4035.4741,4075.4301
104137000,4038.9821,3155800,50982700,8516861300,125224389800,4062.4425,4062.4425,4035.4741,4075.4301
104142000,4038.8579,6159400,78799000,8523020700,125303188800,4062.4425,4062.4425,4035.4741,4075.4301
104147000,4039.4927,6533200,69954100,8529553900,125373142900,4062.4425,4062.4425,4035.4741,4075.4301
104152000,4040.205,4740300,73501200,8534294200,125446644100,4062.4425,4062.4425,4035.4741,4075.4301
104157000,4040.3221,7687700,93667800,8541981900,125540311900,4062.4425,4062.4425,4035.4741,4075.4301
104202000,4041.1313,6060200,83087700,8548042100,125623399600,4062.4425,4062.4425,4035.4741,4075.4301
104207000,4041.0403,4405400,79365900,8552447500,125702765500,4062.4425,4062.4425,4035.4741,4075.4301
104212000,4041.3874,6220700,85663400,8558668200,125788428900,4062.4425,4062.4425,4035.4741,4075.4301
104217000,4041.7918,4045800,54632900,8562714000,125843061800,4062.4425,4062.4425,4035.4741,4075.4301
104222000,4042.2579,4594300,74227300,8567308300,125917289100,4062.4425,4062.4425,4035.4741,4075.4301
104227000,4041.9683,7802100,79893000,8575110400,125997182100,4062.4425,4062.4425,4035.4741,4075.4301
104232000,4042.6337,5772000,76240700,8580882400,126073422800,4062.4425,4062.4425,4035.4741,4075.4301
104237000,4043.4581,5843600,76723700,8586726000,126150146500,4062.4425,4062.4425,4035.4741,4075.4301
104242000,4044.1329,10889900,127569600,8597615900,126277716100,4062.4425,4062.4425,4035.4741,4075.4301
104247000,4045.8963,9854700,121406300,8607470600,126399122400,4062.4425,4062.4425,4035.4741,4075.4301
104252000,4046.1439,9057600,130787700,8616528200,126529910100,4062.4425,4062.4425,4035.4741,4075.4301
104257000,4046.237,11741100,135854800,8628269300,126665764900,4062.4425,4062.4425,4035.4741,4075.4301
104302000,4048.1619,6927400,97662500,8635196700,126763427400,4062.4425,4062.4425,4035.4741,4075.4301
104307000,4048.2854,5149100,66116700,8640345800,126829544100,4062.4425,4062.4425,4035.4741,4075.4301
104312000,4048.624,5771900,87734100,8646117700,126917278200,4062.4425,4062.4425,4035.4741,4075.4301
104317000,4048.9212,5367100,69125300,8651484800,126986403500,4062.4425,4062.4425,4035.4741,4075.4301
104322000,4049.781,6465700,95725700,8657950500,127082129200,4062.4425,4062.4425,4035.4741,4075.4301
104327000,4050.7898,9730100,138089200,8667680600,127220218400,4062.4425,4062.4425,4035.4741,4075.4301
104332000,4051.9689,9581200,118137000,8677261800,127338355400,4062.4425,4062.4425,4035.4741,4075.4301
104337000,4052.2567,5178900,76438700,8682440700,127414794100,4062.4425,4062.4425,4035.4741,4075.4301
104342000,4052.4317,7315400,94007300,8689756100,127508801400,4062.4425,4062.4425,4035.4741,4075.4301
104347000,4053.147,4654600,63917600,8694410700,127572719000,4062.4425,4062.4425,4035.4741,4075.4301
104352000,4052.9898,5566100,91321700,8699976800,127664040700,4062.4425,4062.4425,4035.4741,4075.4301
104357000,4053.3257,7648900,93551700,8707625700,127757592400,4062.4425,4062.4425,4035.4741,4075.4301
104402000,4053.5263,5939900,77940000,8713565600,127835532400,4062.4425,4062.4425,4035.4741,4075.4301
104407000,4054.1606,4938100,69216800,8718503700,127904749200,4062.4425,4062.4425,4035.4741,4075.4301
104412000,4054.1417,6089800,93077800,8724593500,127997827000,4062.4425,4062.4425,4035.4741,4075.4301
104417000,4053.9732,4200200,61904200,8728793700,128059731200,4062.4425,4062.4425,4035.4741,4075.4301
104422000,4054.2014,5637800,93501100,8734431500,128153232300,4062.4425,4062.4425,4035.4741,4075.4301
104427000,4054.2105,6380700,96406000,8740812200,128249638300,4062.4425,4062.4425,4035.4741,4075.4301
104432000,4053.3958,5325100,79531400,8746137300,128329169700,4062.4425,4062.4425,4035.4741,4075.4301
104437000,4054.1399,4296700,75500400,8750434000,128404670100,4062.4425,4062.4425,4035.4741,4075.4301
104442000,4053.8389,6122200,92825700,8756556200,128497495800,4062.4425,4062.4425,4035.4741,4075.4301
104447000,4054.4258,3430500,79053500,8759986700,128576549300,4062.4425,4062.4425,4035.4741,4075.4301
104452000,4054.4162,4055000,68029100,8764041700,128644578400,4062.4425,4062.4425,4035.4741,4075.4301
104457000,4054.4247,5762400,88051300,8769804100,128732629700,4062.4425,4062.4425,4035.4741,4075.4301
104502000,4054.5737,4416900,62532700,8774221000,128795162400,4062.4425,4062.4425,4035.4741,4075.4301
104507000,4054.5444,3777400,66700900,8777998400,128861863300,4062.4425,4062.4425,4035.4741,4075.4301
104512000,4054.434,5905400,77469500,8783903800,128939332800,4062.4425,4062.4425,4035.4741,4075.4301
104517000,4054.9617,3671600,64677100,8787575400,129004009900,4062.4425,4062.4425,4035.4741,4075.4301
104522000,4054.8881,4517900,72861200,8792093300,129076871100,4062.4425,4062.4425,4035.4741,4075.4301
104527000,4054.9244,6940500,80394100,8799033800,129157265200,4062.4425,4062.4425,4035.4741,4075.4301
104532000,4054.7887,4333600,66039000,8803367400,129223304200,4062.4425,4062.4425,4035.4741,4075.4301
104537000,4054.8901,3423000,57597600,8806790400,129280901800,4062.4425,4062.4425,4035.4741,4075.4301
104542000,4055.1062,6007400,83787700,8812797800,129364689500,4062.4425,4062.4425,4035.4741,4075.4301
104547000,4055.0763,4178900,56261300,8816976700,129420950800,4062.4425,4062.4425,4035.4741,4075.4301
104552000,4055.5737,4559100,61784100,8821535800,129482734900,4062.4425,4062.4425,4035.4741,4075.4301
104557000,4055.6259,4900900,72908100,8826436700,129555643000,4062.4425,4062.4425,4035.4741,4075.4301
104602000,4055.6255,7572700,95137300,8834009400,129650780300,4062.4425,4062.4425,4035.4741,4075.4301
104607000,4055.8197,3378200,48169000,8837387600,129698949300,4062.4425,4062.4425,4035.4741,4075.4301
104612000,4056.0151,4407800,81220900,8841795400,129780170200,4062.4425,4062.4425,4035.4741,4075.4301
104617000,4056.0437,3882300,60318700,8845677700,129840488900,4062.4425,4062.4425,4035.4741,4075.4301
104622000,4056.2543,4503400,70273500,8850181100,129910762400,4062.4425,4062.4425,4035.4741,4075.4301
104627000,4056.5159,6391500,94451400,8856572600,130005213800,4062.4425,4062.4425,4035.4741,4075.4301
104632000,4057.1517,6185700,74560200,8862758300,130079774000,4062.4425,4062.4425,4035.4741,4075.4301
104637000,4056.7719,2882000,50672400,8865640300,130130446400,4062.4425,4062.4425,4035.4741,4075.4301
104642000,4057.0406,4865400,91376200,8870505700,130221822600,4062.4425,4062.4425,4035.4741,4075.4301
104647000,4057.3877,3216700,49830400,8873722400,130271653000,4062.4425,4062.4425,4035.4741,4075.4301
104652000,4056.9769,3902500,62623100,8877624900,130334276100,4062.4425,4062.4425,4035.4741,4075.4301
104657000,4057.2412,5673400,76333000,8883298300,130410609100,4062.4425,4062.4425,4035.4741,4075.4301
104702000,4057.1841,4696300,72279000,8887994600,130482888100,4062.4425,4062.4425,4035.4741,4075.4301
104707000,4057.7166,3422200,58136500,8891416800,130541024600,4062.4425,4062.4425,4035.4741,4075.4301
104712000,4056.5898,6123500,91176100,8897540300,130632200700,4062.4425,4062.4425,4035.4741,4075.4301
104717000,4056.7328,3389000,61143300,8900929300,130693344000,4062.4425,4062.4425,4035.4741,4075.4301
104722000,4057.2404,4368900,71796500,8905298200,130765140500,4062.4425,4062.4425,4035.4741,4075.4301
104727000,4056.5398,5741900,77138300,8911040100,130842278800,4062.4425,4062.4425,4035.4741,4075.4301
104732000,4056.9129,4678600,68209500,8915718700,130910488300,4062.4425,4062.4425,4035.4741,4075.4301
104737000,4056.8436,2381700,39649500,8918100400,130950137800,4062.4425,4062.4425,4035.4741,4075.4301
104742000,4056.6462,6050500,92816300,8924150900,131042954100,4062.4425,4062.4425,4035.4741,4075.4301
104747000,4056.2211,4657500,87573000,8928808400,131130527100,4062.4425,4062.4425,4035.4741,4075.4301
104752000,4055.6855,4489300,66158400,8933297700,131196685500,4062.4425,4062.4425,4035.4741,4075.4301
104757000,4056.1619,6000800,86525900,8939298500,131283211400,4062.4425,4062.4425,4035.4741,4075.4301
104802000,4056.0273,3835700,66780800,8943134200,131349992200,4062.4425,4062.4425,4035.4741,4075.4301
104807000,4056.7025,2744900,44225900,8945879100,131394218100,4062.4425,4062.4425,4035.4741,4075.4301
104812000,4056.4185,4093100,60656300,8949972200,131454874400,4062.4425,4062.4425,4035.4741,4075.4301
104817000,4056.3705,2898100,41769000,8952870300,131496643400,4062.4425,4062.4425,4035.4741,4075.4301
104822000,4056.2796,6343000,69516500,8959213300,131566159900,4062.4425,4062.4425,4035.4741,4075.4301
104827000,4056.9669,4966900,71076500,8964180200,131637236400,4062.4425,4062.4425,4035.4741,4075.4301
104832000,4057.219,2915500,45734000,8967095700,131682970400,4062.4425,4062.4425,4035.4741,4075.4301
104837000,4057.1305,2947700,44854900,8970043400,131727825300,4062.4425,4062.4425,4035.4741,4075.4301
104842000,4057.2187,4433000,61702700,8974476400,131789528000,4062.4425,4062.4425,4035.4741,4075.4301
104847000,4057.6406,3224500,54752500,8977700900,131844280500,4062.4425,4062.4425,4035.4741,4075.4301
104852000,4057.7027,3553900,57949000,8981254800,131902229500,4062.4425,4062.4425,4035.4741,4075.4301
104857000,4057.8554,5695400,83075700,8986950200,131985305200,4062.4425,4062.4425,4035.4741,4075.4301
104902000,4058.2777,5766100,71769600,8992716300,132057074800,4062.4425,4062.4425,4035.4741,4075.4301
104907000,4058.1315,3138600,43743900,8995854900,132100818700,4062.4425,4062.4425,4035.4741,4075.4301
104912000,4057.8537,4968300,67867600,9000823200,132168686300,4062.4425,4062.4425,4035.4741,4075.4301
104917000,4057.0267,7314000,73691300,9008137200,132242377600,4062.4425,4062.4425,4035.4741,4075.4301
104922000,4056.2832,6313800,90345700,9014451000,132332723300,4062.4425,4062.4425,4035.4741,4075.4301
104927000,4055.9993,11009000,97466800,9025460000,132430190100,4062.4425,4062.4425,4035.4741,4075.4301
104932000,4056.485,5272500,73647800,9030732500,132503837900,4062.4425,4062.4425,4035.4741,4075.4301
104937000,4055.9092,3121000,48275800,9033853500,132552113700,4062.4425,4062.4425,4035.4741,4075.4301
104942000,4055.7545,6119900,70103300,9039973400,132622217000,4062.4425,4062.4425,4035.4741,4075.4301
104947000,4056.1916,5876700,56507100,9045850100,132678724100,4062.4425,4062.4425,4035.4741,4075.4301
104952000,4055.7614,5496700,64863100,9051346800,132743587200,4062.4425,4062.4425,4035.4741,4075.4301
104957000,4056.3218,8419100,67963200,9059765900,132811550400,4062.4425,4062.4425,4035.4741,4075.4301
105002000,4056.1682,8862300,71075800,9068628200,132882626200,4062.4425,4062.4425,4035.4741,4075.4301
105007000,4055.848,4805400,51574900,9073433600,132934201100,4062.4425,4062.4425,4035.4741,4075.4301
105012000,4056.0212,5374200,73353500,9078807800,133007554600,4062.4425,4062.4425,4035.4741,4075.4301
105017000,4055.8623,4423500,50017500,9083231300,133057572100,4062.4425,4062.4425,4035.4741,4075.4301
105022000,4056.1911,4683100,67268000,9087914400,133124840100,4062.4425,4062.4425,4035.4741,4075.4301
105027000,4055.7339,6981100,68727200,9094895500,133193567300,4062.4425,4062.4425,4035.4741,4075.4301
105032000,4056.1697,5878400,60440500,9100773900,133254007800,4062.4425,4062.4425,4035.4741,4075.4301
105037000,4056.5107,3828600,51937700,9104602500,133305945500,4062.4425,4062.4425,4035.4741,4075.4301
105042000,4055.9606,5530100,53884200,9110132600,133359829700,4062.4425,4062.4425,4035.4741,4075.4301
105047000,4056.5028,3267800,41265200,9113400400,133401094900,4062.4425,4062.4425,4035.4741,4075.4301
105052000,4056.1334,4381700,69613100,9117782100,133470708000,4062.4425,4062.4425,4035.4741,4075.4301
105057000,4056.6917,5750600,66856400,9123532700,133537564400,4062.4425,4062.4425,4035.4741,4075.4301
105102000,4056.8791,5022600,71541700,9128555300,133609106100,4062.4425,4062.4425,4035.4741,4075.4301
105107000,4056.9969,4791400,46685100,9133346700,133655791200,4062.4425,4062.4425,4035.4741,4075.4301
105112000,4057.3203,6034100,57301800,9139380800,133713093000,4062.4425,4062.4425,4035.4741,4075.4301
105117000,4056.9386,3056700,37331900,9142437500,133750424900,4062.4425,4062.4425,4035.4741,4075.4301
105122000,4057.3876,4372100,49328500,9146809600,133799753400,4062.4425,4062.4425,4035.4741,4075.4301
105127000,4057.279,7047100,68561700,9153856700,133868315100,4062.4425,4062.4425,4035.4741,4075.4301
105132000,4056.9897,4330800,49623400,9158187500,133917938500,4062.4425,4062.4425,4035.4741,4075.4301
105137000,4057.2613,3107700,46154500,9161295200,133964093000,4062.4425,4062.4425,4035.4741,4075.4301
105142000,4057.1411,4294100,58953400,9165589300,134023046400,4062.4425,4062.4425,4035.4741,4075.4301
105147000,4057.9766,4517200,46297700,9170106500,134069344100,4062.4425,4062.4425,4035.4741,4075.4301
105152000,4056.7562,3490700,49809600,9173597200,134119153700,4062.4425,4062.4425,4035.4741,4075.4301
105157000,4057.266,4766400,59603900,9178363600,134178757600,4062.4425,4062.4425,4035.4741,4075.4301
105202000,4057.3419,6076300,68800900,9184439900,134247558500,4062.4425,4062.4425,4035.4741,4075.4301
105207000,4057.2523,3874200,53135500,9188314100,134300694000,4062.4425,4062.4425,4035.4741,4075.4301
105212000,4057.6032,5987000,58586800,9194301100,134359280800,4062.4425,4062.4425,4035.4741,4075.4301
105217000,4057.0548,4900800,45999200,9199201900,134405280000,4062.4425,4062.4425,4035.4741,4075.4301
105222000,4057.2142,4602700,60398300,9203804600,134465678300,4062.4425,4062.4425,4035.4741,4075.4301
105227000,4056.6575,6889100,84638000,9210693700,134550316300,4062.4425,4062.4425,4035.4741,4075.4301
105232000,4056.2195,6340700,93758000,9217034400,134644074300,4062.4425,4062.4425,4035.4741,4075.4301
105237000,4056.2477,5871200,58542300,9222905600,134702616600,4062.4425,4062.4425,4035.4741,4075.4301
105242000,4056.2172,5195300,71636000,9228100900,134774252600,4062.4425,4062.4425,4035.4741,4075.4301
105247000,4057.0036,4865800,45936200,9232966700,134820188800,4062.4425,4062.4425,4035.4741,4075.4301
105252000,4056.3689,3645500,58202800,9236612200,134878391600,4062.4425,4062.4425,4035.4741,4075.4301
105257000,4056.3487,5674400,75122400,9242286600,134953514000,4062.4425,4062.4425,4035.4741,4075.4301
105302000,4056.8173,4930500,61154800,9247217100,135014668800,4062.4425,4062.4425,4035.4741,4075.4301
105307000,4056.6599,3010800,42090800,9250227900,135056759600,4062.4425,4062.4425,4035.4741,4075.4301
105312000,4057.1379,5204600,64203300,9255432500,135120962900,4062.4425,4062.4425,4035.4741,4075.4301
105317000,4057.344,3297500,43024400,9258730000,135163987300,4062.4425,4062.4425,4035.4741,4075.4301
105322000,4056.525,3227400,43701000,9261957400,135207688300,4062.4425,4062.4425,4035.4741,4075.4301
105327000,4056.4924,4096000,55396600,9266053400,135263084900,4062.4425,4062.4425,4035.4741,4075.4301
105332000,4056.1637,5071100,66669000,9271124500,135329753900,4062.4425,4062.4425,4035.4741,4075.4301
105337000,4056.6519,2886800,36170800,9274011300,135365924700,4062.4425,4062.4425,4035.4741,4075.4301
105342000,4056.7272,4508100,63219900,9278519400,135429144600,4062.4425,4062.4425,4035.4741,4075.4301
105347000,4057.0564,4839400,44862800,9283358800,135474007400,4062.4425,4062.4425,4035.4741,4075.4301
105352000,4056.4804,4327300,51682100,9287686100,135525689500,4062.4425,4062.4425,4035.4741,4075.4301
105357000,4056.0697,3525000,51846700,9291211100,135577536200,4062.4425,4062.4425,4035.4741,4075.4301
105402000,4056.785,3758800,50354700,9294969900,135627890900,4062.4425,4062.4425,4035.4741,4075.4301
105407000,4056.2664,2581500,32661000,9297551400,135660551900,4062.4425,4062.4425,4035.4741,4075.4301
105412000,4057.0837,4456900,58890500,9302008300,135719442400,4062.4425,4062.4425,4035.4741,4075.4301
105417000,4056.4892,3208000,41204800,9305216300,135760647200,4062.4425,4062.4425,4035.4741,4075.4301
105422000,4056.8853,3155700,49670700,9308372000,135810317900,4062.4425,4062.4425,4035.4741,4075.4301
105427000,4056.3676,5782900,66711800,9314154900,135877029700,4062.4425,4062.4425,4035.4741,4075.4301
105432000,4056.4949,3235300,42916800,9317390200,135919946500,4062.4425,4062.4425,4035.4741,4075.4301
105437000,4056.3266,3506000,50474600,9320896200,135970421100,4062.4425,4062.4425,4035.4741,4075.4301
105442000,4055.7273,4237500,62118900,9325133700,136032540000,4062.4425,4062.4425,4035.4741,4075.4301
105447000,4056.531,3660100,47728600,9328793800,136080268600,4062.4425,4062.4425,4035.4741,4075.4301
105452000,4056.3251,2898800,46011200,9331692600,136126279800,4062.4425,4062.4425,4035.4741,4075.4301
105457000,4056.0672,5099400,71226300,9336792000,136197506100,4062.4425,4062.4425,4035.4741,4075.4301
105502000,4056.3748,3492400,48941300,9340284400,136246447400,4062.4425,4062.4425,4035.4741,4075.4301
105507000,4056.3754,2813200,40585500,9343097600,136287032900,4062.4425,4062.4425,4035.4741,4075.4301
105512000,4056.6062,3851600,48242300,9346949200,136335275200,4062.4425,4062.4425,4035.4741,4075.4301
105517000,4056.5727,3757100,45891400,9350706300,136381166600,4062.4425,4062.4425,4035.4741,4075.4301
105522000,4057.6426,5800200,76207400,9356506500,136457374000,4062.4425,4062.4425,4035.4741,4075.4301
105527000,4057.9256,7980400,106911100,9364486900,136564285100,4062.4425,4062.4425,4035.4741,4075.4301
105532000,4059.1564,7819700,103287400,9372306600,136667572500,4062.4425,4062.4425,4035.4741,4075.4301
105537000,4059.6695,5351800,86479100,9377658400,136754051600,4062.4425,4062.4425,4035.4741,4075.4301
105542000,4060.2031,8900800,102309000,9386559200,136856360600,4062.4425,4062.4425,4035.4741,4075.4301
105547000,4061.1196,9450400,80086100,9396009600,136936446700,4062.4425,4062.4425,4035.4741,4075.4301
105552000,4062.2855,17721800,133173000,9413731400,137069619700,4062.4425,4062.4425,4035.4741,4075.4301
105557000,4061.9947,12834400,111111000,9426565800,137180730700,4062.4425,4062.6169,4035.4741,4075.4301
105602000,4062.7878,14764300,122462200,9441330100,137303192900,4062.4425,4063.0448,4035.4741,4075.4301
105607000,4063.0764,4709400,60824400,9446039500,137364017300,4062.4425,4063.1498,4035.4741,4075.4301
105612000,4063.7551,11236200,104757800,9457275700,137468775100,4062.4425,4064.0536,4035.4741,4075.4301
105617000,4064.4658,7997900,87644800,9465273600,137556419900,4062.4425,4064.4658,4035.4741,4075.4301
105622000,4064.9763,11470900,101136800,9476744500,137657556700,4062.4425,4064.9763,4035.4741,4075.4301
105627000,4065.0372,11111300,104948700,9487855800,137762505400,4062.4425,4065.0372,4035.4741,4075.4301
105632000,4065.1973,7848300,95278200,9495704100,137857783600,4062.4425,4065.1973,4035.4741,4075.4301
105637000,4064.9014,4951600,62558100,9500655700,137920341700,4062.4425,4065.1991,4035.4741,4075.4301
105642000,4065.6585,8520900,88792000,9509176600,138009133700,4062.4425,4065.6585,4035.4741,4075.4301
105647000,4065.6767,5696800,59188200,9514873400,138068321900,4062.4425,4065.6767,4035.4741,4075.4301
105652000,4065.7264,6424600,71294400,9521298000,138139616300,4062.4425,4065.8074,4035.4741,4075.4301
105657000,4065.9022,8265600,99939400,9529563600,138239555700,4062.4425,4066.0025,4035.4741,4075.4301
105702000,4066.027,6399700,92991100,9535963300,138332546800,4062.4425,4066.027,4035.4741,4075.4301
105707000,4066.2317,5784600,69554200,9541747900,138402101000,4062.4425,4066.2317,4035.4741,4075.4301
105712000,4065.2338,10308800,128938700,9552056700,138531039700,4062.4425,4066.2317,4035.4741,4075.4301
105717000,4064.4411,9299700,106266800,9561356400,138637306500,4062.4425,4066.2317,4035.4741,4075.4301
105722000,4063.8443,6971200,95717300,9568327600,138733023800,4062.4425,4066.2317,4035.4741,4075.4301
105727000,4061.5478,11880100,153783000,9580207700,138886806800,4062.4425,4066.2317,4035.4741,4075.4301
105732000,4061.2447,12210300,129286200,9592418000,139016093000,4062.4425,4066.2317,4035.4741,4075.4301
105737000,4060.7291,4817200,74621900,9597235200,139090714900,4062.4425,4066.2317,4035.4741,4075.4301
105742000,4060.9961,8655700,105375500,9605890900,139196090400,4062.4425,4066.2317,4035.4741,4075.4301
105747000,4061.2266,4710100,64628200,9610601000,139260718600,4062.4425,4066.2317,4035.4741,4075.4301
105752000,4060.3704,5552600,81108800,9616153600,139341827400,4062.4425,4066.2317,4035.4741,4075.4301
105757000,4059.4802,7024800,80129200,9623178400,139421956600,4062.4425,4066.2317,4035.4741,4075.4301
105802000,4059.5274,4293500,58490200,9627471900,139480446800,4062.4425,4066.2317,4035.4741,4075.4301
105807000,4059.0422,4390000,55936300,9631861900,139536383100,4062.4425,4066.2317,4035.4741,4075.4301
105812000,4058.8176,6289400,65683000,9638151300,139602066100,4062.4425,4066.2317,4035.4741,4075.4301
105817000,4059.4387,4013700,43366300,9642165000,139645432400,4062.4425,4066.2317,4035.4741,4075.4301
105822000,4059.2024,4730800,71548600,9646895800,139716981000,4062.4425,4066.2317,4035.4741,4075.4301
105827000,4059.7202,4064500,53911200,9650960300,139770892200,4062.4425,4066.2317,4035.4741,4075.4301
105832000,4059.1492,3503200,48667500,9654463500,139819559700,4062.4425,4066.2317,4035.4741,4075.4301
105837000,4059.8336,2879200,39997200,9657342700,139859556900,4062.4425,4066.2317,4035.4741,4075.4301
105842000,4059.2535,3848100,54442900,9661190800,139913999800,4062.4425,4066.2317,4035.4741,4075.4301
105847000,4059.7607,2099800,32399600,9663290600,139946399400,4062.4425,4066.2317,4035.4741,4075.4301
105852000,4059.8237,6416500,65747100,9669707100,140012146500,4062.4425,4066.2317,4035.4741,4075.4301
105857000,4059.5489,4499200,62262200,9674206300,140074408700,4062.4425,4066.2317,4035.4741,4075.4301
105902000,4059.46,7311100,67452800,9681517400,140141861500,4062.4425,4066.2317,4035.4741,4075.4301
105907000,4059.8883,3067200,46381900,9684584600,140188243400,4062.4425,4066.2317,4035.4741,4075.4301
105912000,4059.7462,3296500,47260000,9687881100,140235503400,4062.4425,4066.2317,4035.4741,4075.4301
105917000,4059.8976,4422600,47953800,9692303700,140283457200,4062.4425,4066.2317,4035.4741,4075.4301
105922000,4060.2333,7866800,72987000,9700170500,140356444200,4062.4425,4066.2317,4035.4741,4075.4301
105927000,4060.0809,4401900,62479400,9704572400,140418923600,4062.4425,4066.2317,4035.4741,4075.4301
105932000,4060.3095,5504600,61920700,9710077000,140480844300,4062.4425,4066.2317,4035.4741,4075.4301
105937000,4059.8872,4322500,52428400,9714399500,140533272700,4062.4425,4066.2317,4035.4741,4075.4301
105942000,4060.3412,9229500,75248400,9723629000,140608521100,4062.4425,4066.2317,4035.4741,4075.4301
105947000,4059.872,3005400,41009000,9726634400,140649530100,4062.4425,4066.2317,4035.4741,4075.4301
105952000,4060.2773,4386800,60935000,9731021200,140710465100,4062.4425,4066.2317,4035.4741,4075.4301
105957000,4060.5217,6813500,68873800,9737834700,140779338900,4062.4425,4066.2317,4035.4741,4075.4301
110002000,4060.8253,7100200,62833600,9744934900,140842172500,4062.4425,4066.2317,4035.4741,4075.4301
110007000,4060.3555,3353200,37306700,9748288100,140879479200,4062.4425,4066.2317,4035.4741,4075.4301
110012000,4060.9292,6649200,75280600,9754937300,140954759800,4062.4425,4066.2317,4035.4741,4075.4301
110017000,4061.1901,4045000,46420200,9758982300,141001180000,4062.4425,4066.2317,4035.4741,4075.4301
110022000,4061.8297,7684600,62779400,9766666900,141063959400,4062.4425,4066.2317,4035.4741,4075.4301
110027000,4061.5089,8810400,74390200,9775477300,141138349600,4062.4425,4066.2317,4035.4741,4075.4301
110032000,4060.8852,6169600,67288700,9781646900,141205638300,4062.4425,4066.2317,4035.4741,4075.4301
110037000,4061.6569,3772800,41969200,9785419700,141247607500,4062.4425,4066.2317,4035.4741,4075.4301
110042000,4060.7694,4201500,62950000,9789621200,141310557500,4062.4425,4066.2317,4035.4741,4075.4301
110047000,4061.7374,2987700,53161700,9792608900,141363719200,4062.4425,4066.2317,4035.4741,4075.4301
110052000,4061.1275,3717300,58245000,9796326200,141421964200,4062.4425,4066.2317,4035.4741,4075.4301
110057000,4061.4451,3560100,73587500,9799886300,141495551700,4062.4425,4066.2317,4035.4741,4075.4301
110102000,4061.6353,3985300,60839000,9803871600,141556390700,4062.4425,4066.2317,4035.4741,4075.4301
110107000,4062.2193,3274100,44629400,9807145700,141601020100,4062.4425,4066.2317,4035.4741,4075.4301
110112000,4062.075,5438100,75081700,9812583800,141676101800,4062.4425,4066.2317,4035.4741,4075.4301
110117000,4062.4121,2809600,42265600,9815393400,141718367400,4062.4425,4066.2317,4035.4741,4075.4301
110122000,4062.548,2822400,55124600,9818215800,141773492000,4062.4425,4066.2317,4035.4741,4075.4301
110127000,4062.3064,4331000,55414200,9822546800,141828906200,4062.4425,4066.2317,4035.4741,4075.4301
110132000,4063.2279,4575200,69241300,9827122000,141898147500,4062.4425,4066.2317,4035.4741,4075.4301
110137000,4062.6255,2630700,41443500,9829752700,141939591000,4062.4425,4066.2317,4035.4741,4075.4301
110142000,4063.1936,4616900,62458700,9834369600,142002049700,4062.4425,4066.2317,4035.4741,4075.4301
110147000,4062.855,4032000,44781400,9838401600,142046831100,4062.4425,4066.2317,4035.4741,4075.4301
110152000,4062.6314,8356700,73930100,9846758300,142120761200,4062.4425,4066.2317,4035.4741,4075.4301
110157000,4062.4289,6029500,73153500,9852787800,142193914700,4062.4425,4066.2317,4035.4741,4075.4301
110202000,4062.5506,5482800,73375000,9858270600,142267289700,4062.4425,4066.2317,4035.4741,4075.4301
110207000,4062.1263,3183400,44783900,9861454000,142312073600,4062.4425,4066.2317,4035.4741,4075.4301
110212000,4061.937,4721100,64565700,9866175100,142376639300,4062.4425,4066.2317,4035.4741,4075.4301
110217000,4062.5306,2836300,47956000,9869011400,142424595300,4062.4425,4066.2317,4035.4741,4075.4301
110222000,4062.8152,7355600,69511400,9876367000,142494106700,4062.4425,4066.2317,4035.4741,4075.4301
110227000,4062.4709,8590700,85838700,9884957700,142579945400,4062.4425,4066.2317,4035.4741,4075.4301
110232000,4062.3253,6098000,65098700,9891055700,142645044100,4062.4425,4066.2317,4035.4741,4075.4301
110237000,4062.6434,6383100,56002700,9897438800,142701046800,4062.4425,4066.2317,4035.4741,4075.4301
110242000,4062.7307,8355200,74576500,9905794000,142775623300,4062.4425,4066.2317,4035.4741,4075.4301
110247000,4062.7534,2585700,40327400,9908379700,142815950700,4062.4425,4066.2317,4035.4741,4075.4301
110252000,4062.8093,5796800,61122500,9914176500,142877073200,4062.4425,4066.2317,4035.4741,4075.4301
110257000,4062.6917,6791600,70939100,9920968100,142948012300,4062.4425,4066.2317,4035.4741,4075.4301
110302000,4063.0177,5863000,64875400,9926831100,143012887700,4062.4425,4066.2317,4035.4741,4075.4301
110307000,4062.8416,3548000,48573700,9930379100,143061461400,4062.4425,4066.2317,4035.4741,4075.4301
110312000,4063.4756,5279000,61949000,9935658100,143123410400,4062.4425,4066.2317,4035.4741,4075.4301
110317000,4063.0126,5794100,60983200,9941452200,143184393600,4062.4425,4066.2317,4035.4741,4075.4301
110322000,4062.4768,6463800,66890400,9947916000,143251284000,4062.4425,4066.2317,4035.4741,4075.4301
110327000,4062.5368,6522000,72690700,9954438000,143323974700,4062.4425,4066.2317,4035.4741,4075.4301
110332000,4061.9123,8778200,92171100,9963216200,143416145800,4062.4425,4066.2317,4035.4741,4075.4301
110337000,4061.338,5365200,71758400,9968581400,143487904200,4062.4425,4066.2317,4035.4741,4075.4301
110342000,4060.9429,8017400,85057700,9976598800,143572961900,4062.4425,4066.2317,4035.4741,4075.4301
110347000,4060.3398,3762000,46985700,9980360800,143619947600,4062.4425,4066.2317,4035.4741,4075.4301
110352000,4060.798,7207100,92381100,9987567900,143712328700,4062.4425,4066.2317,4035.4741,4075.4301
110357000,4060.5328,6584000,73890100,9994151900,143786218800,4062.4425,4066.2317,4035.4741,4075.4301
110402000,4060.79,5430500,67610400,9999582400,143853829200,4062.4425,4066.2317,4035.4741,4075.4301
110407000,4060.8181,2708600,36865500,10002291000,143890694700,4062.4425,4066.2317,4035.4741,4075.4301
110412000,4060.811,5885000,76586200,10008176000,143967280900,4062.4425,4066.2317,4035.4741,4075.4301
110417000,4060.6847,5553000,48822500,10013729000,144016103400,4062.4425,4066.2317,4035.4741,4075.4301
110422000,4060.5327,5538600,62148400,10019267600,144078251800,4062.4425,4066.2317,4035.4741,4075.4301
110427000,4060.3149,5739800,70438300,10025007400,144148690100,4062.4425,4066.2317,4035.4741,4075.4301
110432000,4060.3576,6016700,62075300,10031024100,144210765400,4062.4425,4066.2317,4035.4741,4075.4301
110437000,4060.3508,2764900,41882900,10033789000,144252648300,4062.4425,4066.2317,4035.4741,4075.4301
110442000,4060.6314,4491300,64752500,10038280300,144317400800,4062.4425,4066.2317,4035.4741,4075.4301
110447000,4060.5607,3319900,40057200,10041600200,144357458000,4062.4425,4066.2317,4035.4741,4075.4301
110452000,4060.707,4130900,50092200,10045731100,144407550200,4062.4425,4066.2317,4035.4741,4075.4301
110457000,4060.4332,4684500,54553000,10050415600,144462103200,4062.4425,4066.2317,4035.4741,4075.4301
110502000,4060.6178,4437600,50339100,10054853200,144512442300,4062.4425,4066.2317,4035.4741,4075.4301
110507000,4060.4233,2165400,32019300,10057018600,144544461600,4062.4425,4066.2317,4035.4741,4075.4301
110512000,4060.5292,4567900,73082500,10061586500,144617544100,4062.4425,4066.2317,4035.4741,4075.4301
110517000,4060.6617,4320600,48352200,10065907100,144665896300,4062.4425,4066.2317,4035.4741,4075.4301
110522000,4061.122,3829700,45707900,10069736800,144711604200,4062.4425,4066.2317,4035.4741,4075.4301
110527000,4061.4252,7070000,96553100,10076806800,144808157300,4062.4425,4066.2317,4035.4741,4075.4301
110532000,4062.0928,5464100,82468100,10082270900,144890625400,4062.4425,4066.2317,4035.4741,4075.4301
110537000,4062.8344,5557400,71582700,10087828300,144962208100,4062.4425,4066.2317,4035.4741,4075.4301
110542000,4063.9259,8880400,109976200,10096708700,145072184300,4062.4425,4066.2317,4035.4741,4075.4301
110547000,4064.9252,7471100,109371100,10104179800,145181555400,4062.4425,4066.2317,4035.4741,4075.4301
110552000,4065.9774,5342200,77725900,10109522000,145259281300,4062.4425,4066.2317,4035.4741,4075.4301
110557000,4066.0368,7744000,107607900,10117266000,145366889200,4062.4425,4066.3711,4035.4741,4075.4301
110602000,4065.7976,13090000,115912800,10130356000,145482802000,4062.4425,4066.8539,4035.4741,4075.4301
110607000,4066.4819,3956600,56464400,10134312600,145539266400,4062.4425,4066.8539,4035.4741,4075.4301
110612000,4067.135,13046700,145224500,10147359300,145684490900,4062.4425,4067.2844,4035.4741,4075.4301
110617000,4067.4792,4785600,50478400,10152144900,145734969300,4062.4425,4067.4792,4035.4741,4075.4301
110622000,4067.3379,4465600,60814100,10156610500,145795783400,4062.4425,4067.4792,4035.4741,4075.4301
110627000,4067.1671,8630000,80117400,10165240500,145875900800,4062.4425,4067.4792,4035.4741,4075.4301
110632000,4067.7377,5739200,63745200,10170979700,145939646000,4062.4425,4067.7377,4035.4741,4075.4301
110637000,4067.2649,5117000,60451900,10176096700,146000097900,4062.4425,4067.7377,4035.4741,4075.4301
110642000,4067.6084,8830600,98388500,10184927300,146098486400,4062.4425,4067.7377,4035.4741,4075.4301
110647000,4067.3869,4826000,51878700,10189753300,146150365100,4062.4425,4067.7377,4035.4741,4075.4301
110652000,4067.7503,4796800,63178100,10194550100,146213543200,4062.4425,4067.8316,4035.4741,4075.4301
110657000,4067.8202,7500300,89995100,10202050400,146303538300,4062.4425,4067.8316,4035.4741,4075.4301
110702000,4067.9149,6740000,71984500,10208790400,146375522800,4062.4425,4068.3455,4035.4741,4075.4301
110707000,4067.5695,3837100,50315100,10212627500,146425837900,4062.4425,4068.3455,4035.4741,4075.4301
110712000,4067.8055,9224100,94607300,10221851600,146520445200,4062.4425,4068.3455,4035.4741,4075.4301
110717000,4067.8857,4193000,64383700,10226044600,146584828900,4062.4425,4068.3455,4035.4741,4075.4301
110722000,4067.9045,10484200,80218200,10236528800,146665047100,4062.4425,4068.3455,4035.4741,4075.4301
110727000,4067.7523,22054200,144927600,10258583000,146809974700,4062.4425,4068.5152,4035.4741,4075.4301
110732000,4068.4143,5608900,59058600,10264191900,146869033300,4062.4425,4068.5152,4035.4741,4075.4301
110737000,4068.3768,3594400,47933400,10267786300,146916966700,4062.4425,4068.5152,4035.4741,4075.4301
110742000,4068.8372,9713300,86987300,10277499600,147003954000,4062.4425,4069.0242,4035.4741,4075.4301
110747000,4069.1644,5437100,50911500,10282936700,147054865500,4062.4425,4069.1753,4035.4741,4075.4301
110752000,4069.2991,7246600,75597400,10290183300,147130462900,4062.4425,4069.3758,4035.4741,4075.4301
110757000,4069.4061,8968200,91164700,10299151500,147221627600,4062.4425,4069.4061,4035.4741,4075.4301
110802000,4069.1571,9548700,82883900,10308700200,147304511500,4062.4425,4069.4223,4035.4741,4075.4301
110807000,4069.4451,5777900,52535500,10314478100,147357047000,4062.4425,4069.4451,4035.4741,4075.4301
110812000,4069.0816,6904600,77767200,10321382700,147434814200,4062.4425,4069.4451,4035.4741,4075.4301
110817000,4069.6397,5012200,50192100,10326394900,147485006300,4062.4425,4069.6397,4035.4741,4075.4301
110822000,4069.1268,5984900,75438700,10332379800,147560445000,4062.4425,4069.6397,4035.4741,4075.4301
110827000,4069.2037,7905400,93624200,10340285200,147654069200,4062.4425,4069.798,4035.4741,4075.4301
110832000,4069.9929,7740000,76328600,10348025200,147730397800,4062.4425,4070.0926,4035.4741,4075.4301
110837000,4070.0175,3561700,43284400,10351586900,147773682200,4062.4425,4070.0926,4035.4741,4075.4301
110842000,4069.8418,6246900,82601000,10357833800,147856283200,4062.4425,4070.0926,4035.4741,4075.4301
110847000,4070.2217,4741200,66595500,10362575000,147922878700,4062.4425,4070.2217,4035.4741,4075.4301
110852000,4070.65,4499300,81517000,10367074300,148004395700,4062.4425,4070.65,4035.4741,4075.4301
110857000,4070.6964,6842000,96378100,10373916300,148100773800,4062.4425,4070.6964,4035.4741,4075.4301
110902000,4070.8023,6591500,83005800,10380507800,148183779600,4062.4425,4070.843,4035.4741,4075.4301
110907000,4070.9426,4074400,49575300,10384582200,148233354900,4062.4425,4070.9426,4035.4741,4075.4301
110912000,4071.1248,7592200,92945200,10392174400,148326300100,4062.4425,4071.1248,4035.4741,4075.4301
110917000,4070.8161,3548900,50659500,10395723300,148376959600,4062.4425,4071.1248,4035.4741,4075.4301
110922000,4070.965,6283700,107775500,10402007000,148484735100,4062.4425,4071.1248,4035.4741,4075.4301
110927000,4071.2257,9726900,129377400,10411733900,148614112500,4062.4425,4071.2257,4035.4741,4075.4301
110932000,4071.3895,5835300,135556200,10417569200,148749668700,4062.4425,4071.3895,4035.4741,4075.4301
110937000,4071.2405,4204900,71112700,10421774100,148820781400,4062.4425,4071.3895,4035.4741,4075.4301
110942000,4071.9377,5643400,82149000,10427417500,148902930400,4062.4425,4071.9377,4035.4741,4075.4301
110947000,4072.0764,5117500,71990400,10432535000,148974920800,4062.4425,4072.0764,4035.4741,4075.4301
110952000,4071.4997,5832200,79320600,10438367200,149054241400,4062.4425,4072.0764,4035.4741,4075.4301
110957000,4072.1842,5682500,104719100,10444049700,149158960500,4062.4425,4072.1842,4035.4741,4075.4301
111002000,4072.0241,5940600,83878400,10449990300,149242838900,4062.4425,4072.1842,4035.4741,4075.4301
111007000,4072.4219,3181000,51715000,10453171300,149294553900,4062.4425,4072.4219,4035.4741,4075.4301
111012000,4072.4287,6284800,102093900,10459456100,149396647800,4062.4425,4072.5767,4035.4741,4075.4301
111017000,4072.4683,3752900,56696300,10463209000,149453344100,4062.4425,4073.0277,4035.4741,4075.4301
111022000,4072.5828,4241900,67077400,10467450900,149520421500,4062.4425,4073.0277,4035.4741,4075.4301
111027000,4072.4876,5981500,88421300,10473432400,149608842800,4062.4425,4073.4453,4035.4741,4075.4301
111032000,4073.1823,5395000,77709200,10478827400,149686552000,4062.4425,4073.4453,4035.4741,4075.4301
111037000,4073.2892,3358900,48696600,10482186300,149735248600,4062.4425,4073.4453,4035.4741,4075.4301
111042000,4073.3744,8588500,95863700,10490774800,149831112300,4062.4425,4073.501,4035.4741,4075.4301
111047000,4073.3036,6824600,76483500,10497599400,149907595800,4062.4425,4073.501,4035.4741,4075.4301
111052000,4073.4528,4968900,75358400,10502568300,149982954200,4062.4425,4073.501,4035.4741,4075.4301
111057000,4073.535,5592600,79917600,10508160900,150062871800,4062.4425,4073.535,4035.4741,4075.4301
111102000,4073.5997,5625900,75769200,10513786800,150138641000,4062.4425,4073.652,4035.4741,4075.4301
111107000,4073.4904,4324300,66175200,10518111100,150204816200,4062.4425,4073.652,4035.4741,4075.4301
111112000,4073.076,6216400,108955800,10524327500,150313772000,4062.4425,4073.652,4035.4741,4075.4301
111117000,4072.3072,4722400,66290200,10529049900,150380062200,4062.4425,4073.652,4035.4741,4075.4301
111122000,4071.425,6092000,102670400,10535141900,150482732600,4062.4425,4073.652,4035.4741,4075.4301
111127000,4071.859,7222300,103074200,10542364200,150585806800,4062.4425,4073.652,4035.4741,4075.4301
111132000,4070.429,6995600,102031200,10549359800,150687838000,4062.4425,4073.652,4035.4741,4075.4301
111137000,4070.4899,6554600,76806700,10555914400,150764644700,4062.4425,4073.652,4035.4741,4075.4301
111142000,4070.0746,7172100,107635900,10563086500,150872280600,4062.4425,4073.652,4035.4741,4075.4301
111147000,4069.6599,4349600,55269300,10567436100,150927549900,4062.4425,4073.652,4035.4741,4075.4301
111152000,4069.2128,5780700,80411700,10573216800,151007961600,4062.4425,4073.652,4035.4741,4075.4301
111157000,4069.0588,5876500,75788500,10579093300,151083750100,4062.4425,4073.652,4035.4741,4075.4301
111202000,4068.8753,5439400,71172000,10584532700,151154922100,4062.4425,4073.652,4035.4741,4075.4301
111207000,4068.8186,3918900,61766000,10588451600,151216688100,4062.4425,4073.652,4035.4741,4075.4301
111212000,4069.0005,4715100,65228000,10593166700,151281916100,4062.4425,4073.652,4035.4741,4075.4301
111217000,4068.5046,4195200,49382600,10597361900,151331298700,4062.4425,4073.652,4035.4741,4075.4301
111222000,4069.0106,4335200,57160700,10601697100,151388459400,4062.4425,4073.652,4035.4741,4075.4301
111227000,4068.534,10782600,81664000,10612479700,151470123400,4062.4425,4073.652,4035.4741,4075.4301
111232000,4068.9339,10500100,76973900,10622979800,151547097300,4062.4425,4073.652,4035.4741,4075.4301
111237000,4068.9452,6482700,48523600,10629462500,151595620900,4062.4425,4073.652,4035.4741,4075.4301
111242000,4068.9028,5689300,71454400,10635151800,151667075300,4062.4425,4073.652,4035.4741,4075.4301
111247000,4068.9086,3986600,50058600,10639138400,151717133900,4062.4425,4073.652,4035.4741,4075.4301
111252000,4069.2894,3703200,50282400,10642841600,151767416300,4062.4425,4073.652,4035.4741,4075.4301
111257000,4069.3445,8672500,88293500,10651514100,151855709800,4062.4425,4073.652,4035.4741,4075.4301
111302000,4068.9747,4973500,67472100,10656487600,151923181900,4062.4425,4073.652,4035.4741,4075.4301
111307000,4069.472,2213900,36777100,10658701500,151959959000,4062.4425,4073.652,4035.4741,4075.4301
111312000,4069.4791,5146000,72377900,10663847500,152032336900,4062.4425,4073.652,4035.4741,4075.4301
111317000,4069.3913,3193000,41046000,10667040500,152073382900,4062.4425,4073.652,4035.4741,4075.4301
111322000,4069.3087,5175500,52189300,10672216000,152125572200,4062.4425,4073.652,4035.4741,4075.4301
111327000,4069.2189,5519600,65287700,10677735600,152190859900,4062.4425,4073.652,4035.4741,4075.4301
111332000,4069.1624,3396900,54873500,10681132500,152245733400,4062.4425,4073.652,4035.4741,4075.4301
111337000,4069.2066,3536100,43615100,10684668600,152289348500,4062.4425,4073.652,4035.4741,4075.4301
111342000,4069.6165,4602700,65435400,10689271300,152354783900,4062.4425,4073.652,4035.4741,4075.4301
111347000,4069.9522,3249300,39161000,10692520600,152393944900,4062.4425,4073.652,4035.4741,4075.4301
111352000,4070.2159,4086100,66406800,10696606700,152460351700,4062.4425,4073.652,4035.4741,4075.4301
111357000,4069.6708,4770300,60214800,10701377000,152520566500,4062.4425,4073.652,4035.4741,4075.4301
111402000,4070.1268,4186200,67699900,10705563200,152588266400,4062.4425,4073.652,4035.4741,4075.4301
111407000,4070.3261,3082900,37635400,10708646100,152625901800,4062.4425,4073.652,4035.4741,4075.4301
111412000,4070.4157,5519500,77774800,10714165600,152703676600,4062.4425,4073.652,4035.4741,4075.4301
111417000,4070.1948,3018000,42216100,10717183600,152745892700,4062.4425,4073.652,4035.4741,4075.4301
111422000,4069.8603,3274600,49805600,10720458200,152795698300,4062.4425,4073.652,4035.4741,4075.4301
111427000,4069.8862,5061800,86488500,10725520000,152882186800,4062.4425,4073.652,4035.4741,4075.4301
111432000,4070.0013,3395400,54407300,10728915400,152936594100,4062.4425,4073.652,4035.4741,4075.4301
111437000,4070.1722,3530700,45474700,10732446100,152982068800,4062.4425,4073.652,4035.4741,4075.4301
111442000,4070.2189,3828700,68120600,10736274800,153050189400,4062.4425,4073.652,4035.4741,4075.4301
111447000,4069.8083,3555000,70743400,10739829800,153120932800,4062.4425,4073.652,4035.4741,4075.4301
111452000,4070.3944,3548200,78062600,10743378000,153198995400,4062.4425,4073.652,4035.4741,4075.4301
111457000,4070.1587,4774400,116282000,10748152400,153315277400,4062.4425,4073.652,4035.4741,4075.4301
111502000,4069.9585,3485000,83353600,10751637400,153398631000,4062.4425,4073.652,4035.4741,4075.4301
111507000,4069.5342,3696700,57664800,10755334100,153456295800,4062.4425,4073.652,4035.4741,4075.4301
111512000,4069.3946,5750600,107985500,10761084700,153564281300,4062.4425,4073.652,4035.4741,4075.4301
111517000,4068.7989,3407200,44848400,10764491900,153609129700,4062.4425,4073.652,4035.4741,4075.4301
111522000,4068.5861,4192400,64769400,10768684300,153673899100,4062.4425,4073.652,4035.4741,4075.4301
111527000,4069.002,6658600,96831800,10775342900,153770730900,4062.4425,4073.652,4035.4741,4075.4301
111532000,4068.5284,6776100,93980700,10782119000,153864711600,4062.4425,4073.652,4035.4741,4075.4301
111537000,4068.6241,3047300,37189900,10785166300,153901901500,4062.4425,4073.652,4035.4741,4075.4301
111542000,4068.4367,5607600,66869900,10790773900,153968771400,4062.4425,4073.652,4035.4741,4075.4301
111547000,4068.6189,2706400,44703000,10793480300,154013474400,4062.4425,4073.652,4035.4741,4075.4301
111552000,4068.0853,4293500,66942100,10797773800,154080416500,4062.4425,4073.652,4035.4741,4075.4301
111557000,4067.7603,5331000,94316600,10803104800,154174733100,4062.4425,4073.652,4035.4741,4075.4301
111602000,4067.7153,5357800,79729800,10808462600,154254462900,4062.4425,4073.652,4035.4741,4075.4301
111607000,4067.1194,4190300,61645200,10812652900,154316108100,4062.4425,4073.652,4035.4741,4075.4301
111612000,4067.5441,4963000,70711000,10817615900,154386819100,4062.4425,4073.652,4035.4741,4075.4301
111617000,4067.1398,3596800,49178800,10821212700,154435997900,4062.4425,4073.652,4035.4741,4075.4301
111622000,4067.0413,3669800,72874900,10824882500,154508872800,4062.4425,4073.652,4035.4741,4075.4301
111627000,4066.8911,4755000,68308500,10829637500,154577181300,4062.4425,4073.652,4035.4741,4075.4301
111632000,4066.6759,4249100,84619600,10833886600,154661800900,4062.4425,4073.652,4035.4741,4075.4301
111637000,4066.8747,2316900,35174600,10836203500,154696975500,4062.4425,4073.652,4035.4741,4075.4301
111642000,4066.6484,3744700,65800300,10839948200,154762775800,4062.4425,4073.652,4035.4741,4075.4301
111647000,4067.0346,2902700,49097800,10842850900,154811873600,4062.4425,4073.652,4035.4741,4075.4301
111652000,4066.4492,4007100,59539700,10846858000,154871413300,4062.4425,4073.652,4035.4741,4075.4301
111657000,4066.5294,2544400,50795200,10849402400,154922208500,4062.4425,4073.652,4035.4741,4075.4301
111702000,4066.3014,3017300,46308800,10852419700,154968517300,4062.4425,4073.652,4035.4741,4075.4301
111707000,4066.2222,2006600,33412200,10854426300,155001929500,4062.4425,4073.652,4035.4741,4075.4301
111712000,4066.1061,4683100,61376200,10859109400,155063305700,4062.4425,4073.652,4035.4741,4075.4301
111717000,4066.1129,4267000,40170900,10863376400,155103476600,4062.4425,4073.652,4035.4741,4075.4301
111722000,4065.9006,2611400,42346200,10865987800,155145822800,4062.4425,4073.652,4035.4741,4075.4301
111727000,4065.9269,4046500,57720000,10870034300,155203542800,4062.4425,4073.652,4035.4741,4075.4301
111732000,4065.5409,2861100,39907700,10872895400,155243450500,4062.4425,4073.652,4035.4741,4075.4301
111737000,4066.0179,4143800,35809800,10877039200,155279260300,4062.4425,4073.652,4035.4741,4075.4301
111742000,4065.873,2763000,48132400,10879802200,155327392700,4062.4425,4073.652,4035.4741,4075.4301
111747000,4065.8829,2449000,29535500,10882251200,155356928200,4062.4425,4073.652,4035.4741,4075.4301
111752000,4066.0543,2577500,55408100,10884828700,155412336300,4062.4425,4073.652,4035.4741,4075.4301
111757000,4066.1888,3144300,45904500,10887973000,155458240800,4062.4425,4073.652,4035.4741,4075.4301
111802000,4065.6526,4151900,81000700,10892124900,155539241500,4062.4425,4073.652,4035.4741,4075.4301
111807000,4065.952,2571800,39749200,10894696700,155578990700,4062.4425,4073.652,4035.4741,4075.4301
111812000,4066.0476,2724900,42736700,10897421600,155621727400,4062.4425,4073.652,4035.4741,4075.4301
111817000,4065.8516,2748000,32410100,10900169600,155654137500,4062.4425,4073.652,4035.4741,4075.4301
111822000,4066.4841,3061600,43963600,10903231200,155698101100,4062.4425,4073.652,4035.4741,4075.4301
111827000,4066.0896,3080800,48466200,10906312000,155746567300,4062.4425,4073.652,4035.4741,4075.4301
111832000,4066.2787,3213800,45692600,10909525800,155792259900,4062.4425,4073.652,4035.4741,4075.4301
111837000,4066.0228,1761100,32673100,10911286900,155824933000,4062.4425,4073.652,4035.4741,4075.4301
111842000,4066.3301,3497800,58693600,10914784700,155883626600,4062.4425,4073.652,4035.4741,4075.4301
111847000,4066.3053,2135500,34302600,10916920200,155917929200,4062.4425,4073.652,4035.4741,4075.4301
111852000,4066.4429,3460900,50539900,10920381100,155968469100,4062.4425,4073.652,4035.4741,4075.4301
111857000,4066.0482,3308800,48271700,10923689900,156016740800,4062.4425,4073.652,4035.4741,4075.4301
111902000,4066.2626,3107000,44640000,10926796900,156061380800,4062.4425,4073.652,4035.4741,4075.4301
111907000,4066.29,1913200,25565900,10928710100,156086946700,4062.4425,4073.652,4035.4741,4075.4301
111912000,4066.2472,2657300,45638400,10931367400,156132585100,4062.4425,4073.652,4035.4741,4075.4301
111917000,4065.8524,2183400,36167600,10933550800,156168752700,4062.4425,4073.652,4035.4741,4075.4301
111922000,4066.0066,2584600,41879700,10936135400,156210632400,4062.4425,4073.652,4035.4741,4075.4301
111927000,4065.9381,3304400,56694300,10939439800,156267326700,4062.4425,4073.652,4035.4741,4075.4301
111932000,4066.3318,3226400,50550500,10942666200,156317877200,4062.4425,4073.652,4035.4741,4075.4301
111937000,4065.4859,1625400,42797400,10944291600,156360674600,4062.4425,4073.652,4035.4741,4075.4301
111942000,4065.4656,3888100,54419900,10948179700,156415094500,4062.4425,4073.652,4035.4741,4075.4301
111947000,4065.5756,2273800,35908200,10950453500,156451002700,4062.4425,4073.652,4035.4741,4075.4301
111952000,4065.1794,3133400,49188600,10953586900,156500191300,4062.4425,4073.652,4035.4741,4075.4301
111957000,4064.9981,4191900,56042900,10957778800,156556234200,4062.4425,4073.652,4035.4741,4075.4301
112002000,4065.1969,2693400,39440300,10960472200,156595674500,4062.4425,4073.652,4035.4741,4075.4301
112007000,4064.7707,1937400,29106400,10962409600,156624780900,4062.4425,4073.652,4035.4741,4075.4301
112012000,4064.7198,3614200,54206500,10966023800,156678987400,4062.4425,4073.652,4035.4741,4075.4301
112017000,4064.7957,2546000,33034600,10968569800,156712022000,4062.4425,4073.652,4035.4741,4075.4301
112022000,4064.6849,2408700,43728200,10970978500,156755750200,4062.4425,4073.652,4035.4741,4075.4301
112027000,4064.9982,3737300,57286700,10974715800,156813036900,4062.4425,4073.652,4035.4741,4075.4301
112032000,4064.6703,4550500,57071500,10979266300,156870108400,4062.4425,4073.652,4035.4741,4075.4301
112037000,4065.1227,2474700,35858400,10981741000,156905966800,4062.4425,4073.652,4035.4741,4075.4301
112042000,4064.9459,3916100,55802300,10985657100,156961769100,4062.4425,4073.652,4035.4741,4075.4301
112047000,4064.6423,2158000,34918000,10987815100,156996687100,4062.4425,4073.652,4035.4741,4075.4301
112052000,4064.795,3088100,39017700,10990903200,157035704800,4062.4425,4073.652,4035.4741,4075.4301
112057000,4064.6484,2676300,44975900,10993579500,157080680700,4062.4425,4073.652,4035.4741,4075.4301
112102000,4064.8897,2695200,51493300,10996274700,157132174000,4062.4425,4073.652,4035.4741,4075.4301
112107000,4064.7813,2003100,38407300,10998277800,157170581300,4062.4425,4073.652,4035.4741,4075.4301
112112000,4064.967,3051700,50966400,11001329500,157221547700,4062.4425,4073.652,4035.4741,4075.4301
112117000,4064.6536,1898500,26887900,11003228000,157248435600,4062.4425,4073.652,4035.4741,4075.4301
112122000,4064.9127,2541200,43941400,11005769200,157292377000,4062.4425,4073.652,4035.4741,4075.4301
112127000,4065.0056,3837400,54108600,11009606600,157346485600,4062.4425,4073.652,4035.4741,4075.4301
112132000,4064.64,2567400,38432200,11012174000,157384917800,4062.4425,4073.652,4035.4741,4075.4301
112137000,4065.1111,2325000,35156000,11014499000,157420073800,4062.4425,4073.652,4035.4741,4075.4301
112142000,4065.2459,3396000,57816000,11017895000,157477889800,4062.4425,4073.652,4035.4741,4075.4301
112147000,4064.9975,1899500,28170200,11019794500,157506060000,4062.4425,4073.652,4035.4741,4075.4301
112152000,4065.2743,2942300,47643100,11022736800,157553703100,4062.4425,4073.652,4035.4741,4075.4301
112157000,4065.3054,3657900,54557500,11026394700,157608260600,4062.4425,4073.652,4035.4741,4075.4301
112202000,4065.1859,2755600,40899100,11029150300,157649159700,4062.4425,4073.652,4035.4741,4075.4301
112207000,4065.0881,1664600,29043500,11030814900,157678203200,4062.4425,4073.652,4035.4741,4075.4301
112212000,4064.9618,3970700,59384700,11034785600,157737587900,4062.4425,4073.652,4035.4741,4075.4301
112217000,4065.1054,2033700,31411600,11036819300,157768999500,4062.4425,4073.652,4035.4741,4075.4301
112222000,4065.0289,2102400,41686400,11038921700,157810685900,4062.4425,4073.652,4035.4741,4075.4301
112227000,4065.0217,3817100,72337000,11042738800,157883022900,4062.4425,4073.652,4035.4741,4075.4301
112232000,4065.1725,2245200,37905600,11044984000,157920928500,4062.4425,4073.652,4035.4741,4075.4301
112237000,4065.0103,2103300,27277500,11047087300,157948206000,4062.4425,4073.652,4035.4741,4075.4301
112242000,4065.2251,2983500,49893700,11050070800,157998099700,4062.4425,4073.652,4035.4741,4075.4301
112247000,4064.8288,2353700,33935100,11052424500,158032034800,4062.4425,4073.652,4035.4741,4075.4301
112252000,4065.1599,4349800,49949900,11056774300,158081984700,4062.4425,4073.652,4035.4741,4075.4301
112257000,4065.2718,3973600,62504200,11060747900,158144488900,4062.4425,4073.652,4035.4741,4075.4301
112302000,4065.3553,2936900,48833900,11063684800,158193322800,4062.4425,4073.652,4035.4741,4075.4301
112307000,4065.3863,2482700,36428100,11066167500,158229750900,4062.4425,4073.652,4035.4741,4075.4301
112312000,4065.8085,3683200,52334300,11069850700,158282085200,4062.4425,4073.652,4035.4741,4075.4301
112317000,4065.1517,1913800,30052600,11071764500,158312137800,4062.4425,4073.652,4035.4741,4075.4301
112322000,4065.4514,3099100,44249200,11074863600,158356387000,4062.4425,4073.652,4035.4741,4075.4301
112327000,4065.6562,3128300,58162500,11077991900,158414549500,4062.4425,4073.652,4035.4741,4075.4301
112332000,4065.9889,4142800,43170700,11082134700,158457720200,4062.4425,4073.652,4035.4741,4075.4301
112337000,4065.5848,1981100,35599400,11084115800,158493319600,4062.4425,4073.652,4035.4741,4075.4301
112342000,4065.6688,3159000,49332800,11087274800,158542652400,4062.4425,4073.652,4035.4741,4075.4301
112347000,4065.8271,2926400,47802100,11090201200,158590454500,4062.4425,4073.652,4035.4741,4075.4301
112352000,4066.2357,2298900,40551900,11092500100,158631006400,4062.4425,4073.652,4035.4741,4075.4301
112357000,4066.1975,3357200,45550600,11095857300,158676557000,4062.4425,4073.652,4035.4741,4075.4301
112402000,4066.3702,3226400,47620900,11099083700,158724177900,4062.4425,4073.652,4035.4741,4075.4301
112407000,4066.2534,2367400,32537000,11101451100,158756714900,4062.4425,4073.652,4035.4741,4075.4301
112412000,4066.1379,3183100,50712500,11104634200,158807427400,4062.4425,4073.652,4035.4741,4075.4301
112417000,4066.1781,2034800,30082800,11106669000,158837510200,4062.4425,4073.652,4035.4741,4075.4301
112422000,4066.4414,2535000,48468300,11109204000,158885978500,4062.4425,4073.652,4035.4741,4075.4301
112427000,4065.8047,3976400,63954400,11113180400,158949932900,4062.4425,4073.652,4035.4741,4075.4301
112432000,4065.4059,4518700,75298900,11117699100,159025231800,4062.4425,4073.652,4035.4741,4075.4301
112437000,4065.638,2390400,38884700,11120089500,159064116500,4062.4425,4073.652,4035.4741,4075.4301
112442000,4065.239,3818400,68272200,11123907900,159132388700,4062.4425,4073.652,4035.4741,4075.4301
112447000,4064.8361,2579700,43482600,11126487600,159175871300,4062.4425,4073.652,4035.4741,4075.4301
112452000,4064.2217,3298100,58839700,11129785700,159234711000,4062.4425,4073.652,4035.4741,4075.4301
112457000,4064.2548,5021500,66104500,11134807200,159300815500,4062.4425,4073.652,4035.4741,4075.4301
112502000,4063.9647,4300700,51586000,11139107900,159352401500,4062.4425,4073.652,4035.4741,4075.4301
112507000,4063.1222,2637200,37394200,11141745100,159389795700,4062.4425,4073.652,4035.4741,4075.4301
112512000,4063.4262,3529900,54438200,11145275000,159444233900,4062.4425,4073.652,4035.4741,4075.4301
112517000,4063.5063,2813900,33129900,11148088900,159477363800,4062.4425,4073.652,4035.4741,4075.4301
112522000,4063.2599,3480200,45227900,11151569100,159522591700,4062.4425,4073.652,4035.4741,4075.4301
112527000,4062.9718,3507500,51795200,11155076600,159574386900,4062.4425,4073.652,4035.4741,4075.4301
112532000,4062.9908,2786800,47519100,11157863400,159621906000,4062.4425,4073.652,4035.4741,4075.4301
112537000,4063.0663,2217100,29422700,11160080500,159651328700,4062.4425,4073.652,4035.4741,4075.4301
112542000,4063.009,4544500,67257600,11164625000,159718586300,4062.4425,4073.652,4035.4741,4075.4301
112547000,4062.5499,2277800,32651400,11166902800,159751237700,4062.4425,4073.652,4035.4741,4075.4301
112552000,4062.4086,3765500,42401300,11170668300,159793639000,4062.4425,4073.652,4035.4741,4075.4301
112557000,4061.9913,4764000,59421900,11175432300,159853060900,4062.4425,4073.652,4035.4741,4075.4301
112602000,4061.7845,3281500,66141500,11178713800,159919202400,4062.4425,4073.652,4035.4741,4075.4301
112607000,4062.4763,2410100,35133900,11181123900,159954336300,4062.4425,4073.652,4035.4741,4075.4301
112612000,4062.1524,3905200,53629300,11185029100,160007965600,4062.4425,4073.652,4035.4741,4075.4301
112617000,4061.6798,2656200,35346500,11187685300,160043312100,4062.4425,4073.652,4035.4741,4075.4301
112622000,4061.7544,2647200,43312300,11190332500,160086624400,4062.4425,4073.652,4035.4741,4075.4301
112627000,4061.3934,3637500,52080300,11193970000,160138704700,4062.4425,4073.652,4035.4741,4075.4301
112632000,4062.0884,2589500,36139000,11196559500,160174843700,4062.4425,4073.652,4035.4741,4075.4301
112637000,4061.6994,1772300,30163500,11198331800,160205007200,4062.4425,4073.652,4035.4741,4075.4301
112642000,4061.6418,3277000,46933200,11201608800,160251940400,4062.4425,4073.652,4035.4741,4075.4301
112647000,4061.4666,3441800,38658300,11205050600,160290598700,4062.4425,4073.652,4035.4741,4075.4301
112652000,4061.4375,2592400,39812600,11207643000,160330411300,4062.4425,4073.652,4035.4741,4075.4301
112657000,4060.9745,3845100,60295100,11211488100,160390706400,4062.4425,4073.652,4035.4741,4075.4301
112702000,4060.715,3411200,54668100,11214899300,160445374500,4062.4425,4073.652,4035.4741,4075.4301
112707000,4061.2498,2247300,33051800,11217146600,160478426300,4062.4425,4073.652,4035.4741,4075.4301
112712000,4060.7322,3691700,55139100,11220838300,160533565400,4062.4425,4073.652,4035.4741,4075.4301
112717000,4060.8235,2098700,30800500,11222937000,160564365900,4062.4425,4073.652,4035.4741,4075.4301
112722000,4060.4842,3831700,42182700,11226768700,160606548600,4062.4425,4073.652,4035.4741,4075.4301
112727000,4060.5049,4042900,48997500,11230811600,160655546100,4062.4425,4073.652,4035.4741,4075.4301
112732000,4060.8629,4210500,52935000,11235022100,160708481100,4062.4425,4073.652,4035.4741,4075.4301
112737000,4060.9481,3046700,36490500,11238068800,160744971600,4062.4425,4073.652,4035.4741,4075.4301
112742000,4060.768,4979300,62010600,11243048100,160806982200,4062.4425,4073.652,4035.4741,4075.4301
112747000,4060.608,2926800,50318300,11245974900,160857300500,4062.4425,4073.652,4035.4741,4075.4301
112752000,4060.4515,2381100,45723100,11248356000,160903023600,4062.4425,4073.652,4035.4741,4075.4301
112757000,4060.5395,4344200,54950400,11252700200,160957974000,4062.4425,4073.652,4035.4741,4075.4301
112802000,4060.3117,3339700,44430200,11256039900,161002404200,4062.4425,4073.652,4035.4741,4075.4301
112807000,4060.6421,2064000,34221200,11258103900,161036625400,4062.4425,4073.652,4035.4741,4075.4301
112812000,4060.9076,3812600,69230700,11261916500,161105856100,4062.4425,4073.652,4035.4741,4075.4301
112817000,4060.6142,2795900,41975100,11264712400,161147831200,4062.4425,4073.652,4035.4741,4075.4301
112822000,4060.747,3539200,47048600,11268251600,161194879800,4062.4425,4073.652,4035.4741,4075.4301
112827000,4060.6498,5172100,56119500,11273423700,161250999300,4062.4425,4073.652,4035.4741,4075.4301
112832000,4060.395,2981600,39362200,11276405300,161290361500,4062.4425,4073.652,4035.4741,4075.4301
112837000,4060.405,2484500,37464000,11278889800,161327825500,4062.4425,4073.652,4035.4741,4075.4301
112842000,4060.421,4610900,62234000,11283500700,161390059500,4062.4425,4073.652,4035.4741,4075.4301
112847000,4060.3769,1814600,28749800,11285315300,161418809300,4062.4425,4073.652,4035.4741,4075.4301
112852000,4060.2893,4077100,56282900,11289392400,161475092200,4062.4425,4073.652,4035.4741,4075.4301
112857000,4060.2628,3615400,55415300,11293007800,161530507500,4062.4425,4073.652,4035.4741,4075.4301
112902000,4060.5409,3157600,47241600,11296165400,161577749100,4062.4425,4073.652,4035.4741,4075.4301
112907000,4060.7979,2337900,31436900,11298503300,161609186000,4062.4425,4073.652,4035.4741,4075.4301
112912000,4060.6939,3255300,55297300,11301758600,161664483300,4062.4425,4073.652,4035.4741,4075.4301
112917000,4060.4097,1907800,31066900,11303666400,161695550200,4062.4425,4073.652,4035.4741,4075.4301
112922000,4060.6199,2184800,35913400,11305851200,161731463600,4062.4425,4073.652,4035.4741,4075.4301
112927000,4060.8584,3113900,60146100,11308965100,161791609700,4062.4425,4073.652,4035.4741,4075.4301
112932000,4060.8107,2719100,34271600,11311684200,161825881300,4062.4425,4073.652,4035.4741,4075.4301
112937000,4061.0697,1952400,28580500,11313636600,161854461800,4062.4425,4073.652,4035.4741,4075.4301
112942000,4061.0912,3143100,43939600,11316779700,161898401400,4062.4425,4073.652,4035.4741,4075.4301
112947000,4060.8763,2890900,27909800,11319670600,161926311200,4062.4425,4073.652,4035.4741,4075.4301
112952000,4060.9867,1656400,24244100,11321327000,161950555300,4062.4425,4073.652,4035.4741,4075.4301
112957000,4060.7582,3042700,38811300,11324369700,161989366600,4062.4425,4073.652,4035.4741,4075.4301
113002000,4060.6931,2782300,46524400,11327152000,162035891000,4062.4425,4073.652,4035.4741,4075.4301
113007000,4060.8496,79800,2035500,11327231800,162037926500,4062.4425,4073.652,4035.4741,4075.4301
113012000,4060.8494,0,0,11327231800,162037926500,4062.4425,4073.652,4035.4741,4075.4301
130002000,4060.8494,1246500,19350500,11328478300,162057277000,4062.4425,4073.652,4035.4741,4075.4301
130007000,4061.2104,59846200,745824100,11388324500,162803101100,4062.4425,4073.652,4035.4741,4075.4301
130012000,4061.6106,29285000,381732000,11417609500,163184833100,4062.4425,4073.652,4035.4741,4075.4301
130017000,4062.182,4308000,67140600,11421917500,163251973700,4062.4425,4073.652,4035.4741,4075.4301
130022000,4062.0429,7218900,102252700,11429136400,163354226400,4062.4425,4073.652,4035.4741,4075.4301
130027000,4062.3138,5846800,72010200,11434983200,163426236600,4062.4425,4073.652,4035.4741,4075.4301
130032000,4062.0427,3438700,63464100,11438421900,163489700700,4062.4425,4073.652,4035.4741,4075.4301
130037000,4061.8043,4699000,94185100,11443120900,163583885800,4062.4425,4073.652,4035.4741,4075.4301
130042000,4062.7966,3677100,60051200,11446798000,163643937000,4062.4425,4073.652,4035.4741,4075.4301
130047000,4062.3674,2318500,37491000,11449116500,163681428000,4062.4425,4073.652,4035.4741,4075.4301
130052000,4062.0911,3797000,76540900,11452913500,163757968900,4062.4425,4073.652,4035.4741,4075.4301
130057000,4062.1556,4653900,68601800,11457567400,163826570700,4062.4425,4073.652,4035.4741,4075.4301
130102000,4061.6607,2486800,51187000,11460054200,163877757700,4062.4425,4073.652,4035.4741,4075.4301
130107000,4062.0548,3604900,50943700,11463659100,163928701400,4062.4425,4073.652,4035.4741,4075.4301
130112000,4061.6478,3195000,53181600,11466854100,163981883000,4062.4425,4073.652,4035.4741,4075.4301
130117000,4062.0733,2364300,50209400,11469218400,164032092400,4062.4425,4073.652,4035.4741,4075.4301
130122000,4061.3826,3108000,49440000,11472326400,164081532400,4062.4425,4073.652,4035.4741,4075.4301
130127000,4061.4581,3766000,48723600,11476092400,164130256000,4062.4425,4073.652,4035.4741,4075.4301
130132000,4061.5926,3298600,53794500,11479391000,164184050500,4062.4425,4073.652,4035.4741,4075.4301
130137000,4061.8155,2949500,43733400,11482340500,164227783900,4062.4425,4073.652,4035.4741,4075.4301
130142000,4061.6744,3191500,58768800,11485532000,164286552700,4062.4425,4073.652,4035.4741,4075.4301
130147000,4061.5364,3685400,43398200,11489217400,164329950900,4062.4425,4073.652,4035.4741,4075.4301
130152000,4061.7012,3167100,59313600,11492384500,164389264500,4062.4425,4073.652,4035.4741,4075.4301
130157000,4061.4213,3308900,51902700,11495693400,164441167200,4062.4425,4073.652,4035.4741,4075.4301
130202000,4061.4195,2324100,44642300,11498017500,164485809500,4062.4425,4073.652,4035.4741,4075.4301
130207000,4061.2071,3395400,57389100,11501412900,164543198600,4062.4425,4073.652,4035.4741,4075.4301
130212000,4061.1244,4067100,88473700,11505480000,164631672300,4062.4425,4073.652,4035.4741,4075.4301
130217000,4060.9262,2658400,51351700,11508138400,164683024000,4062.4425,4073.652,4035.4741,4075.4301
130222000,4060.8411,3538500,71755900,11511676900,164754779900,4062.4425,4073.652,4035.4741,4075.4301
130227000,4061.035,3412200,52642400,11515089100,164807422300,4062.4425,4073.652,4035.4741,4075.4301
130232000,4060.4581,2660000,48000300,11517749100,164855422600,4062.4425,4073.652,4035.4741,4075.4301
130237000,4060.907,2569200,46803900,11520318300,164902226500,4062.4425,4073.652,4035.4741,4075.4301
130242000,4060.2511,3562500,54446500,11523880800,164956673000,4062.4425,4073.652,4035.4741,4075.4301
130247000,4059.9414,2534300,42218500,11526415100,164998891500,4062.4425,4073.652,4035.4741,4075.4301
130252000,4059.9738,3023000,64431500,11529438100,165063323000,4062.4425,4073.652,4035.4741,4075.4301
130257000,4059.8845,3666100,55321300,11533104200,165118644300,4062.4425,4073.652,4035.4741,4075.4301
130302000,4059.7837,3361800,51005900,11536466000,165169650200,4062.4425,4073.652,4035.4741,4075.4301
130307000,4059.7607,3230700,41475400,11539696700,165211125600,4062.4425,4073.652,4035.4741,4075.4301
130312000,4060.0442,2988700,56704700,11542685400,165267830300,4062.4425,4073.652,4035.4741,4075.4301
130317000,4059.469,2539600,52224400,11545225000,165320054700,4062.4425,4073.652,4035.4741,4075.4301
130322000,4059.8057,3788700,60558700,11549013700,165380613400,4062.4425,4073.652,4035.4741,4075.4301
130327000,4059.7572,4664100,75041400,11553677800,165455654800,4062.4425,4073.652,4035.4741,4075.4301
130332000,4059.3354,4262500,55292200,11557940300,165510947000,4062.4425,4073.652,4035.4741,4075.4301
130337000,4059.484,2762300,44914700,11560702600,165555861700,4062.4425,4073.652,4035.4741,4075.4301
130342000,4059.7606,2835500,43714800,11563538100,165599576500,4062.4425,4073.652,4035.4741,4075.4301
130347000,4059.3452,2185400,35343500,11565723500,165634920000,4062.4425,4073.652,4035.4741,4075.4301
130352000,4059.4839,4028000,55526200,11569751500,165690446200,4062.4425,4073.652,4035.4741,4075.4301
130357000,4059.6077,3454500,63357500,11573206000,165753803700,4062.4425,4073.652,4035.4741,4075.4301
130402000,4059.0174,3548300,47852500,11576754300,165801656200,4062.4425,4073.652,4035.4741,4075.4301
130407000,4059.6654,3006900,65150100,11579761200,165866806300,4062.4425,4073.652,4035.4741,4075.4301
130412000,4059.0571,3690900,55110600,11583452100,165921916900,4062.4425,4073.652,4035.4741,4075.4301
130417000,4059.5321,2788900,40857900,11586241000,165962774800,4062.4425,4073.652,4035.4741,4075.4301
130422000,4058.882,3695800,75365100,11589936800,166038139900,4062.4425,4073.652,4035.4741,4075.4301
130427000,4059.2887,4148600,54508300,11594085400,166092648200,4062.4425,4073.652,4035.4741,4075.4301
130432000,4058.8616,2316000,40717100,11596401400,166133365300,4062.4425,4073.652,4035.4741,4075.4301
130437000,4059.1351,2489900,37720700,11598891300,166171086000,4062.4425,4073.652,4035.4741,4075.4301
130442000,4058.5506,6718200,120868900,11605609500,166291954900,4062.4425,4073.652,4035.4741,4075.4301
130447000,4059.3026,2090300,40790200,11607699800,166332745100,4062.4425,4073.652,4035.4741,4075.4301
130452000,4059.1054,3016600,47225200,11610716400,166379970300,4062.4425,4073.652,4035.4741,4075.4301
130457000,4058.8574,2980400,50954900,11613696800,166430925200,4062.4425,4073.652,4035.4741,4075.4301
130502000,4059.0269,3148600,57801100,11616845400,166488726300,4062.4425,4073.652,4035.4741,4075.4301
130507000,4058.9155,3522300,56385000,11620367700,166545111300,4062.4425,4073.652,4035.4741,4075.4301
130512000,4059.0786,3461100,67392900,11623828800,166612504200,4062.4425,4073.652,4035.4741,4075.4301
130517000,4058.9812,2999700,48727100,11626828500,166661231300,4062.4425,4073.652,4035.4741,4075.4301
130522000,4059.1594,3745600,68436000,11630574100,166729667300,4062.4425,4073.652,4035.4741,4075.4301
130527000,4059.2793,3722600,88751400,11634296700,166818418700,4062.4425,4073.652,4035.4741,4075.4301
130532000,4059.6838,4293100,84096400,11638589800,166902515100,4062.4425,4073.652,4035.4741,4075.4301
130537000,4059.9988,5543500,160193400,11644133300,167062708500,4062.4425,4073.652,4035.4741,4075.4301
130542000,4059.5103,3892100,73710400,11648025400,167136418900,4062.4425,4073.652,4035.4741,4075.4301
130547000,4059.8994,2059400,44413800,11650084800,167180832700,4062.4425,4073.652,4035.4741,4075.4301
130552000,4060.6512,5050400,71138400,11655135200,167251971100,4062.4425,4073.652,4035.4741,4075.4301
130557000,4061.0848,4754300,72317300,11659889500,167324288400,4062.4425,4073.652,4035.4741,4075.4301
130602000,4060.7562,3423600,52893600,11663313100,167377182000,4062.4425,4073.652,4035.4741,4075.4301
130607000,4061.0743,3744800,56361000,11667057900,167433543000,4062.4425,4073.652,4035.4741,4075.4301
130612000,4060.9485,3935700,60180800,11670993600,167493723800,4062.4425,4073.652,4035.4741,4075.4301
130617000,4060.7872,2256100,52082800,11673249700,167545806600,4062.4425,4073.652,4035.4741,4075.4301
130622000,4060.8878,5948200,63367100,11679197900,167609173700,4062.4425,4073.652,4035.4741,4075.4301
130627000,4061.2138,2914500,54454600,11682112400,167663628300,4062.4425,4073.652,4035.4741,4075.4301
130632000,4060.8947,3541800,75123900,11685654200,167738752200,4062.4425,4073.652,4035.4741,4075.4301
130637000,4061.2696,2765200,60390900,11688419400,167799143100,4062.4425,4073.652,4035.4741,4075.4301
130642000,4061.0349,3608900,73114100,11692028300,167872257200,4062.4425,4073.652,4035.4741,4075.4301
130647000,4060.9195,2362500,37420600,11694390800,167909677800,4062.4425,4073.652,4035.4741,4075.4301
130652000,4061.1704,3550100,63053000,11697940900,167972730800,4062.4425,4073.652,4035.4741,4075.4301
130657000,4061.4614,3096500,57079000,11701037400,168029809800,4062.4425,4073.652,4035.4741,4075.4301
130702000,4061.2206,2658800,54226500,11703696200,168084036300,4062.4425,4073.652,4035.4741,4075.4301
130707000,4061.2775,3865900,56022300,11707562100,168140058600,4062.4425,4073.652,4035.4741,4075.4301
130712000,4061.3655,4457400,67358400,11712019500,168207417000,4062.4425,4073.652,4035.4741,4075.4301
130717000,4061.2282,1862400,36387300,11713881900,168243804300,4062.4425,4073.652,4035.4741,4075.4301
130722000,4061.4099,2816500,47792800,11716698400,168291597100,4062.4425,4073.652,4035.4741,4075.4301
130727000,4061.4385,3749800,56977100,11720448200,168348574200,4062.4425,4073.652,4035.4741,4075.4301
130732000,4060.8468,2773500,56585600,11723221700,168405159800,4062.4425,4073.652,4035.4741,4075.4301
130737000,4060.7707,3146800,45662100,11726368500,168450821900,4062.4425,4073.652,4035.4741,4075.4301
130742000,4060.7862,3907100,59118400,11730275600,168509940300,4062.4425,4073.652,4035.4741,4075.4301
130747000,4060.5993,1662000,24458600,11731937600,168534398900,4062.4425,4073.652,4035.4741,4075.4301
130752000,4060.8031,3408100,61838200,11735345700,168596237100,4062.4425,4073.652,4035.4741,4075.4301
130757000,4060.5074,3138300,49668200,11738484000,168645905300,4062.4425,4073.652,4035.4741,4075.4301
130802000,4060.2511,2597500,45847300,11741081500,168691752600,4062.4425,4073.652,4035.4741,4075.4301
130807000,4060.2157,2396300,41848500,11743477800,168733601100,4062.4425,4073.652,4035.4741,4075.4301
130812000,4059.7108,3842400,59362700,11747320200,168792963800,4062.4425,4073.652,4035.4741,4075.4301
130817000,4059.8286,2390800,42019700,11749711000,168834983500,4062.4425,4073.652,4035.4741,4075.4301
130822000,4059.8304,3915400,67551800,11753626400,168902535300,4062.4425,4073.652,4035.4741,4075.4301
130827000,4059.8788,3333700,54269200,11756960100,168956804500,4062.4425,4073.652,4035.4741,4075.4301
130832000,4059.586,2458000,45662700,11759418100,169002467200,4062.4425,4073.652,4035.4741,4075.4301
130837000,4059.7619,3130500,50379700,11762548600,169052846900,4062.4425,4073.652,4035.4741,4075.4301
130842000,4059.5444,3207000,54232400,11765755600,169107079300,4062.4425,4073.652,4035.4741,4075.4301
130847000,4059.7437,1817300,30127200,11767572900,169137206500,4062.4425,4073.652,4035.4741,4075.4301
130852000,4059.6797,4070700,68142100,11771643600,169205348600,4062.4425,4073.652,4035.4741,4075.4301
130857000,4059.4932,2995300,53150400,11774638900,169258499000,4062.4425,4073.652,4035.4741,4075.4301
130902000,4059.3903,2881700,62416000,11777520600,169320915000,4062.4425,4073.652,4035.4741,4075.4301
130907000,4059.7332,3107400,41543100,11780628000,169362458100,4062.4425,4073.652,4035.4741,4075.4301
130912000,4059.9857,4555200,60358400,11785183200,169422816500,4062.4425,4073.652,4035.4741,4075.4301
130917000,4059.9117,2155100,44297500,11787338300,169467114000,4062.4425,4073.652,4035.4741,4075.4301
130922000,4059.8987,3286300,61795700,11790624600,169528909700,4062.4425,4073.652,4035.4741,4075.4301
130927000,4060.0077,6248700,195302700,11796873300,169724212400,4062.4425,4073.652,4035.4741,4075.4301
130932000,4060.1784,6237900,223602100,11803111200,169947814500,4062.4425,4073.652,4035.4741,4075.4301
130937000,4060.3686,3968900,125559000,11807080100,170073373500,4062.4425,4073.652,4035.4741,4075.4301
130942000,4060.8543,5399000,143587600,11812479100,170216961100,4062.4425,4073.652,4035.4741,4075.4301
130947000,4060.5909,2430300,45373400,11814909400,170262334500,4062.4425,4073.652,4035.4741,4075.4301
130952000,4061.8605,4179300,86020900,11819088700,170348355400,4062.4425,4073.652,4035.4741,4075.4301
130957000,4061.6204,3948900,78448700,11823037600,170426804100,4062.4425,4073.652,4035.4741,4075.4301
131002000,4061.3761,3827000,111138200,11826864600,170537942300,4062.4425,4073.652,4035.4741,4075.4301
131007000,4061.9574,2884700,52625400,11829749300,170590567700,4062.4425,4073.652,4035.4741,4075.4301
131012000,4062.0399,3915700,88683500,11833665000,170679251200,4062.4425,4073.652,4035.4741,4075.4301
131017000,4061.7424,3321800,55052400,11836986800,170734303600,4062.4425,4073.652,4035.4741,4075.4301
131022000,4061.9514,3562800,63334300,11840549600,170797637900,4062.4425,4073.652,4035.4741,4075.4301
131027000,4062.5172,4208900,93836500,11844758500,170891474400,4062.4425,4073.652,4035.4741,4075.4301
131032000,4062.4989,2609000,47767500,11847367500,170939241900,4062.4425,4073.652,4035.4741,4075.4301
131037000,4062.7032,3923800,100117500,11851291300,171039359400,4062.4425,4073.652,4035.4741,4075.4301
131042000,4062.4412,5568300,157675200,11856859600,171197034600,4062.4425,4073.652,4035.4741,4075.4301
131047000,4062.4233,2136600,36916000,11858996200,171233950600,4062.4425,4073.652,4035.4741,4075.4301
131052000,4062.7569,3176800,42522800,11862173000,171276473400,4062.4425,4073.652,4035.4741,4075.4301
131057000,4063.0674,3005500,52421400,11865178500,171328894800,4062.4425,4073.652,4035.4741,4075.4301
131102000,4062.8558,2282000,33972100,11867460500,171362866900,4062.4425,4073.652,4035.4741,4075.4301
131107000,4063.5059,3107400,46502800,11870567900,171409369700,4062.4425,4073.652,4035.4741,4075.4301
131112000,4063.4896,3539600,49581700,11874107500,171458951400,4062.4425,4073.652,4035.4741,4075.4301
131117000,4063.7305,2526200,38716300,11876633700,171497667700,4062.4425,4073.652,4035.4741,4075.4301
131122000,4064.4489,4318400,63830300,11880952100,171561498000,4062.4425,4073.652,4035.4741,4075.4301
131127000,4064.9375,4053200,56283900,11885005300,171617781900,4062.4425,4073.652,4035.4741,4075.4301
131132000,4064.5028,3057800,49005900,11888063100,171666787800,4062.4425,4073.652,4035.4741,4075.4301
131137000,4064.9694,2777700,40940200,11890840800,171707728000,4062.4425,4073.652,4035.4741,4075.4301
131142000,4064.8763,3569700,56493200,11894410500,171764221200,4062.4425,4073.652,4035.4741,4075.4301
131147000,4065.379,2399400,46905100,11896809900,171811126300,4062.4425,4073.652,4035.4741,4075.4301
131152000,4065.5685,4013600,60817200,11900823500,171871943500,4062.4425,4073.652,4035.4741,4075.4301
131157000,4065.3112,4076400,71942800,11904899900,171943886300,4062.4425,4073.652,4035.4741,4075.4301
131202000,4065.7164,2902300,46717800,11907802200,171990604100,4062.4425,4073.652,4035.4741,4075.4301
131207000,4066.359,2864400,48014700,11910666600,172038618800,4062.4425,4073.652,4035.4741,4075.4301
131212000,4066.2223,6274700,75436100,11916941300,172114054900,4062.4425,4073.652,4035.4741,4075.4301
131217000,4066.4185,1984300,30438500,11918925600,172144493400,4062.4425,4073.652,4035.4741,4075.4301
131222000,4066.2037,4093200,59463600,11923018800,172203957000,4062.4425,4073.652,4035.4741,4075.4301
131227000,4066.6499,4481000,60546400,11927499800,172264503400,4062.4425,4073.652,4035.4741,4075.4301
131232000,4067.0349,2947900,45642500,11930447700,172310145900,4062.4425,4073.652,4035.4741,4075.4301
131237000,4067.0881,2876600,40777800,11933324300,172350923700,4062.4425,4073.652,4035.4741,4075.4301
131242000,4067.2546,3915800,72110000,11937240100,172423033700,4062.4425,4073.652,4035.4741,4075.4301
131247000,4067.4773,2850400,56448000,11940090500,172479481700,4062.4425,4073.652,4035.4741,4075.4301
131252000,4067.6415,3597500,58955800,11943688000,172538437500,4062.4425,4073.652,4035.4741,4075.4301
131257000,4068.0863,5429300,64615500,11949117300,172603053000,4062.4425,4073.652,4035.4741,4075.4301
131302000,4067.9531,3006000,48003500,11952123300,172651056500,4062.4425,4073.652,4035.4741,4075.4301
131307000,4068.5339,4136800,49793800,11956260100,172700850300,4062.4425,4073.652,4035.4741,4075.4301
131312000,4068.683,4383900,66454300,11960644000,172767304600,4062.4425,4073.652,4035.4741,4075.4301
131317000,4068.6586,3680100,66408600,11964324100,172833713200,4062.4425,4073.652,4035.4741,4075.4301
131322000,4068.9023,3408800,49720100,11967732900,172883433300,4062.4425,4073.652,4035.4741,4075.4301
131327000,4069.1873,3141700,53476900,11970874600,172936910200,4062.4425,4073.652,4035.4741,4075.4301
131332000,4069.1178,3471700,57040100,11974346300,172993950300,4062.4425,4073.652,4035.4741,4075.4301
131337000,4069.5529,5068200,62483900,11979414500,173056434200,4062.4425,4073.652,4035.4741,4075.4301
131342000,4069.7473,3630900,66349000,11983045400,173122783200,4062.4425,4073.652,4035.4741,4075.4301
131347000,4069.6731,3430000,39991000,11986475400,173162774200,4062.4425,4073.652,4035.4741,4075.4301
131352000,4070.099,5526300,67380100,11992001700,173230154300,4062.4425,4073.652,4035.4741,4075.4301
131357000,4070.4018,3589900,59337900,11995591600,173289492200,4062.4425,4073.652,4035.4741,4075.4301
131402000,4070.5125,3109400,49661400,11998701000,173339153600,4062.4425,4073.652,4035.4741,4075.4301
131407000,4071.1432,4674400,60762200,12003375400,173399915800,4062.4425,4073.652,4035.4741,4075.4301
131412000,4071.2482,4381700,70578800,12007757100,173470494600,4062.4425,4073.652,4035.4741,4075.4301
131417000,4071.4093,2298000,39461900,12010055100,173509956500,4062.4425,4073.652,4035.4741,4075.4301
131422000,4071.6625,5192400,80993200,12015247500,173590949700,4062.4425,4073.652,4035.4741,4075.4301
131427000,4071.9092,5896900,151945900,12021144400,173742895600,4062.4425,4073.652,4035.4741,4075.4301
131432000,4071.6289,3772500,54464900,12024916900,173797360500,4062.4425,4073.652,4035.4741,4075.4301
131437000,4071.9691,5079700,62046900,12029996600,173859407400,4062.4425,4073.652,4035.4741,4075.4301
131442000,4072.2007,9135800,99389700,12039132400,173958797100,4062.4425,4073.652,4035.4741,4075.4301
131447000,4072.1836,2713900,43147700,12041846300,174001944800,4062.4425,4073.652,4035.4741,4075.4301
131452000,4072.6746,4752300,71676100,12046598600,174073620900,4062.4425,4073.652,4035.4741,4075.4301
131457000,4073.1092,5360400,68399700,12051959000,174142020600,4062.4425,4073.652,4035.4741,4075.4301
131502000,4073.2652,4021100,66443800,12055980100,174208464400,4062.4425,4073.652,4035.4741,4075.4301
131507000,4073.6502,3672800,52898300,12059652900,174261362700,4062.4425,4073.652,4035.4741,4075.4301
131512000,4073.6438,5545100,72470800,12065198000,174333833500,4062.4425,4073.652,4035.4741,4075.4301
131517000,4073.1543,2722600,41551500,12067920600,174375385000,4062.4425,4073.652,4035.4741,4075.4301
131522000,4073.0874,5720800,81585100,12073641400,174456970100,4062.4425,4073.652,4035.4741,4075.4301
131527000,4073.2906,5142100,71526100,12078783500,174528496200,4062.4425,4073.652,4035.4741,4075.4301
131532000,4072.6111,5062700,58646200,12083846200,174587142400,4062.4425,4073.652,4035.4741,4075.4301
131537000,4072.6628,3717300,65564700,12087563500,174652707100,4062.4425,4073.652,4035.4741,4075.4301
131542000,4073.0978,6656300,83007700,12094219800,174735714800,4062.4425,4073.652,4035.4741,4075.4301
131547000,4073.2381,2892000,38258100,12097111800,174773972900,4062.4425,4073.652,4035.4741,4075.4301
131552000,4073.1772,4305400,75522600,12101417200,174849495500,4062.4425,4073.652,4035.4741,4075.4301
131557000,4072.9604,4361200,58533400,12105778400,174908028900,4062.4425,4073.652,4035.4741,4075.4301
131602000,4072.7866,3752200,55295100,12109530600,174963324000,4062.4425,4073.652,4035.4741,4075.4301
131607000,4072.9669,4092700,55343900,12113623300,175018667900,4062.4425,4073.652,4035.4741,4075.4301
131612000,4072.8614,4750200,65990400,12118373500,175084658300,4062.4425,4073.652,4035.4741,4075.4301
131617000,4072.8701,2311300,34250400,12120684800,175118908700,4062.4425,4073.652,4035.4741,4075.4301
131622000,4072.8749,4192200,60625200,12124877000,175179533900,4062.4425,4073.652,4035.4741,4075.4301
131627000,4073.3494,4370700,101205200,12129247700,175280739100,4062.4425,4073.652,4035.4741,4075.4301
131632000,4072.7265,3601400,79200300,12132849100,175359939400,4062.4425,4073.652,4035.4741,4075.4301
131637000,4073.3742,3178700,57910200,12136027800,175417849600,4062.4425,4073.652,4035.4741,4075.4301
131642000,4073.4828,3738400,67346100,12139766200,175485195700,4062.4425,4073.652,4035.4741,4075.4301
131647000,4072.4766,2823600,59582200,12142589800,175544777900,4062.4425,4073.652,4035.4741,4075.4301
131652000,4072.7952,4269900,79865100,12146859700,175624643000,4062.4425,4073.652,4035.4741,4075.4301
131657000,4072.7947,4273700,109396100,12151133400,175734039100,4062.4425,4073.652,4035.4741,4075.4301
131702000,4072.7179,4401500,125834500,12155534900,175859873600,4062.4425,4073.652,4035.4741,4075.4301
131707000,4072.7675,3224600,72400400,12158759500,175932274000,4062.4425,4073.652,4035.4741,4075.4301
131712000,4072.8582,4005400,75171200,12162764900,176007445200,4062.4425,4073.652,4035.4741,4075.4301
131717000,4072.6406,2476200,41752500,12165241100,176049197700,4062.4425,4073.652,4035.4741,4075.4301
131722000,4072.6011,4450900,72762600,12169692000,176121960300,4062.4425,4073.652,4035.4741,4075.4301
131727000,4072.6936,3695200,60111000,12173387200,176182071300,4062.4425,4073.652,4035.4741,4075.4301
131732000,4072.3678,4039700,76671800,12177426900,176258743100,4062.4425,4073.652,4035.4741,4075.4301
131737000,4072.3926,3046200,48686100,12180473100,176307429200,4062.4425,4073.652,4035.4741,4075.4301
131742000,4072.565,3445800,48530600,12183918900,176355959800,4062.4425,4073.652,4035.4741,4075.4301
131747000,4072.5811,2767800,36353900,12186686700,176392313700,4062.4425,4073.652,4035.4741,4075.4301
131752000,4073.0067,4900600,60361000,12191587300,176452674700,4062.4425,4073.652,4035.4741,4075.4301
131757000,4073.3104,4750900,62442700,12196338200,176515117400,4062.4425,4073.652,4035.4741,4075.4301
131802000,4073.3041,3629700,55671100,12199967900,176570788500,4062.4425,4073.652,4035.4741,4075.4301
131807000,4073.3817,3435600,52884800,12203403500,176623673300,4062.4425,4073.6936,4035.4741,4075.4301
131812000,4073.8354,3510200,45919800,12206913700,176669593100,4062.4425,4073.8354,4035.4741,4075.4301
131817000,4073.9424,3084100,41307000,12209997800,176710900100,4062.4425,4073.9424,4035.4741,4075.4301
131822000,4073.9397,4946700,87517400,12214944500,176798417500,4062.4425,4073.9424,4035.4741,4075.4301
131827000,4073.9136,4507100,77476700,12219451600,176875894200,4062.4425,4073.9424,4035.4741,4075.4301
131832000,4073.4825,6282300,215905100,12225733900,177091799300,4062.4425,4073.9424,4035.4741,4075.4301
131837000,4073.6976,8072100,152032900,12233806000,177243832200,4062.4425,4073.9424,4035.4741,4075.4301
131842000,4073.2401,8536900,212265200,12242342900,177456097400,4062.4425,4073.9424,4035.4741,4075.4301
131847000,4073.412,3560500,40610200,12245903400,177496707600,4062.4425,4073.9424,4035.4741,4075.4301
131852000,4073.1976,6116900,79632600,12252020300,177576340200,4062.4425,4073.9424,4035.4741,4075.4301
131857000,4073.3964,5158500,75201100,12257178800,177651541300,4062.4425,4073.9424,4035.4741,4075.4301
131902000,4073.215,3913800,47427000,12261092600,177698968300,4062.4425,4073.9424,4035.4741,4075.4301
131907000,4073.2204,4505800,44358900,12265598400,177743327200,4062.4425,4073.9424,4035.4741,4075.4301
131912000,4073.8369,4021200,57236400,12269619600,177800563600,4062.4425,4073.9424,4035.4741,4075.4301
131917000,4073.1384,2069700,33961700,12271689300,177834525300,4062.4425,4073.9424,4035.4741,4075.4301
131922000,4073.3625,5250700,57967100,12276940000,177892492400,4062.4425,4073.9424,4035.4741,4075.4301
131927000,4073.439,4458000,55868100,12281398000,177948360500,4062.4425,4073.9424,4035.4741,4075.4301
131932000,4073.2038,3224800,48254500,12284622800,177996615000,4062.4425,4073.9424,4035.4741,4075.4301
131937000,4073.3588,2520700,42622900,12287143500,178039237900,4062.4425,4073.9424,4035.4741,4075.4301
131942000,4072.9773,3789100,55153100,12290932600,178094391000,4062.4425,4073.9424,4035.4741,4075.4301
131947000,4072.5078,2499900,39380600,12293432500,178133771600,4062.4425,4073.9424,4035.4741,4075.4301
131952000,4072.4761,3530300,51868100,12296962800,178185639700,4062.4425,4073.9424,4035.4741,4075.4301
131957000,4072.4985,5702300,72125300,12302665100,178257765000,4062.4425,4073.9424,4035.4741,4075.4301
132002000,4072.1683,2991500,41677600,12305656600,178299442600,4062.4425,4073.9424,4035.4741,4075.4301
132007000,4072.5712,3202300,49680400,12308858900,178349123000,4062.4425,4073.9424,4035.4741,4075.4301
132012000,4072.2324,4786400,73516400,12313645300,178422639400,4062.4425,4073.9424,4035.4741,4075.4301
132017000,4072.3411,2397000,39852500,12316042300,178462491900,4062.4425,4073.9424,4035.4741,4075.4301
132022000,4072.6007,4015200,59210100,12320057500,178521702000,4062.4425,4073.9424,4035.4741,4075.4301
132027000,4072.734,3551700,54251100,12323609200,178575953100,4062.4425,4073.9424,4035.4741,4075.4301
132032000,4072.195,4174300,52067400,12327783500,178628020500,4062.4425,4073.9424,4035.4741,4075.4301
132037000,4072.7587,3633600,61122200,12331417100,178689142700,4062.4425,4073.9424,4035.4741,4075.4301
132042000,4073.1135,5375600,75846400,12336792700,178764989100,4062.4425,4073.9424,4035.4741,4075.4301
132047000,4073.6321,3693800,51187300,12340486500,178816176400,4062.4425,4073.9424,4035.4741,4075.4301
132052000,4073.6152,5192600,84390600,12345679100,178900567000,4062.4425,4073.9424,4035.4741,4075.4301
132057000,4074.0611,5024700,80366900,12350703800,178980933900,4062.4425,4074.4497,4035.4741,4075.4301
132102000,4074.4233,3087100,50264400,12353790900,179031198300,4062.4425,4074.6259,4035.4741,4075.4301
132107000,4075.1794,4396600,59715700,12358187500,179090914000,4062.4425,4075.1794,4035.4741,4075.4301
132112000,4075.1616,4659100,67977000,12362846600,179158891000,4062.4425,4075.1992,4035.4741,4075.4301
132117000,4075.2315,4134400,56272100,12366981000,179215163100,4062.4425,4075.3094,4035.4741,4075.4301
132122000,4075.5764,4356100,62821600,12371337100,179277984700,4062.4425,4075.5764,4035.4741,4075.4301
132127000,4075.4659,3967500,65364700,12375304600,179343349400,4062.4425,4075.5764,4035.4741,4075.4301
132132000,4075.4165,2744900,47379400,12378049500,179390728800,4062.4425,4075.6184,4035.4741,4075.4301
132137000,4075.6785,4390300,62644800,12382439800,179453373600,4062.4425,4075.9926,4035.4741,4075.4301
132142000,4075.7459,4485100,69632000,12386924900,179523005600,4062.4425,4076.2657,4035.4741,4075.4301
132147000,4075.89,2498000,35818100,12389422900,179558823700,4062.4425,4076.2657,4035.4741,4075.4301
132152000,4076.1691,3813900,55821500,12393236800,179614645200,4062.4425,4076.2657,4035.4741,4075.4301
132157000,4075.6973,4471400,74865000,12397708200,179689510200,4062.4425,4076.2657,4035.4741,4075.4301
132202000,4075.8305,3529000,51981100,12401237200,179741491300,4062.4425,4076.2657,4035.4741,4075.4301
132207000,4075.8135,3164300,43035100,12404401500,179784526400,4062.4425,4076.2657,4035.4741,4075.4301
132212000,4075.8644,4407700,68174300,12408809200,179852700700,4062.4425,4076.2657,4035.4741,4075.4301
132217000,4075.2165,3916600,47719600,12412725800,179900420300,4062.4425,4076.2657,4035.4741,4075.4301
132222000,4073.8524,5813800,104264800,12418539600,180004685100,4062.4425,4076.2657,4035.4741,4075.4301
132227000,4073.2159,6763000,118157600,12425302600,180122842700,4062.4425,4076.2657,4035.4741,4075.4301
132232000,4072.7064,5415300,69393900,12430717900,180192236600,4062.4425,4076.2657,4035.4741,4075.4301
132237000,4072.5585,4320300,63014100,12435038200,180255250700,4062.4425,4076.2657,4035.4741,4075.4301
132242000,4072.3225,4809500,69466400,12439847700,180324717100,4062.4425,4076.2657,4035.4741,4075.4301
132247000,4071.9161,4071800,59969200,12443919500,180384686300,4062.4425,4076.2657,4035.4741,4075.4301
132252000,4071.7856,5858500,83562800,12449778000,180468249100,4062.4425,4076.2657,4035.4741,4075.4301
132257000,4071.8768,7317000,110909600,12457095000,180579158700,4062.4425,4076.2657,4035.4741,4075.4301
132302000,4070.7406,5094500,73024500,12462189500,180652183200,4062.4425,4076.2657,4035.4741,4075.4301
132307000,4070.7321,4249500,58112600,12466439000,180710295800,4062.4425,4076.2657,4035.4741,4075.4301
132312000,4070.7379,3993400,63738900,12470432400,180774034700,4062.4425,4076.2657,4035.4741,4075.4301
132317000,4070.3704,3604800,41552500,12474037200,180815587200,4062.4425,4076.2657,4035.4741,4075.4301
132322000,4070.6543,5121800,70074000,12479159000,180885661200,4062.4425,4076.2657,4035.4741,4075.4301
132327000,4070.134,4534800,62292900,12483693800,180947954100,4062.4425,4076.2657,4035.4741,4075.4301
132332000,4069.7717,4127400,60462500,12487821200,181008416600,4062.4425,4076.2657,4035.4741,4075.4301
132337000,4069.9139,3378400,38097400,12491199600,181046514000,4062.4425,4076.2657,4035.4741,4075.4301
132342000,4069.5227,5285300,73297200,12496484900,181119811200,4062.4425,4076.2657,4035.4741,4075.4301
132347000,4069.5094,4495400,41121100,12500980300,181160932300,4062.4425,4076.2657,4035.4741,4075.4301
132352000,4069.8226,5684900,60104700,12506665200,181221037000,4062.4425,4076.2657,4035.4741,4075.4301
132357000,4069.6385,5010600,62113200,12511675800,181283150200,4062.4425,4076.2657,4035.4741,4075.4301
132402000,4069.5926,6500300,74666900,12518176100,181357817100,4062.4425,4076.2657,4035.4741,4075.4301
132407000,4069.6151,4878100,56760800,12523054200,181414577900,4062.4425,4076.2657,4035.4741,4075.4301
132412000,4069.3005,4141300,48744000,12527195500,181463321900,4062.4425,4076.2657,4035.4741,4075.4301
132417000,4069.3087,3421200,37081900,12530616700,181500403800,4062.4425,4076.2657,4035.4741,4075.4301
132422000,4069.3054,4564400,56622300,12535181100,181557026100,4062.4425,4076.2657,4035.4741,4075.4301
132427000,4069.1042,4334300,57591600,12539515400,181614617700,4062.4425,4076.2657,4035.4741,4075.4301
132432000,4069.1165,2370100,34211700,12541885500,181648829400,4062.4425,4076.2657,4035.4741,4075.4301
132437000,4069.0408,3417400,47007200,12545302900,181695836600,4062.4425,4076.2657,4035.4741,4075.4301
132442000,4069.0119,5187200,63758100,12550490100,181759594700,4062.4425,4076.2657,4035.4741,4075.4301
132447000,4068.4321,3528900,46525800,12554019000,181806120500,4062.4425,4076.2657,4035.4741,4075.4301
132452000,4068.4085,4764300,63085600,12558783300,181869206100,4062.4425,4076.2657,4035.4741,4075.4301
132457000,4068.4929,4714700,59525600,12563498000,181928731700,4062.4425,4076.2657,4035.4741,4075.4301
132502000,4068.1532,8059200,103945500,12571557200,182032677200,4062.4425,4076.2657,4035.4741,4075.4301
132507000,4067.5842,4512300,62895300,12576069500,182095572500,4062.4425,4076.2657,4035.4741,4075.4301
132512000,4068.0808,3747700,51805000,12579817200,182147377500,4062.4425,4076.2657,4035.4741,4075.4301
132517000,4068.2971,3270100,36664600,12583087300,182184042100,4062.4425,4076.2657,4035.4741,4075.4301
132522000,4068.4941,4488200,62421200,12587575500,182246463300,4062.4425,4076.2657,4035.4741,4075.4301
132527000,4068.1751,4384000,59088900,12591959500,182305552200,4062.4425,4076.2657,4035.4741,4075.4301
132532000,4066.8158,5443100,77825600,12597402600,182383377800,4062.4425,4076.2657,4035.4741,4075.4301
132537000,4067.2141,3953200,53339000,12601355800,182436716800,4062.4425,4076.2657,4035.4741,4075.4301
132542000,4066.5834,4543900,66722300,12605899700,182503439100,4062.4425,4076.2657,4035.4741,4075.4301
132547000,4067.2355,2820200,35450200,12608719900,182538889300,4062.4425,4076.2657,4035.4741,4075.4301
132552000,4067.6866,5130600,65998700,12613850500,182604888000,4062.4425,4076.2657,4035.4741,4075.4301
132557000,4067.4347,4937000,53592000,12618787500,182658480000,4062.4425,4076.2657,4035.4741,4075.4301
132602000,4067.2714,4175800,54752100,12622963300,182713232100,4062.4425,4076.2657,4035.4741,4075.4301
132607000,4067.4831,5884600,77260400,12628847900,182790492500,4062.4425,4076.2657,4035.4741,4075.4301
132612000,4067.5145,5413100,72104200,12634261000,182862596700,4062.4425,4076.2657,4035.4741,4075.4301
132617000,4067.5674,2897900,39706400,12637158900,182902303100,4062.4425,4076.2657,4035.4741,4075.4301
132622000,4068.2565,4245200,64735200,12641404100,182967038300,4062.4425,4076.2657,4035.4741,4075.4301
132627000,4067.8301,4090900,60997300,12645495000,183028035600,4062.4425,4076.2657,4035.4741,4075.4301
132632000,4067.8134,3066700,51960100,12648561700,183079995700,4062.4425,4076.2657,4035.4741,4075.4301
132637000,4067.9088,3130100,43596400,12651691800,183123592100,4062.4425,4076.2657,4035.4741,4075.4301
132642000,4067.8307,4342100,56429300,12656033900,183180021400,4062.4425,4076.2657,4035.4741,4075.4301
132647000,4067.6677,2427500,47602500,12658461400,183227623900,4062.4425,4076.2657,4035.4741,4075.4301
132652000,4068.3591,3795000,54271300,12662256400,183281895200,4062.4425,4076.2657,4035.4741,4075.4301
132657000,4068.0094,3973700,54718200,12666230100,183336613400,4062.4425,4076.2657,4035.4741,4075.4301
132702000,4067.8492,3815900,64330400,12670046000,183400943800,4062.4425,4076.2657,4035.4741,4075.4301
132707000,4068.1622,3506300,50344900,12673552300,183451288700,4062.4425,4076.2657,4035.4741,4075.4301
132712000,4068.1301,5050100,83495200,12678602400,183534783900,4062.4425,4076.2657,4035.4741,4075.4301
132717000,4068.1076,3253900,61326900,12681856300,183596110800,4062.4425,4076.2657,4035.4741,4075.4301
132722000,4068.431,4480500,80401200,12686336800,183676512000,4062.4425,4076.2657,4035.4741,4075.4301
132727000,4067.9238,4297300,70635200,12690634100,183747147200,4062.4425,4076.2657,4035.4741,4075.4301
132732000,4068.2578,3069000,52388100,12693703100,183799535300,4062.4425,4076.2657,4035.4741,4075.4301
132737000,4068.15,3405600,65529600,12697108700,183865064900,4062.4425,4076.2657,4035.4741,4075.4301
132742000,4068.0444,5407300,87649500,12702516000,183952714400,4062.4425,4076.2657,4035.4741,4075.4301
132747000,4067.9411,3081500,51496700,12705597500,184004211100,4062.4425,4076.2657,4035.4741,4075.4301
132752000,4068.2588,3778800,64886500,12709376300,184069097600,4062.4425,4076.2657,4035.4741,4075.4301
132757000,4068.2502,4391200,80408700,12713767500,184149506300,4062.4425,4076.2657,4035.4741,4075.4301
132802000,4068.5303,3569500,73074300,12717337000,184222580600,4062.4425,4076.2657,4035.4741,4075.4301
132807000,4068.7964,3248300,59431000,12720585300,184282011600,4062.4425,4076.2657,4035.4741,4075.4301
132812000,4069.0079,3919900,80590700,12724505200,184362602300,4062.4425,4076.2657,4035.4741,4075.4301
132817000,4069.2396,2868900,54081900,12727374100,184416684200,4062.4425,4076.2657,4035.4741,4075.4301
132822000,4069.4107,4827300,83840700,12732201400,184500524900,4062.4425,4076.2657,4035.4741,4075.4301
132827000,4069.4622,4490900,75520800,12736692300,184576045700,4062.4425,4076.2657,4035.4741,4075.4301
132832000,4069.8395,4664400,78175900,12741356700,184654221600,4062.4425,4076.2657,4035.4741,4075.4301
132837000,4069.9485,4552300,74447200,12745909000,184728668800,4062.4425,4076.2657,4035.4741,4075.4301
132842000,4070.0883,4479900,78236500,12750388900,184806905300,4062.4425,4076.2657,4035.4741,4075.4301
132847000,4069.7662,3317900,47439500,12753706800,184854344800,4062.4425,4076.2657,4035.4741,4075.4301
132852000,4070.2627,4953700,73761600,12758660500,184928106400,4062.4425,4076.2657,4035.4741,4075.4301
132857000,4070.2286,6130800,93285500,12764791300,185021391900,4062.4425,4076.2657,4035.4741,4075.4301
132902000,4069.9891,4033800,56734500,12768825100,185078126400,4062.4425,4076.2657,4035.4741,4075.4301
132907000,4070.6545,4257500,77646100,12773082600,185155772500,4062.4425,4076.2657,4035.4741,4075.4301
132912000,4070.42,4246600,79321100,12777329200,185235093600,4062.4425,4076.2657,4035.4741,4075.4301
132917000,4070.5589,3058900,56260700,12780388100,185291354300,4062.4425,4076.2657,4035.4741,4075.4301
132922000,4071.2487,5178400,77330400,12785566500,185368684700,4062.4425,4076.2657,4035.4741,4075.4301
132927000,4071.1107,5015800,80839400,12790582300,185449524100,4062.4425,4076.2657,4035.4741,4075.4301
132932000,4071.0225,4101000,82057300,12794683300,185531581400,4062.4425,4076.2657,4035.4741,4075.4301
132937000,4071.0444,6391600,93774100,12801074900,185625355500,4062.4425,4076.2657,4035.4741,4075.4301
132942000,4071.3574,5548400,85368400,12806623300,185710723900,4062.4425,4076.2657,4035.4741,4075.4301
132947000,4071.4126,2924200,55206000,12809547500,185765929900,4062.4425,4076.2657,4035.4741,4075.4301
132952000,4071.7823,5858100,90989600,12815405600,185856919500,4062.4425,4076.2657,4035.4741,4075.4301
132957000,4071.5077,6704500,100516300,12822110100,185957435800,4062.4425,4076.2657,4035.4741,4075.4301
133002000,4071.9332,4110100,63431000,12826220200,186020866800,4062.4425,4076.2657,4035.4741,4075.4301
133007000,4071.3819,4522800,82133900,12830743000,186103000700,4062.4425,4076.2657,4035.4741,4075.4301
133012000,4071.4908,4207000,72121300,12834950000,186175122000,4062.4425,4076.2657,4035.4741,4075.4301
133017000,4071.5709,2785100,52573700,12837735100,186227695700,4062.4425,4076.2657,4035.4741,4075.4301
133022000,4071.5641,4682800,73120900,12842417900,186300816600,4062.4425,4076.2657,4035.4741,4075.4301
133027000,4071.0468,5322600,75211000,12847740500,186376027600,4062.4425,4076.2657,4035.4741,4075.4301
133032000,4071.6949,2925100,59133200,12850665600,186435160800,4062.4425,4076.2657,4035.4741,4075.4301
133037000,4071.1737,6012900,75423500,12856678500,186510584300,4062.4425,4076.2657,4035.4741,4075.4301
133042000,4071.5489,5951000,77417000,12862629500,186588001300,4062.4425,4076.2657,4035.4741,4075.4301
133047000,4071.3516,2844400,51896700,12865473900,186639898000,4062.4425,4076.2657,4035.4741,4075.4301
133052000,4071.5787,3919400,64321000,12869393300,186704219000,4062.4425,4076.2657,4035.4741,4075.4301
133057000,4071.6118,5493000,86430500,12874886300,186790649500,4062.4425,4076.2657,4035.4741,4075.4301
133102000,4071.4674,3249200,53306300,12878135500,186843955800,4062.4425,4076.2657,4035.4741,4075.4301
133107000,4071.7288,4110800,62726000,12882246300,186906681800,4062.4425,4076.2657,4035.4741,4075.4301
133112000,4071.5081,4429500,70420600,12886675800,186977102400,4062.4425,4076.2657,4035.4741,4075.4301
133117000,4071.358,2744600,43608600,12889420400,187020711000,4062.4425,4076.2657,4035.4741,4075.4301
133122000,4071.4763,4585000,72566400,12894005400,187093277400,4062.4425,4076.2657,4035.4741,4075.4301
133127000,4071.8271,3559900,64429900,12897565300,187157707300,4062.4425,4076.2657,4035.4741,4075.4301
133132000,4071.759,2903200,48358600,12900468500,187206065900,4062.4425,4076.2657,4035.4741,4075.4301
133137000,4071.1134,4322100,60160200,12904790600,187266226100,4062.4425,4076.2657,4035.4741,4075.4301
133142000,4070.5342,4574500,79632100,12909365100,187345858200,4062.4425,4076.2657,4035.4741,4075.4301
133147000,4070.5519,2722600,45719300,12912087700,187391577500,4062.4425,4076.2657,4035.4741,4075.4301
133152000,4070.7211,6512100,102386200,12918599800,187493963700,4062.4425,4076.2657,4035.4741,4075.4301
133157000,4069.6378,6325500,101383800,12924925300,187595347500,4062.4425,4076.2657,4035.4741,4075.4301
133202000,4069.9002,4131200,68953400,12929056500,187664300900,4062.4425,4076.2657,4035.4741,4075.4301
133207000,4069.7602,5537500,87412700,12934594000,187751713600,4062.4425,4076.2657,4035.4741,4075.4301
133212000,4070.0025,4914100,82188500,12939508100,187833902100,4062.4425,4076.2657,4035.4741,4075.4301
133217000,4070.0529,2625200,42424700,12942133300,187876326800,4062.4425,4076.2657,4035.4741,4075.4301
133222000,4070.2629,4425000,83873600,12946558300,187960200400,4062.4425,4076.2657,4035.4741,4075.4301
133227000,4070.429,3808700,69932000,12950367000,188030132400,4062.4425,4076.2657,4035.4741,4075.4301
133232000,4070.2958,3713700,61646800,12954080700,188091779200,4062.4425,4076.2657,4035.4741,4075.4301
133237000,4070.202,3973800,75376100,12958054500,188167155300,4062.4425,4076.2657,4035.4741,4075.4301
133242000,4070.3617,5224200,60810200,12963278700,188227965500,4062.4425,4076.2657,4035.4741,4075.4301
133247000,4070.4059,2549700,46436100,12965828400,188274401600,4062.4425,4076.2657,4035.4741,4075.4301
133252000,4070.9579,3810900,59693500,12969639300,188334095100,4062.4425,4076.2657,4035.4741,4075.4301
133257000,4070.7724,3983500,57622000,12973622800,188391717100,4062.4425,4076.2657,4035.4741,4075.4301
133302000,4070.7647,3142300,48243000,12976765100,188439960100,4062.4425,4076.2657,4035.4741,4075.4301
133307000,4070.8622,3449600,58291900,12980214700,188498252000,4062.4425,4076.2657,4035.4741,4075.4301
133312000,4071.3449,3929200,62149700,12984143900,188560401700,4062.4425,4076.2657,4035.4741,4075.4301
133317000,4071.1934,2834300,38746800,12986978200,188599148500,4062.4425,4076.2657,4035.4741,4075.4301
133322000,4071.6718,4340800,66967400,12991319000,188666115900,4062.4425,4076.2657,4035.4741,4075.4301
133327000,4071.4335,4135300,79597800,12995454300,188745713700,4062.4425,4076.2657,4035.4741,4075.4301
133332000,4071.2197,4166000,71408200,12999620300,188817121900,4062.4425,4076.2657,4035.4741,4075.4301
133337000,4071.1129,3238700,58535700,13002859000,188875657600,4062.4425,4076.2657,4035.4741,4075.4301
133342000,4070.9278,4679400,65960200,13007538400,188941617800,4062.4425,4076.2657,4035.4741,4075.4301
133347000,4071.3191,2459800,38559200,13009998200,188980177000,4062.4425,4076.2657,4035.4741,4075.4301
133352000,4071.4353,6054500,96998800,13016052700,189077175800,4062.4425,4076.2657,4035.4741,4075.4301
133357000,4071.6568,4381800,69973400,13020434500,189147149200,4062.4425,4076.2657,4035.4741,4075.4301
133402000,4071.7883,2307200,37057300,13022741700,189184206500,4062.4425,4076.2657,4035.4741,4075.4301
133407000,4071.7864,3453400,53982300,13026195100,189238188800,4062.4425,4076.2657,4035.4741,4075.4301
133412000,4071.6932,3790000,116930600,13029985100,189355119400,4062.4425,4076.2657,4035.4741,4075.4301
133417000,4071.934,2327700,69299400,13032312800,189424418800,4062.4425,4076.2657,4035.4741,4075.4301
133422000,4072.0224,3921100,78378100,13036233900,189502796900,4062.4425,4076.2657,4035.4741,4075.4301
133427000,4072.1227,3608800,70493000,13039842700,189573289900,4062.4425,4076.2657,4035.4741,4075.4301
133432000,4072.3193,3803500,51889700,13043646200,189625179600,4062.4425,4076.2657,4035.4741,4075.4301
133437000,4072.2638,2798700,65332800,13046444900,189690512400,4062.4425,4076.2657,4035.4741,4075.4301
133442000,4072.2341,3326000,61152800,13049770900,189751665200,4062.4425,4076.2657,4035.4741,4075.4301
133447000,4072.4275,2232600,43478400,13052003500,189795143600,4062.4425,4076.2657,4035.4741,4075.4301
133452000,4072.6403,5557900,103618700,13057561400,189898762300,4062.4425,4076.2657,4035.4741,4075.4301
133457000,4072.476,4715600,56578500,13062277000,189955340800,4062.4425,4076.2657,4035.4741,4075.4301
133502000,4072.2821,4111300,69118300,13066388300,190024459100,4062.4425,4076.2657,4035.4741,4075.4301
133507000,4072.3175,3864300,59632500,13070252600,190084091600,4062.4425,4076.2657,4035.4741,4075.4301
133512000,4071.8662,5564500,76715400,13075817100,190160807000,4062.4425,4076.2657,4035.4741,4075.4301
133517000,4070.5103,5469200,82307400,13081286300,190243114400,4062.4425,4076.2657,4035.4741,4075.4301
133522000,4068.9587,10610600,142325400,13091896900,190385439800,4062.4425,4076.2657,4035.4741,4075.4301
133527000,4068.2853,9638000,137180800,13101534900,190522620600,4062.4425,4076.2657,4035.4741,4075.4301
133532000,4067.4131,7260500,115896900,13108795400,190638517500,4062.4425,4076.2657,4035.4741,4075.4301
133537000,4067.8715,5996100,80162000,13114791500,190718679500,4062.4425,4076.2657,4035.4741,4075.4301
133542000,4067.3386,7182700,96774200,13121974200,190815453700,4062.4425,4076.2657,4035.4741,4075.4301
133547000,4067.4158,3366000,53618700,13125340200,190869072400,4062.4425,4076.2657,4035.4741,4075.4301
133552000,4067.7617,9293100,108452600,13134633300,190977525000,4062.4425,4076.2657,4035.4741,4075.4301
133557000,4067.0782,8881700,119631800,13143515000,191097156800,4062.4425,4076.2657,4035.4741,4075.4301
133602000,4066.2662,7233800,97478400,13150748800,191194635200,4062.4425,4076.2657,4035.4741,4075.4301
133607000,4065.7038,5584100,68706900,13156332900,191263342100,4062.4425,4076.2657,4035.4741,4075.4301
133612000,4065.7345,7876500,108409400,13164209400,191371751500,4062.4425,4076.2657,4035.4741,4075.4301
133617000,4065.4357,4557800,55705900,13168767200,191427457400,4062.4425,4076.2657,4035.4741,4075.4301
133622000,4065.2821,6734400,88494200,13175501600,191515951600,4062.4425,4076.2657,4035.4741,4075.4301
133627000,4065.0712,7927700,95852300,13183429300,191611803900,4062.4425,4076.2657,4035.4741,4075.4301
133632000,4064.8368,4730600,77649200,13188159900,191689453100,4062.4425,4076.2657,4035.4741,4075.4301
133637000,4064.5943,6787600,83176300,13194947500,191772629400,4062.4425,4076.2657,4035.4741,4075.4301
133642000,4064.6481,6789400,96071300,13201736900,191868700700,4062.4425,4076.2657,4035.4741,4075.4301
133647000,4064.2884,5206100,60806000,13206943000,191929506700,4062.4425,4076.2657,4035.4741,4075.4301
133652000,4063.7828,8863500,102803400,13215806500,192032310100,4062.4425,4076.2657,4035.4741,4075.4301
133657000,4063.6919,6020300,88980300,13221826800,192121290400,4062.4425,4076.2657,4035.4741,4075.4301
133702000,4063.4572,5420000,70274900,13227246800,192191565300,4062.4425,4076.2657,4035.4741,4075.4301
133707000,4063.4874,4945400,64313000,13232192200,192255878300,4062.4425,4076.2657,4035.4741,4075.4301
133712000,4063.1653,6072400,82640000,13238264600,192338518300,4062.4425,4076.2657,4035.4741,4075.4301
133717000,4063.0152,4185500,65851300,13242450100,192404369600,4062.4425,4076.2657,4035.4741,4075.4301
133722000,4062.8559,8154500,95730400,13250604600,192500100000,4062.4425,4076.2657,4035.4741,4075.4301
133727000,4063.1543,4809800,72472100,13255414400,192572572100,4062.4425,4076.2657,4035.4741,4075.4301
133732000,4062.7612,4906200,70343600,13260320600,192642915700,4062.4425,4076.2657,4035.4741,4075.4301
133737000,4062.9911,3985000,50614800,13264305600,192693530500,4062.4425,4076.2657,4035.4741,4075.4301
133742000,4062.9919,3865500,63731500,13268171100,192757262000,4062.4425,4076.2657,4035.4741,4075.4301
133747000,4063.1094,4107800,53413700,13272278900,192810675700,4062.4425,4076.2657,4035.4741,4075.4301
133752000,4062.9074,5245300,73910600,13277524200,192884586300,4062.4425,4076.2657,4035.4741,4075.4301
133757000,4062.6355,5689400,73163400,13283213600,192957749700,4062.4425,4076.2657,4035.4741,4075.4301
133802000,4062.7256,4346400,60118100,13287560000,193017867800,4062.4425,4076.2657,4035.4741,4075.4301
133807000,4062.5352,4685100,73849800,13292245100,193091717600,4062.4425,4076.2657,4035.4741,4075.4301
133812000,4062.5297,4071800,60792000,13296316900,193152509600,4062.4425,4076.2657,4035.4741,4075.4301
133817000,4062.8293,2226400,35100800,13298543300,193187610400,4062.4425,4076.2657,4035.4741,4075.4301
133822000,4062.7242,6028600,74016300,13304571900,193261626700,4062.4425,4076.2657,4035.4741,4075.4301
133827000,4062.7556,5618000,73643400,13310189900,193335270100,4062.4425,4076.2657,4035.4741,4075.4301
133832000,4062.4211,3658500,48809000,13313848400,193384079100,4062.4425,4076.2657,4035.4741,4075.4301
133837000,4062.4338,3480300,51713900,13317328700,193435793000,4062.4425,4076.2657,4035.4741,4075.4301
133842000,4062.7324,4368200,60842700,13321696900,193496635700,4062.4425,4076.2657,4035.4741,4075.4301
133847000,4062.5077,2871600,43885100,13324568500,193540520800,4062.4425,4076.2657,4035.4741,4075.4301
133852000,4062.911,4538100,68836000,13329106600,193609356800,4062.4425,4076.2657,4035.4741,4075.4301
133857000,4062.425,5305800,71764000,13334412400,193681120800,4062.4425,4076.2657,4035.4741,4075.4301
133902000,4062.6902,3609000,60865000,13338021400,193741985800,4062.4425,4076.2657,4035.4741,4075.4301
133907000,4062.3413,3016200,41128100,13341037600,193783113900,4062.4425,4076.2657,4035.4741,4075.4301
133912000,4062.473,3945100,58875500,13344982700,193841989400,4062.4425,4076.2657,4035.4741,4075.4301
133917000,4062.4755,3533100,59075800,13348515800,193901065200,4062.4425,4076.2657,4035.4741,4075.4301
133922000,4062.7585,4163700,70361400,13352679500,193971426600,4062.4425,4076.2657,4035.4741,4075.4301
133927000,4062.7983,4569400,64391200,13357248900,194035817800,4062.4425,4076.2657,4035.4741,4075.4301
133932000,4063.2753,3396400,48539400,13360645300,194084357200,4062.4425,4076.2657,4035.4741,4075.4301
133937000,4062.6633,4142400,59275100,13364787700,194143632300,4062.4425,4076.2657,4035.4741,4075.4301
133942000,4062.872,6849600,126214700,13371637300,194269847000,4062.4425,4076.2657,4035.4741,4075.4301
133947000,4063.0677,4650400,92676700,13376287700,194362523700,4062.4425,4076.2657,4035.4741,4075.4301
133952000,4062.945,4642700,76262000,13380930400,194438785700,4062.4425,4076.2657,4035.4741,4075.4301
133957000,4062.5464,6748700,77469200,13387679100,194516254900,4062.4425,4076.2657,4035.4741,4075.4301
134002000,4062.9087,5321000,72178100,13393000100,194588433000,4062.4425,4076.2657,4035.4741,4075.4301
134007000,4062.9679,5440200,78080300,13398440300,194666513300,4062.4425,4076.2657,4035.4741,4075.4301
134012000,4062.8382,7057300,93851900,13405497600,194760365200,4062.4425,4076.2657,4035.4741,4075.4301
134017000,4062.9579,3514400,50722200,13409012000,194811087400,4062.4425,4076.2657,4035.4741,4075.4301
134022000,4063.1149,5400400,70156700,13414412400,194881244100,4062.4425,4076.2657,4035.4741,4075.4301
134027000,4062.9348,4258100,70660000,13418670500,194951904100,4062.4425,4076.2657,4035.4741,4075.4301
134032000,4062.6551,2787400,40941900,13421457900,194992846000,4062.4425,4076.2657,4035.4741,4075.4301
134037000,4063.0372,3401200,55133700,13424859100,195047979700,4062.4425,4076.2657,4035.4741,4075.4301
134042000,4062.7663,4192000,57010800,13429051100,195104990500,4062.4425,4076.2657,4035.4741,4075.4301
134047000,4062.8108,3507700,55645700,13432558800,195160636200,4062.4425,4076.2657,4035.4741,4075.4301
134052000,4063.3183,4280900,55096400,13436839700,195215732600,4062.4425,4076.2657,4035.4741,4075.4301
134057000,4062.8966,3547700,48831000,13440387400,195264563600,4062.4425,4076.2657,4035.4741,4075.4301
134102000,4063.0407,3272600,49786100,13443660000,195314349700,4062.4425,4076.2657,4035.4741,4075.4301
134107000,4063.1321,3856200,52209700,13447516200,195366559400,4062.4425,4076.2657,4035.4741,4075.4301
134112000,4063.1534,5168700,71523900,13452684900,195438083300,4062.4425,4076.2657,4035.4741,4075.4301
134117000,4063.822,3091800,41277300,13455776700,195479360600,4062.4425,4076.2657,4035.4741,4075.4301
134122000,4063.8135,3886400,66968100,13459663100,195546328700,4062.4425,4076.2657,4035.4741,4075.4301
134127000,4063.6968,3467400,52959300,13463130500,195599288000,4062.4425,4076.2657,4035.4741,4075.4301
134132000,4063.9719,2907200,47572800,13466037700,195646860800,4062.4425,4076.2657,4035.4741,4075.4301
134137000,4063.6102,3848900,73142600,13469886600,195720003400,4062.4425,4076.2657,4035.4741,4075.4301
134142000,4063.9648,4266400,62584500,13474153000,195782587900,4062.4425,4076.2657,4035.4741,4075.4301
134147000,4063.9029,2203200,42437000,13476356200,195825024900,4062.4425,4076.2657,4035.4741,4075.4301
134152000,4064.1636,7022200,88541000,13483378400,195913565900,4062.4425,4076.2657,4035.4741,4075.4301
134157000,4064.1725,5556600,79256300,13488935000,195992822200,4062.4425,4076.2657,4035.4741,4075.4301
134202000,4062.8635,4557600,67359300,13493492600,196060181500,4062.4425,4076.2657,4035.4741,4075.4301
134207000,4063.3683,2753800,45224400,13496246400,196105405900,4062.4425,4076.2657,4035.4741,4075.4301
134212000,4063.0751,6509200,75381500,13502755600,196180787400,4062.4425,4076.2657,4035.4741,4075.4301
134217000,4062.7328,2790400,53743800,13505546000,196234531200,4062.4425,4076.2657,4035.4741,4075.4301
134222000,4062.8427,4529500,80536600,13510075500,196315067800,4062.4425,4076.2657,4035.4741,4075.4301
134227000,4062.5992,6339500,98125500,13516415000,196413193300,4062.4425,4076.2657,4035.4741,4075.4301
134232000,4061.4376,4194600,72414800,13520609600,196485608100,4062.4425,4076.2657,4035.4741,4075.4301
134237000,4061.3321,6643800,92448200,13527253400,196578056300,4062.4425,4076.2657,4035.4741,4075.4301
134242000,4061.0951,6067500,91896700,13533320900,196669953000,4062.4425,4076.2657,4035.4741,4075.4301
134247000,4061.4628,5136300,92902600,13538457200,196762855600,4062.4425,4076.2657,4035.4741,4075.4301
134252000,4061.5398,4952700,79658400,13543409900,196842514000,4062.4425,4076.2657,4035.4741,4075.4301
134257000,4061.3089,6608800,78754000,13550018700,196921268000,4062.4425,4076.2657,4035.4741,4075.4301
134302000,4061.371,4388800,68847500,13554407500,196990115500,4062.4425,4076.2657,4035.4741,4075.4301
134307000,4061.0712,5131600,75815800,13559539100,197065931300,4062.4425,4076.2657,4035.4741,4075.4301
134312000,4061.0476,3982100,55624000,13563521200,197121555300,4062.4425,4076.2657,4035.4741,4075.4301
134317000,4061.0496,2748800,46837700,13566270000,197168393000,4062.4425,4076.2657,4035.4741,4075.4301
134322000,4060.9184,7403800,96406900,13573673800,197264799900,4062.4425,4076.2657,4035.4741,4075.4301
134327000,4060.775,6951800,81465800,13580625600,197346265700,4062.4425,4076.2657,4035.4741,4075.4301
134332000,4060.9835,5757900,58149000,13586383500,197404414700,4062.4425,4076.2657,4035.4741,4075.4301
134337000,4060.6743,7702400,70191900,13594085900,197474606600,4062.4425,4076.2657,4035.4741,4075.4301
134342000,4060.6859,5061900,62188300,13599147800,197536794900,4062.4425,4076.2657,4035.4741,4075.4301
134347000,4060.6999,3107000,44867600,13602254800,197581662500,4062.4425,4076.2657,4035.4741,4075.4301
134352000,4060.859,5912900,75452900,13608167700,197657115400,4062.4425,4076.2657,4035.4741,4075.4301
134357000,4061.0328,4870300,64465800,13613038000,197721581200,4062.4425,4076.2657,4035.4741,4075.4301
134402000,4060.7752,4513100,57524900,13617551100,197779106100,4062.4425,4076.2657,4035.4741,4075.4301
134407000,4060.6192,3846900,52006600,13621398000,197831112700,4062.4425,4076.2657,4035.4741,4075.4301
134412000,4060.5755,4523500,59624100,13625921500,197890736800,4062.4425,4076.2657,4035.4741,4075.4301
134417000,4060.3901,3799300,58667700,13629720800,197949404500,4062.4425,4076.2657,4035.4741,4075.4301
134422000,4060.8594,4528000,72922300,13634248800,198022326800,4062.4425,4076.2657,4035.4741,4075.4301
134427000,4060.7037,3460100,51929000,13637708900,198074255800,4062.4425,4076.2657,4035.4741,4075.4301
134432000,4060.9579,3133500,53987500,13640842400,198128243300,4062.4425,4076.2657,4035.4741,4075.4301
134437000,4060.5397,4009800,52726000,13644852200,198180969300,4062.4425,4076.2657,4035.4741,4075.4301
134442000,4060.8764,7206400,76950900,13652058600,198257920200,4062.4425,4076.2657,4035.4741,4075.4301
134447000,4060.7663,3373000,51960400,13655431600,198309880600,4062.4425,4076.2657,4035.4741,4075.4301
134452000,4060.553,5330900,82688700,13660762500,198392569300,4062.4425,4076.2657,4035.4741,4075.4301
134457000,4061.0509,5272300,78128100,13666034800,198470697400,4062.4425,4076.2657,4035.4741,4075.4301
134502000,4060.859,3660700,60889000,13669695500,198531586400,4062.4425,4076.2657,4035.4741,4075.4301
134507000,4060.6996,3739100,62164900,13673434600,198593751300,4062.4425,4076.2657,4035.4741,4075.4301
134512000,4061.1408,4659700,75708100,13678094300,198669459400,4062.4425,4076.2657,4035.4741,4075.4301
134517000,4060.9262,2301000,34381800,13680395300,198703841200,4062.4425,4076.2657,4035.4741,4075.4301
134522000,4061.6215,4884100,87434500,13685279400,198791275700,4062.4425,4076.2657,4035.4741,4075.4301
134527000,4061.5239,5222500,84142800,13690501900,198875418500,4062.4425,4076.2657,4035.4741,4075.4301
134532000,4062.0907,3084000,49456300,13693585900,198924874800,4062.4425,4076.2657,4035.4741,4075.4301
134537000,4061.2307,4789200,69114000,13698375100,198993988800,4062.4425,4076.2657,4035.4741,4075.4301
134542000,4061.5757,5314600,73949700,13703689700,199067938500,4062.4425,4076.2657,4035.4741,4075.4301
134547000,4061.7184,1963000,31721400,13705652700,199099659900,4062.4425,4076.2657,4035.4741,4075.4301
134552000,4061.8924,3417400,58130400,13709070100,199157790300,4062.4425,4076.2657,4035.4741,4075.4301
134557000,4061.5684,4543600,73394100,13713613700,199231184400,4062.4425,4076.2657,4035.4741,4075.4301
134602000,4061.4786,3492600,50253500,13717106300,199281437900,4062.4425,4076.2657,4035.4741,4075.4301
134607000,4061.8607,3422500,50668400,13720528800,199332106300,4062.4425,4076.2657,4035.4741,4075.4301
134612000,4062.1211,3741600,52138000,13724270400,199384244300,4062.4425,4076.2657,4035.4741,4075.4301
134617000,4062.0609,2443300,38039300,13726713700,199422283600,4062.4425,4076.2657,4035.4741,4075.4301
134622000,4062.1478,3900700,54058500,13730614400,199476342100,4062.4425,4076.2657,4035.4741,4075.4301
134627000,4062.0182,3385600,57879700,13734000000,199534221800,4062.4425,4076.2657,4035.4741,4075.4301
134632000,4061.9569,2791200,41299600,13736791200,199575521400,4062.4425,4076.2657,4035.4741,4075.4301
134637000,4062.0736,2607100,36986700,13739398300,199612508100,4062.4425,4076.2657,4035.4741,4075.4301
134642000,4061.9422,4686000,77443900,13744084300,199689952000,4062.4425,4076.2657,4035.4741,4075.4301
134647000,4061.9493,1787100,29225100,13745871400,199719177100,4062.4425,4076.2657,4035.4741,4075.4301
134652000,4061.9094,4785300,59229000,13750656700,199778406100,4062.4425,4076.2657,4035.4741,4075.4301
134657000,4062.1849,3683100,56444100,13754339800,199834850200,4062.4425,4076.2657,4035.4741,4075.4301
134702000,4062.002,4650000,70266300,13758989800,199905116500,4062.4425,4076.2657,4035.4741,4075.4301
134707000,4061.526,3972800,49639800,13762962600,199954756300,4062.4425,4076.2657,4035.4741,4075.4301
134712000,4062.0748,3394800,54167700,13766357400,200008924000,4062.4425,4076.2657,4035.4741,4075.4301
134717000,4061.6582,2676600,35578800,13769034000,200044502800,4062.4425,4076.2657,4035.4741,4075.4301
134722000,4062.0417,3112100,48972200,13772146100,200093475000,4062.4425,4076.2657,4035.4741,4075.4301
134727000,4061.9246,3454600,55170000,13775600700,200148645000,4062.4425,4076.2657,4035.4741,4075.4301
134732000,4062.1638,2841600,50948300,13778442300,200199593300,4062.4425,4076.2657,4035.4741,4075.4301
134737000,4061.82,3058800,44997000,13781501100,200244590300,4062.4425,4076.2657,4035.4741,4075.4301
134742000,4061.9105,3189200,51429200,13784690300,200296019500,4062.4425,4076.2657,4035.4741,4075.4301
134747000,4061.4637,2902800,37128400,13787593100,200333147900,4062.4425,4076.2657,4035.4741,4075.4301
134752000,4061.5615,3624400,69201800,13791217500,200402349700,4062.4425,4076.2657,4035.4741,4075.4301
134757000,4061.5608,3957300,59603600,13795174800,200461953300,4062.4425,4076.2657,4035.4741,4075.4301
134802000,4061.5461,2929000,45108400,13798103800,200507061700,4062.4425,4076.2657,4035.4741,4075.4301
134807000,4061.5066,3039100,53177500,13801142900,200560239200,4062.4425,4076.2657,4035.4741,4075.4301
134812000,4061.395,3676800,52190600,13804819700,200612429800,4062.4425,4076.2657,4035.4741,4075.4301
134817000,4061.3801,2034400,30760800,13806854100,200643190600,4062.4425,4076.2657,4035.4741,4075.4301
134822000,4061.8304,3006800,40578700,13809860900,200683769300,4062.4425,4076.2657,4035.4741,4075.4301
134827000,4061.6497,3120100,52462300,13812981000,200736231600,4062.4425,4076.2657,4035.4741,4075.4301
134832000,4061.9441,3114500,47544700,13816095500,200783776300,4062.4425,4076.2657,4035.4741,4075.4301
134837000,4061.3815,3967400,48796900,13820062900,200832573200,4062.4425,4076.2657,4035.4741,4075.4301
134842000,4061.3696,2937700,45782200,13823000600,200878355400,4062.4425,4076.2657,4035.4741,4075.4301
134847000,4061.3441,1832500,30898300,13824833100,200909253700,4062.4425,4076.2657,4035.4741,4075.4301
134852000,4061.6957,3795900,56314400,13828629000,200965568100,4062.4425,4076.2657,4035.4741,4075.4301
134857000,4061.6643,3234900,56734900,13831863900,201022303000,4062.4425,4076.2657,4035.4741,4075.4301
134902000,4061.5536,3620000,58527700,13835483900,201080830700,4062.4425,4076.2657,4035.4741,4075.4301
134907000,4061.622,4157100,59684100,13839641000,201140514800,4062.4425,4076.2657,4035.4741,4075.4301
134912000,4061.7759,3862200,56664700,13843503200,201197179500,4062.4425,4076.2657,4035.4741,4075.4301
134917000,4061.7043,2718800,41121100,13846222000,201238300600,4062.4425,4076.2657,4035.4741,4075.4301
134922000,4061.7355,3584800,48914300,13849806800,201287214900,4062.4425,4076.2657,4035.4741,4075.4301
134927000,4061.7968,3771100,55331300,13853577900,201342546200,4062.4425,4076.2657,4035.4741,4075.4301
134932000,4061.5759,2614300,42814400,13856192200,201385360600,4062.4425,4076.2657,4035.4741,4075.4301
134937000,4061.4852,2492000,35858900,13858684200,201421219500,4062.4425,4076.2657,4035.4741,4075.4301
134942000,4061.8723,3417900,49386600,13862102100,201470606100,4062.4425,4076.2657,4035.4741,4075.4301
134947000,4061.8883,2490500,29021600,13864592600,201499627700,4062.4425,4076.2657,4035.4741,4075.4301
134952000,4061.6834,3419100,55774500,13868011700,201555402200,4062.4425,4076.2657,4035.4741,4075.4301
134957000,4061.5204,4348100,58266000,13872359800,201613668200,4062.4425,4076.2657,4035.4741,4075.4301
135002000,4062.0938,3292200,51658700,13875652000,201665326900,4062.4425,4076.2657,4035.4741,4075.4301
135007000,4061.9121,3682600,55890200,13879334600,201721217100,4062.4425,4076.2657,4035.4741,4075.4301
135012000,4061.9926,3950400,57468700,13883285000,201778685800,4062.4425,4076.2657,4035.4741,4075.4301
135017000,4062.4129,2002100,35890200,13885287100,201814576000,4062.4425,4076.2657,4035.4741,4075.4301
135022000,4062.1366,3904300,46991500,13889191400,201861567500,4062.4425,4076.2657,4035.4741,4075.4301
135027000,4062.165,3592200,58808200,13892783600,201920375700,4062.4425,4076.2657,4035.4741,4075.4301
135032000,4062.7557,2728600,42017700,13895512200,201962393400,4062.4425,4076.2657,4035.4741,4075.4301
135037000,4062.4169,4049100,61493800,13899561300,202023887200,4062.4425,4076.2657,4035.4741,4075.4301
135042000,4062.8475,7323300,83515200,13906884600,202107402400,4062.4425,4076.2657,4035.4741,4075.4301
135047000,4062.7497,2928500,39962900,13909813100,202147365300,4062.4425,4076.2657,4035.4741,4075.4301
135052000,4063.1968,4816700,81343200,13914629800,202228708500,4062.4425,4076.2657,4035.4741,4075.4301
135057000,4063.8652,4872000,76981300,13919501800,202305689800,4062.4425,4076.2657,4035.4741,4075.4301
135102000,4064.2904,4495300,68161700,13923997100,202373851500,4062.4425,4076.2657,4035.4741,4075.4301
135107000,4064.4663,3900300,58561300,13927897400,202432412800,4062.4425,4076.2657,4035.4741,4075.4301
135112000,4064.8692,4742300,68942800,13932639700,202501355600,4062.4425,4076.2657,4035.4741,4075.4301
135117000,4065.2126,3754600,47634500,13936394300,202548990100,4062.4425,4076.2657,4035.4741,4075.4301
135122000,4065.1914,4632300,65124900,13941026600,202614115000,4062.4425,4076.2657,4035.4741,4075.4301
135127000,4065.5081,5972200,63151000,13946998800,202677266000,4062.4425,4076.2657,4035.4741,4075.4301
135132000,4065.4578,2913800,45800800,13949912600,202723066800,4062.4425,4076.2657,4035.4741,4075.4301
135137000,4065.503,3941800,56355600,13953854400,202779422400,4062.4425,4076.2657,4035.4741,4075.4301
135142000,4065.7683,3884600,76871100,13957739000,202856293500,4062.4425,4076.2657,4035.4741,4075.4301
135147000,4066.2223,2657700,42901300,13960396700,202899194800,4062.4425,4076.2657,4035.4741,4075.4301
135152000,4066.2028,5146000,74733100,13965542700,202973927900,4062.4425,4076.2657,4035.4741,4075.4301
135157000,4066.7657,4843800,70293600,13970386500,203044221500,4062.4425,4076.2657,4035.4741,4075.4301
135202000,4067.5012,4594500,66809400,13974981000,203111030900,4062.4425,4076.2657,4035.4741,4075.4301
135207000,4067.4078,4779000,60883800,13979760000,203171914700,4062.4425,4076.2657,4035.4741,4075.4301
135212000,4067.197,3988500,60459000,13983748500,203232373700,4062.4425,4076.2657,4035.4741,4075.4301
135217000,4067.7476,3728700,45476000,13987477200,203277849700,4062.4425,4076.2657,4035.4741,4075.4301
135222000,4067.8252,3360500,53348800,13990837700,203331198500,4062.4425,4076.2657,4035.4741,4075.4301
135227000,4067.9676,4946800,74831500,13995784500,203406030000,4062.4425,4076.2657,4035.4741,4075.4301
135232000,4067.8311,2592400,45072400,13998376900,203451102400,4062.4425,4076.2657,4035.4741,4075.4301
135237000,4067.9084,3467500,51630600,14001844400,203502733000,4062.4425,4076.2657,4035.4741,4075.4301
135242000,4068.4321,4435400,72730400,14006279800,203575463400,4062.4425,4076.2657,4035.4741,4075.4301
135247000,4068.5123,3035100,55719100,14009314900,203631182500,4062.4425,4076.2657,4035.4741,4075.4301
135252000,4068.9834,3922700,60328600,14013237600,203691511100,4062.4425,4076.2657,4035.4741,4075.4301
135257000,4068.8308,3842200,72182700,14017079800,203763693800,4062.4425,4076.2657,4035.4741,4075.4301
135302000,4069.0351,5318200,59044800,14022398000,203822738600,4062.4425,4076.2657,4035.4741,4075.4301
135307000,4068.8904,4595600,70314700,14026993600,203893053300,4062.4425,4076.2657,4035.4741,4075.4301
135312000,4068.4791,4703600,88337700,14031697200,203981391000,4062.4425,4076.2657,4035.4741,4075.4301
135317000,4069.1259,3591700,58084100,14035288900,204039475100,4062.4425,4076.2657,4035.4741,4075.4301
135322000,4069.2609,4389900,89072000,14039678800,204128547100,4062.4425,4076.2657,4035.4741,4075.4301
135327000,4068.11,3979900,65503800,14043658700,204194050900,4062.4425,4076.2657,4035.4741,4075.4301
135332000,4068.8978,3477900,54663700,14047136600,204248714600,4062.4425,4076.2657,4035.4741,4075.4301
135337000,4068.7966,4302800,59143700,14051439400,204307858300,4062.4425,4076.2657,4035.4741,4075.4301
135342000,4068.4156,4764300,64464500,14056203700,204372322800,4062.4425,4076.2657,4035.4741,4075.4301
135347000,4067.7947,3623800,58434600,14059827500,204430757400,4062.4425,4076.2657,4035.4741,4075.4301
135352000,4067.616,5817300,82861700,14065644800,204513619100,4062.4425,4076.2657,4035.4741,4075.4301
135357000,4067.1287,5248400,77108000,14070893200,204590727100,4062.4425,4076.2657,4035.4741,4075.4301
135402000,4066.3288,6757900,95412600,14077651100,204686139700,4062.4425,4076.2657,4035.4741,4075.4301
135407000,4065.8804,3761800,57834400,14081412900,204743974100,4062.4425,4076.2657,4035.4741,4075.4301
135412000,4066.0396,3851600,53477100,14085264500,204797451200,4062.4425,4076.2657,4035.4741,4075.4301
135417000,4066.4152,2560700,39435400,14087825200,204836886600,4062.4425,4076.2657,4035.4741,4075.4301
135422000,4066.0961,4889600,66197900,14092714800,204903084500,4062.4425,4076.2657,4035.4741,4075.4301
135427000,4066.2092,4208300,55313100,14096923100,204958397600,4062.4425,4076.2657,4035.4741,4075.4301
135432000,4066.6616,3500900,51950400,14100424000,205010348000,4062.4425,4076.2657,4035.4741,4075.4301
135437000,4066.8642,3689900,48841400,14104113900,205059189400,4062.4425,4076.2657,4035.4741,4075.4301
135442000,4067.1215,2699900,43081200,14106813800,205102270600,4062.4425,4076.2657,4035.4741,4075.4301
135447000,4066.7427,3473700,38932700,14110287500,205141203300,4062.4425,4076.2657,4035.4741,4075.4301
135452000,4066.8267,4282900,65706400,14114570400,205206909700,4062.4425,4076.2657,4035.4741,4075.4301
135457000,4066.6416,3496100,50603300,14118066500,205257513000,4062.4425,4076.2657,4035.4741,4075.4301
135502000,4066.8166,2951200,44199400,14121017700,205301712400,4062.4425,4076.2657,4035.4741,4075.4301
135507000,4066.8529,4538600,57466600,14125556300,205359179000,4062.4425,4076.2657,4035.4741,4075.4301
135512000,4067.0372,4163700,59301700,14129720000,205418480700,4062.4425,4076.2657,4035.4741,4075.4301
135517000,4066.9883,2429100,28313100,14132149100,205446793800,4062.4425,4076.2657,4035.4741,4075.4301
135522000,4067.3456,4446000,52623800,14136595100,205499417600,4062.4425,4076.2657,4035.4741,4075.4301
135527000,4067.2406,4355900,54959800,14140951000,205554377400,4062.4425,4076.2657,4035.4741,4075.4301
135532000,4067.5261,2550300,40255500,14143501300,205594632900,4062.4425,4076.2657,4035.4741,4075.4301
135537000,4067.6144,7101500,77937700,14150602800,205672570600,4062.4425,4076.2657,4035.4741,4075.4301
135542000,4067.6294,7350200,85659100,14157953000,205758229700,4062.4425,4076.2657,4035.4741,4075.4301
135547000,4067.9617,2651000,37463900,14160604000,205795693600,4062.4425,4076.2657,4035.4741,4075.4301
135552000,4068.0825,6143900,82533900,14166747900,205878227500,4062.4425,4076.2657,4035.4741,4075.4301
135557000,4068.0389,3771100,50293600,14170519000,205928521100,4062.4425,4076.2657,4035.4741,4075.4301
135602000,4068.1157,2602100,47346100,14173121100,205975867200,4062.4425,4076.2657,4035.4741,4075.4301
135607000,4068.3792,4062700,55878800,14177183800,206031746000,4062.4425,4076.2657,4035.4741,4075.4301
135612000,4068.1005,4207000,55608500,14181390800,206087354500,4062.4425,4076.2657,4035.4741,4075.4301
135617000,4068.3928,2003100,33316500,14183393900,206120671000,4062.4425,4076.2657,4035.4741,4075.4301
135622000,4068.4651,7636900,74954200,14191030800,206195625200,4062.4425,4076.2657,4035.4741,4075.4301
135627000,4068.6234,3730100,46070900,14194760900,206241696100,4062.4425,4076.2657,4035.4741,4075.4301
135632000,4068.4963,3360000,62007900,14198120900,206303704000,4062.4425,4076.2657,4035.4741,4075.4301
135637000,4069.112,4304600,64339200,14202425500,206368043200,4062.4425,4076.2657,4035.4741,4075.4301
135642000,4068.9341,3855800,58214100,14206281300,206426257300,4062.4425,4076.2657,4035.4741,4075.4301
135647000,4069.1677,2398000,28300500,14208679300,206454557800,4062.4425,4076.2657,4035.4741,4075.4301
135652000,4069.4698,4394400,62389400,14213073700,206516947200,4062.4425,4076.2657,4035.4741,4075.4301
135657000,4069.2264,6202300,90867900,14219276000,206607815100,4062.4425,4076.2657,4035.4741,4075.4301
135702000,4069.8833,3297500,56424700,14222573500,206664239800,4062.4425,4076.2657,4035.4741,4075.4301
135707000,4069.8167,4602400,65707400,14227175900,206729947200,4062.4425,4076.2657,4035.4741,4075.4301
135712000,4070.2614,3739000,55279800,14230914900,206785227000,4062.4425,4076.2657,4035.4741,4075.4301
135717000,4070.2843,5540700,49028900,14236455600,206834255900,4062.4425,4076.2657,4035.4741,4075.4301
135722000,4070.6817,5834300,69047100,14242289900,206903303000,4062.4425,4076.2657,4035.4741,4075.4301
135727000,4071.0533,5838700,69542400,14248128600,206972845400,4062.4425,4076.2657,4035.4741,4075.4301
135732000,4070.5069,4992000,66482600,14253120600,207039328000,4062.4425,4076.2657,4035.4741,4075.4301
135737000,4070.3401,4070000,63043500,14257190600,207102371500,4062.4425,4076.2657,4035.4741,4075.4301
135742000,4070.5509,4909400,82208300,14262100000,207184579800,4062.4425,4076.2657,4035.4741,4075.4301
135747000,4070.5627,2790900,37235300,14264890900,207221815100,4062.4425,4076.2657,4035.4741,4075.4301
135752000,4071.0232,5227700,70540300,14270118600,207292355400,4062.4425,4076.2657,4035.4741,4075.4301
135757000,4071.247,4307500,60655500,14274426100,207353010900,4062.4425,4076.2657,4035.4741,4075.4301
135802000,4071.3449,3273100,53697200,14277699200,207406708100,4062.4425,4076.2657,4035.4741,4075.4301
135807000,4071.614,4874400,53510100,14282573600,207460218200,4062.4425,4076.2657,4035.4741,4075.4301
135812000,4071.9922,6216900,80586400,14288790500,207540804600,4062.4425,4076.2657,4035.4741,4075.4301
135817000,4071.69,2875000,35413800,14291665500,207576218400,4062.4425,4076.2657,4035.4741,4075.4301
135822000,4072.2835,5315100,65333100,14296980600,207641551500,4062.4425,4076.2657,4035.4741,4075.4301
135827000,4071.5606,5644300,71835500,14302624900,207713387000,4062.4425,4076.2657,4035.4741,4075.4301
135832000,4071.4777,3595000,52641900,14306219900,207766028900,4062.4425,4076.2657,4035.4741,4075.4301
135837000,4071.2144,5256200,66213200,14311476100,207832242100,4062.4425,4076.2657,4035.4741,4075.4301
135842000,4070.9588,4727400,58963900,14316203500,207891206000,4062.4425,4076.2657,4035.4741,4075.4301
135847000,4071.0569,3697300,49314400,14319900800,207940520400,4062.4425,4076.2657,4035.4741,4075.4301
135852000,4071.5573,7164200,76084200,14327065000,208016604600,4062.4425,4076.2657,4035.4741,4075.4301
135857000,4071.2922,6775000,81763700,14333840000,208098368300,4062.4425,4076.2657,4035.4741,4075.4301
135902000,4071.0686,4726000,58103500,14338566000,208156471800,4062.4425,4076.2657,4035.4741,4075.4301
135907000,4070.9432,5055800,60050500,14343621800,208216522300,4062.4425,4076.2657,4035.4741,4075.4301
135912000,4071.6221,6806900,92376200,14350428700,208308898500,4062.4425,4076.2657,4035.4741,4075.4301
135917000,4071.6054,4754100,59953400,14355182800,208368851900,4062.4425,4076.2657,4035.4741,4075.4301
135922000,4071.6773,5521900,84454200,14360704700,208453306100,4062.4425,4076.2657,4035.4741,4075.4301
135927000,4072.0449,5427900,76925800,14366132600,208530231900,4062.4425,4076.2657,4035.4741,4075.4301
135932000,4072.3484,3487900,51237600,14369620500,208581469500,4062.4425,4076.2657,4035.4741,4075.4301
135937000,4071.788,3439000,49235300,14373059500,208630704800,4062.4425,4076.2657,4035.4741,4075.4301
135942000,4072.3162,4381900,58743800,14377441400,208689448600,4062.4425,4076.2657,4035.4741,4075.4301
135947000,4072.4377,2236100,28924200,14379677500,208718372800,4062.4425,4076.2657,4035.4741,4075.4301
135952000,4072.6998,5563800,65368000,14385241300,208783740800,4062.4425,4076.2657,4035.4741,4075.4301
135957000,4072.1155,6191800,76822700,14391433100,208860563500,4062.4425,4076.2657,4035.4741,4075.4301
140002000,4072.2585,3484300,51966700,14394917400,208912530200,4062.4425,4076.2657,4035.4741,4075.4301
140007000,4072.2521,4034600,60616700,14398952000,208973146900,4062.4425,4076.2657,4035.4741,4075.4301
140012000,4072.6723,4694300,61531500,14403646300,209034678400,4062.4425,4076.2657,4035.4741,4075.4301
140017000,4072.2096,2777700,38700500,14406424000,209073378900,4062.4425,4076.2657,4035.4741,4075.4301
140022000,4071.8848,4913900,80832800,14411337900,209154211700,4062.4425,4076.2657,4035.4741,4075.4301
140027000,4072.5654,4491600,64034900,14415829500,209218246600,4062.4425,4076.2657,4035.4741,4075.4301
140032000,4072.3846,3482300,51545800,14419311800,209269792400,4062.4425,4076.2657,4035.4741,4075.4301
140037000,4072.3045,4186700,59981900,14423498500,209329774300,4062.4425,4076.2657,4035.4741,4075.4301
140042000,4072.4414,5955100,85828600,14429453600,209415602900,4062.4425,4076.2657,4035.4741,4075.4301
140047000,4072.4919,2815100,35846200,14432268700,209451449100,4062.4425,4076.2657,4035.4741,4075.4301
140052000,4072.5485,3599300,53417000,14435868000,209504866100,4062.4425,4076.2657,4035.4741,4075.4301
140057000,4072.444,5369200,64321900,14441237200,209569188000,4062.4425,4076.2657,4035.4741,4075.4301
140102000,4072.7387,3702900,59608000,14444940100,209628796000,4062.4425,4076.2657,4035.4741,4075.4301
140107000,4072.9692,3056800,38783100,14447996900,209667579100,4062.4425,4076.2657,4035.4741,4075.4301
140112000,4072.9266,4333800,76147200,14452330700,209743726300,4062.4425,4076.2657,4035.4741,4075.4301
140117000,4072.856,3535600,58799500,14455866300,209802525800,4062.4425,4076.2657,4035.4741,4075.4301
140122000,4072.7115,7237100,81401300,14463103400,209883927100,4062.4425,4076.2657,4035.4741,4075.4301
140127000,4072.8007,4508200,56484100,14467611600,209940411200,4062.4425,4076.2657,4035.4741,4075.4301
140132000,4072.7233,3919200,70246500,14471530800,210010657700,4062.4425,4076.2657,4035.4741,4075.4301
140137000,4072.9134,4739900,49052400,14476270700,210059710100,4062.4425,4076.2657,4035.4741,4075.4301
140142000,4073.0152,4495800,86059400,14480766500,210145769500,4062.4425,4076.2657,4035.4741,4075.4301
140147000,4073.4053,2863500,42386400,14483630000,210188155900,4062.4425,4076.2657,4035.4741,4075.4301
140152000,4073.6305,5708900,83130600,14489338900,210271286500,4062.4425,4076.2657,4035.4741,4075.4301
140157000,4073.5348,5806400,81812400,14495145300,210353098900,4062.4425,4076.2657,4035.4741,4075.4301
140202000,4073.888,6375200,91259800,14501520500,210444358700,4062.4425,4076.2657,4035.4741,4075.4301
140207000,4073.9848,6462700,109312200,14507983200,210553670900,4062.4425,4076.2657,4035.4741,4075.4301
140212000,4074.3759,7055000,122885700,14515038200,210676556600,4062.4425,4076.2657,4035.4741,4075.4301
140217000,4074.6962,5082400,95611700,14520120600,210772168300,4062.4425,4076.2657,4035.4741,4075.4301
140222000,4075.4917,11854900,213612600,14531975500,210985780900,4062.4425,4076.2657,4035.4741,4075.4301
140227000,4075.1216,9020000,108255200,14540995500,211094036100,4062.4425,4076.2657,4035.4741,4075.4301
140232000,4076.0184,7125400,112399800,14548120900,211206435900,4062.4425,4076.2657,4035.4741,4075.4301
140237000,4076.4767,9610700,125400800,14557731600,211331836700,4062.4425,4077.0666,4035.4741,4075.4301
140242000,4077.1577,8171000,108079600,14565902600,211439916300,4062.4425,4077.1933,4035.4741,4075.4301
140247000,4077.8907,7099700,83358600,14573002300,211523274900,4062.4425,4077.8907,4035.4741,4075.4301
140252000,4078.2508,12776700,190269400,14585779000,211713544300,4062.4425,4078.2759,4035.4741,4075.4301
140257000,4078.3699,10115900,147414300,14595894900,211860958600,4062.4425,4078.7568,4035.4741,4075.4301
140302000,4079.1024,11595000,169163100,14607489900,212030121700,4062.4425,4079.4929,4035.4741,4075.4301
140307000,4079.325,14293500,161508400,14621783400,212191630100,4062.4425,4079.6808,4035.4741,4075.4301
140312000,4080.1427,11680700,155953800,14633464100,212347583900,4062.4425,4080.2655,4035.4741,4075.4301
140317000,4080.2748,5972200,85115900,14639436300,212432699800,4062.4425,4080.3846,4035.4741,4075.4301
140322000,4081.3742,11711500,154152700,14651147800,212586852500,4062.4425,4081.3742,4035.4741,4075.4301
140327000,4081.2818,9459000,126327100,14660606800,212713179600,4062.4425,4081.8484,4035.4741,4075.4301
140332000,4081.6868,8388100,99306200,14668994900,212812485800,4062.4425,4081.8484,4035.4741,4075.4301
140337000,4082.3354,8243900,92893400,14677238800,212905379200,4062.4425,4082.3354,4035.4741,4075.4301
140342000,4082.7575,10809900,133168600,14688048700,213038547800,4062.4425,4082.7575,4035.4741,4075.4301
140347000,4083.0335,6684600,80573600,14694733300,213119121400,4062.4425,4083.0335,4035.4741,4075.4301
140352000,4083.4658,10504200,141425900,14705237500,213260547300,4062.4425,4083.493,4035.4741,4075.4301
140357000,4083.819,11641100,160399100,14716878600,213420946400,4062.4425,4084.3153,4035.4741,4075.4301
140402000,4084.1632,7474800,103887300,14724353400,213524833700,4062.4425,4084.3153,4035.4741,4075.4301
140407000,4084.7875,8417800,97837400,14732771200,213622671100,4062.4425,4084.7875,4035.4741,4075.4301
140412000,4085.0778,10336800,132972800,14743108000,213755643900,4062.4425,4085.323,4035.4741,4075.4301
140417000,4085.4101,5842200,73502000,14748950200,213829145900,4062.4425,4085.4101,4035.4741,4075.4301
140422000,4085.2872,8445300,117437700,14757395500,213946583600,4062.4425,4085.7969,4035.4741,4075.4301
140427000,4085.9007,7375400,109414100,14764770900,214055997700,4062.4425,4086.0054,4035.4741,4075.4301
140432000,4086.0027,5606300,76294600,14770377200,214132292300,4062.4425,4086.0334,4035.4741,4075.4301
140437000,4085.8598,7844300,98354000,14778221500,214230646300,4062.4425,4086.0334,4035.4741,4075.4301
140442000,4086.1214,7631700,109670400,14785853200,214340316700,4062.4425,4086.1214,4035.4741,4075.4301
140447000,4085.9765,4425800,61955700,14790279000,214402272400,4062.4425,4086.1794,4035.4741,4075.4301
140452000,4086.2621,7521700,96234800,14797800700,214498507200,4062.4425,4086.4355,4035.4741,4075.4301
140457000,4086.328,10358100,120401800,14808158800,214618909000,4062.4425,4086.4355,4035.4741,4075.4301
140502000,4086.3177,7090300,97330900,14815249100,214716239900,4062.4425,4086.6725,4035.4741,4075.4301
140507000,4086.2188,6744600,86660300,14821993700,214802900200,4062.4425,4086.6725,4035.4741,4075.4301
140512000,4086.465,9042200,116869200,14831035900,214919769400,4062.4425,4086.6725,4035.4741,4075.4301
140517000,4086.4929,6371300,81591000,14837407200,215001360400,4062.4425,4086.6725,4035.4741,4075.4301
140522000,4086.2244,10203300,116760300,14847610500,215118120700,4062.4425,4086.6725,4035.4741,4075.4301
140527000,4086.1602,8285200,120908800,14855895700,215239029500,4062.4425,4086.6725,4035.4741,4075.4301
140532000,4085.6484,7428400,90953200,14863324100,215329982700,4062.4425,4086.6725,4035.4741,4075.4301
140537000,4084.9101,6834200,92478900,14870158300,215422461600,4062.4425,4086.6725,4035.4741,4075.4301
140542000,4085.646,7830900,108246600,14877989200,215530708200,4062.4425,4086.6725,4035.4741,4075.4301
140547000,4085.3831,4134600,56621500,14882123800,215587329700,4062.4425,4086.6725,4035.4741,4075.4301
140552000,4085.6113,7649600,99111900,14889773400,215686441600,4062.4425,4086.6725,4035.4741,4075.4301
140557000,4085.7965,6469600,83557600,14896243000,215769999200,4062.4425,4086.6725,4035.4741,4075.4301
140602000,4085.9272,6271100,77303700,14902514100,215847302900,4062.4425,4086.6725,4035.4741,4075.4301
140607000,4085.8632,8977000,94251800,14911491100,215941554700,4062.4425,4086.6725,4035.4741,4075.4301
140612000,4086.1009,8576600,99034100,14920067700,216040588800,4062.4425,4086.6725,4035.4741,4075.4301
140617000,4085.9507,4035700,67857300,14924103400,216108446100,4062.4425,4086.6725,4035.4741,4075.4301
140622000,4085.9341,8349800,104169900,14932453200,216212616000,4062.4425,4086.6725,4035.4741,4075.4301
140627000,4086.145,7722400,110223200,14940175600,216322839200,4062.4425,4086.6725,4035.4741,4075.4301
140632000,4086.6221,6440200,94027200,14946615800,216416866400,4062.4425,4086.6725,4035.4741,4075.4301
140637000,4086.8877,7693700,138394100,14954309500,216555260500,4062.4425,4087.19,4035.4741,4075.4301
140642000,4087.2763,6187000,94578900,14960496500,216649839400,4062.4425,4087.2763,4035.4741,4075.4301
140647000,4086.725,4686900,71802900,14965183400,216721642300,4062.4425,4087.2763,4035.4741,4075.4301
140652000,4086.9019,6727200,102373800,14971910600,216824016100,4062.4425,4087.6426,4035.4741,4075.4301
140657000,4087.3887,7418800,109610500,14979329400,216933626600,4062.4425,4087.6426,4035.4741,4075.4301
140702000,4087.3064,4985800,89348700,14984315200,217022975300,4062.4425,4087.7303,4035.4741,4075.4301
140707000,4087.3999,7703400,99822000,14992018600,217122797300,4062.4425,4087.7303,4035.4741,4075.4301
140712000,4087.717,14804600,102082400,15006823200,217224879700,4062.4425,4087.8879,4035.4741,4075.4301
140717000,4087.9447,4040600,65093300,15010863800,217289973000,4062.4425,4087.9447,4035.4741,4075.4301
140722000,4087.5916,6383900,102949800,15017247700,217392922800,4062.4425,4087.9447,4035.4741,4075.4301
140727000,4087.7491,8963200,110975600,15026210900,217503898400,4062.4425,4087.9607,4035.4741,4075.4301
140732000,4087.485,6165700,92968600,15032376600,217596867000,4062.4425,4087.9607,4035.4741,4075.4301
140737000,4086.9221,5303900,79534600,15037680500,217676401600,4062.4425,4087.9607,4035.4741,4075.4301
140742000,4086.1881,7892200,116526100,15045572700,217792927700,4062.4425,4087.9607,4035.4741,4075.4301
140747000,4086.5208,4466900,68076100,15050039600,217861003800,4062.4425,4087.9607,4035.4741,4075.4301
140752000,4085.8841,7716300,109790100,15057755900,217970793900,4062.4425,4087.9607,4035.4741,4075.4301
140757000,4085.3392,6339500,99245100,15064095400,218070039000,4062.4425,4087.9607,4035.4741,4075.4301
140802000,4085.6873,5114300,84217900,15069209700,218154256900,4062.4425,4087.9607,4035.4741,4075.4301
140807000,4085.4737,5724300,90512500,15074934000,218244769400,4062.4425,4087.9607,4035.4741,4075.4301
140812000,4085.4005,7399800,90033500,15082333800,218334802900,4062.4425,4087.9607,4035.4741,4075.4301
140817000,4085.2136,3769900,70764800,15086103700,218405567700,4062.4425,4087.9607,4035.4741,4075.4301
140822000,4085.2704,5602600,86314700,15091706300,218491882400,4062.4425,4087.9607,4035.4741,4075.4301
140827000,4085.501,5098600,75183200,15096804900,218567065600,4062.4425,4087.9607,4035.4741,4075.4301
140832000,4085.0741,4769300,75900400,15101574200,218642966000,4062.4425,4087.9607,4035.4741,4075.4301
140837000,4085.2891,4758400,65153700,15106332600,218708119700,4062.4425,4087.9607,4035.4741,4075.4301
140842000,4085.0233,6397400,108360600,15112730000,218816480300,4062.4425,4087.9607,4035.4741,4075.4301
140847000,4085.1695,2985200,47831400,15115715200,218864311700,4062.4425,4087.9607,4035.4741,4075.4301
140852000,4084.9733,5389800,86086300,15121105000,218950398000,4062.4425,4087.9607,4035.4741,4075.4301
140857000,4084.7411,5731700,88193200,15126836700,219038591200,4062.4425,4087.9607,4035.4741,4075.4301
140902000,4084.5915,4691200,78748700,15131527900,219117339900,4062.4425,4087.9607,4035.4741,4075.4301
140907000,4084.8308,5431600,77561100,15136959500,219194901000,4062.4425,4087.9607,4035.4741,4075.4301
140912000,4084.6249,6032700,93030700,15142992200,219287931700,4062.4425,4087.9607,4035.4741,4075.4301
140917000,4084.8096,3747800,55203000,15146740000,219343134700,4062.4425,4087.9607,4035.4741,4075.4301
140922000,4084.6233,6455800,90453000,15153195800,219433587700,4062.4425,4087.9607,4035.4741,4075.4301
140927000,4084.8159,7108000,116788400,15160303800,219550376100,4062.4425,4087.9607,4035.4741,4075.4301
140932000,4084.6395,3935000,56482100,15164238800,219606858200,4062.4425,4087.9607,4035.4741,4075.4301
140937000,4084.6903,4221200,75436600,15168460000,219682294800,4062.4425,4087.9607,4035.4741,4075.4301
140942000,4084.9011,5090200,74760000,15173550200,219757054800,4062.4425,4087.9607,4035.4741,4075.4301
140947000,4084.4574,2753100,48844200,15176303300,219805899000,4062.4425,4087.9607,4035.4741,4075.4301
140952000,4084.8102,5668100,81369600,15181971400,219887268600,4062.4425,4087.9607,4035.4741,4075.4301
140957000,4084.7017,4977100,74157100,15186948500,219961425700,4062.4425,4087.9607,4035.4741,4075.4301
141002000,4085.211,4070700,68445500,15191019200,220029871200,4062.4425,4087.9607,4035.4741,4075.4301
141007000,4084.8098,4414600,67311900,15195433800,220097183100,4062.4425,4087.9607,4035.4741,4075.4301
141012000,4085.4285,6643500,107891900,15202077300,220205075000,4062.4425,4087.9607,4035.4741,4075.4301
141017000,4085.6258,4499100,77088200,15206576400,220282163200,4062.4425,4087.9607,4035.4741,4075.4301
141022000,4085.4542,6097300,84454400,15212673700,220366617600,4062.4425,4087.9607,4035.4741,4075.4301
141027000,4085.5735,5035100,70425500,15217708800,220437043100,4062.4425,4087.9607,4035.4741,4075.4301
141032000,4085.835,3928400,69609400,15221637200,220506652500,4062.4425,4087.9607,4035.4741,4075.4301
141037000,4085.8825,3478600,75221900,15225115800,220581874400,4062.4425,4087.9607,4035.4741,4075.4301
141042000,4085.9048,6159700,124484000,15231275500,220706358400,4062.4425,4087.9607,4035.4741,4075.4301
141047000,4086.2208,3065000,52884700,15234340500,220759243100,4062.4425,4087.9607,4035.4741,4075.4301
141052000,4086.317,6393500,91967800,15240734000,220851210900,4062.4425,4087.9607,4035.4741,4075.4301
141057000,4086.6256,5559800,91441300,15246293800,220942652200,4062.4425,4087.9607,4035.4741,4075.4301
141102000,4086.2228,4277800,67468900,15250571600,221010121100,4062.4425,4087.9607,4035.4741,4075.4301
141107000,4086.3718,4887800,78343000,15255459400,221088464100,4062.4425,4087.9607,4035.4741,4075.4301
141112000,4086.2733,6167700,95923100,15261627100,221184387200,4062.4425,4087.9607,4035.4741,4075.4301
141117000,4085.4326,3466300,52980400,15265093400,221237367600,4062.4425,4087.9607,4035.4741,4075.4301
141122000,4085.8199,5596700,99607900,15270690100,221336975500,4062.4425,4087.9607,4035.4741,4075.4301
141127000,4085.6476,5951500,75500400,15276641600,221412475900,4062.4425,4087.9607,4035.4741,4075.4301
141132000,4086.0698,3717600,65102500,15280359200,221477578400,4062.4425,4087.9607,4035.4741,4075.4301
141137000,4086.2201,4876500,70165700,15285235700,221547744100,4062.4425,4087.9607,4035.4741,4075.4301
141142000,4086.126,4659000,68645800,15289894700,221616389900,4062.4425,4087.9607,4035.4741,4075.4301
141147000,4085.9864,2869900,44487100,15292764600,221660877000,4062.4425,4087.9607,4035.4741,4075.4301
141152000,4086.7154,5541300,77534900,15298305900,221738411900,4062.4425,4087.9607,4035.4741,4075.4301
141157000,4086.5652,3897000,58855600,15302202900,221797267500,4062.4425,4087.9607,4035.4741,4075.4301
141202000,4086.4763,3379200,59819500,15305582100,221857087000,4062.4425,4087.9607,4035.4741,4075.4301
141207000,4086.2556,4507300,69625900,15310089400,221926712900,4062.4425,4087.9607,4035.4741,4075.4301
141212000,4086.3481,4254400,67806700,15314343800,221994519600,4062.4425,4087.9607,4035.4741,4075.4301
141217000,4086.574,2686900,38866600,15317030700,222033386200,4062.4425,4087.9607,4035.4741,4075.4301
141222000,4086.6617,4456800,68497900,15321487500,222101884100,4062.4425,4087.9607,4035.4741,4075.4301
141227000,4086.5399,4155600,76468900,15325643100,222178353000,4062.4425,4087.9607,4035.4741,4075.4301
141232000,4087.1423,6077200,93328700,15331720300,222271681700,4062.4425,4087.9607,4035.4741,4075.4301
141237000,4087.5581,5327600,75362100,15337047900,222347043800,4062.4425,4087.9607,4035.4741,4075.4301
141242000,4087.2005,6339300,95556700,15343387200,222442600500,4062.4425,4087.9607,4035.4741,4075.4301
141247000,4087.2885,6741200,136905600,15350128400,222579506100,4062.4425,4087.9607,4035.4741,4075.4301
141252000,4088.1009,7974500,114117900,15358102900,222693624000,4062.4425,4088.1009,4035.4741,4075.4301
141257000,4088.1506,7611200,116283900,15365714100,222809907900,4062.4425,4088.1548,4035.4741,4075.4301
141302000,4088.5471,4751600,86577000,15370465700,222896484900,4062.4425,4088.6667,4035.4741,4075.4301
141307000,4088.8382,5665700,84730400,15376131400,222981215300,4062.4425,4088.8382,4035.4741,4075.4301
141312000,4088.7895,7232400,110664500,15383363800,223091879800,4062.4425,4088.9105,4035.4741,4075.4301
141317000,4089.1931,4793400,90803900,15388157200,223182683700,4062.4425,4089.1931,4035.4741,4075.4301
141322000,4088.7988,6545900,89599300,15394703100,223272283000,4062.4425,4089.1931,4035.4741,4075.4301
141327000,4089.331,7540700,112362100,15402243800,223384645100,4062.4425,4089.589,4035.4741,4075.4301
141332000,4089.6918,7046400,106457100,15409290200,223491102200,4062.4425,4089.6918,4035.4741,4075.4301
141337000,4089.6845,6950200,83211100,15416240400,223574313300,4062.4425,4090.1368,4035.4741,4075.4301
141342000,4090.1604,8956800,126448000,15425197200,223700761300,4062.4425,4090.344,4035.4741,4075.4301
141347000,4090.6007,5776800,82501200,15430974000,223783262500,4062.4425,4090.703,4035.4741,4075.4301
141352000,4090.9671,7810400,115282900,15438784400,223898545400,4062.4425,4091.2355,4035.4741,4075.4301
141357000,4091.5115,7600300,121610800,15446384700,224020156200,4062.4425,4091.5115,4035.4741,4075.4301
141402000,4091.3931,7687200,103715000,15454071900,224123871200,4062.4425,4091.5115,4035.4741,4075.4301
141407000,4091.2519,8934400,97884100,15463006300,224221755300,4062.4425,4091.5115,4035.4741,4075.4301
141412000,4091.5482,8782800,121061400,15471789100,224342816700,4062.4425,4091.5482,4035.4741,4075.4301
141417000,4091.7607,5013400,72118000,15476802500,224414934700,4062.4425,4091.8432,4035.4741,4075.4301
141422000,4091.9241,7844300,104527100,15484646800,224519461800,4062.4425,4091.9241,4035.4741,4075.4301
141427000,4091.7315,6643400,90842200,15491290200,224610304000,4062.4425,4092.1815,4035.4741,4075.4301
141432000,4091.8909,4682700,73804200,15495972900,224684108200,4062.4425,4092.1815,4035.4741,4075.4301
141437000,4091.9948,6175800,75722100,15502148700,224759830300,4062.4425,4092.1815,4035.4741,4075.4301
141442000,4092.1111,8135900,108208500,15510284600,224868038800,4062.4425,4092.1815,4035.4741,4075.4301
141447000,4091.7108,4761700,70133700,15515046300,224938172500,4062.4425,4092.1815,4035.4741,4075.4301
141452000,4092.1607,7595800,111546500,15522642100,225049719000,4062.4425,4092.1815,4035.4741,4075.4301
141457000,4092.0904,7303800,93895200,15529945900,225143614200,4062.4425,4092.2972,4035.4741,4075.4301
141502000,4092.4134,4980800,78238500,15534926700,225221852700,4062.4425,4092.5492,4035.4741,4075.4301
141507000,4092.3029,8770800,105626200,15543697500,225327478900,4062.4425,4092.5492,4035.4741,4075.4301
141512000,4092.2386,7092800,93517500,15550790300,225420996400,4062.4425,4092.5492,4035.4741,4075.4301
141517000,4092.5541,4551600,73357700,15555341900,225494354100,4062.4425,4092.8142,4035.4741,4075.4301
141522000,4093.1167,6732700,93163200,15562074600,225587517300,4062.4425,4093.1167,4035.4741,4075.4301
141527000,4092.8899,5977500,78983500,15568052100,225666500800,4062.4425,4093.1167,4035.4741,4075.4301
141532000,4092.7581,6750700,103588300,15574802800,225770089100,4062.4425,4093.1167,4035.4741,4075.4301
141537000,4092.9909,5198800,70440400,15580001600,225840529500,4062.4425,4093.1167,4035.4741,4075.4301
141542000,4092.8795,6271300,83460400,15586272900,225923989900,4062.4425,4093.1167,4035.4741,4075.4301
141547000,4093.0468,5490100,70235900,15591763000,225994225800,4062.4425,4093.1167,4035.4741,4075.4301
141552000,4093.0105,7195800,85693200,15598958800,226079919000,4062.4425,4093.1641,4035.4741,4075.4301
141557000,4092.7028,6824300,89863900,15605783100,226169782900,4062.4425,4093.2522,4035.4741,4075.4301
141602000,4093.4679,5196300,79291100,15610979400,226249074000,4062.4425,4093.4679,4035.4741,4075.4301
141607000,4093.193,5653000,79075000,15616632400,226328149000,4062.4425,4093.4679,4035.4741,4075.4301
141612000,4092.9308,6254900,82663300,15622887300,226410812300,4062.4425,4093.4679,4035.4741,4075.4301
141617000,4092.9565,4692500,79694200,15627579800,226490506500,4062.4425,4093.4679,4035.4741,4075.4301
141622000,4092.6591,6493100,98280200,15634072900,226588786700,4062.4425,4093.4679,4035.4741,4075.4301
141627000,4092.5674,6546900,90758300,15640619800,226679545000,4062.4425,4093.4679,4035.4741,4075.4301
141632000,4092.7597,5396500,94331800,15646016300,226773876800,4062.4425,4093.4679,4035.4741,4075.4301
141637000,4091.9492,5568100,78100400,15651584400,226851977200,4062.4425,4093.4679,4035.4741,4075.4301
141642000,4091.6453,6844900,94118700,15658429300,226946095900,4062.4425,4093.4679,4035.4741,4075.4301
141647000,4091.7423,6632600,87172100,15665061900,227033268000,4062.4425,4093.4679,4035.4741,4075.4301
141652000,4091.2073,6302000,95224800,15671363900,227128492800,4062.4425,4093.4679,4035.4741,4075.4301
141657000,4091.2521,8063400,92643700,15679427300,227221136500,4062.4425,4093.4679,4035.4741,4075.4301
141702000,4090.8103,7234800,96961300,15686662100,227318097800,4062.4425,4093.4679,4035.4741,4075.4301
141707000,4090.6725,5710100,69311000,15692372200,227387408800,4062.4425,4093.4679,4035.4741,4075.4301
141712000,4090.8284,6898700,83104200,15699270900,227470513000,4062.4425,4093.4679,4035.4741,4075.4301
141717000,4090.8268,4681500,58717700,15703952400,227529230700,4062.4425,4093.4679,4035.4741,4075.4301
141722000,4090.6905,6623600,89266800,15710576000,227618497500,4062.4425,4093.4679,4035.4741,4075.4301
141727000,4090.3599,6252300,76450300,15716828300,227694947800,4062.4425,4093.4679,4035.4741,4075.4301
141732000,4090.2284,4264500,65253900,15721092800,227760201700,4062.4425,4093.4679,4035.4741,4075.4301
141737000,4089.9211,4694800,55264800,15725787600,227815466500,4062.4425,4093.4679,4035.4741,4075.4301
141742000,4090.4061,5945800,73861500,15731733400,227889328000,4062.4425,4093.4679,4035.4741,4075.4301
141747000,4090.1724,3732100,55430900,15735465500,227944758900,4062.4425,4093.4679,4035.4741,4075.4301
141752000,4090.6338,8848200,109635200,15744313700,228054394100,4062.4425,4093.4679,4035.4741,4075.4301
141757000,4091.0091,5759400,87221500,15750073100,228141615600,4062.4425,4093.4679,4035.4741,4075.4301
141802000,4090.7219,5309700,75813600,15755382800,228217429200,4062.4425,4093.4679,4035.4741,4075.4301
141807000,4090.8059,5460000,68033300,15760842800,228285462500,4062.4425,4093.4679,4035.4741,4075.4301
141812000,4091.1654,5038300,75038600,15765881100,228360501100,4062.4425,4093.4679,4035.4741,4075.4301
141817000,4091.0692,4486100,69756400,15770367200,228430257500,4062.4425,4093.4679,4035.4741,4075.4301
141822000,4091.2082,4798000,75914300,15775165200,228506171800,4062.4425,4093.4679,4035.4741,4075.4301
141827000,4090.789,5366200,63276700,15780531400,228569448500,4062.4425,4093.4679,4035.4741,4075.4301
141832000,4090.6676,5471600,82626500,15786003000,228652075000,4062.4425,4093.4679,4035.4741,4075.4301
141837000,4090.6856,4146800,54870900,15790149800,228706945900,4062.4425,4093.4679,4035.4741,4075.4301
141842000,4090.7392,4565200,70772100,15794715000,228777718000,4062.4425,4093.4679,4035.4741,4075.4301
141847000,4090.3006,4397400,64369500,15799112400,228842087500,4062.4425,4093.4679,4035.4741,4075.4301
141852000,4090.2967,5382700,70556200,15804495100,228912643700,4062.4425,4093.4679,4035.4741,4075.4301
141857000,4090.2806,4604000,69762800,15809099100,228982406500,4062.4425,4093.4679,4035.4741,4075.4301
141902000,4090.4473,3934800,69881200,15813033900,229052287700,4062.4425,4093.4679,4035.4741,4075.4301
141907000,4090.5263,3993100,57613000,15817027000,229109900700,4062.4425,4093.4679,4035.4741,4075.4301
141912000,4090.3233,4672900,74042200,15821699900,229183942900,4062.4425,4093.4679,4035.4741,4075.4301
141917000,4090.7278,3532900,56778600,15825232800,229240721500,4062.4425,4093.4679,4035.4741,4075.4301
141922000,4090.4503,5285700,76772900,15830518500,229317494400,4062.4425,4093.4679,4035.4741,4075.4301
141927000,4090.2465,5600600,70038500,15836119100,229387532900,4062.4425,4093.4679,4035.4741,4075.4301
141932000,4090.3847,3482200,56442000,15839601300,229443974900,4062.4425,4093.4679,4035.4741,4075.4301
141937000,4090.2468,3746400,53293000,15843347700,229497267900,4062.4425,4093.4679,4035.4741,4075.4301
141942000,4090.5646,4581100,79099700,15847928800,229576367600,4062.4425,4093.4679,4035.4741,4075.4301
141947000,4090.5123,3855400,52044200,15851784200,229628411800,4062.4425,4093.4679,4035.4741,4075.4301
141952000,4090.7737,5051900,82892900,15856836100,229711304700,4062.4425,4093.4679,4035.4741,4075.4301
141957000,4091.2794,7703400,113948500,15864539500,229825253200,4062.4425,4093.4679,4035.4741,4075.4301
142002000,4091.9811,7459000,109471500,15871998500,229934724700,4062.4425,4093.4679,4035.4741,4075.4301
142007000,4092.6973,11744100,130122500,15883742600,230064847200,4062.4425,4093.4679,4035.4741,4075.4301
142012000,4092.5443,7857900,112678800,15891600500,230177526000,4062.4425,4093.4679,4035.4741,4075.4301
142017000,4093.4807,8371400,118163700,15899971900,230295689700,4062.4425,4093.4807,4035.4741,4075.4301
142022000,4094.2564,9058100,111750300,15909030000,230407440000,4062.4425,4094.3348,4035.4741,4075.4301
142027000,4094.277,7045900,102499600,15916075900,230509939600,4062.4425,4094.3386,4035.4741,4075.4301
142032000,4094.3696,6446700,96665100,15922522600,230606604700,4062.4425,4094.4777,4035.4741,4075.4301
142037000,4095.063,8197800,111894600,15930720400,230718499300,4062.4425,4095.6376,4035.4741,4075.4301
142042000,4095.5158,6536100,104742000,15937256500,230823241300,4062.4425,4095.6376,4035.4741,4075.4301
142047000,4095.6566,6104400,88076500,15943360900,230911317800,4062.4425,4095.6566,4035.4741,4075.4301
142052000,4096.1857,9125000,115756700,15952485900,231027074500,4062.4425,4096.5337,4035.4741,4075.4301
142057000,4096.478,8570100,112216300,15961056000,231139290800,4062.4425,4097.1189,4035.4741,4075.4301
142102000,4097.694,9368000,138018300,15970424000,231277309100,4062.4425,4097.7017,4035.4741,4075.4301
142107000,4097.8171,10504000,128151000,15980928000,231405460100,4062.4425,4098.7644,4035.4741,4075.4301
142112000,4099.2669,11598000,149860100,15992526000,231555320200,4062.4425,4099.3833,4035.4741,4075.4301
142117000,4100.1971,8891100,121804700,16001417100,231677124900,4062.4425,4100.1971,4035.4741,4075.4301
142122000,4100.2141,15375900,166080300,16016793000,231843205200,4062.4425,4100.8885,4035.4741,4075.4301
142127000,4101.3368,15519600,181411300,16032312600,232024616500,4062.4425,4101.9936,4035.4741,4075.4301
142132000,4101.7916,13058600,153874300,16045371200,232178490800,4062.4425,4101.9936,4035.4741,4075.4301
142137000,4102.297,11385900,162405700,16056757100,232340896500,4062.4425,4102.882,4035.4741,4075.4301
142142000,4103.4892,13222600,246761500,16069979700,232587658000,4062.4425,4103.4892,4035.4741,4075.4301
142147000,4103.4295,7953700,133716600,16077933400,232721374600,4062.4425,4103.5251,4035.4741,4075.4301
142152000,4103.9495,13067100,162627300,16091000500,232884001900,4062.4425,4103.9495,4035.4741,4075.4301
142157000,4104.8952,13408700,174778800,16104409200,233058780700,4062.4425,4104.8952,4035.4741,4075.4301
142202000,4105.3107,14390400,168981600,16118799600,233227762300,4062.4425,4105.3617,4035.4741,4075.4301
142207000,4105.6956,14737200,178775300,16133536800,233406537600,4062.4425,4105.9635,4035.4741,4075.4301
142212000,4106.4451,13182800,143377500,16146719600,233549915100,4062.4425,4107.0034,4035.4741,4075.4301
142217000,4107.0121,9757500,114905600,16156477100,233664820700,4062.4425,4107.0121,4035.4741,4075.4301
142222000,4107.0377,11520200,165326000,16167997300,233830146700,4062.4425,4107.2843,4035.4741,4075.4301
142227000,4107.5347,12790300,147721300,16180787600,233977868000,4062.4425,4107.5347,4035.4741,4075.4301
142232000,4107.1865,10500100,139990700,16191287700,234117858700,4062.4425,4107.5347,4035.4741,4075.4301
142237000,4107.2373,9258900,119188400,16200546600,234237047100,4062.4425,4107.5347,4035.4741,4075.4301
142242000,4107.5194,21890300,192412500,16222436900,234429459600,4062.4425,4107.5347,4035.4741,4075.4301
142247000,4107.5228,18075500,170251800,16240512400,234599711400,4062.4425,4107.59,4035.4741,4075.4301
142252000,4107.5026,14189300,192777800,16254701700,234792489200,4062.4425,4107.7618,4035.4741,4075.4301
142257000,4107.925,10390200,142454800,16265091900,234934944000,4062.4425,4107.925,4035.4741,4075.4301
142302000,4107.8997,9478100,139085200,16274570000,235074029200,4062.4425,4107.925,4035.4741,4075.4301
142307000,4107.6897,11219300,131793100,16285789300,235205822300,4062.4425,4107.925,4035.4741,4075.4301
142312000,4107.786,9963400,122238500,16295752700,235328060800,4062.4425,4108.171,4035.4741,4075.4301
142317000,4107.4883,8039100,117463600,16303791800,235445524400,4062.4425,4108.171,4035.4741,4075.4301
142322000,4107.7801,10710600,137407900,16314502400,235582932300,4062.4425,4108.171,4035.4741,4075.4301
142327000,4107.6302,11767400,159448200,16326269800,235742380500,4062.4425,4108.171,4035.4741,4075.4301
142332000,4107.3274,9998900,169187800,16336268700,235911568300,4062.4425,4108.171,4035.4741,4075.4301
142337000,4107.4184,9761900,128582700,16346030600,236040151000,4062.4425,4108.171,4035.4741,4075.4301
142342000,4107.4632,10365000,126775900,16356395600,236166926900,4062.4425,4108.171,4035.4741,4075.4301
142347000,4107.5981,7927600,98493900,16364323200,236265420800,4062.4425,4108.171,4035.4741,4075.4301
142352000,4107.1191,9169500,114903800,16373492700,236380324600,4062.4425,4108.171,4035.4741,4075.4301
142357000,4107.3597,10313200,129663800,16383805900,236509988400,4062.4425,4108.171,4035.4741,4075.4301
142402000,4107.4059,10215800,137511300,16394021700,236647499700,4062.4425,4108.171,4035.4741,4075.4301
142407000,4107.315,11343900,107302200,16405365600,236754801900,4062.4425,4108.171,4035.4741,4075.4301
142412000,4107.4365,12937600,138942500,16418303200,236893744400,4062.4425,4108.171,4035.4741,4075.4301
142417000,4107.3908,6803200,86642900,16425106400,236980387300,4062.4425,4108.171,4035.4741,4075.4301
142422000,4107.1204,10738100,146284500,16435844500,237126671800,4062.4425,4108.171,4035.4741,4075.4301
142427000,4107.5763,8471100,106951400,16444315600,237233623200,4062.4425,4108.171,4035.4741,4075.4301
142432000,4108.2032,9073200,137067200,16453388800,237370690400,4062.4425,4108.2032,4035.4741,4075.4301
142437000,4108.1342,10349700,108864400,16463738500,237479554800,4062.4425,4108.6835,4035.4741,4075.4301
142442000,4108.5178,7662600,109414500,16471401100,237588969300,4062.4425,4109.0119,4035.4741,4075.4301
142447000,4109.8441,10007800,117697800,16481408900,237706667100,4062.4425,4110.1759,4035.4741,4075.4301
142452000,4109.5857,11333000,162338900,16492741900,237869006000,4062.4425,4110.1759,4035.4741,4075.4301
142457000,4110.9078,11282100,168579000,16504024000,238037585000,4062.4425,4110.9929,4035.4741,4075.4301
142502000,4111.1831,14823700,179954800,16518847700,238217539800,4062.4425,4111.5446,4035.4741,4075.4301
142507000,4111.2733,12315900,153265700,16531163600,238370805500,4062.4425,4112.2134,4035.4741,4075.4301
142512000,4112.0749,12187900,169947500,16543351500,238540753000,4062.4425,4112.2913,4035.4741,4075.4301
142517000,4112.2131,7205500,99706000,16550557000,238640459000,4062.4425,4112.2913,4035.4741,4075.4301
142522000,4112.4814,11246100,171552100,16561803100,238812011100,4062.4425,4112.6003,4035.4741,4075.4301
142527000,4112.2726,14218400,232575100,16576021500,239044586200,4062.4425,4112.6003,4035.4741,4075.4301
142532000,4112.298,9177000,171236100,16585198500,239215822300,4062.4425,4112.6003,4035.4741,4075.4301
142537000,4112.384,9323500,133279700,16594522000,239349102000,4062.4425,4112.6003,4035.4741,4075.4301
142542000,4112.5001,12563000,176733800,16607085000,239525835800,4062.4425,4112.6003,4035.4741,4075.4301
142547000,4112.6103,8246900,112421300,16615331900,239638257100,4062.4425,4112.8586,4035.4741,4075.4301
142552000,4112.7108,11063100,145233400,16626395000,239783490500,4062.4425,4112.8586,4035.4741,4075.4301
142557000,4112.5603,9808200,148216300,16636203200,239931706800,4062.4425,4112.8586,4035.4741,4075.4301
142602000,4112.6949,11843600,150046600,16648046800,240081753400,4062.4425,4113.1401,4035.4741,4075.4301
142607000,4112.7712,9578200,117193800,16657625000,240198947200,4062.4425,4113.1401,4035.4741,4075.4301
142612000,4112.7429,8939700,123956000,16666564700,240322903200,4062.4425,4113.1401,4035.4741,4075.4301
142617000,4112.4412,7637600,116228200,16674202300,240439131400,4062.4425,4113.1401,4035.4741,4075.4301
142622000,4112.6709,10579600,136919600,16684781900,240576051000,4062.4425,4113.1401,4035.4741,4075.4301
142627000,4112.9115,11064400,152548300,16695846300,240728599300,4062.4425,4113.1401,4035.4741,4075.4301
142632000,4112.9923,9275300,128764300,16705121600,240857363600,4062.4425,4113.1401,4035.4741,4075.4301
142637000,4113.4678,11755800,152035900,16716877400,241009399500,4062.4425,4113.7404,4035.4741,4075.4301
142642000,4113.7389,10180500,130946100,16727057900,241140345600,4062.4425,4113.998,4035.4741,4075.4301
142647000,4114.662,8309300,127704300,16735367200,241268049900,4062.4425,4115.1198,4035.4741,4075.4301
142652000,4114.922,13658100,170064100,16749025300,241438114000,4062.4425,4115.1198,4035.4741,4075.4301
142657000,4115.1845,15133000,187592500,16764158300,241625706500,4062.4425,4115.1845,4035.4741,4075.4301
142702000,4115.1868,11569000,155271600,16775727300,241780978100,4062.4425,4115.378,4035.4741,4075.4301
142707000,4114.9426,7348300,113353900,16783075600,241894332000,4062.4425,4115.378,4035.4741,4075.4301
142712000,4114.7317,11461500,155185400,16794537100,242049517400,4062.4425,4115.378,4035.4741,4075.4301
142717000,4115.1152,7512500,104823300,16802049600,242154340700,4062.4425,4115.378,4035.4741,4075.4301
142722000,4114.8167,11406900,138918300,16813456500,242293259000,4062.4425,4115.378,4035.4741,4075.4301
142727000,4114.9579,10274400,148575500,16823730900,242441834500,4062.4425,4115.378,4035.4741,4075.4301
142732000,4114.5371,11498000,144716400,16835228900,242586550900,4062.4425,4115.378,4035.4741,4075.4301
142737000,4114.2999,8718400,112001700,16843947300,242698552600,4062.4425,4115.378,4035.4741,4075.4301
142742000,4113.7127,10978400,143006000,16854925700,242841558600,4062.4425,4115.378,4035.4741,4075.4301
142747000,4113.722,8178600,101024100,16863104300,242942582700,4062.4425,4115.378,4035.4741,4075.4301
142752000,4113.603,9549100,139649000,16872653400,243082231700,4062.4425,4115.378,4035.4741,4075.4301
142757000,4112.9522,10281200,129935300,16882934600,243212167000,4062.4425,4115.378,4035.4741,4075.4301
142802000,4112.3434,8559900,125887200,16891494500,243338054200,4062.4425,4115.378,4035.4741,4075.4301
142807000,4112.3144,10465900,119820300,16901960400,243457874500,4062.4425,4115.378,4035.4741,4075.4301
142812000,4112.1893,14272800,147540500,16916233200,243605415000,4062.4425,4115.378,4035.4741,4075.4301
142817000,4112.2618,6043500,77359400,16922276700,243682774400,4062.4425,4115.378,4035.4741,4075.4301
142822000,4111.5669,9319400,132708300,16931596100,243815482700,4062.4425,4115.378,4035.4741,4075.4301
142827000,4111.4399,8584200,113702600,16940180300,243929185300,4062.4425,4115.378,4035.4741,4075.4301
142832000,4111.3765,5032900,81068900,16945213200,244010254200,4062.4425,4115.378,4035.4741,4075.4301
142837000,4110.9422,7313000,103733500,16952526200,244113987700,4062.4425,4115.378,4035.4741,4075.4301
142842000,4111.2057,7918600,102021400,16960444800,244216009100,4062.4425,4115.378,4035.4741,4075.4301
142847000,4110.8342,5611500,76787200,16966056300,244292796300,4062.4425,4115.378,4035.4741,4075.4301
142852000,4111.3906,7868200,110932200,16973924500,244403728500,4062.4425,4115.378,4035.4741,4075.4301
142857000,4110.8326,8549500,110543200,16982474000,244514271700,4062.4425,4115.378,4035.4741,4075.4301
142902000,4110.3723,6993500,94718800,16989467500,244608990500,4062.4425,4115.378,4035.4741,4075.4301
142907000,4109.9195,7319700,90094800,16996787200,244699085300,4062.4425,4115.378,4035.4741,4075.4301
142912000,4109.7498,6764000,91785000,17003551200,244790870300,4062.4425,4115.378,4035.4741,4075.4301
142917000,4109.6212,6257700,85130700,17009808900,244876001000,4062.4425,4115.378,4035.4741,4075.4301
142922000,4109.3295,8373100,111409800,17018182000,244987410800,4062.4425,4115.378,4035.4741,4075.4301
142927000,4109.4424,6416800,92927300,17024598800,245080338100,4062.4425,4115.378,4035.4741,4075.4301
142932000,4108.6218,7283100,101005800,17031881900,245181343900,4062.4425,4115.378,4035.4741,4075.4301
142937000,4108.4635,6730300,83402800,17038612200,245264746700,4062.4425,4115.378,4035.4741,4075.4301
142942000,4108.139,6637200,98599200,17045249400,245363345900,4062.4425,4115.378,4035.4741,4075.4301
142947000,4107.9185,5942900,73887500,17051192300,245437233400,4062.4425,4115.378,4035.4741,4075.4301
142952000,4107.575,9658700,115103700,17060851000,245552337100,4062.4425,4115.378,4035.4741,4075.4301
142957000,4107.8099,8295100,109229400,17069146100,245661566500,4062.4425,4115.378,4035.4741,4075.4301
143002000,4107.2867,7344600,111447900,17076490700,245773014400,4062.4425,4115.378,4035.4741,4075.4301
143007000,4107.1961,6183100,80203900,17082673800,245853218300,4062.4425,4115.378,4035.4741,4075.4301
143012000,4106.6952,7200600,95889300,17089874400,245949107600,4062.4425,4115.378,4035.4741,4075.4301
143017000,4106.1852,5061700,71661100,17094936100,246020768700,4062.4425,4115.378,4035.4741,4075.4301
143022000,4105.9849,9027000,100814500,17103963100,246121583200,4062.4425,4115.378,4035.4741,4075.4301
143027000,4105.9686,7075500,92600900,17111038600,246214184100,4062.4425,4115.378,4035.4741,4075.4301
143032000,4105.4922,5489600,83882200,17116528200,246298066300,4062.4425,4115.378,4035.4741,4075.4301
143037000,4105.1802,7253300,86269000,17123781500,246384335300,4062.4425,4115.378,4035.4741,4075.4301
143042000,4105.2067,8640500,92162000,17132422000,246476497300,4062.4425,4115.378,4035.4741,4075.4301
143047000,4104.5238,8284500,88963100,17140706500,246565460400,4062.4425,4115.378,4035.4741,4075.4301
143052000,4104.1115,9032400,103840100,17149738900,246669300500,4062.4425,4115.378,4035.4741,4075.4301
143057000,4103.6982,9274500,105980700,17159013400,246775281200,4062.4425,4115.378,4035.4741,4075.4301
143102000,4102.9765,6662900,97229600,17165676300,246872510800,4062.4425,4115.378,4035.4741,4075.4301
143107000,4102.4942,6994100,87167700,17172670400,246959678500,4062.4425,4115.378,4035.4741,4075.4301
143112000,4102.2361,6091300,84925200,17178761700,247044603700,4062.4425,4115.378,4035.4741,4075.4301
143117000,4102.1815,5878400,84665300,17184640100,247129269000,4062.4425,4115.378,4035.4741,4075.4301
143122000,4101.4885,6253800,89199300,17190893900,247218468300,4062.4425,4115.378,4035.4741,4075.4301
143127000,4101.4147,8287100,106894000,17199181000,247325362300,4062.4425,4115.378,4035.4741,4075.4301
143132000,4101.2755,8802200,114818400,17207983200,247440180700,4062.4425,4115.378,4035.4741,4075.4301
143137000,4101.169,7505600,101190900,17215488800,247541371600,4062.4425,4115.378,4035.4741,4075.4301
143142000,4099.5821,11106700,150988300,17226595500,247692359900,4062.4425,4115.378,4035.4741,4075.4301
143147000,4098.6684,12801300,144153600,17239396800,247836513500,4062.4425,4115.378,4035.4741,4075.4301
143152000,4096.3419,19011000,228013500,17258407800,248064527000,4062.4425,4115.378,4035.4741,4075.4301
143157000,4094.7304,20591000,233269600,17278998800,248297796600,4062.4425,4115.378,4035.4741,4075.4301
143202000,4093.4347,11982000,151222900,17290980800,248449019500,4062.4425,4115.378,4035.4741,4075.4301
143207000,4092.8721,9344900,125349000,17300325700,248574368500,4062.4425,4115.378,4035.4741,4075.4301
143212000,4093.3136,9343200,111906900,17309668900,248686275400,4062.4425,4115.378,4035.4741,4075.4301
143217000,4093.4015,6484200,79891100,17316153100,248766166500,4062.4425,4115.378,4035.4741,4075.4301
143222000,4092.9079,8394700,116928000,17324547800,248883094500,4062.4425,4115.378,4035.4741,4075.4301
143227000,4092.7752,7819600,108140700,17332367400,248991235200,4062.4425,4115.378,4035.4741,4075.4301
143232000,4093.1564,6884800,93667800,17339252200,249084903000,4062.4425,4115.378,4035.4741,4075.4301
143237000,4093.5232,11109400,115397600,17350361600,249200300600,4062.4425,4115.378,4035.4741,4075.4301
143242000,4093.7031,13285800,131443500,17363647400,249331744100,4062.4425,4115.378,4035.4741,4075.4301
143247000,4093.668,7211600,84783800,17370859000,249416527900,4062.4425,4115.378,4035.4741,4075.4301
143252000,4093.7365,8814500,112113800,17379673500,249528641700,4062.4425,4115.378,4035.4741,4075.4301
143257000,4094.0947,8132600,102434900,17387806100,249631076600,4062.4425,4115.378,4035.4741,4075.4301
143302000,4093.1566,5709800,80914800,17393515900,249711991400,4062.4425,4115.378,4035.4741,4075.4301
143307000,4093.4219,6957100,89195000,17400473000,249801186400,4062.4425,4115.378,4035.4741,4075.4301
143312000,4093.7271,6127700,85653600,17406600700,249886840000,4062.4425,4115.378,4035.4741,4075.4301
143317000,4092.6444,6052500,81081300,17412653200,249967921300,4062.4425,4115.378,4035.4741,4075.4301
143322000,4092.7763,7123800,98868000,17419777000,250066789300,4062.4425,4115.378,4035.4741,4075.4301
143327000,4092.8099,6758900,87040900,17426535900,250153830200,4062.4425,4115.378,4035.4741,4075.4301
143332000,4091.3376,7030400,106422700,17433566300,250260252900,4062.4425,4115.378,4035.4741,4075.4301
143337000,4091.1042,11955500,135988800,17445521800,250396241700,4062.4425,4115.378,4035.4741,4075.4301
143342000,4090.9609,11569700,167144200,17457091500,250563385900,4062.4425,4115.378,4035.4741,4075.4301
143347000,4090.4848,5764100,69730800,17462855600,250633116700,4062.4425,4115.378,4035.4741,4075.4301
143352000,4090.2299,9713300,133407200,17472568900,250766523900,4062.4425,4115.378,4035.4741,4075.4301
143357000,4089.2929,9921800,116575600,17482490700,250883099500,4062.4425,4115.378,4035.4741,4075.4301
143402000,4088.6047,6029300,85801700,17488520000,250968901200,4062.4425,4115.378,4035.4741,4075.4301
143407000,4088.2357,8810800,113315300,17497330800,251082216500,4062.4425,4115.378,4035.4741,4075.4301
143412000,4088.5269,9043500,97787600,17506374300,251180004100,4062.4425,4115.378,4035.4741,4075.4301
143417000,4088.3679,7499800,84725800,17513874100,251264729900,4062.4425,4115.378,4035.4741,4075.4301
143422000,4088.3411,10699600,101727500,17524573700,251366457400,4062.4425,4115.378,4035.4741,4075.4301
143427000,4088.4067,10011000,109165600,17534584700,251475623000,4062.4425,4115.378,4035.4741,4075.4301
143432000,4088.9314,5985900,86883400,17540570600,251562506400,4062.4425,4115.378,4035.4741,4075.4301
143437000,4088.7798,8911800,92747000,17549482400,251655253400,4062.4425,4115.378,4035.4741,4075.4301
143442000,4089.5913,7397900,85646000,17556880300,251740899400,4062.4425,4115.378,4035.4741,4075.4301
143447000,4089.7158,4050000,62712600,17560930300,251803612000,4062.4425,4115.378,4035.4741,4075.4301
143452000,4089.7752,6247900,78433700,17567178200,251882045700,4062.4425,4115.378,4035.4741,4075.4301
143457000,4090.1397,7424900,86170000,17574603100,251968215700,4062.4425,4115.378,4035.4741,4075.4301
143502000,4090.0895,5994600,77292400,17580597700,252045508100,4062.4425,4115.378,4035.4741,4075.4301
143507000,4090.2856,6173200,78968500,17586770900,252124476600,4062.4425,4115.378,4035.4741,4075.4301
143512000,4090.3927,6009000,75203300,17592779900,252199679900,4062.4425,4115.378,4035.4741,4075.4301
143517000,4090.7887,3731100,47865200,17596511000,252247545100,4062.4425,4115.378,4035.4741,4075.4301
143522000,4090.3421,6111000,78869000,17602622000,252326414100,4062.4425,4115.378,4035.4741,4075.4301
143527000,4090.2949,5919100,80072000,17608541100,252406486100,4062.4425,4115.378,4035.4741,4075.4301
143532000,4090.6589,5582300,68546400,17614123400,252475032500,4062.4425,4115.378,4035.4741,4075.4301
143537000,4090.4258,7271300,85488900,17621394700,252560521400,4062.4425,4115.378,4035.4741,4075.4301
143542000,4089.5709,8050500,91594900,17629445200,252652116300,4062.4425,4115.378,4035.4741,4075.4301
143547000,4089.9602,4362500,68639400,17633807700,252720755700,4062.4425,4115.378,4035.4741,4075.4301
143552000,4089.8458,8076200,100566200,17641883900,252821321900,4062.4425,4115.378,4035.4741,4075.4301
143557000,4089.8668,5656000,83304600,17647539900,252904626500,4062.4425,4115.378,4035.4741,4075.4301
143602000,4089.2727,5355900,70323600,17652895800,252974950100,4062.4425,4115.378,4035.4741,4075.4301
143607000,4089.16,4310100,66041000,17657205900,253040991100,4062.4425,4115.378,4035.4741,4075.4301
143612000,4088.5179,8147900,100590300,17665353800,253141581400,4062.4425,4115.378,4035.4741,4075.4301
143617000,4088.5022,4453600,65601500,17669807400,253207182900,4062.4425,4115.378,4035.4741,4075.4301
143622000,4088.5362,5460000,68769700,17675267400,253275952600,4062.4425,4115.378,4035.4741,4075.4301
143627000,4087.5562,6834000,84673400,17682101400,253360626000,4062.4425,4115.378,4035.4741,4075.4301
143632000,4087.0948,5540800,84496800,17687642200,253445122800,4062.4425,4115.378,4035.4741,4075.4301
143637000,4086.6754,7752600,92556900,17695394800,253537679700,4062.4425,4115.378,4035.4741,4075.4301
143642000,4086.6177,6254100,82511600,17701648900,253620191300,4062.4425,4115.378,4035.4741,4075.4301
143647000,4086.8458,4688200,66389400,17706337100,253686580700,4062.4425,4115.378,4035.4741,4075.4301
143652000,4086.9769,6763700,89491400,17713100800,253776072100,4062.4425,4115.378,4035.4741,4075.4301
143657000,4086.5303,7464100,91974900,17720564900,253868047000,4062.4425,4115.378,4035.4741,4075.4301
143702000,4085.9518,6118000,98924100,17726682900,253966971100,4062.4425,4115.378,4035.4741,4075.4301
143707000,4086.207,6657400,86674300,17733340300,254053645400,4062.4425,4115.378,4035.4741,4075.4301
143712000,4086.0161,6024100,78187600,17739364400,254131833000,4062.4425,4115.378,4035.4741,4075.4301
143717000,4086.151,4341300,67517900,17743705700,254199350900,4062.4425,4115.378,4035.4741,4075.4301
143722000,4086.0564,6570600,82957300,17750276300,254282308200,4062.4425,4115.378,4035.4741,4075.4301
143727000,4086.0405,6014400,86565600,17756290700,254368873800,4062.4425,4115.378,4035.4741,4075.4301
143732000,4085.8142,5888700,92538700,17762179400,254461412500,4062.4425,4115.378,4035.4741,4075.4301
143737000,4086.0245,4569800,71398600,17766749200,254532811100,4062.4425,4115.378,4035.4741,4075.4301
143742000,4086.4216,6976500,97168800,17773725700,254629979900,4062.4425,4115.378,4035.4741,4075.4301
143747000,4086.8094,4974000,82498900,17778699700,254712478800,4062.4425,4115.378,4035.4741,4075.4301
143752000,4086.8931,6917400,86589700,17785617100,254799068500,4062.4425,4115.378,4035.4741,4075.4301
143757000,4087.0385,6453100,76888000,17792070200,254875956500,4062.4425,4115.378,4035.4741,4075.4301
143802000,4086.4119,5425700,82145300,17797495900,254958101800,4062.4425,4115.378,4035.4741,4075.4301
143807000,4086.6654,4793500,73137100,17802289400,255031238900,4062.4425,4115.378,4035.4741,4075.4301
143812000,4086.7146,4938700,71002800,17807228100,255102241700,4062.4425,4115.378,4035.4741,4075.4301
143817000,4087.3158,4723900,52373000,17811952000,255154614700,4062.4425,4115.378,4035.4741,4075.4301
143822000,4086.7353,4647900,72713300,17816599900,255227328000,4062.4425,4115.378,4035.4741,4075.4301
143827000,4087.1583,5900500,84228700,17822500400,255311556700,4062.4425,4115.378,4035.4741,4075.4301
143832000,4087.0646,4830700,77685300,17827331100,255389242000,4062.4425,4115.378,4035.4741,4075.4301
143837000,4086.921,4887100,61822300,17832218200,255451064300,4062.4425,4115.378,4035.4741,4075.4301
143842000,4087.3917,5897600,73637000,17838115800,255524701300,4062.4425,4115.378,4035.4741,4075.4301
143847000,4087.2997,3328500,48097500,17841444300,255572798800,4062.4425,4115.378,4035.4741,4075.4301
143852000,4087.7388,6532500,80143700,17847976800,255652942500,4062.4425,4115.378,4035.4741,4075.4301
143857000,4087.9592,5283400,73207700,17853260200,255726150200,4062.4425,4115.378,4035.4741,4075.4301
143902000,4087.7723,4674200,62642600,17857934400,255788792800,4062.4425,4115.378,4035.4741,4075.4301
143907000,4088.166,6014200,69796800,17863948600,255858589600,4062.4425,4115.378,4035.4741,4075.4301
143912000,4088.2507,5124300,74676000,17869072900,255933265600,4062.4425,4115.378,4035.4741,4075.4301
143917000,4088.5416,3605600,45865900,17872678500,255979131500,4062.4425,4115.378,4035.4741,4075.4301
143922000,4088.3947,6028300,85520600,17878706800,256064652100,4062.4425,4115.378,4035.4741,4075.4301
143927000,4088.9593,4441200,65871300,17883148000,256130523400,4062.4425,4115.378,4035.4741,4075.4301
143932000,4088.4935,4944200,66502100,17888092200,256197025500,4062.4425,4115.378,4035.4741,4075.4301
143937000,4088.4128,6799900,81003900,17894892100,256278029400,4062.4425,4115.378,4035.4741,4075.4301
143942000,4088.5687,6199600,84718800,17901091700,256362748200,4062.4425,4115.378,4035.4741,4075.4301
143947000,4087.351,5344000,73462600,17906435700,256436210800,4062.4425,4115.378,4035.4741,4075.4301
143952000,4086.9691,9372300,137459200,17915808000,256573670000,4062.4425,4115.378,4035.4741,4075.4301
143957000,4086.752,8625500,129458400,17924433500,256703128400,4062.4425,4115.378,4035.4741,4075.4301
144002000,4086.3581,8946300,132220600,17933379800,256835349000,4062.4425,4115.378,4035.4741,4075.4301
144007000,4086.7945,6764700,86106400,17940144500,256921455400,4062.4425,4115.378,4035.4741,4075.4301
144012000,4086.4659,6560200,89396400,17946704700,257010851800,4062.4425,4115.378,4035.4741,4075.4301
144017000,4085.4758,5555300,73315300,17952260000,257084167100,4062.4425,4115.378,4035.4741,4075.4301
144022000,4084.6454,7716100,105493800,17959976100,257189660900,4062.4425,4115.378,4035.4741,4075.4301
144027000,4084.8149,7564100,112333000,17967540200,257301993900,4062.4425,4115.378,4035.4741,4075.4301
144032000,4083.872,8704800,123383600,17976245000,257425377500,4062.4425,4115.378,4035.4741,4075.4301
144037000,4083.8043,7311000,109328000,17983556000,257534705500,4062.4425,4115.378,4035.4741,4075.4301
144042000,4083.6319,7134500,104549500,17990690500,257639255000,4062.4425,4115.378,4035.4741,4075.4301
144047000,4083.4375,4449800,72445800,17995140300,257711700800,4062.4425,4115.378,4035.4741,4075.4301
144052000,4082.956,7468300,109392100,18002608600,257821092900,4062.4425,4115.378,4035.4741,4075.4301
144057000,4083.5215,6433300,88970700,18009041900,257910063600,4062.4425,4115.378,4035.4741,4075.4301
144102000,4082.9469,5762000,74454200,18014803900,257984517800,4062.4425,4115.378,4035.4741,4075.4301
144107000,4083.3557,7665100,96025900,18022469000,258080543700,4062.4425,4115.378,4035.4741,4075.4301
144112000,4082.3357,7159800,99289000,18029628800,258179832700,4062.4425,4115.378,4035.4741,4075.4301
144117000,4082.7516,5958500,77280600,18035587300,258257113300,4062.4425,4115.378,4035.4741,4075.4301
144122000,4082.1268,10763600,116106600,18046350900,258373219900,4062.4425,4115.378,4035.4741,4075.4301
144127000,4082.4126,6681500,100242900,18053032400,258473462800,4062.4425,4115.378,4035.4741,4075.4301
144132000,4082.4093,5458800,87715900,18058491200,258561178700,4062.4425,4115.378,4035.4741,4075.4301
144137000,4082.5303,6609100,86053900,18065100300,258647232600,4062.4425,4115.378,4035.4741,4075.4301
144142000,4083.3164,6689700,99047200,18071790000,258746279800,4062.4425,4115.378,4035.4741,4075.4301
144147000,4083.3832,4779700,86907200,18076569700,258833187000,4062.4425,4115.378,4035.4741,4075.4301
144152000,4083.3642,8018600,103296300,18084588300,258936483300,4062.4425,4115.378,4035.4741,4075.4301
144157000,4083.4081,12729600,110727400,18097317900,259047210700,4062.4425,4115.378,4035.4741,4075.4301
144202000,4083.2843,6287000,85393300,18103604900,259132604000,4062.4425,4115.378,4035.4741,4075.4301
144207000,4083.6073,5817600,69502600,18109422500,259202106600,4062.4425,4115.378,4035.4741,4075.4301
144212000,4083.2088,4767000,74188200,18114189500,259276294800,4062.4425,4115.378,4035.4741,4075.4301
144217000,4083.3449,4690200,62097400,18118879700,259338392200,4062.4425,4115.378,4035.4741,4075.4301
144222000,4082.6419,5278400,86288300,18124158100,259424680500,4062.4425,4115.378,4035.4741,4075.4301
144227000,4082.8774,5110900,75748500,18129269000,259500429000,4062.4425,4115.378,4035.4741,4075.4301
144232000,4082.7295,5434500,75582400,18134703500,259576011400,4062.4425,4115.378,4035.4741,4075.4301
144237000,4082.6716,4469000,64050800,18139172500,259640062200,4062.4425,4115.378,4035.4741,4075.4301
144242000,4082.4217,4660500,70251300,18143833000,259710313500,4062.4425,4115.378,4035.4741,4075.4301
144247000,4082.3754,5749000,106708000,18149582000,259817021500,4062.4425,4115.378,4035.4741,4075.4301
144252000,4082.3559,7518800,113411700,18157100800,259930433200,4062.4425,4115.378,4035.4741,4075.4301
144257000,4082.1293,6225900,71957400,18163326700,260002390600,4062.4425,4115.378,4035.4741,4075.4301
144302000,4081.875,5462200,83027100,18168788900,260085417700,4062.4425,4115.378,4035.4741,4075.4301
144307000,4082.1408,5438200,72279700,18174227100,260157697400,4062.4425,4115.378,4035.4741,4075.4301
144312000,4081.804,6337500,83476800,18180564600,260241174200,4062.4425,4115.378,4035.4741,4075.4301
144317000,4081.9063,3892600,51863100,18184457200,260293037300,4062.4425,4115.378,4035.4741,4075.4301
144322000,4081.6952,12564000,116730500,18197021200,260409767800,4062.4425,4115.378,4035.4741,4075.4301
144327000,4081.5752,5796400,79311000,18202817600,260489078800,4062.4425,4115.378,4035.4741,4075.4301
144332000,4081.571,5091100,82396700,18207908700,260571475500,4062.4425,4115.378,4035.4741,4075.4301
144337000,4081.3148,4741700,65797800,18212650400,260637273300,4062.4425,4115.378,4035.4741,4075.4301
144342000,4081.8565,4829100,78506100,18217479500,260715779400,4062.4425,4115.378,4035.4741,4075.4301
144347000,4080.942,4662600,66548200,18222142100,260782327600,4062.4425,4115.378,4035.4741,4075.4301
144352000,4081.3137,6026600,86173400,18228168700,260868501000,4062.4425,4115.378,4035.4741,4075.4301
144357000,4080.8645,5076800,81626800,18233245500,260950127800,4062.4425,4115.378,4035.4741,4075.4301
144402000,4080.3887,6415400,78776900,18239660900,261028904700,4062.4425,4115.378,4035.4741,4075.4301
144407000,4080.1152,5256800,63413200,18244917700,261092317900,4062.4425,4115.378,4035.4741,4075.4301
144412000,4080.0586,8532100,96307100,18253449800,261188625000,4062.4425,4115.378,4035.4741,4075.4301
144417000,4080.2305,3794500,62788300,18257244300,261251413300,4062.4425,4115.378,4035.4741,4075.4301
144422000,4079.6588,6565100,88886900,18263809400,261340300200,4062.4425,4115.378,4035.4741,4075.4301
144427000,4079.7019,8107100,100775100,18271916500,261441075300,4062.4425,4115.378,4035.4741,4075.4301
144432000,4079.1351,6215800,87843400,18278132300,261528918700,4062.4425,4115.378,4035.4741,4075.4301
144437000,4079.1393,6532700,85491500,18284665000,261614410200,4062.4425,4115.378,4035.4741,4075.4301
144442000,4079.1125,5671100,90387300,18290336100,261704797500,4062.4425,4115.378,4035.4741,4075.4301
144447000,4079.0515,3945400,59948200,18294281500,261764745700,4062.4425,4115.378,4035.4741,4075.4301
144452000,4078.7087,8719400,115941600,18303000900,261880687300,4062.4425,4115.378,4035.4741,4075.4301
144457000,4078.9261,7159500,94703200,18310160400,261975390500,4062.4425,4115.378,4035.4741,4075.4301
144502000,4078.627,10345000,106207600,18320505400,262081598100,4062.4425,4115.378,4035.4741,4075.4301
144507000,4078.5203,7998000,102535700,18328503400,262184133800,4062.4425,4115.378,4035.4741,4075.4301
144512000,4078.5818,6336400,96766500,18334839800,262280900300,4062.4425,4115.378,4035.4741,4075.4301
144517000,4078.7521,3900100,57048700,18338739900,262337949000,4062.4425,4115.378,4035.4741,4075.4301
144522000,4078.7575,7736500,104152000,18346476400,262442101000,4062.4425,4115.378,4035.4741,4075.4301
144527000,4079.4737,6867000,97040800,18353343400,262539141800,4062.4425,4115.378,4035.4741,4075.4301
144532000,4079.4792,6343600,89492700,18359687000,262628634500,4062.4425,4115.378,4035.4741,4075.4301
144537000,4080.4061,5627000,68183400,18365314000,262696817900,4062.4425,4115.378,4035.4741,4075.4301
144542000,4080.4172,8542900,144395500,18373856900,262841213400,4062.4425,4115.378,4035.4741,4075.4301
144547000,4080.3374,4946200,81183800,18378803100,262922397200,4062.4425,4115.378,4035.4741,4075.4301
144552000,4081.0644,6506600,99739000,18385309700,263022136200,4062.4425,4115.378,4035.4741,4075.4301
144557000,4081.4215,5211200,83892300,18390520900,263106028500,4062.4425,4115.378,4035.4741,4075.4301
144602000,4081.5003,6741900,106128000,18397262800,263212156500,4062.4425,4115.378,4035.4741,4075.4301
144607000,4081.6279,6285800,88230800,18403548600,263300387300,4062.4425,4115.378,4035.4741,4075.4301
144612000,4081.4384,6431700,103719600,18409980300,263404106900,4062.4425,4115.378,4035.4741,4075.4301
144617000,4081.8078,5686900,94722800,18415667200,263498829700,4062.4425,4115.378,4035.4741,4075.4301
144622000,4082.4288,8313500,157577400,18423980700,263656407100,4062.4425,4115.378,4035.4741,4075.4301
144627000,4082.7234,8696200,128354600,18432676900,263784761700,4062.4425,4115.378,4035.4741,4075.4301
144632000,4082.8773,6713500,101123900,18439390400,263885885600,4062.4425,4115.378,4035.4741,4075.4301
144637000,4082.8419,5862700,81203200,18445253100,263967088800,4062.4425,4115.378,4035.4741,4075.4301
144642000,4083.1797,7065200,110037600,18452318300,264077126400,4062.4425,4115.378,4035.4741,4075.4301
144647000,4083.2678,4041600,57893900,18456359900,264135020300,4062.4425,4115.378,4035.4741,4075.4301
144652000,4083.2488,6874100,98528000,18463234000,264233548300,4062.4425,4115.378,4035.4741,4075.4301
144657000,4083.4746,5637800,77656000,18468871800,264311204300,4062.4425,4115.378,4035.4741,4075.4301
144702000,4083.8214,6630600,93025900,18475502400,264404230200,4062.4425,4115.378,4035.4741,4075.4301
144707000,4084.1808,6820000,84840300,18482322400,264489070500,4062.4425,4115.378,4035.4741,4075.4301
144712000,4084.0299,5859900,85217900,18488182300,264574288400,4062.4425,4115.378,4035.4741,4075.4301
144717000,4084.5022,5049500,63369100,18493231800,264637657500,4062.4425,4115.378,4035.4741,4075.4301
144722000,4084.4868,5784600,81953700,18499016400,264719611200,4062.4425,4115.378,4035.4741,4075.4301
144727000,4084.2603,6361600,95765200,18505378000,264815376400,4062.4425,4115.378,4035.4741,4075.4301
144732000,4083.8881,7437300,91449700,18512815300,264906826100,4062.4425,4115.378,4035.4741,4075.4301
144737000,4083.9905,4680500,63348800,18517495800,264970174900,4062.4425,4115.378,4035.4741,4075.4301
144742000,4084.1367,6552800,93477000,18524048600,265063651900,4062.4425,4115.378,4035.4741,4075.4301
144747000,4084.1957,3956900,63411600,18528005500,265127063500,4062.4425,4115.378,4035.4741,4075.4301
144752000,4084.8179,6715800,88291300,18534721300,265215354800,4062.4425,4115.378,4035.4741,4075.4301
144757000,4084.6346,6884700,92331700,18541606000,265307686500,4062.4425,4115.378,4035.4741,4075.4301
144802000,4084.7618,5709900,85342900,18547315900,265393029400,4062.4425,4115.378,4035.4741,4075.4301
144807000,4084.762,5542200,81159800,18552858100,265474189200,4062.4425,4115.378,4035.4741,4075.4301
144812000,4084.8939,5378300,83295000,18558236400,265557484200,4062.4425,4115.378,4035.4741,4075.4301
144817000,4084.8216,3850600,56502000,18562087000,265613986200,4062.4425,4115.378,4035.4741,4075.4301
144822000,4084.7352,6454700,86606400,18568541700,265700592600,4062.4425,4115.378,4035.4741,4075.4301
144827000,4084.6044,6353700,93761600,18574895400,265794354200,4062.4425,4115.378,4035.4741,4075.4301
144832000,4084.9959,5483100,83548400,18580378500,265877902600,4062.4425,4115.378,4035.4741,4075.4301
144837000,4085.0433,5640500,82759800,18586019000,265960662400,4062.4425,4115.378,4035.4741,4075.4301
144842000,4084.9997,4999500,77500700,18591018500,266038163100,4062.4425,4115.378,4035.4741,4075.4301
144847000,4084.6696,4490200,72409300,18595508700,266110572400,4062.4425,4115.378,4035.4741,4075.4301
144852000,4084.968,5368200,82124100,18600876900,266192696500,4062.4425,4115.378,4035.4741,4075.4301
144857000,4084.979,6355900,105065700,18607232800,266297762200,4062.4425,4115.378,4035.4741,4075.4301
144902000,4084.9085,5215100,69110100,18612447900,266366872300,4062.4425,4115.378,4035.4741,4075.4301
144907000,4084.9709,4840800,80534000,18617288700,266447406300,4062.4425,4115.378,4035.4741,4075.4301
144912000,4084.8017,8002300,88430800,18625291000,266535837100,4062.4425,4115.378,4035.4741,4075.4301
144917000,4084.7802,3506900,54821700,18628797900,266590658800,4062.4425,4115.378,4035.4741,4075.4301
144922000,4084.928,6042600,98452600,18634840500,266689111400,4062.4425,4115.378,4035.4741,4075.4301
144927000,4085.4372,5904400,86617000,18640744900,266775728400,4062.4425,4115.378,4035.4741,4075.4301
144932000,4085.0992,5043400,71160300,18645788300,266846888700,4062.4425,4115.378,4035.4741,4075.4301
144937000,4085.3365,5778700,82344400,18651567000,266929233100,4062.4425,4115.378,4035.4741,4075.4301
144942000,4085.0862,6382600,83265800,18657949600,267012498900,4062.4425,4115.378,4035.4741,4075.4301
144947000,4085.3454,6971800,84900300,18664921400,267097399200,4062.4425,4115.378,4035.4741,4075.4301
144952000,4085.3211,6556000,80671100,18671477400,267178070300,4062.4425,4115.378,4035.4741,4075.4301
144957000,4085.6772,5818600,79181200,18677296000,267257251500,4062.4425,4115.378,4035.4741,4075.4301
145002000,4085.5502,4598200,68771700,18681894200,267326023200,4062.4425,4115.378,4035.4741,4075.4301
145007000,4085.2282,5717500,80665100,18687611700,267406688300,4062.4425,4115.378,4035.4741,4075.4301
145012000,4085.5098,6650900,86764100,18694262600,267493452400,4062.4425,4115.378,4035.4741,4075.4301
145017000,4085.1351,5056500,75202600,18699319100,267568655000,4062.4425,4115.378,4035.4741,4075.4301
145022000,4084.9766,5855600,80761500,18705174700,267649416500,4062.4425,4115.378,4035.4741,4075.4301
145027000,4085.2592,5153300,80670300,18710328000,267730086800,4062.4425,4115.378,4035.4741,4075.4301
145032000,4085.0758,5979600,82193400,18716307600,267812280200,4062.4425,4115.378,4035.4741,4075.4301
145037000,4085.2333,7307900,95293300,18723615500,267907573500,4062.4425,4115.378,4035.4741,4075.4301
145042000,4084.1647,5834500,92916200,18729450000,268000489700,4062.4425,4115.378,4035.4741,4075.4301
145047000,4084.8198,6164700,78014700,18735614700,268078504400,4062.4425,4115.378,4035.4741,4075.4301
145052000,4084.932,7834700,106638200,18743449400,268185142600,4062.4425,4115.378,4035.4741,4075.4301
145057000,4084.3005,7008100,113873200,18750457500,268299015800,4062.4425,4115.378,4035.4741,4075.4301
145102000,4083.8128,6943100,95156000,18757400600,268394171800,4062.4425,4115.378,4035.4741,4075.4301
145107000,4084.3556,7290200,97504800,18764690800,268491676600,4062.4425,4115.378,4035.4741,4075.4301
145112000,4083.9973,5913200,82558900,18770604000,268574235500,4062.4425,4115.378,4035.4741,4075.4301
145117000,4083.7273,5230800,68262100,18775834800,268642497600,4062.4425,4115.378,4035.4741,4075.4301
145122000,4083.5616,7906500,106912400,18783741300,268749410000,4062.4425,4115.378,4035.4741,4075.4301
145127000,4083.7454,7403100,98546500,18791144400,268847956500,4062.4425,4115.378,4035.4741,4075.4301
145132000,4083.5995,6146200,87732800,18797290600,268935689300,4062.4425,4115.378,4035.4741,4075.4301
145137000,4083.478,5032100,83934100,18802322700,269019623400,4062.4425,4115.378,4035.4741,4075.4301
145142000,4083.2206,6766000,78936600,18809088700,269098560000,4062.4425,4115.378,4035.4741,4075.4301
145147000,4083.5227,4713500,80168000,18813802200,269178728000,4062.4425,4115.378,4035.4741,4075.4301
145152000,4083.1893,8865400,118020600,18822667600,269296748600,4062.4425,4115.378,4035.4741,4075.4301
145157000,4083.1965,7545200,105059400,18830212800,269401808000,4062.4425,4115.378,4035.4741,4075.4301
145202000,4083.0481,6419300,98983300,18836632100,269500791300,4062.4425,4115.378,4035.4741,4075.4301
145207000,4083.5563,7554500,89983900,18844186600,269590775200,4062.4425,4115.378,4035.4741,4075.4301
145212000,4083.1198,6195700,93160800,18850382300,269683936000,4062.4425,4115.378,4035.4741,4075.4301
145217000,4084.1496,5717000,101901500,18856099300,269785837500,4062.4425,4115.378,4035.4741,4075.4301
145222000,4084.0858,10106300,135811900,18866205600,269921649400,4062.4425,4115.378,4035.4741,4075.4301
145227000,4083.6291,7080400,98965400,18873286000,270020614800,4062.4425,4115.378,4035.4741,4075.4301
145232000,4083.7971,8611500,114029600,18881897500,270134644400,4062.4425,4115.378,4035.4741,4075.4301
145237000,4084.2423,7408400,89943600,18889305900,270224588000,4062.4425,4115.378,4035.4741,4075.4301
145242000,4084.0907,6828700,102468900,18896134600,270327056900,4062.4425,4115.378,4035.4741,4075.4301
145247000,4083.8793,5545300,74559200,18901679900,270401616100,4062.4425,4115.378,4035.4741,4075.4301
145252000,4084.307,7652400,107310200,18909332300,270508926300,4062.4425,4115.378,4035.4741,4075.4301
145257000,4083.8079,8555200,117963100,18917887500,270626889400,4062.4425,4115.378,4035.4741,4075.4301
145302000,4084.1156,6324300,87500900,18924211800,270714390300,4062.4425,4115.378,4035.4741,4075.4301
145307000,4084.1965,5640100,86361500,18929851900,270800751800,4062.4425,4115.378,4035.4741,4075.4301
145312000,4083.8079,6132800,86940400,18935984700,270887692200,4062.4425,4115.378,4035.4741,4075.4301
145317000,4083.7648,6081400,80148100,18942066100,270967840300,4062.4425,4115.378,4035.4741,4075.4301
145322000,4084.1413,7095200,96383800,18949161300,271064224100,4062.4425,4115.378,4035.4741,4075.4301
145327000,4083.8393,8862900,115950900,18958024200,271180175000,4062.4425,4115.378,4035.4741,4075.4301
145332000,4083.8745,6432100,106023600,18964456300,271286198600,4062.4425,4115.378,4035.4741,4075.4301
145337000,4084.2699,6292500,98281600,18970748800,271384480200,4062.4425,4115.378,4035.4741,4075.4301
145342000,4083.9878,7058300,92876200,18977807100,271477356400,4062.4425,4115.378,4035.4741,4075.4301
145347000,4084.0039,5723500,90526000,18983530600,271567882400,4062.4425,4115.378,4035.4741,4075.4301
145352000,4084.1445,9991100,128411200,18993521700,271696293600,4062.4425,4115.378,4035.4741,4075.4301
145357000,4084.3029,6715500,106085300,19000237200,271802378900,4062.4425,4115.378,4035.4741,4075.4301
145402000,4084.3607,6423900,99283000,19006661100,271901661900,4062.4425,4115.378,4035.4741,4075.4301
145407000,4084.1734,6884600,105155200,19013545700,272006817100,4062.4425,4115.378,4035.4741,4075.4301
145412000,4084.5266,7268700,96959500,19020814400,272103776600,4062.4425,4115.378,4035.4741,4075.4301
145417000,4084.1708,5518200,78631100,19026332600,272182407700,4062.4425,4115.378,4035.4741,4075.4301
145422000,4084.2098,9265600,117395600,19035598200,272299803300,4062.4425,4115.378,4035.4741,4075.4301
145427000,4084.3632,7631700,104777000,19043229900,272404580300,4062.4425,4115.378,4035.4741,4075.4301
145432000,4084.0012,6987900,105375000,19050217800,272509955300,4062.4425,4115.378,4035.4741,4075.4301
145437000,4084.2495,7116700,95276900,19057334500,272605232200,4062.4425,4115.378,4035.4741,4075.4301
145442000,4083.8727,6886000,101082000,19064220500,272706314200,4062.4425,4115.378,4035.4741,4075.4301
145447000,4084.3061,6438000,82310000,19070658500,272788624200,4062.4425,4115.378,4035.4741,4075.4301
145452000,4084.1694,9062400,113664000,19079720900,272902288200,4062.4425,4115.378,4035.4741,4075.4301
145457000,4083.9028,7135200,98190600,19086856100,273000478800,4062.4425,4115.378,4035.4741,4075.4301
145502000,4083.7326,8531400,107168200,19095387500,273107647000,4062.4425,4115.378,4035.4741,4075.4301
145507000,4083.921,7892000,102996500,19103279500,273210643500,4062.4425,4115.378,4035.4741,4075.4301
145512000,4083.9873,8716900,109492200,19111996400,273320135700,4062.4425,4115.378,4035.4741,4075.4301
145517000,4084.1724,5440400,71271100,19117436800,273391406800,4062.4425,4115.378,4035.4741,4075.4301
145522000,4083.9521,7912500,107663000,19125349300,273499069800,4062.4425,4115.378,4035.4741,4075.4301
145527000,4083.6541,7737300,112895500,19133086600,273611965300,4062.4425,4115.378,4035.4741,4075.4301
145532000,4084.0417,7736600,112087000,19140823200,273724052300,4062.4425,4115.378,4035.4741,4075.4301
145537000,4083.9712,6817100,98279600,19147640300,273822331900,4062.4425,4115.378,4035.4741,4075.4301
145542000,4084.1708,8237600,110955900,19155877900,273933287800,4062.4425,4115.378,4035.4741,4075.4301
145547000,4084.1995,7119700,97229300,19162997600,274030517100,4062.4425,4115.378,4035.4741,4075.4301
145552000,4084.1707,9210900,121303100,19172208500,274151820200,4062.4425,4115.378,4035.4741,4075.4301
145557000,4083.9547,8288700,129463200,19180497200,274281283400,4062.4425,4115.378,4035.4741,4075.4301
145602000,4084.652,7520300,104287300,19188017500,274385570700,4062.4425,4115.378,4035.4741,4075.4301
145607000,4084.6704,7932700,116225800,19195950200,274501796500,4062.4425,4115.378,4035.4741,4075.4301
145612000,4084.5396,9263100,136902600,19205213300,274638699100,4062.4425,4115.378,4035.4741,4075.4301
145617000,4084.2841,6535800,92618400,19211749100,274731317500,4062.4425,4115.378,4035.4741,4075.4301
145622000,4084.1668,9355500,115284400,19221104600,274846601900,4062.4425,4115.378,4035.4741,4075.4301
145627000,4084.629,9413400,129167300,19230518000,274975769200,4062.4425,4115.378,4035.4741,4075.4301
145632000,4084.4829,9136700,131551600,19239654700,275107320800,4062.4425,4115.378,4035.4741,4075.4301
145637000,4084.57,8622900,99527200,19248277600,275206848000,4062.4425,4115.378,4035.4741,4075.4301
145642000,4084.7662,9482400,120309600,19257760000,275327157600,4062.4425,4115.378,4035.4741,4075.4301
145647000,4084.8924,5417500,76404100,19263177500,275403561700,4062.4425,4115.378,4035.4741,4075.4301
145652000,4084.8419,11252100,173181800,19274429600,275576743500,4062.4425,4115.378,4035.4741,4075.4301
145657000,4084.2468,10721300,137254000,19285150900,275713997500,4062.4425,4115.378,4035.4741,4075.4301
145702000,4085.0057,7775700,102979800,19292926600,275816977300,4062.4425,4115.378,4035.4741,4075.4301
145707000,4084.9198,779900,11228500,19293706500,275828205800,4062.4425,4115.378,4035.4741,4075.4301
145712000,4084.9286,0,0,19293706500,275828205800,4062.4425,4115.378,4035.4741,4075.4301
150002000,4084.9286,1114700,27215300,19294821200,275855421100,4062.4425,4115.378,4035.4741,4075.4301
150007000,4085.6743,150953700,2254601800,19445774900,278110022900,4062.4425,4115.378,4035.4741,4075.4301
150012000,4085.8451,0,0,19445774900,278110022900,4062.4425,4115.378,4035.4741,4075.4301
150017000,4085.8451,22986400,172002200,19468761300,278282025100,4062.4425,4115.378,4035.4741,4075.4301
150022000,4085.847,0,0,19468761300,278282025100,4062.4425,4115.378,4035.4741,4075.4301
