Time,Price,Volume,Turnover,AccVolume,AccTurnover,Open,High,Low,PreClose
92511000,3305.8954,64799500,823397000,64799500,823397000,3305.8954,3305.8954,3305.8954,3276.7276
93003000,3307.6851,41197200,414127000,105996700,1237524000,3305.8954,3307.6851,3305.8954,3276.7276
93008000,3310.0873,52603800,618570800,158600500,1856094800,3305.8954,3310.0873,3305.8954,3276.7276
93012000,3311.3443,8457100,106594500,167057600,1962689300,3305.8954,3311.3443,3305.8954,3276.7276
93018000,3311.0684,6265300,81282500,173322900,2043971800,3305.8954,3311.3443,3305.8954,3276.7276
93023000,3311.3463,8747900,120072400,182070800,2164044200,3305.8954,3311.5271,3305.8954,3276.7276
93027000,3311.2509,9951700,137637100,192022500,2301681300,3305.8954,3311.5729,3305.8954,3276.7276
93033000,3310.8162,8454600,106528600,200477100,2408209900,3305.8954,3311.5729,3305.8954,3276.7276
93038000,3310.0435,8783000,115747000,209260100,2523956900,3305.8954,3311.5729,3305.8954,3276.7276
93044000,3309.2406,9059000,106004100,218319100,2629961000,3305.8954,3311.5729,3305.8954,3276.7276
93048000,3308.8851,8038600,91137100,226357700,2721098100,3305.8954,3311.5729,3305.8954,3276.7276
93054000,3307.4392,6688100,85059000,233045800,2806157100,3305.8954,3311.5729,3305.8954,3276.7276
93057000,3307.7944,7366600,84922600,240412400,2891079700,3305.8954,3311.5729,3305.8954,3276.7276
93103000,3306.9556,11435300,138499400,251847700,3029579100,3305.8954,3311.5729,3305.8954,3276.7276
93109000,3305.426,8108600,89125800,259956300,3118704900,3305.8954,3311.5729,3305.426,3276.7276
93114000,3304.1898,10249600,120368500,270205900,3239073400,3305.8954,3311.5729,3304.1898,3276.7276
93118000,3303.5565,7928500,99043100,278134400,3338116500,3305.8954,3311.5729,3303.5565,3276.7276
93124000,3303.2082,6681500,86310600,284815900,3424427100,3305.8954,3311.5729,3303.151,3276.7276
93129000,3302.4232,7328500,103111500,292144400,3527538600,3305.8954,3311.5729,3302.4232,3276.7276
93133000,3302.2109,7074800,91596800,299219200,3619135400,3305.8954,3311.5729,3302.1494,3276.7276
93139000,3301.6514,6532800,82598300,305752000,3701733700,3305.8954,3311.5729,3301.4711,3276.7276
93144000,3301.3768,5601400,77473400,311353400,3779207100,3305.8954,3311.5729,3301.1884,3276.7276
93148000,3301.268,5558500,70034200,316911900,3849241300,3305.8954,3311.5729,3301.1688,3276.7276
93154000,3300.7251,6239300,85084600,323151200,3934325900,3305.8954,3311.5729,3300.6887,3276.7276
93159000,3300.2543,7588400,95190400,330739600,4029516300,3305.8954,3311.5729,3300.2231,3276.7276
93203000,3299.8009,6422200,85798400,337161800,4115314700,3305.8954,3311.5729,3299.8009,3276.7276
93209000,3299.693,6468800,77445900,343630600,4192760600,3305.8954,3311.5729,3299.3209,3276.7276
93214000,3300.1794,7430100,83085400,351060700,4275846000,3305.8954,3311.5729,3299.3209,3276.7276
93218000,3301.3785,5432100,78406700,356492800,4354252700,3305.8954,3311.5729,3299.3209,3276.7276
93224000,3302.0084,6481200,97847100,362974000,4452099800,3305.8954,3311.5729,3299.3209,3276.7276
93229000,3303.1353,5512300,76587900,368486300,4528687700,3305.8954,3311.5729,3299.3209,3276.7276
93233000,3303.9625,5350900,74642900,373837200,4603330600,3305.8954,3311.5729,3299.3209,3276.7276
93239000,3305.1042,6192500,89186500,380029700,4692517100,3305.8954,3311.5729,3299.3209,3276.7276
93244000,3305.9909,7289800,102836800,387319500,4795353900,3305.8954,3311.5729,3299.3209,3276.7276
93248000,3307.2544,6177400,88775500,393496900,4884129400,3305.8954,3311.5729,3299.3209,3276.7276
93254000,3307.5032,6758100,87902700,400255000,4972032100,3305.8954,3311.5729,3299.3209,3276.7276
93259000,3307.7885,4762900,78267200,405017900,5050299300,3305.8954,3311.5729,3299.3209,3276.7276
93303000,3308.1065,4968900,73116900,409986800,5123416200,3305.8954,3311.5729,3299.3209,3276.7276
93309000,3308.027,4861500,71267000,414848300,5194683200,3305.8954,3311.5729,3299.3209,3276.7276
93314000,3307.8624,5710200,91266500,420558500,5285949700,3305.8954,3311.5729,3299.3209,3276.7276
93318000,3307.6842,4492000,71203700,425050500,5357153400,3305.8954,3311.5729,3299.3209,3276.7276
93324000,3306.6909,5767300,68083200,430817800,5425236600,3305.8954,3311.5729,3299.3209,3276.7276
93329000,3306.3503,5756200,92543000,436574000,5517779600,3305.8954,3311.5729,3299.3209,3276.7276
93333000,3304.3853,6549400,81581200,443123400,5599360800,3305.8954,3311.5729,3299.3209,3276.7276
93339000,3303.8737,5581600,79050800,448705000,5678411600,3305.8954,3311.5729,3299.3209,3276.7276
93344000,3303.1786,5805800,78499700,454510800,5756911300,3305.8954,3311.5729,3299.3209,3276.7276
93348000,3302.1378,5965100,79303800,460475900,5836215100,3305.8954,3311.5729,3299.3209,3276.7276
93354000,3301.7566,5446500,77645500,465922400,5913860600,3305.8954,3311.5729,3299.3209,3276.7276
93359000,3300.1319,6646200,83274000,472568600,5997134600,3305.8954,3311.5729,3299.3209,3276.7276
93403000,3300.1921,7974500,88262600,480543100,6085397200,3305.8954,3311.5729,3299.3209,3276.7276
93409000,3299.4535,6627100,79068800,487170200,6164466000,3305.8954,3311.5729,3299.3209,3276.7276
93415000,3299.7854,5630600,78122500,492800800,6242588500,3305.8954,3311.5729,3299.056,3276.7276
93420000,3299.0374,6397500,69377300,499198300,6311965800,3305.8954,3311.5729,3299.0047,3276.7276
93424000,3298.7319,3997600,50758400,503195900,6362724200,3305.8954,3311.5729,3298.7319,3276.7276
93430000,3298.479,4295400,61519000,507491300,6424243200,3305.8954,3311.5729,3298.479,3276.7276
93435000,3298.4774,5460200,56408600,512951500,6480651800,3305.8954,3311.5729,3298.4774,3276.7276
93439000,3297.803,4603500,55250300,517555000,6535902100,3305.8954,3311.5729,3297.803,3276.7276
93445000,3297.9339,6524800,57546300,524079800,6593448400,3305.8954,3311.5729,3297.7473,3276.7276
93450000,3297.8579,7290000,64854900,531369800,6658303300,3305.8954,3311.5729,3297.7473,3276.7276
93454000,3297.4936,4888700,59926100,536258500,6718229400,3305.8954,3311.5729,3297.4936,3276.7276
93500000,3296.9655,6698100,75879900,542956600,6794109300,3305.8954,3311.5729,3296.9655,3276.7276
93505000,3296.6542,4932300,65476500,547888900,6859585800,3305.8954,3311.5729,3296.6542,3276.7276
93509000,3296.0379,3903300,62315800,551792200,6921901600,3305.8954,3311.5729,3296.0379,3276.7276
93515000,3295.2272,5346300,57102800,557138500,6979004400,3305.8954,3311.5729,3295.2272,3276.7276
93520000,3295.3,5109200,68690700,562247700,7047695100,3305.8954,3311.5729,3295.0669,3276.7276
93524000,3293.9321,5121500,62656900,567369200,7110352000,3305.8954,3311.5729,3293.9321,3276.7276
93530000,3294.7264,5444600,56305900,572813800,7166657900,3305.8954,3311.5729,3293.9321,3276.7276
93535000,3294.5282,4130800,60204400,576944600,7226862300,3305.8954,3311.5729,3293.9321,3276.7276
93539000,3294.1859,3926100,54347300,580870700,7281209600,3305.8954,3311.5729,3293.9321,3276.7276
93545000,3294.4209,4778500,45020400,585649200,7326230000,3305.8954,3311.5729,3293.9321,3276.7276
93550000,3295.1928,5131200,72397100,590780400,7398627100,3305.8954,3311.5729,3293.9321,3276.7276
93554000,3296.1854,6658300,77171600,597438700,7475798700,3305.8954,3311.5729,3293.9321,3276.7276
93600000,3296.5121,5490800,63871300,602929500,7539670000,3305.8954,3311.5729,3293.9321,3276.7276
93605000,3297.62,4329600,65147200,607259100,7604817200,3305.8954,3311.5729,3293.9321,3276.7276
93609000,3297.6834,4355000,57142500,611614100,7661959700,3305.8954,3311.5729,3293.9321,3276.7276
93615000,3298.3442,4094300,55779700,615708400,7717739400,3305.8954,3311.5729,3293.9321,3276.7276
93620000,3299.0081,4462800,61037100,620171200,7778776500,3305.8954,3311.5729,3293.9321,3276.7276
93624000,3298.8418,4260500,60174500,624431700,7838951000,3305.8954,3311.5729,3293.9321,3276.7276
93630000,3299.9945,3540600,55146400,627972300,7894097400,3305.8954,3311.5729,3293.9321,3276.7276
93635000,3300.247,4434500,67709600,632406800,7961807000,3305.8954,3311.5729,3293.9321,3276.7276
93639000,3300.4448,4250000,58904400,636656800,8020711400,3305.8954,3311.5729,3293.9321,3276.7276
93645000,3300.8071,4218600,55726900,640875400,8076438300,3305.8954,3311.5729,3293.9321,3276.7276
93650000,3300.6821,4027100,65538400,644902500,8141976700,3305.8954,3311.5729,3293.9321,3276.7276
93654000,3300.9173,2885700,43546900,647788200,8185523600,3305.8954,3311.5729,3293.9321,3276.7276
93700000,3300.8879,3310600,44811000,651098800,8230334600,3305.8954,3311.5729,3293.9321,3276.7276
93705000,3300.7633,4272500,59240800,655371300,8289575400,3305.8954,3311.5729,3293.9321,3276.7276
93709000,3300.5539,2758400,44846600,658129700,8334422000,3305.8954,3311.5729,3293.9321,3276.7276
93715000,3299.9511,3843400,55827000,661973100,8390249000,3305.8954,3311.5729,3293.9321,3276.7276
93720000,3299.9429,3435900,50130400,665409000,8440379400,3305.8954,3311.5729,3293.9321,3276.7276
93724000,3298.9047,4208300,53497600,669617300,8493877000,3305.8954,3311.5729,3293.9321,3276.7276
93730000,3299.0708,3490500,49169400,673107800,8543046400,3305.8954,3311.5729,3293.9321,3276.7276
93735000,3298.1892,4951000,72696500,678058800,8615742900,3305.8954,3311.5729,3293.9321,3276.7276
93739000,3297.4374,4456800,67445500,682515600,8683188400,3305.8954,3311.5729,3293.9321,3276.7276
93745000,3296.1029,4420400,61434200,686936000,8744622600,3305.8954,3311.5729,3293.9321,3276.7276
93750000,3295.4479,4471300,81531200,691407300,8826153800,3305.8954,3311.5729,3293.9321,3276.7276
93756000,3294.7144,4423400,68400500,695830700,8894554300,3305.8954,3311.5729,3293.9321,3276.7276
93800000,3294.7323,2750500,32786500,698581200,8927340800,3305.8954,3311.5729,3293.9321,3276.7276
93806000,3293.5091,4821600,67329200,703402800,8994670000,3305.8954,3311.5729,3293.5091,3276.7276
93811000,3293.4291,4970500,72720100,708373300,9067390100,3305.8954,3311.5729,3293.2825,3276.7276
93815000,3293.2802,2873700,43746900,711247000,9111137000,3305.8954,3311.5729,3293.2802,3276.7276
93821000,3293.2023,4099000,48821700,715346000,9159958700,3305.8954,3311.5729,3293.2023,3276.7276
93826000,3293.2746,3339900,43678000,718685900,9203636700,3305.8954,3311.5729,3293.2023,3276.7276
93830000,3293.6498,3229100,44387100,721915000,9248023800,3305.8954,3311.5729,3293.2023,3276.7276
93836000,3293.3822,5101100,54507100,727016100,9302530900,3305.8954,3311.5729,3293.2023,3276.7276
93841000,3294.1831,4441600,63953200,731457700,9366484100,3305.8954,3311.5729,3293.2023,3276.7276
93845000,3294.5712,3672000,54139800,735129700,9420623900,3305.8954,3311.5729,3293.2023,3276.7276
93851000,3294.9528,3847800,49417300,738977500,9470041200,3305.8954,3311.5729,3293.2023,3276.7276
93856000,3295.6205,4310700,59920800,743288200,9529962000,3305.8954,3311.5729,3293.2023,3276.7276
93900000,3295.6388,2622900,39886500,745911100,9569848500,3305.8954,3311.5729,3293.2023,3276.7276
93906000,3295.5107,2868600,41356100,748779700,9611204600,3305.8954,3311.5729,3293.2023,3276.7276
93911000,3295.211,2885500,44509400,751665200,9655714000,3305.8954,3311.5729,3293.2023,3276.7276
93915000,3295.2797,3571700,45717100,755236900,9701431100,3305.8954,3311.5729,3293.2023,3276.7276
93921000,3295.3368,2615100,38864100,757852000,9740295200,3305.8954,3311.5729,3293.2023,3276.7276
93926000,3295.3002,3719300,54185100,761571300,9794480300,3305.8954,3311.5729,3293.2023,3276.7276
93930000,3295.2453,2944200,34524600,764515500,9829004900,3305.8954,3311.5729,3293.2023,3276.7276
93936000,3294.8857,2962800,37046300,767478300,9866051200,3305.8954,3311.5729,3293.2023,3276.7276
93941000,3295.1785,2990400,50834000,770468700,9916885200,3305.8954,3311.5729,3293.2023,3276.7276
93945000,3295.0508,3556300,43854000,774025000,9960739200,3305.8954,3311.5729,3293.2023,3276.7276
93951000,3295.4575,2657400,36898400,776682400,9997637600,3305.8954,3311.5729,3293.2023,3276.7276
93956000,3295.0267,3485100,51222700,780167500,10048860300,3305.8954,3311.5729,3293.2023,3276.7276
94000000,3294.9299,2591700,37101000,782759200,10085961300,3305.8954,3311.5729,3293.2023,3276.7276
94006000,3294.4843,2862800,41365400,785622000,10127326700,3305.8954,3311.5729,3293.2023,3276.7276
94011000,3294.9962,3288500,44671200,788910500,10171997900,3305.8954,3311.5729,3293.2023,3276.7276
94015000,3294.7918,2768200,39770100,791678700,10211768000,3305.8954,3311.5729,3293.2023,3276.7276
94021000,3294.9323,3075900,41738200,794754600,10253506200,3305.8954,3311.5729,3293.2023,3276.7276
94026000,3294.7726,3329600,44044700,798084200,10297550900,3305.8954,3311.5729,3293.2023,3276.7276
94030000,3295.1122,2707700,35799600,800791900,10333350500,3305.8954,3311.5729,3293.2023,3276.7276
94036000,3294.8108,2980500,38747500,803772400,10372098000,3305.8954,3311.5729,3293.2023,3276.7276
94041000,3295.1983,2518200,39625200,806290600,10411723200,3305.8954,3311.5729,3293.2023,3276.7276
94045000,3295.0066,2887600,43627300,809178200,10455350500,3305.8954,3311.5729,3293.2023,3276.7276
94051000,3294.6194,3139300,46237200,812317500,10501587700,3305.8954,3311.5729,3293.2023,3276.7276
94056000,3296.1272,4667100,63814300,816984600,10565402000,3305.8954,3311.5729,3293.2023,3276.7276
94100000,3297.6248,5187900,78723000,822172500,10644125000,3305.8954,3311.5729,3293.2023,3276.7276
94106000,3298.0535,6297500,89649300,828470000,10733774300,3305.8954,3311.5729,3293.2023,3276.7276
94111000,3299.0822,4548100,80446200,833018100,10814220500,3305.8954,3311.5729,3293.2023,3276.7276
94115000,3300.1351,3966600,62828700,836984700,10877049200,3305.8954,3311.5729,3293.2023,3276.7276
94121000,3300.4873,3487700,56183200,840472400,10933232400,3305.8954,3311.5729,3293.2023,3276.7276
94126000,3301.0608,4144100,62873800,844616500,10996106200,3305.8954,3311.5729,3293.2023,3276.7276
94132000,3301.7247,4465200,73642000,849081700,11069748200,3305.8954,3311.5729,3293.2023,3276.7276
94136000,3301.3642,4844400,59622700,853926100,11129370900,3305.8954,3311.5729,3293.2023,3276.7276
94142000,3301.9768,6271900,66616700,860198000,11195987600,3305.8954,3311.5729,3293.2023,3276.7276
94147000,3302.7376,4977700,64535700,865175700,11260523300,3305.8954,3311.5729,3293.2023,3276.7276
94151000,3302.5657,3847400,50334300,869023100,11310857600,3305.8954,3311.5729,3293.2023,3276.7276
94157000,3302.7959,3138700,43864900,872161800,11354722500,3305.8954,3311.5729,3293.2023,3276.7276
94202000,3302.8986,3430400,49552400,875592200,11404274900,3305.8954,3311.5729,3293.2023,3276.7276
94206000,3303.0308,3676000,50652400,879268200,11454927300,3305.8954,3311.5729,3293.2023,3276.7276
94212000,3303.0245,3708100,50011300,882976300,11504938600,3305.8954,3311.5729,3293.2023,3276.7276
94217000,3302.4461,4809300,71017800,887785600,11575956400,3305.8954,3311.5729,3293.2023,3276.7276
94221000,3302.5773,3434800,57138000,891220400,11633094400,3305.8954,3311.5729,3293.2023,3276.7276
94227000,3301.5335,3684100,58552700,894904500,11691647100,3305.8954,3311.5729,3293.2023,3276.7276
94232000,3301.7561,4545100,64201700,899449600,11755848800,3305.8954,3311.5729,3293.2023,3276.7276
94236000,3301.4764,3367500,48162200,902817100,11804011000,3305.8954,3311.5729,3293.2023,3276.7276
94242000,3300.8879,4002800,59151200,906819900,11863162200,3305.8954,3311.5729,3293.2023,3276.7276
94247000,3300.5951,4591800,61805700,911411700,11924967900,3305.8954,3311.5729,3293.2023,3276.7276
94251000,3299.8354,3779200,42790900,915190900,11967758800,3305.8954,3311.5729,3293.2023,3276.7276
94257000,3300.3887,3623000,40690300,918813900,12008449100,3305.8954,3311.5729,3293.2023,3276.7276
94302000,3300.3887,4666100,51756300,923480000,12060205400,3305.8954,3311.5729,3293.2023,3276.7276
94306000,3300.3627,4752700,52004500,928232700,12112209900,3305.8954,3311.5729,3293.2023,3276.7276
94312000,3300.278,2817700,36321700,931050400,12148531600,3305.8954,3311.5729,3293.2023,3276.7276
94317000,3300.2936,4424600,55707800,935475000,12204239400,3305.8954,3311.5729,3293.2023,3276.7276
94321000,3300.1067,4882600,52934400,940357600,12257173800,3305.8954,3311.5729,3293.2023,3276.7276
94327000,3300.585,4027200,56842100,944384800,12314015900,3305.8954,3311.5729,3293.2023,3276.7276
94332000,3299.6194,4654900,57484600,949039700,12371500500,3305.8954,3311.5729,3293.2023,3276.7276
94336000,3298.9135,3531600,54658200,952571300,12426158700,3305.8954,3311.5729,3293.2023,3276.7276
94342000,3298.8711,3874900,65670900,956446200,12491829600,3305.8954,3311.5729,3293.2023,3276.7276
94347000,3297.8828,4085200,63861700,960531400,12555691300,3305.8954,3311.5729,3293.2023,3276.7276
94351000,3297.4327,8746800,82863000,969278200,12638554300,3305.8954,3311.5729,3293.2023,3276.7276
94357000,3296.6079,4492300,64314400,973770500,12702868700,3305.8954,3311.5729,3293.2023,3276.7276
94402000,3295.41,5077400,79270900,978847900,12782139600,3305.8954,3311.5729,3293.2023,3276.7276
94406000,3294.7291,4764900,61215700,983612800,12843355300,3305.8954,3311.5729,3293.2023,3276.7276
94412000,3293.156,7530400,89470600,991143200,12932825900,3305.8954,3311.5729,3293.156,3276.7276
94417000,3292.9408,5912300,86478600,997055500,13019304500,3305.8954,3311.5729,3292.9408,3276.7276
94421000,3292.686,4075000,62432000,1001130500,13081736500,3305.8954,3311.5729,3292.5467,3276.7276
94427000,3292.546,3502800,48542600,1004633300,13130279100,3305.8954,3311.5729,3292.4438,3276.7276
94432000,3292.8447,3630200,56258900,1008263500,13186538000,3305.8954,3311.5729,3292.4438,3276.7276
94436000,3293.0487,4115900,58403500,1012379400,13244941500,3305.8954,3311.5729,3292.4438,3276.7276
94442000,3293.1838,4417900,56638600,1016797300,13301580100,3305.8954,3311.5729,3292.4438,3276.7276
94447000,3292.9212,3422000,57522300,1020219300,13359102400,3305.8954,3311.5729,3292.4438,3276.7276
94453000,3292.2198,4303500,58403400,1024522800,13417505800,3305.8954,3311.5729,3292.2198,3276.7276
94457000,3291.9677,2469700,34367900,1026992500,13451873700,3305.8954,3311.5729,3291.9677,3276.7276
94502000,3292.0103,3769600,53348100,1030762100,13505221800,3305.8954,3311.5729,3291.8824,3276.7276
94508000,3291.0467,3747900,54892400,1034510000,13560114200,3305.8954,3311.5729,3291.0467,3276.7276
94512000,3290.9822,2565100,33028800,1037075100,13593143000,3305.8954,3311.5729,3290.9806,3276.7276
94518000,3290.8832,2432500,38434100,1039507600,13631577100,3305.8954,3311.5729,3290.8832,3276.7276
94523000,3290.609,4174600,54379600,1043682200,13685956700,3305.8954,3311.5729,3290.609,3276.7276
94527000,3290.6877,2896300,37049000,1046578500,13723005700,3305.8954,3311.5729,3290.4839,3276.7276
94533000,3290.5552,2515300,43354300,1049093800,13766360000,3305.8954,3311.5729,3290.4839,3276.7276
94538000,3290.2987,3217300,51551600,1052311100,13817911600,3305.8954,3311.5729,3290.2655,3276.7276
94542000,3290.2205,3777400,45786000,1056088500,13863697600,3305.8954,3311.5729,3290.2205,3276.7276
94548000,3290.0278,3786000,47683300,1059874500,13911380900,3305.8954,3311.5729,3289.9044,3276.7276
94553000,3289.5358,3920400,61166300,1063794900,13972547200,3305.8954,3311.5729,3289.5358,3276.7276
94557000,3289.2243,2777700,45653100,1066572600,14018200300,3305.8954,3311.5729,3289.136,3276.7276
94603000,3289.3451,2987000,45090300,1069559600,14063290600,3305.8954,3311.5729,3289.136,3276.7276
94608000,3288.9151,3474900,51148100,1073034500,14114438700,3305.8954,3311.5729,3288.8433,3276.7276
94612000,3289.1702,3051300,49335400,1076085800,14163774100,3305.8954,3311.5729,3288.8433,3276.7276
94618000,3288.6106,3700500,50406200,1079786300,14214180300,3305.8954,3311.5729,3288.6106,3276.7276
94623000,3288.4592,3193700,47218800,1082980000,14261399100,3305.8954,3311.5729,3288.4592,3276.7276
94627000,3288.58,3072400,41303300,1086052400,14302702400,3305.8954,3311.5729,3288.4476,3276.7276
94633000,3288.7537,2863900,42633500,1088916300,14345335900,3305.8954,3311.5729,3288.4476,3276.7276
94638000,3288.4276,3331100,65047600,1092247400,14410383500,3305.8954,3311.5729,3288.4276,3276.7276
94642000,3288.5552,2781200,41877800,1095028600,14452261300,3305.8954,3311.5729,3288.2809,3276.7276
94648000,3288.6242,4158600,52214200,1099187200,14504475500,3305.8954,3311.5729,3288.2809,3276.7276
94653000,3288.4684,3531200,61107000,1102718400,14565582500,3305.8954,3311.5729,3288.2809,3276.7276
94657000,3288.3582,2626300,34500200,1105344700,14600082700,3305.8954,3311.5729,3288.2809,3276.7276
94703000,3288.5362,2275500,37419400,1107620200,14637502100,3305.8954,3311.5729,3288.2809,3276.7276
94708000,3288.4866,2811600,43648100,1110431800,14681150200,3305.8954,3311.5729,3288.2809,3276.7276
94712000,3288.6271,2380600,35632800,1112812400,14716783000,3305.8954,3311.5729,3288.2809,3276.7276
94718000,3288.4487,2201600,33499300,1115014000,14750282300,3305.8954,3311.5729,3288.2809,3276.7276
94723000,3288.3982,2158300,39715900,1117172300,14789998200,3305.8954,3311.5729,3288.2809,3276.7276
94727000,3288.2191,2257000,41666800,1119429300,14831665000,3305.8954,3311.5729,3288.1437,3276.7276
94733000,3288.0834,1934700,30558800,1121364000,14862223800,3305.8954,3311.5729,3288.0834,3276.7276
94738000,3288.1504,2530900,38404500,1123894900,14900628300,3305.8954,3311.5729,3288.0834,3276.7276
94742000,3287.9382,2466000,38989600,1126360900,14939617900,3305.8954,3311.5729,3287.9359,3276.7276
94748000,3286.7591,2928500,45749100,1129289400,14985367000,3305.8954,3311.5729,3286.7591,3276.7276
94753000,3286.5921,3566300,59389000,1132855700,15044756000,3305.8954,3311.5729,3286.5921,3276.7276
94757000,3286.075,4092900,66057300,1136948600,15110813300,3305.8954,3311.5729,3286.075,3276.7276
94803000,3285.3303,3467400,57640100,1140416000,15168453400,3305.8954,3311.5729,3285.3303,3276.7276
94808000,3284.886,3786000,73004900,1144202000,15241458300,3305.8954,3311.5729,3284.886,3276.7276
94812000,3284.7282,3511500,46417800,1147713500,15287876100,3305.8954,3311.5729,3284.7282,3276.7276
94818000,3285.1127,3780200,45990500,1151493700,15333866600,3305.8954,3311.5729,3284.7282,3276.7276
94823000,3284.7897,3079200,51448700,1154572900,15385315300,3305.8954,3311.5729,3284.7282,3276.7276
94829000,3284.6709,4050100,51362100,1158623000,15436677400,3305.8954,3311.5729,3284.6332,3276.7276
94833000,3284.9732,2026800,34011400,1160649800,15470688800,3305.8954,3311.5729,3284.6332,3276.7276
94838000,3284.5075,3525700,47626100,1164175500,15518314900,3305.8954,3311.5729,3284.5075,3276.7276
94844000,3285.0259,3935600,60041200,1168111100,15578356100,3305.8954,3311.5729,3284.5075,3276.7276
94848000,3285.6725,3841900,56297600,1171953000,15634653700,3305.8954,3311.5729,3284.5075,3276.7276
94854000,3285.6052,3480800,49125200,1175433800,15683778900,3305.8954,3311.5729,3284.5075,3276.7276
94859000,3285.8972,3740400,51363100,1179174200,15735142000,3305.8954,3311.5729,3284.5075,3276.7276
94903000,3285.6751,2429000,34532600,1181603200,15769674600,3305.8954,3311.5729,3284.5075,3276.7276
94909000,3285.4863,2629600,41069600,1184232800,15810744200,3305.8954,3311.5729,3284.5075,3276.7276
94914000,3285.6872,2650000,50575800,1186882800,15861320000,3305.8954,3311.5729,3284.5075,3276.7276
94918000,3286.0565,2343900,38941700,1189226700,15900261700,3305.8954,3311.5729,3284.5075,3276.7276
94924000,3286.0,2745300,41360300,1191972000,15941622000,3305.8954,3311.5729,3284.5075,3276.7276
94929000,3286.1972,3326200,48323300,1195298200,15989945300,3305.8954,3311.5729,3284.5075,3276.7276
94933000,3286.3122,2387900,42035100,1197686100,16031980400,3305.8954,3311.5729,3284.5075,3276.7276
94939000,3286.1829,2163600,34925100,1199849700,16066905500,3305.8954,3311.5729,3284.5075,3276.7276
94944000,3286.2188,2393800,43342700,1202243500,16110248200,3305.8954,3311.5729,3284.5075,3276.7276
94948000,3286.1454,2142400,41379600,1204385900,16151627800,3305.8954,3311.5729,3284.5075,3276.7276
94954000,3286.1586,2760500,37046900,1207146400,16188674700,3305.8954,3311.5729,3284.5075,3276.7276
94959000,3286.0214,2146400,38059900,1209292800,16226734600,3305.8954,3311.5729,3284.5075,3276.7276
95003000,3286.7923,2385200,31653300,1211678000,16258387900,3305.8954,3311.5729,3284.5075,3276.7276
95009000,3286.4765,2649900,34422000,1214327900,16292809900,3305.8954,3311.5729,3284.5075,3276.7276
95014000,3286.2598,1957000,38794000,1216284900,16331603900,3305.8954,3311.5729,3284.5075,3276.7276
95018000,3286.2709,2200300,36900100,1218485200,16368504000,3305.8954,3311.5729,3284.5075,3276.7276
95024000,3285.9924,2326300,37008800,1220811500,16405512800,3305.8954,3311.5729,3284.5075,3276.7276
95029000,3286.1502,2789000,46156000,1223600500,16451668800,3305.8954,3311.5729,3284.5075,3276.7276
95033000,3286.4038,2343100,38764000,1225943600,16490432800,3305.8954,3311.5729,3284.5075,3276.7276
95039000,3285.8104,3243000,35839900,1229186600,16526272700,3305.8954,3311.5729,3284.5075,3276.7276
95044000,3285.9104,3069400,42652500,1232256000,16568925200,3305.8954,3311.5729,3284.5075,3276.7276
95048000,3285.8989,3034300,34974800,1235290300,16603900000,3305.8954,3311.5729,3284.5075,3276.7276
95054000,3285.9979,2855200,36677200,1238145500,16640577200,3305.8954,3311.5729,3284.5075,3276.7276
95059000,3285.7953,2155700,37441300,1240301200,16678018500,3305.8954,3311.5729,3284.5075,3276.7276
95103000,3286.0027,2266000,34221800,1242567200,16712240300,3305.8954,3311.5729,3284.5075,3276.7276
95109000,3285.7134,2463300,39088300,1245030500,16751328600,3305.8954,3311.5729,3284.5075,3276.7276
95114000,3287.1181,3093000,43920600,1248123500,16795249200,3305.8954,3311.5729,3284.5075,3276.7276
95118000,3287.86,4626900,55143700,1252750400,16850392900,3305.8954,3311.5729,3284.5075,3276.7276
95124000,3289.6778,6420100,78426600,1259170500,16928819500,3305.8954,3311.5729,3284.5075,3276.7276
95129000,3289.8227,4477600,77996900,1263648100,17006816400,3305.8954,3311.5729,3284.5075,3276.7276
95133000,3291.9739,4076200,74763300,1267724300,17081579700,3305.8954,3311.5729,3284.5075,3276.7276
95139000,3292.6234,5136500,70870100,1272860800,17152449800,3305.8954,3311.5729,3284.5075,3276.7276
95144000,3293.3724,7404500,89875600,1280265300,17242325400,3305.8954,3311.5729,3284.5075,3276.7276
95148000,3294.1038,3650600,61235100,1283915900,17303560500,3305.8954,3311.5729,3284.5075,3276.7276
95154000,3293.9218,3953300,48189400,1287869200,17351749900,3305.8954,3311.5729,3284.5075,3276.7276
95159000,3294.8571,2806100,49969800,1290675300,17401719700,3305.8954,3311.5729,3284.5075,3276.7276
95205000,3294.9792,2891100,50592900,1293566400,17452312600,3305.8954,3311.5729,3284.5075,3276.7276
95209000,3295.2586,4530500,81090200,1298096900,17533402800,3305.8954,3311.5729,3284.5075,3276.7276
95215000,3295.3904,3599300,51589300,1301696200,17584992100,3305.8954,3311.5729,3284.5075,3276.7276
95220000,3295.2837,2801300,49465400,1304497500,17634457500,3305.8954,3311.5729,3284.5075,3276.7276
95224000,3295.4947,3075900,51088600,1307573400,17685546100,3305.8954,3311.5729,3284.5075,3276.7276
95230000,3294.9288,2521100,39625200,1310094500,17725171300,3305.8954,3311.5729,3284.5075,3276.7276
95235000,3294.9794,3165300,41939200,1313259800,17767110500,3305.8954,3311.5729,3284.5075,3276.7276
95239000,3294.8782,2384100,46654200,1315643900,17813764700,3305.8954,3311.5729,3284.5075,3276.7276
95245000,3294.3423,2744000,52288000,1318387900,17866052700,3305.8954,3311.5729,3284.5075,3276.7276
95250000,3294.5429,2828200,36860200,1321216100,17902912900,3305.8954,3311.5729,3284.5075,3276.7276
95254000,3293.3793,2094700,32539800,1323310800,17935452700,3305.8954,3311.5729,3284.5075,3276.7276
95300000,3293.568,3341600,44115100,1326652400,17979567800,3305.8954,3311.5729,3284.5075,3276.7276
95305000,3291.8814,3746400,51144900,1330398800,18030712700,3305.8954,3311.5729,3284.5075,3276.7276
95309000,3292.509,2973200,38271500,1333372000,18068984200,3305.8954,3311.5729,3284.5075,3276.7276
95315000,3292.9764,1757000,26859800,1335129000,18095844000,3305.8954,3311.5729,3284.5075,3276.7276
95320000,3293.2443,1783100,32286000,1336912100,18128130000,3305.8954,3311.5729,3284.5075,3276.7276
95324000,3292.3822,2105900,34182500,1339018000,18162312500,3305.8954,3311.5729,3284.5075,3276.7276
95330000,3292.284,1415600,26260500,1340433600,18188573000,3305.8954,3311.5729,3284.5075,3276.7276
95335000,3292.8692,2362200,34206100,1342795800,18222779100,3305.8954,3311.5729,3284.5075,3276.7276
95339000,3291.9076,2320700,38102000,1345116500,18260881100,3305.8954,3311.5729,3284.5075,3276.7276
95345000,3291.2975,3251500,37477400,1348368000,18298358500,3305.8954,3311.5729,3284.5075,3276.7276
95350000,3291.0029,3083600,45182300,1351451600,18343540800,3305.8954,3311.5729,3284.5075,3276.7276
95354000,3290.5484,2410700,35848000,1353862300,18379388800,3305.8954,3311.5729,3284.5075,3276.7276
95400000,3290.12,2266700,33292900,1356129000,18412681700,3305.8954,3311.5729,3284.5075,3276.7276
95405000,3289.4736,3169000,41986100,1359298000,18454667800,3305.8954,3311.5729,3284.5075,3276.7276
95409000,3289.0318,3025200,45520000,1362323200,18500187800,3305.8954,3311.5729,3284.5075,3276.7276
95415000,3288.8987,2654300,34855100,1364977500,18535042900,3305.8954,3311.5729,3284.5075,3276.7276
95420000,3289.136,2032900,36496000,1367010400,18571538900,3305.8954,3311.5729,3284.5075,3276.7276
95424000,3288.973,2153000,35920200,1369163400,18607459100,3305.8954,3311.5729,3284.5075,3276.7276
95430000,3288.8695,2072700,31920700,1371236100,18639379800,3305.8954,3311.5729,3284.5075,3276.7276
95435000,3289.1799,2247200,30182700,1373483300,18669562500,3305.8954,3311.5729,3284.5075,3276.7276
95439000,3289.1182,2505700,38345900,1375989000,18707908400,3305.8954,3311.5729,3284.5075,3276.7276
95445000,3288.6764,1985500,32025300,1377974500,18739933700,3305.8954,3311.5729,3284.5075,3276.7276
95450000,3288.8146,2308400,34332400,1380282900,18774266100,3305.8954,3311.5729,3284.5075,3276.7276
95454000,3288.3596,1919800,29333700,1382202700,18803599800,3305.8954,3311.5729,3284.5075,3276.7276
95500000,3288.4845,2165100,32712700,1384367800,18836312500,3305.8954,3311.5729,3284.5075,3276.7276
95505000,3288.2526,3191600,46352800,1387559400,18882665300,3305.8954,3311.5729,3284.5075,3276.7276
95509000,3288.0313,2006400,34252200,1389565800,18916917500,3305.8954,3311.5729,3284.5075,3276.7276
95515000,3288.3321,1960100,32736600,1391525900,18949654100,3305.8954,3311.5729,3284.5075,3276.7276
95520000,3288.5777,1901400,28128700,1393427300,18977782800,3305.8954,3311.5729,3284.5075,3276.7276
95524000,3287.9896,2651600,37464900,1396078900,19015247700,3305.8954,3311.5729,3284.5075,3276.7276
95530000,3288.5691,1823100,26271200,1397902000,19041518900,3305.8954,3311.5729,3284.5075,3276.7276
95535000,3288.7288,2758100,36265100,1400660100,19077784000,3305.8954,3311.5729,3284.5075,3276.7276
95541000,3287.7662,2515200,40374700,1403175300,19118158700,3305.8954,3311.5729,3284.5075,3276.7276
95545000,3287.7789,1711500,33337600,1404886800,19151496300,3305.8954,3311.5729,3284.5075,3276.7276
95551000,3287.4723,2117300,30222200,1407004100,19181718500,3305.8954,3311.5729,3284.5075,3276.7276
95556000,3287.1302,1732300,28936700,1408736400,19210655200,3305.8954,3311.5729,3284.5075,3276.7276
95600000,3287.194,3534200,41001600,1412270600,19251656800,3305.8954,3311.5729,3284.5075,3276.7276
95606000,3287.1776,1974600,34664000,1414245200,19286320800,3305.8954,3311.5729,3284.5075,3276.7276
95611000,3287.0333,2658300,36016600,1416903500,19322337400,3305.8954,3311.5729,3284.5075,3276.7276
95615000,3287.3577,2069500,35044200,1418973000,19357381600,3305.8954,3311.5729,3284.5075,3276.7276
95621000,3287.4895,2524500,44104900,1421497500,19401486500,3305.8954,3311.5729,3284.5075,3276.7276
95626000,3287.4234,2161900,35533700,1423659400,19437020200,3305.8954,3311.5729,3284.5075,3276.7276
95630000,3288.5126,2120800,31593500,1425780200,19468613700,3305.8954,3311.5729,3284.5075,3276.7276
95636000,3289.2929,4781600,62854300,1430561800,19531468000,3305.8954,3311.5729,3284.5075,3276.7276
95641000,3290.2916,3856800,68397700,1434418600,19599865700,3305.8954,3311.5729,3284.5075,3276.7276
95645000,3290.8621,3929000,61505500,1438347600,19661371200,3305.8954,3311.5729,3284.5075,3276.7276
95651000,3291.291,2631300,42380200,1440978900,19703751400,3305.8954,3311.5729,3284.5075,3276.7276
95656000,3291.2864,2906200,42757900,1443885100,19746509300,3305.8954,3311.5729,3284.5075,3276.7276
95700000,3291.2041,2630900,42355100,1446516000,19788864400,3305.8954,3311.5729,3284.5075,3276.7276
95706000,3291.1613,1950200,37158700,1448466200,19826023100,3305.8954,3311.5729,3284.5075,3276.7276
95711000,3290.7981,2005900,31848400,1450472100,19857871500,3305.8954,3311.5729,3284.5075,3276.7276
95715000,3290.4878,2440600,40605800,1452912700,19898477300,3305.8954,3311.5729,3284.5075,3276.7276
95721000,3289.4518,2218200,36014000,1455130900,19934491300,3305.8954,3311.5729,3284.5075,3276.7276
95726000,3289.3408,2417800,33873800,1457548700,19968365100,3305.8954,3311.5729,3284.5075,3276.7276
95730000,3288.1979,2625200,42446600,1460173900,20010811700,3305.8954,3311.5729,3284.5075,3276.7276
95736000,3288.3904,3138100,41051100,1463312000,20051862800,3305.8954,3311.5729,3284.5075,3276.7276
95741000,3287.6091,2222600,35424600,1465534600,20087287400,3305.8954,3311.5729,3284.5075,3276.7276
95745000,3287.2197,2875200,56464000,1468409800,20143751400,3305.8954,3311.5729,3284.5075,3276.7276
95751000,3286.7144,3529900,38914000,1471939700,20182665400,3305.8954,3311.5729,3284.5075,3276.7276
95756000,3286.5224,2875600,46458900,1474815300,20229124300,3305.8954,3311.5729,3284.5075,3276.7276
95800000,3286.5264,3399500,49351500,1478214800,20278475800,3305.8954,3311.5729,3284.5075,3276.7276
95806000,3286.4555,4634000,51063900,1482848800,20329539700,3305.8954,3311.5729,3284.5075,3276.7276
95811000,3286.1068,2923900,48346200,1485772700,20377885900,3305.8954,3311.5729,3284.5075,3276.7276
95815000,3285.8645,2086800,36228900,1487859500,20414114800,3305.8954,3311.5729,3284.5075,3276.7276
95821000,3285.7431,1765800,26813300,1489625300,20440928100,3305.8954,3311.5729,3284.5075,3276.7276
95826000,3285.2882,2743800,33171200,1492369100,20474099300,3305.8954,3311.5729,3284.5075,3276.7276
95830000,3285.3341,2672300,38166200,1495041400,20512265500,3305.8954,3311.5729,3284.5075,3276.7276
95836000,3285.404,2615700,35898700,1497657100,20548164200,3305.8954,3311.5729,3284.5075,3276.7276
95841000,3285.0649,3425100,41748600,1501082200,20589912800,3305.8954,3311.5729,3284.5075,3276.7276
95845000,3284.8603,2700300,40790300,1503782500,20630703100,3305.8954,3311.5729,3284.5075,3276.7276
95851000,3284.3598,2490800,28962500,1506273300,20659665600,3305.8954,3311.5729,3284.3598,3276.7276
95856000,3284.1376,3962500,37159500,1510235800,20696825100,3305.8954,3311.5729,3284.0309,3276.7276
95902000,3283.9657,4118000,48375100,1514353800,20745200200,3305.8954,3311.5729,3283.8477,3276.7276
95906000,3283.8751,2653200,41533700,1517007000,20786733900,3305.8954,3311.5729,3283.8477,3276.7276
95911000,3283.4922,2120000,22664200,1519127000,20809398100,3305.8954,3311.5729,3283.4922,3276.7276
95917000,3283.7662,3603500,46239800,1522730500,20855637900,3305.8954,3311.5729,3283.4057,3276.7276
95921000,3283.5365,2340300,29021000,1525070800,20884658900,3305.8954,3311.5729,3283.4057,3276.7276
95927000,3283.3704,2042500,30440500,1527113300,20915099400,3305.8954,3311.5729,3283.1826,3276.7276
95932000,3283.6099,1919400,27995800,1529032700,20943095200,3305.8954,3311.5729,3283.1826,3276.7276
95936000,3283.6695,2374100,33975000,1531406800,20977070200,3305.8954,3311.5729,3283.1826,3276.7276
95942000,3283.4023,2141000,31196800,1533547800,21008267000,3305.8954,3311.5729,3283.1826,3276.7276
95947000,3283.6378,2142000,31735300,1535689800,21040002300,3305.8954,3311.5729,3283.1826,3276.7276
95951000,3283.078,2213000,31978100,1537902800,21071980400,3305.8954,3311.5729,3283.0015,3276.7276
95957000,3282.8115,1905000,25045700,1539807800,21097026100,3305.8954,3311.5729,3282.5973,3276.7276
100002000,3282.7562,2650700,32026900,1542458500,21129053000,3305.8954,3311.5729,3282.5973,3276.7276
100006000,3283.0273,2365000,33517800,1544823500,21162570800,3305.8954,3311.5729,3282.5973,3276.7276
100012000,3282.274,2976300,43373000,1547799800,21205943800,3305.8954,3311.5729,3282.274,3276.7276
100017000,3282.1458,2666100,44285200,1550465900,21250229000,3305.8954,3311.5729,3282.0838,3276.7276
100021000,3282.391,5715700,52570900,1556181600,21302799900,3305.8954,3311.5729,3282.0838,3276.7276
100027000,3281.9005,3190900,42743200,1559372500,21345543100,3305.8954,3311.5729,3281.9005,3276.7276
100032000,3281.7758,6231200,49042500,1565603700,21394585600,3305.8954,3311.5729,3281.6783,3276.7276
100036000,3282.0424,2574100,39656200,1568177800,21434241800,3305.8954,3311.5729,3281.6783,3276.7276
100042000,3281.2124,2154300,32130000,1570332100,21466371800,3305.8954,3311.5729,3281.1035,3276.7276
100047000,3281.363,1762900,30465600,1572095000,21496837400,3305.8954,3311.5729,3281.1035,3276.7276
100051000,3280.9017,2739400,37124800,1574834400,21533962200,3305.8954,3311.5729,3280.9017,3276.7276
100057000,3280.8784,2888600,33863200,1577723000,21567825400,3305.8954,3311.5729,3280.8609,3276.7276
100102000,3280.9829,2186400,37641700,1579909400,21605467100,3305.8954,3311.5729,3280.8609,3276.7276
100106000,3281.2571,2596600,43841100,1582506000,21649308200,3305.8954,3311.5729,3280.7704,3276.7276
100112000,3280.9989,2755500,35175300,1585261500,21684483500,3305.8954,3311.5729,3280.7704,3276.7276
100117000,3281.3986,2574900,34725600,1587836400,21719209100,3305.8954,3311.5729,3280.7704,3276.7276
100121000,3281.6702,2158600,34929100,1589995000,21754138200,3305.8954,3311.5729,3280.7704,3276.7276
100127000,3281.6356,2084100,31261600,1592079100,21785399800,3305.8954,3311.5729,3280.7704,3276.7276
100132000,3281.7359,2252000,35701000,1594331100,21821100800,3305.8954,3311.5729,3280.7704,3276.7276
100136000,3282.1705,3696100,46324900,1598027200,21867425700,3305.8954,3311.5729,3280.7704,3276.7276
100142000,3282.3897,3194700,43489600,1601221900,21910915300,3305.8954,3311.5729,3280.7704,3276.7276
100147000,3283.2533,3045800,44839200,1604267700,21955754500,3305.8954,3311.5729,3280.7704,3276.7276
100151000,3283.2166,2403000,32528100,1606670700,21988282600,3305.8954,3311.5729,3280.7704,3276.7276
100157000,3283.6633,2612600,34470400,1609283300,22022753000,3305.8954,3311.5729,3280.7704,3276.7276
100202000,3283.8807,2245500,33509600,1611528800,22056262600,3305.8954,3311.5729,3280.7704,3276.7276
100206000,3284.1052,2189900,34128300,1613718700,22090390900,3305.8954,3311.5729,3280.7704,3276.7276
100212000,3284.136,2592700,31993900,1616311400,22122384800,3305.8954,3311.5729,3280.7704,3276.7276
100217000,3284.0154,2296300,31016500,1618607700,22153401300,3305.8954,3311.5729,3280.7704,3276.7276
100221000,3284.5936,2302600,28928600,1620910300,22182329900,3305.8954,3311.5729,3280.7704,3276.7276
100227000,3283.7522,1876300,26341200,1622786600,22208671100,3305.8954,3311.5729,3280.7704,3276.7276
100232000,3284.1533,1978700,27746800,1624765300,22236417900,3305.8954,3311.5729,3280.7704,3276.7276
100238000,3284.4257,2690700,39049400,1627456000,22275467300,3305.8954,3311.5729,3280.7704,3276.7276
100242000,3284.1903,2224000,28792800,1629680000,22304260100,3305.8954,3311.5729,3280.7704,3276.7276
100248000,3284.8358,2194100,24725100,1631874100,22328985200,3305.8954,3311.5729,3280.7704,3276.7276
100253000,3284.6289,2882300,31040000,1634756400,22360025200,3305.8954,3311.5729,3280.7704,3276.7276
100257000,3284.4173,1620200,26699700,1636376600,22386724900,3305.8954,3311.5729,3280.7704,3276.7276
100303000,3284.2672,2571800,39714900,1638948400,22426439800,3305.8954,3311.5729,3280.7704,3276.7276
100308000,3284.1762,1576500,24988700,1640524900,22451428500,3305.8954,3311.5729,3280.7704,3276.7276
100312000,3284.203,1492900,24562900,1642017800,22475991400,3305.8954,3311.5729,3280.7704,3276.7276
100318000,3284.3237,1534400,24168800,1643552200,22500160200,3305.8954,3311.5729,3280.7704,3276.7276
100323000,3284.0216,1394000,22058100,1644946200,22522218300,3305.8954,3311.5729,3280.7704,3276.7276
100327000,3284.249,1762300,27201200,1646708500,22549419500,3305.8954,3311.5729,3280.7704,3276.7276
100333000,3284.2313,1733600,23359500,1648442100,22572779000,3305.8954,3311.5729,3280.7704,3276.7276
100338000,3284.0802,1786900,21039900,1650229000,22593818900,3305.8954,3311.5729,3280.7704,3276.7276
100342000,3283.7552,2287600,29990500,1652516600,22623809400,3305.8954,3311.5729,3280.7704,3276.7276
100348000,3284.4173,1384600,19620600,1653901200,22643430000,3305.8954,3311.5729,3280.7704,3276.7276
100353000,3283.8877,1763500,25460500,1655664700,22668890500,3305.8954,3311.5729,3280.7704,3276.7276
100357000,3283.4996,2778300,39925500,1658443000,22708816000,3305.8954,3311.5729,3280.7704,3276.7276
100403000,3283.1107,1843600,22635200,1660286600,22731451200,3305.8954,3311.5729,3280.7704,3276.7276
100408000,3283.2038,2469400,30848800,1662756000,22762300000,3305.8954,3311.5729,3280.7704,3276.7276
100412000,3282.8826,2476000,34648400,1665232000,22796948400,3305.8954,3311.5729,3280.7704,3276.7276
100418000,3283.2328,2410400,32990800,1667642400,22829939200,3305.8954,3311.5729,3280.7704,3276.7276
100423000,3282.8207,2257100,28375100,1669899500,22858314300,3305.8954,3311.5729,3280.7704,3276.7276
100427000,3282.8051,1589700,25549200,1671489200,22883863500,3305.8954,3311.5729,3280.7704,3276.7276
100433000,3282.5021,1504000,22357000,1672993200,22906220500,3305.8954,3311.5729,3280.7704,3276.7276
100438000,3282.6381,1472200,20207500,1674465400,22926428000,3305.8954,3311.5729,3280.7704,3276.7276
100442000,3281.971,1536100,30584900,1676001500,22957012900,3305.8954,3311.5729,3280.7704,3276.7276
100448000,3282.2886,2179300,26507700,1678180800,22983520600,3305.8954,3311.5729,3280.7704,3276.7276
100453000,3282.1299,1484800,25045600,1679665600,23008566200,3305.8954,3311.5729,3280.7704,3276.7276
100457000,3281.5468,2524500,30000300,1682190100,23038566500,3305.8954,3311.5729,3280.7704,3276.7276
100503000,3281.6061,1531800,24756000,1683721900,23063322500,3305.8954,3311.5729,3280.7704,3276.7276
100508000,3281.1987,1747200,29584400,1685469100,23092906900,3305.8954,3311.5729,3280.7704,3276.7276
100512000,3280.7892,2450300,35033200,1687919400,23127940100,3305.8954,3311.5729,3280.7481,3276.7276
100518000,3281.1846,3076800,33344900,1690996200,23161285000,3305.8954,3311.5729,3280.7481,3276.7276
100523000,3280.932,1846300,27172800,1692842500,23188457800,3305.8954,3311.5729,3280.7481,3276.7276
100527000,3281.1472,1804900,26616300,1694647400,23215074100,3305.8954,3311.5729,3280.7481,3276.7276
100533000,3281.0111,2369800,28225300,1697017200,23243299400,3305.8954,3311.5729,3280.7481,3276.7276
100538000,3280.8966,2629500,32662400,1699646700,23275961800,3305.8954,3311.5729,3280.7481,3276.7276
100542000,3280.4702,2132400,30209100,1701779100,23306170900,3305.8954,3311.5729,3280.4702,3276.7276
100548000,3280.696,1784300,23219100,1703563400,23329390000,3305.8954,3311.5729,3280.3709,3276.7276
100553000,3280.2324,1742800,29800300,1705306200,23359190300,3305.8954,3311.5729,3280.2106,3276.7276
100557000,3279.8222,2264900,28421100,1707571100,23387611400,3305.8954,3311.5729,3279.8222,3276.7276
100603000,3279.8479,3061300,38274600,1710632400,23425886000,3305.8954,3311.5729,3279.4046,3276.7276
100608000,3279.5421,1733300,26080500,1712365700,23451966500,3305.8954,3311.5729,3279.4046,3276.7276
100612000,3279.2559,1985500,28052600,1714351200,23480019100,3305.8954,3311.5729,3279.2559,3276.7276
100618000,3279.6673,1540200,24604400,1715891400,23504623500,3305.8954,3311.5729,3279.2559,3276.7276
100623000,3279.0769,1910400,29949400,1717801800,23534572900,3305.8954,3311.5729,3279.0769,3276.7276
100627000,3279.151,2759100,32285600,1720560900,23566858500,3305.8954,3311.5729,3279.0495,3276.7276
100633000,3278.9781,2467500,33056200,1723028400,23599914700,3305.8954,3311.5729,3278.9563,3276.7276
100639000,3279.4648,1454000,25179900,1724482400,23625094600,3305.8954,3311.5729,3278.9563,3276.7276
100644000,3279.1824,2683700,33294500,1727166100,23658389100,3305.8954,3311.5729,3278.9563,3276.7276
100648000,3279.7594,2425300,33859200,1729591400,23692248300,3305.8954,3311.5729,3278.9563,3276.7276
100654000,3279.0626,2280600,29966400,1731872000,23722214700,3305.8954,3311.5729,3278.9563,3276.7276
100659000,3279.3649,2220100,25114000,1734092100,23747328700,3305.8954,3311.5729,3278.9563,3276.7276
100703000,3279.1732,3100400,37745400,1737192500,23785074100,3305.8954,3311.5729,3278.9563,3276.7276
100709000,3279.4692,2271900,30846900,1739464400,23815921000,3305.8954,3311.5729,3278.9563,3276.7276
100714000,3279.5261,2264600,28316100,1741729000,23844237100,3305.8954,3311.5729,3278.9563,3276.7276
100718000,3280.1138,2404400,32320400,1744133400,23876557500,3305.8954,3311.5729,3278.9563,3276.7276
100724000,3279.4733,1886100,25599100,1746019500,23902156600,3305.8954,3311.5729,3278.9563,3276.7276
100729000,3279.9242,2103400,26588500,1748122900,23928745100,3305.8954,3311.5729,3278.9563,3276.7276
100733000,3279.8364,2944800,35473100,1751067700,23964218200,3305.8954,3311.5729,3278.9563,3276.7276
100739000,3280.3824,2320500,28903700,1753388200,23993121900,3305.8954,3311.5729,3278.9563,3276.7276
100744000,3280.694,3241400,34385900,1756629600,24027507800,3305.8954,3311.5729,3278.9563,3276.7276
100748000,3281.2535,3949000,50092300,1760578600,24077600100,3305.8954,3311.5729,3278.9563,3276.7276
100754000,3281.1721,2898900,36598800,1763477500,24114198900,3305.8954,3311.5729,3278.9563,3276.7276
100759000,3281.8252,2925000,34833000,1766402500,24149031900,3305.8954,3311.5729,3278.9563,3276.7276
100803000,3282.307,2973900,48807400,1769376400,24197839300,3305.8954,3311.5729,3278.9563,3276.7276
100809000,3282.4704,3379600,37724400,1772756000,24235563700,3305.8954,3311.5729,3278.9563,3276.7276
100814000,3282.5541,2464400,38731500,1775220400,24274295200,3305.8954,3311.5729,3278.9563,3276.7276
100818000,3282.7247,2339400,29002200,1777559800,24303297400,3305.8954,3311.5729,3278.9563,3276.7276
100824000,3282.6772,1906500,23450800,1779466300,24326748200,3305.8954,3311.5729,3278.9563,3276.7276
100829000,3282.7044,1650300,23428500,1781116600,24350176700,3305.8954,3311.5729,3278.9563,3276.7276
100833000,3282.7478,2158600,33114800,1783275200,24383291500,3305.8954,3311.5729,3278.9563,3276.7276
100839000,3283.3845,2243800,28869800,1785519000,24412161300,3305.8954,3311.5729,3278.9563,3276.7276
100844000,3282.9387,2610200,32252300,1788129200,24444413600,3305.8954,3311.5729,3278.9563,3276.7276
100848000,3283.3765,2693500,33763100,1790822700,24478176700,3305.8954,3311.5729,3278.9563,3276.7276
100854000,3283.1457,2071100,26475700,1792893800,24504652400,3305.8954,3311.5729,3278.9563,3276.7276
100859000,3283.0375,2086400,23589000,1794980200,24528241400,3305.8954,3311.5729,3278.9563,3276.7276
100903000,3283.383,1701100,26318500,1796681300,24554559900,3305.8954,3311.5729,3278.9563,3276.7276
100909000,3283.3958,1719400,25993600,1798400700,24580553500,3305.8954,3311.5729,3278.9563,3276.7276
100914000,3283.8473,1975400,26857100,1800376100,24607410600,3305.8954,3311.5729,3278.9563,3276.7276
100918000,3284.1605,3393200,34420400,1803769300,24641831000,3305.8954,3311.5729,3278.9563,3276.7276
100924000,3283.6893,2382700,26828200,1806152000,24668659200,3305.8954,3311.5729,3278.9563,3276.7276
100929000,3283.9012,1702400,26092100,1807854400,24694751300,3305.8954,3311.5729,3278.9563,3276.7276
100933000,3284.2479,1966900,27789400,1809821300,24722540700,3305.8954,3311.5729,3278.9563,3276.7276
100939000,3284.9332,2292100,31458500,1812113400,24753999200,3305.8954,3311.5729,3278.9563,3276.7276
100944000,3284.918,1840700,27036800,1813954100,24781036000,3305.8954,3311.5729,3278.9563,3276.7276
100948000,3285.0041,1771700,26551200,1815725800,24807587200,3305.8954,3311.5729,3278.9563,3276.7276
100954000,3285.0175,2048700,26587900,1817774500,24834175100,3305.8954,3311.5729,3278.9563,3276.7276
100959000,3284.9003,1503100,22377500,1819277600,24856552600,3305.8954,3311.5729,3278.9563,3276.7276
101003000,3285.3197,2303200,32993900,1821580800,24889546500,3305.8954,3311.5729,3278.9563,3276.7276
101009000,3285.7108,2284900,26731700,1823865700,24916278200,3305.8954,3311.5729,3278.9563,3276.7276
101014000,3285.7365,2277500,30126600,1826143200,24946404800,3305.8954,3311.5729,3278.9563,3276.7276
101018000,3285.738,4631600,42947100,1830774800,24989351900,3305.8954,3311.5729,3278.9563,3276.7276
101024000,3286.716,4970200,49963400,1835745000,25039315300,3305.8954,3311.5729,3278.9563,3276.7276
101029000,3286.8063,3183900,41825900,1838928900,25081141200,3305.8954,3311.5729,3278.9563,3276.7276
101033000,3287.5565,3269600,48714200,1842198500,25129855400,3305.8954,3311.5729,3278.9563,3276.7276
101039000,3288.4636,3505000,41501300,1845703500,25171356700,3305.8954,3311.5729,3278.9563,3276.7276
101044000,3288.4845,2371400,36603300,1848074900,25207960000,3305.8954,3311.5729,3278.9563,3276.7276
101048000,3288.8061,2304400,34644500,1850379300,25242604500,3305.8954,3311.5729,3278.9563,3276.7276
101054000,3288.7915,2943200,40280700,1853322500,25282885200,3305.8954,3311.5729,3278.9563,3276.7276
101100000,3288.7389,2055400,26793100,1855377900,25309678300,3305.8954,3311.5729,3278.9563,3276.7276
101103000,3289.114,2135000,33346000,1857512900,25343024300,3305.8954,3311.5729,3278.9563,3276.7276
101109000,3289.1331,3517100,43007200,1861030000,25386031500,3305.8954,3311.5729,3278.9563,3276.7276
101115000,3289.4094,3520900,39269900,1864550900,25425301400,3305.8954,3311.5729,3278.9563,3276.7276
101120000,3289.5923,1757500,29932600,1866308400,25455234000,3305.8954,3311.5729,3278.9563,3276.7276
101124000,3289.4683,2171900,28465300,1868480300,25483699300,3305.8954,3311.5729,3278.9563,3276.7276
101130000,3289.1966,2101500,29232900,1870581800,25512932200,3305.8954,3311.5729,3278.9563,3276.7276
101135000,3289.1064,1985500,25914800,1872567300,25538847000,3305.8954,3311.5729,3278.9563,3276.7276
101139000,3289.4192,2233500,26367600,1874800800,25565214600,3305.8954,3311.5729,3278.9563,3276.7276
101145000,3289.0211,2056700,28964500,1876857500,25594179100,3305.8954,3311.5729,3278.9563,3276.7276
101150000,3289.3432,1682500,22278400,1878540000,25616457500,3305.8954,3311.5729,3278.9563,3276.7276
101154000,3288.7066,1764500,27929100,1880304500,25644386600,3305.8954,3311.5729,3278.9563,3276.7276
101200000,3288.9301,1487600,27081000,1881792100,25671467600,3305.8954,3311.5729,3278.9563,3276.7276
101205000,3288.8909,1945100,23387700,1883737200,25694855300,3305.8954,3311.5729,3278.9563,3276.7276
101209000,3288.9155,2407500,37505200,1886144700,25732360500,3305.8954,3311.5729,3278.9563,3276.7276
101215000,3288.8211,1876700,28654300,1888021400,25761014800,3305.8954,3311.5729,3278.9563,3276.7276
101220000,3288.7787,1820900,26634600,1889842300,25787649400,3305.8954,3311.5729,3278.9563,3276.7276
101224000,3289.1294,1861100,23460600,1891703400,25811110000,3305.8954,3311.5729,3278.9563,3276.7276
101230000,3288.8611,1919000,27101600,1893622400,25838211600,3305.8954,3311.5729,3278.9563,3276.7276
101235000,3289.2018,1604600,24207800,1895227000,25862419400,3305.8954,3311.5729,3278.9563,3276.7276
101239000,3289.7653,2046500,26834700,1897273500,25889254100,3305.8954,3311.5729,3278.9563,3276.7276
101245000,3289.1796,1574500,23413700,1898848000,25912667800,3305.8954,3311.5729,3278.9563,3276.7276
101250000,3289.3501,2034900,29069900,1900882900,25941737700,3305.8954,3311.5729,3278.9563,3276.7276
101254000,3289.5581,1874800,27746100,1902757700,25969483800,3305.8954,3311.5729,3278.9563,3276.7276
101300000,3289.7737,2274200,32126400,1905031900,26001610200,3305.8954,3311.5729,3278.9563,3276.7276
101305000,3289.7183,1919700,26435100,1906951600,26028045300,3305.8954,3311.5729,3278.9563,3276.7276
101309000,3289.755,2344500,29821800,1909296100,26057867100,3305.8954,3311.5729,3278.9563,3276.7276
101315000,3289.2183,1915300,26538000,1911211400,26084405100,3305.8954,3311.5729,3278.9563,3276.7276
101320000,3289.233,1771500,24247500,1912982900,26108652600,3305.8954,3311.5729,3278.9563,3276.7276
101324000,3289.1682,4031000,41748000,1917013900,26150400600,3305.8954,3311.5729,3278.9563,3276.7276
101330000,3289.107,1933400,28737900,1918947300,26179138500,3305.8954,3311.5729,3278.9563,3276.7276
101335000,3288.7569,2424400,23265000,1921371700,26202403500,3305.8954,3311.5729,3278.9563,3276.7276
101339000,3287.9403,2355200,31195600,1923726900,26233599100,3305.8954,3311.5729,3278.9563,3276.7276
101345000,3288.0833,2248500,27841900,1925975400,26261441000,3305.8954,3311.5729,3278.9563,3276.7276
101350000,3288.0032,2968900,30735200,1928944300,26292176200,3305.8954,3311.5729,3278.9563,3276.7276
101354000,3288.0355,3229600,35933900,1932173900,26328110100,3305.8954,3311.5729,3278.9563,3276.7276
101400000,3287.1833,2368800,28987200,1934542700,26357097300,3305.8954,3311.5729,3278.9563,3276.7276
101405000,3287.0952,2505100,30546900,1937047800,26387644200,3305.8954,3311.5729,3278.9563,3276.7276
101409000,3287.0755,1833800,23485400,1938881600,26411129600,3305.8954,3311.5729,3278.9563,3276.7276
101415000,3287.2324,1818700,24154700,1940700300,26435284300,3305.8954,3311.5729,3278.9563,3276.7276
101420000,3287.2026,1552400,20342000,1942252700,26455626300,3305.8954,3311.5729,3278.9563,3276.7276
101424000,3286.9984,3142000,32468300,1945394700,26488094600,3305.8954,3311.5729,3278.9563,3276.7276
101430000,3287.092,4001300,28437100,1949396000,26516531700,3305.8954,3311.5729,3278.9563,3276.7276
101435000,3286.9333,2010300,26093700,1951406300,26542625400,3305.8954,3311.5729,3278.9563,3276.7276
101439000,3287.4023,1179800,17091100,1952586100,26559716500,3305.8954,3311.5729,3278.9563,3276.7276
101445000,3287.4058,3139100,25914600,1955725200,26585631100,3305.8954,3311.5729,3278.9563,3276.7276
101450000,3287.3817,2500900,26428900,1958226100,26612060000,3305.8954,3311.5729,3278.9563,3276.7276
101456000,3287.2988,4897800,35139700,1963123900,26647199700,3305.8954,3311.5729,3278.9563,3276.7276
101500000,3287.2192,728000,11908500,1963851900,26659108200,3305.8954,3311.5729,3278.9563,3276.7276
101506000,3287.1615,1965900,26463400,1965817800,26685571600,3305.8954,3311.5729,3278.9563,3276.7276
101511000,3287.6516,1645700,24630600,1967463500,26710202200,3305.8954,3311.5729,3278.9563,3276.7276
101515000,3287.5483,1866000,23906900,1969329500,26734109100,3305.8954,3311.5729,3278.9563,3276.7276
101521000,3287.6483,1155900,18749700,1970485400,26752858800,3305.8954,3311.5729,3278.9563,3276.7276
101526000,3287.6403,2684500,21522300,1973169900,26774381100,3305.8954,3311.5729,3278.9563,3276.7276
101530000,3287.5156,1827900,22565700,1974997800,26796946800,3305.8954,3311.5729,3278.9563,3276.7276
101536000,3287.8708,1494700,19016400,1976492500,26815963200,3305.8954,3311.5729,3278.9563,3276.7276
101541000,3288.5968,2947300,27579700,1979439800,26843542900,3305.8954,3311.5729,3278.9563,3276.7276
101545000,3288.0561,2466300,26650300,1981906100,26870193200,3305.8954,3311.5729,3278.9563,3276.7276
101551000,3288.8507,2593400,26758300,1984499500,26896951500,3305.8954,3311.5729,3278.9563,3276.7276
101556000,3288.5621,2091100,33955000,1986590600,26930906500,3305.8954,3311.5729,3278.9563,3276.7276
101600000,3289.0655,1859500,29346400,1988450100,26960252900,3305.8954,3311.5729,3278.9563,3276.7276
101606000,3289.3543,2161600,31684700,1990611700,26991937600,3305.8954,3311.5729,3278.9563,3276.7276
101611000,3290.1526,2017500,28876400,1992629200,27020814000,3305.8954,3311.5729,3278.9563,3276.7276
101615000,3290.2427,2255000,28293200,1994884200,27049107200,3305.8954,3311.5729,3278.9563,3276.7276
101621000,3290.2844,2239300,32647000,1997123500,27081754200,3305.8954,3311.5729,3278.9563,3276.7276
101626000,3290.3455,1707400,20708700,1998830900,27102462900,3305.8954,3311.5729,3278.9563,3276.7276
101630000,3290.132,1734300,22615200,2000565200,27125078100,3305.8954,3311.5729,3278.9563,3276.7276
101636000,3290.4998,2019400,33638100,2002584600,27158716200,3305.8954,3311.5729,3278.9563,3276.7276
101641000,3290.8624,1381200,22691800,2003965800,27181408000,3305.8954,3311.5729,3278.9563,3276.7276
101645000,3290.485,2826300,35415600,2006792100,27216823600,3305.8954,3311.5729,3278.9563,3276.7276
101651000,3290.8556,1385900,19523200,2008178000,27236346800,3305.8954,3311.5729,3278.9563,3276.7276
101656000,3290.4781,1401100,25651200,2009579100,27261998000,3305.8954,3311.5729,3278.9563,3276.7276
101700000,3290.1032,1714100,22692900,2011293200,27284690900,3305.8954,3311.5729,3278.9563,3276.7276
101706000,3291.3137,1924800,27428800,2013218000,27312119700,3305.8954,3311.5729,3278.9563,3276.7276
101711000,3290.815,1523900,20525500,2014741900,27332645200,3305.8954,3311.5729,3278.9563,3276.7276
101715000,3290.6231,2040100,26503200,2016782000,27359148400,3305.8954,3311.5729,3278.9563,3276.7276
101721000,3290.7465,1200300,18895600,2017982300,27378044000,3305.8954,3311.5729,3278.9563,3276.7276
101726000,3290.3724,1466600,21711900,2019448900,27399755900,3305.8954,3311.5729,3278.9563,3276.7276
101730000,3290.123,1954900,28459100,2021403800,27428215000,3305.8954,3311.5729,3278.9563,3276.7276
101736000,3290.1378,1606500,22594000,2023010300,27450809000,3305.8954,3311.5729,3278.9563,3276.7276
101741000,3288.7834,1678200,28180300,2024688500,27478989300,3305.8954,3311.5729,3278.9563,3276.7276
101745000,3288.518,2535400,34841800,2027223900,27513831100,3305.8954,3311.5729,3278.9563,3276.7276
101751000,3288.4057,3330200,40483100,2030554100,27554314200,3305.8954,3311.5729,3278.9563,3276.7276
101756000,3287.8519,3520200,45449700,2034074300,27599763900,3305.8954,3311.5729,3278.9563,3276.7276
101800000,3287.2935,2580000,40439500,2036654300,27640203400,3305.8954,3311.5729,3278.9563,3276.7276
101806000,3286.622,2075100,25521300,2038729400,27665724700,3305.8954,3311.5729,3278.9563,3276.7276
101811000,3286.1332,2486000,29644300,2041215400,27695369000,3305.8954,3311.5729,3278.9563,3276.7276
101815000,3286.4427,2712700,32511100,2043928100,27727880100,3305.8954,3311.5729,3278.9563,3276.7276
101821000,3286.8542,2121300,31268100,2046049400,27759148200,3305.8954,3311.5729,3278.9563,3276.7276
101826000,3287.0252,1981900,25411300,2048031300,27784559500,3305.8954,3311.5729,3278.9563,3276.7276
101830000,3286.9324,2187800,26208900,2050219100,27810768400,3305.8954,3311.5729,3278.9563,3276.7276
101836000,3287.1333,3467300,26510500,2053686400,27837278900,3305.8954,3311.5729,3278.9563,3276.7276
101841000,3287.0835,1722900,26255300,2055409300,27863534200,3305.8954,3311.5729,3278.9563,3276.7276
101845000,3287.3632,2466100,24905800,2057875400,27888440000,3305.8954,3311.5729,3278.9563,3276.7276
101851000,3287.4183,1887300,20950000,2059762700,27909390000,3305.8954,3311.5729,3278.9563,3276.7276
101856000,3287.6285,1342600,17646900,2061105300,27927036900,3305.8954,3311.5729,3278.9563,3276.7276
101900000,3287.3187,1524400,19492300,2062629700,27946529200,3305.8954,3311.5729,3278.9563,3276.7276
101906000,3287.0953,1426300,20147400,2064056000,27966676600,3305.8954,3311.5729,3278.9563,3276.7276
101912000,3286.984,1479700,22402900,2065535700,27989079500,3305.8954,3311.5729,3278.9563,3276.7276
101915000,3286.6762,1591600,22261700,2067127300,28011341200,3305.8954,3311.5729,3278.9563,3276.7276
101921000,3286.798,2020300,39938800,2069147600,28051280000,3305.8954,3311.5729,3278.9563,3276.7276
101927000,3286.7578,1071500,18672300,2070219100,28069952300,3305.8954,3311.5729,3278.9563,3276.7276
101932000,3286.8987,1566500,22696400,2071785600,28092648700,3305.8954,3311.5729,3278.9563,3276.7276
101936000,3286.6258,2190800,30149800,2073976400,28122798500,3305.8954,3311.5729,3278.9563,3276.7276
101942000,3287.1281,1199100,20889200,2075175500,28143687700,3305.8954,3311.5729,3278.9563,3276.7276
101947000,3286.394,1918900,26553400,2077094400,28170241100,3305.8954,3311.5729,3278.9563,3276.7276
101951000,3286.5049,1359500,19273700,2078453900,28189514800,3305.8954,3311.5729,3278.9563,3276.7276
101957000,3285.8382,1207500,20429300,2079661400,28209944100,3305.8954,3311.5729,3278.9563,3276.7276
102002000,3285.7486,1271100,23572300,2080932500,28233516400,3305.8954,3311.5729,3278.9563,3276.7276
102006000,3286.2981,2234200,22645300,2083166700,28256161700,3305.8954,3311.5729,3278.9563,3276.7276
102012000,3286.0122,1395800,17954700,2084562500,28274116400,3305.8954,3311.5729,3278.9563,3276.7276
102017000,3285.4252,2747600,25879500,2087310100,28299995900,3305.8954,3311.5729,3278.9563,3276.7276
102021000,3285.5811,1893500,24773500,2089203600,28324769400,3305.8954,3311.5729,3278.9563,3276.7276
102027000,3285.4385,2010300,25135100,2091213900,28349904500,3305.8954,3311.5729,3278.9563,3276.7276
102032000,3285.648,1538100,22759600,2092752000,28372664100,3305.8954,3311.5729,3278.9563,3276.7276
102036000,3285.6884,1834200,28098600,2094586200,28400762700,3305.8954,3311.5729,3278.9563,3276.7276
102042000,3286.1832,1630200,23174400,2096216400,28423937100,3305.8954,3311.5729,3278.9563,3276.7276
102047000,3285.742,1435800,24377100,2097652200,28448314200,3305.8954,3311.5729,3278.9563,3276.7276
102051000,3286.4355,2195600,30321200,2099847800,28478635400,3305.8954,3311.5729,3278.9563,3276.7276
102057000,3286.1406,1562600,20987900,2101410400,28499623300,3305.8954,3311.5729,3278.9563,3276.7276
102102000,3286.1086,1547400,23800900,2102957800,28523424200,3305.8954,3311.5729,3278.9563,3276.7276
102106000,3285.6676,1487400,19539900,2104445200,28542964100,3305.8954,3311.5729,3278.9563,3276.7276
102112000,3285.957,1413500,20220500,2105858700,28563184600,3305.8954,3311.5729,3278.9563,3276.7276
102117000,3285.5861,1761800,24212200,2107620500,28587396800,3305.8954,3311.5729,3278.9563,3276.7276
102121000,3286.0095,1506300,23983200,2109126800,28611380000,3305.8954,3311.5729,3278.9563,3276.7276
102127000,3285.8979,1497200,19568200,2110624000,28630948200,3305.8954,3311.5729,3278.9563,3276.7276
102132000,3286.0674,1367100,18818100,2111991100,28649766300,3305.8954,3311.5729,3278.9563,3276.7276
102136000,3285.9696,1276800,17748100,2113267900,28667514400,3305.8954,3311.5729,3278.9563,3276.7276
102142000,3286.0108,1018600,15845900,2114286500,28683360300,3305.8954,3311.5729,3278.9563,3276.7276
102147000,3285.4632,1146800,19126500,2115433300,28702486800,3305.8954,3311.5729,3278.9563,3276.7276
102151000,3285.6369,1148100,17625900,2116581400,28720112700,3305.8954,3311.5729,3278.9563,3276.7276
102157000,3286.0443,1040700,16323600,2117622100,28736436300,3305.8954,3311.5729,3278.9563,3276.7276
102202000,3285.4314,1324100,24802600,2118946200,28761238900,3305.8954,3311.5729,3278.9563,3276.7276
102206000,3285.3798,1632900,23049700,2120579100,28784288600,3305.8954,3311.5729,3278.9563,3276.7276
102212000,3285.5736,1088800,15469500,2121667900,28799758100,3305.8954,3311.5729,3278.9563,3276.7276
102217000,3285.254,2782400,31380500,2124450300,28831138600,3305.8954,3311.5729,3278.9563,3276.7276
102221000,3285.2822,1975100,21441000,2126425400,28852579600,3305.8954,3311.5729,3278.9563,3276.7276
102227000,3285.2749,1234600,18333000,2127660000,28870912600,3305.8954,3311.5729,3278.9563,3276.7276
102232000,3285.0821,1244800,19367800,2128904800,28890280400,3305.8954,3311.5729,3278.9563,3276.7276
102236000,3284.8528,1556900,24663800,2130461700,28914944200,3305.8954,3311.5729,3278.9563,3276.7276
102242000,3284.3515,2594600,26357700,2133056300,28941301900,3305.8954,3311.5729,3278.9563,3276.7276
102247000,3283.9206,2350400,32918500,2135406700,28974220400,3305.8954,3311.5729,3278.9563,3276.7276
102251000,3283.2734,2939300,31508500,2138346000,29005728900,3305.8954,3311.5729,3278.9563,3276.7276
102257000,3283.671,2389600,27436900,2140735600,29033165800,3305.8954,3311.5729,3278.9563,3276.7276
102302000,3282.6277,2007900,28158900,2142743500,29061324700,3305.8954,3311.5729,3278.9563,3276.7276
102308000,3282.5387,1801600,28808600,2144545100,29090133300,3305.8954,3311.5729,3278.9563,3276.7276
102312000,3282.2951,2206500,20282500,2146751600,29110415800,3305.8954,3311.5729,3278.9563,3276.7276
102318000,3282.2072,2955400,37142100,2149707000,29147557900,3305.8954,3311.5729,3278.9563,3276.7276
102323000,3282.0536,2297800,22887100,2152004800,29170445000,3305.8954,3311.5729,3278.9563,3276.7276
102327000,3282.0687,1637100,24777800,2153641900,29195222800,3305.8954,3311.5729,3278.9563,3276.7276
102333000,3282.2014,1253500,17189100,2154895400,29212411900,3305.8954,3311.5729,3278.9563,3276.7276
102338000,3281.8049,1680400,18258600,2156575800,29230670500,3305.8954,3311.5729,3278.9563,3276.7276
102342000,3281.893,3354100,30585900,2159929900,29261256400,3305.8954,3311.5729,3278.9563,3276.7276
102348000,3281.7711,1053500,15926700,2160983400,29277183100,3305.8954,3311.5729,3278.9563,3276.7276
102353000,3281.9195,3256500,21346800,2164239900,29298529900,3305.8954,3311.5729,3278.9563,3276.7276
102357000,3282.1072,2456600,25602700,2166696500,29324132600,3305.8954,3311.5729,3278.9563,3276.7276
102403000,3281.4534,2707600,29087900,2169404100,29353220500,3305.8954,3311.5729,3278.9563,3276.7276
102408000,3281.3345,1831700,21621800,2171235800,29374842300,3305.8954,3311.5729,3278.9563,3276.7276
102412000,3281.0245,2550700,28063000,2173786500,29402905300,3305.8954,3311.5729,3278.9563,3276.7276
102418000,3281.0929,2517400,21619500,2176303900,29424524800,3305.8954,3311.5729,3278.9563,3276.7276
102423000,3281.3057,2653600,23561200,2178957500,29448086000,3305.8954,3311.5729,3278.9563,3276.7276
102427000,3281.0587,2819100,23375900,2181776600,29471461900,3305.8954,3311.5729,3278.9563,3276.7276
102433000,3280.8346,3831100,21824200,2185607700,29493286100,3305.8954,3311.5729,3278.9563,3276.7276
102438000,3280.6649,2505200,24701100,2188112900,29517987200,3305.8954,3311.5729,3278.9563,3276.7276
102442000,3280.9437,3325500,27072600,2191438400,29545059800,3305.8954,3311.5729,3278.9563,3276.7276
102448000,3280.5674,2820100,28264600,2194258500,29573324400,3305.8954,3311.5729,3278.9563,3276.7276
102453000,3281.1035,1896800,21755900,2196155300,29595080300,3305.8954,3311.5729,3278.9563,3276.7276
102457000,3281.0635,1632900,29842500,2197788200,29624922800,3305.8954,3311.5729,3278.9563,3276.7276
102503000,3280.5888,1865400,26403200,2199653600,29651326000,3305.8954,3311.5729,3278.9563,3276.7276
102508000,3280.3567,1700900,22489500,2201354500,29673815500,3305.8954,3311.5729,3278.9563,3276.7276
102512000,3280.2076,1516600,19673900,2202871100,29693489400,3305.8954,3311.5729,3278.9563,3276.7276
102518000,3280.3369,1695000,18695000,2204566100,29712184400,3305.8954,3311.5729,3278.9563,3276.7276
102523000,3280.3711,1247300,17380300,2205813400,29729564700,3305.8954,3311.5729,3278.9563,3276.7276
102527000,3280.3134,1268400,20101000,2207081800,29749665700,3305.8954,3311.5729,3278.9563,3276.7276
102533000,3280.1177,1343300,18637500,2208425100,29768303200,3305.8954,3311.5729,3278.9563,3276.7276
102538000,3280.3041,1461200,19194600,2209886300,29787497800,3305.8954,3311.5729,3278.9563,3276.7276
102542000,3280.2572,1474500,23769300,2211360800,29811267100,3305.8954,3311.5729,3278.9563,3276.7276
102548000,3280.2664,1513300,20147200,2212874100,29831414300,3305.8954,3311.5729,3278.9563,3276.7276
102553000,3280.1154,1616300,23253900,2214490400,29854668200,3305.8954,3311.5729,3278.9563,3276.7276
102557000,3280.4419,1905900,23848800,2216396300,29878517000,3305.8954,3311.5729,3278.9563,3276.7276
102603000,3280.1728,1695400,20778400,2218091700,29899295400,3305.8954,3311.5729,3278.9563,3276.7276
102608000,3279.9413,1821100,22411800,2219912800,29921707200,3305.8954,3311.5729,3278.9563,3276.7276
102612000,3279.7809,1941000,25122100,2221853800,29946829300,3305.8954,3311.5729,3278.9563,3276.7276
102618000,3279.5087,1794700,22264700,2223648500,29969094000,3305.8954,3311.5729,3278.9563,3276.7276
102623000,3279.4494,1435700,21720400,2225084200,29990814400,3305.8954,3311.5729,3278.9563,3276.7276
102627000,3279.4195,1128900,18325700,2226213100,30009140100,3305.8954,3311.5729,3278.9563,3276.7276
102633000,3279.5355,1509600,20630600,2227722700,30029770700,3305.8954,3311.5729,3278.9563,3276.7276
102638000,3279.0453,1483400,25279900,2229206100,30055050600,3305.8954,3311.5729,3278.9563,3276.7276
102642000,3279.1407,1508100,23031500,2230714200,30078082100,3305.8954,3311.5729,3278.9563,3276.7276
102648000,3279.1476,2687100,28213200,2233401300,30106295300,3305.8954,3311.5729,3278.9563,3276.7276
102653000,3279.1696,1849500,27557000,2235250800,30133852300,3305.8954,3311.5729,3278.9563,3276.7276
102657000,3279.2829,2276800,30690200,2237527600,30164542500,3305.8954,3311.5729,3278.9563,3276.7276
102703000,3278.535,1644200,24062800,2239171800,30188605300,3305.8954,3311.5729,3278.535,3276.7276
102709000,3278.1828,1658900,20751100,2240830700,30209356400,3305.8954,3311.5729,3278.1828,3276.7276
102714000,3278.175,1641900,19114700,2242472600,30228471100,3305.8954,3311.5729,3278.175,3276.7276
102718000,3278.0938,2371000,28324400,2244843600,30256795500,3305.8954,3311.5729,3278.0112,3276.7276
102724000,3277.9607,1390600,17307900,2246234200,30274103400,3305.8954,3311.5729,3277.924,3276.7276
102727000,3278.1663,1484400,18506100,2247718600,30292609500,3305.8954,3311.5729,3277.9228,3276.7276
102733000,3278.1889,2564800,33691200,2250283400,30326300700,3305.8954,3311.5729,3277.9228,3276.7276
102739000,3278.1815,1467000,18261200,2251750400,30344561900,3305.8954,3311.5729,3277.9228,3276.7276
102744000,3277.7542,1671300,20976500,2253421700,30365538400,3305.8954,3311.5729,3277.7542,3276.7276
102748000,3277.7605,1934400,25009900,2255356100,30390548300,3305.8954,3311.5729,3277.7542,3276.7276
102754000,3278.1598,1417200,17981200,2256773300,30408529500,3305.8954,3311.5729,3277.7542,3276.7276
102759000,3278.7141,1728600,24129400,2258501900,30432658900,3305.8954,3311.5729,3277.7542,3276.7276
102803000,3277.9449,1718800,28260800,2260220700,30460919700,3305.8954,3311.5729,3277.7542,3276.7276
102809000,3278.0018,1455000,17470000,2261675700,30478389700,3305.8954,3311.5729,3277.7542,3276.7276
102814000,3277.8671,2069700,25640300,2263745400,30504030000,3305.8954,3311.5729,3277.6873,3276.7276
102818000,3277.7024,2011200,28369800,2265756600,30532399800,3305.8954,3311.5729,3277.6301,3276.7276
102824000,3277.6721,1397800,17044900,2267154400,30549444700,3305.8954,3311.5729,3277.4505,3276.7276
102829000,3277.6305,1747100,20422000,2268901500,30569866700,3305.8954,3311.5729,3277.4505,3276.7276
102833000,3277.4334,1417200,21103000,2270318700,30590969700,3305.8954,3311.5729,3277.4334,3276.7276
102839000,3277.61,1298200,16456000,2271616900,30607425700,3305.8954,3311.5729,3277.3936,3276.7276
102844000,3277.5718,1984600,23414600,2273601500,30630840300,3305.8954,3311.5729,3277.2702,3276.7276
102848000,3277.2299,1551400,21365900,2275152900,30652206200,3305.8954,3311.5729,3277.207,3276.7276
102854000,3277.414,1237800,16181900,2276390700,30668388100,3305.8954,3311.5729,3277.1188,3276.7276
102859000,3277.393,1566600,18959800,2277957300,30687347900,3305.8954,3311.5729,3277.1188,3276.7276
102903000,3277.0739,1105000,17100400,2279062300,30704448300,3305.8954,3311.5729,3277.0739,3276.7276
102909000,3276.8201,1714000,22594000,2280776300,30727042300,3305.8954,3311.5729,3276.8201,3276.7276
102914000,3276.5831,1635100,18476900,2282411400,30745519200,3305.8954,3311.5729,3276.5831,3276.7276
102918000,3276.0916,1428200,20507300,2283839600,30766026500,3305.8954,3311.5729,3276.0916,3276.7276
102924000,3276.4294,1885600,23270300,2285725200,30789296800,3305.8954,3311.5729,3276.0916,3276.7276
102929000,3276.8169,3287100,26040900,2289012300,30815337700,3305.8954,3311.5729,3276.0916,3276.7276
102933000,3276.6173,3037900,30035800,2292050200,30845373500,3305.8954,3311.5729,3276.0916,3276.7276
102939000,3276.6424,1833500,21391400,2293883700,30866764900,3305.8954,3311.5729,3276.0916,3276.7276
102944000,3276.5484,1560800,20115200,2295444500,30886880100,3305.8954,3311.5729,3276.0916,3276.7276
102948000,3276.4266,2039600,22277500,2297484100,30909157600,3305.8954,3311.5729,3276.0916,3276.7276
102954000,3276.7611,2932100,27823500,2300416200,30936981100,3305.8954,3311.5729,3276.0916,3276.7276
102959000,3276.5664,1131800,15432500,2301548000,30952413600,3305.8954,3311.5729,3276.0916,3276.7276
103003000,3276.6247,1994100,26256700,2303542100,30978670300,3305.8954,3311.5729,3276.0916,3276.7276
103009000,3276.4225,1749000,25517300,2305291100,31004187600,3305.8954,3311.5729,3276.0916,3276.7276
103014000,3275.8423,1700000,23126400,2306991100,31027314000,3305.8954,3311.5729,3275.8423,3276.7276
103018000,3275.5809,1606600,21448200,2308597700,31048762200,3305.8954,3311.5729,3275.5809,3276.7276
103024000,3275.7543,1834200,21882100,2310431900,31070644300,3305.8954,3311.5729,3275.1513,3276.7276
103029000,3275.9469,1504500,21763400,2311936400,31092407700,3305.8954,3311.5729,3275.1513,3276.7276
103033000,3275.7652,1674300,25638100,2313610700,31118045800,3305.8954,3311.5729,3275.1513,3276.7276
103039000,3275.8294,1157200,18214500,2314767900,31136260300,3305.8954,3311.5729,3275.1513,3276.7276
103044000,3275.6272,1571700,21428900,2316339600,31157689200,3305.8954,3311.5729,3275.1513,3276.7276
103048000,3275.4867,1795400,25697100,2318135000,31183386300,3305.8954,3311.5729,3275.1513,3276.7276
103054000,3275.965,1637700,19964600,2319772700,31203350900,3305.8954,3311.5729,3275.1513,3276.7276
103059000,3275.7327,1235100,18968800,2321007800,31222319700,3305.8954,3311.5729,3275.1513,3276.7276
103103000,3275.2237,1909900,23393200,2322917700,31245712900,3305.8954,3311.5729,3275.1513,3276.7276
103109000,3274.9825,2395800,27789500,2325313500,31273502400,3305.8954,3311.5729,3274.8105,3276.7276
103115000,3275.2691,2066400,25293000,2327379900,31298795400,3305.8954,3311.5729,3274.8105,3276.7276
103118000,3275.2883,2611900,37204500,2329991800,31335999900,3305.8954,3311.5729,3274.8105,3276.7276
103124000,3275.0417,2260300,30788000,2332252100,31366787900,3305.8954,3311.5729,3274.8105,3276.7276
103130000,3275.4364,2295800,25919300,2334547900,31392707200,3305.8954,3311.5729,3274.8105,3276.7276
103133000,3276.1672,1883500,20763300,2336431400,31413470500,3305.8954,3311.5729,3274.8105,3276.7276
103139000,3275.7648,3068900,36909100,2339500300,31450379600,3305.8954,3311.5729,3274.8105,3276.7276
103145000,3275.5262,2087000,24443700,2341587300,31474823300,3305.8954,3311.5729,3274.8105,3276.7276
103150000,3275.5133,2517400,28378200,2344104700,31503201500,3305.8954,3311.5729,3274.8105,3276.7276
103154000,3275.9045,2071200,29688900,2346175900,31532890400,3305.8954,3311.5729,3274.8105,3276.7276
103200000,3275.7178,1777600,24528100,2347953500,31557418500,3305.8954,3311.5729,3274.8105,3276.7276
103205000,3275.5133,1785700,26245200,2349739200,31583663700,3305.8954,3311.5729,3274.8105,3276.7276
103209000,3275.414,3069600,27730500,2352808800,31611394200,3305.8954,3311.5729,3274.8105,3276.7276
103215000,3275.3001,1236400,14195100,2354045200,31625589300,3305.8954,3311.5729,3274.8105,3276.7276
103220000,3275.3534,1624200,22194300,2355669400,31647783600,3305.8954,3311.5729,3274.8105,3276.7276
103224000,3275.5022,1392300,22801700,2357061700,31670585300,3305.8954,3311.5729,3274.8105,3276.7276
103230000,3276.1526,1715600,22001200,2358777300,31692586500,3305.8954,3311.5729,3274.8105,3276.7276
103235000,3275.3175,1549400,21190900,2360326700,31713777400,3305.8954,3311.5729,3274.8105,3276.7276
103239000,3277.0227,2123200,26684600,2362449900,31740462000,3305.8954,3311.5729,3274.8105,3276.7276
103245000,3276.4709,2304700,30319100,2364754600,31770781100,3305.8954,3311.5729,3274.8105,3276.7276
103250000,3277.0585,1712100,25853500,2366466700,31796634600,3305.8954,3311.5729,3274.8105,3276.7276
103254000,3277.4532,1968400,28967200,2368435100,31825601800,3305.8954,3311.5729,3274.8105,3276.7276
103300000,3277.9492,1947300,31401000,2370382400,31857002800,3305.8954,3311.5729,3274.8105,3276.7276
103305000,3278.8792,2645700,43135300,2373028100,31900138100,3305.8954,3311.5729,3274.8105,3276.7276
103309000,3279.5311,3673300,43807200,2376701400,31943945300,3305.8954,3311.5729,3274.8105,3276.7276
103315000,3280.058,2765500,32378500,2379466900,31976323800,3305.8954,3311.5729,3274.8105,3276.7276
103320000,3280.4171,2245600,31453400,2381712500,32007777200,3305.8954,3311.5729,3274.8105,3276.7276
103324000,3280.3055,2155800,28652200,2383868300,32036429400,3305.8954,3311.5729,3274.8105,3276.7276
103330000,3280.8807,3411900,29355200,2387280200,32065784600,3305.8954,3311.5729,3274.8105,3276.7276
103335000,3280.7522,4209100,38167400,2391489300,32103952000,3305.8954,3311.5729,3274.8105,3276.7276
103339000,3281.2786,2154700,27357800,2393644000,32131309800,3305.8954,3311.5729,3274.8105,3276.7276
103345000,3281.2921,2229600,22410000,2395873600,32153719800,3305.8954,3311.5729,3274.8105,3276.7276
103350000,3281.3041,1087900,15452700,2396961500,32169172500,3305.8954,3311.5729,3274.8105,3276.7276
103354000,3281.9887,1794500,30110100,2398756000,32199282600,3305.8954,3311.5729,3274.8105,3276.7276
103400000,3281.997,1926100,24665100,2400682100,32223947700,3305.8954,3311.5729,3274.8105,3276.7276
103405000,3281.4684,1548100,20049100,2402230200,32243996800,3305.8954,3311.5729,3274.8105,3276.7276
103409000,3281.6483,1333000,27677000,2403563200,32271673800,3305.8954,3311.5729,3274.8105,3276.7276
103415000,3281.9473,1345100,19028100,2404908300,32290701900,3305.8954,3311.5729,3274.8105,3276.7276
103420000,3281.4777,1246200,17137500,2406154500,32307839400,3305.8954,3311.5729,3274.8105,3276.7276
103424000,3281.673,1209800,20245700,2407364300,32328085100,3305.8954,3311.5729,3274.8105,3276.7276
103430000,3281.897,1600600,20168900,2408964900,32348254000,3305.8954,3311.5729,3274.8105,3276.7276
103435000,3281.7424,1237200,15818300,2410202100,32364072300,3305.8954,3311.5729,3274.8105,3276.7276
103439000,3281.7783,1434400,19994400,2411636500,32384066700,3305.8954,3311.5729,3274.8105,3276.7276
103445000,3281.8216,1367300,13947200,2413003800,32398013900,3305.8954,3311.5729,3274.8105,3276.7276
103450000,3282.1545,1136900,16885900,2414140700,32414899800,3305.8954,3311.5729,3274.8105,3276.7276
103454000,3282.5152,1302600,17714000,2415443300,32432613800,3305.8954,3311.5729,3274.8105,3276.7276
103500000,3282.4421,1131200,21909500,2416574500,32454523300,3305.8954,3311.5729,3274.8105,3276.7276
103505000,3282.0835,1467900,21210400,2418042400,32475733700,3305.8954,3311.5729,3274.8105,3276.7276
103509000,3282.3054,1332000,21482700,2419374400,32497216400,3305.8954,3311.5729,3274.8105,3276.7276
103515000,3282.2415,1329000,14807100,2420703400,32512023500,3305.8954,3311.5729,3274.8105,3276.7276
103521000,3281.347,1805900,26243500,2422509300,32538267000,3305.8954,3311.5729,3274.8105,3276.7276
103524000,3281.7753,933500,13750800,2423442800,32552017800,3305.8954,3311.5729,3274.8105,3276.7276
103530000,3281.5897,2095400,28790000,2425538200,32580807800,3305.8954,3311.5729,3274.8105,3276.7276
103536000,3281.5259,1997100,22105800,2427535300,32602913600,3305.8954,3311.5729,3274.8105,3276.7276
103541000,3281.7489,2353900,26766600,2429889200,32629680200,3305.8954,3311.5729,3274.8105,3276.7276
103545000,3281.1253,1920500,22829000,2431809700,32652509200,3305.8954,3311.5729,3274.8105,3276.7276
103551000,3281.3777,1057500,13503700,2432867200,32666012900,3305.8954,3311.5729,3274.8105,3276.7276
103556000,3281.7943,1247400,19011700,2434114600,32685024600,3305.8954,3311.5729,3274.8105,3276.7276
103600000,3282.164,1263800,17067000,2435378400,32702091600,3305.8954,3311.5729,3274.8105,3276.7276
103606000,3282.1308,1121200,13922500,2436499600,32716014100,3305.8954,3311.5729,3274.8105,3276.7276
103611000,3282.2829,1248100,18136600,2437747700,32734150700,3305.8954,3311.5729,3274.8105,3276.7276
103615000,3282.063,1226000,14552400,2438973700,32748703100,3305.8954,3311.5729,3274.8105,3276.7276
103621000,3281.9469,877400,12754400,2439851100,32761457500,3305.8954,3311.5729,3274.8105,3276.7276
103626000,3282.109,1373900,19134500,2441225000,32780592000,3305.8954,3311.5729,3274.8105,3276.7276
103630000,3281.7062,1597500,18794500,2442822500,32799386500,3305.8954,3311.5729,3274.8105,3276.7276
103636000,3281.8486,1642300,17806000,2444464800,32817192500,3305.8954,3311.5729,3274.8105,3276.7276
103641000,3282.058,1979200,19231500,2446444000,32836424000,3305.8954,3311.5729,3274.8105,3276.7276
103645000,3281.6954,1460800,16801400,2447904800,32853225400,3305.8954,3311.5729,3274.8105,3276.7276
103651000,3281.543,1188900,18001900,2449093700,32871227300,3305.8954,3311.5729,3274.8105,3276.7276
103656000,3281.5181,1480200,17140300,2450573900,32888367600,3305.8954,3311.5729,3274.8105,3276.7276
103700000,3282.0688,1199300,16536100,2451773200,32904903700,3305.8954,3311.5729,3274.8105,3276.7276
103706000,3281.4509,1221200,12850400,2452994400,32917754100,3305.8954,3311.5729,3274.8105,3276.7276
103711000,3281.7546,1307800,16865800,2454302200,32934619900,3305.8954,3311.5729,3274.8105,3276.7276
103715000,3281.2263,1132700,16011400,2455434900,32950631300,3305.8954,3311.5729,3274.8105,3276.7276
103721000,3281.3437,964500,13979000,2456399400,32964610300,3305.8954,3311.5729,3274.8105,3276.7276
103726000,3281.0966,778700,11302500,2457178100,32975912800,3305.8954,3311.5729,3274.8105,3276.7276
103730000,3281.5163,1111500,15770000,2458289600,32991682800,3305.8954,3311.5729,3274.8105,3276.7276
103736000,3281.2181,1285100,13157500,2459574700,33004840300,3305.8954,3311.5729,3274.8105,3276.7276
103741000,3281.5531,997000,13479900,2460571700,33018320200,3305.8954,3311.5729,3274.8105,3276.7276
103745000,3281.7147,2044700,27159800,2462616400,33045480000,3305.8954,3311.5729,3274.8105,3276.7276
103751000,3281.6951,1297200,17715500,2463913600,33063195500,3305.8954,3311.5729,3274.8105,3276.7276
103756000,3282.0048,1316900,17109600,2465230500,33080305100,3305.8954,3311.5729,3274.8105,3276.7276
103800000,3282.1255,1517500,18419300,2466748000,33098724400,3305.8954,3311.5729,3274.8105,3276.7276
103806000,3281.8906,1089300,14457100,2467837300,33113181500,3305.8954,3311.5729,3274.8105,3276.7276
103811000,3282.3769,1408600,23709900,2469245900,33136891400,3305.8954,3311.5729,3274.8105,3276.7276
103815000,3282.4999,1938400,34109700,2471184300,33171001100,3305.8954,3311.5729,3274.8105,3276.7276
103821000,3282.5896,1006100,15566000,2472190400,33186567100,3305.8954,3311.5729,3274.8105,3276.7276
103826000,3282.7092,957100,14749400,2473147500,33201316500,3305.8954,3311.5729,3274.8105,3276.7276
103830000,3282.7232,1264900,19170600,2474412400,33220487100,3305.8954,3311.5729,3274.8105,3276.7276
103836000,3282.519,1502000,16177000,2475914400,33236664100,3305.8954,3311.5729,3274.8105,3276.7276
103841000,3282.7218,1647400,16825800,2477561800,33253489900,3305.8954,3311.5729,3274.8105,3276.7276
103845000,3282.7494,1427800,18985500,2478989600,33272475400,3305.8954,3311.5729,3274.8105,3276.7276
103851000,3282.6577,1390600,17749600,2480380200,33290225000,3305.8954,3311.5729,3274.8105,3276.7276
103856000,3282.4476,1512800,17085500,2481893000,33307310500,3305.8954,3311.5729,3274.8105,3276.7276
103900000,3282.7811,1092500,16576100,2482985500,33323886600,3305.8954,3311.5729,3274.8105,3276.7276
103906000,3282.4993,1340700,16450800,2484326200,33340337400,3305.8954,3311.5729,3274.8105,3276.7276
103911000,3282.7225,886500,13390800,2485212700,33353728200,3305.8954,3311.5729,3274.8105,3276.7276
103915000,3282.8563,1329200,17989000,2486541900,33371717200,3305.8954,3311.5729,3274.8105,3276.7276
103921000,3282.8314,1438400,17196500,2487980300,33388913700,3305.8954,3311.5729,3274.8105,3276.7276
103926000,3282.5823,949400,13678800,2488929700,33402592500,3305.8954,3311.5729,3274.8105,3276.7276
103930000,3282.7394,1017300,15412200,2489947000,33418004700,3305.8954,3311.5729,3274.8105,3276.7276
103936000,3282.3192,1094400,15404400,2491041400,33433409100,3305.8954,3311.5729,3274.8105,3276.7276
103942000,3282.6492,867200,11792600,2491908600,33445201700,3305.8954,3311.5729,3274.8105,3276.7276
103947000,3282.5171,1129500,17038100,2493038100,33462239800,3305.8954,3311.5729,3274.8105,3276.7276
103951000,3282.7187,1435100,20859800,2494473200,33483099600,3305.8954,3311.5729,3274.8105,3276.7276
103957000,3282.7387,857100,12285400,2495330300,33495385000,3305.8954,3311.5729,3274.8105,3276.7276
104002000,3282.9579,960700,15646200,2496291000,33511031200,3305.8954,3311.5729,3274.8105,3276.7276
104006000,3282.743,998700,14888700,2497289700,33525919900,3305.8954,3311.5729,3274.8105,3276.7276
104012000,3282.3997,1171200,15861200,2498460900,33541781100,3305.8954,3311.5729,3274.8105,3276.7276
104017000,3282.1375,1041900,12945600,2499502800,33554726700,3305.8954,3311.5729,3274.8105,3276.7276
104021000,3281.9447,2262700,26088900,2501765500,33580815600,3305.8954,3311.5729,3274.8105,3276.7276
104027000,3281.6575,1990300,19632000,2503755800,33600447600,3305.8954,3311.5729,3274.8105,3276.7276
104032000,3281.7825,1833900,20519600,2505589700,33620967200,3305.8954,3311.5729,3274.8105,3276.7276
104036000,3281.5287,2618200,27442500,2508207900,33648409700,3305.8954,3311.5729,3274.8105,3276.7276
104042000,3281.626,2187500,17618400,2510395400,33666028100,3305.8954,3311.5729,3274.8105,3276.7276
104047000,3281.6489,1651700,18474700,2512047100,33684502800,3305.8954,3311.5729,3274.8105,3276.7276
104051000,3281.0792,2080200,23908700,2514127300,33708411500,3305.8954,3311.5729,3274.8105,3276.7276
104057000,3281.5949,1342500,19136200,2515469800,33727547700,3305.8954,3311.5729,3274.8105,3276.7276
104102000,3281.5564,1821800,21729400,2517291600,33749277100,3305.8954,3311.5729,3274.8105,3276.7276
104106000,3281.2367,3010000,31126600,2520301600,33780403700,3305.8954,3311.5729,3274.8105,3276.7276
104112000,3280.8958,1643900,21189300,2521945500,33801593000,3305.8954,3311.5729,3274.8105,3276.7276
104117000,3280.6525,2192800,22995000,2524138300,33824588000,3305.8954,3311.5729,3274.8105,3276.7276
104121000,3279.9662,1768700,22591000,2525907000,33847179000,3305.8954,3311.5729,3274.8105,3276.7276
104127000,3279.837,1141700,16084700,2527048700,33863263700,3305.8954,3311.5729,3274.8105,3276.7276
104132000,3279.8464,1412900,21500900,2528461600,33884764600,3305.8954,3311.5729,3274.8105,3276.7276
104136000,3279.8395,1271700,24864100,2529733300,33909628700,3305.8954,3311.5729,3274.8105,3276.7276
104142000,3279.3172,1515200,17685900,2531248500,33927314600,3305.8954,3311.5729,3274.8105,3276.7276
104147000,3278.8978,1622200,22708700,2532870700,33950023300,3305.8954,3311.5729,3274.8105,3276.7276
104151000,3278.9099,2480800,23006800,2535351500,33973030100,3305.8954,3311.5729,3274.8105,3276.7276
104157000,3279.3049,1334100,16194300,2536685600,33989224400,3305.8954,3311.5729,3274.8105,3276.7276
104202000,3278.9323,1881900,20467500,2538567500,34009691900,3305.8954,3311.5729,3274.8105,3276.7276
104206000,3278.7207,1634300,20388200,2540201800,34030080100,3305.8954,3311.5729,3274.8105,3276.7276
104212000,3278.8385,1293600,17919300,2541495400,34047999400,3305.8954,3311.5729,3274.8105,3276.7276
104217000,3278.6186,1747800,17135800,2543243200,34065135200,3305.8954,3311.5729,3274.8105,3276.7276
104221000,3278.5174,1400800,19708600,2544644000,34084843800,3305.8954,3311.5729,3274.8105,3276.7276
104227000,3278.4456,1098500,15644100,2545742500,34100487900,3305.8954,3311.5729,3274.8105,3276.7276
104232000,3278.7538,998800,13390800,2546741300,34113878700,3305.8954,3311.5729,3274.8105,3276.7276
104236000,3278.4223,1202900,16332100,2547944200,34130210800,3305.8954,3311.5729,3274.8105,3276.7276
104242000,3278.5642,1108900,15147600,2549053100,34145358400,3305.8954,3311.5729,3274.8105,3276.7276
104247000,3278.5422,1367300,17583800,2550420400,34162942200,3305.8954,3311.5729,3274.8105,3276.7276
104251000,3278.7318,1598000,26273700,2552018400,34189215900,3305.8954,3311.5729,3274.8105,3276.7276
104257000,3278.3931,1541800,22904900,2553560200,34212120800,3305.8954,3311.5729,3274.8105,3276.7276
104302000,3278.9166,1222700,18519400,2554782900,34230640200,3305.8954,3311.5729,3274.8105,3276.7276
104306000,3278.2967,1477100,19964700,2556260000,34250604900,3305.8954,3311.5729,3274.8105,3276.7276
104312000,3278.0159,1338700,15299600,2557598700,34265904500,3305.8954,3311.5729,3274.8105,3276.7276
104317000,3277.9806,1108200,16248700,2558706900,34282153200,3305.8954,3311.5729,3274.8105,3276.7276
104323000,3278.4619,1599500,21396700,2560306400,34303549900,3305.8954,3311.5729,3274.8105,3276.7276
104327000,3278.4635,1283300,19908800,2561589700,34323458700,3305.8954,3311.5729,3274.8105,3276.7276
104332000,3278.2979,1042100,10175600,2562631800,34333634300,3305.8954,3311.5729,3274.8105,3276.7276
104338000,3278.8495,1601200,23926400,2564233000,34357560700,3305.8954,3311.5729,3274.8105,3276.7276
104342000,3278.4413,1397100,19212600,2565630100,34376773300,3305.8954,3311.5729,3274.8105,3276.7276
104348000,3278.5244,1066000,15657100,2566696100,34392430400,3305.8954,3311.5729,3274.8105,3276.7276
104353000,3278.4663,1286100,12436700,2567982200,34404867100,3305.8954,3311.5729,3274.8105,3276.7276
104357000,3278.784,1561600,16826000,2569543800,34421693100,3305.8954,3311.5729,3274.8105,3276.7276
104403000,3278.4291,1210300,14347600,2570754100,34436040700,3305.8954,3311.5729,3274.8105,3276.7276
104408000,3278.2655,1103800,14092600,2571857900,34450133300,3305.8954,3311.5729,3274.8105,3276.7276
104412000,3277.9178,1578000,16946300,2573435900,34467079600,3305.8954,3311.5729,3274.8105,3276.7276
104418000,3277.8381,894900,10621100,2574330800,34477700700,3305.8954,3311.5729,3274.8105,3276.7276
104423000,3277.0983,1504600,21499800,2575835400,34499200500,3305.8954,3311.5729,3274.8105,3276.7276
104427000,3277.7464,1823300,24554500,2577658700,34523755000,3305.8954,3311.5729,3274.8105,3276.7276
104433000,3277.6995,1646400,17662100,2579305100,34541417100,3305.8954,3311.5729,3274.8105,3276.7276
104438000,3277.3784,1068200,15458100,2580373300,34556875200,3305.8954,3311.5729,3274.8105,3276.7276
104442000,3277.1329,1687500,24623400,2582060800,34581498600,3305.8954,3311.5729,3274.8105,3276.7276
104448000,3277.0738,1371400,20450500,2583432200,34601949100,3305.8954,3311.5729,3274.8105,3276.7276
104453000,3276.9213,1546900,19707100,2584979100,34621656200,3305.8954,3311.5729,3274.8105,3276.7276
104457000,3276.5662,4021100,37389700,2589000200,34659045900,3305.8954,3311.5729,3274.8105,3276.7276
104503000,3275.97,2220000,27050400,2591220200,34686096300,3305.8954,3311.5729,3274.8105,3276.7276
104508000,3275.6115,2151400,24434100,2593371600,34710530400,3305.8954,3311.5729,3274.8105,3276.7276
104512000,3275.4252,3136500,32760300,2596508100,34743290700,3305.8954,3311.5729,3274.8105,3276.7276
104518000,3275.135,2082200,24569700,2598590300,34767860400,3305.8954,3311.5729,3274.8105,3276.7276
104523000,3274.6476,1958500,22672900,2600548800,34790533300,3305.8954,3311.5729,3274.6476,3276.7276
104527000,3274.59,4539600,43969900,2605088400,34834503200,3305.8954,3311.5729,3274.5316,3276.7276
104533000,3274.0879,4848500,45225600,2609936900,34879728800,3305.8954,3311.5729,3274.0879,3276.7276
104538000,3272.8418,5496700,46013100,2615433600,34925741900,3305.8954,3311.5729,3272.8074,3276.7276
104542000,3272.6049,3345300,35967100,2618778900,34961709000,3305.8954,3311.5729,3272.6049,3276.7276
104548000,3272.6867,3529100,37562700,2622308000,34999271700,3305.8954,3311.5729,3272.4976,3276.7276
104553000,3272.4869,3252300,41428100,2625560300,35040699800,3305.8954,3311.5729,3272.4869,3276.7276
104557000,3271.8873,3705600,36727200,2629265900,35077427000,3305.8954,3311.5729,3271.8873,3276.7276
104603000,3271.5677,2440200,26579400,2631706100,35104006400,3305.8954,3311.5729,3271.5648,3276.7276
104608000,3271.0269,2374200,29911400,2634080300,35133917800,3305.8954,3311.5729,3271.0155,3276.7276
104612000,3270.4618,2680200,34230900,2636760500,35168148700,3305.8954,3311.5729,3270.4618,3276.7276
104618000,3270.4781,2074600,23498300,2638835100,35191647000,3305.8954,3311.5729,3270.4426,3276.7276
104623000,3270.6083,3198300,35491600,2642033400,35227138600,3305.8954,3311.5729,3270.3914,3276.7276
104627000,3270.3623,2195700,33589900,2644229100,35260728500,3305.8954,3311.5729,3270.2287,3276.7276
104633000,3270.4779,3362800,33243100,2647591900,35293971600,3305.8954,3311.5729,3270.1844,3276.7276
104638000,3270.1398,2218600,22384300,2649810500,35316355900,3305.8954,3311.5729,3270.1398,3276.7276
104642000,3269.6184,2694200,30278700,2652504700,35346634600,3305.8954,3311.5729,3269.6184,3276.7276
104648000,3269.6589,2205900,29258100,2654710600,35375892700,3305.8954,3311.5729,3269.6184,3276.7276
104653000,3270.1794,3082300,32213300,2657792900,35408106000,3305.8954,3311.5729,3269.6184,3276.7276
104657000,3270.4203,3537900,37664000,2661330800,35445770000,3305.8954,3311.5729,3269.6184,3276.7276
104703000,3270.0569,2017100,23220300,2663347900,35468990300,3305.8954,3311.5729,3269.6184,3276.7276
104708000,3270.0648,1421000,20595700,2664768900,35489586000,3305.8954,3311.5729,3269.6184,3276.7276
104712000,3270.1055,2045400,28651500,2666814300,35518237500,3305.8954,3311.5729,3269.6184,3276.7276
104718000,3269.9724,2776800,31529000,2669591100,35549766500,3305.8954,3311.5729,3269.6184,3276.7276
104724000,3270.0738,2635000,34276700,2672226100,35584043200,3305.8954,3311.5729,3269.6184,3276.7276
104727000,3270.185,2200900,25280300,2674427000,35609323500,3305.8954,3311.5729,3269.6184,3276.7276
104733000,3270.4196,1417900,20056300,2675844900,35629379800,3305.8954,3311.5729,3269.6184,3276.7276
104739000,3270.7648,2045500,27155100,2677890400,35656534900,3305.8954,3311.5729,3269.6184,3276.7276
104744000,3270.5335,1719800,22715300,2679610200,35679250200,3305.8954,3311.5729,3269.6184,3276.7276
104748000,3270.5356,2140900,25650700,2681751100,35704900900,3305.8954,3311.5729,3269.6184,3276.7276
104754000,3270.7062,1682700,18210700,2683433800,35723111600,3305.8954,3311.5729,3269.6184,3276.7276
104759000,3270.608,1337100,19304100,2684770900,35742415700,3305.8954,3311.5729,3269.6184,3276.7276
104803000,3270.788,2606900,31436800,2687377800,35773852500,3305.8954,3311.5729,3269.6184,3276.7276
104809000,3270.4881,1808100,21792800,2689185900,35795645300,3305.8954,3311.5729,3269.6184,3276.7276
104814000,3270.1597,1785700,22922700,2690971600,35818568000,3305.8954,3311.5729,3269.6184,3276.7276
104818000,3270.4636,1619100,24769200,2692590700,35843337200,3305.8954,3311.5729,3269.6184,3276.7276
104824000,3270.5805,1629600,22182000,2694220300,35865519200,3305.8954,3311.5729,3269.6184,3276.7276
104829000,3270.3892,2928100,30105600,2697148400,35895624800,3305.8954,3311.5729,3269.6184,3276.7276
104833000,3270.3947,2881800,32880800,2700030200,35928505600,3305.8954,3311.5729,3269.6184,3276.7276
104839000,3270.0637,1266700,14327900,2701296900,35942833500,3305.8954,3311.5729,3269.6184,3276.7276
104844000,3270.2718,1449600,18384900,2702746500,35961218400,3305.8954,3311.5729,3269.6184,3276.7276
104848000,3269.9309,2144800,25090300,2704891300,35986308700,3305.8954,3311.5729,3269.6184,3276.7276
104854000,3270.1431,2255300,19780900,2707146600,36006089600,3305.8954,3311.5729,3269.6184,3276.7276
104859000,3270.1751,1449800,15088200,2708596400,36021177800,3305.8954,3311.5729,3269.6184,3276.7276
104903000,3270.5766,2381900,30730600,2710978300,36051908400,3305.8954,3311.5729,3269.6184,3276.7276
104909000,3270.2741,1523200,18134800,2712501500,36070043200,3305.8954,3311.5729,3269.6184,3276.7276
104914000,3270.1019,1482100,19972200,2713983600,36090015400,3305.8954,3311.5729,3269.6184,3276.7276
104918000,3270.2137,1825900,23573900,2715809500,36113589300,3305.8954,3311.5729,3269.6184,3276.7276
104924000,3270.269,2158100,21677600,2717967600,36135266900,3305.8954,3311.5729,3269.6184,3276.7276
104929000,3270.4002,3186200,24514300,2721153800,36159781200,3305.8954,3311.5729,3269.6184,3276.7276
104933000,3270.5379,2858700,29550200,2724012500,36189331400,3305.8954,3311.5729,3269.6184,3276.7276
104939000,3270.8494,1591600,20875500,2725604100,36210206900,3305.8954,3311.5729,3269.6184,3276.7276
104944000,3271.2933,1915800,24781700,2727519900,36234988600,3305.8954,3311.5729,3269.6184,3276.7276
104948000,3271.5984,2467500,33523500,2729987400,36268512100,3305.8954,3311.5729,3269.6184,3276.7276
104954000,3272.0523,4000300,41127400,2733987700,36309639500,3305.8954,3311.5729,3269.6184,3276.7276
104959000,3272.6952,2076400,27014600,2736064100,36336654100,3305.8954,3311.5729,3269.6184,3276.7276
105003000,3272.9876,2675300,35606300,2738739400,36372260400,3305.8954,3311.5729,3269.6184,3276.7276
105009000,3273.4909,1728200,22003000,2740467600,36394263400,3305.8954,3311.5729,3269.6184,3276.7276
105014000,3273.0729,1798700,25258400,2742266300,36419521800,3305.8954,3311.5729,3269.6184,3276.7276
105018000,3273.3568,1411700,19765800,2743678000,36439287600,3305.8954,3311.5729,3269.6184,3276.7276
105024000,3273.5576,1178400,13917600,2744856400,36453205200,3305.8954,3311.5729,3269.6184,3276.7276
105029000,3273.4274,1351600,19348700,2746208000,36472553900,3305.8954,3311.5729,3269.6184,3276.7276
105033000,3273.3863,4000400,29816700,2750208400,36502370600,3305.8954,3311.5729,3269.6184,3276.7276
105039000,3273.4487,1905900,17408900,2752114300,36519779500,3305.8954,3311.5729,3269.6184,3276.7276
105044000,3273.2663,1389300,16829600,2753503600,36536609100,3305.8954,3311.5729,3269.6184,3276.7276
105048000,3273.4337,1603000,17575400,2755106600,36554184500,3305.8954,3311.5729,3269.6184,3276.7276
105054000,3273.3522,1563300,18943400,2756669900,36573127900,3305.8954,3311.5729,3269.6184,3276.7276
105059000,3274.0058,2340200,19051700,2759010100,36592179600,3305.8954,3311.5729,3269.6184,3276.7276
105103000,3274.2064,1474100,18900400,2760484200,36611080000,3305.8954,3311.5729,3269.6184,3276.7276
105109000,3273.8734,1389900,13727200,2761874100,36624807200,3305.8954,3311.5729,3269.6184,3276.7276
105114000,3272.9659,1087000,15070400,2762961100,36639877600,3305.8954,3311.5729,3269.6184,3276.7276
105118000,3273.2477,1932400,25191700,2764893500,36665069300,3305.8954,3311.5729,3269.6184,3276.7276
105124000,3273.1066,1414000,16307500,2766307500,36681376800,3305.8954,3311.5729,3269.6184,3276.7276
105129000,3272.4575,2154100,24219400,2768461600,36705596200,3305.8954,3311.5729,3269.6184,3276.7276
105135000,3272.6084,2309100,27228300,2770770700,36732824500,3305.8954,3311.5729,3269.6184,3276.7276
105139000,3271.6734,1780700,20858800,2772551400,36753683300,3305.8954,3311.5729,3269.6184,3276.7276
105145000,3271.6637,1741600,18743100,2774293000,36772426400,3305.8954,3311.5729,3269.6184,3276.7276
105150000,3271.8197,1848800,25352000,2776141800,36797778400,3305.8954,3311.5729,3269.6184,3276.7276
105154000,3271.5487,2469300,33717300,2778611100,36831495700,3305.8954,3311.5729,3269.6184,3276.7276
105200000,3271.4021,1255100,18462600,2779866200,36849958300,3305.8954,3311.5729,3269.6184,3276.7276
105205000,3271.3249,2859800,26392500,2782726000,36876350800,3305.8954,3311.5729,3269.6184,3276.7276
105209000,3270.9391,1634700,24191700,2784360700,36900542500,3305.8954,3311.5729,3269.6184,3276.7276
105215000,3270.8815,1455600,16890100,2785816300,36917432600,3305.8954,3311.5729,3269.6184,3276.7276
105220000,3270.8178,1364500,16684800,2787180800,36934117400,3305.8954,3311.5729,3269.6184,3276.7276
105224000,3270.2598,1912700,21304800,2789093500,36955422200,3305.8954,3311.5729,3269.6184,3276.7276
105230000,3270.6055,1748600,19758900,2790842100,36975181100,3305.8954,3311.5729,3269.6184,3276.7276
105235000,3270.5066,1304400,16487800,2792146500,36991668900,3305.8954,3311.5729,3269.6184,3276.7276
105239000,3270.3357,2041400,23630400,2794187900,37015299300,3305.8954,3311.5729,3269.6184,3276.7276
105245000,3270.3207,1701900,18858700,2795889800,37034158000,3305.8954,3311.5729,3269.6184,3276.7276
105250000,3270.2253,1282600,17932300,2797172400,37052090300,3305.8954,3311.5729,3269.6184,3276.7276
105254000,3269.7777,1867100,22169800,2799039500,37074260100,3305.8954,3311.5729,3269.6184,3276.7276
105300000,3270.3614,1542500,14238800,2800582000,37088498900,3305.8954,3311.5729,3269.6184,3276.7276
105305000,3270.3423,1313800,16391800,2801895800,37104890700,3305.8954,3311.5729,3269.6184,3276.7276
105309000,3270.5233,2220000,27209400,2804115800,37132100100,3305.8954,3311.5729,3269.6184,3276.7276
105315000,3270.1822,1721600,24570800,2805837400,37156670900,3305.8954,3311.5729,3269.6184,3276.7276
105320000,3270.6376,1939400,21050900,2807776800,37177721800,3305.8954,3311.5729,3269.6184,3276.7276
105324000,3270.6706,1616700,20096800,2809393500,37197818600,3305.8954,3311.5729,3269.6184,3276.7276
105330000,3270.6339,1429400,19641800,2810822900,37217460400,3305.8954,3311.5729,3269.6184,3276.7276
105335000,3270.7672,1859100,19032100,2812682000,37236492500,3305.8954,3311.5729,3269.6184,3276.7276
105339000,3270.5172,1537200,18657100,2814219200,37255149600,3305.8954,3311.5729,3269.6184,3276.7276
105345000,3270.7627,1487700,23256800,2815706900,37278406400,3305.8954,3311.5729,3269.6184,3276.7276
105350000,3271.3311,1635000,18786100,2817341900,37297192500,3305.8954,3311.5729,3269.6184,3276.7276
105354000,3271.963,3638500,35707000,2820980400,37332899500,3305.8954,3311.5729,3269.6184,3276.7276
105400000,3272.8917,2480700,34693300,2823461100,37367592800,3305.8954,3311.5729,3269.6184,3276.7276
105405000,3273.4999,2033300,28655100,2825494400,37396247900,3305.8954,3311.5729,3269.6184,3276.7276
105409000,3273.7633,3170800,37716700,2828665200,37433964600,3305.8954,3311.5729,3269.6184,3276.7276
105415000,3274.266,1545700,22610300,2830210900,37456574900,3305.8954,3311.5729,3269.6184,3276.7276
105420000,3274.3867,1628300,25925400,2831839200,37482500300,3305.8954,3311.5729,3269.6184,3276.7276
105424000,3274.5528,1592000,19292400,2833431200,37501792700,3305.8954,3311.5729,3269.6184,3276.7276
105430000,3274.5279,1375500,17991100,2834806700,37519783800,3305.8954,3311.5729,3269.6184,3276.7276
105435000,3274.9387,1238300,22531400,2836045000,37542315200,3305.8954,3311.5729,3269.6184,3276.7276
105439000,3275.6493,1725900,27532000,2837770900,37569847200,3305.8954,3311.5729,3269.6184,3276.7276
105445000,3275.3273,755500,13991000,2838526400,37583838200,3305.8954,3311.5729,3269.6184,3276.7276
105450000,3275.5275,1183100,18108100,2839709500,37601946300,3305.8954,3311.5729,3269.6184,3276.7276
105454000,3275.277,1853100,24318700,2841562600,37626265000,3305.8954,3311.5729,3269.6184,3276.7276
105500000,3275.4778,1635900,21142000,2843198500,37647407000,3305.8954,3311.5729,3269.6184,3276.7276
105505000,3276.0594,2200500,26277600,2845399000,37673684600,3305.8954,3311.5729,3269.6184,3276.7276
105509000,3275.8005,1123100,18748800,2846522100,37692433400,3305.8954,3311.5729,3269.6184,3276.7276
105515000,3275.6489,1317400,17729500,2847839500,37710162900,3305.8954,3311.5729,3269.6184,3276.7276
105520000,3275.6326,561700,9238600,2848401200,37719401500,3305.8954,3311.5729,3269.6184,3276.7276
105526000,3275.4731,1753300,23246200,2850154500,37742647700,3305.8954,3311.5729,3269.6184,3276.7276
105530000,3275.7041,854300,12500400,2851008800,37755148100,3305.8954,3311.5729,3269.6184,3276.7276
105536000,3275.4983,1209300,17162500,2852218100,37772310600,3305.8954,3311.5729,3269.6184,3276.7276
105541000,3275.5882,855900,12010000,2853074000,37784320600,3305.8954,3311.5729,3269.6184,3276.7276
105545000,3275.3566,959900,14655600,2854033900,37798976200,3305.8954,3311.5729,3269.6184,3276.7276
105551000,3275.0962,836800,11532200,2854870700,37810508400,3305.8954,3311.5729,3269.6184,3276.7276
105556000,3275.0134,1073200,11366000,2855943900,37821874400,3305.8954,3311.5729,3269.6184,3276.7276
105600000,3275.3019,1252700,14883700,2857196600,37836758100,3305.8954,3311.5729,3269.6184,3276.7276
105606000,3275.4069,1060800,11932000,2858257400,37848690100,3305.8954,3311.5729,3269.6184,3276.7276
105611000,3274.7486,661100,9571700,2858918500,37858261800,3305.8954,3311.5729,3269.6184,3276.7276
105615000,3274.5747,809700,11286500,2859728200,37869548300,3305.8954,3311.5729,3269.6184,3276.7276
105621000,3274.3607,2412700,20438100,2862140900,37889986400,3305.8954,3311.5729,3269.6184,3276.7276
105626000,3274.3709,907300,11635900,2863048200,37901622300,3305.8954,3311.5729,3269.6184,3276.7276
105630000,3274.3939,1252300,16749500,2864300500,37918371800,3305.8954,3311.5729,3269.6184,3276.7276
105636000,3274.6606,865000,10071900,2865165500,37928443700,3305.8954,3311.5729,3269.6184,3276.7276
105641000,3274.5475,850700,14271700,2866016200,37942715400,3305.8954,3311.5729,3269.6184,3276.7276
105645000,3274.4958,1467400,15858200,2867483600,37958573600,3305.8954,3311.5729,3269.6184,3276.7276
105651000,3273.9833,873200,12550800,2868356800,37971124400,3305.8954,3311.5729,3269.6184,3276.7276
105656000,3273.8384,831300,9986800,2869188100,37981111200,3305.8954,3311.5729,3269.6184,3276.7276
105700000,3274.5331,760000,10389200,2869948100,37991500400,3305.8954,3311.5729,3269.6184,3276.7276
105706000,3274.1296,1232700,13888700,2871180800,38005389100,3305.8954,3311.5729,3269.6184,3276.7276
105711000,3274.1685,994100,12698600,2872174900,38018087700,3305.8954,3311.5729,3269.6184,3276.7276
105715000,3273.983,1252300,14062400,2873427200,38032150100,3305.8954,3311.5729,3269.6184,3276.7276
105721000,3274.1169,737900,11534300,2874165100,38043684400,3305.8954,3311.5729,3269.6184,3276.7276
105726000,3274.0706,805900,11895200,2874971000,38055579600,3305.8954,3311.5729,3269.6184,3276.7276
105730000,3274.1198,853100,14593400,2875824100,38070173000,3305.8954,3311.5729,3269.6184,3276.7276
105736000,3273.7225,897700,15117600,2876721800,38085290600,3305.8954,3311.5729,3269.6184,3276.7276
105741000,3273.6191,1135200,15853400,2877857000,38101144000,3305.8954,3311.5729,3269.6184,3276.7276
105745000,3272.8589,1683800,19074900,2879540800,38120218900,3305.8954,3311.5729,3269.6184,3276.7276
105751000,3272.1852,1970400,20766600,2881511200,38140985500,3305.8954,3311.5729,3269.6184,3276.7276
105756000,3271.8238,1635500,18360800,2883146700,38159346300,3305.8954,3311.5729,3269.6184,3276.7276
105800000,3272.1001,2035300,22120100,2885182000,38181466400,3305.8954,3311.5729,3269.6184,3276.7276
105806000,3271.601,3286100,28988300,2888468100,38210454700,3305.8954,3311.5729,3269.6184,3276.7276
105811000,3271.5813,1585000,30986800,2890053100,38241441500,3305.8954,3311.5729,3269.6184,3276.7276
105815000,3271.5943,1551000,19981300,2891604100,38261422800,3305.8954,3311.5729,3269.6184,3276.7276
105821000,3271.2341,1237700,17046900,2892841800,38278469700,3305.8954,3311.5729,3269.6184,3276.7276
105826000,3270.8194,2410700,22360600,2895252500,38300830300,3305.8954,3311.5729,3269.6184,3276.7276
105830000,3271.1961,2139100,24800000,2897391600,38325630300,3305.8954,3311.5729,3269.6184,3276.7276
105836000,3271.4009,1193300,17456000,2898584900,38343086300,3305.8954,3311.5729,3269.6184,3276.7276
105841000,3271.009,1099000,13760900,2899683900,38356847200,3305.8954,3311.5729,3269.6184,3276.7276
105845000,3271.1592,1467500,18350000,2901151400,38375197200,3305.8954,3311.5729,3269.6184,3276.7276
105851000,3270.9824,1015600,13011400,2902167000,38388208600,3305.8954,3311.5729,3269.6184,3276.7276
105856000,3270.9765,1621400,17211400,2903788400,38405420000,3305.8954,3311.5729,3269.6184,3276.7276
105900000,3271.1721,2163600,21785300,2905952000,38427205300,3305.8954,3311.5729,3269.6184,3276.7276
105906000,3271.137,1251200,15694200,2907203200,38442899500,3305.8954,3311.5729,3269.6184,3276.7276
105911000,3270.6187,884600,14202200,2908087800,38457101700,3305.8954,3311.5729,3269.6184,3276.7276
105915000,3270.3034,1410300,18467400,2909498100,38475569100,3305.8954,3311.5729,3269.6184,3276.7276
105921000,3270.4195,957800,14079900,2910455900,38489649000,3305.8954,3311.5729,3269.6184,3276.7276
105927000,3270.3713,1295200,16602200,2911751100,38506251200,3305.8954,3311.5729,3269.6184,3276.7276
105930000,3270.5148,1049200,13192000,2912800300,38519443200,3305.8954,3311.5729,3269.6184,3276.7276
105936000,3270.2832,1141500,14934400,2913941800,38534377600,3305.8954,3311.5729,3269.6184,3276.7276
105942000,3270.4198,975500,12765400,2914917300,38547143000,3305.8954,3311.5729,3269.6184,3276.7276
105947000,3270.6189,1048200,15818900,2915965500,38562961900,3305.8954,3311.5729,3269.6184,3276.7276
105951000,3270.4344,1473600,17597300,2917439100,38580559200,3305.8954,3311.5729,3269.6184,3276.7276
105957000,3271.0026,1176000,19348500,2918615100,38599907700,3305.8954,3311.5729,3269.6184,3276.7276
110002000,3271.1804,868800,13399700,2919483900,38613307400,3305.8954,3311.5729,3269.6184,3276.7276
110006000,3271.4521,1076500,19214800,2920560400,38632522200,3305.8954,3311.5729,3269.6184,3276.7276
110012000,3271.8503,998800,16695500,2921559200,38649217700,3305.8954,3311.5729,3269.6184,3276.7276
110017000,3271.494,1191500,17383500,2922750700,38666601200,3305.8954,3311.5729,3269.6184,3276.7276
110021000,3271.1259,1098900,16065900,2923849600,38682667100,3305.8954,3311.5729,3269.6184,3276.7276
110027000,3271.5046,1593300,18355900,2925442900,38701023000,3305.8954,3311.5729,3269.6184,3276.7276
110032000,3271.8637,1531900,23163400,2926974800,38724186400,3305.8954,3311.5729,3269.6184,3276.7276
110036000,3273.6,2236600,40051700,2929211400,38764238100,3305.8954,3311.5729,3269.6184,3276.7276
110042000,3274.7664,2579100,36752000,2931790500,38800990100,3305.8954,3311.5729,3269.6184,3276.7276
110047000,3276.5439,3549500,43907900,2935340000,38844898000,3305.8954,3311.5729,3269.6184,3276.7276
110051000,3277.5854,3963700,54913100,2939303700,38899811100,3305.8954,3311.5729,3269.6184,3276.7276
110057000,3278.4559,4516300,51678700,2943820000,38951489800,3305.8954,3311.5729,3269.6184,3276.7276
110102000,3279.0003,5719700,51525500,2949539700,39003015300,3305.8954,3311.5729,3269.6184,3276.7276
110106000,3280.0484,3453300,49549300,2952993000,39052564600,3305.8954,3311.5729,3269.6184,3276.7276
110112000,3279.5675,3899700,41969900,2956892700,39094534500,3305.8954,3311.5729,3269.6184,3276.7276
110117000,3280.0691,3384800,35921000,2960277500,39130455500,3305.8954,3311.5729,3269.6184,3276.7276
110121000,3280.0629,3568800,36192000,2963846300,39166647500,3305.8954,3311.5729,3269.6184,3276.7276
110127000,3279.9923,1894600,23695300,2965740900,39190342800,3305.8954,3311.5729,3269.6184,3276.7276
110132000,3280.2092,1871900,28987000,2967612800,39219329800,3305.8954,3311.5729,3269.6184,3276.7276
110136000,3280.465,1858800,24708400,2969471600,39244038200,3305.8954,3311.5729,3269.6184,3276.7276
110142000,3280.463,1502600,22443800,2970974200,39266482000,3305.8954,3311.5729,3269.6184,3276.7276
110147000,3280.7245,1423000,21809100,2972397200,39288291100,3305.8954,3311.5729,3269.6184,3276.7276
110151000,3280.3946,1944800,32058100,2974342000,39320349200,3305.8954,3311.5729,3269.6184,3276.7276
110157000,3280.225,1300100,18842200,2975642100,39339191400,3305.8954,3311.5729,3269.6184,3276.7276
110202000,3280.7876,2119300,25117000,2977761400,39364308400,3305.8954,3311.5729,3269.6184,3276.7276
110206000,3281.0212,1947400,25690800,2979708800,39389999200,3305.8954,3311.5729,3269.6184,3276.7276
110212000,3280.2922,1979500,20420800,2981688300,39410420000,3305.8954,3311.5729,3269.6184,3276.7276
110217000,3280.2906,1120200,16846400,2982808500,39427266400,3305.8954,3311.5729,3269.6184,3276.7276
110221000,3280.1469,1847500,24089400,2984656000,39451355800,3305.8954,3311.5729,3269.6184,3276.7276
110227000,3279.8986,1288900,17496200,2985944900,39468852000,3305.8954,3311.5729,3269.6184,3276.7276
110232000,3279.7472,1798800,20265400,2987743700,39489117400,3305.8954,3311.5729,3269.6184,3276.7276
110236000,3279.7603,1608500,22447500,2989352200,39511564900,3305.8954,3311.5729,3269.6184,3276.7276
110242000,3279.478,1540000,17056000,2990892200,39528620900,3305.8954,3311.5729,3269.6184,3276.7276
110247000,3279.3373,1609500,20366400,2992501700,39548987300,3305.8954,3311.5729,3269.6184,3276.7276
110251000,3279.2651,1779300,20940900,2994281000,39569928200,3305.8954,3311.5729,3269.6184,3276.7276
110257000,3278.7072,1745500,19854400,2996026500,39589782600,3305.8954,3311.5729,3269.6184,3276.7276
110302000,3278.147,1678900,19212900,2997705400,39608995500,3305.8954,3311.5729,3269.6184,3276.7276
110306000,3277.9451,1587800,18528100,2999293200,39627523600,3305.8954,3311.5729,3269.6184,3276.7276
110312000,3277.4153,1051000,13249000,3000344200,39640772600,3305.8954,3311.5729,3269.6184,3276.7276
110317000,3277.0418,955800,14393600,3001300000,39655166200,3305.8954,3311.5729,3269.6184,3276.7276
110321000,3277.7954,1241500,14904100,3002541500,39670070300,3305.8954,3311.5729,3269.6184,3276.7276
110327000,3277.0127,1114000,13450800,3003655500,39683521100,3305.8954,3311.5729,3269.6184,3276.7276
110333000,3277.301,1023500,13940100,3004679000,39697461200,3305.8954,3311.5729,3269.6184,3276.7276
110338000,3277.456,962800,12765100,3005641800,39710226300,3305.8954,3311.5729,3269.6184,3276.7276
110342000,3277.4766,1048700,14711300,3006690500,39724937600,3305.8954,3311.5729,3269.6184,3276.7276
110348000,3277.361,504700,7887600,3007195200,39732825200,3305.8954,3311.5729,3269.6184,3276.7276
110353000,3277.3199,652000,11098000,3007847200,39743923200,3305.8954,3311.5729,3269.6184,3276.7276
110357000,3277.9667,1596000,17623800,3009443200,39761547000,3305.8954,3311.5729,3269.6184,3276.7276
110403000,3277.8628,1255500,16767600,3010698700,39778314600,3305.8954,3311.5729,3269.6184,3276.7276
110408000,3277.9049,1072800,12810900,3011771500,39791125500,3305.8954,3311.5729,3269.6184,3276.7276
110412000,3278.2207,1044000,14035700,3012815500,39805161200,3305.8954,3311.5729,3269.6184,3276.7276
110418000,3278.1488,827100,12466800,3013642600,39817628000,3305.8954,3311.5729,3269.6184,3276.7276
110423000,3278.2556,797800,14861400,3014440400,39832489400,3305.8954,3311.5729,3269.6184,3276.7276
110427000,3278.0239,1043800,14038200,3015484200,39846527600,3305.8954,3311.5729,3269.6184,3276.7276
110433000,3278.0414,1040600,16798400,3016524800,39863326000,3305.8954,3311.5729,3269.6184,3276.7276
110438000,3277.626,751200,10684200,3017276000,39874010200,3305.8954,3311.5729,3269.6184,3276.7276
110442000,3277.9384,1555800,18438800,3018831800,39892449000,3305.8954,3311.5729,3269.6184,3276.7276
110448000,3278.3248,1106900,14499300,3019938700,39906948300,3305.8954,3311.5729,3269.6184,3276.7276
110453000,3277.9676,1076300,14008500,3021015000,39920956800,3305.8954,3311.5729,3269.6184,3276.7276
110457000,3277.8804,1138300,19136100,3022153300,39940092900,3305.8954,3311.5729,3269.6184,3276.7276
110503000,3278.0724,1038900,15687500,3023192200,39955780400,3305.8954,3311.5729,3269.6184,3276.7276
110508000,3278.5034,1421200,16568700,3024613400,39972349100,3305.8954,3311.5729,3269.6184,3276.7276
110512000,3278.3486,880000,13793000,3025493400,39986142100,3305.8954,3311.5729,3269.6184,3276.7276
110518000,3278.2548,668000,10208100,3026161400,39996350200,3305.8954,3311.5729,3269.6184,3276.7276
110523000,3278.4798,746000,10734100,3026907400,40007084300,3305.8954,3311.5729,3269.6184,3276.7276
110527000,3277.703,1191800,18747800,3028099200,40025832100,3305.8954,3311.5729,3269.6184,3276.7276
110533000,3278.2167,1254200,16262000,3029353400,40042094100,3305.8954,3311.5729,3269.6184,3276.7276
110538000,3278.1677,1543100,19046300,3030896500,40061140400,3305.8954,3311.5729,3269.6184,3276.7276
110542000,3277.5494,1121300,14363500,3032017800,40075503900,3305.8954,3311.5729,3269.6184,3276.7276
110548000,3277.807,965500,13096100,3032983300,40088600000,3305.8954,3311.5729,3269.6184,3276.7276
110553000,3277.8175,748800,11143700,3033732100,40099743700,3305.8954,3311.5729,3269.6184,3276.7276
110557000,3277.5641,966500,10738000,3034698600,40110481700,3305.8954,3311.5729,3269.6184,3276.7276
110603000,3277.7335,1347700,14128200,3036046300,40124609900,3305.8954,3311.5729,3269.6184,3276.7276
110608000,3277.8692,772300,11105300,3036818600,40135715200,3305.8954,3311.5729,3269.6184,3276.7276
110612000,3277.8221,1059500,11488300,3037878100,40147203500,3305.8954,3311.5729,3269.6184,3276.7276
110618000,3278.0634,747800,12505900,3038625900,40159709400,3305.8954,3311.5729,3269.6184,3276.7276
110623000,3278.9345,1804500,23374900,3040430400,40183084300,3305.8954,3311.5729,3269.6184,3276.7276
110627000,3279.5228,2641000,36948700,3043071400,40220033000,3305.8954,3311.5729,3269.6184,3276.7276
110633000,3280.7491,4010000,47129800,3047081400,40267162800,3305.8954,3311.5729,3269.6184,3276.7276
110638000,3280.9364,1872300,29707600,3048953700,40296870400,3305.8954,3311.5729,3269.6184,3276.7276
110642000,3281.4483,2417400,33673100,3051371100,40330543500,3305.8954,3311.5729,3269.6184,3276.7276
110648000,3281.7344,1607200,16970100,3052978300,40347513600,3305.8954,3311.5729,3269.6184,3276.7276
110653000,3281.6424,1728900,19815500,3054707200,40367329100,3305.8954,3311.5729,3269.6184,3276.7276
110657000,3281.4311,1894000,23297300,3056601200,40390626400,3305.8954,3311.5729,3269.6184,3276.7276
110703000,3281.7582,1744800,22817600,3058346000,40413444000,3305.8954,3311.5729,3269.6184,3276.7276
110708000,3281.9807,2055800,24955400,3060401800,40438399400,3305.8954,3311.5729,3269.6184,3276.7276
110712000,3282.1707,2096800,26958300,3062498600,40465357700,3305.8954,3311.5729,3269.6184,3276.7276
110718000,3282.1464,2164400,27768500,3064663000,40493126200,3305.8954,3311.5729,3269.6184,3276.7276
110724000,3282.2199,1650000,20752300,3066313000,40513878500,3305.8954,3311.5729,3269.6184,3276.7276
110727000,3282.0206,2132200,24046700,3068445200,40537925200,3305.8954,3311.5729,3269.6184,3276.7276
110733000,3281.9594,2368000,26047600,3070813200,40563972800,3305.8954,3311.5729,3269.6184,3276.7276
110739000,3281.7366,1100700,15524500,3071913900,40579497300,3305.8954,3311.5729,3269.6184,3276.7276
110744000,3281.8421,1293300,19160800,3073207200,40598658100,3305.8954,3311.5729,3269.6184,3276.7276
110749000,3281.8816,1880900,21440400,3075088100,40620098500,3305.8954,3311.5729,3269.6184,3276.7276
110754000,3281.5984,942200,12754100,3076030300,40632852600,3305.8954,3311.5729,3269.6184,3276.7276
110759000,3281.6114,1335700,15328100,3077366000,40648180700,3305.8954,3311.5729,3269.6184,3276.7276
110804000,3281.4651,1396700,16554900,3078762700,40664735600,3305.8954,3311.5729,3269.6184,3276.7276
110809000,3281.1833,1410400,16225500,3080173100,40680961100,3305.8954,3311.5729,3269.6184,3276.7276
110814000,3281.1955,1004800,12856500,3081177900,40693817600,3305.8954,3311.5729,3269.6184,3276.7276
110818000,3281.4603,1041200,16336500,3082219100,40710154100,3305.8954,3311.5729,3269.6184,3276.7276
110824000,3280.4861,984500,11740000,3083203600,40721894100,3305.8954,3311.5729,3269.6184,3276.7276
110829000,3280.38,1138600,14773000,3084342200,40736667100,3305.8954,3311.5729,3269.6184,3276.7276
110834000,3280.5322,1485300,20616600,3085827500,40757283700,3305.8954,3311.5729,3269.6184,3276.7276
110839000,3279.876,1526800,16620700,3087354300,40773904400,3305.8954,3311.5729,3269.6184,3276.7276
110844000,3279.8918,1384100,16609400,3088738400,40790513800,3305.8954,3311.5729,3269.6184,3276.7276
110848000,3280.0788,1056200,16226800,3089794600,40806740600,3305.8954,3311.5729,3269.6184,3276.7276
110854000,3279.7353,1290700,18923100,3091085300,40825663700,3305.8954,3311.5729,3269.6184,3276.7276
110859000,3279.692,1179200,12335600,3092264500,40837999300,3305.8954,3311.5729,3269.6184,3276.7276
110903000,3280.1712,1251600,17206000,3093516100,40855205300,3305.8954,3311.5729,3269.6184,3276.7276
110909000,3280.1344,1321400,14627900,3094837500,40869833200,3305.8954,3311.5729,3269.6184,3276.7276
110914000,3279.9811,1081300,13002300,3095918800,40882835500,3305.8954,3311.5729,3269.6184,3276.7276
110918000,3280.0611,1077300,14922800,3096996100,40897758300,3305.8954,3311.5729,3269.6184,3276.7276
110924000,3279.6826,961300,11489200,3097957400,40909247500,3305.8954,3311.5729,3269.6184,3276.7276
110929000,3279.286,1210000,14563300,3099167400,40923810800,3305.8954,3311.5729,3269.6184,3276.7276
110933000,3279.1316,1453200,18999700,3100620600,40942810500,3305.8954,3311.5729,3269.6184,3276.7276
110939000,3279.5053,1283100,14662100,3101903700,40957472600,3305.8954,3311.5729,3269.6184,3276.7276
110944000,3279.2764,1622700,17376300,3103526400,40974848900,3305.8954,3311.5729,3269.6184,3276.7276
110948000,3279.3867,1510100,16809400,3105036500,40991658300,3305.8954,3311.5729,3269.6184,3276.7276
110954000,3279.6754,951200,12997400,3105987700,41004655700,3305.8954,3311.5729,3269.6184,3276.7276
110959000,3278.8693,2233700,21580800,3108221400,41026236500,3305.8954,3311.5729,3269.6184,3276.7276
111003000,3279.2002,1291800,17297700,3109513200,41043534200,3305.8954,3311.5729,3269.6184,3276.7276
111009000,3279.2668,1118100,12351800,3110631300,41055886000,3305.8954,3311.5729,3269.6184,3276.7276
111014000,3279.0078,913900,11538600,3111545200,41067424600,3305.8954,3311.5729,3269.6184,3276.7276
111018000,3279.1413,1725600,14355100,3113270800,41081779700,3305.8954,3311.5729,3269.6184,3276.7276
111024000,3278.7904,943200,8972200,3114214000,41090751900,3305.8954,3311.5729,3269.6184,3276.7276
111029000,3278.6277,1318800,17436300,3115532800,41108188200,3305.8954,3311.5729,3269.6184,3276.7276
111033000,3278.8265,1096400,15084900,3116629200,41123273100,3305.8954,3311.5729,3269.6184,3276.7276
111039000,3278.529,728700,9474200,3117357900,41132747300,3305.8954,3311.5729,3269.6184,3276.7276
111044000,3278.4622,1035100,12859200,3118393000,41145606500,3305.8954,3311.5729,3269.6184,3276.7276
111049000,3278.3378,1967400,25650100,3120360400,41171256600,3305.8954,3311.5729,3269.6184,3276.7276
111054000,3277.6188,1845300,20339000,3122205700,41191595600,3305.8954,3311.5729,3269.6184,3276.7276
111059000,3277.8976,1995100,20147700,3124200800,41211743300,3305.8954,3311.5729,3269.6184,3276.7276
111104000,3278.2121,1964200,23649300,3126165000,41235392600,3305.8954,3311.5729,3269.6184,3276.7276
111109000,3278.0371,2119700,17483100,3128284700,41252875700,3305.8954,3311.5729,3269.6184,3276.7276
111114000,3277.5078,841100,11076300,3129125800,41263952000,3305.8954,3311.5729,3269.6184,3276.7276
111120000,3277.5773,1402700,20355700,3130528500,41284307700,3305.8954,3311.5729,3269.6184,3276.7276
111125000,3277.1116,1025500,13535700,3131554000,41297843400,3305.8954,3311.5729,3269.6184,3276.7276
111130000,3276.8801,919800,12381300,3132473800,41310224700,3305.8954,3311.5729,3269.6184,3276.7276
111135000,3277.3934,1445500,16437100,3133919300,41326661800,3305.8954,3311.5729,3269.6184,3276.7276
111140000,3276.9042,1121500,17389700,3135040800,41344051500,3305.8954,3311.5729,3269.6184,3276.7276
111145000,3276.9024,966200,11619100,3136007000,41355670600,3305.8954,3311.5729,3269.6184,3276.7276
111150000,3277.0658,1002300,15267500,3137009300,41370938100,3305.8954,3311.5729,3269.6184,3276.7276
111155000,3276.8148,1094800,15697100,3138104100,41386635200,3305.8954,3311.5729,3269.6184,3276.7276
111200000,3276.7438,762200,11241200,3138866300,41397876400,3305.8954,3311.5729,3269.6184,3276.7276
111205000,3277.1432,1714100,18745300,3140580400,41416621700,3305.8954,3311.5729,3269.6184,3276.7276
111209000,3277.4158,954100,13723100,3141534500,41430344800,3305.8954,3311.5729,3269.6184,3276.7276
111215000,3276.7532,736400,10076500,3142270900,41440421300,3305.8954,3311.5729,3269.6184,3276.7276
111220000,3277.0531,550100,8492600,3142821000,41448913900,3305.8954,3311.5729,3269.6184,3276.7276
111224000,3277.0634,617900,10307000,3143438900,41459220900,3305.8954,3311.5729,3269.6184,3276.7276
111230000,3276.395,1058100,16941900,3144497000,41476162800,3305.8954,3311.5729,3269.6184,3276.7276
111235000,3276.6982,876400,12359900,3145373400,41488522700,3305.8954,3311.5729,3269.6184,3276.7276
111240000,3276.6719,1062300,14331400,3146435700,41502854100,3305.8954,3311.5729,3269.6184,3276.7276
111245000,3276.6643,831200,9931600,3147266900,41512785700,3305.8954,3311.5729,3269.6184,3276.7276
111250000,3277.0028,944400,16216900,3148211300,41529002600,3305.8954,3311.5729,3269.6184,3276.7276
111255000,3276.4408,1421500,14103800,3149632800,41543106400,3305.8954,3311.5729,3269.6184,3276.7276
111300000,3276.135,795600,10941000,3150428400,41554047400,3305.8954,3311.5729,3269.6184,3276.7276
111305000,3276.4558,1138000,17631500,3151566400,41571678900,3305.8954,3311.5729,3269.6184,3276.7276
111310000,3276.8951,1306700,14924000,3152873100,41586602900,3305.8954,3311.5729,3269.6184,3276.7276
111315000,3276.528,879000,20813100,3153752100,41607416000,3305.8954,3311.5729,3269.6184,3276.7276
111320000,3276.7124,888400,17672300,3154640500,41625088300,3305.8954,3311.5729,3269.6184,3276.7276
111325000,3276.5556,669800,10602700,3155310300,41635691000,3305.8954,3311.5729,3269.6184,3276.7276
111330000,3276.0502,877000,12297300,3156187300,41647988300,3305.8954,3311.5729,3269.6184,3276.7276
111335000,3276.1477,925500,13244300,3157112800,41661232600,3305.8954,3311.5729,3269.6184,3276.7276
111339000,3275.859,1750600,20113700,3158863400,41681346300,3305.8954,3311.5729,3269.6184,3276.7276
111345000,3275.8714,613100,8921800,3159476500,41690268100,3305.8954,3311.5729,3269.6184,3276.7276
111350000,3276.143,858400,16265500,3160334900,41706533600,3305.8954,3311.5729,3269.6184,3276.7276
111354000,3276.2038,886200,12973300,3161221100,41719506900,3305.8954,3311.5729,3269.6184,3276.7276
111400000,3275.8653,1280000,25823700,3162501100,41745330600,3305.8954,3311.5729,3269.6184,3276.7276
111405000,3276.4061,1180000,23637600,3163681100,41768968200,3305.8954,3311.5729,3269.6184,3276.7276
111410000,3276.1259,963600,13715200,3164644700,41782683400,3305.8954,3311.5729,3269.6184,3276.7276
111415000,3275.8231,823100,10576700,3165467800,41793260100,3305.8954,3311.5729,3269.6184,3276.7276
111420000,3275.6931,711200,10507900,3166179000,41803768000,3305.8954,3311.5729,3269.6184,3276.7276
111425000,3275.1847,1785700,23551700,3167964700,41827319700,3305.8954,3311.5729,3269.6184,3276.7276
111430000,3274.7283,1951000,18742200,3169915700,41846061900,3305.8954,3311.5729,3269.6184,3276.7276
111435000,3274.3902,1759400,23522500,3171675100,41869584400,3305.8954,3311.5729,3269.6184,3276.7276
111440000,3273.9512,2378800,36182100,3174053900,41905766500,3305.8954,3311.5729,3269.6184,3276.7276
111445000,3273.5873,1267700,17648000,3175321600,41923414500,3305.8954,3311.5729,3269.6184,3276.7276
111450000,3272.9797,1860400,23902900,3177182000,41947317400,3305.8954,3311.5729,3269.6184,3276.7276
111455000,3272.6481,1760400,23703300,3178942400,41971020700,3305.8954,3311.5729,3269.6184,3276.7276
111500000,3272.3713,1415000,19390900,3180357400,41990411600,3305.8954,3311.5729,3269.6184,3276.7276
111505000,3272.1211,2132200,22741500,3182489600,42013153100,3305.8954,3311.5729,3269.6184,3276.7276
111510000,3272.0907,3055700,38055800,3185545300,42051208900,3305.8954,3311.5729,3269.6184,3276.7276
111515000,3271.7259,3074900,29570800,3188620200,42080779700,3305.8954,3311.5729,3269.6184,3276.7276
111520000,3271.7549,1571600,18684900,3190191800,42099464600,3305.8954,3311.5729,3269.6184,3276.7276
111525000,3271.3339,1528800,24017800,3191720600,42123482400,3305.8954,3311.5729,3269.6184,3276.7276
111531000,3271.252,2095200,23903600,3193815800,42147386000,3305.8954,3311.5729,3269.6184,3276.7276
111536000,3271.0907,1478800,19308800,3195294600,42166694800,3305.8954,3311.5729,3269.6184,3276.7276
111541000,3270.6547,1280800,35272700,3196575400,42201967500,3305.8954,3311.5729,3269.6184,3276.7276
111546000,3270.842,1255900,23069700,3197831300,42225037200,3305.8954,3311.5729,3269.6184,3276.7276
111551000,3270.4802,1424700,20637700,3199256000,42245674900,3305.8954,3311.5729,3269.6184,3276.7276
111556000,3270.5242,1737000,26756700,3200993000,42272431600,3305.8954,3311.5729,3269.6184,3276.7276
111601000,3270.2098,1556800,21406000,3202549800,42293837600,3305.8954,3311.5729,3269.6184,3276.7276
111606000,3270.2806,1353900,17073000,3203903700,42310910600,3305.8954,3311.5729,3269.6184,3276.7276
111611000,3270.8762,974100,14839100,3204877800,42325749700,3305.8954,3311.5729,3269.6184,3276.7276
111616000,3270.4446,1417000,18639600,3206294800,42344389300,3305.8954,3311.5729,3269.6184,3276.7276
111621000,3270.7524,1348200,16542600,3207643000,42360931900,3305.8954,3311.5729,3269.6184,3276.7276
111626000,3270.6854,1416300,22727900,3209059300,42383659800,3305.8954,3311.5729,3269.6184,3276.7276
111631000,3270.4099,2046000,34286000,3211105300,42417945800,3305.8954,3311.5729,3269.6184,3276.7276
111636000,3270.5526,1334500,16245500,3212439800,42434191300,3305.8954,3311.5729,3269.6184,3276.7276
111641000,3270.1699,1342400,21374100,3213782200,42455565400,3305.8954,3311.5729,3269.6184,3276.7276
111646000,3270.0354,1310400,18521300,3215092600,42474086700,3305.8954,3311.5729,3269.6184,3276.7276
111651000,3270.112,907400,15391100,3216000000,42489477800,3305.8954,3311.5729,3269.6184,3276.7276
111656000,3270.0759,1161900,18465900,3217161900,42507943700,3305.8954,3311.5729,3269.6184,3276.7276
111701000,3269.9107,1614200,21505100,3218776100,42529448800,3305.8954,3311.5729,3269.6184,3276.7276
111706000,3269.9757,1958100,21382600,3220734200,42550831400,3305.8954,3311.5729,3269.6184,3276.7276
111711000,3270.168,1340000,29369900,3222074200,42580201300,3305.8954,3311.5729,3269.6184,3276.7276
111716000,3269.8887,1092800,16990100,3223167000,42597191400,3305.8954,3311.5729,3269.6184,3276.7276
111721000,3270.0295,762700,14174500,3223929700,42611365900,3305.8954,3311.5729,3269.6184,3276.7276
111726000,3269.7469,956900,14126200,3224886600,42625492100,3305.8954,3311.5729,3269.6184,3276.7276
111731000,3269.4132,1442600,21631700,3226329200,42647123800,3305.8954,3311.5729,3269.3931,3276.7276
111736000,3269.5666,1428700,16734100,3227757900,42663857900,3305.8954,3311.5729,3269.3931,3276.7276
111741000,3269.3629,1469200,17864900,3229227100,42681722800,3305.8954,3311.5729,3269.3629,3276.7276
111746000,3269.2737,1677900,21053900,3230905000,42702776700,3305.8954,3311.5729,3269.2737,3276.7276
111751000,3269.3478,1085200,15557000,3231990200,42718333700,3305.8954,3311.5729,3269.0937,3276.7276
111756000,3269.5731,1315700,19261500,3233305900,42737595200,3305.8954,3311.5729,3269.0937,3276.7276
111801000,3269.1579,1320000,21635200,3234625900,42759230400,3305.8954,3311.5729,3269.0937,3276.7276
111806000,3269.2971,1560500,19880000,3236186400,42779110400,3305.8954,3311.5729,3269.0937,3276.7276
111811000,3269.2433,1603800,22935800,3237790200,42802046200,3305.8954,3311.5729,3269.0937,3276.7276
111815000,3268.8452,1709700,25580200,3239499900,42827626400,3305.8954,3311.5729,3268.7754,3276.7276
111821000,3269.1703,2649100,20441100,3242149000,42848067500,3305.8954,3311.5729,3268.7279,3276.7276
111826000,3268.9689,1365600,20313100,3243514600,42868380600,3305.8954,3311.5729,3268.7279,3276.7276
111831000,3268.9521,3046400,24844300,3246561000,42893224900,3305.8954,3311.5729,3268.6977,3276.7276
111836000,3269.6418,1303700,17505900,3247864700,42910730800,3305.8954,3311.5729,3268.6977,3276.7276
111841000,3269.2521,1911800,24425900,3249776500,42935156700,3305.8954,3311.5729,3268.6977,3276.7276
111846000,3269.4685,3266700,26208300,3253043200,42961365000,3305.8954,3311.5729,3268.6977,3276.7276
111851000,3269.8367,1263900,15280400,3254307100,42976645400,3305.8954,3311.5729,3268.6977,3276.7276
111856000,3269.9504,3321100,28045700,3257628200,43004691100,3305.8954,3311.5729,3268.6977,3276.7276
111901000,3269.682,1836900,20249500,3259465100,43024940600,3305.8954,3311.5729,3268.6977,3276.7276
111906000,3269.8105,1055000,15167600,3260520100,43040108200,3305.8954,3311.5729,3268.6977,3276.7276
111911000,3270.2474,1251900,15987200,3261772000,43056095400,3305.8954,3311.5729,3268.6977,3276.7276
111917000,3270.0818,1631400,24387900,3263403400,43080483300,3305.8954,3311.5729,3268.6977,3276.7276
111922000,3270.2062,1733000,22656200,3265136400,43103139500,3305.8954,3311.5729,3268.6977,3276.7276
111927000,3269.8103,1141800,13592200,3266278200,43116731700,3305.8954,3311.5729,3268.6977,3276.7276
111932000,3270.1438,985100,13555600,3267263300,43130287300,3305.8954,3311.5729,3268.6977,3276.7276
111937000,3269.7901,958900,14250100,3268222200,43144537400,3305.8954,3311.5729,3268.6977,3276.7276
111942000,3269.8372,1097000,18552100,3269319200,43163089500,3305.8954,3311.5729,3268.6977,3276.7276
111947000,3269.7564,1003300,12671300,3270322500,43175760800,3305.8954,3311.5729,3268.6977,3276.7276
111952000,3270.1369,1137600,13120800,3271460100,43188881600,3305.8954,3311.5729,3268.6977,3276.7276
111957000,3269.7496,880800,11859200,3272340900,43200740800,3305.8954,3311.5729,3268.6977,3276.7276
112002000,3269.8756,1478000,19456400,3273818900,43220197200,3305.8954,3311.5729,3268.6977,3276.7276
112007000,3269.8732,2137100,27812100,3275956000,43248009300,3305.8954,3311.5729,3268.6977,3276.7276
112012000,3270.2934,1008800,12789500,3276964800,43260798800,3305.8954,3311.5729,3268.6977,3276.7276
112017000,3269.7036,1441600,20473400,3278406400,43281272200,3305.8954,3311.5729,3268.6977,3276.7276
112022000,3270.0228,2327000,21829600,3280733400,43303101800,3305.8954,3311.5729,3268.6977,3276.7276
112027000,3269.3282,1398500,13261000,3282131900,43316362800,3305.8954,3311.5729,3268.6977,3276.7276
112032000,3269.6072,1053600,14463900,3283185500,43330826700,3305.8954,3311.5729,3268.6977,3276.7276
112037000,3269.7177,1318700,22170700,3284504200,43352997400,3305.8954,3311.5729,3268.6977,3276.7276
112042000,3269.1295,1108500,14308400,3285612700,43367305800,3305.8954,3311.5729,3268.6977,3276.7276
112047000,3269.2,1209500,16146300,3286822200,43383452100,3305.8954,3311.5729,3268.6977,3276.7276
112052000,3269.373,1716700,19219900,3288538900,43402672000,3305.8954,3311.5729,3268.6977,3276.7276
112057000,3269.2241,860100,11443300,3289399000,43414115300,3305.8954,3311.5729,3268.6977,3276.7276
112102000,3268.9743,952900,13080400,3290351900,43427195700,3305.8954,3311.5729,3268.6977,3276.7276
112107000,3269.2355,1603500,17070800,3291955400,43444266500,3305.8954,3311.5729,3268.6977,3276.7276
112112000,3268.9195,1066700,14098300,3293022100,43458364800,3305.8954,3311.5729,3268.6977,3276.7276
112117000,3269.0907,1323200,17934500,3294345300,43476299300,3305.8954,3311.5729,3268.6977,3276.7276
112122000,3269.0364,1277300,13981600,3295622600,43490280900,3305.8954,3311.5729,3268.6977,3276.7276
112127000,3269.0424,1042800,12540500,3296665400,43502821400,3305.8954,3311.5729,3268.6977,3276.7276
112132000,3268.87,2019000,29176200,3298684400,43531997600,3305.8954,3311.5729,3268.6942,3276.7276
112137000,3268.3852,1273000,18839400,3299957400,43550837000,3305.8954,3311.5729,3268.3852,3276.7276
112142000,3268.1534,869300,13976600,3300826700,43564813600,3305.8954,3311.5729,3268.1534,3276.7276
112147000,3268.4302,1422100,20006800,3302248800,43584820400,3305.8954,3311.5729,3268.1534,3276.7276
112152000,3268.2942,1129600,18727400,3303378400,43603547800,3305.8954,3311.5729,3268.1534,3276.7276
112157000,3268.3996,1046900,13346000,3304425300,43616893800,3305.8954,3311.5729,3268.1534,3276.7276
112202000,3268.2636,1444600,17272200,3305869900,43634166000,3305.8954,3311.5729,3268.1534,3276.7276
112207000,3268.2599,1226800,18412000,3307096700,43652578000,3305.8954,3311.5729,3268.1534,3276.7276
112212000,3268.1409,965300,15293300,3308062000,43667871300,3305.8954,3311.5729,3268.1409,3276.7276
112217000,3268.075,1640200,16944000,3309702200,43684815300,3305.8954,3311.5729,3268.0036,3276.7276
112222000,3267.8672,1435100,22159100,3311137300,43706974400,3305.8954,3311.5729,3267.8672,3276.7276
112227000,3267.7375,722200,10368500,3311859500,43717342900,3305.8954,3311.5729,3267.7375,3276.7276
112232000,3267.5348,1290800,21676200,3313150300,43739019100,3305.8954,3311.5729,3267.5199,3276.7276
112237000,3267.3271,1906000,27672500,3315056300,43766691600,3305.8954,3311.5729,3267.3156,3276.7276
112242000,3267.003,930400,18922500,3315986700,43785614100,3305.8954,3311.5729,3267.003,3276.7276
112247000,3267.2287,1615700,24860100,3317602400,43810474200,3305.8954,3311.5729,3266.7514,3276.7276
112252000,3267.4115,1494300,23670000,3319096700,43834144200,3305.8954,3311.5729,3266.7514,3276.7276
112257000,3266.9887,1226600,21387400,3320323300,43855531600,3305.8954,3311.5729,3266.7514,3276.7276
112302000,3266.9583,1994100,24231000,3322317400,43879762600,3305.8954,3311.5729,3266.7514,3276.7276
112307000,3266.9824,2068500,31466400,3324385900,43911229000,3305.8954,3311.5729,3266.6296,3276.7276
112313000,3266.7662,2311200,30892400,3326697100,43942121400,3305.8954,3311.5729,3266.6296,3276.7276
112318000,3266.5429,1832000,20967000,3328529100,43963088400,3305.8954,3311.5729,3266.3608,3276.7276
112323000,3266.5679,1366800,21032300,3329895900,43984120700,3305.8954,3311.5729,3266.3608,3276.7276
112328000,3266.6173,1616600,26301700,3331512500,44010422400,3305.8954,3311.5729,3266.3608,3276.7276
112333000,3266.2966,1739800,29273300,3333252300,44039695700,3305.8954,3311.5729,3266.27,3276.7276
112338000,3266.3797,1188800,19695200,3334441100,44059390900,3305.8954,3311.5729,3266.2655,3276.7276
112343000,3265.7622,1629300,23434800,3336070400,44082825700,3305.8954,3311.5729,3265.6846,3276.7276
112348000,3265.6806,1874500,25360600,3337944900,44108186300,3305.8954,3311.5729,3265.6806,3276.7276
112353000,3265.8435,1639000,22428400,3339583900,44130614700,3305.8954,3311.5729,3265.6806,3276.7276
112358000,3265.861,1494600,23864000,3341078500,44154478700,3305.8954,3311.5729,3265.6806,3276.7276
112403000,3266.0458,1884400,32363500,3342962900,44186842200,3305.8954,3311.5729,3265.6806,3276.7276
112408000,3266.2324,1600300,21438400,3344563200,44208280600,3305.8954,3311.5729,3265.6806,3276.7276
112413000,3265.7622,1266000,21678600,3345829200,44229959200,3305.8954,3311.5729,3265.6806,3276.7276
112418000,3265.4188,1589800,22263500,3347419000,44252222700,3305.8954,3311.5729,3265.4188,3276.7276
112423000,3266.0098,1519100,20557200,3348938100,44272779900,3305.8954,3311.5729,3265.4188,3276.7276
112428000,3265.3049,1226200,16505900,3350164300,44289285800,3305.8954,3311.5729,3265.3011,3276.7276
112433000,3265.7807,1217700,17500300,3351382000,44306786100,3305.8954,3311.5729,3265.3011,3276.7276
112438000,3265.8953,1835700,25216000,3353217700,44332002100,3305.8954,3311.5729,3265.3011,3276.7276
112443000,3265.0153,1260700,17182100,3354478400,44349184200,3305.8954,3311.5729,3265.0153,3276.7276
112448000,3265.3432,1192600,14926800,3355671000,44364111000,3305.8954,3311.5729,3264.9757,3276.7276
112453000,3265.0839,1375400,17478900,3357046400,44381589900,3305.8954,3311.5729,3264.9757,3276.7276
112458000,3265.0608,1970200,24712800,3359016600,44406302700,3305.8954,3311.5729,3264.9757,3276.7276
112503000,3265.2613,1612900,16512600,3360629500,44422815300,3305.8954,3311.5729,3264.9757,3276.7276
112508000,3265.4295,1715600,18176500,3362345100,44440991800,3305.8954,3311.5729,3264.9757,3276.7276
112513000,3264.9569,2369800,20951200,3364714900,44461943000,3305.8954,3311.5729,3264.9569,3276.7276
112518000,3265.2714,1195400,19087400,3365910300,44481030400,3305.8954,3311.5729,3264.9569,3276.7276
112523000,3265.03,1616800,19130500,3367527100,44500160900,3305.8954,3311.5729,3264.9569,3276.7276
112528000,3265.0292,1275100,17974200,3368802200,44518135100,3305.8954,3311.5729,3264.9569,3276.7276
112533000,3265.1953,1351000,16703900,3370153200,44534839000,3305.8954,3311.5729,3264.9093,3276.7276
112538000,3265.443,1863200,21028900,3372016400,44555867900,3305.8954,3311.5729,3264.9093,3276.7276
112543000,3266.368,2838000,30389200,3374854400,44586257100,3305.8954,3311.5729,3264.9093,3276.7276
112548000,3266.211,2593000,32112900,3377447400,44618370000,3305.8954,3311.5729,3264.9093,3276.7276
112553000,3266.1603,2624300,30518300,3380071700,44648888300,3305.8954,3311.5729,3264.9093,3276.7276
112558000,3266.0637,1505700,20908600,3381577400,44669796900,3305.8954,3311.5729,3264.9093,3276.7276
112603000,3266.4538,1408800,16313800,3382986200,44686110700,3305.8954,3311.5729,3264.9093,3276.7276
112608000,3266.2722,1315100,17325500,3384301300,44703436200,3305.8954,3311.5729,3264.9093,3276.7276
112613000,3266.7121,1767500,22746100,3386068800,44726182300,3305.8954,3311.5729,3264.9093,3276.7276
112618000,3266.129,998200,12838000,3387067000,44739020300,3305.8954,3311.5729,3264.9093,3276.7276
112623000,3266.1923,1621100,19057200,3388688100,44758077500,3305.8954,3311.5729,3264.9093,3276.7276
112628000,3266.089,1300900,17862200,3389989000,44775939700,3305.8954,3311.5729,3264.9093,3276.7276
112633000,3266.1008,1488700,16854700,3391477700,44792794400,3305.8954,3311.5729,3264.9093,3276.7276
112638000,3265.9949,2145500,20787100,3393623200,44813581500,3305.8954,3311.5729,3264.9093,3276.7276
112643000,3265.9281,1229800,19149500,3394853000,44832731000,3305.8954,3311.5729,3264.9093,3276.7276
112648000,3266.0742,1629300,21576200,3396482300,44854307200,3305.8954,3311.5729,3264.9093,3276.7276
112653000,3265.5726,1338500,20441400,3397820800,44874748600,3305.8954,3311.5729,3264.9093,3276.7276
112658000,3265.8622,990700,14846800,3398811500,44889595400,3305.8954,3311.5729,3264.9093,3276.7276
112703000,3265.4821,1297800,17663500,3400109300,44907258900,3305.8954,3311.5729,3264.9093,3276.7276
112708000,3265.4993,1219100,18173500,3401328400,44925432400,3305.8954,3311.5729,3264.9093,3276.7276
112713000,3265.0468,1940500,22076600,3403268900,44947509000,3305.8954,3311.5729,3264.9093,3276.7276
112719000,3264.2817,2222200,34680300,3405491100,44982189300,3305.8954,3311.5729,3264.2817,3276.7276
112723000,3264.1325,1075900,18789700,3406567000,45000979000,3305.8954,3311.5729,3264.0211,3276.7276
112728000,3263.7181,2185900,25941600,3408752900,45026920600,3305.8954,3311.5729,3263.7181,3276.7276
112734000,3262.6583,3286700,43809200,3412039600,45070729800,3305.8954,3311.5729,3262.6583,3276.7276
112739000,3262.9174,1876400,25668400,3413916000,45096398200,3305.8954,3311.5729,3262.6583,3276.7276
112744000,3262.8986,2783700,28007100,3416699700,45124405300,3305.8954,3311.5729,3262.6583,3276.7276
112749000,3262.7623,3514300,31592600,3420214000,45155997900,3305.8954,3311.5729,3262.4537,3276.7276
112754000,3262.5,1581500,24564400,3421795500,45180562300,3305.8954,3311.5729,3262.4488,3276.7276
112759000,3262.1345,2072800,30934000,3423868300,45211496300,3305.8954,3311.5729,3261.8916,3276.7276
112804000,3262.1852,1623000,29064300,3425491300,45240560600,3305.8954,3311.5729,3261.8916,3276.7276
112809000,3262.3618,1657100,17123600,3427148400,45257684200,3305.8954,3311.5729,3261.8916,3276.7276
112814000,3262.0673,3069100,27902600,3430217500,45285586800,3305.8954,3311.5729,3261.8916,3276.7276
112819000,3261.4474,2153700,28813500,3432371200,45314400300,3305.8954,3311.5729,3261.4474,3276.7276
112824000,3261.4891,974100,17940800,3433345300,45332341100,3305.8954,3311.5729,3261.3229,3276.7276
112829000,3261.1462,1806800,24389200,3435152100,45356730300,3305.8954,3311.5729,3261.1462,3276.7276
112834000,3260.8041,3917300,36633000,3439069400,45393363300,3305.8954,3311.5729,3260.6049,3276.7276
112839000,3261.0918,2505800,31475600,3441575200,45424838900,3305.8954,3311.5729,3260.6049,3276.7276
112844000,3261.0908,2002100,23785300,3443577300,45448624200,3305.8954,3311.5729,3260.6049,3276.7276
112849000,3260.824,1932300,36019700,3445509600,45484643900,3305.8954,3311.5729,3260.6049,3276.7276
112854000,3260.9329,1429000,20387800,3446938600,45505031700,3305.8954,3311.5729,3260.6049,3276.7276
112859000,3260.1862,2595500,27538700,3449534100,45532570400,3305.8954,3311.5729,3259.9016,3276.7276
112904000,3259.5779,2161200,28153000,3451695300,45560723400,3305.8954,3311.5729,3259.5363,3276.7276
112909000,3260.4576,1735300,28200400,3453430600,45588923800,3305.8954,3311.5729,3259.5363,3276.7276
112914000,3260.0213,2649600,26669800,3456080200,45615593600,3305.8954,3311.5729,3259.5363,3276.7276
112919000,3259.6242,2492800,30226500,3458573000,45645820100,3305.8954,3311.5729,3259.5033,3276.7276
112924000,3259.0557,1321500,21658500,3459894500,45667478600,3305.8954,3311.5729,3259.0557,3276.7276
112929000,3259.2417,2239900,23493300,3462134400,45690971900,3305.8954,3311.5729,3259.0557,3276.7276
112934000,3258.6957,2230100,20504400,3464364500,45711476300,3305.8954,3311.5729,3258.6957,3276.7276
112939000,3258.6857,1580900,22111100,3465945400,45733587400,3305.8954,3311.5729,3258.3609,3276.7276
112944000,3258.7471,2334900,28687200,3468280300,45762274600,3305.8954,3311.5729,3258.3609,3276.7276
112949000,3258.8683,1526600,20744000,3469806900,45783018600,3305.8954,3311.5729,3258.3609,3276.7276
112954000,3258.6502,2539000,32643000,3472345900,45815661600,3305.8954,3311.5729,3258.3609,3276.7276
112959000,3258.6864,2956000,30323100,3475301900,45845984700,3305.8954,3311.5729,3258.3609,3276.7276
113003000,3258.6661,1348000,11441100,3476649900,45857425800,3305.8954,3311.5729,3258.3609,3276.7276
130000000,3258.6157,373800,5601800,3477023700,45863027600,3305.8954,3311.5729,3258.3609,3276.7276
130005000,3257.2949,39743600,429023600,3516767300,46292051200,3305.8954,3311.5729,3257.2949,3276.7276
130010000,3256.693,6459000,94414600,3523226300,46386465800,3305.8954,3311.5729,3256.693,3276.7276
130015000,3256.8175,2439000,20987300,3525665300,46407453100,3305.8954,3311.5729,3256.693,3276.7276
130020000,3256.2345,2440100,27818400,3528105400,46435271500,3305.8954,3311.5729,3256.2345,3276.7276
130025000,3256.2935,1780900,27756400,3529886300,46463027900,3305.8954,3311.5729,3256.2019,3276.7276
130030000,3255.7251,1009600,13842500,3530895900,46476870400,3305.8954,3311.5729,3255.7251,3276.7276
130035000,3255.5305,2149900,32347800,3533045800,46509218200,3305.8954,3311.5729,3255.0086,3276.7276
130040000,3255.5725,1931200,28041100,3534977000,46537259300,3305.8954,3311.5729,3255.0086,3276.7276
130045000,3255.7146,1518400,20877400,3536495400,46558136700,3305.8954,3311.5729,3255.0086,3276.7276
130050000,3255.653,3411700,38319000,3539907100,46596455700,3305.8954,3311.5729,3255.0086,3276.7276
130055000,3255.6413,1586600,21476500,3541493700,46617932200,3305.8954,3311.5729,3255.0086,3276.7276
130100000,3255.6828,1007000,12551500,3542500700,46630483700,3305.8954,3311.5729,3255.0086,3276.7276
130105000,3255.6501,3416300,30927600,3545917000,46661411300,3305.8954,3311.5729,3255.0086,3276.7276
130111000,3255.9809,2243600,23232800,3548160600,46684644100,3305.8954,3311.5729,3255.0086,3276.7276
130115000,3256.2106,721400,10792900,3548882000,46695437000,3305.8954,3311.5729,3255.0086,3276.7276
130121000,3256.1421,2246700,19716400,3551128700,46715153400,3305.8954,3311.5729,3255.0086,3276.7276
130126000,3255.8182,1324400,17098900,3552453100,46732252300,3305.8954,3311.5729,3255.0086,3276.7276
130131000,3255.9168,2347000,26555700,3554800100,46758808000,3305.8954,3311.5729,3255.0086,3276.7276
130136000,3255.8319,1689600,18294400,3556489700,46777102400,3305.8954,3311.5729,3255.0086,3276.7276
130141000,3256.0485,1253700,24163700,3557743400,46801266100,3305.8954,3311.5729,3255.0086,3276.7276
130146000,3256.3136,1351500,18599100,3559094900,46819865200,3305.8954,3311.5729,3255.0086,3276.7276
130151000,3256.2501,1069800,14789100,3560164700,46834654300,3305.8954,3311.5729,3255.0086,3276.7276
130156000,3256.3204,2161000,20061200,3562325700,46854715500,3305.8954,3311.5729,3255.0086,3276.7276
130201000,3256.2601,3298700,27851500,3565624400,46882567000,3305.8954,3311.5729,3255.0086,3276.7276
130206000,3256.8167,1272300,18462400,3566896700,46901029400,3305.8954,3311.5729,3255.0086,3276.7276
130211000,3256.3988,1962300,22803500,3568859000,46923832900,3305.8954,3311.5729,3255.0086,3276.7276
130216000,3257.117,1416900,21077000,3570275900,46944909900,3305.8954,3311.5729,3255.0086,3276.7276
130221000,3256.8545,917900,20270200,3571193800,46965180100,3305.8954,3311.5729,3255.0086,3276.7276
130226000,3256.7816,2007300,25161900,3573201100,46990342000,3305.8954,3311.5729,3255.0086,3276.7276
130231000,3256.4988,2081700,23946900,3575282800,47014288900,3305.8954,3311.5729,3255.0086,3276.7276
130236000,3256.887,1135000,15690300,3576417800,47029979200,3305.8954,3311.5729,3255.0086,3276.7276
130241000,3257.3177,1086200,18055500,3577504000,47048034700,3305.8954,3311.5729,3255.0086,3276.7276
130246000,3257.62,2526200,25742500,3580030200,47073777200,3305.8954,3311.5729,3255.0086,3276.7276
130251000,3257.5894,1151000,14259900,3581181200,47088037100,3305.8954,3311.5729,3255.0086,3276.7276
130256000,3257.642,2259500,20899000,3583440700,47108936100,3305.8954,3311.5729,3255.0086,3276.7276
130301000,3257.5045,2397000,20784200,3585837700,47129720300,3305.8954,3311.5729,3255.0086,3276.7276
130306000,3257.5513,1086900,14976600,3586924600,47144696900,3305.8954,3311.5729,3255.0086,3276.7276
130311000,3257.6326,1492800,23676800,3588417400,47168373700,3305.8954,3311.5729,3255.0086,3276.7276
130316000,3256.9047,2114400,29692400,3590531800,47198066100,3305.8954,3311.5729,3255.0086,3276.7276
130321000,3255.6294,1677800,24091400,3592209600,47222157500,3305.8954,3311.5729,3255.0086,3276.7276
130326000,3255.0258,2589100,39124900,3594798700,47261282400,3305.8954,3311.5729,3255.0086,3276.7276
130331000,3254.7986,2524200,36192600,3597322900,47297475000,3305.8954,3311.5729,3254.7986,3276.7276
130336000,3254.9924,1629200,23942300,3598952100,47321417300,3305.8954,3311.5729,3254.6541,3276.7276
130341000,3255.0048,2026400,29476800,3600978500,47350894100,3305.8954,3311.5729,3254.6483,3276.7276
130346000,3254.7875,2203600,32980100,3603182100,47383874200,3305.8954,3311.5729,3254.6483,3276.7276
130351000,3254.8764,1360600,25289000,3604542700,47409163200,3305.8954,3311.5729,3254.6483,3276.7276
130356000,3254.4537,2041000,28297800,3606583700,47437461000,3305.8954,3311.5729,3254.3901,3276.7276
130401000,3254.4157,2009700,26957300,3608593400,47464418300,3305.8954,3311.5729,3254.3901,3276.7276
130406000,3254.4663,1381200,17807700,3609974600,47482226000,3305.8954,3311.5729,3254.316,3276.7276
130411000,3255.005,2786400,27600100,3612761000,47509826100,3305.8954,3311.5729,3254.316,3276.7276
130416000,3255.1493,2565900,23266400,3615326900,47533092500,3305.8954,3311.5729,3254.316,3276.7276
130421000,3255.321,2291300,19564200,3617618200,47552656700,3305.8954,3311.5729,3254.316,3276.7276
130426000,3255.7135,2387600,30627600,3620005800,47583284300,3305.8954,3311.5729,3254.316,3276.7276
130431000,3255.3764,2880500,35895900,3622886300,47619180200,3305.8954,3311.5729,3254.316,3276.7276
130436000,3255.8611,1930700,17390500,3624817000,47636570700,3305.8954,3311.5729,3254.316,3276.7276
130441000,3256.2145,1727200,24120800,3626544200,47660691500,3305.8954,3311.5729,3254.316,3276.7276
130446000,3256.3379,1670300,21705100,3628214500,47682396600,3305.8954,3311.5729,3254.316,3276.7276
130451000,3257.1114,987200,12945800,3629201700,47695342400,3305.8954,3311.5729,3254.316,3276.7276
130456000,3257.0956,3884400,28797300,3633086100,47724139700,3305.8954,3311.5729,3254.316,3276.7276
130501000,3256.9604,4167800,34955000,3637253900,47759094700,3305.8954,3311.5729,3254.316,3276.7276
130506000,3257.4642,2438800,23265200,3639692700,47782359900,3305.8954,3311.5729,3254.316,3276.7276
130511000,3257.8704,2652500,24734000,3642345200,47807093900,3305.8954,3311.5729,3254.316,3276.7276
130516000,3257.8433,3793100,37178800,3646138300,47844272700,3305.8954,3311.5729,3254.316,3276.7276
130521000,3258.2491,1456700,16774700,3647595000,47861047400,3305.8954,3311.5729,3254.316,3276.7276
130526000,3258.213,1291200,18971600,3648886200,47880019000,3305.8954,3311.5729,3254.316,3276.7276
130532000,3258.3045,2045000,24036100,3650931200,47904055100,3305.8954,3311.5729,3254.316,3276.7276
130537000,3258.5188,2164200,26487600,3653095400,47930542700,3305.8954,3311.5729,3254.316,3276.7276
130542000,3258.7517,1302200,17500300,3654397600,47948043000,3305.8954,3311.5729,3254.316,3276.7276
130547000,3258.8511,1202300,19911300,3655599900,47967954300,3305.8954,3311.5729,3254.316,3276.7276
130552000,3258.5935,1086400,16275500,3656686300,47984229800,3305.8954,3311.5729,3254.316,3276.7276
130557000,3258.6638,1490100,18443000,3658176400,48002672800,3305.8954,3311.5729,3254.316,3276.7276
130602000,3258.1949,1892000,33002600,3660068400,48035675400,3305.8954,3311.5729,3254.316,3276.7276
130607000,3258.6094,2166800,28627800,3662235200,48064303200,3305.8954,3311.5729,3254.316,3276.7276
130612000,3259.6028,1052900,12076400,3663288100,48076379600,3305.8954,3311.5729,3254.316,3276.7276
130617000,3259.1506,1216600,18692100,3664504700,48095071700,3305.8954,3311.5729,3254.316,3276.7276
130622000,3258.7889,1030000,17481300,3665534700,48112553000,3305.8954,3311.5729,3254.316,3276.7276
130627000,3259.1436,1678800,16755000,3667213500,48129308000,3305.8954,3311.5729,3254.316,3276.7276
130632000,3258.3704,2216000,25219000,3669429500,48154527000,3305.8954,3311.5729,3254.316,3276.7276
130637000,3258.8149,1493200,22779300,3670922700,48177306300,3305.8954,3311.5729,3254.316,3276.7276
130642000,3259.3107,1491800,14389000,3672414500,48191695300,3305.8954,3311.5729,3254.316,3276.7276
130647000,3259.2752,1273900,17893700,3673688400,48209589000,3305.8954,3311.5729,3254.316,3276.7276
130652000,3259.1556,1477700,24156300,3675166100,48233745300,3305.8954,3311.5729,3254.316,3276.7276
130657000,3259.3429,1009300,12952700,3676175400,48246698000,3305.8954,3311.5729,3254.316,3276.7276
130702000,3258.7797,2233300,20891900,3678408700,48267589900,3305.8954,3311.5729,3254.316,3276.7276
130707000,3259.3289,1746400,19763400,3680155100,48287353300,3305.8954,3311.5729,3254.316,3276.7276
130712000,3259.3589,1362100,12592200,3681517200,48299945500,3305.8954,3311.5729,3254.316,3276.7276
130717000,3259.4182,1374500,19647500,3682891700,48319593000,3305.8954,3311.5729,3254.316,3276.7276
130722000,3259.1127,1285400,16319700,3684177100,48335912700,3305.8954,3311.5729,3254.316,3276.7276
130727000,3259.1645,1602500,14213300,3685779600,48350126000,3305.8954,3311.5729,3254.316,3276.7276
130732000,3258.8233,1457900,17838700,3687237500,48367964700,3305.8954,3311.5729,3254.316,3276.7276
130737000,3258.5744,1415700,20529900,3688653200,48388494600,3305.8954,3311.5729,3254.316,3276.7276
130742000,3259.0992,800000,11233500,3689453200,48399728100,3305.8954,3311.5729,3254.316,3276.7276
130747000,3259.2192,1650600,22006500,3691103800,48421734600,3305.8954,3311.5729,3254.316,3276.7276
130752000,3259.1736,1268300,17091000,3692372100,48438825600,3305.8954,3311.5729,3254.316,3276.7276
130757000,3259.3598,1110500,12663300,3693482600,48451488900,3305.8954,3311.5729,3254.316,3276.7276
130802000,3259.172,3998000,36697800,3697480600,48488186700,3305.8954,3311.5729,3254.316,3276.7276
130807000,3259.3027,1669000,20918200,3699149600,48509104900,3305.8954,3311.5729,3254.316,3276.7276
130812000,3259.8463,1055900,11618300,3700205500,48520723200,3305.8954,3311.5729,3254.316,3276.7276
130817000,3259.9546,1291100,16665000,3701496600,48537388200,3305.8954,3311.5729,3254.316,3276.7276
130822000,3259.3704,1217000,17298900,3702713600,48554687100,3305.8954,3311.5729,3254.316,3276.7276
130827000,3260.5046,1416900,16425800,3704130500,48571112900,3305.8954,3311.5729,3254.316,3276.7276
130832000,3259.9584,1305600,18174400,3705436100,48589287300,3305.8954,3311.5729,3254.316,3276.7276
130837000,3259.8046,1430500,21192000,3706866600,48610479300,3305.8954,3311.5729,3254.316,3276.7276
130842000,3260.1721,965000,13548500,3707831600,48624027800,3305.8954,3311.5729,3254.316,3276.7276
130847000,3260.3947,1503900,20564100,3709335500,48644591900,3305.8954,3311.5729,3254.316,3276.7276
130852000,3260.4596,1564800,21777200,3710900300,48666369100,3305.8954,3311.5729,3254.316,3276.7276
130857000,3260.394,1029700,14035200,3711930000,48680404300,3305.8954,3311.5729,3254.316,3276.7276
130902000,3260.1591,1548200,27738000,3713478200,48708142300,3305.8954,3311.5729,3254.316,3276.7276
130907000,3260.5902,2648000,26114500,3716126200,48734256800,3305.8954,3311.5729,3254.316,3276.7276
130912000,3260.9405,3339800,23166000,3719466000,48757422800,3305.8954,3311.5729,3254.316,3276.7276
130917000,3261.1172,1134200,17226600,3720600200,48774649400,3305.8954,3311.5729,3254.316,3276.7276
130922000,3260.8092,1092200,15820500,3721692400,48790469900,3305.8954,3311.5729,3254.316,3276.7276
130927000,3260.3704,934800,12948900,3722627200,48803418800,3305.8954,3311.5729,3254.316,3276.7276
130932000,3259.6207,1947300,26422500,3724574500,48829841300,3305.8954,3311.5729,3254.316,3276.7276
130937000,3259.7459,1544200,22441500,3726118700,48852282800,3305.8954,3311.5729,3254.316,3276.7276
130943000,3259.5139,2156900,26980000,3728275600,48879262800,3305.8954,3311.5729,3254.316,3276.7276
130947000,3259.3305,1206900,15156200,3729482500,48894419000,3305.8954,3311.5729,3254.316,3276.7276
130952000,3259.3075,1009000,15407900,3730491500,48909826900,3305.8954,3311.5729,3254.316,3276.7276
130958000,3259.2255,1799300,24587900,3732290800,48934414800,3305.8954,3311.5729,3254.316,3276.7276
131002000,3258.6601,1452400,16226200,3733743200,48950641000,3305.8954,3311.5729,3254.316,3276.7276
131008000,3258.4939,1855500,25599800,3735598700,48976240800,3305.8954,3311.5729,3254.316,3276.7276
131013000,3259.5885,1423300,20563800,3737022000,48996804600,3305.8954,3311.5729,3254.316,3276.7276
131018000,3259.1524,1307700,14030900,3738329700,49010835500,3305.8954,3311.5729,3254.316,3276.7276
131023000,3258.8088,1178600,20182900,3739508300,49031018400,3305.8954,3311.5729,3254.316,3276.7276
131028000,3258.8416,1142200,13258100,3740650500,49044276500,3305.8954,3311.5729,3254.316,3276.7276
131033000,3258.3975,1338000,13483300,3741988500,49057759800,3305.8954,3311.5729,3254.316,3276.7276
131038000,3258.3945,1352900,20580200,3743341400,49078340000,3305.8954,3311.5729,3254.316,3276.7276
131043000,3258.4163,864300,11789000,3744205700,49090129000,3305.8954,3311.5729,3254.316,3276.7276
131048000,3258.7086,990100,12237400,3745195800,49102366400,3305.8954,3311.5729,3254.316,3276.7276
131053000,3258.537,1453300,18204200,3746649100,49120570600,3305.8954,3311.5729,3254.316,3276.7276
131058000,3258.5266,1421300,19140000,3748070400,49139710600,3305.8954,3311.5729,3254.316,3276.7276
131103000,3258.1006,905300,14435700,3748975700,49154146300,3305.8954,3311.5729,3254.316,3276.7276
131108000,3258.2385,1239400,16792600,3750215100,49170938900,3305.8954,3311.5729,3254.316,3276.7276
131113000,3258.3552,2981800,33832100,3753196900,49204771000,3305.8954,3311.5729,3254.316,3276.7276
131118000,3258.5413,1266500,20455100,3754463400,49225226100,3305.8954,3311.5729,3254.316,3276.7276
131123000,3258.0734,1487200,22265500,3755950600,49247491600,3305.8954,3311.5729,3254.316,3276.7276
131128000,3257.369,1531000,22385000,3757481600,49269876600,3305.8954,3311.5729,3254.316,3276.7276
131133000,3257.6521,1853100,16611700,3759334700,49286488300,3305.8954,3311.5729,3254.316,3276.7276
131138000,3257.2852,1261900,17351100,3760596600,49303839400,3305.8954,3311.5729,3254.316,3276.7276
131143000,3257.3958,1681000,24160900,3762277600,49328000300,3305.8954,3311.5729,3254.316,3276.7276
131148000,3257.1199,2271100,21325600,3764548700,49349325900,3305.8954,3311.5729,3254.316,3276.7276
131153000,3256.9035,1714000,21471300,3766262700,49370797200,3305.8954,3311.5729,3254.316,3276.7276
131158000,3256.3855,1912800,27061000,3768175500,49397858200,3305.8954,3311.5729,3254.316,3276.7276
131203000,3256.3298,2513700,23606300,3770689200,49421464500,3305.8954,3311.5729,3254.316,3276.7276
131208000,3256.3246,2404100,33186200,3773093300,49454650700,3305.8954,3311.5729,3254.316,3276.7276
131213000,3256.2694,2057400,22333300,3775150700,49476984000,3305.8954,3311.5729,3254.316,3276.7276
131218000,3256.7607,1701500,17807300,3776852200,49494791300,3305.8954,3311.5729,3254.316,3276.7276
131223000,3255.6726,1503400,18104400,3778355600,49512895700,3305.8954,3311.5729,3254.316,3276.7276
131228000,3256.1753,1639800,22350900,3779995400,49535246600,3305.8954,3311.5729,3254.316,3276.7276
131233000,3255.8139,1439200,14201700,3781434600,49549448300,3305.8954,3311.5729,3254.316,3276.7276
131238000,3256.022,2716900,25410800,3784151500,49574859100,3305.8954,3311.5729,3254.316,3276.7276
131243000,3256.1947,1998200,25340500,3786149700,49600199600,3305.8954,3311.5729,3254.316,3276.7276
131248000,3256.347,1745700,21167400,3787895400,49621367000,3305.8954,3311.5729,3254.316,3276.7276
131253000,3256.2043,1387400,20641800,3789282800,49642008800,3305.8954,3311.5729,3254.316,3276.7276
131258000,3256.0688,1177700,18409700,3790460500,49660418500,3305.8954,3311.5729,3254.316,3276.7276
131303000,3255.8259,1003600,15311300,3791464100,49675729800,3305.8954,3311.5729,3254.316,3276.7276
131308000,3256.3263,1451800,17570500,3792915900,49693300300,3305.8954,3311.5729,3254.316,3276.7276
131313000,3256.0808,1095400,19421400,3794011300,49712721700,3305.8954,3311.5729,3254.316,3276.7276
131318000,3256.4854,886400,10333300,3794897700,49723055000,3305.8954,3311.5729,3254.316,3276.7276
131323000,3255.6717,1210600,19814700,3796108300,49742869700,3305.8954,3311.5729,3254.316,3276.7276
131328000,3255.8155,989300,16360400,3797097600,49759230100,3305.8954,3311.5729,3254.316,3276.7276
131333000,3255.8338,754200,9763900,3797851800,49768994000,3305.8954,3311.5729,3254.316,3276.7276
131338000,3255.9391,1256700,16203500,3799108500,49785197500,3305.8954,3311.5729,3254.316,3276.7276
131343000,3255.8165,1268000,16993200,3800376500,49802190700,3305.8954,3311.5729,3254.316,3276.7276
131348000,3255.9809,1254200,12807200,3801630700,49814997900,3305.8954,3311.5729,3254.316,3276.7276
131353000,3255.9087,1284400,19587200,3802915100,49834585100,3305.8954,3311.5729,3254.316,3276.7276
131358000,3255.8776,1216500,14811900,3804131600,49849397000,3305.8954,3311.5729,3254.316,3276.7276
131403000,3255.6863,688800,10784900,3804820400,49860181900,3305.8954,3311.5729,3254.316,3276.7276
131409000,3255.8736,1433200,18814500,3806253600,49878996400,3305.8954,3311.5729,3254.316,3276.7276
131414000,3256.4951,1419200,17772200,3807672800,49896768600,3305.8954,3311.5729,3254.316,3276.7276
131419000,3256.4106,1453000,16094500,3809125800,49912863100,3305.8954,3311.5729,3254.316,3276.7276
131424000,3255.7514,1322100,13700500,3810447900,49926563600,3305.8954,3311.5729,3254.316,3276.7276
131429000,3255.9863,1330900,18864000,3811778800,49945427600,3305.8954,3311.5729,3254.316,3276.7276
131434000,3256.1535,1262300,17969700,3813041100,49963397300,3305.8954,3311.5729,3254.316,3276.7276
131439000,3255.6492,1766000,16226000,3814807100,49979623300,3305.8954,3311.5729,3254.316,3276.7276
131444000,3256.0218,1176300,18843600,3815983400,49998466900,3305.8954,3311.5729,3254.316,3276.7276
131449000,3256.2381,836800,13971200,3816820200,50012438100,3305.8954,3311.5729,3254.316,3276.7276
131454000,3255.8917,872600,14709900,3817692800,50027148000,3305.8954,3311.5729,3254.316,3276.7276
131459000,3256.1852,1001500,14550300,3818694300,50041698300,3305.8954,3311.5729,3254.316,3276.7276
131504000,3256.1672,1364200,17350700,3820058500,50059049000,3305.8954,3311.5729,3254.316,3276.7276
131509000,3256.1864,1343800,18898300,3821402300,50077947300,3305.8954,3311.5729,3254.316,3276.7276
131514000,3256.9691,1962200,25287600,3823364500,50103234900,3305.8954,3311.5729,3254.316,3276.7276
131519000,3257.0668,1642200,20390700,3825006700,50123625600,3305.8954,3311.5729,3254.316,3276.7276
131524000,3256.2468,1162300,15596200,3826169000,50139221800,3305.8954,3311.5729,3254.316,3276.7276
131529000,3256.5057,1422900,23711000,3827591900,50162932800,3305.8954,3311.5729,3254.316,3276.7276
131534000,3256.9056,1477200,21254000,3829069100,50184186800,3305.8954,3311.5729,3254.316,3276.7276
131539000,3256.6622,1056300,13782200,3830125400,50197969000,3305.8954,3311.5729,3254.316,3276.7276
131544000,3256.865,2301900,30422700,3832427300,50228391700,3305.8954,3311.5729,3254.316,3276.7276
131549000,3257.3745,2132100,30228700,3834559400,50258620400,3305.8954,3311.5729,3254.316,3276.7276
131554000,3257.2624,1122700,15684000,3835682100,50274304400,3305.8954,3311.5729,3254.316,3276.7276
131559000,3257.0669,1624900,23049300,3837307000,50297353700,3305.8954,3311.5729,3254.316,3276.7276
131604000,3257.0521,1246200,17834200,3838553200,50315187900,3305.8954,3311.5729,3254.316,3276.7276
131609000,3257.7654,891400,15242500,3839444600,50330430400,3305.8954,3311.5729,3254.316,3276.7276
131614000,3257.8679,1495100,19770200,3840939700,50350200600,3305.8954,3311.5729,3254.316,3276.7276
131619000,3257.6828,1964600,20272100,3842904300,50370472700,3305.8954,3311.5729,3254.316,3276.7276
131624000,3257.668,1106300,15359700,3844010600,50385832400,3305.8954,3311.5729,3254.316,3276.7276
131629000,3257.3361,1341500,20345400,3845352100,50406177800,3305.8954,3311.5729,3254.316,3276.7276
131634000,3257.4311,2050500,25922800,3847402600,50432100600,3305.8954,3311.5729,3254.316,3276.7276
131639000,3257.5151,888200,12131600,3848290800,50444232200,3305.8954,3311.5729,3254.316,3276.7276
131644000,3257.4895,1277300,18982300,3849568100,50463214500,3305.8954,3311.5729,3254.316,3276.7276
131649000,3257.8042,1250100,16752700,3850818200,50479967200,3305.8954,3311.5729,3254.316,3276.7276
131654000,3257.5945,1074900,12453300,3851893100,50492420500,3305.8954,3311.5729,3254.316,3276.7276
131659000,3257.6894,1120300,15325400,3853013400,50507745900,3305.8954,3311.5729,3254.316,3276.7276
131704000,3257.9428,1254000,17459900,3854267400,50525205800,3305.8954,3311.5729,3254.316,3276.7276
131709000,3257.7948,760200,10783400,3855027600,50535989200,3305.8954,3311.5729,3254.316,3276.7276
131714000,3258.0806,1661300,21534900,3856688900,50557524100,3305.8954,3311.5729,3254.316,3276.7276
131719000,3258.3433,1302000,17880100,3857990900,50575404200,3305.8954,3311.5729,3254.316,3276.7276
131724000,3258.0473,845000,10012200,3858835900,50585416400,3305.8954,3311.5729,3254.316,3276.7276
131729000,3258.0456,1104400,18219300,3859940300,50603635700,3305.8954,3311.5729,3254.316,3276.7276
131734000,3257.751,1122900,15178000,3861063200,50618813700,3305.8954,3311.5729,3254.316,3276.7276
131739000,3258.0684,1334900,17209500,3862398100,50636023200,3305.8954,3311.5729,3254.316,3276.7276
131744000,3257.7548,1001100,14070900,3863399200,50650094100,3305.8954,3311.5729,3254.316,3276.7276
131749000,3257.6886,1344800,20568800,3864744000,50670662900,3305.8954,3311.5729,3254.316,3276.7276
131754000,3257.6164,1200900,17279200,3865944900,50687942100,3305.8954,3311.5729,3254.316,3276.7276
131759000,3257.7592,1075400,15580500,3867020300,50703522600,3305.8954,3311.5729,3254.316,3276.7276
131804000,3257.5443,1105000,15869000,3868125300,50719391600,3305.8954,3311.5729,3254.316,3276.7276
131809000,3257.3207,1146700,19280200,3869272000,50738671800,3305.8954,3311.5729,3254.316,3276.7276
131814000,3256.7838,1179900,19959000,3870451900,50758630800,3305.8954,3311.5729,3254.316,3276.7276
131820000,3256.789,1586100,21945900,3872038000,50780576700,3305.8954,3311.5729,3254.316,3276.7276
131825000,3256.7633,1506300,19156500,3873544300,50799733200,3305.8954,3311.5729,3254.316,3276.7276
131830000,3255.7165,1849300,19217000,3875393600,50818950200,3305.8954,3311.5729,3254.316,3276.7276
131835000,3255.3274,2276400,32110600,3877670000,50851060800,3305.8954,3311.5729,3254.316,3276.7276
131840000,3255.1398,1994200,32693200,3879664200,50883754000,3305.8954,3311.5729,3254.316,3276.7276
131845000,3254.5093,2409800,34194400,3882074000,50917948400,3305.8954,3311.5729,3254.316,3276.7276
131850000,3254.5308,2738700,44165000,3884812700,50962113400,3305.8954,3311.5729,3254.316,3276.7276
131855000,3253.7015,3329600,42284600,3888142300,51004398000,3305.8954,3311.5729,3253.7015,3276.7276
131900000,3253.327,2171000,24246200,3890313300,51028644200,3305.8954,3311.5729,3253.327,3276.7276
131905000,3253.2726,2094400,28412600,3892407700,51057056800,3305.8954,3311.5729,3253.208,3276.7276
131910000,3253.3911,3177100,37657600,3895584800,51094714400,3305.8954,3311.5729,3253.144,3276.7276
131915000,3253.4519,2466900,29132300,3898051700,51123846700,3305.8954,3311.5729,3253.144,3276.7276
131920000,3253.4458,2289500,36259500,3900341200,51160106200,3305.8954,3311.5729,3253.144,3276.7276
131925000,3252.794,2121000,32059700,3902462200,51192165900,3305.8954,3311.5729,3252.794,3276.7276
131930000,3252.5463,1246000,18137500,3903708200,51210303400,3305.8954,3311.5729,3252.5463,3276.7276
131935000,3252.6901,1912700,23311100,3905620900,51233614500,3305.8954,3311.5729,3252.4305,3276.7276
131940000,3252.384,1749500,24770600,3907370400,51258385100,3305.8954,3311.5729,3252.384,3276.7276
131945000,3252.3336,1748400,21904900,3909118800,51280290000,3305.8954,3311.5729,3252.2753,3276.7276
131950000,3252.8809,1485500,22500700,3910604300,51302790700,3305.8954,3311.5729,3252.2753,3276.7276
131955000,3252.3256,1668100,25555400,3912272400,51328346100,3305.8954,3311.5729,3252.2753,3276.7276
132000000,3251.7548,1547500,22330400,3913819900,51350676500,3305.8954,3311.5729,3251.7548,3276.7276
132005000,3251.6754,2200400,25244700,3916020300,51375921200,3305.8954,3311.5729,3251.4725,3276.7276
132010000,3251.7301,2203800,32051100,3918224100,51407972300,3305.8954,3311.5729,3251.4072,3276.7276
132015000,3252.1258,1388800,17356100,3919612900,51425328400,3305.8954,3311.5729,3251.4072,3276.7276
132020000,3251.698,1481600,20682200,3921094500,51446010600,3305.8954,3311.5729,3251.4072,3276.7276
132025000,3251.1508,3025000,43836600,3924119500,51489847200,3305.8954,3311.5729,3251.1508,3276.7276
132030000,3251.0379,1590300,20612400,3925709800,51510459600,3305.8954,3311.5729,3251.0379,3276.7276
132035000,3251.032,1481600,24836400,3927191400,51535296000,3305.8954,3311.5729,3250.943,3276.7276
132040000,3251.1767,2422600,33064200,3929614000,51568360200,3305.8954,3311.5729,3250.9244,3276.7276
132045000,3251.3597,1547000,20577700,3931161000,51588937900,3305.8954,3311.5729,3250.9244,3276.7276
132050000,3251.0252,2268800,30872400,3933429800,51619810300,3305.8954,3311.5729,3250.9244,3276.7276
132055000,3250.9192,2261500,29294400,3935691300,51649104700,3305.8954,3311.5729,3250.9192,3276.7276
132100000,3250.5372,2106100,23364200,3937797400,51672468900,3305.8954,3311.5729,3250.5372,3276.7276
132105000,3250.5513,2375700,29000500,3940173100,51701469400,3305.8954,3311.5729,3250.3056,3276.7276
132110000,3250.4747,2853200,32509400,3943026300,51733978800,3305.8954,3311.5729,3250.3056,3276.7276
132115000,3250.5777,1945800,22902700,3944972100,51756881500,3305.8954,3311.5729,3250.3056,3276.7276
132120000,3250.2549,1709900,31232800,3946682000,51788114300,3305.8954,3311.5729,3250.2549,3276.7276
132125000,3250.0564,1840400,23519600,3948522400,51811633900,3305.8954,3311.5729,3250.0088,3276.7276
132130000,3249.7906,1886100,19574000,3950408500,51831207900,3305.8954,3311.5729,3249.7906,3276.7276
132135000,3249.5568,2136100,26015400,3952544600,51857223300,3305.8954,3311.5729,3249.4324,3276.7276
132140000,3249.62,3790000,38660600,3956334600,51895883900,3305.8954,3311.5729,3249.4324,3276.7276
132145000,3249.4988,1724300,21656600,3958058900,51917540500,3305.8954,3311.5729,3249.4324,3276.7276
132150000,3249.2714,1999500,27264100,3960058400,51944804600,3305.8954,3311.5729,3249.2655,3276.7276
132155000,3249.2196,3163600,37460600,3963222000,51982265200,3305.8954,3311.5729,3249.1639,3276.7276
132200000,3248.8332,1859900,20576200,3965081900,52002841400,3305.8954,3311.5729,3248.8332,3276.7276
132205000,3248.6441,2397700,26904800,3967479600,52029746200,3305.8954,3311.5729,3248.5636,3276.7276
132210000,3248.8113,3126600,32136600,3970606200,52061882800,3305.8954,3311.5729,3248.5632,3276.7276
132215000,3248.6971,2531300,29179000,3973137500,52091061800,3305.8954,3311.5729,3248.5632,3276.7276
132220000,3248.7158,4823200,41562800,3977960700,52132624600,3305.8954,3311.5729,3248.5632,3276.7276
132225000,3248.7231,3551800,38653300,3981512500,52171277900,3305.8954,3311.5729,3248.5361,3276.7276
132231000,3248.9118,2741100,38704000,3984253600,52209981900,3305.8954,3311.5729,3248.5361,3276.7276
132235000,3250.7943,4245000,41058000,3988498600,52251039900,3305.8954,3311.5729,3248.5361,3276.7276
132241000,3252.9163,5816300,86141200,3994314900,52337181100,3305.8954,3311.5729,3248.5361,3276.7276
132246000,3253.4794,5484400,69511000,3999799300,52406692100,3305.8954,3311.5729,3248.5361,3276.7276
132251000,3253.9261,3068100,35595000,4002867400,52442287100,3305.8954,3311.5729,3248.5361,3276.7276
132256000,3254.5439,3567100,56358200,4006434500,52498645300,3305.8954,3311.5729,3248.5361,3276.7276
132301000,3254.2209,2858000,38143600,4009292500,52536788900,3305.8954,3311.5729,3248.5361,3276.7276
132306000,3254.5883,2350500,27869500,4011643000,52564658400,3305.8954,3311.5729,3248.5361,3276.7276
132311000,3255.229,2897400,40811500,4014540400,52605469900,3305.8954,3311.5729,3248.5361,3276.7276
132316000,3255.2851,2114700,33832000,4016655100,52639301900,3305.8954,3311.5729,3248.5361,3276.7276
132321000,3255.071,1122000,14674500,4017777100,52653976400,3305.8954,3311.5729,3248.5361,3276.7276
132326000,3255.225,2496800,31311800,4020273900,52685288200,3305.8954,3311.5729,3248.5361,3276.7276
132331000,3254.5301,2205900,27975400,4022479800,52713263600,3305.8954,3311.5729,3248.5361,3276.7276
132336000,3255.2099,1292900,16567400,4023772700,52729831000,3305.8954,3311.5729,3248.5361,3276.7276
132341000,3255.5497,2840900,28015200,4026613600,52757846200,3305.8954,3311.5729,3248.5361,3276.7276
132346000,3256.3623,1369100,15981300,4027982700,52773827500,3305.8954,3311.5729,3248.5361,3276.7276
132351000,3255.9832,1384000,16637600,4029366700,52790465100,3305.8954,3311.5729,3248.5361,3276.7276
132356000,3255.8349,1326900,19388100,4030693600,52809853200,3305.8954,3311.5729,3248.5361,3276.7276
132401000,3255.5501,1390800,19416200,4032084400,52829269400,3305.8954,3311.5729,3248.5361,3276.7276
132406000,3255.6401,1545400,19296600,4033629800,52848566000,3305.8954,3311.5729,3248.5361,3276.7276
132411000,3255.8748,1552800,21046900,4035182600,52869612900,3305.8954,3311.5729,3248.5361,3276.7276
132416000,3256.343,1647400,23889200,4036830000,52893502100,3305.8954,3311.5729,3248.5361,3276.7276
132421000,3256.4634,1730900,15768800,4038560900,52909270900,3305.8954,3311.5729,3248.5361,3276.7276
132426000,3255.592,1971400,22136700,4040532300,52931407600,3305.8954,3311.5729,3248.5361,3276.7276
132431000,3255.689,1579400,22426000,4042111700,52953833600,3305.8954,3311.5729,3248.5361,3276.7276
132436000,3254.9969,1146800,17652700,4043258500,52971486300,3305.8954,3311.5729,3248.5361,3276.7276
132441000,3255.2293,1538300,21939500,4044796800,52993425800,3305.8954,3311.5729,3248.5361,3276.7276
132446000,3255.1533,1360800,15977000,4046157600,53009402800,3305.8954,3311.5729,3248.5361,3276.7276
132451000,3255.1159,1013600,13960800,4047171200,53023363600,3305.8954,3311.5729,3248.5361,3276.7276
132456000,3255.22,1395600,18865200,4048566800,53042228800,3305.8954,3311.5729,3248.5361,3276.7276
132501000,3255.0259,1570600,20121100,4050137400,53062349900,3305.8954,3311.5729,3248.5361,3276.7276
132506000,3255.0976,908400,13025600,4051045800,53075375500,3305.8954,3311.5729,3248.5361,3276.7276
132511000,3255.3651,1571500,23059700,4052617300,53098435200,3305.8954,3311.5729,3248.5361,3276.7276
132516000,3255.3092,1418600,18019100,4054035900,53116454300,3305.8954,3311.5729,3248.5361,3276.7276
132521000,3255.3923,1257500,15005900,4055293400,53131460200,3305.8954,3311.5729,3248.5361,3276.7276
132526000,3255.1762,1610400,20307700,4056903800,53151767900,3305.8954,3311.5729,3248.5361,3276.7276
132531000,3255.148,2005700,30471600,4058909500,53182239500,3305.8954,3311.5729,3248.5361,3276.7276
132536000,3255.1237,999800,11365900,4059909300,53193605400,3305.8954,3311.5729,3248.5361,3276.7276
132541000,3255.092,1657800,22830000,4061567100,53216435400,3305.8954,3311.5729,3248.5361,3276.7276
132546000,3255.0367,1631800,22745900,4063198900,53239181300,3305.8954,3311.5729,3248.5361,3276.7276
132551000,3255.016,1024300,15840400,4064223200,53255021700,3305.8954,3311.5729,3248.5361,3276.7276
132556000,3255.0967,1447100,21420300,4065670300,53276442000,3305.8954,3311.5729,3248.5361,3276.7276
132601000,3254.4649,1619400,18520200,4067289700,53294962200,3305.8954,3311.5729,3248.5361,3276.7276
132606000,3254.2511,945800,14159300,4068235500,53309121500,3305.8954,3311.5729,3248.5361,3276.7276
132611000,3254.4782,1879400,19609500,4070114900,53328731000,3305.8954,3311.5729,3248.5361,3276.7276
132616000,3255.0363,1271400,16875300,4071386300,53345606300,3305.8954,3311.5729,3248.5361,3276.7276
132621000,3254.9564,1095300,14600100,4072481600,53360206400,3305.8954,3311.5729,3248.5361,3276.7276
132626000,3254.6943,1021400,15728900,4073503000,53375935300,3305.8954,3311.5729,3248.5361,3276.7276
132631000,3254.7643,1203400,20709700,4074706400,53396645000,3305.8954,3311.5729,3248.5361,3276.7276
132636000,3254.6336,717100,14279700,4075423500,53410924700,3305.8954,3311.5729,3248.5361,3276.7276
132642000,3254.7792,1304700,17124000,4076728200,53428048700,3305.8954,3311.5729,3248.5361,3276.7276
132646000,3254.5824,1022600,15800300,4077750800,53443849000,3305.8954,3311.5729,3248.5361,3276.7276
132652000,3254.5449,2047600,23381500,4079798400,53467230500,3305.8954,3311.5729,3248.5361,3276.7276
132657000,3254.7151,1273900,13240900,4081072300,53480471400,3305.8954,3311.5729,3248.5361,3276.7276
132701000,3254.0042,916200,14088900,4081988500,53494560300,3305.8954,3311.5729,3248.5361,3276.7276
132707000,3254.4851,1430900,19006600,4083419400,53513566900,3305.8954,3311.5729,3248.5361,3276.7276
132712000,3254.4169,887600,12896100,4084307000,53526463000,3305.8954,3311.5729,3248.5361,3276.7276
132717000,3254.8391,898300,18095400,4085205300,53544558400,3305.8954,3311.5729,3248.5361,3276.7276
132722000,3254.7537,1107600,24523100,4086312900,53569081500,3305.8954,3311.5729,3248.5361,3276.7276
132727000,3254.6248,1259300,13729900,4087572200,53582811400,3305.8954,3311.5729,3248.5361,3276.7276
132732000,3254.4798,1140900,15481100,4088713100,53598292500,3305.8954,3311.5729,3248.5361,3276.7276
132737000,3254.4453,1422100,19110200,4090135200,53617402700,3305.8954,3311.5729,3248.5361,3276.7276
132742000,3254.8055,634300,10635900,4090769500,53628038600,3305.8954,3311.5729,3248.5361,3276.7276
132747000,3254.7065,1298800,14427700,4092068300,53642466300,3305.8954,3311.5729,3248.5361,3276.7276
132752000,3254.8855,1277900,17768100,4093346200,53660234400,3305.8954,3311.5729,3248.5361,3276.7276
132757000,3254.5631,722300,9814700,4094068500,53670049100,3305.8954,3311.5729,3248.5361,3276.7276
132802000,3254.3923,816100,11451100,4094884600,53681500200,3305.8954,3311.5729,3248.5361,3276.7276
132807000,3254.4732,1173500,16903300,4096058100,53698403500,3305.8954,3311.5729,3248.5361,3276.7276
132812000,3254.7837,1435300,16646000,4097493400,53715049500,3305.8954,3311.5729,3248.5361,3276.7276
132817000,3254.7238,979400,19088800,4098472800,53734138300,3305.8954,3311.5729,3248.5361,3276.7276
132822000,3254.9875,1264400,15260700,4099737200,53749399000,3305.8954,3311.5729,3248.5361,3276.7276
132827000,3254.5118,593700,8382800,4100330900,53757781800,3305.8954,3311.5729,3248.5361,3276.7276
132832000,3254.3537,913400,14982700,4101244300,53772764500,3305.8954,3311.5729,3248.5361,3276.7276
132837000,3254.5343,1237800,14927000,4102482100,53787691500,3305.8954,3311.5729,3248.5361,3276.7276
132842000,3254.5196,743700,12895900,4103225800,53800587400,3305.8954,3311.5729,3248.5361,3276.7276
132847000,3254.9375,1056200,18108700,4104282000,53818696100,3305.8954,3311.5729,3248.5361,3276.7276
132852000,3254.5409,1415600,19968000,4105697600,53838664100,3305.8954,3311.5729,3248.5361,3276.7276
132857000,3254.534,1096900,13068600,4106794500,53851732700,3305.8954,3311.5729,3248.5361,3276.7276
132902000,3254.4087,917800,17830000,4107712300,53869562700,3305.8954,3311.5729,3248.5361,3276.7276
132907000,3254.3863,1338900,20634400,4109051200,53890197100,3305.8954,3311.5729,3248.5361,3276.7276
132912000,3254.5537,993700,17657400,4110044900,53907854500,3305.8954,3311.5729,3248.5361,3276.7276
132917000,3254.7502,1020900,18076200,4111065800,53925930700,3305.8954,3311.5729,3248.5361,3276.7276
132922000,3254.7665,1223400,19776400,4112289200,53945707100,3305.8954,3311.5729,3248.5361,3276.7276
132927000,3254.8078,1603500,18026400,4113892700,53963733500,3305.8954,3311.5729,3248.5361,3276.7276
132932000,3254.4583,1471500,22228700,4115364200,53985962200,3305.8954,3311.5729,3248.5361,3276.7276
132937000,3254.6885,1338300,19951800,4116702500,54005914000,3305.8954,3311.5729,3248.5361,3276.7276
132942000,3254.855,1735100,19971500,4118437600,54025885500,3305.8954,3311.5729,3248.5361,3276.7276
132947000,3254.8581,1605500,25301100,4120043100,54051186600,3305.8954,3311.5729,3248.5361,3276.7276
132952000,3254.5943,1840000,27284800,4121883100,54078471400,3305.8954,3311.5729,3248.5361,3276.7276
132957000,3254.8114,1199700,17493300,4123082800,54095964700,3305.8954,3311.5729,3248.5361,3276.7276
133002000,3254.6117,1565700,23661700,4124648500,54119626400,3305.8954,3311.5729,3248.5361,3276.7276
133007000,3254.7087,3690900,33369300,4128339400,54152995700,3305.8954,3311.5729,3248.5361,3276.7276
133012000,3255.3633,1791300,23644100,4130130700,54176639800,3305.8954,3311.5729,3248.5361,3276.7276
133017000,3255.4143,1892900,22203200,4132023600,54198843000,3305.8954,3311.5729,3248.5361,3276.7276
133022000,3255.4525,2130400,20610100,4134154000,54219453100,3305.8954,3311.5729,3248.5361,3276.7276
133027000,3254.9112,1410000,16488800,4135564000,54235941900,3305.8954,3311.5729,3248.5361,3276.7276
133032000,3255.1461,1255800,20038200,4136819800,54255980100,3305.8954,3311.5729,3248.5361,3276.7276
133037000,3255.0992,1576300,22746500,4138396100,54278726600,3305.8954,3311.5729,3248.5361,3276.7276
133042000,3255.4376,976000,13089400,4139372100,54291816000,3305.8954,3311.5729,3248.5361,3276.7276
133047000,3255.2456,1415600,21617900,4140787700,54313433900,3305.8954,3311.5729,3248.5361,3276.7276
133052000,3255.2424,1965400,22498500,4142753100,54335932400,3305.8954,3311.5729,3248.5361,3276.7276
133057000,3255.052,984500,17189300,4143737600,54353121700,3305.8954,3311.5729,3248.5361,3276.7276
133102000,3254.7075,1192900,16838900,4144930500,54369960600,3305.8954,3311.5729,3248.5361,3276.7276
133108000,3254.6023,2828400,35908500,4147758900,54405869100,3305.8954,3311.5729,3248.5361,3276.7276
133112000,3254.5033,1791700,20457900,4149550600,54426327000,3305.8954,3311.5729,3248.5361,3276.7276
133118000,3254.0986,5043500,50571900,4154594100,54476898900,3305.8954,3311.5729,3248.5361,3276.7276
133123000,3253.0753,2445000,37725100,4157039100,54514624000,3305.8954,3311.5729,3248.5361,3276.7276
133128000,3253.0129,2067500,38051600,4159106600,54552675600,3305.8954,3311.5729,3248.5361,3276.7276
133133000,3253.0044,1590100,25487900,4160696700,54578163500,3305.8954,3311.5729,3248.5361,3276.7276
133138000,3253.0899,2284900,30548200,4162981600,54608711700,3305.8954,3311.5729,3248.5361,3276.7276
133143000,3252.1534,1862300,30379600,4164843900,54639091300,3305.8954,3311.5729,3248.5361,3276.7276
133148000,3252.0294,1877800,24318300,4166721700,54663409600,3305.8954,3311.5729,3248.5361,3276.7276
133153000,3251.8376,2691700,37531700,4169413400,54700941300,3305.8954,3311.5729,3248.5361,3276.7276
133158000,3251.2872,3147000,53971900,4172560400,54754913200,3305.8954,3311.5729,3248.5361,3276.7276
133203000,3250.6186,3817200,35860700,4176377600,54790773900,3305.8954,3311.5729,3248.5361,3276.7276
133208000,3250.4866,2208200,37372800,4178585800,54828146700,3305.8954,3311.5729,3248.5361,3276.7276
133213000,3250.0406,2455700,33200400,4181041500,54861347100,3305.8954,3311.5729,3248.5361,3276.7276
133218000,3250.3912,2256600,31026900,4183298100,54892374000,3305.8954,3311.5729,3248.5361,3276.7276
133223000,3250.3302,2867200,53825000,4186165300,54946199000,3305.8954,3311.5729,3248.5361,3276.7276
133228000,3249.7545,1666800,27949700,4187832100,54974148700,3305.8954,3311.5729,3248.5361,3276.7276
133233000,3250.2839,1696800,19771800,4189528900,54993920500,3305.8954,3311.5729,3248.5361,3276.7276
133238000,3249.9602,1472400,22120500,4191001300,55016041000,3305.8954,3311.5729,3248.5361,3276.7276
133243000,3249.93,1695800,28638100,4192697100,55044679100,3305.8954,3311.5729,3248.5361,3276.7276
133248000,3249.7708,1137600,16725500,4193834700,55061404600,3305.8954,3311.5729,3248.5361,3276.7276
133253000,3249.3851,2559700,27641500,4196394400,55089046100,3305.8954,3311.5729,3248.5361,3276.7276
133258000,3249.5531,1808900,29038000,4198203300,55118084100,3305.8954,3311.5729,3248.5361,3276.7276
133303000,3249.4995,1421700,19281600,4199625000,55137365700,3305.8954,3311.5729,3248.5361,3276.7276
133308000,3249.3282,1683300,28532900,4201308300,55165898600,3305.8954,3311.5729,3248.5361,3276.7276
133313000,3249.1846,1601700,26182400,4202910000,55192081000,3305.8954,3311.5729,3248.5361,3276.7276
133318000,3249.6556,1996700,18670600,4204906700,55210751600,3305.8954,3311.5729,3248.5361,3276.7276
133323000,3249.5131,1714900,25425900,4206621600,55236177500,3305.8954,3311.5729,3248.5361,3276.7276
133328000,3249.3212,1758300,23832000,4208379900,55260009500,3305.8954,3311.5729,3248.5361,3276.7276
133333000,3249.3849,1351300,15165400,4209731200,55275174900,3305.8954,3311.5729,3248.5361,3276.7276
133338000,3249.3092,1639700,21386700,4211370900,55296561600,3305.8954,3311.5729,3248.5361,3276.7276
133343000,3249.3634,1920400,26551300,4213291300,55323112900,3305.8954,3311.5729,3248.5361,3276.7276
133348000,3249.4562,1701200,13938300,4214992500,55337051200,3305.8954,3311.5729,3248.5361,3276.7276
133353000,3249.3607,1946000,28980300,4216938500,55366031500,3305.8954,3311.5729,3248.5361,3276.7276
133358000,3249.0695,1801400,26115800,4218739900,55392147300,3305.8954,3311.5729,3248.5361,3276.7276
133403000,3248.9741,1120600,19329500,4219860500,55411476800,3305.8954,3311.5729,3248.5361,3276.7276
133408000,3249.0321,2680100,31449900,4222540600,55442926700,3305.8954,3311.5729,3248.5361,3276.7276
133413000,3248.9375,1147700,18394100,4223688300,55461320800,3305.8954,3311.5729,3248.5361,3276.7276
133418000,3249.1479,1256100,16622100,4224944400,55477942900,3305.8954,3311.5729,3248.5361,3276.7276
133423000,3249.1854,2016400,22088600,4226960800,55500031500,3305.8954,3311.5729,3248.5361,3276.7276
133428000,3249.0272,1572200,27538800,4228533000,55527570300,3305.8954,3311.5729,3248.5361,3276.7276
133433000,3248.5601,965900,13331000,4229498900,55540901300,3305.8954,3311.5729,3248.5361,3276.7276
133438000,3248.7558,1871400,22418000,4231370300,55563319300,3305.8954,3311.5729,3248.4053,3276.7276
133443000,3249.4371,1238600,17015200,4232608900,55580334500,3305.8954,3311.5729,3248.4053,3276.7276
133448000,3248.6795,1302300,20351500,4233911200,55600686000,3305.8954,3311.5729,3248.4053,3276.7276
133453000,3248.4088,1283100,19455800,4235194300,55620141800,3305.8954,3311.5729,3248.4053,3276.7276
133458000,3248.6853,2064800,28688900,4237259100,55648830700,3305.8954,3311.5729,3248.3589,3276.7276
133503000,3248.082,1183300,15931400,4238442400,55664762100,3305.8954,3311.5729,3248.0817,3276.7276
133508000,3248.1322,2454100,30663900,4240896500,55695426000,3305.8954,3311.5729,3248.0817,3276.7276
133513000,3248.1706,1512700,24693800,4242409200,55720119800,3305.8954,3311.5729,3248.0817,3276.7276
133518000,3248.9234,1043400,14252500,4243452600,55734372300,3305.8954,3311.5729,3248.0817,3276.7276
133523000,3248.7318,1264600,15660400,4244717200,55750032700,3305.8954,3311.5729,3248.0817,3276.7276
133529000,3248.4509,2029300,31276200,4246746500,55781308900,3305.8954,3311.5729,3248.0817,3276.7276
133534000,3248.8268,2147200,27520800,4248893700,55808829700,3305.8954,3311.5729,3248.0817,3276.7276
133539000,3248.4234,1871500,24636400,4250765200,55833466100,3305.8954,3311.5729,3248.0817,3276.7276
133544000,3248.6161,2226000,30192400,4252991200,55863658500,3305.8954,3311.5729,3248.0817,3276.7276
133549000,3248.3937,2711200,29779800,4255702400,55893438300,3305.8954,3311.5729,3248.0817,3276.7276
133554000,3248.4135,1598000,19342900,4257300400,55912781200,3305.8954,3311.5729,3248.0817,3276.7276
133559000,3248.4456,1390200,21346100,4258690600,55934127300,3305.8954,3311.5729,3248.0817,3276.7276
133604000,3248.3685,1488400,20257700,4260179000,55954385000,3305.8954,3311.5729,3248.0817,3276.7276
133609000,3248.7587,1686500,19455200,4261865500,55973840200,3305.8954,3311.5729,3248.0817,3276.7276
133614000,3248.8195,1632200,18753900,4263497700,55992594100,3305.8954,3311.5729,3248.0817,3276.7276
133619000,3248.991,2561500,28468200,4266059200,56021062300,3305.8954,3311.5729,3248.0817,3276.7276
133624000,3248.864,1250800,14220400,4267310000,56035282700,3305.8954,3311.5729,3248.0817,3276.7276
133629000,3248.6404,1755400,24072600,4269065400,56059355300,3305.8954,3311.5729,3248.0817,3276.7276
133634000,3248.517,1582800,23878200,4270648200,56083233500,3305.8954,3311.5729,3248.0817,3276.7276
133639000,3248.6751,1211100,18545300,4271859300,56101778800,3305.8954,3311.5729,3248.0817,3276.7276
133644000,3249.2207,1415200,16851800,4273274500,56118630600,3305.8954,3311.5729,3248.0817,3276.7276
133649000,3248.8644,1724800,23516300,4274999300,56142146900,3305.8954,3311.5729,3248.0817,3276.7276
133654000,3249.3635,1086300,14354500,4276085600,56156501400,3305.8954,3311.5729,3248.0817,3276.7276
133659000,3248.39,1205900,17362600,4277291500,56173864000,3305.8954,3311.5729,3248.0817,3276.7276
133704000,3248.9562,1361100,17508800,4278652600,56191372800,3305.8954,3311.5729,3248.0817,3276.7276
133709000,3249.1325,1480300,15852100,4280132900,56207224900,3305.8954,3311.5729,3248.0817,3276.7276
133714000,3249.441,1677200,25683800,4281810100,56232908700,3305.8954,3311.5729,3248.0817,3276.7276
133719000,3249.561,1428900,18993500,4283239000,56251902200,3305.8954,3311.5729,3248.0817,3276.7276
133724000,3249.8598,1399800,14848800,4284638800,56266751000,3305.8954,3311.5729,3248.0817,3276.7276
133729000,3250.0031,2164700,26665200,4286803500,56293416200,3305.8954,3311.5729,3248.0817,3276.7276
133734000,3249.8329,1406600,17957500,4288210100,56311373700,3305.8954,3311.5729,3248.0817,3276.7276
133739000,3249.9871,1772200,19598300,4289982300,56330972000,3305.8954,3311.5729,3248.0817,3276.7276
133744000,3250.0141,1637400,25999600,4291619700,56356971600,3305.8954,3311.5729,3248.0817,3276.7276
133749000,3250.146,1795300,23277200,4293415000,56380248800,3305.8954,3311.5729,3248.0817,3276.7276
133754000,3250.1999,1144800,11788300,4294559800,56392037100,3305.8954,3311.5729,3248.0817,3276.7276
133759000,3250.4283,1708900,24240800,4296268700,56416277900,3305.8954,3311.5729,3248.0817,3276.7276
133804000,3250.1254,1920300,28528300,4298189000,56444806200,3305.8954,3311.5729,3248.0817,3276.7276
133809000,3250.2247,1199000,15838700,4299388000,56460644900,3305.8954,3311.5729,3248.0817,3276.7276
133814000,3250.5621,2165000,25259700,4301553000,56485904600,3305.8954,3311.5729,3248.0817,3276.7276
133819000,3251.0114,1109900,14519200,4302662900,56500423800,3305.8954,3311.5729,3248.0817,3276.7276
133824000,3250.9396,829900,15144800,4303492800,56515568600,3305.8954,3311.5729,3248.0817,3276.7276
133829000,3250.6329,1515000,19117000,4305007800,56534685600,3305.8954,3311.5729,3248.0817,3276.7276
133834000,3250.1757,1742400,22044200,4306750200,56556729800,3305.8954,3311.5729,3248.0817,3276.7276
133839000,3250.0449,1835200,21416900,4308585400,56578146700,3305.8954,3311.5729,3248.0817,3276.7276
133844000,3249.6238,2941400,30366000,4311526800,56608512700,3305.8954,3311.5729,3248.0817,3276.7276
133849000,3248.7688,2680400,31146700,4314207200,56639659400,3305.8954,3311.5729,3248.0817,3276.7276
133854000,3249.2058,2105100,28735700,4316312300,56668395100,3305.8954,3311.5729,3248.0817,3276.7276
133859000,3249.1571,1962900,22492400,4318275200,56690887500,3305.8954,3311.5729,3248.0817,3276.7276
133904000,3249.5051,1609700,19310100,4319884900,56710197600,3305.8954,3311.5729,3248.0817,3276.7276
133909000,3249.3665,1735800,20504800,4321620700,56730702400,3305.8954,3311.5729,3248.0817,3276.7276
133914000,3249.2371,1208400,16558400,4322829100,56747260800,3305.8954,3311.5729,3248.0817,3276.7276
133919000,3249.6667,1517700,19648600,4324346800,56766909400,3305.8954,3311.5729,3248.0817,3276.7276
133924000,3249.4943,913400,11171900,4325260200,56778081300,3305.8954,3311.5729,3248.0817,3276.7276
133929000,3249.6133,1680700,24602800,4326940900,56802684100,3305.8954,3311.5729,3248.0817,3276.7276
133934000,3249.4345,1061500,16236300,4328002400,56818920400,3305.8954,3311.5729,3248.0817,3276.7276
133940000,3249.6435,1777900,24135400,4329780300,56843055800,3305.8954,3311.5729,3248.0817,3276.7276
133944000,3249.6156,571300,11376500,4330351600,56854432300,3305.8954,3311.5729,3248.0817,3276.7276
133950000,3249.9272,1685400,22451100,4332037000,56876883400,3305.8954,3311.5729,3248.0817,3276.7276
133955000,3250.5963,2068500,29394300,4334105500,56906277700,3305.8954,3311.5729,3248.0817,3276.7276
134000000,3250.3601,1451200,20746700,4335556700,56927024400,3305.8954,3311.5729,3248.0817,3276.7276
134005000,3250.6074,2195000,30126600,4337751700,56957151000,3305.8954,3311.5729,3248.0817,3276.7276
134010000,3251.0521,1209400,19673100,4338961100,56976824100,3305.8954,3311.5729,3248.0817,3276.7276
134015000,3250.1864,1560000,18888700,4340521100,56995712800,3305.8954,3311.5729,3248.0817,3276.7276
134020000,3251.1367,2135800,25160600,4342656900,57020873400,3305.8954,3311.5729,3248.0817,3276.7276
134025000,3251.0794,788800,11043400,4343445700,57031916800,3305.8954,3311.5729,3248.0817,3276.7276
134030000,3250.2401,1240300,16628600,4344686000,57048545400,3305.8954,3311.5729,3248.0817,3276.7276
134035000,3250.2297,1560100,20823600,4346246100,57069369000,3305.8954,3311.5729,3248.0817,3276.7276
134040000,3249.6422,2357400,32486600,4348603500,57101855600,3305.8954,3311.5729,3248.0817,3276.7276
134045000,3249.4948,2777100,26279000,4351380600,57128134600,3305.8954,3311.5729,3248.0817,3276.7276
134050000,3249.7063,1676400,21543900,4353057000,57149678500,3305.8954,3311.5729,3248.0817,3276.7276
134055000,3248.7535,1489200,19331800,4354546200,57169010300,3305.8954,3311.5729,3248.0817,3276.7276
134100000,3249.4457,903800,9523400,4355450000,57178533700,3305.8954,3311.5729,3248.0817,3276.7276
134105000,3249.3146,1294300,18751900,4356744300,57197285600,3305.8954,3311.5729,3248.0817,3276.7276
134110000,3249.7511,1501200,19913200,4358245500,57217198800,3305.8954,3311.5729,3248.0817,3276.7276
134115000,3250.0904,1093900,13028400,4359339400,57230227200,3305.8954,3311.5729,3248.0817,3276.7276
134120000,3249.7995,1225700,17986200,4360565100,57248213400,3305.8954,3311.5729,3248.0817,3276.7276
134125000,3250.0095,1293700,21971500,4361858800,57270184900,3305.8954,3311.5729,3248.0817,3276.7276
134130000,3249.3948,905100,9012300,4362763900,57279197200,3305.8954,3311.5729,3248.0817,3276.7276
134135000,3249.502,1061900,15455400,4363825800,57294652600,3305.8954,3311.5729,3248.0817,3276.7276
134140000,3249.5157,1216200,18817900,4365042000,57313470500,3305.8954,3311.5729,3248.0817,3276.7276
134145000,3249.4982,1216100,14409000,4366258100,57327879500,3305.8954,3311.5729,3248.0817,3276.7276
134150000,3249.4573,1745400,18269300,4368003500,57346148800,3305.8954,3311.5729,3248.0817,3276.7276
134155000,3249.5185,1123500,14966700,4369127000,57361115500,3305.8954,3311.5729,3248.0817,3276.7276
134200000,3249.4881,1130600,14149100,4370257600,57375264600,3305.8954,3311.5729,3248.0817,3276.7276
134205000,3249.0048,1520200,22675600,4371777800,57397940200,3305.8954,3311.5729,3248.0817,3276.7276
134210000,3249.7183,1302200,18509800,4373080000,57416450000,3305.8954,3311.5729,3248.0817,3276.7276
134215000,3249.6031,862800,10512200,4373942800,57426962200,3305.8954,3311.5729,3248.0817,3276.7276
134220000,3249.866,1666800,20266700,4375609600,57447228900,3305.8954,3311.5729,3248.0817,3276.7276
134225000,3250.2356,1315300,14914600,4376924900,57462143500,3305.8954,3311.5729,3248.0817,3276.7276
134230000,3249.6727,805500,10945400,4377730400,57473088900,3305.8954,3311.5729,3248.0817,3276.7276
134235000,3249.7826,1754100,18180400,4379484500,57491269300,3305.8954,3311.5729,3248.0817,3276.7276
134240000,3249.9986,1127500,17822300,4380612000,57509091600,3305.8954,3311.5729,3248.0817,3276.7276
134245000,3250.106,1629400,15695600,4382241400,57524787200,3305.8954,3311.5729,3248.0817,3276.7276
134250000,3250.169,1041000,15938000,4383282400,57540725200,3305.8954,3311.5729,3248.0817,3276.7276
134255000,3249.921,1203000,19052300,4384485400,57559777500,3305.8954,3311.5729,3248.0817,3276.7276
134300000,3249.9523,1094900,10524400,4385580300,57570301900,3305.8954,3311.5729,3248.0817,3276.7276
134305000,3249.7843,1658600,18336000,4387238900,57588637900,3305.8954,3311.5729,3248.0817,3276.7276
134310000,3250.0694,1813200,22667200,4389052100,57611305100,3305.8954,3311.5729,3248.0817,3276.7276
134315000,3250.4807,1204800,13708400,4390256900,57625013500,3305.8954,3311.5729,3248.0817,3276.7276
134320000,3250.3605,1612700,20003300,4391869600,57645016800,3305.8954,3311.5729,3248.0817,3276.7276
134325000,3250.5315,1430800,19260800,4393300400,57664277600,3305.8954,3311.5729,3248.0817,3276.7276
134330000,3249.8677,961600,9757800,4394262000,57674035400,3305.8954,3311.5729,3248.0817,3276.7276
134335000,3249.8651,1197000,15182300,4395459000,57689217700,3305.8954,3311.5729,3248.0817,3276.7276
134340000,3250.3112,1775600,20247400,4397234600,57709465100,3305.8954,3311.5729,3248.0817,3276.7276
134345000,3250.282,1060400,12494400,4398295000,57721959500,3305.8954,3311.5729,3248.0817,3276.7276
134351000,3250.0484,1350400,16785000,4399645400,57738744500,3305.8954,3311.5729,3248.0817,3276.7276
134356000,3250.5595,743800,14100700,4400389200,57752845200,3305.8954,3311.5729,3248.0817,3276.7276
134400000,3250.3993,816900,12287400,4401206100,57765132600,3305.8954,3311.5729,3248.0817,3276.7276
134406000,3250.1701,1615600,19240000,4402821700,57784372600,3305.8954,3311.5729,3248.0817,3276.7276
134410000,3250.1239,1202300,13850800,4404024000,57798223400,3305.8954,3311.5729,3248.0817,3276.7276
134416000,3250.4356,1442000,17237800,4405466000,57815461200,3305.8954,3311.5729,3248.0817,3276.7276
134421000,3250.4847,1176400,13274400,4406642400,57828735600,3305.8954,3311.5729,3248.0817,3276.7276
134426000,3250.4193,973600,13361600,4407616000,57842097200,3305.8954,3311.5729,3248.0817,3276.7276
134431000,3250.1923,1732200,20850600,4409348200,57862947800,3305.8954,3311.5729,3248.0817,3276.7276
134436000,3250.5039,1682600,21680100,4411030800,57884627900,3305.8954,3311.5729,3248.0817,3276.7276
134441000,3250.4185,1094500,14472800,4412125300,57899100700,3305.8954,3311.5729,3248.0817,3276.7276
134446000,3250.6725,1408300,16866700,4413533600,57915967400,3305.8954,3311.5729,3248.0817,3276.7276
134451000,3250.8183,903700,11717100,4414437300,57927684500,3305.8954,3311.5729,3248.0817,3276.7276
134456000,3250.65,1037400,13478700,4415474700,57941163200,3305.8954,3311.5729,3248.0817,3276.7276
134501000,3250.589,1218500,16564800,4416693200,57957728000,3305.8954,3311.5729,3248.0817,3276.7276
134506000,3250.7428,963100,12989200,4417656300,57970717200,3305.8954,3311.5729,3248.0817,3276.7276
134511000,3251.3319,1677700,20179600,4419334000,57990896800,3305.8954,3311.5729,3248.0817,3276.7276
134516000,3251.2064,1273600,18355100,4420607600,58009251900,3305.8954,3311.5729,3248.0817,3276.7276
134521000,3251.1967,905500,12663100,4421513100,58021915000,3305.8954,3311.5729,3248.0817,3276.7276
134526000,3251.7345,1266000,19809500,4422779100,58041724500,3305.8954,3311.5729,3248.0817,3276.7276
134531000,3251.3428,2201300,20548700,4424980400,58062273200,3305.8954,3311.5729,3248.0817,3276.7276
134536000,3251.6335,1348300,14070200,4426328700,58076343400,3305.8954,3311.5729,3248.0817,3276.7276
134541000,3252.1224,2256600,23087700,4428585300,58099431100,3305.8954,3311.5729,3248.0817,3276.7276
134546000,3253.2255,2211700,34350100,4430797000,58133781200,3305.8954,3311.5729,3248.0817,3276.7276
134551000,3253.2915,1882400,29113300,4432679400,58162894500,3305.8954,3311.5729,3248.0817,3276.7276
134556000,3254.1711,3488300,49379900,4436167700,58212274400,3305.8954,3311.5729,3248.0817,3276.7276
134601000,3254.5805,3725500,42567400,4439893200,58254841800,3305.8954,3311.5729,3248.0817,3276.7276
134606000,3256.4555,3568900,38229900,4443462100,58293071700,3305.8954,3311.5729,3248.0817,3276.7276
134611000,3257.6674,3144100,44520200,4446606200,58337591900,3305.8954,3311.5729,3248.0817,3276.7276
134616000,3257.759,4608800,52539400,4451215000,58390131300,3305.8954,3311.5729,3248.0817,3276.7276
134621000,3257.7776,1982800,21334100,4453197800,58411465400,3305.8954,3311.5729,3248.0817,3276.7276
134626000,3258.426,2182500,31556400,4455380300,58443021800,3305.8954,3311.5729,3248.0817,3276.7276
134631000,3258.1099,3989700,34013700,4459370000,58477035500,3305.8954,3311.5729,3248.0817,3276.7276
134636000,3259.1473,2229000,24559700,4461599000,58501595200,3305.8954,3311.5729,3248.0817,3276.7276
134641000,3259.8437,3000100,39204300,4464599100,58540799500,3305.8954,3311.5729,3248.0817,3276.7276
134646000,3260.2198,2868000,32699500,4467467100,58573499000,3305.8954,3311.5729,3248.0817,3276.7276
134651000,3260.432,2455400,25747700,4469922500,58599246700,3305.8954,3311.5729,3248.0817,3276.7276
134656000,3261.0457,2660100,30988700,4472582600,58630235400,3305.8954,3311.5729,3248.0817,3276.7276
134701000,3261.016,2555800,31529400,4475138400,58661764800,3305.8954,3311.5729,3248.0817,3276.7276
134706000,3261.8831,2515800,29786300,4477654200,58691551100,3305.8954,3311.5729,3248.0817,3276.7276
134711000,3261.9021,1957700,24312300,4479611900,58715863400,3305.8954,3311.5729,3248.0817,3276.7276
134716000,3262.46,3877500,39902800,4483489400,58755766200,3305.8954,3311.5729,3248.0817,3276.7276
134721000,3262.334,2384400,28017900,4485873800,58783784100,3305.8954,3311.5729,3248.0817,3276.7276
134726000,3262.874,2583500,29999800,4488457300,58813783900,3305.8954,3311.5729,3248.0817,3276.7276
134731000,3262.7177,3167200,37851900,4491624500,58851635800,3305.8954,3311.5729,3248.0817,3276.7276
134736000,3262.8766,2981200,22594200,4494605700,58874230000,3305.8954,3311.5729,3248.0817,3276.7276
134741000,3263.6574,1740800,21715400,4496346500,58895945400,3305.8954,3311.5729,3248.0817,3276.7276
134746000,3263.2227,2484500,32834700,4498831000,58928780100,3305.8954,3311.5729,3248.0817,3276.7276
134751000,3263.0916,2231000,20371300,4501062000,58949151400,3305.8954,3311.5729,3248.0817,3276.7276
134756000,3263.1519,2761000,32668100,4503823000,58981819500,3305.8954,3311.5729,3248.0817,3276.7276
134801000,3262.6586,3922800,40974500,4507745800,59022794000,3305.8954,3311.5729,3248.0817,3276.7276
134806000,3263.0799,2348700,24559000,4510094500,59047353000,3305.8954,3311.5729,3248.0817,3276.7276
134811000,3263.1702,3785800,42357200,4513880300,59089710200,3305.8954,3311.5729,3248.0817,3276.7276
134817000,3262.8496,2555000,32299000,4516435300,59122009200,3305.8954,3311.5729,3248.0817,3276.7276
134821000,3262.922,2588200,18448200,4519023500,59140457400,3305.8954,3311.5729,3248.0817,3276.7276
134827000,3263.0092,3546100,30373100,4522569600,59170830500,3305.8954,3311.5729,3248.0817,3276.7276
134832000,3262.399,2594600,25892800,4525164200,59196723300,3305.8954,3311.5729,3248.0817,3276.7276
134837000,3262.7519,2417500,23983600,4527581700,59220706900,3305.8954,3311.5729,3248.0817,3276.7276
134842000,3262.0254,2355600,25008200,4529937300,59245715100,3305.8954,3311.5729,3248.0817,3276.7276
134847000,3261.8199,4293100,39134400,4534230400,59284849500,3305.8954,3311.5729,3248.0817,3276.7276
134852000,3261.2297,3555700,39546200,4537786100,59324395700,3305.8954,3311.5729,3248.0817,3276.7276
134857000,3261.3032,2103200,18972500,4539889300,59343368200,3305.8954,3311.5729,3248.0817,3276.7276
134902000,3260.95,2136500,25735700,4542025800,59369103900,3305.8954,3311.5729,3248.0817,3276.7276
134907000,3260.5154,2634500,23176400,4544660300,59392280300,3305.8954,3311.5729,3248.0817,3276.7276
134912000,3260.682,2641400,24551500,4547301700,59416831800,3305.8954,3311.5729,3248.0817,3276.7276
134917000,3260.8121,2456900,17940600,4549758600,59434772400,3305.8954,3311.5729,3248.0817,3276.7276
134922000,3260.8659,2377500,24159600,4552136100,59458932000,3305.8954,3311.5729,3248.0817,3276.7276
134927000,3260.8319,2357300,14472800,4554493400,59473404800,3305.8954,3311.5729,3248.0817,3276.7276
134932000,3260.3767,1708000,21327600,4556201400,59494732400,3305.8954,3311.5729,3248.0817,3276.7276
134937000,3260.3832,1630700,20013100,4557832100,59514745500,3305.8954,3311.5729,3248.0817,3276.7276
134942000,3260.6379,1030100,10792300,4558862200,59525537800,3305.8954,3311.5729,3248.0817,3276.7276
134947000,3260.4166,1271900,20803800,4560134100,59546341600,3305.8954,3311.5729,3248.0817,3276.7276
134952000,3260.5346,1185000,15949700,4561319100,59562291300,3305.8954,3311.5729,3248.0817,3276.7276
134957000,3260.9063,1254300,13367900,4562573400,59575659200,3305.8954,3311.5729,3248.0817,3276.7276
135002000,3260.358,1076100,17752600,4563649500,59593411800,3305.8954,3311.5729,3248.0817,3276.7276
135007000,3260.2002,1361100,24345900,4565010600,59617757700,3305.8954,3311.5729,3248.0817,3276.7276
135012000,3260.4333,1124500,17284600,4566135100,59635042300,3305.8954,3311.5729,3248.0817,3276.7276
135017000,3260.3921,2733400,23208000,4568868500,59658250300,3305.8954,3311.5729,3248.0817,3276.7276
135022000,3260.8206,1284700,16059600,4570153200,59674309900,3305.8954,3311.5729,3248.0817,3276.7276
135027000,3260.9754,3380000,19196200,4573533200,59693506100,3305.8954,3311.5729,3248.0817,3276.7276
135032000,3260.9461,1207700,14874600,4574740900,59708380700,3305.8954,3311.5729,3248.0817,3276.7276
135037000,3261.0299,1452400,16381700,4576193300,59724762400,3305.8954,3311.5729,3248.0817,3276.7276
135042000,3261.473,813300,12614300,4577006600,59737376700,3305.8954,3311.5729,3248.0817,3276.7276
135047000,3261.2849,1191000,17088900,4578197600,59754465600,3305.8954,3311.5729,3248.0817,3276.7276
135052000,3261.5447,1201800,15099600,4579399400,59769565200,3305.8954,3311.5729,3248.0817,3276.7276
135057000,3261.2491,967400,12299800,4580366800,59781865000,3305.8954,3311.5729,3248.0817,3276.7276
135102000,3261.198,1462100,16364500,4581828900,59798229500,3305.8954,3311.5729,3248.0817,3276.7276
135107000,3261.5303,1891200,17020700,4583720100,59815250200,3305.8954,3311.5729,3248.0817,3276.7276
135112000,3261.551,1573200,16670300,4585293300,59831920500,3305.8954,3311.5729,3248.0817,3276.7276
135117000,3261.1111,2151900,21675600,4587445200,59853596100,3305.8954,3311.5729,3248.0817,3276.7276
135122000,3259.4467,3473300,33043600,4590918500,59886639700,3305.8954,3311.5729,3248.0817,3276.7276
135127000,3259.4182,1830400,23781200,4592748900,59910420900,3305.8954,3311.5729,3248.0817,3276.7276
135132000,3259.3671,2353600,24687200,4595102500,59935108100,3305.8954,3311.5729,3248.0817,3276.7276
135137000,3258.2484,3135800,25211000,4598238300,59960319100,3305.8954,3311.5729,3248.0817,3276.7276
135142000,3258.5786,1078500,13414200,4599316800,59973733300,3305.8954,3311.5729,3248.0817,3276.7276
135147000,3258.9443,2180300,24813000,4601497100,59998546300,3305.8954,3311.5729,3248.0817,3276.7276
135152000,3258.5929,2039300,22046600,4603536400,60020592900,3305.8954,3311.5729,3248.0817,3276.7276
135157000,3258.3569,880700,13952300,4604417100,60034545200,3305.8954,3311.5729,3248.0817,3276.7276
135202000,3257.5268,1484300,18325600,4605901400,60052870800,3305.8954,3311.5729,3248.0817,3276.7276
135207000,3257.92,1763700,19001400,4607665100,60071872200,3305.8954,3311.5729,3248.0817,3276.7276
135212000,3258.1495,1041900,10440800,4608707000,60082313000,3305.8954,3311.5729,3248.0817,3276.7276
135217000,3258.0468,1129900,11560700,4609836900,60093873700,3305.8954,3311.5729,3248.0817,3276.7276
135222000,3257.7846,1327900,19939500,4611164800,60113813200,3305.8954,3311.5729,3248.0817,3276.7276
135228000,3257.9902,1044500,13981900,4612209300,60127795100,3305.8954,3311.5729,3248.0817,3276.7276
135233000,3257.7453,881300,10169200,4613090600,60137964300,3305.8954,3311.5729,3248.0817,3276.7276
135238000,3258.0541,978700,11054400,4614069300,60149018700,3305.8954,3311.5729,3248.0817,3276.7276
135243000,3258.3843,1336400,19178600,4615405700,60168197300,3305.8954,3311.5729,3248.0817,3276.7276
135248000,3258.4535,733700,15073700,4616139400,60183271000,3305.8954,3311.5729,3248.0817,3276.7276
135253000,3258.2379,953200,11689600,4617092600,60194960600,3305.8954,3311.5729,3248.0817,3276.7276
135258000,3258.1767,1533500,18355800,4618626100,60213316400,3305.8954,3311.5729,3248.0817,3276.7276
135303000,3258.1105,564300,7226400,4619190400,60220542800,3305.8954,3311.5729,3248.0817,3276.7276
135308000,3258.0837,1038800,14922500,4620229200,60235465300,3305.8954,3311.5729,3248.0817,3276.7276
135313000,3258.4941,1231000,14420000,4621460200,60249885300,3305.8954,3311.5729,3248.0817,3276.7276
135318000,3258.1325,1110100,11126900,4622570300,60261012200,3305.8954,3311.5729,3248.0817,3276.7276
135323000,3258.2621,1067000,12899000,4623637300,60273911200,3305.8954,3311.5729,3248.0817,3276.7276
135328000,3258.7576,1142500,18972800,4624779800,60292884000,3305.8954,3311.5729,3248.0817,3276.7276
135333000,3258.7029,960000,13628000,4625739800,60306512000,3305.8954,3311.5729,3248.0817,3276.7276
135338000,3259.9898,1391700,22499700,4627131500,60329011700,3305.8954,3311.5729,3248.0817,3276.7276
135343000,3261.3964,3750600,38914500,4630882100,60367926200,3305.8954,3311.5729,3248.0817,3276.7276
135348000,3261.6148,1680300,23021800,4632562400,60390948000,3305.8954,3311.5729,3248.0817,3276.7276
135353000,3261.9797,1918000,36324000,4634480400,60427272000,3305.8954,3311.5729,3248.0817,3276.7276
135358000,3263.1231,3175500,36787600,4637655900,60464059600,3305.8954,3311.5729,3248.0817,3276.7276
135403000,3262.7336,1195400,15671800,4638851300,60479731400,3305.8954,3311.5729,3248.0817,3276.7276
135408000,3262.95,2203500,25694100,4641054800,60505425500,3305.8954,3311.5729,3248.0817,3276.7276
135413000,3263.0981,2295800,30374900,4643350600,60535800400,3305.8954,3311.5729,3248.0817,3276.7276
135418000,3262.666,1156700,15249600,4644507300,60551050000,3305.8954,3311.5729,3248.0817,3276.7276
135423000,3262.4475,2161600,28948200,4646668900,60579998200,3305.8954,3311.5729,3248.0817,3276.7276
135428000,3262.438,1708100,22150700,4648377000,60602148900,3305.8954,3311.5729,3248.0817,3276.7276
135433000,3262.0327,1272500,14434100,4649649500,60616583000,3305.8954,3311.5729,3248.0817,3276.7276
135438000,3262.5476,1269400,21137900,4650918900,60637720900,3305.8954,3311.5729,3248.0817,3276.7276
135443000,3262.5181,1764400,21736700,4652683300,60659457600,3305.8954,3311.5729,3248.0817,3276.7276
135448000,3262.0748,986500,13107600,4653669800,60672565200,3305.8954,3311.5729,3248.0817,3276.7276
135453000,3262.3569,1304700,17482900,4654974500,60690048100,3305.8954,3311.5729,3248.0817,3276.7276
135458000,3262.1326,1564600,21842700,4656539100,60711890800,3305.8954,3311.5729,3248.0817,3276.7276
135503000,3261.8652,1261600,13254700,4657800700,60725145500,3305.8954,3311.5729,3248.0817,3276.7276
135508000,3261.6703,1296600,13734900,4659097300,60738880400,3305.8954,3311.5729,3248.0817,3276.7276
135513000,3261.6475,2140300,25081200,4661237600,60763961600,3305.8954,3311.5729,3248.0817,3276.7276
135518000,3261.9195,703600,9673600,4661941200,60773635200,3305.8954,3311.5729,3248.0817,3276.7276
135523000,3262.0204,1054200,15876900,4662995400,60789512100,3305.8954,3311.5729,3248.0817,3276.7276
135528000,3262.2591,1891600,24856200,4664887000,60814368300,3305.8954,3311.5729,3248.0817,3276.7276
135533000,3261.274,975600,15554600,4665862600,60829922900,3305.8954,3311.5729,3248.0817,3276.7276
135538000,3261.1021,1397900,17509000,4667260500,60847431900,3305.8954,3311.5729,3248.0817,3276.7276
135543000,3261.4738,1159900,15405800,4668420400,60862837700,3305.8954,3311.5729,3248.0817,3276.7276
135548000,3261.4101,904100,13819200,4669324500,60876656900,3305.8954,3311.5729,3248.0817,3276.7276
135553000,3261.6854,752600,10723000,4670077100,60887379900,3305.8954,3311.5729,3248.0817,3276.7276
135558000,3261.5769,1718900,22898300,4671796000,60910278200,3305.8954,3311.5729,3248.0817,3276.7276
135603000,3260.8754,1066500,13353900,4672862500,60923632100,3305.8954,3311.5729,3248.0817,3276.7276
135608000,3261.1373,1430000,16114500,4674292500,60939746600,3305.8954,3311.5729,3248.0817,3276.7276
135613000,3261.0177,1615000,23224000,4675907500,60962970600,3305.8954,3311.5729,3248.0817,3276.7276
135618000,3260.5286,604200,9272700,4676511700,60972243300,3305.8954,3311.5729,3248.0817,3276.7276
135623000,3260.5609,830000,12256600,4677341700,60984499900,3305.8954,3311.5729,3248.0817,3276.7276
135628000,3261.1923,1569900,18677900,4678911600,61003177800,3305.8954,3311.5729,3248.0817,3276.7276
135633000,3260.7543,1031000,11714500,4679942600,61014892300,3305.8954,3311.5729,3248.0817,3276.7276
135638000,3261.0043,1079900,14602700,4681022500,61029495000,3305.8954,3311.5729,3248.0817,3276.7276
135644000,3261.1722,1544500,19417100,4682567000,61048912100,3305.8954,3311.5729,3248.0817,3276.7276
135648000,3260.9814,608500,8920500,4683175500,61057832600,3305.8954,3311.5729,3248.0817,3276.7276
135654000,3261.5508,1146900,14701000,4684322400,61072533600,3305.8954,3311.5729,3248.0817,3276.7276
135659000,3261.3737,1136900,16189800,4685459300,61088723400,3305.8954,3311.5729,3248.0817,3276.7276
135704000,3260.6631,1188600,14337400,4686647900,61103060800,3305.8954,3311.5729,3248.0817,3276.7276
135709000,3260.6616,896200,9802600,4687544100,61112863400,3305.8954,3311.5729,3248.0817,3276.7276
135714000,3260.7926,854700,10175200,4688398800,61123038600,3305.8954,3311.5729,3248.0817,3276.7276
135719000,3260.7022,1321900,15685300,4689720700,61138723900,3305.8954,3311.5729,3248.0817,3276.7276
135724000,3260.7424,764400,8336600,4690485100,61147060500,3305.8954,3311.5729,3248.0817,3276.7276
135729000,3260.8596,876400,11220300,4691361500,61158280800,3305.8954,3311.5729,3248.0817,3276.7276
135734000,3260.2642,1207100,14818900,4692568600,61173099700,3305.8954,3311.5729,3248.0817,3276.7276
135739000,3260.0764,1052100,12847700,4693620700,61185947400,3305.8954,3311.5729,3248.0817,3276.7276
135744000,3260.1734,1082500,16275900,4694703200,61202223300,3305.8954,3311.5729,3248.0817,3276.7276
135749000,3260.1502,3336000,28530700,4698039200,61230754000,3305.8954,3311.5729,3248.0817,3276.7276
135754000,3259.9716,1624100,19637000,4699663300,61250391000,3305.8954,3311.5729,3248.0817,3276.7276
135759000,3260.3749,984900,12134500,4700648200,61262525500,3305.8954,3311.5729,3248.0817,3276.7276
135804000,3259.4593,1280300,14443600,4701928500,61276969100,3305.8954,3311.5729,3248.0817,3276.7276
135809000,3259.5581,2201600,16870000,4704130100,61293839100,3305.8954,3311.5729,3248.0817,3276.7276
135814000,3259.686,1212800,15118400,4705342900,61308957500,3305.8954,3311.5729,3248.0817,3276.7276
135819000,3259.692,1778300,22329600,4707121200,61331287100,3305.8954,3311.5729,3248.0817,3276.7276
135824000,3259.1981,883700,12071300,4708004900,61343358400,3305.8954,3311.5729,3248.0817,3276.7276
135829000,3259.0766,1080200,15240300,4709085100,61358598700,3305.8954,3311.5729,3248.0817,3276.7276
135834000,3258.7264,1101400,16991100,4710186500,61375589800,3305.8954,3311.5729,3248.0817,3276.7276
135839000,3258.8753,1095400,11023400,4711281900,61386613200,3305.8954,3311.5729,3248.0817,3276.7276
135844000,3258.9071,753000,10204500,4712034900,61396817700,3305.8954,3311.5729,3248.0817,3276.7276
135849000,3258.7133,1034800,14861600,4713069700,61411679300,3305.8954,3311.5729,3248.0817,3276.7276
135854000,3258.7692,932100,12696300,4714001800,61424375600,3305.8954,3311.5729,3248.0817,3276.7276
135859000,3258.1232,1348800,17606200,4715350600,61441981800,3305.8954,3311.5729,3248.0817,3276.7276
135904000,3258.0972,1643900,21611400,4716994500,61463593200,3305.8954,3311.5729,3248.0817,3276.7276
135909000,3257.9876,1857900,14744900,4718852400,61478338100,3305.8954,3311.5729,3248.0817,3276.7276
135914000,3258.2179,1186400,13210300,4720038800,61491548400,3305.8954,3311.5729,3248.0817,3276.7276
135919000,3257.7788,1871400,18270700,4721910200,61509819100,3305.8954,3311.5729,3248.0817,3276.7276
135924000,3258.2457,1201700,12141900,4723111900,61521961000,3305.8954,3311.5729,3248.0817,3276.7276
135929000,3258.2545,1111800,12198200,4724223700,61534159200,3305.8954,3311.5729,3248.0817,3276.7276
135934000,3258.2399,1354800,13912500,4725578500,61548071700,3305.8954,3311.5729,3248.0817,3276.7276
135939000,3257.9428,736400,9702600,4726314900,61557774300,3305.8954,3311.5729,3248.0817,3276.7276
135944000,3257.8507,1392700,19002500,4727707600,61576776800,3305.8954,3311.5729,3248.0817,3276.7276
135949000,3257.8732,1769900,20684100,4729477500,61597460900,3305.8954,3311.5729,3248.0817,3276.7276
135954000,3258.3111,806500,12165400,4730284000,61609626300,3305.8954,3311.5729,3248.0817,3276.7276
135959000,3258.1085,1356700,13121700,4731640700,61622748000,3305.8954,3311.5729,3248.0817,3276.7276
140004000,3257.1244,914100,12695500,4732554800,61635443500,3305.8954,3311.5729,3248.0817,3276.7276
140009000,3257.4711,866900,10250100,4733421700,61645693600,3305.8954,3311.5729,3248.0817,3276.7276
140014000,3258.1902,1232400,11663500,4734654100,61657357100,3305.8954,3311.5729,3248.0817,3276.7276
140019000,3257.7863,813000,12469200,4735467100,61669826300,3305.8954,3311.5729,3248.0817,3276.7276
140024000,3257.6508,479900,6919100,4735947000,61676745400,3305.8954,3311.5729,3248.0817,3276.7276
140029000,3257.633,945700,16298500,4736892700,61693043900,3305.8954,3311.5729,3248.0817,3276.7276
140034000,3257.4051,1254700,17667600,4738147400,61710711500,3305.8954,3311.5729,3248.0817,3276.7276
140039000,3257.5723,636500,9390500,4738783900,61720102000,3305.8954,3311.5729,3248.0817,3276.7276
140044000,3257.2447,941500,15022700,4739725400,61735124700,3305.8954,3311.5729,3248.0817,3276.7276
140049000,3257.4429,1158600,17143900,4740884000,61752268600,3305.8954,3311.5729,3248.0817,3276.7276
140054000,3257.5769,871300,12157500,4741755300,61764426100,3305.8954,3311.5729,3248.0817,3276.7276
140059000,3257.5006,839400,11591900,4742594700,61776018000,3305.8954,3311.5729,3248.0817,3276.7276
140105000,3257.0582,1124400,15852500,4743719100,61791870500,3305.8954,3311.5729,3248.0817,3276.7276
140110000,3257.1627,1898000,13243500,4745617100,61805114000,3305.8954,3311.5729,3248.0817,3276.7276
140115000,3257.0734,1285700,16582600,4746902800,61821696600,3305.8954,3311.5729,3248.0817,3276.7276
140120000,3256.5936,2626100,18652700,4749528900,61840349300,3305.8954,3311.5729,3248.0817,3276.7276
140125000,3256.7739,1947600,18745000,4751476500,61859094300,3305.8954,3311.5729,3248.0817,3276.7276
140130000,3256.9808,764100,13870100,4752240600,61872964400,3305.8954,3311.5729,3248.0817,3276.7276
140135000,3256.6681,2080300,18154700,4754320900,61891119100,3305.8954,3311.5729,3248.0817,3276.7276
140140000,3256.8034,1417400,16903600,4755738300,61908022700,3305.8954,3311.5729,3248.0817,3276.7276
140145000,3256.3936,664700,10467700,4756403000,61918490400,3305.8954,3311.5729,3248.0817,3276.7276
140149000,3256.3834,1835500,20478300,4758238500,61938968700,3305.8954,3311.5729,3248.0817,3276.7276
140155000,3256.3792,1264300,16801700,4759502800,61955770400,3305.8954,3311.5729,3248.0817,3276.7276
140200000,3255.7156,1120600,13374000,4760623400,61969144400,3305.8954,3311.5729,3248.0817,3276.7276
140204000,3255.4409,1128600,13689000,4761752000,61982833400,3305.8954,3311.5729,3248.0817,3276.7276
140210000,3255.7066,1431300,19846700,4763183300,62002680100,3305.8954,3311.5729,3248.0817,3276.7276
140215000,3255.6784,1188200,11071500,4764371500,62013751600,3305.8954,3311.5729,3248.0817,3276.7276
140219000,3255.6685,1898300,20944300,4766269800,62034695900,3305.8954,3311.5729,3248.0817,3276.7276
140225000,3255.8227,2232700,19965600,4768502500,62054661500,3305.8954,3311.5729,3248.0817,3276.7276
140230000,3255.4075,958400,13824500,4769460900,62068486000,3305.8954,3311.5729,3248.0817,3276.7276
140234000,3255.6197,655700,9377300,4770116600,62077863300,3305.8954,3311.5729,3248.0817,3276.7276
140240000,3255.8858,2615900,22989500,4772732500,62100852800,3305.8954,3311.5729,3248.0817,3276.7276
140245000,3255.771,2832000,20649100,4775564500,62121501900,3305.8954,3311.5729,3248.0817,3276.7276
140249000,3255.2963,1133300,16718600,4776697800,62138220500,3305.8954,3311.5729,3248.0817,3276.7276
140255000,3255.798,1507000,20295500,4778204800,62158516000,3305.8954,3311.5729,3248.0817,3276.7276
140300000,3255.0229,906500,10063000,4779111300,62168579000,3305.8954,3311.5729,3248.0817,3276.7276
140304000,3255.1845,1669300,15969200,4780780600,62184548200,3305.8954,3311.5729,3248.0817,3276.7276
140310000,3255.2263,1417300,13105800,4782197900,62197654000,3305.8954,3311.5729,3248.0817,3276.7276
140315000,3255.0594,833200,7483100,4783031100,62205137100,3305.8954,3311.5729,3248.0817,3276.7276
140319000,3254.9491,1207000,13519100,4784238100,62218656200,3305.8954,3311.5729,3248.0817,3276.7276
140325000,3254.719,1189700,14641400,4785427800,62233297600,3305.8954,3311.5729,3248.0817,3276.7276
140330000,3254.8572,1182400,12449700,4786610200,62245747300,3305.8954,3311.5729,3248.0817,3276.7276
140334000,3254.9987,1313000,16459900,4787923200,62262207200,3305.8954,3311.5729,3248.0817,3276.7276
140340000,3255.3164,1060500,14001400,4788983700,62276208600,3305.8954,3311.5729,3248.0817,3276.7276
140345000,3255.4689,670500,9609800,4789654200,62285818400,3305.8954,3311.5729,3248.0817,3276.7276
140349000,3255.1559,1143000,16539000,4790797200,62302357400,3305.8954,3311.5729,3248.0817,3276.7276
140355000,3255.6206,1056200,15892500,4791853400,62318249900,3305.8954,3311.5729,3248.0817,3276.7276
140400000,3255.1037,910900,10166400,4792764300,62328416300,3305.8954,3311.5729,3248.0817,3276.7276
140404000,3255.1073,1018000,13195700,4793782300,62341612000,3305.8954,3311.5729,3248.0817,3276.7276
140410000,3255.247,1620400,26170700,4795402700,62367782700,3305.8954,3311.5729,3248.0817,3276.7276
140415000,3255.3545,1129200,14254900,4796531900,62382037600,3305.8954,3311.5729,3248.0817,3276.7276
140419000,3254.9052,1492100,18676000,4798024000,62400713600,3305.8954,3311.5729,3248.0817,3276.7276
140425000,3255.0798,1177800,16140900,4799201800,62416854500,3305.8954,3311.5729,3248.0817,3276.7276
140430000,3255.0658,676300,10301800,4799878100,62427156300,3305.8954,3311.5729,3248.0817,3276.7276
140435000,3254.4823,1135600,18095900,4801013700,62445252200,3305.8954,3311.5729,3248.0817,3276.7276
140440000,3254.9291,1968000,16759600,4802981700,62462011800,3305.8954,3311.5729,3248.0817,3276.7276
140445000,3254.5024,1051100,11119700,4804032800,62473131500,3305.8954,3311.5729,3248.0817,3276.7276
140450000,3254.651,1062200,16921700,4805095000,62490053200,3305.8954,3311.5729,3248.0817,3276.7276
140455000,3255.0907,1035200,18336000,4806130200,62508389200,3305.8954,3311.5729,3248.0817,3276.7276
140500000,3254.3222,1066200,11132400,4807196400,62519521600,3305.8954,3311.5729,3248.0817,3276.7276
140504000,3254.3475,1032200,13803200,4808228600,62533324800,3305.8954,3311.5729,3248.0817,3276.7276
140510000,3254.5295,2857000,25142900,4811085600,62558467700,3305.8954,3311.5729,3248.0817,3276.7276
140516000,3254.2532,1121500,18861700,4812207100,62577329400,3305.8954,3311.5729,3248.0817,3276.7276
140519000,3254.4577,699800,10498100,4812906900,62587827500,3305.8954,3311.5729,3248.0817,3276.7276
140525000,3254.69,860600,10092300,4813767500,62597919800,3305.8954,3311.5729,3248.0817,3276.7276
140531000,3253.9118,1396400,15417300,4815163900,62613337100,3305.8954,3311.5729,3248.0817,3276.7276
140536000,3254.2809,1474500,12874300,4816638400,62626211400,3305.8954,3311.5729,3248.0817,3276.7276
140540000,3254.618,1483000,13124200,4818121400,62639335600,3305.8954,3311.5729,3248.0817,3276.7276
140546000,3254.623,1448500,18956200,4819569900,62658291800,3305.8954,3311.5729,3248.0817,3276.7276
140551000,3254.5447,1077700,14503300,4820647600,62672795100,3305.8954,3311.5729,3248.0817,3276.7276
140555000,3254.8601,1085900,14758400,4821733500,62687553500,3305.8954,3311.5729,3248.0817,3276.7276
140601000,3254.3748,1444000,22327600,4823177500,62709881100,3305.8954,3311.5729,3248.0817,3276.7276
140606000,3254.1405,2407700,22126900,4825585200,62732008000,3305.8954,3311.5729,3248.0817,3276.7276
140610000,3254.1903,922200,10068600,4826507400,62742076600,3305.8954,3311.5729,3248.0817,3276.7276
140616000,3254.4166,1013500,15947900,4827520900,62758024500,3305.8954,3311.5729,3248.0817,3276.7276
140621000,3254.4618,837200,10484100,4828358100,62768508600,3305.8954,3311.5729,3248.0817,3276.7276
140625000,3254.4821,1330600,14603000,4829688700,62783111600,3305.8954,3311.5729,3248.0817,3276.7276
140631000,3254.1137,1258100,16099200,4830946800,62799210800,3305.8954,3311.5729,3248.0817,3276.7276
140636000,3254.0223,892100,11646900,4831838900,62810857700,3305.8954,3311.5729,3248.0817,3276.7276
140640000,3254.3659,962000,13759900,4832800900,62824617600,3305.8954,3311.5729,3248.0817,3276.7276
140646000,3254.4007,1678500,19217600,4834479400,62843835200,3305.8954,3311.5729,3248.0817,3276.7276
140651000,3254.0968,854300,10580900,4835333700,62854416100,3305.8954,3311.5729,3248.0817,3276.7276
140655000,3254.9831,786100,11038900,4836119800,62865455000,3305.8954,3311.5729,3248.0817,3276.7276
140701000,3253.9521,1031900,15737500,4837151700,62881192500,3305.8954,3311.5729,3248.0817,3276.7276
140706000,3254.3855,767800,8523900,4837919500,62889716400,3305.8954,3311.5729,3248.0817,3276.7276
140710000,3254.3171,1279000,12310700,4839198500,62902027100,3305.8954,3311.5729,3248.0817,3276.7276
140716000,3254.6291,3137300,25748900,4842335800,62927776000,3305.8954,3311.5729,3248.0817,3276.7276
140721000,3254.2455,961700,10932300,4843297500,62938708300,3305.8954,3311.5729,3248.0817,3276.7276
140725000,3254.3141,1515600,15653500,4844813100,62954361800,3305.8954,3311.5729,3248.0817,3276.7276
140731000,3253.8155,1542500,16481700,4846355600,62970843500,3305.8954,3311.5729,3248.0817,3276.7276
140736000,3253.8298,1135700,14438800,4847491300,62985282300,3305.8954,3311.5729,3248.0817,3276.7276
140740000,3254.1777,1420700,14731900,4848912000,63000014200,3305.8954,3311.5729,3248.0817,3276.7276
140746000,3254.4805,2363800,21633000,4851275800,63021647200,3305.8954,3311.5729,3248.0817,3276.7276
140751000,3254.6099,1702900,16038200,4852978700,63037685400,3305.8954,3311.5729,3248.0817,3276.7276
140755000,3254.8181,1201600,12208900,4854180300,63049894300,3305.8954,3311.5729,3248.0817,3276.7276
140801000,3254.2459,1834600,22169000,4856014900,63072063300,3305.8954,3311.5729,3248.0817,3276.7276
140806000,3254.4909,864300,11167900,4856879200,63083231200,3305.8954,3311.5729,3248.0817,3276.7276
140810000,3254.5093,1129800,13376500,4858009000,63096607700,3305.8954,3311.5729,3248.0817,3276.7276
140816000,3254.3581,1420200,17497400,4859429200,63114105100,3305.8954,3311.5729,3248.0817,3276.7276
140821000,3254.1877,874300,11435300,4860303500,63125540400,3305.8954,3311.5729,3248.0817,3276.7276
140825000,3253.8795,876600,14071500,4861180100,63139611900,3305.8954,3311.5729,3248.0817,3276.7276
140831000,3253.7039,1376600,18445300,4862556700,63158057200,3305.8954,3311.5729,3248.0817,3276.7276
140836000,3253.5673,1991300,17833200,4864548000,63175890400,3305.8954,3311.5729,3248.0817,3276.7276
140840000,3253.9135,1034000,11831800,4865582000,63187722200,3305.8954,3311.5729,3248.0817,3276.7276
140846000,3253.947,1353700,17374900,4866935700,63205097100,3305.8954,3311.5729,3248.0817,3276.7276
140851000,3253.8624,1350300,13777900,4868286000,63218875000,3305.8954,3311.5729,3248.0817,3276.7276
140855000,3254.4625,1346200,13942200,4869632200,63232817200,3305.8954,3311.5729,3248.0817,3276.7276
140901000,3253.785,1073600,13764400,4870705800,63246581600,3305.8954,3311.5729,3248.0817,3276.7276
140906000,3254.4469,1149700,13582600,4871855500,63260164200,3305.8954,3311.5729,3248.0817,3276.7276
140910000,3254.1954,2030800,21259200,4873886300,63281423400,3305.8954,3311.5729,3248.0817,3276.7276
140916000,3255.4302,3049600,28153800,4876935900,63309577200,3305.8954,3311.5729,3248.0817,3276.7276
140921000,3255.7417,1907200,23093400,4878843100,63332670600,3305.8954,3311.5729,3248.0817,3276.7276
140927000,3256.5219,2898900,34156300,4881742000,63366826900,3305.8954,3311.5729,3248.0817,3276.7276
140931000,3256.119,2695000,22801400,4884437000,63389628300,3305.8954,3311.5729,3248.0817,3276.7276
140936000,3256.4524,1042000,13732300,4885479000,63403360600,3305.8954,3311.5729,3248.0817,3276.7276
140942000,3256.7169,1241100,18451000,4886720100,63421811600,3305.8954,3311.5729,3248.0817,3276.7276
140946000,3256.4771,1681000,17096000,4888401100,63438907600,3305.8954,3311.5729,3248.0817,3276.7276
140952000,3256.5657,1543500,17004100,4889944600,63455911700,3305.8954,3311.5729,3248.0817,3276.7276
140957000,3256.6542,1356100,15753000,4891300700,63471664700,3305.8954,3311.5729,3248.0817,3276.7276
141001000,3256.1535,1366800,16450700,4892667500,63488115400,3305.8954,3311.5729,3248.0817,3276.7276
141007000,3256.5702,1954600,18129900,4894622100,63506245300,3305.8954,3311.5729,3248.0817,3276.7276
141012000,3256.658,1413300,15229900,4896035400,63521475200,3305.8954,3311.5729,3248.0817,3276.7276
141016000,3256.838,1407600,14588400,4897443000,63536063600,3305.8954,3311.5729,3248.0817,3276.7276
141022000,3257.0043,2330800,25100600,4899773800,63561164200,3305.8954,3311.5729,3248.0817,3276.7276
141027000,3257.1184,805500,8871600,4900579300,63570035800,3305.8954,3311.5729,3248.0817,3276.7276
141031000,3256.6408,1758700,17327000,4902338000,63587362800,3305.8954,3311.5729,3248.0817,3276.7276
141037000,3256.6839,1600300,17375100,4903938300,63604737900,3305.8954,3311.5729,3248.0817,3276.7276
141042000,3257.092,729900,9983700,4904668200,63614721600,3305.8954,3311.5729,3248.0817,3276.7276
141046000,3257.281,2174000,19987600,4906842200,63634709200,3305.8954,3311.5729,3248.0817,3276.7276
141052000,3256.807,1252800,17198700,4908095000,63651907900,3305.8954,3311.5729,3248.0817,3276.7276
141057000,3257.4195,1143400,9550600,4909238400,63661458500,3305.8954,3311.5729,3248.0817,3276.7276
141101000,3256.8445,1064000,13299600,4910302400,63674758100,3305.8954,3311.5729,3248.0817,3276.7276
141107000,3257.2463,1574100,21669700,4911876500,63696427800,3305.8954,3311.5729,3248.0817,3276.7276
141112000,3256.9079,1027700,12341100,4912904200,63708768900,3305.8954,3311.5729,3248.0817,3276.7276
141116000,3257.5897,1027300,12713800,4913931500,63721482700,3305.8954,3311.5729,3248.0817,3276.7276
141122000,3257.4036,1868500,24359400,4915800000,63745842100,3305.8954,3311.5729,3248.0817,3276.7276
141127000,3257.4239,755900,8460500,4916555900,63754302600,3305.8954,3311.5729,3248.0817,3276.7276
141131000,3257.1793,1598700,15602300,4918154600,63769904900,3305.8954,3311.5729,3248.0817,3276.7276
141137000,3257.0941,1795200,19607600,4919949800,63789512500,3305.8954,3311.5729,3248.0817,3276.7276
141142000,3257.3084,804700,9845900,4920754500,63799358400,3305.8954,3311.5729,3248.0817,3276.7276
141146000,3257.6356,1978200,19610100,4922732700,63818968500,3305.8954,3311.5729,3248.0817,3276.7276
141152000,3257.6486,2145000,20307100,4924877700,63839275600,3305.8954,3311.5729,3248.0817,3276.7276
141157000,3257.629,915700,10106700,4925793400,63849382300,3305.8954,3311.5729,3248.0817,3276.7276
141201000,3257.3352,1279700,17287700,4927073100,63866670000,3305.8954,3311.5729,3248.0817,3276.7276
141207000,3257.6998,1739300,22519900,4928812400,63889189900,3305.8954,3311.5729,3248.0817,3276.7276
141212000,3257.7976,1291900,18271000,4930104300,63907460900,3305.8954,3311.5729,3248.0817,3276.7276
141216000,3257.6326,1632200,18160300,4931736500,63925621200,3305.8954,3311.5729,3248.0817,3276.7276
141222000,3257.688,2461100,20329400,4934197600,63945950600,3305.8954,3311.5729,3248.0817,3276.7276
141227000,3257.8694,1076000,10779500,4935273600,63956730100,3305.8954,3311.5729,3248.0817,3276.7276
141231000,3257.0797,1572200,18728800,4936845800,63975458900,3305.8954,3311.5729,3248.0817,3276.7276
141237000,3257.0996,1774200,23599000,4938620000,63999057900,3305.8954,3311.5729,3248.0817,3276.7276
141242000,3257.5743,1028100,12545600,4939648100,64011603500,3305.8954,3311.5729,3248.0817,3276.7276
141246000,3256.9472,2134900,20873700,4941783000,64032477200,3305.8954,3311.5729,3248.0817,3276.7276
141252000,3256.9479,1889300,22436200,4943672300,64054913400,3305.8954,3311.5729,3248.0817,3276.7276
141257000,3257.2762,1123100,11812200,4944795400,64066725600,3305.8954,3311.5729,3248.0817,3276.7276
141301000,3256.9,1366800,17706300,4946162200,64084431900,3305.8954,3311.5729,3248.0817,3276.7276
141307000,3256.7459,3009500,30840700,4949171700,64115272600,3305.8954,3311.5729,3248.0817,3276.7276
141312000,3257.1197,1153400,12635400,4950325100,64127908000,3305.8954,3311.5729,3248.0817,3276.7276
141316000,3256.9663,974300,12633400,4951299400,64140541400,3305.8954,3311.5729,3248.0817,3276.7276
141322000,3256.5675,1534200,21590300,4952833600,64162131700,3305.8954,3311.5729,3248.0817,3276.7276
141327000,3256.8948,1048100,14320300,4953881700,64176452000,3305.8954,3311.5729,3248.0817,3276.7276
141331000,3256.1016,1412900,16371800,4955294600,64192823800,3305.8954,3311.5729,3248.0817,3276.7276
141337000,3256.3247,1517800,19391200,4956812400,64212215000,3305.8954,3311.5729,3248.0817,3276.7276
141342000,3256.5098,1194200,17414100,4958006600,64229629100,3305.8954,3311.5729,3248.0817,3276.7276
141346000,3256.3713,1233800,19618000,4959240400,64249247100,3305.8954,3311.5729,3248.0817,3276.7276
141352000,3256.2918,1873800,22313900,4961114200,64271561000,3305.8954,3311.5729,3248.0817,3276.7276
141357000,3256.2881,2067300,22444800,4963181500,64294005800,3305.8954,3311.5729,3248.0817,3276.7276
141403000,3255.6887,2232500,23093100,4965414000,64317098900,3305.8954,3311.5729,3248.0817,3276.7276
141407000,3255.6213,1594700,19914200,4967008700,64337013100,3305.8954,3311.5729,3248.0817,3276.7276
141413000,3255.7344,1531800,17994300,4968540500,64355007400,3305.8954,3311.5729,3248.0817,3276.7276
141418000,3255.6217,1774200,17041200,4970314700,64372048600,3305.8954,3311.5729,3248.0817,3276.7276
141422000,3255.3665,1224400,17311300,4971539100,64389359900,3305.8954,3311.5729,3248.0817,3276.7276
141428000,3255.1455,2148800,23198400,4973687900,64412558300,3305.8954,3311.5729,3248.0817,3276.7276
141433000,3254.8163,1167300,12576200,4974855200,64425134500,3305.8954,3311.5729,3248.0817,3276.7276
141437000,3255.0612,1152400,13207700,4976007600,64438342200,3305.8954,3311.5729,3248.0817,3276.7276
141443000,3255.2267,1611700,18803200,4977619300,64457145400,3305.8954,3311.5729,3248.0817,3276.7276
141448000,3255.0441,1575100,15476200,4979194400,64472621600,3305.8954,3311.5729,3248.0817,3276.7276
141452000,3254.7495,2054600,19253500,4981249000,64491875100,3305.8954,3311.5729,3248.0817,3276.7276
141458000,3254.9293,2117600,22292800,4983366600,64514167900,3305.8954,3311.5729,3248.0817,3276.7276
141503000,3254.5117,2080400,21887000,4985447000,64536054900,3305.8954,3311.5729,3248.0817,3276.7276
141507000,3254.6186,2123400,27190900,4987570400,64563245800,3305.8954,3311.5729,3248.0817,3276.7276
141513000,3254.5965,1951000,23275800,4989521400,64586521600,3305.8954,3311.5729,3248.0817,3276.7276
141518000,3254.2686,1463400,13686900,4990984800,64600208500,3305.8954,3311.5729,3248.0817,3276.7276
141522000,3254.3338,2362200,26208000,4993347000,64626416500,3305.8954,3311.5729,3248.0817,3276.7276
141528000,3253.9491,2887900,36220100,4996234900,64662636600,3305.8954,3311.5729,3248.0817,3276.7276
141533000,3253.52,1437900,16293000,4997672800,64678929600,3305.8954,3311.5729,3248.0817,3276.7276
141537000,3253.2828,2891200,27603500,5000564000,64706533100,3305.8954,3311.5729,3248.0817,3276.7276
141543000,3253.5079,2012000,24140100,5002576000,64730673200,3305.8954,3311.5729,3248.0817,3276.7276
141548000,3253.3751,2979200,21999700,5005555200,64752672900,3305.8954,3311.5729,3248.0817,3276.7276
141552000,3253.0784,1986300,19664500,5007541500,64772337400,3305.8954,3311.5729,3248.0817,3276.7276
141558000,3253.034,3252000,35677100,5010793500,64808014500,3305.8954,3311.5729,3248.0817,3276.7276
141603000,3252.3344,2344600,24077200,5013138100,64832091700,3305.8954,3311.5729,3248.0817,3276.7276
141607000,3251.9027,2387300,28840400,5015525400,64860932100,3305.8954,3311.5729,3248.0817,3276.7276
141613000,3251.9361,1901400,24515500,5017426800,64885447600,3305.8954,3311.5729,3248.0817,3276.7276
141618000,3251.9392,1564300,18333800,5018991100,64903781400,3305.8954,3311.5729,3248.0817,3276.7276
141622000,3252.0356,1870500,24818300,5020861600,64928599700,3305.8954,3311.5729,3248.0817,3276.7276
141628000,3251.7014,2990800,31845400,5023852400,64960445100,3305.8954,3311.5729,3248.0817,3276.7276
141633000,3250.8827,1492900,16244900,5025345300,64976690000,3305.8954,3311.5729,3248.0817,3276.7276
141637000,3250.9069,2599400,38168900,5027944700,65014858900,3305.8954,3311.5729,3248.0817,3276.7276
141643000,3251.0279,3740300,44322700,5031685000,65059181600,3305.8954,3311.5729,3248.0817,3276.7276
141648000,3250.9239,2136000,18898100,5033821000,65078079700,3305.8954,3311.5729,3248.0817,3276.7276
141652000,3250.5332,2984700,28017200,5036805700,65106096900,3305.8954,3311.5729,3248.0817,3276.7276
141658000,3250.8506,3947300,36558600,5040753000,65142655500,3305.8954,3311.5729,3248.0817,3276.7276
141703000,3250.3169,2297500,30144400,5043050500,65172799900,3305.8954,3311.5729,3248.0817,3276.7276
141707000,3249.3451,2973400,35948600,5046023900,65208748500,3305.8954,3311.5729,3248.0817,3276.7276
141713000,3249.7014,3403700,35689700,5049427600,65244438200,3305.8954,3311.5729,3248.0817,3276.7276
141718000,3248.6767,2563900,27581000,5051991500,65272019200,3305.8954,3311.5729,3248.0817,3276.7276
141722000,3249.2222,2898200,28037100,5054889700,65300056300,3305.8954,3311.5729,3248.0817,3276.7276
141728000,3249.2272,5051300,40560000,5059941000,65340616300,3305.8954,3311.5729,3248.0817,3276.7276
141733000,3248.6447,1837800,21549800,5061778800,65362166100,3305.8954,3311.5729,3248.0817,3276.7276
141737000,3248.8968,2148000,22384200,5063926800,65384550300,3305.8954,3311.5729,3248.0817,3276.7276
141743000,3248.9872,4135600,46886700,5068062400,65431437000,3305.8954,3311.5729,3248.0817,3276.7276
141748000,3248.9944,2026300,23874100,5070088700,65455311100,3305.8954,3311.5729,3248.0817,3276.7276
141752000,3248.5409,4272000,38976400,5074360700,65494287500,3305.8954,3311.5729,3248.0817,3276.7276
141758000,3248.6474,2990000,32473500,5077350700,65526761000,3305.8954,3311.5729,3248.0817,3276.7276
141804000,3248.3808,3516300,37630300,5080867000,65564391300,3305.8954,3311.5729,3247.7244,3276.7276
141807000,3248.2,928000,15345500,5081795000,65579736800,3305.8954,3311.5729,3247.7244,3276.7276
141813000,3248.0302,3100900,32993600,5084895900,65612730400,3305.8954,3311.5729,3247.7244,3276.7276
141819000,3248.0791,2808800,33502500,5087704700,65646232900,3305.8954,3311.5729,3247.7244,3276.7276
141824000,3249.0251,2122100,24599800,5089826800,65670832700,3305.8954,3311.5729,3247.7244,3276.7276
141828000,3248.8662,2806000,36500100,5092632800,65707332800,3305.8954,3311.5729,3247.7244,3276.7276
141834000,3248.3306,2916000,31451600,5095548800,65738784400,3305.8954,3311.5729,3247.7244,3276.7276
141839000,3248.4561,1409800,15685600,5096958600,65754470000,3305.8954,3311.5729,3247.7244,3276.7276
141843000,3248.3377,1463500,23451000,5098422100,65777921000,3305.8954,3311.5729,3247.7244,3276.7276
141849000,3248.156,2274500,25419900,5100696600,65803340900,3305.8954,3311.5729,3247.7244,3276.7276
141854000,3248.26,1237900,16931700,5101934500,65820272600,3305.8954,3311.5729,3247.7244,3276.7276
141858000,3248.2218,2328200,23558100,5104262700,65843830700,3305.8954,3311.5729,3247.7244,3276.7276
141904000,3248.688,2213600,25777300,5106476300,65869608000,3305.8954,3311.5729,3247.7154,3276.7276
141909000,3247.8927,1093700,15295000,5107570000,65884903000,3305.8954,3311.5729,3247.7154,3276.7276
141913000,3247.9716,1809600,20737500,5109379600,65905640500,3305.8954,3311.5729,3247.7154,3276.7276
141919000,3248.046,1930300,25241800,5111309900,65930882300,3305.8954,3311.5729,3247.7154,3276.7276
141924000,3248.0878,1909600,18979000,5113219500,65949861300,3305.8954,3311.5729,3247.7154,3276.7276
141928000,3248.0442,1446800,19330400,5114666300,65969191700,3305.8954,3311.5729,3247.7154,3276.7276
141934000,3247.6159,2277100,27473800,5116943400,65996665500,3305.8954,3311.5729,3247.5243,3276.7276
141939000,3247.7239,1192800,17787600,5118136200,66014453100,3305.8954,3311.5729,3247.5243,3276.7276
141943000,3247.8521,1546900,19820100,5119683100,66034273200,3305.8954,3311.5729,3247.5243,3276.7276
141949000,3247.311,1702000,19252200,5121385100,66053525400,3305.8954,3311.5729,3247.311,3276.7276
141954000,3248.1063,1573200,19633900,5122958300,66073159300,3305.8954,3311.5729,3247.311,3276.7276
141958000,3248.4193,1540300,16185700,5124498600,66089345000,3305.8954,3311.5729,3247.311,3276.7276
142004000,3248.4617,2603700,32143600,5127102300,66121488600,3305.8954,3311.5729,3247.311,3276.7276
142009000,3248.2738,2423000,23050300,5129525300,66144538900,3305.8954,3311.5729,3247.311,3276.7276
142013000,3248.3803,1661100,21022100,5131186400,66165561000,3305.8954,3311.5729,3247.311,3276.7276
142019000,3248.1048,2238200,26565800,5133424600,66192126800,3305.8954,3311.5729,3247.311,3276.7276
142024000,3248.248,2037800,24700700,5135462400,66216827500,3305.8954,3311.5729,3247.311,3276.7276
142028000,3248.391,1762200,22180000,5137224600,66239007500,3305.8954,3311.5729,3247.311,3276.7276
142034000,3248.1878,2206200,28519300,5139430800,66267526800,3305.8954,3311.5729,3247.311,3276.7276
142039000,3248.0998,1345200,14983600,5140776000,66282510400,3305.8954,3311.5729,3247.311,3276.7276
142043000,3248.4726,1879600,23641600,5142655600,66306152000,3305.8954,3311.5729,3247.311,3276.7276
142049000,3248.3904,2157600,29815100,5144813200,66335967100,3305.8954,3311.5729,3247.311,3276.7276
142054000,3248.2235,2097400,20499600,5146910600,66356466700,3305.8954,3311.5729,3247.311,3276.7276
142058000,3248.8144,1365900,18304900,5148276500,66374771600,3305.8954,3311.5729,3247.311,3276.7276
142104000,3248.5843,1583200,23512100,5149859700,66398283700,3305.8954,3311.5729,3247.311,3276.7276
142109000,3248.4938,1068000,13412500,5150927700,66411696200,3305.8954,3311.5729,3247.311,3276.7276
142113000,3248.3875,1394000,26497900,5152321700,66438194100,3305.8954,3311.5729,3247.311,3276.7276
142119000,3248.768,1945300,21956400,5154267000,66460150500,3305.8954,3311.5729,3247.311,3276.7276
142124000,3249.1642,1435100,15385700,5155702100,66475536200,3305.8954,3311.5729,3247.311,3276.7276
142128000,3248.8696,1694800,22005300,5157396900,66497541500,3305.8954,3311.5729,3247.311,3276.7276
142134000,3248.482,1971400,24607800,5159368300,66522149300,3305.8954,3311.5729,3247.311,3276.7276
142139000,3249.1213,1183000,16391900,5160551300,66538541200,3305.8954,3311.5729,3247.311,3276.7276
142143000,3248.7985,1791000,20931500,5162342300,66559472700,3305.8954,3311.5729,3247.311,3276.7276
142149000,3249.0381,1621300,25989800,5163963600,66585462500,3305.8954,3311.5729,3247.311,3276.7276
142154000,3248.358,878500,14126600,5164842100,66599589100,3305.8954,3311.5729,3247.311,3276.7276
142158000,3248.3953,1425400,18500200,5166267500,66618089300,3305.8954,3311.5729,3247.311,3276.7276
142204000,3248.4243,2911900,36515800,5169179400,66654605100,3305.8954,3311.5729,3247.311,3276.7276
142210000,3248.9534,2450100,26105600,5171629500,66680710700,3305.8954,3311.5729,3247.311,3276.7276
142215000,3248.4774,1734300,17663600,5173363800,66698374300,3305.8954,3311.5729,3247.311,3276.7276
142219000,3248.2578,1773400,23618300,5175137200,66721992600,3305.8954,3311.5729,3247.311,3276.7276
142225000,3248.6146,1913400,21491900,5177050600,66743484500,3305.8954,3311.5729,3247.311,3276.7276
142230000,3248.3115,1537600,17133500,5178588200,66760618000,3305.8954,3311.5729,3247.311,3276.7276
142234000,3248.144,2045800,23311100,5180634000,66783929100,3305.8954,3311.5729,3247.311,3276.7276
142240000,3247.9382,1689700,22433500,5182323700,66806362600,3305.8954,3311.5729,3247.311,3276.7276
142245000,3247.7894,1428300,17531000,5183752000,66823893600,3305.8954,3311.5729,3247.311,3276.7276
142249000,3248.0104,1383000,20343700,5185135000,66844237300,3305.8954,3311.5729,3247.311,3276.7276
142255000,3247.5032,1750500,21349200,5186885500,66865586500,3305.8954,3311.5729,3247.311,3276.7276
142300000,3247.5421,1757700,18943700,5188643200,66884530200,3305.8954,3311.5729,3247.311,3276.7276
142304000,3247.6062,1969700,36396800,5190612900,66920927000,3305.8954,3311.5729,3247.1328,3276.7276
142310000,3247.5633,2799800,29384200,5193412700,66950311200,3305.8954,3311.5729,3247.1328,3276.7276
142315000,3247.3807,1600700,19161900,5195013400,66969473100,3305.8954,3311.5729,3247.1328,3276.7276
142319000,3246.5577,2040700,24288900,5197054100,66993762000,3305.8954,3311.5729,3246.5577,3276.7276
142325000,3246.58,2406900,28081900,5199461000,67021843900,3305.8954,3311.5729,3246.4873,3276.7276
142330000,3246.6652,1419000,18991800,5200880000,67040835700,3305.8954,3311.5729,3246.3833,3276.7276
142334000,3247.151,1831700,44541900,5202711700,67085377600,3305.8954,3311.5729,3246.3833,3276.7276
142340000,3246.0693,2411500,29833400,5205123200,67115211000,3305.8954,3311.5729,3246.0693,3276.7276
142345000,3246.6579,1582200,19384600,5206705400,67134595600,3305.8954,3311.5729,3246.0693,3276.7276
142349000,3246.3658,1856500,46004600,5208561900,67180600200,3305.8954,3311.5729,3246.0693,3276.7276
142355000,3245.8264,2834700,32322300,5211396600,67212922500,3305.8954,3311.5729,3245.575,3276.7276
142400000,3245.602,1611700,18213900,5213008300,67231136400,3305.8954,3311.5729,3245.575,3276.7276
142404000,3245.0598,2801800,30784600,5215810100,67261921000,3305.8954,3311.5729,3244.9981,3276.7276
142410000,3244.7803,3873600,46588000,5219683700,67308509000,3305.8954,3311.5729,3244.7803,3276.7276
142415000,3244.5445,3270000,35953800,5222953700,67344462800,3305.8954,3311.5729,3244.5445,3276.7276
142419000,3243.7192,3648800,43243400,5226602500,67387706200,3305.8954,3311.5729,3243.7192,3276.7276
142425000,3243.2365,5499600,65599400,5232102100,67453305600,3305.8954,3311.5729,3242.9571,3276.7276
142430000,3243.4074,4009500,38770800,5236111600,67492076400,3305.8954,3311.5729,3242.9571,3276.7276
142434000,3243.1996,3878500,47798300,5239990100,67539874700,3305.8954,3311.5729,3242.9571,3276.7276
142440000,3241.8316,6330100,81507000,5246320200,67621381700,3305.8954,3311.5729,3241.8316,3276.7276
142445000,3241.8061,4135800,45368900,5250456000,67666750600,3305.8954,3311.5729,3241.8061,3276.7276
142449000,3241.6996,4191400,55472000,5254647400,67722222600,3305.8954,3311.5729,3241.6398,3276.7276
142455000,3241.8357,6902100,72866500,5261549500,67795089100,3305.8954,3311.5729,3241.5243,3276.7276
142500000,3241.3055,3939500,35146600,5265489000,67830235700,3305.8954,3311.5729,3241.3055,3276.7276
142504000,3241.4001,6584500,70411200,5272073500,67900646900,3305.8954,3311.5729,3241.3055,3276.7276
142510000,3240.7349,7792000,79175000,5279865500,67979821900,3305.8954,3311.5729,3240.4236,3276.7276
142515000,3240.2007,3728500,45285700,5283594000,68025107600,3305.8954,3311.5729,3240.2007,3276.7276
142519000,3240.4087,3568500,46113600,5287162500,68071221200,3305.8954,3311.5729,3240.2007,3276.7276
142525000,3240.4926,4631800,66790300,5291794300,68138011500,3305.8954,3311.5729,3240.1262,3276.7276
142530000,3239.6579,2546600,32163600,5294340900,68170175100,3305.8954,3311.5729,3239.6579,3276.7276
142534000,3240.0874,3756500,44922900,5298097400,68215098000,3305.8954,3311.5729,3239.6579,3276.7276
142540000,3239.7813,5315700,49358600,5303413100,68264456600,3305.8954,3311.5729,3239.6579,3276.7276
142545000,3240.2913,3744700,33885300,5307157800,68298341900,3305.8954,3311.5729,3239.6579,3276.7276
142549000,3240.3824,3356400,38537800,5310514200,68336879700,3305.8954,3311.5729,3239.6579,3276.7276
142555000,3240.3316,3945000,54577700,5314459200,68391457400,3305.8954,3311.5729,3239.6579,3276.7276
142600000,3240.053,2285400,26433000,5316744600,68417890400,3305.8954,3311.5729,3239.6579,3276.7276
142604000,3240.2086,3605600,49274500,5320350200,68467164900,3305.8954,3311.5729,3239.6579,3276.7276
142610000,3239.8289,3586400,41489800,5323936600,68508654700,3305.8954,3311.5729,3239.6579,3276.7276
142615000,3239.623,3229700,34147900,5327166300,68542802600,3305.8954,3311.5729,3239.623,3276.7276
142619000,3239.4765,3074100,36315700,5330240400,68579118300,3305.8954,3311.5729,3239.4765,3276.7276
142625000,3239.6294,4986100,49194200,5335226500,68628312500,3305.8954,3311.5729,3239.4077,3276.7276
142631000,3239.5674,3999100,42039700,5339225600,68670352200,3305.8954,3311.5729,3239.4077,3276.7276
142636000,3239.938,3081700,26567900,5342307300,68696920100,3305.8954,3311.5729,3239.4077,3276.7276
142640000,3239.597,2778800,39148500,5345086100,68736068600,3305.8954,3311.5729,3239.4077,3276.7276
142646000,3239.7082,3994400,54808200,5349080500,68790876800,3305.8954,3311.5729,3239.2622,3276.7276
142651000,3239.8368,1976200,28097000,5351056700,68818973800,3305.8954,3311.5729,3239.2622,3276.7276
142655000,3240.2306,3893800,42795500,5354950500,68861769300,3305.8954,3311.5729,3239.2622,3276.7276
142701000,3239.5785,4466100,54908800,5359416600,68916678100,3305.8954,3311.5729,3239.2622,3276.7276
142706000,3240.2156,2508600,35577700,5361925200,68952255800,3305.8954,3311.5729,3239.2622,3276.7276
142710000,3239.9627,2483700,44467500,5364408900,68996723300,3305.8954,3311.5729,3239.2622,3276.7276
142716000,3240.4009,4520400,48157300,5368929300,69044880600,3305.8954,3311.5729,3239.2622,3276.7276
142721000,3240.3988,3021800,32955000,5371951100,69077835600,3305.8954,3311.5729,3239.2622,3276.7276
142725000,3240.7313,3157400,45691700,5375108500,69123527300,3305.8954,3311.5729,3239.2622,3276.7276
142731000,3240.6307,3848900,42712500,5378957400,69166239800,3305.8954,3311.5729,3239.2622,3276.7276
142736000,3240.9764,3122500,31394200,5382079900,69197634000,3305.8954,3311.5729,3239.2622,3276.7276
142740000,3241.2048,2816000,38348000,5384895900,69235982000,3305.8954,3311.5729,3239.2622,3276.7276
142746000,3241.9265,3176100,40294800,5388072000,69276276800,3305.8954,3311.5729,3239.2622,3276.7276
142751000,3242.3234,2569100,29137700,5390641100,69305414500,3305.8954,3311.5729,3239.2622,3276.7276
142755000,3242.299,2176100,30469800,5392817200,69335884300,3305.8954,3311.5729,3239.2622,3276.7276
142801000,3242.0382,2658200,35207100,5395475400,69371091400,3305.8954,3311.5729,3239.2622,3276.7276
142806000,3242.6893,2156400,26886400,5397631800,69397977800,3305.8954,3311.5729,3239.2622,3276.7276
142810000,3242.8251,1901600,28215600,5399533400,69426193400,3305.8954,3311.5729,3239.2622,3276.7276
142816000,3243.1164,3159100,33511800,5402692500,69459705200,3305.8954,3311.5729,3239.2622,3276.7276
142821000,3243.1253,1669200,22905200,5404361700,69482610400,3305.8954,3311.5729,3239.2622,3276.7276
142825000,3243.0989,2001100,27186900,5406362800,69509797300,3305.8954,3311.5729,3239.2622,3276.7276
142831000,3243.1548,2335500,27527100,5408698300,69537324400,3305.8954,3311.5729,3239.2622,3276.7276
142836000,3243.4802,1658200,17852000,5410356500,69555176400,3305.8954,3311.5729,3239.2622,3276.7276
142840000,3243.8114,2003300,26534300,5412359800,69581710700,3305.8954,3311.5729,3239.2622,3276.7276
142846000,3243.8456,3050400,32638700,5415410200,69614349400,3305.8954,3311.5729,3239.2622,3276.7276
142851000,3244.066,1904200,20113100,5417314400,69634462500,3305.8954,3311.5729,3239.2622,3276.7276
142855000,3243.8735,2185900,32516700,5419500300,69666979200,3305.8954,3311.5729,3239.2622,3276.7276
142901000,3244.4003,3080000,28582800,5422580300,69695562000,3305.8954,3311.5729,3239.2622,3276.7276
142906000,3245.1325,1609900,17088000,5424190200,69712650000,3305.8954,3311.5729,3239.2622,3276.7276
142910000,3244.9663,1574600,21680300,5425764800,69734330300,3305.8954,3311.5729,3239.2622,3276.7276
142916000,3244.9994,2165300,25404800,5427930100,69759735100,3305.8954,3311.5729,3239.2622,3276.7276
142921000,3245.013,2763300,25353600,5430693400,69785088700,3305.8954,3311.5729,3239.2622,3276.7276
142925000,3244.6159,1649200,29082800,5432342600,69814171500,3305.8954,3311.5729,3239.2622,3276.7276
142931000,3244.3022,2723900,29968200,5435066500,69844139700,3305.8954,3311.5729,3239.2622,3276.7276
142936000,3244.1929,3162100,20535900,5438228600,69864675600,3305.8954,3311.5729,3239.2622,3276.7276
142940000,3243.9977,3430400,31794000,5441659000,69896469600,3305.8954,3311.5729,3239.2622,3276.7276
142946000,3243.188,2952300,39516800,5444611300,69935986400,3305.8954,3311.5729,3239.2622,3276.7276
142951000,3242.8854,2826600,27427200,5447437900,69963413600,3305.8954,3311.5729,3239.2622,3276.7276
142955000,3242.6673,2624200,33061000,5450062100,69996474600,3305.8954,3311.5729,3239.2622,3276.7276
143001000,3241.7566,2775700,37256700,5452837800,70033731300,3305.8954,3311.5729,3239.2622,3276.7276
143006000,3241.8709,2286600,26257900,5455124400,70059989200,3305.8954,3311.5729,3239.2622,3276.7276
143010000,3242.4292,2123200,27230900,5457247600,70087220100,3305.8954,3311.5729,3239.2622,3276.7276
143016000,3242.3247,4608600,35600900,5461856200,70122821000,3305.8954,3311.5729,3239.2622,3276.7276
143021000,3242.5883,2091000,21571500,5463947200,70144392500,3305.8954,3311.5729,3239.2622,3276.7276
143025000,3242.3444,1836800,20678100,5465784000,70165070600,3305.8954,3311.5729,3239.2622,3276.7276
143031000,3242.3032,2662700,32598400,5468446700,70197669000,3305.8954,3311.5729,3239.2622,3276.7276
143036000,3242.404,1669400,19554400,5470116100,70217223400,3305.8954,3311.5729,3239.2622,3276.7276
143042000,3242.8756,4564200,35751200,5474680300,70252974600,3305.8954,3311.5729,3239.2622,3276.7276
143046000,3243.0304,2214400,21300600,5476894700,70274275200,3305.8954,3311.5729,3239.2622,3276.7276
143052000,3242.9494,2731700,29866300,5479626400,70304141500,3305.8954,3311.5729,3239.2622,3276.7276
143057000,3242.874,1213200,13431400,5480839600,70317572900,3305.8954,3311.5729,3239.2622,3276.7276
143101000,3242.3086,1340300,18581700,5482179900,70336154600,3305.8954,3311.5729,3239.2622,3276.7276
143107000,3242.9452,1782200,25558300,5483962100,70361712900,3305.8954,3311.5729,3239.2622,3276.7276
143112000,3243.2274,1255600,14172800,5485217700,70375885700,3305.8954,3311.5729,3239.2622,3276.7276
143116000,3242.6686,1493300,20514300,5486711000,70396400000,3305.8954,3311.5729,3239.2622,3276.7276
143122000,3242.4188,2154800,26480700,5488865800,70422880700,3305.8954,3311.5729,3239.2622,3276.7276
143127000,3242.1209,1774600,17035100,5490640400,70439915800,3305.8954,3311.5729,3239.2622,3276.7276
143131000,3242.2542,2099200,25409200,5492739600,70465325000,3305.8954,3311.5729,3239.2622,3276.7276
143137000,3242.4938,1568000,20876600,5494307600,70486201600,3305.8954,3311.5729,3239.2622,3276.7276
143142000,3242.4898,1379200,14507000,5495686800,70500708600,3305.8954,3311.5729,3239.2622,3276.7276
143146000,3242.7312,2182300,23844900,5497869100,70524553500,3305.8954,3311.5729,3239.2622,3276.7276
143152000,3242.3697,2453000,27982700,5500322100,70552536200,3305.8954,3311.5729,3239.2622,3276.7276
143157000,3242.0441,1192800,14298500,5501514900,70566834700,3305.8954,3311.5729,3239.2622,3276.7276
143201000,3241.6424,1741400,19256600,5503256300,70586091300,3305.8954,3311.5729,3239.2622,3276.7276
143207000,3242.3513,2199900,30629900,5505456200,70616721200,3305.8954,3311.5729,3239.2622,3276.7276
143212000,3241.7605,1643700,18918900,5507099900,70635640100,3305.8954,3311.5729,3239.2622,3276.7276
143216000,3241.6838,4272000,37709400,5511371900,70673349500,3305.8954,3311.5729,3239.2622,3276.7276
143222000,3241.5006,2781900,26849200,5514153800,70700198700,3305.8954,3311.5729,3239.2622,3276.7276
143227000,3241.5741,2069900,21339100,5516223700,70721537800,3305.8954,3311.5729,3239.2622,3276.7276
143231000,3240.7685,2108000,28421400,5518331700,70749959200,3305.8954,3311.5729,3239.2622,3276.7276
143237000,3241.2222,2602500,40460200,5520934200,70790419400,3305.8954,3311.5729,3239.2622,3276.7276
143242000,3240.8278,2339400,24599500,5523273600,70815018900,3305.8954,3311.5729,3239.2622,3276.7276
143246000,3239.6523,5784600,57954700,5529058200,70872973600,3305.8954,3311.5729,3239.2622,3276.7276
143252000,3239.4145,8613200,79336900,5537671400,70952310500,3305.8954,3311.5729,3239.2622,3276.7276
143257000,3238.2986,9060900,67955200,5546732300,71020265700,3305.8954,3311.5729,3238.2986,3276.7276
143301000,3238.161,4591600,51613600,5551323900,71071879300,3305.8954,3311.5729,3238.161,3276.7276
143307000,3237.4446,4743600,59615800,5556067500,71131495100,3305.8954,3311.5729,3237.4446,3276.7276
143312000,3237.274,3024200,36835100,5559091700,71168330200,3305.8954,3311.5729,3236.9543,3276.7276
143316000,3237.3777,3786800,43596400,5562878500,71211926600,3305.8954,3311.5729,3236.9543,3276.7276
143322000,3237.1026,4552000,54968600,5567430500,71266895200,3305.8954,3311.5729,3236.9543,3276.7276
143327000,3237.1613,2479600,26613400,5569910100,71293508600,3305.8954,3311.5729,3236.9543,3276.7276
143331000,3236.2939,3188100,39274900,5573098200,71332783500,3305.8954,3311.5729,3236.2939,3276.7276
143337000,3236.5914,2931100,33645700,5576029300,71366429200,3305.8954,3311.5729,3236.2939,3276.7276
143342000,3236.4818,2048600,25419200,5578077900,71391848400,3305.8954,3311.5729,3236.2939,3276.7276
143346000,3236.7547,4623800,49602200,5582701700,71441450600,3305.8954,3311.5729,3236.2939,3276.7276
143352000,3236.3555,4034200,41749300,5586735900,71483199900,3305.8954,3311.5729,3236.2939,3276.7276
143357000,3236.0199,2553200,28061300,5589289100,71511261200,3305.8954,3311.5729,3236.0199,3276.7276
143401000,3235.6254,3360400,38863400,5592649500,71550124600,3305.8954,3311.5729,3235.6186,3276.7276
143407000,3235.7452,5454000,57907700,5598103500,71608032300,3305.8954,3311.5729,3235.1482,3276.7276
143412000,3235.47,3197900,34582300,5601301400,71642614600,3305.8954,3311.5729,3235.1482,3276.7276
143416000,3235.3156,4871900,40393600,5606173300,71683008200,3305.8954,3311.5729,3235.1482,3276.7276
143422000,3234.8739,5934900,50539600,5612108200,71733547800,3305.8954,3311.5729,3234.5051,3276.7276
143427000,3234.8787,2598600,25097700,5614706800,71758645500,3305.8954,3311.5729,3234.5051,3276.7276
143431000,3234.2808,4853900,43865300,5619560700,71802510800,3305.8954,3311.5729,3234.2808,3276.7276
143437000,3234.4325,5117400,61829200,5624678100,71864340000,3305.8954,3311.5729,3234.2808,3276.7276
143442000,3234.5441,2072400,23091600,5626750500,71887431600,3305.8954,3311.5729,3234.2808,3276.7276
143446000,3234.6564,3509800,52489800,5630260300,71939921400,3305.8954,3311.5729,3234.2808,3276.7276
143452000,3234.3255,4077100,49050800,5634337400,71988972200,3305.8954,3311.5729,3234.1564,3276.7276
143458000,3234.4136,4041500,43542900,5638378900,72032515100,3305.8954,3311.5729,3234.1462,3276.7276
143503000,3234.1774,3387700,42053300,5641766600,72074568400,3305.8954,3311.5729,3234.0503,3276.7276
143507000,3234.4052,3143200,37551400,5644909800,72112119800,3305.8954,3311.5729,3234.0503,3276.7276
143513000,3234.4688,3445000,45193500,5648354800,72157313300,3305.8954,3311.5729,3234.0503,3276.7276
143518000,3234.4054,2107200,33305800,5650462000,72190619100,3305.8954,3311.5729,3234.0503,3276.7276
143522000,3234.2879,2696300,34635300,5653158300,72225254400,3305.8954,3311.5729,3234.0503,3276.7276
143528000,3234.8947,3461600,51918000,5656619900,72277172400,3305.8954,3311.5729,3234.0503,3276.7276
143533000,3234.0609,2145300,29685000,5658765200,72306857400,3305.8954,3311.5729,3233.8805,3276.7276
143537000,3234.678,2509400,36277000,5661274600,72343134400,3305.8954,3311.5729,3233.8805,3276.7276
143543000,3234.6507,2739200,45221500,5664013800,72388355900,3305.8954,3311.5729,3233.8805,3276.7276
143548000,3234.5169,2430000,27979500,5666443800,72416335400,3305.8954,3311.5729,3233.8805,3276.7276
143552000,3234.7938,4040400,41515800,5670484200,72457851200,3305.8954,3311.5729,3233.8805,3276.7276
143558000,3235.3628,3808400,47962400,5674292600,72505813600,3305.8954,3311.5729,3233.8805,3276.7276
143603000,3235.1911,2646900,30796100,5676939500,72536609700,3305.8954,3311.5729,3233.8805,3276.7276
143607000,3235.8586,3198300,40549800,5680137800,72577159500,3305.8954,3311.5729,3233.8805,3276.7276
143613000,3235.2273,3565700,40644600,5683703500,72617804100,3305.8954,3311.5729,3233.8805,3276.7276
143618000,3235.7107,2382800,26249700,5686086300,72644053800,3305.8954,3311.5729,3233.8805,3276.7276
143622000,3235.4304,1966600,30784400,5688052900,72674838200,3305.8954,3311.5729,3233.8805,3276.7276
143628000,3235.3797,3585000,42470600,5691637900,72717308800,3305.8954,3311.5729,3233.8805,3276.7276
143633000,3234.2915,3841700,41294000,5695479600,72758602800,3305.8954,3311.5729,3233.8805,3276.7276
143637000,3234.0027,3322900,38702800,5698802500,72797305600,3305.8954,3311.5729,3233.8805,3276.7276
143643000,3233.7265,4726100,57642100,5703528600,72854947700,3305.8954,3311.5729,3233.7265,3276.7276
143648000,3233.828,2337700,29849400,5705866300,72884797100,3305.8954,3311.5729,3233.6613,3276.7276
143652000,3234.1194,2481400,30783700,5708347700,72915580800,3305.8954,3311.5729,3233.6613,3276.7276
143658000,3234.5975,3847900,49616200,5712195600,72965197000,3305.8954,3311.5729,3233.6613,3276.7276
143703000,3234.0426,3231800,25488600,5715427400,72990685600,3305.8954,3311.5729,3233.6613,3276.7276
143707000,3235.0032,2051800,24992200,5717479200,73015677800,3305.8954,3311.5729,3233.6613,3276.7276
143713000,3234.3967,2647200,33261800,5720126400,73048939600,3305.8954,3311.5729,3233.6613,3276.7276
143718000,3234.5366,3313300,29224000,5723439700,73078163600,3305.8954,3311.5729,3233.6613,3276.7276
143722000,3234.7165,1759700,24026100,5725199400,73102189700,3305.8954,3311.5729,3233.6613,3276.7276
143728000,3234.8153,4444100,36138600,5729643500,73138328300,3305.8954,3311.5729,3233.6613,3276.7276
143733000,3234.4852,2494200,24095000,5732137700,73162423300,3305.8954,3311.5729,3233.6613,3276.7276
143737000,3234.3748,2305100,24013000,5734442800,73186436300,3305.8954,3311.5729,3233.6613,3276.7276
143743000,3235.1044,2293100,30542800,5736735900,73216979100,3305.8954,3311.5729,3233.6613,3276.7276
143748000,3235.2432,2511000,26610100,5739246900,73243589200,3305.8954,3311.5729,3233.6613,3276.7276
143752000,3234.9886,1964100,24000500,5741211000,73267589700,3305.8954,3311.5729,3233.6613,3276.7276
143758000,3235.2195,3379500,42668900,5744590500,73310258600,3305.8954,3311.5729,3233.6613,3276.7276
143803000,3234.9846,2350800,25106500,5746941300,73335365100,3305.8954,3311.5729,3233.6613,3276.7276
143807000,3235.9242,1594400,23201600,5748535700,73358566700,3305.8954,3311.5729,3233.6613,3276.7276
143813000,3235.2058,3608900,38721900,5752144600,73397288600,3305.8954,3311.5729,3233.6613,3276.7276
143818000,3235.1489,2317700,24836700,5754462300,73422125300,3305.8954,3311.5729,3233.6613,3276.7276
143822000,3235.4837,1882600,26138900,5756344900,73448264200,3305.8954,3311.5729,3233.6613,3276.7276
143828000,3235.3212,2653400,31839500,5758998300,73480103700,3305.8954,3311.5729,3233.6613,3276.7276
143833000,3235.0551,1679400,18317300,5760677700,73498421000,3305.8954,3311.5729,3233.6613,3276.7276
143837000,3235.1564,2018400,21407400,5762696100,73519828400,3305.8954,3311.5729,3233.6613,3276.7276
143843000,3235.4045,2423400,24802500,5765119500,73544630900,3305.8954,3311.5729,3233.6613,3276.7276
143848000,3235.5705,2026000,25431200,5767145500,73570062100,3305.8954,3311.5729,3233.6613,3276.7276
143852000,3235.8275,2111200,30804900,5769256700,73600867000,3305.8954,3311.5729,3233.6613,3276.7276
143858000,3235.9882,2172700,32832500,5771429400,73633699500,3305.8954,3311.5729,3233.6613,3276.7276
143903000,3235.8782,1848900,23199200,5773278300,73656898700,3305.8954,3311.5729,3233.6613,3276.7276
143909000,3236.6486,3120100,32278400,5776398400,73689177100,3305.8954,3311.5729,3233.6613,3276.7276
143913000,3236.0669,2036200,26626300,5778434600,73715803400,3305.8954,3311.5729,3233.6613,3276.7276
143919000,3236.7188,3081000,33672700,5781515600,73749476100,3305.8954,3311.5729,3233.6613,3276.7276
143924000,3236.3659,1586200,15574600,5783101800,73765050700,3305.8954,3311.5729,3233.6613,3276.7276
143928000,3236.4301,2039200,25160200,5785141000,73790210900,3305.8954,3311.5729,3233.6613,3276.7276
143934000,3236.1393,2800200,32641900,5787941200,73822852800,3305.8954,3311.5729,3233.6613,3276.7276
143939000,3236.8932,1281100,14485200,5789222300,73837338000,3305.8954,3311.5729,3233.6613,3276.7276
143943000,3237.0029,1437300,16694100,5790659600,73854032100,3305.8954,3311.5729,3233.6613,3276.7276
143949000,3237.3899,2412900,27144200,5793072500,73881176300,3305.8954,3311.5729,3233.6613,3276.7276
143954000,3237.5311,1811600,18047100,5794884100,73899223400,3305.8954,3311.5729,3233.6613,3276.7276
143958000,3237.1016,1914900,24951700,5796799000,73924175100,3305.8954,3311.5729,3233.6613,3276.7276
144004000,3237.7086,3103000,25609200,5799902000,73949784300,3305.8954,3311.5729,3233.6613,3276.7276
144009000,3237.6308,1546500,19191800,5801448500,73968976100,3305.8954,3311.5729,3233.6613,3276.7276
144013000,3237.5332,1503300,20474700,5802951800,73989450800,3305.8954,3311.5729,3233.6613,3276.7276
144019000,3236.1843,3013400,36094000,5805965200,74025544800,3305.8954,3311.5729,3233.6613,3276.7276
144024000,3235.5901,3628200,37672200,5809593400,74063217000,3305.8954,3311.5729,3233.6613,3276.7276
144028000,3235.6273,3459100,45136000,5813052500,74108353000,3305.8954,3311.5729,3233.6613,3276.7276
144034000,3235.5631,4170500,42218300,5817223000,74150571300,3305.8954,3311.5729,3233.6613,3276.7276
144039000,3235.3947,4851900,38285000,5822074900,74188856300,3305.8954,3311.5729,3233.6613,3276.7276
144043000,3235.1431,3592800,40579300,5825667700,74229435600,3305.8954,3311.5729,3233.6613,3276.7276
144049000,3234.8139,5986300,55095300,5831654000,74284530900,3305.8954,3311.5729,3233.6613,3276.7276
144054000,3234.7047,2784000,28939500,5834438000,74313470400,3305.8954,3311.5729,3233.6613,3276.7276
144058000,3234.78,3096300,40013000,5837534300,74353483400,3305.8954,3311.5729,3233.6613,3276.7276
144104000,3234.7119,3825400,40952500,5841359700,74394435900,3305.8954,3311.5729,3233.6613,3276.7276
144109000,3235.0036,1929700,21309200,5843289400,74415745100,3305.8954,3311.5729,3233.6613,3276.7276
144113000,3234.7291,2094600,27828700,5845384000,74443573800,3305.8954,3311.5729,3233.6613,3276.7276
144119000,3234.2408,3494700,40064100,5848878700,74483637900,3305.8954,3311.5729,3233.6613,3276.7276
144124000,3234.5499,2908400,25481800,5851787100,74509119700,3305.8954,3311.5729,3233.6613,3276.7276
144128000,3233.8938,3171700,37900000,5854958800,74547019700,3305.8954,3311.5729,3233.6613,3276.7276
144134000,3233.8589,2715900,37316700,5857674700,74584336400,3305.8954,3311.5729,3233.6486,3276.7276
144139000,3233.4219,2324400,24169900,5859999100,74608506300,3305.8954,3311.5729,3233.4219,3276.7276
144143000,3233.7458,3216400,39470800,5863215500,74647977100,3305.8954,3311.5729,3233.4001,3276.7276
144149000,3232.9875,4290900,45598100,5867506400,74693575200,3305.8954,3311.5729,3232.9464,3276.7276
144154000,3232.6719,3486200,38280300,5870992600,74731855500,3305.8954,3311.5729,3232.6719,3276.7276
144158000,3233.0086,3984600,44076000,5874977200,74775931500,3305.8954,3311.5729,3232.1935,3276.7276
144204000,3232.4163,5305500,60267100,5880282700,74836198600,3305.8954,3311.5729,3232.1935,3276.7276
144209000,3231.9815,3728000,41315600,5884010700,74877514200,3305.8954,3311.5729,3231.9815,3276.7276
144213000,3231.8479,3887200,44048300,5887897900,74921562500,3305.8954,3311.5729,3231.8479,3276.7276
144219000,3232.2433,4590800,56331400,5892488700,74977893900,3305.8954,3311.5729,3231.8479,3276.7276
144224000,3231.8032,3392400,36461800,5895881100,75014355700,3305.8954,3311.5729,3231.8032,3276.7276
144228000,3232.0819,4121500,50576800,5900002600,75064932500,3305.8954,3311.5729,3231.7375,3276.7276
144234000,3231.6877,5692200,65896800,5905694800,75130829300,3305.8954,3311.5729,3231.3714,3276.7276
144239000,3231.5357,3349000,37991100,5909043800,75168820400,3305.8954,3311.5729,3231.3659,3276.7276
144243000,3231.1481,2939300,39191000,5911983100,75208011400,3305.8954,3311.5729,3231.064,3276.7276
144249000,3231.0256,5569200,59548900,5917552300,75267560300,3305.8954,3311.5729,3231.0256,3276.7276
144254000,3230.8291,4644400,36943800,5922196700,75304504100,3305.8954,3311.5729,3230.8291,3276.7276
144258000,3231.0475,3330700,37084100,5925527400,75341588200,3305.8954,3311.5729,3230.8291,3276.7276
144304000,3230.9007,5119800,59875100,5930647200,75401463300,3305.8954,3311.5729,3230.3391,3276.7276
144310000,3230.7749,5265800,56811100,5935913000,75458274400,3305.8954,3311.5729,3230.3391,3276.7276
144315000,3230.2875,3389900,35797100,5939302900,75494071500,3305.8954,3311.5729,3230.2261,3276.7276
144319000,3230.3469,4086100,52079300,5943389000,75546150800,3305.8954,3311.5729,3230.2065,3276.7276
144325000,3230.2223,5298400,57066300,5948687400,75603217100,3305.8954,3311.5729,3229.9923,3276.7276
144330000,3229.8775,3607800,35867000,5952295200,75639084100,3305.8954,3311.5729,3229.8775,3276.7276
144334000,3229.9937,3702700,41359400,5955997900,75680443500,3305.8954,3311.5729,3229.8775,3276.7276
144340000,3230.1076,4371100,47560800,5960369000,75728004300,3305.8954,3311.5729,3229.8775,3276.7276
144345000,3230.0876,3054600,32616600,5963423600,75760620900,3305.8954,3311.5729,3229.8775,3276.7276
144349000,3230.2912,3748700,41074200,5967172300,75801695100,3305.8954,3311.5729,3229.8775,3276.7276
144355000,3229.8986,4638700,48556000,5971811000,75850251100,3305.8954,3311.5729,3229.8744,3276.7276
144400000,3230.0306,2463200,28717600,5974274200,75878968700,3305.8954,3311.5729,3229.8744,3276.7276
144404000,3230.1357,4743300,46795000,5979017500,75925763700,3305.8954,3311.5729,3229.8372,3276.7276
144410000,3230.4562,4318900,52671500,5983336400,75978435200,3305.8954,3311.5729,3229.8372,3276.7276
144415000,3229.9615,2886100,29354500,5986222500,76007789700,3305.8954,3311.5729,3229.8372,3276.7276
144419000,3230.1824,3786400,52365500,5990008900,76060155200,3305.8954,3311.5729,3229.8372,3276.7276
144425000,3229.6962,5899800,57192300,5995908700,76117347500,3305.8954,3311.5729,3229.6962,3276.7276
144430000,3229.4977,2946400,31672800,5998855100,76149020300,3305.8954,3311.5729,3229.4977,3276.7276
144434000,3229.4493,4072100,41176900,6002927200,76190197200,3305.8954,3311.5729,3229.4353,3276.7276
144440000,3229.8261,5181000,57141900,6008108200,76247339100,3305.8954,3311.5729,3229.4353,3276.7276
144445000,3229.7587,3352400,35933500,6011460600,76283272600,3305.8954,3311.5729,3229.4353,3276.7276
144449000,3229.6061,2866000,40038400,6014326600,76323311000,3305.8954,3311.5729,3229.4353,3276.7276
144455000,3229.6788,4537700,54616300,6018864300,76377927300,3305.8954,3311.5729,3229.4353,3276.7276
144500000,3229.6539,2563900,28921000,6021428200,76406848300,3305.8954,3311.5729,3229.4353,3276.7276
144504000,3229.8929,3757000,48768900,6025185200,76455617200,3305.8954,3311.5729,3229.4353,3276.7276
144510000,3229.4619,4521500,51194600,6029706700,76506811800,3305.8954,3311.5729,3229.4353,3276.7276
144515000,3229.3947,3094700,33577800,6032801400,76540389600,3305.8954,3311.5729,3229.3054,3276.7276
144519000,3229.0852,3563100,45276700,6036364500,76585666300,3305.8954,3311.5729,3228.9165,3276.7276
144525000,3228.4894,5559500,59722000,6041924000,76645388300,3305.8954,3311.5729,3228.4894,3276.7276
144530000,3228.9575,2744100,27212400,6044668100,76672600700,3305.8954,3311.5729,3228.4894,3276.7276
144534000,3228.5368,3353200,48472200,6048021300,76721072900,3305.8954,3311.5729,3228.4894,3276.7276
144540000,3228.2209,5602000,72746900,6053623300,76793819800,3305.8954,3311.5729,3228.2209,3276.7276
144545000,3228.5121,4199200,48656600,6057822500,76842476400,3305.8954,3311.5729,3228.2163,3276.7276
144549000,3228.0094,6015700,57096300,6063838200,76899572700,3305.8954,3311.5729,3228.0094,3276.7276
144555000,3227.3053,4994500,55078300,6068832700,76954651000,3305.8954,3311.5729,3227.3053,3276.7276
144600000,3227.1232,7700900,54498700,6076533600,77009149700,3305.8954,3311.5729,3227.1232,3276.7276
144604000,3226.7469,4759000,53549600,6081292600,77062699300,3305.8954,3311.5729,3226.7469,3276.7276
144610000,3227.1617,7228400,73145700,6088521000,77135845000,3305.8954,3311.5729,3226.7469,3276.7276
144615000,3226.3846,6408800,59048200,6094929800,77194893200,3305.8954,3311.5729,3226.3028,3276.7276
144619000,3225.9864,5153900,55128500,6100083700,77250021700,3305.8954,3311.5729,3225.9864,3276.7276
144625000,3226.025,6251500,61770300,6106335200,77311792000,3305.8954,3311.5729,3225.8921,3276.7276
144630000,3225.9112,3485400,36402400,6109820600,77348194400,3305.8954,3311.5729,3225.8921,3276.7276
144634000,3225.6786,4655400,47256500,6114476000,77395450900,3305.8954,3311.5729,3225.6614,3276.7276
144640000,3225.4539,5876400,60208900,6120352400,77455659800,3305.8954,3311.5729,3225.4539,3276.7276
144645000,3225.753,3245000,34055400,6123597400,77489715200,3305.8954,3311.5729,3225.4539,3276.7276
144649000,3225.7193,3443400,44014700,6127040800,77533729900,3305.8954,3311.5729,3225.4539,3276.7276
144655000,3224.9407,5323000,61335000,6132363800,77595064900,3305.8954,3311.5729,3224.9407,3276.7276
144700000,3224.7344,6348800,65207100,6138712600,77660272000,3305.8954,3311.5729,3224.7344,3276.7276
144704000,3224.9253,4883300,50007400,6143595900,77710279400,3305.8954,3311.5729,3224.6015,3276.7276
144710000,3224.0999,9555500,74742000,6153151400,77785021400,3305.8954,3311.5729,3224.0999,3276.7276
144715000,3224.6244,5945700,44728600,6159097100,77829750000,3305.8954,3311.5729,3224.0999,3276.7276
144719000,3224.735,3643500,45489000,6162740600,77875239000,3305.8954,3311.5729,3224.0999,3276.7276
144725000,3225.3554,6510400,72655500,6169251000,77947894500,3305.8954,3311.5729,3224.0999,3276.7276
144731000,3225.7035,8323000,82141300,6177574000,78030035800,3305.8954,3311.5729,3224.0999,3276.7276
144736000,3226.5461,5065600,45363000,6182639600,78075398800,3305.8954,3311.5729,3224.0999,3276.7276
144740000,3225.9358,5132600,57238100,6187772200,78132636900,3305.8954,3311.5729,3224.0999,3276.7276
144746000,3226.2122,6104500,57251200,6193876700,78189888100,3305.8954,3311.5729,3224.0999,3276.7276
144751000,3226.1614,3378500,36337700,6197255200,78226225800,3305.8954,3311.5729,3224.0999,3276.7276
144755000,3226.3214,4556200,42146100,6201811400,78268371900,3305.8954,3311.5729,3224.0999,3276.7276
144801000,3226.4508,4623600,96878200,6206435000,78365250100,3305.8954,3311.5729,3224.0999,3276.7276
144806000,3226.5505,3774000,34972100,6210209000,78400222200,3305.8954,3311.5729,3224.0999,3276.7276
144810000,3226.3305,3586200,40474700,6213795200,78440696900,3305.8954,3311.5729,3224.0999,3276.7276
144816000,3226.9218,3833800,48878300,6217629000,78489575200,3305.8954,3311.5729,3224.0999,3276.7276
144821000,3226.8743,3372300,32277600,6221001300,78521852800,3305.8954,3311.5729,3224.0999,3276.7276
144825000,3226.4599,3302400,39508100,6224303700,78561360900,3305.8954,3311.5729,3224.0999,3276.7276
144831000,3226.5164,4041800,47395900,6228345500,78608756800,3305.8954,3311.5729,3224.0999,3276.7276
144836000,3226.7279,2557700,38119600,6230903200,78646876400,3305.8954,3311.5729,3224.0999,3276.7276
144840000,3227.4131,2883700,38968900,6233786900,78685845300,3305.8954,3311.5729,3224.0999,3276.7276
144846000,3227.6523,4334000,47299200,6238120900,78733144500,3305.8954,3311.5729,3224.0999,3276.7276
144851000,3227.7888,2797000,34115100,6240917900,78767259600,3305.8954,3311.5729,3224.0999,3276.7276
144855000,3228.2062,4234300,54151100,6245152200,78821410700,3305.8954,3311.5729,3224.0999,3276.7276
144901000,3227.8402,5415600,56239200,6250567800,78877649900,3305.8954,3311.5729,3224.0999,3276.7276
144906000,3228.1031,2794200,31693500,6253362000,78909343400,3305.8954,3311.5729,3224.0999,3276.7276
144910000,3228.722,3515100,40149600,6256877100,78949493000,3305.8954,3311.5729,3224.0999,3276.7276
144916000,3228.2923,4158000,48707900,6261035100,78998200900,3305.8954,3311.5729,3224.0999,3276.7276
144921000,3228.1359,2737200,27309700,6263772300,79025510600,3305.8954,3311.5729,3224.0999,3276.7276
144925000,3228.4663,4853400,46270400,6268625700,79071781000,3305.8954,3311.5729,3224.0999,3276.7276
144931000,3228.6592,4133900,45338300,6272759600,79117119300,3305.8954,3311.5729,3224.0999,3276.7276
144936000,3228.9924,2378200,33649900,6275137800,79150769200,3305.8954,3311.5729,3224.0999,3276.7276
144940000,3229.1256,2348300,29906300,6277486100,79180675500,3305.8954,3311.5729,3224.0999,3276.7276
144946000,3229.5864,3360000,38915200,6280846100,79219590700,3305.8954,3311.5729,3224.0999,3276.7276
144951000,3229.8901,2844400,30433400,6283690500,79250024100,3305.8954,3311.5729,3224.0999,3276.7276
144955000,3229.8823,2753400,33123900,6286443900,79283148000,3305.8954,3311.5729,3224.0999,3276.7276
145001000,3229.5413,4049300,40815000,6290493200,79323963000,3305.8954,3311.5729,3224.0999,3276.7276
145006000,3229.7814,3861900,38321200,6294355100,79362284200,3305.8954,3311.5729,3224.0999,3276.7276
145010000,3230.1812,4173300,45709200,6298528400,79407993400,3305.8954,3311.5729,3224.0999,3276.7276
145016000,3230.221,5271000,74240800,6303799400,79482234200,3305.8954,3311.5729,3224.0999,3276.7276
145021000,3230.4254,2208300,26266200,6306007700,79508500400,3305.8954,3311.5729,3224.0999,3276.7276
145025000,3230.3331,2867700,39580600,6308875400,79548081000,3305.8954,3311.5729,3224.0999,3276.7276
145031000,3230.8171,3445600,46088300,6312321000,79594169300,3305.8954,3311.5729,3224.0999,3276.7276
145036000,3231.1941,2345700,28357200,6314666700,79622526500,3305.8954,3311.5729,3224.0999,3276.7276
145040000,3231.2938,1991200,27468400,6316657900,79649994900,3305.8954,3311.5729,3224.0999,3276.7276
145046000,3231.844,3192000,41556400,6319849900,79691551300,3305.8954,3311.5729,3224.0999,3276.7276
145051000,3231.6921,3217800,28028600,6323067700,79719579900,3305.8954,3311.5729,3224.0999,3276.7276
145055000,3231.9853,3318300,40302300,6326386000,79759882200,3305.8954,3311.5729,3224.0999,3276.7276
145101000,3231.4822,3833000,46038300,6330219000,79805920500,3305.8954,3311.5729,3224.0999,3276.7276
145106000,3231.7598,2440400,25836400,6332659400,79831756900,3305.8954,3311.5729,3224.0999,3276.7276
145110000,3231.9988,2645100,30427300,6335304500,79862184200,3305.8954,3311.5729,3224.0999,3276.7276
145116000,3232.0925,4368600,51235500,6339673100,79913419700,3305.8954,3311.5729,3224.0999,3276.7276
145121000,3232.1297,2516800,26867300,6342189900,79940287000,3305.8954,3311.5729,3224.0999,3276.7276
145125000,3232.3498,2838600,37986400,6345028500,79978273400,3305.8954,3311.5729,3224.0999,3276.7276
145131000,3232.5252,5494800,46188800,6350523300,80024462200,3305.8954,3311.5729,3224.0999,3276.7276
145136000,3232.5238,2342900,24236500,6352866200,80048698700,3305.8954,3311.5729,3224.0999,3276.7276
145142000,3232.3409,3951300,42925600,6356817500,80091624300,3305.8954,3311.5729,3224.0999,3276.7276
145146000,3231.7228,3182700,38000000,6360000200,80129624300,3305.8954,3311.5729,3224.0999,3276.7276
145152000,3232.0868,3721800,43681100,6363722000,80173305400,3305.8954,3311.5729,3224.0999,3276.7276
145157000,3231.6276,3114100,37447500,6366836100,80210752900,3305.8954,3311.5729,3224.0999,3276.7276
145201000,3231.6503,3331700,40389000,6370167800,80251141900,3305.8954,3311.5729,3224.0999,3276.7276
145207000,3231.0518,3739600,40027200,6373907400,80291169100,3305.8954,3311.5729,3224.0999,3276.7276
145212000,3231.6539,3187200,32235900,6377094600,80323405000,3305.8954,3311.5729,3224.0999,3276.7276
145216000,3231.5158,2400000,28169600,6379494600,80351574600,3305.8954,3311.5729,3224.0999,3276.7276
145222000,3232.2593,3854300,40869300,6383348900,80392443900,3305.8954,3311.5729,3224.0999,3276.7276
145227000,3231.7808,2449000,28085200,6385797900,80420529100,3305.8954,3311.5729,3224.0999,3276.7276
145231000,3232.1809,3385700,35495000,6389183600,80456024100,3305.8954,3311.5729,3224.0999,3276.7276
145237000,3232.4525,4636200,47816300,6393819800,80503840400,3305.8954,3311.5729,3224.0999,3276.7276
145242000,3232.3577,2244100,30158700,6396063900,80533999100,3305.8954,3311.5729,3224.0999,3276.7276
145246000,3232.3087,3408000,38905300,6399471900,80572904400,3305.8954,3311.5729,3224.0999,3276.7276
145252000,3232.7157,3706300,44953400,6403178200,80617857800,3305.8954,3311.5729,3224.0999,3276.7276
145257000,3232.4541,2494800,34112900,6405673000,80651970700,3305.8954,3311.5729,3224.0999,3276.7276
145301000,3231.9325,3366900,50218100,6409039900,80702188800,3305.8954,3311.5729,3224.0999,3276.7276
145307000,3232.1728,4419500,56883600,6413459400,80759072400,3305.8954,3311.5729,3224.0999,3276.7276
145312000,3232.049,3154900,37581900,6416614300,80796654300,3305.8954,3311.5729,3224.0999,3276.7276
145316000,3232.0272,3449200,45288000,6420063500,80841942300,3305.8954,3311.5729,3224.0999,3276.7276
145322000,3231.6677,4317600,52405900,6424381100,80894348200,3305.8954,3311.5729,3224.0999,3276.7276
145327000,3231.8926,3261100,36980800,6427642200,80931329000,3305.8954,3311.5729,3224.0999,3276.7276
145331000,3231.7353,3093100,39985000,6430735300,80971314000,3305.8954,3311.5729,3224.0999,3276.7276
145337000,3231.9285,4228800,53426700,6434964100,81024740700,3305.8954,3311.5729,3224.0999,3276.7276
145342000,3231.9196,2342500,28305600,6437306600,81053046300,3305.8954,3311.5729,3224.0999,3276.7276
145346000,3231.7899,3546100,53026900,6440852700,81106073200,3305.8954,3311.5729,3224.0999,3276.7276
145352000,3231.8622,4148000,46454100,6445000700,81152527300,3305.8954,3311.5729,3224.0999,3276.7276
145357000,3231.9676,3602400,38227000,6448603100,81190754300,3305.8954,3311.5729,3224.0999,3276.7276
145401000,3231.5643,2377000,32182600,6450980100,81222936900,3305.8954,3311.5729,3224.0999,3276.7276
145407000,3231.9875,6933400,61770700,6457913500,81284707600,3305.8954,3311.5729,3224.0999,3276.7276
145412000,3231.8711,2564300,26929400,6460477800,81311637000,3305.8954,3311.5729,3224.0999,3276.7276
145416000,3231.7366,4441900,49119900,6464919700,81360756900,3305.8954,3311.5729,3224.0999,3276.7276
145422000,3231.7986,5433600,55546100,6470353300,81416303000,3305.8954,3311.5729,3224.0999,3276.7276
145427000,3231.4717,3282200,39799800,6473635500,81456102800,3305.8954,3311.5729,3224.0999,3276.7276
145431000,3231.4832,3827900,43074200,6477463400,81499177000,3305.8954,3311.5729,3224.0999,3276.7276
145437000,3231.5096,4803100,55663700,6482266500,81554840700,3305.8954,3311.5729,3224.0999,3276.7276
145442000,3231.7152,2514800,33492700,6484781300,81588333400,3305.8954,3311.5729,3224.0999,3276.7276
145446000,3231.6245,3698100,50287000,6488479400,81638620400,3305.8954,3311.5729,3224.0999,3276.7276
145452000,3231.619,4235400,56455600,6492714800,81695076000,3305.8954,3311.5729,3224.0999,3276.7276
145457000,3231.4486,2917800,35941900,6495632600,81731017900,3305.8954,3311.5729,3224.0999,3276.7276
145501000,3231.172,3571100,40127700,6499203700,81771145600,3305.8954,3311.5729,3224.0999,3276.7276
145507000,3231.8141,3861900,55445900,6503065600,81826591500,3305.8954,3311.5729,3224.0999,3276.7276
145512000,3231.5945,3857800,38832100,6506923400,81865423600,3305.8954,3311.5729,3224.0999,3276.7276
145516000,3231.3404,3430900,37864600,6510354300,81903288200,3305.8954,3311.5729,3224.0999,3276.7276
145522000,3231.7655,4745800,54150100,6515100100,81957438300,3305.8954,3311.5729,3224.0999,3276.7276
145527000,3231.5603,6769300,58742200,6521869400,82016180500,3305.8954,3311.5729,3224.0999,3276.7276
145531000,3230.7561,3727200,43522800,6525596600,82059703300,3305.8954,3311.5729,3224.0999,3276.7276
145537000,3231.3587,4783800,58574900,6530380400,82118278200,3305.8954,3311.5729,3224.0999,3276.7276
145542000,3231.1026,2851100,31423500,6533231500,82149701700,3305.8954,3311.5729,3224.0999,3276.7276
145548000,3231.1431,4347400,48860000,6537578900,82198561700,3305.8954,3311.5729,3224.0999,3276.7276
145552000,3231.2821,3345700,37668100,6540924600,82236229800,3305.8954,3311.5729,3224.0999,3276.7276
145558000,3231.2353,4581500,50621600,6545506100,82286851400,3305.8954,3311.5729,3224.0999,3276.7276
145603000,3230.9316,3833700,37273900,6549339800,82324125300,3305.8954,3311.5729,3224.0999,3276.7276
145607000,3231.078,5012500,57096400,6554352300,82381221700,3305.8954,3311.5729,3224.0999,3276.7276
145613000,3231.1276,4555000,49913200,6558907300,82431134900,3305.8954,3311.5729,3224.0999,3276.7276
145618000,3231.0019,3264100,37522600,6562171400,82468657500,3305.8954,3311.5729,3224.0999,3276.7276
145622000,3231.0092,3733100,45514000,6565904500,82514171500,3305.8954,3311.5729,3224.0999,3276.7276
145628000,3231.2322,4533900,51120300,6570438400,82565291800,3305.8954,3311.5729,3224.0999,3276.7276
145633000,3230.9901,5659200,49747200,6576097600,82615039000,3305.8954,3311.5729,3224.0999,3276.7276
145637000,3231.3378,4407200,49887200,6580504800,82664926200,3305.8954,3311.5729,3224.0999,3276.7276
145643000,3231.0096,4996200,54607600,6585501000,82719533800,3305.8954,3311.5729,3224.0999,3276.7276
145648000,3230.966,4683800,54294400,6590184800,82773828200,3305.8954,3311.5729,3224.0999,3276.7276
145652000,3230.8352,3119500,38591400,6593304300,82812419600,3305.8954,3311.5729,3224.0999,3276.7276
145658000,3230.9806,5507800,59888500,6598812100,82872308100,3305.8954,3311.5729,3224.0999,3276.7276
145703000,3230.5768,3431200,39749800,6602243300,82912057900,3305.8954,3311.5729,3224.0999,3276.7276
145707000,3230.6008,2037200,25523400,6604280500,82937581300,3305.8954,3311.5729,3224.0999,3276.7276
145713000,3230.7332,3264800,32915300,6607545300,82970496600,3305.8954,3311.5729,3224.0999,3276.7276
145718000,3230.6976,1866000,21314100,6609411300,82991810700,3305.8954,3311.5729,3224.0999,3276.7276
145722000,3230.5413,1546500,19686200,6610957800,83011496900,3305.8954,3311.5729,3224.0999,3276.7276
145728000,3230.4135,2748900,32240500,6613706700,83043737400,3305.8954,3311.5729,3224.0999,3276.7276
145733000,3230.3818,2563900,29487300,6616270600,83073224700,3305.8954,3311.5729,3224.0999,3276.7276
145737000,3230.2182,4145800,36031600,6620416400,83109256300,3305.8954,3311.5729,3224.0999,3276.7276
145743000,3230.5968,5794500,42602900,6626210900,83151859200,3305.8954,3311.5729,3224.0999,3276.7276
145748000,3230.4926,3230100,33569400,6629441000,83185428600,3305.8954,3311.5729,3224.0999,3276.7276
145752000,3230.4662,1666600,23089700,6631107600,83208518300,3305.8954,3311.5729,3224.0999,3276.7276
145758000,3230.2862,2579500,28726000,6633687100,83237244300,3305.8954,3311.5729,3224.0999,3276.7276
145803000,3230.0019,2747800,31088000,6636434900,83268332300,3305.8954,3311.5729,3224.0999,3276.7276
145807000,3230.212,2018200,19061100,6638453100,83287393400,3305.8954,3311.5729,3224.0999,3276.7276
145813000,3230.3877,3207800,35730000,6641660900,83323123400,3305.8954,3311.5729,3224.0999,3276.7276
145818000,3230.1206,2080700,31156100,6643741600,83354279500,3305.8954,3311.5729,3224.0999,3276.7276
145822000,3230.1549,2278800,22851800,6646020400,83377131300,3305.8954,3311.5729,3224.0999,3276.7276
145828000,3230.1862,3692500,37881800,6649712900,83415013100,3305.8954,3311.5729,3224.0999,3276.7276
145833000,3230.1795,2305600,27679800,6652018500,83442692900,3305.8954,3311.5729,3224.0999,3276.7276
145837000,3230.4843,2818600,33648300,6654837100,83476341200,3305.8954,3311.5729,3224.0999,3276.7276
145843000,3230.6414,3220000,33191600,6658057100,83509532800,3305.8954,3311.5729,3224.0999,3276.7276
145848000,3230.127,2105700,23976200,6660162800,83533509000,3305.8954,3311.5729,3224.0999,3276.7276
145852000,3229.8525,2864000,28115600,6663026800,83561624600,3305.8954,3311.5729,3224.0999,3276.7276
145858000,3229.9741,3334700,30362800,6666361500,83591987400,3305.8954,3311.5729,3224.0999,3276.7276
145903000,3230.2746,2267500,28576900,6668629000,83620564300,3305.8954,3311.5729,3224.0999,3276.7276
145907000,3230.1291,2217100,25843800,6670846100,83646408100,3305.8954,3311.5729,3224.0999,3276.7276
145913000,3229.9444,4131100,57861100,6674977200,83704269200,3305.8954,3311.5729,3224.0999,3276.7276
145918000,3229.905,3053700,32753200,6678030900,83737022400,3305.8954,3311.5729,3224.0999,3276.7276
145922000,3229.7779,3047900,33092800,6681078800,83770115200,3305.8954,3311.5729,3224.0999,3276.7276
145928000,3229.8545,2913800,43450700,6683992600,83813565900,3305.8954,3311.5729,3224.0999,3276.7276
145933000,3229.7662,3291400,30364400,6687284000,83843930300,3305.8954,3311.5729,3224.0999,3276.7276
145937000,3229.6955,2703800,32285000,6689987800,83876215300,3305.8954,3311.5729,3224.0999,3276.7276
145943000,3229.6335,3643600,40087900,6693631400,83916303200,3305.8954,3311.5729,3224.0999,3276.7276
145948000,3229.7719,3780100,30253600,6697411500,83946556800,3305.8954,3311.5729,3224.0999,3276.7276
145952000,3229.6608,2411700,26676700,6699823200,83973233500,3305.8954,3311.5729,3224.0999,3276.7276
145958000,3229.5461,2273300,25825600,6702096500,83999059100,3305.8954,3311.5729,3224.0999,3276.7276
150003000,3229.3326,36794300,442737600,6738890800,84441796700,3305.8954,3311.5729,3224.0999,3276.7276
150003000,3229.3134,650500,10655800,6739541300,84452452500,3305.8954,3311.5729,3224.0999,3276.7276
150103000,3229.6198,0,0,6739541300,84452452500,3305.8954,3311.5729,3224.0999,3276.7276
