Time,Price,Volume,Turnover,AccVolume,AccTurnover,Open,High,Low,PreClose
92508000,3504.4571,43856000,526158700,43856000,526158700,0.0,0.0,0.0,3510.9845
92513000,3504.4571,0,0,43856000,526158700,3504.4571,3504.4571,3504.4571,3510.9845
93000000,3504.0172,423400,7795300,44279400,533954000,3504.4571,3504.4571,3504.0172,3510.9845
93005000,3501.7543,42867700,471166500,87147100,1005120500,3504.4571,3504.4571,3501.7543,3510.9845
93010000,3500.4551,10303100,153894100,97450200,1159014600,3504.4571,3504.4571,3499.138,3510.9845
93015000,3500.394,3360200,37787400,100810400,1196802000,3504.4571,3504.4571,3499.138,3510.9845
93020000,3499.8954,4764800,68130800,105575200,1264932800,3504.4571,3504.4571,3499.138,3510.9845
93025000,3499.3342,4192600,55462300,109767800,1320395100,3504.4571,3504.4571,3499.138,3510.9845
93030000,3498.6535,2417700,32959000,112185500,1353354100,3504.4571,3504.4571,3498.6535,3510.9845
93035000,3498.9152,6761600,75620900,118947100,1428975000,3504.4571,3504.4571,3498.4154,3510.9845
93040000,3499.2943,3842200,61521600,122789300,1490496600,3504.4571,3504.4571,3498.4154,3510.9845
93045000,3499.2262,3875500,46236700,126664800,1536733300,3504.4571,3504.4571,3498.4154,3510.9845
93050000,3499.9857,5273000,67023400,131937800,1603756700,3504.4571,3504.4571,3498.4154,3510.9845
93055000,3500.0508,4839200,64451200,136777000,1668207900,3504.4571,3504.4571,3498.4154,3510.9845
93100000,3500.1444,3064400,43692800,139841400,1711900700,3504.4571,3504.4571,3498.4154,3510.9845
93105000,3500.3229,4672200,64143900,144513600,1776044600,3504.4571,3504.4571,3498.4154,3510.9845
93110000,3500.0294,4831900,67793500,149345500,1843838100,3504.4571,3504.4571,3498.4154,3510.9845
93115000,3500.0177,4179000,55182400,153524500,1899020500,3504.4571,3504.4571,3498.4154,3510.9845
93120000,3500.4276,5130700,71231500,158655200,1970252000,3504.4571,3504.4571,3498.4154,3510.9845
93125000,3500.2829,5092400,66851000,163747600,2037103000,3504.4571,3504.4571,3498.4154,3510.9845
93130000,3501.2985,3907200,44507600,167654800,2081610600,3504.4571,3504.4571,3498.4154,3510.9845
93135000,3501.2302,4439700,60116900,172094500,2141727500,3504.4571,3504.4571,3498.4154,3510.9845
93140000,3501.4862,4808500,65742200,176903000,2207469700,3504.4571,3504.4571,3498.4154,3510.9845
93145000,3502.2387,3287400,52570500,180190400,2260040200,3504.4571,3504.4571,3498.4154,3510.9845
93150000,3502.7091,4373800,67365000,184564200,2327405200,3504.4571,3504.4571,3498.4154,3510.9845
93155000,3503.1075,6097100,72854900,190661300,2400260100,3504.4571,3504.4571,3498.4154,3510.9845
93200000,3503.6317,2886900,41895800,193548200,2442155900,3504.4571,3504.4571,3498.4154,3510.9845
93205000,3504.234,5329300,75342400,198877500,2517498300,3504.4571,3504.4571,3498.4154,3510.9845
93210000,3504.0556,5042200,75137700,203919700,2592636000,3504.4571,3504.4571,3498.4154,3510.9845
93215000,3504.84,3984600,53415300,207904300,2646051300,3504.4571,3504.84,3498.4154,3510.9845
93220000,3504.8958,5459800,73606100,213364100,2719657400,3504.4571,3505.1442,3498.4154,3510.9845
93225000,3504.9032,4995300,69925400,218359400,2789582800,3504.4571,3505.1442,3498.4154,3510.9845
93230000,3504.413,2972800,45409500,221332200,2834992300,3504.4571,3505.1442,3498.4154,3510.9845
93235000,3504.3957,6737300,84183200,228069500,2919175500,3504.4571,3505.1442,3498.4154,3510.9845
93240000,3504.4088,6282300,86931700,234351800,3006107200,3504.4571,3505.1442,3498.4154,3510.9845
93245000,3503.7729,4402800,59991300,238754600,3066098500,3504.4571,3505.1442,3498.4154,3510.9845
93250000,3502.6192,5705300,80072800,244459900,3146171300,3504.4571,3505.1442,3498.4154,3510.9845
93255000,3501.7922,7611000,95418100,252070900,3241589400,3504.4571,3505.1442,3498.4154,3510.9845
93300000,3502.0949,3351000,49610500,255421900,3291199900,3504.4571,3505.1442,3498.4154,3510.9845
93305000,3501.9019,5999600,84994300,261421500,3376194200,3504.4571,3505.1442,3498.4154,3510.9845
93310000,3500.902,5210600,81394900,266632100,3457589100,3504.4571,3505.1442,3498.4154,3510.9845
93315000,3500.9265,5327100,57695300,271959200,3515284400,3504.4571,3505.1442,3498.4154,3510.9845
93320000,3500.2773,7073500,81895500,279032700,3597179900,3504.4571,3505.1442,3498.4154,3510.9845
93325000,3499.8491,5563300,74008600,284596000,3671188500,3504.4571,3505.1442,3498.4154,3510.9845
93330000,3499.9416,3535600,51277900,288131600,3722466400,3504.4571,3505.1442,3498.4154,3510.9845
93335000,3499.8418,5530500,71767200,293662100,3794233600,3504.4571,3505.1442,3498.4154,3510.9845
93340000,3499.2094,5770200,68588400,299432300,3862822000,3504.4571,3505.1442,3498.4154,3510.9845
93345000,3499.2308,3285800,52948800,302718100,3915770800,3504.4571,3505.1442,3498.4154,3510.9845
93350000,3498.5182,5672600,68424000,308390700,3984194800,3504.4571,3505.1442,3498.4154,3510.9845
93355000,3498.4035,5854700,66738900,314245400,4050933700,3504.4571,3505.1442,3498.3991,3510.9845
93400000,3497.9884,4250000,47331200,318495400,4098264900,3504.4571,3505.1442,3497.8919,3510.9845
93405000,3497.5488,4591200,65355600,323086600,4163620500,3504.4571,3505.1442,3497.5046,3510.9845
93410000,3496.9507,6002500,69307700,329089100,4232928200,3504.4571,3505.1442,3496.9507,3510.9845
93415000,3496.9421,3586800,46894800,332675900,4279823000,3504.4571,3505.1442,3496.9244,3510.9845
93420000,3496.7041,4941900,68188400,337617800,4348011400,3504.4571,3505.1442,3496.6943,3510.9845
93425000,3496.9901,6520100,82638600,344137900,4430650000,3504.4571,3505.1442,3496.6182,3510.9845
93430000,3496.079,3994100,48275000,348132000,4478925000,3504.4571,3505.1442,3496.079,3510.9845
93435000,3496.3875,4845000,62967600,352977000,4541892600,3504.4571,3505.1442,3495.9917,3510.9845
93440000,3496.0159,5580500,70682700,358557500,4612575300,3504.4571,3505.1442,3495.9917,3510.9845
93445000,3495.9664,3513200,43329100,362070700,4655904400,3504.4571,3505.1442,3495.8005,3510.9845
93450000,3495.9716,5589700,75489300,367660400,4731393700,3504.4571,3505.1442,3495.7804,3510.9845
93455000,3495.8016,4691500,66939200,372351900,4798332900,3504.4571,3505.1442,3495.7804,3510.9845
93500000,3496.0555,3375400,49784300,375727300,4848117200,3504.4571,3505.1442,3495.7804,3510.9845
93505000,3496.1094,5003800,62433300,380731100,4910550500,3504.4571,3505.1442,3495.6819,3510.9845
93510000,3495.6701,5721300,75032700,386452400,4985583200,3504.4571,3505.1442,3495.5295,3510.9845
93515000,3495.4867,3663400,47613600,390115800,5033196800,3504.4571,3505.1442,3495.4867,3510.9845
93520000,3495.8859,5844500,68872500,395960300,5102069300,3504.4571,3505.1442,3495.4867,3510.9845
93525000,3495.8145,5896200,73881000,401856500,5175950300,3504.4571,3505.1442,3495.4867,3510.9845
93530000,3495.7688,2907900,39505300,404764400,5215455600,3504.4571,3505.1442,3495.4867,3510.9845
93535000,3495.2263,4626100,54910800,409390500,5270366400,3504.4571,3505.1442,3495.2263,3510.9845
93540000,3494.9032,4142300,62321600,413532800,5332688000,3504.4571,3505.1442,3494.9032,3510.9845
93545000,3495.1532,2805500,40154200,416338300,5372842200,3504.4571,3505.1442,3494.9032,3510.9845
93550000,3494.7217,5568400,64753300,421906700,5437595500,3504.4571,3505.1442,3494.7217,3510.9845
93555000,3494.4408,4967600,68427600,426874300,5506023100,3504.4571,3505.1442,3494.4408,3510.9845
93600000,3494.3699,2707400,37791500,429581700,5543814600,3504.4571,3505.1442,3494.3699,3510.9845
93605000,3494.1627,4281700,60862400,433863400,5604677000,3504.4571,3505.1442,3494.1627,3510.9845
93610000,3494.1793,4780500,68227500,438643900,5672904500,3504.4571,3505.1442,3494.0321,3510.9845
93615000,3493.9745,2719600,43267000,441363500,5716171500,3504.4571,3505.1442,3493.8187,3510.9845
93620000,3493.7583,3892200,59739200,445255700,5775910700,3504.4571,3505.1442,3493.7313,3510.9845
93625000,3494.4147,4618300,67736300,449874000,5843647000,3504.4571,3505.1442,3493.7313,3510.9845
93630000,3494.5724,2975200,46430500,452849200,5890077500,3504.4571,3505.1442,3493.7313,3510.9845
93635000,3494.3951,3990300,60201600,456839500,5950279100,3504.4571,3505.1442,3493.7313,3510.9845
93640000,3495.1774,4673000,68348500,461512500,6018627600,3504.4571,3505.1442,3493.7313,3510.9845
93645000,3495.6271,3640000,57168700,465152500,6075796300,3504.4571,3505.1442,3493.7313,3510.9845
93650000,3495.9933,5865900,72736200,471018400,6148532500,3504.4571,3505.1442,3493.7313,3510.9845
93655000,3496.9108,5943600,72487500,476962000,6221020000,3504.4571,3505.1442,3493.7313,3510.9845
93700000,3497.1582,3987600,47626100,480949600,6268646100,3504.4571,3505.1442,3493.7313,3510.9845
93705000,3497.7619,4799300,72236400,485748900,6340882500,3504.4571,3505.1442,3493.7313,3510.9845
93710000,3497.8721,5592300,74161200,491341200,6415043700,3504.4571,3505.1442,3493.7313,3510.9845
93715000,3498.3746,2981400,47903700,494322600,6462947400,3504.4571,3505.1442,3493.7313,3510.9845
93720000,3498.7961,4860100,63956000,499182700,6526903400,3504.4571,3505.1442,3493.7313,3510.9845
93725000,3500.0593,4976800,62224800,504159500,6589128200,3504.4571,3505.1442,3493.7313,3510.9845
93730000,3499.7982,2694400,42602400,506853900,6631730600,3504.4571,3505.1442,3493.7313,3510.9845
93735000,3500.2085,5348600,65646600,512202500,6697377200,3504.4571,3505.1442,3493.7313,3510.9845
93740000,3500.7072,6341700,79459000,518544200,6776836200,3504.4571,3505.1442,3493.7313,3510.9845
93745000,3501.0666,3804800,48412100,522349000,6825248300,3504.4571,3505.1442,3493.7313,3510.9845
93750000,3501.7641,4939400,55947700,527288400,6881196000,3504.4571,3505.1442,3493.7313,3510.9845
93755000,3502.1126,4583400,69340500,531871800,6950536500,3504.4571,3505.1442,3493.7313,3510.9845
93800000,3502.6832,3008200,38753500,534880000,6989290000,3504.4571,3505.1442,3493.7313,3510.9845
93805000,3502.7046,5047200,60348700,539927200,7049638700,3504.4571,3505.1442,3493.7313,3510.9845
93810000,3503.0752,5139800,64460600,545067000,7114099300,3504.4571,3505.1442,3493.7313,3510.9845
93815000,3503.3969,3268700,47862800,548335700,7161962100,3504.4571,3505.1442,3493.7313,3510.9845
93820000,3503.8454,4758600,63764100,553094300,7225726200,3504.4571,3505.1442,3493.7313,3510.9845
93825000,3503.6056,4431600,64266900,557525900,7289993100,3504.4571,3505.1442,3493.7313,3510.9845
93830000,3504.1279,2690600,34253400,560216500,7324246500,3504.4571,3505.1442,3493.7313,3510.9845
93835000,3503.9447,4040500,62189400,564257000,7386435900,3504.4571,3505.1442,3493.7313,3510.9845
93840000,3503.8718,4892400,67203000,569149400,7453638900,3504.4571,3505.1442,3493.7313,3510.9845
93845000,3503.6839,3785200,49460400,572934600,7503099300,3504.4571,3505.1442,3493.7313,3510.9845
93850000,3503.8545,5782900,65437500,578717500,7568536800,3504.4571,3505.1442,3493.7313,3510.9845
93855000,3504.5128,4818400,62278300,583535900,7630815100,3504.4571,3505.1442,3493.7313,3510.9845
93900000,3504.3374,3582400,47218700,587118300,7678033800,3504.4571,3505.1442,3493.7313,3510.9845
93905000,3504.5207,4629500,66974300,591747800,7745008100,3504.4571,3505.1442,3493.7313,3510.9845
93910000,3504.2432,5019200,73517600,596767000,7818525700,3504.4571,3505.1442,3493.7313,3510.9845
93915000,3504.109,4143300,55667700,600910300,7874193400,3504.4571,3505.1442,3493.7313,3510.9845
93920000,3504.8739,4202600,64964100,605112900,7939157500,3504.4571,3505.1442,3493.7313,3510.9845
93925000,3504.813,4621200,75404300,609734100,8014561800,3504.4571,3505.2873,3493.7313,3510.9845
93930000,3504.6645,4211200,53576400,613945300,8068138200,3504.4571,3505.2873,3493.7313,3510.9845
93935000,3504.9235,3953200,60526200,617898500,8128664400,3504.4571,3505.2873,3493.7313,3510.9845
93940000,3504.3672,4806800,74975200,622705300,8203639600,3504.4571,3505.2873,3493.7313,3510.9845
93945000,3504.9001,2984000,44485600,625689300,8248125200,3504.4571,3505.2873,3493.7313,3510.9845
93950000,3504.9476,3924100,55776900,629613400,8303902100,3504.4571,3505.347,3493.7313,3510.9845
93955000,3505.6192,4114100,58708500,633727500,8362610600,3504.4571,3505.6192,3493.7313,3510.9845
94000000,3505.6677,3067800,45402700,636795300,8408013300,3504.4571,3505.8679,3493.7313,3510.9845
94005000,3505.4468,5178000,69181000,641973300,8477194300,3504.4571,3505.8679,3493.7313,3510.9845
94010000,3505.564,3935200,65717500,645908500,8542911800,3504.4571,3505.8679,3493.7313,3510.9845
94015000,3505.7001,3062000,44956400,648970500,8587868200,3504.4571,3505.8679,3493.7313,3510.9845
94021000,3505.4335,3808900,59955100,652779400,8647823300,3504.4571,3505.8679,3493.7313,3510.9845
94025000,3505.777,4555700,59931100,657335100,8707754400,3504.4571,3505.8679,3493.7313,3510.9845
94031000,3505.6285,5563400,74421900,662898500,8782176300,3504.4571,3505.8679,3493.7313,3510.9845
94035000,3505.9555,4409700,49582700,667308200,8831759000,3504.4571,3505.9865,3493.7313,3510.9845
94040000,3506.1594,4676900,70979400,671985100,8902738400,3504.4571,3506.1594,3493.7313,3510.9845
94046000,3506.5153,4352000,64635900,676337100,8967374300,3504.4571,3506.5153,3493.7313,3510.9845
94050000,3506.2909,3191800,46514400,679528900,9013888700,3504.4571,3506.5439,3493.7313,3510.9845
94056000,3506.4013,4539900,68115500,684068800,9082004200,3504.4571,3506.6208,3493.7313,3510.9845
94100000,3506.5486,2329400,37146800,686398200,9119151000,3504.4571,3506.6208,3493.7313,3510.9845
94106000,3506.6283,3879000,60098800,690277200,9179249800,3504.4571,3506.8996,3493.7313,3510.9845
94111000,3506.736,5118100,72206700,695395300,9251456500,3504.4571,3506.8996,3493.7313,3510.9845
94116000,3506.5295,4897200,64315300,700292500,9315771800,3504.4571,3506.8996,3493.7313,3510.9845
94121000,3506.6456,2940200,38194900,703232700,9353966700,3504.4571,3506.8996,3493.7313,3510.9845
94126000,3506.7531,4318800,61956500,707551500,9415923200,3504.4571,3506.8996,3493.7313,3510.9845
94131000,3505.9635,5105300,70430300,712656800,9486353500,3504.4571,3506.8996,3493.7313,3510.9845
94136000,3505.4193,3326500,49809400,715983300,9536162900,3504.4571,3506.8996,3493.7313,3510.9845
94141000,3505.2604,4706600,73158900,720689900,9609321800,3504.4571,3506.8996,3493.7313,3510.9845
94146000,3504.4926,5322700,79129700,726012600,9688451500,3504.4571,3506.8996,3493.7313,3510.9845
94151000,3504.5621,3121700,51940800,729134300,9740392300,3504.4571,3506.8996,3493.7313,3510.9845
94156000,3504.1031,4137600,66151000,733271900,9806543300,3504.4571,3506.8996,3493.7313,3510.9845
94201000,3503.6412,4998700,68989100,738270600,9875532400,3504.4571,3506.8996,3493.7313,3510.9845
94206000,3503.7787,3808200,48665200,742078800,9924197600,3504.4571,3506.8996,3493.7313,3510.9845
94211000,3502.9751,5989500,82221400,748068300,10006419000,3504.4571,3506.8996,3493.7313,3510.9845
94216000,3502.2385,4601100,70704000,752669400,10077123000,3504.4571,3506.8996,3493.7313,3510.9845
94221000,3502.9414,3515800,52724600,756185200,10129847600,3504.4571,3506.8996,3493.7313,3510.9845
94226000,3502.548,4246900,61987500,760432100,10191835100,3504.4571,3506.8996,3493.7313,3510.9845
94231000,3502.106,4493300,59118900,764925400,10250954000,3504.4571,3506.8996,3493.7313,3510.9845
94236000,3502.3484,3644700,51320900,768570100,10302274900,3504.4571,3506.8996,3493.7313,3510.9845
94241000,3501.9137,4529900,52659700,773100000,10354934600,3504.4571,3506.8996,3493.7313,3510.9845
94246000,3502.3052,7133100,66905500,780233100,10421840100,3504.4571,3506.8996,3493.7313,3510.9845
94251000,3502.1523,2594300,42618200,782827400,10464458300,3504.4571,3506.8996,3493.7313,3510.9845
94256000,3502.2536,4570500,57399600,787397900,10521857900,3504.4571,3506.8996,3493.7313,3510.9845
94301000,3502.0992,3588200,55473400,790986100,10577331300,3504.4571,3506.8996,3493.7313,3510.9845
94306000,3501.9531,3023400,44532800,794009500,10621864100,3504.4571,3506.8996,3493.7313,3510.9845
94311000,3501.6081,3545000,49209100,797554500,10671073200,3504.4571,3506.8996,3493.7313,3510.9845
94316000,3501.5406,3906900,60309100,801461400,10731382300,3504.4571,3506.8996,3493.7313,3510.9845
94321000,3501.7022,3163200,39333500,804624600,10770715800,3504.4571,3506.8996,3493.7313,3510.9845
94326000,3501.5822,3031700,43643000,807656300,10814358800,3504.4571,3506.8996,3493.7313,3510.9845
94331000,3501.5955,5037800,65913300,812694100,10880272100,3504.4571,3506.8996,3493.7313,3510.9845
94336000,3501.2156,2414300,39540500,815108400,10919812600,3504.4571,3506.8996,3493.7313,3510.9845
94341000,3501.6656,3512100,52563600,818620500,10972376200,3504.4571,3506.8996,3493.7313,3510.9845
94346000,3501.1245,3836200,53893300,822456700,11026269500,3504.4571,3506.8996,3493.7313,3510.9845
94351000,3500.9051,2874400,37089100,825331100,11063358600,3504.4571,3506.8996,3493.7313,3510.9845
94356000,3501.4636,3997900,50814700,829329000,11114173300,3504.4571,3506.8996,3493.7313,3510.9845
94401000,3501.0577,4634600,57184500,833963600,11171357800,3504.4571,3506.8996,3493.7313,3510.9845
94406000,3500.65,2564600,38607400,836528200,11209965200,3504.4571,3506.8996,3493.7313,3510.9845
94411000,3500.6695,3782600,60003900,840310800,11269969100,3504.4571,3506.8996,3493.7313,3510.9845
94416000,3500.4906,3369400,49857600,843680200,11319826700,3504.4571,3506.8996,3493.7313,3510.9845
94421000,3500.4213,2798700,40473100,846478900,11360299800,3504.4571,3506.8996,3493.7313,3510.9845
94426000,3500.5672,3790400,47901100,850269300,11408200900,3504.4571,3506.8996,3493.7313,3510.9845
94431000,3500.2662,5461400,71995800,855730700,11480196700,3504.4571,3506.8996,3493.7313,3510.9845
94436000,3500.8075,2715500,37616800,858446200,11517813500,3504.4571,3506.8996,3493.7313,3510.9845
94441000,3500.6312,3020100,42870500,861466300,11560684000,3504.4571,3506.8996,3493.7313,3510.9845
94446000,3500.5938,3348300,52836600,864814600,11613520600,3504.4571,3506.8996,3493.7313,3510.9845
94451000,3500.8961,1776400,25909700,866591000,11639430300,3504.4571,3506.8996,3493.7313,3510.9845
94456000,3501.5324,3861100,50454400,870452100,11689884700,3504.4571,3506.8996,3493.7313,3510.9845
94501000,3501.6087,4488000,52765700,874940100,11742650400,3504.4571,3506.8996,3493.7313,3510.9845
94506000,3501.56,3959300,48055300,878899400,11790705700,3504.4571,3506.8996,3493.7313,3510.9845
94511000,3501.627,3129300,45852600,882028700,11836558300,3504.4571,3506.8996,3493.7313,3510.9845
94516000,3501.8792,4350300,49085900,886379000,11885644200,3504.4571,3506.8996,3493.7313,3510.9845
94521000,3502.3635,3417500,48593700,889796500,11934237900,3504.4571,3506.8996,3493.7313,3510.9845
94526000,3502.2817,4290600,56484500,894087100,11990722400,3504.4571,3506.8996,3493.7313,3510.9845
94531000,3502.0939,3731500,53538600,897818600,12044261000,3504.4571,3506.8996,3493.7313,3510.9845
94536000,3502.3973,2228000,31800300,900046600,12076061300,3504.4571,3506.8996,3493.7313,3510.9845
94541000,3502.249,2922100,41694600,902968700,12117755900,3504.4571,3506.8996,3493.7313,3510.9845
94546000,3502.5688,3897000,60845800,906865700,12178601700,3504.4571,3506.8996,3493.7313,3510.9845
94551000,3502.5621,2542800,39915700,909408500,12218517400,3504.4571,3506.8996,3493.7313,3510.9845
94556000,3502.6482,4089700,46973100,913498200,12265490500,3504.4571,3506.8996,3493.7313,3510.9845
94601000,3503.0325,3374600,46581400,916872800,12312071900,3504.4571,3506.8996,3493.7313,3510.9845
94606000,3502.5823,2075800,37948500,918948600,12350020400,3504.4571,3506.8996,3493.7313,3510.9845
94611000,3502.8624,6733800,57541500,925682400,12407561900,3504.4571,3506.8996,3493.7313,3510.9845
94616000,3502.4829,3286600,54754000,928969000,12462315900,3504.4571,3506.8996,3493.7313,3510.9845
94621000,3502.9559,2351800,32866100,931320800,12495182000,3504.4571,3506.8996,3493.7313,3510.9845
94626000,3502.6017,2933700,50479900,934254500,12545661900,3504.4571,3506.8996,3493.7313,3510.9845
94631000,3502.7484,3088500,48819200,937343000,12594481100,3504.4571,3506.8996,3493.7313,3510.9845
94636000,3502.3332,2582400,35644800,939925400,12630125900,3504.4571,3506.8996,3493.7313,3510.9845
94641000,3502.1599,4659900,58938600,944585300,12689064500,3504.4571,3506.8996,3493.7313,3510.9845
94646000,3501.8136,4237400,61478600,948822700,12750543100,3504.4571,3506.8996,3493.7313,3510.9845
94651000,3501.1844,2796500,38307600,951619200,12788850700,3504.4571,3506.8996,3493.7313,3510.9845
94656000,3500.7106,5736400,68774200,957355600,12857624900,3504.4571,3506.8996,3493.7313,3510.9845
94701000,3501.0378,6825800,83619700,964181400,12941244600,3504.4571,3506.8996,3493.7313,3510.9845
94706000,3500.1265,5000700,68673700,969182100,13009918300,3504.4571,3506.8996,3493.7313,3510.9845
94711000,3500.1966,4619800,63451500,973801900,13073369800,3504.4571,3506.8996,3493.7313,3510.9845
94716000,3499.891,6555100,79243700,980357000,13152613500,3504.4571,3506.8996,3493.7313,3510.9845
94721000,3500.3435,2411000,36023500,982768000,13188637000,3504.4571,3506.8996,3493.7313,3510.9845
94726000,3500.1699,4401700,58797300,987169700,13247434300,3504.4571,3506.8996,3493.7313,3510.9845
94731000,3499.6509,4342300,68446900,991512000,13315881200,3504.4571,3506.8996,3493.7313,3510.9845
94736000,3499.2986,3184600,49265400,994696600,13365146600,3504.4571,3506.8996,3493.7313,3510.9845
94741000,3499.1656,5253800,62743200,999950400,13427889800,3504.4571,3506.8996,3493.7313,3510.9845
94746000,3498.8375,5776200,77790200,1005726600,13505680000,3504.4571,3506.8996,3493.7313,3510.9845
94751000,3498.7803,3156900,47705300,1008883500,13553385300,3504.4571,3506.8996,3493.7313,3510.9845
94756000,3498.8796,4688200,60071200,1013571700,13613456500,3504.4571,3506.8996,3493.7313,3510.9845
94801000,3498.6641,4600500,67047800,1018172200,13680504300,3504.4571,3506.8996,3493.7313,3510.9845
94806000,3498.0588,3529300,40266200,1021701500,13720770500,3504.4571,3506.8996,3493.7313,3510.9845
94811000,3497.4052,4825300,67452400,1026526800,13788222900,3504.4571,3506.8996,3493.7313,3510.9845
94816000,3497.4083,4596200,68145700,1031123000,13856368600,3504.4571,3506.8996,3493.7313,3510.9845
94821000,3497.6898,3179300,42985300,1034302300,13899353900,3504.4571,3506.8996,3493.7313,3510.9845
94826000,3497.6559,4257500,64642000,1038559800,13963995900,3504.4571,3506.8996,3493.7313,3510.9845
94831000,3497.8205,3831800,58316400,1042391600,14022312300,3504.4571,3506.8996,3493.7313,3510.9845
94836000,3497.0025,2738700,43522600,1045130300,14065834900,3504.4571,3506.8996,3493.7313,3510.9845
94841000,3497.1366,4910300,66367300,1050040600,14132202200,3504.4571,3506.8996,3493.7313,3510.9845
94846000,3497.0038,4841300,60022500,1054881900,14192224700,3504.4571,3506.8996,3493.7313,3510.9845
94851000,3496.8549,2522900,39797400,1057404800,14232022100,3504.4571,3506.8996,3493.7313,3510.9845
94856000,3497.0193,3570700,51583500,1060975500,14283605600,3504.4571,3506.8996,3493.7313,3510.9845
94901000,3496.9879,4525400,55049800,1065500900,14338655400,3504.4571,3506.8996,3493.7313,3510.9845
94906000,3496.3849,3747300,53917700,1069248200,14392573100,3504.4571,3506.8996,3493.7313,3510.9845
94911000,3496.6424,3530500,51720400,1072778700,14444293500,3504.4571,3506.8996,3493.7313,3510.9845
94916000,3496.852,4191200,61489600,1076969900,14505783100,3504.4571,3506.8996,3493.7313,3510.9845
94921000,3496.792,2833200,42790100,1079803100,14548573200,3504.4571,3506.8996,3493.7313,3510.9845
94926000,3496.3994,3067900,51783400,1082871000,14600356600,3504.4571,3506.8996,3493.7313,3510.9845
94931000,3497.1844,3676500,52668600,1086547500,14653025200,3504.4571,3506.8996,3493.7313,3510.9845
94936000,3496.7607,2832300,30055000,1089379800,14683080200,3504.4571,3506.8996,3493.7313,3510.9845
94941000,3496.1291,4141300,61336300,1093521100,14744416500,3504.4571,3506.8996,3493.7313,3510.9845
94946000,3496.5631,3804200,52369300,1097325300,14796785800,3504.4571,3506.8996,3493.7313,3510.9845
94951000,3496.3793,2718800,33840200,1100044100,14830626000,3504.4571,3506.8996,3493.7313,3510.9845
94956000,3496.7585,4061200,50370900,1104105300,14880996900,3504.4571,3506.8996,3493.7313,3510.9845
95001000,3496.8411,4744400,65403200,1108849700,14946400100,3504.4571,3506.8996,3493.7313,3510.9845
95006000,3496.7171,2762000,42943000,1111611700,14989343100,3504.4571,3506.8996,3493.7313,3510.9845
95011000,3496.9875,4553500,52751900,1116165200,15042095000,3504.4571,3506.8996,3493.7313,3510.9845
95016000,3497.1222,3649500,53884300,1119814700,15095979300,3504.4571,3506.8996,3493.7313,3510.9845
95021000,3497.1685,2893400,36777400,1122708100,15132756700,3504.4571,3506.8996,3493.7313,3510.9845
95026000,3496.8132,3040400,57875600,1125748500,15190632300,3504.4571,3506.8996,3493.7313,3510.9845
95031000,3496.8658,3388600,52436500,1129137100,15243068800,3504.4571,3506.8996,3493.7313,3510.9845
95036000,3496.78,2387100,37197500,1131524200,15280266300,3504.4571,3506.8996,3493.7313,3510.9845
95041000,3496.887,3969600,43583100,1135493800,15323849400,3504.4571,3506.8996,3493.7313,3510.9845
95046000,3497.0873,4079800,51229400,1139573600,15375078800,3504.4571,3506.8996,3493.7313,3510.9845
95051000,3497.0604,2204600,31888300,1141778200,15406967100,3504.4571,3506.8996,3493.7313,3510.9845
95056000,3496.3356,3430800,47951600,1145209000,15454918700,3504.4571,3506.8996,3493.7313,3510.9845
95101000,3496.4925,3464600,51995300,1148673600,15506914000,3504.4571,3506.8996,3493.7313,3510.9845
95106000,3496.7395,2941800,39144200,1151615400,15546058200,3504.4571,3506.8996,3493.7313,3510.9845
95111000,3496.9332,3635500,54434700,1155250900,15600492900,3504.4571,3506.8996,3493.7313,3510.9845
95116000,3496.9955,3382200,56002500,1158633100,15656495400,3504.4571,3506.8996,3493.7313,3510.9845
95121000,3496.6394,2134700,31077300,1160767800,15687572700,3504.4571,3506.8996,3493.7313,3510.9845
95126000,3496.7696,3405700,46234900,1164173500,15733807600,3504.4571,3506.8996,3493.7313,3510.9845
95131000,3497.2208,3992200,69583100,1168165700,15803390700,3504.4571,3506.8996,3493.7313,3510.9845
95136000,3497.3231,5013900,53226100,1173179600,15856616800,3504.4571,3506.8996,3493.7313,3510.9845
95141000,3497.3977,4005000,50359500,1177184600,15906976300,3504.4571,3506.8996,3493.7313,3510.9845
95146000,3497.059,4553900,64396100,1181738500,15971372400,3504.4571,3506.8996,3493.7313,3510.9845
95151000,3497.5983,2506100,38179300,1184244600,16009551700,3504.4571,3506.8996,3493.7313,3510.9845
95156000,3497.367,3573700,59421200,1187818300,16068972900,3504.4571,3506.8996,3493.7313,3510.9845
95201000,3497.9903,3307200,52604700,1191125500,16121577600,3504.4571,3506.8996,3493.7313,3510.9845
95206000,3497.8719,2696700,43478200,1193822200,16165055800,3504.4571,3506.8996,3493.7313,3510.9845
95211000,3498.5016,4281900,78625100,1198104100,16243680900,3504.4571,3506.8996,3493.7313,3510.9845
95216000,3498.2711,4933600,83707700,1203037700,16327388600,3504.4571,3506.8996,3493.7313,3510.9845
95221000,3498.7627,3113700,45158300,1206151400,16372546900,3504.4571,3506.8996,3493.7313,3510.9845
95226000,3498.8588,4306800,57760200,1210458200,16430307100,3504.4571,3506.8996,3493.7313,3510.9845
95231000,3499.2075,2971000,50507700,1213429200,16480814800,3504.4571,3506.8996,3493.7313,3510.9845
95236000,3499.4139,2074900,37942000,1215504100,16518756800,3504.4571,3506.8996,3493.7313,3510.9845
95241000,3499.6515,3543300,56988300,1219047400,16575745100,3504.4571,3506.8996,3493.7313,3510.9845
95246000,3499.4394,3352900,69148200,1222400300,16644893300,3504.4571,3506.8996,3493.7313,3510.9845
95251000,3499.8563,2075400,39227900,1224475700,16684121200,3504.4571,3506.8996,3493.7313,3510.9845
95256000,3500.1377,4056900,57296800,1228532600,16741418000,3504.4571,3506.8996,3493.7313,3510.9845
95301000,3500.2671,4120800,76160000,1232653400,16817578000,3504.4571,3506.8996,3493.7313,3510.9845
95306000,3500.5282,3007600,49835900,1235661000,16867413900,3504.4571,3506.8996,3493.7313,3510.9845
95311000,3500.527,2668100,55629700,1238329100,16923043600,3504.4571,3506.8996,3493.7313,3510.9845
95316000,3500.8149,3824700,64315800,1242153800,16987359400,3504.4571,3506.8996,3493.7313,3510.9845
95321000,3500.6823,2323300,40230000,1244477100,17027589400,3504.4571,3506.8996,3493.7313,3510.9845
95326000,3500.5183,3518100,60984500,1247995200,17088573900,3504.4571,3506.8996,3493.7313,3510.9845
95331000,3500.53,3372600,54476900,1251367800,17143050800,3504.4571,3506.8996,3493.7313,3510.9845
95336000,3500.4593,2786300,47491300,1254154100,17190542100,3504.4571,3506.8996,3493.7313,3510.9845
95341000,3500.6252,3755200,59789500,1257909300,17250331600,3504.4571,3506.8996,3493.7313,3510.9845
95347000,3499.8316,4963900,66516000,1262873200,17316847600,3504.4571,3506.8996,3493.7313,3510.9845
95351000,3500.2312,2267900,41858700,1265141100,17358706300,3504.4571,3506.8996,3493.7313,3510.9845
95357000,3499.9735,4880900,65265300,1270022000,17423971600,3504.4571,3506.8996,3493.7313,3510.9845
95401000,3499.9362,2673700,54140500,1272695700,17478112100,3504.4571,3506.8996,3493.7313,3510.9845
95406000,3500.4646,2835400,46724500,1275531100,17524836600,3504.4571,3506.8996,3493.7313,3510.9845
95412000,3499.5865,4041900,80682000,1279573000,17605518600,3504.4571,3506.8996,3493.7313,3510.9845
95416000,3500.0399,3642100,54239500,1283215100,17659758100,3504.4571,3506.8996,3493.7313,3510.9845
95422000,3498.6379,7887900,94009300,1291103000,17753767400,3504.4571,3506.8996,3493.7313,3510.9845
95426000,3499.0376,1829600,26208600,1292932600,17779976000,3504.4571,3506.8996,3493.7313,3510.9845
95432000,3499.3422,3443200,55055900,1296375800,17835031900,3504.4571,3506.8996,3493.7313,3510.9845
95437000,3498.8634,4286400,61089800,1300662200,17896121700,3504.4571,3506.8996,3493.7313,3510.9845
95442000,3499.1381,2204200,34585700,1302866400,17930707400,3504.4571,3506.8996,3493.7313,3510.9845
95447000,3498.8673,3457600,52786500,1306324000,17983493900,3504.4571,3506.8996,3493.7313,3510.9845
95452000,3498.7879,3284900,49790400,1309608900,18033284300,3504.4571,3506.8996,3493.7313,3510.9845
95457000,3498.7099,2882200,51404000,1312491100,18084688300,3504.4571,3506.8996,3493.7313,3510.9845
95502000,3498.4689,4572900,57106900,1317064000,18141795200,3504.4571,3506.8996,3493.7313,3510.9845
95507000,3498.2556,3434700,61511400,1320498700,18203306600,3504.4571,3506.8996,3493.7313,3510.9845
95512000,3497.8234,2848600,44200600,1323347300,18247507200,3504.4571,3506.8996,3493.7313,3510.9845
95517000,3498.137,2890000,49976800,1326237300,18297484000,3504.4571,3506.8996,3493.7313,3510.9845
95522000,3498.057,3002100,51832000,1329239400,18349316000,3504.4571,3506.8996,3493.7313,3510.9845
95527000,3498.0165,3055700,45783400,1332295100,18395099400,3504.4571,3506.8996,3493.7313,3510.9845
95532000,3497.8517,2871300,43440000,1335166400,18438539400,3504.4571,3506.8996,3493.7313,3510.9845
95537000,3497.9922,3312000,54146800,1338478400,18492686200,3504.4571,3506.8996,3493.7313,3510.9845
95542000,3497.8184,3015600,43936400,1341494000,18536622600,3504.4571,3506.8996,3493.7313,3510.9845
95547000,3497.5383,3324200,56183100,1344818200,18592805700,3504.4571,3506.8996,3493.7313,3510.9845
95552000,3497.4015,4193200,64335200,1349011400,18657140900,3504.4571,3506.8996,3493.7313,3510.9845
95557000,3497.5132,2496000,37518100,1351507400,18694659000,3504.4571,3506.8996,3493.7313,3510.9845
95602000,3497.8031,4077100,54204800,1355584500,18748863800,3504.4571,3506.8996,3493.7313,3510.9845
95607000,3498.1358,3997200,62151900,1359581700,18811015700,3504.4571,3506.8996,3493.7313,3510.9845
95612000,3497.7451,3387900,37122700,1362969600,18848138400,3504.4571,3506.8996,3493.7313,3510.9845
95617000,3497.7281,4227100,70435800,1367196700,18918574200,3504.4571,3506.8996,3493.7313,3510.9845
95622000,3497.9743,4589200,65453900,1371785900,18984028100,3504.4571,3506.8996,3493.7313,3510.9845
95627000,3497.9331,2776300,41025500,1374562200,19025053600,3504.4571,3506.8996,3493.7313,3510.9845
95632000,3497.8772,3934800,60591300,1378497000,19085644900,3504.4571,3506.8996,3493.7313,3510.9845
95637000,3497.8944,4491800,65728300,1382988800,19151373200,3504.4571,3506.8996,3493.7313,3510.9845
95642000,3498.1289,2919000,37062400,1385907800,19188435600,3504.4571,3506.8996,3493.7313,3510.9845
95647000,3497.6013,3792000,63528300,1389699800,19251963900,3504.4571,3506.8996,3493.7313,3510.9845
95652000,3498.0452,4936400,80660900,1394636200,19332624800,3504.4571,3506.8996,3493.7313,3510.9845
95657000,3497.4366,2923000,38131900,1397559200,19370756700,3504.4571,3506.8996,3493.7313,3510.9845
95702000,3497.207,5112500,68558100,1402671700,19439314800,3504.4571,3506.8996,3493.7313,3510.9845
95707000,3497.4598,6372000,77017600,1409043700,19516332400,3504.4571,3506.8996,3493.7313,3510.9845
95712000,3496.9633,2832900,46783700,1411876600,19563116100,3504.4571,3506.8996,3493.7313,3510.9845
95717000,3496.7995,5052300,55379500,1416928900,19618495600,3504.4571,3506.8996,3493.7313,3510.9845
95722000,3495.9962,6019400,77859400,1422948300,19696355000,3504.4571,3506.8996,3493.7313,3510.9845
95727000,3496.5991,3213200,44192400,1426161500,19740547400,3504.4571,3506.8996,3493.7313,3510.9845
95732000,3496.2696,3110100,49474300,1429271600,19790021700,3504.4571,3506.8996,3493.7313,3510.9845
95737000,3496.2316,3714400,58165600,1432986000,19848187300,3504.4571,3506.8996,3493.7313,3510.9845
95742000,3496.4465,1546600,25916000,1434532600,19874103300,3504.4571,3506.8996,3493.7313,3510.9845
95747000,3495.466,3390000,49097600,1437922600,19923200900,3504.4571,3506.8996,3493.7313,3510.9845
95752000,3495.7709,3863900,55471100,1441786500,19978672000,3504.4571,3506.8996,3493.7313,3510.9845
95757000,3495.8962,2702500,38897800,1444489000,20017569800,3504.4571,3506.8996,3493.7313,3510.9845
95802000,3495.8336,3733000,47329300,1448222000,20064899100,3504.4571,3506.8996,3493.7313,3510.9845
95807000,3496.1525,4350000,71892400,1452572000,20136791500,3504.4571,3506.8996,3493.7313,3510.9845
95812000,3495.9175,2525700,34060100,1455097700,20170851600,3504.4571,3506.8996,3493.7313,3510.9845
95817000,3495.7684,4287000,59918000,1459384700,20230769600,3504.4571,3506.8996,3493.7313,3510.9845
95822000,3495.2105,4783300,63648700,1464168000,20294418300,3504.4571,3506.8996,3493.7313,3510.9845
95827000,3495.1513,2908300,41857800,1467076300,20336276100,3504.4571,3506.8996,3493.7313,3510.9845
95832000,3495.0935,2624500,42205300,1469700800,20378481400,3504.4571,3506.8996,3493.7313,3510.9845
95837000,3495.5723,3650300,55669700,1473351100,20434151100,3504.4571,3506.8996,3493.7313,3510.9845
95842000,3495.2554,2352500,32263900,1475703600,20466415000,3504.4571,3506.8996,3493.7313,3510.9845
95847000,3494.9516,4067800,53237500,1479771400,20519652500,3504.4571,3506.8996,3493.7313,3510.9845
95852000,3495.3997,3242300,49747800,1483013700,20569400300,3504.4571,3506.8996,3493.7313,3510.9845
95857000,3494.485,2131300,32544500,1485145000,20601944800,3504.4571,3506.8996,3493.7313,3510.9845
95902000,3495.1996,3583000,44410500,1488728000,20646355300,3504.4571,3506.8996,3493.7313,3510.9845
95907000,3494.8158,5692300,61674000,1494420300,20708029300,3504.4571,3506.8996,3493.7313,3510.9845
95912000,3494.545,1852600,26713300,1496272900,20734742600,3504.4571,3506.8996,3493.7313,3510.9845
95917000,3494.8691,3924500,47630700,1500197400,20782373300,3504.4571,3506.8996,3493.7313,3510.9845
95922000,3494.1213,3490900,56150100,1503688300,20838523400,3504.4571,3506.8996,3493.7313,3510.9845
95927000,3494.5577,2237800,32740000,1505926100,20871263400,3504.4571,3506.8996,3493.7313,3510.9845
95932000,3494.8059,3720000,48067600,1509646100,20919331000,3504.4571,3506.8996,3493.7313,3510.9845
95937000,3494.2506,4350500,51547600,1513996600,20970878600,3504.4571,3506.8996,3493.7313,3510.9845
95942000,3494.6836,2084100,29577600,1516080700,21000456200,3504.4571,3506.8996,3493.7313,3510.9845
95947000,3494.4389,4089900,52215200,1520170600,21052671400,3504.4571,3506.8996,3493.7313,3510.9845
95952000,3494.457,5091800,53273700,1525262400,21105945100,3504.4571,3506.8996,3493.7313,3510.9845
95957000,3494.6312,2014800,37028500,1527277200,21142973600,3504.4571,3506.8996,3493.7313,3510.9845
100002000,3494.4322,4241000,51923500,1531518200,21194897100,3504.4571,3506.8996,3493.7313,3510.9845
100007000,3493.6907,4741200,65740300,1536259400,21260637400,3504.4571,3506.8996,3493.6907,3510.9845
100012000,3494.1449,3370400,40750000,1539629800,21301387400,3504.4571,3506.8996,3493.6459,3510.9845
100017000,3493.6745,4901400,58081200,1544531200,21359468600,3504.4571,3506.8996,3493.6459,3510.9845
100022000,3493.5482,5967100,58460900,1550498300,21417929500,3504.4571,3506.8996,3493.3583,3510.9845
100027000,3493.3838,4881600,51275700,1555379900,21469205200,3504.4571,3506.8996,3493.3583,3510.9845
100032000,3493.6401,3616700,56894600,1558996600,21526099800,3504.4571,3506.8996,3493.2828,3510.9845
100037000,3493.2726,6497700,63318300,1565494300,21589418100,3504.4571,3506.8996,3493.2726,3510.9845
100042000,3493.4495,4853600,51044400,1570347900,21640462500,3504.4571,3506.8996,3493.2726,3510.9845
100047000,3492.8656,6510500,65701900,1576858400,21706164400,3504.4571,3506.8996,3492.8593,3510.9845
100052000,3492.8758,4307300,61318700,1581165700,21767483100,3504.4571,3506.8996,3492.8214,3510.9845
100057000,3492.3631,3060700,57444300,1584226400,21824927400,3504.4571,3506.8996,3492.2917,3510.9845
100102000,3492.6797,4464100,49965100,1588690500,21874892500,3504.4571,3506.8996,3492.2917,3510.9845
100107000,3492.3175,4858500,65531500,1593549000,21940424000,3504.4571,3506.8996,3492.2917,3510.9845
100112000,3492.1695,3072300,35165200,1596621300,21975589200,3504.4571,3506.8996,3492.1695,3510.9845
100117000,3491.8786,3894900,45974800,1600516200,22021564000,3504.4571,3506.8996,3491.6219,3510.9845
100122000,3491.8971,5378900,61520200,1605895100,22083084200,3504.4571,3506.8996,3491.6219,3510.9845
100127000,3492.1388,2621900,34109200,1608517000,22117193400,3504.4571,3506.8996,3491.6219,3510.9845
100132000,3491.9581,3874300,56410600,1612391300,22173604000,3504.4571,3506.8996,3491.6219,3510.9845
100137000,3491.7355,4577100,56622100,1616968400,22230226100,3504.4571,3506.8996,3491.6219,3510.9845
100142000,3491.5071,3275300,45537000,1620243700,22275763100,3504.4571,3506.8996,3491.5071,3510.9845
100147000,3491.329,3552900,46064800,1623796600,22321827900,3504.4571,3506.8996,3491.2739,3510.9845
100152000,3491.4204,3838900,50820400,1627635500,22372648300,3504.4571,3506.8996,3491.2739,3510.9845
100157000,3491.4401,2420500,31197700,1630056000,22403846000,3504.4571,3506.8996,3491.2739,3510.9845
100202000,3491.1439,3741000,49985700,1633797000,22453831700,3504.4571,3506.8996,3491.1439,3510.9845
100207000,3491.5228,4343000,51939100,1638140000,22505770800,3504.4571,3506.8996,3491.1439,3510.9845
100212000,3491.3313,3873200,36544300,1642013200,22542315100,3504.4571,3506.8996,3491.1439,3510.9845
100217000,3491.1312,3290000,48568900,1645303200,22590884000,3504.4571,3506.8996,3491.1312,3510.9845
100222000,3490.9598,5459100,57784100,1650762300,22648668100,3504.4571,3506.8996,3490.9598,3510.9845
100227000,3491.1925,2649800,34670900,1653412100,22683339000,3504.4571,3506.8996,3490.8063,3510.9845
100232000,3491.0783,3881700,45316900,1657293800,22728655900,3504.4571,3506.8996,3490.8063,3510.9845
100237000,3491.398,4282400,52540900,1661576200,22781196800,3504.4571,3506.8996,3490.8063,3510.9845
100242000,3491.5283,3584400,30348800,1665160600,22811545600,3504.4571,3506.8996,3490.8063,3510.9845
100247000,3491.6468,4345000,50443200,1669505600,22861988800,3504.4571,3506.8996,3490.8063,3510.9845
100252000,3491.0975,5268200,59828300,1674773800,22921817100,3504.4571,3506.8996,3490.8063,3510.9845
100257000,3491.5292,2329000,30873200,1677102800,22952690300,3504.4571,3506.8996,3490.8063,3510.9845
100302000,3491.9351,4560200,54661400,1681663000,23007351700,3504.4571,3506.8996,3490.8063,3510.9845
100307000,3492.4433,4536400,53516600,1686199400,23060868300,3504.4571,3506.8996,3490.8063,3510.9845
100312000,3492.3229,4199800,41743400,1690399200,23102611700,3504.4571,3506.8996,3490.8063,3510.9845
100317000,3492.9583,6214000,58314300,1696613200,23160926000,3504.4571,3506.8996,3490.8063,3510.9845
100322000,3492.9339,4679300,50102600,1701292500,23211028600,3504.4571,3506.8996,3490.8063,3510.9845
100327000,3493.2573,2267200,29265200,1703559700,23240293800,3504.4571,3506.8996,3490.8063,3510.9845
100332000,3493.7876,3888700,50450300,1707448400,23290744100,3504.4571,3506.8996,3490.8063,3510.9845
100337000,3494.2522,5569500,57741100,1713017900,23348485200,3504.4571,3506.8996,3490.8063,3510.9845
100342000,3494.4507,2091600,26237200,1715109500,23374722400,3504.4571,3506.8996,3490.8063,3510.9845
100347000,3494.817,2551200,36760300,1717660700,23411482700,3504.4571,3506.8996,3490.8063,3510.9845
100352000,3494.2094,4185600,52562600,1721846300,23464045300,3504.4571,3506.8996,3490.8063,3510.9845
100357000,3494.5765,3046200,36164700,1724892500,23500210000,3504.4571,3506.8996,3490.8063,3510.9845
100402000,3495.8483,3059800,45216800,1727952300,23545426800,3504.4571,3506.8996,3490.8063,3510.9845
100407000,3496.003,3892800,47515000,1731845100,23592941800,3504.4571,3506.8996,3490.8063,3510.9845
100412000,3495.9537,1903500,27800300,1733748600,23620742100,3504.4571,3506.8996,3490.8063,3510.9845
100417000,3495.9191,2336700,32329500,1736085300,23653071600,3504.4571,3506.8996,3490.8063,3510.9845
100422000,3495.7117,3871000,44817400,1739956300,23697889000,3504.4571,3506.8996,3490.8063,3510.9845
100427000,3495.9919,2212300,29936200,1742168600,23727825200,3504.4571,3506.8996,3490.8063,3510.9845
100432000,3496.4482,2317000,35831700,1744485600,23763656900,3504.4571,3506.8996,3490.8063,3510.9845
100437000,3495.888,3895200,45057500,1748380800,23808714400,3504.4571,3506.8996,3490.8063,3510.9845
100442000,3496.5263,2227100,30760300,1750607900,23839474700,3504.4571,3506.8996,3490.8063,3510.9845
100447000,3496.4743,2489900,38499300,1753097800,23877974000,3504.4571,3506.8996,3490.8063,3510.9845
100452000,3496.7453,3092200,46413900,1756190000,23924387900,3504.4571,3506.8996,3490.8063,3510.9845
100457000,3496.4384,2356000,33603500,1758546000,23957991400,3504.4571,3506.8996,3490.8063,3510.9845
100502000,3496.8451,3261500,48199500,1761807500,24006190900,3504.4571,3506.8996,3490.8063,3510.9845
100507000,3496.8788,2923100,38008300,1764730600,24044199200,3504.4571,3506.8996,3490.8063,3510.9845
100512000,3496.4194,1505300,23694200,1766235900,24067893400,3504.4571,3506.8996,3490.8063,3510.9845
100517000,3496.7472,2456600,36020800,1768692500,24103914200,3504.4571,3506.8996,3490.8063,3510.9845
100522000,3496.6217,2971900,39848800,1771664400,24143763000,3504.4571,3506.8996,3490.8063,3510.9845
100527000,3496.5873,1864900,28636300,1773529300,24172399300,3504.4571,3506.8996,3490.8063,3510.9845
100532000,3496.2889,2775500,39863200,1776304800,24212262500,3504.4571,3506.8996,3490.8063,3510.9845
100537000,3496.767,2569000,48352400,1778873800,24260614900,3504.4571,3506.8996,3490.8063,3510.9845
100542000,3496.0615,3587300,38218900,1782461100,24298833800,3504.4571,3506.8996,3490.8063,3510.9845
100547000,3495.5574,4187500,50293500,1786648600,24349127300,3504.4571,3506.8996,3490.8063,3510.9845
100552000,3495.5449,4530600,49712800,1791179200,24398840100,3504.4571,3506.8996,3490.8063,3510.9845
100557000,3495.3547,2567700,35404900,1793746900,24434245000,3504.4571,3506.8996,3490.8063,3510.9845
100602000,3495.6064,3263500,53809000,1797010400,24488054000,3504.4571,3506.8996,3490.8063,3510.9845
100607000,3495.363,4443800,45722600,1801454200,24533776600,3504.4571,3506.8996,3490.8063,3510.9845
100612000,3495.4178,2641400,33103900,1804095600,24566880500,3504.4571,3506.8996,3490.8063,3510.9845
100617000,3494.8948,2894300,43108300,1806989900,24609988800,3504.4571,3506.8996,3490.8063,3510.9845
100622000,3495.1396,4283400,57021200,1811273300,24667010000,3504.4571,3506.8996,3490.8063,3510.9845
100627000,3494.9927,2098600,26060500,1813371900,24693070500,3504.4571,3506.8996,3490.8063,3510.9845
100632000,3495.1621,2937400,40436700,1816309300,24733507200,3504.4571,3506.8996,3490.8063,3510.9845
100637000,3495.1615,3880900,42993200,1820190200,24776500400,3504.4571,3506.8996,3490.8063,3510.9845
100642000,3495.164,2365700,34355300,1822555900,24810855700,3504.4571,3506.8996,3490.8063,3510.9845
100647000,3494.8404,3275200,41373700,1825831100,24852229400,3504.4571,3506.8996,3490.8063,3510.9845
100652000,3494.7713,2558100,38307400,1828389200,24890536800,3504.4571,3506.8996,3490.8063,3510.9845
100657000,3494.8691,2720600,36453200,1831109800,24926990000,3504.4571,3506.8996,3490.8063,3510.9845
100702000,3494.424,2248300,43143600,1833358100,24970133600,3504.4571,3506.8996,3490.8063,3510.9845
100707000,3494.5903,2473700,34535200,1835831800,25004668800,3504.4571,3506.8996,3490.8063,3510.9845
100712000,3494.6204,1463600,23552200,1837295400,25028221000,3504.4571,3506.8996,3490.8063,3510.9845
100718000,3494.6006,2699000,40852500,1839994400,25069073500,3504.4571,3506.8996,3490.8063,3510.9845
100722000,3494.5569,2465400,40295300,1842459800,25109368800,3504.4571,3506.8996,3490.8063,3510.9845
100727000,3494.27,1559500,24931800,1844019300,25134300600,3504.4571,3506.8996,3490.8063,3510.9845
100732000,3494.1212,3963600,46477000,1847982900,25180777600,3504.4571,3506.8996,3490.8063,3510.9845
100737000,3494.165,2898700,42424800,1850881600,25223202400,3504.4571,3506.8996,3490.8063,3510.9845
100743000,3494.1499,2283300,37985900,1853164900,25261188300,3504.4571,3506.8996,3490.8063,3510.9845
100747000,3493.9887,1219200,18007800,1854384100,25279196100,3504.4571,3506.8996,3490.8063,3510.9845
100753000,3494.0889,3519300,41918200,1857903400,25321114300,3504.4571,3506.8996,3490.8063,3510.9845
100757000,3494.0848,2146400,25976800,1860049800,25347091100,3504.4571,3506.8996,3490.8063,3510.9845
100803000,3493.8415,3713700,47416500,1863763500,25394507600,3504.4571,3506.8996,3490.8063,3510.9845
100808000,3493.8964,2523500,33179100,1866287000,25427686700,3504.4571,3506.8996,3490.8063,3510.9845
100813000,3493.8489,3023200,42455600,1869310200,25470142300,3504.4571,3506.8996,3490.8063,3510.9845
100818000,3493.6748,2518700,30021700,1871828900,25500164000,3504.4571,3506.8996,3490.8063,3510.9845
100823000,3493.1912,3196600,50166300,1875025500,25550330300,3504.4571,3506.8996,3490.8063,3510.9845
100828000,3493.3153,3207900,43652000,1878233400,25593982300,3504.4571,3506.8996,3490.8063,3510.9845
100833000,3492.9981,3807000,49187700,1882040400,25643170000,3504.4571,3506.8996,3490.8063,3510.9845
100838000,3492.168,3371900,51685200,1885412300,25694855200,3504.4571,3506.8996,3490.8063,3510.9845
100843000,3492.0091,3707600,56903800,1889119900,25751759000,3504.4571,3506.8996,3490.8063,3510.9845
100848000,3491.3911,3760600,47878100,1892880500,25799637100,3504.4571,3506.8996,3490.8063,3510.9845
100853000,3490.8987,4194500,63365200,1897075000,25863002300,3504.4571,3506.8996,3490.8063,3510.9845
100858000,3490.2911,3872900,64807600,1900947900,25927809900,3504.4571,3506.8996,3490.2911,3510.9845
100903000,3490.0367,3565900,48327200,1904513800,25976137100,3504.4571,3506.8996,3490.0367,3510.9845
100908000,3489.985,4122300,66048000,1908636100,26042185100,3504.4571,3506.8996,3489.8634,3510.9845
100913000,3489.671,3748600,53242100,1912384700,26095427200,3504.4571,3506.8996,3489.671,3510.9845
100918000,3489.5943,2979300,40873700,1915364000,26136300900,3504.4571,3506.8996,3489.4776,3510.9845
100923000,3489.3527,3962700,52243800,1919326700,26188544700,3504.4571,3506.8996,3489.3527,3510.9845
100928000,3489.4776,3380000,49184500,1922706700,26237729200,3504.4571,3506.8996,3489.3527,3510.9845
100933000,3489.3559,2692900,32792700,1925399600,26270521900,3504.4571,3506.8996,3489.3397,3510.9845
100938000,3489.2895,2921400,43611100,1928321000,26314133000,3504.4571,3506.8996,3489.2837,3510.9845
100943000,3489.2097,3242300,50870500,1931563300,26365003500,3504.4571,3506.8996,3489.0182,3510.9845
100948000,3489.0804,2159700,40747100,1933723000,26405750600,3504.4571,3506.8996,3489.0182,3510.9845
100953000,3488.9643,2984300,45675300,1936707300,26451425900,3504.4571,3506.8996,3488.9555,3510.9845
100958000,3488.9612,5061700,72913600,1941769000,26524339500,3504.4571,3506.8996,3488.8139,3510.9845
101003000,3488.6489,2657300,42738600,1944426300,26567078100,3504.4571,3506.8996,3488.6489,3510.9845
101008000,3488.5272,3787700,47504500,1948214000,26614582600,3504.4571,3506.8996,3488.4173,3510.9845
101013000,3488.2168,2634600,39165200,1950848600,26653747800,3504.4571,3506.8996,3488.1125,3510.9845
101018000,3488.4161,2723700,40668100,1953572300,26694415900,3504.4571,3506.8996,3488.1125,3510.9845
101023000,3488.2147,3062000,37145000,1956634300,26731560900,3504.4571,3506.8996,3488.1125,3510.9845
101028000,3488.1285,3626600,46749300,1960260900,26778310200,3504.4571,3506.8996,3488.1125,3510.9845
101033000,3488.1774,3397700,35166300,1963658600,26813476500,3504.4571,3506.8996,3488.1036,3510.9845
101038000,3487.7528,3256000,47258600,1966914600,26860735100,3504.4571,3506.8996,3487.7528,3510.9845
101043000,3487.8193,3415600,43247100,1970330200,26903982200,3504.4571,3506.8996,3487.7528,3510.9845
101048000,3487.7888,6878900,51191900,1977209100,26955174100,3504.4571,3506.8996,3487.7409,3510.9845
101053000,3488.1991,3668700,49951500,1980877800,27005125600,3504.4571,3506.8996,3487.7409,3510.9845
101058000,3487.7467,3610600,53097600,1984488400,27058223200,3504.4571,3506.8996,3487.6788,3510.9845
101103000,3487.7256,3273300,34462400,1987761700,27092685600,3504.4571,3506.8996,3487.6788,3510.9845
101108000,3487.6907,3553000,48783900,1991314700,27141469500,3504.4571,3506.8996,3487.6685,3510.9845
101113000,3487.7037,3002300,49294600,1994317000,27190764100,3504.4571,3506.8996,3487.6685,3510.9845
101118000,3487.7998,2384600,35570900,1996701600,27226335000,3504.4571,3506.8996,3487.6405,3510.9845
101123000,3487.6641,3228600,58288100,1999930200,27284623100,3504.4571,3506.8996,3487.6405,3510.9845
101128000,3487.3881,4867500,46495500,2004797700,27331118600,3504.4571,3506.8996,3487.3881,3510.9845
101133000,3487.6491,2557300,34763300,2007355000,27365881900,3504.4571,3506.8996,3487.3588,3510.9845
101138000,3487.9379,3690200,44784200,2011045200,27410666100,3504.4571,3506.8996,3487.3588,3510.9845
101143000,3487.3924,3220300,43802100,2014265500,27454468200,3504.4571,3506.8996,3487.0521,3510.9845
101148000,3487.6826,1437200,25431700,2015702700,27479899900,3504.4571,3506.8996,3487.0521,3510.9845
101153000,3487.4116,2804900,42640600,2018507600,27522540500,3504.4571,3506.8996,3487.0521,3510.9845
101158000,3488.0217,2452000,42335300,2020959600,27564875800,3504.4571,3506.8996,3487.0521,3510.9845
101203000,3487.8444,2337900,35648400,2023297500,27600524200,3504.4571,3506.8996,3487.0521,3510.9845
101208000,3488.1754,4605400,58364000,2027902900,27658888200,3504.4571,3506.8996,3487.0521,3510.9845
101213000,3487.985,3591200,44173900,2031494100,27703062100,3504.4571,3506.8996,3487.0521,3510.9845
101218000,3488.182,1398600,22821900,2032892700,27725884000,3504.4571,3506.8996,3487.0521,3510.9845
101223000,3487.8761,3814100,46233800,2036706800,27772117800,3504.4571,3506.8996,3487.0521,3510.9845
101228000,3488.2307,3659500,42816600,2040366300,27814934400,3504.4571,3506.8996,3487.0521,3510.9845
101233000,3487.913,2213700,30066700,2042580000,27845001100,3504.4571,3506.8996,3487.0521,3510.9845
101238000,3487.9387,3399600,43843300,2045979600,27888844400,3504.4571,3506.8996,3487.0521,3510.9845
101243000,3487.7351,3012100,43680900,2048991700,27932525300,3504.4571,3506.8996,3487.0521,3510.9845
101248000,3487.6028,2513500,32012800,2051505200,27964538100,3504.4571,3506.8996,3487.0521,3510.9845
101253000,3488.1342,2155600,30489000,2053660800,27995027100,3504.4571,3506.8996,3487.0521,3510.9845
101258000,3487.6165,3318200,38038600,2056979000,28033065700,3504.4571,3506.8996,3487.0521,3510.9845
101303000,3487.5389,1325100,20105100,2058304100,28053170800,3504.4571,3506.8996,3487.0521,3510.9845
101308000,3487.5614,2536400,36513300,2060840500,28089684100,3504.4571,3506.8996,3487.0521,3510.9845
101313000,3487.9608,3489200,40975300,2064329700,28130659400,3504.4571,3506.8996,3487.0521,3510.9845
101318000,3487.5966,1954300,30416400,2066284000,28161075800,3504.4571,3506.8996,3487.0521,3510.9845
101323000,3487.2628,3226600,43196200,2069510600,28204272000,3504.4571,3506.8996,3487.0521,3510.9845
101328000,3486.924,3385000,49241600,2072895600,28253513600,3504.4571,3506.8996,3486.924,3510.9845
101333000,3486.7531,2985800,41952200,2075881400,28295465800,3504.4571,3506.8996,3486.7531,3510.9845
101338000,3487.1816,4306000,49237900,2080187400,28344703700,3504.4571,3506.8996,3486.7531,3510.9845
101343000,3487.3566,2873800,37151500,2083061200,28381855200,3504.4571,3506.8996,3486.7531,3510.9845
101348000,3486.9092,1568900,26503600,2084630100,28408358800,3504.4571,3506.8996,3486.7531,3510.9845
101353000,3486.6898,2003600,32945800,2086633700,28441304600,3504.4571,3506.8996,3486.6898,3510.9845
101358000,3486.6437,2210300,36845700,2088844000,28478150300,3504.4571,3506.8996,3486.569,3510.9845
101403000,3486.4532,2367400,32429900,2091211400,28510580200,3504.4571,3506.8996,3486.4532,3510.9845
101408000,3486.4669,2507000,35914500,2093718400,28546494700,3504.4571,3506.8996,3486.3895,3510.9845
101413000,3486.1969,3301800,44781900,2097020200,28591276600,3504.4571,3506.8996,3486.0681,3510.9845
101418000,3486.5786,1547300,23474500,2098567500,28614751100,3504.4571,3506.8996,3486.0681,3510.9845
101423000,3486.3333,2152800,32671100,2100720300,28647422200,3504.4571,3506.8996,3486.0681,3510.9845
101428000,3486.468,2672900,35009900,2103393200,28682432100,3504.4571,3506.8996,3486.0681,3510.9845
101433000,3486.2534,1824900,21907600,2105218100,28704339700,3504.4571,3506.8996,3486.0681,3510.9845
101438000,3486.4799,2246100,30799400,2107464200,28735139100,3504.4571,3506.8996,3486.0681,3510.9845
101443000,3486.405,2576200,45938900,2110040400,28781078000,3504.4571,3506.8996,3486.0681,3510.9845
101448000,3486.0766,2192400,29777700,2112232800,28810855700,3504.4571,3506.8996,3486.0681,3510.9845
101453000,3486.0641,1927300,33258600,2114160100,28844114300,3504.4571,3506.8996,3486.0641,3510.9845
101458000,3485.283,2947100,45207500,2117107200,28889321800,3504.4571,3506.8996,3485.283,3510.9845
101503000,3485.4881,1823300,24828300,2118930500,28914150100,3504.4571,3506.8996,3485.1876,3510.9845
101508000,3485.3951,2668000,40800000,2121598500,28954950100,3504.4571,3506.8996,3485.1876,3510.9845
101513000,3484.961,2742400,41452800,2124340900,28996402900,3504.4571,3506.8996,3484.961,3510.9845
101518000,3485.3219,2074000,28962400,2126414900,29025365300,3504.4571,3506.8996,3484.8157,3510.9845
101523000,3485.1677,2677600,32241700,2129092500,29057607000,3504.4571,3506.8996,3484.8157,3510.9845
101528000,3485.3977,2314400,35490600,2131406900,29093097600,3504.4571,3506.8996,3484.8157,3510.9845
101533000,3484.8398,1718400,23615000,2133125300,29116712600,3504.4571,3506.8996,3484.8157,3510.9845
101538000,3485.0496,2016600,31940500,2135141900,29148653100,3504.4571,3506.8996,3484.8157,3510.9845
101543000,3485.6433,4003900,46104900,2139145800,29194758000,3504.4571,3506.8996,3484.8157,3510.9845
101548000,3485.5076,2230900,28234100,2141376700,29222992100,3504.4571,3506.8996,3484.8157,3510.9845
101553000,3486.0912,3710100,45574500,2145086800,29268566600,3504.4571,3506.8996,3484.8157,3510.9845
101558000,3486.0612,3013200,41136300,2148100000,29309702900,3504.4571,3506.8996,3484.8157,3510.9845
101603000,3485.5514,2979800,38171800,2151079800,29347874700,3504.4571,3506.8996,3484.8157,3510.9845
101608000,3485.7622,4562700,61583000,2155642500,29409457700,3504.4571,3506.8996,3484.8157,3510.9845
101613000,3485.9442,2817600,45184300,2158460100,29454642000,3504.4571,3506.8996,3484.8157,3510.9845
101618000,3486.1085,1814700,25398600,2160274800,29480040600,3504.4571,3506.8996,3484.8157,3510.9845
101623000,3486.1897,2957500,47486300,2163232300,29527526900,3504.4571,3506.8996,3484.8157,3510.9845
101628000,3486.1872,3150200,48622900,2166382500,29576149800,3504.4571,3506.8996,3484.8157,3510.9845
101633000,3486.1909,1635200,25050200,2168017700,29601200000,3504.4571,3506.8996,3484.8157,3510.9845
101638000,3485.907,2708300,44347600,2170726000,29645547600,3504.4571,3506.8996,3484.8157,3510.9845
101643000,3486.3019,2916900,37059300,2173642900,29682606900,3504.4571,3506.8996,3484.8157,3510.9845
101648000,3486.5693,1997200,27226300,2175640100,29709833200,3504.4571,3506.8996,3484.8157,3510.9845
101653000,3486.5161,1972500,28258700,2177612600,29738091900,3504.4571,3506.8996,3484.8157,3510.9845
101658000,3486.9963,2977000,45868600,2180589600,29783960500,3504.4571,3506.8996,3484.8157,3510.9845
101703000,3486.8103,2308600,24897600,2182898200,29808858100,3504.4571,3506.8996,3484.8157,3510.9845
101708000,3486.7953,2916600,43249600,2185814800,29852107700,3504.4571,3506.8996,3484.8157,3510.9845
101713000,3486.8017,2552400,32875900,2188367200,29884983600,3504.4571,3506.8996,3484.8157,3510.9845
101718000,3487.1895,2032000,23487600,2190399200,29908471200,3504.4571,3506.8996,3484.8157,3510.9845
101723000,3487.3955,1784700,27177000,2192183900,29935648200,3504.4571,3506.8996,3484.8157,3510.9845
101728000,3487.4571,2021600,34187800,2194205500,29969836000,3504.4571,3506.8996,3484.8157,3510.9845
101733000,3487.3247,1594200,26108500,2195799700,29995944500,3504.4571,3506.8996,3484.8157,3510.9845
101738000,3487.7413,2986400,40003300,2198786100,30035947800,3504.4571,3506.8996,3484.8157,3510.9845
101743000,3488.0948,2127900,34942200,2200914000,30070890000,3504.4571,3506.8996,3484.8157,3510.9845
101748000,3487.713,1397200,24011600,2202311200,30094901600,3504.4571,3506.8996,3484.8157,3510.9845
101753000,3488.086,2485700,34630300,2204796900,30129531900,3504.4571,3506.8996,3484.8157,3510.9845
101758000,3488.1091,2248600,34364200,2207045500,30163896100,3504.4571,3506.8996,3484.8157,3510.9845
101803000,3488.0589,2793900,35116400,2209839400,30199012500,3504.4571,3506.8996,3484.8157,3510.9845
101808000,3488.0801,4118400,53477300,2213957800,30252489800,3504.4571,3506.8996,3484.8157,3510.9845
101813000,3487.9886,3498200,45673100,2217456000,30298162900,3504.4571,3506.8996,3484.8157,3510.9845
101818000,3488.2543,2309000,35261600,2219765000,30333424500,3504.4571,3506.8996,3484.8157,3510.9845
101823000,3487.9339,2546600,35402500,2222311600,30368827000,3504.4571,3506.8996,3484.8157,3510.9845
101828000,3488.3724,3074400,32210300,2225386000,30401037300,3504.4571,3506.8996,3484.8157,3510.9845
101833000,3488.2913,1949400,25873700,2227335400,30426911000,3504.4571,3506.8996,3484.8157,3510.9845
101838000,3487.9601,3578500,40190300,2230913900,30467101300,3504.4571,3506.8996,3484.8157,3510.9845
101843000,3488.445,2029000,33137400,2232942900,30500238700,3504.4571,3506.8996,3484.8157,3510.9845
101848000,3487.9605,1430800,21892900,2234373700,30522131600,3504.4571,3506.8996,3484.8157,3510.9845
101853000,3487.6196,3216500,38263400,2237590200,30560395000,3504.4571,3506.8996,3484.8157,3510.9845
101858000,3487.5342,3952400,48373000,2241542600,30608768000,3504.4571,3506.8996,3484.8157,3510.9845
101903000,3487.9336,2203000,33630700,2243745600,30642398700,3504.4571,3506.8996,3484.8157,3510.9845
101908000,3487.9894,2088000,31168500,2245833600,30673567200,3504.4571,3506.8996,3484.8157,3510.9845
101913000,3488.5363,2344000,32500100,2248177600,30706067300,3504.4571,3506.8996,3484.8157,3510.9845
101918000,3488.7036,1565600,28501800,2249743200,30734569100,3504.4571,3506.8996,3484.8157,3510.9845
101923000,3488.6268,1772200,35469500,2251515400,30770038600,3504.4571,3506.8996,3484.8157,3510.9845
101928000,3489.0818,2379800,40279100,2253895200,30810317700,3504.4571,3506.8996,3484.8157,3510.9845
101933000,3488.6824,3308900,27530000,2257204100,30837847700,3504.4571,3506.8996,3484.8157,3510.9845
101938000,3489.2921,2775000,34801700,2259979100,30872649400,3504.4571,3506.8996,3484.8157,3510.9845
101943000,3489.4711,3116600,36552300,2263095700,30909201700,3504.4571,3506.8996,3484.8157,3510.9845
101948000,3489.5041,1667200,25762200,2264762900,30934963900,3504.4571,3506.8996,3484.8157,3510.9845
101953000,3489.6893,2314000,35271800,2267076900,30970235700,3504.4571,3506.8996,3484.8157,3510.9845
101958000,3490.0303,2602800,35642900,2269679700,31005878600,3504.4571,3506.8996,3484.8157,3510.9845
102003000,3489.9167,2915700,30579700,2272595400,31036458300,3504.4571,3506.8996,3484.8157,3510.9845
102008000,3490.0875,2791500,38695400,2275386900,31075153700,3504.4571,3506.8996,3484.8157,3510.9845
102013000,3490.5519,2316100,39677800,2277703000,31114831500,3504.4571,3506.8996,3484.8157,3510.9845
102018000,3490.5885,2053800,25677900,2279756800,31140509400,3504.4571,3506.8996,3484.8157,3510.9845
102023000,3490.1451,2406100,35714400,2282162900,31176223800,3504.4571,3506.8996,3484.8157,3510.9845
102028000,3490.1235,2013900,29660000,2284176800,31205883800,3504.4571,3506.8996,3484.8157,3510.9845
102033000,3490.4443,1536100,21335500,2285712900,31227219300,3504.4571,3506.8996,3484.8157,3510.9845
102038000,3489.8811,3144100,42638500,2288857000,31269857800,3504.4571,3506.8996,3484.8157,3510.9845
102043000,3490.7714,2487200,35401900,2291344200,31305259700,3504.4571,3506.8996,3484.8157,3510.9845
102048000,3490.7832,902000,17794200,2292246200,31323053900,3504.4571,3506.8996,3484.8157,3510.9845
102053000,3490.7334,3416400,37436200,2295662600,31360490100,3504.4571,3506.8996,3484.8157,3510.9845
102058000,3490.6681,2877600,46695100,2298540200,31407185200,3504.4571,3506.8996,3484.8157,3510.9845
102103000,3490.4897,1938200,30823100,2300478400,31438008300,3504.4571,3506.8996,3484.8157,3510.9845
102108000,3490.8194,3322300,41602300,2303800700,31479610600,3504.4571,3506.8996,3484.8157,3510.9845
102113000,3491.1413,2415000,28997600,2306215700,31508608200,3504.4571,3506.8996,3484.8157,3510.9845
102119000,3490.4423,3435800,39884800,2309651500,31548493000,3504.4571,3506.8996,3484.8157,3510.9845
102123000,3490.7333,1361100,18829900,2311012600,31567322900,3504.4571,3506.8996,3484.8157,3510.9845
102129000,3490.9395,2086500,34647700,2313099100,31601970600,3504.4571,3506.8996,3484.8157,3510.9845
102134000,3490.73,2345000,31033800,2315444100,31633004400,3504.4571,3506.8996,3484.8157,3510.9845
102139000,3490.1133,2180900,23664300,2317625000,31656668700,3504.4571,3506.8996,3484.8157,3510.9845
102144000,3490.7907,2060700,35176100,2319685700,31691844800,3504.4571,3506.8996,3484.8157,3510.9845
102148000,3490.7876,1528900,27674100,2321214600,31719518900,3504.4571,3506.8996,3484.8157,3510.9845
102154000,3491.0274,2928700,38113500,2324143300,31757632400,3504.4571,3506.8996,3484.8157,3510.9845
102159000,3491.2495,4767300,48234800,2328910600,31805867200,3504.4571,3506.8996,3484.8157,3510.9845
102204000,3490.7984,2776500,42018800,2331687100,31847886000,3504.4571,3506.8996,3484.8157,3510.9845
102209000,3490.772,2386900,31851800,2334074000,31879737800,3504.4571,3506.8996,3484.8157,3510.9845
102214000,3490.1845,2100400,30245500,2336174400,31909983300,3504.4571,3506.8996,3484.8157,3510.9845
102219000,3490.2576,1986000,36177700,2338160400,31946161000,3504.4571,3506.8996,3484.8157,3510.9845
102224000,3489.5063,2664300,42832600,2340824700,31988993600,3504.4571,3506.8996,3484.8157,3510.9845
102229000,3489.1072,3541300,50329400,2344366000,32039323000,3504.4571,3506.8996,3484.8157,3510.9845
102234000,3488.2111,3816000,60884700,2348182000,32100207700,3504.4571,3506.8996,3484.8157,3510.9845
102239000,3487.4846,3711300,55652300,2351893300,32155860000,3504.4571,3506.8996,3484.8157,3510.9845
102244000,3487.004,5321800,72138900,2357215100,32227998900,3504.4571,3506.8996,3484.8157,3510.9845
102249000,3486.7731,4123800,58376200,2361338900,32286375100,3504.4571,3506.8996,3484.8157,3510.9845
102254000,3486.0791,2856500,40959500,2364195400,32327334600,3504.4571,3506.8996,3484.8157,3510.9845
102259000,3485.3685,3626800,57620000,2367822200,32384954600,3504.4571,3506.8996,3484.8157,3510.9845
102304000,3485.0716,6412700,77217300,2374234900,32462171900,3504.4571,3506.8996,3484.8157,3510.9845
102309000,3485.0914,2627100,37494200,2376862000,32499666100,3504.4571,3506.8996,3484.8157,3510.9845
102314000,3485.167,3746100,51334100,2380608100,32551000200,3504.4571,3506.8996,3484.8157,3510.9845
102319000,3484.303,2926100,52916200,2383534200,32603916400,3504.4571,3506.8996,3484.303,3510.9845
102324000,3484.5782,2777200,35558000,2386311400,32639474400,3504.4571,3506.8996,3484.303,3510.9845
102329000,3483.959,4182200,57440400,2390493600,32696914800,3504.4571,3506.8996,3483.959,3510.9845
102334000,3483.6954,3798800,55051700,2394292400,32751966500,3504.4571,3506.8996,3483.6954,3510.9845
102339000,3483.3726,2136000,32572400,2396428400,32784538900,3504.4571,3506.8996,3483.356,3510.9845
102344000,3483.198,2727500,42655200,2399155900,32827194100,3504.4571,3506.8996,3483.198,3510.9845
102349000,3483.0369,2978900,44089900,2402134800,32871284000,3504.4571,3506.8996,3483.0369,3510.9845
102354000,3483.347,2559000,31625800,2404693800,32902909800,3504.4571,3506.8996,3483.0369,3510.9845
102359000,3483.1723,3802000,46505500,2408495800,32949415300,3504.4571,3506.8996,3482.8903,3510.9845
102404000,3482.9412,3411100,45197900,2411906900,32994613200,3504.4571,3506.8996,3482.8591,3510.9845
102409000,3482.9522,2101300,26120400,2414008200,33020733600,3504.4571,3506.8996,3482.8591,3510.9845
102414000,3482.7141,2541200,37719000,2416549400,33058452600,3504.4571,3506.8996,3482.6159,3510.9845
102419000,3482.6589,2643700,40209200,2419193100,33098661800,3504.4571,3506.8996,3482.6159,3510.9845
102424000,3482.5466,1715800,26991800,2420908900,33125653600,3504.4571,3506.8996,3482.5392,3510.9845
102429000,3482.7324,2368900,40406300,2423277800,33166059900,3504.4571,3506.8996,3482.5392,3510.9845
102434000,3482.8572,3397700,41720000,2426675500,33207779900,3504.4571,3506.8996,3482.5392,3510.9845
102439000,3482.7815,1544800,24623700,2428220300,33232403600,3504.4571,3506.8996,3482.5392,3510.9845
102444000,3483.2378,2937400,34291000,2431157700,33266694600,3504.4571,3506.8996,3482.5392,3510.9845
102449000,3482.7498,3322600,40569500,2434480300,33307264100,3504.4571,3506.8996,3482.5392,3510.9845
102454000,3482.9937,2121300,24719100,2436601600,33331983200,3504.4571,3506.8996,3482.5392,3510.9845
102459000,3483.0889,2791300,37631300,2439392900,33369614500,3504.4571,3506.8996,3482.5392,3510.9845
102504000,3482.4883,3869700,46108400,2443262600,33415722900,3504.4571,3506.8996,3482.4579,3510.9845
102509000,3482.5068,1677500,21985200,2444940100,33437708100,3504.4571,3506.8996,3482.3694,3510.9845
102514000,3482.2151,2730400,38052100,2447670500,33475760200,3504.4571,3506.8996,3482.2151,3510.9845
102519000,3482.2876,2621400,46699800,2450291900,33522460000,3504.4571,3506.8996,3482.2151,3510.9845
102524000,3482.1573,1606000,22286100,2451897900,33544746100,3504.4571,3506.8996,3482.1573,3510.9845
102529000,3482.4267,2727700,37919900,2454625600,33582666000,3504.4571,3506.8996,3482.1573,3510.9845
102534000,3482.204,4169900,51462000,2458795500,33634128000,3504.4571,3506.8996,3482.1573,3510.9845
102539000,3481.9478,1173500,16944000,2459969000,33651072000,3504.4571,3506.8996,3481.8439,3510.9845
102544000,3482.103,1964900,27732900,2461933900,33678804900,3504.4571,3506.8996,3481.8439,3510.9845
102549000,3481.6322,4477700,54581600,2466411600,33733386500,3504.4571,3506.8996,3481.6322,3510.9845
102554000,3481.4271,2946700,34041400,2469358300,33767427900,3504.4571,3506.8996,3481.4271,3510.9845
102559000,3481.5845,2756800,39123200,2472115100,33806551100,3504.4571,3506.8996,3481.4271,3510.9845
102604000,3481.6301,3759300,43403300,2475874400,33849954400,3504.4571,3506.8996,3481.3761,3510.9845
102609000,3481.4839,1392400,22160600,2477266800,33872115000,3504.4571,3506.8996,3481.3225,3510.9845
102614000,3481.4996,2980300,44871000,2480247100,33916986000,3504.4571,3506.8996,3481.3225,3510.9845
102619000,3481.3209,1952100,31906500,2482199200,33948892500,3504.4571,3506.8996,3481.3209,3510.9845
102624000,3480.8741,1537200,24599500,2483736400,33973492000,3504.4571,3506.8996,3480.8741,3510.9845
102629000,3481.1971,4878900,59318500,2488615300,34032810500,3504.4571,3506.8996,3480.8461,3510.9845
102634000,3480.901,3290100,44410300,2491905400,34077220800,3504.4571,3506.8996,3480.8461,3510.9845
102639000,3481.0103,1689000,28069800,2493594400,34105290600,3504.4571,3506.8996,3480.6657,3510.9845
102644000,3480.7706,3485400,46169900,2497079800,34151460500,3504.4571,3506.8996,3480.6657,3510.9845
102649000,3480.5449,2315700,39693000,2499395500,34191153500,3504.4571,3506.8996,3480.5449,3510.9845
102654000,3480.7089,2023900,21419200,2501419400,34212572700,3504.4571,3506.8996,3480.4097,3510.9845
102659000,3481.109,2414300,34966200,2503833700,34247538900,3504.4571,3506.8996,3480.4097,3510.9845
102704000,3480.5286,2683800,38706400,2506517500,34286245300,3504.4571,3506.8996,3480.4097,3510.9845
102709000,3480.7506,2115500,30261200,2508633000,34316506500,3504.4571,3506.8996,3480.4097,3510.9845
102714000,3480.3219,2274500,41296200,2510907500,34357802700,3504.4571,3506.8996,3480.228,3510.9845
102719000,3480.636,2137100,33482200,2513044600,34391284900,3504.4571,3506.8996,3480.228,3510.9845
102724000,3480.4041,1867400,24285100,2514912000,34415570000,3504.4571,3506.8996,3480.228,3510.9845
102729000,3480.1412,2207900,34440700,2517119900,34450010700,3504.4571,3506.8996,3480.1412,3510.9845
102734000,3480.2253,2197200,37070000,2519317100,34487080700,3504.4571,3506.8996,3480.1393,3510.9845
102739000,3480.7905,1398900,20411600,2520716000,34507492300,3504.4571,3506.8996,3479.9823,3510.9845
102744000,3480.524,1946500,27956100,2522662500,34535448400,3504.4571,3506.8996,3479.9823,3510.9845
102749000,3480.7043,2061400,33447700,2524723900,34568896100,3504.4571,3506.8996,3479.9823,3510.9845
102754000,3480.8613,1134600,16897900,2525858500,34585794000,3504.4571,3506.8996,3479.9823,3510.9845
102759000,3481.0751,3303400,39320000,2529161900,34625114000,3504.4571,3506.8996,3479.9823,3510.9845
102804000,3480.5894,3230500,43750700,2532392400,34668864700,3504.4571,3506.8996,3479.9823,3510.9845
102809000,3480.5409,1619800,18830400,2534012200,34687695100,3504.4571,3506.8996,3479.9823,3510.9845
102814000,3480.3493,2556100,42785200,2536568300,34730480300,3504.4571,3506.8996,3479.9823,3510.9845
102819000,3479.9424,2516900,38869400,2539085200,34769349700,3504.4571,3506.8996,3479.9424,3510.9845
102824000,3479.6409,1932500,32407800,2541017700,34801757500,3504.4571,3506.8996,3479.4736,3510.9845
102829000,3479.6772,2158200,32624000,2543175900,34834381500,3504.4571,3506.8996,3479.4736,3510.9845
102834000,3479.6403,2970700,42099700,2546146600,34876481200,3504.4571,3506.8996,3479.382,3510.9845
102839000,3479.0499,1757900,28996000,2547904500,34905477200,3504.4571,3506.8996,3479.0499,3510.9845
102844000,3479.4595,2894500,46904900,2550799000,34952382100,3504.4571,3506.8996,3479.0499,3510.9845
102849000,3479.1079,2969600,43992700,2553768600,34996374800,3504.4571,3506.8996,3479.0499,3510.9845
102854000,3478.7824,1882000,29058400,2555650600,35025433200,3504.4571,3506.8996,3478.7824,3510.9845
102859000,3478.6638,2894200,40346500,2558544800,35065779700,3504.4571,3506.8996,3478.5483,3510.9845
102904000,3478.4936,3542100,54672100,2562086900,35120451800,3504.4571,3506.8996,3478.323,3510.9845
102909000,3478.0326,3918700,37647900,2566005600,35158099700,3504.4571,3506.8996,3477.9898,3510.9845
102914000,3478.1977,2291800,36147000,2568297400,35194246700,3504.4571,3506.8996,3477.9898,3510.9845
102919000,3477.9818,1791700,32637500,2570089100,35226884200,3504.4571,3506.8996,3477.9818,3510.9845
102924000,3477.8143,1777800,28003900,2571866900,35254888100,3504.4571,3506.8996,3477.7402,3510.9845
102929000,3477.8513,3091900,41962400,2574958800,35296850500,3504.4571,3506.8996,3477.6328,3510.9845
102934000,3478.0373,3478500,44492500,2578437300,35341343000,3504.4571,3506.8996,3477.6328,3510.9845
102939000,3477.8882,2790800,28354300,2581228100,35369697300,3504.4571,3506.8996,3477.6328,3510.9845
102944000,3477.8118,3820900,55398700,2585049000,35425096000,3504.4571,3506.8996,3477.6328,3510.9845
102949000,3477.9844,3506200,43317000,2588555200,35468413000,3504.4571,3506.8996,3477.6328,3510.9845
102954000,3477.2979,1786600,26187300,2590341800,35494600300,3504.4571,3506.8996,3477.1693,3510.9845
102959000,3477.7293,3889100,44202600,2594230900,35538802900,3504.4571,3506.8996,3477.0649,3510.9845
103004000,3476.8383,4346100,63204600,2598577000,35602007500,3504.4571,3506.8996,3476.8383,3510.9845
103009000,3476.2892,3813100,48336500,2602390100,35650344000,3504.4571,3506.8996,3476.2892,3510.9845
103014000,3475.4861,10007100,83800000,2612397200,35734144000,3504.4571,3506.8996,3475.451,3510.9845
103019000,3474.7313,5341700,74405200,2617738900,35808549200,3504.4571,3506.8996,3474.6985,3510.9845
103024000,3474.3676,3730200,48451200,2621469100,35857000400,3504.4571,3506.8996,3474.3351,3510.9845
103029000,3474.3632,5108300,56063600,2626577400,35913064000,3504.4571,3506.8996,3474.0075,3510.9845
103034000,3474.2097,4076700,51304900,2630654100,35964368900,3504.4571,3506.8996,3473.9394,3510.9845
103039000,3474.1183,3827600,44267000,2634481700,36008635900,3504.4571,3506.8996,3473.9394,3510.9845
103044000,3473.9274,4152800,59956300,2638634500,36068592200,3504.4571,3506.8996,3473.8759,3510.9845
103049000,3473.6112,5722200,67054300,2644356700,36135646500,3504.4571,3506.8996,3473.6112,3510.9845
103054000,3473.3323,2817800,35855400,2647174500,36171501900,3504.4571,3506.8996,3473.3323,3510.9845
103059000,3473.1693,4627600,52433400,2651802100,36223935300,3504.4571,3506.8996,3473.1693,3510.9845
103104000,3473.0922,5194500,70847700,2656996600,36294783000,3504.4571,3506.8996,3472.8249,3510.9845
103109000,3472.8575,2532000,36100400,2659528600,36330883400,3504.4571,3506.8996,3472.6815,3510.9845
103114000,3471.8373,4629500,66192600,2664158100,36397076000,3504.4571,3506.8996,3471.8373,3510.9845
103119000,3472.2721,4539900,56486700,2668698000,36453562700,3504.4571,3506.8996,3471.8373,3510.9845
103124000,3472.2051,2434000,29994400,2671132000,36483557100,3504.4571,3506.8996,3471.8373,3510.9845
103129000,3473.2269,2520400,39025200,2673652400,36522582300,3504.4571,3506.8996,3471.8373,3510.9845
103134000,3472.5762,4642200,73504500,2678294600,36596086800,3504.4571,3506.8996,3471.8373,3510.9845
103139000,3472.7642,3052000,40047000,2681346600,36636133800,3504.4571,3506.8996,3471.8373,3510.9845
103144000,3472.5021,4456100,54618500,2685802700,36690752300,3504.4571,3506.8996,3471.8373,3510.9845
103149000,3473.2464,3040600,47962200,2688843300,36738714500,3504.4571,3506.8996,3471.8373,3510.9845
103154000,3472.8455,1972900,29147400,2690816200,36767861900,3504.4571,3506.8996,3471.8373,3510.9845
103159000,3473.0707,2927200,40220100,2693743400,36808082000,3504.4571,3506.8996,3471.8373,3510.9845
103204000,3473.3487,4079200,51628300,2697822600,36859710300,3504.4571,3506.8996,3471.8373,3510.9845
103209000,3473.4939,1987500,35907700,2699810100,36895618000,3504.4571,3506.8996,3471.8373,3510.9845
103214000,3473.5677,2946700,45928900,2702756800,36941546900,3504.4571,3506.8996,3471.8373,3510.9845
103219000,3473.0112,2986300,42485400,2705743100,36984032300,3504.4571,3506.8996,3471.8373,3510.9845
103224000,3473.4161,1930600,25959100,2707673700,37009991400,3504.4571,3506.8996,3471.8373,3510.9845
103229000,3473.7218,2924900,42706600,2710598600,37052698000,3504.4571,3506.8996,3471.8373,3510.9845
103234000,3473.3771,3244900,49821300,2713843500,37102519300,3504.4571,3506.8996,3471.8373,3510.9845
103239000,3473.2366,1626600,26859500,2715470100,37129378800,3504.4571,3506.8996,3471.8373,3510.9845
103244000,3473.795,2849700,42181300,2718319800,37171560100,3504.4571,3506.8996,3471.8373,3510.9845
103249000,3474.3496,4378500,49479900,2722698300,37221040000,3504.4571,3506.8996,3471.8373,3510.9845
103254000,3474.5351,1390800,22262500,2724089100,37243302500,3504.4571,3506.8996,3471.8373,3510.9845
103259000,3474.6513,4889700,54337000,2728978800,37297639500,3504.4571,3506.8996,3471.8373,3510.9845
103304000,3474.5517,3771700,38433600,2732750500,37336073100,3504.4571,3506.8996,3471.8373,3510.9845
103309000,3474.7858,2201300,25270500,2734951800,37361343600,3504.4571,3506.8996,3471.8373,3510.9845
103314000,3474.1601,2809600,38358900,2737761400,37399702500,3504.4571,3506.8996,3471.8373,3510.9845
103319000,3474.3255,3173800,41543400,2740935200,37441245900,3504.4571,3506.8996,3471.8373,3510.9845
103324000,3474.3857,2338300,28530100,2743273500,37469776000,3504.4571,3506.8996,3471.8373,3510.9845
103329000,3474.5103,3570200,35358300,2746843700,37505134300,3504.4571,3506.8996,3471.8373,3510.9845
103334000,3474.7042,3365700,42261700,2750209400,37547396000,3504.4571,3506.8996,3471.8373,3510.9845
103339000,3474.7837,2240000,32508000,2752449400,37579904000,3504.4571,3506.8996,3471.8373,3510.9845
103344000,3474.4507,2407000,29331400,2754856400,37609235400,3504.4571,3506.8996,3471.8373,3510.9845
103349000,3474.4895,2159600,29611900,2757016000,37638847300,3504.4571,3506.8996,3471.8373,3510.9845
103354000,3474.8693,1126000,16515200,2758142000,37655362500,3504.4571,3506.8996,3471.8373,3510.9845
103359000,3475.1978,2263800,27284500,2760405800,37682647000,3504.4571,3506.8996,3471.8373,3510.9845
103404000,3475.0722,2646200,33374300,2763052000,37716021300,3504.4571,3506.8996,3471.8373,3510.9845
103409000,3475.7075,999600,15868200,2764051600,37731889500,3504.4571,3506.8996,3471.8373,3510.9845
103414000,3475.733,2053700,29003000,2766105300,37760892500,3504.4571,3506.8996,3471.8373,3510.9845
103419000,3475.7749,1847500,25697100,2767952800,37786589600,3504.4571,3506.8996,3471.8373,3510.9845
103424000,3475.7169,1296300,18690300,2769249100,37805279900,3504.4571,3506.8996,3471.8373,3510.9845
103429000,3475.9952,2385300,32576300,2771634400,37837856200,3504.4571,3506.8996,3471.8373,3510.9845
103434000,3475.6106,2393100,34121600,2774027500,37871977800,3504.4571,3506.8996,3471.8373,3510.9845
103440000,3475.6552,2239600,31295300,2776267100,37903273100,3504.4571,3506.8996,3471.8373,3510.9845
103444000,3475.6859,1149100,15743000,2777416200,37919016100,3504.4571,3506.8996,3471.8373,3510.9845
103450000,3475.6385,2255100,29633300,2779671300,37948649400,3504.4571,3506.8996,3471.8373,3510.9845
103454000,3475.3744,1954200,22277000,2781625500,37970926400,3504.4571,3506.8996,3471.8373,3510.9845
103500000,3475.7933,2318100,34686700,2783943600,38005613100,3504.4571,3506.8996,3471.8373,3510.9845
103505000,3475.7792,2297800,31417600,2786241400,38037030700,3504.4571,3506.8996,3471.8373,3510.9845
103509000,3475.9481,2069100,18760400,2788310500,38055791100,3504.4571,3506.8996,3471.8373,3510.9845
103515000,3475.5936,2182300,31458300,2790492800,38087249400,3504.4571,3506.8996,3471.8373,3510.9845
103519000,3476.0088,2407800,28999400,2792900600,38116248800,3504.4571,3506.8996,3471.8373,3510.9845
103525000,3476.7408,3146900,32827500,2796047500,38149076300,3504.4571,3506.8996,3471.8373,3510.9845
103530000,3476.1576,1245200,17611700,2797292700,38166688000,3504.4571,3506.8996,3471.8373,3510.9845
103535000,3476.5797,3402900,33109600,2800695600,38199797600,3504.4571,3506.8996,3471.8373,3510.9845
103540000,3477.2011,2480900,33859500,2803176500,38233657100,3504.4571,3506.8996,3471.8373,3510.9845
103545000,3476.9687,1549400,20414800,2804725900,38254071900,3504.4571,3506.8996,3471.8373,3510.9845
103550000,3477.3363,2162400,28317600,2806888300,38282389500,3504.4571,3506.8996,3471.8373,3510.9845
103555000,3477.0655,4072400,38110400,2810960700,38320499900,3504.4571,3506.8996,3471.8373,3510.9845
103600000,3477.1538,2066600,20970500,2813027300,38341470400,3504.4571,3506.8996,3471.8373,3510.9845
103605000,3478.0748,1971600,24756500,2814998900,38366226900,3504.4571,3506.8996,3471.8373,3510.9845
103610000,3478.3205,2006900,26978500,2817005800,38393205400,3504.4571,3506.8996,3471.8373,3510.9845
103615000,3478.1477,1440400,19727400,2818446200,38412932800,3504.4571,3506.8996,3471.8373,3510.9845
103620000,3478.5097,2019300,37335000,2820465500,38450267800,3504.4571,3506.8996,3471.8373,3510.9845
103625000,3478.6032,3122800,48201800,2823588300,38498469600,3504.4571,3506.8996,3471.8373,3510.9845
103630000,3478.4508,1665200,24631500,2825253500,38523101100,3504.4571,3506.8996,3471.8373,3510.9845
103635000,3478.3594,2054000,28963000,2827307500,38552064100,3504.4571,3506.8996,3471.8373,3510.9845
103640000,3478.448,1944300,27048600,2829251800,38579112700,3504.4571,3506.8996,3471.8373,3510.9845
103645000,3479.0177,1870400,19925500,2831122200,38599038200,3504.4571,3506.8996,3471.8373,3510.9845
103650000,3478.9319,2455100,28449900,2833577300,38627488100,3504.4571,3506.8996,3471.8373,3510.9845
103655000,3478.5782,1862100,23788200,2835439400,38651276300,3504.4571,3506.8996,3471.8373,3510.9845
103700000,3478.4443,1746500,20971000,2837185900,38672247300,3504.4571,3506.8996,3471.8373,3510.9845
103705000,3478.8164,3214600,30242000,2840400500,38702489300,3504.4571,3506.8996,3471.8373,3510.9845
103710000,3478.4056,2552700,38748100,2842953200,38741237400,3504.4571,3506.8996,3471.8373,3510.9845
103715000,3478.1535,2816500,25711100,2845769700,38766948500,3504.4571,3506.8996,3471.8373,3510.9845
103720000,3478.1886,3282500,47522500,2849052200,38814471000,3504.4571,3506.8996,3471.8373,3510.9845
103725000,3478.3658,4627900,36814700,2853680100,38851285700,3504.4571,3506.8996,3471.8373,3510.9845
103730000,3478.0122,2152100,26498600,2855832200,38877784300,3504.4571,3506.8996,3471.8373,3510.9845
103735000,3477.0101,3275000,32085000,2859107200,38909869300,3504.4571,3506.8996,3471.8373,3510.9845
103740000,3477.0811,2827900,37024600,2861935100,38946893900,3504.4571,3506.8996,3471.8373,3510.9845
103745000,3476.752,1344300,23621900,2863279400,38970515800,3504.4571,3506.8996,3471.8373,3510.9845
103750000,3476.38,3013300,36020100,2866292700,39006535900,3504.4571,3506.8996,3471.8373,3510.9845
103755000,3476.9001,1937900,28002600,2868230600,39034538500,3504.4571,3506.8996,3471.8373,3510.9845
103800000,3476.4635,1285300,23697400,2869515900,39058235900,3504.4571,3506.8996,3471.8373,3510.9845
103805000,3476.598,2544000,30839300,2872059900,39089075200,3504.4571,3506.8996,3471.8373,3510.9845
103810000,3476.4918,2741600,34038800,2874801500,39123114000,3504.4571,3506.8996,3471.8373,3510.9845
103815000,3476.8196,1130200,16308400,2875931700,39139422400,3504.4571,3506.8996,3471.8373,3510.9845
103820000,3476.9848,1582600,25398800,2877514300,39164821200,3504.4571,3506.8996,3471.8373,3510.9845
103825000,3476.8657,1890200,28797100,2879404500,39193618300,3504.4571,3506.8996,3471.8373,3510.9845
103830000,3476.3936,2392600,20231800,2881797100,39213850100,3504.4571,3506.8996,3471.8373,3510.9845
103835000,3476.1974,2182200,27211700,2883979300,39241061800,3504.4571,3506.8996,3471.8373,3510.9845
103840000,3476.4188,2089200,25600300,2886068500,39266662100,3504.4571,3506.8996,3471.8373,3510.9845
103845000,3476.429,1440300,17188000,2887508800,39283850100,3504.4571,3506.8996,3471.8373,3510.9845
103850000,3476.3614,2197000,24959300,2889705800,39308809400,3504.4571,3506.8996,3471.8373,3510.9845
103855000,3476.4501,2009600,25397800,2891715400,39334207200,3504.4571,3506.8996,3471.8373,3510.9845
103900000,3476.3294,994800,12653300,2892710200,39346860500,3504.4571,3506.8996,3471.8373,3510.9845
103905000,3476.2815,2386200,32021100,2895096400,39378881600,3504.4571,3506.8996,3471.8373,3510.9845
103910000,3475.9734,2681800,28108300,2897778200,39406989900,3504.4571,3506.8996,3471.8373,3510.9845
103915000,3475.9836,1166200,15045500,2898944400,39422035400,3504.4571,3506.8996,3471.8373,3510.9845
103920000,3476.1864,2057800,26196300,2901002200,39448231700,3504.4571,3506.8996,3471.8373,3510.9845
103925000,3476.3932,2146400,29181000,2903148600,39477412700,3504.4571,3506.8996,3471.8373,3510.9845
103930000,3476.5527,1211100,15700000,2904359700,39493112700,3504.4571,3506.8996,3471.8373,3510.9845
103935000,3476.0672,1932700,23838100,2906292400,39516950800,3504.4571,3506.8996,3471.8373,3510.9845
103940000,3476.2031,1332700,20410000,2907625100,39537360800,3504.4571,3506.8996,3471.8373,3510.9845
103945000,3476.3314,1100800,13527500,2908725900,39550888300,3504.4571,3506.8996,3471.8373,3510.9845
103950000,3476.1189,2078400,23223400,2910804300,39574111700,3504.4571,3506.8996,3471.8373,3510.9845
103955000,3476.1761,2438300,31154100,2913242600,39605265800,3504.4571,3506.8996,3471.8373,3510.9845
104000000,3476.0706,1064000,16119700,2914306600,39621385500,3504.4571,3506.8996,3471.8373,3510.9845
104005000,3476.5469,1738900,24808400,2916045500,39646193900,3504.4571,3506.8996,3471.8373,3510.9845
104010000,3475.8896,2070700,21978600,2918116200,39668172500,3504.4571,3506.8996,3471.8373,3510.9845
104015000,3475.5466,1372700,15173500,2919488900,39683346000,3504.4571,3506.8996,3471.8373,3510.9845
104020000,3475.5654,2385000,31614500,2921873900,39714960500,3504.4571,3506.8996,3471.8373,3510.9845
104025000,3475.9764,2412100,23489600,2924286000,39738450100,3504.4571,3506.8996,3471.8373,3510.9845
104030000,3475.4531,2310800,21546100,2926596800,39759996200,3504.4571,3506.8996,3471.8373,3510.9845
104035000,3475.2953,2538000,34746900,2929134800,39794743100,3504.4571,3506.8996,3471.8373,3510.9845
104040000,3475.2419,3961400,43212500,2933096200,39837955600,3504.4571,3506.8996,3471.8373,3510.9845
104045000,3474.5496,1777900,22491000,2934874100,39860446600,3504.4571,3506.8996,3471.8373,3510.9845
104050000,3473.4058,4348400,54320300,2939222500,39914766900,3504.4571,3506.8996,3471.8373,3510.9845
104055000,3473.024,4978000,57766900,2944200500,39972533800,3504.4571,3506.8996,3471.8373,3510.9845
104100000,3472.2488,5518200,58234300,2949718700,40030768100,3504.4571,3506.8996,3471.8373,3510.9845
104105000,3472.1257,6245500,83130100,2955964200,40113898200,3504.4571,3506.8996,3471.8373,3510.9845
104110000,3471.7419,3993500,53304200,2959957700,40167202400,3504.4571,3506.8996,3471.6117,3510.9845
104115000,3471.1179,2934100,39017900,2962891800,40206220300,3504.4571,3506.8996,3471.1165,3510.9845
104120000,3471.3063,3775100,49483400,2966666900,40255703700,3504.4571,3506.8996,3470.8017,3510.9845
104125000,3470.7134,3178000,51753000,2969844900,40307456700,3504.4571,3506.8996,3470.7134,3510.9845
104130000,3470.5906,1229500,19950600,2971074400,40327407300,3504.4571,3506.8996,3470.5906,3510.9845
104135000,3470.0598,3147100,41268300,2974221500,40368675600,3504.4571,3506.8996,3470.0129,3510.9845
104140000,3469.7642,3675600,38852700,2977897100,40407528300,3504.4571,3506.8996,3469.7642,3510.9845
104145000,3469.6183,2520400,32288400,2980417500,40439816700,3504.4571,3506.8996,3469.5642,3510.9845
104150000,3469.8537,4831800,51105200,2985249300,40490921900,3504.4571,3506.8996,3469.5642,3510.9845
104155000,3469.2781,4744800,52704000,2989994100,40543625900,3504.4571,3506.8996,3468.881,3510.9845
104200000,3469.7267,1838300,46741300,2991832400,40590367200,3504.4571,3506.8996,3468.881,3510.9845
104205000,3469.1228,3727600,48918000,2995560000,40639285200,3504.4571,3506.8996,3468.881,3510.9845
104210000,3469.5284,3364900,58127300,2998924900,40697412500,3504.4571,3506.8996,3468.881,3510.9845
104215000,3468.9506,2408000,42574500,3001332900,40739987000,3504.4571,3506.8996,3468.881,3510.9845
104220000,3469.2343,3037200,42777400,3004370100,40782764400,3504.4571,3506.8996,3468.881,3510.9845
104225000,3469.1101,4562300,52228300,3008932400,40834992700,3504.4571,3506.8996,3468.6999,3510.9845
104230000,3469.4122,2153200,32687600,3011085600,40867680300,3504.4571,3506.8996,3468.6999,3510.9845
104235000,3469.1121,2677200,34805800,3013762800,40902486100,3504.4571,3506.8996,3468.6999,3510.9845
104240000,3469.0525,2500300,44900100,3016263100,40947386200,3504.4571,3506.8996,3468.6999,3510.9845
104245000,3469.0606,1767100,28999200,3018030200,40976385400,3504.4571,3506.8996,3468.6999,3510.9845
104250000,3469.3163,3076400,38546800,3021106600,41014932200,3504.4571,3506.8996,3468.6999,3510.9845
104255000,3469.4043,3110100,34176900,3024216700,41049109100,3504.4571,3506.8996,3468.6999,3510.9845
104300000,3469.4788,2345400,27614300,3026562100,41076723400,3504.4571,3506.8996,3468.6999,3510.9845
104305000,3469.1121,3131200,39501700,3029693300,41116225100,3504.4571,3506.8996,3468.5888,3510.9845
104310000,3469.038,3389500,44268600,3033082800,41160493700,3504.4571,3506.8996,3468.5888,3510.9845
104315000,3468.8902,2699200,30281300,3035782000,41190775000,3504.4571,3506.8996,3468.5888,3510.9845
104320000,3469.098,2920700,41270200,3038702700,41232045200,3504.4571,3506.8996,3468.5888,3510.9845
104325000,3469.1732,3864200,37906800,3042566900,41269952000,3504.4571,3506.8996,3468.5888,3510.9845
104330000,3469.4016,1893300,22624700,3044460200,41292576700,3504.4571,3506.8996,3468.5888,3510.9845
104335000,3469.3372,4481100,40072500,3048941300,41332649200,3504.4571,3506.8996,3468.5888,3510.9845
104340000,3469.2519,2139700,31099600,3051081000,41363748800,3504.4571,3506.8996,3468.5888,3510.9845
104345000,3469.5529,1222700,19019500,3052303700,41382768300,3504.4571,3506.8996,3468.5888,3510.9845
104350000,3469.9892,3552300,29797200,3055856000,41412565500,3504.4571,3506.8996,3468.5888,3510.9845
104355000,3469.4582,3444300,31501000,3059300300,41444066500,3504.4571,3506.8996,3468.5888,3510.9845
104400000,3469.8453,1533800,22785300,3060834100,41466851800,3504.4571,3506.8996,3468.5888,3510.9845
104405000,3469.8673,3329300,42389500,3064163400,41509241300,3504.4571,3506.8996,3468.5888,3510.9845
104410000,3470.2586,3158400,37796000,3067321800,41547037300,3504.4571,3506.8996,3468.5888,3510.9845
104415000,3470.2652,1488100,15777000,3068809900,41562814300,3504.4571,3506.8996,3468.5888,3510.9845
104420000,3470.5429,1877600,22529100,3070687500,41585343400,3504.4571,3506.8996,3468.5888,3510.9845
104425000,3470.8682,2371900,33991200,3073059400,41619334600,3504.4571,3506.8996,3468.5888,3510.9845
104430000,3471.0097,2223300,24965300,3075282700,41644299900,3504.4571,3506.8996,3468.5888,3510.9845
104435000,3471.589,2411700,31839700,3077694400,41676139600,3504.4571,3506.8996,3468.5888,3510.9845
104440000,3471.64,2346600,26219300,3080041000,41702358900,3504.4571,3506.8996,3468.5888,3510.9845
104445000,3471.937,1246900,17252600,3081287900,41719611500,3504.4571,3506.8996,3468.5888,3510.9845
104450000,3471.904,2756100,34199100,3084044000,41753810600,3504.4571,3506.8996,3468.5888,3510.9845
104455000,3471.7955,2849400,28299000,3086893400,41782109600,3504.4571,3506.8996,3468.5888,3510.9845
104500000,3471.5591,1197100,18605100,3088090500,41800714700,3504.4571,3506.8996,3468.5888,3510.9845
104505000,3471.4134,2455400,32207700,3090545900,41832922400,3504.4571,3506.8996,3468.5888,3510.9845
104510000,3471.2382,2426000,26169300,3092971900,41859091700,3504.4571,3506.8996,3468.5888,3510.9845
104515000,3471.2675,1738600,19220300,3094710500,41878312000,3504.4571,3506.8996,3468.5888,3510.9845
104520000,3471.2263,2589900,30176100,3097300400,41908488100,3504.4571,3506.8996,3468.5888,3510.9845
104525000,3470.8919,3061800,31404600,3100362200,41939892700,3504.4571,3506.8996,3468.5888,3510.9845
104530000,3470.9117,1765300,23896200,3102127500,41963788900,3504.4571,3506.8996,3468.5888,3510.9845
104535000,3470.8959,2618700,34575000,3104746200,41998363900,3504.4571,3506.8996,3468.5888,3510.9845
104540000,3469.6359,3149300,37908100,3107895500,42036272000,3504.4571,3506.8996,3468.5888,3510.9845
104545000,3470.1558,2276400,21990700,3110171900,42058262700,3504.4571,3506.8996,3468.5888,3510.9845
104550000,3469.8815,3375000,41947100,3113546900,42100209800,3504.4571,3506.8996,3468.5888,3510.9845
104555000,3469.6213,2804800,34390200,3116351700,42134600000,3504.4571,3506.8996,3468.5888,3510.9845
104600000,3469.2718,1643900,22655200,3117995600,42157255200,3504.4571,3506.8996,3468.5888,3510.9845
104605000,3470.0015,3053600,36995800,3121049200,42194251000,3504.4571,3506.8996,3468.5888,3510.9845
104610000,3470.0842,2326100,31308600,3123375300,42225559600,3504.4571,3506.8996,3468.5888,3510.9845
104615000,3470.2382,1199900,15731200,3124575200,42241290800,3504.4571,3506.8996,3468.5888,3510.9845
104620000,3471.4274,2678700,36296700,3127253900,42277587500,3504.4571,3506.8996,3468.5888,3510.9845
104625000,3470.9757,2258300,27792300,3129512200,42305379800,3504.4571,3506.8996,3468.5888,3510.9845
104630000,3471.3286,1339600,17085600,3130851800,42322465400,3504.4571,3506.8996,3468.5888,3510.9845
104635000,3471.2663,2029700,27951500,3132881500,42350416900,3504.4571,3506.8996,3468.5888,3510.9845
104640000,3471.7715,2713000,36182900,3135594500,42386599800,3504.4571,3506.8996,3468.5888,3510.9845
104645000,3472.1013,1787500,27578900,3137382000,42414178700,3504.4571,3506.8996,3468.5888,3510.9845
104650000,3472.5667,2442400,34797800,3139824400,42448976500,3504.4571,3506.8996,3468.5888,3510.9845
104655000,3472.9714,2021900,28982100,3141846300,42477958600,3504.4571,3506.8996,3468.5888,3510.9845
104700000,3472.8863,1879000,27427300,3143725300,42505385900,3504.4571,3506.8996,3468.5888,3510.9845
104705000,3473.3976,2762200,37115100,3146487500,42542501000,3504.4571,3506.8996,3468.5888,3510.9845
104710000,3473.9501,3063200,40566800,3149550700,42583067800,3504.4571,3506.8996,3468.5888,3510.9845
104715000,3473.2747,1623800,22796400,3151174500,42605864200,3504.4571,3506.8996,3468.5888,3510.9845
104720000,3473.4688,1994000,25022800,3153168500,42630887000,3504.4571,3506.8996,3468.5888,3510.9845
104725000,3473.5453,2291200,37567000,3155459700,42668454000,3504.4571,3506.8996,3468.5888,3510.9845
104730000,3473.8446,1456200,19664900,3156915900,42688118900,3504.4571,3506.8996,3468.5888,3510.9845
104736000,3473.97,2361000,29161800,3159276900,42717280700,3504.4571,3506.8996,3468.5888,3510.9845
104740000,3474.093,2530100,31501000,3161807000,42748781700,3504.4571,3506.8996,3468.5888,3510.9845
104745000,3473.9809,1360600,18093700,3163167600,42766875400,3504.4571,3506.8996,3468.5888,3510.9845
104750000,3474.1803,1850000,25966400,3165017600,42792841800,3504.4571,3506.8996,3468.5888,3510.9845
104755000,3474.1203,2050500,31723800,3167068100,42824565600,3504.4571,3506.8996,3468.5888,3510.9845
104801000,3474.4213,2326700,30247600,3169394800,42854813200,3504.4571,3506.8996,3468.5888,3510.9845
104805000,3474.4617,1718300,24565700,3171113100,42879378900,3504.4571,3506.8996,3468.5888,3510.9845
104811000,3474.5368,1854700,27816600,3172967800,42907195500,3504.4571,3506.8996,3468.5888,3510.9845
104815000,3474.6566,1022400,13159300,3173990200,42920354800,3504.4571,3506.8996,3468.5888,3510.9845
104821000,3474.4701,2199500,31976800,3176189700,42952331600,3504.4571,3506.8996,3468.5888,3510.9845
104826000,3474.7137,1564300,20278200,3177754000,42972609800,3504.4571,3506.8996,3468.5888,3510.9845
104830000,3474.5684,1411800,16650800,3179165800,42989260600,3504.4571,3506.8996,3468.5888,3510.9845
104836000,3474.2584,1629100,25324400,3180794900,43014585000,3504.4571,3506.8996,3468.5888,3510.9845
104840000,3474.2905,3429400,31813200,3184224300,43046398200,3504.4571,3506.8996,3468.5888,3510.9845
104846000,3474.3543,1682600,21159700,3185906900,43067557900,3504.4571,3506.8996,3468.5888,3510.9845
104851000,3474.4331,1264100,15043900,3187171000,43082601800,3504.4571,3506.8996,3468.5888,3510.9845
104856000,3474.2258,2283600,24739800,3189454600,43107341600,3504.4571,3506.8996,3468.5888,3510.9845
104901000,3474.3417,2268900,25298200,3191723500,43132639800,3504.4571,3506.8996,3468.5888,3510.9845
104906000,3474.5065,1094500,14246400,3192818000,43146886200,3504.4571,3506.8996,3468.5888,3510.9845
104911000,3474.3716,1925500,27565900,3194743500,43174452100,3504.4571,3506.8996,3468.5888,3510.9845
104916000,3474.311,1800400,23572800,3196543900,43198024900,3504.4571,3506.8996,3468.5888,3510.9845
104921000,3474.1435,1044300,15472900,3197588200,43213497800,3504.4571,3506.8996,3468.5888,3510.9845
104926000,3474.4357,2734000,33864600,3200322200,43247362400,3504.4571,3506.8996,3468.5888,3510.9845
104931000,3474.6222,2464500,33298000,3202786700,43280660400,3504.4571,3506.8996,3468.5888,3510.9845
104936000,3474.6208,831500,11679700,3203618200,43292340100,3504.4571,3506.8996,3468.5888,3510.9845
104941000,3474.5335,2499400,25063700,3206117600,43317403800,3504.4571,3506.8996,3468.5888,3510.9845
104946000,3474.5742,1093500,17734800,3207211100,43335138600,3504.4571,3506.8996,3468.5888,3510.9845
104951000,3474.5388,1286100,13756800,3208497200,43348895400,3504.4571,3506.8996,3468.5888,3510.9845
104956000,3474.6949,1450800,22087900,3209948000,43370983300,3504.4571,3506.8996,3468.5888,3510.9845
105001000,3474.2056,1699000,23020500,3211647000,43394003800,3504.4571,3506.8996,3468.5888,3510.9845
105006000,3474.5892,1233400,16352100,3212880400,43410355900,3504.4571,3506.8996,3468.5888,3510.9845
105011000,3474.362,2110300,27006500,3214990700,43437362400,3504.4571,3506.8996,3468.5888,3510.9845
105016000,3474.3412,1639800,21751200,3216630500,43459113600,3504.4571,3506.8996,3468.5888,3510.9845
105021000,3474.0561,1511700,17854300,3218142200,43476967900,3504.4571,3506.8996,3468.5888,3510.9845
105026000,3474.4669,2087800,24160100,3220230000,43501128000,3504.4571,3506.8996,3468.5888,3510.9845
105031000,3474.3259,2990000,27009200,3223220000,43528137200,3504.4571,3506.8996,3468.5888,3510.9845
105036000,3474.4062,1207900,18400700,3224427900,43546537900,3504.4571,3506.8996,3468.5888,3510.9845
105041000,3474.0669,1995500,23342600,3226423400,43569880500,3504.4571,3506.8996,3468.5888,3510.9845
105046000,3474.5689,1199600,19180100,3227623000,43589060600,3504.4571,3506.8996,3468.5888,3510.9845
105051000,3474.5805,1197700,15196200,3228820700,43604256800,3504.4571,3506.8996,3468.5888,3510.9845
105056000,3474.5283,1755100,20252500,3230575800,43624509300,3504.4571,3506.8996,3468.5888,3510.9845
105101000,3473.8038,1443200,22915600,3232019000,43647424900,3504.4571,3506.8996,3468.5888,3510.9845
105106000,3473.9037,1394900,18926000,3233413900,43666350900,3504.4571,3506.8996,3468.5888,3510.9845
105111000,3473.8901,2179300,29225500,3235593200,43695576400,3504.4571,3506.8996,3468.5888,3510.9845
105116000,3473.2053,2651400,32231000,3238244600,43727807400,3504.4571,3506.8996,3468.5888,3510.9845
105121000,3473.2377,1863100,29458600,3240107700,43757266000,3504.4571,3506.8996,3468.5888,3510.9845
105126000,3472.4493,2428800,34127400,3242536500,43791393400,3504.4571,3506.8996,3468.5888,3510.9845
105131000,3472.4669,3251600,42578900,3245788100,43833972300,3504.4571,3506.8996,3468.5888,3510.9845
105136000,3472.4217,1751500,22772800,3247539600,43856745100,3504.4571,3506.8996,3468.5888,3510.9845
105141000,3471.5914,2206900,33165100,3249746500,43889910200,3504.4571,3506.8996,3468.5888,3510.9845
105146000,3471.6697,2883900,35742300,3252630400,43925652500,3504.4571,3506.8996,3468.5888,3510.9845
105151000,3471.7868,1390200,22137000,3254020600,43947789500,3504.4571,3506.8996,3468.5888,3510.9845
105156000,3471.5819,2732300,33946600,3256752900,43981736100,3504.4571,3506.8996,3468.5888,3510.9845
105201000,3471.1224,5106600,48097400,3261859500,44029833500,3504.4571,3506.8996,3468.5888,3510.9845
105206000,3471.2192,1213600,17449900,3263073100,44047283400,3504.4571,3506.8996,3468.5888,3510.9845
105211000,3471.1804,2328200,27325800,3265401300,44074609200,3504.4571,3506.8996,3468.5888,3510.9845
105216000,3471.2295,2459800,30911800,3267861100,44105521000,3504.4571,3506.8996,3468.5888,3510.9845
105221000,3471.2006,1139300,16714600,3269000400,44122235600,3504.4571,3506.8996,3468.5888,3510.9845
105226000,3471.1011,1759200,24632500,3270759600,44146868100,3504.4571,3506.8996,3468.5888,3510.9845
105231000,3471.2031,1746500,24651800,3272506100,44171519900,3504.4571,3506.8996,3468.5888,3510.9845
105236000,3471.0502,1081600,13656000,3273587700,44185175900,3504.4571,3506.8996,3468.5888,3510.9845
105241000,3471.4675,1882200,22948200,3275469900,44208124100,3504.4571,3506.8996,3468.5888,3510.9845
105246000,3470.5965,1631000,23338500,3277100900,44231462600,3504.4571,3506.8996,3468.5888,3510.9845
105251000,3470.8233,1329200,15943600,3278430100,44247406200,3504.4571,3506.8996,3468.5888,3510.9845
105256000,3470.6689,1970600,24439800,3280400700,44271846000,3504.4571,3506.8996,3468.5888,3510.9845
105301000,3471.1372,1692300,22225000,3282093000,44294071000,3504.4571,3506.8996,3468.5888,3510.9845
105306000,3470.7853,1023800,17048400,3283116800,44311119400,3504.4571,3506.8996,3468.5888,3510.9845
105311000,3470.8881,1667800,22669500,3284784600,44333788900,3504.4571,3506.8996,3468.5888,3510.9845
105316000,3470.4069,2157800,27009400,3286942400,44360798300,3504.4571,3506.8996,3468.5888,3510.9845
105321000,3470.7163,1318900,16799700,3288261300,44377598000,3504.4571,3506.8996,3468.5888,3510.9845
105326000,3471.0327,1828100,24183100,3290089400,44401781100,3504.4571,3506.8996,3468.5888,3510.9845
105331000,3471.283,2101400,27348200,3292190800,44429129300,3504.4571,3506.8996,3468.5888,3510.9845
105336000,3471.9912,843000,13327700,3293033800,44442457000,3504.4571,3506.8996,3468.5888,3510.9845
105341000,3472.789,1932800,24870400,3294966600,44467327400,3504.4571,3506.8996,3468.5888,3510.9845
105346000,3473.646,2105500,32107600,3297072100,44499435000,3504.4571,3506.8996,3468.5888,3510.9845
105351000,3473.6463,1638300,22993700,3298710400,44522428700,3504.4571,3506.8996,3468.5888,3510.9845
105356000,3474.444,3612200,50230200,3302322600,44572658900,3504.4571,3506.8996,3468.5888,3510.9845
105401000,3474.7164,2503400,36401900,3304826000,44609060800,3504.4571,3506.8996,3468.5888,3510.9845
105406000,3475.1853,1351100,18095500,3306177100,44627156300,3504.4571,3506.8996,3468.5888,3510.9845
105411000,3475.9728,2061900,28173700,3308239000,44655330000,3504.4571,3506.8996,3468.5888,3510.9845
105416000,3475.9877,2391400,27042700,3310630400,44682372700,3504.4571,3506.8996,3468.5888,3510.9845
105421000,3475.8756,1666400,20403500,3312296800,44702776200,3504.4571,3506.8996,3468.5888,3510.9845
105426000,3475.7896,2270700,32258800,3314567500,44735035000,3504.4571,3506.8996,3468.5888,3510.9845
105431000,3476.2592,1601700,25750600,3316169200,44760785600,3504.4571,3506.8996,3468.5888,3510.9845
105436000,3476.2537,1412500,18528000,3317581700,44779313600,3504.4571,3506.8996,3468.5888,3510.9845
105441000,3476.2867,1676800,24602600,3319258500,44803916200,3504.4571,3506.8996,3468.5888,3510.9845
105446000,3476.1597,1933300,21126800,3321191800,44825043000,3504.4571,3506.8996,3468.5888,3510.9845
105451000,3476.6283,2716700,23061900,3323908500,44848104900,3504.4571,3506.8996,3468.5888,3510.9845
105456000,3476.7611,2273300,29024700,3326181800,44877129600,3504.4571,3506.8996,3468.5888,3510.9845
105501000,3477.0614,2071700,28564700,3328253500,44905694300,3504.4571,3506.8996,3468.5888,3510.9845
105506000,3477.4015,1478300,19668100,3329731800,44925362400,3504.4571,3506.8996,3468.5888,3510.9845
105511000,3477.3503,2164500,26826400,3331896300,44952188800,3504.4571,3506.8996,3468.5888,3510.9845
105516000,3476.816,2278400,27710700,3334174700,44979899500,3504.4571,3506.8996,3468.5888,3510.9845
105521000,3477.3054,1558500,24344600,3335733200,45004244100,3504.4571,3506.8996,3468.5888,3510.9845
105526000,3477.4395,2158000,27674000,3337891200,45031918100,3504.4571,3506.8996,3468.5888,3510.9845
105531000,3477.7599,2050700,29191500,3339941900,45061109600,3504.4571,3506.8996,3468.5888,3510.9845
105536000,3478.3209,1190300,20877600,3341132200,45081987200,3504.4571,3506.8996,3468.5888,3510.9845
105541000,3477.6889,2073600,28855500,3343205800,45110842700,3504.4571,3506.8996,3468.5888,3510.9845
105546000,3478.4542,1904700,29318800,3345110500,45140161500,3504.4571,3506.8996,3468.5888,3510.9845
105551000,3478.4046,1304400,21130900,3346414900,45161292400,3504.4571,3506.8996,3468.5888,3510.9845
105556000,3478.4079,2273400,31629200,3348688300,45192921600,3504.4571,3506.8996,3468.5888,3510.9845
105601000,3478.2852,1919600,28495300,3350607900,45221416900,3504.4571,3506.8996,3468.5888,3510.9845
105606000,3478.5832,1291300,15836400,3351899200,45237253300,3504.4571,3506.8996,3468.5888,3510.9845
105611000,3478.1923,1970600,30299300,3353869800,45267552600,3504.4571,3506.8996,3468.5888,3510.9845
105616000,3478.5474,2225000,29372600,3356094800,45296925200,3504.4571,3506.8996,3468.5888,3510.9845
105621000,3478.8056,1295600,18225900,3357390400,45315151100,3504.4571,3506.8996,3468.5888,3510.9845
105626000,3478.389,1957800,26995400,3359348200,45342146500,3504.4571,3506.8996,3468.5888,3510.9845
105631000,3479.4468,1718200,24626600,3361066400,45366773100,3504.4571,3506.8996,3468.5888,3510.9845
105636000,3479.5178,1327400,20502500,3362393800,45387275600,3504.4571,3506.8996,3468.5888,3510.9845
105641000,3479.2739,1919800,22127100,3364313600,45409402700,3504.4571,3506.8996,3468.5888,3510.9845
105646000,3479.5993,1536400,24810000,3365850000,45434212700,3504.4571,3506.8996,3468.5888,3510.9845
105651000,3479.6609,1630400,18582300,3367480400,45452795000,3504.4571,3506.8996,3468.5888,3510.9845
105656000,3479.5812,2076500,28075400,3369556900,45480870400,3504.4571,3506.8996,3468.5888,3510.9845
105701000,3479.3527,2080900,29601700,3371637800,45510472100,3504.4571,3506.8996,3468.5888,3510.9845
105706000,3479.45,1175300,18550700,3372813100,45529022800,3504.4571,3506.8996,3468.5888,3510.9845
105711000,3479.1075,3361300,36658000,3376174400,45565680800,3504.4571,3506.8996,3468.5888,3510.9845
105716000,3479.59,4695300,35199100,3380869700,45600879900,3504.4571,3506.8996,3468.5888,3510.9845
105721000,3479.6415,1540800,18359800,3382410500,45619239700,3504.4571,3506.8996,3468.5888,3510.9845
105726000,3479.1592,2637800,35004200,3385048300,45654243900,3504.4571,3506.8996,3468.5888,3510.9845
105731000,3479.5172,1974200,21155700,3387022500,45675399600,3504.4571,3506.8996,3468.5888,3510.9845
105736000,3479.6646,1168300,18299700,3388190800,45693699300,3504.4571,3506.8996,3468.5888,3510.9845
105741000,3479.255,1968800,28175700,3390159600,45721875000,3504.4571,3506.8996,3468.5888,3510.9845
105746000,3478.9209,2622900,33317900,3392782500,45755192900,3504.4571,3506.8996,3468.5888,3510.9845
105751000,3479.0867,1048100,13391100,3393830600,45768584000,3504.4571,3506.8996,3468.5888,3510.9845
105756000,3479.2805,1843900,26479800,3395674500,45795063800,3504.4571,3506.8996,3468.5888,3510.9845
105801000,3479.5319,1629600,23963600,3397304100,45819027400,3504.4571,3506.8996,3468.5888,3510.9845
105806000,3479.8873,1047500,17252800,3398351600,45836280200,3504.4571,3506.8996,3468.5888,3510.9845
105811000,3479.707,1579500,23825400,3399931100,45860105600,3504.4571,3506.8996,3468.5888,3510.9845
105816000,3479.9888,1832300,22571900,3401763400,45882677500,3504.4571,3506.8996,3468.5888,3510.9845
105821000,3479.8043,1058600,18744500,3402822000,45901422000,3504.4571,3506.8996,3468.5888,3510.9845
105826000,3479.8629,1813400,23969800,3404635400,45925391800,3504.4571,3506.8996,3468.5888,3510.9845
105831000,3479.9064,1470200,20356100,3406105600,45945747900,3504.4571,3506.8996,3468.5888,3510.9845
105836000,3479.7843,1204600,15231600,3407310200,45960979500,3504.4571,3506.8996,3468.5888,3510.9845
105841000,3480.0353,1179200,19765600,3408489400,45980745100,3504.4571,3506.8996,3468.5888,3510.9845
105846000,3479.6893,1778700,24103800,3410268100,46004848900,3504.4571,3506.8996,3468.5888,3510.9845
105851000,3479.4296,945900,12370200,3411214000,46017219100,3504.4571,3506.8996,3468.5888,3510.9845
105856000,3479.9749,2398100,27393400,3413612100,46044612500,3504.4571,3506.8996,3468.5888,3510.9845
105901000,3479.7455,1741600,22580800,3415353700,46067193300,3504.4571,3506.8996,3468.5888,3510.9845
105906000,3479.9804,1293700,15848900,3416647400,46083042200,3504.4571,3506.8996,3468.5888,3510.9845
105911000,3479.0264,1741700,25844200,3418389100,46108886400,3504.4571,3506.8996,3468.5888,3510.9845
105916000,3478.9061,2350400,28825200,3420739500,46137711600,3504.4571,3506.8996,3468.5888,3510.9845
105921000,3478.6928,1683100,23146500,3422422600,46160858100,3504.4571,3506.8996,3468.5888,3510.9845
105926000,3478.3331,3225200,30606200,3425647800,46191464300,3504.4571,3506.8996,3468.5888,3510.9845
105931000,3478.4638,2441100,32915000,3428088900,46224379300,3504.4571,3506.8996,3468.5888,3510.9845
105936000,3478.226,1289700,15730400,3429378600,46240109700,3504.4571,3506.8996,3468.5888,3510.9845
105941000,3477.8451,1694900,24297300,3431073500,46264407000,3504.4571,3506.8996,3468.5888,3510.9845
105946000,3477.9989,1910400,25949800,3432983900,46290356800,3504.4571,3506.8996,3468.5888,3510.9845
105951000,3477.7343,1166200,13847400,3434150100,46304204200,3504.4571,3506.8996,3468.5888,3510.9845
105956000,3477.864,3580000,34539400,3437730100,46338743600,3504.4571,3506.8996,3468.5888,3510.9845
110001000,3477.8497,1675900,25897100,3439406000,46364640700,3504.4571,3506.8996,3468.5888,3510.9845
110006000,3477.5311,1063900,16511000,3440469900,46381151700,3504.4571,3506.8996,3468.5888,3510.9845
110011000,3477.7212,1141200,17674500,3441611100,46398826200,3504.4571,3506.8996,3468.5888,3510.9845
110016000,3477.1913,1733300,21035100,3443344400,46419861300,3504.4571,3506.8996,3468.5888,3510.9845
110021000,3477.6306,893700,14864700,3444238100,46434726000,3504.4571,3506.8996,3468.5888,3510.9845
110026000,3477.8082,1361200,21088000,3445599300,46455814000,3504.4571,3506.8996,3468.5888,3510.9845
110032000,3477.7034,1386600,18232200,3446985900,46474046200,3504.4571,3506.8996,3468.5888,3510.9845
110036000,3477.7734,1297900,17055400,3448283800,46491101600,3504.4571,3506.8996,3468.5888,3510.9845
110041000,3476.9971,2062900,23652200,3450346700,46514753800,3504.4571,3506.8996,3468.5888,3510.9845
110046000,3476.4602,1922900,30117300,3452269600,46544871100,3504.4571,3506.8996,3468.5888,3510.9845
110051000,3475.4401,1939400,25532400,3454209000,46570403500,3504.4571,3506.8996,3468.5888,3510.9845
110057000,3475.1838,2110900,28714700,3456319900,46599118200,3504.4571,3506.8996,3468.5888,3510.9845
110101000,3475.7047,3110900,28583200,3459430800,46627701400,3504.4571,3506.8996,3468.5888,3510.9845
110107000,3475.1335,1866400,27952800,3461297200,46655654200,3504.4571,3506.8996,3468.5888,3510.9845
110111000,3474.9391,1998000,17400600,3463295200,46673054800,3504.4571,3506.8996,3468.5888,3510.9845
110117000,3474.9805,2484700,26907100,3465779900,46699961900,3504.4571,3506.8996,3468.5888,3510.9845
110122000,3475.138,1943300,24920700,3467723200,46724882600,3504.4571,3506.8996,3468.5888,3510.9845
110127000,3474.5809,1516700,14060600,3469239900,46738943200,3504.4571,3506.8996,3468.5888,3510.9845
110132000,3474.9844,1449900,20483500,3470689800,46759426700,3504.4571,3506.8996,3468.5888,3510.9845
110136000,3475.0406,985400,12240300,3471675200,46771667000,3504.4571,3506.8996,3468.5888,3510.9845
110142000,3474.9185,1332800,18857000,3473008000,46790524000,3504.4571,3506.8996,3468.5888,3510.9845
110147000,3474.7844,2756300,27304300,3475764300,46817828300,3504.4571,3506.8996,3468.5888,3510.9845
110152000,3475.2736,1562300,19146100,3477326600,46836974400,3504.4571,3506.8996,3468.5888,3510.9845
110157000,3474.916,786300,12594400,3478112900,46849568800,3504.4571,3506.8996,3468.5888,3510.9845
110202000,3475.0003,2236600,26550900,3480349500,46876119700,3504.4571,3506.8996,3468.5888,3510.9845
110207000,3475.1753,1461300,15824300,3481810800,46891944000,3504.4571,3506.8996,3468.5888,3510.9845
110212000,3475.0824,827000,14211500,3482637800,46906155500,3504.4571,3506.8996,3468.5888,3510.9845
110217000,3474.8399,1805100,20921100,3484442900,46927076600,3504.4571,3506.8996,3468.5888,3510.9845
110222000,3475.0919,1563700,19870200,3486006600,46946946800,3504.4571,3506.8996,3468.5888,3510.9845
110227000,3474.995,885300,15372400,3486891900,46962319200,3504.4571,3506.8996,3468.5888,3510.9845
110232000,3475.4063,1755600,21012300,3488647500,46983331500,3504.4571,3506.8996,3468.5888,3510.9845
110237000,3475.3127,1129200,15080200,3489776700,46998411700,3504.4571,3506.8996,3468.5888,3510.9845
110242000,3475.3722,938300,12144400,3490715000,47010556100,3504.4571,3506.8996,3468.5888,3510.9845
110247000,3475.4563,1288900,19106900,3492003900,47029663000,3504.4571,3506.8996,3468.5888,3510.9845
110252000,3475.6076,2985500,24758500,3494989400,47054421500,3504.4571,3506.8996,3468.5888,3510.9845
110257000,3475.6037,1074900,12417500,3496064300,47066839000,3504.4571,3506.8996,3468.5888,3510.9845
110302000,3475.0021,1610100,20631300,3497674400,47087470300,3504.4571,3506.8996,3468.5888,3510.9845
110307000,3475.1672,2419300,28282700,3500093700,47115753000,3504.4571,3506.8996,3468.5888,3510.9845
110312000,3475.3118,1616800,18272300,3501710500,47134025300,3504.4571,3506.8996,3468.5888,3510.9845
110317000,3475.2317,1939500,22576200,3503650000,47156601500,3504.4571,3506.8996,3468.5888,3510.9845
110322000,3475.0842,1890700,26935600,3505540700,47183537100,3504.4571,3506.8996,3468.5888,3510.9845
110327000,3474.9063,747800,8244400,3506288500,47191781500,3504.4571,3506.8996,3468.5888,3510.9845
110332000,3475.59,1901700,26788400,3508190200,47218569900,3504.4571,3506.8996,3468.5888,3510.9845
110337000,3475.3748,1226400,16901200,3509416600,47235471100,3504.4571,3506.8996,3468.5888,3510.9845
110342000,3475.3227,973600,11860300,3510390200,47247331400,3504.4571,3506.8996,3468.5888,3510.9845
110347000,3475.2725,2060500,28099100,3512450700,47275430500,3504.4571,3506.8996,3468.5888,3510.9845
110352000,3475.4884,1587600,18925500,3514038300,47294356000,3504.4571,3506.8996,3468.5888,3510.9845
110357000,3475.4446,896500,10394700,3514934800,47304750700,3504.4571,3506.8996,3468.5888,3510.9845
110402000,3475.2615,1847900,22729100,3516782700,47327479800,3504.4571,3506.8996,3468.5888,3510.9845
110407000,3475.3127,1685100,23309500,3518467800,47350789300,3504.4571,3506.8996,3468.5888,3510.9845
110412000,3475.7126,1061500,13724800,3519529300,47364514100,3504.4571,3506.8996,3468.5888,3510.9845
110417000,3475.6764,1720000,19571900,3521249300,47384086000,3504.4571,3506.8996,3468.5888,3510.9845
110422000,3475.4321,1379300,19214400,3522628600,47403300400,3504.4571,3506.8996,3468.5888,3510.9845
110427000,3475.7252,1217200,16193900,3523845800,47419494300,3504.4571,3506.8996,3468.5888,3510.9845
110432000,3475.6325,1022100,14587800,3524867900,47434082100,3504.4571,3506.8996,3468.5888,3510.9845
110437000,3475.9106,1883100,23738300,3526751000,47457820400,3504.4571,3506.8996,3468.5888,3510.9845
110442000,3475.5908,1128700,13225100,3527879700,47471045500,3504.4571,3506.8996,3468.5888,3510.9845
110447000,3475.3276,3216300,36714600,3531096000,47507760100,3504.4571,3506.8996,3468.5888,3510.9845
110452000,3475.8206,1535100,22825300,3532631100,47530585400,3504.4571,3506.8996,3468.5888,3510.9845
110457000,3475.7102,1690400,15503300,3534321500,47546088700,3504.4571,3506.8996,3468.5888,3510.9845
110502000,3475.4032,1122600,15868700,3535444100,47561957400,3504.4571,3506.8996,3468.5888,3510.9845
110507000,3475.386,1314300,19462800,3536758400,47581420200,3504.4571,3506.8996,3468.5888,3510.9845
110512000,3475.5826,798100,9016300,3537556500,47590436500,3504.4571,3506.8996,3468.5888,3510.9845
110517000,3475.316,1843800,18801900,3539400300,47609238400,3504.4571,3506.8996,3468.5888,3510.9845
110522000,3475.0658,1627800,19974000,3541028100,47629212400,3504.4571,3506.8996,3468.5888,3510.9845
110527000,3474.4681,1597300,20349300,3542625400,47649561700,3504.4571,3506.8996,3468.5888,3510.9845
110532000,3474.4986,2212100,31838900,3544837500,47681400600,3504.4571,3506.8996,3468.5888,3510.9845
110537000,3473.3463,2052500,30579000,3546890000,47711979600,3504.4571,3506.8996,3468.5888,3510.9845
110542000,3473.4381,2106800,23643800,3548996800,47735623400,3504.4571,3506.8996,3468.5888,3510.9845
110547000,3473.6276,2266400,29225500,3551263200,47764848900,3504.4571,3506.8996,3468.5888,3510.9845
110552000,3473.5994,2081700,28734200,3553344900,47793583100,3504.4571,3506.8996,3468.5888,3510.9845
110557000,3473.2477,1745500,19126800,3555090400,47812709900,3504.4571,3506.8996,3468.5888,3510.9845
110602000,3472.8775,2768600,29299500,3557859000,47842009400,3504.4571,3506.8996,3468.5888,3510.9845
110607000,3473.022,2830900,29556700,3560689900,47871566100,3504.4571,3506.8996,3468.5888,3510.9845
110612000,3472.7045,1426900,20729900,3562116800,47892296000,3504.4571,3506.8996,3468.5888,3510.9845
110617000,3472.6837,1780800,21468200,3563897600,47913764200,3504.4571,3506.8996,3468.5888,3510.9845
110622000,3472.9811,1839300,26817700,3565736900,47940581900,3504.4571,3506.8996,3468.5888,3510.9845
110627000,3473.1814,1033300,16332900,3566770200,47956914800,3504.4571,3506.8996,3468.5888,3510.9845
110632000,3474.5116,2534100,33307500,3569304300,47990222300,3504.4571,3506.8996,3468.5888,3510.9845
110637000,3475.8517,3143000,45311600,3572447300,48035533900,3504.4571,3506.8996,3468.5888,3510.9845
110642000,3476.4405,2574700,36390300,3575022000,48071924200,3504.4571,3506.8996,3468.5888,3510.9845
110647000,3477.0705,4665100,60840700,3579687100,48132764900,3504.4571,3506.8996,3468.5888,3510.9845
110652000,3476.7399,3068200,45024700,3582755300,48177789600,3504.4571,3506.8996,3468.5888,3510.9845
110657000,3477.3609,1680800,23548900,3584436100,48201338500,3504.4571,3506.8996,3468.5888,3510.9845
110702000,3477.3688,5126700,43296700,3589562800,48244635200,3504.4571,3506.8996,3468.5888,3510.9845
110707000,3477.4913,2381300,28277200,3591944100,48272912400,3504.4571,3506.8996,3468.5888,3510.9845
110712000,3477.5585,1749600,19426700,3593693700,48292339100,3504.4571,3506.8996,3468.5888,3510.9845
110717000,3477.539,1922200,23254600,3595615900,48315593700,3504.4571,3506.8996,3468.5888,3510.9845
110722000,3477.4502,2445600,22358300,3598061500,48337952000,3504.4571,3506.8996,3468.5888,3510.9845
110727000,3476.9802,1329800,16514700,3599391300,48354466700,3504.4571,3506.8996,3468.5888,3510.9845
110732000,3477.6502,1260400,16224700,3600651700,48370691400,3504.4571,3506.8996,3468.5888,3510.9845
110737000,3477.3131,2787700,28893700,3603439400,48399585100,3504.4571,3506.8996,3468.5888,3510.9845
110742000,3476.2225,1549500,17153300,3604988900,48416738400,3504.4571,3506.8996,3468.5888,3510.9845
110747000,3476.4355,2119800,28006300,3607108700,48444744700,3504.4571,3506.8996,3468.5888,3510.9845
110752000,3476.5244,2389400,25854600,3609498100,48470599300,3504.4571,3506.8996,3468.5888,3510.9845
110757000,3476.3475,923500,14119700,3610421600,48484719000,3504.4571,3506.8996,3468.5888,3510.9845
110802000,3476.1607,2169500,28347500,3612591100,48513066500,3504.4571,3506.8996,3468.5888,3510.9845
110807000,3475.3632,2272900,35410400,3614864000,48548476900,3504.4571,3506.8996,3468.5888,3510.9845
110812000,3475.4924,1223700,16771800,3616087700,48565248700,3504.4571,3506.8996,3468.5888,3510.9845
110817000,3475.1012,3202900,31355700,3619290600,48596604400,3504.4571,3506.8996,3468.5888,3510.9845
110822000,3474.7394,1673500,22179200,3620964100,48618783600,3504.4571,3506.8996,3468.5888,3510.9845
110827000,3474.3751,1136100,17012400,3622100200,48635796000,3504.4571,3506.8996,3468.5888,3510.9845
110832000,3474.4916,1842400,26020800,3623942600,48661816800,3504.4571,3506.8996,3468.5888,3510.9845
110837000,3474.2481,1619700,18367200,3625562300,48680184000,3504.4571,3506.8996,3468.5888,3510.9845
110842000,3474.0991,964200,17156400,3626526500,48697340400,3504.4571,3506.8996,3468.5888,3510.9845
110847000,3474.1476,2019600,23935800,3628546100,48721276200,3504.4571,3506.8996,3468.5888,3510.9845
110852000,3474.1923,1819600,24368700,3630365700,48745644900,3504.4571,3506.8996,3468.5888,3510.9845
110857000,3473.9482,1145300,13506600,3631511000,48759151500,3504.4571,3506.8996,3468.5888,3510.9845
110902000,3474.106,1524900,18149800,3633035900,48777301300,3504.4571,3506.8996,3468.5888,3510.9845
110907000,3473.8122,1539200,19113400,3634575100,48796414700,3504.4571,3506.8996,3468.5888,3510.9845
110912000,3473.8601,735500,10393700,3635310600,48806808400,3504.4571,3506.8996,3468.5888,3510.9845
110917000,3473.3806,1773900,24394900,3637084500,48831203300,3504.4571,3506.8996,3468.5888,3510.9845
110922000,3473.2258,1347400,20370000,3638431900,48851573300,3504.4571,3506.8996,3468.5888,3510.9845
110927000,3473.1584,1227400,13957500,3639659300,48865530800,3504.4571,3506.8996,3468.5888,3510.9845
110932000,3472.9437,2376100,24058700,3642035400,48889589500,3504.4571,3506.8996,3468.5888,3510.9845
110937000,3473.423,2842400,28896500,3644877800,48918486000,3504.4571,3506.8996,3468.5888,3510.9845
110942000,3473.3679,873000,11611200,3645750800,48930097200,3504.4571,3506.8996,3468.5888,3510.9845
110947000,3472.6186,2452300,29146100,3648203100,48959243300,3504.4571,3506.8996,3468.5888,3510.9845
110952000,3472.7466,2111900,27567600,3650315000,48986810900,3504.4571,3506.8996,3468.5888,3510.9845
110957000,3472.6316,2158200,21373300,3652473200,49008184200,3504.4571,3506.8996,3468.5888,3510.9845
111002000,3472.1371,2491000,26596700,3654964200,49034780900,3504.4571,3506.8996,3468.5888,3510.9845
111007000,3472.0953,2083400,29487000,3657047600,49064267900,3504.4571,3506.8996,3468.5888,3510.9845
111012000,3471.9198,1335000,17381600,3658382600,49081649500,3504.4571,3506.8996,3468.5888,3510.9845
111017000,3471.5438,1614700,20956600,3659997300,49102606100,3504.4571,3506.8996,3468.5888,3510.9845
111022000,3471.7892,1548900,21786800,3661546200,49124392900,3504.4571,3506.8996,3468.5888,3510.9845
111027000,3471.8392,1477800,14097200,3663024000,49138490100,3504.4571,3506.8996,3468.5888,3510.9845
111032000,3471.7835,1641700,18264800,3664665700,49156754900,3504.4571,3506.8996,3468.5888,3510.9845
111037000,3472.4896,2901100,25941300,3667566800,49182696200,3504.4571,3506.8996,3468.5888,3510.9845
111042000,3472.1384,874600,12637800,3668441400,49195334000,3504.4571,3506.8996,3468.5888,3510.9845
111047000,3472.083,1426900,20329900,3669868300,49215663900,3504.4571,3506.8996,3468.5888,3510.9845
111052000,3472.1023,1558800,19840400,3671427100,49235504300,3504.4571,3506.8996,3468.5888,3510.9845
111057000,3472.3901,1429400,19088700,3672856500,49254593000,3504.4571,3506.8996,3468.5888,3510.9845
111102000,3472.3672,1387300,17627000,3674243800,49272220000,3504.4571,3506.8996,3468.5888,3510.9845
111107000,3472.0553,1142600,15665200,3675386400,49287885200,3504.4571,3506.8996,3468.5888,3510.9845
111112000,3471.8526,937700,13843000,3676324100,49301728200,3504.4571,3506.8996,3468.5888,3510.9845
111117000,3471.9177,1385400,17523900,3677709500,49319252100,3504.4571,3506.8996,3468.5888,3510.9845
111122000,3472.0238,1220200,17155200,3678929700,49336407300,3504.4571,3506.8996,3468.5888,3510.9845
111127000,3472.2675,892400,11355800,3679822100,49347763100,3504.4571,3506.8996,3468.5888,3510.9845
111132000,3472.3829,1391100,20107900,3681213200,49367871000,3504.4571,3506.8996,3468.5888,3510.9845
111137000,3472.2571,1499900,20074100,3682713100,49387945100,3504.4571,3506.8996,3468.5888,3510.9845
111142000,3472.0705,745600,8889600,3683458700,49396834700,3504.4571,3506.8996,3468.5888,3510.9845
111147000,3471.8456,1570500,20096500,3685029200,49416931200,3504.4571,3506.8996,3468.5888,3510.9845
111152000,3472.1286,2105800,22075400,3687135000,49439006600,3504.4571,3506.8996,3468.5888,3510.9845
111157000,3472.1051,1252000,17787600,3688387000,49456794200,3504.4571,3506.8996,3468.5888,3510.9845
111202000,3472.3526,1487100,17401700,3689874100,49474195900,3504.4571,3506.8996,3468.5888,3510.9845
111207000,3472.3266,1565700,19703700,3691439800,49493899600,3504.4571,3506.8996,3468.5888,3510.9845
111212000,3472.643,887000,13377900,3692326800,49507277500,3504.4571,3506.8996,3468.5888,3510.9845
111217000,3473.0669,1588600,19570100,3693915400,49526847600,3504.4571,3506.8996,3468.5888,3510.9845
111222000,3472.8308,1544300,25482800,3695459700,49552330400,3504.4571,3506.8996,3468.5888,3510.9845
111227000,3472.5032,724100,11530300,3696183800,49563860700,3504.4571,3506.8996,3468.5888,3510.9845
111232000,3472.9412,1246000,18034800,3697429800,49581895500,3504.4571,3506.8996,3468.5888,3510.9845
111237000,3472.7932,2204400,23808600,3699634200,49605704100,3504.4571,3506.8996,3468.5888,3510.9845
111242000,3473.115,1510100,20506500,3701144300,49626210600,3504.4571,3506.8996,3468.5888,3510.9845
111247000,3473.0149,1187800,18586000,3702332100,49644796600,3504.4571,3506.8996,3468.5888,3510.9845
111252000,3473.3464,1351700,20138300,3703683800,49664934900,3504.4571,3506.8996,3468.5888,3510.9845
111257000,3473.8821,917900,11439500,3704601700,49676374400,3504.4571,3506.8996,3468.5888,3510.9845
111302000,3473.3355,1308000,19191200,3705909700,49695565600,3504.4571,3506.8996,3468.5888,3510.9845
111307000,3473.3564,1294700,14205900,3707204400,49709771500,3504.4571,3506.8996,3468.5888,3510.9845
111313000,3473.1764,1485400,22789400,3708689800,49732560900,3504.4571,3506.8996,3468.5888,3510.9845
111317000,3472.9839,798800,11347600,3709488600,49743908500,3504.4571,3506.8996,3468.5888,3510.9845
111323000,3472.5899,1991000,21315000,3711479600,49765223500,3504.4571,3506.8996,3468.5888,3510.9845
111327000,3473.168,1184300,14591400,3712663900,49779814900,3504.4571,3506.8996,3468.5888,3510.9845
111333000,3473.1122,1113800,17671800,3713777700,49797486700,3504.4571,3506.8996,3468.5888,3510.9845
111338000,3472.8892,1900800,24402900,3715678500,49821889600,3504.4571,3506.8996,3468.5888,3510.9845
111343000,3472.816,1355000,18850900,3717033500,49840740500,3504.4571,3506.8996,3468.5888,3510.9845
111348000,3473.237,639000,10108500,3717672500,49850849000,3504.4571,3506.8996,3468.5888,3510.9845
111352000,3472.9694,1313200,19472000,3718985700,49870321000,3504.4571,3506.8996,3468.5888,3510.9845
111358000,3473.1193,1404600,20336500,3720390300,49890657500,3504.4571,3506.8996,3468.5888,3510.9845
111403000,3473.0197,531900,9453200,3720922200,49900110700,3504.4571,3506.8996,3468.5888,3510.9845
111408000,3473.122,1172600,13645100,3722094800,49913755800,3504.4571,3506.8996,3468.5888,3510.9845
111413000,3472.9354,983500,16228800,3723078300,49929984600,3504.4571,3506.8996,3468.5888,3510.9845
111418000,3473.0028,1007200,16627400,3724085500,49946612000,3504.4571,3506.8996,3468.5888,3510.9845
111423000,3472.888,1502700,20851200,3725588200,49967463200,3504.4571,3506.8996,3468.5888,3510.9845
111428000,3472.7465,1460800,15271900,3727049000,49982735100,3504.4571,3506.8996,3468.5888,3510.9845
111433000,3472.8241,589200,8162500,3727638200,49990897600,3504.4571,3506.8996,3468.5888,3510.9845
111438000,3473.0929,1309300,22646900,3728947500,50013544500,3504.4571,3506.8996,3468.5888,3510.9845
111443000,3472.7729,1342300,20125100,3730289800,50033669600,3504.4571,3506.8996,3468.5888,3510.9845
111448000,3472.5762,818300,12593900,3731108100,50046263500,3504.4571,3506.8996,3468.5888,3510.9845
111453000,3472.7712,1550100,20177600,3732658200,50066441100,3504.4571,3506.8996,3468.5888,3510.9845
111458000,3472.6632,1146400,15812600,3733804600,50082253700,3504.4571,3506.8996,3468.5888,3510.9845
111503000,3472.4504,663800,9731200,3734468400,50091984900,3504.4571,3506.8996,3468.5888,3510.9845
111508000,3472.7354,1144900,14428300,3735613300,50106413200,3504.4571,3506.8996,3468.5888,3510.9845
111513000,3472.3737,1908600,21837900,3737521900,50128251100,3504.4571,3506.8996,3468.5888,3510.9845
111518000,3472.7222,806400,8668600,3738328300,50136919700,3504.4571,3506.8996,3468.5888,3510.9845
111523000,3472.2957,2159900,27519400,3740488200,50164439100,3504.4571,3506.8996,3468.5888,3510.9845
111528000,3471.9809,2352400,28021700,3742840600,50192460800,3504.4571,3506.8996,3468.5888,3510.9845
111533000,3472.1158,812600,11449500,3743653200,50203910300,3504.4571,3506.8996,3468.5888,3510.9845
111538000,3472.3736,1749000,19382400,3745402200,50223292700,3504.4571,3506.8996,3468.5888,3510.9845
111543000,3472.2903,1587000,23146200,3746989200,50246438900,3504.4571,3506.8996,3468.5888,3510.9845
111548000,3472.166,707100,10439500,3747696300,50256878400,3504.4571,3506.8996,3468.5888,3510.9845
111553000,3472.4463,1890100,17261400,3749586400,50274139800,3504.4571,3506.8996,3468.5888,3510.9845
111558000,3472.3651,1288900,19989900,3750875300,50294129700,3504.4571,3506.8996,3468.5888,3510.9845
111603000,3472.2381,1184200,12145800,3752059500,50306275500,3504.4571,3506.8996,3468.5888,3510.9845
111608000,3471.9918,1737900,21952200,3753797400,50328227700,3504.4571,3506.8996,3468.5888,3510.9845
111613000,3471.9098,1591200,20048300,3755388600,50348276000,3504.4571,3506.8996,3468.5888,3510.9845
111618000,3472.2137,900400,10464800,3756289000,50358740800,3504.4571,3506.8996,3468.5888,3510.9845
111623000,3472.113,2003200,17090300,3758292200,50375831100,3504.4571,3506.8996,3468.5888,3510.9845
111628000,3472.1959,1580100,16875500,3759872300,50392706600,3504.4571,3506.8996,3468.5888,3510.9845
111633000,3472.128,938000,11954600,3760810300,50404661200,3504.4571,3506.8996,3468.5888,3510.9845
111638000,3472.7893,1478600,17370100,3762288900,50422031300,3504.4571,3506.8996,3468.5888,3510.9845
111643000,3472.2567,1769900,18579600,3764058800,50440610900,3504.4571,3506.8996,3468.5888,3510.9845
111648000,3472.2797,769900,12483300,3764828700,50453094200,3504.4571,3506.8996,3468.5888,3510.9845
111653000,3472.2421,2224000,24922500,3767052700,50478016700,3504.4571,3506.8996,3468.5888,3510.9845
111658000,3472.1992,1357100,19673500,3768409800,50497690200,3504.4571,3506.8996,3468.5888,3510.9845
111703000,3471.9601,1770300,17134400,3770180100,50514824600,3504.4571,3506.8996,3468.5888,3510.9845
111708000,3472.3253,2286100,28069200,3772466200,50542893800,3504.4571,3506.8996,3468.5888,3510.9845
111713000,3472.0679,1874700,23453500,3774340900,50566347300,3504.4571,3506.8996,3468.5888,3510.9845
111718000,3472.1352,989500,13880900,3775330400,50580228200,3504.4571,3506.8996,3468.5888,3510.9845
111723000,3471.7226,1511300,18836400,3776841700,50599064600,3504.4571,3506.8996,3468.5888,3510.9845
111728000,3472.0576,2226500,25854700,3779068200,50624919300,3504.4571,3506.8996,3468.5888,3510.9845
111733000,3472.1386,938700,18142000,3780006900,50643061300,3504.4571,3506.8996,3468.5888,3510.9845
111738000,3472.258,1231500,16629300,3781238400,50659690600,3504.4571,3506.8996,3468.5888,3510.9845
111743000,3472.2918,1333700,18726300,3782572100,50678416900,3504.4571,3506.8996,3468.5888,3510.9845
111748000,3472.1297,999500,12196200,3783571600,50690613100,3504.4571,3506.8996,3468.5888,3510.9845
111753000,3472.3256,2592600,22939300,3786164200,50713552400,3504.4571,3506.8996,3468.5888,3510.9845
111758000,3472.026,2792700,18217000,3788956900,50731769400,3504.4571,3506.8996,3468.5888,3510.9845
111803000,3471.7828,979900,9794800,3789936800,50741564200,3504.4571,3506.8996,3468.5888,3510.9845
111808000,3472.0028,1220600,15294000,3791157400,50756858200,3504.4571,3506.8996,3468.5888,3510.9845
111813000,3472.1687,1535600,18011800,3792693000,50774870000,3504.4571,3506.8996,3468.5888,3510.9845
111818000,3471.8275,667700,10647000,3793360700,50785517000,3504.4571,3506.8996,3468.5888,3510.9845
111823000,3471.5109,1617000,18709700,3794977700,50804226700,3504.4571,3506.8996,3468.5888,3510.9845
111828000,3471.9311,1456600,17874200,3796434300,50822100900,3504.4571,3506.8996,3468.5888,3510.9845
111833000,3471.69,704900,8108000,3797139200,50830208900,3504.4571,3506.8996,3468.5888,3510.9845
111838000,3471.6483,1257700,16015300,3798396900,50846224200,3504.4571,3506.8996,3468.5888,3510.9845
111843000,3472.0662,1303100,18196800,3799700000,50864421000,3504.4571,3506.8996,3468.5888,3510.9845
111848000,3472.1774,1624900,16722300,3801324900,50881143300,3504.4571,3506.8996,3468.5888,3510.9845
111853000,3472.209,1562300,22290000,3802887200,50903433300,3504.4571,3506.8996,3468.5888,3510.9845
111858000,3471.943,1313500,15707200,3804200700,50919140500,3504.4571,3506.8996,3468.5888,3510.9845
111903000,3471.477,1492400,15825100,3805693100,50934965600,3504.4571,3506.8996,3468.5888,3510.9845
111908000,3471.7109,1689100,19566600,3807382200,50954532200,3504.4571,3506.8996,3468.5888,3510.9845
111913000,3471.6079,1288200,14898500,3808670400,50969430700,3504.4571,3506.8996,3468.5888,3510.9845
111918000,3471.2968,1197900,14049400,3809868300,50983480100,3504.4571,3506.8996,3468.5888,3510.9845
111923000,3471.4264,1656300,23227400,3811524600,51006707500,3504.4571,3506.8996,3468.5888,3510.9845
111928000,3471.5481,1484200,19618800,3813008800,51026326300,3504.4571,3506.8996,3468.5888,3510.9845
111933000,3471.577,1250500,13626900,3814259300,51039953200,3504.4571,3506.8996,3468.5888,3510.9845
111938000,3471.6007,2377600,23450800,3816636900,51063404000,3504.4571,3506.8996,3468.5888,3510.9845
111943000,3471.5571,1659300,18256500,3818296200,51081660500,3504.4571,3506.8996,3468.5888,3510.9845
111948000,3471.4862,1327500,12950700,3819623700,51094611200,3504.4571,3506.8996,3468.5888,3510.9845
111953000,3471.5595,1489600,20461000,3821113300,51115072200,3504.4571,3506.8996,3468.5888,3510.9845
111958000,3471.2649,1462000,17896400,3822575300,51132968600,3504.4571,3506.8996,3468.5888,3510.9845
112003000,3470.9154,714400,10889100,3823289700,51143857700,3504.4571,3506.8996,3468.5888,3510.9845
112008000,3471.2179,979300,14886300,3824269000,51158744000,3504.4571,3506.8996,3468.5888,3510.9845
112013000,3471.3793,1169700,16653600,3825438700,51175397600,3504.4571,3506.8996,3468.5888,3510.9845
112018000,3471.3739,976700,11177400,3826415400,51186575000,3504.4571,3506.8996,3468.5888,3510.9845
112023000,3471.244,1092200,15659000,3827507600,51202234000,3504.4571,3506.8996,3468.5888,3510.9845
112028000,3471.2992,1976300,25345900,3829483900,51227579900,3504.4571,3506.8996,3468.5888,3510.9845
112033000,3471.4256,739000,10153800,3830222900,51237733700,3504.4571,3506.8996,3468.5888,3510.9845
112038000,3471.3874,2173200,20092100,3832396100,51257825800,3504.4571,3506.8996,3468.5888,3510.9845
112043000,3471.2423,1240200,17807700,3833636300,51275633500,3504.4571,3506.8996,3468.5888,3510.9845
112048000,3471.3506,620200,8035100,3834256500,51283668600,3504.4571,3506.8996,3468.5888,3510.9845
112053000,3471.0905,1566400,22674800,3835822900,51306343400,3504.4571,3506.8996,3468.5888,3510.9845
112058000,3471.1168,2092900,21463200,3837915800,51327806600,3504.4571,3506.8996,3468.5888,3510.9845
112103000,3471.0614,877100,10091200,3838792900,51337897800,3504.4571,3506.8996,3468.5888,3510.9845
112108000,3470.7873,1435700,14194700,3840228600,51352092500,3504.4571,3506.8996,3468.5888,3510.9845
112113000,3470.6419,1403200,19528200,3841631800,51371620700,3504.4571,3506.8996,3468.5888,3510.9845
112118000,3470.956,722200,10784200,3842354000,51382404900,3504.4571,3506.8996,3468.5888,3510.9845
112123000,3470.7364,1447300,18445600,3843801300,51400850500,3504.4571,3506.8996,3468.5888,3510.9845
112128000,3471.1161,1670200,22993900,3845471500,51423844400,3504.4571,3506.8996,3468.5888,3510.9845
112133000,3470.9918,957800,8857200,3846429300,51432701600,3504.4571,3506.8996,3468.5888,3510.9845
112138000,3471.513,1168300,16230700,3847597600,51448932300,3504.4571,3506.8996,3468.5888,3510.9845
112143000,3471.0278,1338900,19208200,3848936500,51468140500,3504.4571,3506.8996,3468.5888,3510.9845
112148000,3470.9536,962200,11036900,3849898700,51479177400,3504.4571,3506.8996,3468.5888,3510.9845
112153000,3471.2257,1667700,17766900,3851566400,51496944300,3504.4571,3506.8996,3468.5888,3510.9845
112158000,3471.2597,1122700,14765500,3852689100,51511709800,3504.4571,3506.8996,3468.5888,3510.9845
112203000,3470.8762,1132200,13141900,3853821300,51524851700,3504.4571,3506.8996,3468.5888,3510.9845
112208000,3470.7052,1777600,25929600,3855598900,51550781300,3504.4571,3506.8996,3468.5888,3510.9845
112213000,3470.8739,1325200,16856600,3856924100,51567637900,3504.4571,3506.8996,3468.5888,3510.9845
112218000,3470.1904,1207900,16329600,3858132000,51583967500,3504.4571,3506.8996,3468.5888,3510.9845
112223000,3468.9518,1839300,25738300,3859971300,51609705800,3504.4571,3506.8996,3468.5888,3510.9845
112228000,3469.7422,2224300,34989400,3862195600,51644695200,3504.4571,3506.8996,3468.5888,3510.9845
112233000,3469.7474,1277900,20432000,3863473500,51665127200,3504.4571,3506.8996,3468.5888,3510.9845
112238000,3470.3004,3032900,32853700,3866506400,51697980900,3504.4571,3506.8996,3468.5888,3510.9845
112243000,3469.5049,2675600,32912100,3869182000,51730893000,3504.4571,3506.8996,3468.5888,3510.9845
112248000,3469.0341,1513300,19547300,3870695300,51750440300,3504.4571,3506.8996,3468.5888,3510.9845
112253000,3469.2384,2004700,24995400,3872700000,51775435700,3504.4571,3506.8996,3468.5888,3510.9845
112258000,3468.4623,2225000,27108500,3874925000,51802544200,3504.4571,3506.8996,3468.4623,3510.9845
112303000,3468.0573,1821700,44348700,3876746700,51846892900,3504.4571,3506.8996,3468.0573,3510.9845
112308000,3467.9888,3000000,32788300,3879746700,51879681200,3504.4571,3506.8996,3467.9099,3510.9845
112313000,3467.6917,3736300,46917300,3883483000,51926598500,3504.4571,3506.8996,3467.5727,3510.9845
112318000,3467.6024,1372600,18886600,3884855600,51945485100,3504.4571,3506.8996,3467.5727,3510.9845
112323000,3467.1051,3285900,28586200,3888141500,51974071300,3504.4571,3506.8996,3466.9352,3510.9845
112328000,3466.9778,3619900,39564600,3891761400,52013635900,3504.4571,3506.8996,3466.9352,3510.9845
112333000,3466.6356,2014600,21748800,3893776000,52035384700,3504.4571,3506.8996,3466.6356,3510.9845
112338000,3466.9775,3458700,47574200,3897234700,52082958900,3504.4571,3506.8996,3466.6356,3510.9845
112343000,3466.6387,2407800,47528100,3899642500,52130487000,3504.4571,3506.8996,3466.6356,3510.9845
112348000,3466.5732,927100,16010300,3900569600,52146497300,3504.4571,3506.8996,3466.4328,3510.9845
112353000,3466.4458,1913700,26407500,3902483300,52172904800,3504.4571,3506.8996,3466.3985,3510.9845
112358000,3466.7365,2634900,34668400,3905118200,52207573200,3504.4571,3506.8996,3466.3985,3510.9845
112403000,3466.6643,1323600,17783800,3906441800,52225357000,3504.4571,3506.8996,3466.3985,3510.9845
112408000,3466.7354,2149200,25148800,3908591000,52250505800,3504.4571,3506.8996,3466.3985,3510.9845
112413000,3466.1775,4189200,46296100,3912780200,52296801900,3504.4571,3506.8996,3466.1775,3510.9845
112418000,3466.0709,1086600,14480800,3913866800,52311282700,3504.4571,3506.8996,3465.9441,3510.9845
112423000,3466.5151,2664000,34776800,3916530800,52346059500,3504.4571,3506.8996,3465.9441,3510.9845
112428000,3466.2141,2161400,30541200,3918692200,52376600700,3504.4571,3506.8996,3465.9441,3510.9845
112433000,3466.3101,1043600,14791000,3919735800,52391391700,3504.4571,3506.8996,3465.9441,3510.9845
112438000,3466.3989,1802500,23939800,3921538300,52415331500,3504.4571,3506.8996,3465.9441,3510.9845
112443000,3466.5387,1628400,22085200,3923166700,52437416700,3504.4571,3506.8996,3465.9441,3510.9845
112448000,3466.3865,1289000,19977800,3924455700,52457394500,3504.4571,3506.8996,3465.9441,3510.9845
112453000,3466.6203,1943900,29615100,3926399600,52487009600,3504.4571,3506.8996,3465.9441,3510.9845
112458000,3466.5419,2068700,24982300,3928468300,52511991900,3504.4571,3506.8996,3465.9441,3510.9845
112504000,3466.7373,2264700,26017400,3930733000,52538009300,3504.4571,3506.8996,3465.9441,3510.9845
112508000,3466.5074,1781300,25779800,3932514300,52563789100,3504.4571,3506.8996,3465.9441,3510.9845
112513000,3466.1394,2161700,22348800,3934676000,52586137900,3504.4571,3506.8996,3465.9441,3510.9845
112519000,3466.0975,2351400,22555900,3937027400,52608693800,3504.4571,3506.8996,3465.9441,3510.9845
112523000,3466.3032,705500,12252300,3937732900,52620946100,3504.4571,3506.8996,3465.9441,3510.9845
112529000,3466.6594,1746000,27233100,3939478900,52648179200,3504.4571,3506.8996,3465.9441,3510.9845
112533000,3466.6213,1894300,19585800,3941373200,52667765000,3504.4571,3506.8996,3465.9441,3510.9845
112538000,3466.9484,2633200,30965600,3944006400,52698730600,3504.4571,3506.8996,3465.9441,3510.9845
112544000,3466.0436,1894900,26402700,3945901300,52725133300,3504.4571,3506.8996,3465.9441,3510.9845
112548000,3466.1637,1197900,15497400,3947099200,52740630700,3504.4571,3506.8996,3465.9441,3510.9845
112554000,3466.1045,1717200,23263500,3948816400,52763894200,3504.4571,3506.8996,3465.9441,3510.9845
112559000,3466.1766,1389900,18889300,3950206300,52782783500,3504.4571,3506.8996,3465.9441,3510.9845
112604000,3465.5345,1399000,21093700,3951605300,52803877200,3504.4571,3506.8996,3465.4304,3510.9845
112609000,3465.4227,1530000,19116600,3953135300,52822993800,3504.4571,3506.8996,3465.4227,3510.9845
112614000,3465.3921,1880900,23786700,3955016200,52846780500,3504.4571,3506.8996,3465.3921,3510.9845
112619000,3465.1156,2474000,25736600,3957490200,52872517100,3504.4571,3506.8996,3465.0671,3510.9845
112624000,3465.3679,730800,12726300,3958221000,52885243400,3504.4571,3506.8996,3465.0671,3510.9845
112629000,3465.543,1691100,26215100,3959912100,52911458500,3504.4571,3506.8996,3465.0671,3510.9845
112634000,3465.6491,1424100,18318200,3961336200,52929776700,3504.4571,3506.8996,3465.0671,3510.9845
112639000,3465.5989,1329900,14744500,3962666100,52944521200,3504.4571,3506.8996,3465.0671,3510.9845
112644000,3465.5069,1655500,21658900,3964321600,52966180100,3504.4571,3506.8996,3465.0671,3510.9845
112649000,3465.3975,2917300,23432200,3967238900,52989612300,3504.4571,3506.8996,3465.0671,3510.9845
112654000,3465.3465,1040900,14797100,3968279800,53004409400,3504.4571,3506.8996,3465.0671,3510.9845
112659000,3465.8826,1468400,24015600,3969748200,53028425000,3504.4571,3506.8996,3465.0671,3510.9845
112704000,3465.6919,1662800,21018800,3971411000,53049443800,3504.4571,3506.8996,3465.0671,3510.9845
112709000,3465.1669,876600,12446700,3972287600,53061890500,3504.4571,3506.8996,3465.0671,3510.9845
112714000,3465.4407,1467000,24312000,3973754600,53086202500,3504.4571,3506.8996,3465.0671,3510.9845
112719000,3465.0258,3725300,30792600,3977479900,53116995100,3504.4571,3506.8996,3465.0258,3510.9845
112724000,3465.0178,754700,12797200,3978234600,53129792300,3504.4571,3506.8996,3464.9144,3510.9845
112729000,3465.0815,1539700,21839300,3979774300,53151631600,3504.4571,3506.8996,3464.9144,3510.9845
112734000,3465.1106,2494000,27120100,3982268300,53178751700,3504.4571,3506.8996,3464.9144,3510.9845
112739000,3465.2685,962800,13845900,3983231100,53192597600,3504.4571,3506.8996,3464.9144,3510.9845
112744000,3464.8651,1734900,23592900,3984966000,53216190500,3504.4571,3506.8996,3464.8295,3510.9845
112749000,3465.144,1482600,30220200,3986448600,53246410700,3504.4571,3506.8996,3464.8295,3510.9845
112754000,3465.0562,1007600,12586800,3987456200,53258997500,3504.4571,3506.8996,3464.8295,3510.9845
112759000,3465.1516,1437200,18337800,3988893400,53277335300,3504.4571,3506.8996,3464.8295,3510.9845
112804000,3464.5235,1918800,18240200,3990812200,53295575500,3504.4571,3506.8996,3464.3628,3510.9845
112809000,3464.5795,695600,10134200,3991507800,53305709700,3504.4571,3506.8996,3464.3628,3510.9845
112814000,3464.6289,1701700,17074800,3993209500,53322784500,3504.4571,3506.8996,3464.3628,3510.9845
112819000,3464.409,1238300,18952700,3994447800,53341737200,3504.4571,3506.8996,3464.3628,3510.9845
112824000,3464.1635,1253300,12171600,3995701100,53353908800,3504.4571,3506.8996,3464.1036,3510.9845
112829000,3463.8632,1494900,20864900,3997196000,53374773700,3504.4571,3506.8996,3463.837,3510.9845
112834000,3463.9851,1164300,21371900,3998360300,53396145600,3504.4571,3506.8996,3463.808,3510.9845
112839000,3463.9302,1210700,14178200,3999571000,53410323800,3504.4571,3506.8996,3463.808,3510.9845
112844000,3463.9667,1837700,25102900,4001408700,53435426700,3504.4571,3506.8996,3463.808,3510.9845
112849000,3463.8308,1186300,15865000,4002595000,53451291700,3504.4571,3506.8996,3463.8078,3510.9845
112854000,3463.691,1312900,19058900,4003907900,53470350600,3504.4571,3506.8996,3463.6063,3510.9845
112859000,3463.588,1094500,15433700,4005002400,53485784300,3504.4571,3506.8996,3463.3252,3510.9845
112904000,3463.6526,1278800,21156000,4006281200,53506940300,3504.4571,3506.8996,3463.3252,3510.9845
112909000,3463.5147,1307600,16556700,4007588800,53523497000,3504.4571,3506.8996,3463.3252,3510.9845
112914000,3463.5605,1572100,20772600,4009160900,53544269600,3504.4571,3506.8996,3463.3252,3510.9845
112919000,3463.931,1807500,22574100,4010968400,53566843700,3504.4571,3506.8996,3463.2911,3510.9845
112924000,3463.7596,784400,11707200,4011752800,53578550900,3504.4571,3506.8996,3463.2911,3510.9845
112929000,3463.4085,1475100,23404100,4013227900,53601955000,3504.4571,3506.8996,3463.2911,3510.9845
112934000,3463.6037,2248800,25565000,4015476700,53627520000,3504.4571,3506.8996,3463.2911,3510.9845
112939000,3463.4839,987300,12824000,4016464000,53640344000,3504.4571,3506.8996,3463.2911,3510.9845
112944000,3463.3356,1832600,22844200,4018296600,53663188200,3504.4571,3506.8996,3463.2911,3510.9845
112949000,3463.7023,1999300,21714300,4020295900,53684902500,3504.4571,3506.8996,3463.1818,3510.9845
112954000,3463.9462,729000,10142400,4021024900,53695044900,3504.4571,3506.8996,3463.1818,3510.9845
112959000,3463.4561,1293200,16161600,4022318100,53711206500,3504.4571,3506.8996,3463.1818,3510.9845
113003000,3463.2976,1598400,13392200,4023916500,53724598700,3504.4571,3506.8996,3463.1818,3510.9845
130000000,3463.2782,1237100,17297000,4025153600,53741895700,3504.4571,3506.8996,3463.1818,3510.9845
130006000,3462.4287,39796500,427492000,4064950100,54169387700,3504.4571,3506.8996,3462.4287,3510.9845
130011000,3461.7966,4645000,60506100,4069595100,54229893800,3504.4571,3506.8996,3461.7966,3510.9845
130015000,3461.2789,1644200,23659800,4071239300,54253553600,3504.4571,3506.8996,3461.2789,3510.9845
130021000,3461.7425,1240500,19144700,4072479800,54272698300,3504.4571,3506.8996,3461.1414,3510.9845
130026000,3461.1723,1561200,17486900,4074041000,54290185200,3504.4571,3506.8996,3460.9801,3510.9845
130030000,3461.1142,789200,12830000,4074830200,54303015200,3504.4571,3506.8996,3460.9604,3510.9845
130036000,3460.6216,2175600,24732700,4077005800,54327747900,3504.4571,3506.8996,3460.6216,3510.9845
130041000,3460.4947,1063400,20272800,4078069200,54348020700,3504.4571,3506.8996,3460.2945,3510.9845
130045000,3460.7471,2007400,34672700,4080076600,54382693400,3504.4571,3506.8996,3460.2945,3510.9845
130051000,3460.8824,1117500,12552800,4081194100,54395246200,3504.4571,3506.8996,3460.2945,3510.9845
130056000,3460.7369,1428400,22239700,4082622500,54417485900,3504.4571,3506.8996,3460.2945,3510.9845
130100000,3460.777,1276900,21428000,4083899400,54438913900,3504.4571,3506.8996,3460.2945,3510.9845
130106000,3460.8914,1503100,20193700,4085402500,54459107600,3504.4571,3506.8996,3460.2945,3510.9845
130111000,3461.1411,1436000,25815600,4086838500,54484923200,3504.4571,3506.8996,3460.2945,3510.9845
130115000,3461.3045,810200,15689800,4087648700,54500613000,3504.4571,3506.8996,3460.2945,3510.9845
130121000,3461.1037,1191500,18068200,4088840200,54518681200,3504.4571,3506.8996,3460.2945,3510.9845
130126000,3461.476,1521300,18313500,4090361500,54536994700,3504.4571,3506.8996,3460.2945,3510.9845
130130000,3461.4736,886600,11289600,4091248100,54548284300,3504.4571,3506.8996,3460.2945,3510.9845
130136000,3461.7692,1277300,18699700,4092525400,54566984000,3504.4571,3506.8996,3460.2945,3510.9845
130141000,3462.1225,1395700,19266600,4093921100,54586250600,3504.4571,3506.8996,3460.2945,3510.9845
130145000,3461.8878,1161600,15680900,4095082700,54601931500,3504.4571,3506.8996,3460.2945,3510.9845
130151000,3462.129,1389200,18678100,4096471900,54620609600,3504.4571,3506.8996,3460.2945,3510.9845
130156000,3461.94,828200,15942000,4097300100,54636551600,3504.4571,3506.8996,3460.2945,3510.9845
130200000,3462.0777,1532100,20047100,4098832200,54656598700,3504.4571,3506.8996,3460.2945,3510.9845
130206000,3461.5383,1939300,19367100,4100771500,54675965800,3504.4571,3506.8996,3460.2945,3510.9845
130211000,3460.7602,1565600,29040300,4102337100,54705006100,3504.4571,3506.8996,3460.2945,3510.9845
130215000,3460.4109,1322100,20192900,4103659200,54725199000,3504.4571,3506.8996,3460.2945,3510.9845
130221000,3460.1065,1738600,26018000,4105397800,54751217000,3504.4571,3506.8996,3460.1065,3510.9845
130226000,3460.0995,1179300,17577900,4106577100,54768794900,3504.4571,3506.8996,3460.0995,3510.9845
130230000,3459.5862,1912800,25411100,4108489900,54794206000,3504.4571,3506.8996,3459.5662,3510.9845
130236000,3459.8976,1239900,16585700,4109729800,54810791700,3504.4571,3506.8996,3459.5662,3510.9845
130241000,3460.0735,1655100,20968800,4111384900,54831760500,3504.4571,3506.8996,3459.5662,3510.9845
130245000,3459.6611,1526400,22920100,4112911300,54854680600,3504.4571,3506.8996,3459.5662,3510.9845
130251000,3459.6625,2024000,22104100,4114935300,54876784700,3504.4571,3506.8996,3459.5662,3510.9845
130257000,3459.6008,2299100,29960400,4117234400,54906745100,3504.4571,3506.8996,3459.5662,3510.9845
130300000,3459.7135,1406200,18035700,4118640600,54924780800,3504.4571,3506.8996,3459.4931,3510.9845
130306000,3459.5014,1268400,20556900,4119909000,54945337700,3504.4571,3506.8996,3459.4931,3510.9845
130312000,3459.5305,1471000,26547100,4121380000,54971884800,3504.4571,3506.8996,3459.4931,3510.9845
130315000,3459.2343,1083900,18905300,4122463900,54990790100,3504.4571,3506.8996,3459.2343,3510.9845
130321000,3459.3589,1613000,21389800,4124076900,55012179900,3504.4571,3506.8996,3459.2343,3510.9845
130326000,3459.4311,1009800,13332000,4125086700,55025511900,3504.4571,3506.8996,3459.0666,3510.9845
130332000,3459.1943,1471400,21254600,4126558100,55046766500,3504.4571,3506.8996,3459.0666,3510.9845
130336000,3459.5979,713400,13622300,4127271500,55060388800,3504.4571,3506.8996,3459.0666,3510.9845
130342000,3459.529,2406100,35891300,4129677600,55096280100,3504.4571,3506.8996,3459.0666,3510.9845
130347000,3458.8853,1018500,19230900,4130696100,55115511000,3504.4571,3506.8996,3458.8853,3510.9845
130351000,3459.0646,865400,22411300,4131561500,55137922300,3504.4571,3506.8996,3458.8853,3510.9845
130357000,3459.1345,1573500,30308200,4133135000,55168230500,3504.4571,3506.8996,3458.8728,3510.9845
130402000,3458.9482,1083900,18942200,4134218900,55187172700,3504.4571,3506.8996,3458.8728,3510.9845
130406000,3458.7355,1316700,22327700,4135535600,55209500400,3504.4571,3506.8996,3458.7355,3510.9845
130412000,3458.317,1173200,18328200,4136708800,55227828600,3504.4571,3506.8996,3458.2274,3510.9845
130417000,3458.304,1451900,19110000,4138160700,55246938600,3504.4571,3506.8996,3458.175,3510.9845
130421000,3458.5118,1250800,18661900,4139411500,55265600500,3504.4571,3506.8996,3458.175,3510.9845
130427000,3458.3812,1519600,23439500,4140931100,55289040000,3504.4571,3506.8996,3458.175,3510.9845
130432000,3458.4144,2800500,24008800,4143731600,55313048800,3504.4571,3506.8996,3458.1485,3510.9845
130436000,3458.3719,1571600,25903100,4145303200,55338951900,3504.4571,3506.8996,3458.1485,3510.9845
130442000,3458.2511,749100,13162700,4146052300,55352114600,3504.4571,3506.8996,3458.1485,3510.9845
130447000,3458.0126,1321200,23115200,4147373500,55375229800,3504.4571,3506.8996,3458.0126,3510.9845
130451000,3457.8132,1263800,23676500,4148637300,55398906300,3504.4571,3506.8996,3457.8132,3510.9845
130457000,3457.8628,961300,20028200,4149598600,55418934500,3504.4571,3506.8996,3457.8132,3510.9845
130502000,3458.0601,1383200,21363600,4150981800,55440298100,3504.4571,3506.8996,3457.7125,3510.9845
130506000,3457.974,1292400,22987500,4152274200,55463285600,3504.4571,3506.8996,3457.7125,3510.9845
130512000,3457.884,1388400,18171300,4153662600,55481456900,3504.4571,3506.8996,3457.7125,3510.9845
130517000,3457.8318,1514600,21088200,4155177200,55502545100,3504.4571,3506.8996,3457.4839,3510.9845
130521000,3457.6675,947800,20709800,4156125000,55523254900,3504.4571,3506.8996,3457.4839,3510.9845
130527000,3457.772,1986800,24526000,4158111800,55547780900,3504.4571,3506.8996,3457.4839,3510.9845
130532000,3457.7558,1545800,21483200,4159657600,55569264100,3504.4571,3506.8996,3457.3944,3510.9845
130536000,3457.9883,1249800,20948400,4160907400,55590212500,3504.4571,3506.8996,3457.3944,3510.9845
130542000,3458.2537,1391600,20934400,4162299000,55611146900,3504.4571,3506.8996,3457.3944,3510.9845
130547000,3458.7057,1639900,26912500,4163938900,55638059400,3504.4571,3506.8996,3457.3944,3510.9845
130551000,3458.5693,2231200,26596200,4166170100,55664655600,3504.4571,3506.8996,3457.3944,3510.9845
130557000,3458.843,1957200,22986200,4168127300,55687641800,3504.4571,3506.8996,3457.3944,3510.9845
130602000,3459.0584,1561900,21425500,4169689200,55709067300,3504.4571,3506.8996,3457.3944,3510.9845
130606000,3459.171,1986400,22659200,4171675600,55731726500,3504.4571,3506.8996,3457.3944,3510.9845
130612000,3459.0802,2231500,24291900,4173907100,55756018400,3504.4571,3506.8996,3457.3944,3510.9845
130617000,3459.6467,2114700,31260100,4176021800,55787278500,3504.4571,3506.8996,3457.3944,3510.9845
130621000,3459.1072,1128600,18059000,4177150400,55805337500,3504.4571,3506.8996,3457.3944,3510.9845
130627000,3459.1098,1232600,27154600,4178383000,55832492100,3504.4571,3506.8996,3457.3944,3510.9845
130632000,3458.9491,1674300,26404100,4180057300,55858896200,3504.4571,3506.8996,3457.3944,3510.9845
130636000,3458.9526,1223100,21424200,4181280400,55880320400,3504.4571,3506.8996,3457.3944,3510.9845
130642000,3458.299,1464100,15224300,4182744500,55895544700,3504.4571,3506.8996,3457.3944,3510.9845
130647000,3458.2333,1699600,29604900,4184444100,55925149600,3504.4571,3506.8996,3457.3944,3510.9845
130651000,3458.279,1140000,21247300,4185584100,55946396900,3504.4571,3506.8996,3457.3944,3510.9845
130657000,3458.0179,1249500,18080600,4186833600,55964477500,3504.4571,3506.8996,3457.3944,3510.9845
130702000,3457.9504,1785600,23745300,4188619200,55988222800,3504.4571,3506.8996,3457.3944,3510.9845
130706000,3458.0785,1265900,19761000,4189885100,56007983800,3504.4571,3506.8996,3457.3944,3510.9845
130712000,3458.4737,1301200,19431900,4191186300,56027415700,3504.4571,3506.8996,3457.3944,3510.9845
130717000,3458.2473,1656600,23082000,4192842900,56050497700,3504.4571,3506.8996,3457.3944,3510.9845
130721000,3458.023,1177500,21737300,4194020400,56072235000,3504.4571,3506.8996,3457.3944,3510.9845
130727000,3457.7635,1002800,15835100,4195023200,56088070100,3504.4571,3506.8996,3457.3944,3510.9845
130732000,3457.8633,1019500,18909700,4196042700,56106979800,3504.4571,3506.8996,3457.3944,3510.9845
130736000,3458.0975,1261700,21733700,4197304400,56128713500,3504.4571,3506.8996,3457.3944,3510.9845
130742000,3458.0886,1281500,18704400,4198585900,56147417900,3504.4571,3506.8996,3457.3944,3510.9845
130747000,3457.7704,943400,19100400,4199529300,56166518300,3504.4571,3506.8996,3457.3944,3510.9845
130751000,3457.8313,1178600,20641000,4200707900,56187159300,3504.4571,3506.8996,3457.3944,3510.9845
130757000,3458.2979,1125700,18448600,4201833600,56205607900,3504.4571,3506.8996,3457.3944,3510.9845
130802000,3458.054,1310500,24243100,4203144100,56229851000,3504.4571,3506.8996,3457.3944,3510.9845
130806000,3457.9657,1350200,19913500,4204494300,56249764500,3504.4571,3506.8996,3457.3944,3510.9845
130812000,3457.5431,1566000,27066400,4206060300,56276830900,3504.4571,3506.8996,3457.3944,3510.9845
130817000,3457.9832,1384800,17344900,4207445100,56294175800,3504.4571,3506.8996,3457.3944,3510.9845
130821000,3457.9908,1957000,29997200,4209402100,56324173000,3504.4571,3506.8996,3457.3944,3510.9845
130827000,3458.2892,1086200,14065000,4210488300,56338238000,3504.4571,3506.8996,3457.3944,3510.9845
130832000,3457.943,1628200,23759200,4212116500,56361997200,3504.4571,3506.8996,3457.3944,3510.9845
130836000,3457.8166,1286600,19827400,4213403100,56381824600,3504.4571,3506.8996,3457.3944,3510.9845
130842000,3457.8298,2572700,27829800,4215975800,56409654400,3504.4571,3506.8996,3457.3944,3510.9845
130847000,3457.4741,1249200,20083700,4217225000,56429738100,3504.4571,3506.8996,3457.3944,3510.9845
130851000,3457.0567,3194700,36195500,4220419700,56465933600,3504.4571,3506.8996,3457.0392,3510.9845
130857000,3456.5822,2335700,25242200,4222755400,56491175800,3504.4571,3506.8996,3456.5734,3510.9845
130902000,3456.7168,1653900,28839600,4224409300,56520015400,3504.4571,3506.8996,3456.5734,3510.9845
130906000,3456.2095,1488500,26376000,4225897800,56546391400,3504.4571,3506.8996,3456.2095,3510.9845
130912000,3456.0301,2048500,28625200,4227946300,56575016600,3504.4571,3506.8996,3456.0093,3510.9845
130917000,3455.884,2394100,34991000,4230340400,56610007600,3504.4571,3506.8996,3455.7094,3510.9845
130921000,3455.5623,1567200,34919400,4231907600,56644927000,3504.4571,3506.8996,3455.5623,3510.9845
130927000,3454.7777,1391100,27730500,4233298700,56672657500,3504.4571,3506.8996,3454.7777,3510.9845
130932000,3455.2854,2177600,41789700,4235476300,56714447200,3504.4571,3506.8996,3454.7498,3510.9845
130936000,3455.4017,2853400,34714700,4238329700,56749161900,3504.4571,3506.8996,3454.7498,3510.9845
130942000,3454.6309,2158200,32900100,4240487900,56782062000,3504.4571,3506.8996,3454.6309,3510.9845
130947000,3454.1464,3059700,40039500,4243547600,56822101500,3504.4571,3506.8996,3454.1464,3510.9845
130951000,3454.2328,1871500,28172600,4245419100,56850274100,3504.4571,3506.8996,3454.0797,3510.9845
130957000,3454.1749,2053900,36683200,4247473000,56886957300,3504.4571,3506.8996,3454.0797,3510.9845
131002000,3453.6449,3380400,48190700,4250853400,56935148000,3504.4571,3506.8996,3453.6449,3510.9845
131006000,3453.3927,2459100,32918800,4253312500,56968066800,3504.4571,3506.8996,3453.3927,3510.9845
131012000,3453.0313,2486200,32557900,4255798700,57000624700,3504.4571,3506.8996,3452.8728,3510.9845
131017000,3452.8315,2535300,40343200,4258334000,57040967900,3504.4571,3506.8996,3452.6602,3510.9845
131021000,3452.8912,2777300,34361600,4261111300,57075329500,3504.4571,3506.8996,3452.6602,3510.9845
131027000,3452.4798,2159100,29984400,4263270400,57105313900,3504.4571,3506.8996,3452.4798,3510.9845
131032000,3452.5388,2101700,29541800,4265372100,57134855700,3504.4571,3506.8996,3452.1521,3510.9845
131036000,3452.0838,1922700,35367400,4267294800,57170223100,3504.4571,3506.8996,3452.0838,3510.9845
131042000,3452.0765,2764500,30840600,4270059300,57201063700,3504.4571,3506.8996,3452.0765,3510.9845
131047000,3451.6325,3367400,43631300,4273426700,57244695000,3504.4571,3506.8996,3451.6325,3510.9845
131051000,3451.6639,2677600,33479900,4276104300,57278174900,3504.4571,3506.8996,3451.4108,3510.9845
131057000,3451.4431,2325700,41801800,4278430000,57319976700,3504.4571,3506.8996,3451.4108,3510.9845
131102000,3451.5373,2117400,36582500,4280547400,57356559200,3504.4571,3506.8996,3451.2931,3510.9845
131106000,3451.4969,3771200,43201100,4284318600,57399760300,3504.4571,3506.8996,3451.1824,3510.9845
131112000,3451.6201,1923400,29016000,4286242000,57428776300,3504.4571,3506.8996,3451.1824,3510.9845
131117000,3451.3534,1933300,28505100,4288175300,57457281400,3504.4571,3506.8996,3451.1824,3510.9845
131121000,3451.2196,1322000,28307200,4289497300,57485588600,3504.4571,3506.8996,3451.1824,3510.9845
131127000,3450.889,1207000,20820100,4290704300,57506408700,3504.4571,3506.8996,3450.889,3510.9845
131132000,3450.8778,1941500,63970900,4292645800,57570379600,3504.4571,3506.8996,3450.6627,3510.9845
131136000,3450.7982,1490100,24887300,4294135900,57595266900,3504.4571,3506.8996,3450.6627,3510.9845
131142000,3450.6871,1371300,23313300,4295507200,57618580200,3504.4571,3506.8996,3450.5162,3510.9845
131147000,3450.556,1785000,38780900,4297292200,57657361100,3504.4571,3506.8996,3450.5162,3510.9845
131151000,3450.4639,1791600,30484200,4299083800,57687845300,3504.4571,3506.8996,3450.2878,3510.9845
131157000,3450.1746,2155100,29598600,4301238900,57717443900,3504.4571,3506.8996,3450.1746,3510.9845
131202000,3449.8627,1707200,33150700,4302946100,57750594600,3504.4571,3506.8996,3449.8627,3510.9845
131206000,3449.9791,1953300,34602700,4304899400,57785197300,3504.4571,3506.8996,3449.8355,3510.9845
131212000,3449.9866,1446500,24289200,4306345900,57809486500,3504.4571,3506.8996,3449.6413,3510.9845
131217000,3449.6249,3037400,44995100,4309383300,57854481600,3504.4571,3506.8996,3449.6249,3510.9845
131221000,3449.6534,1899800,33557500,4311283100,57888039100,3504.4571,3506.8996,3449.6243,3510.9845
131227000,3449.1984,1994600,30773400,4313277700,57918812500,3504.4571,3506.8996,3449.1486,3510.9845
131232000,3449.5855,2426300,35759100,4315704000,57954571600,3504.4571,3506.8996,3449.1272,3510.9845
131236000,3449.3734,2039900,34020100,4317743900,57988591700,3504.4571,3506.8996,3449.1272,3510.9845
131242000,3449.6586,2117400,42172300,4319861300,58030764000,3504.4571,3506.8996,3449.1272,3510.9845
131247000,3449.1279,1603700,33604600,4321465000,58064368600,3504.4571,3506.8996,3449.1272,3510.9845
131251000,3449.4488,1372100,25804100,4322837100,58090172700,3504.4571,3506.8996,3448.9907,3510.9845
131257000,3449.4157,1361500,21522400,4324198600,58111695100,3504.4571,3506.8996,3448.9907,3510.9845
131302000,3448.9262,3853600,41168100,4328052200,58152863200,3504.4571,3506.8996,3448.7667,3510.9845
131306000,3448.8561,3135000,41410100,4331187200,58194273300,3504.4571,3506.8996,3448.7667,3510.9845
131312000,3449.1666,1713800,27492900,4332901000,58221766200,3504.4571,3506.8996,3448.7533,3510.9845
131317000,3448.8799,1476700,23284300,4334377700,58245050500,3504.4571,3506.8996,3448.7533,3510.9845
131321000,3448.9544,1813700,28707700,4336191400,58273758200,3504.4571,3506.8996,3448.7533,3510.9845
131327000,3448.698,1846600,33954500,4338038000,58307712700,3504.4571,3506.8996,3448.5424,3510.9845
131332000,3449.2244,2612700,41618900,4340650700,58349331600,3504.4571,3506.8996,3448.5424,3510.9845
131336000,3448.9546,1705400,28093600,4342356100,58377425200,3504.4571,3506.8996,3448.5424,3510.9845
131342000,3449.4923,1970800,26390900,4344326900,58403816100,3504.4571,3506.8996,3448.5424,3510.9845
131347000,3448.8773,1567200,28883900,4345894100,58432700000,3504.4571,3506.8996,3448.5424,3510.9845
131351000,3449.2452,2445400,45082000,4348339500,58477782000,3504.4571,3506.8996,3448.5424,3510.9845
131357000,3449.1825,2352300,34359000,4350691800,58512141000,3504.4571,3506.8996,3448.5424,3510.9845
131402000,3449.2983,2673600,36793700,4353365400,58548934700,3504.4571,3506.8996,3448.5424,3510.9845
131406000,3448.884,1954900,37765500,4355320300,58586700200,3504.4571,3506.8996,3448.5424,3510.9845
131412000,3448.6776,1634400,22852700,4356954700,58609552900,3504.4571,3506.8996,3448.5424,3510.9845
131417000,3448.615,2578900,45601000,4359533600,58655153900,3504.4571,3506.8996,3448.5424,3510.9845
131421000,3449.1605,2072200,31526300,4361605800,58686680200,3504.4571,3506.8996,3448.5294,3510.9845
131427000,3448.9587,3154000,30996200,4364759800,58717676400,3504.4571,3506.8996,3448.5294,3510.9845
131432000,3448.3906,2232000,28760100,4366991800,58746436500,3504.4571,3506.8996,3448.3189,3510.9845
131436000,3448.5293,1810100,23664300,4368801900,58770100800,3504.4571,3506.8996,3448.3189,3510.9845
131442000,3448.6433,2278200,26643200,4371080100,58796744000,3504.4571,3506.8996,3448.3189,3510.9845
131447000,3448.4901,1947200,30416800,4373027300,58827160800,3504.4571,3506.8996,3448.3189,3510.9845
131451000,3448.4051,3420000,39585600,4376447300,58866746400,3504.4571,3506.8996,3448.3189,3510.9845
131457000,3448.5803,2495700,30996600,4378943000,58897743000,3504.4571,3506.8996,3448.3189,3510.9845
131502000,3448.5536,2042100,32593300,4380985100,58930336300,3504.4571,3506.8996,3448.2907,3510.9845
131506000,3447.779,2419100,29669200,4383404200,58960005500,3504.4571,3506.8996,3447.779,3510.9845
131512000,3447.9091,2903800,29216800,4386308000,58989222300,3504.4571,3506.8996,3447.779,3510.9845
131518000,3447.9827,2643600,38099300,4388951600,59027321600,3504.4571,3506.8996,3447.779,3510.9845
131521000,3448.1027,2656800,28024800,4391608400,59055346400,3504.4571,3506.8996,3447.779,3510.9845
131527000,3447.5721,3993600,37140700,4395602000,59092487100,3504.4571,3506.8996,3447.5721,3510.9845
131532000,3447.7098,2782200,33584900,4398384200,59126072000,3504.4571,3506.8996,3447.3528,3510.9845
131538000,3447.5582,2362600,40757900,4400746800,59166829900,3504.4571,3506.8996,3447.3528,3510.9845
131542000,3447.935,1506000,21645800,4402252800,59188475700,3504.4571,3506.8996,3447.3528,3510.9845
131548000,3447.2003,1839100,30552000,4404091900,59219027700,3504.4571,3506.8996,3447.2003,3510.9845
131553000,3447.4865,1595100,27080400,4405687000,59246108100,3504.4571,3506.8996,3447.1906,3510.9845
131557000,3446.933,802800,12965300,4406489800,59259073400,3504.4571,3506.8996,3446.933,3510.9845
131603000,3447.3386,2517200,33377700,4409007000,59292451100,3504.4571,3506.8996,3446.933,3510.9845
131608000,3446.998,1880400,33292300,4410887400,59325743400,3504.4571,3506.8996,3446.8386,3510.9845
131612000,3447.8358,1913800,29352200,4412801200,59355095600,3504.4571,3506.8996,3446.8386,3510.9845
131618000,3447.1093,2322100,30373900,4415123300,59385469500,3504.4571,3506.8996,3446.8386,3510.9845
131623000,3447.9168,2612600,32023100,4417735900,59417492600,3504.4571,3506.8996,3446.8386,3510.9845
131627000,3447.273,1243000,24017600,4418978900,59441510200,3504.4571,3506.8996,3446.8386,3510.9845
131633000,3447.93,2275900,35953900,4421254800,59477464100,3504.4571,3506.8996,3446.8386,3510.9845
131638000,3447.5401,2072800,33694800,4423327600,59511158900,3504.4571,3506.8996,3446.8386,3510.9845
131642000,3447.8813,1500100,24458000,4424827700,59535616900,3504.4571,3506.8996,3446.8386,3510.9845
131648000,3448.0119,1593800,19170500,4426421500,59554787400,3504.4571,3506.8996,3446.8386,3510.9845
131653000,3448.5592,2379000,37090300,4428800500,59591877700,3504.4571,3506.8996,3446.8386,3510.9845
131657000,3448.6001,1675900,21522100,4430476400,59613399800,3504.4571,3506.8996,3446.8386,3510.9845
131703000,3448.6102,1555100,22791900,4432031500,59636191700,3504.4571,3506.8996,3446.8386,3510.9845
131708000,3449.0526,2530800,30058400,4434562300,59666250100,3504.4571,3506.8996,3446.8386,3510.9845
131712000,3449.1221,1433900,21227300,4435996200,59687477400,3504.4571,3506.8996,3446.8386,3510.9845
131718000,3449.2795,1154200,17259700,4437150400,59704737100,3504.4571,3506.8996,3446.8386,3510.9845
131723000,3450.0485,1810400,30260600,4438960800,59734997700,3504.4571,3506.8996,3446.8386,3510.9845
131727000,3449.4582,1720400,30008000,4440681200,59765005700,3504.4571,3506.8996,3446.8386,3510.9845
131733000,3450.2898,1604900,20815600,4442286100,59785821300,3504.4571,3506.8996,3446.8386,3510.9845
131738000,3450.2162,1594700,24483600,4443880800,59810304900,3504.4571,3506.8996,3446.8386,3510.9845
131742000,3450.6022,1153800,19958200,4445034600,59830263100,3504.4571,3506.8996,3446.8386,3510.9845
131748000,3450.5055,4215300,34116300,4449249900,59864379400,3504.4571,3506.8996,3446.8386,3510.9845
131753000,3451.0909,2077900,25913100,4451327800,59890292500,3504.4571,3506.8996,3446.8386,3510.9845
131757000,3450.7928,1815200,21839100,4453143000,59912131600,3504.4571,3506.8996,3446.8386,3510.9845
131803000,3451.2633,1372100,18669100,4454515100,59930800700,3504.4571,3506.8996,3446.8386,3510.9845
131808000,3451.1278,2363600,30955400,4456878700,59961756100,3504.4571,3506.8996,3446.8386,3510.9845
131812000,3450.9693,1424200,23042900,4458302900,59984799000,3504.4571,3506.8996,3446.8386,3510.9845
131818000,3451.2216,1978000,26884800,4460280900,60011683800,3504.4571,3506.8996,3446.8386,3510.9845
131823000,3451.5049,2004600,26779100,4462285500,60038462900,3504.4571,3506.8996,3446.8386,3510.9845
131827000,3451.5134,1520600,24473600,4463806100,60062936500,3504.4571,3506.8996,3446.8386,3510.9845
131833000,3451.4067,1483100,21388600,4465289200,60084325100,3504.4571,3506.8996,3446.8386,3510.9845
131838000,3451.5985,2663400,33533000,4467952600,60117858100,3504.4571,3506.8996,3446.8386,3510.9845
131842000,3451.6098,1260100,17135600,4469212700,60134993700,3504.4571,3506.8996,3446.8386,3510.9845
131848000,3451.5565,2218900,28428800,4471431600,60163422500,3504.4571,3506.8996,3446.8386,3510.9845
131853000,3451.5795,1631900,24383900,4473063500,60187806400,3504.4571,3506.8996,3446.8386,3510.9845
131857000,3451.2993,1364600,18310700,4474428100,60206117100,3504.4571,3506.8996,3446.8386,3510.9845
131903000,3451.698,1552400,18543900,4475980500,60224661000,3504.4571,3506.8996,3446.8386,3510.9845
131908000,3451.3314,2063500,27777900,4478044000,60252438900,3504.4571,3506.8996,3446.8386,3510.9845
131912000,3451.8364,1341800,23932100,4479385800,60276371000,3504.4571,3506.8996,3446.8386,3510.9845
131918000,3451.304,1521800,20710800,4480907600,60297081800,3504.4571,3506.8996,3446.8386,3510.9845
131923000,3451.1221,3695800,35255500,4484603400,60332337300,3504.4571,3506.8996,3446.8386,3510.9845
131927000,3451.2571,1755100,28315900,4486358500,60360653200,3504.4571,3506.8996,3446.8386,3510.9845
131933000,3450.5354,1981700,24071900,4488340200,60384725100,3504.4571,3506.8996,3446.8386,3510.9845
131938000,3450.3214,1887100,31496200,4490227300,60416221300,3504.4571,3506.8996,3446.8386,3510.9845
131942000,3450.5155,1908300,18760000,4492135600,60434981300,3504.4571,3506.8996,3446.8386,3510.9845
131948000,3450.7363,1975100,23067300,4494110700,60458048600,3504.4571,3506.8996,3446.8386,3510.9845
131953000,3450.3467,2388500,31016000,4496499200,60489064600,3504.4571,3506.8996,3446.8386,3510.9845
131957000,3450.4238,1485700,22271500,4497984900,60511336100,3504.4571,3506.8996,3446.8386,3510.9845
132003000,3450.5496,1968600,22499000,4499953500,60533835100,3504.4571,3506.8996,3446.8386,3510.9845
132008000,3450.341,1852500,23593600,4501806000,60557428700,3504.4571,3506.8996,3446.8386,3510.9845
132012000,3450.6985,1189300,15630300,4502995300,60573059000,3504.4571,3506.8996,3446.8386,3510.9845
132018000,3450.4046,1332500,17836200,4504327800,60590895200,3504.4571,3506.8996,3446.8386,3510.9845
132023000,3450.3609,2349600,29422400,4506677400,60620317600,3504.4571,3506.8996,3446.8386,3510.9845
132027000,3450.3344,1267700,20514500,4507945100,60640832100,3504.4571,3506.8996,3446.8386,3510.9845
132033000,3450.0882,1849500,23174600,4509794600,60664006700,3504.4571,3506.8996,3446.8386,3510.9845
132038000,3450.2193,1849700,28955600,4511644300,60692962300,3504.4571,3506.8996,3446.8386,3510.9845
132042000,3450.2016,1698900,24618700,4513343200,60717581000,3504.4571,3506.8996,3446.8386,3510.9845
132048000,3449.7006,1042900,14364500,4514386100,60731945500,3504.4571,3506.8996,3446.8386,3510.9845
132053000,3450.1414,1596700,21170500,4515982800,60753116000,3504.4571,3506.8996,3446.8386,3510.9845
132057000,3449.9404,1399500,19496700,4517382300,60772612700,3504.4571,3506.8996,3446.8386,3510.9845
132103000,3450.336,1140400,20132400,4518522700,60792745100,3504.4571,3506.8996,3446.8386,3510.9845
132108000,3449.8928,2594200,28712600,4521116900,60821457700,3504.4571,3506.8996,3446.8386,3510.9845
132112000,3450.056,1435300,19778900,4522552200,60841236600,3504.4571,3506.8996,3446.8386,3510.9845
132118000,3449.7946,2623900,28982100,4525176100,60870218700,3504.4571,3506.8996,3446.8386,3510.9845
132123000,3449.7865,2124500,24390700,4527300600,60894609400,3504.4571,3506.8996,3446.8386,3510.9845
132127000,3449.4684,839400,16327700,4528140000,60910937100,3504.4571,3506.8996,3446.8386,3510.9845
132133000,3449.6054,1511100,21870400,4529651100,60932807500,3504.4571,3506.8996,3446.8386,3510.9845
132138000,3449.7642,1600000,23083900,4531251100,60955891400,3504.4571,3506.8996,3446.8386,3510.9845
132142000,3449.8014,1253300,19099200,4532504400,60974990600,3504.4571,3506.8996,3446.8386,3510.9845
132148000,3449.4677,1432600,25329000,4533937000,61000319600,3504.4571,3506.8996,3446.8386,3510.9845
132153000,3449.9726,1547100,24033600,4535484100,61024353200,3504.4571,3506.8996,3446.8386,3510.9845
132158000,3449.6983,1137800,14685300,4536621900,61039038500,3504.4571,3506.8996,3446.8386,3510.9845
132203000,3449.9674,1662800,20972400,4538284700,61060010900,3504.4571,3506.8996,3446.8386,3510.9845
132208000,3450.1411,2985700,30961700,4541270400,61090972600,3504.4571,3506.8996,3446.8386,3510.9845
132213000,3449.5539,2779000,33935500,4544049400,61124908100,3504.4571,3506.8996,3446.8386,3510.9845
132218000,3449.6192,1684000,18665900,4545733400,61143574000,3504.4571,3506.8996,3446.8386,3510.9845
132223000,3449.7429,2020500,21643500,4547753900,61165217500,3504.4571,3506.8996,3446.8386,3510.9845
132228000,3449.6032,1227300,19789600,4548981200,61185007100,3504.4571,3506.8996,3446.8386,3510.9845
132233000,3450.0143,2674300,28309600,4551655500,61213316700,3504.4571,3506.8996,3446.8386,3510.9845
132238000,3449.46,1959000,23739300,4553614500,61237056000,3504.4571,3506.8996,3446.8386,3510.9845
132242000,3449.718,1950100,21113200,4555564600,61258169200,3504.4571,3506.8996,3446.8386,3510.9845
132248000,3449.4155,2311500,24660400,4557876100,61282829600,3504.4571,3506.8996,3446.8386,3510.9845
132253000,3449.5374,1365600,20297700,4559241700,61303127300,3504.4571,3506.8996,3446.8386,3510.9845
132257000,3449.5146,2043700,33549400,4561285400,61336676700,3504.4571,3506.8996,3446.8386,3510.9845
132303000,3449.1667,1691500,20590000,4562976900,61357266700,3504.4571,3506.8996,3446.8386,3510.9845
132308000,3449.2608,2212800,25641400,4565189700,61382908100,3504.4571,3506.8996,3446.8386,3510.9845
132313000,3449.4298,2074300,27693600,4567264000,61410601700,3504.4571,3506.8996,3446.8386,3510.9845
132318000,3449.3348,1225000,16375700,4568489000,61426977400,3504.4571,3506.8996,3446.8386,3510.9845
132323000,3449.2563,2153800,33024500,4570642800,61460001900,3504.4571,3506.8996,3446.8386,3510.9845
132327000,3449.4015,1347600,18656700,4571990400,61478658600,3504.4571,3506.8996,3446.8386,3510.9845
132333000,3449.2063,2296300,30783200,4574286700,61509441800,3504.4571,3506.8996,3446.8386,3510.9845
132338000,3449.1629,1795000,31442800,4576081700,61540884600,3504.4571,3506.8996,3446.8386,3510.9845
132343000,3449.243,1692400,22990400,4577774100,61563875000,3504.4571,3506.8996,3446.8386,3510.9845
132348000,3449.4427,1318400,16491100,4579092500,61580366100,3504.4571,3506.8996,3446.8386,3510.9845
132353000,3449.3122,1636200,19446600,4580728700,61599812700,3504.4571,3506.8996,3446.8386,3510.9845
132358000,3449.1192,1451300,19776000,4582180000,61619588700,3504.4571,3506.8996,3446.8386,3510.9845
132403000,3449.4395,1123000,13792600,4583303000,61633381300,3504.4571,3506.8996,3446.8386,3510.9845
132408000,3449.4722,2682800,33558900,4585985800,61666940200,3504.4571,3506.8996,3446.8386,3510.9845
132412000,3449.336,2161400,26588500,4588147200,61693528700,3504.4571,3506.8996,3446.8386,3510.9845
132418000,3449.3849,1632800,18948700,4589780000,61712477400,3504.4571,3506.8996,3446.8386,3510.9845
132423000,3449.4238,1655000,21262600,4591435000,61733740000,3504.4571,3506.8996,3446.8386,3510.9845
132427000,3449.4148,1468700,19914900,4592903700,61753654900,3504.4571,3506.8996,3446.8386,3510.9845
132433000,3449.9372,1503200,20334600,4594406900,61773989500,3504.4571,3506.8996,3446.8386,3510.9845
132438000,3450.1013,1906500,24487500,4596313400,61798477000,3504.4571,3506.8996,3446.8386,3510.9845
132443000,3449.8913,1111700,17217400,4597425100,61815694400,3504.4571,3506.8996,3446.8386,3510.9845
132448000,3449.9364,1150400,14833200,4598575500,61830527600,3504.4571,3506.8996,3446.8386,3510.9845
132453000,3449.9089,1685000,22498300,4600260500,61853025900,3504.4571,3506.8996,3446.8386,3510.9845
132458000,3449.8548,1523000,22997600,4601783500,61876023500,3504.4571,3506.8996,3446.8386,3510.9845
132503000,3450.301,1200400,15903800,4602983900,61891927300,3504.4571,3506.8996,3446.8386,3510.9845
132508000,3450.5087,1649100,23044600,4604633000,61914971900,3504.4571,3506.8996,3446.8386,3510.9845
132513000,3450.3715,1246100,18516700,4605879100,61933488600,3504.4571,3506.8996,3446.8386,3510.9845
132518000,3450.2492,1973300,22276100,4607852400,61955764700,3504.4571,3506.8996,3446.8386,3510.9845
132523000,3450.3356,2046600,29757100,4609899000,61985521800,3504.4571,3506.8996,3446.8386,3510.9845
132528000,3450.1052,1286600,19206200,4611185600,62004728000,3504.4571,3506.8996,3446.8386,3510.9845
132533000,3449.2733,2588200,32533900,4613773800,62037261900,3504.4571,3506.8996,3446.8386,3510.9845
132538000,3448.5558,3214500,46515800,4616988300,62083777700,3504.4571,3506.8996,3446.8386,3510.9845
132542000,3449.0691,1851300,32040300,4618839600,62115818000,3504.4571,3506.8996,3446.8386,3510.9845
132548000,3448.7572,2819300,34266900,4621658900,62150084900,3504.4571,3506.8996,3446.8386,3510.9845
132553000,3448.4446,2346800,40500600,4624005700,62190585500,3504.4571,3506.8996,3446.8386,3510.9845
132557000,3448.4025,2202800,39523700,4626208500,62230109200,3504.4571,3506.8996,3446.8386,3510.9845
132603000,3448.0074,1614800,23828500,4627823300,62253937700,3504.4571,3506.8996,3446.8386,3510.9845
132608000,3447.7352,2466000,32508800,4630289300,62286446500,3504.4571,3506.8996,3446.8386,3510.9845
132613000,3447.8396,1909600,26327300,4632198900,62312773800,3504.4571,3506.8996,3446.8386,3510.9845
132618000,3447.556,3039600,28674400,4635238500,62341448200,3504.4571,3506.8996,3446.8386,3510.9845
132623000,3447.491,2499700,34388200,4637738200,62375836400,3504.4571,3506.8996,3446.8386,3510.9845
132628000,3447.2222,1407100,22484500,4639145300,62398320900,3504.4571,3506.8996,3446.8386,3510.9845
132633000,3447.4916,1510500,19669600,4640655800,62417990500,3504.4571,3506.8996,3446.8386,3510.9845
132638000,3447.4382,2355600,32532300,4643011400,62450522800,3504.4571,3506.8996,3446.8386,3510.9845
132643000,3447.3179,1566800,23805600,4644578200,62474328400,3504.4571,3506.8996,3446.8386,3510.9845
132648000,3446.864,1859100,30688800,4646437300,62505017200,3504.4571,3506.8996,3446.8386,3510.9845
132653000,3446.6133,2274100,35046600,4648711400,62540063800,3504.4571,3506.8996,3446.6066,3510.9845
132658000,3446.7813,1724700,31844000,4650436100,62571907800,3504.4571,3506.8996,3446.5851,3510.9845
132703000,3446.8622,1615200,22798000,4652051300,62594705800,3504.4571,3506.8996,3446.5851,3510.9845
132708000,3446.7017,1734400,27876400,4653785700,62622582200,3504.4571,3506.8996,3446.5851,3510.9845
132713000,3446.4483,1743400,28923400,4655529100,62651505600,3504.4571,3506.8996,3446.4483,3510.9845
132719000,3446.3025,2411300,32532000,4657940400,62684037600,3504.4571,3506.8996,3446.2299,3510.9845
132723000,3446.109,1402200,22794400,4659342600,62706832000,3504.4571,3506.8996,3446.109,3510.9845
132728000,3445.7253,1363300,20365400,4660705900,62727197400,3504.4571,3506.8996,3445.7023,3510.9845
132733000,3445.7232,2733800,38544600,4663439700,62765742000,3504.4571,3506.8996,3445.675,3510.9845
132738000,3445.7946,2189400,27097100,4665629100,62792839100,3504.4571,3506.8996,3445.675,3510.9845
132744000,3445.7159,2306500,33487000,4667935600,62826326100,3504.4571,3506.8996,3445.5885,3510.9845
132748000,3445.4122,2124200,26174400,4670059800,62852500500,3504.4571,3506.8996,3445.4122,3510.9845
132754000,3445.5022,2791200,40209200,4672851000,62892709700,3504.4571,3506.8996,3445.4122,3510.9845
132759000,3445.5615,2197000,31412200,4675048000,62924121900,3504.4571,3506.8996,3445.3337,3510.9845
132804000,3445.4832,1783400,27309200,4676831400,62951431100,3504.4571,3506.8996,3445.3337,3510.9845
132809000,3445.1537,3145200,31638800,4679976600,62983069900,3504.4571,3506.8996,3445.1537,3510.9845
132814000,3445.0487,2602600,36585200,4682579200,63019655100,3504.4571,3506.8996,3444.9232,3510.9845
132819000,3445.3899,3658200,37604700,4686237400,63057259800,3504.4571,3506.8996,3444.9232,3510.9845
132823000,3445.2731,1390100,16015700,4687627500,63073275500,3504.4571,3506.8996,3444.9232,3510.9845
132829000,3445.0573,3538100,40680900,4691165600,63113956400,3504.4571,3506.8996,3444.9232,3510.9845
132834000,3444.7658,1585200,22868600,4692750800,63136825000,3504.4571,3506.8996,3444.7658,3510.9845
132839000,3444.8554,1786500,31217800,4694537300,63168042800,3504.4571,3506.8996,3444.7658,3510.9845
132844000,3444.9045,2225900,28543900,4696763200,63196586700,3504.4571,3506.8996,3444.6995,3510.9845
132849000,3444.454,1596500,22255900,4698359700,63218842600,3504.4571,3506.8996,3444.454,3510.9845
132854000,3444.9929,1776300,20937400,4700136000,63239780000,3504.4571,3506.8996,3444.454,3510.9845
132859000,3444.8679,2260900,28695400,4702396900,63268475400,3504.4571,3506.8996,3444.454,3510.9845
132904000,3444.4801,2133600,33359600,4704530500,63301835000,3504.4571,3506.8996,3444.454,3510.9845
132909000,3444.5623,1259900,16499100,4705790400,63318334100,3504.4571,3506.8996,3444.454,3510.9845
132914000,3444.8522,2044300,24621100,4707834700,63342955200,3504.4571,3506.8996,3444.3865,3510.9845
132919000,3444.4461,1327700,20811700,4709162400,63363766900,3504.4571,3506.8996,3444.3865,3510.9845
132924000,3444.4039,1533700,18451500,4710696100,63382218400,3504.4571,3506.8996,3444.35,3510.9845
132929000,3444.0063,3064900,40958800,4713761000,63423177200,3504.4571,3506.8996,3444.0063,3510.9845
132934000,3444.2601,1453400,21046100,4715214400,63444223300,3504.4571,3506.8996,3444.0063,3510.9845
132939000,3444.1309,1450900,19130400,4716665300,63463353700,3504.4571,3506.8996,3444.0063,3510.9845
132944000,3444.1574,2640200,33739100,4719305500,63497092800,3504.4571,3506.8996,3444.0063,3510.9845
132949000,3443.6385,2003300,31718600,4721308800,63528811400,3504.4571,3506.8996,3443.6385,3510.9845
132954000,3444.0197,1601900,20003600,4722910700,63548815000,3504.4571,3506.8996,3443.6385,3510.9845
132959000,3443.3609,4092700,36314900,4727003400,63585129900,3504.4571,3506.8996,3443.3609,3510.9845
133004000,3443.9194,1992800,28262100,4728996200,63613392000,3504.4571,3506.8996,3443.2919,3510.9845
133009000,3443.7777,1592100,24699100,4730588300,63638091100,3504.4571,3506.8996,3443.2919,3510.9845
133014000,3443.6533,1983500,28806600,4732571800,63666897700,3504.4571,3506.8996,3443.2919,3510.9845
133019000,3443.4276,2224700,30595300,4734796500,63697493000,3504.4571,3506.8996,3443.2919,3510.9845
133024000,3443.1453,3272200,29152500,4738068700,63726645500,3504.4571,3506.8996,3443.1411,3510.9845
133029000,3443.256,2713900,32060800,4740782600,63758706300,3504.4571,3506.8996,3442.985,3510.9845
133034000,3443.5067,2077000,28005300,4742859600,63786711600,3504.4571,3506.8996,3442.985,3510.9845
133039000,3443.0171,1590500,22762500,4744450100,63809474100,3504.4571,3506.8996,3442.9536,3510.9845
133044000,3443.0781,2689900,26943000,4747140000,63836417100,3504.4571,3506.8996,3442.8067,3510.9845
133049000,3442.5417,2133500,28007900,4749273500,63864425000,3504.4571,3506.8996,3442.5417,3510.9845
133054000,3442.7954,2232200,28067500,4751505700,63892492500,3504.4571,3506.8996,3442.5417,3510.9845
133059000,3442.4217,2152000,27886300,4753657700,63920378800,3504.4571,3506.8996,3442.3884,3510.9845
133104000,3442.4643,2183800,33404000,4755841500,63953782800,3504.4571,3506.8996,3442.34,3510.9845
133109000,3442.3277,2101900,22850800,4757943400,63976633600,3504.4571,3506.8996,3442.1997,3510.9845
133114000,3442.4547,3396700,42183500,4761340100,64018817100,3504.4571,3506.8996,3442.1997,3510.9845
133119000,3441.9821,2051700,29299200,4763391800,64048116300,3504.4571,3506.8996,3441.9122,3510.9845
133124000,3442.3217,2454300,35226200,4765846100,64083342500,3504.4571,3506.8996,3441.9122,3510.9845
133129000,3442.2889,3580400,45243600,4769426500,64128586100,3504.4571,3506.8996,3441.9122,3510.9845
133133000,3442.1344,1978300,30202100,4771404800,64158788200,3504.4571,3506.8996,3441.9122,3510.9845
133139000,3441.5307,2233400,28648900,4773638200,64187437100,3504.4571,3506.8996,3441.5307,3510.9845
133144000,3441.6892,2615700,35058600,4776253900,64222495700,3504.4571,3506.8996,3441.3978,3510.9845
133149000,3441.5222,2411600,30447200,4778665500,64252942900,3504.4571,3506.8996,3441.3978,3510.9845
133154000,3441.0814,2805100,29024200,4781470600,64281967100,3504.4571,3506.8996,3440.9803,3510.9845
133159000,3441.2743,3112700,38357900,4784583300,64320325000,3504.4571,3506.8996,3440.9803,3510.9845
133204000,3440.8622,3831600,35870900,4788414900,64356195900,3504.4571,3506.8996,3440.8622,3510.9845
133209000,3440.8037,2675400,28495100,4791090300,64384691000,3504.4571,3506.8996,3440.8037,3510.9845
133214000,3441.0149,3074400,31688500,4794164700,64416379500,3504.4571,3506.8996,3440.8037,3510.9845
133219000,3440.6501,1932100,27594800,4796096800,64443974300,3504.4571,3506.8996,3440.6501,3510.9845
133224000,3440.7238,2986800,31601300,4799083600,64475575600,3504.4571,3506.8996,3440.6501,3510.9845
133229000,3441.0261,3661900,37259200,4802745500,64512834800,3504.4571,3506.8996,3440.6501,3510.9845
133234000,3440.6252,4117000,35575900,4806862500,64548410700,3504.4571,3506.8996,3440.6252,3510.9845
133239000,3440.7191,2376900,26483700,4809239400,64574894400,3504.4571,3506.8996,3440.6252,3510.9845
133244000,3440.6299,3387800,39604800,4812627200,64614499200,3504.4571,3506.8996,3440.6252,3510.9845
133249000,3440.456,2029600,28721900,4814656800,64643221100,3504.4571,3506.8996,3440.456,3510.9845
133254000,3440.3506,3469300,53191300,4818126100,64696412400,3504.4571,3506.8996,3440.3506,3510.9845
133259000,3440.1337,2909200,35024400,4821035300,64731436800,3504.4571,3506.8996,3439.9884,3510.9845
133304000,3439.7247,3435400,37775600,4824470700,64769212400,3504.4571,3506.8996,3439.7247,3510.9845
133309000,3439.4922,3057200,45291800,4827527900,64814504200,3504.4571,3506.8996,3439.4922,3510.9845
133314000,3439.7095,2597300,41262200,4830125200,64855766400,3504.4571,3506.8996,3439.4922,3510.9845
133319000,3439.5988,2166400,31184500,4832291600,64886950900,3504.4571,3506.8996,3439.4922,3510.9845
133324000,3439.7275,1931400,23411400,4834223000,64910362300,3504.4571,3506.8996,3439.4922,3510.9845
133329000,3439.4401,3382100,37219900,4837605100,64947582200,3504.4571,3506.8996,3439.4401,3510.9845
133334000,3438.9452,2686100,33995800,4840291200,64981578000,3504.4571,3506.8996,3438.9452,3510.9845
133339000,3439.2037,1662200,21065000,4841953400,65002643000,3504.4571,3506.8996,3438.9452,3510.9845
133344000,3439.5071,2802000,33914100,4844755400,65036557100,3504.4571,3506.8996,3438.9452,3510.9845
133348000,3439.3377,2130800,32894000,4846886200,65069451100,3504.4571,3506.8996,3438.9452,3510.9845
133354000,3439.0001,2021900,25003800,4848908100,65094454900,3504.4571,3506.8996,3438.9452,3510.9845
133359000,3439.036,2073100,28584300,4850981200,65123039200,3504.4571,3506.8996,3438.9167,3510.9845
133404000,3438.8726,1827400,25381000,4852808600,65148420200,3504.4571,3506.8996,3438.8726,3510.9845
133409000,3438.8208,2627400,29741600,4855436000,65178161800,3504.4571,3506.8996,3438.7914,3510.9845
133414000,3438.7061,3987500,44489800,4859423500,65222651600,3504.4571,3506.8996,3438.671,3510.9845
133419000,3438.4118,3034600,40304100,4862458100,65262955700,3504.4571,3506.8996,3438.4118,3510.9845
133424000,3438.4488,3547200,41650900,4866005300,65304606600,3504.4571,3506.8996,3438.4118,3510.9845
133429000,3438.0138,3799900,52828100,4869805200,65357434700,3504.4571,3506.8996,3438.0138,3510.9845
133434000,3437.4709,3219700,39593400,4873024900,65397028100,3504.4571,3506.8996,3437.4709,3510.9845
133439000,3437.6375,3906200,55638800,4876931100,65452666900,3504.4571,3506.8996,3437.4709,3510.9845
133444000,3437.6752,3879600,51566800,4880810700,65504233700,3504.4571,3506.8996,3437.4214,3510.9845
133448000,3437.3173,3761500,48620100,4884572200,65552853800,3504.4571,3506.8996,3437.3173,3510.9845
133454000,3437.1279,3116600,41571800,4887688800,65594425600,3504.4571,3506.8996,3437.1228,3510.9845
133459000,3437.3826,3233500,51986200,4890922300,65646411800,3504.4571,3506.8996,3437.0169,3510.9845
133504000,3437.1742,2556300,38100900,4893478600,65684512700,3504.4571,3506.8996,3437.0169,3510.9845
133509000,3436.8586,3114000,39575500,4896592600,65724088200,3504.4571,3506.8996,3436.7473,3510.9845
133514000,3436.936,2784100,42549600,4899376700,65766637800,3504.4571,3506.8996,3436.7473,3510.9845
133519000,3436.2272,3555400,45634700,4902932100,65812272500,3504.4571,3506.8996,3436.2272,3510.9845
133524000,3436.647,3058500,49284800,4905990600,65861557300,3504.4571,3506.8996,3436.2272,3510.9845
133529000,3436.4543,3611500,42001300,4909602100,65903558600,3504.4571,3506.8996,3436.2272,3510.9845
133534000,3436.3241,2445000,35923000,4912047100,65939481600,3504.4571,3506.8996,3436.2272,3510.9845
133539000,3436.8016,4182000,39312000,4916229100,65978793600,3504.4571,3506.8996,3436.2272,3510.9845
133544000,3436.7016,3555600,42685600,4919784700,66021479200,3504.4571,3506.8996,3436.2272,3510.9845
133548000,3436.9395,2675200,40271200,4922459900,66061750400,3504.4571,3506.8996,3436.2272,3510.9845
133554000,3437.5437,2036700,28477300,4924496600,66090227700,3504.4571,3506.8996,3436.2272,3510.9845
133559000,3438.1558,2406500,37861600,4926903100,66128089300,3504.4571,3506.8996,3436.2272,3510.9845
133604000,3437.8398,2464500,38275100,4929367600,66166364400,3504.4571,3506.8996,3436.2272,3510.9845
133609000,3437.9463,2242300,26185300,4931609900,66192549700,3504.4571,3506.8996,3436.2272,3510.9845
133614000,3437.71,2267100,32087100,4933877000,66224636800,3504.4571,3506.8996,3436.2272,3510.9845
133619000,3438.2467,2670800,34779700,4936547800,66259416500,3504.4571,3506.8996,3436.2272,3510.9845
133624000,3438.4556,2667900,33319700,4939215700,66292736200,3504.4571,3506.8996,3436.2272,3510.9845
133629000,3438.5483,2725600,32938100,4941941300,66325674300,3504.4571,3506.8996,3436.2272,3510.9845
133634000,3438.7281,2604200,32521900,4944545500,66358196200,3504.4571,3506.8996,3436.2272,3510.9845
133639000,3438.3584,2214100,28971200,4946759600,66387167400,3504.4571,3506.8996,3436.2272,3510.9845
133644000,3438.9715,4398800,39915400,4951158400,66427082800,3504.4571,3506.8996,3436.2272,3510.9845
133649000,3438.5346,2034800,24688200,4953193200,66451771000,3504.4571,3506.8996,3436.2272,3510.9845
133654000,3439.0631,2065000,23490900,4955258200,66475261900,3504.4571,3506.8996,3436.2272,3510.9845
133659000,3439.2443,2293200,31181700,4957551400,66506443600,3504.4571,3506.8996,3436.2272,3510.9845
133704000,3439.6253,2052000,28524200,4959603400,66534967800,3504.4571,3506.8996,3436.2272,3510.9845
133709000,3439.4735,1646700,23779900,4961250100,66558747700,3504.4571,3506.8996,3436.2272,3510.9845
133714000,3439.7913,2605700,32287800,4963855800,66591035500,3504.4571,3506.8996,3436.2272,3510.9845
133719000,3440.7008,2083100,29443800,4965938900,66620479300,3504.4571,3506.8996,3436.2272,3510.9845
133724000,3440.5228,2204400,28499500,4968143300,66648978800,3504.4571,3506.8996,3436.2272,3510.9845
133729000,3440.2057,2328900,31661800,4970472200,66680640600,3504.4571,3506.8996,3436.2272,3510.9845
133734000,3440.5031,1998100,34787800,4972470300,66715428400,3504.4571,3506.8996,3436.2272,3510.9845
133739000,3440.3971,1775100,23605300,4974245400,66739033700,3504.4571,3506.8996,3436.2272,3510.9845
133744000,3440.8118,1758500,24598700,4976003900,66763632400,3504.4571,3506.8996,3436.2272,3510.9845
133749000,3441.3561,1769100,25707600,4977773000,66789340000,3504.4571,3506.8996,3436.2272,3510.9845
133754000,3441.0681,1647700,20361300,4979420700,66809701300,3504.4571,3506.8996,3436.2272,3510.9845
133759000,3441.4901,2138200,25870200,4981558900,66835571500,3504.4571,3506.8996,3436.2272,3510.9845
133804000,3441.5871,1661300,23821800,4983220200,66859393300,3504.4571,3506.8996,3436.2272,3510.9845
133809000,3441.1732,2757100,27197600,4985977300,66886590900,3504.4571,3506.8996,3436.2272,3510.9845
133814000,3441.4986,2055700,24876300,4988033000,66911467200,3504.4571,3506.8996,3436.2272,3510.9845
133819000,3441.8715,1753900,26011900,4989786900,66937479100,3504.4571,3506.8996,3436.2272,3510.9845
133824000,3442.1343,1701000,19999900,4991487900,66957479000,3504.4571,3506.8996,3436.2272,3510.9845
133829000,3442.0469,3164000,34789000,4994651900,66992268000,3504.4571,3506.8996,3436.2272,3510.9845
133834000,3442.0128,1760200,24420100,4996412100,67016688100,3504.4571,3506.8996,3436.2272,3510.9845
133839000,3442.1129,2462300,34334900,4998874400,67051023000,3504.4571,3506.8996,3436.2272,3510.9845
133844000,3442.4613,2394800,36603100,5001269200,67087626100,3504.4571,3506.8996,3436.2272,3510.9845
133849000,3442.3769,2207200,26831800,5003476400,67114457900,3504.4571,3506.8996,3436.2272,3510.9845
133854000,3442.3724,1993000,21960800,5005469400,67136418700,3504.4571,3506.8996,3436.2272,3510.9845
133859000,3442.6027,1688100,22566800,5007157500,67158985500,3504.4571,3506.8996,3436.2272,3510.9845
133904000,3442.7653,1921900,23288200,5009079400,67182273700,3504.4571,3506.8996,3436.2272,3510.9845
133909000,3442.7022,2177800,26227800,5011257200,67208501500,3504.4571,3506.8996,3436.2272,3510.9845
133914000,3442.6171,3894500,34024900,5015151700,67242526400,3504.4571,3506.8996,3436.2272,3510.9845
133919000,3442.8373,1740900,21354400,5016892600,67263880800,3504.4571,3506.8996,3436.2272,3510.9845
133924000,3443.0169,2318400,24308600,5019211000,67288189400,3504.4571,3506.8996,3436.2272,3510.9845
133929000,3442.5968,2592000,31383700,5021803000,67319573100,3504.4571,3506.8996,3436.2272,3510.9845
133934000,3442.8039,1625200,22372800,5023428200,67341945900,3504.4571,3506.8996,3436.2272,3510.9845
133939000,3442.6777,1619600,20372500,5025047800,67362318400,3504.4571,3506.8996,3436.2272,3510.9845
133944000,3443.2696,2277700,27885700,5027325500,67390204100,3504.4571,3506.8996,3436.2272,3510.9845
133949000,3443.1339,1246400,17518800,5028571900,67407722900,3504.4571,3506.8996,3436.2272,3510.9845
133954000,3442.9399,1289400,16748900,5029861300,67424471800,3504.4571,3506.8996,3436.2272,3510.9845
133959000,3443.0519,2074400,24589100,5031935700,67449060900,3504.4571,3506.8996,3436.2272,3510.9845
134005000,3443.3043,2021200,37080600,5033956900,67486141500,3504.4571,3506.8996,3436.2272,3510.9845
134009000,3442.8661,887700,10375300,5034844600,67496516800,3504.4571,3506.8996,3436.2272,3510.9845
134015000,3442.7932,2188800,24970000,5037033400,67521486800,3504.4571,3506.8996,3436.2272,3510.9845
134019000,3442.9713,1656000,25189900,5038689400,67546676700,3504.4571,3506.8996,3436.2272,3510.9845
134025000,3443.1801,1583300,25968700,5040272700,67572645400,3504.4571,3506.8996,3436.2272,3510.9845
134030000,3442.9063,1683900,17223600,5041956600,67589869000,3504.4571,3506.8996,3436.2272,3510.9845
134035000,3442.4482,2237700,26207600,5044194300,67616076600,3504.4571,3506.8996,3436.2272,3510.9845
134040000,3443.2343,1414600,23966600,5045608900,67640043200,3504.4571,3506.8996,3436.2272,3510.9845
134045000,3443.4709,1903700,19353700,5047512600,67659396900,3504.4571,3506.8996,3436.2272,3510.9845
134050000,3442.6628,3212700,31302600,5050725300,67690699500,3504.4571,3506.8996,3436.2272,3510.9845
134055000,3442.8504,1471500,20644300,5052196800,67711343800,3504.4571,3506.8996,3436.2272,3510.9845
134100000,3442.6403,1912300,21896600,5054109100,67733240400,3504.4571,3506.8996,3436.2272,3510.9845
134105000,3442.7244,2898200,31872900,5057007300,67765113300,3504.4571,3506.8996,3436.2272,3510.9845
134110000,3443.1581,1289700,16932200,5058297000,67782045500,3504.4571,3506.8996,3436.2272,3510.9845
134115000,3442.4391,2057400,25963500,5060354400,67808009000,3504.4571,3506.8996,3436.2272,3510.9845
134120000,3442.3998,2211700,31858800,5062566100,67839867800,3504.4571,3506.8996,3436.2272,3510.9845
134125000,3442.8288,1125200,17585800,5063691300,67857453600,3504.4571,3506.8996,3436.2272,3510.9845
134130000,3442.3007,1676500,19527000,5065367800,67876980600,3504.4571,3506.8996,3436.2272,3510.9845
134135000,3442.37,1721200,22257900,5067089000,67899238500,3504.4571,3506.8996,3436.2272,3510.9845
134140000,3442.4741,1380000,17812200,5068469000,67917050700,3504.4571,3506.8996,3436.2272,3510.9845
134145000,3442.7802,1668000,19305100,5070137000,67936355800,3504.4571,3506.8996,3436.2272,3510.9845
134150000,3442.2958,2445800,22676600,5072582800,67959032400,3504.4571,3506.8996,3436.2272,3510.9845
134155000,3442.6552,1362600,17093400,5073945400,67976125800,3504.4571,3506.8996,3436.2272,3510.9845
134200000,3442.8224,1674000,18486100,5075619400,67994611900,3504.4571,3506.8996,3436.2272,3510.9845
134205000,3442.6365,2758100,25405100,5078377500,68020017000,3504.4571,3506.8996,3436.2272,3510.9845
134209000,3442.4908,1406900,20522500,5079784400,68040539500,3504.4571,3506.8996,3436.2272,3510.9845
134215000,3442.6665,2330900,23573800,5082115300,68064113300,3504.4571,3506.8996,3436.2272,3510.9845
134220000,3442.2354,2579200,24152600,5084694500,68088265900,3504.4571,3506.8996,3436.2272,3510.9845
134225000,3442.3062,1586600,27088500,5086281100,68115354400,3504.4571,3506.8996,3436.2272,3510.9845
134230000,3442.2043,1311100,17181800,5087592200,68132536200,3504.4571,3506.8996,3436.2272,3510.9845
134235000,3441.9814,2128500,27089700,5089720700,68159625900,3504.4571,3506.8996,3436.2272,3510.9845
134240000,3442.3387,1200400,17826800,5090921100,68177452700,3504.4571,3506.8996,3436.2272,3510.9845
134245000,3441.8279,2322400,27429700,5093243500,68204882400,3504.4571,3506.8996,3436.2272,3510.9845
134250000,3441.6561,1777100,24410500,5095020600,68229292900,3504.4571,3506.8996,3436.2272,3510.9845
134255000,3442.0977,1177100,13541600,5096197700,68242834500,3504.4571,3506.8996,3436.2272,3510.9845
134300000,3442.1186,1839000,20289400,5098036700,68263123900,3504.4571,3506.8996,3436.2272,3510.9845
134305000,3442.2914,2478900,25465200,5100515600,68288589100,3504.4571,3506.8996,3436.2272,3510.9845
134310000,3442.0546,1310200,26233800,5101825800,68314822900,3504.4571,3506.8996,3436.2272,3510.9845
134315000,3442.179,1912500,21477100,5103738300,68336300000,3504.4571,3506.8996,3436.2272,3510.9845
134320000,3442.2326,1489400,23262500,5105227700,68359562500,3504.4571,3506.8996,3436.2272,3510.9845
134325000,3441.8054,1614400,21695200,5106842100,68381257700,3504.4571,3506.8996,3436.2272,3510.9845
134330000,3442.0289,1474300,14418900,5108316400,68395676600,3504.4571,3506.8996,3436.2272,3510.9845
134335000,3441.8476,2854100,23995100,5111170500,68419671700,3504.4571,3506.8996,3436.2272,3510.9845
134340000,3441.6837,1086400,14864100,5112256900,68434535800,3504.4571,3506.8996,3436.2272,3510.9845
134345000,3442.1628,1180000,16430900,5113436900,68450966700,3504.4571,3506.8996,3436.2272,3510.9845
134350000,3441.5494,2235300,28059600,5115672200,68479026300,3504.4571,3506.8996,3436.2272,3510.9845
134355000,3441.488,1436800,23143600,5117109000,68502169900,3504.4571,3506.8996,3436.2272,3510.9845
134400000,3441.408,1682100,16219100,5118791100,68518389000,3504.4571,3506.8996,3436.2272,3510.9845
134405000,3441.6892,1727200,22021200,5120518300,68540410200,3504.4571,3506.8996,3436.2272,3510.9845
134410000,3441.1358,2255900,24014300,5122774200,68564424500,3504.4571,3506.8996,3436.2272,3510.9845
134415000,3441.3848,1276100,14599400,5124050300,68579023900,3504.4571,3506.8996,3436.2272,3510.9845
134420000,3441.372,1560800,21579700,5125611100,68600603600,3504.4571,3506.8996,3436.2272,3510.9845
134425000,3441.51,1288800,18879900,5126899900,68619483500,3504.4571,3506.8996,3436.2272,3510.9845
134430000,3441.3051,1593500,22207300,5128493400,68641690800,3504.4571,3506.8996,3436.2272,3510.9845
134435000,3441.0424,1532000,21802400,5130025400,68663493200,3504.4571,3506.8996,3436.2272,3510.9845
134440000,3441.157,2350800,27060000,5132376200,68690553200,3504.4571,3506.8996,3436.2272,3510.9845
134445000,3441.3908,1011600,13562400,5133387800,68704115600,3504.4571,3506.8996,3436.2272,3510.9845
134450000,3441.1942,5047100,39041100,5138434900,68743156700,3504.4571,3506.8996,3436.2272,3510.9845
134455000,3441.2016,4978600,31405500,5143413500,68774562200,3504.4571,3506.8996,3436.2272,3510.9845
134500000,3441.1275,2443200,19017300,5145856700,68793579500,3504.4571,3506.8996,3436.2272,3510.9845
134505000,3441.139,1988600,28332900,5147845300,68821912400,3504.4571,3506.8996,3436.2272,3510.9845
134510000,3440.971,2617000,25674300,5150462300,68847586700,3504.4571,3506.8996,3436.2272,3510.9845
134515000,3440.7675,2570300,22718700,5153032600,68870305400,3504.4571,3506.8996,3436.2272,3510.9845
134520000,3440.7682,1843700,26858900,5154876300,68897164300,3504.4571,3506.8996,3436.2272,3510.9845
134525000,3440.6735,2076400,27907900,5156952700,68925072200,3504.4571,3506.8996,3436.2272,3510.9845
134530000,3440.3022,2049300,18192600,5159002000,68943264800,3504.4571,3506.8996,3436.2272,3510.9845
134535000,3439.9924,3495700,33462600,5162497700,68976727400,3504.4571,3506.8996,3436.2272,3510.9845
134540000,3439.8753,1637300,19278100,5164135000,68996005500,3504.4571,3506.8996,3436.2272,3510.9845
134545000,3439.8997,2341400,30219900,5166476400,69026225400,3504.4571,3506.8996,3436.2272,3510.9845
134550000,3439.6226,2145000,30948600,5168621400,69057174000,3504.4571,3506.8996,3436.2272,3510.9845
134555000,3439.1146,2125200,25480600,5170746600,69082654600,3504.4571,3506.8996,3436.2272,3510.9845
134600000,3439.3773,1684700,21803000,5172431300,69104457600,3504.4571,3506.8996,3436.2272,3510.9845
134605000,3438.8944,3157900,36919700,5175589200,69141377300,3504.4571,3506.8996,3436.2272,3510.9845
134610000,3438.9327,1836500,30622200,5177425700,69171999500,3504.4571,3506.8996,3436.2272,3510.9845
134615000,3439.1078,2032500,27958500,5179458200,69199958000,3504.4571,3506.8996,3436.2272,3510.9845
134620000,3438.9306,2494000,32645000,5181952200,69232603000,3504.4571,3506.8996,3436.2272,3510.9845
134625000,3438.5757,2446000,27976500,5184398200,69260579500,3504.4571,3506.8996,3436.2272,3510.9845
134630000,3439.071,2327900,28830200,5186726100,69289409700,3504.4571,3506.8996,3436.2272,3510.9845
134635000,3438.8912,3032200,29286500,5189758300,69318696200,3504.4571,3506.8996,3436.2272,3510.9845
134640000,3438.7328,1279100,19804800,5191037400,69338501000,3504.4571,3506.8996,3436.2272,3510.9845
134645000,3438.7965,1767200,18574100,5192804600,69357075100,3504.4571,3506.8996,3436.2272,3510.9845
134650000,3438.5809,2200700,22933700,5195005300,69380008800,3504.4571,3506.8996,3436.2272,3510.9845
134655000,3438.4573,1159600,19468400,5196164900,69399477200,3504.4571,3506.8996,3436.2272,3510.9845
134700000,3438.5934,1916900,19717200,5198081800,69419194400,3504.4571,3506.8996,3436.2272,3510.9845
134705000,3438.4588,1717800,22869200,5199799600,69442063600,3504.4571,3506.8996,3436.2272,3510.9845
134710000,3438.4544,1498600,26313300,5201298200,69468376900,3504.4571,3506.8996,3436.2272,3510.9845
134715000,3438.6885,1889900,21066900,5203188100,69489443800,3504.4571,3506.8996,3436.2272,3510.9845
134720000,3438.8704,2844800,36151600,5206032900,69525595400,3504.4571,3506.8996,3436.2272,3510.9845
134725000,3438.7036,1698300,20031900,5207731200,69545627300,3504.4571,3506.8996,3436.2272,3510.9845
134730000,3438.7482,1734800,22219100,5209466000,69567846400,3504.4571,3506.8996,3436.2272,3510.9845
134735000,3438.7941,2654200,36455600,5212120200,69604302000,3504.4571,3506.8996,3436.2272,3510.9845
134740000,3439.1308,1827700,28129600,5213947900,69632431600,3504.4571,3506.8996,3436.2272,3510.9845
134745000,3439.3191,2048800,19894400,5215996700,69652326000,3504.4571,3506.8996,3436.2272,3510.9845
134750000,3440.2571,2544600,31447700,5218541300,69683773700,3504.4571,3506.8996,3436.2272,3510.9845
134755000,3440.5451,2797100,47531200,5221338400,69731304900,3504.4571,3506.8996,3436.2272,3510.9845
134800000,3440.5854,2583100,35860800,5223921500,69767165700,3504.4571,3506.8996,3436.2272,3510.9845
134805000,3441.449,3567900,43751200,5227489400,69810916900,3504.4571,3506.8996,3436.2272,3510.9845
134810000,3441.7535,1651700,29009400,5229141100,69839926300,3504.4571,3506.8996,3436.2272,3510.9845
134815000,3441.7862,2112700,24937300,5231253800,69864863600,3504.4571,3506.8996,3436.2272,3510.9845
134820000,3441.9911,2323000,26870000,5233576800,69891733600,3504.4571,3506.8996,3436.2272,3510.9845
134825000,3442.0719,1994100,24238000,5235570900,69915971600,3504.4571,3506.8996,3436.2272,3510.9845
134830000,3442.6,1712300,20047900,5237283200,69936019500,3504.4571,3506.8996,3436.2272,3510.9845
134835000,3441.8114,2734100,28771000,5240017300,69964790500,3504.4571,3506.8996,3436.2272,3510.9845
134840000,3442.0965,1394800,22892000,5241412100,69987682500,3504.4571,3506.8996,3436.2272,3510.9845
134845000,3442.025,2247500,20637500,5243659600,70008320000,3504.4571,3506.8996,3436.2272,3510.9845
134850000,3442.2888,1949300,27030900,5245608900,70035350900,3504.4571,3506.8996,3436.2272,3510.9845
134855000,3442.3854,1216100,18928100,5246825000,70054279000,3504.4571,3506.8996,3436.2272,3510.9845
134900000,3442.2744,1377800,18245700,5248202800,70072524700,3504.4571,3506.8996,3436.2272,3510.9845
134905000,3442.5398,1897500,26561700,5250100300,70099086400,3504.4571,3506.8996,3436.2272,3510.9845
134910000,3442.7742,1391000,21043700,5251491300,70120130100,3504.4571,3506.8996,3436.2272,3510.9845
134915000,3442.5592,2067600,24735200,5253558900,70144865300,3504.4571,3506.8996,3436.2272,3510.9845
134920000,3442.3328,2114600,23582900,5255673500,70168448200,3504.4571,3506.8996,3436.2272,3510.9845
134925000,3442.4225,1537300,20882400,5257210800,70189330600,3504.4571,3506.8996,3436.2272,3510.9845
134930000,3442.4521,1150200,14460600,5258361000,70203791200,3504.4571,3506.8996,3436.2272,3510.9845
134935000,3442.2668,1772400,22623200,5260133400,70226414400,3504.4571,3506.8996,3436.2272,3510.9845
134940000,3442.3669,1177200,17430400,5261310600,70243844800,3504.4571,3506.8996,3436.2272,3510.9845
134945000,3442.3812,1512400,20189500,5262823000,70264034300,3504.4571,3506.8996,3436.2272,3510.9845
134950000,3441.9641,2276000,23378800,5265099000,70287413100,3504.4571,3506.8996,3436.2272,3510.9845
134955000,3441.7715,1922100,24881900,5267021100,70312295000,3504.4571,3506.8996,3436.2272,3510.9845
135000000,3441.5868,1222600,16932300,5268243700,70329227300,3504.4571,3506.8996,3436.2272,3510.9845
135005000,3441.7516,2512700,36938100,5270756400,70366165400,3504.4571,3506.8996,3436.2272,3510.9845
135010000,3441.6254,2067200,26794700,5272823600,70392960100,3504.4571,3506.8996,3436.2272,3510.9845
135015000,3441.4307,2390900,27276500,5275214500,70420236600,3504.4571,3506.8996,3436.2272,3510.9845
135020000,3441.7823,2270400,32284600,5277484900,70452521200,3504.4571,3506.8996,3436.2272,3510.9845
135025000,3440.9169,2123200,27336400,5279608100,70479857600,3504.4571,3506.8996,3436.2272,3510.9845
135030000,3440.6344,1943600,28953700,5281551700,70508811300,3504.4571,3506.8996,3436.2272,3510.9845
135035000,3440.6728,2612000,33973400,5284163700,70542784700,3504.4571,3506.8996,3436.2272,3510.9845
135040000,3440.1411,1975200,25116300,5286138900,70567901000,3504.4571,3506.8996,3436.2272,3510.9845
135045000,3440.0321,3388100,31389000,5289527000,70599290000,3504.4571,3506.8996,3436.2272,3510.9845
135050000,3439.7954,2114400,26281200,5291641400,70625571200,3504.4571,3506.8996,3436.2272,3510.9845
135055000,3440.072,2811000,28389200,5294452400,70653960400,3504.4571,3506.8996,3436.2272,3510.9845
135100000,3439.5709,3179900,32903600,5297632300,70686864000,3504.4571,3506.8996,3436.2272,3510.9845
135105000,3439.7379,3099000,29942000,5300731300,70716806000,3504.4571,3506.8996,3436.2272,3510.9845
135110000,3439.8994,2182300,22893400,5302913600,70739699400,3504.4571,3506.8996,3436.2272,3510.9845
135115000,3439.6283,1925100,23133500,5304838700,70762832900,3504.4571,3506.8996,3436.2272,3510.9845
135120000,3439.7326,2532400,27251100,5307371100,70790084000,3504.4571,3506.8996,3436.2272,3510.9845
135125000,3439.4585,2150100,24512400,5309521200,70814596400,3504.4571,3506.8996,3436.2272,3510.9845
135130000,3439.1181,3132900,34432100,5312654100,70849028500,3504.4571,3506.8996,3436.2272,3510.9845
135135000,3439.03,2770500,31033300,5315424600,70880061800,3504.4571,3506.8996,3436.2272,3510.9845
135140000,3439.3466,1287400,20805200,5316712000,70900867000,3504.4571,3506.8996,3436.2272,3510.9845
135145000,3438.9851,1365300,17782300,5318077300,70918649300,3504.4571,3506.8996,3436.2272,3510.9845
135150000,3438.7816,3175300,36089500,5321252600,70954738800,3504.4571,3506.8996,3436.2272,3510.9845
135155000,3438.6992,2793600,24930600,5324046200,70979669400,3504.4571,3506.8996,3436.2272,3510.9845
135201000,3438.8203,2767300,27588900,5326813500,71007258300,3504.4571,3506.8996,3436.2272,3510.9845
135205000,3438.4802,1398000,18115100,5328211500,71025373400,3504.4571,3506.8996,3436.2272,3510.9845
135211000,3438.5396,2939800,39447700,5331151300,71064821100,3504.4571,3506.8996,3436.2272,3510.9845
135215000,3438.7402,1232000,19551400,5332383300,71084372500,3504.4571,3506.8996,3436.2272,3510.9845
135220000,3438.6494,3757700,33701400,5336141000,71118073900,3504.4571,3506.8996,3436.2272,3510.9845
135226000,3437.9411,4618700,43298500,5340759700,71161372400,3504.4571,3506.8996,3436.2272,3510.9845
135230000,3438.2057,1126700,17765300,5341886400,71179137700,3504.4571,3506.8996,3436.2272,3510.9845
135236000,3437.9232,5788500,51537700,5347674900,71230675400,3504.4571,3506.8996,3436.2272,3510.9845
135240000,3438.0355,1540000,21094100,5349214900,71251769500,3504.4571,3506.8996,3436.2272,3510.9845
135246000,3438.0876,2298300,35723700,5351513200,71287493200,3504.4571,3506.8996,3436.2272,3510.9845
135251000,3438.0919,4198600,34347900,5355711800,71321841100,3504.4571,3506.8996,3436.2272,3510.9845
135256000,3437.2674,2366400,31295400,5358078200,71353136500,3504.4571,3506.8996,3436.2272,3510.9845
135301000,3437.1115,2001900,29304300,5360080100,71382440800,3504.4571,3506.8996,3436.2272,3510.9845
135306000,3437.141,2148600,22724200,5362228700,71405165000,3504.4571,3506.8996,3436.2272,3510.9845
135311000,3437.2627,2800600,33223600,5365029300,71438388600,3504.4571,3506.8996,3436.2272,3510.9845
135316000,3436.9754,2788300,32977100,5367817600,71471365700,3504.4571,3506.8996,3436.2272,3510.9845
135321000,3437.2592,2403300,24614200,5370220900,71495979900,3504.4571,3506.8996,3436.2272,3510.9845
135326000,3436.8035,2305300,26204800,5372526200,71522184700,3504.4571,3506.8996,3436.2272,3510.9845
135331000,3436.6601,3664500,31849900,5376190700,71554034600,3504.4571,3506.8996,3436.2272,3510.9845
135336000,3436.1685,2139900,27740400,5378330600,71581775000,3504.4571,3506.8996,3436.1492,3510.9845
135341000,3436.2552,4165800,37805600,5382496400,71619580600,3504.4571,3506.8996,3435.8751,3510.9845
135346000,3436.0077,1604600,27873700,5384101000,71647454300,3504.4571,3506.8996,3435.8751,3510.9845
135351000,3435.5891,2123700,31958300,5386224700,71679412600,3504.4571,3506.8996,3435.5891,3510.9845
135356000,3435.5661,3717000,47406600,5389941700,71726819200,3504.4571,3506.8996,3435.4514,3510.9845
135401000,3435.1848,3293000,46384400,5393234700,71773203600,3504.4571,3506.8996,3435.0253,3510.9845
135406000,3435.119,2683900,37275700,5395918600,71810479300,3504.4571,3506.8996,3435.0253,3510.9845
135411000,3434.8084,2947200,45425200,5398865800,71855904500,3504.4571,3506.8996,3434.7709,3510.9845
135416000,3434.3914,3564200,38929200,5402430000,71894833700,3504.4571,3506.8996,3434.3914,3510.9845
135421000,3434.5738,2169400,26594700,5404599400,71921428400,3504.4571,3506.8996,3434.2596,3510.9845
135426000,3434.1206,3254100,40896700,5407853500,71962325100,3504.4571,3506.8996,3434.1206,3510.9845
135431000,3434.1242,1958700,23156500,5409812200,71985481600,3504.4571,3506.8996,3433.9746,3510.9845
135436000,3434.1451,3399600,32862600,5413211800,72018344200,3504.4571,3506.8996,3433.9746,3510.9845
135441000,3433.9618,5494200,60744900,5418706000,72079089100,3504.4571,3506.8996,3433.9618,3510.9845
135446000,3434.1611,2025200,26068500,5420731200,72105157600,3504.4571,3506.8996,3433.8891,3510.9845
135451000,3433.9253,2848400,30768400,5423579600,72135926000,3504.4571,3506.8996,3433.8891,3510.9845
135456000,3433.3591,4006400,44624200,5427586000,72180550200,3504.4571,3506.8996,3433.3591,3510.9845
135501000,3433.2355,2691000,34354200,5430277000,72214904400,3504.4571,3506.8996,3433.2355,3510.9845
135506000,3433.4014,5605800,45128400,5435882800,72260032800,3504.4571,3506.8996,3433.2355,3510.9845
135511000,3433.272,4149700,40743300,5440032500,72300776100,3504.4571,3506.8996,3433.2355,3510.9845
135516000,3433.5014,2043600,26065000,5442076100,72326841100,3504.4571,3506.8996,3433.2355,3510.9845
135521000,3433.1331,2180900,24986200,5444257000,72351827300,3504.4571,3506.8996,3433.088,3510.9845
135526000,3432.8871,2599200,39535800,5446856200,72391363100,3504.4571,3506.8996,3432.8871,3510.9845
135531000,3432.8928,4064700,42927600,5450920900,72434290700,3504.4571,3506.8996,3432.7918,3510.9845
135536000,3432.7116,2995100,38041200,5453916000,72472331900,3504.4571,3506.8996,3432.7116,3510.9845
135541000,3432.7383,3378700,39698300,5457294700,72512030200,3504.4571,3506.8996,3432.6031,3510.9845
135546000,3432.4071,2974000,36213100,5460268700,72548243300,3504.4571,3506.8996,3432.4071,3510.9845
135551000,3432.3546,2615900,30411700,5462884600,72578655000,3504.4571,3506.8996,3432.3264,3510.9845
135556000,3432.1798,2891800,35820000,5465776400,72614475000,3504.4571,3506.8996,3432.1798,3510.9845
135601000,3432.0769,4005700,44170100,5469782100,72658645100,3504.4571,3506.8996,3432.0769,3510.9845
135606000,3432.2932,2009100,27413200,5471791200,72686058300,3504.4571,3506.8996,3432.0769,3510.9845
135611000,3432.1344,3552900,37217100,5475344100,72723275400,3504.4571,3506.8996,3432.0275,3510.9845
135616000,3432.3169,2271600,35380800,5477615700,72758656200,3504.4571,3506.8996,3432.0275,3510.9845
135621000,3432.4174,4037100,33718800,5481652800,72792375000,3504.4571,3506.8996,3432.0275,3510.9845
135626000,3432.1764,3519500,37740700,5485172300,72830115700,3504.4571,3506.8996,3432.0275,3510.9845
135631000,3432.0987,1972100,27510900,5487144400,72857626600,3504.4571,3506.8996,3432.0275,3510.9845
135636000,3432.4262,2952400,29762800,5490096800,72887389400,3504.4571,3506.8996,3432.0275,3510.9845
135641000,3432.3184,3392100,38495700,5493488900,72925885100,3504.4571,3506.8996,3432.0275,3510.9845
135646000,3432.3672,1802300,23331800,5495291200,72949216900,3504.4571,3506.8996,3432.0275,3510.9845
135651000,3432.3082,1506900,18885800,5496798100,72968102700,3504.4571,3506.8996,3432.0275,3510.9845
135656000,3431.9516,2218000,27248100,5499016100,72995350800,3504.4571,3506.8996,3431.9516,3510.9845
135701000,3431.8345,1813400,23746100,5500829500,73019096900,3504.4571,3506.8996,3431.7589,3510.9845
135706000,3431.8381,3687800,36778800,5504517300,73055875700,3504.4571,3506.8996,3431.7589,3510.9845
135711000,3431.7349,3533500,37314200,5508050800,73093189900,3504.4571,3506.8996,3431.4443,3510.9845
135716000,3432.1515,2568900,27300200,5510619700,73120490100,3504.4571,3506.8996,3431.4443,3510.9845
135721000,3432.4488,2819700,29998100,5513439400,73150488200,3504.4571,3506.8996,3431.4443,3510.9845
135726000,3432.576,3407000,32500500,5516846400,73182988700,3504.4571,3506.8996,3431.4443,3510.9845
135731000,3432.8047,2773700,38900100,5519620100,73221888800,3504.4571,3506.8996,3431.4443,3510.9845
135736000,3432.8876,2531200,27913000,5522151300,73249801800,3504.4571,3506.8996,3431.4443,3510.9845
135741000,3433.1425,2011700,28018300,5524163000,73277820100,3504.4571,3506.8996,3431.4443,3510.9845
135746000,3433.5123,2857100,31074800,5527020100,73308894900,3504.4571,3506.8996,3431.4443,3510.9845
135751000,3433.428,2223800,28466400,5529243900,73337361300,3504.4571,3506.8996,3431.4443,3510.9845
135756000,3433.3923,2637700,31005300,5531881600,73368366600,3504.4571,3506.8996,3431.4443,3510.9845
135801000,3433.3258,1658300,19404900,5533539900,73387771500,3504.4571,3506.8996,3431.4443,3510.9845
135806000,3433.7421,2363400,25457500,5535903300,73413229000,3504.4571,3506.8996,3431.4443,3510.9845
135811000,3433.2298,3200500,32314400,5539103800,73445543400,3504.4571,3506.8996,3431.4443,3510.9845
135816000,3433.6436,2068100,24062900,5541171900,73469606300,3504.4571,3506.8996,3431.4443,3510.9845
135821000,3433.7898,1841200,20897900,5543013100,73490504200,3504.4571,3506.8996,3431.4443,3510.9845
135826000,3433.9429,3068800,31899900,5546081900,73522404100,3504.4571,3506.8996,3431.4443,3510.9845
135831000,3434.0183,1579300,26728500,5547661200,73549132600,3504.4571,3506.8996,3431.4443,3510.9845
135836000,3434.0403,1575100,20155500,5549236300,73569288100,3504.4571,3506.8996,3431.4443,3510.9845
135841000,3433.9861,3410000,32760200,5552646300,73602048300,3504.4571,3506.8996,3431.4443,3510.9845
135846000,3434.1779,1708200,26709600,5554354500,73628757900,3504.4571,3506.8996,3431.4443,3510.9845
135851000,3434.0726,1683700,21840900,5556038200,73650598800,3504.4571,3506.8996,3431.4443,3510.9845
135856000,3434.3921,3046800,27953400,5559085000,73678552200,3504.4571,3506.8996,3431.4443,3510.9845
135901000,3434.3094,2259900,24192600,5561344900,73702744800,3504.4571,3506.8996,3431.4443,3510.9845
135906000,3434.5198,2109300,23232900,5563454200,73725977700,3504.4571,3506.8996,3431.4443,3510.9845
135911000,3434.1704,2647300,29891500,5566101500,73755869200,3504.4571,3506.8996,3431.4443,3510.9845
135916000,3434.4478,1895100,25674700,5567996600,73781543900,3504.4571,3506.8996,3431.4443,3510.9845
135921000,3434.8101,2089400,19272200,5570086000,73800816100,3504.4571,3506.8996,3431.4443,3510.9845
135926000,3434.7599,2167600,23505900,5572253600,73824322000,3504.4571,3506.8996,3431.4443,3510.9845
135931000,3434.8564,1592200,19189400,5573845800,73843511400,3504.4571,3506.8996,3431.4443,3510.9845
135936000,3435.2296,2279600,24350800,5576125400,73867862200,3504.4571,3506.8996,3431.4443,3510.9845
135941000,3435.1345,2037200,45504800,5578162600,73913367000,3504.4571,3506.8996,3431.4443,3510.9845
135946000,3434.9906,1423100,18668800,5579585700,73932035800,3504.4571,3506.8996,3431.4443,3510.9845
135951000,3435.0447,1320200,16046600,5580905900,73948082400,3504.4571,3506.8996,3431.4443,3510.9845
135956000,3434.9526,2314000,24472400,5583219900,73972554800,3504.4571,3506.8996,3431.4443,3510.9845
140001000,3434.9904,1298000,21087800,5584517900,73993642600,3504.4571,3506.8996,3431.4443,3510.9845
140006000,3435.1097,1903500,19196800,5586421400,74012839400,3504.4571,3506.8996,3431.4443,3510.9845
140011000,3434.8653,1947700,24268100,5588369100,74037107500,3504.4571,3506.8996,3431.4443,3510.9845
140016000,3435.2292,2038200,26268100,5590407300,74063375600,3504.4571,3506.8996,3431.4443,3510.9845
140021000,3434.931,1505900,19146300,5591913200,74082521900,3504.4571,3506.8996,3431.4443,3510.9845
140026000,3434.5563,2249800,32419700,5594163000,74114941600,3504.4571,3506.8996,3431.4443,3510.9845
140031000,3434.7853,1607600,27031200,5595770600,74141972800,3504.4571,3506.8996,3431.4443,3510.9845
140036000,3433.9937,2310500,25474900,5598081100,74167447700,3504.4571,3506.8996,3431.4443,3510.9845
140041000,3433.5148,6855000,59438100,5604936100,74226885800,3504.4571,3506.8996,3431.4443,3510.9845
140046000,3433.848,2079400,28245400,5607015500,74255131200,3504.4571,3506.8996,3431.4443,3510.9845
140051000,3433.6512,2605200,29961000,5609620700,74285092200,3504.4571,3506.8996,3431.4443,3510.9845
140056000,3433.533,2233000,26516900,5611853700,74311609100,3504.4571,3506.8996,3431.4443,3510.9845
140101000,3433.2647,2093900,36674800,5613947600,74348283900,3504.4571,3506.8996,3431.4443,3510.9845
140106000,3433.2615,2648300,36213000,5616595900,74384496900,3504.4571,3506.8996,3431.4443,3510.9845
140111000,3432.4973,3826300,40943000,5620422200,74425439900,3504.4571,3506.8996,3431.4443,3510.9845
140116000,3432.5564,2176400,31855700,5622598600,74457295600,3504.4571,3506.8996,3431.4443,3510.9845
140121000,3432.0658,3759100,38701400,5626357700,74495997000,3504.4571,3506.8996,3431.4443,3510.9845
140126000,3431.3019,2764500,38512100,5629122200,74534509100,3504.4571,3506.8996,3431.2462,3510.9845
140131000,3431.1454,2858700,45582100,5631980900,74580091200,3504.4571,3506.8996,3431.128,3510.9845
140136000,3430.8444,2142200,31386000,5634123100,74611477200,3504.4571,3506.8996,3430.8444,3510.9845
140141000,3431.0714,3178500,42500600,5637301600,74653977800,3504.4571,3506.8996,3430.4816,3510.9845
140146000,3431.3867,2008300,37884100,5639309900,74691861900,3504.4571,3506.8996,3430.4816,3510.9845
140151000,3430.4135,2755700,42315400,5642065600,74734177300,3504.4571,3506.8996,3430.2896,3510.9845
140156000,3429.8705,3373600,49108900,5645439200,74783286200,3504.4571,3506.8996,3429.8705,3510.9845
140201000,3429.0883,3034700,45612900,5648473900,74828899100,3504.4571,3506.8996,3429.0883,3510.9845
140206000,3428.7756,3728600,53994600,5652202500,74882893700,3504.4571,3506.8996,3428.7436,3510.9845
140211000,3428.1156,4698200,70084900,5656900700,74952978600,3504.4571,3506.8996,3428.1156,3510.9845
140216000,3427.9255,5096900,61043800,5661997600,75014022400,3504.4571,3506.8996,3427.9255,3510.9845
140221000,3427.3592,3767600,54801000,5665765200,75068823400,3504.4571,3506.8996,3427.3592,3510.9845
140226000,3427.2827,5106800,77949500,5670872000,75146772900,3504.4571,3506.8996,3427.2827,3510.9845
140231000,3426.861,4243400,56645000,5675115400,75203417900,3504.4571,3506.8996,3426.861,3510.9845
140236000,3426.5568,3088100,41792800,5678203500,75245210700,3504.4571,3506.8996,3426.4365,3510.9845
140241000,3426.2926,6051400,76352100,5684254900,75321562800,3504.4571,3506.8996,3426.0401,3510.9845
140246000,3426.3123,3721900,47228600,5687976800,75368791400,3504.4571,3506.8996,3426.0401,3510.9845
140251000,3425.7661,3585300,39952900,5691562100,75408744300,3504.4571,3506.8996,3425.7661,3510.9845
140256000,3424.8521,5132400,68073200,5696694500,75476817500,3504.4571,3506.8996,3424.8521,3510.9845
140301000,3424.715,5316300,61233000,5702010800,75538050500,3504.4571,3506.8996,3424.5826,3510.9845
140306000,3424.065,4443700,66062900,5706454500,75604113400,3504.4571,3506.8996,3424.065,3510.9845
140311000,3423.5614,5007200,76022800,5711461700,75680136200,3504.4571,3506.8996,3423.5614,3510.9845
140316000,3423.1595,5647700,62651700,5717109400,75742787900,3504.4571,3506.8996,3423.0956,3510.9845
140321000,3423.0176,3756400,60636900,5720865800,75803424800,3504.4571,3506.8996,3423.0176,3510.9845
140326000,3422.5589,6283100,81521300,5727148900,75884946100,3504.4571,3506.8996,3422.5589,3510.9845
140331000,3422.4256,4817300,60020300,5731966200,75944966400,3504.4571,3506.8996,3422.3729,3510.9845
140336000,3422.3546,5942800,53576000,5737909000,75998542400,3504.4571,3506.8996,3422.2634,3510.9845
140341000,3421.8914,6715400,82626000,5744624400,76081168400,3504.4571,3506.8996,3421.8914,3510.9845
140346000,3421.8103,4621300,59681300,5749245700,76140849700,3504.4571,3506.8996,3421.8103,3510.9845
140351000,3421.7055,3845600,51550800,5753091300,76192400500,3504.4571,3506.8996,3421.7055,3510.9845
140356000,3421.1016,6379700,77768500,5759471000,76270169000,3504.4571,3506.8996,3420.9917,3510.9845
140401000,3420.6478,4544600,55522500,5764015600,76325691500,3504.4571,3506.8996,3420.6478,3510.9845
140406000,3420.3906,4368100,50804100,5768383700,76376495600,3504.4571,3506.8996,3420.2729,3510.9845
140411000,3419.9292,6482200,77293900,5774865900,76453789500,3504.4571,3506.8996,3419.9292,3510.9845
140417000,3419.8543,6545100,85491100,5781411000,76539280600,3504.4571,3506.8996,3419.8543,3510.9845
140421000,3419.8952,2561400,37093100,5783972400,76576373700,3504.4571,3506.8996,3419.7489,3510.9845
140427000,3419.0464,7141500,84686800,5791113900,76661060500,3504.4571,3506.8996,3419.0464,3510.9845
140431000,3419.9642,3481500,50053200,5794595400,76711113700,3504.4571,3506.8996,3418.9876,3510.9845
140436000,3419.0165,5008600,53117800,5799604000,76764231500,3504.4571,3506.8996,3418.9188,3510.9845
140442000,3419.0713,7546400,90481500,5807150400,76854713000,3504.4571,3506.8996,3418.9068,3510.9845
140446000,3419.18,3500000,50423200,5810650400,76905136200,3504.4571,3506.8996,3418.9068,3510.9845
140452000,3419.1427,8123900,90420100,5818774300,76995556300,3504.4571,3506.8996,3418.7153,3510.9845
140456000,3418.8263,4129700,37998600,5822904000,77033554900,3504.4571,3506.8996,3418.7153,3510.9845
140502000,3418.8301,6189800,60698500,5829093800,77094253400,3504.4571,3506.8996,3418.6488,3510.9845
140507000,3418.5232,3790400,49249000,5832884200,77143502400,3504.4571,3506.8996,3418.5232,3510.9845
140512000,3418.4183,5126100,50875700,5838010300,77194378100,3504.4571,3506.8996,3418.4183,3510.9845
140517000,3418.7062,5819500,56295700,5843829800,77250673800,3504.4571,3506.8996,3418.3597,3510.9845
140522000,3418.6702,7493000,69825700,5851322800,77320499500,3504.4571,3506.8996,3418.3597,3510.9845
140527000,3418.6107,3439500,39431400,5854762300,77359930900,3504.4571,3506.8996,3418.3597,3510.9845
140532000,3418.2622,4925800,61653400,5859688100,77421584300,3504.4571,3506.8996,3418.2622,3510.9845
140537000,3418.2136,3894600,55842900,5863582700,77477427200,3504.4571,3506.8996,3418.0971,3510.9845
140542000,3418.0338,3679500,43592100,5867262200,77521019300,3504.4571,3506.8996,3417.8956,3510.9845
140547000,3417.9543,3393600,44964600,5870655800,77565983900,3504.4571,3506.8996,3417.7811,3510.9845
140552000,3418.3845,3097700,37687400,5873753500,77603671300,3504.4571,3506.8996,3417.7811,3510.9845
140557000,3417.5777,3741700,40229900,5877495200,77643901200,3504.4571,3506.8996,3417.5777,3510.9845
140602000,3417.511,4936900,59883700,5882432100,77703784900,3504.4571,3506.8996,3417.4541,3510.9845
140607000,3417.0636,3733100,54392200,5886165200,77758177100,3504.4571,3506.8996,3417.0636,3510.9845
140612000,3416.5223,4884300,52560400,5891049500,77810737500,3504.4571,3506.8996,3416.5223,3510.9845
140617000,3417.0181,3898000,49357900,5894947500,77860095400,3504.4571,3506.8996,3416.5223,3510.9845
140622000,3416.967,4249200,69086600,5899196700,77929182000,3504.4571,3506.8996,3416.5223,3510.9845
140627000,3417.0778,2938200,38651100,5902134900,77967833100,3504.4571,3506.8996,3416.5223,3510.9845
140632000,3417.1796,3463600,48271400,5905598500,78016104500,3504.4571,3506.8996,3416.5223,3510.9845
140637000,3417.5253,2969200,45467800,5908567700,78061572300,3504.4571,3506.8996,3416.5223,3510.9845
140642000,3417.4538,3466000,38142100,5912033700,78099714400,3504.4571,3506.8996,3416.5223,3510.9845
140647000,3417.9503,5640900,62948200,5917674600,78162662600,3504.4571,3506.8996,3416.5223,3510.9845
140652000,3417.8683,4708900,45811300,5922383500,78208473900,3504.4571,3506.8996,3416.5223,3510.9845
140657000,3418.0708,3353600,41070300,5925737100,78249544200,3504.4571,3506.8996,3416.5223,3510.9845
140702000,3418.2202,3082400,46129100,5928819500,78295673300,3504.4571,3506.8996,3416.5223,3510.9845
140707000,3418.2724,3012800,37363100,5931832300,78333036400,3504.4571,3506.8996,3416.5223,3510.9845
140712000,3418.3401,2837300,35627900,5934669600,78368664300,3504.4571,3506.8996,3416.5223,3510.9845
140717000,3418.9675,3400200,44636200,5938069800,78413300500,3504.4571,3506.8996,3416.5223,3510.9845
140722000,3418.9313,3096100,35611800,5941165900,78448912300,3504.4571,3506.8996,3416.5223,3510.9845
140727000,3419.1203,2614500,30591700,5943780400,78479504000,3504.4571,3506.8996,3416.5223,3510.9845
140732000,3419.446,3097700,39735300,5946878100,78519239300,3504.4571,3506.8996,3416.5223,3510.9845
140737000,3419.6112,2575400,28484700,5949453500,78547724000,3504.4571,3506.8996,3416.5223,3510.9845
140742000,3419.5838,2414100,34300300,5951867600,78582024300,3504.4571,3506.8996,3416.5223,3510.9845
140747000,3420.0762,2530800,33820400,5954398400,78615844700,3504.4571,3506.8996,3416.5223,3510.9845
140752000,3420.0692,2040900,33717000,5956439300,78649561700,3504.4571,3506.8996,3416.5223,3510.9845
140757000,3420.1366,1950600,22925900,5958389900,78672487600,3504.4571,3506.8996,3416.5223,3510.9845
140802000,3421.0895,2953800,39751300,5961343700,78712238900,3504.4571,3506.8996,3416.5223,3510.9845
140807000,3420.921,2235200,36606300,5963578900,78748845200,3504.4571,3506.8996,3416.5223,3510.9845
140812000,3420.2474,2391300,34867800,5965970200,78783713000,3504.4571,3506.8996,3416.5223,3510.9845
140817000,3421.1534,3913700,58232700,5969883900,78841945700,3504.4571,3506.8996,3416.5223,3510.9845
140822000,3420.7428,2451800,32007000,5972335700,78873952700,3504.4571,3506.8996,3416.5223,3510.9845
140827000,3420.8957,1653000,21303000,5973988700,78895255700,3504.4571,3506.8996,3416.5223,3510.9845
140832000,3421.0216,3490000,42099400,5977478700,78937355100,3504.4571,3506.8996,3416.5223,3510.9845
140837000,3421.2454,1761900,25884100,5979240600,78963239200,3504.4571,3506.8996,3416.5223,3510.9845
140842000,3421.6555,3318200,30881600,5982558800,78994120800,3504.4571,3506.8996,3416.5223,3510.9845
140847000,3421.5871,2963600,36800000,5985522400,79030920800,3504.4571,3506.8996,3416.5223,3510.9845
140852000,3421.549,1663500,24350900,5987185900,79055271700,3504.4571,3506.8996,3416.5223,3510.9845
140857000,3421.6849,2263800,28502200,5989449700,79083773900,3504.4571,3506.8996,3416.5223,3510.9845
140902000,3421.6581,3020900,36193800,5992470600,79119967700,3504.4571,3506.8996,3416.5223,3510.9845
140907000,3421.856,1757000,24430900,5994227600,79144398600,3504.4571,3506.8996,3416.5223,3510.9845
140912000,3421.7316,2232500,35158100,5996460100,79179556700,3504.4571,3506.8996,3416.5223,3510.9845
140917000,3421.964,2641200,40528300,5999101300,79220085000,3504.4571,3506.8996,3416.5223,3510.9845
140922000,3422.1661,2370300,28771300,6001471600,79248856300,3504.4571,3506.8996,3416.5223,3510.9845
140927000,3421.8015,1839800,21638700,6003311400,79270495000,3504.4571,3506.8996,3416.5223,3510.9845
140932000,3422.1737,2345600,30396600,6005657000,79300891600,3504.4571,3506.8996,3416.5223,3510.9845
140937000,3422.109,1772500,26848400,6007429500,79327740000,3504.4571,3506.8996,3416.5223,3510.9845
140942000,3422.182,2349600,26549500,6009779100,79354289500,3504.4571,3506.8996,3416.5223,3510.9845
140947000,3421.9108,2719700,34667900,6012498800,79388957400,3504.4571,3506.8996,3416.5223,3510.9845
140952000,3422.0272,2093300,28466700,6014592100,79417424100,3504.4571,3506.8996,3416.5223,3510.9845
140957000,3422.1631,1604400,20210100,6016196500,79437634200,3504.4571,3506.8996,3416.5223,3510.9845
141002000,3421.7756,2078600,35506800,6018275100,79473141000,3504.4571,3506.8996,3416.5223,3510.9845
141007000,3421.7213,1971900,32803600,6020247000,79505944600,3504.4571,3506.8996,3416.5223,3510.9845
141012000,3421.6998,2221300,25993100,6022468300,79531937700,3504.4571,3506.8996,3416.5223,3510.9845
141017000,3422.2267,2237000,30165800,6024705300,79562103500,3504.4571,3506.8996,3416.5223,3510.9845
141022000,3422.3477,1450900,23879100,6026156200,79585982600,3504.4571,3506.8996,3416.5223,3510.9845
141027000,3421.8356,2768700,30380700,6028924900,79616363300,3504.4571,3506.8996,3416.5223,3510.9845
141032000,3422.2837,2155100,28359100,6031080000,79644722400,3504.4571,3506.8996,3416.5223,3510.9845
141037000,3422.5553,1961200,23822600,6033041200,79668545000,3504.4571,3506.8996,3416.5223,3510.9845
141042000,3422.0771,1812800,21259000,6034854000,79689804000,3504.4571,3506.8996,3416.5223,3510.9845
141047000,3422.2797,2365200,40983300,6037219200,79730787300,3504.4571,3506.8996,3416.5223,3510.9845
141052000,3422.3966,1590800,33964700,6038810000,79764752000,3504.4571,3506.8996,3416.5223,3510.9845
141057000,3422.5238,1267800,14770300,6040077800,79779522300,3504.4571,3506.8996,3416.5223,3510.9845
141102000,3422.5415,1690300,21848000,6041768100,79801370300,3504.4571,3506.8996,3416.5223,3510.9845
141107000,3422.716,1938900,27887500,6043707000,79829257800,3504.4571,3506.8996,3416.5223,3510.9845
141112000,3422.7776,2355300,22248300,6046062300,79851506100,3504.4571,3506.8996,3416.5223,3510.9845
141117000,3423.1912,2352300,26449600,6048414600,79877955700,3504.4571,3506.8996,3416.5223,3510.9845
141122000,3422.9383,1877400,24618500,6050292000,79902574200,3504.4571,3506.8996,3416.5223,3510.9845
141127000,3422.8405,2115900,27800200,6052407900,79930374400,3504.4571,3506.8996,3416.5223,3510.9845
141132000,3423.1359,2484900,30107700,6054892800,79960482100,3504.4571,3506.8996,3416.5223,3510.9845
141137000,3423.13,2140500,28073100,6057033300,79988555200,3504.4571,3506.8996,3416.5223,3510.9845
141142000,3422.94,1805700,20925600,6058839000,80009480800,3504.4571,3506.8996,3416.5223,3510.9845
141147000,3422.9303,2684300,35522700,6061523300,80045003500,3504.4571,3506.8996,3416.5223,3510.9845
141152000,3422.8703,1865200,27269900,6063388500,80072273400,3504.4571,3506.8996,3416.5223,3510.9845
141157000,3423.4256,3088200,35665500,6066476700,80107938900,3504.4571,3506.8996,3416.5223,3510.9845
141202000,3423.3232,2068400,30071200,6068545100,80138010100,3504.4571,3506.8996,3416.5223,3510.9845
141207000,3423.1908,2857300,34142700,6071402400,80172152800,3504.4571,3506.8996,3416.5223,3510.9845
141212000,3423.1473,2054700,24183500,6073457100,80196336300,3504.4571,3506.8996,3416.5223,3510.9845
141217000,3423.235,2629100,33472600,6076086200,80229808900,3504.4571,3506.8996,3416.5223,3510.9845
141222000,3423.2974,2031600,25569100,6078117800,80255378000,3504.4571,3506.8996,3416.5223,3510.9845
141227000,3423.0728,2200900,23636700,6080318700,80279014700,3504.4571,3506.8996,3416.5223,3510.9845
141232000,3422.7268,2332900,32806200,6082651600,80311820900,3504.4571,3506.8996,3416.5223,3510.9845
141237000,3423.2296,1864300,30873900,6084515900,80342694800,3504.4571,3506.8996,3416.5223,3510.9845
141242000,3423.0435,2278500,29381100,6086794400,80372075900,3504.4571,3506.8996,3416.5223,3510.9845
141247000,3422.9195,1806500,25907500,6088600900,80397983400,3504.4571,3506.8996,3416.5223,3510.9845
141252000,3422.9517,1782500,21419300,6090383400,80419402700,3504.4571,3506.8996,3416.5223,3510.9845
141257000,3422.8251,2051100,21050300,6092434500,80440453000,3504.4571,3506.8996,3416.5223,3510.9845
141302000,3422.8541,2190900,25847200,6094625400,80466300200,3504.4571,3506.8996,3416.5223,3510.9845
141307000,3422.4181,1424100,20202800,6096049500,80486503000,3504.4571,3506.8996,3416.5223,3510.9845
141312000,3422.5086,1844900,20685600,6097894400,80507188600,3504.4571,3506.8996,3416.5223,3510.9845
141317000,3422.8986,2041000,27306900,6099935400,80534495500,3504.4571,3506.8996,3416.5223,3510.9845
141322000,3422.7617,1398200,19823100,6101333600,80554318600,3504.4571,3506.8996,3416.5223,3510.9845
141327000,3423.1736,2466200,20897300,6103799800,80575215900,3504.4571,3506.8996,3416.5223,3510.9845
141332000,3422.9618,2892900,29308400,6106692700,80604524300,3504.4571,3506.8996,3416.5223,3510.9845
141337000,3423.2695,2914100,35916500,6109606800,80640440800,3504.4571,3506.8996,3416.5223,3510.9845
141342000,3423.1443,1601300,18199900,6111208100,80658640700,3504.4571,3506.8996,3416.5223,3510.9845
141347000,3423.0107,3894000,27933700,6115102100,80686574400,3504.4571,3506.8996,3416.5223,3510.9845
141352000,3423.2322,3400700,25461900,6118502800,80712036300,3504.4571,3506.8996,3416.5223,3510.9845
141357000,3423.5864,2850900,26383300,6121353700,80738419600,3504.4571,3506.8996,3416.5223,3510.9845
141402000,3423.4392,5388200,39722100,6126741900,80778141700,3504.4571,3506.8996,3416.5223,3510.9845
141407000,3423.5533,4418500,26697900,6131160400,80804839600,3504.4571,3506.8996,3416.5223,3510.9845
141412000,3423.5607,1839100,16707600,6132999500,80821547200,3504.4571,3506.8996,3416.5223,3510.9845
141417000,3423.8117,2273200,25261200,6135272700,80846808400,3504.4571,3506.8996,3416.5223,3510.9845
141422000,3424.2468,1703500,23218000,6136976200,80870026400,3504.4571,3506.8996,3416.5223,3510.9845
141427000,3423.7442,1793300,21286600,6138769500,80891313000,3504.4571,3506.8996,3416.5223,3510.9845
141432000,3424.1481,2473300,27844700,6141242800,80919157700,3504.4571,3506.8996,3416.5223,3510.9845
141437000,3424.2736,2924600,27130100,6144167400,80946287800,3504.4571,3506.8996,3416.5223,3510.9845
141442000,3424.0602,1863900,20419300,6146031300,80966707100,3504.4571,3506.8996,3416.5223,3510.9845
141447000,3423.9457,2025600,26510000,6148056900,80993217100,3504.4571,3506.8996,3416.5223,3510.9845
141452000,3423.374,1699000,27242100,6149755900,81020459200,3504.4571,3506.8996,3416.5223,3510.9845
141457000,3423.9709,2188200,22238100,6151944100,81042697300,3504.4571,3506.8996,3416.5223,3510.9845
141502000,3423.5067,2323700,26762200,6154267800,81069459500,3504.4571,3506.8996,3416.5223,3510.9845
141507000,3423.3373,2022400,27230300,6156290200,81096689800,3504.4571,3506.8996,3416.5223,3510.9845
141512000,3423.5613,2648500,27552100,6158938700,81124241900,3504.4571,3506.8996,3416.5223,3510.9845
141517000,3422.5839,3278900,36024700,6162217600,81160266600,3504.4571,3506.8996,3416.5223,3510.9845
141522000,3422.617,2041800,34556100,6164259400,81194822700,3504.4571,3506.8996,3416.5223,3510.9845
141527000,3423.2277,2058300,24746900,6166317700,81219569600,3504.4571,3506.8996,3416.5223,3510.9845
141532000,3423.216,2576600,30938700,6168894300,81250508300,3504.4571,3506.8996,3416.5223,3510.9845
141537000,3423.1286,1880700,24801100,6170775000,81275309400,3504.4571,3506.8996,3416.5223,3510.9845
141542000,3422.9508,2511600,27812500,6173286600,81303121900,3504.4571,3506.8996,3416.5223,3510.9845
141547000,3422.8958,2683400,32440600,6175970000,81335562500,3504.4571,3506.8996,3416.5223,3510.9845
141552000,3422.5147,1871700,27147400,6177841700,81362709900,3504.4571,3506.8996,3416.5223,3510.9845
141557000,3423.0551,1840700,22404300,6179682400,81385114200,3504.4571,3506.8996,3416.5223,3510.9845
141602000,3422.8141,1998900,25008700,6181681300,81410122900,3504.4571,3506.8996,3416.5223,3510.9845
141608000,3422.9974,2962700,34004100,6184644000,81444127000,3504.4571,3506.8996,3416.5223,3510.9845
141612000,3423.0661,1507500,18858700,6186151500,81462985700,3504.4571,3506.8996,3416.5223,3510.9845
141617000,3423.2061,2459000,33542100,6188610500,81496527800,3504.4571,3506.8996,3416.5223,3510.9845
141622000,3423.1832,1676400,23030100,6190286900,81519557900,3504.4571,3506.8996,3416.5223,3510.9845
141627000,3422.9136,2247500,22386800,6192534400,81541944700,3504.4571,3506.8996,3416.5223,3510.9845
141633000,3423.0838,2027500,27445100,6194561900,81569389800,3504.4571,3506.8996,3416.5223,3510.9845
141637000,3422.9153,1611600,20684800,6196173500,81590074600,3504.4571,3506.8996,3416.5223,3510.9845
141643000,3422.7762,2299100,25402700,6198472600,81615477300,3504.4571,3506.8996,3416.5223,3510.9845
141647000,3422.8502,1939900,19790400,6200412500,81635267700,3504.4571,3506.8996,3416.5223,3510.9845
141653000,3422.6424,2552800,27974900,6202965300,81663242600,3504.4571,3506.8996,3416.5223,3510.9845
141658000,3422.222,1913100,24173800,6204878400,81687416400,3504.4571,3506.8996,3416.5223,3510.9845
141702000,3422.4227,1792400,17060100,6206670800,81704476500,3504.4571,3506.8996,3416.5223,3510.9845
141708000,3422.7595,1924200,23531600,6208595000,81728008100,3504.4571,3506.8996,3416.5223,3510.9845
141712000,3422.4601,1224500,15892800,6209819500,81743900900,3504.4571,3506.8996,3416.5223,3510.9845
141718000,3422.4929,2006500,28502000,6211826000,81772402900,3504.4571,3506.8996,3416.5223,3510.9845
141723000,3422.6031,3092800,28547800,6214918800,81800950700,3504.4571,3506.8996,3416.5223,3510.9845
141728000,3422.6511,2504100,30683900,6217422900,81831634600,3504.4571,3506.8996,3416.5223,3510.9845
141733000,3422.4742,1605600,21228700,6219028500,81852863300,3504.4571,3506.8996,3416.5223,3510.9845
141738000,3422.6434,2083100,26136100,6221111600,81878999400,3504.4571,3506.8996,3416.5223,3510.9845
141743000,3422.5793,1459500,24177700,6222571100,81903177100,3504.4571,3506.8996,3416.5223,3510.9845
141748000,3422.7392,2627900,28701600,6225199000,81931878700,3504.4571,3506.8996,3416.5223,3510.9845
141753000,3422.7442,2119500,30830300,6227318500,81962709000,3504.4571,3506.8996,3416.5223,3510.9845
141758000,3422.5464,2870000,28594800,6230188500,81991303800,3504.4571,3506.8996,3416.5223,3510.9845
141803000,3422.4404,1371400,17056400,6231559900,82008360200,3504.4571,3506.8996,3416.5223,3510.9845
141808000,3422.0377,2816700,41767100,6234376600,82050127300,3504.4571,3506.8996,3416.5223,3510.9845
141813000,3422.3374,1519200,23144800,6235895800,82073272100,3504.4571,3506.8996,3416.5223,3510.9845
141818000,3422.2116,2104800,24682900,6238000600,82097955000,3504.4571,3506.8996,3416.5223,3510.9845
141823000,3422.0359,2844200,33551600,6240844800,82131506600,3504.4571,3506.8996,3416.5223,3510.9845
141828000,3421.8001,2674400,41085700,6243519200,82172592300,3504.4571,3506.8996,3416.5223,3510.9845
141833000,3420.7592,2450800,25428400,6245970000,82198020700,3504.4571,3506.8996,3416.5223,3510.9845
141838000,3420.8225,3053200,42415100,6249023200,82240435800,3504.4571,3506.8996,3416.5223,3510.9845
141843000,3420.4802,3256700,45832500,6252279900,82286268300,3504.4571,3506.8996,3416.5223,3510.9845
141848000,3420.5264,3560800,41456400,6255840700,82327724700,3504.4571,3506.8996,3416.5223,3510.9845
141853000,3420.1923,4979000,54775500,6260819700,82382500200,3504.4571,3506.8996,3416.5223,3510.9845
141858000,3419.7306,4221600,53832300,6265041300,82436332500,3504.4571,3506.8996,3416.5223,3510.9845
141903000,3419.4199,3913900,46200700,6268955200,82482533200,3504.4571,3506.8996,3416.5223,3510.9845
141908000,3418.8181,5343800,61493000,6274299000,82544026200,3504.4571,3506.8996,3416.5223,3510.9845
141913000,3418.5913,3142200,39432900,6277441200,82583459100,3504.4571,3506.8996,3416.5223,3510.9845
141918000,3418.3868,2224900,28274900,6279666100,82611734000,3504.4571,3506.8996,3416.5223,3510.9845
141923000,3417.7166,4523300,56142700,6284189400,82667876700,3504.4571,3506.8996,3416.5223,3510.9845
141928000,3417.5745,4140800,52297100,6288330200,82720173800,3504.4571,3506.8996,3416.5223,3510.9845
141933000,3417.1518,3832300,46688400,6292162500,82766862200,3504.4571,3506.8996,3416.5223,3510.9845
141938000,3416.5332,4770400,61840700,6296932900,82828702900,3504.4571,3506.8996,3416.5223,3510.9845
141943000,3416.3732,3920700,56273800,6300853600,82884976700,3504.4571,3506.8996,3416.3732,3510.9845
141948000,3416.6659,3340900,35921600,6304194500,82920898300,3504.4571,3506.8996,3416.3732,3510.9845
141953000,3415.9885,4769800,57507600,6308964300,82978405900,3504.4571,3506.8996,3415.9885,3510.9845
141958000,3415.6457,4544800,60236700,6313509100,83038642600,3504.4571,3506.8996,3415.6457,3510.9845
142003000,3415.2725,3662500,41044200,6317171600,83079686800,3504.4571,3506.8996,3415.2725,3510.9845
142008000,3414.8142,4265100,54639100,6321436700,83134325900,3504.4571,3506.8996,3414.8142,3510.9845
142013000,3414.833,3998400,53882000,6325435100,83188207900,3504.4571,3506.8996,3414.7945,3510.9845
142018000,3414.5215,5933800,57222600,6331368900,83245430500,3504.4571,3506.8996,3414.5215,3510.9845
142023000,3414.5791,5503100,65507800,6336872000,83310938300,3504.4571,3506.8996,3414.5215,3510.9845
142028000,3414.1503,3586100,44451300,6340458100,83355389600,3504.4571,3506.8996,3414.1503,3510.9845
142033000,3413.9784,3773900,44516400,6344232000,83399906000,3504.4571,3506.8996,3413.931,3510.9845
142038000,3413.5838,3528600,49301300,6347760600,83449207300,3504.4571,3506.8996,3413.5838,3510.9845
142043000,3413.4555,3625800,46353900,6351386400,83495561200,3504.4571,3506.8996,3413.4555,3510.9845
142048000,3413.4143,3375600,45328400,6354762000,83540889600,3504.4571,3506.8996,3413.2996,3510.9845
142053000,3413.4708,4943600,60930900,6359705600,83601820500,3504.4571,3506.8996,3413.2996,3510.9845
142058000,3413.2357,4734800,56559200,6364440400,83658379700,3504.4571,3506.8996,3413.2357,3510.9845
142103000,3412.8214,6252100,68726100,6370692500,83727105800,3504.4571,3506.8996,3412.8214,3510.9845
142108000,3412.868,5972900,62000100,6376665400,83789105900,3504.4571,3506.8996,3412.6212,3510.9845
142113000,3412.6081,5245400,77514400,6381910800,83866620300,3504.4571,3506.8996,3412.6081,3510.9845
142118000,3412.3073,4985100,53102400,6386895900,83919722700,3504.4571,3506.8996,3412.3073,3510.9845
142123000,3411.8971,5890400,59828400,6392786300,83979551100,3504.4571,3506.8996,3411.7017,3510.9845
142128000,3411.7199,4599900,42617300,6397386200,84022168400,3504.4571,3506.8996,3411.7017,3510.9845
142133000,3411.727,4885000,36927000,6402271200,84059095400,3504.4571,3506.8996,3411.4491,3510.9845
142138000,3411.201,5202900,50816700,6407474100,84109912100,3504.4571,3506.8996,3411.201,3510.9845
142143000,3410.9576,4367500,54460600,6411841600,84164372700,3504.4571,3506.8996,3410.9576,3510.9845
142148000,3410.5132,6351700,47786500,6418193300,84212159200,3504.4571,3506.8996,3410.5132,3510.9845
142153000,3410.0352,7756900,70659300,6425950200,84282818500,3504.4571,3506.8996,3410.0352,3510.9845
142158000,3409.536,5485000,54395200,6431435200,84337213700,3504.4571,3506.8996,3409.536,3510.9845
142203000,3409.7578,5524700,44778400,6436959900,84381992100,3504.4571,3506.8996,3409.536,3510.9845
142208000,3409.6061,9187800,85930900,6446147700,84467923000,3504.4571,3506.8996,3409.536,3510.9845
142213000,3409.4526,5383400,54467900,6451531100,84522390900,3504.4571,3506.8996,3409.3088,3510.9845
142218000,3409.413,5361000,52576600,6456892100,84574967500,3504.4571,3506.8996,3409.0141,3510.9845
142223000,3409.2137,4601600,51011300,6461493700,84625978800,3504.4571,3506.8996,3409.0141,3510.9845
142228000,3409.3704,3450300,35187900,6464944000,84661166700,3504.4571,3506.8996,3409.0141,3510.9845
142233000,3409.2717,3489100,36546800,6468433100,84697713500,3504.4571,3506.8996,3409.0141,3510.9845
142238000,3409.0404,5167200,65485400,6473600300,84763198900,3504.4571,3506.8996,3409.0141,3510.9845
142243000,3409.2426,4913000,55419200,6478513300,84818618100,3504.4571,3506.8996,3408.9988,3510.9845
142248000,3409.1745,4034900,41648300,6482548200,84860266400,3504.4571,3506.8996,3408.8427,3510.9845
142253000,3408.5253,5269300,57045200,6487817500,84917311600,3504.4571,3506.8996,3408.2947,3510.9845
142258000,3408.3379,4270000,53579300,6492087500,84970890900,3504.4571,3506.8996,3408.2947,3510.9845
142303000,3408.2652,3871000,40776100,6495958500,85011667000,3504.4571,3506.8996,3408.2134,3510.9845
142308000,3408.1407,4215600,42017500,6500174100,85053684500,3504.4571,3506.8996,3408.0119,3510.9845
142313000,3407.9003,3195200,41778200,6503369300,85095462700,3504.4571,3506.8996,3407.6959,3510.9845
142318000,3408.2829,3866900,36397400,6507236200,85131860100,3504.4571,3506.8996,3407.6959,3510.9845
142323000,3407.9308,4972600,56457500,6512208800,85188317600,3504.4571,3506.8996,3407.6959,3510.9845
142328000,3407.772,3214400,39007800,6515423200,85227325400,3504.4571,3506.8996,3407.6959,3510.9845
142333000,3408.3058,5583100,58011700,6521006300,85285337100,3504.4571,3506.8996,3407.6959,3510.9845
142338000,3408.1418,4051000,57620900,6525057300,85342958000,3504.4571,3506.8996,3407.6959,3510.9845
142343000,3408.1124,5059200,57892900,6530116500,85400850900,3504.4571,3506.8996,3407.6959,3510.9845
142348000,3408.7974,4185300,43567300,6534301800,85444418200,3504.4571,3506.8996,3407.6959,3510.9845
142353000,3408.179,5463300,70827300,6539765100,85515245500,3504.4571,3506.8996,3407.6959,3510.9845
142358000,3408.7293,4627700,52617700,6544392800,85567863200,3504.4571,3506.8996,3407.6959,3510.9845
142403000,3409.035,4351900,49688000,6548744700,85617551200,3504.4571,3506.8996,3407.6959,3510.9845
142408000,3409.0718,4029700,55036500,6552774400,85672587700,3504.4571,3506.8996,3407.6959,3510.9845
142413000,3408.8138,5352400,53063200,6558126800,85725650900,3504.4571,3506.8996,3407.6959,3510.9845
142418000,3409.321,4388600,40773800,6562515400,85766424700,3504.4571,3506.8996,3407.6959,3510.9845
142423000,3409.2225,6796900,58045600,6569312300,85824470300,3504.4571,3506.8996,3407.6959,3510.9845
142428000,3409.5658,2629200,36490100,6571941500,85860960400,3504.4571,3506.8996,3407.6959,3510.9845
142433000,3409.1406,2659500,29496300,6574601000,85890456700,3504.4571,3506.8996,3407.6959,3510.9845
142438000,3409.6703,3868200,45384800,6578469200,85935841500,3504.4571,3506.8996,3407.6959,3510.9845
142443000,3409.433,3820700,35855700,6582289900,85971697200,3504.4571,3506.8996,3407.6959,3510.9845
142448000,3410.0375,3011100,33520200,6585301000,86005217400,3504.4571,3506.8996,3407.6959,3510.9845
142453000,3410.0565,3634200,46319000,6588935200,86051536400,3504.4571,3506.8996,3407.6959,3510.9845
142458000,3409.9458,2683600,38168900,6591618800,86089705300,3504.4571,3506.8996,3407.6959,3510.9845
142503000,3409.6669,2438900,29180600,6594057700,86118885900,3504.4571,3506.8996,3407.6959,3510.9845
142508000,3409.9545,3772200,39404400,6597829900,86158290300,3504.4571,3506.8996,3407.6959,3510.9845
142513000,3409.9241,2501300,31807000,6600331200,86190097300,3504.4571,3506.8996,3407.6959,3510.9845
142518000,3409.7745,3052100,34264600,6603383300,86224361900,3504.4571,3506.8996,3407.6959,3510.9845
142523000,3410.0109,4127400,42448500,6607510700,86266810400,3504.4571,3506.8996,3407.6959,3510.9845
142528000,3409.7765,2661200,29568300,6610171900,86296378700,3504.4571,3506.8996,3407.6959,3510.9845
142533000,3410.0795,2275700,30830300,6612447600,86327209000,3504.4571,3506.8996,3407.6959,3510.9845
142538000,3410.3765,4587300,42040100,6617034900,86369249100,3504.4571,3506.8996,3407.6959,3510.9845
142543000,3410.0777,2633000,35688500,6619667900,86404937600,3504.4571,3506.8996,3407.6959,3510.9845
142548000,3410.0971,1833300,23800600,6621501200,86428738200,3504.4571,3506.8996,3407.6959,3510.9845
142553000,3410.1782,3302100,36512100,6624803300,86465250300,3504.4571,3506.8996,3407.6959,3510.9845
142558000,3409.9601,2583600,33419300,6627386900,86498669600,3504.4571,3506.8996,3407.6959,3510.9845
142603000,3410.1071,2548000,27173000,6629934900,86525842600,3504.4571,3506.8996,3407.6959,3510.9845
142608000,3409.6498,4698300,58479300,6634633200,86584321900,3504.4571,3506.8996,3407.6959,3510.9845
142613000,3409.7914,3022900,39292500,6637656100,86623614400,3504.4571,3506.8996,3407.6959,3510.9845
142618000,3409.4959,4735100,51008700,6642391200,86674623100,3504.4571,3506.8996,3407.6959,3510.9845
142623000,3409.2889,2919600,39569600,6645310800,86714192700,3504.4571,3506.8996,3407.6959,3510.9845
142628000,3408.9923,3364800,49037000,6648675600,86763229700,3504.4571,3506.8996,3407.6959,3510.9845
142633000,3408.8941,4421400,40861100,6653097000,86804090800,3504.4571,3506.8996,3407.6959,3510.9845
142638000,3408.4101,3866700,53821000,6656963700,86857911800,3504.4571,3506.8996,3407.6959,3510.9845
142643000,3408.9513,2803700,35935800,6659767400,86893847600,3504.4571,3506.8996,3407.6959,3510.9845
142648000,3408.825,2783900,30714900,6662551300,86924562500,3504.4571,3506.8996,3407.6959,3510.9845
142653000,3408.6964,3308200,35529300,6665859500,86960091800,3504.4571,3506.8996,3407.6959,3510.9845
142658000,3408.4362,3900000,49520700,6669759500,87009612500,3504.4571,3506.8996,3407.6959,3510.9845
142703000,3408.325,3462400,42076700,6673221900,87051689200,3504.4571,3506.8996,3407.6959,3510.9845
142708000,3408.2269,4354500,50003000,6677576400,87101692200,3504.4571,3506.8996,3407.6959,3510.9845
142713000,3407.9469,3459500,45255500,6681035900,87146947700,3504.4571,3506.8996,3407.6959,3510.9845
142718000,3407.267,3566700,40779100,6684602600,87187726800,3504.4571,3506.8996,3407.267,3510.9845
142723000,3407.1318,4053100,57766800,6688655700,87245493600,3504.4571,3506.8996,3407.1179,3510.9845
142728000,3406.9662,4066300,58031900,6692722000,87303525500,3504.4571,3506.8996,3406.9549,3510.9845
142733000,3407.0213,4233500,48724700,6696955500,87352250200,3504.4571,3506.8996,3406.895,3510.9845
142738000,3406.6408,4185900,58023500,6701141400,87410273700,3504.4571,3506.8996,3406.2479,3510.9845
142743000,3405.8785,3346100,41821500,6704487500,87452095200,3504.4571,3506.8996,3405.8785,3510.9845
142748000,3405.9726,4510500,49054700,6708998000,87501149900,3504.4571,3506.8996,3405.6687,3510.9845
142753000,3405.6638,5205400,64087700,6714203400,87565237600,3504.4571,3506.8996,3405.6638,3510.9845
142758000,3405.2732,4397900,56761700,6718601300,87621999300,3504.4571,3506.8996,3405.2732,3510.9845
142803000,3406.3756,4048100,45018200,6722649400,87667017500,3504.4571,3506.8996,3405.2071,3510.9845
142808000,3405.2111,5275700,71319900,6727925100,87738337400,3504.4571,3506.8996,3405.2071,3510.9845
142813000,3405.6912,4052300,49420100,6731977400,87787757500,3504.4571,3506.8996,3405.1355,3510.9845
142818000,3404.7804,4052400,49265600,6736029800,87837023100,3504.4571,3506.8996,3404.7742,3510.9845
142824000,3404.3925,5462500,66889200,6741492300,87903912300,3504.4571,3506.8996,3404.3456,3510.9845
142828000,3404.7224,4946400,57782700,6746438700,87961695000,3504.4571,3506.8996,3404.3456,3510.9845
142834000,3404.5676,6104100,75653100,6752542800,88037348100,3504.4571,3506.8996,3404.1961,3510.9845
142838000,3404.4784,3117300,42359000,6755660100,88079707100,3504.4571,3506.8996,3404.1961,3510.9845
142843000,3404.6544,5644000,66224700,6761304100,88145931800,3504.4571,3506.8996,3404.1961,3510.9845
142849000,3404.0419,5622200,72036500,6766926300,88217968300,3504.4571,3506.8996,3404.0419,3510.9845
142853000,3403.7193,4571200,49028900,6771497500,88266997200,3504.4571,3506.8996,3403.6562,3510.9845
142859000,3404.0957,4725000,49539400,6776222500,88316536600,3504.4571,3506.8996,3403.6285,3510.9845
142903000,3403.7971,2943700,30076000,6779166200,88346612600,3504.4571,3506.8996,3403.6285,3510.9845
142909000,3403.2206,6520300,73579100,6785686500,88420191700,3504.4571,3506.8996,3403.1423,3510.9845
142914000,3403.1179,5007500,66282000,6790694000,88486473700,3504.4571,3506.8996,3403.0023,3510.9845
142919000,3402.8451,3789900,44040000,6794483900,88530513700,3504.4571,3506.8996,3402.8451,3510.9845
142924000,3402.9987,6674600,58007000,6801158500,88588520700,3504.4571,3506.8996,3402.7531,3510.9845
142929000,3402.7305,6376900,61545600,6807535400,88650066300,3504.4571,3506.8996,3402.7305,3510.9845
142934000,3402.8301,3166000,45602300,6810701400,88695668600,3504.4571,3506.8996,3402.5171,3510.9845
142939000,3402.7108,3976900,45730500,6814678300,88741399100,3504.4571,3506.8996,3402.5171,3510.9845
142944000,3402.3742,5261600,59557000,6819939900,88800956100,3504.4571,3506.8996,3402.3742,3510.9845
142949000,3402.4647,3288300,39654800,6823228200,88840610900,3504.4571,3506.8996,3402.2603,3510.9845
142954000,3401.7918,3377900,37675800,6826606100,88878286700,3504.4571,3506.8996,3401.7918,3510.9845
142959000,3401.6949,3767700,43338400,6830373800,88921625100,3504.4571,3506.8996,3401.6642,3510.9845
143004000,3401.4765,3275500,48678900,6833649300,88970304000,3504.4571,3506.8996,3401.4765,3510.9845
143009000,3401.5979,6253400,66473100,6839902700,89036777100,3504.4571,3506.8996,3401.4765,3510.9845
143014000,3401.192,4228400,50527100,6844131100,89087304200,3504.4571,3506.8996,3401.192,3510.9845
143019000,3401.0158,3914800,44835700,6848045900,89132139900,3504.4571,3506.8996,3401.0158,3510.9845
143024000,3400.8949,4476400,42218800,6852522300,89174358700,3504.4571,3506.8996,3400.817,3510.9845
143029000,3401.124,4725500,51162100,6857247800,89225520800,3504.4571,3506.8996,3400.734,3510.9845
143034000,3400.5952,3436900,39704400,6860684700,89265225200,3504.4571,3506.8996,3400.5878,3510.9845
143039000,3400.4278,3994100,43104900,6864678800,89308330100,3504.4571,3506.8996,3400.3409,3510.9845
143044000,3400.2607,3356300,49931500,6868035100,89358261600,3504.4571,3506.8996,3400.2607,3510.9845
143049000,3400.3394,3552500,42915700,6871587600,89401177300,3504.4571,3506.8996,3400.12,3510.9845
143054000,3400.222,2826900,33331300,6874414500,89434508600,3504.4571,3506.8996,3400.12,3510.9845
143059000,3400.0416,4244500,51218500,6878659000,89485727100,3504.4571,3506.8996,3400.0416,3510.9845
143104000,3399.8663,3315600,48058000,6881974600,89533785100,3504.4571,3506.8996,3399.5628,3510.9845
143109000,3399.9462,3806500,44943500,6885781100,89578728600,3504.4571,3506.8996,3399.5628,3510.9845
143114000,3400.0364,4018800,47592300,6889799900,89626320900,3504.4571,3506.8996,3399.5628,3510.9845
143119000,3399.7183,3594200,49596500,6893394100,89675917400,3504.4571,3506.8996,3399.5628,3510.9845
143124000,3399.6625,4497100,45435000,6897891200,89721352400,3504.4571,3506.8996,3399.522,3510.9845
143129000,3399.6023,3502700,50284500,6901393900,89771636900,3504.4571,3506.8996,3399.3917,3510.9845
143134000,3399.7653,2529700,40337100,6903923600,89811974000,3504.4571,3506.8996,3399.3917,3510.9845
143139000,3399.5949,4304200,43979900,6908227800,89855953900,3504.4571,3506.8996,3399.3917,3510.9845
143144000,3400.2202,4625400,49838800,6912853200,89905792700,3504.4571,3506.8996,3399.3917,3510.9845
143149000,3399.9621,2488300,34978700,6915341500,89940771400,3504.4571,3506.8996,3399.3917,3510.9845
143154000,3399.8696,2015000,29874700,6917356500,89970646100,3504.4571,3506.8996,3399.3917,3510.9845
143159000,3399.9708,4586400,61409000,6921942900,90032055100,3504.4571,3506.8996,3399.3917,3510.9845
143204000,3399.7585,3241200,47576000,6925184100,90079631100,3504.4571,3506.8996,3399.3917,3510.9845
143209000,3400.2864,3214500,41395800,6928398600,90121026900,3504.4571,3506.8996,3399.3917,3510.9845
143214000,3400.3396,4507500,56021900,6932906100,90177048800,3504.4571,3506.8996,3399.3917,3510.9845
143219000,3399.8404,3003100,50206700,6935909200,90227255500,3504.4571,3506.8996,3399.3917,3510.9845
143224000,3400.3073,3567600,36272600,6939476800,90263528100,3504.4571,3506.8996,3399.3917,3510.9845
143229000,3400.2487,4721500,56647100,6944198300,90320175200,3504.4571,3506.8996,3399.3917,3510.9845
143234000,3400.3573,3139200,35708500,6947337500,90355883700,3504.4571,3506.8996,3399.3917,3510.9845
143239000,3400.4079,2225000,29168400,6949562500,90385052100,3504.4571,3506.8996,3399.3917,3510.9845
143244000,3399.964,4732300,48870500,6954294800,90433922600,3504.4571,3506.8996,3399.3917,3510.9845
143249000,3400.4182,3336900,36568600,6957631700,90470491200,3504.4571,3506.8996,3399.3917,3510.9845
143254000,3400.0699,4432900,39326300,6962064600,90509817500,3504.4571,3506.8996,3399.3917,3510.9845
143259000,3400.5511,2389500,39659900,6964454100,90549477400,3504.4571,3506.8996,3399.3917,3510.9845
143304000,3400.2193,3111900,35524100,6967566000,90585001500,3504.4571,3506.8996,3399.3917,3510.9845
143309000,3400.9542,2948600,34194100,6970514600,90619195600,3504.4571,3506.8996,3399.3917,3510.9845
143314000,3401.0978,4238900,48469500,6974753500,90667665100,3504.4571,3506.8996,3399.3917,3510.9845
143319000,3401.1177,2142100,33655500,6976895600,90701320600,3504.4571,3506.8996,3399.3917,3510.9845
143324000,3401.9869,3451500,35289200,6980347100,90736609800,3504.4571,3506.8996,3399.3917,3510.9845
143329000,3401.7669,3631100,56861100,6983978200,90793470900,3504.4571,3506.8996,3399.3917,3510.9845
143334000,3401.4403,2624200,35597600,6986602400,90829068500,3504.4571,3506.8996,3399.3917,3510.9845
143339000,3401.901,2034700,27112500,6988637100,90856181000,3504.4571,3506.8996,3399.3917,3510.9845
143344000,3402.0668,2988800,36519800,6991625900,90892700800,3504.4571,3506.8996,3399.3917,3510.9845
143349000,3401.706,3123100,34688300,6994749000,90927389100,3504.4571,3506.8996,3399.3917,3510.9845
143354000,3401.823,2697600,34775200,6997446600,90962164300,3504.4571,3506.8996,3399.3917,3510.9845
143359000,3402.5499,2752000,35329500,7000198600,90997493800,3504.4571,3506.8996,3399.3917,3510.9845
143404000,3402.2838,3216600,37000200,7003415200,91034494000,3504.4571,3506.8996,3399.3917,3510.9845
143409000,3403.1007,2499400,34054300,7005914600,91068548300,3504.4571,3506.8996,3399.3917,3510.9845
143414000,3403.2356,3503700,49570500,7009418300,91118118800,3504.4571,3506.8996,3399.3917,3510.9845
143419000,3403.2509,3102600,38147100,7012520900,91156265900,3504.4571,3506.8996,3399.3917,3510.9845
143424000,3403.6627,2407300,35742900,7014928200,91192008800,3504.4571,3506.8996,3399.3917,3510.9845
143429000,3403.8929,2935300,41536700,7017863500,91233545500,3504.4571,3506.8996,3399.3917,3510.9845
143434000,3403.8322,3188000,37937200,7021051500,91271482700,3504.4571,3506.8996,3399.3917,3510.9845
143439000,3403.8879,2591800,30435200,7023643300,91301917900,3504.4571,3506.8996,3399.3917,3510.9845
143444000,3404.0597,2719800,37012500,7026363100,91338930400,3504.4571,3506.8996,3399.3917,3510.9845
143449000,3404.4866,3013000,38268900,7029376100,91377199300,3504.4571,3506.8996,3399.3917,3510.9845
143454000,3404.2071,2669000,25819500,7032045100,91403018800,3504.4571,3506.8996,3399.3917,3510.9845
143459000,3404.8764,2796000,38129300,7034841100,91441148100,3504.4571,3506.8996,3399.3917,3510.9845
143504000,3403.9487,2449900,36130400,7037291000,91477278500,3504.4571,3506.8996,3399.3917,3510.9845
143509000,3404.3748,2329400,25672300,7039620400,91502950800,3504.4571,3506.8996,3399.3917,3510.9845
143514000,3404.5412,3739900,72794100,7043360300,91575744900,3504.4571,3506.8996,3399.3917,3510.9845
143519000,3404.7391,3663200,47993900,7047023500,91623738800,3504.4571,3506.8996,3399.3917,3510.9845
143524000,3404.6287,3367800,37185900,7050391300,91660924700,3504.4571,3506.8996,3399.3917,3510.9845
143529000,3405.2935,3735100,48432600,7054126400,91709357300,3504.4571,3506.8996,3399.3917,3510.9845
143534000,3404.7758,4471500,40609500,7058597900,91749966800,3504.4571,3506.8996,3399.3917,3510.9845
143539000,3404.7805,2161500,33334900,7060759400,91783301700,3504.4571,3506.8996,3399.3917,3510.9845
143544000,3404.7124,2983100,37939800,7063742500,91821241500,3504.4571,3506.8996,3399.3917,3510.9845
143549000,3404.8213,4319700,48406200,7068062200,91869647700,3504.4571,3506.8996,3399.3917,3510.9845
143554000,3405.1553,2577500,28300300,7070639700,91897948000,3504.4571,3506.8996,3399.3917,3510.9845
143559000,3404.8988,3398600,54489500,7074038300,91952437500,3504.4571,3506.8996,3399.3917,3510.9845
143604000,3404.2645,2764500,41661000,7076802800,91994098500,3504.4571,3506.8996,3399.3917,3510.9845
143609000,3404.6721,2721500,37583600,7079524300,92031682100,3504.4571,3506.8996,3399.3917,3510.9845
143614000,3404.8537,4881900,57522300,7084406200,92089204400,3504.4571,3506.8996,3399.3917,3510.9845
143619000,3404.1939,2757800,44350200,7087164000,92133554600,3504.4571,3506.8996,3399.3917,3510.9845
143624000,3404.386,2659100,33074400,7089823100,92166629000,3504.4571,3506.8996,3399.3917,3510.9845
143629000,3404.1428,4191500,54105100,7094014600,92220734100,3504.4571,3506.8996,3399.3917,3510.9845
143634000,3405.0392,3530400,42908000,7097545000,92263642100,3504.4571,3506.8996,3399.3917,3510.9845
143639000,3403.66,2988800,37714400,7100533800,92301356500,3504.4571,3506.8996,3399.3917,3510.9845
143644000,3403.705,4049000,45752600,7104582800,92347109100,3504.4571,3506.8996,3399.3917,3510.9845
143649000,3403.6005,2522500,36032200,7107105300,92383141300,3504.4571,3506.8996,3399.3917,3510.9845
143654000,3403.6662,2254500,38670400,7109359800,92421811700,3504.4571,3506.8996,3399.3917,3510.9845
143659000,3403.5878,3789600,45407800,7113149400,92467219500,3504.4571,3506.8996,3399.3917,3510.9845
143704000,3403.9187,3803000,46775700,7116952400,92513995200,3504.4571,3506.8996,3399.3917,3510.9845
143709000,3404.0347,2846500,35867200,7119798900,92549862400,3504.4571,3506.8996,3399.3917,3510.9845
143714000,3403.4936,5421200,66264400,7125220100,92616126800,3504.4571,3506.8996,3399.3917,3510.9845
143719000,3402.9439,3040500,39607500,7128260600,92655734300,3504.4571,3506.8996,3399.3917,3510.9845
143724000,3403.0406,3536200,40794600,7131796800,92696528900,3504.4571,3506.8996,3399.3917,3510.9845
143729000,3402.7138,4224300,44487700,7136021100,92741016600,3504.4571,3506.8996,3399.3917,3510.9845
143734000,3402.5938,2536100,32712200,7138557200,92773728800,3504.4571,3506.8996,3399.3917,3510.9845
143739000,3402.149,4205200,41075400,7142762400,92814804200,3504.4571,3506.8996,3399.3917,3510.9845
143744000,3401.6836,3515300,42807600,7146277700,92857611800,3504.4571,3506.8996,3399.3917,3510.9845
143749000,3402.034,2430100,37007900,7148707800,92894619700,3504.4571,3506.8996,3399.3917,3510.9845
143754000,3401.8756,3608300,44120800,7152316100,92938740500,3504.4571,3506.8996,3399.3917,3510.9845
143759000,3401.0191,5981100,54847300,7158297200,92993587800,3504.4571,3506.8996,3399.3917,3510.9845
143804000,3401.2695,3390000,61028100,7161687200,93054615900,3504.4571,3506.8996,3399.3917,3510.9845
143809000,3401.3783,3494700,32716100,7165181900,93087332000,3504.4571,3506.8996,3399.3917,3510.9845
143814000,3400.6601,5605700,64026700,7170787600,93151358700,3504.4571,3506.8996,3399.3917,3510.9845
143819000,3400.7148,3696600,43740900,7174484200,93195099600,3504.4571,3506.8996,3399.3917,3510.9845
143824000,3400.1554,2846200,38542900,7177330400,93233642500,3504.4571,3506.8996,3399.3917,3510.9845
143829000,3400.039,3933900,64668200,7181264300,93298310700,3504.4571,3506.8996,3399.3917,3510.9845
143834000,3400.0851,3215800,44550700,7184480100,93342861400,3504.4571,3506.8996,3399.3917,3510.9845
143839000,3399.3244,3092900,36915000,7187573000,93379776400,3504.4571,3506.8996,3399.3244,3510.9845
143844000,3399.234,4464100,51598800,7192037100,93431375200,3504.4571,3506.8996,3398.8707,3510.9845
143849000,3398.9572,4574600,54354200,7196611700,93485729400,3504.4571,3506.8996,3398.8707,3510.9845
143854000,3398.1111,4972400,54597500,7201584100,93540326900,3504.4571,3506.8996,3398.0046,3510.9845
143859000,3397.5787,4857400,73067500,7206441500,93613394400,3504.4571,3506.8996,3397.5787,3510.9845
143904000,3397.6158,4731500,55902500,7211173000,93669296900,3504.4571,3506.8996,3397.264,3510.9845
143909000,3397.91,5200200,56054500,7216373200,93725351400,3504.4571,3506.8996,3397.264,3510.9845
143914000,3397.5756,6022700,68768900,7222395900,93794120300,3504.4571,3506.8996,3397.2485,3510.9845
143919000,3397.195,4109300,51426900,7226505200,93845547200,3504.4571,3506.8996,3397.195,3510.9845
143924000,3396.5907,3866600,47786300,7230371800,93893333500,3504.4571,3506.8996,3396.5907,3510.9845
143929000,3396.4284,4279200,55741700,7234651000,93949075200,3504.4571,3506.8996,3396.4284,3510.9845
143934000,3396.061,5625000,104268100,7240276000,94053343300,3504.4571,3506.8996,3396.061,3510.9845
143939000,3395.7692,4478700,51400800,7244754700,94104744100,3504.4571,3506.8996,3395.7318,3510.9845
143944000,3395.776,6198100,60065300,7250952800,94164809400,3504.4571,3506.8996,3395.7318,3510.9845
143949000,3395.0128,5587800,58331000,7256540600,94223140400,3504.4571,3506.8996,3395.0128,3510.9845
143954000,3394.7045,4564200,54382400,7261104800,94277522800,3504.4571,3506.8996,3394.7045,3510.9845
143959000,3393.7328,5473800,71436700,7266578600,94348959500,3504.4571,3506.8996,3393.7328,3510.9845
144004000,3393.8204,6105600,70865000,7272684200,94419824500,3504.4571,3506.8996,3393.4802,3510.9845
144009000,3393.9747,6299200,67446600,7278983400,94487271100,3504.4571,3506.8996,3393.4802,3510.9845
144014000,3393.8114,5839300,75903200,7284822700,94563174300,3504.4571,3506.8996,3393.4802,3510.9845
144019000,3393.0277,4468200,57749400,7289290900,94620923700,3504.4571,3506.8996,3393.0277,3510.9845
144024000,3392.9676,5228800,59425700,7294519700,94680349400,3504.4571,3506.8996,3392.8792,3510.9845
144029000,3392.476,6738800,82564800,7301258500,94762914200,3504.4571,3506.8996,3392.476,3510.9845
144034000,3393.0184,5900500,71962600,7307159000,94834876800,3504.4571,3506.8996,3392.4655,3510.9845
144039000,3392.5609,3501000,46674900,7310660000,94881551700,3504.4571,3506.8996,3392.4655,3510.9845
144044000,3392.2243,5313200,69582600,7315973200,94951134300,3504.4571,3506.8996,3392.0257,3510.9845
144050000,3392.0494,6129600,68303100,7322102800,95019437400,3504.4571,3506.8996,3391.9229,3510.9845
144054000,3392.4559,8553400,60022400,7330656200,95079459800,3504.4571,3506.8996,3391.9229,3510.9845
144100000,3390.6459,6356400,72593400,7337012600,95152053200,3504.4571,3506.8996,3390.6459,3510.9845
144104000,3390.8057,5917700,68556500,7342930300,95220609700,3504.4571,3506.8996,3390.3522,3510.9845
144110000,3390.8104,6296300,67024800,7349226600,95287634500,3504.4571,3506.8996,3390.3522,3510.9845
144114000,3390.1883,5608100,59075700,7354834700,95346710200,3504.4571,3506.8996,3390.1883,3510.9845
144119000,3389.831,5240100,64617100,7360074800,95411327300,3504.4571,3506.8996,3389.831,3510.9845
144125000,3390.5481,6222000,76276700,7366296800,95487604000,3504.4571,3506.8996,3389.831,3510.9845
144129000,3389.8544,5001300,49146700,7371298100,95536750700,3504.4571,3506.8996,3389.7187,3510.9845
144135000,3389.5436,6378800,76500100,7377676900,95613250800,3504.4571,3506.8996,3389.4999,3510.9845
144139000,3389.1419,4379900,40716300,7382056800,95653967100,3504.4571,3506.8996,3389.0634,3510.9845
144145000,3389.6871,6324000,87524800,7388380800,95741491900,3504.4571,3506.8996,3389.0634,3510.9845
144150000,3389.2771,7390500,98144700,7395771300,95839636600,3504.4571,3506.8996,3389.0634,3510.9845
144155000,3388.5624,6660200,74831700,7402431500,95914468300,3504.4571,3506.8996,3388.5624,3510.9845
144200000,3388.5499,5074300,53504900,7407505800,95967973200,3504.4571,3506.8996,3388.5499,3510.9845
144205000,3388.2214,8216000,87912000,7415721800,96055885200,3504.4571,3506.8996,3388.2214,3510.9845
144210000,3388.211,8073200,107401600,7423795000,96163286800,3504.4571,3506.8996,3388.211,3510.9845
144215000,3388.5342,6081100,69881700,7429876100,96233168500,3504.4571,3506.8996,3388.1541,3510.9845
144220000,3388.2509,6104900,83212200,7435981000,96316380700,3504.4571,3506.8996,3388.0502,3510.9845
144225000,3388.1045,6632500,78205300,7442613500,96394586000,3504.4571,3506.8996,3388.0502,3510.9845
144230000,3388.2027,5103000,58330100,7447716500,96452916100,3504.4571,3506.8996,3387.9749,3510.9845
144235000,3387.6653,6239300,80489100,7453955800,96533405200,3504.4571,3506.8996,3387.6029,3510.9845
144240000,3388.1827,8324400,68826500,7462280200,96602231700,3504.4571,3506.8996,3387.5885,3510.9845
144245000,3387.2717,6493100,67462900,7468773300,96669694600,3504.4571,3506.8996,3387.2717,3510.9845
144250000,3387.8559,7104700,82049500,7475878000,96751744100,3504.4571,3506.8996,3387.2717,3510.9845
144255000,3387.0943,4339900,57382200,7480217900,96809126300,3504.4571,3506.8996,3387.0943,3510.9845
144300000,3386.7019,5811500,65723700,7486029400,96874850000,3504.4571,3506.8996,3386.7019,3510.9845
144305000,3386.8024,6163400,78649500,7492192800,96953499500,3504.4571,3506.8996,3386.5551,3510.9845
144310000,3386.8828,4580900,59747700,7496773700,97013247200,3504.4571,3506.8996,3386.5551,3510.9845
144315000,3386.7444,5801100,59161300,7502574800,97072408500,3504.4571,3506.8996,3386.5551,3510.9845
144320000,3386.6859,5425500,61099300,7508000300,97133507800,3504.4571,3506.8996,3386.387,3510.9845
144325000,3386.2391,3872700,56517900,7511873000,97190025700,3504.4571,3506.8996,3386.1618,3510.9845
144330000,3385.8547,4261000,55681700,7516134000,97245707400,3504.4571,3506.8996,3385.8321,3510.9845
144335000,3385.995,7832700,70903300,7523966700,97316610700,3504.4571,3506.8996,3385.6938,3510.9845
144340000,3385.5528,4787400,60287800,7528754100,97376898500,3504.4571,3506.8996,3385.5528,3510.9845
144345000,3385.8102,5789700,57880400,7534543800,97434778900,3504.4571,3506.8996,3385.5528,3510.9845
144350000,3385.5264,5728400,67329300,7540272200,97502108200,3504.4571,3506.8996,3385.5264,3510.9845
144355000,3385.3306,5438000,60039000,7545710200,97562147200,3504.4571,3506.8996,3385.222,3510.9845
144400000,3385.4428,4787800,56777100,7550498000,97618924300,3504.4571,3506.8996,3384.9387,3510.9845
144405000,3385.0977,8064600,76483700,7558562600,97695408000,3504.4571,3506.8996,3384.4707,3510.9845
144410000,3384.7045,5431300,69550600,7563993900,97764958600,3504.4571,3506.8996,3384.4707,3510.9845
144415000,3384.9172,4259700,45187500,7568253600,97810146100,3504.4571,3506.8996,3384.4707,3510.9845
144420000,3385.0045,6958300,82853900,7575211900,97893000000,3504.4571,3506.8996,3384.4707,3510.9845
144425000,3384.521,5442400,55014700,7580654300,97948014700,3504.4571,3506.8996,3384.4707,3510.9845
144430000,3384.5414,5863400,55122200,7586517700,98003136900,3504.4571,3506.8996,3383.8445,3510.9845
144435000,3384.6809,7758400,62780400,7594276100,98065917300,3504.4571,3506.8996,3383.8445,3510.9845
144440000,3384.5728,4890600,56986700,7599166700,98122904000,3504.4571,3506.8996,3383.8445,3510.9845
144445000,3384.2281,4460200,48264500,7603626900,98171168500,3504.4571,3506.8996,3383.8445,3510.9845
144450000,3384.3254,7428800,66544200,7611055700,98237712700,3504.4571,3506.8996,3383.8445,3510.9845
144455000,3384.268,5672000,50110700,7616727700,98287823400,3504.4571,3506.8996,3383.8445,3510.9845
144500000,3383.7299,5021000,49994600,7621748700,98337818000,3504.4571,3506.8996,3383.7112,3510.9845
144505000,3384.3247,8253600,92663600,7630002300,98430481600,3504.4571,3506.8996,3383.5006,3510.9845
144510000,3385.0043,4905600,55613400,7634907900,98486095000,3504.4571,3506.8996,3383.5006,3510.9845
144515000,3385.2858,4862300,61308000,7639770200,98547403000,3504.4571,3506.8996,3383.5006,3510.9845
144520000,3385.4096,6846200,80867600,7646616400,98628270600,3504.4571,3506.8996,3383.5006,3510.9845
144525000,3385.8853,4806100,65791300,7651422500,98694061900,3504.4571,3506.8996,3383.5006,3510.9845
144530000,3386.3259,6123500,63527100,7657546000,98757589000,3504.4571,3506.8996,3383.5006,3510.9845
144535000,3386.4138,5325100,73159800,7662871100,98830748800,3504.4571,3506.8996,3383.5006,3510.9845
144540000,3386.9497,3783700,46271900,7666654800,98877020700,3504.4571,3506.8996,3383.5006,3510.9845
144545000,3386.4762,4681200,50604100,7671336000,98927624800,3504.4571,3506.8996,3383.5006,3510.9845
144550000,3388.2067,5158400,61983000,7676494400,98989607800,3504.4571,3506.8996,3383.5006,3510.9845
144555000,3388.14,3741500,51025200,7680235900,99040633000,3504.4571,3506.8996,3383.5006,3510.9845
144600000,3388.0324,3470800,41706800,7683706700,99082339800,3504.4571,3506.8996,3383.5006,3510.9845
144605000,3388.3634,4997800,57174400,7688704500,99139514200,3504.4571,3506.8996,3383.5006,3510.9845
144610000,3388.5862,3265000,43490100,7691969500,99183004300,3504.4571,3506.8996,3383.5006,3510.9845
144615000,3388.6187,3721200,45081700,7695690700,99228086000,3504.4571,3506.8996,3383.5006,3510.9845
144620000,3389.4074,5777800,64087800,7701468500,99292173800,3504.4571,3506.8996,3383.5006,3510.9845
144625000,3389.3908,3847800,51034800,7705316300,99343208600,3504.4571,3506.8996,3383.5006,3510.9845
144630000,3389.6463,4335500,48665200,7709651800,99391873800,3504.4571,3506.8996,3383.5006,3510.9845
144635000,3389.3716,4043800,49979700,7713695600,99441853500,3504.4571,3506.8996,3383.5006,3510.9845
144640000,3389.5143,3494700,46998500,7717190300,99488852000,3504.4571,3506.8996,3383.5006,3510.9845
144645000,3389.9729,2899400,34494500,7720089700,99523346500,3504.4571,3506.8996,3383.5006,3510.9845
144650000,3389.6567,3971000,63019700,7724060700,99586366200,3504.4571,3506.8996,3383.5006,3510.9845
144655000,3389.7433,4102900,43710400,7728163600,99630076600,3504.4571,3506.8996,3383.5006,3510.9845
144700000,3390.5194,4779400,46691500,7732943000,99676768100,3504.4571,3506.8996,3383.5006,3510.9845
144705000,3390.4883,5480300,55512100,7738423300,99732280200,3504.4571,3506.8996,3383.5006,3510.9845
144710000,3390.5141,2744400,40532100,7741167700,99772812300,3504.4571,3506.8996,3383.5006,3510.9845
144715000,3390.6829,4117100,44056000,7745284800,99816868300,3504.4571,3506.8996,3383.5006,3510.9845
144720000,3391.0345,5790200,57274200,7751075000,99874142500,3504.4571,3506.8996,3383.5006,3510.9845
144725000,3391.5432,3134300,48309300,7754209300,99922451800,3504.4571,3506.8996,3383.5006,3510.9845
144730000,3391.5272,3694400,41696500,7757903700,99964148300,3504.4571,3506.8996,3383.5006,3510.9845
144735000,3392.2904,8117900,78245600,7766021600,100042393900,3504.4571,3506.8996,3383.5006,3510.9845
144740000,3392.6587,3298100,40335300,7769319700,100082729200,3504.4571,3506.8996,3383.5006,3510.9845
144745000,3393.017,4410300,42267200,7773730000,100124996400,3504.4571,3506.8996,3383.5006,3510.9845
144750000,3392.9205,5296200,59063100,7779026200,100184059500,3504.4571,3506.8996,3383.5006,3510.9845
144755000,3393.3126,3562500,51688800,7782588700,100235748300,3504.4571,3506.8996,3383.5006,3510.9845
144800000,3393.8892,4301000,41858200,7786889700,100277606500,3504.4571,3506.8996,3383.5006,3510.9845
144805000,3394.4292,5454600,61003700,7792344300,100338610200,3504.4571,3506.8996,3383.5006,3510.9845
144810000,3394.1455,2983500,47092400,7795327800,100385702600,3504.4571,3506.8996,3383.5006,3510.9845
144815000,3394.7723,2836000,31290200,7798163800,100416992800,3504.4571,3506.8996,3383.5006,3510.9845
144820000,3395.1369,5107200,57264800,7803271000,100474257600,3504.4571,3506.8996,3383.5006,3510.9845
144825000,3395.1166,2735500,40391700,7806006500,100514649300,3504.4571,3506.8996,3383.5006,3510.9845
144830000,3395.0689,4231300,37725500,7810237800,100552374800,3504.4571,3506.8996,3383.5006,3510.9845
144835000,3395.2884,4729100,47444400,7814966900,100599819200,3504.4571,3506.8996,3383.5006,3510.9845
144840000,3395.4634,4403400,41882400,7819370300,100641701600,3504.4571,3506.8996,3383.5006,3510.9845
144845000,3395.7517,3803500,41183800,7823173800,100682885400,3504.4571,3506.8996,3383.5006,3510.9845
144850000,3396.1471,4343400,47773000,7827517200,100730658400,3504.4571,3506.8996,3383.5006,3510.9845
144855000,3396.127,2841700,34412500,7830358900,100765070900,3504.4571,3506.8996,3383.5006,3510.9845
144900000,3395.811,3040000,37603100,7833398900,100802674000,3504.4571,3506.8996,3383.5006,3510.9845
144905000,3396.2938,4712000,50449100,7838110900,100853123100,3504.4571,3506.8996,3383.5006,3510.9845
144910000,3396.291,4026100,50965800,7842137000,100904088900,3504.4571,3506.8996,3383.5006,3510.9845
144915000,3396.5101,4220300,49262900,7846357300,100953351800,3504.4571,3506.8996,3383.5006,3510.9845
144920000,3396.8965,4785000,53258800,7851142300,101006610600,3504.4571,3506.8996,3383.5006,3510.9845
144925000,3396.3764,4726700,49725400,7855869000,101056336000,3504.4571,3506.8996,3383.5006,3510.9845
144930000,3396.6607,3291500,36994900,7859160500,101093330900,3504.4571,3506.8996,3383.5006,3510.9845
144935000,3396.3772,5045200,58558000,7864205700,101151888900,3504.4571,3506.8996,3383.5006,3510.9845
144940000,3396.4243,3648900,42622300,7867854600,101194511200,3504.4571,3506.8996,3383.5006,3510.9845
144945000,3396.4609,4767800,43150700,7872622400,101237661900,3504.4571,3506.8996,3383.5006,3510.9845
144950000,3396.8148,3900400,50999700,7876522800,101288661600,3504.4571,3506.8996,3383.5006,3510.9845
144955000,3396.093,3474200,41217900,7879997000,101329879500,3504.4571,3506.8996,3383.5006,3510.9845
145000000,3396.1934,5208700,53319400,7885205700,101383198900,3504.4571,3506.8996,3383.5006,3510.9845
145005000,3396.4003,4657000,53012400,7889862700,101436211300,3504.4571,3506.8996,3383.5006,3510.9845
145010000,3397.116,4259800,49799800,7894122500,101486011100,3504.4571,3506.8996,3383.5006,3510.9845
145015000,3396.7297,4664200,49024600,7898786700,101535035700,3504.4571,3506.8996,3383.5006,3510.9845
145020000,3397.2171,4685500,48666300,7903472200,101583702000,3504.4571,3506.8996,3383.5006,3510.9845
145025000,3396.4929,4760600,59624000,7908232800,101643326000,3504.4571,3506.8996,3383.5006,3510.9845
145030000,3397.0021,3549300,38050800,7911782100,101681376800,3504.4571,3506.8996,3383.5006,3510.9845
145035000,3396.8549,5288200,58311400,7917070300,101739688200,3504.4571,3506.8996,3383.5006,3510.9845
145040000,3397.6086,3046700,37761500,7920117000,101777449700,3504.4571,3506.8996,3383.5006,3510.9845
145045000,3397.6534,6468300,61324900,7926585300,101838774600,3504.4571,3506.8996,3383.5006,3510.9845
145050000,3398.1413,8786100,79595300,7935371400,101918369900,3504.4571,3506.8996,3383.5006,3510.9845
145055000,3398.7529,5054700,54257100,7940426100,101972627000,3504.4571,3506.8996,3383.5006,3510.9845
145100000,3398.2133,5016200,53759600,7945442300,102026386600,3504.4571,3506.8996,3383.5006,3510.9845
145105000,3398.6217,3476600,45970000,7948918900,102072356600,3504.4571,3506.8996,3383.5006,3510.9845
145110000,3399.0977,5374700,57749500,7954293600,102130106100,3504.4571,3506.8996,3383.5006,3510.9845
145115000,3399.279,2904000,37616700,7957197600,102167722800,3504.4571,3506.8996,3383.5006,3510.9845
145120000,3399.9634,6419800,72048500,7963617400,102239771300,3504.4571,3506.8996,3383.5006,3510.9845
145125000,3400.322,4525100,51853700,7968142500,102291625000,3504.4571,3506.8996,3383.5006,3510.9845
145130000,3400.7394,6764800,60061100,7974907300,102351686100,3504.4571,3506.8996,3383.5006,3510.9845
145135000,3401.1888,5533300,62476100,7980440600,102414162200,3504.4571,3506.8996,3383.5006,3510.9845
145140000,3401.4195,4200300,51951900,7984640900,102466114100,3504.4571,3506.8996,3383.5006,3510.9845
145145000,3401.8177,3214500,37387700,7987855400,102503501800,3504.4571,3506.8996,3383.5006,3510.9845
145150000,3401.7617,5312600,59201400,7993168000,102562703200,3504.4571,3506.8996,3383.5006,3510.9845
145155000,3401.7987,3359100,48424000,7996527100,102611127200,3504.4571,3506.8996,3383.5006,3510.9845
145200000,3401.8952,3174700,39155400,7999701800,102650282600,3504.4571,3506.8996,3383.5006,3510.9845
145205000,3402.0412,4574700,48216100,8004276500,102698498700,3504.4571,3506.8996,3383.5006,3510.9845
145210000,3401.8734,4052300,44033000,8008328800,102742531700,3504.4571,3506.8996,3383.5006,3510.9845
145215000,3402.9455,3287200,34010400,8011616000,102776542100,3504.4571,3506.8996,3383.5006,3510.9845
145220000,3402.8822,4549200,52574000,8016165200,102829116100,3504.4571,3506.8996,3383.5006,3510.9845
145225000,3403.0824,3879200,46105900,8020044400,102875222000,3504.4571,3506.8996,3383.5006,3510.9845
145230000,3403.2401,3301300,37495900,8023345700,102912717900,3504.4571,3506.8996,3383.5006,3510.9845
145235000,3402.9333,5205900,56781400,8028551600,102969499300,3504.4571,3506.8996,3383.5006,3510.9845
145240000,3403.289,3624200,48713400,8032175800,103018212700,3504.4571,3506.8996,3383.5006,3510.9845
145245000,3404.3018,5503400,51630300,8037679200,103069843000,3504.4571,3506.8996,3383.5006,3510.9845
145250000,3403.9874,5720500,67229000,8043399700,103137072000,3504.4571,3506.8996,3383.5006,3510.9845
145255000,3404.2909,3271100,42255900,8046670800,103179327900,3504.4571,3506.8996,3383.5006,3510.9845
145300000,3403.8176,4796200,39633700,8051467000,103218961600,3504.4571,3506.8996,3383.5006,3510.9845
145305000,3404.1088,5536000,65642900,8057003000,103284604500,3504.4571,3506.8996,3383.5006,3510.9845
145310000,3404.3781,3080700,44825400,8060083700,103329429900,3504.4571,3506.8996,3383.5006,3510.9845
145316000,3404.7868,5657600,77389200,8065741300,103406819100,3504.4571,3506.8996,3383.5006,3510.9845
145320000,3404.9926,3549400,46852500,8069290700,103453671600,3504.4571,3506.8996,3383.5006,3510.9845
145326000,3405.1878,4371000,51472200,8073661700,103505143800,3504.4571,3506.8996,3383.5006,3510.9845
145330000,3405.5239,2249000,35969200,8075910700,103541113000,3504.4571,3506.8996,3383.5006,3510.9845
145335000,3405.1679,4187600,51813400,8080098300,103592926400,3504.4571,3506.8996,3383.5006,3510.9845
145341000,3406.1626,4031200,52542000,8084129500,103645468400,3504.4571,3506.8996,3383.5006,3510.9845
145345000,3405.8077,2652600,39647100,8086782100,103685115500,3504.4571,3506.8996,3383.5006,3510.9845
145351000,3406.0086,3891900,47234800,8090674000,103732350300,3504.4571,3506.8996,3383.5006,3510.9845
145355000,3406.4141,3391800,49780300,8094065800,103782130600,3504.4571,3506.8996,3383.5006,3510.9845
145401000,3406.6776,4969600,71210400,8099035400,103853341000,3504.4571,3506.8996,3383.5006,3510.9845
145406000,3406.3251,3854400,40594200,8102889800,103893935200,3504.4571,3506.8996,3383.5006,3510.9845
145411000,3406.4541,4168300,50188800,8107058100,103944124000,3504.4571,3506.8996,3383.5006,3510.9845
145416000,3407.4282,4447600,55176800,8111505700,103999300800,3504.4571,3506.8996,3383.5006,3510.9845
145421000,3407.3587,3960400,43029300,8115466100,104042330100,3504.4571,3506.8996,3383.5006,3510.9845
145426000,3407.3194,4757200,59464800,8120223300,104101794900,3504.4571,3506.8996,3383.5006,3510.9845
145431000,3407.7242,3716200,54716500,8123939500,104156511400,3504.4571,3506.8996,3383.5006,3510.9845
145436000,3407.3959,3745500,44883000,8127685000,104201394400,3504.4571,3506.8996,3383.5006,3510.9845
145441000,3407.5169,4818600,58989200,8132503600,104260383600,3504.4571,3506.8996,3383.5006,3510.9845
145446000,3408.31,4595300,61749200,8137098900,104322132800,3504.4571,3506.8996,3383.5006,3510.9845
145451000,3407.1578,3847100,42076100,8140946000,104364208900,3504.4571,3506.8996,3383.5006,3510.9845
145456000,3407.8794,5029600,53729000,8145975600,104417937900,3504.4571,3506.8996,3383.5006,3510.9845
145501000,3407.6493,4162900,56162000,8150138500,104474099900,3504.4571,3506.8996,3383.5006,3510.9845
145506000,3407.4849,4537000,47495100,8154675500,104521595000,3504.4571,3506.8996,3383.5006,3510.9845
145511000,3408.2389,5897200,58013200,8160572700,104579608200,3504.4571,3506.8996,3383.5006,3510.9845
145516000,3408.0801,4184400,46261100,8164757100,104625869300,3504.4571,3506.8996,3383.5006,3510.9845
145521000,3408.6785,4568300,44892900,8169325400,104670762200,3504.4571,3506.8996,3383.5006,3510.9845
145526000,3408.6977,5674900,66373200,8175000300,104737135400,3504.4571,3506.8996,3383.5006,3510.9845
145531000,3408.9654,4098500,55136700,8179098800,104792272100,3504.4571,3506.8996,3383.5006,3510.9845
145536000,3408.6343,2788400,35268200,8181887200,104827540300,3504.4571,3506.8996,3383.5006,3510.9845
145541000,3408.5918,5797500,75527900,8187684700,104903068200,3504.4571,3506.8996,3383.5006,3510.9845
145546000,3409.4908,3591800,44673300,8191276500,104947741500,3504.4571,3506.8996,3383.5006,3510.9845
145551000,3409.6187,3966100,49041700,8195242600,104996783200,3504.4571,3506.8996,3383.5006,3510.9845
145556000,3409.901,5271300,64054300,8200513900,105060837500,3504.4571,3506.8996,3383.5006,3510.9845
145601000,3409.2046,4467900,57402500,8204981800,105118240000,3504.4571,3506.8996,3383.5006,3510.9845
145606000,3409.7158,3510100,40267400,8208491900,105158507400,3504.4571,3506.8996,3383.5006,3510.9845
145611000,3410.4585,4730900,54584800,8213222800,105213092200,3504.4571,3506.8996,3383.5006,3510.9845
145616000,3410.5075,4791900,56881700,8218014700,105269973900,3504.4571,3506.8996,3383.5006,3510.9845
145621000,3410.6843,3916300,51003800,8221931000,105320977700,3504.4571,3506.8996,3383.5006,3510.9845
145626000,3410.4787,5098000,68045600,8227029000,105389023300,3504.4571,3506.8996,3383.5006,3510.9845
145631000,3410.2486,4821500,57136200,8231850500,105446159500,3504.4571,3506.8996,3383.5006,3510.9845
145636000,3410.4508,5318700,55860600,8237169200,105502020100,3504.4571,3506.8996,3383.5006,3510.9845
145641000,3409.9493,6049200,65820600,8243218400,105567840700,3504.4571,3506.8996,3383.5006,3510.9845
145646000,3410.2782,4796800,58859300,8248015200,105626700000,3504.4571,3506.8996,3383.5006,3510.9845
145651000,3410.0229,4809600,52940400,8252824800,105679640400,3504.4571,3506.8996,3383.5006,3510.9845
145656000,3410.0911,4574600,51342400,8257399400,105730982800,3504.4571,3506.8996,3383.5006,3510.9845
145701000,3409.9629,5223100,55062300,8262622500,105786045100,3504.4571,3506.8996,3383.5006,3510.9845
145706000,3410.8353,3126400,34208700,8265748900,105820253800,3504.4571,3506.8996,3383.5006,3510.9845
145711000,3410.4652,3402500,34225200,8269151400,105854479000,3504.4571,3506.8996,3383.5006,3510.9845
145716000,3410.9566,3835800,38568500,8272987200,105893047500,3504.4571,3506.8996,3383.5006,3510.9845
145721000,3410.9155,4872300,58469900,8277859500,105951517400,3504.4571,3506.8996,3383.5006,3510.9845
145726000,3410.6518,3088900,32617300,8280948400,105984134700,3504.4571,3506.8996,3383.5006,3510.9845
145731000,3410.2168,1738800,21395100,8282687200,106005529800,3504.4571,3506.8996,3383.5006,3510.9845
145736000,3410.0756,3786800,40853600,8286474000,106046383400,3504.4571,3506.8996,3383.5006,3510.9845
145741000,3410.1493,3335000,31719500,8289809000,106078102900,3504.4571,3506.8996,3383.5006,3510.9845
145746000,3410.381,2382400,34303700,8292191400,106112406600,3504.4571,3506.8996,3383.5006,3510.9845
145751000,3409.3107,3683700,37553800,8295875100,106149960400,3504.4571,3506.8996,3383.5006,3510.9845
145756000,3409.8462,3364300,35230000,8299239400,106185190400,3504.4571,3506.8996,3383.5006,3510.9845
145801000,3409.6093,1526600,19848100,8300766000,106205038500,3504.4571,3506.8996,3383.5006,3510.9845
145806000,3409.4883,3165300,31459100,8303931300,106236497600,3504.4571,3506.8996,3383.5006,3510.9845
145811000,3409.8323,2882200,31602200,8306813500,106268099800,3504.4571,3506.8996,3383.5006,3510.9845
145816000,3409.855,2670100,26642300,8309483600,106294742100,3504.4571,3506.8996,3383.5006,3510.9845
145821000,3409.5623,4418100,43594400,8313901700,106338336500,3504.4571,3506.8996,3383.5006,3510.9845
145826000,3409.8422,3270000,35984300,8317171700,106374320800,3504.4571,3506.8996,3383.5006,3510.9845
145831000,3409.4956,3119200,29388800,8320290900,106403709600,3504.4571,3506.8996,3383.5006,3510.9845
145836000,3409.1394,3517200,34455700,8323808100,106438165300,3504.4571,3506.8996,3383.5006,3510.9845
145841000,3409.0058,3363700,31959600,8327171800,106470124900,3504.4571,3506.8996,3383.5006,3510.9845
145846000,3409.1389,1928100,21830100,8329099900,106491955000,3504.4571,3506.8996,3383.5006,3510.9845
145851000,3408.7916,4951600,37818900,8334051500,106529773900,3504.4571,3506.8996,3383.5006,3510.9845
145856000,3408.8906,4164900,32557600,8338216400,106562331500,3504.4571,3506.8996,3383.5006,3510.9845
145901000,3409.063,2502600,34739000,8340719000,106597070500,3504.4571,3506.8996,3383.5006,3510.9845
145906000,3408.7485,4748100,40948400,8345467100,106638018900,3504.4571,3506.8996,3383.5006,3510.9845
145911000,3408.2578,5239400,47975700,8350706500,106685994600,3504.4571,3506.8996,3383.5006,3510.9845
145916000,3408.6509,3123700,38091800,8353830200,106724086400,3504.4571,3506.8996,3383.5006,3510.9845
145921000,3408.4428,5772200,51906000,8359602400,106775992400,3504.4571,3506.8996,3383.5006,3510.9845
145926000,3408.4213,4902700,52593500,8364505100,106828585900,3504.4571,3506.8996,3383.5006,3510.9845
145931000,3408.1354,5191100,46535100,8369696200,106875121000,3504.4571,3506.8996,3383.5006,3510.9845
145936000,3408.7131,3818300,37083900,8373514500,106912204900,3504.4571,3506.8996,3383.5006,3510.9845
145941000,3408.5226,3986700,41935200,8377501200,106954140100,3504.4571,3506.8996,3383.5006,3510.9845
145946000,3408.3592,3286100,39582800,8380787300,106993722900,3504.4571,3506.8996,3383.5006,3510.9845
145951000,3408.1695,5178100,42742200,8385965400,107036465100,3504.4571,3506.8996,3383.5006,3510.9845
145956000,3407.9217,3458100,35417900,8389423500,107071883000,3504.4571,3506.8996,3383.5006,3510.9845
150000000,3407.983,2947500,28999800,8392371000,107100882800,3504.4571,3506.8996,3383.5006,3510.9845
150003000,3407.9802,42773900,500657900,8435144900,107601540700,3504.4571,3506.8996,3383.5006,3510.9845
150051000,3407.9638,0,0,8435144900,107601540700,3504.4571,3506.8996,3383.5006,3510.9845
