Time,Price,Volume,Turnover,AccVolume,AccTurnover,Open,High,Low,PreClose
92515000,3769.9251,99020500,1715581600,99020500,1715581600,3769.9251,3769.9251,3769.9251,3756.8765
93000000,3770.4361,8423100,92609200,107443600,1808190800,3769.9251,3770.438,3769.9251,3756.8765
93004000,3771.6648,68310000,918934900,175753600,2727125700,3769.9251,3771.6648,3769.9251,3756.8765
93010000,3773.3474,52143700,786570600,227897300,3513696300,3769.9251,3773.3474,3769.9251,3756.8765
93013000,3774.5098,7652100,141595000,235549400,3655291300,3769.9251,3774.5098,3769.9251,3756.8765
93019000,3774.7916,13212800,214930100,248762200,3870221400,3769.9251,3774.7916,3769.9251,3756.8765
93024000,3773.7214,6361800,112147200,255124000,3982368600,3769.9251,3774.7916,3769.9251,3756.8765
93028000,3773.2478,11511200,157473700,266635200,4139842300,3769.9251,3774.7916,3769.9251,3756.8765
93034000,3772.6437,17726300,244402900,284361500,4384245200,3769.9251,3774.7916,3769.9251,3756.8765
93040000,3773.8227,13360600,212378700,297722100,4596623900,3769.9251,3774.7916,3769.9251,3756.8765
93045000,3772.5948,14017300,178588800,311739400,4775212700,3769.9251,3774.7916,3769.9251,3756.8765
93049000,3772.544,12499700,198183000,324239100,4973395700,3769.9251,3774.7916,3769.9251,3756.8765
93055000,3771.599,14180800,233281300,338419900,5206677000,3769.9251,3774.7916,3769.9251,3756.8765
93100000,3771.6212,8481000,138082500,346900900,5344759500,3769.9251,3774.7916,3769.9251,3756.8765
93104000,3771.6762,11495100,204295500,358396000,5549055000,3769.9251,3774.7916,3769.9251,3756.8765
93110000,3770.9284,13012800,212746200,371408800,5761801200,3769.9251,3774.7916,3769.9251,3756.8765
93115000,3770.3661,10814600,155968500,382223400,5917769700,3769.9251,3774.7916,3769.9251,3756.8765
93119000,3769.8001,10409000,162835600,392632400,6080605300,3769.9251,3774.7916,3769.8001,3756.8765
93125000,3769.9978,13575100,194033500,406207500,6274638800,3769.9251,3774.7916,3769.2186,3756.8765
93130000,3769.8219,7898400,114356500,414105900,6388995300,3769.9251,3774.7916,3769.2186,3756.8765
93134000,3769.4075,11871900,172734200,425977800,6561729500,3769.9251,3774.7916,3769.2186,3756.8765
93140000,3769.011,12765500,192700800,438743300,6754430300,3769.9251,3774.7916,3768.5612,3756.8765
93145000,3768.2009,9272600,151502700,448015900,6905933000,3769.9251,3774.7916,3768.1368,3756.8765
93149000,3767.3352,11583600,190029800,459599500,7095962800,3769.9251,3774.7916,3767.3352,3756.8765
93155000,3766.7492,11448200,166069800,471047700,7262032600,3769.9251,3774.7916,3766.7492,3756.8765
93200000,3766.4112,8353200,113471900,479400900,7375504500,3769.9251,3774.7916,3766.4112,3756.8765
93204000,3766.7563,9771600,152798600,489172500,7528303100,3769.9251,3774.7916,3766.2988,3756.8765
93210000,3766.6187,9072200,120233700,498244700,7648536800,3769.9251,3774.7916,3766.2142,3756.8765
93215000,3765.9778,11280100,160078800,509524800,7808615600,3769.9251,3774.7916,3765.9121,3756.8765
93219000,3766.2248,8979100,135651600,518503900,7944267200,3769.9251,3774.7916,3765.9121,3756.8765
93225000,3766.1774,12040400,176266100,530544300,8120533300,3769.9251,3774.7916,3765.3659,3756.8765
93230000,3766.3979,7957900,141867400,538502200,8262400700,3769.9251,3774.7916,3765.3659,3756.8765
93234000,3766.3652,9112700,156579600,547614900,8418980300,3769.9251,3774.7916,3765.3659,3756.8765
93240000,3766.8801,9104100,149655400,556719000,8568635700,3769.9251,3774.7916,3765.3659,3756.8765
93245000,3766.6966,8462000,125403700,565181000,8694039400,3769.9251,3774.7916,3765.3659,3756.8765
93249000,3766.6345,7056400,109355200,572237400,8803394600,3769.9251,3774.7916,3765.3659,3756.8765
93255000,3767.2877,9183500,149648500,581420900,8953043100,3769.9251,3774.7916,3765.3659,3756.8765
93300000,3766.9843,6127400,102291700,587548300,9055334800,3769.9251,3774.7916,3765.3659,3756.8765
93304000,3767.1387,8604900,145200000,596153200,9200534800,3769.9251,3774.7916,3765.3659,3756.8765
93310000,3766.9071,8289800,138694100,604443000,9339228900,3769.9251,3774.7916,3765.3659,3756.8765
93315000,3766.5413,8575000,134712600,613018000,9473941500,3769.9251,3774.7916,3765.3659,3756.8765
93319000,3766.4486,8822400,126543300,621840400,9600484800,3769.9251,3774.7916,3765.3659,3756.8765
93325000,3766.3159,10646600,166362900,632487000,9766847700,3769.9251,3774.7916,3765.3659,3756.8765
93330000,3766.3133,7115500,99357600,639602500,9866205300,3769.9251,3774.7916,3765.3659,3756.8765
93334000,3765.9819,8724000,132566400,648326500,9998771700,3769.9251,3774.7916,3765.3659,3756.8765
93340000,3765.4264,6967700,133714100,655294200,10132485800,3769.9251,3774.7916,3765.3315,3756.8765
93345000,3765.6099,7108700,115127300,662402900,10247613100,3769.9251,3774.7916,3765.2654,3756.8765
93349000,3765.503,8282800,117002600,670685700,10364615700,3769.9251,3774.7916,3765.2654,3756.8765
93355000,3765.4917,9025200,137471600,679710900,10502087300,3769.9251,3774.7916,3765.2654,3756.8765
93400000,3764.9364,5771300,82878700,685482200,10584966000,3769.9251,3774.7916,3764.9364,3756.8765
93404000,3764.83,6856600,113559800,692338800,10698525800,3769.9251,3774.7916,3764.83,3756.8765
93410000,3764.0666,6901300,109840200,699240100,10808366000,3769.9251,3774.7916,3764.0666,3756.8765
93415000,3764.2189,7712600,132679600,706952700,10941045600,3769.9251,3774.7916,3763.821,3756.8765
93419000,3764.0654,7273100,124138900,714225800,11065184500,3769.9251,3774.7916,3763.821,3756.8765
93425000,3763.3691,8974000,155238700,723199800,11220423200,3769.9251,3774.7916,3763.3691,3756.8765
93430000,3763.3374,6114800,89223600,729314600,11309646800,3769.9251,3774.7916,3763.3011,3756.8765
93434000,3763.0404,8316300,122048900,737630900,11431695700,3769.9251,3774.7916,3762.948,3756.8765
93440000,3762.255,7010500,108949100,744641400,11540644800,3769.9251,3774.7916,3762.255,3756.8765
93445000,3761.6266,8352400,132730400,752993800,11673375200,3769.9251,3774.7916,3761.6266,3756.8765
93449000,3761.1628,7120300,109775900,760114100,11783151100,3769.9251,3774.7916,3761.1628,3756.8765
93455000,3760.7271,10528200,144941100,770642300,11928092200,3769.9251,3774.7916,3760.313,3756.8765
93500000,3759.9885,4647500,86674800,775289800,12014767000,3769.9251,3774.7916,3759.9885,3756.8765
93504000,3759.8008,8536400,143102400,783826200,12157869400,3769.9251,3774.7916,3759.8008,3756.8765
93510000,3759.4155,8284700,125175900,792110900,12283045300,3769.9251,3774.7916,3759.2095,3756.8765
93515000,3758.5594,8247500,139736700,800358400,12422782000,3769.9251,3774.7916,3758.5594,3756.8765
93519000,3758.319,8490000,127559000,808848400,12550341000,3769.9251,3774.7916,3758.2448,3756.8765
93525000,3757.7714,11104500,153912600,819952900,12704253600,3769.9251,3774.7916,3757.7714,3756.8765
93530000,3758.0996,5168000,91504100,825120900,12795757700,3769.9251,3774.7916,3757.6677,3756.8765
93534000,3758.1973,8499000,127138100,833619900,12922895800,3769.9251,3774.7916,3757.6677,3756.8765
93540000,3758.3656,7615100,113094700,841235000,13035990500,3769.9251,3774.7916,3757.6677,3756.8765
93545000,3758.0841,7893200,116807900,849128200,13152798400,3769.9251,3774.7916,3757.6677,3756.8765
93549000,3757.9599,7578000,121210000,856706200,13274008400,3769.9251,3774.7916,3757.6677,3756.8765
93555000,3758.0544,9031600,153055900,865737800,13427064300,3769.9251,3774.7916,3757.6677,3756.8765
93600000,3758.1642,5433100,96751600,871170900,13523815900,3769.9251,3774.7916,3757.6677,3756.8765
93604000,3757.779,9012000,133606600,880182900,13657422500,3769.9251,3774.7916,3757.6677,3756.8765
93610000,3758.0787,7480400,109791500,887663300,13767214000,3769.9251,3774.7916,3757.6677,3756.8765
93615000,3757.7634,6804200,129290600,894467500,13896504600,3769.9251,3774.7916,3757.6677,3756.8765
93619000,3758.2948,8221700,128599500,902689200,14025104100,3769.9251,3774.7916,3757.6578,3756.8765
93625000,3758.3585,10188500,159898700,912877700,14185002800,3769.9251,3774.7916,3757.6578,3756.8765
93630000,3758.5229,4001000,83715700,916878700,14268718500,3769.9251,3774.7916,3757.6578,3756.8765
93634000,3758.2406,7646000,120828100,924524700,14389546600,3769.9251,3774.7916,3757.6578,3756.8765
93640000,3758.581,7576400,129134800,932101100,14518681400,3769.9251,3774.7916,3757.6578,3756.8765
93645000,3758.3945,6055100,110436600,938156200,14629118000,3769.9251,3774.7916,3757.6578,3756.8765
93649000,3758.4952,5631800,101766300,943788000,14730884300,3769.9251,3774.7916,3757.6578,3756.8765
93655000,3758.8158,8865200,126418500,952653200,14857302800,3769.9251,3774.7916,3757.6578,3756.8765
93700000,3758.7503,5902000,85377700,958555200,14942680500,3769.9251,3774.7916,3757.6578,3756.8765
93704000,3759.0902,5732400,87049700,964287600,15029730200,3769.9251,3774.7916,3757.6578,3756.8765
93710000,3759.121,7613700,127237200,971901300,15156967400,3769.9251,3774.7916,3757.6578,3756.8765
93715000,3759.2154,6644800,99717900,978546100,15256685300,3769.9251,3774.7916,3757.6578,3756.8765
93719000,3759.4867,6429300,105576600,984975400,15362261900,3769.9251,3774.7916,3757.6578,3756.8765
93725000,3761.1367,9762600,133789600,994738000,15496051500,3769.9251,3774.7916,3757.6578,3756.8765
93730000,3761.9637,5106500,88382600,999844500,15584434100,3769.9251,3774.7916,3757.6578,3756.8765
93734000,3762.3441,5728500,103525400,1005573000,15687959500,3769.9251,3774.7916,3757.6578,3756.8765
93740000,3762.7328,6436500,111491200,1012009500,15799450700,3769.9251,3774.7916,3757.6578,3756.8765
93745000,3763.7528,6254800,112875900,1018264300,15912326600,3769.9251,3774.7916,3757.6578,3756.8765
93749000,3763.9204,5816800,105998500,1024081100,16018325100,3769.9251,3774.7916,3757.6578,3756.8765
93755000,3764.7336,7776500,110787800,1031857600,16129112900,3769.9251,3774.7916,3757.6578,3756.8765
93800000,3764.902,4754100,84024100,1036611700,16213137000,3769.9251,3774.7916,3757.6578,3756.8765
93804000,3765.1568,6509700,117269300,1043121400,16330406300,3769.9251,3774.7916,3757.6578,3756.8765
93810000,3765.6354,6593500,98575100,1049714900,16428981400,3769.9251,3774.7916,3757.6578,3756.8765
93815000,3765.8649,6313000,107529000,1056027900,16536510400,3769.9251,3774.7916,3757.6578,3756.8765
93819000,3765.9053,7949300,107223200,1063977200,16643733600,3769.9251,3774.7916,3757.6578,3756.8765
93825000,3767.1732,6936800,118152100,1070914000,16761885700,3769.9251,3774.7916,3757.6578,3756.8765
93830000,3767.4105,4062700,67143800,1074976700,16829029500,3769.9251,3774.7916,3757.6578,3756.8765
93834000,3767.7081,6819900,105340800,1081796600,16934370300,3769.9251,3774.7916,3757.6578,3756.8765
93840000,3767.8803,6124000,107312600,1087920600,17041682900,3769.9251,3774.7916,3757.6578,3756.8765
93845000,3768.5631,5268800,97771000,1093189400,17139453900,3769.9251,3774.7916,3757.6578,3756.8765
93849000,3768.8343,5548300,87999300,1098737700,17227453200,3769.9251,3774.7916,3757.6578,3756.8765
93855000,3769.1502,8290900,128193100,1107028600,17355646300,3769.9251,3774.7916,3757.6578,3756.8765
93900000,3769.1599,4553600,70228100,1111582200,17425874400,3769.9251,3774.7916,3757.6578,3756.8765
93904000,3769.5721,5932600,103774800,1117514800,17529649200,3769.9251,3774.7916,3757.6578,3756.8765
93910000,3770.241,5513400,97824500,1123028200,17627473700,3769.9251,3774.7916,3757.6578,3756.8765
93915000,3770.7222,4340400,82632100,1127368600,17710105800,3769.9251,3774.7916,3757.6578,3756.8765
93919000,3770.8966,6636100,101679000,1134004700,17811784800,3769.9251,3774.7916,3757.6578,3756.8765
93925000,3771.0871,6079400,94446700,1140084100,17906231500,3769.9251,3774.7916,3757.6578,3756.8765
93930000,3771.4999,3890300,66083200,1143974400,17972314700,3769.9251,3774.7916,3757.6578,3756.8765
93934000,3771.6235,6607600,105114000,1150582000,18077428700,3769.9251,3774.7916,3757.6578,3756.8765
93940000,3771.9339,6825300,102705200,1157407300,18180133900,3769.9251,3774.7916,3757.6578,3756.8765
93945000,3772.1288,4747700,92493400,1162155000,18272627300,3769.9251,3774.7916,3757.6578,3756.8765
93949000,3772.3235,6678600,108920000,1168833600,18381547300,3769.9251,3774.7916,3757.6578,3756.8765
93955000,3772.6478,6216900,116678100,1175050500,18498225400,3769.9251,3774.7916,3757.6578,3756.8765
94000000,3772.9685,4640900,82047200,1179691400,18580272600,3769.9251,3774.7916,3757.6578,3756.8765
94004000,3773.6715,5421000,93540500,1185112400,18673813100,3769.9251,3774.7916,3757.6578,3756.8765
94010000,3774.0536,6407700,107248300,1191520100,18781061400,3769.9251,3774.7916,3757.6578,3756.8765
94015000,3774.9352,5865000,101732700,1197385100,18882794100,3769.9251,3774.9352,3757.6578,3756.8765
94019000,3774.9213,6618100,124249100,1204003200,19007043200,3769.9251,3775.1321,3757.6578,3756.8765
94025000,3774.9764,6636800,111423400,1210640000,19118466600,3769.9251,3775.362,3757.6578,3756.8765
94030000,3775.0476,3429700,61658100,1214069700,19180124700,3769.9251,3775.362,3757.6578,3756.8765
94034000,3775.1664,5962000,89365900,1220031700,19269490600,3769.9251,3775.362,3757.6578,3756.8765
94040000,3775.5986,6638200,100927400,1226669900,19370418000,3769.9251,3775.5986,3757.6578,3756.8765
94045000,3775.6534,6399900,103546400,1233069800,19473964400,3769.9251,3775.6534,3757.6578,3756.8765
94049000,3775.7372,5153100,90450300,1238222900,19564414700,3769.9251,3775.8935,3757.6578,3756.8765
94055000,3776.1826,7788400,113976400,1246011300,19678391100,3769.9251,3776.1826,3757.6578,3756.8765
94100000,3775.3136,5146100,83943000,1251157400,19762334100,3769.9251,3776.3532,3757.6578,3756.8765
94104000,3776.0011,7390300,101555000,1258547700,19863889100,3769.9251,3776.3532,3757.6578,3756.8765
94110000,3775.0668,5651500,91447500,1264199200,19955336600,3769.9251,3776.3532,3757.6578,3756.8765
94115000,3775.8818,6210400,87440400,1270409600,20042777000,3769.9251,3776.3532,3757.6578,3756.8765
94119000,3775.2301,6783700,115151500,1277193300,20157928500,3769.9251,3776.3532,3757.6578,3756.8765
94125000,3775.5648,7574900,109637300,1284768200,20267565800,3769.9251,3776.3532,3757.6578,3756.8765
94130000,3776.0881,4039500,64771200,1288807700,20332337000,3769.9251,3776.3532,3757.6578,3756.8765
94134000,3775.6392,6289800,108409900,1295097500,20440746900,3769.9251,3776.3532,3757.6578,3756.8765
94140000,3775.6898,4486400,71732400,1299583900,20512479300,3769.9251,3776.3532,3757.6578,3756.8765
94145000,3775.9367,5093500,96105400,1304677400,20608584700,3769.9251,3776.3532,3757.6578,3756.8765
94149000,3775.701,8404400,112427300,1313081800,20721012000,3769.9251,3776.3532,3757.6578,3756.8765
94155000,3775.5834,5556200,95122700,1318638000,20816134700,3769.9251,3776.3532,3757.6578,3756.8765
94200000,3775.5143,4399600,57340900,1323037600,20873475600,3769.9251,3776.3532,3757.6578,3756.8765
94204000,3775.5743,7193300,103608900,1330230900,20977084500,3769.9251,3776.3532,3757.6578,3756.8765
94210000,3775.7322,5275600,84621900,1335506500,21061706400,3769.9251,3776.3532,3757.6578,3756.8765
94215000,3775.8723,5820800,83484200,1341327300,21145190600,3769.9251,3776.3532,3757.6578,3756.8765
94219000,3775.8226,5275800,83310500,1346603100,21228501100,3769.9251,3776.3532,3757.6578,3756.8765
94225000,3777.1403,8476100,124755900,1355079200,21353257000,3769.9251,3777.1403,3757.6578,3756.8765
94230000,3777.4335,5521000,83599700,1360600200,21436856700,3769.9251,3777.4335,3757.6578,3756.8765
94234000,3777.1774,6345300,93522200,1366945500,21530378900,3769.9251,3777.4858,3757.6578,3756.8765
94240000,3777.2932,5592300,84465000,1372537800,21614843900,3769.9251,3777.4858,3757.6578,3756.8765
94245000,3777.7116,4759900,87316900,1377297700,21702160800,3769.9251,3777.7116,3757.6578,3756.8765
94249000,3778.1625,6626200,89342900,1383923900,21791503700,3769.9251,3778.1669,3757.6578,3756.8765
94255000,3778.6484,7221300,109381200,1391145200,21900884900,3769.9251,3778.6484,3757.6578,3756.8765
94300000,3778.8778,4515100,66903000,1395660300,21967787900,3769.9251,3778.909,3757.6578,3756.8765
94306000,3779.6872,10093300,122245200,1405753600,22090033100,3769.9251,3779.6872,3757.6578,3756.8765
94310000,3779.0578,6088800,89921700,1411842400,22179954800,3769.9251,3779.6872,3757.6578,3756.8765
94316000,3779.7885,7102500,104541900,1418944900,22284496700,3769.9251,3779.7885,3757.6578,3756.8765
94319000,3779.096,5146800,82022200,1424091700,22366518900,3769.9251,3779.7885,3757.6578,3756.8765
94325000,3779.2033,6170100,96891300,1430261800,22463410200,3769.9251,3779.7885,3757.6578,3756.8765
94330000,3779.1537,4122500,62331900,1434384300,22525742100,3769.9251,3779.7885,3757.6578,3756.8765
94334000,3778.8219,7256600,97714500,1441640900,22623456600,3769.9251,3779.7885,3757.6578,3756.8765
94340000,3778.86,7644500,113034900,1449285400,22736491500,3769.9251,3779.7885,3757.6578,3756.8765
94345000,3778.5533,4224400,65319600,1453509800,22801811100,3769.9251,3779.7885,3757.6578,3756.8765
94351000,3778.006,6919800,117112900,1460429600,22918924000,3769.9251,3779.7885,3757.6578,3756.8765
94355000,3777.4028,8667500,114660500,1469097100,23033584500,3769.9251,3779.7885,3757.6578,3756.8765
94401000,3778.1569,9101300,136828100,1478198400,23170412600,3769.9251,3779.7885,3757.6578,3756.8765
94406000,3777.8374,4662200,64098300,1482860600,23234510900,3769.9251,3779.7885,3757.6578,3756.8765
94410000,3778.035,8403600,131791800,1491264200,23366302700,3769.9251,3779.7885,3757.6578,3756.8765
94416000,3777.7586,6590500,93546000,1497854700,23459848700,3769.9251,3779.7885,3757.6578,3756.8765
94421000,3778.0953,5380300,78052400,1503235000,23537901100,3769.9251,3779.7885,3757.6578,3756.8765
94425000,3778.3289,5899200,101772100,1509134200,23639673200,3769.9251,3779.7885,3757.6578,3756.8765
94431000,3779.0121,9480700,133241500,1518614900,23772914700,3769.9251,3779.7885,3757.6578,3756.8765
94436000,3778.8818,4155900,54231900,1522770800,23827146600,3769.9251,3779.7885,3757.6578,3756.8765
94440000,3778.6992,6083300,96913100,1528854100,23924059700,3769.9251,3779.7885,3757.6578,3756.8765
94446000,3779.0021,5796100,88428300,1534650200,24012488000,3769.9251,3779.7885,3757.6578,3756.8765
94451000,3779.0826,5208800,77135600,1539859000,24089623600,3769.9251,3779.7885,3757.6578,3756.8765
94455000,3779.2128,6906900,110724400,1546765900,24200348000,3769.9251,3779.7885,3757.6578,3756.8765
94501000,3779.1027,7581500,125632300,1554347400,24325980300,3769.9251,3779.7885,3757.6578,3756.8765
94506000,3779.5334,3820900,61821000,1558168300,24387801300,3769.9251,3779.7885,3757.6578,3756.8765
94510000,3779.7454,6334800,109801700,1564503100,24497603000,3769.9251,3779.7885,3757.6578,3756.8765
94516000,3780.691,6557600,92789700,1571060700,24590392700,3769.9251,3780.7058,3757.6578,3756.8765
94521000,3780.9622,6074800,114717800,1577135500,24705110500,3769.9251,3781.0854,3757.6578,3756.8765
94525000,3780.7763,6908800,107232800,1584044300,24812343300,3769.9251,3781.0854,3757.6578,3756.8765
94531000,3782.6152,7049300,120931300,1591093600,24933274600,3769.9251,3782.6152,3757.6578,3756.8765
94536000,3783.3419,6238900,95417600,1597332500,25028692200,3769.9251,3783.3419,3757.6578,3756.8765
94540000,3783.8849,9779300,140781100,1607111800,25169473300,3769.9251,3783.958,3757.6578,3756.8765
94546000,3785.2721,5933900,99408200,1613045700,25268881500,3769.9251,3785.2721,3757.6578,3756.8765
94551000,3784.6669,7994300,103754200,1621040000,25372635700,3769.9251,3785.8473,3757.6578,3756.8765
94555000,3785.3254,7357100,107930900,1628397100,25480566600,3769.9251,3785.8473,3757.6578,3756.8765
94601000,3785.6621,9426200,128789200,1637823300,25609355800,3769.9251,3785.8473,3757.6578,3756.8765
94606000,3786.3049,8272000,92840400,1646095300,25702196200,3769.9251,3786.3049,3757.6578,3756.8765
94610000,3786.6159,8501300,115555100,1654596600,25817751300,3769.9251,3786.6159,3757.6578,3756.8765
94616000,3786.8335,7033900,102585000,1661630500,25920336300,3769.9251,3786.8411,3757.6578,3756.8765
94621000,3787.1195,6901400,103251400,1668531900,26023587700,3769.9251,3787.168,3757.6578,3756.8765
94625000,3787.3025,8063900,130780300,1676595800,26154368000,3769.9251,3787.3025,3757.6578,3756.8765
94631000,3786.9004,9272800,106336500,1685868600,26260704500,3769.9251,3787.3025,3757.6578,3756.8765
94636000,3787.0652,3403400,50013500,1689272000,26310718000,3769.9251,3787.3025,3757.6578,3756.8765
94640000,3786.8842,6182500,90905600,1695454500,26401623600,3769.9251,3787.3025,3757.6578,3756.8765
94646000,3786.6562,7714700,98637200,1703169200,26500260800,3769.9251,3787.3025,3757.6578,3756.8765
94651000,3786.5663,6298400,94192400,1709467600,26594453200,3769.9251,3787.3025,3757.6578,3756.8765
94655000,3786.9556,6482500,93289600,1715950100,26687742800,3769.9251,3787.3025,3757.6578,3756.8765
94701000,3786.5305,9769200,105305400,1725719300,26793048200,3769.9251,3787.3025,3757.6578,3756.8765
94706000,3786.4343,5853900,78922800,1731573200,26871971000,3769.9251,3787.3025,3757.6578,3756.8765
94710000,3786.6471,8728300,106703000,1740301500,26978674000,3769.9251,3787.3025,3757.6578,3756.8765
94716000,3786.3149,5782000,86671900,1746083500,27065345900,3769.9251,3787.3025,3757.6578,3756.8765
94721000,3786.1596,4580400,63906900,1750663900,27129252800,3769.9251,3787.3025,3757.6578,3756.8765
94725000,3786.2494,5854100,78756700,1756518000,27208009500,3769.9251,3787.3025,3757.6578,3756.8765
94731000,3786.0543,6952400,112875100,1763470400,27320884600,3769.9251,3787.3025,3757.6578,3756.8765
94736000,3785.7815,3824000,63480500,1767294400,27384365100,3769.9251,3787.3025,3757.6578,3756.8765
94740000,3785.0557,6706900,102577700,1774001300,27486942800,3769.9251,3787.3025,3757.6578,3756.8765
94746000,3784.9773,5790300,89211300,1779791600,27576154100,3769.9251,3787.3025,3757.6578,3756.8765
94751000,3784.8635,6340700,86076800,1786132300,27662230900,3769.9251,3787.3025,3757.6578,3756.8765
94755000,3784.6088,6921800,99974700,1793054100,27762205600,3769.9251,3787.3025,3757.6578,3756.8765
94801000,3783.7928,6815900,109502100,1799870000,27871707700,3769.9251,3787.3025,3757.6578,3756.8765
94806000,3783.8925,4164400,60963900,1804034400,27932671600,3769.9251,3787.3025,3757.6578,3756.8765
94810000,3784.4333,6183700,96561000,1810218100,28029232600,3769.9251,3787.3025,3757.6578,3756.8765
94816000,3783.7773,5923100,85707200,1816141200,28114939800,3769.9251,3787.3025,3757.6578,3756.8765
94821000,3783.6334,5982200,80824600,1822123400,28195764400,3769.9251,3787.3025,3757.6578,3756.8765
94825000,3783.6311,7091500,88956600,1829214900,28284721000,3769.9251,3787.3025,3757.6578,3756.8765
94831000,3784.0579,6646000,93722700,1835860900,28378443700,3769.9251,3787.3025,3757.6578,3756.8765
94836000,3783.9937,3868500,58743600,1839729400,28437187300,3769.9251,3787.3025,3757.6578,3756.8765
94840000,3784.1557,4877300,86953100,1844606700,28524140400,3769.9251,3787.3025,3757.6578,3756.8765
94846000,3783.9732,4253300,64363400,1848860000,28588503800,3769.9251,3787.3025,3757.6578,3756.8765
94851000,3784.1223,5084200,75300800,1853944200,28663804600,3769.9251,3787.3025,3757.6578,3756.8765
94855000,3783.987,4628700,82922700,1858572900,28746727300,3769.9251,3787.3025,3757.6578,3756.8765
94901000,3784.0709,6215500,96844000,1864788400,28843571300,3769.9251,3787.3025,3757.6578,3756.8765
94906000,3784.2246,3509400,55168600,1868297800,28898739900,3769.9251,3787.3025,3757.6578,3756.8765
94910000,3784.1824,5698300,93476400,1873996100,28992216300,3769.9251,3787.3025,3757.6578,3756.8765
94916000,3783.9117,4523900,65425200,1878520000,29057641500,3769.9251,3787.3025,3757.6578,3756.8765
94921000,3784.0401,5815400,91409800,1884335400,29149051300,3769.9251,3787.3025,3757.6578,3756.8765
94925000,3783.9614,5849000,85098800,1890184400,29234150100,3769.9251,3787.3025,3757.6578,3756.8765
94931000,3783.7756,5322900,82279700,1895507300,29316429800,3769.9251,3787.3025,3757.6578,3756.8765
94936000,3783.6599,2757600,48282800,1898264900,29364712600,3769.9251,3787.3025,3757.6578,3756.8765
94940000,3783.6822,5085300,77137000,1903350200,29441849600,3769.9251,3787.3025,3757.6578,3756.8765
94946000,3783.4058,4899900,74961100,1908250100,29516810700,3769.9251,3787.3025,3757.6578,3756.8765
94951000,3783.4074,5552600,82624200,1913802700,29599434900,3769.9251,3787.3025,3757.6578,3756.8765
94955000,3782.9648,5364600,93979700,1919167300,29693414600,3769.9251,3787.3025,3757.6578,3756.8765
95001000,3782.8092,5120500,108257700,1924287800,29801672300,3769.9251,3787.3025,3757.6578,3756.8765
95006000,3782.3104,2813100,49137700,1927100900,29850810000,3769.9251,3787.3025,3757.6578,3756.8765
95010000,3782.0919,5500500,81202100,1932601400,29932012100,3769.9251,3787.3025,3757.6578,3756.8765
95016000,3781.7674,3585800,64976000,1936187200,29996988100,3769.9251,3787.3025,3757.6578,3756.8765
95021000,3781.8872,5212900,76108200,1941400100,30073096300,3769.9251,3787.3025,3757.6578,3756.8765
95025000,3781.4538,3688900,73285700,1945089000,30146382000,3769.9251,3787.3025,3757.6578,3756.8765
95031000,3781.6724,4870000,84077700,1949959000,30230459700,3769.9251,3787.3025,3757.6578,3756.8765
95036000,3781.2724,3620400,57057600,1953579400,30287517300,3769.9251,3787.3025,3757.6578,3756.8765
95040000,3780.807,6956900,87146000,1960536300,30374663300,3769.9251,3787.3025,3757.6578,3756.8765
95046000,3780.6123,3877400,60426200,1964413700,30435089500,3769.9251,3787.3025,3757.6578,3756.8765
95051000,3780.8024,3222500,60580700,1967636200,30495670200,3769.9251,3787.3025,3757.6578,3756.8765
95055000,3780.3579,5287600,82123600,1972923800,30577793800,3769.9251,3787.3025,3757.6578,3756.8765
95101000,3780.345,5190200,72056100,1978114000,30649849900,3769.9251,3787.3025,3757.6578,3756.8765
95106000,3780.4418,3915000,54850100,1982029000,30704700000,3769.9251,3787.3025,3757.6578,3756.8765
95110000,3780.0093,6732500,80426600,1988761500,30785126600,3769.9251,3787.3025,3757.6578,3756.8765
95116000,3779.8933,5284500,61601400,1994046000,30846728000,3769.9251,3787.3025,3757.6578,3756.8765
95121000,3779.855,3343200,55024100,1997389200,30901752100,3769.9251,3787.3025,3757.6578,3756.8765
95125000,3780.3782,4409600,71914400,2001798800,30973666500,3769.9251,3787.3025,3757.6578,3756.8765
95131000,3780.0762,4325300,66649000,2006124100,31040315500,3769.9251,3787.3025,3757.6578,3756.8765
95136000,3780.2188,2687700,41903400,2008811800,31082218900,3769.9251,3787.3025,3757.6578,3756.8765
95140000,3780.4694,5058600,72826400,2013870400,31155045300,3769.9251,3787.3025,3757.6578,3756.8765
95146000,3781.0314,4224400,70404300,2018094800,31225449600,3769.9251,3787.3025,3757.6578,3756.8765
95151000,3780.8074,3698800,58401200,2021793600,31283850800,3769.9251,3787.3025,3757.6578,3756.8765
95155000,3780.8049,4850300,65158500,2026643900,31349009300,3769.9251,3787.3025,3757.6578,3756.8765
95201000,3780.5644,6140500,90794100,2032784400,31439803400,3769.9251,3787.3025,3757.6578,3756.8765
95206000,3780.6709,4075900,51008600,2036860300,31490812000,3769.9251,3787.3025,3757.6578,3756.8765
95210000,3780.8211,3553600,56655200,2040413900,31547467200,3769.9251,3787.3025,3757.6578,3756.8765
95216000,3780.445,4462300,48237100,2044876200,31595704300,3769.9251,3787.3025,3757.6578,3756.8765
95221000,3780.8144,3365500,55567300,2048241700,31651271600,3769.9251,3787.3025,3757.6578,3756.8765
95225000,3780.629,4647000,76026100,2052888700,31727297700,3769.9251,3787.3025,3757.6578,3756.8765
95231000,3780.162,6949000,76722900,2059837700,31804020600,3769.9251,3787.3025,3757.6578,3756.8765
95236000,3780.0259,2523400,45540800,2062361100,31849561400,3769.9251,3787.3025,3757.6578,3756.8765
95240000,3780.164,4947900,72334000,2067309000,31921895400,3769.9251,3787.3025,3757.6578,3756.8765
95246000,3779.9185,3385900,54849800,2070694900,31976745200,3769.9251,3787.3025,3757.6578,3756.8765
95251000,3779.9855,3073800,46698000,2073768700,32023443200,3769.9251,3787.3025,3757.6578,3756.8765
95255000,3779.6972,4457700,83947200,2078226400,32107390400,3769.9251,3787.3025,3757.6578,3756.8765
95301000,3779.909,4927900,77358600,2083154300,32184749000,3769.9251,3787.3025,3757.6578,3756.8765
95306000,3779.4363,2182600,35758700,2085336900,32220507700,3769.9251,3787.3025,3757.6578,3756.8765
95310000,3779.6511,4406000,72294500,2089742900,32292802200,3769.9251,3787.3025,3757.6578,3756.8765
95316000,3779.4068,4866000,57949900,2094608900,32350752100,3769.9251,3787.3025,3757.6578,3756.8765
95321000,3779.2284,4176700,56840100,2098785600,32407592200,3769.9251,3787.3025,3757.6578,3756.8765
95325000,3778.8744,3460300,61074200,2102245900,32468666400,3769.9251,3787.3025,3757.6578,3756.8765
95331000,3779.0517,4012000,63396700,2106257900,32532063100,3769.9251,3787.3025,3757.6578,3756.8765
95336000,3779.247,2993700,41036000,2109251600,32573099100,3769.9251,3787.3025,3757.6578,3756.8765
95340000,3778.7412,4668100,71528100,2113919700,32644627200,3769.9251,3787.3025,3757.6578,3756.8765
95346000,3779.05,3172500,53973500,2117092200,32698600700,3769.9251,3787.3025,3757.6578,3756.8765
95351000,3778.7125,3092800,50107800,2120185000,32748708500,3769.9251,3787.3025,3757.6578,3756.8765
95355000,3778.5038,5807800,81742200,2125992800,32830450700,3769.9251,3787.3025,3757.6578,3756.8765
95401000,3778.1757,6260200,88358400,2132253000,32918809100,3769.9251,3787.3025,3757.6578,3756.8765
95406000,3778.4062,2911300,50069800,2135164300,32968878900,3769.9251,3787.3025,3757.6578,3756.8765
95410000,3778.1992,5009700,67358400,2140174000,33036237300,3769.9251,3787.3025,3757.6578,3756.8765
95416000,3778.0872,3997900,57013700,2144171900,33093251000,3769.9251,3787.3025,3757.6578,3756.8765
95421000,3778.2248,3210700,55116400,2147382600,33148367400,3769.9251,3787.3025,3757.6578,3756.8765
95425000,3778.4035,6404100,69851900,2153786700,33218219300,3769.9251,3787.3025,3757.6578,3756.8765
95431000,3777.9681,5212500,81200500,2158999200,33299419800,3769.9251,3787.3025,3757.6578,3756.8765
95436000,3778.2814,2889600,37721100,2161888800,33337140900,3769.9251,3787.3025,3757.6578,3756.8765
95440000,3778.0093,6215400,77369300,2168104200,33414510200,3769.9251,3787.3025,3757.6578,3756.8765
95446000,3777.9457,3827000,61349200,2171931200,33475859400,3769.9251,3787.3025,3757.6578,3756.8765
95451000,3777.7028,3472800,55441100,2175404000,33531300500,3769.9251,3787.3025,3757.6578,3756.8765
95455000,3778.1817,4250500,96742900,2179654500,33628043400,3769.9251,3787.3025,3757.6578,3756.8765
95501000,3777.9394,5133700,75358300,2184788200,33703401700,3769.9251,3787.3025,3757.6578,3756.8765
95506000,3777.7614,2251400,32165900,2187039600,33735567600,3769.9251,3787.3025,3757.6578,3756.8765
95510000,3777.937,3982800,61830200,2191022400,33797397800,3769.9251,3787.3025,3757.6578,3756.8765
95516000,3777.949,4174200,53954200,2195196600,33851352000,3769.9251,3787.3025,3757.6578,3756.8765
95521000,3777.3702,2860400,48271500,2198057000,33899623500,3769.9251,3787.3025,3757.6578,3756.8765
95525000,3777.0857,3633700,65086200,2201690700,33964709700,3769.9251,3787.3025,3757.6578,3756.8765
95531000,3777.5146,4498000,63608600,2206188700,34028318300,3769.9251,3787.3025,3757.6578,3756.8765
95536000,3777.17,2311300,35932900,2208500000,34064251200,3769.9251,3787.3025,3757.6578,3756.8765
95540000,3776.7951,2668400,49126500,2211168400,34113377700,3769.9251,3787.3025,3757.6578,3756.8765
95546000,3776.6881,4213500,59121900,2215381900,34172499600,3769.9251,3787.3025,3757.6578,3756.8765
95551000,3776.6649,4038200,65215600,2219420100,34237715200,3769.9251,3787.3025,3757.6578,3756.8765
95555000,3776.523,4472400,64748600,2223892500,34302463800,3769.9251,3787.3025,3757.6578,3756.8765
95601000,3776.7918,4333000,82706400,2228225500,34385170200,3769.9251,3787.3025,3757.6578,3756.8765
95606000,3775.9758,1933900,35057800,2230159400,34420228000,3769.9251,3787.3025,3757.6578,3756.8765
95610000,3775.8775,4138900,65504600,2234298300,34485732600,3769.9251,3787.3025,3757.6578,3756.8765
95616000,3775.6688,3428600,62999000,2237726900,34548731600,3769.9251,3787.3025,3757.6578,3756.8765
95621000,3775.8686,3754900,54071700,2241481800,34602803300,3769.9251,3787.3025,3757.6578,3756.8765
95625000,3775.4063,3709900,60290600,2245191700,34663093900,3769.9251,3787.3025,3757.6578,3756.8765
95631000,3775.2073,4417700,78289000,2249609400,34741382900,3769.9251,3787.3025,3757.6578,3756.8765
95636000,3775.2127,2691200,36680900,2252300600,34778063800,3769.9251,3787.3025,3757.6578,3756.8765
95640000,3775.0243,4177900,57946500,2256478500,34836010300,3769.9251,3787.3025,3757.6578,3756.8765
95646000,3774.9022,3228100,52810800,2259706600,34888821100,3769.9251,3787.3025,3757.6578,3756.8765
95651000,3774.7067,6205400,74064000,2265912000,34962885100,3769.9251,3787.3025,3757.6578,3756.8765
95655000,3774.5034,4331300,68886300,2270243300,35031771400,3769.9251,3787.3025,3757.6578,3756.8765
95701000,3774.5947,4664700,73107000,2274908000,35104878400,3769.9251,3787.3025,3757.6578,3756.8765
95706000,3773.9256,3787600,49971600,2278695600,35154850000,3769.9251,3787.3025,3757.6578,3756.8765
95712000,3773.9831,6834700,101263800,2285530300,35256113800,3769.9251,3787.3025,3757.6578,3756.8765
95716000,3773.3735,4454100,53994200,2289984400,35310108000,3769.9251,3787.3025,3757.6578,3756.8765
95722000,3772.8472,4988200,81015500,2294972600,35391123500,3769.9251,3787.3025,3757.6578,3756.8765
95727000,3772.6198,3317200,50675800,2298289800,35441799300,3769.9251,3787.3025,3757.6578,3756.8765
95731000,3772.436,3980900,60179900,2302270700,35501979200,3769.9251,3787.3025,3757.6578,3756.8765
95737000,3772.0971,4502000,68488700,2306772700,35570467900,3769.9251,3787.3025,3757.6578,3756.8765
95742000,3772.0225,2619100,46930300,2309391800,35617398200,3769.9251,3787.3025,3757.6578,3756.8765
95746000,3771.7548,5494100,79282100,2314885900,35696680300,3769.9251,3787.3025,3757.6578,3756.8765
95752000,3771.6305,5970100,66449500,2320856000,35763129800,3769.9251,3787.3025,3757.6578,3756.8765
95757000,3771.4818,3900800,51032300,2324756800,35814162100,3769.9251,3787.3025,3757.6578,3756.8765
95801000,3771.71,4548900,62748300,2329305700,35876910400,3769.9251,3787.3025,3757.6578,3756.8765
95807000,3771.1728,6380200,83361100,2335685900,35960271500,3769.9251,3787.3025,3757.6578,3756.8765
95812000,3771.2923,2935300,39203600,2338621200,35999475100,3769.9251,3787.3025,3757.6578,3756.8765
95816000,3771.0196,4871000,71565100,2343492200,36071040200,3769.9251,3787.3025,3757.6578,3756.8765
95822000,3771.0281,4069900,58656000,2347562100,36129696200,3769.9251,3787.3025,3757.6578,3756.8765
95827000,3771.187,4845200,59280800,2352407300,36188977000,3769.9251,3787.3025,3757.6578,3756.8765
95831000,3770.7328,3373700,48024000,2355781000,36237001000,3769.9251,3787.3025,3757.6578,3756.8765
95837000,3770.6044,5778200,69951400,2361559200,36306952400,3769.9251,3787.3025,3757.6578,3756.8765
95842000,3770.8817,3036700,37931700,2364595900,36344884100,3769.9251,3787.3025,3757.6578,3756.8765
95846000,3770.8649,5123800,68217400,2369719700,36413101500,3769.9251,3787.3025,3757.6578,3756.8765
95852000,3771.0506,3776800,50225200,2373496500,36463326700,3769.9251,3787.3025,3757.6578,3756.8765
95857000,3771.5413,4194100,59012500,2377690600,36522339200,3769.9251,3787.3025,3757.6578,3756.8765
95901000,3771.9508,5270600,66065900,2382961200,36588405100,3769.9251,3787.3025,3757.6578,3756.8765
95907000,3772.301,7614600,103061300,2390575800,36691466400,3769.9251,3787.3025,3757.6578,3756.8765
95912000,3772.541,3025600,47818500,2393601400,36739284900,3769.9251,3787.3025,3757.6578,3756.8765
95916000,3772.8808,4800000,79926000,2398401400,36819210900,3769.9251,3787.3025,3757.6578,3756.8765
95922000,3773.1898,4412100,56662100,2402813500,36875873000,3769.9251,3787.3025,3757.6578,3756.8765
95927000,3773.2626,4592600,46557600,2407406100,36922430600,3769.9251,3787.3025,3757.6578,3756.8765
95931000,3773.8098,4146200,67349100,2411552300,36989779700,3769.9251,3787.3025,3757.6578,3756.8765
95937000,3774.2468,5371500,69849800,2416923800,37059629500,3769.9251,3787.3025,3757.6578,3756.8765
95942000,3773.9065,2581700,37868200,2419505500,37097497700,3769.9251,3787.3025,3757.6578,3756.8765
95946000,3773.9702,3727000,58563400,2423232500,37156061100,3769.9251,3787.3025,3757.6578,3756.8765
95952000,3773.6817,3013900,48644300,2426246400,37204705400,3769.9251,3787.3025,3757.6578,3756.8765
95957000,3773.7371,3043600,48625500,2429290000,37253330900,3769.9251,3787.3025,3757.6578,3756.8765
100001000,3773.8488,3180600,48609100,2432470600,37301940000,3769.9251,3787.3025,3757.6578,3756.8765
100007000,3773.8145,4454600,63287400,2436925200,37365227400,3769.9251,3787.3025,3757.6578,3756.8765
100012000,3772.9589,3311600,49339400,2440236800,37414566800,3769.9251,3787.3025,3757.6578,3756.8765
100016000,3772.8536,4213000,71342600,2444449800,37485909400,3769.9251,3787.3025,3757.6578,3756.8765
100022000,3772.5077,3056100,47324500,2447505900,37533233900,3769.9251,3787.3025,3757.6578,3756.8765
100027000,3772.8529,4081300,56577100,2451587200,37589811000,3769.9251,3787.3025,3757.6578,3756.8765
100031000,3772.2346,3750300,57139500,2455337500,37646950500,3769.9251,3787.3025,3757.6578,3756.8765
100037000,3772.5919,4784900,76640800,2460122400,37723591300,3769.9251,3787.3025,3757.6578,3756.8765
100042000,3772.3514,2643900,37206000,2462766300,37760797300,3769.9251,3787.3025,3757.6578,3756.8765
100046000,3772.7097,3522900,58636300,2466289200,37819433600,3769.9251,3787.3025,3757.6578,3756.8765
100052000,3772.1789,5105000,65150900,2471394200,37884584500,3769.9251,3787.3025,3757.6578,3756.8765
100057000,3772.1983,3256800,49166900,2474651000,37933751400,3769.9251,3787.3025,3757.6578,3756.8765
100101000,3772.0776,5799800,73928000,2480450800,38007679400,3769.9251,3787.3025,3757.6578,3756.8765
100107000,3772.1482,3985700,55528400,2484436500,38063207800,3769.9251,3787.3025,3757.6578,3756.8765
100112000,3771.9557,3922700,47822100,2488359200,38111029900,3769.9251,3787.3025,3757.6578,3756.8765
100116000,3771.3591,4121200,62369000,2492480400,38173398900,3769.9251,3787.3025,3757.6578,3756.8765
100122000,3771.8634,3853400,53777800,2496333800,38227176700,3769.9251,3787.3025,3757.6578,3756.8765
100127000,3771.4272,2912100,43950400,2499245900,38271127100,3769.9251,3787.3025,3757.6578,3756.8765
100131000,3771.3202,3219300,66046200,2502465200,38337173300,3769.9251,3787.3025,3757.6578,3756.8765
100137000,3770.9002,5216500,81365700,2507681700,38418539000,3769.9251,3787.3025,3757.6578,3756.8765
100142000,3771.1385,3403900,44962300,2511085600,38463501300,3769.9251,3787.3025,3757.6578,3756.8765
100146000,3770.5842,4344300,67229400,2515429900,38530730700,3769.9251,3787.3025,3757.6578,3756.8765
100152000,3770.6667,4767400,63265900,2520197300,38593996600,3769.9251,3787.3025,3757.6578,3756.8765
100157000,3770.9356,3720600,55396000,2523917900,38649392600,3769.9251,3787.3025,3757.6578,3756.8765
100201000,3770.5934,4232000,63492600,2528149900,38712885200,3769.9251,3787.3025,3757.6578,3756.8765
100207000,3771.316,7116500,101006400,2535266400,38813891600,3769.9251,3787.3025,3757.6578,3756.8765
100212000,3771.1751,2961000,47559300,2538227400,38861450900,3769.9251,3787.3025,3757.6578,3756.8765
100216000,3770.9957,3411000,59408300,2541638400,38920859200,3769.9251,3787.3025,3757.6578,3756.8765
100222000,3770.7925,3317700,51599200,2544956100,38972458400,3769.9251,3787.3025,3757.6578,3756.8765
100227000,3770.5981,3086500,47769000,2548042600,39020227400,3769.9251,3787.3025,3757.6578,3756.8765
100231000,3770.5164,4160800,67481700,2552203400,39087709100,3769.9251,3787.3025,3757.6578,3756.8765
100237000,3770.8472,4506700,63465900,2556710100,39151175000,3769.9251,3787.3025,3757.6578,3756.8765
100242000,3770.5931,2211200,35944200,2558921300,39187119200,3769.9251,3787.3025,3757.6578,3756.8765
100246000,3770.6627,3398100,58307700,2562319400,39245426900,3769.9251,3787.3025,3757.6578,3756.8765
100252000,3770.6117,3265600,46273200,2565585000,39291700100,3769.9251,3787.3025,3757.6578,3756.8765
100257000,3770.8014,2948200,46875300,2568533200,39338575400,3769.9251,3787.3025,3757.6578,3756.8765
100301000,3770.9508,3924700,66650000,2572457900,39405225400,3769.9251,3787.3025,3757.6578,3756.8765
100307000,3771.043,3914600,64082300,2576372500,39469307700,3769.9251,3787.3025,3757.6578,3756.8765
100312000,3770.6405,3778200,50258100,2580150700,39519565800,3769.9251,3787.3025,3757.6578,3756.8765
100316000,3770.796,3992100,66912500,2584142800,39586478300,3769.9251,3787.3025,3757.6578,3756.8765
100322000,3770.7595,4201900,47912200,2588344700,39634390500,3769.9251,3787.3025,3757.6578,3756.8765
100327000,3770.4862,2907400,46128600,2591252100,39680519100,3769.9251,3787.3025,3757.6578,3756.8765
100331000,3770.7146,3355000,56743000,2594607100,39737262100,3769.9251,3787.3025,3757.6578,3756.8765
100337000,3770.4355,4744300,63076900,2599351400,39800339000,3769.9251,3787.3025,3757.6578,3756.8765
100342000,3770.3198,2852300,40373600,2602203700,39840712600,3769.9251,3787.3025,3757.6578,3756.8765
100346000,3771.0469,3565100,62228800,2605768800,39902941400,3769.9251,3787.3025,3757.6578,3756.8765
100352000,3770.5554,4347400,61783700,2610116200,39964725100,3769.9251,3787.3025,3757.6578,3756.8765
100357000,3771.1704,2640300,39001000,2612756500,40003726100,3769.9251,3787.3025,3757.6578,3756.8765
100401000,3770.6886,3041900,59850600,2615798400,40063576700,3769.9251,3787.3025,3757.6578,3756.8765
100407000,3770.3848,5323600,75683400,2621122000,40139260100,3769.9251,3787.3025,3757.6578,3756.8765
100412000,3770.5703,4677900,51227600,2625799900,40190487700,3769.9251,3787.3025,3757.6578,3756.8765
100416000,3770.401,4318300,61650500,2630118200,40252138200,3769.9251,3787.3025,3757.6578,3756.8765
100422000,3770.807,3189600,48016000,2633307800,40300154200,3769.9251,3787.3025,3757.6578,3756.8765
100427000,3770.9501,3115500,49447400,2636423300,40349601600,3769.9251,3787.3025,3757.6578,3756.8765
100431000,3770.4386,4110800,63641100,2640534100,40413242700,3769.9251,3787.3025,3757.6578,3756.8765
100437000,3770.8613,3754900,65158500,2644289000,40478401200,3769.9251,3787.3025,3757.6578,3756.8765
100442000,3769.8671,2914100,46237800,2647203100,40524639000,3769.9251,3787.3025,3757.6578,3756.8765
100446000,3770.1351,3716900,59174900,2650920000,40583813900,3769.9251,3787.3025,3757.6578,3756.8765
100452000,3769.8144,3947300,56970400,2654867300,40640784300,3769.9251,3787.3025,3757.6578,3756.8765
100457000,3770.0544,3659400,51678000,2658526700,40692462300,3769.9251,3787.3025,3757.6578,3756.8765
100501000,3770.3461,3161100,49675200,2661687800,40742137500,3769.9251,3787.3025,3757.6578,3756.8765
100507000,3769.9745,4317200,72114000,2666005000,40814251500,3769.9251,3787.3025,3757.6578,3756.8765
100512000,3770.2451,2956200,40238700,2668961200,40854490200,3769.9251,3787.3025,3757.6578,3756.8765
100516000,3769.795,3447000,58432700,2672408200,40912922900,3769.9251,3787.3025,3757.6578,3756.8765
100522000,3769.7165,4141100,56815000,2676549300,40969737900,3769.9251,3787.3025,3757.6578,3756.8765
100527000,3769.3006,3203400,47434400,2679752700,41017172300,3769.9251,3787.3025,3757.6578,3756.8765
100531000,3769.8,2878100,46725300,2682630800,41063897600,3769.9251,3787.3025,3757.6578,3756.8765
100537000,3769.7784,3703200,63111500,2686334000,41127009100,3769.9251,3787.3025,3757.6578,3756.8765
100542000,3769.7077,2196500,38319000,2688530500,41165328100,3769.9251,3787.3025,3757.6578,3756.8765
100546000,3769.5847,2694900,48041400,2691225400,41213369500,3769.9251,3787.3025,3757.6578,3756.8765
100552000,3769.4883,3826600,53339300,2695052000,41266708800,3769.9251,3787.3025,3757.6578,3756.8765
100557000,3769.351,3247300,50184200,2698299300,41316893000,3769.9251,3787.3025,3757.6578,3756.8765
100601000,3769.5191,4128100,55018500,2702427400,41371911500,3769.9251,3787.3025,3757.6578,3756.8765
100607000,3769.4799,4065700,70306800,2706493100,41442218300,3769.9251,3787.3025,3757.6578,3756.8765
100612000,3768.7784,2960500,40158600,2709453600,41482376900,3769.9251,3787.3025,3757.6578,3756.8765
100616000,3768.9409,3810900,63605600,2713264500,41545982500,3769.9251,3787.3025,3757.6578,3756.8765
100622000,3768.9984,3581600,53596600,2716846100,41599579100,3769.9251,3787.3025,3757.6578,3756.8765
100627000,3768.8907,3060400,50122800,2719906500,41649701900,3769.9251,3787.3025,3757.6578,3756.8765
100631000,3768.9754,3961400,68880400,2723867900,41718582300,3769.9251,3787.3025,3757.6578,3756.8765
100637000,3768.3594,3791500,57767300,2727659400,41776349600,3769.9251,3787.3025,3757.6578,3756.8765
100642000,3768.5138,2016600,38496700,2729676000,41814846300,3769.9251,3787.3025,3757.6578,3756.8765
100646000,3768.0267,3771200,53786400,2733447200,41868632700,3769.9251,3787.3025,3757.6578,3756.8765
100652000,3768.0513,5136900,76758900,2738584100,41945391600,3769.9251,3787.3025,3757.6578,3756.8765
100657000,3768.0806,3073200,56711000,2741657300,42002102600,3769.9251,3787.3025,3757.6578,3756.8765
100701000,3768.0637,2885200,46666200,2744542500,42048768800,3769.9251,3787.3025,3757.6578,3756.8765
100707000,3768.0192,4310800,65760100,2748853300,42114528900,3769.9251,3787.3025,3757.6578,3756.8765
100712000,3768.1428,2921000,50054300,2751774300,42164583200,3769.9251,3787.3025,3757.6578,3756.8765
100716000,3767.6202,3381100,56715700,2755155400,42221298900,3769.9251,3787.3025,3757.6578,3756.8765
100722000,3768.1688,4471800,60107600,2759627200,42281406500,3769.9251,3787.3025,3757.6578,3756.8765
100727000,3767.9999,2791400,44291000,2762418600,42325697500,3769.9251,3787.3025,3757.6578,3756.8765
100731000,3767.1938,2935200,43571200,2765353800,42369268700,3769.9251,3787.3025,3757.6578,3756.8765
100737000,3767.3035,3344900,55235800,2768698700,42424504500,3769.9251,3787.3025,3757.6578,3756.8765
100742000,3767.6877,2336800,33152400,2771035500,42457656900,3769.9251,3787.3025,3757.6578,3756.8765
100746000,3767.3095,3977900,59853000,2775013400,42517509900,3769.9251,3787.3025,3757.6578,3756.8765
100752000,3767.1268,3359800,49495800,2778373200,42567005700,3769.9251,3787.3025,3757.6578,3756.8765
100757000,3767.1835,3655200,52943400,2782028400,42619949100,3769.9251,3787.3025,3757.6578,3756.8765
100801000,3766.542,3554400,47437600,2785582800,42667386700,3769.9251,3787.3025,3757.6578,3756.8765
100807000,3767.4096,3701600,65979700,2789284400,42733366400,3769.9251,3787.3025,3757.6578,3756.8765
100812000,3767.111,3139500,43147600,2792423900,42776514000,3769.9251,3787.3025,3757.6578,3756.8765
100816000,3766.9354,3724700,66519200,2796148600,42843033200,3769.9251,3787.3025,3757.6578,3756.8765
100822000,3766.6983,3722900,47588900,2799871500,42890622100,3769.9251,3787.3025,3757.6578,3756.8765
100827000,3766.7091,2757000,46007000,2802628500,42936629100,3769.9251,3787.3025,3757.6578,3756.8765
100831000,3767.1509,4208300,55412700,2806836800,42992041800,3769.9251,3787.3025,3757.6578,3756.8765
100837000,3766.5994,5831900,61257900,2812668700,43053299700,3769.9251,3787.3025,3757.6578,3756.8765
100842000,3767.1085,2550800,29088700,2815219500,43082388400,3769.9251,3787.3025,3757.6578,3756.8765
100846000,3767.1175,4501100,60577600,2819720600,43142966000,3769.9251,3787.3025,3757.6578,3756.8765
100852000,3766.9471,3901000,68516300,2823621600,43211482300,3769.9251,3787.3025,3757.6578,3756.8765
100857000,3766.946,3418400,51442100,2827040000,43262924400,3769.9251,3787.3025,3757.6578,3756.8765
100901000,3767.398,3883300,46845300,2830923300,43309769700,3769.9251,3787.3025,3757.6578,3756.8765
100907000,3766.7921,3706800,63849100,2834630100,43373618800,3769.9251,3787.3025,3757.6578,3756.8765
100912000,3767.1935,2489800,47054600,2837119900,43420673400,3769.9251,3787.3025,3757.6578,3756.8765
100916000,3767.415,3131600,45812300,2840251500,43466485700,3769.9251,3787.3025,3757.6578,3756.8765
100922000,3767.7142,4503700,75849200,2844755200,43542334900,3769.9251,3787.3025,3757.6578,3756.8765
100927000,3768.4387,3240200,49025900,2847995400,43591360800,3769.9251,3787.3025,3757.6578,3756.8765
100931000,3768.6391,5327200,99923600,2853322600,43691284400,3769.9251,3787.3025,3757.6578,3756.8765
100937000,3769.3003,6149100,92176400,2859471700,43783460800,3769.9251,3787.3025,3757.6578,3756.8765
100942000,3769.8331,4026300,58879100,2863498000,43842339900,3769.9251,3787.3025,3757.6578,3756.8765
100946000,3769.8641,3427400,57425700,2866925400,43899765600,3769.9251,3787.3025,3757.6578,3756.8765
100952000,3770.2256,4695400,62108900,2871620800,43961874500,3769.9251,3787.3025,3757.6578,3756.8765
100957000,3770.5494,5383800,63515300,2877004600,44025389800,3769.9251,3787.3025,3757.6578,3756.8765
101003000,3770.4904,3930700,59737700,2880935300,44085127500,3769.9251,3787.3025,3757.6578,3756.8765
101007000,3770.6034,3061000,48242300,2883996300,44133369800,3769.9251,3787.3025,3757.6578,3756.8765
101012000,3771.4397,2818400,41480400,2886814700,44174850200,3769.9251,3787.3025,3757.6578,3756.8765
101018000,3771.1399,4338800,60558600,2891153500,44235408800,3769.9251,3787.3025,3757.6578,3756.8765
101022000,3770.4215,2781800,43302000,2893935300,44278710800,3769.9251,3787.3025,3757.6578,3756.8765
101028000,3770.9414,3275000,58674800,2897210300,44337385600,3769.9251,3787.3025,3757.6578,3756.8765
101033000,3770.7701,3569200,43702400,2900779500,44381088000,3769.9251,3787.3025,3757.6578,3756.8765
101037000,3770.5677,3417700,56958700,2904197200,44438046700,3769.9251,3787.3025,3757.6578,3756.8765
101043000,3770.3199,3845200,55922200,2908042400,44493968900,3769.9251,3787.3025,3757.6578,3756.8765
101046000,3770.2166,1819900,28424200,2909862300,44522393100,3769.9251,3787.3025,3757.6578,3756.8765
101052000,3769.9408,4292500,65248000,2914154800,44587641100,3769.9251,3787.3025,3757.6578,3756.8765
101058000,3770.5222,2571600,45922000,2916726400,44633563100,3769.9251,3787.3025,3757.6578,3756.8765
101103000,3770.7464,3344200,52359300,2920070600,44685922400,3769.9251,3787.3025,3757.6578,3756.8765
101107000,3770.425,3265800,52147300,2923336400,44738069700,3769.9251,3787.3025,3757.6578,3756.8765
101113000,3770.1901,3641600,47334800,2926978000,44785404500,3769.9251,3787.3025,3757.6578,3756.8765
101118000,3770.3161,2450000,35455100,2929428000,44820859600,3769.9251,3787.3025,3757.6578,3756.8765
101122000,3770.3659,3516600,53277800,2932944600,44874137400,3769.9251,3787.3025,3757.6578,3756.8765
101128000,3770.0334,3935700,44528500,2936880300,44918665900,3769.9251,3787.3025,3757.6578,3756.8765
101133000,3769.7654,1827600,30296300,2938707900,44948962200,3769.9251,3787.3025,3757.6578,3756.8765
101137000,3770.0065,3706700,56647900,2942414600,45005610100,3769.9251,3787.3025,3757.6578,3756.8765
101143000,3769.8692,3736800,58325000,2946151400,45063935100,3769.9251,3787.3025,3757.6578,3756.8765
101148000,3769.5561,2233100,30301200,2948384500,45094236300,3769.9251,3787.3025,3757.6578,3756.8765
101152000,3769.4908,3746900,58688300,2952131400,45152924600,3769.9251,3787.3025,3757.6578,3756.8765
101158000,3769.9826,3584800,53299800,2955716200,45206224400,3769.9251,3787.3025,3757.6578,3756.8765
101203000,3769.4739,2477600,42809000,2958193800,45249033400,3769.9251,3787.3025,3757.6578,3756.8765
101207000,3769.7038,3645800,59403900,2961839600,45308437300,3769.9251,3787.3025,3757.6578,3756.8765
101213000,3769.9063,3748400,65064800,2965588000,45373502100,3769.9251,3787.3025,3757.6578,3756.8765
101218000,3769.9132,2648800,34715600,2968236800,45408217700,3769.9251,3787.3025,3757.6578,3756.8765
101222000,3770.0063,2975700,51122700,2971212500,45459340400,3769.9251,3787.3025,3757.6578,3756.8765
101228000,3770.3664,2818200,35884200,2974030700,45495224600,3769.9251,3787.3025,3757.6578,3756.8765
101233000,3769.8717,3201600,44522600,2977232300,45539747200,3769.9251,3787.3025,3757.6578,3756.8765
101237000,3769.9072,2814200,45971600,2980046500,45585718800,3769.9251,3787.3025,3757.6578,3756.8765
101243000,3769.7986,3607600,48830000,2983654100,45634548800,3769.9251,3787.3025,3757.6578,3756.8765
101248000,3769.6943,3013800,43071700,2986667900,45677620500,3769.9251,3787.3025,3757.6578,3756.8765
101252000,3770.0672,3339300,48385500,2990007200,45726006000,3769.9251,3787.3025,3757.6578,3756.8765
101258000,3770.0104,2524200,35412700,2992531400,45761418700,3769.9251,3787.3025,3757.6578,3756.8765
101303000,3770.1192,2550800,41344400,2995082200,45802763100,3769.9251,3787.3025,3757.6578,3756.8765
101307000,3770.2407,3091100,47574300,2998173300,45850337400,3769.9251,3787.3025,3757.6578,3756.8765
101313000,3770.3823,3640200,54489200,3001813500,45904826600,3769.9251,3787.3025,3757.6578,3756.8765
101318000,3770.0282,1910300,28246600,3003723800,45933073200,3769.9251,3787.3025,3757.6578,3756.8765
101322000,3769.8095,3248600,47971700,3006972400,45981044900,3769.9251,3787.3025,3757.6578,3756.8765
101328000,3769.7916,2645200,48958200,3009617600,46030003100,3769.9251,3787.3025,3757.6578,3756.8765
101333000,3769.5136,2553200,37704100,3012170800,46067707200,3769.9251,3787.3025,3757.6578,3756.8765
101337000,3769.7772,2375000,41504700,3014545800,46109211900,3769.9251,3787.3025,3757.6578,3756.8765
101343000,3769.7333,2731100,41816700,3017276900,46151028600,3769.9251,3787.3025,3757.6578,3756.8765
101348000,3769.5784,2215600,30278700,3019492500,46181307300,3769.9251,3787.3025,3757.6578,3756.8765
101352000,3769.371,2975000,52191500,3022467500,46233498800,3769.9251,3787.3025,3757.6578,3756.8765
101358000,3769.3075,4103200,57461600,3026570700,46290960400,3769.9251,3787.3025,3757.6578,3756.8765
101403000,3769.4226,3235100,49714100,3029805800,46340674500,3769.9251,3787.3025,3757.6578,3756.8765
101407000,3769.0727,3048500,52767100,3032854300,46393441600,3769.9251,3787.3025,3757.6578,3756.8765
101413000,3769.2667,4006700,54232500,3036861000,46447674100,3769.9251,3787.3025,3757.6578,3756.8765
101418000,3769.0045,2556700,39594800,3039417700,46487268900,3769.9251,3787.3025,3757.6578,3756.8765
101422000,3768.7242,3227100,52463800,3042644800,46539732700,3769.9251,3787.3025,3757.6578,3756.8765
101428000,3768.908,2128200,31847400,3044773000,46571580100,3769.9251,3787.3025,3757.6578,3756.8765
101433000,3768.4056,2477200,39208400,3047250200,46610788500,3769.9251,3787.3025,3757.6578,3756.8765
101437000,3768.0464,3484200,46270800,3050734400,46657059300,3769.9251,3787.3025,3757.6578,3756.8765
101443000,3768.1762,3390100,51719600,3054124500,46708778900,3769.9251,3787.3025,3757.6578,3756.8765
101448000,3768.0892,2759900,34086600,3056884400,46742865500,3769.9251,3787.3025,3757.6578,3756.8765
101452000,3767.9262,5826200,67509300,3062710600,46810374800,3769.9251,3787.3025,3757.6578,3756.8765
101458000,3767.8111,2897300,39107600,3065607900,46849482400,3769.9251,3787.3025,3757.6578,3756.8765
101503000,3767.3101,3720900,52169600,3069328800,46901652000,3769.9251,3787.3025,3757.6578,3756.8765
101507000,3767.0338,3128000,52995500,3072456800,46954647500,3769.9251,3787.3025,3757.6578,3756.8765
101513000,3767.4341,3377300,45448800,3075834100,47000096300,3769.9251,3787.3025,3757.6578,3756.8765
101518000,3767.0297,3849500,44322700,3079683600,47044419000,3769.9251,3787.3025,3757.6578,3756.8765
101522000,3766.6234,4060900,64632000,3083744500,47109051000,3769.9251,3787.3025,3757.6578,3756.8765
101528000,3766.8538,2701100,37850500,3086445600,47146901500,3769.9251,3787.3025,3757.6578,3756.8765
101533000,3766.5161,3556000,46208000,3090001600,47193109500,3769.9251,3787.3025,3757.6578,3756.8765
101537000,3766.6048,3615500,49470900,3093617100,47242580400,3769.9251,3787.3025,3757.6578,3756.8765
101543000,3766.0125,2772900,45884900,3096390000,47288465300,3769.9251,3787.3025,3757.6578,3756.8765
101548000,3766.3436,2566500,28145200,3098956500,47316610500,3769.9251,3787.3025,3757.6578,3756.8765
101552000,3766.0079,3431500,46594300,3102388000,47363204800,3769.9251,3787.3025,3757.6578,3756.8765
101558000,3765.4335,3130700,42029700,3105518700,47405234500,3769.9251,3787.3025,3757.6578,3756.8765
101603000,3765.6755,3735400,54793300,3109254100,47460027800,3769.9251,3787.3025,3757.6578,3756.8765
101607000,3765.579,3842100,54156700,3113096200,47514184500,3769.9251,3787.3025,3757.6578,3756.8765
101613000,3765.9422,3027500,46072100,3116123700,47560256600,3769.9251,3787.3025,3757.6578,3756.8765
101618000,3765.6466,2821700,33591700,3118945400,47593848300,3769.9251,3787.3025,3757.6578,3756.8765
101622000,3766.0907,3161200,55501700,3122106600,47649350000,3769.9251,3787.3025,3757.6578,3756.8765
101628000,3765.4224,3387000,51947500,3125493600,47701297500,3769.9251,3787.3025,3757.6578,3756.8765
101633000,3765.5974,3228900,42238100,3128722500,47743535600,3769.9251,3787.3025,3757.6578,3756.8765
101637000,3765.489,3720800,63504900,3132443300,47807040500,3769.9251,3787.3025,3757.6578,3756.8765
101643000,3765.26,3673500,56256000,3136116800,47863296500,3769.9251,3787.3025,3757.6578,3756.8765
101648000,3764.9048,2146400,28118900,3138263200,47891415400,3769.9251,3787.3025,3757.6578,3756.8765
101652000,3764.8234,4858100,63484600,3143121300,47954900000,3769.9251,3787.3025,3757.6578,3756.8765
101658000,3765.0298,3623500,48649900,3146744800,48003549900,3769.9251,3787.3025,3757.6578,3756.8765
101703000,3765.3315,4268300,52545600,3151013100,48056095500,3769.9251,3787.3025,3757.6578,3756.8765
101707000,3765.0655,5004400,69908000,3156017500,48126003500,3769.9251,3787.3025,3757.6578,3756.8765
101713000,3764.5438,4745300,53015900,3160762800,48179019400,3769.9251,3787.3025,3757.6578,3756.8765
101718000,3764.7115,2313100,28383200,3163075900,48207402600,3769.9251,3787.3025,3757.6578,3756.8765
101723000,3764.49,4661200,55531100,3167737100,48262933700,3769.9251,3787.3025,3757.6578,3756.8765
101728000,3764.6367,3664500,36731700,3171401600,48299665400,3769.9251,3787.3025,3757.6578,3756.8765
101733000,3764.355,3070000,41590900,3174471600,48341256300,3769.9251,3787.3025,3757.6578,3756.8765
101737000,3764.3158,3903500,51349000,3178375100,48392605300,3769.9251,3787.3025,3757.6578,3756.8765
101743000,3763.9287,2845400,42896300,3181220500,48435501600,3769.9251,3787.3025,3757.6578,3756.8765
101748000,3763.7824,2468800,32762700,3183689300,48468264300,3769.9251,3787.3025,3757.6578,3756.8765
101752000,3763.9774,3975200,54351300,3187664500,48522615600,3769.9251,3787.3025,3757.6578,3756.8765
101758000,3763.8285,2906100,43216200,3190570600,48565831800,3769.9251,3787.3025,3757.6578,3756.8765
101803000,3763.9878,3490200,50434200,3194060800,48616266000,3769.9251,3787.3025,3757.6578,3756.8765
101807000,3763.3865,5838700,69172300,3199899500,48685438300,3769.9251,3787.3025,3757.6578,3756.8765
101813000,3763.6788,4387500,49539900,3204287000,48734978200,3769.9251,3787.3025,3757.6578,3756.8765
101818000,3763.6464,2550700,40756000,3206837700,48775734200,3769.9251,3787.3025,3757.6578,3756.8765
101822000,3763.0055,3693000,52270200,3210530700,48828004400,3769.9251,3787.3025,3757.6578,3756.8765
101828000,3763.0102,2632700,43912300,3213163400,48871916700,3769.9251,3787.3025,3757.6578,3756.8765
101833000,3763.1392,2799100,40380900,3215962500,48912297600,3769.9251,3787.3025,3757.6578,3756.8765
101837000,3762.7936,3858500,62688700,3219821000,48974986300,3769.9251,3787.3025,3757.6578,3756.8765
101843000,3762.5088,3998400,55532200,3223819400,49030518500,3769.9251,3787.3025,3757.6578,3756.8765
101848000,3762.185,2638800,38452600,3226458200,49068971100,3769.9251,3787.3025,3757.6578,3756.8765
101852000,3761.9542,3303000,51157300,3229761200,49120128400,3769.9251,3787.3025,3757.6578,3756.8765
101858000,3762.0398,3469400,43841600,3233230600,49163970000,3769.9251,3787.3025,3757.6578,3756.8765
101903000,3761.6178,4854800,62316600,3238085400,49226286600,3769.9251,3787.3025,3757.6578,3756.8765
101907000,3761.9011,5002800,67441000,3243088200,49293727600,3769.9251,3787.3025,3757.6578,3756.8765
101913000,3761.398,3579800,52814600,3246668000,49346542200,3769.9251,3787.3025,3757.6578,3756.8765
101918000,3761.3395,2190700,33309700,3248858700,49379851900,3769.9251,3787.3025,3757.6578,3756.8765
101922000,3760.9907,3202000,43261500,3252060700,49423113400,3769.9251,3787.3025,3757.6578,3756.8765
101928000,3761.2499,4219600,46440200,3256280300,49469553600,3769.9251,3787.3025,3757.6578,3756.8765
101933000,3761.1368,3390700,50111000,3259671000,49519664600,3769.9251,3787.3025,3757.6578,3756.8765
101937000,3760.7559,4024200,57654800,3263695200,49577319400,3769.9251,3787.3025,3757.6578,3756.8765
101943000,3761.0092,3500600,49932000,3267195800,49627251400,3769.9251,3787.3025,3757.6578,3756.8765
101948000,3760.4757,2615800,35124700,3269811600,49662376100,3769.9251,3787.3025,3757.6578,3756.8765
101952000,3760.669,3995100,49498100,3273806700,49711874200,3769.9251,3787.3025,3757.6578,3756.8765
101958000,3760.6526,2717300,48326500,3276524000,49760200700,3769.9251,3787.3025,3757.6578,3756.8765
102003000,3760.5269,3482800,48248100,3280006800,49808448800,3769.9251,3787.3025,3757.6578,3756.8765
102008000,3760.3074,5352000,55079700,3285358800,49863528500,3769.9251,3787.3025,3757.6578,3756.8765
102013000,3760.3034,4023600,56092200,3289382400,49919620700,3769.9251,3787.3025,3757.6578,3756.8765
102018000,3760.0979,2296200,29496300,3291678600,49949117000,3769.9251,3787.3025,3757.6578,3756.8765
102023000,3760.3809,4011700,57957100,3295690300,50007074100,3769.9251,3787.3025,3757.6578,3756.8765
102028000,3760.2674,3245500,43031600,3298935800,50050105700,3769.9251,3787.3025,3757.6578,3756.8765
102033000,3760.2911,3439800,55479100,3302375600,50105584800,3769.9251,3787.3025,3757.6578,3756.8765
102037000,3760.4251,5577200,59318800,3307952800,50164903600,3769.9251,3787.3025,3757.6578,3756.8765
102043000,3760.8322,3793800,52104800,3311746600,50217008400,3769.9251,3787.3025,3757.6578,3756.8765
102048000,3761.2901,2823700,38128200,3314570300,50255136600,3769.9251,3787.3025,3757.6578,3756.8765
102053000,3761.2998,3689600,57970100,3318259900,50313106700,3769.9251,3787.3025,3757.6578,3756.8765
102058000,3760.9443,1995300,35843700,3320255200,50348950400,3769.9251,3787.3025,3757.6578,3756.8765
102103000,3761.7134,5491800,69168000,3325747000,50418118400,3769.9251,3787.3025,3757.6578,3756.8765
102107000,3761.3669,4262900,55200100,3330009900,50473318500,3769.9251,3787.3025,3757.6578,3756.8765
102113000,3761.4529,2646400,45005000,3332656300,50518323500,3769.9251,3787.3025,3757.6578,3756.8765
102118000,3762.5454,3142000,44357800,3335798300,50562681300,3769.9251,3787.3025,3757.6578,3756.8765
102123000,3762.2288,3270500,43472100,3339068800,50606153400,3769.9251,3787.3025,3757.6578,3756.8765
102128000,3764.0675,3339100,45958300,3342407900,50652111700,3769.9251,3787.3025,3757.6578,3756.8765
102133000,3763.3206,5006200,56597200,3347414100,50708708900,3769.9251,3787.3025,3757.6578,3756.8765
102137000,3764.4452,5192300,59384900,3352606400,50768093800,3769.9251,3787.3025,3757.6578,3756.8765
102143000,3763.9028,3832100,49332000,3356438500,50817425800,3769.9251,3787.3025,3757.6578,3756.8765
102148000,3764.733,3644400,43623800,3360082900,50861049600,3769.9251,3787.3025,3757.6578,3756.8765
102153000,3765.5758,5868800,72071200,3365951700,50933120800,3769.9251,3787.3025,3757.6578,3756.8765
102158000,3765.8592,3825500,49039500,3369777200,50982160300,3769.9251,3787.3025,3757.6578,3756.8765
102203000,3766.0734,3911100,49565900,3373688300,51031726200,3769.9251,3787.3025,3757.6578,3756.8765
102207000,3766.3966,3477500,49347600,3377165800,51081073800,3769.9251,3787.3025,3757.6578,3756.8765
102213000,3766.5227,3010800,45504700,3380176600,51126578500,3769.9251,3787.3025,3757.6578,3756.8765
102218000,3766.3981,2265400,37922200,3382442000,51164500700,3769.9251,3787.3025,3757.6578,3756.8765
102222000,3767.0635,4132400,49560800,3386574400,51214061500,3769.9251,3787.3025,3757.6578,3756.8765
102228000,3766.6236,2498700,33586700,3389073100,51247648200,3769.9251,3787.3025,3757.6578,3756.8765
102233000,3766.3835,3682700,49844600,3392755800,51297492800,3769.9251,3787.3025,3757.6578,3756.8765
102238000,3766.4205,3817900,45036800,3396573700,51342529600,3769.9251,3787.3025,3757.6578,3756.8765
102243000,3766.5615,2952900,47557900,3399526600,51390087500,3769.9251,3787.3025,3757.6578,3756.8765
102248000,3766.9308,1985700,32307400,3401512300,51422394900,3769.9251,3787.3025,3757.6578,3756.8765
102252000,3766.5821,2916900,41982300,3404429200,51464377200,3769.9251,3787.3025,3757.6578,3756.8765
102258000,3766.446,2427400,40982000,3406856600,51505359200,3769.9251,3787.3025,3757.6578,3756.8765
102303000,3766.4239,2383600,38486400,3409240200,51543845600,3769.9251,3787.3025,3757.6578,3756.8765
102308000,3766.3617,2903600,42336300,3412143800,51586181900,3769.9251,3787.3025,3757.6578,3756.8765
102313000,3766.3456,2555200,46127400,3414699000,51632309300,3769.9251,3787.3025,3757.6578,3756.8765
102318000,3766.5096,1927500,26876800,3416626500,51659186100,3769.9251,3787.3025,3757.6578,3756.8765
102323000,3766.4712,2882200,39083400,3419508700,51698269500,3769.9251,3787.3025,3757.6578,3756.8765
102328000,3766.1636,2109200,30838200,3421617900,51729107700,3769.9251,3787.3025,3757.6578,3756.8765
102334000,3766.2917,2450600,37045700,3424068500,51766153400,3769.9251,3787.3025,3757.6578,3756.8765
102338000,3766.5265,2763000,33548200,3426831500,51799701600,3769.9251,3787.3025,3757.6578,3756.8765
102344000,3766.571,3303800,50814200,3430135300,51850515800,3769.9251,3787.3025,3757.6578,3756.8765
102348000,3766.554,1666500,20390600,3431801800,51870906400,3769.9251,3787.3025,3757.6578,3756.8765
102354000,3766.7476,2848900,40002300,3434650700,51910908700,3769.9251,3787.3025,3757.6578,3756.8765
102358000,3766.3038,1752100,29927100,3436402800,51940835800,3769.9251,3787.3025,3757.6578,3756.8765
102404000,3766.6501,2973200,39878000,3439376000,51980713800,3769.9251,3787.3025,3757.6578,3756.8765
102409000,3766.7769,2143000,40082100,3441519000,52020795900,3769.9251,3787.3025,3757.6578,3756.8765
102414000,3766.6079,2536000,40045400,3444055000,52060841300,3769.9251,3787.3025,3757.6578,3756.8765
102419000,3766.5345,2962300,43312900,3447017300,52104154200,3769.9251,3787.3025,3757.6578,3756.8765
102424000,3766.6398,1774200,23672800,3448791500,52127827000,3769.9251,3787.3025,3757.6578,3756.8765
102429000,3766.4092,2862500,43640300,3451654000,52171467300,3769.9251,3787.3025,3757.6578,3756.8765
102433000,3766.2153,1516200,24271500,3453170200,52195738800,3769.9251,3787.3025,3757.6578,3756.8765
102439000,3765.9602,3172700,45822500,3456342900,52241561300,3769.9251,3787.3025,3757.6578,3756.8765
102444000,3766.1752,3146000,44894000,3459488900,52286455300,3769.9251,3787.3025,3757.6578,3756.8765
102449000,3766.2479,2414500,38662600,3461903400,52325117900,3769.9251,3787.3025,3757.6578,3756.8765
102454000,3765.9329,2560300,37639900,3464463700,52362757800,3769.9251,3787.3025,3757.6578,3756.8765
102459000,3766.2814,2527500,36521000,3466991200,52399278800,3769.9251,3787.3025,3757.6578,3756.8765
102504000,3766.6705,1884800,27897600,3468876000,52427176400,3769.9251,3787.3025,3757.6578,3756.8765
102509000,3766.7534,3139600,44166100,3472015600,52471342500,3769.9251,3787.3025,3757.6578,3756.8765
102514000,3766.8695,2871500,40273700,3474887100,52511616200,3769.9251,3787.3025,3757.6578,3756.8765
102519000,3767.6542,2248400,30215900,3477135500,52541832100,3769.9251,3787.3025,3757.6578,3756.8765
102524000,3767.4057,2545000,38040400,3479680500,52579872500,3769.9251,3787.3025,3757.6578,3756.8765
102528000,3767.0045,1890200,27943900,3481570700,52607816400,3769.9251,3787.3025,3757.6578,3756.8765
102534000,3767.3489,2270100,36134000,3483840800,52643950400,3769.9251,3787.3025,3757.6578,3756.8765
102539000,3767.5782,2071600,34958200,3485912400,52678908600,3769.9251,3787.3025,3757.6578,3756.8765
102544000,3767.6847,2307000,35523200,3488219400,52714431800,3769.9251,3787.3025,3757.6578,3756.8765
102549000,3767.4765,2420400,39263300,3490639800,52753695100,3769.9251,3787.3025,3757.6578,3756.8765
102554000,3767.7046,2514300,32952400,3493154100,52786647500,3769.9251,3787.3025,3757.6578,3756.8765
102559000,3767.9577,2481400,38678100,3495635500,52825325600,3769.9251,3787.3025,3757.6578,3756.8765
102604000,3767.7939,2454200,33318000,3498089700,52858643600,3769.9251,3787.3025,3757.6578,3756.8765
102609000,3767.7649,2213200,33032100,3500302900,52891675700,3769.9251,3787.3025,3757.6578,3756.8765
102614000,3767.9689,2880600,43050700,3503183500,52934726400,3769.9251,3787.3025,3757.6578,3756.8765
102619000,3767.6677,2224100,31323000,3505407600,52966049400,3769.9251,3787.3025,3757.6578,3756.8765
102624000,3767.945,1492100,21856200,3506899700,52987905600,3769.9251,3787.3025,3757.6578,3756.8765
102629000,3768.1815,2281000,38591100,3509180700,53026496700,3769.9251,3787.3025,3757.6578,3756.8765
102634000,3767.6402,2384900,37333200,3511565600,53063829900,3769.9251,3787.3025,3757.6578,3756.8765
102639000,3768.1242,2970800,39851800,3514536400,53103681700,3769.9251,3787.3025,3757.6578,3756.8765
102644000,3768.0021,3067000,44919100,3517603400,53148600800,3769.9251,3787.3025,3757.6578,3756.8765
102649000,3767.7503,3180000,42218300,3520783400,53190819100,3769.9251,3787.3025,3757.6578,3756.8765
102654000,3768.0144,2153100,28903600,3522936500,53219722700,3769.9251,3787.3025,3757.6578,3756.8765
102658000,3768.4741,2237700,36875200,3525174200,53256597900,3769.9251,3787.3025,3757.6578,3756.8765
102704000,3768.2494,1802700,32855600,3526976900,53289453500,3769.9251,3787.3025,3757.6578,3756.8765
102709000,3768.4469,2620600,46930800,3529597500,53336384300,3769.9251,3787.3025,3757.6578,3756.8765
102714000,3768.1546,2027500,30156400,3531625000,53366540700,3769.9251,3787.3025,3757.6578,3756.8765
102719000,3768.5193,3830100,52941100,3535455100,53419481800,3769.9251,3787.3025,3757.6578,3756.8765
102724000,3768.4954,2393300,29950000,3537848400,53449431800,3769.9251,3787.3025,3757.6578,3756.8765
102729000,3768.4804,2249400,30741100,3540097800,53480172900,3769.9251,3787.3025,3757.6578,3756.8765
102734000,3768.472,1850700,29888300,3541948500,53510061200,3769.9251,3787.3025,3757.6578,3756.8765
102739000,3768.8649,2527200,35575900,3544475700,53545637100,3769.9251,3787.3025,3757.6578,3756.8765
102744000,3768.7774,2251600,35169900,3546727300,53580807000,3769.9251,3787.3025,3757.6578,3756.8765
102749000,3768.7772,1998400,31539400,3548725700,53612346400,3769.9251,3787.3025,3757.6578,3756.8765
102754000,3768.9178,2498200,36216300,3551223900,53648562700,3769.9251,3787.3025,3757.6578,3756.8765
102759000,3769.2028,3230600,43358100,3554454500,53691920800,3769.9251,3787.3025,3757.6578,3756.8765
102804000,3768.8248,1696600,23345800,3556151100,53715266600,3769.9251,3787.3025,3757.6578,3756.8765
102809000,3768.5724,1922500,31418700,3558073600,53746685300,3769.9251,3787.3025,3757.6578,3756.8765
102814000,3768.6287,4563500,49920300,3562637100,53796605600,3769.9251,3787.3025,3757.6578,3756.8765
102819000,3768.9451,2200100,31356200,3564837200,53827961800,3769.9251,3787.3025,3757.6578,3756.8765
102824000,3768.5532,1917800,23345500,3566755000,53851307300,3769.9251,3787.3025,3757.6578,3756.8765
102829000,3768.2054,2268700,36539900,3569023700,53887847200,3769.9251,3787.3025,3757.6578,3756.8765
102834000,3767.2783,4173000,45387900,3573196700,53933235100,3769.9251,3787.3025,3757.6578,3756.8765
102839000,3767.3569,2944900,40347900,3576141600,53973583000,3769.9251,3787.3025,3757.6578,3756.8765
102844000,3766.6963,3249600,48532600,3579391200,54022115600,3769.9251,3787.3025,3757.6578,3756.8765
102849000,3766.559,3377100,50021900,3582768300,54072137500,3769.9251,3787.3025,3757.6578,3756.8765
102854000,3765.923,2681300,35635900,3585449600,54107773400,3769.9251,3787.3025,3757.6578,3756.8765
102859000,3765.973,3380600,43524300,3588830200,54151297700,3769.9251,3787.3025,3757.6578,3756.8765
102904000,3765.7128,3606700,41976600,3592436900,54193274300,3769.9251,3787.3025,3757.6578,3756.8765
102909000,3765.5062,2607300,44748200,3595044200,54238022500,3769.9251,3787.3025,3757.6578,3756.8765
102914000,3765.5074,2153100,33629300,3597197300,54271651800,3769.9251,3787.3025,3757.6578,3756.8765
102919000,3765.4338,2554700,37047700,3599752000,54308699500,3769.9251,3787.3025,3757.6578,3756.8765
102924000,3765.2487,1557600,23383600,3601309600,54332083100,3769.9251,3787.3025,3757.6578,3756.8765
102929000,3764.8198,1702700,30298700,3603012300,54362381800,3769.9251,3787.3025,3757.6578,3756.8765
102934000,3764.7522,2523200,34479600,3605535500,54396861400,3769.9251,3787.3025,3757.6578,3756.8765
102939000,3765.6931,2221200,28409800,3607756700,54425271200,3769.9251,3787.3025,3757.6578,3756.8765
102944000,3765.7948,2398600,38185200,3610155300,54463456400,3769.9251,3787.3025,3757.6578,3756.8765
102949000,3765.6226,1963300,37987100,3612118600,54501443500,3769.9251,3787.3025,3757.6578,3756.8765
102954000,3765.4391,1724000,23987600,3613842600,54525431100,3769.9251,3787.3025,3757.6578,3756.8765
102959000,3765.4025,2366500,30905100,3616209100,54556336200,3769.9251,3787.3025,3757.6578,3756.8765
103004000,3765.722,1620600,25215400,3617829700,54581551600,3769.9251,3787.3025,3757.6578,3756.8765
103009000,3765.5059,1662100,23537200,3619491800,54605088800,3769.9251,3787.3025,3757.6578,3756.8765
103014000,3765.9754,1646800,30334100,3621138600,54635422900,3769.9251,3787.3025,3757.6578,3756.8765
103019000,3765.5907,2524200,33222800,3623662800,54668645700,3769.9251,3787.3025,3757.6578,3756.8765
103024000,3765.3275,1588900,24504100,3625251700,54693149800,3769.9251,3787.3025,3757.6578,3756.8765
103029000,3765.2655,3395800,54341700,3628647500,54747491500,3769.9251,3787.3025,3757.6578,3756.8765
103034000,3765.2583,2086100,28589700,3630733600,54776081200,3769.9251,3787.3025,3757.6578,3756.8765
103039000,3765.2228,3185700,43527300,3633919300,54819608500,3769.9251,3787.3025,3757.6578,3756.8765
103044000,3765.1739,1925600,30216400,3635844900,54849824900,3769.9251,3787.3025,3757.6578,3756.8765
103049000,3765.2618,2594600,33313300,3638439500,54883138200,3769.9251,3787.3025,3757.6578,3756.8765
103054000,3765.6493,1525700,26481300,3639965200,54909619500,3769.9251,3787.3025,3757.6578,3756.8765
103059000,3765.5219,1872100,32174900,3641837300,54941794400,3769.9251,3787.3025,3757.6578,3756.8765
103104000,3765.2165,2028600,31824300,3643865900,54973618700,3769.9251,3787.3025,3757.6578,3756.8765
103109000,3765.1993,2403600,33366300,3646269500,55006985000,3769.9251,3787.3025,3757.6578,3756.8765
103114000,3765.3904,2068200,34034800,3648337700,55041019800,3769.9251,3787.3025,3757.6578,3756.8765
103119000,3765.7505,2090900,28232200,3650428600,55069252000,3769.9251,3787.3025,3757.6578,3756.8765
103124000,3765.4448,1644400,25093000,3652073000,55094345000,3769.9251,3787.3025,3757.6578,3756.8765
103129000,3765.3182,2052800,37063200,3654125800,55131408200,3769.9251,3787.3025,3757.6578,3756.8765
103134000,3765.5766,1547800,25326900,3655673600,55156735100,3769.9251,3787.3025,3757.6578,3756.8765
103139000,3765.1976,2313700,35409700,3657987300,55192144800,3769.9251,3787.3025,3757.6578,3756.8765
103143000,3765.3698,2084300,31599300,3660071600,55223744100,3769.9251,3787.3025,3757.6578,3756.8765
103149000,3765.3165,5578500,43927200,3665650100,55267671300,3769.9251,3787.3025,3757.6578,3756.8765
103154000,3765.1158,1304900,20022400,3666955000,55287693700,3769.9251,3787.3025,3757.6578,3756.8765
103159000,3765.0472,2021200,29430800,3668976200,55317124500,3769.9251,3787.3025,3757.6578,3756.8765
103204000,3764.3607,2518000,29553600,3671494200,55346678100,3769.9251,3787.3025,3757.6578,3756.8765
103209000,3764.6742,2860000,33216200,3674354200,55379894300,3769.9251,3787.3025,3757.6578,3756.8765
103214000,3764.4782,3153900,46033500,3677508100,55425927800,3769.9251,3787.3025,3757.6578,3756.8765
103219000,3764.0234,2220500,33698100,3679728600,55459625900,3769.9251,3787.3025,3757.6578,3756.8765
103224000,3764.3499,2097400,32117000,3681826000,55491742900,3769.9251,3787.3025,3757.6578,3756.8765
103229000,3764.1861,2868500,39085000,3684694500,55530827900,3769.9251,3787.3025,3757.6578,3756.8765
103234000,3764.215,2473300,30029700,3687167800,55560857600,3769.9251,3787.3025,3757.6578,3756.8765
103239000,3764.1261,2494700,34806800,3689662500,55595664400,3769.9251,3787.3025,3757.6578,3756.8765
103244000,3763.6191,2087300,31548900,3691749800,55627213300,3769.9251,3787.3025,3757.6578,3756.8765
103249000,3763.7378,2025500,31258200,3693775300,55658471500,3769.9251,3787.3025,3757.6578,3756.8765
103254000,3763.4298,1580500,24326500,3695355800,55682798000,3769.9251,3787.3025,3757.6578,3756.8765
103259000,3763.3605,3543100,44357400,3698898900,55727155400,3769.9251,3787.3025,3757.6578,3756.8765
103304000,3763.3254,2028300,34015300,3700927200,55761170700,3769.9251,3787.3025,3757.6578,3756.8765
103309000,3762.8803,1894300,32027800,3702821500,55793198500,3769.9251,3787.3025,3757.6578,3756.8765
103314000,3763.0401,2627200,44097800,3705448700,55837296300,3769.9251,3787.3025,3757.6578,3756.8765
103319000,3762.7135,2997200,46779300,3708445900,55884075600,3769.9251,3787.3025,3757.6578,3756.8765
103324000,3762.4252,2434000,30972600,3710879900,55915048200,3769.9251,3787.3025,3757.6578,3756.8765
103329000,3762.4226,3313900,44819300,3714193800,55959867500,3769.9251,3787.3025,3757.6578,3756.8765
103334000,3762.368,1744300,25279900,3715938100,55985147400,3769.9251,3787.3025,3757.6578,3756.8765
103339000,3762.3528,2655200,47764000,3718593300,56032911400,3769.9251,3787.3025,3757.6578,3756.8765
103344000,3762.3062,2814100,42109100,3721407400,56075020500,3769.9251,3787.3025,3757.6578,3756.8765
103349000,3762.4157,1916200,32726100,3723323600,56107746600,3769.9251,3787.3025,3757.6578,3756.8765
103354000,3762.4483,1490000,21819600,3724813600,56129566200,3769.9251,3787.3025,3757.6578,3756.8765
103359000,3762.5396,3009700,48585800,3727823300,56178152000,3769.9251,3787.3025,3757.6578,3756.8765
103404000,3762.8042,1772900,26428400,3729596200,56204580400,3769.9251,3787.3025,3757.6578,3756.8765
103409000,3762.2416,2756600,40198600,3732352800,56244779000,3769.9251,3787.3025,3757.6578,3756.8765
103414000,3762.2085,2980700,41898500,3735333500,56286677500,3769.9251,3787.3025,3757.6578,3756.8765
103419000,3762.5202,2469700,40143100,3737803200,56326820600,3769.9251,3787.3025,3757.6578,3756.8765
103424000,3762.4057,2098900,29197300,3739902100,56356017900,3769.9251,3787.3025,3757.6578,3756.8765
103429000,3762.3269,2647700,44086000,3742549800,56400103900,3769.9251,3787.3025,3757.6578,3756.8765
103434000,3763.0401,2666000,41313700,3745215800,56441417600,3769.9251,3787.3025,3757.6578,3756.8765
103439000,3763.047,3503100,52009500,3748718900,56493427100,3769.9251,3787.3025,3757.6578,3756.8765
103444000,3763.628,4082200,58851300,3752801100,56552278400,3769.9251,3787.3025,3757.6578,3756.8765
103449000,3763.647,2876500,47645000,3755677600,56599923400,3769.9251,3787.3025,3757.6578,3756.8765
103454000,3764.5166,3225100,40945300,3758902700,56640868700,3769.9251,3787.3025,3757.6578,3756.8765
103459000,3764.6502,5268200,62452100,3764170900,56703320800,3769.9251,3787.3025,3757.6578,3756.8765
103504000,3764.9738,3680000,52070600,3767850900,56755391400,3769.9251,3787.3025,3757.6578,3756.8765
103509000,3765.8069,6571700,74187600,3774422600,56829579000,3769.9251,3787.3025,3757.6578,3756.8765
103514000,3765.9662,5451100,79601800,3779873700,56909180800,3769.9251,3787.3025,3757.6578,3756.8765
103519000,3766.3891,3562600,63972900,3783436300,56973153700,3769.9251,3787.3025,3757.6578,3756.8765
103524000,3766.4763,3208500,38871400,3786644800,57012025100,3769.9251,3787.3025,3757.6578,3756.8765
103529000,3766.1276,2838600,38968100,3789483400,57050993200,3769.9251,3787.3025,3757.6578,3756.8765
103534000,3766.6684,2320200,35083100,3791803600,57086076300,3769.9251,3787.3025,3757.6578,3756.8765
103539000,3767.0865,2634900,37478400,3794438500,57123554700,3769.9251,3787.3025,3757.6578,3756.8765
103544000,3767.1759,2578000,40949200,3797016500,57164503900,3769.9251,3787.3025,3757.6578,3756.8765
103549000,3767.978,2490100,43578600,3799506600,57208082500,3769.9251,3787.3025,3757.6578,3756.8765
103554000,3767.4321,3098200,39686800,3802604800,57247769300,3769.9251,3787.3025,3757.6578,3756.8765
103559000,3767.7301,2372400,37624700,3804977200,57285394000,3769.9251,3787.3025,3757.6578,3756.8765
103604000,3768.1316,1735400,30927900,3806712600,57316321900,3769.9251,3787.3025,3757.6578,3756.8765
103609000,3767.9679,3109700,47380700,3809822300,57363702600,3769.9251,3787.3025,3757.6578,3756.8765
103614000,3767.9216,2747700,51463300,3812570000,57415165900,3769.9251,3787.3025,3757.6578,3756.8765
103619000,3768.1807,1860000,37736800,3814430000,57452902700,3769.9251,3787.3025,3757.6578,3756.8765
103624000,3767.6975,2940200,37730500,3817370200,57490633200,3769.9251,3787.3025,3757.6578,3756.8765
103629000,3767.8298,4188200,51185000,3821558400,57541818200,3769.9251,3787.3025,3757.6578,3756.8765
103634000,3768.1383,2234800,32972800,3823793200,57574791000,3769.9251,3787.3025,3757.6578,3756.8765
103639000,3767.9781,2555700,48102200,3826348900,57622893200,3769.9251,3787.3025,3757.6578,3756.8765
103644000,3768.314,2468700,41700000,3828817600,57664593200,3769.9251,3787.3025,3757.6578,3756.8765
103649000,3768.108,2834300,43614300,3831651900,57708207500,3769.9251,3787.3025,3757.6578,3756.8765
103654000,3768.0719,1534700,21132300,3833186600,57729339800,3769.9251,3787.3025,3757.6578,3756.8765
103659000,3767.7626,2292100,40102900,3835478700,57769442700,3769.9251,3787.3025,3757.6578,3756.8765
103705000,3768.3382,2377500,42538900,3837856200,57811981600,3769.9251,3787.3025,3757.6578,3756.8765
103709000,3767.6302,1038500,16756500,3838894700,57828738100,3769.9251,3787.3025,3757.6578,3756.8765
103715000,3767.6217,2629100,45929400,3841523800,57874667500,3769.9251,3787.3025,3757.6578,3756.8765
103720000,3767.7131,2019200,37012000,3843543000,57911679500,3769.9251,3787.3025,3757.6578,3756.8765
103724000,3767.8721,1754700,18862900,3845297700,57930542400,3769.9251,3787.3025,3757.6578,3756.8765
103730000,3768.057,2904900,41612200,3848202600,57972154600,3769.9251,3787.3025,3757.6578,3756.8765
103734000,3767.4067,2003000,31124900,3850205600,58003279500,3769.9251,3787.3025,3757.6578,3756.8765
103740000,3767.5716,3135000,43349000,3853340600,58046628500,3769.9251,3787.3025,3757.6578,3756.8765
103744000,3767.3057,2083600,34671000,3855424200,58081299500,3769.9251,3787.3025,3757.6578,3756.8765
103750000,3767.3429,2115300,34127600,3857539500,58115427100,3769.9251,3787.3025,3757.6578,3756.8765
103755000,3767.3805,2225600,36648100,3859765100,58152075200,3769.9251,3787.3025,3757.6578,3756.8765
103800000,3767.3262,1248600,23138100,3861013700,58175213300,3769.9251,3787.3025,3757.6578,3756.8765
103805000,3767.2548,2771400,36882700,3863785100,58212096000,3769.9251,3787.3025,3757.6578,3756.8765
103810000,3766.5321,2010600,28388800,3865795700,58240484800,3769.9251,3787.3025,3757.6578,3756.8765
103815000,3767.068,1849200,32251100,3867644900,58272735900,3769.9251,3787.3025,3757.6578,3756.8765
103820000,3766.8795,2132600,37123400,3869777500,58309859300,3769.9251,3787.3025,3757.6578,3756.8765
103825000,3766.9747,1638600,26717400,3871416100,58336576700,3769.9251,3787.3025,3757.6578,3756.8765
103830000,3766.6353,1458800,23542400,3872874900,58360119100,3769.9251,3787.3025,3757.6578,3756.8765
103835000,3766.5173,2891000,37932500,3875765900,58398051600,3769.9251,3787.3025,3757.6578,3756.8765
103840000,3766.1915,2268900,31649300,3878034800,58429700900,3769.9251,3787.3025,3757.6578,3756.8765
103845000,3766.3504,2151300,33139800,3880186100,58462840700,3769.9251,3787.3025,3757.6578,3756.8765
103850000,3765.896,2451600,42938100,3882637700,58505778800,3769.9251,3787.3025,3757.6578,3756.8765
103855000,3765.6496,2842200,47901800,3885479900,58553680600,3769.9251,3787.3025,3757.6578,3756.8765
103900000,3765.8605,2441100,24591700,3887921000,58578272300,3769.9251,3787.3025,3757.6578,3756.8765
103905000,3765.5053,3130800,45995400,3891051800,58624267700,3769.9251,3787.3025,3757.6578,3756.8765
103910000,3765.9995,1866300,31414900,3892918100,58655682600,3769.9251,3787.3025,3757.6578,3756.8765
103915000,3765.8005,2973400,32246000,3895891500,58687928600,3769.9251,3787.3025,3757.6578,3756.8765
103920000,3765.9128,3087200,50660500,3898978700,58738589100,3769.9251,3787.3025,3757.6578,3756.8765
103925000,3765.5003,2448400,29951500,3901427100,58768540600,3769.9251,3787.3025,3757.6578,3756.8765
103930000,3765.1861,1701500,24203000,3903128600,58792743600,3769.9251,3787.3025,3757.6578,3756.8765
103935000,3765.2643,2030400,30642600,3905159000,58823386200,3769.9251,3787.3025,3757.6578,3756.8765
103940000,3765.1503,2190200,31909700,3907349200,58855295900,3769.9251,3787.3025,3757.6578,3756.8765
103945000,3765.426,2005000,31862000,3909354200,58887157900,3769.9251,3787.3025,3757.6578,3756.8765
103950000,3764.9458,1926000,30807500,3911280200,58917965400,3769.9251,3787.3025,3757.6578,3756.8765
103955000,3765.1693,1854900,31308600,3913135100,58949274000,3769.9251,3787.3025,3757.6578,3756.8765
104000000,3764.6181,2996800,32133800,3916131900,58981407800,3769.9251,3787.3025,3757.6578,3756.8765
104005000,3765.0486,2680700,31773200,3918812600,59013181000,3769.9251,3787.3025,3757.6578,3756.8765
104010000,3764.8346,2299300,32341300,3921111900,59045522300,3769.9251,3787.3025,3757.6578,3756.8765
104015000,3764.975,1860800,24994000,3922972700,59070516300,3769.9251,3787.3025,3757.6578,3756.8765
104020000,3764.6833,2591400,29546200,3925564100,59100062500,3769.9251,3787.3025,3757.6578,3756.8765
104025000,3764.1921,2654400,33106000,3928218500,59133168500,3769.9251,3787.3025,3757.6578,3756.8765
104030000,3764.5077,1498200,21667300,3929716700,59154835800,3769.9251,3787.3025,3757.6578,3756.8765
104035000,3764.413,2004200,28536800,3931720900,59183372600,3769.9251,3787.3025,3757.6578,3756.8765
104040000,3764.4001,1292700,17524700,3933013600,59200897300,3769.9251,3787.3025,3757.6578,3756.8765
104045000,3764.2232,1667500,25827000,3934681100,59226724300,3769.9251,3787.3025,3757.6578,3756.8765
104050000,3764.4282,1871900,30292600,3936553000,59257016900,3769.9251,3787.3025,3757.6578,3756.8765
104055000,3764.5391,1491600,25203700,3938044600,59282220600,3769.9251,3787.3025,3757.6578,3756.8765
104100000,3764.6184,1725500,20418300,3939770100,59302638900,3769.9251,3787.3025,3757.6578,3756.8765
104105000,3764.269,1948400,30011800,3941718500,59332650700,3769.9251,3787.3025,3757.6578,3756.8765
104110000,3764.3098,1166100,16806700,3942884600,59349457400,3769.9251,3787.3025,3757.6578,3756.8765
104115000,3764.2796,2600800,33255700,3945485400,59382713100,3769.9251,3787.3025,3757.6578,3756.8765
104120000,3763.9906,1892100,28351200,3947377500,59411064300,3769.9251,3787.3025,3757.6578,3756.8765
104125000,3764.1427,1667500,42274300,3949045000,59453338600,3769.9251,3787.3025,3757.6578,3756.8765
104130000,3764.1652,1265500,20057500,3950310500,59473396100,3769.9251,3787.3025,3757.6578,3756.8765
104135000,3764.4944,2109600,32057300,3952420100,59505453400,3769.9251,3787.3025,3757.6578,3756.8765
104140000,3764.0285,1543700,19871800,3953963800,59525325200,3769.9251,3787.3025,3757.6578,3756.8765
104145000,3764.1488,2163100,27251300,3956126900,59552576500,3769.9251,3787.3025,3757.6578,3756.8765
104150000,3763.785,1981100,25786200,3958108000,59578362700,3769.9251,3787.3025,3757.6578,3756.8765
104155000,3763.765,2131400,34046100,3960239400,59612408800,3769.9251,3787.3025,3757.6578,3756.8765
104200000,3763.9486,2143300,30023700,3962382700,59642432500,3769.9251,3787.3025,3757.6578,3756.8765
104205000,3763.0795,4908000,42420500,3967290700,59684853000,3769.9251,3787.3025,3757.6578,3756.8765
104210000,3763.2688,2027000,26889100,3969317700,59711742100,3769.9251,3787.3025,3757.6578,3756.8765
104215000,3763.2204,1798600,24624200,3971116300,59736366300,3769.9251,3787.3025,3757.6578,3756.8765
104220000,3763.4037,2592700,32972200,3973709000,59769338500,3769.9251,3787.3025,3757.6578,3756.8765
104225000,3763.1978,1951700,22285400,3975660700,59791623900,3769.9251,3787.3025,3757.6578,3756.8765
104230000,3763.2917,1941500,28410000,3977602200,59820033900,3769.9251,3787.3025,3757.6578,3756.8765
104235000,3763.0829,2363600,33217300,3979965800,59853251200,3769.9251,3787.3025,3757.6578,3756.8765
104240000,3763.0174,1903900,28510900,3981869700,59881762100,3769.9251,3787.3025,3757.6578,3756.8765
104245000,3763.0487,1965800,28160900,3983835500,59909923000,3769.9251,3787.3025,3757.6578,3756.8765
104250000,3762.6489,2129900,27411300,3985965400,59937334300,3769.9251,3787.3025,3757.6578,3756.8765
104255000,3762.5023,2872100,40867900,3988837500,59978202200,3769.9251,3787.3025,3757.6578,3756.8765
104300000,3762.1494,1468900,21961100,3990306400,60000163300,3769.9251,3787.3025,3757.6578,3756.8765
104305000,3762.8069,2477800,32820800,3992784200,60032984100,3769.9251,3787.3025,3757.6578,3756.8765
104310000,3762.2708,1740800,26237400,3994525000,60059221500,3769.9251,3787.3025,3757.6578,3756.8765
104315000,3762.1352,2597800,26160000,3997122800,60085381500,3769.9251,3787.3025,3757.6578,3756.8765
104320000,3762.3204,2460300,43852400,3999583100,60129233900,3769.9251,3787.3025,3757.6578,3756.8765
104325000,3761.9328,2518300,31511900,4002101400,60160745800,3769.9251,3787.3025,3757.6578,3756.8765
104330000,3761.8378,2050600,21245300,4004152000,60181991100,3769.9251,3787.3025,3757.6578,3756.8765
104335000,3761.6184,2783200,35710500,4006935200,60217701600,3769.9251,3787.3025,3757.6578,3756.8765
104340000,3761.7495,1367000,19982900,4008302200,60237684500,3769.9251,3787.3025,3757.6578,3756.8765
104345000,3761.5867,1999600,26598000,4010301800,60264282500,3769.9251,3787.3025,3757.6578,3756.8765
104350000,3761.8243,1750500,29176800,4012052300,60293459300,3769.9251,3787.3025,3757.6578,3756.8765
104355000,3761.73,4092800,50800100,4016145100,60344259400,3769.9251,3787.3025,3757.6578,3756.8765
104400000,3761.7216,1563300,21029900,4017708400,60365289300,3769.9251,3787.3025,3757.6578,3756.8765
104405000,3761.8627,2575500,36094400,4020283900,60401383700,3769.9251,3787.3025,3757.6578,3756.8765
104410000,3761.5144,1718000,30492400,4022001900,60431876100,3769.9251,3787.3025,3757.6578,3756.8765
104415000,3761.7315,2122600,29593000,4024124500,60461469100,3769.9251,3787.3025,3757.6578,3756.8765
104420000,3761.7137,1752500,26520000,4025877000,60487989100,3769.9251,3787.3025,3757.6578,3756.8765
104425000,3762.0829,2270200,29239500,4028147200,60517228600,3769.9251,3787.3025,3757.6578,3756.8765
104430000,3761.7193,2367000,22977400,4030514200,60540206000,3769.9251,3787.3025,3757.6578,3756.8765
104435000,3761.8861,2341600,29446600,4032855800,60569652600,3769.9251,3787.3025,3757.6578,3756.8765
104440000,3762.0583,2018200,24735500,4034874000,60594388100,3769.9251,3787.3025,3757.6578,3756.8765
104445000,3762.3751,1818200,27730300,4036692200,60622118400,3769.9251,3787.3025,3757.6578,3756.8765
104450000,3762.6367,2315300,35557000,4039007500,60657675400,3769.9251,3787.3025,3757.6578,3756.8765
104455000,3762.0258,1631200,22989300,4040638700,60680664700,3769.9251,3787.3025,3757.6578,3756.8765
104500000,3762.3198,1306800,20353600,4041945500,60701018300,3769.9251,3787.3025,3757.6578,3756.8765
104505000,3761.5226,2075000,32005100,4044020500,60733023400,3769.9251,3787.3025,3757.6578,3756.8765
104510000,3761.8558,1916300,23420900,4045936800,60756444300,3769.9251,3787.3025,3757.6578,3756.8765
104515000,3761.8653,3749100,36405200,4049685900,60792849500,3769.9251,3787.3025,3757.6578,3756.8765
104520000,3762.2455,2365000,34835800,4052050900,60827685300,3769.9251,3787.3025,3757.6578,3756.8765
104525000,3762.0609,3168800,38848000,4055219700,60866533300,3769.9251,3787.3025,3757.6578,3756.8765
104530000,3762.3367,1398500,18366200,4056618200,60884899500,3769.9251,3787.3025,3757.6578,3756.8765
104535000,3762.5957,2392300,36002300,4059010500,60920901800,3769.9251,3787.3025,3757.6578,3756.8765
104540000,3761.8558,2216900,31380900,4061227400,60952282700,3769.9251,3787.3025,3757.6578,3756.8765
104545000,3762.2078,2558900,33514300,4063786300,60985797000,3769.9251,3787.3025,3757.6578,3756.8765
104550000,3762.0768,1631500,22361100,4065417800,61008158100,3769.9251,3787.3025,3757.6578,3756.8765
104555000,3762.4164,2641000,29154500,4068058800,61037312600,3769.9251,3787.3025,3757.6578,3756.8765
104600000,3762.4832,2432300,25243300,4070491100,61062555900,3769.9251,3787.3025,3757.6578,3756.8765
104605000,3762.5898,2718800,33574200,4073209900,61096130100,3769.9251,3787.3025,3757.6578,3756.8765
104610000,3762.4582,2056400,24633500,4075266300,61120763600,3769.9251,3787.3025,3757.6578,3756.8765
104615000,3762.9532,2350400,29275500,4077616700,61150039100,3769.9251,3787.3025,3757.6578,3756.8765
104620000,3762.3048,1661500,25225500,4079278200,61175264600,3769.9251,3787.3025,3757.6578,3756.8765
104625000,3762.3577,1493500,20278000,4080771700,61195542600,3769.9251,3787.3025,3757.6578,3756.8765
104630000,3762.4892,2292900,27305000,4083064600,61222847600,3769.9251,3787.3025,3757.6578,3756.8765
104635000,3762.8474,2122400,26854300,4085187000,61249701900,3769.9251,3787.3025,3757.6578,3756.8765
104640000,3762.8453,2066000,24406500,4087253000,61274108400,3769.9251,3787.3025,3757.6578,3756.8765
104645000,3762.6343,2511200,25580200,4089764200,61299688600,3769.9251,3787.3025,3757.6578,3756.8765
104650000,3762.6531,1916300,28059500,4091680500,61327748100,3769.9251,3787.3025,3757.6578,3756.8765
104655000,3762.3396,1986900,31407500,4093667400,61359155600,3769.9251,3787.3025,3757.6578,3756.8765
104700000,3762.7201,1622300,20366100,4095289700,61379521700,3769.9251,3787.3025,3757.6578,3756.8765
104705000,3762.7092,2443900,40739000,4097733600,61420260700,3769.9251,3787.3025,3757.6578,3756.8765
104710000,3762.6027,1165000,17647200,4098898600,61437907900,3769.9251,3787.3025,3757.6578,3756.8765
104715000,3762.5235,2007600,29308700,4100906200,61467216600,3769.9251,3787.3025,3757.6578,3756.8765
104720000,3762.4701,2674800,37315400,4103581000,61504532000,3769.9251,3787.3025,3757.6578,3756.8765
104725000,3762.4654,2335200,27128500,4105916200,61531660500,3769.9251,3787.3025,3757.6578,3756.8765
104730000,3762.2279,1404800,22943200,4107321000,61554603700,3769.9251,3787.3025,3757.6578,3756.8765
104735000,3762.7117,2143000,33109500,4109464000,61587713200,3769.9251,3787.3025,3757.6578,3756.8765
104740000,3762.0509,1494400,22830300,4110958400,61610543500,3769.9251,3787.3025,3757.6578,3756.8765
104745000,3762.5601,1987600,26503900,4112946000,61637047400,3769.9251,3787.3025,3757.6578,3756.8765
104750000,3762.3957,1954900,29439000,4114900900,61666486400,3769.9251,3787.3025,3757.6578,3756.8765
104755000,3762.3065,1877200,31190200,4116778100,61697676600,3769.9251,3787.3025,3757.6578,3756.8765
104800000,3762.6964,1294800,24822000,4118072900,61722498600,3769.9251,3787.3025,3757.6578,3756.8765
104805000,3762.5251,2209900,33822200,4120282800,61756320800,3769.9251,3787.3025,3757.6578,3756.8765
104810000,3762.3168,2037100,30181600,4122319900,61786502400,3769.9251,3787.3025,3757.6578,3756.8765
104815000,3761.7916,2936900,42153300,4125256800,61828655700,3769.9251,3787.3025,3757.6578,3756.8765
104820000,3762.0842,2529000,40965700,4127785800,61869621400,3769.9251,3787.3025,3757.6578,3756.8765
104825000,3761.8267,1827900,28220500,4129613700,61897841900,3769.9251,3787.3025,3757.6578,3756.8765
104830000,3762.0571,1329700,20620000,4130943400,61918461900,3769.9251,3787.3025,3757.6578,3756.8765
104835000,3761.8044,2227600,41247700,4133171000,61959709600,3769.9251,3787.3025,3757.6578,3756.8765
104840000,3761.4835,1256200,19090500,4134427200,61978800100,3769.9251,3787.3025,3757.6578,3756.8765
104845000,3761.6578,2044800,25957800,4136472000,62004757900,3769.9251,3787.3025,3757.6578,3756.8765
104850000,3761.9573,1573200,27361100,4138045200,62032119000,3769.9251,3787.3025,3757.6578,3756.8765
104855000,3761.0832,4003800,62218800,4142049000,62094337800,3769.9251,3787.3025,3757.6578,3756.8765
104900000,3760.8883,2012000,26454000,4144061000,62120791800,3769.9251,3787.3025,3757.6578,3756.8765
104905000,3760.89,3769500,44659700,4147830500,62165451500,3769.9251,3787.3025,3757.6578,3756.8765
104910000,3760.4345,3424400,42156900,4151254900,62207608400,3769.9251,3787.3025,3757.6578,3756.8765
104915000,3759.4537,4018200,52824700,4155273100,62260433100,3769.9251,3787.3025,3757.6578,3756.8765
104920000,3758.6789,3799200,61586800,4159072300,62322019900,3769.9251,3787.3025,3757.6578,3756.8765
104925000,3758.5176,3684200,63115600,4162756500,62385135500,3769.9251,3787.3025,3757.6578,3756.8765
104930000,3758.4153,2458700,36345900,4165215200,62421481400,3769.9251,3787.3025,3757.6578,3756.8765
104935000,3757.4728,4598200,64121100,4169813400,62485602500,3769.9251,3787.3025,3757.4728,3756.8765
104940000,3757.4455,3167900,43138000,4172981300,62528740500,3769.9251,3787.3025,3757.2278,3756.8765
104945000,3756.4156,3703700,50371500,4176685000,62579112000,3769.9251,3787.3025,3756.4156,3756.8765
104950000,3756.8829,4753500,58663500,4181438500,62637775500,3769.9251,3787.3025,3756.4156,3756.8765
104955000,3755.9806,4646800,58706700,4186085300,62696482200,3769.9251,3787.3025,3755.9806,3756.8765
105000000,3756.0172,3230900,38501900,4189316200,62734984100,3769.9251,3787.3025,3755.9806,3756.8765
105005000,3755.686,5089300,61934700,4194405500,62796918800,3769.9251,3787.3025,3755.4683,3756.8765
105010000,3756.0807,1904400,31928200,4196309900,62828847000,3769.9251,3787.3025,3755.4683,3756.8765
105016000,3755.8791,3704200,44491100,4200014100,62873338100,3769.9251,3787.3025,3755.4683,3756.8765
105020000,3755.2475,5588300,56703400,4205602400,62930041500,3769.9251,3787.3025,3755.2475,3756.8765
105026000,3755.565,4857600,52866100,4210460000,62982907600,3769.9251,3787.3025,3755.2475,3756.8765
105030000,3755.2896,1734700,30451100,4212194700,63013358700,3769.9251,3787.3025,3755.2475,3756.8765
105036000,3755.6618,4129100,48778700,4216323800,63062137400,3769.9251,3787.3025,3755.0902,3756.8765
105041000,3755.0504,1278200,22289900,4217602000,63084427300,3769.9251,3787.3025,3754.9775,3756.8765
105045000,3755.3555,3471700,41852100,4221073700,63126279400,3769.9251,3787.3025,3754.9775,3756.8765
105051000,3755.5068,2673400,42357200,4223747100,63168636600,3769.9251,3787.3025,3754.9775,3756.8765
105055000,3755.1412,2351900,37532600,4226099000,63206169200,3769.9251,3787.3025,3754.9775,3756.8765
105101000,3755.0815,4062600,49153600,4230161600,63255322800,3769.9251,3787.3025,3754.859,3756.8765
105105000,3755.5014,2247100,26636300,4232408700,63281959100,3769.9251,3787.3025,3754.859,3756.8765
105111000,3755.069,2824800,38450200,4235233500,63320409300,3769.9251,3787.3025,3754.859,3756.8765
105116000,3755.0058,2188500,26994500,4237422000,63347403800,3769.9251,3787.3025,3754.859,3756.8765
105121000,3755.107,2743600,32842200,4240165600,63380246000,3769.9251,3787.3025,3754.859,3756.8765
105126000,3755.1796,2482100,36855300,4242647700,63417101300,3769.9251,3787.3025,3754.859,3756.8765
105131000,3755.5527,2611600,41414400,4245259300,63458515700,3769.9251,3787.3025,3754.859,3756.8765
105136000,3755.4802,2472600,32530100,4247731900,63491045800,3769.9251,3787.3025,3754.859,3756.8765
105141000,3755.178,2638700,48985300,4250370600,63540031100,3769.9251,3787.3025,3754.859,3756.8765
105146000,3755.209,2553200,33366900,4252923800,63573398000,3769.9251,3787.3025,3754.6408,3756.8765
105151000,3755.3756,2988800,43861000,4255912600,63617259000,3769.9251,3787.3025,3754.6408,3756.8765
105156000,3755.5306,2022800,34684700,4257935400,63651943700,3769.9251,3787.3025,3754.6408,3756.8765
105201000,3755.1974,4255300,43346500,4262190700,63695290200,3769.9251,3787.3025,3754.6408,3756.8765
105206000,3755.4704,3360500,41451800,4265551200,63736742000,3769.9251,3787.3025,3754.6408,3756.8765
105211000,3755.1794,4051000,37279900,4269602200,63774021900,3769.9251,3787.3025,3754.6408,3756.8765
105216000,3755.6265,2733500,28430900,4272335700,63802452800,3769.9251,3787.3025,3754.6408,3756.8765
105221000,3755.0298,2140600,28846800,4274476300,63831299600,3769.9251,3787.3025,3754.6408,3756.8765
105226000,3755.0417,3260800,40850400,4277737100,63872150000,3769.9251,3787.3025,3754.6408,3756.8765
105231000,3755.2907,2709500,32652700,4280446600,63904802700,3769.9251,3787.3025,3754.6408,3756.8765
105236000,3755.3677,1628800,24998300,4282075400,63929801000,3769.9251,3787.3025,3754.6408,3756.8765
105241000,3754.7801,2161100,31640200,4284236500,63961441200,3769.9251,3787.3025,3754.6408,3756.8765
105246000,3754.9782,1984000,33318600,4286220500,63994759800,3769.9251,3787.3025,3754.6408,3756.8765
105251000,3755.2029,1727700,30463200,4287948200,64025223000,3769.9251,3787.3025,3754.6408,3756.8765
105256000,3754.5691,2491500,34769200,4290439700,64059992200,3769.9251,3787.3025,3754.5691,3756.8765
105301000,3754.5965,2418700,34724500,4292858400,64094716700,3769.9251,3787.3025,3754.4952,3756.8765
105306000,3754.651,2421700,27279500,4295280100,64121996200,3769.9251,3787.3025,3754.4952,3756.8765
105311000,3754.6373,2873200,29632700,4298153300,64151628900,3769.9251,3787.3025,3754.4459,3756.8765
105316000,3754.6496,1865000,26411600,4300018300,64178040500,3769.9251,3787.3025,3754.4459,3756.8765
105321000,3754.6419,2438500,36492000,4302456800,64214532500,3769.9251,3787.3025,3754.4459,3756.8765
105326000,3754.3391,2683500,37092400,4305140300,64251624900,3769.9251,3787.3025,3754.3391,3756.8765
105331000,3754.463,2591100,36275300,4307731400,64287900200,3769.9251,3787.3025,3754.3391,3756.8765
105336000,3754.4986,1970300,22157300,4309701700,64310057500,3769.9251,3787.3025,3754.1692,3756.8765
105341000,3754.4964,2116700,34563700,4311818400,64344621200,3769.9251,3787.3025,3754.1234,3756.8765
105346000,3754.4691,1901200,25567800,4313719600,64370189000,3769.9251,3787.3025,3754.1234,3756.8765
105351000,3754.5733,1787100,26399600,4315506700,64396588600,3769.9251,3787.3025,3754.1234,3756.8765
105356000,3754.6637,2558400,34484800,4318065100,64431073400,3769.9251,3787.3025,3754.1234,3756.8765
105401000,3754.3729,2311600,38134400,4320376700,64469207800,3769.9251,3787.3025,3754.1234,3756.8765
105406000,3754.6577,1841600,28439200,4322218300,64497647000,3769.9251,3787.3025,3754.1234,3756.8765
105411000,3754.8486,1872800,26777700,4324091100,64524424700,3769.9251,3787.3025,3754.1234,3756.8765
105416000,3754.7196,1482100,18882500,4325573200,64543307200,3769.9251,3787.3025,3754.1234,3756.8765
105421000,3754.9714,2159900,28305700,4327733100,64571612900,3769.9251,3787.3025,3754.1234,3756.8765
105426000,3754.721,2452400,37218700,4330185500,64608831600,3769.9251,3787.3025,3754.1234,3756.8765
105431000,3754.9351,2165200,33733500,4332350700,64642565100,3769.9251,3787.3025,3754.1234,3756.8765
105436000,3755.0903,1593800,18490400,4333944500,64661055500,3769.9251,3787.3025,3754.1234,3756.8765
105441000,3754.6057,2135200,31941300,4336079700,64692996800,3769.9251,3787.3025,3754.1234,3756.8765
105446000,3755.3588,1663100,25013300,4337742800,64718010100,3769.9251,3787.3025,3754.1234,3756.8765
105451000,3755.6295,3019700,41716200,4340762500,64759726300,3769.9251,3787.3025,3754.1234,3756.8765
105456000,3755.5145,2563100,31852900,4343325600,64791579200,3769.9251,3787.3025,3754.1234,3756.8765
105501000,3755.63,1741600,25213900,4345067200,64816793100,3769.9251,3787.3025,3754.1234,3756.8765
105506000,3755.9839,2137300,29303900,4347204500,64846097000,3769.9251,3787.3025,3754.1234,3756.8765
105511000,3755.751,2584600,33925000,4349789100,64880022000,3769.9251,3787.3025,3754.1234,3756.8765
105516000,3755.7771,1409900,19817000,4351199000,64899839000,3769.9251,3787.3025,3754.1234,3756.8765
105521000,3755.662,2276000,28161600,4353475000,64928000600,3769.9251,3787.3025,3754.1234,3756.8765
105526000,3756.1193,2172900,29810100,4355647900,64957810700,3769.9251,3787.3025,3754.1234,3756.8765
105531000,3756.5777,1941700,31645700,4357589600,64989456400,3769.9251,3787.3025,3754.1234,3756.8765
105536000,3756.2273,1530300,22286700,4359119900,65011743100,3769.9251,3787.3025,3754.1234,3756.8765
105541000,3755.9966,2170800,29840200,4361290700,65041583300,3769.9251,3787.3025,3754.1234,3756.8765
105546000,3756.4058,1400900,15643200,4362691600,65057226500,3769.9251,3787.3025,3754.1234,3756.8765
105551000,3756.4446,1841100,29849300,4364532700,65087075800,3769.9251,3787.3025,3754.1234,3756.8765
105556000,3756.6223,2658000,43266500,4367190700,65130342300,3769.9251,3787.3025,3754.1234,3756.8765
105601000,3756.5764,1947700,29174200,4369138400,65159516500,3769.9251,3787.3025,3754.1234,3756.8765
105606000,3756.659,2052100,26755500,4371190500,65186272000,3769.9251,3787.3025,3754.1234,3756.8765
105610000,3756.8108,1753100,21276300,4372943600,65207548300,3769.9251,3787.3025,3754.1234,3756.8765
105616000,3756.9625,2976100,33441500,4375919700,65240989800,3769.9251,3787.3025,3754.1234,3756.8765
105621000,3757.1899,2231300,25587200,4378151000,65266577000,3769.9251,3787.3025,3754.1234,3756.8765
105626000,3757.1293,2870100,29824300,4381021100,65296401300,3769.9251,3787.3025,3754.1234,3756.8765
105631000,3757.0029,2009500,33604100,4383030600,65330005400,3769.9251,3787.3025,3754.1234,3756.8765
105636000,3756.8139,1887300,24203500,4384917900,65354208900,3769.9251,3787.3025,3754.1234,3756.8765
105641000,3755.8355,2948200,35914200,4387866100,65390123100,3769.9251,3787.3025,3754.1234,3756.8765
105646000,3756.3168,1975200,27821100,4389841300,65417944200,3769.9251,3787.3025,3754.1234,3756.8765
105651000,3756.6869,2658800,32980400,4392500100,65450924600,3769.9251,3787.3025,3754.1234,3756.8765
105655000,3756.5333,3982200,39371800,4396482300,65490296400,3769.9251,3787.3025,3754.1234,3756.8765
105701000,3756.7823,2161500,30222400,4398643800,65520518800,3769.9251,3787.3025,3754.1234,3756.8765
105706000,3756.7634,3159100,31455700,4401802900,65551974500,3769.9251,3787.3025,3754.1234,3756.8765
105711000,3756.6135,1786900,27677500,4403589800,65579652000,3769.9251,3787.3025,3754.1234,3756.8765
105716000,3756.9064,1112100,17452200,4404701900,65597104200,3769.9251,3787.3025,3754.1234,3756.8765
105721000,3756.6832,1738800,24626300,4406440700,65621730500,3769.9251,3787.3025,3754.1234,3756.8765
105726000,3756.9775,1959700,29191100,4408400400,65650921600,3769.9251,3787.3025,3754.1234,3756.8765
105731000,3756.5157,2263600,32397000,4410664000,65683318600,3769.9251,3787.3025,3754.1234,3756.8765
105736000,3757.265,2482700,29928100,4413146700,65713246700,3769.9251,3787.3025,3754.1234,3756.8765
105741000,3756.6414,1845000,27327000,4414991700,65740573700,3769.9251,3787.3025,3754.1234,3756.8765
105746000,3757.1692,1206100,17409400,4416197800,65757983100,3769.9251,3787.3025,3754.1234,3756.8765
105751000,3757.3733,1463600,21702800,4417661400,65779685900,3769.9251,3787.3025,3754.1234,3756.8765
105756000,3757.1638,1537900,23677100,4419199300,65803363000,3769.9251,3787.3025,3754.1234,3756.8765
105801000,3757.4072,1981000,28792900,4421180300,65832155900,3769.9251,3787.3025,3754.1234,3756.8765
105806000,3757.2867,1915300,26570300,4423095600,65858726200,3769.9251,3787.3025,3754.1234,3756.8765
105811000,3757.7251,1984900,31670300,4425080500,65890396500,3769.9251,3787.3025,3754.1234,3756.8765
105816000,3757.8157,1387500,24367100,4426468000,65914763600,3769.9251,3787.3025,3754.1234,3756.8765
105821000,3757.8441,2584400,34244700,4429052400,65949008300,3769.9251,3787.3025,3754.1234,3756.8765
105826000,3758.0183,3025900,34714000,4432078300,65983722300,3769.9251,3787.3025,3754.1234,3756.8765
105831000,3758.2172,1927400,29383700,4434005700,66013106000,3769.9251,3787.3025,3754.1234,3756.8765
105836000,3757.9828,1734300,20788900,4435740000,66033894900,3769.9251,3787.3025,3754.1234,3756.8765
105841000,3758.0829,2365000,30171300,4438105000,66064066200,3769.9251,3787.3025,3754.1234,3756.8765
105846000,3758.9626,1572700,24557300,4439677700,66088623500,3769.9251,3787.3025,3754.1234,3756.8765
105851000,3758.7315,2312600,30574600,4441990300,66119198100,3769.9251,3787.3025,3754.1234,3756.8765
105856000,3758.6552,1531500,25497700,4443521800,66144695800,3769.9251,3787.3025,3754.1234,3756.8765
105901000,3759.1001,1609900,26506000,4445131700,66171201800,3769.9251,3787.3025,3754.1234,3756.8765
105906000,3759.6635,2290700,31193800,4447422400,66202395600,3769.9251,3787.3025,3754.1234,3756.8765
105911000,3759.4386,2043400,31775800,4449465800,66234171400,3769.9251,3787.3025,3754.1234,3756.8765
105916000,3759.2691,1147100,16833500,4450612900,66251004900,3769.9251,3787.3025,3754.1234,3756.8765
105921000,3759.4665,2074600,27901200,4452687500,66278906100,3769.9251,3787.3025,3754.1234,3756.8765
105926000,3759.7563,1994400,33723800,4454681900,66312629900,3769.9251,3787.3025,3754.1234,3756.8765
105931000,3759.4889,2240900,33709400,4456922800,66346339300,3769.9251,3787.3025,3754.1234,3756.8765
105936000,3759.4338,2083800,21798600,4459006600,66368137900,3769.9251,3787.3025,3754.1234,3756.8765
105941000,3759.3898,1790400,30821500,4460797000,66398959400,3769.9251,3787.3025,3754.1234,3756.8765
105946000,3759.8113,1885200,29526200,4462682200,66428485600,3769.9251,3787.3025,3754.1234,3756.8765
105951000,3760.1276,1667300,25248800,4464349500,66453734400,3769.9251,3787.3025,3754.1234,3756.8765
105956000,3760.0841,2420500,32780100,4466770000,66486514500,3769.9251,3787.3025,3754.1234,3756.8765
110001000,3760.0235,1620600,24195600,4468390600,66510710100,3769.9251,3787.3025,3754.1234,3756.8765
110006000,3760.1266,1451900,19847300,4469842500,66530557400,3769.9251,3787.3025,3754.1234,3756.8765
110011000,3760.4911,1733500,25572600,4471576000,66556130000,3769.9251,3787.3025,3754.1234,3756.8765
110016000,3760.5955,1234500,21807900,4472810500,66577937900,3769.9251,3787.3025,3754.1234,3756.8765
110021000,3760.5721,2663200,30233200,4475473700,66608171100,3769.9251,3787.3025,3754.1234,3756.8765
110026000,3760.6431,2398400,30595600,4477872100,66638766700,3769.9251,3787.3025,3754.1234,3756.8765
110031000,3760.5435,1643900,27419900,4479516000,66666186600,3769.9251,3787.3025,3754.1234,3756.8765
110036000,3760.4544,1265700,22871300,4480781700,66689057900,3769.9251,3787.3025,3754.1234,3756.8765
110041000,3760.6484,1518400,23834100,4482300100,66712892000,3769.9251,3787.3025,3754.1234,3756.8765
110046000,3760.3638,1564100,26874900,4483864200,66739766900,3769.9251,3787.3025,3754.1234,3756.8765
110051000,3760.6544,2381300,29064800,4486245500,66768831700,3769.9251,3787.3025,3754.1234,3756.8765
110056000,3760.7885,1672400,30945500,4487917900,66799777200,3769.9251,3787.3025,3754.1234,3756.8765
110101000,3760.8256,1689300,25435500,4489607200,66825212700,3769.9251,3787.3025,3754.1234,3756.8765
110106000,3760.8327,1635000,19797500,4491242200,66845010200,3769.9251,3787.3025,3754.1234,3756.8765
110111000,3760.7116,1499800,17865700,4492742000,66862875900,3769.9251,3787.3025,3754.1234,3756.8765
110116000,3760.6947,2446400,23547200,4495188400,66886423100,3769.9251,3787.3025,3754.1234,3756.8765
110121000,3760.7265,1794000,24576200,4496982400,66910999300,3769.9251,3787.3025,3754.1234,3756.8765
110126000,3760.417,1917900,26808900,4498900300,66937808200,3769.9251,3787.3025,3754.1234,3756.8765
110131000,3760.1302,1889300,26847700,4500789600,66964655900,3769.9251,3787.3025,3754.1234,3756.8765
110136000,3760.7764,1564900,17810500,4502354500,66982466400,3769.9251,3787.3025,3754.1234,3756.8765
110141000,3760.1705,2066300,37626500,4504420800,67020092900,3769.9251,3787.3025,3754.1234,3756.8765
110146000,3760.0059,1483700,21506100,4505904500,67041599000,3769.9251,3787.3025,3754.1234,3756.8765
110151000,3760.4595,1471400,25646200,4507375900,67067245200,3769.9251,3787.3025,3754.1234,3756.8765
110156000,3760.1894,1811100,28685800,4509187000,67095931000,3769.9251,3787.3025,3754.1234,3756.8765
110201000,3760.143,1979100,29986800,4511166100,67125917800,3769.9251,3787.3025,3754.1234,3756.8765
110206000,3759.9563,1260300,18802300,4512426400,67144720100,3769.9251,3787.3025,3754.1234,3756.8765
110211000,3760.1362,2041800,29802500,4514468200,67174522600,3769.9251,3787.3025,3754.1234,3756.8765
110216000,3760.1366,1532100,28471700,4516000300,67202994300,3769.9251,3787.3025,3754.1234,3756.8765
110221000,3760.2915,1577200,26608400,4517577500,67229602700,3769.9251,3787.3025,3754.1234,3756.8765
110226000,3759.962,1619900,20386200,4519197400,67249988900,3769.9251,3787.3025,3754.1234,3756.8765
110231000,3760.07,1862900,37180700,4521060300,67287169600,3769.9251,3787.3025,3754.1234,3756.8765
110236000,3760.1479,1106700,17858600,4522167000,67305028200,3769.9251,3787.3025,3754.1234,3756.8765
110241000,3760.5612,1938100,27730000,4524105100,67332758200,3769.9251,3787.3025,3754.1234,3756.8765
110246000,3760.2096,1547200,21794200,4525652300,67354552400,3769.9251,3787.3025,3754.1234,3756.8765
110251000,3760.3089,1649500,25807400,4527301800,67380359800,3769.9251,3787.3025,3754.1234,3756.8765
110256000,3760.8529,1582700,24677500,4528884500,67405037300,3769.9251,3787.3025,3754.1234,3756.8765
110301000,3760.7483,3197200,68065800,4532081700,67473103100,3769.9251,3787.3025,3754.1234,3756.8765
110306000,3760.7384,1496200,27162100,4533577900,67500265200,3769.9251,3787.3025,3754.1234,3756.8765
110311000,3760.7022,2014700,28150300,4535592600,67528415500,3769.9251,3787.3025,3754.1234,3756.8765
110316000,3760.8276,1102200,16860700,4536694800,67545276200,3769.9251,3787.3025,3754.1234,3756.8765
110321000,3760.5964,2225600,31626600,4538920400,67576902800,3769.9251,3787.3025,3754.1234,3756.8765
110326000,3760.6781,2175200,30395100,4541095600,67607297900,3769.9251,3787.3025,3754.1234,3756.8765
110331000,3760.6514,2424300,46276200,4543519900,67653574100,3769.9251,3787.3025,3754.1234,3756.8765
110336000,3760.8216,1337600,18797900,4544857500,67672372000,3769.9251,3787.3025,3754.1234,3756.8765
110342000,3760.5173,2967200,42213100,4547824700,67714585100,3769.9251,3787.3025,3754.1234,3756.8765
110346000,3760.4474,1336300,25515200,4549161000,67740100300,3769.9251,3787.3025,3754.1234,3756.8765
110351000,3760.9671,1734300,24611200,4550895300,67764711500,3769.9251,3787.3025,3754.1234,3756.8765
110357000,3760.9124,1715800,27211700,4552611100,67791923200,3769.9251,3787.3025,3754.1234,3756.8765
110401000,3760.918,1512900,26430700,4554124000,67818353900,3769.9251,3787.3025,3754.1234,3756.8765
110407000,3761.0404,2546100,35311200,4556670100,67853665100,3769.9251,3787.3025,3754.1234,3756.8765
110412000,3761.2699,1209600,19759800,4557879700,67873424900,3769.9251,3787.3025,3754.1234,3756.8765
110416000,3760.8893,1373900,19935700,4559253600,67893360600,3769.9251,3787.3025,3754.1234,3756.8765
110422000,3761.218,1980500,31497800,4561234100,67924858400,3769.9251,3787.3025,3754.1234,3756.8765
110427000,3761.1615,1425500,21500000,4562659600,67946358400,3769.9251,3787.3025,3754.1234,3756.8765
110432000,3761.3141,2012200,32463400,4564671800,67978821800,3769.9251,3787.3025,3754.1234,3756.8765
110437000,3761.4361,1714900,22664500,4566386700,68001486300,3769.9251,3787.3025,3754.1234,3756.8765
110442000,3761.0337,1697600,25711500,4568084300,68027197800,3769.9251,3787.3025,3754.1234,3756.8765
110447000,3761.2964,1668700,28670900,4569753000,68055868700,3769.9251,3787.3025,3754.1234,3756.8765
110452000,3761.3572,1378300,18996200,4571131300,68074864900,3769.9251,3787.3025,3754.1234,3756.8765
110457000,3761.4597,1360800,31987000,4572492100,68106851900,3769.9251,3787.3025,3754.1234,3756.8765
110502000,3761.1092,2114800,30236700,4574606900,68137088600,3769.9251,3787.3025,3754.1234,3756.8765
110507000,3760.9789,1606800,24550900,4576213700,68161639500,3769.9251,3787.3025,3754.1234,3756.8765
110512000,3761.2398,1308000,17791000,4577521700,68179430500,3769.9251,3787.3025,3754.1234,3756.8765
110516000,3760.8381,977500,14240700,4578499200,68193671200,3769.9251,3787.3025,3754.1234,3756.8765
110522000,3760.7216,1811800,25294100,4580311000,68218965300,3769.9251,3787.3025,3754.1234,3756.8765
110527000,3760.9247,1421100,24390300,4581732100,68243355600,3769.9251,3787.3025,3754.1234,3756.8765
110532000,3760.9354,1603400,25119500,4583335500,68268475100,3769.9251,3787.3025,3754.1234,3756.8765
110537000,3760.6965,1777400,25553700,4585112900,68294028800,3769.9251,3787.3025,3754.1234,3756.8765
110542000,3760.0196,2312100,26445000,4587425000,68320473800,3769.9251,3787.3025,3754.1234,3756.8765
110547000,3759.1634,1607000,25590400,4589032000,68346064200,3769.9251,3787.3025,3754.1234,3756.8765
110552000,3759.915,1465800,18979000,4590497800,68365043200,3769.9251,3787.3025,3754.1234,3756.8765
110557000,3760.4818,1682700,23577000,4592180500,68388620200,3769.9251,3787.3025,3754.1234,3756.8765
110602000,3759.3615,2035000,29331000,4594215500,68417951200,3769.9251,3787.3025,3754.1234,3756.8765
110607000,3759.5899,2149700,35043200,4596365200,68452994400,3769.9251,3787.3025,3754.1234,3756.8765
110612000,3759.6832,2065300,30265000,4598430500,68483259400,3769.9251,3787.3025,3754.1234,3756.8765
110617000,3759.5416,2336200,27793900,4600766700,68511053300,3769.9251,3787.3025,3754.1234,3756.8765
110622000,3759.7251,1839000,25220000,4602605700,68536273300,3769.9251,3787.3025,3754.1234,3756.8765
110627000,3759.2064,2871600,28149200,4605477300,68564422500,3769.9251,3787.3025,3754.1234,3756.8765
110632000,3759.4613,1449900,22216400,4606927200,68586638900,3769.9251,3787.3025,3754.1234,3756.8765
110637000,3759.5179,1799800,28235600,4608727000,68614874500,3769.9251,3787.3025,3754.1234,3756.8765
110642000,3758.9358,1640400,26922900,4610367400,68641797400,3769.9251,3787.3025,3754.1234,3756.8765
110647000,3759.4544,1302400,20533600,4611669800,68662331000,3769.9251,3787.3025,3754.1234,3756.8765
110652000,3759.1144,2020200,18526300,4613690000,68680857300,3769.9251,3787.3025,3754.1234,3756.8765
110657000,3759.4681,1919500,26283900,4615609500,68707141200,3769.9251,3787.3025,3754.1234,3756.8765
110702000,3759.365,1699900,24123000,4617309400,68731264200,3769.9251,3787.3025,3754.1234,3756.8765
110707000,3758.7464,1688700,25499300,4618998100,68756763500,3769.9251,3787.3025,3754.1234,3756.8765
110712000,3759.0023,1365600,18052500,4620363700,68774816000,3769.9251,3787.3025,3754.1234,3756.8765
110717000,3759.2268,1543900,20102500,4621907600,68794918500,3769.9251,3787.3025,3754.1234,3756.8765
110722000,3758.9692,1514000,18441300,4623421600,68813359800,3769.9251,3787.3025,3754.1234,3756.8765
110727000,3758.9933,1943900,25626400,4625365500,68838986200,3769.9251,3787.3025,3754.1234,3756.8765
110732000,3759.055,1946200,23706400,4627311700,68862692600,3769.9251,3787.3025,3754.1234,3756.8765
110737000,3758.6309,1778900,30689100,4629090600,68893381700,3769.9251,3787.3025,3754.1234,3756.8765
110742000,3758.825,1527300,19106400,4630617900,68912488100,3769.9251,3787.3025,3754.1234,3756.8765
110747000,3758.5609,1839400,26727500,4632457300,68939215600,3769.9251,3787.3025,3754.1234,3756.8765
110752000,3759.0627,1088500,14149600,4633545800,68953365200,3769.9251,3787.3025,3754.1234,3756.8765
110757000,3758.9326,1854400,26615700,4635400200,68979980900,3769.9251,3787.3025,3754.1234,3756.8765
110802000,3758.7051,1686400,28043700,4637086600,69008024600,3769.9251,3787.3025,3754.1234,3756.8765
110807000,3758.5426,1810100,29050300,4638896700,69037074900,3769.9251,3787.3025,3754.1234,3756.8765
110812000,3758.864,1023800,15605100,4639920500,69052680000,3769.9251,3787.3025,3754.1234,3756.8765
110817000,3758.9816,1411000,25055000,4641331500,69077735000,3769.9251,3787.3025,3754.1234,3756.8765
110822000,3758.836,1893200,22869900,4643224700,69100604900,3769.9251,3787.3025,3754.1234,3756.8765
110827000,3758.7448,1547700,22010900,4644772400,69122615800,3769.9251,3787.3025,3754.1234,3756.8765
110832000,3758.734,1335200,21632800,4646107600,69144248600,3769.9251,3787.3025,3754.1234,3756.8765
110837000,3758.2938,1355500,23682000,4647463100,69167930600,3769.9251,3787.3025,3754.1234,3756.8765
110842000,3758.3546,997500,12123600,4648460600,69180054200,3769.9251,3787.3025,3754.1234,3756.8765
110847000,3758.4125,2381100,32204700,4650841700,69212258900,3769.9251,3787.3025,3754.1234,3756.8765
110852000,3758.424,1069700,17797700,4651911400,69230056600,3769.9251,3787.3025,3754.1234,3756.8765
110857000,3759.0066,1778000,24964100,4653689400,69255020700,3769.9251,3787.3025,3754.1234,3756.8765
110902000,3758.059,1543900,21899200,4655233300,69276919900,3769.9251,3787.3025,3754.1234,3756.8765
110907000,3758.4176,1248700,17974700,4656482000,69294894600,3769.9251,3787.3025,3754.1234,3756.8765
110912000,3758.3019,957200,11937000,4657439200,69306831600,3769.9251,3787.3025,3754.1234,3756.8765
110917000,3758.3525,1628500,22914900,4659067700,69329746500,3769.9251,3787.3025,3754.1234,3756.8765
110922000,3758.2582,985400,13895500,4660053100,69343642000,3769.9251,3787.3025,3754.1234,3756.8765
110927000,3758.1786,1310900,21952300,4661364000,69365594300,3769.9251,3787.3025,3754.1234,3756.8765
110932000,3758.3256,1689100,24760600,4663053100,69390354900,3769.9251,3787.3025,3754.1234,3756.8765
110937000,3758.3409,1921200,29672800,4664974300,69420027700,3769.9251,3787.3025,3754.1234,3756.8765
110942000,3758.0546,1249500,15437500,4666223800,69435465200,3769.9251,3787.3025,3754.1234,3756.8765
110947000,3758.3872,1539900,23898500,4667763700,69459363700,3769.9251,3787.3025,3754.1234,3756.8765
110952000,3758.5511,1280500,25789600,4669044200,69485153300,3769.9251,3787.3025,3754.1234,3756.8765
110957000,3758.5848,1625900,21192700,4670670100,69506346000,3769.9251,3787.3025,3754.1234,3756.8765
111002000,3758.4204,1391900,18124700,4672062000,69524470700,3769.9251,3787.3025,3754.1234,3756.8765
111007000,3759.1013,1738600,27286800,4673800600,69551757500,3769.9251,3787.3025,3754.1234,3756.8765
111012000,3758.6362,1434000,19534700,4675234600,69571292200,3769.9251,3787.3025,3754.1234,3756.8765
111017000,3758.3914,1487200,25887900,4676721800,69597180100,3769.9251,3787.3025,3754.1234,3756.8765
111022000,3758.3255,1104200,16154100,4677826000,69613334200,3769.9251,3787.3025,3754.1234,3756.8765
111027000,3758.9326,1449900,24748700,4679275900,69638082900,3769.9251,3787.3025,3754.1234,3756.8765
111032000,3758.6107,1893400,23326800,4681169300,69661409700,3769.9251,3787.3025,3754.1234,3756.8765
111037000,3758.6339,1261000,21946100,4682430300,69683355800,3769.9251,3787.3025,3754.1234,3756.8765
111042000,3758.3609,1055500,14734400,4683485800,69698090200,3769.9251,3787.3025,3754.1234,3756.8765
111047000,3758.4138,1538000,21792300,4685023800,69719882500,3769.9251,3787.3025,3754.1234,3756.8765
111052000,3758.3066,1277300,18101000,4686301100,69737983500,3769.9251,3787.3025,3754.1234,3756.8765
111057000,3758.5414,1577300,21148900,4687878400,69759132400,3769.9251,3787.3025,3754.1234,3756.8765
111102000,3758.4105,1377600,19814100,4689256000,69778946500,3769.9251,3787.3025,3754.1234,3756.8765
111107000,3758.4554,1300500,18960600,4690556500,69797907100,3769.9251,3787.3025,3754.1234,3756.8765
111112000,3758.5936,1027500,13651100,4691584000,69811558200,3769.9251,3787.3025,3754.1234,3756.8765
111117000,3758.4092,1504200,24744500,4693088200,69836302700,3769.9251,3787.3025,3754.1234,3756.8765
111122000,3758.2813,1014000,13325100,4694102200,69849627800,3769.9251,3787.3025,3754.1234,3756.8765
111127000,3758.0712,1520100,22424100,4695622300,69872051900,3769.9251,3787.3025,3754.1234,3756.8765
111132000,3758.6008,1843700,22434200,4697466000,69894486100,3769.9251,3787.3025,3754.1234,3756.8765
111137000,3758.7174,1951900,32093900,4699417900,69926580000,3769.9251,3787.3025,3754.1234,3756.8765
111142000,3758.3392,2053900,20796000,4701471800,69947376000,3769.9251,3787.3025,3754.1234,3756.8765
111147000,3758.2007,1491200,25970600,4702963000,69973346600,3769.9251,3787.3025,3754.1234,3756.8765
111152000,3758.2162,882700,13235100,4703845700,69986581700,3769.9251,3787.3025,3754.1234,3756.8765
111157000,3758.2378,1493100,21462700,4705338800,70008044400,3769.9251,3787.3025,3754.1234,3756.8765
111202000,3758.2389,1839000,28151800,4707177800,70036196200,3769.9251,3787.3025,3754.1234,3756.8765
111207000,3758.4721,1955200,23448100,4709133000,70059644300,3769.9251,3787.3025,3754.1234,3756.8765
111212000,3758.5499,1545800,19464400,4710678800,70079108700,3769.9251,3787.3025,3754.1234,3756.8765
111217000,3758.5222,1474900,23083700,4712153700,70102192400,3769.9251,3787.3025,3754.1234,3756.8765
111222000,3758.4187,1611400,23244300,4713765100,70125436700,3769.9251,3787.3025,3754.1234,3756.8765
111227000,3758.1798,1314600,21517800,4715079700,70146954500,3769.9251,3787.3025,3754.1234,3756.8765
111232000,3758.1313,1331900,21668700,4716411600,70168623200,3769.9251,3787.3025,3754.1234,3756.8765
111237000,3758.3588,2435800,37285000,4718847400,70205908200,3769.9251,3787.3025,3754.1234,3756.8765
111242000,3758.2679,1964900,28306700,4720812300,70234214900,3769.9251,3787.3025,3754.1234,3756.8765
111247000,3758.085,2275900,38122400,4723088200,70272337300,3769.9251,3787.3025,3754.1234,3756.8765
111252000,3758.1688,1125000,16642200,4724213200,70288979500,3769.9251,3787.3025,3754.1234,3756.8765
111257000,3758.3561,1769200,27195400,4725982400,70316174900,3769.9251,3787.3025,3754.1234,3756.8765
111302000,3758.3063,2137800,38758500,4728120200,70354933400,3769.9251,3787.3025,3754.1234,3756.8765
111307000,3758.2708,1733800,28000100,4729854000,70382933500,3769.9251,3787.3025,3754.1234,3756.8765
111312000,3757.9402,1449300,18796100,4731303300,70401729600,3769.9251,3787.3025,3754.1234,3756.8765
111317000,3757.963,1748100,31987400,4733051400,70433717000,3769.9251,3787.3025,3754.1234,3756.8765
111322000,3757.7671,1114100,16192600,4734165500,70449909600,3769.9251,3787.3025,3754.1234,3756.8765
111327000,3757.9981,3087400,35126000,4737252900,70485035600,3769.9251,3787.3025,3754.1234,3756.8765
111332000,3757.8955,1036600,17105800,4738289500,70502141400,3769.9251,3787.3025,3754.1234,3756.8765
111337000,3757.7916,1745100,28447700,4740034600,70530589100,3769.9251,3787.3025,3754.1234,3756.8765
111342000,3757.8384,2027300,29808500,4742061900,70560397600,3769.9251,3787.3025,3754.1234,3756.8765
111347000,3758.0331,1630600,21195400,4743692500,70581593000,3769.9251,3787.3025,3754.1234,3756.8765
111352000,3757.8146,1143400,17103500,4744835900,70598696500,3769.9251,3787.3025,3754.1234,3756.8765
111357000,3758.223,1312300,17368500,4746148200,70616065000,3769.9251,3787.3025,3754.1234,3756.8765
111402000,3758.0898,1349200,24896700,4747497400,70640961700,3769.9251,3787.3025,3754.1234,3756.8765
111407000,3757.9791,1509900,21712400,4749007300,70662674100,3769.9251,3787.3025,3754.1234,3756.8765
111412000,3758.1365,1555200,26606600,4750562500,70689280700,3769.9251,3787.3025,3754.1234,3756.8765
111417000,3758.089,1646500,25939200,4752209000,70715219900,3769.9251,3787.3025,3754.1234,3756.8765
111422000,3758.1295,1276000,23898000,4753485000,70739117900,3769.9251,3787.3025,3754.1234,3756.8765
111427000,3757.8085,1821000,30072200,4755306000,70769190100,3769.9251,3787.3025,3754.1234,3756.8765
111432000,3758.0255,2388400,31661900,4757694400,70800852000,3769.9251,3787.3025,3754.1234,3756.8765
111437000,3757.9176,1849400,31844800,4759543800,70832696800,3769.9251,3787.3025,3754.1234,3756.8765
111442000,3758.055,2575300,29995300,4762119100,70862692100,3769.9251,3787.3025,3754.1234,3756.8765
111447000,3757.8254,1725600,26246900,4763844700,70888939000,3769.9251,3787.3025,3754.1234,3756.8765
111452000,3758.1064,1237500,13305200,4765082200,70902244200,3769.9251,3787.3025,3754.1234,3756.8765
111457000,3757.9647,2221500,27865000,4767303700,70930109200,3769.9251,3787.3025,3754.1234,3756.8765
111502000,3757.7094,1564700,21959600,4768868400,70952068800,3769.9251,3787.3025,3754.1234,3756.8765
111507000,3757.9433,2020100,31328200,4770888500,70983397000,3769.9251,3787.3025,3754.1234,3756.8765
111512000,3757.6926,1705500,28528600,4772594000,71011925600,3769.9251,3787.3025,3754.1234,3756.8765
111517000,3757.8981,1672400,25404400,4774266400,71037330000,3769.9251,3787.3025,3754.1234,3756.8765
111522000,3757.6119,1543500,22716400,4775809900,71060046400,3769.9251,3787.3025,3754.1234,3756.8765
111527000,3757.6599,1717800,28897300,4777527700,71088943700,3769.9251,3787.3025,3754.1234,3756.8765
111532000,3757.6834,1679400,30060200,4779207100,71119003900,3769.9251,3787.3025,3754.1234,3756.8765
111537000,3757.0983,2162000,31918600,4781369100,71150922500,3769.9251,3787.3025,3754.1234,3756.8765
111542000,3756.8889,1606000,21617800,4782975100,71172540300,3769.9251,3787.3025,3754.1234,3756.8765
111547000,3757.1383,2163700,32774900,4785138800,71205315200,3769.9251,3787.3025,3754.1234,3756.8765
111552000,3756.5736,2046000,29229000,4787184800,71234544200,3769.9251,3787.3025,3754.1234,3756.8765
111557000,3756.6791,2484900,40575000,4789669700,71275119200,3769.9251,3787.3025,3754.1234,3756.8765
111602000,3755.6949,3212900,44867000,4792882600,71319986200,3769.9251,3787.3025,3754.1234,3756.8765
111607000,3755.4794,2406500,33946300,4795289100,71353932500,3769.9251,3787.3025,3754.1234,3756.8765
111612000,3755.6422,1677300,26509500,4796966400,71380442000,3769.9251,3787.3025,3754.1234,3756.8765
111617000,3755.3947,2554400,30934300,4799520800,71411376300,3769.9251,3787.3025,3754.1234,3756.8765
111622000,3754.9833,2187700,30629200,4801708500,71442005500,3769.9251,3787.3025,3754.1234,3756.8765
111627000,3754.9878,2750500,45220100,4804459000,71487225600,3769.9251,3787.3025,3754.1234,3756.8765
111632000,3755.1246,1969300,28923000,4806428300,71516148600,3769.9251,3787.3025,3754.1234,3756.8765
111637000,3754.4285,1860900,30651000,4808289200,71546799600,3769.9251,3787.3025,3754.1234,3756.8765
111643000,3754.0093,2530700,32590500,4810819900,71579390100,3769.9251,3787.3025,3753.819,3756.8765
111647000,3753.7222,1253000,19358000,4812072900,71598748100,3769.9251,3787.3025,3753.7222,3756.8765
111653000,3753.7205,2520800,36116000,4814593700,71634864100,3769.9251,3787.3025,3753.5663,3756.8765
111657000,3753.9476,1725100,20913800,4816318800,71655777900,3769.9251,3787.3025,3753.5663,3756.8765
111703000,3753.7676,2485900,40693800,4818804700,71696471700,3769.9251,3787.3025,3753.5663,3756.8765
111707000,3753.7971,2270600,34641300,4821075300,71731113000,3769.9251,3787.3025,3753.5663,3756.8765
111713000,3753.8677,2177100,30843700,4823252400,71761956700,3769.9251,3787.3025,3753.5663,3756.8765
111718000,3753.7379,1260700,17964400,4824513100,71779921100,3769.9251,3787.3025,3753.5663,3756.8765
111723000,3753.8566,1959900,30350100,4826473000,71810271200,3769.9251,3787.3025,3753.5663,3756.8765
111727000,3753.8121,1602700,20002200,4828075700,71830273400,3769.9251,3787.3025,3753.5663,3756.8765
111733000,3753.4456,2495400,33097600,4830571100,71863371000,3769.9251,3787.3025,3753.4456,3756.8765
111738000,3753.7031,2085100,32178400,4832656200,71895549400,3769.9251,3787.3025,3753.4456,3756.8765
111743000,3753.7141,2313200,28023100,4834969400,71923572500,3769.9251,3787.3025,3753.4456,3756.8765
111748000,3753.7732,1322300,18239400,4836291700,71941811900,3769.9251,3787.3025,3753.4456,3756.8765
111753000,3753.652,1420000,24761800,4837711700,71966573700,3769.9251,3787.3025,3753.4456,3756.8765
111758000,3753.9094,1385100,17615200,4839096800,71984188900,3769.9251,3787.3025,3753.4456,3756.8765
111803000,3753.6105,1757200,20801000,4840854000,72004989900,3769.9251,3787.3025,3753.4456,3756.8765
111808000,3753.6601,1515500,20819300,4842369500,72025809200,3769.9251,3787.3025,3753.4456,3756.8765
111813000,3753.9479,1711600,26630200,4844081100,72052439400,3769.9251,3787.3025,3753.4456,3756.8765
111818000,3753.8708,1783800,21313200,4845864900,72073752600,3769.9251,3787.3025,3753.4456,3756.8765
111823000,3753.6369,1875000,22441200,4847739900,72096193800,3769.9251,3787.3025,3753.4456,3756.8765
111828000,3753.44,2514600,20595200,4850254500,72116789000,3769.9251,3787.3025,3753.44,3756.8765
111833000,3753.4649,1874600,23228100,4852129100,72140017100,3769.9251,3787.3025,3753.2984,3756.8765
111838000,3753.4882,1995100,28254600,4854124200,72168271700,3769.9251,3787.3025,3753.2984,3756.8765
111843000,3753.3367,3044300,31386800,4857168500,72199658500,3769.9251,3787.3025,3753.1114,3756.8765
111848000,3753.6427,1351200,17131600,4858519700,72216790100,3769.9251,3787.3025,3753.1114,3756.8765
111853000,3753.3005,1742800,27331200,4860262500,72244121300,3769.9251,3787.3025,3753.1114,3756.8765
111858000,3753.548,1450900,16882900,4861713400,72261004200,3769.9251,3787.3025,3753.1114,3756.8765
111903000,3754.0438,3295000,43704600,4865008400,72304708800,3769.9251,3787.3025,3753.1114,3756.8765
111908000,3754.3346,2573300,30787100,4867581700,72335495900,3769.9251,3787.3025,3753.1114,3756.8765
111913000,3754.2823,1452400,25056700,4869034100,72360552600,3769.9251,3787.3025,3753.1114,3756.8765
111918000,3755.26,1697700,23934100,4870731800,72384486700,3769.9251,3787.3025,3753.1114,3756.8765
111923000,3754.8062,2313900,30299500,4873045700,72414786200,3769.9251,3787.3025,3753.1114,3756.8765
111928000,3755.5201,1197600,16558500,4874243300,72431344700,3769.9251,3787.3025,3753.1114,3756.8765
111933000,3755.5841,2211500,23820600,4876454800,72455165300,3769.9251,3787.3025,3753.1114,3756.8765
111938000,3755.567,1540200,30604500,4877995000,72485769800,3769.9251,3787.3025,3753.1114,3756.8765
111943000,3755.8136,1904900,30396100,4879899900,72516165900,3769.9251,3787.3025,3753.1114,3756.8765
111948000,3756.0337,1211700,16194800,4881111600,72532360700,3769.9251,3787.3025,3753.1114,3756.8765
111953000,3755.6758,1369300,22567400,4882480900,72554928100,3769.9251,3787.3025,3753.1114,3756.8765
111958000,3755.6954,856500,11398500,4883337400,72566326600,3769.9251,3787.3025,3753.1114,3756.8765
112003000,3756.0251,1899600,24862800,4885237000,72591189400,3769.9251,3787.3025,3753.1114,3756.8765
112008000,3755.9231,2191100,26693100,4887428100,72617882500,3769.9251,3787.3025,3753.1114,3756.8765
112013000,3756.2011,1159000,19902900,4888587100,72637785400,3769.9251,3787.3025,3753.1114,3756.8765
112018000,3755.6932,1284300,17850100,4889871400,72655635500,3769.9251,3787.3025,3753.1114,3756.8765
112023000,3756.0012,1324700,18805100,4891196100,72674440600,3769.9251,3787.3025,3753.1114,3756.8765
112028000,3755.7661,1172700,15186800,4892368800,72689627400,3769.9251,3787.3025,3753.1114,3756.8765
112033000,3755.8167,1278500,21069400,4893647300,72710696800,3769.9251,3787.3025,3753.1114,3756.8765
112038000,3755.9481,1839600,27327500,4895486900,72738024300,3769.9251,3787.3025,3753.1114,3756.8765
112043000,3755.8771,1542000,21250900,4897028900,72759275200,3769.9251,3787.3025,3753.1114,3756.8765
112048000,3755.7938,1076000,17228400,4898104900,72776503600,3769.9251,3787.3025,3753.1114,3756.8765
112053000,3755.5019,1587700,23351300,4899692600,72799854900,3769.9251,3787.3025,3753.1114,3756.8765
112058000,3756.2082,1104500,14742300,4900797100,72814597200,3769.9251,3787.3025,3753.1114,3756.8765
112103000,3755.794,1652800,21125500,4902449900,72835722700,3769.9251,3787.3025,3753.1114,3756.8765
112108000,3755.1808,1829300,26232100,4904279200,72861954800,3769.9251,3787.3025,3753.1114,3756.8765
112113000,3755.149,1127200,22718400,4905406400,72884673200,3769.9251,3787.3025,3753.1114,3756.8765
112118000,3755.1877,951800,13355400,4906358200,72898028600,3769.9251,3787.3025,3753.1114,3756.8765
112123000,3755.385,1052700,16129900,4907410900,72914158500,3769.9251,3787.3025,3753.1114,3756.8765
112128000,3755.7411,1411300,14447800,4908822200,72928606300,3769.9251,3787.3025,3753.1114,3756.8765
112133000,3755.1575,1600400,21302400,4910422600,72949908700,3769.9251,3787.3025,3753.1114,3756.8765
112138000,3755.4302,1554100,27239400,4911976700,72977148100,3769.9251,3787.3025,3753.1114,3756.8765
112143000,3755.4197,2316100,35391900,4914292800,73012540000,3769.9251,3787.3025,3753.1114,3756.8765
112148000,3755.5068,1288500,19788500,4915581300,73032328500,3769.9251,3787.3025,3753.1114,3756.8765
112153000,3755.7642,2070900,22362100,4917652200,73054690600,3769.9251,3787.3025,3753.1114,3756.8765
112158000,3755.5352,1322100,19324900,4918974300,73074015500,3769.9251,3787.3025,3753.1114,3756.8765
112203000,3755.5291,1769400,23603300,4920743700,73097618800,3769.9251,3787.3025,3753.1114,3756.8765
112208000,3755.7181,2510900,25941400,4923254600,73123560200,3769.9251,3787.3025,3753.1114,3756.8765
112213000,3755.7146,1445000,21417200,4924699600,73144977400,3769.9251,3787.3025,3753.1114,3756.8765
112218000,3755.3721,1942900,19635600,4926642500,73164613000,3769.9251,3787.3025,3753.1114,3756.8765
112223000,3755.339,1717500,28662300,4928360000,73193275300,3769.9251,3787.3025,3753.1114,3756.8765
112228000,3755.7146,1438100,20365900,4929798100,73213641200,3769.9251,3787.3025,3753.1114,3756.8765
112233000,3755.5159,1452600,22666800,4931250700,73236308000,3769.9251,3787.3025,3753.1114,3756.8765
112238000,3755.3795,1466700,19383000,4932717400,73255691000,3769.9251,3787.3025,3753.1114,3756.8765
112243000,3755.3808,1611300,22770500,4934328700,73278461500,3769.9251,3787.3025,3753.1114,3756.8765
112248000,3755.0764,870000,10951400,4935198700,73289412900,3769.9251,3787.3025,3753.1114,3756.8765
112253000,3754.6976,1499700,24359600,4936698400,73313772500,3769.9251,3787.3025,3753.1114,3756.8765
112258000,3755.2371,1333300,16807700,4938031700,73330580200,3769.9251,3787.3025,3753.1114,3756.8765
112303000,3754.9947,1900000,25791100,4939931700,73356371300,3769.9251,3787.3025,3753.1114,3756.8765
112308000,3755.1302,1447900,26250000,4941379600,73382621300,3769.9251,3787.3025,3753.1114,3756.8765
112313000,3754.4619,1598300,20943700,4942977900,73403565000,3769.9251,3787.3025,3753.1114,3756.8765
112318000,3754.4685,1697700,20545200,4944675600,73424110200,3769.9251,3787.3025,3753.1114,3756.8765
112323000,3754.8437,2186500,27127600,4946862100,73451237800,3769.9251,3787.3025,3753.1114,3756.8765
112328000,3754.1387,1123500,17640700,4947985600,73468878500,3769.9251,3787.3025,3753.1114,3756.8765
112333000,3753.9744,2054800,27188400,4950040400,73496066900,3769.9251,3787.3025,3753.1114,3756.8765
112338000,3754.2908,1444900,19575100,4951485300,73515642000,3769.9251,3787.3025,3753.1114,3756.8765
112343000,3753.8679,2309100,25852600,4953794400,73541494600,3769.9251,3787.3025,3753.1114,3756.8765
112348000,3754.6268,1805500,27193700,4955599900,73568688300,3769.9251,3787.3025,3753.1114,3756.8765
112353000,3753.7533,2113600,32489100,4957713500,73601177400,3769.9251,3787.3025,3753.1114,3756.8765
112358000,3754.0178,2752800,30885300,4960466300,73632062700,3769.9251,3787.3025,3753.1114,3756.8765
112403000,3753.5916,2473000,32967800,4962939300,73665030500,3769.9251,3787.3025,3753.1114,3756.8765
112408000,3753.4227,1836500,27764100,4964775800,73692794600,3769.9251,3787.3025,3753.1114,3756.8765
112413000,3753.2781,1815100,25563300,4966590900,73718357900,3769.9251,3787.3025,3753.1114,3756.8765
112418000,3753.5759,1985300,22637700,4968576200,73740995600,3769.9251,3787.3025,3753.1114,3756.8765
112423000,3753.4994,2602600,31615900,4971178800,73772611500,3769.9251,3787.3025,3753.1114,3756.8765
112428000,3753.4604,1246600,17579900,4972425400,73790191400,3769.9251,3787.3025,3753.1114,3756.8765
112433000,3753.0833,1609600,28620300,4974035000,73818811700,3769.9251,3787.3025,3753.0833,3756.8765
112438000,3753.043,2233000,34454200,4976268000,73853265900,3769.9251,3787.3025,3753.043,3756.8765
112443000,3752.9203,1445200,19476100,4977713200,73872742000,3769.9251,3787.3025,3752.9203,3756.8765
112448000,3753.0434,1977800,27494900,4979691000,73900236900,3769.9251,3787.3025,3752.8848,3756.8765
112453000,3753.0938,2209000,31706800,4981900000,73931943700,3769.9251,3787.3025,3752.8848,3756.8765
112458000,3752.896,2327600,21196900,4984227600,73953140600,3769.9251,3787.3025,3752.5096,3756.8765
112503000,3752.5274,1731300,24647300,4985958900,73977787900,3769.9251,3787.3025,3752.4918,3756.8765
112508000,3752.5001,1738900,24903900,4987697800,74002691800,3769.9251,3787.3025,3752.3078,3756.8765
112513000,3752.4203,2968700,32257400,4990666500,74034949200,3769.9251,3787.3025,3752.3078,3756.8765
112518000,3752.3494,1455300,19654800,4992121800,74054604000,3769.9251,3787.3025,3752.3078,3756.8765
112523000,3752.4375,2008200,24129900,4994130000,74078733900,3769.9251,3787.3025,3752.286,3756.8765
112528000,3752.4298,2414300,33555200,4996544300,74112289100,3769.9251,3787.3025,3752.286,3756.8765
112533000,3752.5021,2324300,26510400,4998868600,74138799500,3769.9251,3787.3025,3752.286,3756.8765
112538000,3752.2728,2612700,34914100,5001481300,74173713600,3769.9251,3787.3025,3752.2716,3756.8765
112543000,3752.1913,2349400,29885100,5003830700,74203598700,3769.9251,3787.3025,3751.827,3756.8765
112548000,3751.8789,1960300,23226400,5005791000,74226825100,3769.9251,3787.3025,3751.827,3756.8765
112553000,3752.0988,2385900,36652000,5008176900,74263477100,3769.9251,3787.3025,3751.827,3756.8765
112558000,3752.0975,1914100,23318200,5010091000,74286795300,3769.9251,3787.3025,3751.827,3756.8765
112603000,3752.0359,1852200,22114100,5011943200,74308909400,3769.9251,3787.3025,3751.827,3756.8765
112608000,3751.8887,1886700,30078900,5013829900,74338988300,3769.9251,3787.3025,3751.8183,3756.8765
112613000,3751.5635,1804500,24793100,5015634400,74363781400,3769.9251,3787.3025,3751.5635,3756.8765
112618000,3751.6976,1333400,19529300,5016967800,74383310700,3769.9251,3787.3025,3751.5635,3756.8765
112623000,3751.3588,1886700,27316000,5018854500,74410626700,3769.9251,3787.3025,3751.3588,3756.8765
112628000,3751.4751,1336700,19697600,5020191200,74430324300,3769.9251,3787.3025,3751.29,3756.8765
112633000,3751.3919,1903900,25148500,5022095100,74455472800,3769.9251,3787.3025,3751.2637,3756.8765
112638000,3751.3777,1531300,25626600,5023626400,74481099400,3769.9251,3787.3025,3751.2637,3756.8765
112643000,3751.0107,2143300,28091400,5025769700,74509190800,3769.9251,3787.3025,3751.0107,3756.8765
112648000,3751.2389,2093100,25778700,5027862800,74534969500,3769.9251,3787.3025,3750.8328,3756.8765
112653000,3751.5083,1918500,26950400,5029781300,74561919900,3769.9251,3787.3025,3750.8328,3756.8765
112658000,3751.4305,1941400,29200600,5031722700,74591120500,3769.9251,3787.3025,3750.8328,3756.8765
112703000,3751.2109,2839300,36355900,5034562000,74627476400,3769.9251,3787.3025,3750.8328,3756.8765
112708000,3750.2519,1929900,30159900,5036491900,74657636300,3769.9251,3787.3025,3750.2519,3756.8765
112713000,3749.5082,2122900,27891500,5038614800,74685527800,3769.9251,3787.3025,3749.5082,3756.8765
112718000,3749.6669,2022600,32064900,5040637400,74717592700,3769.9251,3787.3025,3749.5082,3756.8765
112723000,3749.3319,2257300,35450500,5042894700,74753043200,3769.9251,3787.3025,3749.3319,3756.8765
112728000,3749.6471,2968300,34077400,5045863000,74787120600,3769.9251,3787.3025,3749.3319,3756.8765
112733000,3749.3078,2302500,38579900,5048165500,74825700500,3769.9251,3787.3025,3749.3078,3756.8765
112738000,3749.6848,1813700,29231300,5049979200,74854931800,3769.9251,3787.3025,3749.2105,3756.8765
112743000,3749.7783,2219200,31539300,5052198400,74886471100,3769.9251,3787.3025,3749.2105,3756.8765
112748000,3749.8881,1592200,18862200,5053790600,74905333300,3769.9251,3787.3025,3749.2105,3756.8765
112753000,3748.7142,2067500,25889500,5055858100,74931222800,3769.9251,3787.3025,3748.7142,3756.8765
112758000,3748.9768,1986100,24239200,5057844200,74955462000,3769.9251,3787.3025,3748.7142,3756.8765
112803000,3748.6841,2325300,32433900,5060169500,74987895900,3769.9251,3787.3025,3748.6303,3756.8765
112808000,3748.2967,2944100,42549900,5063113600,75030445800,3769.9251,3787.3025,3748.2967,3756.8765
112813000,3748.9625,2137100,31332800,5065250700,75061778600,3769.9251,3787.3025,3748.2967,3756.8765
112818000,3748.9583,2047100,27893000,5067297800,75089671600,3769.9251,3787.3025,3748.2967,3756.8765
112823000,3748.7341,2149800,33999400,5069447600,75123671000,3769.9251,3787.3025,3748.2967,3756.8765
112828000,3748.8308,1500400,18569100,5070948000,75142240100,3769.9251,3787.3025,3748.2967,3756.8765
112833000,3748.8169,2552600,33905900,5073500600,75176146000,3769.9251,3787.3025,3748.2967,3756.8765
112838000,3748.4002,2519400,29628200,5076020000,75205774200,3769.9251,3787.3025,3748.2967,3756.8765
112843000,3748.2456,2127600,25741500,5078147600,75231515700,3769.9251,3787.3025,3748.1093,3756.8765
112849000,3748.5698,2318800,30729000,5080466400,75262244700,3769.9251,3787.3025,3748.1093,3756.8765
112854000,3748.2544,1707600,24877300,5082174000,75287122000,3769.9251,3787.3025,3748.1093,3756.8765
112858000,3748.258,1269000,17943800,5083443000,75305065800,3769.9251,3787.3025,3748.1093,3756.8765
112903000,3748.8616,2764100,36586600,5086207100,75341652400,3769.9251,3787.3025,3748.1093,3756.8765
112909000,3748.5006,2582700,31884100,5088789800,75373536500,3769.9251,3787.3025,3748.1093,3756.8765
112913000,3748.4507,2802800,33048900,5091592600,75406585400,3769.9251,3787.3025,3748.1093,3756.8765
112919000,3748.4522,2088600,30872300,5093681200,75437457700,3769.9251,3787.3025,3748.1093,3756.8765
112923000,3749.373,1479400,20918300,5095160600,75458376000,3769.9251,3787.3025,3748.1093,3756.8765
112929000,3748.0112,2789500,33521600,5097950100,75491897600,3769.9251,3787.3025,3747.9588,3756.8765
112934000,3748.434,1542900,23792200,5099493000,75515689800,3769.9251,3787.3025,3747.7571,3756.8765
112938000,3748.8262,3170200,30198600,5102663200,75545888400,3769.9251,3787.3025,3747.7571,3756.8765
112944000,3748.9333,1934700,29043400,5104597900,75574931800,3769.9251,3787.3025,3747.7571,3756.8765
112949000,3748.8923,1636200,26966700,5106234100,75601898500,3769.9251,3787.3025,3747.7571,3756.8765
112954000,3749.1329,1492200,17450700,5107726300,75619349200,3769.9251,3787.3025,3747.7571,3756.8765
112959000,3748.9244,1588400,22112300,5109314700,75641461500,3769.9251,3787.3025,3747.7571,3756.8765
113000000,3748.9207,1442700,13429800,5110757400,75654891300,3769.9251,3787.3025,3747.7571,3756.8765
113003000,3748.9794,106300,2145400,5110863700,75657036700,3769.9251,3787.3025,3747.7571,3756.8765
130001000,3748.931,6900400,78133600,5117764100,75735170300,3769.9251,3787.3025,3747.7571,3756.8765
130006000,3748.9446,30894200,344896400,5148658300,76080066700,3769.9251,3787.3025,3747.7571,3756.8765
130011000,3749.2551,5926700,78264700,5154585000,76158331400,3769.9251,3787.3025,3747.7571,3756.8765
130016000,3749.891,2181500,27746300,5156766500,76186077700,3769.9251,3787.3025,3747.7571,3756.8765
130021000,3749.6899,1440900,23867900,5158207400,76209945600,3769.9251,3787.3025,3747.7571,3756.8765
130026000,3748.8552,1405100,22899300,5159612500,76232844900,3769.9251,3787.3025,3747.7571,3756.8765
130031000,3748.8144,1606700,24811300,5161219200,76257656200,3769.9251,3787.3025,3747.7571,3756.8765
130036000,3749.3107,952400,15787200,5162171600,76273443400,3769.9251,3787.3025,3747.7571,3756.8765
130041000,3749.7368,1413900,19304800,5163585500,76292748200,3769.9251,3787.3025,3747.7571,3756.8765
130046000,3749.3423,2077600,20920100,5165663100,76313668300,3769.9251,3787.3025,3747.7571,3756.8765
130051000,3749.1265,1009300,16714600,5166672400,76330382900,3769.9251,3787.3025,3747.7571,3756.8765
130056000,3749.4946,1231300,18128500,5167903700,76348511400,3769.9251,3787.3025,3747.7571,3756.8765
130101000,3749.4112,1254100,17822800,5169157800,76366334200,3769.9251,3787.3025,3747.7571,3756.8765
130106000,3749.7067,1099700,12770300,5170257500,76379104500,3769.9251,3787.3025,3747.7571,3756.8765
130111000,3749.4171,1708300,22091500,5171965800,76401196000,3769.9251,3787.3025,3747.7571,3756.8765
130116000,3749.6459,1010300,12277400,5172976100,76413473400,3769.9251,3787.3025,3747.7571,3756.8765
130121000,3749.2562,2675500,24086500,5175651600,76437559900,3769.9251,3787.3025,3747.7571,3756.8765
130126000,3749.8091,1301200,19620000,5176952800,76457179900,3769.9251,3787.3025,3747.7571,3756.8765
130131000,3749.2839,2269900,25561000,5179222700,76482740900,3769.9251,3787.3025,3747.7571,3756.8765
130136000,3749.3692,938300,14445300,5180161000,76497186200,3769.9251,3787.3025,3747.7571,3756.8765
130141000,3749.6079,1554800,23152800,5181715800,76520339000,3769.9251,3787.3025,3747.7571,3756.8765
130146000,3749.8109,1306000,19399300,5183021800,76539738300,3769.9251,3787.3025,3747.7571,3756.8765
130151000,3750.1488,1445000,27998900,5184466800,76567737200,3769.9251,3787.3025,3747.7571,3756.8765
130156000,3749.6831,1544500,24059100,5186011300,76591796300,3769.9251,3787.3025,3747.7571,3756.8765
130201000,3749.7445,2722400,33680000,5188733700,76625476300,3769.9251,3787.3025,3747.7571,3756.8765
130206000,3750.0688,1312400,17750100,5190046100,76643226400,3769.9251,3787.3025,3747.7571,3756.8765
130211000,3749.9105,1491100,21666400,5191537200,76664892800,3769.9251,3787.3025,3747.7571,3756.8765
130216000,3749.6395,1300000,17914100,5192837200,76682806900,3769.9251,3787.3025,3747.7571,3756.8765
130221000,3750.1298,1192000,18576900,5194029200,76701383800,3769.9251,3787.3025,3747.7571,3756.8765
130226000,3749.8177,2261200,23430800,5196290400,76724814600,3769.9251,3787.3025,3747.7571,3756.8765
130231000,3749.9595,1940300,22209300,5198230700,76747023900,3769.9251,3787.3025,3747.7571,3756.8765
130236000,3749.5503,1247400,20484500,5199478100,76767508400,3769.9251,3787.3025,3747.7571,3756.8765
130241000,3750.6633,2266000,34982000,5201744100,76802490400,3769.9251,3787.3025,3747.7571,3756.8765
130246000,3750.3505,1380000,19572900,5203124100,76822063300,3769.9251,3787.3025,3747.7571,3756.8765
130251000,3750.4882,1715500,24703800,5204839600,76846767100,3769.9251,3787.3025,3747.7571,3756.8765
130256000,3750.6518,1663300,22087500,5206502900,76868854600,3769.9251,3787.3025,3747.7571,3756.8765
130301000,3750.3887,1392700,20095100,5207895600,76888949700,3769.9251,3787.3025,3747.7571,3756.8765
130306000,3750.6507,1531200,18819600,5209426800,76907769300,3769.9251,3787.3025,3747.7571,3756.8765
130311000,3750.3385,1795600,21319000,5211222400,76929088300,3769.9251,3787.3025,3747.7571,3756.8765
130316000,3750.5602,1029800,13722500,5212252200,76942810800,3769.9251,3787.3025,3747.7571,3756.8765
130321000,3750.4495,1614900,19428700,5213867100,76962239500,3769.9251,3787.3025,3747.7571,3756.8765
130326000,3750.5713,1553600,22514800,5215420700,76984754300,3769.9251,3787.3025,3747.7571,3756.8765
130331000,3750.4629,2665100,29265400,5218085800,77014019700,3769.9251,3787.3025,3747.7571,3756.8765
130336000,3750.4691,1600500,18630500,5219686300,77032650200,3769.9251,3787.3025,3747.7571,3756.8765
130341000,3750.375,1919400,24736500,5221605700,77057386700,3769.9251,3787.3025,3747.7571,3756.8765
130346000,3750.5555,1694300,23386500,5223300000,77080773200,3769.9251,3787.3025,3747.7571,3756.8765
130351000,3750.6466,1266300,16552700,5224566300,77097325900,3769.9251,3787.3025,3747.7571,3756.8765
130356000,3750.9298,1807700,21962300,5226374000,77119288200,3769.9251,3787.3025,3747.7571,3756.8765
130401000,3750.4652,1531800,20756000,5227905800,77140044200,3769.9251,3787.3025,3747.7571,3756.8765
130405000,3751.0519,1627900,18523000,5229533700,77158567200,3769.9251,3787.3025,3747.7571,3756.8765
130411000,3750.6857,1936700,32682100,5231470400,77191249300,3769.9251,3787.3025,3747.7571,3756.8765
130416000,3750.6718,1492700,15977100,5232963100,77207226400,3769.9251,3787.3025,3747.7571,3756.8765
130421000,3750.5488,1074000,15838900,5234037100,77223065300,3769.9251,3787.3025,3747.7571,3756.8765
130426000,3750.9062,1118000,18394700,5235155100,77241460000,3769.9251,3787.3025,3747.7571,3756.8765
130431000,3750.6685,1207900,18816300,5236363000,77260276300,3769.9251,3787.3025,3747.7571,3756.8765
130436000,3750.6588,910800,13044400,5237273800,77273320700,3769.9251,3787.3025,3747.7571,3756.8765
130441000,3750.4754,1733700,22871800,5239007500,77296192500,3769.9251,3787.3025,3747.7571,3756.8765
130446000,3750.5579,1601700,18321200,5240609200,77314513700,3769.9251,3787.3025,3747.7571,3756.8765
130451000,3750.3246,2152700,27007900,5242761900,77341521600,3769.9251,3787.3025,3747.7571,3756.8765
130456000,3750.1536,1170700,18948200,5243932600,77360469800,3769.9251,3787.3025,3747.7571,3756.8765
130501000,3749.9034,1645100,18464000,5245577700,77378933800,3769.9251,3787.3025,3747.7571,3756.8765
130506000,3750.2774,1170200,17100000,5246747900,77396033800,3769.9251,3787.3025,3747.7571,3756.8765
130511000,3750.0974,1816500,35458100,5248564400,77431491900,3769.9251,3787.3025,3747.7571,3756.8765
130516000,3750.071,1486100,20242000,5250050500,77451733900,3769.9251,3787.3025,3747.7571,3756.8765
130521000,3749.9234,1940400,24132200,5251990900,77475866100,3769.9251,3787.3025,3747.7571,3756.8765
130526000,3749.9599,1728400,27028600,5253719300,77502894700,3769.9251,3787.3025,3747.7571,3756.8765
130531000,3749.8396,1834500,27970000,5255553800,77530864700,3769.9251,3787.3025,3747.7571,3756.8765
130536000,3749.8537,968500,14992100,5256522300,77545856800,3769.9251,3787.3025,3747.7571,3756.8765
130541000,3749.3137,1557200,22754100,5258079500,77568610900,3769.9251,3787.3025,3747.7571,3756.8765
130546000,3749.8397,985300,15882500,5259064800,77584493400,3769.9251,3787.3025,3747.7571,3756.8765
130551000,3749.5086,2335900,22065200,5261400700,77606558600,3769.9251,3787.3025,3747.7571,3756.8765
130556000,3750.0481,2964400,35109100,5264365100,77641667700,3769.9251,3787.3025,3747.7571,3756.8765
130601000,3749.6745,1671900,21051400,5266037000,77662719100,3769.9251,3787.3025,3747.7571,3756.8765
130606000,3749.7861,2022100,27364800,5268059100,77690083900,3769.9251,3787.3025,3747.7571,3756.8765
130611000,3749.7705,1655100,26572700,5269714200,77716656600,3769.9251,3787.3025,3747.7571,3756.8765
130616000,3750.1847,1078700,14916300,5270792900,77731572900,3769.9251,3787.3025,3747.7571,3756.8765
130621000,3749.869,1197700,21260000,5271990600,77752832900,3769.9251,3787.3025,3747.7571,3756.8765
130626000,3750.3691,2122100,25958300,5274112700,77778791200,3769.9251,3787.3025,3747.7571,3756.8765
130632000,3750.1181,2041400,39789300,5276154100,77818580500,3769.9251,3787.3025,3747.7571,3756.8765
130636000,3749.9458,923900,12940700,5277078000,77831521200,3769.9251,3787.3025,3747.7571,3756.8765
130641000,3749.9538,2057500,35478600,5279135500,77866999800,3769.9251,3787.3025,3747.7571,3756.8765
130647000,3749.7314,1476200,24229400,5280611700,77891229200,3769.9251,3787.3025,3747.7571,3756.8765
130651000,3750.1601,739700,11670600,5281351400,77902899800,3769.9251,3787.3025,3747.7571,3756.8765
130657000,3750.3191,1467700,25495400,5282819100,77928395200,3769.9251,3787.3025,3747.7571,3756.8765
130702000,3750.0014,2157600,29383300,5284976700,77957778500,3769.9251,3787.3025,3747.7571,3756.8765
130706000,3749.9296,1299100,18836200,5286275800,77976614700,3769.9251,3787.3025,3747.7571,3756.8765
130712000,3750.3031,1832600,23779000,5288108400,78000393700,3769.9251,3787.3025,3747.7571,3756.8765
130717000,3750.169,1972400,29139900,5290080800,78029533600,3769.9251,3787.3025,3747.7571,3756.8765
130722000,3750.0227,900800,18153300,5290981600,78047686900,3769.9251,3787.3025,3747.7571,3756.8765
130727000,3750.4552,1574800,19667100,5292556400,78067354000,3769.9251,3787.3025,3747.7571,3756.8765
130732000,3750.3748,2302300,29127000,5294858700,78096481000,3769.9251,3787.3025,3747.7571,3756.8765
130736000,3750.1239,1229200,16459500,5296087900,78112940500,3769.9251,3787.3025,3747.7571,3756.8765
130742000,3750.3744,1722300,27243100,5297810200,78140183600,3769.9251,3787.3025,3747.7571,3756.8765
130747000,3750.5036,1844100,31282600,5299654300,78171466200,3769.9251,3787.3025,3747.7571,3756.8765
130752000,3750.1709,1918600,26700800,5301572900,78198167000,3769.9251,3787.3025,3747.7571,3756.8765
130757000,3750.2997,1522400,28477200,5303095300,78226644200,3769.9251,3787.3025,3747.7571,3756.8765
130802000,3750.6803,1802000,32959400,5304897300,78259603600,3769.9251,3787.3025,3747.7571,3756.8765
130807000,3750.8874,2227300,46519600,5307124600,78306123200,3769.9251,3787.3025,3747.7571,3756.8765
130812000,3750.2459,1183500,16752100,5308308100,78322875300,3769.9251,3787.3025,3747.7571,3756.8765
130817000,3750.1582,2025800,32652500,5310333900,78355527800,3769.9251,3787.3025,3747.7571,3756.8765
130822000,3749.3912,1728300,21901300,5312062200,78377429100,3769.9251,3787.3025,3747.7571,3756.8765
130827000,3749.3417,1701100,29846500,5313763300,78407275600,3769.9251,3787.3025,3747.7571,3756.8765
130832000,3749.5073,1854400,24897800,5315617700,78432173400,3769.9251,3787.3025,3747.7571,3756.8765
130837000,3749.2892,1297400,23089600,5316915100,78455263000,3769.9251,3787.3025,3747.7571,3756.8765
130842000,3748.8302,1604800,22305300,5318519900,78477568300,3769.9251,3787.3025,3747.7571,3756.8765
130847000,3749.6989,2423000,30027400,5320942900,78507595700,3769.9251,3787.3025,3747.7571,3756.8765
130852000,3749.2374,1959700,24791200,5322902600,78532386900,3769.9251,3787.3025,3747.7571,3756.8765
130857000,3748.735,1567600,26549500,5324470200,78558936400,3769.9251,3787.3025,3747.7571,3756.8765
130902000,3748.7054,2226500,31718900,5326696700,78590655300,3769.9251,3787.3025,3747.7571,3756.8765
130907000,3748.7709,2031300,27378100,5328728000,78618033400,3769.9251,3787.3025,3747.7571,3756.8765
130912000,3748.0998,1634900,22176000,5330362900,78640209400,3769.9251,3787.3025,3747.7571,3756.8765
130917000,3747.9684,1868600,26538300,5332231500,78666747700,3769.9251,3787.3025,3747.7571,3756.8765
130922000,3748.2449,1359500,17230000,5333591000,78683977700,3769.9251,3787.3025,3747.7571,3756.8765
130927000,3748.2413,1338300,17040900,5334929300,78701018600,3769.9251,3787.3025,3747.7571,3756.8765
130932000,3748.3303,2979800,31602300,5337909100,78732620900,3769.9251,3787.3025,3747.7571,3756.8765
130937000,3748.2342,2221100,36463000,5340130200,78769083900,3769.9251,3787.3025,3747.7571,3756.8765
130942000,3747.3714,1556900,22420200,5341687100,78791504100,3769.9251,3787.3025,3747.3714,3756.8765
130947000,3747.2435,1915500,23507000,5343602600,78815011100,3769.9251,3787.3025,3747.2435,3756.8765
130952000,3747.456,1257400,16850200,5344860000,78831861300,3769.9251,3787.3025,3747.2435,3756.8765
130957000,3747.3932,1687800,28484200,5346547800,78860345500,3769.9251,3787.3025,3747.2435,3756.8765
131002000,3747.5892,2493900,29367800,5349041700,78889713300,3769.9251,3787.3025,3747.2435,3756.8765
131007000,3747.4966,1821600,25508900,5350863300,78915222200,3769.9251,3787.3025,3747.2435,3756.8765
131012000,3748.0973,1670900,25041900,5352534200,78940264100,3769.9251,3787.3025,3747.2435,3756.8765
131017000,3747.9941,2190500,29672900,5354724700,78969937000,3769.9251,3787.3025,3747.2435,3756.8765
131022000,3747.9819,1806800,25945200,5356531500,78995882200,3769.9251,3787.3025,3747.2435,3756.8765
131027000,3747.6492,1737500,20328000,5358269000,79016210200,3769.9251,3787.3025,3747.2435,3756.8765
131032000,3747.5716,2832500,37879500,5361101500,79054089700,3769.9251,3787.3025,3747.2435,3756.8765
131037000,3747.6685,1573500,22041000,5362675000,79076130700,3769.9251,3787.3025,3747.2435,3756.8765
131042000,3747.4486,1356500,22172100,5364031500,79098302800,3769.9251,3787.3025,3747.2435,3756.8765
131047000,3747.3836,1926000,27825000,5365957500,79126127800,3769.9251,3787.3025,3747.2435,3756.8765
131052000,3747.2808,1035900,20812100,5366993400,79146939900,3769.9251,3787.3025,3747.0284,3756.8765
131057000,3747.5277,1608000,23549200,5368601400,79170489100,3769.9251,3787.3025,3747.0284,3756.8765
131102000,3747.3262,1980900,30070900,5370582300,79200560000,3769.9251,3787.3025,3747.0284,3756.8765
131107000,3747.2928,2144900,28645000,5372727200,79229205000,3769.9251,3787.3025,3747.0284,3756.8765
131112000,3747.2128,1257900,17671000,5373985100,79246876000,3769.9251,3787.3025,3747.0284,3756.8765
131117000,3747.3751,2060800,33195600,5376045900,79280071600,3769.9251,3787.3025,3747.0284,3756.8765
131122000,3747.5144,1220200,15650000,5377266100,79295721600,3769.9251,3787.3025,3747.0284,3756.8765
131127000,3747.3217,1076500,16939200,5378342600,79312660800,3769.9251,3787.3025,3747.0284,3756.8765
131132000,3747.7818,1673400,21014700,5380016000,79333675500,3769.9251,3787.3025,3747.0284,3756.8765
131137000,3747.4018,2458900,28120300,5382474900,79361795800,3769.9251,3787.3025,3747.0284,3756.8765
131142000,3747.1898,2510700,22845000,5384985600,79384640800,3769.9251,3787.3025,3747.0284,3756.8765
131147000,3747.0258,1870800,27845000,5386856400,79412485800,3769.9251,3787.3025,3747.0258,3756.8765
131152000,3747.0775,1252800,19121600,5388109200,79431607400,3769.9251,3787.3025,3747.0258,3756.8765
131157000,3746.8741,1806100,27371800,5389915300,79458979200,3769.9251,3787.3025,3746.6888,3756.8765
131202000,3746.7895,2578000,32537300,5392493300,79491516500,3769.9251,3787.3025,3746.6888,3756.8765
131207000,3747.1102,1712700,23656700,5394206000,79515173200,3769.9251,3787.3025,3746.6888,3756.8765
131212000,3746.9424,1686400,19816200,5395892400,79534989400,3769.9251,3787.3025,3746.6888,3756.8765
131217000,3746.5783,3615300,38715600,5399507700,79573705000,3769.9251,3787.3025,3746.5783,3756.8765
131222000,3746.6669,2516200,24029000,5402023900,79597734000,3769.9251,3787.3025,3746.4587,3756.8765
131227000,3746.9722,1244400,18893500,5403268300,79616627500,3769.9251,3787.3025,3746.4587,3756.8765
131232000,3746.6961,1551700,23414100,5404820000,79640041600,3769.9251,3787.3025,3746.4587,3756.8765
131237000,3746.7562,1568500,25836600,5406388500,79665878200,3769.9251,3787.3025,3746.3356,3756.8765
131242000,3746.4084,972800,13718800,5407361300,79679597000,3769.9251,3787.3025,3746.3356,3756.8765
131247000,3746.5146,1693700,21163500,5409055000,79700760500,3769.9251,3787.3025,3746.3356,3756.8765
131252000,3746.4145,1008500,16916600,5410063500,79717677100,3769.9251,3787.3025,3746.2165,3756.8765
131257000,3746.4515,1602400,26244200,5411665900,79743921300,3769.9251,3787.3025,3746.2165,3756.8765
131302000,3746.3889,1601600,29604100,5413267500,79773525400,3769.9251,3787.3025,3746.2165,3756.8765
131307000,3746.2164,1785800,24938300,5415053300,79798463700,3769.9251,3787.3025,3746.2164,3756.8765
131312000,3746.6921,1091100,18924900,5416144400,79817388600,3769.9251,3787.3025,3746.2164,3756.8765
131317000,3746.2014,2378200,33155000,5418522600,79850543600,3769.9251,3787.3025,3746.2014,3756.8765
131322000,3745.9428,1259700,25733900,5419782300,79876277500,3769.9251,3787.3025,3745.9428,3756.8765
131327000,3746.1864,2278700,27120800,5422061000,79903398300,3769.9251,3787.3025,3745.9362,3756.8765
131332000,3745.9004,2273900,28327800,5424334900,79931726100,3769.9251,3787.3025,3745.9004,3756.8765
131337000,3746.0294,2679400,36603600,5427014300,79968329700,3769.9251,3787.3025,3745.8608,3756.8765
131342000,3745.7975,1403500,20626400,5428417800,79988956100,3769.9251,3787.3025,3745.7975,3756.8765
131347000,3746.0409,1762400,27730700,5430180200,80016686800,3769.9251,3787.3025,3745.7975,3756.8765
131352000,3745.7945,1456300,23929400,5431636500,80040616200,3769.9251,3787.3025,3745.7945,3756.8765
131357000,3745.5324,1833600,27249500,5433470100,80067865700,3769.9251,3787.3025,3745.5324,3756.8765
131402000,3745.6214,2422100,26746500,5435892200,80094612200,3769.9251,3787.3025,3745.5324,3756.8765
131407000,3746.3209,2370100,30258500,5438262300,80124870700,3769.9251,3787.3025,3745.5324,3756.8765
131412000,3745.727,1118000,16714800,5439380300,80141585500,3769.9251,3787.3025,3745.5324,3756.8765
131417000,3745.7285,2123800,34526200,5441504100,80176111700,3769.9251,3787.3025,3745.5324,3756.8765
131422000,3745.6748,1286500,19024100,5442790600,80195135800,3769.9251,3787.3025,3745.5324,3756.8765
131427000,3746.1329,2354600,33330100,5445145200,80228465900,3769.9251,3787.3025,3745.5324,3756.8765
131432000,3745.5769,1870800,25935600,5447016000,80254401500,3769.9251,3787.3025,3745.5269,3756.8765
131437000,3746.0654,1936300,25750400,5448952300,80280151900,3769.9251,3787.3025,3745.5269,3756.8765
131442000,3745.7649,1151200,14567300,5450103500,80294719200,3769.9251,3787.3025,3745.5269,3756.8765
131447000,3746.3343,3074700,32649200,5453178200,80327368400,3769.9251,3787.3025,3745.5269,3756.8765
131452000,3746.5899,1528100,28391500,5454706300,80355759900,3769.9251,3787.3025,3745.5269,3756.8765
131457000,3747.083,2324900,39837500,5457031200,80395597400,3769.9251,3787.3025,3745.5269,3756.8765
131502000,3747.4242,2571800,36406100,5459603000,80432003500,3769.9251,3787.3025,3745.5269,3756.8765
131507000,3747.8683,2715600,35663000,5462318600,80467666500,3769.9251,3787.3025,3745.5269,3756.8765
131512000,3747.7514,1544100,27303200,5463862700,80494969700,3769.9251,3787.3025,3745.5269,3756.8765
131517000,3747.3294,2071900,34356400,5465934600,80529326100,3769.9251,3787.3025,3745.5269,3756.8765
131522000,3747.6532,1443000,20240600,5467377600,80549566700,3769.9251,3787.3025,3745.5269,3756.8765
131527000,3747.9371,1662900,28465800,5469040500,80578032500,3769.9251,3787.3025,3745.5269,3756.8765
131532000,3747.7395,2140800,27228600,5471181300,80605261100,3769.9251,3787.3025,3745.5269,3756.8765
131537000,3747.566,1771700,25761600,5472953000,80631022700,3769.9251,3787.3025,3745.5269,3756.8765
131542000,3748.3406,1643600,18093400,5474596600,80649116100,3769.9251,3787.3025,3745.5269,3756.8765
131547000,3748.4019,1938600,24762900,5476535200,80673879000,3769.9251,3787.3025,3745.5269,3756.8765
131552000,3748.1938,1557700,20930000,5478092900,80694809000,3769.9251,3787.3025,3745.5269,3756.8765
131557000,3748.4899,1378300,18470900,5479471200,80713279900,3769.9251,3787.3025,3745.5269,3756.8765
131602000,3748.0086,2254200,30125800,5481725400,80743405700,3769.9251,3787.3025,3745.5269,3756.8765
131607000,3748.9148,2193900,28346000,5483919300,80771751700,3769.9251,3787.3025,3745.5269,3756.8765
131612000,3748.6709,1070400,14319800,5484989700,80786071500,3769.9251,3787.3025,3745.5269,3756.8765
131617000,3748.9403,2643100,43211700,5487632800,80829283200,3769.9251,3787.3025,3745.5269,3756.8765
131622000,3748.9911,1299200,19139500,5488932000,80848422700,3769.9251,3787.3025,3745.5269,3756.8765
131627000,3748.9468,1274000,18526500,5490206000,80866949200,3769.9251,3787.3025,3745.5269,3756.8765
131632000,3749.1503,1818000,25993300,5492024000,80892942500,3769.9251,3787.3025,3745.5269,3756.8765
131637000,3749.109,1669000,21133400,5493693000,80914075900,3769.9251,3787.3025,3745.5269,3756.8765
131642000,3748.8031,1387000,19310600,5495080000,80933386500,3769.9251,3787.3025,3745.5269,3756.8765
131647000,3749.2064,1474700,21708000,5496554700,80955094500,3769.9251,3787.3025,3745.5269,3756.8765
131652000,3748.9389,978400,16401000,5497533100,80971495500,3769.9251,3787.3025,3745.5269,3756.8765
131657000,3749.3289,1399400,22399900,5498932500,80993895400,3769.9251,3787.3025,3745.5269,3756.8765
131702000,3749.0636,1820100,26664700,5500752600,81020560100,3769.9251,3787.3025,3745.5269,3756.8765
131707000,3749.4097,1981100,30797400,5502733700,81051357500,3769.9251,3787.3025,3745.5269,3756.8765
131712000,3749.326,1612000,18491300,5504345700,81069848800,3769.9251,3787.3025,3745.5269,3756.8765
131717000,3749.2056,2068300,32040900,5506414000,81101889700,3769.9251,3787.3025,3745.5269,3756.8765
131722000,3749.3097,1231400,17113400,5507645400,81119003100,3769.9251,3787.3025,3745.5269,3756.8765
131727000,3749.246,1516700,22097200,5509162100,81141100300,3769.9251,3787.3025,3745.5269,3756.8765
131732000,3749.3679,2714000,33779300,5511876100,81174879600,3769.9251,3787.3025,3745.5269,3756.8765
131737000,3749.1966,1491300,20649400,5513367400,81195529000,3769.9251,3787.3025,3745.5269,3756.8765
131742000,3749.5214,1865700,22872300,5515233100,81218401300,3769.9251,3787.3025,3745.5269,3756.8765
131747000,3749.3362,1998700,30128000,5517231800,81248529300,3769.9251,3787.3025,3745.5269,3756.8765
131752000,3749.644,1969300,24569800,5519201100,81273099100,3769.9251,3787.3025,3745.5269,3756.8765
131757000,3749.3791,1704500,28141700,5520905600,81301240800,3769.9251,3787.3025,3745.5269,3756.8765
131802000,3749.2767,2855300,33698300,5523760900,81334939100,3769.9251,3787.3025,3745.5269,3756.8765
131807000,3749.9193,2831900,38282400,5526592800,81373221500,3769.9251,3787.3025,3745.5269,3756.8765
131812000,3749.4086,1237900,18189700,5527830700,81391411200,3769.9251,3787.3025,3745.5269,3756.8765
131817000,3749.635,2341600,35375100,5530172300,81426786300,3769.9251,3787.3025,3745.5269,3756.8765
131823000,3749.7695,1249300,16330700,5531421600,81443117000,3769.9251,3787.3025,3745.5269,3756.8765
131827000,3749.6404,1830600,20505700,5533252200,81463622700,3769.9251,3787.3025,3745.5269,3756.8765
131832000,3749.6687,1897000,23309600,5535149200,81486932300,3769.9251,3787.3025,3745.5269,3756.8765
131837000,3749.5526,2748600,27173600,5537897800,81514105900,3769.9251,3787.3025,3745.5269,3756.8765
131843000,3749.9225,1891400,25481800,5539789200,81539587700,3769.9251,3787.3025,3745.5269,3756.8765
131847000,3750.4719,1660700,18791700,5541449900,81558379400,3769.9251,3787.3025,3745.5269,3756.8765
131852000,3749.7874,1132700,18825200,5542582600,81577204600,3769.9251,3787.3025,3745.5269,3756.8765
131857000,3750.0311,1385800,22368600,5543968400,81599573200,3769.9251,3787.3025,3745.5269,3756.8765
131902000,3749.7795,1699800,26114700,5545668200,81625687900,3769.9251,3787.3025,3745.5269,3756.8765
131908000,3750.2058,2243500,35455400,5547911700,81661143300,3769.9251,3787.3025,3745.5269,3756.8765
131912000,3750.0491,880600,13374500,5548792300,81674517800,3769.9251,3787.3025,3745.5269,3756.8765
131918000,3750.153,2095200,25888300,5550887500,81700406100,3769.9251,3787.3025,3745.5269,3756.8765
131922000,3750.1288,990100,13960400,5551877600,81714366500,3769.9251,3787.3025,3745.5269,3756.8765
131928000,3749.9855,2171800,31782900,5554049400,81746149400,3769.9251,3787.3025,3745.5269,3756.8765
131933000,3750.3622,2429200,25426200,5556478600,81771575600,3769.9251,3787.3025,3745.5269,3756.8765
131938000,3749.9819,1590500,21604000,5558069100,81793179600,3769.9251,3787.3025,3745.5269,3756.8765
131943000,3750.6193,1899000,26168100,5559968100,81819347700,3769.9251,3787.3025,3745.5269,3756.8765
131948000,3750.555,1165100,16087400,5561133200,81835435100,3769.9251,3787.3025,3745.5269,3756.8765
131953000,3750.1547,1771700,25839600,5562904900,81861274700,3769.9251,3787.3025,3745.5269,3756.8765
131958000,3750.2671,1507000,18161700,5564411900,81879436400,3769.9251,3787.3025,3745.5269,3756.8765
132003000,3750.5523,2383800,30491500,5566795700,81909927900,3769.9251,3787.3025,3745.5269,3756.8765
132008000,3750.8568,2128300,32208800,5568924000,81942136700,3769.9251,3787.3025,3745.5269,3756.8765
132013000,3751.198,2011700,26908200,5570935700,81969044900,3769.9251,3787.3025,3745.5269,3756.8765
132018000,3750.8408,1273700,16299400,5572209400,81985344300,3769.9251,3787.3025,3745.5269,3756.8765
132023000,3750.5731,2009000,28465400,5574218400,82013809700,3769.9251,3787.3025,3745.5269,3756.8765
132028000,3750.9638,1860200,21534700,5576078600,82035344400,3769.9251,3787.3025,3745.5269,3756.8765
132033000,3750.6708,1856400,29648400,5577935000,82064992800,3769.9251,3787.3025,3745.5269,3756.8765
132038000,3750.7457,1844600,21521000,5579779600,82086513800,3769.9251,3787.3025,3745.5269,3756.8765
132043000,3750.6085,1472900,21773300,5581252500,82108287100,3769.9251,3787.3025,3745.5269,3756.8765
132048000,3751.0219,1577800,21532300,5582830300,82129819400,3769.9251,3787.3025,3745.5269,3756.8765
132053000,3751.3025,2174500,31205200,5585004800,82161024600,3769.9251,3787.3025,3745.5269,3756.8765
132058000,3751.1705,1813400,23453700,5586818200,82184478300,3769.9251,3787.3025,3745.5269,3756.8765
132103000,3750.9688,1934500,22538800,5588752700,82207017100,3769.9251,3787.3025,3745.5269,3756.8765
132108000,3751.5891,2120300,30252000,5590873000,82237269100,3769.9251,3787.3025,3745.5269,3756.8765
132113000,3751.4004,1815300,21820300,5592688300,82259089400,3769.9251,3787.3025,3745.5269,3756.8765
132118000,3751.1177,1480300,18638400,5594168600,82277727800,3769.9251,3787.3025,3745.5269,3756.8765
132123000,3751.3426,1925800,30919800,5596094400,82308647600,3769.9251,3787.3025,3745.5269,3756.8765
132128000,3751.3526,1530700,19422600,5597625100,82328070200,3769.9251,3787.3025,3745.5269,3756.8765
132133000,3751.6677,1396100,20157600,5599021200,82348227800,3769.9251,3787.3025,3745.5269,3756.8765
132138000,3751.6092,2519300,32518200,5601540500,82380746000,3769.9251,3787.3025,3745.5269,3756.8765
132143000,3751.4097,1671600,24483200,5603212100,82405229200,3769.9251,3787.3025,3745.5269,3756.8765
132148000,3751.703,1788300,28821600,5605000400,82434050800,3769.9251,3787.3025,3745.5269,3756.8765
132153000,3751.6512,1991000,29575300,5606991400,82463626100,3769.9251,3787.3025,3745.5269,3756.8765
132158000,3751.843,1904000,24662900,5608895400,82488289000,3769.9251,3787.3025,3745.5269,3756.8765
132203000,3751.9039,2169500,29424100,5611064900,82517713100,3769.9251,3787.3025,3745.5269,3756.8765
132208000,3752.1983,2165500,29829100,5613230400,82547542200,3769.9251,3787.3025,3745.5269,3756.8765
132213000,3752.3786,2789500,34929300,5616019900,82582471500,3769.9251,3787.3025,3745.5269,3756.8765
132218000,3752.9831,2255100,24192900,5618275000,82606664400,3769.9251,3787.3025,3745.5269,3756.8765
132223000,3753.7902,4031700,56494800,5622306700,82663159200,3769.9251,3787.3025,3745.5269,3756.8765
132228000,3754.4532,3767400,48627100,5626074100,82711786300,3769.9251,3787.3025,3745.5269,3756.8765
132233000,3754.8432,2984600,45089200,5629058700,82756875500,3769.9251,3787.3025,3745.5269,3756.8765
132238000,3755.6068,2557800,37691900,5631616500,82794567400,3769.9251,3787.3025,3745.5269,3756.8765
132243000,3755.6197,2568200,41026700,5634184700,82835594100,3769.9251,3787.3025,3745.5269,3756.8765
132248000,3755.5275,2156400,31835000,5636341100,82867429100,3769.9251,3787.3025,3745.5269,3756.8765
132253000,3756.2664,2539800,42985400,5638880900,82910414500,3769.9251,3787.3025,3745.5269,3756.8765
132258000,3756.2458,2162800,28885800,5641043700,82939300300,3769.9251,3787.3025,3745.5269,3756.8765
132303000,3756.6469,5301900,50471700,5646345600,82989772000,3769.9251,3787.3025,3745.5269,3756.8765
132308000,3756.4977,2854700,40822700,5649200300,83030594700,3769.9251,3787.3025,3745.5269,3756.8765
132313000,3756.6196,2610100,34124400,5651810400,83064719100,3769.9251,3787.3025,3745.5269,3756.8765
132318000,3756.8011,1895200,25271100,5653705600,83089990200,3769.9251,3787.3025,3745.5269,3756.8765
132323000,3756.7248,2608500,36288800,5656314100,83126279000,3769.9251,3787.3025,3745.5269,3756.8765
132328000,3756.5185,2442600,30368300,5658756700,83156647300,3769.9251,3787.3025,3745.5269,3756.8765
132333000,3756.4564,2330600,26824800,5661087300,83183472100,3769.9251,3787.3025,3745.5269,3756.8765
132338000,3757.051,1900700,27113000,5662988000,83210585100,3769.9251,3787.3025,3745.5269,3756.8765
132343000,3757.1681,3578600,40420800,5666566600,83251005900,3769.9251,3787.3025,3745.5269,3756.8765
132348000,3757.2338,1930500,23362200,5668497100,83274368100,3769.9251,3787.3025,3745.5269,3756.8765
132353000,3757.1317,2398800,40485300,5670895900,83314853400,3769.9251,3787.3025,3745.5269,3756.8765
132358000,3757.4135,1079400,16316800,5671975300,83331170200,3769.9251,3787.3025,3745.5269,3756.8765
132403000,3757.286,3940900,40573800,5675916200,83371744000,3769.9251,3787.3025,3745.5269,3756.8765
132408000,3757.7029,2797900,41397900,5678714100,83413141900,3769.9251,3787.3025,3745.5269,3756.8765
132413000,3757.7795,3438200,34811700,5682152300,83447953600,3769.9251,3787.3025,3745.5269,3756.8765
132418000,3757.3235,1843300,26123900,5683995600,83474077500,3769.9251,3787.3025,3745.5269,3756.8765
132423000,3757.5099,2191400,33879600,5686187000,83507957100,3769.9251,3787.3025,3745.5269,3756.8765
132428000,3757.8887,1606700,19978800,5687793700,83527935900,3769.9251,3787.3025,3745.5269,3756.8765
132433000,3757.819,2198300,30306400,5689992000,83558242300,3769.9251,3787.3025,3745.5269,3756.8765
132438000,3757.6578,2176900,31540100,5692168900,83589782400,3769.9251,3787.3025,3745.5269,3756.8765
132443000,3757.9217,2027600,24110600,5694196500,83613893000,3769.9251,3787.3025,3745.5269,3756.8765
132448000,3757.7812,1563800,20343100,5695760300,83634236100,3769.9251,3787.3025,3745.5269,3756.8765
132453000,3757.8158,1972700,24502300,5697733000,83658738400,3769.9251,3787.3025,3745.5269,3756.8765
132458000,3757.5618,1888500,32900600,5699621500,83691639000,3769.9251,3787.3025,3745.5269,3756.8765
132503000,3757.6639,2520000,31081800,5702141500,83722720800,3769.9251,3787.3025,3745.5269,3756.8765
132508000,3757.4952,2032400,24264300,5704173900,83746985100,3769.9251,3787.3025,3745.5269,3756.8765
132513000,3757.7301,1633100,25525500,5705807000,83772510600,3769.9251,3787.3025,3745.5269,3756.8765
132518000,3757.6104,1685500,22122900,5707492500,83794633500,3769.9251,3787.3025,3745.5269,3756.8765
132523000,3757.8807,2225400,27252600,5709717900,83821886100,3769.9251,3787.3025,3745.5269,3756.8765
132528000,3758.2588,1908300,27043400,5711626200,83848929500,3769.9251,3787.3025,3745.5269,3756.8765
132533000,3757.8553,2256900,24623300,5713883100,83873552800,3769.9251,3787.3025,3745.5269,3756.8765
132538000,3757.9511,1992800,27257400,5715875900,83900810200,3769.9251,3787.3025,3745.5269,3756.8765
132543000,3757.9985,2145600,34570800,5718021500,83935381000,3769.9251,3787.3025,3745.5269,3756.8765
132548000,3757.5494,1148600,18560800,5719170100,83953941800,3769.9251,3787.3025,3745.5269,3756.8765
132553000,3757.6612,1827300,25717500,5720997400,83979659300,3769.9251,3787.3025,3745.5269,3756.8765
132558000,3757.8838,1461300,24736800,5722458700,84004396100,3769.9251,3787.3025,3745.5269,3756.8765
132603000,3757.6132,1774200,24136900,5724232900,84028533000,3769.9251,3787.3025,3745.5269,3756.8765
132608000,3757.5608,1806800,26995600,5726039700,84055528600,3769.9251,3787.3025,3745.5269,3756.8765
132613000,3757.8528,2471600,40665400,5728511300,84096194000,3769.9251,3787.3025,3745.5269,3756.8765
132618000,3757.8962,1403700,20000800,5729915000,84116194800,3769.9251,3787.3025,3745.5269,3756.8765
132623000,3757.9429,1918100,25159900,5731833100,84141354700,3769.9251,3787.3025,3745.5269,3756.8765
132628000,3757.3859,1430600,20002400,5733263700,84161357100,3769.9251,3787.3025,3745.5269,3756.8765
132633000,3757.6246,2036500,28036400,5735300200,84189393500,3769.9251,3787.3025,3745.5269,3756.8765
132638000,3757.6753,1832700,22010600,5737132900,84211404100,3769.9251,3787.3025,3745.5269,3756.8765
132643000,3757.4938,2509400,27220400,5739642300,84238624500,3769.9251,3787.3025,3745.5269,3756.8765
132648000,3757.3118,874200,13469500,5740516500,84252094000,3769.9251,3787.3025,3745.5269,3756.8765
132653000,3757.3855,1486600,24837900,5742003100,84276931900,3769.9251,3787.3025,3745.5269,3756.8765
132658000,3757.3675,1307300,19286700,5743310400,84296218600,3769.9251,3787.3025,3745.5269,3756.8765
132703000,3756.8618,1329700,22842600,5744640100,84319061200,3769.9251,3787.3025,3745.5269,3756.8765
132708000,3757.4,2383800,32987700,5747023900,84352048900,3769.9251,3787.3025,3745.5269,3756.8765
132713000,3756.8077,2133700,28896900,5749157600,84380945800,3769.9251,3787.3025,3745.5269,3756.8765
132718000,3756.7498,1347400,21975700,5750505000,84402921500,3769.9251,3787.3025,3745.5269,3756.8765
132723000,3756.7847,1247000,21972600,5751752000,84424894100,3769.9251,3787.3025,3745.5269,3756.8765
132728000,3756.242,1469600,19109400,5753221600,84444003500,3769.9251,3787.3025,3745.5269,3756.8765
132733000,3756.5503,1357700,22125000,5754579300,84466128500,3769.9251,3787.3025,3745.5269,3756.8765
132738000,3756.3313,1743900,27417500,5756323200,84493546000,3769.9251,3787.3025,3745.5269,3756.8765
132743000,3756.3198,2093200,24075200,5758416400,84517621200,3769.9251,3787.3025,3745.5269,3756.8765
132748000,3756.2173,1530100,19091400,5759946500,84536712600,3769.9251,3787.3025,3745.5269,3756.8765
132753000,3755.8879,1958600,27632300,5761905100,84564344900,3769.9251,3787.3025,3745.5269,3756.8765
132758000,3756.1225,1597500,18692000,5763502600,84583036900,3769.9251,3787.3025,3745.5269,3756.8765
132803000,3755.9037,1672000,23635300,5765174600,84606672200,3769.9251,3787.3025,3745.5269,3756.8765
132808000,3756.1719,1644200,22445000,5766818800,84629117200,3769.9251,3787.3025,3745.5269,3756.8765
132813000,3756.1329,2039900,27012800,5768858700,84656130000,3769.9251,3787.3025,3745.5269,3756.8765
132818000,3755.9326,1313100,19842800,5770171800,84675972800,3769.9251,3787.3025,3745.5269,3756.8765
132823000,3754.9982,1902900,28354700,5772074700,84704327500,3769.9251,3787.3025,3745.5269,3756.8765
132828000,3755.3998,1363000,16612500,5773437700,84720940000,3769.9251,3787.3025,3745.5269,3756.8765
132833000,3755.1723,1983900,29603200,5775421600,84750543200,3769.9251,3787.3025,3745.5269,3756.8765
132838000,3755.1556,1358100,19549300,5776779700,84770092500,3769.9251,3787.3025,3745.5269,3756.8765
132843000,3755.1064,1521000,21029800,5778300700,84791122300,3769.9251,3787.3025,3745.5269,3756.8765
132848000,3755.3976,1402300,22522700,5779703000,84813645000,3769.9251,3787.3025,3745.5269,3756.8765
132853000,3755.3876,1400300,21822200,5781103300,84835467200,3769.9251,3787.3025,3745.5269,3756.8765
132858000,3754.6489,1093500,16387200,5782196800,84851854400,3769.9251,3787.3025,3745.5269,3756.8765
132903000,3754.7201,1350600,19979700,5783547400,84871834100,3769.9251,3787.3025,3745.5269,3756.8765
132908000,3755.1712,1903500,21887500,5785450900,84893721600,3769.9251,3787.3025,3745.5269,3756.8765
132913000,3755.0143,2779900,29943300,5788230800,84923664900,3769.9251,3787.3025,3745.5269,3756.8765
132918000,3755.3572,2059300,23982900,5790290100,84947647800,3769.9251,3787.3025,3745.5269,3756.8765
132923000,3755.0285,1522300,19396900,5791812400,84967044700,3769.9251,3787.3025,3745.5269,3756.8765
132928000,3754.9777,1473600,22415600,5793286000,84989460300,3769.9251,3787.3025,3745.5269,3756.8765
132933000,3755.1839,1692200,21450200,5794978200,85010910500,3769.9251,3787.3025,3745.5269,3756.8765
132938000,3755.1954,1177100,30917600,5796155300,85041828100,3769.9251,3787.3025,3745.5269,3756.8765
132943000,3754.9456,1501300,22136400,5797656600,85063964500,3769.9251,3787.3025,3745.5269,3756.8765
132948000,3754.8729,1321000,16202100,5798977600,85080166600,3769.9251,3787.3025,3745.5269,3756.8765
132953000,3755.1057,2112400,28609300,5801090000,85108775900,3769.9251,3787.3025,3745.5269,3756.8765
132958000,3754.7992,1384400,16483100,5802474400,85125259000,3769.9251,3787.3025,3745.5269,3756.8765
133003000,3754.9962,1626800,21812000,5804101200,85147071000,3769.9251,3787.3025,3745.5269,3756.8765
133008000,3755.0696,2540400,25832900,5806641600,85172903900,3769.9251,3787.3025,3745.5269,3756.8765
133013000,3755.8629,1816700,26760100,5808458300,85199664000,3769.9251,3787.3025,3745.5269,3756.8765
133018000,3755.5065,1491300,19323200,5809949600,85218987200,3769.9251,3787.3025,3745.5269,3756.8765
133023000,3755.4333,1564700,21344600,5811514300,85240331800,3769.9251,3787.3025,3745.5269,3756.8765
133028000,3755.2913,2735200,25945800,5814249500,85266277600,3769.9251,3787.3025,3745.5269,3756.8765
133033000,3755.3662,1789400,22753500,5816038900,85289031100,3769.9251,3787.3025,3745.5269,3756.8765
133038000,3755.5837,1467700,19096900,5817506600,85308128000,3769.9251,3787.3025,3745.5269,3756.8765
133043000,3755.5675,1425100,18317700,5818931700,85326445700,3769.9251,3787.3025,3745.5269,3756.8765
133048000,3755.363,1245100,17679500,5820176800,85344125200,3769.9251,3787.3025,3745.5269,3756.8765
133054000,3755.3904,2003000,26924900,5822179800,85371050100,3769.9251,3787.3025,3745.5269,3756.8765
133058000,3755.5536,1460700,23793600,5823640500,85394843700,3769.9251,3787.3025,3745.5269,3756.8765
133103000,3755.5626,1583900,19521600,5825224400,85414365300,3769.9251,3787.3025,3745.5269,3756.8765
133108000,3755.7025,1404100,22182400,5826628500,85436547700,3769.9251,3787.3025,3745.5269,3756.8765
133114000,3755.8058,1862500,23059400,5828491000,85459607100,3769.9251,3787.3025,3745.5269,3756.8765
133118000,3755.7021,1057800,14405800,5829548800,85474012900,3769.9251,3787.3025,3745.5269,3756.8765
133124000,3755.3648,2017100,23458300,5831565900,85497471200,3769.9251,3787.3025,3745.5269,3756.8765
133128000,3755.6646,1761200,27857600,5833327100,85525328800,3769.9251,3787.3025,3745.5269,3756.8765
133134000,3755.5163,3020400,36768100,5836347500,85562096900,3769.9251,3787.3025,3745.5269,3756.8765
133138000,3755.4857,1036000,17497100,5837383500,85579594000,3769.9251,3787.3025,3745.5269,3756.8765
133144000,3755.5322,2127200,32306600,5839510700,85611900600,3769.9251,3787.3025,3745.5269,3756.8765
133149000,3755.4456,2417000,31246300,5841927700,85643146900,3769.9251,3787.3025,3745.5269,3756.8765
133154000,3755.47,1524600,26673100,5843452300,85669820000,3769.9251,3787.3025,3745.5269,3756.8765
133159000,3755.5721,2119800,29290900,5845572100,85699110900,3769.9251,3787.3025,3745.5269,3756.8765
133204000,3755.691,1776100,20379300,5847348200,85719490200,3769.9251,3787.3025,3745.5269,3756.8765
133209000,3755.2548,2236500,28536200,5849584700,85748026400,3769.9251,3787.3025,3745.5269,3756.8765
133214000,3755.5669,1997300,28258400,5851582000,85776284800,3769.9251,3787.3025,3745.5269,3756.8765
133219000,3755.4294,2227700,29950000,5853809700,85806234800,3769.9251,3787.3025,3745.5269,3756.8765
133224000,3754.9331,1600200,20425300,5855409900,85826660100,3769.9251,3787.3025,3745.5269,3756.8765
133229000,3754.9835,2735200,33537900,5858145100,85860198000,3769.9251,3787.3025,3745.5269,3756.8765
133234000,3755.1978,1231400,19134900,5859376500,85879332900,3769.9251,3787.3025,3745.5269,3756.8765
133239000,3755.4314,2252000,25413600,5861628500,85904746500,3769.9251,3787.3025,3745.5269,3756.8765
133244000,3754.7674,1707500,23224500,5863336000,85927971000,3769.9251,3787.3025,3745.5269,3756.8765
133249000,3755.2644,1811500,25648200,5865147500,85953619200,3769.9251,3787.3025,3745.5269,3756.8765
133254000,3755.3577,1010200,15420600,5866157700,85969039800,3769.9251,3787.3025,3745.5269,3756.8765
133259000,3755.0758,1764200,26882600,5867921900,85995922400,3769.9251,3787.3025,3745.5269,3756.8765
133304000,3755.1905,1629900,26259600,5869551800,86022182000,3769.9251,3787.3025,3745.5269,3756.8765
133309000,3754.6809,2373700,28580600,5871925500,86050762600,3769.9251,3787.3025,3745.5269,3756.8765
133314000,3755.4547,1703100,23136800,5873628600,86073899400,3769.9251,3787.3025,3745.5269,3756.8765
133319000,3754.9471,1987100,28171900,5875615700,86102071300,3769.9251,3787.3025,3745.5269,3756.8765
133324000,3755.295,1687600,20745800,5877303300,86122817100,3769.9251,3787.3025,3745.5269,3756.8765
133329000,3755.5487,1515200,24817300,5878818500,86147634400,3769.9251,3787.3025,3745.5269,3756.8765
133334000,3756.2295,1621500,23025000,5880440000,86170659400,3769.9251,3787.3025,3745.5269,3756.8765
133339000,3755.6796,1770500,28687000,5882210500,86199346400,3769.9251,3787.3025,3745.5269,3756.8765
133344000,3756.1017,1437900,22783300,5883648400,86222129700,3769.9251,3787.3025,3745.5269,3756.8765
133349000,3756.3923,3745000,51735600,5887393400,86273865300,3769.9251,3787.3025,3745.5269,3756.8765
133354000,3755.8864,1376100,21463100,5888769500,86295328400,3769.9251,3787.3025,3745.5269,3756.8765
133359000,3755.7934,1710000,29230300,5890479500,86324558700,3769.9251,3787.3025,3745.5269,3756.8765
133404000,3756.4846,1423100,23842800,5891902600,86348401500,3769.9251,3787.3025,3745.5269,3756.8765
133409000,3756.4432,2625400,35070700,5894528000,86383472200,3769.9251,3787.3025,3745.5269,3756.8765
133414000,3756.7816,2035100,32994200,5896563100,86416466400,3769.9251,3787.3025,3745.5269,3756.8765
133419000,3756.5305,2169200,33745200,5898732300,86450211600,3769.9251,3787.3025,3745.5269,3756.8765
133424000,3756.6311,1438000,19662600,5900170300,86469874200,3769.9251,3787.3025,3745.5269,3756.8765
133429000,3756.5079,1607500,24731100,5901777800,86494605300,3769.9251,3787.3025,3745.5269,3756.8765
133434000,3756.2207,1505700,23034500,5903283500,86517639800,3769.9251,3787.3025,3745.5269,3756.8765
133439000,3756.6212,1474900,18718000,5904758400,86536357800,3769.9251,3787.3025,3745.5269,3756.8765
133444000,3756.7203,1987900,24229300,5906746300,86560587100,3769.9251,3787.3025,3745.5269,3756.8765
133449000,3756.7785,1957300,27912300,5908703600,86588499400,3769.9251,3787.3025,3745.5269,3756.8765
133454000,3756.5574,1773200,18634500,5910476800,86607133900,3769.9251,3787.3025,3745.5269,3756.8765
133459000,3756.7579,1587800,21718900,5912064600,86628852800,3769.9251,3787.3025,3745.5269,3756.8765
133504000,3756.3312,1285600,18553100,5913350200,86647405900,3769.9251,3787.3025,3745.5269,3756.8765
133509000,3756.7746,1754800,23314400,5915105000,86670720300,3769.9251,3787.3025,3745.5269,3756.8765
133514000,3756.9612,1427300,21284300,5916532300,86692004600,3769.9251,3787.3025,3745.5269,3756.8765
133519000,3756.137,1645700,29419900,5918178000,86721424500,3769.9251,3787.3025,3745.5269,3756.8765
133524000,3756.3332,1233200,18503000,5919411200,86739927500,3769.9251,3787.3025,3745.5269,3756.8765
133529000,3756.731,1476500,27442800,5920887700,86767370300,3769.9251,3787.3025,3745.5269,3756.8765
133534000,3756.8528,1792200,23293700,5922679900,86790664000,3769.9251,3787.3025,3745.5269,3756.8765
133539000,3756.7292,1358900,20800900,5924038800,86811464900,3769.9251,3787.3025,3745.5269,3756.8765
133544000,3756.7973,1845900,23559600,5925884700,86835024500,3769.9251,3787.3025,3745.5269,3756.8765
133549000,3757.0283,2049600,26667700,5927934300,86861692200,3769.9251,3787.3025,3745.5269,3756.8765
133554000,3756.9027,1357900,16750500,5929292200,86878442700,3769.9251,3787.3025,3745.5269,3756.8765
133559000,3757.1937,1606400,21816500,5930898600,86900259200,3769.9251,3787.3025,3745.5269,3756.8765
133604000,3757.2007,1746900,17717900,5932645500,86917977100,3769.9251,3787.3025,3745.5269,3756.8765
133609000,3756.8656,1995700,18720600,5934641200,86936697700,3769.9251,3787.3025,3745.5269,3756.8765
133614000,3757.3229,1640600,28937100,5936281800,86965634800,3769.9251,3787.3025,3745.5269,3756.8765
133619000,3756.8368,2238200,28641600,5938520000,86994276400,3769.9251,3787.3025,3745.5269,3756.8765
133624000,3757.4557,1135700,19886100,5939655700,87014162500,3769.9251,3787.3025,3745.5269,3756.8765
133629000,3757.0115,2046100,26892500,5941701800,87041055000,3769.9251,3787.3025,3745.5269,3756.8765
133634000,3757.3688,1118600,16322900,5942820400,87057377900,3769.9251,3787.3025,3745.5269,3756.8765
133639000,3757.2869,1470500,22766100,5944290900,87080144000,3769.9251,3787.3025,3745.5269,3756.8765
133644000,3757.3654,1630300,23941100,5945921200,87104085100,3769.9251,3787.3025,3745.5269,3756.8765
133649000,3757.1152,1966400,38541800,5947887600,87142626900,3769.9251,3787.3025,3745.5269,3756.8765
133654000,3757.4082,1304900,16801100,5949192500,87159428000,3769.9251,3787.3025,3745.5269,3756.8765
133659000,3757.1769,1606100,25763600,5950798600,87185191600,3769.9251,3787.3025,3745.5269,3756.8765
133704000,3757.1021,1546900,21722700,5952345500,87206914300,3769.9251,3787.3025,3745.5269,3756.8765
133709000,3757.2928,1854400,24701200,5954199900,87231615500,3769.9251,3787.3025,3745.5269,3756.8765
133714000,3757.0794,1359300,23478900,5955559200,87255094400,3769.9251,3787.3025,3745.5269,3756.8765
133719000,3756.824,2025900,40856800,5957585100,87295951200,3769.9251,3787.3025,3745.5269,3756.8765
133724000,3757.208,1579000,20627800,5959164100,87316579000,3769.9251,3787.3025,3745.5269,3756.8765
133729000,3756.7641,1482100,26163000,5960646200,87342742000,3769.9251,3787.3025,3745.5269,3756.8765
133734000,3756.9712,1589900,20354000,5962236100,87363096000,3769.9251,3787.3025,3745.5269,3756.8765
133739000,3756.9603,1542700,20792600,5963778800,87383888600,3769.9251,3787.3025,3745.5269,3756.8765
133744000,3757.3275,1847100,31027900,5965625900,87414916500,3769.9251,3787.3025,3745.5269,3756.8765
133749000,3756.9534,1597200,26257700,5967223100,87441174200,3769.9251,3787.3025,3745.5269,3756.8765
133754000,3756.843,1169100,15180400,5968392200,87456354600,3769.9251,3787.3025,3745.5269,3756.8765
133759000,3756.7757,2452000,26658700,5970844200,87483013300,3769.9251,3787.3025,3745.5269,3756.8765
133804000,3756.8054,2167100,31996500,5973011300,87515009800,3769.9251,3787.3025,3745.5269,3756.8765
133809000,3756.5671,2098200,32324400,5975109500,87547334200,3769.9251,3787.3025,3745.5269,3756.8765
133814000,3756.3896,2023200,33903700,5977132700,87581237900,3769.9251,3787.3025,3745.5269,3756.8765
133819000,3755.7763,2952100,42627200,5980084800,87623865100,3769.9251,3787.3025,3745.5269,3756.8765
133824000,3755.5891,1674800,24349800,5981759600,87648214900,3769.9251,3787.3025,3745.5269,3756.8765
133829000,3754.8689,2384300,33434800,5984143900,87681649700,3769.9251,3787.3025,3745.5269,3756.8765
133834000,3754.7152,1814000,26595100,5985957900,87708244800,3769.9251,3787.3025,3745.5269,3756.8765
133839000,3754.2349,2161300,35244600,5988119200,87743489400,3769.9251,3787.3025,3745.5269,3756.8765
133844000,3753.7505,3792800,45835400,5991912000,87789324800,3769.9251,3787.3025,3745.5269,3756.8765
133849000,3754.0265,4071100,54132800,5995983100,87843457600,3769.9251,3787.3025,3745.5269,3756.8765
133854000,3753.8326,2893600,34255100,5998876700,87877712700,3769.9251,3787.3025,3745.5269,3756.8765
133859000,3752.8921,4770100,53388400,6003646800,87931101100,3769.9251,3787.3025,3745.5269,3756.8765
133904000,3752.6971,1918700,29921300,6005565500,87961022400,3769.9251,3787.3025,3745.5269,3756.8765
133909000,3752.8815,1677100,26406300,6007242600,87987428700,3769.9251,3787.3025,3745.5269,3756.8765
133914000,3752.9931,2012200,26371700,6009254800,88013800400,3769.9251,3787.3025,3745.5269,3756.8765
133919000,3752.7396,2395100,36520100,6011649900,88050320500,3769.9251,3787.3025,3745.5269,3756.8765
133924000,3752.5543,2787200,29050100,6014437100,88079370600,3769.9251,3787.3025,3745.5269,3756.8765
133929000,3752.2964,1674600,27220300,6016111700,88106590900,3769.9251,3787.3025,3745.5269,3756.8765
133934000,3752.5885,1441900,24191900,6017553600,88130782800,3769.9251,3787.3025,3745.5269,3756.8765
133939000,3752.423,1637400,22651300,6019191000,88153434100,3769.9251,3787.3025,3745.5269,3756.8765
133944000,3752.3335,1919100,26211500,6021110100,88179645600,3769.9251,3787.3025,3745.5269,3756.8765
133949000,3752.5657,2439500,33407900,6023549600,88213053500,3769.9251,3787.3025,3745.5269,3756.8765
133954000,3751.992,1796000,21544800,6025345600,88234598300,3769.9251,3787.3025,3745.5269,3756.8765
133959000,3752.3103,2677100,32225400,6028022700,88266823700,3769.9251,3787.3025,3745.5269,3756.8765
134004000,3751.8248,1590800,25122600,6029613500,88291946300,3769.9251,3787.3025,3745.5269,3756.8765
134009000,3751.8606,2330300,34861100,6031943800,88326807400,3769.9251,3787.3025,3745.5269,3756.8765
134014000,3752.0033,2280600,31935600,6034224400,88358743000,3769.9251,3787.3025,3745.5269,3756.8765
134019000,3751.9258,2693400,36555900,6036917800,88395298900,3769.9251,3787.3025,3745.5269,3756.8765
134024000,3752.0024,2405000,23676800,6039322800,88418975700,3769.9251,3787.3025,3745.5269,3756.8765
134029000,3751.396,1716100,28935100,6041038900,88447910800,3769.9251,3787.3025,3745.5269,3756.8765
134034000,3751.3977,1271300,20474700,6042310200,88468385500,3769.9251,3787.3025,3745.5269,3756.8765
134039000,3751.8777,1817400,27126900,6044127600,88495512400,3769.9251,3787.3025,3745.5269,3756.8765
134044000,3751.9399,1759600,25916600,6045887200,88521429000,3769.9251,3787.3025,3745.5269,3756.8765
134049000,3752.1518,1888400,33598000,6047775600,88555027000,3769.9251,3787.3025,3745.5269,3756.8765
134054000,3751.7354,1280900,16934300,6049056500,88571961300,3769.9251,3787.3025,3745.5269,3756.8765
134059000,3752.0235,2094300,27798100,6051150800,88599759400,3769.9251,3787.3025,3745.5269,3756.8765
134104000,3752.0212,2177700,24203100,6053328500,88623962500,3769.9251,3787.3025,3745.5269,3756.8765
134109000,3751.9649,1678400,20354900,6055006900,88644317400,3769.9251,3787.3025,3745.5269,3756.8765
134114000,3751.8543,2235000,28056600,6057241900,88672374000,3769.9251,3787.3025,3745.5269,3756.8765
134119000,3751.9684,1845200,24952300,6059087100,88697326300,3769.9251,3787.3025,3745.5269,3756.8765
134124000,3751.7808,1405300,20054500,6060492400,88717380800,3769.9251,3787.3025,3745.5269,3756.8765
134129000,3751.7072,1730200,23183700,6062222600,88740564500,3769.9251,3787.3025,3745.5269,3756.8765
134134000,3751.5814,1809100,22758000,6064031700,88763322500,3769.9251,3787.3025,3745.5269,3756.8765
134139000,3751.4556,1842200,27717400,6065873900,88791039900,3769.9251,3787.3025,3745.5269,3756.8765
134144000,3751.5244,1936500,25249200,6067810400,88816289100,3769.9251,3787.3025,3745.5269,3756.8765
134149000,3751.5251,2222700,36004600,6070033100,88852293700,3769.9251,3787.3025,3745.5269,3756.8765
134154000,3751.4394,1592900,18998300,6071626000,88871292000,3769.9251,3787.3025,3745.5269,3756.8765
134159000,3751.7162,2357800,29107700,6073983800,88900399700,3769.9251,3787.3025,3745.5269,3756.8765
134204000,3751.6004,1863600,24449400,6075847400,88924849100,3769.9251,3787.3025,3745.5269,3756.8765
134209000,3751.6526,1360200,21289100,6077207600,88946138200,3769.9251,3787.3025,3745.5269,3756.8765
134214000,3751.7355,1728100,23576300,6078935700,88969714500,3769.9251,3787.3025,3745.5269,3756.8765
134219000,3751.9306,1851500,27185200,6080787200,88996899700,3769.9251,3787.3025,3745.5269,3756.8765
134224000,3751.4346,1642200,21478000,6082429400,89018377700,3769.9251,3787.3025,3745.5269,3756.8765
134229000,3751.7108,1563800,20999300,6083993200,89039377000,3769.9251,3787.3025,3745.5269,3756.8765
134234000,3752.0003,1165700,18776700,6085158900,89058153700,3769.9251,3787.3025,3745.5269,3756.8765
134239000,3751.6953,1553100,24104400,6086712000,89082258100,3769.9251,3787.3025,3745.5269,3756.8765
134244000,3751.7588,1851300,29399600,6088563300,89111657700,3769.9251,3787.3025,3745.5269,3756.8765
134249000,3751.7269,1643200,25873500,6090206500,89137531200,3769.9251,3787.3025,3745.5269,3756.8765
134254000,3751.7181,1310100,20509700,6091516600,89158040900,3769.9251,3787.3025,3745.5269,3756.8765
134259000,3751.6403,1484300,19774200,6093000900,89177815100,3769.9251,3787.3025,3745.5269,3756.8765
134304000,3751.5461,1845200,27852800,6094846100,89205667900,3769.9251,3787.3025,3745.5269,3756.8765
134310000,3751.431,1538400,21018400,6096384500,89226686300,3769.9251,3787.3025,3745.5269,3756.8765
134314000,3751.5275,1535800,23847800,6097920300,89250534100,3769.9251,3787.3025,3745.5269,3756.8765
134320000,3751.9182,1888700,28615700,6099809000,89279149800,3769.9251,3787.3025,3745.5269,3756.8765
134324000,3751.586,1111500,17983100,6100920500,89297132900,3769.9251,3787.3025,3745.5269,3756.8765
134330000,3751.6632,2052800,33625600,6102973300,89330758500,3769.9251,3787.3025,3745.5269,3756.8765
134335000,3751.2328,2737400,35415700,6105710700,89366174200,3769.9251,3787.3025,3745.5269,3756.8765
134340000,3751.142,1421800,18181700,6107132500,89384355900,3769.9251,3787.3025,3745.5269,3756.8765
134345000,3750.9298,3275800,30054000,6110408300,89414409900,3769.9251,3787.3025,3745.5269,3756.8765
134350000,3750.8719,1723900,25182400,6112132200,89439592300,3769.9251,3787.3025,3745.5269,3756.8765
134355000,3750.7267,1907200,24883800,6114039400,89464476100,3769.9251,3787.3025,3745.5269,3756.8765
134400000,3750.6819,2952500,25691400,6116991900,89490167500,3769.9251,3787.3025,3745.5269,3756.8765
134405000,3750.673,3821400,42819200,6120813300,89532986700,3769.9251,3787.3025,3745.5269,3756.8765
134410000,3750.2776,2965300,29283800,6123778600,89562270500,3769.9251,3787.3025,3745.5269,3756.8765
134415000,3750.5234,2626400,39446100,6126405000,89601716600,3769.9251,3787.3025,3745.5269,3756.8765
134420000,3750.4481,1817200,34366100,6128222200,89636082700,3769.9251,3787.3025,3745.5269,3756.8765
134425000,3750.4873,2513000,37680700,6130735200,89673763400,3769.9251,3787.3025,3745.5269,3756.8765
134430000,3750.4781,1502500,26003600,6132237700,89699767000,3769.9251,3787.3025,3745.5269,3756.8765
134435000,3750.0262,2096700,27387700,6134334400,89727154700,3769.9251,3787.3025,3745.5269,3756.8765
134440000,3750.3796,1424300,25796600,6135758700,89752951300,3769.9251,3787.3025,3745.5269,3756.8765
134445000,3750.3656,2201000,33710900,6137959700,89786662200,3769.9251,3787.3025,3745.5269,3756.8765
134450000,3750.0873,1724900,33188900,6139684600,89819851100,3769.9251,3787.3025,3745.5269,3756.8765
134455000,3750.087,2781300,32645400,6142465900,89852496500,3769.9251,3787.3025,3745.5269,3756.8765
134500000,3750.2552,1056900,15278600,6143522800,89867775100,3769.9251,3787.3025,3745.5269,3756.8765
134505000,3750.3578,2328200,36534400,6145851000,89904309500,3769.9251,3787.3025,3745.5269,3756.8765
134510000,3750.0317,1013200,17071800,6146864200,89921381300,3769.9251,3787.3025,3745.5269,3756.8765
134515000,3750.3774,1720700,22299100,6148584900,89943680400,3769.9251,3787.3025,3745.5269,3756.8765
134520000,3750.1214,1674100,31681000,6150259000,89975361400,3769.9251,3787.3025,3745.5269,3756.8765
134525000,3750.1245,1553700,28706800,6151812700,90004068200,3769.9251,3787.3025,3745.5269,3756.8765
134530000,3750.3798,1859600,25794700,6153672300,90029862900,3769.9251,3787.3025,3745.5269,3756.8765
134535000,3750.7135,1796000,26237700,6155468300,90056100600,3769.9251,3787.3025,3745.5269,3756.8765
134540000,3750.4381,1853600,25858700,6157321900,90081959300,3769.9251,3787.3025,3745.5269,3756.8765
134545000,3750.8231,1792200,31813600,6159114100,90113772900,3769.9251,3787.3025,3745.5269,3756.8765
134550000,3751.4493,2668400,41226800,6161782500,90154999700,3769.9251,3787.3025,3745.5269,3756.8765
134555000,3751.6576,1911900,32704000,6163694400,90187703700,3769.9251,3787.3025,3745.5269,3756.8765
134600000,3751.1491,1139400,17951300,6164833800,90205655000,3769.9251,3787.3025,3745.5269,3756.8765
134605000,3751.0883,2479200,34450800,6167313000,90240105800,3769.9251,3787.3025,3745.5269,3756.8765
134610000,3751.333,1776100,20395300,6169089100,90260501100,3769.9251,3787.3025,3745.5269,3756.8765
134615000,3751.2512,1811800,27872000,6170900900,90288373100,3769.9251,3787.3025,3745.5269,3756.8765
134620000,3751.4568,1760000,29379900,6172660900,90317753000,3769.9251,3787.3025,3745.5269,3756.8765
134625000,3751.807,1881100,31753900,6174542000,90349506900,3769.9251,3787.3025,3745.5269,3756.8765
134630000,3751.5089,1285200,16724000,6175827200,90366230900,3769.9251,3787.3025,3745.5269,3756.8765
134635000,3751.6622,1953900,30401600,6177781100,90396632500,3769.9251,3787.3025,3745.5269,3756.8765
134640000,3751.4278,1789800,23265200,6179570900,90419897700,3769.9251,3787.3025,3745.5269,3756.8765
134645000,3751.4274,1264000,22658800,6180834900,90442556500,3769.9251,3787.3025,3745.5269,3756.8765
134650000,3751.6072,1683200,25134900,6182518100,90467691400,3769.9251,3787.3025,3745.5269,3756.8765
134655000,3751.7945,2490100,32411700,6185008200,90500103100,3769.9251,3787.3025,3745.5269,3756.8765
134700000,3751.511,966600,17751100,6185974800,90517854200,3769.9251,3787.3025,3745.5269,3756.8765
134705000,3751.4049,2371100,35889300,6188345900,90553743500,3769.9251,3787.3025,3745.5269,3756.8765
134710000,3751.3941,2042500,22110100,6190388400,90575853600,3769.9251,3787.3025,3745.5269,3756.8765
134715000,3751.8095,1975900,23940400,6192364300,90599794000,3769.9251,3787.3025,3745.5269,3756.8765
134720000,3751.9135,2876400,31209400,6195240700,90631003400,3769.9251,3787.3025,3745.5269,3756.8765
134725000,3751.8393,1767000,25103200,6197007700,90656106600,3769.9251,3787.3025,3745.5269,3756.8765
134730000,3751.8929,800800,12589500,6197808500,90668696100,3769.9251,3787.3025,3745.5269,3756.8765
134735000,3751.832,1225500,24293500,6199034000,90692989600,3769.9251,3787.3025,3745.5269,3756.8765
134740000,3751.9279,1502200,17878700,6200536200,90710868300,3769.9251,3787.3025,3745.5269,3756.8765
134745000,3751.9789,1536200,22360800,6202072400,90733229100,3769.9251,3787.3025,3745.5269,3756.8765
134750000,3751.9808,1368100,22914900,6203440500,90756144000,3769.9251,3787.3025,3745.5269,3756.8765
134755000,3752.194,1498400,32131100,6204938900,90788275100,3769.9251,3787.3025,3745.5269,3756.8765
134800000,3752.204,1375400,20010700,6206314300,90808285800,3769.9251,3787.3025,3745.5269,3756.8765
134805000,3752.2405,2268900,28873600,6208583200,90837159400,3769.9251,3787.3025,3745.5269,3756.8765
134810000,3752.1202,1964200,22523600,6210547400,90859683000,3769.9251,3787.3025,3745.5269,3756.8765
134815000,3751.9944,1881600,22552800,6212429000,90882235800,3769.9251,3787.3025,3745.5269,3756.8765
134820000,3751.9523,2500200,25567400,6214929200,90907803200,3769.9251,3787.3025,3745.5269,3756.8765
134825000,3751.8038,1797300,24318600,6216726500,90932121800,3769.9251,3787.3025,3745.5269,3756.8765
134830000,3751.9425,1450000,27851300,6218176500,90959973100,3769.9251,3787.3025,3745.5269,3756.8765
134835000,3752.0051,2155500,31506600,6220332000,90991479700,3769.9251,3787.3025,3745.5269,3756.8765
134840000,3752.0063,2236800,26931700,6222568800,91018411400,3769.9251,3787.3025,3745.5269,3756.8765
134845000,3752.2816,1803500,24704400,6224372300,91043115800,3769.9251,3787.3025,3745.5269,3756.8765
134850000,3752.4238,2797000,34172000,6227169300,91077287800,3769.9251,3787.3025,3745.5269,3756.8765
134855000,3752.3171,1954900,26148900,6229124200,91103436700,3769.9251,3787.3025,3745.5269,3756.8765
134900000,3752.7053,1648500,23328700,6230772700,91126765400,3769.9251,3787.3025,3745.5269,3756.8765
134905000,3753.735,3887300,57062300,6234660000,91183827700,3769.9251,3787.3025,3745.5269,3756.8765
134910000,3753.065,2456000,36365200,6237116000,91220192900,3769.9251,3787.3025,3745.5269,3756.8765
134915000,3754.019,3384500,47532100,6240500500,91267725000,3769.9251,3787.3025,3745.5269,3756.8765
134920000,3753.6248,2098100,34744300,6242598600,91302469300,3769.9251,3787.3025,3745.5269,3756.8765
134925000,3753.7933,2538900,38277400,6245137500,91340746700,3769.9251,3787.3025,3745.5269,3756.8765
134930000,3754.508,1893400,31869700,6247030900,91372616400,3769.9251,3787.3025,3745.5269,3756.8765
134935000,3754.8879,3039300,52921300,6250070200,91425537700,3769.9251,3787.3025,3745.5269,3756.8765
134940000,3755.4986,3015200,45247100,6253085400,91470784800,3769.9251,3787.3025,3745.5269,3756.8765
134945000,3755.5874,3201800,55467200,6256287200,91526252000,3769.9251,3787.3025,3745.5269,3756.8765
134950000,3756.3062,2931500,48169600,6259218700,91574421600,3769.9251,3787.3025,3745.5269,3756.8765
134955000,3756.3242,2337600,39894200,6261556300,91614315800,3769.9251,3787.3025,3745.5269,3756.8765
135000000,3756.1127,1905300,25093000,6263461600,91639408800,3769.9251,3787.3025,3745.5269,3756.8765
135005000,3756.3575,2940100,57235600,6266401700,91696644400,3769.9251,3787.3025,3745.5269,3756.8765
135010000,3756.7068,2248600,32694000,6268650300,91729338400,3769.9251,3787.3025,3745.5269,3756.8765
135015000,3756.807,1938600,29781800,6270588900,91759120200,3769.9251,3787.3025,3745.5269,3756.8765
135020000,3756.4979,2202700,37599300,6272791600,91796719500,3769.9251,3787.3025,3745.5269,3756.8765
135025000,3756.525,2070500,32467400,6274862100,91829186900,3769.9251,3787.3025,3745.5269,3756.8765
135030000,3756.3749,3266900,38756400,6278129000,91867943300,3769.9251,3787.3025,3745.5269,3756.8765
135035000,3756.4522,2137300,31838400,6280266300,91899781700,3769.9251,3787.3025,3745.5269,3756.8765
135040000,3756.4437,2211300,25408800,6282477600,91925190500,3769.9251,3787.3025,3745.5269,3756.8765
135045000,3756.7082,2134000,32432600,6284611600,91957623100,3769.9251,3787.3025,3745.5269,3756.8765
135050000,3757.0443,2606900,35200600,6287218500,91992823700,3769.9251,3787.3025,3745.5269,3756.8765
135055000,3757.3429,2906300,39593200,6290124800,92032416900,3769.9251,3787.3025,3745.5269,3756.8765
135100000,3757.2931,1547000,31075700,6291671800,92063492600,3769.9251,3787.3025,3745.5269,3756.8765
135105000,3757.2356,2149700,31678900,6293821500,92095171500,3769.9251,3787.3025,3745.5269,3756.8765
135110000,3757.3833,1788800,27431600,6295610300,92122603100,3769.9251,3787.3025,3745.5269,3756.8765
135115000,3757.0723,2243000,31967800,6297853300,92154570900,3769.9251,3787.3025,3745.5269,3756.8765
135120000,3757.3876,3431200,44818400,6301284500,92199389300,3769.9251,3787.3025,3745.5269,3756.8765
135125000,3757.2455,2366500,36544400,6303651000,92235933700,3769.9251,3787.3025,3745.5269,3756.8765
135130000,3757.0771,1998500,25763800,6305649500,92261697500,3769.9251,3787.3025,3745.5269,3756.8765
135135000,3757.275,2351900,38958800,6308001400,92300656300,3769.9251,3787.3025,3745.5269,3756.8765
135140000,3757.0872,1370400,21136700,6309371800,92321793000,3769.9251,3787.3025,3745.5269,3756.8765
135145000,3757.041,1995600,30122500,6311367400,92351915500,3769.9251,3787.3025,3745.5269,3756.8765
135150000,3757.641,2190600,27831600,6313558000,92379747100,3769.9251,3787.3025,3745.5269,3756.8765
135155000,3756.9624,1933000,34460200,6315491000,92414207300,3769.9251,3787.3025,3745.5269,3756.8765
135200000,3756.9807,1185500,21433400,6316676500,92435640700,3769.9251,3787.3025,3745.5269,3756.8765
135205000,3757.1307,1825600,26729600,6318502100,92462370300,3769.9251,3787.3025,3745.5269,3756.8765
135210000,3756.8068,2073100,28057200,6320575200,92490427500,3769.9251,3787.3025,3745.5269,3756.8765
135215000,3756.6142,1328000,21401200,6321903200,92511828700,3769.9251,3787.3025,3745.5269,3756.8765
135220000,3756.6216,1905400,30814000,6323808600,92542642700,3769.9251,3787.3025,3745.5269,3756.8765
135225000,3756.4459,1889500,29909700,6325698100,92572552400,3769.9251,3787.3025,3745.5269,3756.8765
135230000,3757.1162,1794800,20633600,6327492900,92593186000,3769.9251,3787.3025,3745.5269,3756.8765
135235000,3757.2881,2072200,30814600,6329565100,92624000600,3769.9251,3787.3025,3745.5269,3756.8765
135240000,3756.7812,1971300,27377500,6331536400,92651378100,3769.9251,3787.3025,3745.5269,3756.8765
135245000,3756.7929,2227300,31294200,6333763700,92682672300,3769.9251,3787.3025,3745.5269,3756.8765
135250000,3756.7515,2427800,32320200,6336191500,92714992500,3769.9251,3787.3025,3745.5269,3756.8765
135255000,3757.0076,2095100,27895500,6338286600,92742888000,3769.9251,3787.3025,3745.5269,3756.8765
135300000,3756.8284,961600,12526200,6339248200,92755414200,3769.9251,3787.3025,3745.5269,3756.8765
135305000,3756.8459,1590800,24849800,6340839000,92780264000,3769.9251,3787.3025,3745.5269,3756.8765
135310000,3757.0005,1203200,19903800,6342042200,92800167800,3769.9251,3787.3025,3745.5269,3756.8765
135315000,3756.7684,1903400,28399300,6343945600,92828567100,3769.9251,3787.3025,3745.5269,3756.8765
135320000,3756.6985,1634000,26706200,6345579600,92855273300,3769.9251,3787.3025,3745.5269,3756.8765
135325000,3757.0648,2001500,28136600,6347581100,92883409900,3769.9251,3787.3025,3745.5269,3756.8765
135330000,3756.8848,1638700,30852100,6349219800,92914262000,3769.9251,3787.3025,3745.5269,3756.8765
135335000,3757.1897,1879500,33116000,6351099300,92947378000,3769.9251,3787.3025,3745.5269,3756.8765
135340000,3757.2061,1402500,20455200,6352501800,92967833200,3769.9251,3787.3025,3745.5269,3756.8765
135345000,3757.0883,1866900,30840600,6354368700,92998673800,3769.9251,3787.3025,3745.5269,3756.8765
135350000,3757.2565,1653800,28343800,6356022500,93027017600,3769.9251,3787.3025,3745.5269,3756.8765
135355000,3756.9644,2078500,29683100,6358101000,93056700700,3769.9251,3787.3025,3745.5269,3756.8765
135400000,3757.0982,1420300,19040700,6359521300,93075741400,3769.9251,3787.3025,3745.5269,3756.8765
135405000,3757.0611,2531900,48413500,6362053200,93124154900,3769.9251,3787.3025,3745.5269,3756.8765
135410000,3757.2798,3017500,27937800,6365070700,93152092700,3769.9251,3787.3025,3745.5269,3756.8765
135415000,3757.1802,2362600,31195000,6367433300,93183287700,3769.9251,3787.3025,3745.5269,3756.8765
135420000,3757.011,2705900,30093800,6370139200,93213381500,3769.9251,3787.3025,3745.5269,3756.8765
135425000,3757.1958,1632000,28723600,6371771200,93242105100,3769.9251,3787.3025,3745.5269,3756.8765
135430000,3757.3124,2386300,28839700,6374157500,93270944800,3769.9251,3787.3025,3745.5269,3756.8765
135435000,3757.6734,2128400,25867900,6376285900,93296812700,3769.9251,3787.3025,3745.5269,3756.8765
135440000,3757.5623,1467000,20224500,6377752900,93317037200,3769.9251,3787.3025,3745.5269,3756.8765
135445000,3757.3061,1523400,20484900,6379276300,93337522100,3769.9251,3787.3025,3745.5269,3756.8765
135450000,3757.3323,1865700,27779900,6381142000,93365302000,3769.9251,3787.3025,3745.5269,3756.8765
135455000,3757.0961,2532700,36449900,6383674700,93401751900,3769.9251,3787.3025,3745.5269,3756.8765
135500000,3756.8232,1200700,16051500,6384875400,93417803400,3769.9251,3787.3025,3745.5269,3756.8765
135505000,3756.7522,2208200,30819200,6387083600,93448622600,3769.9251,3787.3025,3745.5269,3756.8765
135510000,3757.136,1462000,23514800,6388545600,93472137400,3769.9251,3787.3025,3745.5269,3756.8765
135516000,3757.4534,2791100,41093300,6391336700,93513230700,3769.9251,3787.3025,3745.5269,3756.8765
135520000,3756.8367,1783400,24454300,6393120100,93537685000,3769.9251,3787.3025,3745.5269,3756.8765
135525000,3756.9537,2048200,33358800,6395168300,93571043800,3769.9251,3787.3025,3745.5269,3756.8765
135530000,3756.7292,1567100,19346200,6396735400,93590390000,3769.9251,3787.3025,3745.5269,3756.8765
135535000,3756.8753,1670000,21286900,6398405400,93611676900,3769.9251,3787.3025,3745.5269,3756.8765
135541000,3756.6947,2328000,29850000,6400733400,93641526900,3769.9251,3787.3025,3745.5269,3756.8765
135545000,3756.5975,2551200,27936700,6403284600,93669463600,3769.9251,3787.3025,3745.5269,3756.8765
135551000,3756.7023,1665100,28920100,6404949700,93698383700,3769.9251,3787.3025,3745.5269,3756.8765
135556000,3756.7555,2250900,36183900,6407200600,93734567600,3769.9251,3787.3025,3745.5269,3756.8765
135600000,3756.4439,1283900,20425900,6408484500,93754993500,3769.9251,3787.3025,3745.5269,3756.8765
135606000,3756.6557,2370700,31665300,6410855200,93786658800,3769.9251,3787.3025,3745.5269,3756.8765
135611000,3756.323,2253800,29050500,6413109000,93815709300,3769.9251,3787.3025,3745.5269,3756.8765
135616000,3756.3906,1401600,18790200,6414510600,93834499500,3769.9251,3787.3025,3745.5269,3756.8765
135621000,3756.022,1844600,25350000,6416355200,93859849500,3769.9251,3787.3025,3745.5269,3756.8765
135626000,3756.3216,1827600,24782500,6418182800,93884632000,3769.9251,3787.3025,3745.5269,3756.8765
135631000,3756.407,2433600,33833300,6420616400,93918465300,3769.9251,3787.3025,3745.5269,3756.8765
135636000,3756.3983,1192900,16165400,6421809300,93934630700,3769.9251,3787.3025,3745.5269,3756.8765
135641000,3755.9427,1980300,27460200,6423789600,93962090900,3769.9251,3787.3025,3745.5269,3756.8765
135646000,3756.2253,1361900,20855800,6425151500,93982946700,3769.9251,3787.3025,3745.5269,3756.8765
135651000,3756.1728,1609000,20100100,6426760500,94003046800,3769.9251,3787.3025,3745.5269,3756.8765
135656000,3756.5222,1670000,25577600,6428430500,94028624400,3769.9251,3787.3025,3745.5269,3756.8765
135701000,3756.2655,1718100,25712900,6430148600,94054337300,3769.9251,3787.3025,3745.5269,3756.8765
135706000,3756.6481,1735400,28792400,6431884000,94083129700,3769.9251,3787.3025,3745.5269,3756.8765
135711000,3756.365,1978900,27992000,6433862900,94111121700,3769.9251,3787.3025,3745.5269,3756.8765
135716000,3756.2834,2242200,28323100,6436105100,94139444800,3769.9251,3787.3025,3745.5269,3756.8765
135721000,3756.137,2300100,27633500,6438405200,94167078300,3769.9251,3787.3025,3745.5269,3756.8765
135726000,3755.8277,2133900,35309400,6440539100,94202387700,3769.9251,3787.3025,3745.5269,3756.8765
135731000,3755.7052,1916600,33475800,6442455700,94235863500,3769.9251,3787.3025,3745.5269,3756.8765
135736000,3756.0361,1374300,18672400,6443830000,94254535900,3769.9251,3787.3025,3745.5269,3756.8765
135741000,3755.7023,2324200,30614300,6446154200,94285150200,3769.9251,3787.3025,3745.5269,3756.8765
135746000,3756.1441,1667900,25658200,6447822100,94310808400,3769.9251,3787.3025,3745.5269,3756.8765
135751000,3756.0605,1739600,27354000,6449561700,94338162400,3769.9251,3787.3025,3745.5269,3756.8765
135756000,3755.7914,1638300,23632300,6451200000,94361794700,3769.9251,3787.3025,3745.5269,3756.8765
135801000,3755.7265,1981700,31196700,6453181700,94392991400,3769.9251,3787.3025,3745.5269,3756.8765
135806000,3755.6302,1535900,22865600,6454717600,94415857000,3769.9251,3787.3025,3745.5269,3756.8765
135811000,3755.6492,2042800,28780800,6456760400,94444637800,3769.9251,3787.3025,3745.5269,3756.8765
135816000,3755.715,1876500,20769400,6458636900,94465407200,3769.9251,3787.3025,3745.5269,3756.8765
135821000,3755.384,2229900,26446300,6460866800,94491853500,3769.9251,3787.3025,3745.5269,3756.8765
135826000,3755.4894,2423900,31577300,6463290700,94523430800,3769.9251,3787.3025,3745.5269,3756.8765
135831000,3755.9517,2113900,32772600,6465404600,94556203400,3769.9251,3787.3025,3745.5269,3756.8765
135836000,3755.9267,1356500,17697700,6466761100,94573901100,3769.9251,3787.3025,3745.5269,3756.8765
135841000,3755.5896,1864900,32074600,6468626000,94605975700,3769.9251,3787.3025,3745.5269,3756.8765
135846000,3755.4035,2025000,27260900,6470651000,94633236600,3769.9251,3787.3025,3745.5269,3756.8765
135851000,3755.5736,1583800,23241200,6472234800,94656477800,3769.9251,3787.3025,3745.5269,3756.8765
135856000,3755.427,2668400,36347500,6474903200,94692825300,3769.9251,3787.3025,3745.5269,3756.8765
135901000,3755.3981,2848100,32038500,6477751300,94724863800,3769.9251,3787.3025,3745.5269,3756.8765
135906000,3755.3408,1742200,26371700,6479493500,94751235500,3769.9251,3787.3025,3745.5269,3756.8765
135911000,3754.8562,2352800,30111000,6481846300,94781346500,3769.9251,3787.3025,3745.5269,3756.8765
135916000,3755.0494,1885100,22108800,6483731400,94803455300,3769.9251,3787.3025,3745.5269,3756.8765
135921000,3755.0103,2168400,23681100,6485899800,94827136400,3769.9251,3787.3025,3745.5269,3756.8765
135926000,3754.6431,2070500,28502100,6487970300,94855638500,3769.9251,3787.3025,3745.5269,3756.8765
135931000,3754.8662,1917900,31253400,6489888200,94886891900,3769.9251,3787.3025,3745.5269,3756.8765
135936000,3755.1623,1200100,15564200,6491088300,94902456100,3769.9251,3787.3025,3745.5269,3756.8765
135941000,3754.3967,2391500,39003000,6493479800,94941459100,3769.9251,3787.3025,3745.5269,3756.8765
135946000,3754.5264,2020600,23302200,6495500400,94964761300,3769.9251,3787.3025,3745.5269,3756.8765
135951000,3754.4629,1945900,31070600,6497446300,94995831900,3769.9251,3787.3025,3745.5269,3756.8765
135956000,3754.395,1949700,30629600,6499396000,95026461500,3769.9251,3787.3025,3745.5269,3756.8765
140001000,3754.3395,2921600,38392900,6502317600,95064854400,3769.9251,3787.3025,3745.5269,3756.8765
140006000,3754.2536,1635200,24400700,6503952800,95089255100,3769.9251,3787.3025,3745.5269,3756.8765
140011000,3754.6127,2331700,40619200,6506284500,95129874300,3769.9251,3787.3025,3745.5269,3756.8765
140016000,3754.5635,1908200,25964200,6508192700,95155838500,3769.9251,3787.3025,3745.5269,3756.8765
140021000,3753.9367,2207400,34259300,6510400100,95190097800,3769.9251,3787.3025,3745.5269,3756.8765
140026000,3753.3471,2638600,39805300,6513038700,95229903100,3769.9251,3787.3025,3745.5269,3756.8765
140031000,3753.2579,2994800,42764400,6516033500,95272667500,3769.9251,3787.3025,3745.5269,3756.8765
140036000,3753.188,1905600,29268900,6517939100,95301936400,3769.9251,3787.3025,3745.5269,3756.8765
140041000,3752.8872,2622300,43119000,6520561400,95345055400,3769.9251,3787.3025,3745.5269,3756.8765
140046000,3752.5259,2746700,36233900,6523308100,95381289300,3769.9251,3787.3025,3745.5269,3756.8765
140051000,3752.634,2601600,38288900,6525909700,95419578200,3769.9251,3787.3025,3745.5269,3756.8765
140056000,3752.3406,2418100,35292800,6528327800,95454871000,3769.9251,3787.3025,3745.5269,3756.8765
140101000,3751.6238,2543900,49823300,6530871700,95504694300,3769.9251,3787.3025,3745.5269,3756.8765
140106000,3752.0083,1805500,26657400,6532677200,95531351700,3769.9251,3787.3025,3745.5269,3756.8765
140111000,3751.994,3808400,52474100,6536485600,95583825800,3769.9251,3787.3025,3745.5269,3756.8765
140116000,3751.5464,2564300,33156200,6539049900,95616982000,3769.9251,3787.3025,3745.5269,3756.8765
140121000,3751.3039,2831500,33485500,6541881400,95650467500,3769.9251,3787.3025,3745.5269,3756.8765
140126000,3751.4516,2602800,36706100,6544484200,95687173600,3769.9251,3787.3025,3745.5269,3756.8765
140131000,3751.0273,2556900,35373300,6547041100,95722546900,3769.9251,3787.3025,3745.5269,3756.8765
140136000,3750.4037,1241200,18943300,6548282300,95741490200,3769.9251,3787.3025,3745.5269,3756.8765
140141000,3750.7125,1616300,27833500,6549898600,95769323700,3769.9251,3787.3025,3745.5269,3756.8765
140146000,3750.5601,1417700,20566800,6551316300,95789890500,3769.9251,3787.3025,3745.5269,3756.8765
140151000,3750.9635,2003200,31640500,6553319500,95821531000,3769.9251,3787.3025,3745.5269,3756.8765
140156000,3750.7477,2428200,31954000,6555747700,95853485000,3769.9251,3787.3025,3745.5269,3756.8765
140201000,3750.6776,2277100,37953100,6558024800,95891438100,3769.9251,3787.3025,3745.5269,3756.8765
140206000,3750.5803,1599100,23166800,6559623900,95914604900,3769.9251,3787.3025,3745.5269,3756.8765
140211000,3750.4661,2290700,30454800,6561914600,95945059700,3769.9251,3787.3025,3745.5269,3756.8765
140216000,3750.1242,2298200,27339100,6564212800,95972398800,3769.9251,3787.3025,3745.5269,3756.8765
140221000,3750.1513,2526300,31918400,6566739100,96004317200,3769.9251,3787.3025,3745.5269,3756.8765
140226000,3750.2541,2522800,30137900,6569261900,96034455100,3769.9251,3787.3025,3745.5269,3756.8765
140231000,3750.0366,2524800,38869100,6571786700,96073324200,3769.9251,3787.3025,3745.5269,3756.8765
140236000,3749.8087,2799500,42830400,6574586200,96116154600,3769.9251,3787.3025,3745.5269,3756.8765
140241000,3749.4253,2406700,31736800,6576992900,96147891400,3769.9251,3787.3025,3745.5269,3756.8765
140246000,3749.3519,2798000,37435400,6579790900,96185326800,3769.9251,3787.3025,3745.5269,3756.8765
140251000,3749.5132,2494500,35458900,6582285400,96220785700,3769.9251,3787.3025,3745.5269,3756.8765
140256000,3749.6722,2658500,43025900,6584943900,96263811600,3769.9251,3787.3025,3745.5269,3756.8765
140301000,3749.8401,2303800,29744500,6587247700,96293556100,3769.9251,3787.3025,3745.5269,3756.8765
140306000,3749.69,1237500,21746400,6588485200,96315302500,3769.9251,3787.3025,3745.5269,3756.8765
140311000,3749.7795,2399000,37707700,6590884200,96353010200,3769.9251,3787.3025,3745.5269,3756.8765
140316000,3749.8062,1838600,24558900,6592722800,96377569100,3769.9251,3787.3025,3745.5269,3756.8765
140321000,3749.6003,1918600,32267600,6594641400,96409836700,3769.9251,3787.3025,3745.5269,3756.8765
140326000,3749.7497,2717200,37701000,6597358600,96447537700,3769.9251,3787.3025,3745.5269,3756.8765
140331000,3749.9784,1959900,30951000,6599318500,96478488700,3769.9251,3787.3025,3745.5269,3756.8765
140336000,3749.8547,1411400,21776900,6600729900,96500265600,3769.9251,3787.3025,3745.5269,3756.8765
140341000,3749.3151,1852300,32185400,6602582200,96532451000,3769.9251,3787.3025,3745.5269,3756.8765
140346000,3749.7133,1427200,21524000,6604009400,96553975000,3769.9251,3787.3025,3745.5269,3756.8765
140351000,3750.0296,1578300,25187800,6605587700,96579162800,3769.9251,3787.3025,3745.5269,3756.8765
140356000,3750.1188,2715700,36720700,6608303400,96615883500,3769.9251,3787.3025,3745.5269,3756.8765
140401000,3750.0785,1855700,28828000,6610159100,96644711500,3769.9251,3787.3025,3745.5269,3756.8765
140406000,3750.116,1514600,22742300,6611673700,96667453800,3769.9251,3787.3025,3745.5269,3756.8765
140411000,3750.0903,2339100,32501800,6614012800,96699955600,3769.9251,3787.3025,3745.5269,3756.8765
140416000,3749.8926,2212300,24196300,6616225100,96724151900,3769.9251,3787.3025,3745.5269,3756.8765
140421000,3750.0348,1781700,24774400,6618006800,96748926300,3769.9251,3787.3025,3745.5269,3756.8765
140426000,3749.9194,1728400,28033500,6619735200,96776959800,3769.9251,3787.3025,3745.5269,3756.8765
140431000,3749.8346,2294800,29903100,6622030000,96806862900,3769.9251,3787.3025,3745.5269,3756.8765
140436000,3749.7465,2287400,26984400,6624317400,96833847300,3769.9251,3787.3025,3745.5269,3756.8765
140441000,3750.0589,3274500,42644700,6627591900,96876492000,3769.9251,3787.3025,3745.5269,3756.8765
140446000,3750.034,2239700,28448200,6629831600,96904940200,3769.9251,3787.3025,3745.5269,3756.8765
140451000,3749.9207,2290200,26245700,6632121800,96931185900,3769.9251,3787.3025,3745.5269,3756.8765
140456000,3749.8375,1707900,24313300,6633829700,96955499200,3769.9251,3787.3025,3745.5269,3756.8765
140501000,3749.8895,2065800,31461800,6635895500,96986961000,3769.9251,3787.3025,3745.5269,3756.8765
140506000,3750.0934,1759300,25514100,6637654800,97012475100,3769.9251,3787.3025,3745.5269,3756.8765
140511000,3749.9772,2213400,30806900,6639868200,97043282000,3769.9251,3787.3025,3745.5269,3756.8765
140516000,3749.7259,1847200,20494800,6641715400,97063776800,3769.9251,3787.3025,3745.5269,3756.8765
140521000,3749.5679,2367000,28073200,6644082400,97091850000,3769.9251,3787.3025,3745.5269,3756.8765
140526000,3749.179,2257600,30044800,6646340000,97121894800,3769.9251,3787.3025,3745.5269,3756.8765
140531000,3749.6543,2727300,34910300,6649067300,97156805100,3769.9251,3787.3025,3745.5269,3756.8765
140536000,3749.3066,1335300,22484200,6650402600,97179289300,3769.9251,3787.3025,3745.5269,3756.8765
140541000,3748.9015,1928000,27406900,6652330600,97206696200,3769.9251,3787.3025,3745.5269,3756.8765
140546000,3749.3548,2020300,26076100,6654350900,97232772300,3769.9251,3787.3025,3745.5269,3756.8765
140551000,3749.0103,2248300,32390700,6656599200,97265163000,3769.9251,3787.3025,3745.5269,3756.8765
140556000,3749.4192,2449900,37756900,6659049100,97302919900,3769.9251,3787.3025,3745.5269,3756.8765
140601000,3748.9792,2726000,33557600,6661775100,97336477500,3769.9251,3787.3025,3745.5269,3756.8765
140606000,3748.982,2124000,27555600,6663899100,97364033100,3769.9251,3787.3025,3745.5269,3756.8765
140611000,3748.6019,2217500,35067400,6666116600,97399100500,3769.9251,3787.3025,3745.5269,3756.8765
140616000,3749.0598,2620600,33055900,6668737200,97432156400,3769.9251,3787.3025,3745.5269,3756.8765
140621000,3749.1711,2681400,35735500,6671418600,97467891900,3769.9251,3787.3025,3745.5269,3756.8765
140626000,3749.1061,2066800,32997100,6673485400,97500889000,3769.9251,3787.3025,3745.5269,3756.8765
140631000,3748.8833,2331800,38847900,6675817200,97539736900,3769.9251,3787.3025,3745.5269,3756.8765
140636000,3748.7817,1355600,18410900,6677172800,97558147800,3769.9251,3787.3025,3745.5269,3756.8765
140641000,3748.592,2730300,37272600,6679903100,97595420400,3769.9251,3787.3025,3745.5269,3756.8765
140646000,3748.836,1654300,24235600,6681557400,97619656000,3769.9251,3787.3025,3745.5269,3756.8765
140651000,3749.0195,2170400,32694100,6683727800,97652350100,3769.9251,3787.3025,3745.5269,3756.8765
140656000,3749.1444,2060200,33549200,6685788000,97685899300,3769.9251,3787.3025,3745.5269,3756.8765
140701000,3749.2528,2137300,37414900,6687925300,97723314200,3769.9251,3787.3025,3745.5269,3756.8765
140706000,3749.3873,1634700,35957400,6689560000,97759271600,3769.9251,3787.3025,3745.5269,3756.8765
140711000,3749.4636,2146700,32114900,6691706700,97791386500,3769.9251,3787.3025,3745.5269,3756.8765
140716000,3749.583,1744300,28454900,6693451000,97819841400,3769.9251,3787.3025,3745.5269,3756.8765
140721000,3749.6935,2970300,34893300,6696421300,97854734700,3769.9251,3787.3025,3745.5269,3756.8765
140726000,3749.5157,2484900,38280600,6698906200,97893015300,3769.9251,3787.3025,3745.5269,3756.8765
140731000,3749.407,2007500,27405900,6700913700,97920421200,3769.9251,3787.3025,3745.5269,3756.8765
140736000,3749.4237,1431300,21853700,6702345000,97942274900,3769.9251,3787.3025,3745.5269,3756.8765
140741000,3749.2137,3526500,43291900,6705871500,97985566800,3769.9251,3787.3025,3745.5269,3756.8765
140746000,3749.5872,1908100,25104100,6707779600,98010670900,3769.9251,3787.3025,3745.5269,3756.8765
140751000,3749.9628,3303500,30056200,6711083100,98040727100,3769.9251,3787.3025,3745.5269,3756.8765
140756000,3749.5918,3850800,44879700,6714933900,98085606800,3769.9251,3787.3025,3745.5269,3756.8765
140801000,3749.7802,1957900,24873500,6716891800,98110480300,3769.9251,3787.3025,3745.5269,3756.8765
140807000,3750.1788,2540900,35814100,6719432700,98146294400,3769.9251,3787.3025,3745.5269,3756.8765
140812000,3750.0631,1864500,27065100,6721297200,98173359500,3769.9251,3787.3025,3745.5269,3756.8765
140817000,3749.791,1846900,24753300,6723144100,98198112800,3769.9251,3787.3025,3745.5269,3756.8765
140822000,3749.9478,1793100,24238100,6724937200,98222350900,3769.9251,3787.3025,3745.5269,3756.8765
140826000,3750.0047,1894400,26734500,6726831600,98249085400,3769.9251,3787.3025,3745.5269,3756.8765
140832000,3749.6518,2624600,39842900,6729456200,98288928300,3769.9251,3787.3025,3745.5269,3756.8765
140837000,3750.3746,2022800,26024000,6731479000,98314952300,3769.9251,3787.3025,3745.5269,3756.8765
140842000,3750.0363,1991700,25617700,6733470700,98340570000,3769.9251,3787.3025,3745.5269,3756.8765
140847000,3750.2475,1646900,25959000,6735117600,98366529000,3769.9251,3787.3025,3745.5269,3756.8765
140852000,3750.0298,1426600,18631700,6736544200,98385160700,3769.9251,3787.3025,3745.5269,3756.8765
140857000,3750.3826,1842100,23792400,6738386300,98408953100,3769.9251,3787.3025,3745.5269,3756.8765
140902000,3750.181,1831200,23583300,6740217500,98432536400,3769.9251,3787.3025,3745.5269,3756.8765
140907000,3750.4468,3101300,42645100,6743318800,98475181500,3769.9251,3787.3025,3745.5269,3756.8765
140912000,3750.4998,1429200,19878200,6744748000,98495059700,3769.9251,3787.3025,3745.5269,3756.8765
140917000,3750.8297,2000700,27690500,6746748700,98522750200,3769.9251,3787.3025,3745.5269,3756.8765
140922000,3750.4492,2314100,26600700,6749062800,98549350900,3769.9251,3787.3025,3745.5269,3756.8765
140927000,3750.0089,2510000,31518900,6751572800,98580869800,3769.9251,3787.3025,3745.5269,3756.8765
140932000,3750.4729,2718600,37546100,6754291400,98618415900,3769.9251,3787.3025,3745.5269,3756.8765
140937000,3750.2821,1703100,28678100,6755994500,98647094000,3769.9251,3787.3025,3745.5269,3756.8765
140942000,3750.4335,1555000,19379900,6757549500,98666473900,3769.9251,3787.3025,3745.5269,3756.8765
140947000,3750.2701,1774600,28716800,6759324100,98695190700,3769.9251,3787.3025,3745.5269,3756.8765
140952000,3750.3548,1592900,25443200,6760917000,98720633900,3769.9251,3787.3025,3745.5269,3756.8765
140957000,3750.3507,1706800,26920600,6762623800,98747554500,3769.9251,3787.3025,3745.5269,3756.8765
141002000,3750.0706,2284400,31410000,6764908200,98778964500,3769.9251,3787.3025,3745.5269,3756.8765
141007000,3750.5313,4036500,52737000,6768944700,98831701500,3769.9251,3787.3025,3745.5269,3756.8765
141012000,3750.2944,1712500,22921200,6770657200,98854622700,3769.9251,3787.3025,3745.5269,3756.8765
141017000,3750.7674,2938100,35623400,6773595300,98890246100,3769.9251,3787.3025,3745.5269,3756.8765
141022000,3749.9207,2233800,28279900,6775829100,98918526000,3769.9251,3787.3025,3745.5269,3756.8765
141027000,3749.8686,1968800,26164000,6777797900,98944690000,3769.9251,3787.3025,3745.5269,3756.8765
141032000,3749.878,2044600,30992600,6779842500,98975682600,3769.9251,3787.3025,3745.5269,3756.8765
141037000,3749.9136,2054400,33182500,6781896900,99008865100,3769.9251,3787.3025,3745.5269,3756.8765
141042000,3749.2838,1749300,25558100,6783646200,99034423200,3769.9251,3787.3025,3745.5269,3756.8765
141047000,3749.5025,2531600,34353000,6786177800,99068776200,3769.9251,3787.3025,3745.5269,3756.8765
141052000,3749.8672,1578800,21534900,6787756600,99090311100,3769.9251,3787.3025,3745.5269,3756.8765
141057000,3749.7994,2364300,29829700,6790120900,99120140800,3769.9251,3787.3025,3745.5269,3756.8765
141102000,3749.7968,2264300,31210500,6792385200,99151351300,3769.9251,3787.3025,3745.5269,3756.8765
141107000,3749.6199,3584200,39313400,6795969400,99190664700,3769.9251,3787.3025,3745.5269,3756.8765
141112000,3749.571,1485600,20127500,6797455000,99210792200,3769.9251,3787.3025,3745.5269,3756.8765
141117000,3749.3739,3104300,40426000,6800559300,99251218200,3769.9251,3787.3025,3745.5269,3756.8765
141122000,3749.6088,2173900,32863100,6802733200,99284081300,3769.9251,3787.3025,3745.5269,3756.8765
141127000,3749.3584,2430100,30807800,6805163300,99314889100,3769.9251,3787.3025,3745.5269,3756.8765
141132000,3748.298,3293200,38128400,6808456500,99353017500,3769.9251,3787.3025,3745.5269,3756.8765
141137000,3748.9737,3753000,44323900,6812209500,99397341400,3769.9251,3787.3025,3745.5269,3756.8765
141142000,3748.9204,4392300,37381900,6816601800,99434723300,3769.9251,3787.3025,3745.5269,3756.8765
141147000,3748.7513,8258100,63446200,6824859900,99498169500,3769.9251,3787.3025,3745.5269,3756.8765
141152000,3748.2538,3719900,40517300,6828579800,99538686800,3769.9251,3787.3025,3745.5269,3756.8765
141157000,3748.0247,3277700,41188800,6831857500,99579875600,3769.9251,3787.3025,3745.5269,3756.8765
141202000,3747.4066,3563400,51103300,6835420900,99630978900,3769.9251,3787.3025,3745.5269,3756.8765
141207000,3746.9093,4977200,55972800,6840398100,99686951700,3769.9251,3787.3025,3745.5269,3756.8765
141212000,3746.9698,1908800,26137700,6842306900,99713089400,3769.9251,3787.3025,3745.5269,3756.8765
141217000,3746.9244,3580500,40876200,6845887400,99753965600,3769.9251,3787.3025,3745.5269,3756.8765
141222000,3747.0757,4018800,46651600,6849906200,99800617200,3769.9251,3787.3025,3745.5269,3756.8765
141227000,3746.9814,3039600,35655500,6852945800,99836272700,3769.9251,3787.3025,3745.5269,3756.8765
141232000,3746.8041,3128800,45798800,6856074600,99882071500,3769.9251,3787.3025,3745.5269,3756.8765
141237000,3746.1683,4409500,48501100,6860484100,99930572600,3769.9251,3787.3025,3745.5269,3756.8765
141242000,3746.6588,3095900,45072500,6863580000,99975645100,3769.9251,3787.3025,3745.5269,3756.8765
141247000,3746.1981,4257500,63477500,6867837500,100039122600,3769.9251,3787.3025,3745.5269,3756.8765
141252000,3746.2749,2508400,36242800,6870345900,100075365400,3769.9251,3787.3025,3745.5269,3756.8765
141257000,3746.5942,3248500,34305300,6873594400,100109670700,3769.9251,3787.3025,3745.5269,3756.8765
141302000,3746.2157,3935800,47371400,6877530200,100157042100,3769.9251,3787.3025,3745.5269,3756.8765
141307000,3746.2962,4175400,43521500,6881705600,100200563600,3769.9251,3787.3025,3745.5269,3756.8765
141312000,3746.1419,2457800,29475200,6884163400,100230038800,3769.9251,3787.3025,3745.5269,3756.8765
141317000,3746.0984,4446700,53110500,6888610100,100283149300,3769.9251,3787.3025,3745.5269,3756.8765
141322000,3746.3621,4758600,44980500,6893368700,100328129800,3769.9251,3787.3025,3745.5269,3756.8765
141327000,3745.8569,3097500,44923700,6896466200,100373053500,3769.9251,3787.3025,3745.5269,3756.8765
141332000,3745.8844,3004700,47810400,6899470900,100420863900,3769.9251,3787.3025,3745.5269,3756.8765
141337000,3745.782,4236100,54374500,6903707000,100475238400,3769.9251,3787.3025,3745.5269,3756.8765
141342000,3745.858,2120800,27112600,6905827800,100502351000,3769.9251,3787.3025,3745.5269,3756.8765
141347000,3745.8478,3153500,51717400,6908981300,100554068400,3769.9251,3787.3025,3745.5096,3756.8765
141352000,3746.2026,1925000,24128900,6910906300,100578197300,3769.9251,3787.3025,3745.5096,3756.8765
141357000,3745.8051,2329100,32693400,6913235400,100610890700,3769.9251,3787.3025,3745.5096,3756.8765
141402000,3745.5674,3878700,41807300,6917114100,100652698000,3769.9251,3787.3025,3745.4719,3756.8765
141407000,3745.625,4248200,46989800,6921362300,100699687800,3769.9251,3787.3025,3745.4719,3756.8765
141412000,3745.644,1714400,21315800,6923076700,100721003600,3769.9251,3787.3025,3745.3998,3756.8765
141417000,3745.7015,2574700,39693100,6925651400,100760696700,3769.9251,3787.3025,3745.3998,3756.8765
141422000,3745.5888,2535000,42198000,6928186400,100802894700,3769.9251,3787.3025,3745.3998,3756.8765
141427000,3745.4267,3027800,39958900,6931214200,100842853600,3769.9251,3787.3025,3745.3998,3756.8765
141432000,3745.2643,2288900,31636200,6933503100,100874489800,3769.9251,3787.3025,3745.0546,3756.8765
141437000,3744.9679,2436600,32798700,6935939700,100907288500,3769.9251,3787.3025,3744.9679,3756.8765
141442000,3744.8638,2137200,27172200,6938076900,100934460700,3769.9251,3787.3025,3744.8638,3756.8765
141447000,3745.0044,2970800,48463500,6941047700,100982924200,3769.9251,3787.3025,3744.8638,3756.8765
141452000,3745.1553,1870900,32710500,6942918600,101015634700,3769.9251,3787.3025,3744.8638,3756.8765
141457000,3745.3644,2173400,26936400,6945092000,101042571100,3769.9251,3787.3025,3744.8638,3756.8765
141502000,3745.2651,3045500,42461400,6948137500,101085032500,3769.9251,3787.3025,3744.8638,3756.8765
141507000,3745.0371,3034900,38858800,6951172400,101123891300,3769.9251,3787.3025,3744.8638,3756.8765
141512000,3744.9006,1425300,25371900,6952597700,101149263200,3769.9251,3787.3025,3744.8638,3756.8765
141517000,3745.3612,3325500,41854500,6955923200,101191117700,3769.9251,3787.3025,3744.8638,3756.8765
141522000,3745.2402,2628000,29365100,6958551200,101220482800,3769.9251,3787.3025,3744.8638,3756.8765
141527000,3744.6978,3196000,38207500,6961747200,101258690300,3769.9251,3787.3025,3744.6978,3756.8765
141532000,3744.9681,2560000,30721800,6964307200,101289412100,3769.9251,3787.3025,3744.6804,3756.8765
141537000,3744.7925,3087400,40158600,6967394600,101329570700,3769.9251,3787.3025,3744.6804,3756.8765
141542000,3744.8652,1910800,23891200,6969305400,101353461900,3769.9251,3787.3025,3744.5475,3756.8765
141547000,3744.8419,2993600,35243900,6972299000,101388705800,3769.9251,3787.3025,3744.5475,3756.8765
141552000,3744.6319,2239500,29153300,6974538500,101417859100,3769.9251,3787.3025,3744.5475,3756.8765
141557000,3744.6467,1975800,28302000,6976514300,101446161100,3769.9251,3787.3025,3744.5475,3756.8765
141602000,3745.1955,2868400,41177600,6979382700,101487338700,3769.9251,3787.3025,3744.5475,3756.8765
141607000,3744.977,3179400,43719600,6982562100,101531058300,3769.9251,3787.3025,3744.5475,3756.8765
141612000,3744.8337,2740200,32224500,6985302300,101563282800,3769.9251,3787.3025,3744.5475,3756.8765
141617000,3745.1741,2011500,28346200,6987313800,101591629000,3769.9251,3787.3025,3744.5475,3756.8765
141622000,3744.7799,2124900,30011900,6989438700,101621640900,3769.9251,3787.3025,3744.5475,3756.8765
141627000,3745.4371,3227300,38411200,6992666000,101660052100,3769.9251,3787.3025,3744.5475,3756.8765
141632000,3744.9645,2648100,34642300,6995314100,101694694400,3769.9251,3787.3025,3744.5475,3756.8765
141637000,3744.678,2519900,34166200,6997834000,101728860600,3769.9251,3787.3025,3744.5475,3756.8765
141642000,3744.9255,2075800,26222300,6999909800,101755082900,3769.9251,3787.3025,3744.5475,3756.8765
141647000,3745.08,3100300,39308300,7003010100,101794391200,3769.9251,3787.3025,3744.5475,3756.8765
141652000,3745.22,2347000,24284100,7005357100,101818675300,3769.9251,3787.3025,3744.5475,3756.8765
141657000,3745.3623,2493800,32803600,7007850900,101851478900,3769.9251,3787.3025,3744.5475,3756.8765
141702000,3745.2127,2686100,35469000,7010537000,101886947900,3769.9251,3787.3025,3744.5475,3756.8765
141707000,3745.4176,3621100,36087000,7014158100,101923034900,3769.9251,3787.3025,3744.5475,3756.8765
141712000,3745.5633,1573900,23222900,7015732000,101946257800,3769.9251,3787.3025,3744.5475,3756.8765
141717000,3745.1899,2477100,34414400,7018209100,101980672200,3769.9251,3787.3025,3744.5475,3756.8765
141722000,3745.869,2807000,32262800,7021016100,102012935000,3769.9251,3787.3025,3744.5475,3756.8765
141727000,3746.2288,3283600,39721200,7024299700,102052656200,3769.9251,3787.3025,3744.5475,3756.8765
141732000,3746.1592,3386100,41170200,7027685800,102093826400,3769.9251,3787.3025,3744.5475,3756.8765
141737000,3745.7792,3535500,39401200,7031221300,102133227600,3769.9251,3787.3025,3744.5475,3756.8765
141742000,3745.908,2071500,29217100,7033292800,102162444700,3769.9251,3787.3025,3744.5475,3756.8765
141747000,3746.1526,2218800,29345300,7035511600,102191790000,3769.9251,3787.3025,3744.5475,3756.8765
141752000,3746.6508,1542500,19862200,7037054100,102211652200,3769.9251,3787.3025,3744.5475,3756.8765
141757000,3747.1215,1912500,25363200,7038966600,102237015400,3769.9251,3787.3025,3744.5475,3756.8765
141802000,3746.7816,2069400,27855500,7041036000,102264870900,3769.9251,3787.3025,3744.5475,3756.8765
141807000,3746.7773,2579500,37720600,7043615500,102302591500,3769.9251,3787.3025,3744.5475,3756.8765
141812000,3746.4071,1802300,25347100,7045417800,102327938600,3769.9251,3787.3025,3744.5475,3756.8765
141817000,3746.8295,2096400,29476400,7047514200,102357415000,3769.9251,3787.3025,3744.5475,3756.8765
141822000,3746.8454,2260300,25718900,7049774500,102383133900,3769.9251,3787.3025,3744.5475,3756.8765
141827000,3746.8589,2657100,32914900,7052431600,102416048800,3769.9251,3787.3025,3744.5475,3756.8765
141832000,3747.2601,2363600,30123900,7054795200,102446172700,3769.9251,3787.3025,3744.5475,3756.8765
141837000,3746.8824,3206400,39603800,7058001600,102485776500,3769.9251,3787.3025,3744.5475,3756.8765
141842000,3746.8805,1481100,20210700,7059482700,102505987200,3769.9251,3787.3025,3744.5475,3756.8765
141847000,3747.0879,2843700,32025200,7062326400,102538012400,3769.9251,3787.3025,3744.5475,3756.8765
141852000,3746.6936,1440500,18308700,7063766900,102556321100,3769.9251,3787.3025,3744.5475,3756.8765
141857000,3747.1879,1715300,32493800,7065482200,102588814900,3769.9251,3787.3025,3744.5475,3756.8765
141902000,3747.4648,3150100,33009900,7068632300,102621824800,3769.9251,3787.3025,3744.5475,3756.8765
141907000,3746.8851,2955400,29891000,7071587700,102651715800,3769.9251,3787.3025,3744.5475,3756.8765
141912000,3747.025,1098600,15732500,7072686300,102667448300,3769.9251,3787.3025,3744.5475,3756.8765
141917000,3747.0238,2767700,29250500,7075454000,102696698800,3769.9251,3787.3025,3744.5475,3756.8765
141922000,3747.2113,2304300,25181100,7077758300,102721879900,3769.9251,3787.3025,3744.5475,3756.8765
141927000,3747.349,1707400,22777200,7079465700,102744657100,3769.9251,3787.3025,3744.5475,3756.8765
141932000,3747.212,1728600,28858200,7081194300,102773515300,3769.9251,3787.3025,3744.5475,3756.8765
141937000,3747.1594,2128800,26805400,7083323100,102800320700,3769.9251,3787.3025,3744.5475,3756.8765
141942000,3746.8129,1662800,23971000,7084985900,102824291700,3769.9251,3787.3025,3744.5475,3756.8765
141947000,3746.7335,2283800,31380400,7087269700,102855672100,3769.9251,3787.3025,3744.5475,3756.8765
141953000,3747.5443,1526400,32502500,7088796100,102888174600,3769.9251,3787.3025,3744.5475,3756.8765
141957000,3747.825,1065900,14734500,7089862000,102902909100,3769.9251,3787.3025,3744.5475,3756.8765
142003000,3747.483,2655000,30406900,7092517000,102933316000,3769.9251,3787.3025,3744.5475,3756.8765
142007000,3747.6539,1946000,39291300,7094463000,102972607300,3769.9251,3787.3025,3744.5475,3756.8765
142012000,3747.4017,1362900,21912700,7095825900,102994520000,3769.9251,3787.3025,3744.5475,3756.8765
142018000,3747.853,3169900,35807600,7098995800,103030327600,3769.9251,3787.3025,3744.5475,3756.8765
142022000,3747.4706,1425600,17625300,7100421400,103047952900,3769.9251,3787.3025,3744.5475,3756.8765
142028000,3747.5092,2484700,31804600,7102906100,103079757500,3769.9251,3787.3025,3744.5475,3756.8765
142032000,3747.2358,2360600,30090100,7105266700,103109847600,3769.9251,3787.3025,3744.5475,3756.8765
142038000,3747.5047,2122500,33223000,7107389200,103143070600,3769.9251,3787.3025,3744.5475,3756.8765
142043000,3746.7849,2398900,34585500,7109788100,103177656100,3769.9251,3787.3025,3744.5475,3756.8765
142048000,3746.7422,2311300,26838100,7112099400,103204494200,3769.9251,3787.3025,3744.5475,3756.8765
142053000,3746.5222,2209900,38294700,7114309300,103242788900,3769.9251,3787.3025,3744.5475,3756.8765
142058000,3746.6793,1941500,27463300,7116250800,103270252200,3769.9251,3787.3025,3744.5475,3756.8765
142103000,3746.6785,3122700,35252500,7119373500,103305504700,3769.9251,3787.3025,3744.5475,3756.8765
142108000,3746.6532,2287600,27376300,7121661100,103332881000,3769.9251,3787.3025,3744.5475,3756.8765
142113000,3747.0722,2533200,28627700,7124194300,103361508700,3769.9251,3787.3025,3744.5475,3756.8765
142118000,3746.9649,1422900,17711200,7125617200,103379219900,3769.9251,3787.3025,3744.5475,3756.8765
142123000,3746.8314,2000800,26029800,7127618000,103405249700,3769.9251,3787.3025,3744.5475,3756.8765
142128000,3746.8035,1679700,22027400,7129297700,103427277100,3769.9251,3787.3025,3744.5475,3756.8765
142133000,3747.3369,1656200,20217300,7130953900,103447494400,3769.9251,3787.3025,3744.5475,3756.8765
142138000,3746.8062,2288100,28044800,7133242000,103475539200,3769.9251,3787.3025,3744.5475,3756.8765
142143000,3746.5329,1818700,26363400,7135060700,103501902600,3769.9251,3787.3025,3744.5475,3756.8765
142148000,3746.4145,1244800,16227100,7136305500,103518129700,3769.9251,3787.3025,3744.5475,3756.8765
142153000,3747.0373,2024100,26541100,7138329600,103544670800,3769.9251,3787.3025,3744.5475,3756.8765
142158000,3747.0931,1590300,23539000,7139919900,103568209800,3769.9251,3787.3025,3744.5475,3756.8765
142203000,3746.6915,2099400,29144700,7142019300,103597354500,3769.9251,3787.3025,3744.5475,3756.8765
142208000,3747.6377,2076900,24248600,7144096200,103621603100,3769.9251,3787.3025,3744.5475,3756.8765
142213000,3746.8862,2324600,28041900,7146420800,103649645000,3769.9251,3787.3025,3744.5475,3756.8765
142218000,3747.0989,2002800,23492500,7148423600,103673137500,3769.9251,3787.3025,3744.5475,3756.8765
142223000,3746.7747,2184200,30220100,7150607800,103703357600,3769.9251,3787.3025,3744.5475,3756.8765
142228000,3747.1999,2009700,23612700,7152617500,103726970300,3769.9251,3787.3025,3744.5475,3756.8765
142233000,3747.2302,1706400,23224800,7154323900,103750195100,3769.9251,3787.3025,3744.5475,3756.8765
142238000,3747.2251,2035200,30399600,7156359100,103780594700,3769.9251,3787.3025,3744.5475,3756.8765
142243000,3747.1112,1980400,27393900,7158339500,103807988600,3769.9251,3787.3025,3744.5475,3756.8765
142248000,3746.9002,1989000,23347200,7160328500,103831335800,3769.9251,3787.3025,3744.5475,3756.8765
142253000,3747.173,2626100,31817200,7162954600,103863153000,3769.9251,3787.3025,3744.5475,3756.8765
142258000,3747.1247,2838100,34760400,7165792700,103897913400,3769.9251,3787.3025,3744.5475,3756.8765
142303000,3747.2287,2260400,34201200,7168053100,103932114600,3769.9251,3787.3025,3744.5475,3756.8765
142308000,3747.2145,2321700,37106100,7170374800,103969220700,3769.9251,3787.3025,3744.5475,3756.8765
142313000,3747.1316,2170500,30681400,7172545300,103999902100,3769.9251,3787.3025,3744.5475,3756.8765
142318000,3747.1822,1359600,21995300,7173904900,104021897400,3769.9251,3787.3025,3744.5475,3756.8765
142323000,3747.6291,2306800,32604700,7176211700,104054502100,3769.9251,3787.3025,3744.5475,3756.8765
142328000,3747.1456,2536000,29435400,7178747700,104083937500,3769.9251,3787.3025,3744.5475,3756.8765
142333000,3747.1117,1594400,26336500,7180342100,104110274000,3769.9251,3787.3025,3744.5475,3756.8765
142338000,3747.6374,1847300,24174300,7182189400,104134448300,3769.9251,3787.3025,3744.5475,3756.8765
142343000,3746.9839,3654600,34853700,7185844000,104169302000,3769.9251,3787.3025,3744.5475,3756.8765
142348000,3747.1768,1558500,20159800,7187402500,104189461800,3769.9251,3787.3025,3744.5475,3756.8765
142353000,3747.2448,1710000,19628400,7189112500,104209090200,3769.9251,3787.3025,3744.5475,3756.8765
142358000,3747.4926,1997200,23749200,7191109700,104232839400,3769.9251,3787.3025,3744.5475,3756.8765
142403000,3747.6499,2567000,29891500,7193676700,104262730900,3769.9251,3787.3025,3744.5475,3756.8765
142408000,3747.6635,2493900,30000400,7196170600,104292731300,3769.9251,3787.3025,3744.5475,3756.8765
142413000,3747.6521,1773900,23901600,7197944500,104316632900,3769.9251,3787.3025,3744.5475,3756.8765
142418000,3747.9283,1567200,18939300,7199511700,104335572200,3769.9251,3787.3025,3744.5475,3756.8765
142423000,3747.5803,1672600,22671200,7201184300,104358243400,3769.9251,3787.3025,3744.5475,3756.8765
142428000,3747.5734,1723600,21189000,7202907900,104379432400,3769.9251,3787.3025,3744.5475,3756.8765
142433000,3748.0449,2201000,26376900,7205108900,104405809300,3769.9251,3787.3025,3744.5475,3756.8765
142438000,3747.3305,2400900,28658200,7207509800,104434467500,3769.9251,3787.3025,3744.5475,3756.8765
142443000,3747.233,2051600,26392100,7209561400,104460859600,3769.9251,3787.3025,3744.5475,3756.8765
142448000,3747.3664,1631000,19754400,7211192400,104480614000,3769.9251,3787.3025,3744.5475,3756.8765
142453000,3747.6813,2179000,31722200,7213371400,104512336200,3769.9251,3787.3025,3744.5475,3756.8765
142458000,3747.6639,1647000,22011700,7215018400,104534347900,3769.9251,3787.3025,3744.5475,3756.8765
142503000,3747.6762,1576600,23160600,7216595000,104557508500,3769.9251,3787.3025,3744.5475,3756.8765
142508000,3747.8636,1842800,22269400,7218437800,104579777900,3769.9251,3787.3025,3744.5475,3756.8765
142513000,3747.7839,1783500,24871000,7220221300,104604648900,3769.9251,3787.3025,3744.5475,3756.8765
142518000,3747.6858,1897200,19938600,7222118500,104624587500,3769.9251,3787.3025,3744.5475,3756.8765
142523000,3748.2964,2125200,27867400,7224243700,104652454900,3769.9251,3787.3025,3744.5475,3756.8765
142528000,3748.4393,1934900,24240300,7226178600,104676695200,3769.9251,3787.3025,3744.5475,3756.8765
142533000,3748.6261,1896700,25630600,7228075300,104702325800,3769.9251,3787.3025,3744.5475,3756.8765
142538000,3748.1324,2140000,29236900,7230215300,104731562700,3769.9251,3787.3025,3744.5475,3756.8765
142543000,3748.8827,3094200,50672100,7233309500,104782234800,3769.9251,3787.3025,3744.5475,3756.8765
142548000,3748.8765,1538200,19557700,7234847700,104801792500,3769.9251,3787.3025,3744.5475,3756.8765
142553000,3748.7808,2021900,26143300,7236869600,104827935800,3769.9251,3787.3025,3744.5475,3756.8765
142558000,3749.2632,2139600,31241400,7239009200,104859177200,3769.9251,3787.3025,3744.5475,3756.8765
142603000,3750.0943,2628400,35428100,7241637600,104894605300,3769.9251,3787.3025,3744.5475,3756.8765
142608000,3750.0182,2528200,37630600,7244165800,104932235900,3769.9251,3787.3025,3744.5475,3756.8765
142613000,3749.8858,2617200,38449200,7246783000,104970685100,3769.9251,3787.3025,3744.5475,3756.8765
142618000,3750.088,1939600,28595600,7248722600,104999280700,3769.9251,3787.3025,3744.5475,3756.8765
142623000,3749.9024,2421000,33337100,7251143600,105032617800,3769.9251,3787.3025,3744.5475,3756.8765
142628000,3750.4986,2079100,26531000,7253222700,105059148800,3769.9251,3787.3025,3744.5475,3756.8765
142633000,3750.4298,2295700,33226600,7255518400,105092375400,3769.9251,3787.3025,3744.5475,3756.8765
142638000,3750.4652,2520300,28882800,7258038700,105121258200,3769.9251,3787.3025,3744.5475,3756.8765
142643000,3750.2884,4095500,38051200,7262134200,105159309400,3769.9251,3787.3025,3744.5475,3756.8765
142648000,3750.1471,1399000,23035200,7263533200,105182344600,3769.9251,3787.3025,3744.5475,3756.8765
142653000,3750.3477,2138200,33356500,7265671400,105215701100,3769.9251,3787.3025,3744.5475,3756.8765
142658000,3750.3868,1995700,27433900,7267667100,105243135000,3769.9251,3787.3025,3744.5475,3756.8765
142703000,3750.7259,2430500,41704600,7270097600,105284839600,3769.9251,3787.3025,3744.5475,3756.8765
142708000,3751.1837,1929300,26963900,7272026900,105311803500,3769.9251,3787.3025,3744.5475,3756.8765
142713000,3751.8018,2523800,37925500,7274550700,105349729000,3769.9251,3787.3025,3744.5475,3756.8765
142718000,3751.6205,2599100,26655900,7277149800,105376384900,3769.9251,3787.3025,3744.5475,3756.8765
142723000,3751.2151,2299900,35500800,7279449700,105411885700,3769.9251,3787.3025,3744.5475,3756.8765
142728000,3751.6405,1864600,23699500,7281314300,105435585200,3769.9251,3787.3025,3744.5475,3756.8765
142733000,3751.9764,3050700,35889800,7284365000,105471475000,3769.9251,3787.3025,3744.5475,3756.8765
142738000,3751.7098,2580200,36401500,7286945200,105507876500,3769.9251,3787.3025,3744.5475,3756.8765
142743000,3751.5208,3517800,40056800,7290463000,105547933300,3769.9251,3787.3025,3744.5475,3756.8765
142748000,3751.525,1695600,21573900,7292158600,105569507200,3769.9251,3787.3025,3744.5475,3756.8765
142753000,3752.2557,2399500,32797400,7294558100,105602304600,3769.9251,3787.3025,3744.5475,3756.8765
142758000,3752.2634,1888000,27329400,7296446100,105629634000,3769.9251,3787.3025,3744.5475,3756.8765
142803000,3752.4402,2346700,33199600,7298792800,105662833600,3769.9251,3787.3025,3744.5475,3756.8765
142808000,3752.9458,3160500,39100300,7301953300,105701933900,3769.9251,3787.3025,3744.5475,3756.8765
142813000,3752.4661,3125800,38284100,7305079100,105740218000,3769.9251,3787.3025,3744.5475,3756.8765
142818000,3752.5192,1833000,25114200,7306912100,105765332200,3769.9251,3787.3025,3744.5475,3756.8765
142823000,3752.6506,3465200,36708000,7310377300,105802040200,3769.9251,3787.3025,3744.5475,3756.8765
142828000,3753.1588,1934300,25657800,7312311600,105827698000,3769.9251,3787.3025,3744.5475,3756.8765
142833000,3752.8889,3291600,36450400,7315603200,105864148400,3769.9251,3787.3025,3744.5475,3756.8765
142838000,3752.9451,2120300,30657400,7317723500,105894805800,3769.9251,3787.3025,3744.5475,3756.8765
142843000,3753.2436,2718400,42184700,7320441900,105936990500,3769.9251,3787.3025,3744.5475,3756.8765
142848000,3752.8301,1451300,18657900,7321893200,105955648400,3769.9251,3787.3025,3744.5475,3756.8765
142853000,3753.0076,2380500,33919700,7324273700,105989568100,3769.9251,3787.3025,3744.5475,3756.8765
142858000,3752.6352,1326800,22281300,7325600500,106011849400,3769.9251,3787.3025,3744.5475,3756.8765
142903000,3753.2453,2110300,33262800,7327710800,106045112200,3769.9251,3787.3025,3744.5475,3756.8765
142908000,3752.555,1812800,24855300,7329523600,106069967500,3769.9251,3787.3025,3744.5475,3756.8765
142913000,3751.9799,2097100,29350600,7331620700,106099318100,3769.9251,3787.3025,3744.5475,3756.8765
142918000,3752.284,1651800,24224300,7333272500,106123542400,3769.9251,3787.3025,3744.5475,3756.8765
142923000,3752.7897,3006900,42892800,7336279400,106166435200,3769.9251,3787.3025,3744.5475,3756.8765
142928000,3752.5892,1615800,21258100,7337895200,106187693300,3769.9251,3787.3025,3744.5475,3756.8765
142933000,3752.0138,2070400,27965200,7339965600,106215658500,3769.9251,3787.3025,3744.5475,3756.8765
142938000,3752.1871,2801800,35012100,7342767400,106250670600,3769.9251,3787.3025,3744.5475,3756.8765
142943000,3751.6292,2708300,33097700,7345475700,106283768300,3769.9251,3787.3025,3744.5475,3756.8765
142948000,3751.8594,1306900,17837400,7346782600,106301605700,3769.9251,3787.3025,3744.5475,3756.8765
142953000,3751.5826,1886400,25839500,7348669000,106327445200,3769.9251,3787.3025,3744.5475,3756.8765
142958000,3751.8905,1540400,19118900,7350209400,106346564100,3769.9251,3787.3025,3744.5475,3756.8765
143003000,3752.1379,1966100,25100200,7352175500,106371664300,3769.9251,3787.3025,3744.5475,3756.8765
143008000,3751.9681,1450900,21311200,7353626400,106392975500,3769.9251,3787.3025,3744.5475,3756.8765
143013000,3752.4746,2007100,27188600,7355633500,106420164100,3769.9251,3787.3025,3744.5475,3756.8765
143018000,3751.9502,1582400,19890600,7357215900,106440054700,3769.9251,3787.3025,3744.5475,3756.8765
143023000,3752.1749,1757400,24909200,7358973300,106464963900,3769.9251,3787.3025,3744.5475,3756.8765
143028000,3752.4122,2189300,25892600,7361162600,106490856500,3769.9251,3787.3025,3744.5475,3756.8765
143033000,3752.8075,2364400,28095600,7363527000,106518952100,3769.9251,3787.3025,3744.5475,3756.8765
143038000,3752.5348,2138400,30653500,7365665400,106549605600,3769.9251,3787.3025,3744.5475,3756.8765
143043000,3751.7068,1896000,27880700,7367561400,106577486300,3769.9251,3787.3025,3744.5475,3756.8765
143048000,3751.8167,1341200,18382100,7368902600,106595868400,3769.9251,3787.3025,3744.5475,3756.8765
143053000,3752.1977,1968800,30045600,7370871400,106625914000,3769.9251,3787.3025,3744.5475,3756.8765
143058000,3752.1373,1554100,17694700,7372425500,106643608700,3769.9251,3787.3025,3744.5475,3756.8765
143103000,3752.4223,1899300,25883700,7374324800,106669492400,3769.9251,3787.3025,3744.5475,3756.8765
143108000,3752.6994,1954400,29381900,7376279200,106698874300,3769.9251,3787.3025,3744.5475,3756.8765
143113000,3752.3693,1868800,26146600,7378148000,106725020900,3769.9251,3787.3025,3744.5475,3756.8765
143118000,3752.7204,1596100,26251900,7379744100,106751272800,3769.9251,3787.3025,3744.5475,3756.8765
143123000,3752.5837,3069700,30385600,7382813800,106781658400,3769.9251,3787.3025,3744.5475,3756.8765
143128000,3752.8807,1663400,22846200,7384477200,106804504600,3769.9251,3787.3025,3744.5475,3756.8765
143133000,3752.5415,1817800,25311100,7386295000,106829815700,3769.9251,3787.3025,3744.5475,3756.8765
143138000,3752.7837,2131000,27581700,7388426000,106857397400,3769.9251,3787.3025,3744.5475,3756.8765
143143000,3752.8727,2335700,25375600,7390761700,106882773000,3769.9251,3787.3025,3744.5475,3756.8765
143148000,3753.0212,1339400,19245800,7392101100,106902018800,3769.9251,3787.3025,3744.5475,3756.8765
143153000,3752.9377,1873700,24946200,7393974800,106926965000,3769.9251,3787.3025,3744.5475,3756.8765
143158000,3752.9044,1253200,20437400,7395228000,106947402400,3769.9251,3787.3025,3744.5475,3756.8765
143203000,3753.3676,1893700,26868000,7397121700,106974270400,3769.9251,3787.3025,3744.5475,3756.8765
143208000,3753.2258,1818400,26427700,7398940100,107000698100,3769.9251,3787.3025,3744.5475,3756.8765
143214000,3753.4364,1681200,30987700,7400621300,107031685800,3769.9251,3787.3025,3744.5475,3756.8765
143218000,3753.2949,1439800,18695400,7402061100,107050381200,3769.9251,3787.3025,3744.5475,3756.8765
143223000,3753.0962,2266300,31047800,7404327400,107081429000,3769.9251,3787.3025,3744.5475,3756.8765
143229000,3753.5447,2377900,34960300,7406705300,107116389300,3769.9251,3787.3025,3744.5475,3756.8765
143233000,3753.6469,1959300,33883000,7408664600,107150272300,3769.9251,3787.3025,3744.5475,3756.8765
143239000,3753.8169,2661200,32332300,7411325800,107182604600,3769.9251,3787.3025,3744.5475,3756.8765
143243000,3753.2531,1934700,33646500,7413260500,107216251100,3769.9251,3787.3025,3744.5475,3756.8765
143249000,3753.316,2413400,32016500,7415673900,107248267600,3769.9251,3787.3025,3744.5475,3756.8765
143254000,3753.6988,1060000,18522600,7416733900,107266790200,3769.9251,3787.3025,3744.5475,3756.8765
143259000,3754.2587,2084600,31018000,7418818500,107297808200,3769.9251,3787.3025,3744.5475,3756.8765
143304000,3754.2141,2141600,35061100,7420960100,107332869300,3769.9251,3787.3025,3744.5475,3756.8765
143309000,3754.5607,2650300,34357500,7423610400,107367226800,3769.9251,3787.3025,3744.5475,3756.8765
143313000,3755.1727,1731300,29437500,7425341700,107396664300,3769.9251,3787.3025,3744.5475,3756.8765
143319000,3755.0508,2236300,35386500,7427578000,107432050800,3769.9251,3787.3025,3744.5475,3756.8765
143324000,3754.5897,1414300,20795600,7428992300,107452846400,3769.9251,3787.3025,3744.5475,3756.8765
143329000,3754.7886,1738900,32593600,7430731200,107485440000,3769.9251,3787.3025,3744.5475,3756.8765
143334000,3755.1033,1747200,25236400,7432478400,107510676400,3769.9251,3787.3025,3744.5475,3756.8765
143339000,3755.0281,2086300,29766600,7434564700,107540443000,3769.9251,3787.3025,3744.5475,3756.8765
143344000,3754.7062,2279300,38178200,7436844000,107578621200,3769.9251,3787.3025,3744.5475,3756.8765
143349000,3755.6545,3186700,48980300,7440030700,107627601500,3769.9251,3787.3025,3744.5475,3756.8765
143353000,3755.1109,1743200,24908800,7441773900,107652510300,3769.9251,3787.3025,3744.5475,3756.8765
143359000,3755.7415,2198800,31568000,7443972700,107684078300,3769.9251,3787.3025,3744.5475,3756.8765
143404000,3755.7795,1644200,25576700,7445616900,107709655000,3769.9251,3787.3025,3744.5475,3756.8765
143409000,3756.2479,1996400,24751400,7447613300,107734406400,3769.9251,3787.3025,3744.5475,3756.8765
143414000,3755.8416,2395100,34773100,7450008400,107769179500,3769.9251,3787.3025,3744.5475,3756.8765
143419000,3755.6744,1958700,30674300,7451967100,107799853800,3769.9251,3787.3025,3744.5475,3756.8765
143424000,3755.7389,1456800,20825400,7453423900,107820679200,3769.9251,3787.3025,3744.5475,3756.8765
143429000,3756.3393,2014200,29081200,7455438100,107849760400,3769.9251,3787.3025,3744.5475,3756.8765
143434000,3756.1938,2575500,32287400,7458013600,107882047800,3769.9251,3787.3025,3744.5475,3756.8765
143439000,3756.1799,1900500,30481900,7459914100,107912529700,3769.9251,3787.3025,3744.5475,3756.8765
143444000,3755.8484,2027500,35172400,7461941600,107947702100,3769.9251,3787.3025,3744.5475,3756.8765
143449000,3755.6555,2021600,28932000,7463963200,107976634100,3769.9251,3787.3025,3744.5475,3756.8765
143454000,3755.8407,1824800,22842800,7465788000,107999476900,3769.9251,3787.3025,3744.5475,3756.8765
143459000,3756.1609,3662700,37989500,7469450700,108037466400,3769.9251,3787.3025,3744.5475,3756.8765
143504000,3755.9954,1376200,19959600,7470826900,108057426000,3769.9251,3787.3025,3744.5475,3756.8765
143509000,3756.195,1754500,24091500,7472581400,108081517500,3769.9251,3787.3025,3744.5475,3756.8765
143514000,3756.4802,1917200,31723500,7474498600,108113241000,3769.9251,3787.3025,3744.5475,3756.8765
143519000,3756.6208,2887100,38320300,7477385700,108151561300,3769.9251,3787.3025,3744.5475,3756.8765
143524000,3756.3721,2147700,26908200,7479533400,108178469500,3769.9251,3787.3025,3744.5475,3756.8765
143529000,3756.4344,2133100,30220500,7481666500,108208690000,3769.9251,3787.3025,3744.5475,3756.8765
143534000,3756.3419,2330500,30043300,7483997000,108238733300,3769.9251,3787.3025,3744.5475,3756.8765
143539000,3756.7503,2292600,33536000,7486289600,108272269300,3769.9251,3787.3025,3744.5475,3756.8765
143544000,3755.9834,2489700,40960700,7488779300,108313230000,3769.9251,3787.3025,3744.5475,3756.8765
143549000,3756.6292,2552000,39468700,7491331300,108352698700,3769.9251,3787.3025,3744.5475,3756.8765
143554000,3756.1993,1742100,28064900,7493073400,108380763600,3769.9251,3787.3025,3744.5475,3756.8765
143559000,3756.2174,2236300,28724600,7495309700,108409488200,3769.9251,3787.3025,3744.5475,3756.8765
143604000,3756.4213,2573700,25499900,7497883400,108434988100,3769.9251,3787.3025,3744.5475,3756.8765
143609000,3756.3657,1838100,26066400,7499721500,108461054500,3769.9251,3787.3025,3744.5475,3756.8765
143614000,3756.5049,1971400,33429100,7501692900,108494483600,3769.9251,3787.3025,3744.5475,3756.8765
143619000,3756.4537,2802900,30648300,7504495800,108525131900,3769.9251,3787.3025,3744.5475,3756.8765
143624000,3756.2819,1330800,22451200,7505826600,108547583100,3769.9251,3787.3025,3744.5475,3756.8765
143629000,3756.3384,2649300,35242700,7508475900,108582825800,3769.9251,3787.3025,3744.5475,3756.8765
143634000,3756.7691,1927400,27443500,7510403300,108610269300,3769.9251,3787.3025,3744.5475,3756.8765
143639000,3756.6089,1600400,23358700,7512003700,108633628000,3769.9251,3787.3025,3744.5475,3756.8765
143644000,3756.1828,1806900,28998300,7513810600,108662626300,3769.9251,3787.3025,3744.5475,3756.8765
143649000,3757.0419,2974400,53621800,7516785000,108716248100,3769.9251,3787.3025,3744.5475,3756.8765
143654000,3756.9348,1476500,24555100,7518261500,108740803200,3769.9251,3787.3025,3744.5475,3756.8765
143659000,3756.7782,2175900,33240800,7520437400,108774044000,3769.9251,3787.3025,3744.5475,3756.8765
143704000,3757.3097,2610500,30440200,7523047900,108804484200,3769.9251,3787.3025,3744.5475,3756.8765
143709000,3757.7186,2328800,35714700,7525376700,108840198900,3769.9251,3787.3025,3744.5475,3756.8765
143714000,3757.2133,1829000,24080600,7527205700,108864279500,3769.9251,3787.3025,3744.5475,3756.8765
143719000,3757.5623,1964000,29113000,7529169700,108893392500,3769.9251,3787.3025,3744.5475,3756.8765
143724000,3757.5146,1581700,20355000,7530751400,108913747500,3769.9251,3787.3025,3744.5475,3756.8765
143729000,3757.8906,1686500,27659900,7532437900,108941407400,3769.9251,3787.3025,3744.5475,3756.8765
143734000,3757.9018,2542300,28871200,7534980200,108970278600,3769.9251,3787.3025,3744.5475,3756.8765
143739000,3757.7768,1628700,25499900,7536608900,108995778500,3769.9251,3787.3025,3744.5475,3756.8765
143744000,3757.7514,2535700,34324200,7539144600,109030102700,3769.9251,3787.3025,3744.5475,3756.8765
143749000,3757.542,2404700,30507700,7541549300,109060610400,3769.9251,3787.3025,3744.5475,3756.8765
143754000,3757.5515,1535400,22263100,7543084700,109082873500,3769.9251,3787.3025,3744.5475,3756.8765
143759000,3757.7726,2161700,32154100,7545246400,109115027600,3769.9251,3787.3025,3744.5475,3756.8765
143804000,3758.0093,1423600,20592700,7546670000,109135620300,3769.9251,3787.3025,3744.5475,3756.8765
143809000,3757.7831,1527200,24687500,7548197200,109160307800,3769.9251,3787.3025,3744.5475,3756.8765
143814000,3757.6795,1761800,32716900,7549959000,109193024700,3769.9251,3787.3025,3744.5475,3756.8765
143819000,3758.1331,2280500,30372500,7552239500,109223397200,3769.9251,3787.3025,3744.5475,3756.8765
143824000,3757.8498,1515300,20364000,7553754800,109243761200,3769.9251,3787.3025,3744.5475,3756.8765
143829000,3757.3447,2199800,27848200,7555954600,109271609400,3769.9251,3787.3025,3744.5475,3756.8765
143834000,3757.9974,2015000,30783500,7557969600,109302392900,3769.9251,3787.3025,3744.5475,3756.8765
143839000,3758.2125,1689100,23402500,7559658700,109325795400,3769.9251,3787.3025,3744.5475,3756.8765
143844000,3757.4423,2378300,32179500,7562037000,109357974900,3769.9251,3787.3025,3744.5475,3756.8765
143849000,3757.7322,2289300,35409800,7564326300,109393384700,3769.9251,3787.3025,3744.5475,3756.8765
143854000,3757.9553,2727300,29962700,7567053600,109423347400,3769.9251,3787.3025,3744.5475,3756.8765
143859000,3757.7175,3247500,36441500,7570301100,109459788900,3769.9251,3787.3025,3744.5475,3756.8765
143904000,3758.0573,1789300,23660100,7572090400,109483449000,3769.9251,3787.3025,3744.5475,3756.8765
143909000,3757.8453,1616300,25013800,7573706700,109508462800,3769.9251,3787.3025,3744.5475,3756.8765
143914000,3757.9616,1792500,26624400,7575499200,109535087200,3769.9251,3787.3025,3744.5475,3756.8765
143919000,3757.8878,2435900,34769500,7577935100,109569856700,3769.9251,3787.3025,3744.5475,3756.8765
143924000,3757.543,1836800,23782600,7579771900,109593639300,3769.9251,3787.3025,3744.5475,3756.8765
143929000,3757.4858,1768100,26710000,7581540000,109620349300,3769.9251,3787.3025,3744.5475,3756.8765
143934000,3758.0807,1690300,25477500,7583230300,109645826800,3769.9251,3787.3025,3744.5475,3756.8765
143939000,3757.2402,1829000,26326800,7585059300,109672153600,3769.9251,3787.3025,3744.5475,3756.8765
143944000,3757.0728,2512400,32824400,7587571700,109704978000,3769.9251,3787.3025,3744.5475,3756.8765
143949000,3757.9206,1916800,28105500,7589488500,109733083500,3769.9251,3787.3025,3744.5475,3756.8765
143954000,3757.6856,1630200,23320100,7591118700,109756403600,3769.9251,3787.3025,3744.5475,3756.8765
143959000,3757.4246,2423000,40255000,7593541700,109796658600,3769.9251,3787.3025,3744.5475,3756.8765
144004000,3757.2188,1747000,24833300,7595288700,109821491900,3769.9251,3787.3025,3744.5475,3756.8765
144009000,3757.9935,1418800,22951600,7596707500,109844443500,3769.9251,3787.3025,3744.5475,3756.8765
144014000,3757.6717,1724500,26442500,7598432000,109870886000,3769.9251,3787.3025,3744.5475,3756.8765
144019000,3757.7185,2069700,28530100,7600501700,109899416100,3769.9251,3787.3025,3744.5475,3756.8765
144024000,3757.9068,1607000,21747700,7602108700,109921163800,3769.9251,3787.3025,3744.5475,3756.8765
144029000,3757.7597,2190200,32712600,7604298900,109953876400,3769.9251,3787.3025,3744.5475,3756.8765
144034000,3757.7107,1640000,17279500,7605938900,109971155900,3769.9251,3787.3025,3744.5475,3756.8765
144039000,3757.6494,2092000,29491900,7608030900,110000647800,3769.9251,3787.3025,3744.5475,3756.8765
144044000,3757.8657,1985700,30672700,7610016600,110031320500,3769.9251,3787.3025,3744.5475,3756.8765
144049000,3757.4959,2274700,31546400,7612291300,110062866900,3769.9251,3787.3025,3744.5475,3756.8765
144054000,3757.1074,1741300,26077200,7614032600,110088944100,3769.9251,3787.3025,3744.5475,3756.8765
144059000,3757.2578,2901800,37197700,7616934400,110126141800,3769.9251,3787.3025,3744.5475,3756.8765
144104000,3757.598,2023800,28454300,7618958200,110154596100,3769.9251,3787.3025,3744.5475,3756.8765
144109000,3757.3622,2422500,31304700,7621380700,110185900800,3769.9251,3787.3025,3744.5475,3756.8765
144114000,3757.8755,1756100,34309800,7623136800,110220210600,3769.9251,3787.3025,3744.5475,3756.8765
144119000,3757.934,2317800,36244400,7625454600,110256455000,3769.9251,3787.3025,3744.5475,3756.8765
144124000,3757.6483,1209700,17678700,7626664300,110274133700,3769.9251,3787.3025,3744.5475,3756.8765
144129000,3757.4881,1681500,25712700,7628345800,110299846400,3769.9251,3787.3025,3744.5475,3756.8765
144134000,3757.5075,2164200,29822500,7630510000,110329668900,3769.9251,3787.3025,3744.5475,3756.8765
144139000,3758.0745,2421300,41521200,7632931300,110371190100,3769.9251,3787.3025,3744.5475,3756.8765
144144000,3757.9898,2795500,38864000,7635726800,110410054100,3769.9251,3787.3025,3744.5475,3756.8765
144149000,3758.3552,3784400,49850200,7639511200,110459904300,3769.9251,3787.3025,3744.5475,3756.8765
144154000,3758.8365,2597900,40308400,7642109100,110500212700,3769.9251,3787.3025,3744.5475,3756.8765
144159000,3759.4063,4325600,61260700,7646434700,110561473400,3769.9251,3787.3025,3744.5475,3756.8765
144204000,3759.446,2968000,42893300,7649402700,110604366700,3769.9251,3787.3025,3744.5475,3756.8765
144209000,3759.8819,2922100,47218600,7652324800,110651585300,3769.9251,3787.3025,3744.5475,3756.8765
144214000,3759.4511,2409100,41430500,7654733900,110693015800,3769.9251,3787.3025,3744.5475,3756.8765
144219000,3759.8806,3451000,62911700,7658184900,110755927500,3769.9251,3787.3025,3744.5475,3756.8765
144224000,3759.7814,2548400,31910500,7660733300,110787838000,3769.9251,3787.3025,3744.5475,3756.8765
144229000,3760.1652,3004100,44599900,7663737400,110832437900,3769.9251,3787.3025,3744.5475,3756.8765
144234000,3761.0307,1680300,25351600,7665417700,110857789500,3769.9251,3787.3025,3744.5475,3756.8765
144239000,3760.3301,2735100,43158600,7668152800,110900948100,3769.9251,3787.3025,3744.5475,3756.8765
144244000,3760.2474,5070600,56151800,7673223400,110957099900,3769.9251,3787.3025,3744.5475,3756.8765
144249000,3760.8527,3235500,48383400,7676458900,111005483300,3769.9251,3787.3025,3744.5475,3756.8765
144254000,3760.7902,2046800,28446300,7678505700,111033929600,3769.9251,3787.3025,3744.5475,3756.8765
144259000,3760.4453,2754700,42253200,7681260400,111076182800,3769.9251,3787.3025,3744.5475,3756.8765
144304000,3760.487,2221300,33202700,7683481700,111109385500,3769.9251,3787.3025,3744.5475,3756.8765
144309000,3761.1035,2425900,32815900,7685907600,111142201400,3769.9251,3787.3025,3744.5475,3756.8765
144314000,3760.8233,3138000,41906800,7689045600,111184108200,3769.9251,3787.3025,3744.5475,3756.8765
144319000,3761.1959,3263300,44523300,7692308900,111228631500,3769.9251,3787.3025,3744.5475,3756.8765
144324000,3761.0352,1643500,26284600,7693952400,111254916100,3769.9251,3787.3025,3744.5475,3756.8765
144329000,3761.0332,2787900,39357700,7696740300,111294273800,3769.9251,3787.3025,3744.5475,3756.8765
144334000,3761.0611,2254000,30050700,7698994300,111324324500,3769.9251,3787.3025,3744.5475,3756.8765
144339000,3760.9376,2609000,36959900,7701603300,111361284400,3769.9251,3787.3025,3744.5475,3756.8765
144344000,3761.4551,3133200,44213500,7704736500,111405497900,3769.9251,3787.3025,3744.5475,3756.8765
144349000,3761.457,2674900,50342700,7707411400,111455840600,3769.9251,3787.3025,3744.5475,3756.8765
144354000,3761.2897,1449000,24325400,7708860400,111480166000,3769.9251,3787.3025,3744.5475,3756.8765
144359000,3761.1775,2178800,42411400,7711039200,111522577400,3769.9251,3787.3025,3744.5475,3756.8765
144404000,3761.3062,2279700,28938500,7713318900,111551515900,3769.9251,3787.3025,3744.5475,3756.8765
144409000,3761.9219,2890600,57366200,7716209500,111608882100,3769.9251,3787.3025,3744.5475,3756.8765
144414000,3761.5203,2456700,40163300,7718666200,111649045400,3769.9251,3787.3025,3744.5475,3756.8765
144419000,3762.0991,3029400,39650300,7721695600,111688695700,3769.9251,3787.3025,3744.5475,3756.8765
144424000,3761.6121,2312500,29463700,7724008100,111718159400,3769.9251,3787.3025,3744.5475,3756.8765
144430000,3761.596,2585500,45707800,7726593600,111763867200,3769.9251,3787.3025,3744.5475,3756.8765
144434000,3762.1114,2021900,25525200,7728615500,111789392400,3769.9251,3787.3025,3744.5475,3756.8765
144439000,3761.981,2460000,36280600,7731075500,111825673000,3769.9251,3787.3025,3744.5475,3756.8765
144445000,3761.7731,2678800,47714700,7733754300,111873387700,3769.9251,3787.3025,3744.5475,3756.8765
144450000,3761.7235,2425100,41682100,7736179400,111915069800,3769.9251,3787.3025,3744.5475,3756.8765
144454000,3761.8347,1382600,20962800,7737562000,111936032600,3769.9251,3787.3025,3744.5475,3756.8765
144500000,3761.8135,3033300,51252600,7740595300,111987285200,3769.9251,3787.3025,3744.5475,3756.8765
144505000,3762.2009,2943800,43255300,7743539100,112030540500,3769.9251,3787.3025,3744.5475,3756.8765
144510000,3762.5583,3691600,48315700,7747230700,112078856200,3769.9251,3787.3025,3744.5475,3756.8765
144515000,3763.0055,2687400,41779200,7749918100,112120635400,3769.9251,3787.3025,3744.5475,3756.8765
144520000,3762.942,3324800,64757900,7753242900,112185393300,3769.9251,3787.3025,3744.5475,3756.8765
144525000,3762.7223,3586700,52038400,7756829600,112237431700,3769.9251,3787.3025,3744.5475,3756.8765
144530000,3762.1615,2058300,30477000,7758887900,112267908700,3769.9251,3787.3025,3744.5475,3756.8765
144535000,3762.4312,2836300,42248200,7761724200,112310156900,3769.9251,3787.3025,3744.5475,3756.8765
144539000,3762.1732,2109600,30199500,7763833800,112340356400,3769.9251,3787.3025,3744.5475,3756.8765
144545000,3762.2739,3526700,67256800,7767360500,112407613200,3769.9251,3787.3025,3744.5475,3756.8765
144550000,3762.2749,2700100,47103000,7770060600,112454716200,3769.9251,3787.3025,3744.5475,3756.8765
144555000,3762.8947,2678400,37794700,7772739000,112492510900,3769.9251,3787.3025,3744.5475,3756.8765
144600000,3762.5002,2318100,29785000,7775057100,112522295900,3769.9251,3787.3025,3744.5475,3756.8765
144605000,3763.1193,3159900,44255800,7778217000,112566551700,3769.9251,3787.3025,3744.5475,3756.8765
144610000,3763.209,3789000,39692900,7782006000,112606244600,3769.9251,3787.3025,3744.5475,3756.8765
144615000,3762.9163,2976600,39601400,7784982600,112645846000,3769.9251,3787.3025,3744.5475,3756.8765
144620000,3763.1647,4139100,48515300,7789121700,112694361300,3769.9251,3787.3025,3744.5475,3756.8765
144625000,3763.3791,2917100,34952700,7792038800,112729314000,3769.9251,3787.3025,3744.5475,3756.8765
144630000,3763.1446,1510700,27000400,7793549500,112756314400,3769.9251,3787.3025,3744.5475,3756.8765
144635000,3763.6763,4423100,44017300,7797972600,112800331700,3769.9251,3787.3025,3744.5475,3756.8765
144640000,3763.1763,2099800,28744800,7800072400,112829076500,3769.9251,3787.3025,3744.5475,3756.8765
144645000,3763.6508,3441100,45147500,7803513500,112874224000,3769.9251,3787.3025,3744.5475,3756.8765
144650000,3763.8548,3824000,44465300,7807337500,112918689300,3769.9251,3787.3025,3744.5475,3756.8765
144655000,3763.7395,2871300,45141400,7810208800,112963830700,3769.9251,3787.3025,3744.5475,3756.8765
144700000,3763.5921,3419100,31338600,7813627900,112995169300,3769.9251,3787.3025,3744.5475,3756.8765
144705000,3763.2432,3532600,46771700,7817160500,113041941000,3769.9251,3787.3025,3744.5475,3756.8765
144710000,3764.0702,3447000,38743700,7820607500,113080684700,3769.9251,3787.3025,3744.5475,3756.8765
144715000,3763.4417,3305300,38961400,7823912800,113119646100,3769.9251,3787.3025,3744.5475,3756.8765
144720000,3764.0774,2923700,40425700,7826836500,113160071800,3769.9251,3787.3025,3744.5475,3756.8765
144725000,3763.8816,4208300,62295100,7831044800,113222366900,3769.9251,3787.3025,3744.5475,3756.8765
144730000,3763.8632,2421100,30302400,7833465900,113252669300,3769.9251,3787.3025,3744.5475,3756.8765
144735000,3763.6119,2774000,38585700,7836239900,113291255000,3769.9251,3787.3025,3744.5475,3756.8765
144740000,3764.069,2282000,30130900,7838521900,113321385900,3769.9251,3787.3025,3744.5475,3756.8765
144745000,3763.6997,2596500,38267700,7841118400,113359653600,3769.9251,3787.3025,3744.5475,3756.8765
144750000,3764.0099,2552300,40988200,7843670700,113400641800,3769.9251,3787.3025,3744.5475,3756.8765
144755000,3764.0232,2826900,42358000,7846497600,113442999800,3769.9251,3787.3025,3744.5475,3756.8765
144800000,3763.7962,2840600,39117600,7849338200,113482117400,3769.9251,3787.3025,3744.5475,3756.8765
144805000,3763.6275,3049000,39804300,7852387200,113521921700,3769.9251,3787.3025,3744.5475,3756.8765
144810000,3763.7381,2214300,30654300,7854601500,113552576000,3769.9251,3787.3025,3744.5475,3756.8765
144815000,3763.9631,2585900,37974300,7857187400,113590550300,3769.9251,3787.3025,3744.5475,3756.8765
144820000,3763.7148,2944100,46387700,7860131500,113636938000,3769.9251,3787.3025,3744.5475,3756.8765
144825000,3763.5472,2954300,41411300,7863085800,113678349300,3769.9251,3787.3025,3744.5475,3756.8765
144830000,3763.3986,1953300,34890600,7865039100,113713239900,3769.9251,3787.3025,3744.5475,3756.8765
144835000,3763.7103,2927000,38126200,7867966100,113751366100,3769.9251,3787.3025,3744.5475,3756.8765
144840000,3763.3527,2342500,30028200,7870308600,113781394300,3769.9251,3787.3025,3744.5475,3756.8765
144845000,3763.3894,3741500,50742200,7874050100,113832136500,3769.9251,3787.3025,3744.5475,3756.8765
144850000,3763.9327,3105900,45813900,7877156000,113877950400,3769.9251,3787.3025,3744.5475,3756.8765
144855000,3763.7012,3955600,44527600,7881111600,113922478000,3769.9251,3787.3025,3744.5475,3756.8765
144900000,3763.5121,2617700,37179100,7883729300,113959657100,3769.9251,3787.3025,3744.5475,3756.8765
144905000,3763.2602,3720800,47891600,7887450100,114007548700,3769.9251,3787.3025,3744.5475,3756.8765
144910000,3763.6092,3776200,39185200,7891226300,114046733900,3769.9251,3787.3025,3744.5475,3756.8765
144915000,3763.2806,2763600,40423000,7893989900,114087156900,3769.9251,3787.3025,3744.5475,3756.8765
144920000,3763.604,2771200,38285000,7896761100,114125441900,3769.9251,3787.3025,3744.5475,3756.8765
144925000,3763.5318,2962800,38277700,7899723900,114163719600,3769.9251,3787.3025,3744.5475,3756.8765
144930000,3763.2819,2318600,34785800,7902042500,114198505400,3769.9251,3787.3025,3744.5475,3756.8765
144935000,3763.3638,2510300,38239500,7904552800,114236744900,3769.9251,3787.3025,3744.5475,3756.8765
144940000,3763.2005,2091300,33062700,7906644100,114269807600,3769.9251,3787.3025,3744.5475,3756.8765
144945000,3763.4171,3223500,48291600,7909867600,114318099200,3769.9251,3787.3025,3744.5475,3756.8765
144950000,3763.4764,4070500,55760300,7913938100,114373859500,3769.9251,3787.3025,3744.5475,3756.8765
144955000,3763.4894,2883500,36795300,7916821600,114410654800,3769.9251,3787.3025,3744.5475,3756.8765
145000000,3763.0417,2463700,41530600,7919285300,114452185400,3769.9251,3787.3025,3744.5475,3756.8765
145005000,3762.8642,3629900,49564600,7922915200,114501750000,3769.9251,3787.3025,3744.5475,3756.8765
145010000,3763.0765,4276500,43976400,7927191700,114545726400,3769.9251,3787.3025,3744.5475,3756.8765
145015000,3762.9642,3619500,51051100,7930811200,114596777500,3769.9251,3787.3025,3744.5475,3756.8765
145020000,3763.0515,2279300,39082900,7933090500,114635860400,3769.9251,3787.3025,3744.5475,3756.8765
145025000,3762.739,3267300,45673800,7936357800,114681534200,3769.9251,3787.3025,3744.5475,3756.8765
145030000,3762.5104,1700300,26737500,7938058100,114708271700,3769.9251,3787.3025,3744.5475,3756.8765
145035000,3762.4427,4087600,53177400,7942145700,114761449100,3769.9251,3787.3025,3744.5475,3756.8765
145040000,3762.3398,3865600,44975900,7946011300,114806425000,3769.9251,3787.3025,3744.5475,3756.8765
145045000,3761.9804,3502900,45378400,7949514200,114851803400,3769.9251,3787.3025,3744.5475,3756.8765
145050000,3762.0821,3162800,44796300,7952677000,114896599700,3769.9251,3787.3025,3744.5475,3756.8765
145055000,3762.6743,2889700,41676600,7955566700,114938276300,3769.9251,3787.3025,3744.5475,3756.8765
145100000,3762.4837,2500500,32455700,7958067200,114970732000,3769.9251,3787.3025,3744.5475,3756.8765
145105000,3762.2003,3149900,38947400,7961217100,115009679400,3769.9251,3787.3025,3744.5475,3756.8765
145110000,3762.3756,2679800,38821800,7963896900,115048501200,3769.9251,3787.3025,3744.5475,3756.8765
145115000,3762.3708,3694100,50711100,7967591000,115099212300,3769.9251,3787.3025,3744.5475,3756.8765
145120000,3762.113,3377900,49004500,7970968900,115148216800,3769.9251,3787.3025,3744.5475,3756.8765
145125000,3762.2795,5009100,48505100,7975978000,115196721900,3769.9251,3787.3025,3744.5475,3756.8765
145130000,3762.427,2251000,28124600,7978229000,115224846500,3769.9251,3787.3025,3744.5475,3756.8765
145135000,3762.3339,3055600,50289600,7981284600,115275136100,3769.9251,3787.3025,3744.5475,3756.8765
145140000,3762.1005,3211200,35860900,7984495800,115310997000,3769.9251,3787.3025,3744.5475,3756.8765
145145000,3761.9087,3189900,43971300,7987685700,115354968300,3769.9251,3787.3025,3744.5475,3756.8765
145150000,3762.3401,2831700,43678600,7990517400,115398646900,3769.9251,3787.3025,3744.5475,3756.8765
145155000,3762.5516,3490600,48705100,7994008000,115447352000,3769.9251,3787.3025,3744.5475,3756.8765
145200000,3761.9342,3044800,44328900,7997052800,115491680900,3769.9251,3787.3025,3744.5475,3756.8765
145205000,3762.0539,3674600,44817100,8000727400,115536498000,3769.9251,3787.3025,3744.5475,3756.8765
145210000,3762.3693,2047200,29143800,8002774600,115565641800,3769.9251,3787.3025,3744.5475,3756.8765
145215000,3762.1882,2934700,43004300,8005709300,115608646100,3769.9251,3787.3025,3744.5475,3756.8765
145220000,3761.9998,2657700,42673800,8008367000,115651319900,3769.9251,3787.3025,3744.5475,3756.8765
145225000,3762.1615,3769200,65913200,8012136200,115717233100,3769.9251,3787.3025,3744.5475,3756.8765
145230000,3762.1133,2410800,39063000,8014547000,115756296100,3769.9251,3787.3025,3744.5475,3756.8765
145235000,3762.2264,3280300,45217200,8017827300,115801513300,3769.9251,3787.3025,3744.5475,3756.8765
145240000,3761.8301,2339500,36046300,8020166800,115837559600,3769.9251,3787.3025,3744.5475,3756.8765
145245000,3761.7805,2781400,41431600,8022948200,115878991200,3769.9251,3787.3025,3744.5475,3756.8765
145250000,3761.882,2449300,40416100,8025397500,115919407300,3769.9251,3787.3025,3744.5475,3756.8765
145255000,3762.0757,3208000,42545400,8028605500,115961952700,3769.9251,3787.3025,3744.5475,3756.8765
145300000,3761.9094,2387300,36864200,8030992800,115998816900,3769.9251,3787.3025,3744.5475,3756.8765
145305000,3762.5352,3904400,55338500,8034897200,116054155400,3769.9251,3787.3025,3744.5475,3756.8765
145310000,3762.1181,1903000,33515100,8036800200,116087670500,3769.9251,3787.3025,3744.5475,3756.8765
145315000,3761.5327,3622700,59432900,8040422900,116147103400,3769.9251,3787.3025,3744.5475,3756.8765
145320000,3762.107,3047000,44381700,8043469900,116191485100,3769.9251,3787.3025,3744.5475,3756.8765
145325000,3761.8055,2503200,37178200,8045973100,116228663300,3769.9251,3787.3025,3744.5475,3756.8765
145330000,3762.4849,2451300,39433200,8048424400,116268096500,3769.9251,3787.3025,3744.5475,3756.8765
145335000,3762.0735,4117000,57943000,8052541400,116326039500,3769.9251,3787.3025,3744.5475,3756.8765
145340000,3762.2315,3375600,40718000,8055917000,116366757500,3769.9251,3787.3025,3744.5475,3756.8765
145345000,3762.0096,2878500,40080100,8058795500,116406837600,3769.9251,3787.3025,3744.5475,3756.8765
145350000,3762.253,3563000,56930100,8062358500,116463767700,3769.9251,3787.3025,3744.5475,3756.8765
145355000,3762.3164,3536300,54707800,8065894800,116518475500,3769.9251,3787.3025,3744.5475,3756.8765
145400000,3762.233,3310100,42586000,8069204900,116561061500,3769.9251,3787.3025,3744.5475,3756.8765
145405000,3762.4751,3251900,46822900,8072456800,116607884400,3769.9251,3787.3025,3744.5475,3756.8765
145410000,3762.5383,2767200,35365400,8075224000,116643249800,3769.9251,3787.3025,3744.5475,3756.8765
145415000,3762.16,4235700,59305500,8079459700,116702555300,3769.9251,3787.3025,3744.5475,3756.8765
145420000,3762.1826,5090700,59712900,8084550400,116762268200,3769.9251,3787.3025,3744.5475,3756.8765
145425000,3762.8203,4715700,66212200,8089266100,116828480400,3769.9251,3787.3025,3744.5475,3756.8765
145430000,3762.7728,3105000,49856600,8092371100,116878337000,3769.9251,3787.3025,3744.5475,3756.8765
145435000,3762.8365,3939600,57814000,8096310700,116936151000,3769.9251,3787.3025,3744.5475,3756.8765
145440000,3763.6034,4615700,51757400,8100926400,116987908400,3769.9251,3787.3025,3744.5475,3756.8765
145445000,3763.6869,3382700,52596800,8104309100,117040505200,3769.9251,3787.3025,3744.5475,3756.8765
145450000,3763.7269,4569000,59133300,8108878100,117099638500,3769.9251,3787.3025,3744.5475,3756.8765
145455000,3764.1165,4582500,55690300,8113460600,117155328800,3769.9251,3787.3025,3744.5475,3756.8765
145500000,3763.2622,4746300,53080600,8118206900,117208409400,3769.9251,3787.3025,3744.5475,3756.8765
145505000,3763.9002,4446400,51859800,8122653300,117260269200,3769.9251,3787.3025,3744.5475,3756.8765
145510000,3763.5918,2539900,40158300,8125193200,117300427500,3769.9251,3787.3025,3744.5475,3756.8765
145515000,3763.5935,4470800,59806100,8129664000,117360233600,3769.9251,3787.3025,3744.5475,3756.8765
145520000,3763.6391,4696000,56342900,8134360000,117416576500,3769.9251,3787.3025,3744.5475,3756.8765
145525000,3763.5438,3600400,44045300,8137960400,117460621800,3769.9251,3787.3025,3744.5475,3756.8765
145530000,3763.4406,2858900,41190400,8140819300,117501812200,3769.9251,3787.3025,3744.5475,3756.8765
145535000,3763.7611,3236900,42593700,8144056200,117544405900,3769.9251,3787.3025,3744.5475,3756.8765
145540000,3763.6802,3085600,39252100,8147141800,117583658000,3769.9251,3787.3025,3744.5475,3756.8765
145545000,3763.597,4550100,60620500,8151691900,117644278500,3769.9251,3787.3025,3744.5475,3756.8765
145550000,3763.5993,3683700,49577700,8155375600,117693856200,3769.9251,3787.3025,3744.5475,3756.8765
145555000,3763.6714,5659500,66206100,8161035100,117760062300,3769.9251,3787.3025,3744.5475,3756.8765
145600000,3763.6668,2298600,33833400,8163333700,117793895700,3769.9251,3787.3025,3744.5475,3756.8765
145605000,3763.6498,4294000,63373100,8167627700,117857268800,3769.9251,3787.3025,3744.5475,3756.8765
145610000,3763.8366,2282400,34453700,8169910100,117891722500,3769.9251,3787.3025,3744.5475,3756.8765
145615000,3763.2014,4603600,63079000,8174513700,117954801500,3769.9251,3787.3025,3744.5475,3756.8765
145620000,3763.7738,3979200,62082900,8178492900,118016884400,3769.9251,3787.3025,3744.5475,3756.8765
145626000,3763.6891,4380600,58719600,8182873500,118075604000,3769.9251,3787.3025,3744.5475,3756.8765
145630000,3763.7887,2741200,31468800,8185614700,118107072800,3769.9251,3787.3025,3744.5475,3756.8765
145636000,3763.6874,4800300,62046100,8190415000,118169118900,3769.9251,3787.3025,3744.5475,3756.8765
145640000,3763.3649,2574600,35725200,8192989600,118204844100,3769.9251,3787.3025,3744.5475,3756.8765
145646000,3763.2479,4520900,67231100,8197510500,118272075200,3769.9251,3787.3025,3744.5475,3756.8765
145650000,3763.6326,3120500,48679600,8200631000,118320754800,3769.9251,3787.3025,3744.5475,3756.8765
145655000,3763.8216,3694100,50173900,8204325100,118370928700,3769.9251,3787.3025,3744.5475,3756.8765
145701000,3763.7824,4124300,62478900,8208449400,118433407600,3769.9251,3787.3025,3744.5475,3756.8765
145705000,3763.7102,1402500,33366700,8209851900,118466774300,3769.9251,3787.3025,3744.5475,3756.8765
145711000,3763.6101,2651500,38876000,8212503400,118505650300,3769.9251,3787.3025,3744.5475,3756.8765
145716000,3763.3926,2127100,24499900,8214630500,118530150200,3769.9251,3787.3025,3744.5475,3756.8765
145721000,3763.7257,1959000,29260100,8216589500,118559410300,3769.9251,3787.3025,3744.5475,3756.8765
145726000,3764.1229,2117600,28778500,8218707100,118588188800,3769.9251,3787.3025,3744.5475,3756.8765
145731000,3763.5399,2014400,26199400,8220721500,118614388200,3769.9251,3787.3025,3744.5475,3756.8765
145736000,3763.878,2429300,33506200,8223150800,118647894400,3769.9251,3787.3025,3744.5475,3756.8765
145741000,3763.7106,2316600,30991200,8225467400,118678885600,3769.9251,3787.3025,3744.5475,3756.8765
145746000,3763.8625,2160600,26022500,8227628000,118704908100,3769.9251,3787.3025,3744.5475,3756.8765
145751000,3763.7139,2503800,35983000,8230131800,118740891100,3769.9251,3787.3025,3744.5475,3756.8765
145756000,3763.7043,2544200,28222600,8232676000,118769113700,3769.9251,3787.3025,3744.5475,3756.8765
145801000,3763.8217,2434200,27361300,8235110200,118796475000,3769.9251,3787.3025,3744.5475,3756.8765
145806000,3763.7618,2116900,35282900,8237227100,118831757900,3769.9251,3787.3025,3744.5475,3756.8765
145811000,3763.6438,2268900,30085100,8239496000,118861843000,3769.9251,3787.3025,3744.5475,3756.8765
145816000,3763.8298,2102800,28300900,8241598800,118890143900,3769.9251,3787.3025,3744.5475,3756.8765
145821000,3763.7398,2600700,34361900,8244199500,118924505800,3769.9251,3787.3025,3744.5475,3756.8765
145826000,3763.9242,1989400,28432300,8246188900,118952938100,3769.9251,3787.3025,3744.5475,3756.8765
145831000,3763.6137,2105200,26244100,8248294100,118979182200,3769.9251,3787.3025,3744.5475,3756.8765
145836000,3763.9878,2847700,38104100,8251141800,119017286300,3769.9251,3787.3025,3744.5475,3756.8765
145841000,3763.7625,2110700,42227300,8253252500,119059513600,3769.9251,3787.3025,3744.5475,3756.8765
145846000,3763.7629,1870300,25781900,8255122800,119085295500,3769.9251,3787.3025,3744.5475,3756.8765
145851000,3763.5469,3036100,38020200,8258158900,119123315700,3769.9251,3787.3025,3744.5475,3756.8765
145856000,3763.5845,2451000,31411000,8260609900,119154726700,3769.9251,3787.3025,3744.5475,3756.8765
145901000,3763.895,3169100,39474300,8263779000,119194201000,3769.9251,3787.3025,3744.5475,3756.8765
145906000,3763.5959,3008100,32551700,8266787100,119226752700,3769.9251,3787.3025,3744.5475,3756.8765
145911000,3763.6517,3489800,40752600,8270276900,119267505300,3769.9251,3787.3025,3744.5475,3756.8765
145916000,3763.5396,2789200,31840000,8273066100,119299345300,3769.9251,3787.3025,3744.5475,3756.8765
145921000,3763.8901,2732000,34848200,8275798100,119334193500,3769.9251,3787.3025,3744.5475,3756.8765
145926000,3763.1922,3579700,42934400,8279377800,119377127900,3769.9251,3787.3025,3744.5475,3756.8765
145931000,3763.4763,4362800,46130300,8283740600,119423258200,3769.9251,3787.3025,3744.5475,3756.8765
145936000,3763.7046,4308900,44228100,8288049500,119467486300,3769.9251,3787.3025,3744.5475,3756.8765
145941000,3763.2335,2691100,40850800,8290740600,119508337100,3769.9251,3787.3025,3744.5475,3756.8765
145946000,3763.3503,2450000,28400900,8293190600,119536738000,3769.9251,3787.3025,3744.5475,3756.8765
145951000,3763.7138,2380400,35588700,8295571000,119572326700,3769.9251,3787.3025,3744.5475,3756.8765
145956000,3763.6613,1886400,23845400,8297457400,119596172100,3769.9251,3787.3025,3744.5475,3756.8765
150000000,3763.8997,1539600,22727700,8298997000,119618899800,3769.9251,3787.3025,3744.5475,3756.8765
150003000,3764.1154,31106500,464583500,8330103500,120083483300,3769.9251,3787.3025,3744.5475,3756.8765
150052000,3763.6461,0,0,8330103500,120083483300,3769.9251,3787.3025,3744.5475,3756.8765
