Time,Price,Volume,Turnover,AccVolume,AccTurnover,Open,High,Low,PreClose
92514000,3841.1456,359410400,3470891200,359410400,3470891200,3841.1456,3841.1456,3841.1456,3848.0903
93004000,3837.9927,85712300,845892000,445122700,4316783200,3841.1456,3841.1456,3837.9927,3848.0903
93009000,3835.6814,201707800,1836505200,646830500,6153288400,3841.1456,3841.1456,3835.6814,3848.0903
93014000,3835.4302,107707100,1018790700,754537600,7172079100,3841.1456,3841.1456,3834.8254,3848.0903
93019000,3832.0393,48076200,514205600,802613800,7686284700,3841.1456,3841.1456,3832.0393,3848.0903
93024000,3830.9452,29011900,277740300,831625700,7964025000,3841.1456,3841.1456,3830.9452,3848.0903
93029000,3829.5543,26254200,275509600,857879900,8239534600,3841.1456,3841.1456,3829.5543,3848.0903
93034000,3827.4856,28344400,303973000,886224300,8543507600,3841.1456,3841.1456,3827.4856,3848.0903
93039000,3827.042,27530000,286111900,913754300,8829619500,3841.1456,3841.1456,3827.042,3848.0903
93044000,3825.5269,35539800,371101000,949294100,9200720500,3841.1456,3841.1456,3825.5269,3848.0903
93049000,3824.642,27698600,289793900,976992700,9490514400,3841.1456,3841.1456,3824.64,3848.0903
93054000,3824.1253,28907900,269833000,1005900600,9760347400,3841.1456,3841.1456,3824.1253,3848.0903
93059000,3823.0897,31118900,277841600,1037019500,10038189000,3841.1456,3841.1456,3823.0897,3848.0903
93104000,3821.9355,34539200,357254200,1071558700,10395443200,3841.1456,3841.1456,3821.9355,3848.0903
93109000,3821.1335,31911200,310111500,1103469900,10705554700,3841.1456,3841.1456,3821.1335,3848.0903
93114000,3820.597,34840100,334317400,1138310000,11039872100,3841.1456,3841.1456,3820.597,3848.0903
93119000,3819.5518,33335000,287609400,1171645000,11327481500,3841.1456,3841.1456,3819.5518,3848.0903
93124000,3819.4516,32549800,304598800,1204194800,11632080300,3841.1456,3841.1456,3819.2799,3848.0903
93129000,3819.034,27836900,272582400,1232031700,11904662700,3841.1456,3841.1456,3819.034,3848.0903
93134000,3819.3645,33439200,338794700,1265470900,12243457400,3841.1456,3841.1456,3819.034,3848.0903
93139000,3820.2028,28740000,278589600,1294210900,12522047000,3841.1456,3841.1456,3819.034,3848.0903
93144000,3819.6604,32633400,315586500,1326844300,12837633500,3841.1456,3841.1456,3819.034,3848.0903
93149000,3819.7891,30271000,281251500,1357115300,13118885000,3841.1456,3841.1456,3819.034,3848.0903
93154000,3819.6602,25959500,251111800,1383074800,13369996800,3841.1456,3841.1456,3819.034,3848.0903
93159000,3819.9971,25421100,241910100,1408495900,13611906900,3841.1456,3841.1456,3819.034,3848.0903
93204000,3820.2163,27561200,302784500,1436057100,13914691400,3841.1456,3841.1456,3819.034,3848.0903
93209000,3819.9644,27461700,276045600,1463518800,14190737000,3841.1456,3841.1456,3819.034,3848.0903
93214000,3819.6513,30745000,317961800,1494263800,14508698800,3841.1456,3841.1456,3819.034,3848.0903
93219000,3819.6858,29453600,295830400,1523717400,14804529200,3841.1456,3841.1456,3819.034,3848.0903
93224000,3819.7525,27674900,279369000,1551392300,15083898200,3841.1456,3841.1456,3819.034,3848.0903
93229000,3819.6145,32472500,271542100,1583864800,15355440300,3841.1456,3841.1456,3819.034,3848.0903
93234000,3818.9522,34478100,346989500,1618342900,15702429800,3841.1456,3841.1456,3818.9522,3848.0903
93239000,3819.0271,27117100,276010400,1645460000,15978440200,3841.1456,3841.1456,3818.9522,3848.0903
93244000,3818.8931,31956900,320840300,1677416900,16299280500,3841.1456,3841.1456,3818.8931,3848.0903
93249000,3817.9391,27177400,285053500,1704594300,16584334000,3841.1456,3841.1456,3817.9391,3848.0903
93254000,3817.7369,25551400,247048900,1730145700,16831382900,3841.1456,3841.1456,3817.7369,3848.0903
93259000,3817.6701,26870700,245693300,1757016400,17077076200,3841.1456,3841.1456,3817.6701,3848.0903
93304000,3817.2701,30724500,350002300,1787740900,17427078500,3841.1456,3841.1456,3817.2701,3848.0903
93309000,3816.6866,31398600,305869800,1819139500,17732948300,3841.1456,3841.1456,3816.5156,3848.0903
93314000,3816.6852,34834200,314355400,1853973700,18047303700,3841.1456,3841.1456,3816.5156,3848.0903
93319000,3816.5538,30314700,306581600,1884288400,18353885300,3841.1456,3841.1456,3816.5156,3848.0903
93324000,3817.4006,28124600,290547600,1912413000,18644432900,3841.1456,3841.1456,3816.5156,3848.0903
93329000,3817.4617,30508200,286556800,1942921200,18930989700,3841.1456,3841.1456,3816.5156,3848.0903
93334000,3817.8814,29308800,340954500,1972230000,19271944200,3841.1456,3841.1456,3816.5156,3848.0903
93339000,3818.418,27017400,293628200,1999247400,19565572400,3841.1456,3841.1456,3816.5156,3848.0903
93344000,3818.2181,29388600,344059700,2028636000,19909632100,3841.1456,3841.1456,3816.5156,3848.0903
93349000,3818.5742,20481900,228903500,2049117900,20138535600,3841.1456,3841.1456,3816.5156,3848.0903
93354000,3819.3108,22262400,233382200,2071380300,20371917800,3841.1456,3841.1456,3816.5156,3848.0903
93359000,3819.5357,26131100,256339400,2097511400,20628257200,3841.1456,3841.1456,3816.5156,3848.0903
93404000,3819.3666,26441500,294206100,2123952900,20922463300,3841.1456,3841.1456,3816.5156,3848.0903
93409000,3820.5326,23773300,257504400,2147726200,21179967700,3841.1456,3841.1456,3816.5156,3848.0903
93414000,3821.0579,26310900,301250100,2174037100,21481217800,3841.1456,3841.1456,3816.5156,3848.0903
93419000,3821.3084,20587400,238093700,2194624500,21719311500,3841.1456,3841.1456,3816.5156,3848.0903
93424000,3821.769,24391600,251856200,2219016100,21971167700,3841.1456,3841.1456,3816.5156,3848.0903
93429000,3822.2106,21810900,231230800,2240827000,22202398500,3841.1456,3841.1456,3816.5156,3848.0903
93434000,3822.3939,25052500,292550100,2265879500,22494948600,3841.1456,3841.1456,3816.5156,3848.0903
93439000,3822.2371,22512500,239089600,2288392000,22734038200,3841.1456,3841.1456,3816.5156,3848.0903
93444000,3822.1768,26735500,302282500,2315127500,23036320700,3841.1456,3841.1456,3816.5156,3848.0903
93449000,3822.266,24085500,271462200,2339213000,23307782900,3841.1456,3841.1456,3816.5156,3848.0903
93454000,3822.4856,24048100,259275600,2363261100,23567058500,3841.1456,3841.1456,3816.5156,3848.0903
93459000,3822.2949,26883100,261436900,2390144200,23828495400,3841.1456,3841.1456,3816.5156,3848.0903
93504000,3822.5879,27420700,315453700,2417564900,24143949100,3841.1456,3841.1456,3816.5156,3848.0903
93509000,3822.0286,27329300,290678500,2444894200,24434627600,3841.1456,3841.1456,3816.5156,3848.0903
93514000,3821.8796,29611300,337544500,2474505500,24772172100,3841.1456,3841.1456,3816.5156,3848.0903
93519000,3821.5781,22711700,259659300,2497217200,25031831400,3841.1456,3841.1456,3816.5156,3848.0903
93524000,3821.8471,21459800,227948500,2518677000,25259779900,3841.1456,3841.1456,3816.5156,3848.0903
93529000,3821.9241,22774100,235311500,2541451100,25495091400,3841.1456,3841.1456,3816.5156,3848.0903
93534000,3822.0255,34011000,339802600,2575462100,25834894000,3841.1456,3841.1456,3816.5156,3848.0903
93539000,3822.3636,22989400,261309000,2598451500,26096203000,3841.1456,3841.1456,3816.5156,3848.0903
93544000,3822.8238,23170800,250395500,2621622300,26346598500,3841.1456,3841.1456,3816.5156,3848.0903
93549000,3822.5388,22501600,253382300,2644123900,26599980800,3841.1456,3841.1456,3816.5156,3848.0903
93554000,3823.1373,26040800,255372900,2670164700,26855353700,3841.1456,3841.1456,3816.5156,3848.0903
93559000,3823.1168,21541400,218265100,2691706100,27073618800,3841.1456,3841.1456,3816.5156,3848.0903
93604000,3823.0558,27665700,303358800,2719371800,27376977600,3841.1456,3841.1456,3816.5156,3848.0903
93609000,3823.3886,28738300,281326300,2748110100,27658303900,3841.1456,3841.1456,3816.5156,3848.0903
93614000,3823.1124,28775400,288522600,2776885500,27946826500,3841.1456,3841.1456,3816.5156,3848.0903
93619000,3822.9122,22579700,257367900,2799465200,28204194400,3841.1456,3841.1456,3816.5156,3848.0903
93624000,3822.7023,24306600,244530200,2823771800,28448724600,3841.1456,3841.1456,3816.5156,3848.0903
93629000,3822.2416,21464500,212730400,2845236300,28661455000,3841.1456,3841.1456,3816.5156,3848.0903
93634000,3822.2775,24720000,273242200,2869956300,28934697200,3841.1456,3841.1456,3816.5156,3848.0903
93639000,3821.6816,24875600,273698800,2894831900,29208396000,3841.1456,3841.1456,3816.5156,3848.0903
93644000,3821.8274,26782400,324823500,2921614300,29533219500,3841.1456,3841.1456,3816.5156,3848.0903
93649000,3821.5905,20422400,217321000,2942036700,29750540500,3841.1456,3841.1456,3816.5156,3848.0903
93654000,3821.3932,19151000,218364200,2961187700,29968904700,3841.1456,3841.1456,3816.5156,3848.0903
93659000,3820.808,20208100,220838500,2981395800,30189743200,3841.1456,3841.1456,3816.5156,3848.0903
93704000,3820.4125,24281400,279743800,3005677200,30469487000,3841.1456,3841.1456,3816.5156,3848.0903
93709000,3820.4733,21693600,237069400,3027370800,30706556400,3841.1456,3841.1456,3816.5156,3848.0903
93714000,3820.6732,23254600,252470100,3050625400,30959026500,3841.1456,3841.1456,3816.5156,3848.0903
93719000,3820.5207,19740500,214962600,3070365900,31173989100,3841.1456,3841.1456,3816.5156,3848.0903
93724000,3820.579,16602300,191335500,3086968200,31365324600,3841.1456,3841.1456,3816.5156,3848.0903
93729000,3820.965,20355700,205496400,3107323900,31570821000,3841.1456,3841.1456,3816.5156,3848.0903
93734000,3821.3667,20505100,238831800,3127829000,31809652800,3841.1456,3841.1456,3816.5156,3848.0903
93739000,3821.3327,20679100,220858900,3148508100,32030511700,3841.1456,3841.1456,3816.5156,3848.0903
93744000,3821.3257,26009700,280914600,3174517800,32311426300,3841.1456,3841.1456,3816.5156,3848.0903
93749000,3821.557,18433600,199491700,3192951400,32510918000,3841.1456,3841.1456,3816.5156,3848.0903
93754000,3822.0727,17837600,208476800,3210789000,32719394800,3841.1456,3841.1456,3816.5156,3848.0903
93759000,3821.8899,17587100,183521800,3228376100,32902916600,3841.1456,3841.1456,3816.5156,3848.0903
93804000,3822.1843,23462800,279814200,3251838900,33182730800,3841.1456,3841.1456,3816.5156,3848.0903
93809000,3822.0507,17553500,207777200,3269392400,33390508000,3841.1456,3841.1456,3816.5156,3848.0903
93814000,3822.084,23332800,255992900,3292725200,33646500900,3841.1456,3841.1456,3816.5156,3848.0903
93819000,3821.8377,18084500,198045700,3310809700,33844546600,3841.1456,3841.1456,3816.5156,3848.0903
93824000,3821.9354,16372200,193845500,3327181900,34038392100,3841.1456,3841.1456,3816.5156,3848.0903
93829000,3822.0316,18098300,196337900,3345280200,34234730000,3841.1456,3841.1456,3816.5156,3848.0903
93834000,3821.6752,21294600,250960000,3366574800,34485690000,3841.1456,3841.1456,3816.5156,3848.0903
93839000,3821.6269,18023000,210690200,3384597800,34696380200,3841.1456,3841.1456,3816.5156,3848.0903
93844000,3821.6626,21193300,231303400,3405791100,34927683600,3841.1456,3841.1456,3816.5156,3848.0903
93849000,3821.5457,16451100,191234000,3422242200,35118917600,3841.1456,3841.1456,3816.5156,3848.0903
93854000,3821.3316,18351800,206291900,3440594000,35325209500,3841.1456,3841.1456,3816.5156,3848.0903
93859000,3821.2702,17584500,210086700,3458178500,35535296200,3841.1456,3841.1456,3816.5156,3848.0903
93904000,3820.6395,25251300,289280900,3483429800,35824577100,3841.1456,3841.1456,3816.5156,3848.0903
93909000,3820.5394,17835400,198462500,3501265200,36023039600,3841.1456,3841.1456,3816.5156,3848.0903
93914000,3820.2868,24650800,241560800,3525916000,36264600400,3841.1456,3841.1456,3816.5156,3848.0903
93919000,3820.1452,21453500,215979700,3547369500,36480580100,3841.1456,3841.1456,3816.5156,3848.0903
93924000,3819.826,24909500,217961100,3572279000,36698541200,3841.1456,3841.1456,3816.5156,3848.0903
93929000,3820.0361,17510300,183995300,3589789300,36882536500,3841.1456,3841.1456,3816.5156,3848.0903
93934000,3819.4645,22283600,284373200,3612072900,37166909700,3841.1456,3841.1456,3816.5156,3848.0903
93939000,3819.2684,17907400,195630900,3629980300,37362540600,3841.1456,3841.1456,3816.5156,3848.0903
93944000,3818.7315,22299700,268988200,3652280000,37631528800,3841.1456,3841.1456,3816.5156,3848.0903
93949000,3818.5514,17319700,203207400,3669599700,37834736200,3841.1456,3841.1456,3816.5156,3848.0903
93954000,3818.2201,16769700,195222500,3686369400,38029958700,3841.1456,3841.1456,3816.5156,3848.0903
93959000,3817.4847,19785500,218285200,3706154900,38248243900,3841.1456,3841.1456,3816.5156,3848.0903
94004000,3817.4747,20493700,239328900,3726648600,38487572800,3841.1456,3841.1456,3816.5156,3848.0903
94009000,3816.8088,18719200,243686500,3745367800,38731259300,3841.1456,3841.1456,3816.5156,3848.0903
94014000,3816.5859,25377000,296504800,3770744800,39027764100,3841.1456,3841.1456,3816.5156,3848.0903
94019000,3816.5939,17340500,193967800,3788085300,39221731900,3841.1456,3841.1456,3816.5156,3848.0903
94024000,3816.2914,18205500,210866500,3806290800,39432598400,3841.1456,3841.1456,3816.2914,3848.0903
94029000,3815.611,19133900,198150500,3825424700,39630748900,3841.1456,3841.1456,3815.611,3848.0903
94034000,3814.8227,21460400,278410200,3846885100,39909159100,3841.1456,3841.1456,3814.8227,3848.0903
94039000,3814.3198,21319800,237166400,3868204900,40146325500,3841.1456,3841.1456,3814.3198,3848.0903
94044000,3813.3734,24818800,277547200,3893023700,40423872700,3841.1456,3841.1456,3813.3734,3848.0903
94049000,3812.6163,18618600,241778400,3911642300,40665651100,3841.1456,3841.1456,3812.6163,3848.0903
94054000,3811.6374,23286600,300280300,3934928900,40965931400,3841.1456,3841.1456,3811.6374,3848.0903
94059000,3811.1736,26338200,270745700,3961267100,41236677100,3841.1456,3841.1456,3811.1736,3848.0903
94104000,3809.6376,33450800,349008400,3994717900,41585685500,3841.1456,3841.1456,3809.6376,3848.0903
94109000,3809.2597,25425200,288085600,4020143100,41873771100,3841.1456,3841.1456,3809.1739,3848.0903
94114000,3808.4755,29434100,345911800,4049577200,42219682900,3841.1456,3841.1456,3808.4755,3848.0903
94119000,3808.1844,22828200,255620800,4072405400,42475303700,3841.1456,3841.1456,3808.1844,3848.0903
94124000,3807.4618,23372100,276893300,4095777500,42752197000,3841.1456,3841.1456,3807.4618,3848.0903
94129000,3807.2065,18326100,202823500,4114103600,42955020500,3841.1456,3841.1456,3806.9236,3848.0903
94134000,3806.5708,29694300,376391200,4143797900,43331411700,3841.1456,3841.1456,3806.5708,3848.0903
94139000,3806.5411,24964900,262987200,4168762800,43594398900,3841.1456,3841.1456,3806.3171,3848.0903
94144000,3805.8104,26567600,272611400,4195330400,43867010300,3841.1456,3841.1456,3805.8104,3848.0903
94149000,3805.7062,20745000,217507500,4216075400,44084517800,3841.1456,3841.1456,3805.5685,3848.0903
94154000,3805.3996,21258300,230740300,4237333700,44315258100,3841.1456,3841.1456,3805.2124,3848.0903
94159000,3804.9121,16427200,186479700,4253760900,44501737800,3841.1456,3841.1456,3804.8811,3848.0903
94204000,3804.6048,23907300,255696500,4277668200,44757434300,3841.1456,3841.1456,3804.5069,3848.0903
94209000,3803.8878,18376800,212701400,4296045000,44970135700,3841.1456,3841.1456,3803.8141,3848.0903
94214000,3803.7518,25836500,272677900,4321881500,45242813600,3841.1456,3841.1456,3803.7518,3848.0903
94219000,3803.1534,20214300,209088600,4342095800,45451902200,3841.1456,3841.1456,3803.1534,3848.0903
94224000,3803.0401,19534700,202091400,4361630500,45653993600,3841.1456,3841.1456,3803.0401,3848.0903
94229000,3802.9294,22489500,210185700,4384120000,45864179300,3841.1456,3841.1456,3802.9294,3848.0903
94234000,3802.2311,21664200,241456000,4405784200,46105635300,3841.1456,3841.1456,3802.2311,3848.0903
94239000,3802.4964,16865200,211490700,4422649400,46317126000,3841.1456,3841.1456,3802.2311,3848.0903
94244000,3802.1414,24018400,256851300,4446667800,46573977300,3841.1456,3841.1456,3802.1414,3848.0903
94249000,3802.0628,15860300,212905000,4462528100,46786882300,3841.1456,3841.1456,3802.0628,3848.0903
94254000,3802.0938,18689900,223687200,4481218000,47010569500,3841.1456,3841.1456,3802.0628,3848.0903
94259000,3802.7381,18045000,220495700,4499263000,47231065200,3841.1456,3841.1456,3802.0628,3848.0903
94304000,3802.4071,17704500,225678100,4516967500,47456743300,3841.1456,3841.1456,3802.0628,3848.0903
94309000,3802.7452,21576300,218751900,4538543800,47675495200,3841.1456,3841.1456,3802.0628,3848.0903
94314000,3803.3284,22071600,273581200,4560615400,47949076400,3841.1456,3841.1456,3802.0628,3848.0903
94319000,3804.5125,21204400,244333300,4581819800,48193409700,3841.1456,3841.1456,3802.0628,3848.0903
94324000,3805.4513,22100700,237012600,4603920500,48430422300,3841.1456,3841.1456,3802.0628,3848.0903
94329000,3806.9225,21981500,240081500,4625902000,48670503800,3841.1456,3841.1456,3802.0628,3848.0903
94334000,3807.9628,22324100,259008100,4648226100,48929511900,3841.1456,3841.1456,3802.0628,3848.0903
94339000,3808.6742,18669200,194951500,4666895300,49124463400,3841.1456,3841.1456,3802.0628,3848.0903
94344000,3809.4612,23304900,231721400,4690200200,49356184800,3841.1456,3841.1456,3802.0628,3848.0903
94349000,3810.6079,18387400,197999100,4708587600,49554183900,3841.1456,3841.1456,3802.0628,3848.0903
94354000,3811.0629,21857300,236739500,4730444900,49790923400,3841.1456,3841.1456,3802.0628,3848.0903
94359000,3812.1913,15685200,160755400,4746130100,49951678800,3841.1456,3841.1456,3802.0628,3848.0903
94404000,3812.6818,22866000,237603100,4768996100,50189281900,3841.1456,3841.1456,3802.0628,3848.0903
94409000,3812.3313,22327600,201249200,4791323700,50390531100,3841.1456,3841.1456,3802.0628,3848.0903
94414000,3813.0352,21029500,220836200,4812353200,50611367300,3841.1456,3841.1456,3802.0628,3848.0903
94419000,3813.1318,16039400,160245200,4828392600,50771612500,3841.1456,3841.1456,3802.0628,3848.0903
94424000,3813.5742,16218300,173860200,4844610900,50945472700,3841.1456,3841.1456,3802.0628,3848.0903
94429000,3813.5558,16497100,177691000,4861108000,51123163700,3841.1456,3841.1456,3802.0628,3848.0903
94434000,3813.8244,18872300,194332400,4879980300,51317496100,3841.1456,3841.1456,3802.0628,3848.0903
94439000,3814.1287,18960500,200929200,4898940800,51518425300,3841.1456,3841.1456,3802.0628,3848.0903
94444000,3813.5123,18721200,200179400,4917662000,51718604700,3841.1456,3841.1456,3802.0628,3848.0903
94449000,3814.1654,17582500,179198000,4935244500,51897802700,3841.1456,3841.1456,3802.0628,3848.0903
94454000,3813.9201,20486800,183230900,4955731300,52081033600,3841.1456,3841.1456,3802.0628,3848.0903
94459000,3814.5605,15513300,136389000,4971244600,52217422600,3841.1456,3841.1456,3802.0628,3848.0903
94504000,3814.8647,20665800,212427300,4991910400,52429849900,3841.1456,3841.1456,3802.0628,3848.0903
94509000,3814.9727,18367100,179378700,5010277500,52609228600,3841.1456,3841.1456,3802.0628,3848.0903
94514000,3814.3446,23054200,202430900,5033331700,52811659500,3841.1456,3841.1456,3802.0628,3848.0903
94519000,3814.1786,20373100,168402100,5053704800,52980061600,3841.1456,3841.1456,3802.0628,3848.0903
94524000,3814.0334,26288900,217131900,5079993700,53197193500,3841.1456,3841.1456,3802.0628,3848.0903
94529000,3812.9046,18016700,170044600,5098010400,53367238100,3841.1456,3841.1456,3802.0628,3848.0903
94534000,3813.399,20969300,220360000,5118979700,53587598100,3841.1456,3841.1456,3802.0628,3848.0903
94539000,3813.6418,26804600,206622600,5145784300,53794220700,3841.1456,3841.1456,3802.0628,3848.0903
94544000,3813.8969,48788100,277084300,5194572400,54071305000,3841.1456,3841.1456,3802.0628,3848.0903
94549000,3814.1537,26794300,197925100,5221366700,54269230100,3841.1456,3841.1456,3802.0628,3848.0903
94554000,3814.5249,15384800,161053200,5236751500,54430283300,3841.1456,3841.1456,3802.0628,3848.0903
94559000,3814.3919,20360400,183776500,5257111900,54614059800,3841.1456,3841.1456,3802.0628,3848.0903
94604000,3814.9055,20290300,195589100,5277402200,54809648900,3841.1456,3841.1456,3802.0628,3848.0903
94609000,3815.3508,17248300,159291300,5294650500,54968940200,3841.1456,3841.1456,3802.0628,3848.0903
94614000,3815.276,20963300,199728400,5315613800,55168668600,3841.1456,3841.1456,3802.0628,3848.0903
94619000,3815.5739,15937200,168499000,5331551000,55337167600,3841.1456,3841.1456,3802.0628,3848.0903
94624000,3815.9069,25593400,185984300,5357144400,55523151900,3841.1456,3841.1456,3802.0628,3848.0903
94629000,3816.352,21039100,165852100,5378183500,55689004000,3841.1456,3841.1456,3802.0628,3848.0903
94634000,3816.1653,18859600,186156000,5397043100,55875160000,3841.1456,3841.1456,3802.0628,3848.0903
94639000,3816.9829,15075400,157349600,5412118500,56032509600,3841.1456,3841.1456,3802.0628,3848.0903
94644000,3816.8018,17603200,189736500,5429721700,56222246100,3841.1456,3841.1456,3802.0628,3848.0903
94649000,3817.7241,12774400,138283400,5442496100,56360529500,3841.1456,3841.1456,3802.0628,3848.0903
94654000,3817.5703,17249000,159411800,5459745100,56519941300,3841.1456,3841.1456,3802.0628,3848.0903
94659000,3817.8693,16881800,170411600,5476626900,56690352900,3841.1456,3841.1456,3802.0628,3848.0903
94704000,3818.3721,20540500,208127400,5497167400,56898480300,3841.1456,3841.1456,3802.0628,3848.0903
94709000,3818.6963,21211700,186978800,5518379100,57085459100,3841.1456,3841.1456,3802.0628,3848.0903
94714000,3819.6786,35811900,229201100,5554191000,57314660200,3841.1456,3841.1456,3802.0628,3848.0903
94719000,3819.8748,18172000,171986300,5572363000,57486646500,3841.1456,3841.1456,3802.0628,3848.0903
94724000,3820.2607,16827200,167034400,5589190200,57653680900,3841.1456,3841.1456,3802.0628,3848.0903
94729000,3820.6625,15839000,155326900,5605029200,57809007800,3841.1456,3841.1456,3802.0628,3848.0903
94734000,3821.247,16091000,199525100,5621120200,58008532900,3841.1456,3841.1456,3802.0628,3848.0903
94739000,3822.2688,17624600,158541200,5638744800,58167074100,3841.1456,3841.1456,3802.0628,3848.0903
94744000,3822.7703,19560900,204642500,5658305700,58371716600,3841.1456,3841.1456,3802.0628,3848.0903
94749000,3823.4959,18606200,202720800,5676911900,58574437400,3841.1456,3841.1456,3802.0628,3848.0903
94754000,3823.857,19950200,196098100,5696862100,58770535500,3841.1456,3841.1456,3802.0628,3848.0903
94759000,3824.5459,18865000,183633100,5715727100,58954168600,3841.1456,3841.1456,3802.0628,3848.0903
94804000,3825.0214,21956400,242516300,5737683500,59196684900,3841.1456,3841.1456,3802.0628,3848.0903
94809000,3825.0946,18101900,173730700,5755785400,59370415600,3841.1456,3841.1456,3802.0628,3848.0903
94814000,3825.5918,23061100,228991900,5778846500,59599407500,3841.1456,3841.1456,3802.0628,3848.0903
94819000,3826.4347,15169300,168267900,5794015800,59767675400,3841.1456,3841.1456,3802.0628,3848.0903
94824000,3826.6544,18489400,187622300,5812505200,59955297700,3841.1456,3841.1456,3802.0628,3848.0903
94829000,3827.1778,24113600,205689200,5836618800,60160986900,3841.1456,3841.1456,3802.0628,3848.0903
94834000,3827.4521,26279800,241076000,5862898600,60402062900,3841.1456,3841.1456,3802.0628,3848.0903
94839000,3827.8253,26940300,223325800,5889838900,60625388700,3841.1456,3841.1456,3802.0628,3848.0903
94844000,3828.2052,25250100,220629300,5915089000,60846018000,3841.1456,3841.1456,3802.0628,3848.0903
94849000,3828.5511,20851600,228787700,5935940600,61074805700,3841.1456,3841.1456,3802.0628,3848.0903
94854000,3828.67,17125200,188307200,5953065800,61263112900,3841.1456,3841.1456,3802.0628,3848.0903
94859000,3829.2035,18243700,164632200,5971309500,61427745100,3841.1456,3841.1456,3802.0628,3848.0903
94904000,3829.0983,21317000,221231400,5992626500,61648976500,3841.1456,3841.1456,3802.0628,3848.0903
94909000,3829.1324,18619700,190492400,6011246200,61839468900,3841.1456,3841.1456,3802.0628,3848.0903
94914000,3828.492,36929700,273072900,6048175900,62112541800,3841.1456,3841.1456,3802.0628,3848.0903
94919000,3828.6555,25092900,262127300,6073268800,62374669100,3841.1456,3841.1456,3802.0628,3848.0903
94924000,3828.4804,22757000,236836900,6096025800,62611506000,3841.1456,3841.1456,3802.0628,3848.0903
94929000,3828.1599,21735900,203756300,6117761700,62815262300,3841.1456,3841.1456,3802.0628,3848.0903
94934000,3828.1798,29243900,308964700,6147005600,63124227000,3841.1456,3841.1456,3802.0628,3848.0903
94939000,3827.9357,19302500,195761500,6166308100,63319988500,3841.1456,3841.1456,3802.0628,3848.0903
94944000,3827.4387,30594300,270598300,6196902400,63590586800,3841.1456,3841.1456,3802.0628,3848.0903
94949000,3827.5554,25122700,231845500,6222025100,63822432300,3841.1456,3841.1456,3802.0628,3848.0903
94954000,3827.3779,26115100,216973600,6248140200,64039405900,3841.1456,3841.1456,3802.0628,3848.0903
94959000,3828.1709,21103900,181893400,6269244100,64221299300,3841.1456,3841.1456,3802.0628,3848.0903
95004000,3827.6204,19780900,215622800,6289025000,64436922100,3841.1456,3841.1456,3802.0628,3848.0903
95009000,3827.7366,15553600,169817800,6304578600,64606739900,3841.1456,3841.1456,3802.0628,3848.0903
95014000,3828.0698,21937300,207079100,6326515900,64813819000,3841.1456,3841.1456,3802.0628,3848.0903
95019000,3827.8853,15664000,160073400,6342179900,64973892400,3841.1456,3841.1456,3802.0628,3848.0903
95024000,3827.4011,19722900,194898700,6361902800,65168791100,3841.1456,3841.1456,3802.0628,3848.0903
95029000,3827.7391,18458400,173807300,6380361200,65342598400,3841.1456,3841.1456,3802.0628,3848.0903
95034000,3828.0055,24312800,241718800,6404674000,65584317200,3841.1456,3841.1456,3802.0628,3848.0903
95039000,3828.2543,18956700,179954900,6423630700,65764272100,3841.1456,3841.1456,3802.0628,3848.0903
95044000,3828.0374,17127000,176436800,6440757700,65940708900,3841.1456,3841.1456,3802.0628,3848.0903
95049000,3828.3494,12855200,132658900,6453612900,66073367800,3841.1456,3841.1456,3802.0628,3848.0903
95054000,3828.488,14191500,147966000,6467804400,66221333800,3841.1456,3841.1456,3802.0628,3848.0903
95059000,3827.963,14411600,151789000,6482216000,66373122800,3841.1456,3841.1456,3802.0628,3848.0903
95104000,3828.3962,16190700,177258400,6498406700,66550381200,3841.1456,3841.1456,3802.0628,3848.0903
95109000,3827.8936,16481800,166225000,6514888500,66716606200,3841.1456,3841.1456,3802.0628,3848.0903
95114000,3827.0821,22656500,221021500,6537545000,66937627700,3841.1456,3841.1456,3802.0628,3848.0903
95119000,3827.214,18921400,186399000,6556466400,67124026700,3841.1456,3841.1456,3802.0628,3848.0903
95124000,3827.4236,14658500,157343600,6571124900,67281370300,3841.1456,3841.1456,3802.0628,3848.0903
95129000,3826.7741,19515100,175763300,6590640000,67457133600,3841.1456,3841.1456,3802.0628,3848.0903
95134000,3826.6907,18488500,207060800,6609128500,67664194400,3841.1456,3841.1456,3802.0628,3848.0903
95139000,3826.608,15005100,153123000,6624133600,67817317400,3841.1456,3841.1456,3802.0628,3848.0903
95144000,3826.0615,22111000,187241600,6646244600,68004559000,3841.1456,3841.1456,3802.0628,3848.0903
95149000,3826.5002,21418600,214829500,6667663200,68219388500,3841.1456,3841.1456,3802.0628,3848.0903
95154000,3826.3873,14620300,161070700,6682283500,68380459200,3841.1456,3841.1456,3802.0628,3848.0903
95159000,3826.1219,19605100,176649800,6701888600,68557109000,3841.1456,3841.1456,3802.0628,3848.0903
95204000,3825.614,21112900,238648000,6723001500,68795757000,3841.1456,3841.1456,3802.0628,3848.0903
95209000,3825.5482,17848300,180319900,6740849800,68976076900,3841.1456,3841.1456,3802.0628,3848.0903
95214000,3825.3796,22880400,228919200,6763730200,69204996100,3841.1456,3841.1456,3802.0628,3848.0903
95219000,3825.242,16187600,174407300,6779917800,69379403400,3841.1456,3841.1456,3802.0628,3848.0903
95224000,3824.8666,14602200,149668800,6794520000,69529072200,3841.1456,3841.1456,3802.0628,3848.0903
95229000,3825.0955,15727300,150848500,6810247300,69679920700,3841.1456,3841.1456,3802.0628,3848.0903
95234000,3824.6849,24117100,225997900,6834364400,69905918600,3841.1456,3841.1456,3802.0628,3848.0903
95239000,3824.3653,14978200,148226300,6849342600,70054144900,3841.1456,3841.1456,3802.0628,3848.0903
95244000,3824.2122,17265900,183094400,6866608500,70237239300,3841.1456,3841.1456,3802.0628,3848.0903
95249000,3823.824,14207900,186072900,6880816400,70423312200,3841.1456,3841.1456,3802.0628,3848.0903
95254000,3823.3381,17920200,171597100,6898736600,70594909300,3841.1456,3841.1456,3802.0628,3848.0903
95259000,3823.3101,19681500,180167800,6918418100,70775077100,3841.1456,3841.1456,3802.0628,3848.0903
95304000,3822.469,18955800,209723000,6937373900,70984800100,3841.1456,3841.1456,3802.0628,3848.0903
95309000,3821.6444,17655800,185779900,6955029700,71170580000,3841.1456,3841.1456,3802.0628,3848.0903
95314000,3821.5528,20520700,217509200,6975550400,71388089200,3841.1456,3841.1456,3802.0628,3848.0903
95319000,3821.7858,16006900,154863100,6991557300,71542952300,3841.1456,3841.1456,3802.0628,3848.0903
95324000,3821.4004,16517500,163873700,7008074800,71706826000,3841.1456,3841.1456,3802.0628,3848.0903
95329000,3821.1368,15822100,146676500,7023896900,71853502500,3841.1456,3841.1456,3802.0628,3848.0903
95334000,3820.8765,16722400,176269100,7040619300,72029771600,3841.1456,3841.1456,3802.0628,3848.0903
95339000,3820.6771,22189600,191079200,7062808900,72220850800,3841.1456,3841.1456,3802.0628,3848.0903
95344000,3820.1826,22387200,183851200,7085196100,72404702000,3841.1456,3841.1456,3802.0628,3848.0903
95349000,3820.0046,14208800,138504500,7099404900,72543206500,3841.1456,3841.1456,3802.0628,3848.0903
95354000,3820.1795,13173600,132598500,7112578500,72675805000,3841.1456,3841.1456,3802.0628,3848.0903
95359000,3819.8186,11122200,112692500,7123700700,72788497500,3841.1456,3841.1456,3802.0628,3848.0903
95404000,3819.5762,17758100,172055600,7141458800,72960553100,3841.1456,3841.1456,3802.0628,3848.0903
95409000,3819.7002,12815500,146798200,7154274300,73107351300,3841.1456,3841.1456,3802.0628,3848.0903
95414000,3819.4163,18170300,184016900,7172444600,73291368200,3841.1456,3841.1456,3802.0628,3848.0903
95419000,3819.5191,14975000,146809900,7187419600,73438178100,3841.1456,3841.1456,3802.0628,3848.0903
95424000,3819.5241,15800600,131770200,7203220200,73569948300,3841.1456,3841.1456,3802.0628,3848.0903
95429000,3819.3996,13718200,119634500,7216938400,73689582800,3841.1456,3841.1456,3802.0628,3848.0903
95434000,3819.5079,19284200,167248100,7236222600,73856830900,3841.1456,3841.1456,3802.0628,3848.0903
95439000,3819.7285,13159900,137361100,7249382500,73994192000,3841.1456,3841.1456,3802.0628,3848.0903
95444000,3819.965,16382800,162354300,7265765300,74156546300,3841.1456,3841.1456,3802.0628,3848.0903
95449000,3819.7023,15970700,132614000,7281736000,74289160300,3841.1456,3841.1456,3802.0628,3848.0903
95454000,3820.0586,17642300,140960600,7299378300,74430120900,3841.1456,3841.1456,3802.0628,3848.0903
95459000,3820.0441,19723800,126083300,7319102100,74556204200,3841.1456,3841.1456,3802.0628,3848.0903
95504000,3820.0883,20546800,146545100,7339648900,74702749300,3841.1456,3841.1456,3802.0628,3848.0903
95509000,3820.0419,13600600,123570400,7353249500,74826319700,3841.1456,3841.1456,3802.0628,3848.0903
95514000,3820.0925,19186100,166583500,7372435600,74992903200,3841.1456,3841.1456,3802.0628,3848.0903
95519000,3820.2465,15200800,134290600,7387636400,75127193800,3841.1456,3841.1456,3802.0628,3848.0903
95524000,3820.2267,15508500,144426000,7403144900,75271619800,3841.1456,3841.1456,3802.0628,3848.0903
95529000,3820.2865,15389900,134602000,7418534800,75406221800,3841.1456,3841.1456,3802.0628,3848.0903
95534000,3820.811,13726700,145123000,7432261500,75551344800,3841.1456,3841.1456,3802.0628,3848.0903
95539000,3821.073,16044400,143296400,7448305900,75694641200,3841.1456,3841.1456,3802.0628,3848.0903
95544000,3820.924,14388700,143752600,7462694600,75838393800,3841.1456,3841.1456,3802.0628,3848.0903
95549000,3820.8268,12001500,138512900,7474696100,75976906700,3841.1456,3841.1456,3802.0628,3848.0903
95554000,3821.2316,12679200,129286300,7487375300,76106193000,3841.1456,3841.1456,3802.0628,3848.0903
95559000,3820.8402,13503400,121088200,7500878700,76227281200,3841.1456,3841.1456,3802.0628,3848.0903
95604000,3821.4288,16060300,148207100,7516939000,76375488300,3841.1456,3841.1456,3802.0628,3848.0903
95609000,3821.7155,23112800,160979400,7540051800,76536467700,3841.1456,3841.1456,3802.0628,3848.0903
95614000,3821.5001,17477300,158900700,7557529100,76695368400,3841.1456,3841.1456,3802.0628,3848.0903
95619000,3821.7504,16820900,149913700,7574350000,76845282100,3841.1456,3841.1456,3802.0628,3848.0903
95624000,3821.3879,15226000,152234500,7589576000,76997516600,3841.1456,3841.1456,3802.0628,3848.0903
95629000,3821.4232,15341700,126792100,7604917700,77124308700,3841.1456,3841.1456,3802.0628,3848.0903
95634000,3820.9162,18074000,201713900,7622991700,77326022600,3841.1456,3841.1456,3802.0628,3848.0903
95639000,3819.9881,15374800,160848900,7638366500,77486871500,3841.1456,3841.1456,3802.0628,3848.0903
95644000,3819.1953,26639800,270328400,7665006300,77757199900,3841.1456,3841.1456,3802.0628,3848.0903
95649000,3818.9573,16867000,179097100,7681873300,77936297000,3841.1456,3841.1456,3802.0628,3848.0903
95654000,3818.6469,16126800,165859000,7698000100,78102156000,3841.1456,3841.1456,3802.0628,3848.0903
95659000,3818.3832,18525800,170011400,7716525900,78272167400,3841.1456,3841.1456,3802.0628,3848.0903
95704000,3817.7508,24403200,221169300,7740929100,78493336700,3841.1456,3841.1456,3802.0628,3848.0903
95709000,3817.9232,18334700,165094800,7759263800,78658431500,3841.1456,3841.1456,3802.0628,3848.0903
95714000,3817.2419,24343900,193989300,7783607700,78852420800,3841.1456,3841.1456,3802.0628,3848.0903
95719000,3816.9805,13410800,202087800,7797018500,79054508600,3841.1456,3841.1456,3802.0628,3848.0903
95724000,3817.17,16547100,161583600,7813565600,79216092200,3841.1456,3841.1456,3802.0628,3848.0903
95729000,3816.4872,11702300,124625500,7825267900,79340717700,3841.1456,3841.1456,3802.0628,3848.0903
95734000,3816.7386,15452100,167752100,7840720000,79508469800,3841.1456,3841.1456,3802.0628,3848.0903
95739000,3816.4747,16394600,156431900,7857114600,79664901700,3841.1456,3841.1456,3802.0628,3848.0903
95744000,3816.3437,19040600,189711800,7876155200,79854613500,3841.1456,3841.1456,3802.0628,3848.0903
95749000,3816.3745,15233800,171224900,7891389000,80025838400,3841.1456,3841.1456,3802.0628,3848.0903
95754000,3815.8848,14921400,164264800,7906310400,80190103200,3841.1456,3841.1456,3802.0628,3848.0903
95759000,3815.4802,9629900,110172500,7915940300,80300275700,3841.1456,3841.1456,3802.0628,3848.0903
95804000,3815.1833,17925300,198196700,7933865600,80498472400,3841.1456,3841.1456,3802.0628,3848.0903
95809000,3814.7838,11332900,131566300,7945198500,80630038700,3841.1456,3841.1456,3802.0628,3848.0903
95814000,3814.6681,17347700,181008600,7962546200,80811047300,3841.1456,3841.1456,3802.0628,3848.0903
95819000,3814.4573,12332600,137158800,7974878800,80948206100,3841.1456,3841.1456,3802.0628,3848.0903
95824000,3813.7829,12243900,138733500,7987122700,81086939600,3841.1456,3841.1456,3802.0628,3848.0903
95829000,3813.9153,10764500,118328100,7997887200,81205267700,3841.1456,3841.1456,3802.0628,3848.0903
95834000,3814.1052,11708000,138867600,8009595200,81344135300,3841.1456,3841.1456,3802.0628,3848.0903
95839000,3813.9467,12395700,133287400,8021990900,81477422700,3841.1456,3841.1456,3802.0628,3848.0903
95844000,3813.7092,13420800,158953900,8035411700,81636376600,3841.1456,3841.1456,3802.0628,3848.0903
95849000,3813.8409,13465300,129957200,8048877000,81766333800,3841.1456,3841.1456,3802.0628,3848.0903
95854000,3813.6045,12746400,148982200,8061623400,81915316000,3841.1456,3841.1456,3802.0628,3848.0903
95859000,3813.8258,13711700,112586700,8075335100,82027902700,3841.1456,3841.1456,3802.0628,3848.0903
95904000,3813.8863,15485600,157319500,8090820700,82185222200,3841.1456,3841.1456,3802.0628,3848.0903
95909000,3813.5329,11233300,126684100,8102054000,82311906300,3841.1456,3841.1456,3802.0628,3848.0903
95914000,3813.4471,18498800,187628700,8120552800,82499535000,3841.1456,3841.1456,3802.0628,3848.0903
95919000,3813.9789,16156400,150490800,8136709200,82650025800,3841.1456,3841.1456,3802.0628,3848.0903
95924000,3814.3788,17317000,179671800,8154026200,82829697600,3841.1456,3841.1456,3802.0628,3848.0903
95929000,3814.6451,14671400,160506900,8168697600,82990204500,3841.1456,3841.1456,3802.0628,3848.0903
95934000,3815.0369,18029200,174791900,8186726800,83164996400,3841.1456,3841.1456,3802.0628,3848.0903
95939000,3815.245,12465600,132761800,8199192400,83297758200,3841.1456,3841.1456,3802.0628,3848.0903
95944000,3815.2156,14667400,160513900,8213859800,83458272100,3841.1456,3841.1456,3802.0628,3848.0903
95949000,3815.5168,14196200,125987500,8228056000,83584259600,3841.1456,3841.1456,3802.0628,3848.0903
95954000,3815.8862,11580100,130590700,8239636100,83714850300,3841.1456,3841.1456,3802.0628,3848.0903
95959000,3816.3823,11983500,115528700,8251619600,83830379000,3841.1456,3841.1456,3802.0628,3848.0903
100004000,3816.8373,13233100,143251400,8264852700,83973630400,3841.1456,3841.1456,3802.0628,3848.0903
100009000,3816.5064,12559700,119286100,8277412400,84092916500,3841.1456,3841.1456,3802.0628,3848.0903
100014000,3816.875,11914200,126253300,8289326600,84219169800,3841.1456,3841.1456,3802.0628,3848.0903
100019000,3817.1655,8945500,119422500,8298272100,84338592300,3841.1456,3841.1456,3802.0628,3848.0903
100024000,3817.3118,11038500,118998100,8309310600,84457590400,3841.1456,3841.1456,3802.0628,3848.0903
100029000,3817.7567,9360300,110400800,8318670900,84567991200,3841.1456,3841.1456,3802.0628,3848.0903
100034000,3817.8668,11588000,132300400,8330258900,84700291600,3841.1456,3841.1456,3802.0628,3848.0903
100039000,3818.127,9608100,108927700,8339867000,84809219300,3841.1456,3841.1456,3802.0628,3848.0903
100044000,3818.3,11946600,136409200,8351813600,84945628500,3841.1456,3841.1456,3802.0628,3848.0903
100049000,3818.9369,11283400,113014800,8363097000,85058643300,3841.1456,3841.1456,3802.0628,3848.0903
100054000,3819.3195,15051800,164903300,8378148800,85223546600,3841.1456,3841.1456,3802.0628,3848.0903
100059000,3819.636,10514600,124641600,8388663400,85348188200,3841.1456,3841.1456,3802.0628,3848.0903
100104000,3820.1382,12693400,159363300,8401356800,85507551500,3841.1456,3841.1456,3802.0628,3848.0903
100109000,3820.0052,12176300,127101900,8413533100,85634653400,3841.1456,3841.1456,3802.0628,3848.0903
100114000,3820.4578,15677200,154779500,8429210300,85789432900,3841.1456,3841.1456,3802.0628,3848.0903
100119000,3820.8917,14330800,146293600,8443541100,85935726500,3841.1456,3841.1456,3802.0628,3848.0903
100124000,3821.1681,12099600,125722600,8455640700,86061449100,3841.1456,3841.1456,3802.0628,3848.0903
100129000,3821.5655,15138700,150766200,8470779400,86212215300,3841.1456,3841.1456,3802.0628,3848.0903
100134000,3821.9092,15326300,156223500,8486105700,86368438800,3841.1456,3841.1456,3802.0628,3848.0903
100139000,3822.1468,11899300,134840700,8498005000,86503279500,3841.1456,3841.1456,3802.0628,3848.0903
100144000,3822.5799,15567400,159258800,8513572400,86662538300,3841.1456,3841.1456,3802.0628,3848.0903
100149000,3823.0309,16308600,157309600,8529881000,86819847900,3841.1456,3841.1456,3802.0628,3848.0903
100154000,3823.2547,11801400,124326600,8541682400,86944174500,3841.1456,3841.1456,3802.0628,3848.0903
100159000,3823.7174,14144000,151148400,8555826400,87095322900,3841.1456,3841.1456,3802.0628,3848.0903
100204000,3824.6073,16219700,170901900,8572046100,87266224800,3841.1456,3841.1456,3802.0628,3848.0903
100209000,3824.7823,16138300,147982700,8588184400,87414207500,3841.1456,3841.1456,3802.0628,3848.0903
100214000,3824.7028,14678600,162666100,8602863000,87576873600,3841.1456,3841.1456,3802.0628,3848.0903
100219000,3825.1633,13266700,134108700,8616129700,87710982300,3841.1456,3841.1456,3802.0628,3848.0903
100224000,3825.653,15982300,157061100,8632112000,87868043400,3841.1456,3841.1456,3802.0628,3848.0903
100229000,3826.1871,15258500,139539900,8647370500,88007583300,3841.1456,3841.1456,3802.0628,3848.0903
100234000,3826.052,17014900,177089800,8664385400,88184673100,3841.1456,3841.1456,3802.0628,3848.0903
100239000,3826.6435,12201100,139447700,8676586500,88324120800,3841.1456,3841.1456,3802.0628,3848.0903
100244000,3827.1233,21676000,195717800,8698262500,88519838600,3841.1456,3841.1456,3802.0628,3848.0903
100249000,3827.3534,13047500,140523000,8711310000,88660361600,3841.1456,3841.1456,3802.0628,3848.0903
100254000,3827.6545,16255000,158185200,8727565000,88818546800,3841.1456,3841.1456,3802.0628,3848.0903
100259000,3828.1059,17354800,176840900,8744919800,88995387700,3841.1456,3841.1456,3802.0628,3848.0903
100304000,3828.6143,20075500,204288500,8764995300,89199676200,3841.1456,3841.1456,3802.0628,3848.0903
100309000,3829.2446,14584300,148058300,8779579600,89347734500,3841.1456,3841.1456,3802.0628,3848.0903
100314000,3828.9613,23967500,218876700,8803547100,89566611200,3841.1456,3841.1456,3802.0628,3848.0903
100319000,3829.2015,16737900,169104700,8820285000,89735715900,3841.1456,3841.1456,3802.0628,3848.0903
100324000,3829.0401,20450500,196093900,8840735500,89931809800,3841.1456,3841.1456,3802.0628,3848.0903
100329000,3828.9884,19748800,176885700,8860484300,90108695500,3841.1456,3841.1456,3802.0628,3848.0903
100334000,3828.0897,23774800,229518200,8884259100,90338213700,3841.1456,3841.1456,3802.0628,3848.0903
100339000,3828.7741,17570700,184238400,8901829800,90522452100,3841.1456,3841.1456,3802.0628,3848.0903
100344000,3829.1194,20864700,214285900,8922694500,90736738000,3841.1456,3841.1456,3802.0628,3848.0903
100349000,3828.8746,17602800,195466500,8940297300,90932204500,3841.1456,3841.1456,3802.0628,3848.0903
100354000,3829.1114,21841900,243345000,8962139200,91175549500,3841.1456,3841.1456,3802.0628,3848.0903
100359000,3829.5872,16950800,172237600,8979090000,91347787100,3841.1456,3841.1456,3802.0628,3848.0903
100404000,3829.9279,17211600,185159000,8996301600,91532946100,3841.1456,3841.1456,3802.0628,3848.0903
100409000,3829.7787,15568000,151678800,9011869600,91684624900,3841.1456,3841.1456,3802.0628,3848.0903
100414000,3830.2785,18884000,190858700,9030753600,91875483600,3841.1456,3841.1456,3802.0628,3848.0903
100419000,3830.0991,13579600,139238900,9044333200,92014722500,3841.1456,3841.1456,3802.0628,3848.0903
100424000,3830.0487,14945700,150051600,9059278900,92164774100,3841.1456,3841.1456,3802.0628,3848.0903
100429000,3829.4136,12960600,144883700,9072239500,92309657800,3841.1456,3841.1456,3802.0628,3848.0903
100434000,3829.0016,23397600,238191900,9095637100,92547849700,3841.1456,3841.1456,3802.0628,3848.0903
100439000,3828.5082,20602100,211162900,9116239200,92759012600,3841.1456,3841.1456,3802.0628,3848.0903
100444000,3828.6304,17637700,199195400,9133876900,92958208000,3841.1456,3841.1456,3802.0628,3848.0903
100449000,3828.163,15656300,184064000,9149533200,93142272000,3841.1456,3841.1456,3802.0628,3848.0903
100454000,3827.7415,17626000,189901200,9167159200,93332173200,3841.1456,3841.1456,3802.0628,3848.0903
100459000,3827.3934,16226700,162418800,9183385900,93494592000,3841.1456,3841.1456,3802.0628,3848.0903
100504000,3827.0792,19255100,241793700,9202641000,93736385700,3841.1456,3841.1456,3802.0628,3848.0903
100509000,3826.7915,14019700,156070100,9216660700,93892455800,3841.1456,3841.1456,3802.0628,3848.0903
100514000,3826.8914,16558400,194787200,9233219100,94087243000,3841.1456,3841.1456,3802.0628,3848.0903
100519000,3826.9625,12776200,141167200,9245995300,94228410200,3841.1456,3841.1456,3802.0628,3848.0903
100524000,3826.0787,14841000,156346000,9260836300,94384756200,3841.1456,3841.1456,3802.0628,3848.0903
100529000,3826.3672,12629000,138565200,9273465300,94523321400,3841.1456,3841.1456,3802.0628,3848.0903
100534000,3826.5096,19601500,194636200,9293066800,94717957600,3841.1456,3841.1456,3802.0628,3848.0903
100539000,3826.6233,13682800,144984800,9306749600,94862942400,3841.1456,3841.1456,3802.0628,3848.0903
100544000,3826.4845,15455700,161224400,9322205300,95024166800,3841.1456,3841.1456,3802.0628,3848.0903
100549000,3826.4182,12345200,140769100,9334550500,95164935900,3841.1456,3841.1456,3802.0628,3848.0903
100554000,3826.2148,13652600,146503100,9348203100,95311439000,3841.1456,3841.1456,3802.0628,3848.0903
100559000,3826.32,13240500,144067000,9361443600,95455506000,3841.1456,3841.1456,3802.0628,3848.0903
100604000,3826.0543,15139700,161933600,9376583300,95617439600,3841.1456,3841.1456,3802.0628,3848.0903
100609000,3825.8576,12101900,132501800,9388685200,95749941400,3841.1456,3841.1456,3802.0628,3848.0903
100614000,3825.7973,12863500,162625400,9401548700,95912566800,3841.1456,3841.1456,3802.0628,3848.0903
100619000,3826.2626,10010800,97678700,9411559500,96010245500,3841.1456,3841.1456,3802.0628,3848.0903
100624000,3825.7626,11867900,124684000,9423427400,96134929500,3841.1456,3841.1456,3802.0628,3848.0903
100629000,3826.1745,11197300,122872800,9434624700,96257802300,3841.1456,3841.1456,3802.0628,3848.0903
100634000,3826.2072,13404000,132599100,9448028700,96390401400,3841.1456,3841.1456,3802.0628,3848.0903
100639000,3826.1716,12863300,143767400,9460892000,96534168800,3841.1456,3841.1456,3802.0628,3848.0903
100644000,3826.5168,20007400,164762900,9480899400,96698931700,3841.1456,3841.1456,3802.0628,3848.0903
100649000,3825.9863,16297100,171221700,9497196500,96870153400,3841.1456,3841.1456,3802.0628,3848.0903
100654000,3826.3088,13919900,161138300,9511116400,97031291700,3841.1456,3841.1456,3802.0628,3848.0903
100659000,3826.4437,18138300,171612500,9529254700,97202904200,3841.1456,3841.1456,3802.0628,3848.0903
100704000,3827.5678,20186900,220144000,9549441600,97423048200,3841.1456,3841.1456,3802.0628,3848.0903
100709000,3827.4407,15423200,146270900,9564864800,97569319100,3841.1456,3841.1456,3802.0628,3848.0903
100714000,3828.4673,19862400,199078000,9584727200,97768397100,3841.1456,3841.1456,3802.0628,3848.0903
100719000,3829.0743,17742500,188278600,9602469700,97956675700,3841.1456,3841.1456,3802.0628,3848.0903
100724000,3829.057,16751100,165803900,9619220800,98122479600,3841.1456,3841.1456,3802.0628,3848.0903
100729000,3829.8751,16178600,157493800,9635399400,98279973400,3841.1456,3841.1456,3802.0628,3848.0903
100734000,3830.6389,18350200,204300700,9653749600,98484274100,3841.1456,3841.1456,3802.0628,3848.0903
100739000,3831.1558,16590700,166993800,9670340300,98651267900,3841.1456,3841.1456,3802.0628,3848.0903
100744000,3831.341,18519800,207444500,9688860100,98858712400,3841.1456,3841.1456,3802.0628,3848.0903
100749000,3831.9966,16015600,182891800,9704875700,99041604200,3841.1456,3841.1456,3802.0628,3848.0903
100754000,3831.7303,20095900,181963600,9724971600,99223567800,3841.1456,3841.1456,3802.0628,3848.0903
100759000,3832.321,16349000,160739000,9741320600,99384306800,3841.1456,3841.1456,3802.0628,3848.0903
100804000,3832.4659,25981600,228443600,9767302200,99612750400,3841.1456,3841.1456,3802.0628,3848.0903
100809000,3832.64,26859000,212887300,9794161200,99825637700,3841.1456,3841.1456,3802.0628,3848.0903
100814000,3832.3235,23928400,221566100,9818089600,100047203800,3841.1456,3841.1456,3802.0628,3848.0903
100819000,3831.6819,22899800,239292500,9840989400,100286496300,3841.1456,3841.1456,3802.0628,3848.0903
100824000,3831.1643,20721900,221379100,9861711300,100507875400,3841.1456,3841.1456,3802.0628,3848.0903
100829000,3830.7356,18908400,203738800,9880619700,100711614200,3841.1456,3841.1456,3802.0628,3848.0903
100834000,3831.357,30756300,307703500,9911376000,101019317700,3841.1456,3841.1456,3802.0628,3848.0903
100839000,3831.1956,19992000,198292900,9931368000,101217610600,3841.1456,3841.1456,3802.0628,3848.0903
100844000,3831.1044,21279500,225935100,9952647500,101443545700,3841.1456,3841.1456,3802.0628,3848.0903
100849000,3830.5214,16585300,164964200,9969232800,101608509900,3841.1456,3841.1456,3802.0628,3848.0903
100854000,3830.3189,16853200,163375400,9986086000,101771885300,3841.1456,3841.1456,3802.0628,3848.0903
100859000,3830.4718,16330700,179576100,10002416700,101951461400,3841.1456,3841.1456,3802.0628,3848.0903
100904000,3830.6787,21624100,230515100,10024040800,102181976500,3841.1456,3841.1456,3802.0628,3848.0903
100909000,3830.1249,14899000,160819600,10038939800,102342796100,3841.1456,3841.1456,3802.0628,3848.0903
100914000,3829.6591,19849700,202243200,10058789500,102545039300,3841.1456,3841.1456,3802.0628,3848.0903
100919000,3829.3526,18121500,213910200,10076911000,102758949500,3841.1456,3841.1456,3802.0628,3848.0903
100924000,3828.3639,19153300,222947000,10096064300,102981896500,3841.1456,3841.1456,3802.0628,3848.0903
100929000,3827.3269,22711000,249263400,10118775300,103231159900,3841.1456,3841.1456,3802.0628,3848.0903
100934000,3826.2583,29806900,318649600,10148582200,103549809500,3841.1456,3841.1456,3802.0628,3848.0903
100939000,3825.9995,17418900,197432500,10166001100,103747242000,3841.1456,3841.1456,3802.0628,3848.0903
100944000,3825.2216,20510400,254236200,10186511500,104001478200,3841.1456,3841.1456,3802.0628,3848.0903
100949000,3825.0779,17525300,214755600,10204036800,104216233800,3841.1456,3841.1456,3802.0628,3848.0903
100954000,3824.2414,16338700,189580900,10220375500,104405814700,3841.1456,3841.1456,3802.0628,3848.0903
100959000,3824.2892,23484500,207411700,10243860000,104613226400,3841.1456,3841.1456,3802.0628,3848.0903
101004000,3823.3127,16647900,196349700,10260507900,104809576100,3841.1456,3841.1456,3802.0628,3848.0903
101009000,3823.7678,19789700,206563100,10280297600,105016139200,3841.1456,3841.1456,3802.0628,3848.0903
101014000,3822.8902,27489500,212404400,10307787100,105228543600,3841.1456,3841.1456,3802.0628,3848.0903
101019000,3822.4882,18391500,189443400,10326178600,105417987000,3841.1456,3841.1456,3802.0628,3848.0903
101024000,3822.2228,16056100,169830900,10342234700,105587817900,3841.1456,3841.1456,3802.0628,3848.0903
101029000,3821.8475,20237100,178021000,10362471800,105765838900,3841.1456,3841.1456,3802.0628,3848.0903
101034000,3821.606,19009800,193491900,10381481600,105959330800,3841.1456,3841.1456,3802.0628,3848.0903
101039000,3821.7081,17602800,165722000,10399084400,106125052800,3841.1456,3841.1456,3802.0628,3848.0903
101044000,3821.5914,21088000,190421400,10420172400,106315474200,3841.1456,3841.1456,3802.0628,3848.0903
101049000,3820.7044,16173500,214588300,10436345900,106530062500,3841.1456,3841.1456,3802.0628,3848.0903
101054000,3820.6919,23788800,198307800,10460134700,106728370300,3841.1456,3841.1456,3802.0628,3848.0903
101059000,3820.5891,22227000,157956800,10482361700,106886327100,3841.1456,3841.1456,3802.0628,3848.0903
101104000,3820.4083,17274700,170384600,10499636400,107056711700,3841.1456,3841.1456,3802.0628,3848.0903
101109000,3820.2796,12750900,123811400,10512387300,107180523100,3841.1456,3841.1456,3802.0628,3848.0903
101114000,3819.7874,15723700,155790500,10528111000,107336313600,3841.1456,3841.1456,3802.0628,3848.0903
101119000,3819.6723,14197200,127941500,10542308200,107464255100,3841.1456,3841.1456,3802.0628,3848.0903
101124000,3819.6508,13831300,149464200,10556139500,107613719300,3841.1456,3841.1456,3802.0628,3848.0903
101129000,3819.6068,14912200,139764100,10571051700,107753483400,3841.1456,3841.1456,3802.0628,3848.0903
101134000,3819.6102,14290300,152632100,10585342000,107906115500,3841.1456,3841.1456,3802.0628,3848.0903
101139000,3819.6111,12190800,125100500,10597532800,108031216000,3841.1456,3841.1456,3802.0628,3848.0903
101144000,3819.2715,16175000,164074800,10613707800,108195290800,3841.1456,3841.1456,3802.0628,3848.0903
101149000,3818.6272,12107800,120223500,10625815600,108315514300,3841.1456,3841.1456,3802.0628,3848.0903
101154000,3819.1486,15648900,127994400,10641464500,108443508700,3841.1456,3841.1456,3802.0628,3848.0903
101159000,3818.6844,13060600,118926300,10654525100,108562435000,3841.1456,3841.1456,3802.0628,3848.0903
101204000,3818.5206,14218400,139891700,10668743500,108702326700,3841.1456,3841.1456,3802.0628,3848.0903
101209000,3818.4512,10453700,112674500,10679197200,108815001200,3841.1456,3841.1456,3802.0628,3848.0903
101214000,3818.7838,14693000,141997800,10693890200,108956999000,3841.1456,3841.1456,3802.0628,3848.0903
101219000,3818.4981,12534100,127186800,10706424300,109084185800,3841.1456,3841.1456,3802.0628,3848.0903
101224000,3818.4502,11415700,120354300,10717840000,109204540100,3841.1456,3841.1456,3802.0628,3848.0903
101229000,3818.398,15872400,119782100,10733712400,109324322200,3841.1456,3841.1456,3802.0628,3848.0903
101234000,3818.9701,15484500,146023000,10749196900,109470345200,3841.1456,3841.1456,3802.0628,3848.0903
101239000,3818.5182,10733700,108980100,10759930600,109579325300,3841.1456,3841.1456,3802.0628,3848.0903
101244000,3818.7503,12422900,129564500,10772353500,109708889800,3841.1456,3841.1456,3802.0628,3848.0903
101249000,3818.9168,10979000,114401800,10783332500,109823291600,3841.1456,3841.1456,3802.0628,3848.0903
101254000,3819.1999,10184600,115009300,10793517100,109938300900,3841.1456,3841.1456,3802.0628,3848.0903
101259000,3819.2239,15373100,115923200,10808890200,110054224100,3841.1456,3841.1456,3802.0628,3848.0903
101304000,3819.3282,13781400,147348700,10822671600,110201572800,3841.1456,3841.1456,3802.0628,3848.0903
101309000,3819.0858,10642000,119810500,10833313600,110321383300,3841.1456,3841.1456,3802.0628,3848.0903
101314000,3819.1282,12746900,149282500,10846060500,110470665800,3841.1456,3841.1456,3802.0628,3848.0903
101319000,3819.7463,9703100,97258600,10855763600,110567924400,3841.1456,3841.1456,3802.0628,3848.0903
101324000,3819.3565,11220000,112800800,10866983600,110680725200,3841.1456,3841.1456,3802.0628,3848.0903
101329000,3819.073,10883900,116035000,10877867500,110796760200,3841.1456,3841.1456,3802.0628,3848.0903
101334000,3819.1226,12383200,126405200,10890250700,110923165400,3841.1456,3841.1456,3802.0628,3848.0903
101339000,3819.1105,11903700,119277600,10902154400,111042443000,3841.1456,3841.1456,3802.0628,3848.0903
101344000,3818.9941,15336500,148164500,10917490900,111190607500,3841.1456,3841.1456,3802.0628,3848.0903
101349000,3818.9759,13741700,141627600,10931232600,111332235100,3841.1456,3841.1456,3802.0628,3848.0903
101354000,3819.265,12100000,125492200,10943332600,111457727300,3841.1456,3841.1456,3802.0628,3848.0903
101359000,3818.4375,12958800,107515200,10956291400,111565242500,3841.1456,3841.1456,3802.0628,3848.0903
101404000,3818.4103,13905100,139264600,10970196500,111704507100,3841.1456,3841.1456,3802.0628,3848.0903
101409000,3818.4932,14362500,147396800,10984559000,111851903900,3841.1456,3841.1456,3802.0628,3848.0903
101414000,3818.2414,15994900,157558000,11000553900,112009461900,3841.1456,3841.1456,3802.0628,3848.0903
101419000,3818.5374,11107500,113499600,11011661400,112122961500,3841.1456,3841.1456,3802.0628,3848.0903
101424000,3818.3226,12783900,107516600,11024445300,112230478100,3841.1456,3841.1456,3802.0628,3848.0903
101429000,3818.6701,39376700,186808700,11063822000,112417286800,3841.1456,3841.1456,3802.0628,3848.0903
101434000,3818.5906,23957500,184592700,11087779500,112601879500,3841.1456,3841.1456,3802.0628,3848.0903
101439000,3818.5812,14662400,131618600,11102441900,112733498100,3841.1456,3841.1456,3802.0628,3848.0903
101444000,3818.7362,15204900,135025700,11117646800,112868523800,3841.1456,3841.1456,3802.0628,3848.0903
101449000,3818.521,12721200,118843200,11130368000,112987367000,3841.1456,3841.1456,3802.0628,3848.0903
101454000,3818.617,17547900,154914100,11147915900,113142281100,3841.1456,3841.1456,3802.0628,3848.0903
101459000,3819.0902,21498300,148972900,11169414200,113291254000,3841.1456,3841.1456,3802.0628,3848.0903
101504000,3818.7408,14807900,148347300,11184222100,113439601300,3841.1456,3841.1456,3802.0628,3848.0903
101509000,3819.016,15994600,128562800,11200216700,113568164100,3841.1456,3841.1456,3802.0628,3848.0903
101514000,3818.4338,15558500,159886400,11215775200,113728050500,3841.1456,3841.1456,3802.0628,3848.0903
101519000,3818.9763,11650000,129432000,11227425200,113857482500,3841.1456,3841.1456,3802.0628,3848.0903
101524000,3819.2795,12558600,133154100,11239983800,113990636600,3841.1456,3841.1456,3802.0628,3848.0903
101529000,3819.0553,16192700,149451300,11256176500,114140087900,3841.1456,3841.1456,3802.0628,3848.0903
101534000,3819.517,15364500,165579400,11271541000,114305667300,3841.1456,3841.1456,3802.0628,3848.0903
101539000,3819.1174,11843900,126556500,11283384900,114432223800,3841.1456,3841.1456,3802.0628,3848.0903
101544000,3819.521,14859500,159891000,11298244400,114592114800,3841.1456,3841.1456,3802.0628,3848.0903
101549000,3820.4942,13937500,165972000,11312181900,114758086800,3841.1456,3841.1456,3802.0628,3848.0903
101554000,3820.978,15459800,174954600,11327641700,114933041400,3841.1456,3841.1456,3802.0628,3848.0903
101559000,3821.2724,18468200,161995100,11346109900,115095036500,3841.1456,3841.1456,3802.0628,3848.0903
101604000,3822.4887,17217400,205399200,11363327300,115300435700,3841.1456,3841.1456,3802.0628,3848.0903
101609000,3822.7195,12437200,129350900,11375764500,115429786600,3841.1456,3841.1456,3802.0628,3848.0903
101614000,3823.1188,14673100,146636700,11390437600,115576423300,3841.1456,3841.1456,3802.0628,3848.0903
101619000,3822.9779,19672700,153419200,11410110300,115729842500,3841.1456,3841.1456,3802.0628,3848.0903
101624000,3823.469,15005800,150824100,11425116100,115880666600,3841.1456,3841.1456,3802.0628,3848.0903
101629000,3823.5211,12583400,132071000,11437699500,116012737600,3841.1456,3841.1456,3802.0628,3848.0903
101634000,3823.3692,12555300,152597200,11450254800,116165334800,3841.1456,3841.1456,3802.0628,3848.0903
101639000,3824.0893,18682900,149811800,11468937700,116315146600,3841.1456,3841.1456,3802.0628,3848.0903
101644000,3824.0392,18268800,198789400,11487206500,116513936000,3841.1456,3841.1456,3802.0628,3848.0903
101649000,3824.0573,13414300,151386600,11500620800,116665322600,3841.1456,3841.1456,3802.0628,3848.0903
101654000,3824.0756,12120300,119686200,11512741100,116785008800,3841.1456,3841.1456,3802.0628,3848.0903
101659000,3824.4161,14112800,152525000,11526853900,116937533800,3841.1456,3841.1456,3802.0628,3848.0903
101704000,3824.0322,12932300,159484600,11539786200,117097018400,3841.1456,3841.1456,3802.0628,3848.0903
101709000,3824.1901,11973400,125305600,11551759600,117222324000,3841.1456,3841.1456,3802.0628,3848.0903
101714000,3824.2985,15550100,161764300,11567309700,117384088300,3841.1456,3841.1456,3802.0628,3848.0903
101719000,3824.0804,11066700,134597400,11578376400,117518685700,3841.1456,3841.1456,3802.0628,3848.0903
101724000,3824.1737,13367000,123476800,11591743400,117642162500,3841.1456,3841.1456,3802.0628,3848.0903
101729000,3824.3885,9323900,118357300,11601067300,117760519800,3841.1456,3841.1456,3802.0628,3848.0903
101734000,3824.3606,12481100,152391600,11613548400,117912911400,3841.1456,3841.1456,3802.0628,3848.0903
101739000,3824.0719,10194400,118154200,11623742800,118031065600,3841.1456,3841.1456,3802.0628,3848.0903
101744000,3824.5022,13602400,158332100,11637345200,118189397700,3841.1456,3841.1456,3802.0628,3848.0903
101749000,3824.5793,11025200,119570700,11648370400,118308968400,3841.1456,3841.1456,3802.0628,3848.0903
101754000,3824.4827,13540500,145896200,11661910900,118454864600,3841.1456,3841.1456,3802.0628,3848.0903
101759000,3824.5678,11766200,133362100,11673677100,118588226700,3841.1456,3841.1456,3802.0628,3848.0903
101804000,3824.2022,12617000,156646800,11686294100,118744873500,3841.1456,3841.1456,3802.0628,3848.0903
101809000,3824.2075,10980200,133218700,11697274300,118878092200,3841.1456,3841.1456,3802.0628,3848.0903
101814000,3824.1056,12960700,147013900,11710235000,119025106100,3841.1456,3841.1456,3802.0628,3848.0903
101819000,3823.866,12393900,148985800,11722628900,119174091900,3841.1456,3841.1456,3802.0628,3848.0903
101824000,3823.5979,16350900,152430200,11738979800,119326522100,3841.1456,3841.1456,3802.0628,3848.0903
101829000,3823.7552,11144000,123296700,11750123800,119449818800,3841.1456,3841.1456,3802.0628,3848.0903
101834000,3823.2739,17083400,187081600,11767207200,119636900400,3841.1456,3841.1456,3802.0628,3848.0903
101839000,3823.2929,10960600,119465600,11778167800,119756366000,3841.1456,3841.1456,3802.0628,3848.0903
101844000,3823.5584,15829800,169552500,11793997600,119925918500,3841.1456,3841.1456,3802.0628,3848.0903
101849000,3823.2378,11923300,159890500,11805920900,120085809000,3841.1456,3841.1456,3802.0628,3848.0903
101854000,3823.3645,11926400,141493900,11817847300,120227302900,3841.1456,3841.1456,3802.0628,3848.0903
101859000,3823.2587,14803000,135461500,11832650300,120362764400,3841.1456,3841.1456,3802.0628,3848.0903
101904000,3823.13,13985600,156076600,11846635900,120518841000,3841.1456,3841.1456,3802.0628,3848.0903
101909000,3823.1551,12189600,127987100,11858825500,120646828100,3841.1456,3841.1456,3802.0628,3848.0903
101914000,3823.0933,12344500,138215000,11871170000,120785043100,3841.1456,3841.1456,3802.0628,3848.0903
101919000,3823.1454,11432400,123360000,11882602400,120908403100,3841.1456,3841.1456,3802.0628,3848.0903
101924000,3823.4166,10829700,118882200,11893432100,121027285300,3841.1456,3841.1456,3802.0628,3848.0903
101929000,3823.3919,10530500,102357600,11903962600,121129642900,3841.1456,3841.1456,3802.0628,3848.0903
101934000,3823.4095,15930800,166615200,11919893400,121296258100,3841.1456,3841.1456,3802.0628,3848.0903
101939000,3823.2828,10757700,128310600,11930651100,121424568700,3841.1456,3841.1456,3802.0628,3848.0903
101944000,3823.3652,15343900,160557100,11945995000,121585125800,3841.1456,3841.1456,3802.0628,3848.0903
101949000,3823.889,13037200,130323900,11959032200,121715449700,3841.1456,3841.1456,3802.0628,3848.0903
101954000,3823.7201,11314900,131438900,11970347100,121846888600,3841.1456,3841.1456,3802.0628,3848.0903
101959000,3823.7769,11146500,125177300,11981493600,121972065900,3841.1456,3841.1456,3802.0628,3848.0903
102004000,3823.6863,14149700,152278900,11995643300,122124344800,3841.1456,3841.1456,3802.0628,3848.0903
102009000,3823.8239,11481000,121368200,12007124300,122245713000,3841.1456,3841.1456,3802.0628,3848.0903
102014000,3824.3063,17210100,177622900,12024334400,122423335900,3841.1456,3841.1456,3802.0628,3848.0903
102019000,3824.4238,15799900,148517300,12040134300,122571853200,3841.1456,3841.1456,3802.0628,3848.0903
102024000,3824.3894,11684100,121166800,12051818400,122693020000,3841.1456,3841.1456,3802.0628,3848.0903
102029000,3824.8175,12733200,134264500,12064551600,122827284500,3841.1456,3841.1456,3802.0628,3848.0903
102034000,3824.4093,20431600,188872600,12084983200,123016157100,3841.1456,3841.1456,3802.0628,3848.0903
102039000,3824.5993,12656400,138664400,12097639600,123154821500,3841.1456,3841.1456,3802.0628,3848.0903
102044000,3824.7074,16105500,178256900,12113745100,123333078400,3841.1456,3841.1456,3802.0628,3848.0903
102049000,3824.8391,14883200,146814600,12128628300,123479893000,3841.1456,3841.1456,3802.0628,3848.0903
102054000,3825.0253,13667200,152398400,12142295500,123632291400,3841.1456,3841.1456,3802.0628,3848.0903
102059000,3825.2777,10275400,132145600,12152570900,123764437000,3841.1456,3841.1456,3802.0628,3848.0903
102104000,3825.4551,19034300,181542700,12171605200,123945979700,3841.1456,3841.1456,3802.0628,3848.0903
102109000,3825.5011,14010800,153220300,12185616000,124099200000,3841.1456,3841.1456,3802.0628,3848.0903
102114000,3825.4139,19627300,217349600,12205243300,124316549600,3841.1456,3841.1456,3802.0628,3848.0903
102119000,3825.4313,18257000,200603100,12223500300,124517152700,3841.1456,3841.1456,3802.0628,3848.0903
102124000,3825.6458,13329800,149300400,12236830100,124666453100,3841.1456,3841.1456,3802.0628,3848.0903
102129000,3825.8624,14824700,159937100,12251654800,124826390200,3841.1456,3841.1456,3802.0628,3848.0903
102134000,3826.3676,27687200,302999000,12279342000,125129389200,3841.1456,3841.1456,3802.0628,3848.0903
102139000,3826.4151,18368200,186817500,12297710200,125316206700,3841.1456,3841.1456,3802.0628,3848.0903
102144000,3827.4138,24214300,259573300,12321924500,125575780000,3841.1456,3841.1456,3802.0628,3848.0903
102149000,3827.5507,22597700,247501100,12344522200,125823281100,3841.1456,3841.1456,3802.0628,3848.0903
102154000,3827.8223,16252600,174951700,12360774800,125998232800,3841.1456,3841.1456,3802.0628,3848.0903
102159000,3827.9527,35796400,420400600,12396571200,126418633400,3841.1456,3841.1456,3802.0628,3848.0903
102204000,3828.9097,32551300,388443300,12429122500,126807076700,3841.1456,3841.1456,3802.0628,3848.0903
102209000,3829.0869,15990600,188481000,12445113100,126995557700,3841.1456,3841.1456,3802.0628,3848.0903
102214000,3829.4937,21121900,251633400,12466235000,127247191100,3841.1456,3841.1456,3802.0628,3848.0903
102219000,3830.0769,20564500,207409400,12486799500,127454600500,3841.1456,3841.1456,3802.0628,3848.0903
102224000,3830.7771,16989700,190921500,12503789200,127645522000,3841.1456,3841.1456,3802.0628,3848.0903
102229000,3831.0418,16968000,197693600,12520757200,127843215600,3841.1456,3841.1456,3802.0628,3848.0903
102234000,3831.044,24408900,322863800,12545166100,128166079400,3841.1456,3841.1456,3802.0628,3848.0903
102239000,3832.0674,17008900,207773500,12562175000,128373852900,3841.1456,3841.1456,3802.0628,3848.0903
102244000,3832.3131,21269300,222853200,12583444300,128596706100,3841.1456,3841.1456,3802.0628,3848.0903
102249000,3832.6286,17345200,184441800,12600789500,128781147900,3841.1456,3841.1456,3802.0628,3848.0903
102254000,3832.984,15737900,184183700,12616527400,128965331600,3841.1456,3841.1456,3802.0628,3848.0903
102259000,3833.3746,18129300,191145400,12634656700,129156477000,3841.1456,3841.1456,3802.0628,3848.0903
102304000,3833.7559,19390000,230154700,12654046700,129386631700,3841.1456,3841.1456,3802.0628,3848.0903
102309000,3833.6332,15930100,175916300,12669976800,129562548000,3841.1456,3841.1456,3802.0628,3848.0903
102314000,3833.9657,23230100,242484000,12693206900,129805032000,3841.1456,3841.1456,3802.0628,3848.0903
102319000,3834.3249,19205300,196085700,12712412200,130001117700,3841.1456,3841.1456,3802.0628,3848.0903
102324000,3834.4334,19232100,182383000,12731644300,130183500700,3841.1456,3841.1456,3802.0628,3848.0903
102329000,3833.289,19809400,200280700,12751453700,130383781400,3841.1456,3841.1456,3802.0628,3848.0903
102334000,3833.2458,20886200,237555400,12772339900,130621336800,3841.1456,3841.1456,3802.0628,3848.0903
102339000,3832.6005,18250500,199297000,12790590400,130820633800,3841.1456,3841.1456,3802.0628,3848.0903
102344000,3832.9398,21169400,227614300,12811759800,131048248100,3841.1456,3841.1456,3802.0628,3848.0903
102349000,3833.0578,18753100,196516400,12830512900,131244764500,3841.1456,3841.1456,3802.0628,3848.0903
102354000,3833.314,14131100,148671300,12844644000,131393435800,3841.1456,3841.1456,3802.0628,3848.0903
102359000,3833.1101,14811100,136857400,12859455100,131530293200,3841.1456,3841.1456,3802.0628,3848.0903
102404000,3832.7063,19920600,218407000,12879375700,131748700200,3841.1456,3841.1456,3802.0628,3848.0903
102409000,3832.3366,14695600,165865400,12894071300,131914565600,3841.1456,3841.1456,3802.0628,3848.0903
102414000,3833.1158,22771700,253992100,12916843000,132168557700,3841.1456,3841.1456,3802.0628,3848.0903
102419000,3833.053,20278800,218113800,12937121800,132386671500,3841.1456,3841.1456,3802.0628,3848.0903
102424000,3832.4622,13036100,147931300,12950157900,132534602800,3841.1456,3841.1456,3802.0628,3848.0903
102429000,3832.2526,17126400,174342300,12967284300,132708945100,3841.1456,3841.1456,3802.0628,3848.0903
102434000,3832.0898,19033300,204393700,12986317600,132913338800,3841.1456,3841.1456,3802.0628,3848.0903
102439000,3831.7657,12736400,154054000,12999054000,133067392800,3841.1456,3841.1456,3802.0628,3848.0903
102444000,3831.3794,18407500,196798500,13017461500,133264191300,3841.1456,3841.1456,3802.0628,3848.0903
102449000,3831.0287,16764700,187863900,13034226200,133452055200,3841.1456,3841.1456,3802.0628,3848.0903
102454000,3831.9005,14377200,166835900,13048603400,133618891100,3841.1456,3841.1456,3802.0628,3848.0903
102459000,3831.1954,16870800,176457600,13065474200,133795348700,3841.1456,3841.1456,3802.0628,3848.0903
102504000,3831.3954,17292800,179718900,13082767000,133975067600,3841.1456,3841.1456,3802.0628,3848.0903
102509000,3831.6655,11419700,143588500,13094186700,134118656100,3841.1456,3841.1456,3802.0628,3848.0903
102514000,3831.4527,13706100,139235600,13107892800,134257891700,3841.1456,3841.1456,3802.0628,3848.0903
102519000,3831.4036,14258500,166722100,13122151300,134424613800,3841.1456,3841.1456,3802.0628,3848.0903
102524000,3831.0007,13293900,144873000,13135445200,134569486800,3841.1456,3841.1456,3802.0628,3848.0903
102529000,3830.419,17451300,179823300,13152896500,134749310100,3841.1456,3841.1456,3802.0628,3848.0903
102534000,3829.799,19001400,204494000,13171897900,134953804100,3841.1456,3841.1456,3802.0628,3848.0903
102539000,3829.9674,11858500,146918900,13183756400,135100723000,3841.1456,3841.1456,3802.0628,3848.0903
102544000,3829.9174,16706400,188094900,13200462800,135288817900,3841.1456,3841.1456,3802.0628,3848.0903
102549000,3830.3606,13203700,160047500,13213666500,135448865400,3841.1456,3841.1456,3802.0628,3848.0903
102554000,3829.8624,12321300,142955500,13225987800,135591820900,3841.1456,3841.1456,3802.0628,3848.0903
102559000,3830.2762,11448200,121870400,13237436000,135713691300,3841.1456,3841.1456,3802.0628,3848.0903
102604000,3829.8135,17412000,182166500,13254848000,135895857800,3841.1456,3841.1456,3802.0628,3848.0903
102609000,3829.529,11769500,163262900,13266617500,136059120700,3841.1456,3841.1456,3802.0628,3848.0903
102614000,3829.2596,15461900,179625300,13282079400,136238746000,3841.1456,3841.1456,3802.0628,3848.0903
102619000,3828.8086,12973400,139965500,13295052800,136378711500,3841.1456,3841.1456,3802.0628,3848.0903
102624000,3828.7227,13171800,132380900,13308224600,136511092400,3841.1456,3841.1456,3802.0628,3848.0903
102629000,3828.4313,13054900,126102000,13321279500,136637194400,3841.1456,3841.1456,3802.0628,3848.0903
102634000,3828.0437,19124500,175480200,13340404000,136812674600,3841.1456,3841.1456,3802.0628,3848.0903
102639000,3827.8027,9335500,110276200,13349739500,136922950800,3841.1456,3841.1456,3802.0628,3848.0903
102644000,3827.7407,18187600,162275800,13367927100,137085226600,3841.1456,3841.1456,3802.0628,3848.0903
102649000,3827.8121,13205000,134877300,13381132100,137220103900,3841.1456,3841.1456,3802.0628,3848.0903
102654000,3828.1179,12286200,129685400,13393418300,137349789300,3841.1456,3841.1456,3802.0628,3848.0903
102659000,3827.7368,10218300,112279800,13403636600,137462069100,3841.1456,3841.1456,3802.0628,3848.0903
102704000,3827.8203,15362100,163373700,13418998700,137625442800,3841.1456,3841.1456,3802.0628,3848.0903
102709000,3827.8173,11871500,134946600,13430870200,137760389400,3841.1456,3841.1456,3802.0628,3848.0903
102714000,3827.5503,12461900,142008500,13443332100,137902397900,3841.1456,3841.1456,3802.0628,3848.0903
102719000,3827.2745,12927400,146790000,13456259500,138049187900,3841.1456,3841.1456,3802.0628,3848.0903
102724000,3827.0702,11946700,123047200,13468206200,138172235100,3841.1456,3841.1456,3802.0628,3848.0903
102729000,3827.1567,11536900,124182800,13479743100,138296417900,3841.1456,3841.1456,3802.0628,3848.0903
102734000,3826.7319,14576500,168937100,13494319600,138465355000,3841.1456,3841.1456,3802.0628,3848.0903
102739000,3826.6116,9372600,115982900,13503692200,138581337900,3841.1456,3841.1456,3802.0628,3848.0903
102744000,3826.5743,12810800,168653200,13516503000,138749991100,3841.1456,3841.1456,3802.0628,3848.0903
102749000,3826.7996,10189000,136369800,13526692000,138886360900,3841.1456,3841.1456,3802.0628,3848.0903
102754000,3826.073,12927000,148491400,13539619000,139034852300,3841.1456,3841.1456,3802.0628,3848.0903
102759000,3826.2603,11986900,115118900,13551605900,139149971200,3841.1456,3841.1456,3802.0628,3848.0903
102804000,3825.2723,14702600,193130000,13566308500,139343101200,3841.1456,3841.1456,3802.0628,3848.0903
102809000,3825.4381,10541200,141649500,13576849700,139484750700,3841.1456,3841.1456,3802.0628,3848.0903
102814000,3825.3086,12628600,148737300,13589478300,139633488000,3841.1456,3841.1456,3802.0628,3848.0903
102819000,3825.4248,15479200,152947600,13604957500,139786435600,3841.1456,3841.1456,3802.0628,3848.0903
102824000,3824.734,9711500,135537500,13614669000,139921973100,3841.1456,3841.1456,3802.0628,3848.0903
102829000,3824.2267,10711300,132492000,13625380300,140054465100,3841.1456,3841.1456,3802.0628,3848.0903
102834000,3823.8098,13243100,188361900,13638623400,140242827000,3841.1456,3841.1456,3802.0628,3848.0903
102839000,3823.1309,12136000,153349100,13650759400,140396176100,3841.1456,3841.1456,3802.0628,3848.0903
102844000,3822.1772,16605700,180773500,13667365100,140576949600,3841.1456,3841.1456,3802.0628,3848.0903
102849000,3822.1248,11733200,143740300,13679098300,140720689900,3841.1456,3841.1456,3802.0628,3848.0903
102854000,3821.405,13865900,167932900,13692964200,140888622800,3841.1456,3841.1456,3802.0628,3848.0903
102859000,3820.9659,14460300,186327000,13707424500,141074949800,3841.1456,3841.1456,3802.0628,3848.0903
102904000,3820.9034,16131700,210829100,13723556200,141285778900,3841.1456,3841.1456,3802.0628,3848.0903
102909000,3820.2518,13754800,201512700,13737311000,141487291600,3841.1456,3841.1456,3802.0628,3848.0903
102914000,3819.6668,13545200,167733700,13750856200,141655025300,3841.1456,3841.1456,3802.0628,3848.0903
102919000,3819.9206,11622000,164170900,13762478200,141819196200,3841.1456,3841.1456,3802.0628,3848.0903
102924000,3820.1998,12185800,162194600,13774664000,141981390800,3841.1456,3841.1456,3802.0628,3848.0903
102929000,3820.0575,10473600,112186800,13785137600,142093577600,3841.1456,3841.1456,3802.0628,3848.0903
102934000,3819.9534,13413500,158528000,13798551100,142252105600,3841.1456,3841.1456,3802.0628,3848.0903
102939000,3820.2062,11807200,126402200,13810358300,142378507800,3841.1456,3841.1456,3802.0628,3848.0903
102944000,3819.9241,13553900,150860700,13823912200,142529368500,3841.1456,3841.1456,3802.0628,3848.0903
102949000,3819.8056,12819500,136617800,13836731700,142665986300,3841.1456,3841.1456,3802.0628,3848.0903
102954000,3820.0895,12665500,137364300,13849397200,142803350600,3841.1456,3841.1456,3802.0628,3848.0903
102959000,3819.58,12140600,141296100,13861537800,142944646700,3841.1456,3841.1456,3802.0628,3848.0903
103004000,3819.8089,15513500,189499800,13877051300,143134146500,3841.1456,3841.1456,3802.0628,3848.0903
103009000,3819.6423,11616600,132808200,13888667900,143266954700,3841.1456,3841.1456,3802.0628,3848.0903
103014000,3818.8528,13928500,146954700,13902596400,143413909400,3841.1456,3841.1456,3802.0628,3848.0903
103019000,3819.0411,12452900,155797600,13915049300,143569707000,3841.1456,3841.1456,3802.0628,3848.0903
103024000,3818.652,11055400,131048800,13926104700,143700755800,3841.1456,3841.1456,3802.0628,3848.0903
103029000,3817.5602,13126200,149979500,13939230900,143850735300,3841.1456,3841.1456,3802.0628,3848.0903
103034000,3817.4066,16732600,182633000,13955963500,144033368300,3841.1456,3841.1456,3802.0628,3848.0903
103039000,3817.1999,9946500,120826400,13965910000,144154194700,3841.1456,3841.1456,3802.0628,3848.0903
103044000,3816.9238,13554700,180042700,13979464700,144334237400,3841.1456,3841.1456,3802.0628,3848.0903
103049000,3816.3206,18769800,178596800,13998234500,144512834200,3841.1456,3841.1456,3802.0628,3848.0903
103054000,3816.0391,11869100,146324300,14010103600,144659158500,3841.1456,3841.1456,3802.0628,3848.0903
103059000,3815.9229,11587900,133254700,14021691500,144792413200,3841.1456,3841.1456,3802.0628,3848.0903
103104000,3815.6113,14095800,199370100,14035787300,144991783300,3841.1456,3841.1456,3802.0628,3848.0903
103109000,3815.5435,11157000,153300000,14046944300,145145083300,3841.1456,3841.1456,3802.0628,3848.0903
103114000,3815.2518,14268600,158254100,14061212900,145303337400,3841.1456,3841.1456,3802.0628,3848.0903
103119000,3815.09,10444000,134484200,14071656900,145437821600,3841.1456,3841.1456,3802.0628,3848.0903
103124000,3815.0813,11740100,146438000,14083397000,145584259600,3841.1456,3841.1456,3802.0628,3848.0903
103129000,3815.4546,11596000,136579700,14094993000,145720839300,3841.1456,3841.1456,3802.0628,3848.0903
103134000,3814.5745,9732700,126578500,14104725700,145847417800,3841.1456,3841.1456,3802.0628,3848.0903
103139000,3814.8601,11704500,134807300,14116430200,145982225100,3841.1456,3841.1456,3802.0628,3848.0903
103144000,3814.2213,11234600,154173300,14127664800,146136398400,3841.1456,3841.1456,3802.0628,3848.0903
103149000,3814.2042,17181900,171614600,14144846700,146308013000,3841.1456,3841.1456,3802.0628,3848.0903
103154000,3814.267,11150600,139420100,14155997300,146447433100,3841.1456,3841.1456,3802.0628,3848.0903
103159000,3814.2928,11388400,126573000,14167385700,146574006100,3841.1456,3841.1456,3802.0628,3848.0903
103204000,3813.7223,12834600,167537700,14180220300,146741543800,3841.1456,3841.1456,3802.0628,3848.0903
103209000,3813.9112,10957500,127745200,14191177800,146869289000,3841.1456,3841.1456,3802.0628,3848.0903
103214000,3813.9006,10861900,138582700,14202039700,147007871700,3841.1456,3841.1456,3802.0628,3848.0903
103219000,3813.7581,10969200,129937800,14213008900,147137809500,3841.1456,3841.1456,3802.0628,3848.0903
103224000,3813.4899,11733300,131272500,14224742200,147269082000,3841.1456,3841.1456,3802.0628,3848.0903
103229000,3813.4006,10076000,130676100,14234818200,147399758100,3841.1456,3841.1456,3802.0628,3848.0903
103234000,3813.2724,15725400,173257000,14250543600,147573015100,3841.1456,3841.1456,3802.0628,3848.0903
103239000,3813.1432,13061900,162716800,14263605500,147735731900,3841.1456,3841.1456,3802.0628,3848.0903
103244000,3812.6592,11936200,144568800,14275541700,147880300700,3841.1456,3841.1456,3802.0628,3848.0903
103249000,3812.4617,12205800,136543600,14287747500,148016844300,3841.1456,3841.1456,3802.0628,3848.0903
103254000,3812.4915,12600900,147700800,14300348400,148164545100,3841.1456,3841.1456,3802.0628,3848.0903
103259000,3812.2273,12838900,127734600,14313187300,148292279700,3841.1456,3841.1456,3802.0628,3848.0903
103304000,3811.8153,13633900,165365200,14326821200,148457644900,3841.1456,3841.1456,3802.0628,3848.0903
103309000,3811.4566,13375800,150883800,14340197000,148608528700,3841.1456,3841.1456,3802.0628,3848.0903
103314000,3811.3513,19692000,250390700,14359889000,148858919400,3841.1456,3841.1456,3802.0628,3848.0903
103319000,3810.835,11869800,141293200,14371758800,149000212600,3841.1456,3841.1456,3802.0628,3848.0903
103324000,3810.9918,12328900,147540300,14384087700,149147752900,3841.1456,3841.1456,3802.0628,3848.0903
103329000,3810.2176,13767000,154117100,14397854700,149301870000,3841.1456,3841.1456,3802.0628,3848.0903
103334000,3809.6707,13733400,185744100,14411588100,149487614100,3841.1456,3841.1456,3802.0628,3848.0903
103339000,3809.2155,14775700,158147700,14426363800,149645761800,3841.1456,3841.1456,3802.0628,3848.0903
103344000,3808.1456,21593100,222461800,14447956900,149868223600,3841.1456,3841.1456,3802.0628,3848.0903
103349000,3807.235,25406400,269829100,14473363300,150138052700,3841.1456,3841.1456,3802.0628,3848.0903
103354000,3807.1073,26764300,369870800,14500127600,150507923500,3841.1456,3841.1456,3802.0628,3848.0903
103359000,3806.2466,19334300,216399500,14519461900,150724323000,3841.1456,3841.1456,3802.0628,3848.0903
103404000,3804.6432,32374000,373427000,14551835900,151097750000,3841.1456,3841.1456,3802.0628,3848.0903
103409000,3803.8667,20950400,238706300,14572786300,151336456300,3841.1456,3841.1456,3802.0628,3848.0903
103414000,3803.6468,43719900,332674500,14616506200,151669130800,3841.1456,3841.1456,3802.0628,3848.0903
103419000,3803.06,13933800,173745000,14630440000,151842875800,3841.1456,3841.1456,3802.0628,3848.0903
103424000,3802.8937,23583700,233702500,14654023700,152076578300,3841.1456,3841.1456,3802.0628,3848.0903
103429000,3802.3308,18631100,206774400,14672654800,152283352700,3841.1456,3841.1456,3802.0628,3848.0903
103434000,3801.7866,17650700,222274600,14690305500,152505627300,3841.1456,3841.1456,3801.7866,3848.0903
103439000,3801.2824,18699100,208854000,14709004600,152714481300,3841.1456,3841.1456,3801.1483,3848.0903
103444000,3800.3513,20422500,245948300,14729427100,152960429600,3841.1456,3841.1456,3800.3513,3848.0903
103449000,3800.2787,15626900,171047900,14745054000,153131477500,3841.1456,3841.1456,3800.2787,3848.0903
103454000,3799.5262,21490500,225570700,14766544500,153357048200,3841.1456,3841.1456,3799.5262,3848.0903
103459000,3798.9646,19044200,213871700,14785588700,153570919900,3841.1456,3841.1456,3798.9646,3848.0903
103504000,3798.6941,30634100,306504800,14816222800,153877424700,3841.1456,3841.1456,3798.6941,3848.0903
103509000,3798.4988,25378200,247783800,14841601000,154125208500,3841.1456,3841.1456,3798.4988,3848.0903
103514000,3797.7565,24113200,258614400,14865714200,154383822900,3841.1456,3841.1456,3797.7565,3848.0903
103519000,3797.9262,21588600,211408000,14887302800,154595230900,3841.1456,3841.1456,3797.7565,3848.0903
103524000,3797.5417,27658700,238788900,14914961500,154834019800,3841.1456,3841.1456,3797.2346,3848.0903
103529000,3797.3856,35215600,235453200,14950177100,155069473000,3841.1456,3841.1456,3797.2346,3848.0903
103534000,3797.3749,31744600,268314100,14981921700,155337787100,3841.1456,3841.1456,3797.2346,3848.0903
103539000,3797.0939,23519200,237367200,15005440900,155575154300,3841.1456,3841.1456,3797.0939,3848.0903
103544000,3796.6786,21245000,237279500,15026685900,155812433800,3841.1456,3841.1456,3796.6786,3848.0903
103549000,3797.0462,14953100,172222900,15041639000,155984656700,3841.1456,3841.1456,3796.6786,3848.0903
103554000,3796.7458,18536200,200633300,15060175200,156185290000,3841.1456,3841.1456,3796.6786,3848.0903
103559000,3796.1962,18565900,191476900,15078741100,156376766900,3841.1456,3841.1456,3796.1962,3848.0903
103604000,3796.3203,16294100,188143800,15095035200,156564910700,3841.1456,3841.1456,3796.1962,3848.0903
103609000,3796.0005,19815600,204415100,15114850800,156769325800,3841.1456,3841.1456,3796.0005,3848.0903
103614000,3796.2207,19606100,197138100,15134456900,156966463900,3841.1456,3841.1456,3796.0005,3848.0903
103619000,3796.0149,16465600,163428500,15150922500,157129892400,3841.1456,3841.1456,3796.0005,3848.0903
103624000,3796.9518,17783300,176333600,15168705800,157306226000,3841.1456,3841.1456,3796.0005,3848.0903
103629000,3796.9382,13331100,145193400,15182036900,157451419400,3841.1456,3841.1456,3796.0005,3848.0903
103634000,3796.8584,18391300,196872300,15200428200,157648291700,3841.1456,3841.1456,3796.0005,3848.0903
103639000,3797.1149,20612900,173137600,15221041100,157821429300,3841.1456,3841.1456,3796.0005,3848.0903
103644000,3797.9546,19637500,200248500,15240678600,158021677800,3841.1456,3841.1456,3796.0005,3848.0903
103649000,3798.3675,16248900,167620400,15256927500,158189298200,3841.1456,3841.1456,3796.0005,3848.0903
103654000,3798.887,17879100,182012700,15274806600,158371310900,3841.1456,3841.1456,3796.0005,3848.0903
103659000,3798.8473,12077800,142627300,15286884400,158513938200,3841.1456,3841.1456,3796.0005,3848.0903
103704000,3799.0301,19208400,194032800,15306092800,158707971000,3841.1456,3841.1456,3796.0005,3848.0903
103709000,3799.6954,22148400,182121500,15328241200,158890092500,3841.1456,3841.1456,3796.0005,3848.0903
103714000,3800.0074,20275700,166344500,15348516900,159056437000,3841.1456,3841.1456,3796.0005,3848.0903
103719000,3800.2953,11255000,111650700,15359771900,159168087700,3841.1456,3841.1456,3796.0005,3848.0903
103724000,3801.143,14690600,148305100,15374462500,159316392800,3841.1456,3841.1456,3796.0005,3848.0903
103729000,3801.2747,11487000,120743500,15385949500,159437136300,3841.1456,3841.1456,3796.0005,3848.0903
103734000,3801.9571,16911500,169024700,15402861000,159606161000,3841.1456,3841.1456,3796.0005,3848.0903
103739000,3802.3115,14950100,169433900,15417811100,159775594900,3841.1456,3841.1456,3796.0005,3848.0903
103744000,3802.7228,13430600,163721200,15431241700,159939316100,3841.1456,3841.1456,3796.0005,3848.0903
103749000,3803.284,10449100,127280600,15441690800,160066596700,3841.1456,3841.1456,3796.0005,3848.0903
103754000,3803.2926,12881000,156143400,15454571800,160222740100,3841.1456,3841.1456,3796.0005,3848.0903
103759000,3803.9064,13277100,123095100,15467848900,160345835200,3841.1456,3841.1456,3796.0005,3848.0903
103804000,3804.1884,12001400,146397400,15479850300,160492232600,3841.1456,3841.1456,3796.0005,3848.0903
103809000,3804.3332,12247000,136409400,15492097300,160628642000,3841.1456,3841.1456,3796.0005,3848.0903
103814000,3804.8987,11512800,137570400,15503610100,160766212400,3841.1456,3841.1456,3796.0005,3848.0903
103819000,3805.0294,7648700,94573500,15511258800,160860785900,3841.1456,3841.1456,3796.0005,3848.0903
103824000,3805.1344,11665900,125630700,15522924700,160986416600,3841.1456,3841.1456,3796.0005,3848.0903
103829000,3805.4143,10241700,116123900,15533166400,161102540500,3841.1456,3841.1456,3796.0005,3848.0903
103834000,3805.2546,10143900,125320400,15543310300,161227860900,3841.1456,3841.1456,3796.0005,3848.0903
103839000,3805.5696,12896800,137324200,15556207100,161365185100,3841.1456,3841.1456,3796.0005,3848.0903
103844000,3805.2655,10747300,120700000,15566954400,161485885100,3841.1456,3841.1456,3796.0005,3848.0903
103849000,3805.8736,8760000,97074200,15575714400,161582959300,3841.1456,3841.1456,3796.0005,3848.0903
103854000,3805.6467,9066100,102845300,15584780500,161685804600,3841.1456,3841.1456,3796.0005,3848.0903
103859000,3805.6609,7444300,91340600,15592224800,161777145200,3841.1456,3841.1456,3796.0005,3848.0903
103904000,3805.5551,11087100,142696700,15603311900,161919841900,3841.1456,3841.1456,3796.0005,3848.0903
103909000,3805.0792,12190900,131726600,15615502800,162051568500,3841.1456,3841.1456,3796.0005,3848.0903
103914000,3804.8926,15018300,166330000,15630521100,162217898500,3841.1456,3841.1456,3796.0005,3848.0903
103919000,3804.1764,9650800,121577000,15640171900,162339475500,3841.1456,3841.1456,3796.0005,3848.0903
103924000,3803.8819,11306200,128578800,15651478100,162468054300,3841.1456,3841.1456,3796.0005,3848.0903
103929000,3803.9156,10282900,110147400,15661761000,162578201700,3841.1456,3841.1456,3796.0005,3848.0903
103934000,3803.3795,10372400,135299000,15672133400,162713500700,3841.1456,3841.1456,3796.0005,3848.0903
103939000,3803.3873,10396300,119133500,15682529700,162832634200,3841.1456,3841.1456,3796.0005,3848.0903
103944000,3802.7866,9986800,116096800,15692516500,162948731000,3841.1456,3841.1456,3796.0005,3848.0903
103949000,3802.781,7775700,95291100,15700292200,163044022100,3841.1456,3841.1456,3796.0005,3848.0903
103954000,3802.5872,9326700,130166000,15709618900,163174188100,3841.1456,3841.1456,3796.0005,3848.0903
103959000,3802.077,9928000,119076300,15719546900,163293264400,3841.1456,3841.1456,3796.0005,3848.0903
104004000,3802.1238,11056400,138699300,15730603300,163431963700,3841.1456,3841.1456,3796.0005,3848.0903
104009000,3801.1883,13353200,141914300,15743956500,163573878000,3841.1456,3841.1456,3796.0005,3848.0903
104014000,3800.8817,16859400,166225600,15760815900,163740103600,3841.1456,3841.1456,3796.0005,3848.0903
104019000,3800.5426,9352000,115311100,15770167900,163855414700,3841.1456,3841.1456,3796.0005,3848.0903
104024000,3800.4102,13371200,147030400,15783539100,164002445100,3841.1456,3841.1456,3796.0005,3848.0903
104029000,3800.0324,10788600,121783800,15794327700,164124228900,3841.1456,3841.1456,3796.0005,3848.0903
104034000,3799.8589,13477400,149252800,15807805100,164273481700,3841.1456,3841.1456,3796.0005,3848.0903
104039000,3799.716,11265100,132639000,15819070200,164406120700,3841.1456,3841.1456,3796.0005,3848.0903
104044000,3799.4594,12805500,148086800,15831875700,164554207500,3841.1456,3841.1456,3796.0005,3848.0903
104049000,3799.4203,13403500,150145900,15845279200,164704353400,3841.1456,3841.1456,3796.0005,3848.0903
104054000,3799.2473,10422200,111938100,15855701400,164816291500,3841.1456,3841.1456,3796.0005,3848.0903
104059000,3798.8686,13525400,142096400,15869226800,164958387900,3841.1456,3841.1456,3796.0005,3848.0903
104104000,3799.1205,14134600,149953600,15883361400,165108341500,3841.1456,3841.1456,3796.0005,3848.0903
104109000,3798.8336,10745500,117733300,15894106900,165226074800,3841.1456,3841.1456,3796.0005,3848.0903
104114000,3797.9957,15396200,158888900,15909503100,165384963700,3841.1456,3841.1456,3796.0005,3848.0903
104119000,3798.2934,9914400,116501900,15919417500,165501465600,3841.1456,3841.1456,3796.0005,3848.0903
104124000,3798.1911,12754300,130672400,15932171800,165632138000,3841.1456,3841.1456,3796.0005,3848.0903
104129000,3798.2747,7435800,100103500,15939607600,165732241500,3841.1456,3841.1456,3796.0005,3848.0903
104134000,3797.8371,10635800,116829500,15950243400,165849071000,3841.1456,3841.1456,3796.0005,3848.0903
104139000,3797.9534,10654800,115004000,15960898200,165964075000,3841.1456,3841.1456,3796.0005,3848.0903
104144000,3798.0465,14499500,140831400,15975397700,166104906400,3841.1456,3841.1456,3796.0005,3848.0903
104149000,3797.7399,8773300,103726500,15984171000,166208632900,3841.1456,3841.1456,3796.0005,3848.0903
104154000,3797.6074,8601100,101022300,15992772100,166309655200,3841.1456,3841.1456,3796.0005,3848.0903
104159000,3797.104,12316300,109995400,16005088400,166419650600,3841.1456,3841.1456,3796.0005,3848.0903
104204000,3796.7904,11888400,143837400,16016976800,166563488000,3841.1456,3841.1456,3796.0005,3848.0903
104209000,3796.4246,11344100,124207500,16028320900,166687695500,3841.1456,3841.1456,3796.0005,3848.0903
104214000,3796.5828,13142000,147726000,16041462900,166835421500,3841.1456,3841.1456,3796.0005,3848.0903
104219000,3796.1501,10506900,126422600,16051969800,166961844100,3841.1456,3841.1456,3796.0005,3848.0903
104224000,3796.045,15686300,158283300,16067656100,167120127400,3841.1456,3841.1456,3796.0005,3848.0903
104229000,3796.2829,10183200,123085700,16077839300,167243213100,3841.1456,3841.1456,3795.8173,3848.0903
104234000,3796.0793,11432100,156735300,16089271400,167399948400,3841.1456,3841.1456,3795.8173,3848.0903
104239000,3795.4664,10715800,122051700,16099987200,167522000100,3841.1456,3841.1456,3795.4664,3848.0903
104244000,3795.3264,12633300,145696000,16112620500,167667696100,3841.1456,3841.1456,3795.3264,3848.0903
104249000,3795.2348,11769200,140620000,16124389700,167808316100,3841.1456,3841.1456,3794.907,3848.0903
104254000,3794.5401,13000800,137472200,16137390500,167945788300,3841.1456,3841.1456,3794.5401,3848.0903
104259000,3794.4559,13106400,157484600,16150496900,168103272900,3841.1456,3841.1456,3794.2881,3848.0903
104304000,3793.9763,13433900,158299000,16163930800,168261571900,3841.1456,3841.1456,3793.9763,3848.0903
104309000,3793.0595,15185900,170195200,16179116700,168431767100,3841.1456,3841.1456,3793.0595,3848.0903
104314000,3793.0555,17179300,190950900,16196296000,168622718000,3841.1456,3841.1456,3792.7257,3848.0903
104319000,3791.7966,16725600,190284400,16213021600,168813002400,3841.1456,3841.1456,3791.7966,3848.0903
104324000,3791.6789,14671500,178550000,16227693100,168991552400,3841.1456,3841.1456,3791.6789,3848.0903
104329000,3791.765,12701000,123738500,16240394100,169115290900,3841.1456,3841.1456,3791.6789,3848.0903
104334000,3791.2162,15599600,195884600,16255993700,169311175500,3841.1456,3841.1456,3791.1689,3848.0903
104339000,3790.8871,13880100,160998700,16269873800,169472174200,3841.1456,3841.1456,3790.8871,3848.0903
104344000,3790.2862,16801200,217159900,16286675000,169689334100,3841.1456,3841.1456,3790.2862,3848.0903
104349000,3789.6469,15437700,168838900,16302112700,169858173000,3841.1456,3841.1456,3789.6469,3848.0903
104354000,3789.2156,19930100,196443000,16322042800,170054616000,3841.1456,3841.1456,3789.0632,3848.0903
104359000,3788.7187,20437200,194871800,16342480000,170249487800,3841.1456,3841.1456,3788.7187,3848.0903
104404000,3788.0343,23185400,259655100,16365665400,170509142900,3841.1456,3841.1456,3788.0343,3848.0903
104409000,3787.4545,19900800,201501300,16385566200,170710644200,3841.1456,3841.1456,3787.4343,3848.0903
104414000,3787.0512,21424900,235339700,16406991100,170945983900,3841.1456,3841.1456,3787.0512,3848.0903
104419000,3786.5201,13807100,163464200,16420798200,171109448100,3841.1456,3841.1456,3786.4292,3848.0903
104424000,3786.417,16123800,215005400,16436922000,171324453500,3841.1456,3841.1456,3786.3474,3848.0903
104429000,3786.2571,15570400,187618200,16452492400,171512071700,3841.1456,3841.1456,3786.0539,3848.0903
104434000,3785.9238,18494100,225053200,16470986500,171737124900,3841.1456,3841.1456,3785.9238,3848.0903
104439000,3785.5058,16102300,183219700,16487088800,171920344600,3841.1456,3841.1456,3785.5058,3848.0903
104444000,3785.8766,17722400,217533000,16504811200,172137877600,3841.1456,3841.1456,3785.5058,3848.0903
104449000,3785.5913,12067200,159290000,16516878400,172297167600,3841.1456,3841.1456,3785.4223,3848.0903
104454000,3785.4144,14565100,163284400,16531443500,172460452000,3841.1456,3841.1456,3785.3557,3848.0903
104459000,3784.917,17175400,196721700,16548618900,172657173700,3841.1456,3841.1456,3784.917,3848.0903
104504000,3784.7358,15257500,182941000,16563876400,172840114700,3841.1456,3841.1456,3784.7358,3848.0903
104509000,3784.7014,19013900,194373100,16582890300,173034487800,3841.1456,3841.1456,3784.7014,3848.0903
104514000,3783.9878,20316300,206261400,16603206600,173240749200,3841.1456,3841.1456,3783.9878,3848.0903
104519000,3783.8284,14935300,151023000,16618141900,173391772200,3841.1456,3841.1456,3783.8218,3848.0903
104524000,3783.5313,12773900,147557300,16630915800,173539329500,3841.1456,3841.1456,3783.5313,3848.0903
104529000,3783.5269,15328800,163341000,16646244600,173702670500,3841.1456,3841.1456,3783.5269,3848.0903
104534000,3783.6394,14732500,171657700,16660977100,173874328200,3841.1456,3841.1456,3783.4075,3848.0903
104539000,3784.0288,11668300,143427900,16672645400,174017756100,3841.1456,3841.1456,3783.4075,3848.0903
104544000,3783.6427,18716400,207617100,16691361800,174225373200,3841.1456,3841.1456,3783.4075,3848.0903
104549000,3783.587,12840200,137816600,16704202000,174363189800,3841.1456,3841.1456,3783.4075,3848.0903
104554000,3783.3146,22208900,181876600,16726410900,174545066400,3841.1456,3841.1456,3783.3146,3848.0903
104559000,3783.022,19894800,184942500,16746305700,174730008900,3841.1456,3841.1456,3783.022,3848.0903
104604000,3783.2001,20128500,202644200,16766434200,174932653100,3841.1456,3841.1456,3782.9919,3848.0903
104609000,3783.4653,23237500,199210800,16789671700,175131863900,3841.1456,3841.1456,3782.9919,3848.0903
104614000,3784.2767,20118600,221423200,16809790300,175353287100,3841.1456,3841.1456,3782.9919,3848.0903
104619000,3784.3233,16400500,177150700,16826190800,175530437800,3841.1456,3841.1456,3782.9919,3848.0903
104624000,3785.8906,20501300,219746000,16846692100,175750183800,3841.1456,3841.1456,3782.9919,3848.0903
104629000,3787.3008,20164000,231972000,16866856100,175982155800,3841.1456,3841.1456,3782.9919,3848.0903
104634000,3788.3403,21204700,242990500,16888060800,176225146300,3841.1456,3841.1456,3782.9919,3848.0903
104639000,3789.2044,17025100,189782300,16905085900,176414928600,3841.1456,3841.1456,3782.9919,3848.0903
104644000,3789.7486,19876200,221104600,16924962100,176636033200,3841.1456,3841.1456,3782.9919,3848.0903
104649000,3790.3585,15985400,167022700,16940947500,176803055900,3841.1456,3841.1456,3782.9919,3848.0903
104654000,3790.9648,14747500,162193100,16955695000,176965249000,3841.1456,3841.1456,3782.9919,3848.0903
104659000,3791.4091,12433500,136651500,16968128500,177101900500,3841.1456,3841.1456,3782.9919,3848.0903
104704000,3792.2654,16477600,165687500,16984606100,177267588000,3841.1456,3841.1456,3782.9919,3848.0903
104709000,3792.9082,14296700,139427200,16998902800,177407015200,3841.1456,3841.1456,3782.9919,3848.0903
104714000,3793.2566,16148500,163276000,17015051300,177570291200,3841.1456,3841.1456,3782.9919,3848.0903
104719000,3793.088,10841000,108578200,17025892300,177678869400,3841.1456,3841.1456,3782.9919,3848.0903
104724000,3793.2279,10567500,118479700,17036459800,177797349100,3841.1456,3841.1456,3782.9919,3848.0903
104729000,3793.2704,9923000,103446500,17046382800,177900795600,3841.1456,3841.1456,3782.9919,3848.0903
104734000,3793.6189,13428500,148240000,17059811300,178049035600,3841.1456,3841.1456,3782.9919,3848.0903
104739000,3793.9436,11079100,120933900,17070890400,178169969500,3841.1456,3841.1456,3782.9919,3848.0903
104744000,3794.1193,9718800,114383500,17080609200,178284353000,3841.1456,3841.1456,3782.9919,3848.0903
104749000,3794.1084,16978900,120964800,17097588100,178405317800,3841.1456,3841.1456,3782.9919,3848.0903
104754000,3794.7354,9344100,116635600,17106932200,178521953400,3841.1456,3841.1456,3782.9919,3848.0903
104759000,3794.7436,10620000,110822000,17117552200,178632775400,3841.1456,3841.1456,3782.9919,3848.0903
104804000,3795.5783,10302900,119186800,17127855100,178751962200,3841.1456,3841.1456,3782.9919,3848.0903
104809000,3795.8123,10732400,108004500,17138587500,178859966700,3841.1456,3841.1456,3782.9919,3848.0903
104814000,3796.144,10532600,124844700,17149120100,178984811400,3841.1456,3841.1456,3782.9919,3848.0903
104819000,3796.326,7849100,92107400,17156969200,179076918800,3841.1456,3841.1456,3782.9919,3848.0903
104824000,3796.676,11031700,125819000,17168000900,179202737800,3841.1456,3841.1456,3782.9919,3848.0903
104829000,3796.4337,8339300,95021000,17176340200,179297758800,3841.1456,3841.1456,3782.9919,3848.0903
104834000,3796.5037,14588500,126587800,17190928700,179424346600,3841.1456,3841.1456,3782.9919,3848.0903
104839000,3796.6795,12077100,108080600,17203005800,179532427200,3841.1456,3841.1456,3782.9919,3848.0903
104844000,3797.1214,14396700,129799500,17217402500,179662226700,3841.1456,3841.1456,3782.9919,3848.0903
104849000,3797.0351,10849800,83923600,17228252300,179746150300,3841.1456,3841.1456,3782.9919,3848.0903
104854000,3797.4933,8715700,90741800,17236968000,179836892100,3841.1456,3841.1456,3782.9919,3848.0903
104859000,3797.0649,7550400,88059800,17244518400,179924951900,3841.1456,3841.1456,3782.9919,3848.0903
104904000,3797.538,15039900,195203100,17259558300,180120155000,3841.1456,3841.1456,3782.9919,3848.0903
104909000,3797.4151,8432700,89205500,17267991000,180209360500,3841.1456,3841.1456,3782.9919,3848.0903
104914000,3798.1805,10130500,127387000,17278121500,180336747500,3841.1456,3841.1456,3782.9919,3848.0903
104919000,3798.0107,5906900,74669400,17284028400,180411416900,3841.1456,3841.1456,3782.9919,3848.0903
104924000,3798.44,6717500,76566200,17290745900,180487983100,3841.1456,3841.1456,3782.9919,3848.0903
104929000,3798.2152,7871500,91974500,17298617400,180579957600,3841.1456,3841.1456,3782.9919,3848.0903
104934000,3798.1823,8029600,100949300,17306647000,180680906900,3841.1456,3841.1456,3782.9919,3848.0903
104939000,3798.5045,6773800,74757500,17313420800,180755664400,3841.1456,3841.1456,3782.9919,3848.0903
104944000,3798.4328,9757900,106922500,17323178700,180862586900,3841.1456,3841.1456,3782.9919,3848.0903
104949000,3798.5916,6346500,82870400,17329525200,180945457300,3841.1456,3841.1456,3782.9919,3848.0903
104954000,3798.3577,6693200,79250700,17336218400,181024708000,3841.1456,3841.1456,3782.9919,3848.0903
104959000,3798.2919,6906400,77580000,17343124800,181102288000,3841.1456,3841.1456,3782.9919,3848.0903
105004000,3798.657,7876700,99368700,17351001500,181201656700,3841.1456,3841.1456,3782.9919,3848.0903
105009000,3798.2799,8291900,88511600,17359293400,181290168300,3841.1456,3841.1456,3782.9919,3848.0903
105014000,3797.7859,7950600,101555700,17367244000,181391724000,3841.1456,3841.1456,3782.9919,3848.0903
105019000,3797.8976,7212100,89871200,17374456100,181481595200,3841.1456,3841.1456,3782.9919,3848.0903
105024000,3797.4431,6631500,76954300,17381087600,181558549500,3841.1456,3841.1456,3782.9919,3848.0903
105029000,3797.2613,6703600,76948000,17387791200,181635497500,3841.1456,3841.1456,3782.9919,3848.0903
105034000,3797.2455,7382400,98050900,17395173600,181733548400,3841.1456,3841.1456,3782.9919,3848.0903
105039000,3797.2071,7358900,77205800,17402532500,181810754200,3841.1456,3841.1456,3782.9919,3848.0903
105044000,3796.6907,7319500,78141200,17409852000,181888895400,3841.1456,3841.1456,3782.9919,3848.0903
105049000,3796.7502,6220500,68411500,17416072500,181957306900,3841.1456,3841.1456,3782.9919,3848.0903
105054000,3796.6471,7149200,86672600,17423221700,182043979500,3841.1456,3841.1456,3782.9919,3848.0903
105059000,3796.4315,5830000,76804800,17429051700,182120784300,3841.1456,3841.1456,3782.9919,3848.0903
105104000,3796.3542,6671500,87039900,17435723200,182207824200,3841.1456,3841.1456,3782.9919,3848.0903
105109000,3796.1981,6711400,73470100,17442434600,182281294300,3841.1456,3841.1456,3782.9919,3848.0903
105114000,3796.0753,9114800,100465700,17451549400,182381760000,3841.1456,3841.1456,3782.9919,3848.0903
105119000,3796.3706,5499600,66943700,17457049000,182448703700,3841.1456,3841.1456,3782.9919,3848.0903
105124000,3796.4426,6940000,77178300,17463989000,182525882000,3841.1456,3841.1456,3782.9919,3848.0903
105129000,3795.9579,6691200,72401000,17470680200,182598283000,3841.1456,3841.1456,3782.9919,3848.0903
105134000,3795.4519,8463400,87478900,17479143600,182685761900,3841.1456,3841.1456,3782.9919,3848.0903
105139000,3795.6643,6576200,67388600,17485719800,182753150500,3841.1456,3841.1456,3782.9919,3848.0903
105144000,3795.5158,9496400,100280200,17495216200,182853430700,3841.1456,3841.1456,3782.9919,3848.0903
105149000,3795.3947,5794700,60601000,17501010900,182914031700,3841.1456,3841.1456,3782.9919,3848.0903
105154000,3795.1507,6605100,68054700,17507616000,182982086400,3841.1456,3841.1456,3782.9919,3848.0903
105159000,3794.7575,7703900,84973800,17515319900,183067060200,3841.1456,3841.1456,3782.9919,3848.0903
105204000,3794.9751,7885500,92762900,17523205400,183159823100,3841.1456,3841.1456,3782.9919,3848.0903
105209000,3794.5799,7615500,73802700,17530820900,183233625800,3841.1456,3841.1456,3782.9919,3848.0903
105214000,3794.7144,9027100,96132400,17539848000,183329758200,3841.1456,3841.1456,3782.9919,3848.0903
105219000,3794.9581,5690300,69493900,17545538300,183399252100,3841.1456,3841.1456,3782.9919,3848.0903
105224000,3795.0364,6662500,72464700,17552200800,183471716800,3841.1456,3841.1456,3782.9919,3848.0903
105229000,3794.9307,5497000,74453300,17557697800,183546170100,3841.1456,3841.1456,3782.9919,3848.0903
105234000,3794.7153,7266400,85918200,17564964200,183632088300,3841.1456,3841.1456,3782.9919,3848.0903
105239000,3794.4181,7411900,82594300,17572376100,183714682600,3841.1456,3841.1456,3782.9919,3848.0903
105244000,3794.6659,7075600,84171500,17579451700,183798854100,3841.1456,3841.1456,3782.9919,3848.0903
105249000,3794.4604,5040600,57339700,17584492300,183856193800,3841.1456,3841.1456,3782.9919,3848.0903
105254000,3794.5297,6113800,68904000,17590606100,183925097800,3841.1456,3841.1456,3782.9919,3848.0903
105259000,3794.6551,5701700,72516800,17596307800,183997614600,3841.1456,3841.1456,3782.9919,3848.0903
105304000,3794.6512,5501100,71972100,17601808900,184069586700,3841.1456,3841.1456,3782.9919,3848.0903
105309000,3794.8726,5820200,62312300,17607629100,184131899000,3841.1456,3841.1456,3782.9919,3848.0903
105314000,3794.5098,7237900,79725500,17614867000,184211624500,3841.1456,3841.1456,3782.9919,3848.0903
105319000,3794.9,4044400,46509400,17618911400,184258133900,3841.1456,3841.1456,3782.9919,3848.0903
105324000,3794.9392,5426700,59315800,17624338100,184317449700,3841.1456,3841.1456,3782.9919,3848.0903
105329000,3794.9229,6028500,63061700,17630366600,184380511400,3841.1456,3841.1456,3782.9919,3848.0903
105334000,3794.7639,5610800,67359100,17635977400,184447870500,3841.1456,3841.1456,3782.9919,3848.0903
105339000,3794.8573,4936300,57900500,17640913700,184505771000,3841.1456,3841.1456,3782.9919,3848.0903
105344000,3794.8274,6554400,75202300,17647468100,184580973300,3841.1456,3841.1456,3782.9919,3848.0903
105349000,3794.4116,5188900,50195500,17652657000,184631168800,3841.1456,3841.1456,3782.9919,3848.0903
105354000,3795.1495,5785300,56938900,17658442300,184688107700,3841.1456,3841.1456,3782.9919,3848.0903
105359000,3794.9353,6609600,66141200,17665051900,184754248900,3841.1456,3841.1456,3782.9919,3848.0903
105404000,3794.9744,7974700,79160700,17673026600,184833409600,3841.1456,3841.1456,3782.9919,3848.0903
105409000,3795.5033,6231000,71791300,17679257600,184905200900,3841.1456,3841.1456,3782.9919,3848.0903
105414000,3795.4671,7058900,75950100,17686316500,184981151000,3841.1456,3841.1456,3782.9919,3848.0903
105419000,3795.41,4938300,60208500,17691254800,185041359500,3841.1456,3841.1456,3782.9919,3848.0903
105424000,3795.695,6271400,62826900,17697526200,185104186400,3841.1456,3841.1456,3782.9919,3848.0903
105429000,3796.1072,7707600,68985400,17705233800,185173171800,3841.1456,3841.1456,3782.9919,3848.0903
105434000,3796.0912,5966300,79224500,17711200100,185252396300,3841.1456,3841.1456,3782.9919,3848.0903
105439000,3795.8801,6245000,70652600,17717445100,185323048900,3841.1456,3841.1456,3782.9919,3848.0903
105444000,3796.2419,7775600,87451800,17725220700,185410500700,3841.1456,3841.1456,3782.9919,3848.0903
105449000,3796.6356,3737100,50599700,17728957800,185461100400,3841.1456,3841.1456,3782.9919,3848.0903
105454000,3796.7247,5108700,56405800,17734066500,185517506200,3841.1456,3841.1456,3782.9919,3848.0903
105459000,3796.5949,6695900,66945200,17740762400,185584451400,3841.1456,3841.1456,3782.9919,3848.0903
105504000,3797.1221,7738600,93931500,17748501000,185678382900,3841.1456,3841.1456,3782.9919,3848.0903
105509000,3797.007,4739400,61636100,17753240400,185740019000,3841.1456,3841.1456,3782.9919,3848.0903
105514000,3797.3181,7513100,76898400,17760753500,185816917400,3841.1456,3841.1456,3782.9919,3848.0903
105519000,3797.3666,5387600,59953900,17766141100,185876871300,3841.1456,3841.1456,3782.9919,3848.0903
105524000,3797.5251,4556600,56466300,17770697700,185933337600,3841.1456,3841.1456,3782.9919,3848.0903
105529000,3798.3448,5880000,64788400,17776577700,185998126000,3841.1456,3841.1456,3782.9919,3848.0903
105534000,3797.8766,6538800,71263300,17783116500,186069389300,3841.1456,3841.1456,3782.9919,3848.0903
105539000,3797.8661,5699400,64267500,17788815900,186133656800,3841.1456,3841.1456,3782.9919,3848.0903
105544000,3798.0648,7150000,81360300,17795965900,186215017100,3841.1456,3841.1456,3782.9919,3848.0903
105549000,3798.1476,7129200,67773900,17803095100,186282791000,3841.1456,3841.1456,3782.9919,3848.0903
105554000,3798.2667,6551600,66322200,17809646700,186349113200,3841.1456,3841.1456,3782.9919,3848.0903
105559000,3798.4933,5753500,69362100,17815400200,186418475300,3841.1456,3841.1456,3782.9919,3848.0903
105604000,3799.7498,8158300,89779900,17823558500,186508255200,3841.1456,3841.1456,3782.9919,3848.0903
105609000,3799.2445,5772800,70038200,17829331300,186578293400,3841.1456,3841.1456,3782.9919,3848.0903
105614000,3799.4584,6740500,78278000,17836071800,186656571400,3841.1456,3841.1456,3782.9919,3848.0903
105619000,3800.4908,8573800,80426100,17844645600,186736997500,3841.1456,3841.1456,3782.9919,3848.0903
105624000,3800.6681,5650500,68230500,17850296100,186805228000,3841.1456,3841.1456,3782.9919,3848.0903
105629000,3800.4961,8107200,73690100,17858403300,186878918100,3841.1456,3841.1456,3782.9919,3848.0903
105634000,3800.4809,7078600,77793400,17865481900,186956711500,3841.1456,3841.1456,3782.9919,3848.0903
105639000,3800.8937,6143200,70829400,17871625100,187027540900,3841.1456,3841.1456,3782.9919,3848.0903
105644000,3801.769,7427900,94780700,17879053000,187122321600,3841.1456,3841.1456,3782.9919,3848.0903
105649000,3801.6294,5362700,68027700,17884415700,187190349300,3841.1456,3841.1456,3782.9919,3848.0903
105654000,3801.7015,6214800,67286500,17890630500,187257635800,3841.1456,3841.1456,3782.9919,3848.0903
105659000,3802.317,5830900,69938200,17896461400,187327574000,3841.1456,3841.1456,3782.9919,3848.0903
105704000,3802.7787,7667000,85452100,17904128400,187413026100,3841.1456,3841.1456,3782.9919,3848.0903
105709000,3803.2966,7952800,81065600,17912081200,187494091700,3841.1456,3841.1456,3782.9919,3848.0903
105714000,3803.4999,7503500,86125700,17919584700,187580217400,3841.1456,3841.1456,3782.9919,3848.0903
105719000,3803.5939,6630200,69982700,17926214900,187650200100,3841.1456,3841.1456,3782.9919,3848.0903
105724000,3804.028,5388800,67422800,17931603700,187717622900,3841.1456,3841.1456,3782.9919,3848.0903
105729000,3803.992,6981700,66679300,17938585400,187784302200,3841.1456,3841.1456,3782.9919,3848.0903
105734000,3804.3141,8960500,107214500,17947545900,187891516700,3841.1456,3841.1456,3782.9919,3848.0903
105739000,3804.9912,5612000,65849700,17953157900,187957366400,3841.1456,3841.1456,3782.9919,3848.0903
105744000,3805.3905,8420500,87827000,17961578400,188045193400,3841.1456,3841.1456,3782.9919,3848.0903
105749000,3805.8113,5634600,75011400,17967213000,188120204800,3841.1456,3841.1456,3782.9919,3848.0903
105754000,3806.8819,6300500,71237100,17973513500,188191441900,3841.1456,3841.1456,3782.9919,3848.0903
105759000,3806.1991,6289400,75633400,17979802900,188267075300,3841.1456,3841.1456,3782.9919,3848.0903
105804000,3806.671,6909700,86325500,17986712600,188353400800,3841.1456,3841.1456,3782.9919,3848.0903
105809000,3806.7051,6274800,77267100,17992987400,188430667900,3841.1456,3841.1456,3782.9919,3848.0903
105814000,3806.8622,7337600,82982700,18000325000,188513650600,3841.1456,3841.1456,3782.9919,3848.0903
105819000,3806.9398,5327600,70721500,18005652600,188584372100,3841.1456,3841.1456,3782.9919,3848.0903
105824000,3807.2697,6660700,69671300,18012313300,188654043400,3841.1456,3841.1456,3782.9919,3848.0903
105829000,3807.4952,7079300,85113000,18019392600,188739156400,3841.1456,3841.1456,3782.9919,3848.0903
105834000,3807.545,6748900,81612400,18026141500,188820768800,3841.1456,3841.1456,3782.9919,3848.0903
105839000,3807.7738,4908300,54650600,18031049800,188875419400,3841.1456,3841.1456,3782.9919,3848.0903
105844000,3808.0978,7649900,87050600,18038699700,188962470000,3841.1456,3841.1456,3782.9919,3848.0903
105849000,3807.7114,6412500,81272200,18045112200,189043742200,3841.1456,3841.1456,3782.9919,3848.0903
105854000,3808.1075,6679500,74724300,18051791700,189118466500,3841.1456,3841.1456,3782.9919,3848.0903
105859000,3808.4695,6311200,75099100,18058102900,189193565600,3841.1456,3841.1456,3782.9919,3848.0903
105904000,3808.4426,6961400,85056600,18065064300,189278622200,3841.1456,3841.1456,3782.9919,3848.0903
105909000,3808.6537,6088600,64121400,18071152900,189342743600,3841.1456,3841.1456,3782.9919,3848.0903
105914000,3808.4808,7801300,83874300,18078954200,189426617900,3841.1456,3841.1456,3782.9919,3848.0903
105919000,3808.6933,6170100,67879700,18085124300,189494497600,3841.1456,3841.1456,3782.9919,3848.0903
105924000,3808.4129,5028300,64384000,18090152600,189558881600,3841.1456,3841.1456,3782.9919,3848.0903
105929000,3808.8349,6259600,77694600,18096412200,189636576200,3841.1456,3841.1456,3782.9919,3848.0903
105934000,3808.2306,5847500,81832500,18102259700,189718408700,3841.1456,3841.1456,3782.9919,3848.0903
105939000,3808.2556,5573200,68227900,18107832900,189786636600,3841.1456,3841.1456,3782.9919,3848.0903
105944000,3807.9819,8785200,104701400,18116618100,189891338000,3841.1456,3841.1456,3782.9919,3848.0903
105949000,3807.2484,4324500,59684500,18120942600,189951022500,3841.1456,3841.1456,3782.9919,3848.0903
105954000,3806.9527,5949300,73226800,18126891900,190024249300,3841.1456,3841.1456,3782.9919,3848.0903
105959000,3805.7164,9657700,107394100,18136549600,190131643400,3841.1456,3841.1456,3782.9919,3848.0903
110004000,3805.8646,6928300,86819000,18143477900,190218462400,3841.1456,3841.1456,3782.9919,3848.0903
110009000,3805.9965,5209000,56496500,18148686900,190274958900,3841.1456,3841.1456,3782.9919,3848.0903
110014000,3806.0988,6579800,82225100,18155266700,190357184000,3841.1456,3841.1456,3782.9919,3848.0903
110019000,3805.5845,7737700,83911700,18163004400,190441095700,3841.1456,3841.1456,3782.9919,3848.0903
110024000,3805.4519,6598700,64446200,18169603100,190505541900,3841.1456,3841.1456,3782.9919,3848.0903
110029000,3805.3397,5026500,50586500,18174629600,190556128400,3841.1456,3841.1456,3782.9919,3848.0903
110034000,3805.1711,7917900,79971700,18182547500,190636100100,3841.1456,3841.1456,3782.9919,3848.0903
110039000,3804.6296,6598800,64466800,18189146300,190700566900,3841.1456,3841.1456,3782.9919,3848.0903
110044000,3804.9461,6854000,77506300,18196000300,190778073200,3841.1456,3841.1456,3782.9919,3848.0903
110049000,3804.7077,5944700,57665700,18201945000,190835738900,3841.1456,3841.1456,3782.9919,3848.0903
110054000,3804.4786,5006200,57508800,18206951200,190893247700,3841.1456,3841.1456,3782.9919,3848.0903
110059000,3803.8858,5777600,73061100,18212728800,190966308800,3841.1456,3841.1456,3782.9919,3848.0903
110104000,3802.6833,6986100,81692000,18219714900,191048000800,3841.1456,3841.1456,3782.9919,3848.0903
110109000,3802.7734,11990500,86990100,18231705400,191134990900,3841.1456,3841.1456,3782.9919,3848.0903
110114000,3802.7599,11850500,88781600,18243555900,191223772500,3841.1456,3841.1456,3782.9919,3848.0903
110119000,3803.0156,4991300,55650800,18248547200,191279423300,3841.1456,3841.1456,3782.9919,3848.0903
110124000,3802.5725,8481600,56931100,18257028800,191336354400,3841.1456,3841.1456,3782.9919,3848.0903
110129000,3802.5177,7494100,66878900,18264522900,191403233300,3841.1456,3841.1456,3782.9919,3848.0903
110134000,3802.7581,6690700,69971500,18271213600,191473204800,3841.1456,3841.1456,3782.9919,3848.0903
110139000,3802.3859,8579600,63642100,18279793200,191536846900,3841.1456,3841.1456,3782.9919,3848.0903
110144000,3802.0867,7654000,72634300,18287447200,191609481200,3841.1456,3841.1456,3782.9919,3848.0903
110149000,3802.6942,6732900,59869200,18294180100,191669350400,3841.1456,3841.1456,3782.9919,3848.0903
110154000,3802.1294,7459200,57062500,18301639300,191726412900,3841.1456,3841.1456,3782.9919,3848.0903
110159000,3802.2646,8049000,77208300,18309688300,191803621200,3841.1456,3841.1456,3782.9919,3848.0903
110204000,3801.9177,7536700,70378300,18317225000,191873999500,3841.1456,3841.1456,3782.9919,3848.0903
110209000,3801.6731,8086000,58338300,18325311000,191932337800,3841.1456,3841.1456,3782.9919,3848.0903
110214000,3801.5402,6223600,57421400,18331534600,191989759200,3841.1456,3841.1456,3782.9919,3848.0903
110219000,3801.2859,4395600,57499000,18335930200,192047258200,3841.1456,3841.1456,3782.9919,3848.0903
110224000,3801.0778,5944300,60808500,18341874500,192108066700,3841.1456,3841.1456,3782.9919,3848.0903
110229000,3801.4631,5556300,46999800,18347430800,192155066500,3841.1456,3841.1456,3782.9919,3848.0903
110234000,3801.2691,5821200,56601700,18353252000,192211668200,3841.1456,3841.1456,3782.9919,3848.0903
110239000,3801.1418,4839600,47957100,18358091600,192259625300,3841.1456,3841.1456,3782.9919,3848.0903
110244000,3801.1956,7729400,68193500,18365821000,192327818800,3841.1456,3841.1456,3782.9919,3848.0903
110249000,3800.7448,6751900,62291100,18372572900,192390109900,3841.1456,3841.1456,3782.9919,3848.0903
110254000,3800.6935,6614800,68725400,18379187700,192458835300,3841.1456,3841.1456,3782.9919,3848.0903
110259000,3800.3479,4592800,53010600,18383780500,192511845900,3841.1456,3841.1456,3782.9919,3848.0903
110304000,3800.1498,5659200,60673100,18389439700,192572519000,3841.1456,3841.1456,3782.9919,3848.0903
110309000,3799.8764,5623400,58125400,18395063100,192630644400,3841.1456,3841.1456,3782.9919,3848.0903
110314000,3799.7048,7128900,63398600,18402192000,192694043000,3841.1456,3841.1456,3782.9919,3848.0903
110319000,3799.8386,4039400,48038000,18406231400,192742081000,3841.1456,3841.1456,3782.9919,3848.0903
110324000,3799.5779,4736700,48916300,18410968100,192790997300,3841.1456,3841.1456,3782.9919,3848.0903
110329000,3799.4924,4922300,56092500,18415890400,192847089800,3841.1456,3841.1456,3782.9919,3848.0903
110334000,3799.2581,5819400,67367800,18421709800,192914457600,3841.1456,3841.1456,3782.9919,3848.0903
110339000,3799.2319,4396000,50493300,18426105800,192964950900,3841.1456,3841.1456,3782.9919,3848.0903
110344000,3799.3826,7038000,67061400,18433143800,193032012300,3841.1456,3841.1456,3782.9919,3848.0903
110349000,3799.1795,4467500,45028800,18437611300,193077041100,3841.1456,3841.1456,3782.9919,3848.0903
110354000,3799.2729,4786900,50448100,18442398200,193127489200,3841.1456,3841.1456,3782.9919,3848.0903
110359000,3798.778,5639100,59375400,18448037300,193186864600,3841.1456,3841.1456,3782.9919,3848.0903
110404000,3798.5425,5069500,60422900,18453106800,193247287500,3841.1456,3841.1456,3782.9919,3848.0903
110409000,3798.3984,4678200,50201300,18457785000,193297488800,3841.1456,3841.1456,3782.9919,3848.0903
110414000,3798.06,6625600,68404800,18464410600,193365893600,3841.1456,3841.1456,3782.9919,3848.0903
110419000,3798.3358,4025700,50364200,18468436300,193416257800,3841.1456,3841.1456,3782.9919,3848.0903
110424000,3798.2238,4072400,50172100,18472508700,193466429900,3841.1456,3841.1456,3782.9919,3848.0903
110429000,3797.6596,5604500,62066600,18478113200,193528496500,3841.1456,3841.1456,3782.9919,3848.0903
110434000,3797.9596,6231400,63920700,18484344600,193592417200,3841.1456,3841.1456,3782.9919,3848.0903
110439000,3798.013,4075900,66825400,18488420500,193659242600,3841.1456,3841.1456,3782.9919,3848.0903
110444000,3798.0506,7287700,60908500,18495708200,193720151100,3841.1456,3841.1456,3782.9919,3848.0903
110449000,3797.7407,3789900,46827900,18499498100,193766979000,3841.1456,3841.1456,3782.9919,3848.0903
110454000,3797.8844,6470000,57552200,18505968100,193824531200,3841.1456,3841.1456,3782.9919,3848.0903
110459000,3797.4705,4199600,57393500,18510167700,193881924700,3841.1456,3841.1456,3782.9919,3848.0903
110504000,3797.348,5904000,69441600,18516071700,193951366300,3841.1456,3841.1456,3782.9919,3848.0903
110509000,3797.1882,7458300,56428500,18523530000,194007794800,3841.1456,3841.1456,3782.9919,3848.0903
110514000,3796.9492,5972800,71479700,18529502800,194079274500,3841.1456,3841.1456,3782.9919,3848.0903
110519000,3796.8863,6579500,57872200,18536082300,194137146700,3841.1456,3841.1456,3782.9919,3848.0903
110524000,3796.5987,7034300,67082400,18543116600,194204229100,3841.1456,3841.1456,3782.9919,3848.0903
110529000,3796.002,5375500,73242300,18548492100,194277471400,3841.1456,3841.1456,3782.9919,3848.0903
110534000,3795.3043,9812400,102486500,18558304500,194379957900,3841.1456,3841.1456,3782.9919,3848.0903
110539000,3794.9764,7136500,91550900,18565441000,194471508800,3841.1456,3841.1456,3782.9919,3848.0903
110544000,3794.6324,10655500,121368700,18576096500,194592877500,3841.1456,3841.1456,3782.9919,3848.0903
110549000,3794.8581,5080400,70851400,18581176900,194663728900,3841.1456,3841.1456,3782.9919,3848.0903
110554000,3794.2931,7581300,77629800,18588758200,194741358700,3841.1456,3841.1456,3782.9919,3848.0903
110559000,3794.0254,7850900,77714500,18596609100,194819073200,3841.1456,3841.1456,3782.9919,3848.0903
110604000,3793.5318,7471900,81004100,18604081000,194900077300,3841.1456,3841.1456,3782.9919,3848.0903
110609000,3792.4917,7705100,73056600,18611786100,194973133900,3841.1456,3841.1456,3782.9919,3848.0903
110614000,3792.1172,9317900,107778700,18621104000,195080912600,3841.1456,3841.1456,3782.9919,3848.0903
110619000,3792.3389,5395600,64285800,18626499600,195145198400,3841.1456,3841.1456,3782.9919,3848.0903
110624000,3791.9794,6971500,76209800,18633471100,195221408200,3841.1456,3841.1456,3782.9919,3848.0903
110629000,3792.0233,5228800,60952600,18638699900,195282360800,3841.1456,3841.1456,3782.9919,3848.0903
110634000,3791.8515,7109700,88901100,18645809600,195371261900,3841.1456,3841.1456,3782.9919,3848.0903
110639000,3792.1695,8660400,75827700,18654470000,195447089600,3841.1456,3841.1456,3782.9919,3848.0903
110644000,3791.4909,10284900,115473800,18664754900,195562563400,3841.1456,3841.1456,3782.9919,3848.0903
110649000,3791.237,6170800,63925300,18670925700,195626488700,3841.1456,3841.1456,3782.9919,3848.0903
110654000,3791.4519,6715800,66330300,18677641500,195692819000,3841.1456,3841.1456,3782.9919,3848.0903
110659000,3791.1027,6488800,66699200,18684130300,195759518200,3841.1456,3841.1456,3782.9919,3848.0903
110704000,3790.7873,6985900,85396700,18691116200,195844914900,3841.1456,3841.1456,3782.9919,3848.0903
110709000,3791.1353,6360300,65207700,18697476500,195910122600,3841.1456,3841.1456,3782.9919,3848.0903
110714000,3790.8119,6728900,77325400,18704205400,195987448000,3841.1456,3841.1456,3782.9919,3848.0903
110719000,3790.4041,6458600,71952700,18710664000,196059400700,3841.1456,3841.1456,3782.9919,3848.0903
110724000,3790.3597,7327800,74521200,18717991800,196133921900,3841.1456,3841.1456,3782.9919,3848.0903
110729000,3790.3726,5506200,69803300,18723498000,196203725200,3841.1456,3841.1456,3782.9919,3848.0903
110734000,3790.1041,6751600,83445200,18730249600,196287170400,3841.1456,3841.1456,3782.9919,3848.0903
110739000,3790.0838,5105800,59702500,18735355400,196346872900,3841.1456,3841.1456,3782.9919,3848.0903
110744000,3790.1762,6825100,72489700,18742180500,196419362600,3841.1456,3841.1456,3782.9919,3848.0903
110749000,3789.8894,5862900,63004400,18748043400,196482367000,3841.1456,3841.1456,3782.9919,3848.0903
110754000,3790.3724,7070300,76441300,18755113700,196558808300,3841.1456,3841.1456,3782.9919,3848.0903
110759000,3789.8106,4963000,62172200,18760076700,196620980500,3841.1456,3841.1456,3782.9919,3848.0903
110804000,3789.8629,10082000,105461400,18770158700,196726441900,3841.1456,3841.1456,3782.9919,3848.0903
110809000,3789.2968,5973900,59965700,18776132600,196786407600,3841.1456,3841.1456,3782.9919,3848.0903
110814000,3789.3181,11185800,117358000,18787318400,196903765600,3841.1456,3841.1456,3782.9919,3848.0903
110819000,3789.4505,4412900,53448300,18791731300,196957213900,3841.1456,3841.1456,3782.9919,3848.0903
110824000,3789.2466,5513600,58446200,18797244900,197015660100,3841.1456,3841.1456,3782.9919,3848.0903
110829000,3789.5023,8893100,83610200,18806138000,197099270300,3841.1456,3841.1456,3782.9919,3848.0903
110834000,3789.4593,6751800,75316600,18812889800,197174586900,3841.1456,3841.1456,3782.9919,3848.0903
110839000,3789.4171,8628100,70636500,18821517900,197245223400,3841.1456,3841.1456,3782.9919,3848.0903
110844000,3789.7685,9802500,92819900,18831320400,197338043300,3841.1456,3841.1456,3782.9919,3848.0903
110849000,3789.8264,6337000,84890400,18837657400,197422933700,3841.1456,3841.1456,3782.9919,3848.0903
110854000,3789.6431,5369000,61944400,18843026400,197484878100,3841.1456,3841.1456,3782.9919,3848.0903
110859000,3790.0435,7006200,71825500,18850032600,197556703600,3841.1456,3841.1456,3782.9919,3848.0903
110904000,3790.2372,8872700,83780500,18858905300,197640484100,3841.1456,3841.1456,3782.9919,3848.0903
110909000,3790.0766,10480900,80233900,18869386200,197720718000,3841.1456,3841.1456,3782.9919,3848.0903
110914000,3790.1822,8134600,89815500,18877520800,197810533500,3841.1456,3841.1456,3782.9919,3848.0903
110919000,3790.152,4528000,55330700,18882048800,197865864200,3841.1456,3841.1456,3782.9919,3848.0903
110924000,3790.4531,4763600,91127800,18886812400,197956992000,3841.1456,3841.1456,3782.9919,3848.0903
110929000,3790.0389,5563800,66380900,18892376200,198023372900,3841.1456,3841.1456,3782.9919,3848.0903
110934000,3789.8768,9663600,97362300,18902039800,198120735200,3841.1456,3841.1456,3782.9919,3848.0903
110939000,3790.0733,5451200,62535400,18907491000,198183270600,3841.1456,3841.1456,3782.9919,3848.0903
110944000,3790.0102,5649000,71776600,18913140000,198255047200,3841.1456,3841.1456,3782.9919,3848.0903
110949000,3790.2463,3946000,52822100,18917086000,198307869300,3841.1456,3841.1456,3782.9919,3848.0903
110954000,3790.4656,5051300,59254000,18922137300,198367123300,3841.1456,3841.1456,3782.9919,3848.0903
110959000,3790.3191,5732600,58872900,18927869900,198425996200,3841.1456,3841.1456,3782.9919,3848.0903
111004000,3790.5856,6839100,82271700,18934709000,198508267900,3841.1456,3841.1456,3782.9919,3848.0903
111009000,3790.8559,4104200,43924300,18938813200,198552192200,3841.1456,3841.1456,3782.9919,3848.0903
111014000,3791.1856,7132400,77025900,18945945600,198629218100,3841.1456,3841.1456,3782.9919,3848.0903
111019000,3791.0321,4394500,55289300,18950340100,198684507400,3841.1456,3841.1456,3782.9919,3848.0903
111024000,3791.7112,4921500,64371100,18955261600,198748878500,3841.1456,3841.1456,3782.9919,3848.0903
111029000,3793.0692,8280400,100530200,18963542000,198849408700,3841.1456,3841.1456,3782.9919,3848.0903
111034000,3794.6185,9838200,120785400,18973380200,198970194100,3841.1456,3841.1456,3782.9919,3848.0903
111039000,3794.9138,8069500,105116500,18981449700,199075310600,3841.1456,3841.1456,3782.9919,3848.0903
111044000,3795.7696,9036700,115036500,18990486400,199190347100,3841.1456,3841.1456,3782.9919,3848.0903
111049000,3795.6716,6036800,68853800,18996523200,199259200900,3841.1456,3841.1456,3782.9919,3848.0903
111054000,3796.4932,6413100,68370800,19002936300,199327571700,3841.1456,3841.1456,3782.9919,3848.0903
111059000,3795.8972,8963800,96617800,19011900100,199424189500,3841.1456,3841.1456,3782.9919,3848.0903
111104000,3796.4938,7217300,88621000,19019117400,199512810500,3841.1456,3841.1456,3782.9919,3848.0903
111109000,3796.8801,5654500,66080900,19024771900,199578891400,3841.1456,3841.1456,3782.9919,3848.0903
111114000,3797.5799,6947800,77939200,19031719700,199656830600,3841.1456,3841.1456,3782.9919,3848.0903
111119000,3797.6834,4285400,52027400,19036005100,199708858000,3841.1456,3841.1456,3782.9919,3848.0903
111124000,3797.9915,4685900,55464600,19040691000,199764322600,3841.1456,3841.1456,3782.9919,3848.0903
111129000,3798.7119,5864000,60734600,19046555000,199825057200,3841.1456,3841.1456,3782.9919,3848.0903
111134000,3798.6011,4426500,58377700,19050981500,199883434900,3841.1456,3841.1456,3782.9919,3848.0903
111139000,3798.4453,7473300,58316800,19058454800,199941751700,3841.1456,3841.1456,3782.9919,3848.0903
111144000,3799.137,8370000,77303400,19066824800,200019055100,3841.1456,3841.1456,3782.9919,3848.0903
111149000,3799.2679,5421400,49432400,19072246200,200068487500,3841.1456,3841.1456,3782.9919,3848.0903
111154000,3800.0352,4316700,44791400,19076562900,200113278900,3841.1456,3841.1456,3782.9919,3848.0903
111159000,3799.7215,8230300,71438300,19084793200,200184717200,3841.1456,3841.1456,3782.9919,3848.0903
111204000,3800.2625,6800900,73780000,19091594100,200258497200,3841.1456,3841.1456,3782.9919,3848.0903
111209000,3800.4299,4673100,56536500,19096267200,200315033700,3841.1456,3841.1456,3782.9919,3848.0903
111214000,3800.6134,5884400,66723600,19102151600,200381757300,3841.1456,3841.1456,3782.9919,3848.0903
111219000,3800.8629,4635100,57531400,19106786700,200439288700,3841.1456,3841.1456,3782.9919,3848.0903
111224000,3800.9243,4929100,55213300,19111715800,200494502000,3841.1456,3841.1456,3782.9919,3848.0903
111229000,3800.937,5217400,56463100,19116933200,200550965100,3841.1456,3841.1456,3782.9919,3848.0903
111234000,3801.3552,4540200,57732000,19121473400,200608697100,3841.1456,3841.1456,3782.9919,3848.0903
111239000,3801.18,5935500,59929100,19127408900,200668626200,3841.1456,3841.1456,3782.9919,3848.0903
111244000,3801.6629,5321100,63635900,19132730000,200732262100,3841.1456,3841.1456,3782.9919,3848.0903
111249000,3801.7861,3755700,43690100,19136485700,200775952200,3841.1456,3841.1456,3782.9919,3848.0903
111254000,3801.9187,4233700,48845800,19140719400,200824798000,3841.1456,3841.1456,3782.9919,3848.0903
111259000,3802.261,4880400,57918800,19145599800,200882716800,3841.1456,3841.1456,3782.9919,3848.0903
111304000,3802.5735,5119600,63299800,19150719400,200946016600,3841.1456,3841.1456,3782.9919,3848.0903
111309000,3802.5431,4946200,47097300,19155665600,200993113900,3841.1456,3841.1456,3782.9919,3848.0903
111314000,3802.8571,6389700,66944700,19162055300,201060058600,3841.1456,3841.1456,3782.9919,3848.0903
111319000,3802.5648,3211800,38226700,19165267100,201098285300,3841.1456,3841.1456,3782.9919,3848.0903
111324000,3802.4729,3899600,52650300,19169166700,201150935600,3841.1456,3841.1456,3782.9919,3848.0903
111329000,3802.471,4742900,59356600,19173909600,201210292200,3841.1456,3841.1456,3782.9919,3848.0903
111334000,3802.5778,5344300,67330600,19179253900,201277622800,3841.1456,3841.1456,3782.9919,3848.0903
111339000,3802.7693,3501200,42632800,19182755100,201320255600,3841.1456,3841.1456,3782.9919,3848.0903
111344000,3802.9674,5163500,61960700,19187918600,201382216300,3841.1456,3841.1456,3782.9919,3848.0903
111349000,3802.4809,4651700,53723800,19192570300,201435940100,3841.1456,3841.1456,3782.9919,3848.0903
111354000,3802.5868,4607700,56466900,19197178000,201492407000,3841.1456,3841.1456,3782.9919,3848.0903
111359000,3802.7869,4653100,57601300,19201831100,201550008300,3841.1456,3841.1456,3782.9919,3848.0903
111404000,3802.6272,3986800,60466600,19205817900,201610474900,3841.1456,3841.1456,3782.9919,3848.0903
111409000,3802.7957,5060200,54514800,19210878100,201664989700,3841.1456,3841.1456,3782.9919,3848.0903
111414000,3802.9468,6274100,77157200,19217152200,201742146900,3841.1456,3841.1456,3782.9919,3848.0903
111419000,3803.0561,3364800,48947800,19220517000,201791094700,3841.1456,3841.1456,3782.9919,3848.0903
111424000,3803.024,3649000,41858000,19224166000,201832952700,3841.1456,3841.1456,3782.9919,3848.0903
111429000,3803.2705,3390600,40240400,19227556600,201873193100,3841.1456,3841.1456,3782.9919,3848.0903
111434000,3803.0086,5759200,61900800,19233315800,201935093900,3841.1456,3841.1456,3782.9919,3848.0903
111439000,3803.0982,8398400,81651700,19241714200,202016745600,3841.1456,3841.1456,3782.9919,3848.0903
111444000,3803.7044,6838100,71702600,19248552300,202088448200,3841.1456,3841.1456,3782.9919,3848.0903
111449000,3803.4481,5504600,58404500,19254056900,202146852700,3841.1456,3841.1456,3782.9919,3848.0903
111454000,3804.0796,5404500,63016500,19259461400,202209869200,3841.1456,3841.1456,3782.9919,3848.0903
111459000,3804.2575,5778800,60600600,19265240200,202270469800,3841.1456,3841.1456,3782.9919,3848.0903
111504000,3804.1387,4792000,63798100,19270032200,202334267900,3841.1456,3841.1456,3782.9919,3848.0903
111509000,3804.119,4269600,47098300,19274301800,202381366200,3841.1456,3841.1456,3782.9919,3848.0903
111514000,3804.1429,5058900,64459200,19279360700,202445825400,3841.1456,3841.1456,3782.9919,3848.0903
111519000,3804.2436,3268800,41526900,19282629500,202487352300,3841.1456,3841.1456,3782.9919,3848.0903
111524000,3803.8645,6347100,63321800,19288976600,202550674100,3841.1456,3841.1456,3782.9919,3848.0903
111529000,3804.234,5116800,53514200,19294093400,202604188300,3841.1456,3841.1456,3782.9919,3848.0903
111534000,3804.2482,5191800,70470800,19299285200,202674659100,3841.1456,3841.1456,3782.9919,3848.0903
111539000,3804.2573,5336700,58210400,19304621900,202732869500,3841.1456,3841.1456,3782.9919,3848.0903
111544000,3804.337,6666000,71944300,19311287900,202804813800,3841.1456,3841.1456,3782.9919,3848.0903
111549000,3804.3909,4113600,45874200,19315401500,202850688000,3841.1456,3841.1456,3782.9919,3848.0903
111554000,3804.5301,5115000,58413600,19320516500,202909101600,3841.1456,3841.1456,3782.9919,3848.0903
111559000,3804.4124,5545700,61873000,19326062200,202970974600,3841.1456,3841.1456,3782.9919,3848.0903
111604000,3804.4097,5520600,71596100,19331582800,203042570700,3841.1456,3841.1456,3782.9919,3848.0903
111609000,3804.1944,3550400,43397500,19335133200,203085968200,3841.1456,3841.1456,3782.9919,3848.0903
111614000,3804.474,5525000,65923100,19340658200,203151891300,3841.1456,3841.1456,3782.9919,3848.0903
111619000,3804.6481,5730200,66254700,19346388400,203218146000,3841.1456,3841.1456,3782.9919,3848.0903
111624000,3804.4047,7048600,67085800,19353437000,203285231800,3841.1456,3841.1456,3782.9919,3848.0903
111629000,3803.9459,4811200,64170200,19358248200,203349402000,3841.1456,3841.1456,3782.9919,3848.0903
111634000,3803.4363,5321500,73214400,19363569700,203422616400,3841.1456,3841.1456,3782.9919,3848.0903
111639000,3803.2688,5706500,69591800,19369276200,203492208200,3841.1456,3841.1456,3782.9919,3848.0903
111644000,3803.0502,7609300,88653000,19376885500,203580861200,3841.1456,3841.1456,3782.9919,3848.0903
111649000,3802.7856,5345100,61117000,19382230600,203641978200,3841.1456,3841.1456,3782.9919,3848.0903
111654000,3802.8024,4635900,50481200,19386866500,203692459400,3841.1456,3841.1456,3782.9919,3848.0903
111659000,3802.9912,6799500,73579300,19393666000,203766038700,3841.1456,3841.1456,3782.9919,3848.0903
111704000,3802.6177,5972200,63200100,19399638200,203829238800,3841.1456,3841.1456,3782.9919,3848.0903
111709000,3802.0724,4162200,52861100,19403800400,203882099900,3841.1456,3841.1456,3782.9919,3848.0903
111714000,3802.2281,7190500,73187800,19410990900,203955287700,3841.1456,3841.1456,3782.9919,3848.0903
111719000,3802.5015,3851100,49989400,19414842000,204005277100,3841.1456,3841.1456,3782.9919,3848.0903
111724000,3802.1329,4487600,52319700,19419329600,204057596800,3841.1456,3841.1456,3782.9919,3848.0903
111729000,3802.0744,6281100,66037500,19425610700,204123634300,3841.1456,3841.1456,3782.9919,3848.0903
111734000,3801.8742,5795300,58107400,19431406000,204181741700,3841.1456,3841.1456,3782.9919,3848.0903
111739000,3801.9957,4799700,53149600,19436205700,204234891300,3841.1456,3841.1456,3782.9919,3848.0903
111744000,3801.8838,4833800,60266500,19441039500,204295157800,3841.1456,3841.1456,3782.9919,3848.0903
111749000,3801.9191,4242000,49613300,19445281500,204344771100,3841.1456,3841.1456,3782.9919,3848.0903
111754000,3801.7655,5201400,60959700,19450482900,204405730800,3841.1456,3841.1456,3782.9919,3848.0903
111759000,3802.2748,7293600,72687900,19457776500,204478418700,3841.1456,3841.1456,3782.9919,3848.0903
111804000,3802.4393,6033600,67424000,19463810100,204545842700,3841.1456,3841.1456,3782.9919,3848.0903
111809000,3802.2652,4396300,51578400,19468206400,204597421100,3841.1456,3841.1456,3782.9919,3848.0903
111814000,3801.8439,5962000,76162300,19474168400,204673583400,3841.1456,3841.1456,3782.9919,3848.0903
111819000,3802.9194,5671900,62678500,19479840300,204736261900,3841.1456,3841.1456,3782.9919,3848.0903
111824000,3803.1136,5356800,54859600,19485197100,204791121500,3841.1456,3841.1456,3782.9919,3848.0903
111829000,3803.0097,4640400,57494700,19489837500,204848616200,3841.1456,3841.1456,3782.9919,3848.0903
111834000,3802.7964,5470100,70944500,19495307600,204919560700,3841.1456,3841.1456,3782.9919,3848.0903
111839000,3803.5554,5703700,60961300,19501011300,204980522000,3841.1456,3841.1456,3782.9919,3848.0903
111844000,3803.6437,7124400,81406300,19508135700,205061928300,3841.1456,3841.1456,3782.9919,3848.0903
111849000,3803.6682,4399900,58783600,19512535600,205120711900,3841.1456,3841.1456,3782.9919,3848.0903
111854000,3803.6699,4115000,50815100,19516650600,205171527000,3841.1456,3841.1456,3782.9919,3848.0903
111859000,3804.0526,4636700,56545900,19521287300,205228072900,3841.1456,3841.1456,3782.9919,3848.0903
111904000,3804.3244,10243700,89232700,19531531000,205317305600,3841.1456,3841.1456,3782.9919,3848.0903
111909000,3805.0926,4400100,51972400,19535931100,205369278000,3841.1456,3841.1456,3782.9919,3848.0903
111914000,3805.9702,7082300,81986600,19543013400,205451264600,3841.1456,3841.1456,3782.9919,3848.0903
111919000,3806.2349,7622500,87941300,19550635900,205539205900,3841.1456,3841.1456,3782.9919,3848.0903
111924000,3806.2051,7549600,94190500,19558185500,205633396400,3841.1456,3841.1456,3782.9919,3848.0903
111929000,3807.1138,7079800,81163400,19565265300,205714559800,3841.1456,3841.1456,3782.9919,3848.0903
111934000,3806.8652,17938000,251290100,19583203300,205965849900,3841.1456,3841.1456,3782.9919,3848.0903
111939000,3807.6982,16259800,221980000,19599463100,206187829900,3841.1456,3841.1456,3782.9919,3848.0903
111944000,3808.5278,16897100,204942400,19616360200,206392772300,3841.1456,3841.1456,3782.9919,3848.0903
111949000,3809.3922,8881400,106549800,19625241600,206499322100,3841.1456,3841.1456,3782.9919,3848.0903
111954000,3810.7791,11494300,118346700,19636735900,206617668800,3841.1456,3841.1456,3782.9919,3848.0903
111959000,3812.2001,16114400,180117200,19652850300,206797786000,3841.1456,3841.1456,3782.9919,3848.0903
112004000,3812.9985,14522600,183434100,19667372900,206981220100,3841.1456,3841.1456,3782.9919,3848.0903
112009000,3813.3381,12164300,116713100,19679537200,207097933200,3841.1456,3841.1456,3782.9919,3848.0903
112014000,3813.4112,10931400,127488800,19690468600,207225422000,3841.1456,3841.1456,3782.9919,3848.0903
112019000,3813.9273,9296100,104002600,19699764700,207329424600,3841.1456,3841.1456,3782.9919,3848.0903
112024000,3814.1231,9578500,94199500,19709343200,207423624100,3841.1456,3841.1456,3782.9919,3848.0903
112029000,3814.6144,11552700,105467300,19720895900,207529091400,3841.1456,3841.1456,3782.9919,3848.0903
112034000,3815.1909,15886300,142291100,19736782200,207671382500,3841.1456,3841.1456,3782.9919,3848.0903
112039000,3815.7841,10837100,109268200,19747619300,207780650700,3841.1456,3841.1456,3782.9919,3848.0903
112044000,3816.2662,11614500,129396700,19759233800,207910047400,3841.1456,3841.1456,3782.9919,3848.0903
112049000,3816.7939,7474200,93463800,19766708000,208003511200,3841.1456,3841.1456,3782.9919,3848.0903
112054000,3817.3734,8759300,90918300,19775467300,208094429500,3841.1456,3841.1456,3782.9919,3848.0903
112059000,3817.4878,9639900,120321900,19785107200,208214751400,3841.1456,3841.1456,3782.9919,3848.0903
112104000,3818.0964,12245500,132887800,19797352700,208347639200,3841.1456,3841.1456,3782.9919,3848.0903
112109000,3818.1975,9572400,93465900,19806925100,208441105100,3841.1456,3841.1456,3782.9919,3848.0903
112114000,3818.8367,9519500,116258100,19816444600,208557363200,3841.1456,3841.1456,3782.9919,3848.0903
112119000,3819.241,7319800,84451100,19823764400,208641814300,3841.1456,3841.1456,3782.9919,3848.0903
112124000,3818.7808,8462700,91440500,19832227100,208733254800,3841.1456,3841.1456,3782.9919,3848.0903
112129000,3819.319,10573300,117423200,19842800400,208850678000,3841.1456,3841.1456,3782.9919,3848.0903
112134000,3819.4184,8939000,124596000,19851739400,208975274000,3841.1456,3841.1456,3782.9919,3848.0903
112139000,3819.832,8751500,97125200,19860490900,209072399200,3841.1456,3841.1456,3782.9919,3848.0903
112144000,3820.0126,9533800,116048500,19870024700,209188447700,3841.1456,3841.1456,3782.9919,3848.0903
112149000,3819.9794,7018600,82690300,19877043300,209271138000,3841.1456,3841.1456,3782.9919,3848.0903
112154000,3820.2769,6852400,79904800,19883895700,209351042800,3841.1456,3841.1456,3782.9919,3848.0903
112159000,3820.6236,8667400,104510800,19892563100,209455553600,3841.1456,3841.1456,3782.9919,3848.0903
112204000,3820.303,7934400,98475800,19900497500,209554029400,3841.1456,3841.1456,3782.9919,3848.0903
112209000,3820.4915,8756200,101209900,19909253700,209655239300,3841.1456,3841.1456,3782.9919,3848.0903
112214000,3820.557,11885100,120955800,19921138800,209776195100,3841.1456,3841.1456,3782.9919,3848.0903
112219000,3820.4685,6605000,90107000,19927743800,209866302100,3841.1456,3841.1456,3782.9919,3848.0903
112224000,3820.3746,6355600,73790800,19934099400,209940092900,3841.1456,3841.1456,3782.9919,3848.0903
112229000,3820.2169,6573100,78341400,19940672500,210018434300,3841.1456,3841.1456,3782.9919,3848.0903
112234000,3820.2699,8708000,109501700,19949380500,210127936000,3841.1456,3841.1456,3782.9919,3848.0903
112239000,3820.1369,6659000,71167400,19956039500,210199103400,3841.1456,3841.1456,3782.9919,3848.0903
112244000,3819.2977,10403900,118206000,19966443400,210317309400,3841.1456,3841.1456,3782.9919,3848.0903
112249000,3819.6032,6745000,79552400,19973188400,210396861800,3841.1456,3841.1456,3782.9919,3848.0903
112254000,3819.3458,8727400,88707200,19981915800,210485569000,3841.1456,3841.1456,3782.9919,3848.0903
112259000,3819.5268,7558700,89416200,19989474500,210574985200,3841.1456,3841.1456,3782.9919,3848.0903
112304000,3819.3117,8839300,105430800,19998313800,210680416000,3841.1456,3841.1456,3782.9919,3848.0903
112309000,3819.1157,8331800,89729900,20006645600,210770145900,3841.1456,3841.1456,3782.9919,3848.0903
112314000,3819.2151,9081900,105484400,20015727500,210875630300,3841.1456,3841.1456,3782.9919,3848.0903
112319000,3818.4673,4949200,72393300,20020676700,210948023600,3841.1456,3841.1456,3782.9919,3848.0903
112324000,3818.3699,7730300,89028600,20028407000,211037052200,3841.1456,3841.1456,3782.9919,3848.0903
112329000,3818.3937,5681600,70838000,20034088600,211107890200,3841.1456,3841.1456,3782.9919,3848.0903
112334000,3818.5428,7531100,83097600,20041619700,211190987800,3841.1456,3841.1456,3782.9919,3848.0903
112339000,3818.6318,8683700,91116300,20050303400,211282104100,3841.1456,3841.1456,3782.9919,3848.0903
112344000,3818.2045,7199200,88840600,20057502600,211370944700,3841.1456,3841.1456,3782.9919,3848.0903
112349000,3818.123,5298100,73167300,20062800700,211444112000,3841.1456,3841.1456,3782.9919,3848.0903
112354000,3817.9332,8879900,77993000,20071680600,211522105000,3841.1456,3841.1456,3782.9919,3848.0903
112359000,3817.8774,9156800,94075300,20080837400,211616180300,3841.1456,3841.1456,3782.9919,3848.0903
112404000,3817.7455,5386700,66441100,20086224100,211682621400,3841.1456,3841.1456,3782.9919,3848.0903
112409000,3818.0941,5179800,59023600,20091403900,211741645000,3841.1456,3841.1456,3782.9919,3848.0903
112414000,3817.6783,7117200,91428900,20098521100,211833073900,3841.1456,3841.1456,3782.9919,3848.0903
112419000,3817.7058,4457900,58405100,20102979000,211891479000,3841.1456,3841.1456,3782.9919,3848.0903
112424000,3817.1691,7937400,80296200,20110916400,211971775200,3841.1456,3841.1456,3782.9919,3848.0903
112429000,3817.1751,6305300,73632700,20117221700,212045407900,3841.1456,3841.1456,3782.9919,3848.0903
112434000,3817.4017,7031000,76323200,20124252700,212121731100,3841.1456,3841.1456,3782.9919,3848.0903
112439000,3817.61,5441300,58558900,20129694000,212180290000,3841.1456,3841.1456,3782.9919,3848.0903
112444000,3817.355,6297100,68916700,20135991100,212249206700,3841.1456,3841.1456,3782.9919,3848.0903
112449000,3817.1112,5881700,65539600,20141872800,212314746300,3841.1456,3841.1456,3782.9919,3848.0903
112454000,3816.755,8654400,82656200,20150527200,212397402500,3841.1456,3841.1456,3782.9919,3848.0903
112459000,3816.4887,4869000,57362900,20155396200,212454765400,3841.1456,3841.1456,3782.9919,3848.0903
112504000,3816.621,7088500,80231200,20162484700,212534996600,3841.1456,3841.1456,3782.9919,3848.0903
112509000,3816.5173,4160700,53469700,20166645400,212588466300,3841.1456,3841.1456,3782.9919,3848.0903
112514000,3816.4887,6863900,87951200,20173509300,212676417500,3841.1456,3841.1456,3782.9919,3848.0903
112519000,3816.8034,5267500,71581900,20178776800,212747999400,3841.1456,3841.1456,3782.9919,3848.0903
112524000,3816.3614,5833600,62287200,20184610400,212810286600,3841.1456,3841.1456,3782.9919,3848.0903
112529000,3816.715,6962600,80328200,20191573000,212890614800,3841.1456,3841.1456,3782.9919,3848.0903
112534000,3816.5308,6997700,70051200,20198570700,212960666000,3841.1456,3841.1456,3782.9919,3848.0903
112539000,3816.492,5769400,57567700,20204340100,213018233700,3841.1456,3841.1456,3782.9919,3848.0903
112544000,3816.3796,5950200,73035800,20210290300,213091269500,3841.1456,3841.1456,3782.9919,3848.0903
112549000,3816.4291,4944700,53937100,20215235000,213145206600,3841.1456,3841.1456,3782.9919,3848.0903
112554000,3816.4267,8367100,76768800,20223602100,213221975400,3841.1456,3841.1456,3782.9919,3848.0903
112559000,3816.539,4588400,61894400,20228190500,213283869800,3841.1456,3841.1456,3782.9919,3848.0903
112604000,3816.0752,7819100,82825200,20236009600,213366695000,3841.1456,3841.1456,3782.9919,3848.0903
112609000,3816.2132,4393000,56570200,20240402600,213423265200,3841.1456,3841.1456,3782.9919,3848.0903
112614000,3816.0692,7000200,76783100,20247402800,213500048300,3841.1456,3841.1456,3782.9919,3848.0903
112619000,3816.1219,4001000,54767000,20251403800,213554815300,3841.1456,3841.1456,3782.9919,3848.0903
112624000,3815.5632,5050700,54311100,20256454500,213609126400,3841.1456,3841.1456,3782.9919,3848.0903
112629000,3815.775,6465400,67106500,20262919900,213676232900,3841.1456,3841.1456,3782.9919,3848.0903
112634000,3816.0706,4905600,64379500,20267825500,213740612400,3841.1456,3841.1456,3782.9919,3848.0903
112639000,3815.6673,6019500,60593400,20273845000,213801205800,3841.1456,3841.1456,3782.9919,3848.0903
112644000,3815.7628,5722200,70414700,20279567200,213871620500,3841.1456,3841.1456,3782.9919,3848.0903
112649000,3815.0561,4591400,53018800,20284158600,213924639300,3841.1456,3841.1456,3782.9919,3848.0903
112654000,3814.8814,5049500,57720800,20289208100,213982360100,3841.1456,3841.1456,3782.9919,3848.0903
112659000,3815.0862,4444300,51092200,20293652400,214033452300,3841.1456,3841.1456,3782.9919,3848.0903
112704000,3814.9537,4419700,57620300,20298072100,214091072600,3841.1456,3841.1456,3782.9919,3848.0903
112709000,3815.074,4146100,47169000,20302218200,214138241600,3841.1456,3841.1456,3782.9919,3848.0903
112714000,3814.7271,4807300,61474800,20307025500,214199716400,3841.1456,3841.1456,3782.9919,3848.0903
112719000,3814.736,4366700,58391000,20311392200,214258107400,3841.1456,3841.1456,3782.9919,3848.0903
112724000,3814.4481,4448700,54783600,20315840900,214312891000,3841.1456,3841.1456,3782.9919,3848.0903
112729000,3814.6798,4682200,50749300,20320523100,214363640300,3841.1456,3841.1456,3782.9919,3848.0903
112734000,3814.4198,5935200,64974800,20326458300,214428615100,3841.1456,3841.1456,3782.9919,3848.0903
112739000,3814.6996,4817500,51671100,20331275800,214480286200,3841.1456,3841.1456,3782.9919,3848.0903
112744000,3814.8438,5886000,61676800,20337161800,214541963000,3841.1456,3841.1456,3782.9919,3848.0903
112749000,3814.5611,4985100,48465400,20342146900,214590428400,3841.1456,3841.1456,3782.9919,3848.0903
112754000,3814.413,5399600,56787100,20347546500,214647215500,3841.1456,3841.1456,3782.9919,3848.0903
112759000,3813.9188,6570100,68559300,20354116600,214715774800,3841.1456,3841.1456,3782.9919,3848.0903
112804000,3814.0092,5940800,57245000,20360057400,214773019800,3841.1456,3841.1456,3782.9919,3848.0903
112809000,3813.9845,4816000,48558400,20364873400,214821578200,3841.1456,3841.1456,3782.9919,3848.0903
112814000,3813.7969,6458100,74137900,20371331500,214895716100,3841.1456,3841.1456,3782.9919,3848.0903
112819000,3813.6544,5213400,57586100,20376544900,214953302200,3841.1456,3841.1456,3782.9919,3848.0903
112824000,3813.1877,5508800,45006100,20382053700,214998308300,3841.1456,3841.1456,3782.9919,3848.0903
112829000,3813.4339,5055000,52018700,20387108700,215050327000,3841.1456,3841.1456,3782.9919,3848.0903
112834000,3813.5283,6455000,59995000,20393563700,215110322000,3841.1456,3841.1456,3782.9919,3848.0903
112839000,3812.9625,4113800,52849000,20397677500,215163171000,3841.1456,3841.1456,3782.9919,3848.0903
112844000,3813.2226,8064800,73436100,20405742300,215236607100,3841.1456,3841.1456,3782.9919,3848.0903
112849000,3813.8891,5218100,51395000,20410960400,215288002100,3841.1456,3841.1456,3782.9919,3848.0903
112854000,3813.7213,7485300,60281900,20418445700,215348284000,3841.1456,3841.1456,3782.9919,3848.0903
112859000,3813.5077,5213300,47688500,20423659000,215395972500,3841.1456,3841.1456,3782.9919,3848.0903
112904000,3813.265,7910700,72254200,20431569700,215468226700,3841.1456,3841.1456,3782.9919,3848.0903
112909000,3813.7887,5350000,52714200,20436919700,215520940900,3841.1456,3841.1456,3782.9919,3848.0903
112914000,3813.1865,7108800,69118100,20444028500,215590059000,3841.1456,3841.1456,3782.9919,3848.0903
112919000,3813.5106,3975000,46818700,20448003500,215636877700,3841.1456,3841.1456,3782.9919,3848.0903
112924000,3813.161,5233800,67288400,20453237300,215704166100,3841.1456,3841.1456,3782.9919,3848.0903
112929000,3813.1436,6836900,62033900,20460074200,215766200000,3841.1456,3841.1456,3782.9919,3848.0903
112934000,3813.5505,4674500,49649000,20464748700,215815849000,3841.1456,3841.1456,3782.9919,3848.0903
112939000,3813.0759,4622400,47938100,20469371100,215863787100,3841.1456,3841.1456,3782.9919,3848.0903
112944000,3813.1101,5073800,60829600,20474444900,215924616700,3841.1456,3841.1456,3782.9919,3848.0903
112949000,3813.8281,4186800,49428200,20478631700,215974044900,3841.1456,3841.1456,3782.9919,3848.0903
112954000,3813.5042,5446700,43773300,20484078400,216017818200,3841.1456,3841.1456,3782.9919,3848.0903
112959000,3813.5117,4448700,50497300,20488527100,216068315500,3841.1456,3841.1456,3782.9919,3848.0903
113004000,3813.5118,3352600,38439100,20491879700,216106754600,3841.1456,3841.1456,3782.9919,3848.0903
113009000,3813.4994,24400,453400,20491904100,216107208000,3841.1456,3841.1456,3782.9919,3848.0903
130004000,3813.6655,43414600,367621900,20535318700,216474829900,3841.1456,3841.1456,3782.9919,3848.0903
130009000,3813.9266,135967700,1242665600,20671286400,217717495500,3841.1456,3841.1456,3782.9919,3848.0903
130014000,3812.5687,31434300,331412400,20702720700,218048907900,3841.1456,3841.1456,3782.9919,3848.0903
130019000,3811.812,9207400,97679800,20711928100,218146587700,3841.1456,3841.1456,3782.9919,3848.0903
130024000,3810.2503,8852000,99902800,20720780100,218246490500,3841.1456,3841.1456,3782.9919,3848.0903
130029000,3810.299,9410500,103663100,20730190600,218350153600,3841.1456,3841.1456,3782.9919,3848.0903
130034000,3808.7826,8414000,110289500,20738604600,218460443100,3841.1456,3841.1456,3782.9919,3848.0903
130039000,3808.2362,10645300,120034400,20749249900,218580477500,3841.1456,3841.1456,3782.9919,3848.0903
130044000,3807.8559,7664400,98489200,20756914300,218678966700,3841.1456,3841.1456,3782.9919,3848.0903
130049000,3807.981,8000500,86913900,20764914800,218765880600,3841.1456,3841.1456,3782.9919,3848.0903
130054000,3807.6495,7622900,104121000,20772537700,218870001600,3841.1456,3841.1456,3782.9919,3848.0903
130059000,3806.4847,10325100,124178300,20782862800,218994179900,3841.1456,3841.1456,3782.9919,3848.0903
130104000,3805.6287,9012500,126751000,20791875300,219120930900,3841.1456,3841.1456,3782.9919,3848.0903
130109000,3804.9401,12689200,161914600,20804564500,219282845500,3841.1456,3841.1456,3782.9919,3848.0903
130114000,3804.8657,9295500,122607500,20813860000,219405453000,3841.1456,3841.1456,3782.9919,3848.0903
130119000,3804.55,7714200,80551300,20821574200,219486004300,3841.1456,3841.1456,3782.9919,3848.0903
130124000,3804.5602,7288000,87949000,20828862200,219573953300,3841.1456,3841.1456,3782.9919,3848.0903
130129000,3804.4516,6674500,81594100,20835536700,219655547400,3841.1456,3841.1456,3782.9919,3848.0903
130134000,3804.4081,7080800,87393000,20842617500,219742940400,3841.1456,3841.1456,3782.9919,3848.0903
130139000,3804.1043,7028300,78524900,20849645800,219821465300,3841.1456,3841.1456,3782.9919,3848.0903
130144000,3804.2012,7359400,90921800,20857005200,219912387100,3841.1456,3841.1456,3782.9919,3848.0903
130149000,3804.3953,6352100,73185000,20863357300,219985572100,3841.1456,3841.1456,3782.9919,3848.0903
130154000,3803.6238,7354600,93024800,20870711900,220078596900,3841.1456,3841.1456,3782.9919,3848.0903
130159000,3803.3867,7371900,81047900,20878083800,220159644800,3841.1456,3841.1456,3782.9919,3848.0903
130204000,3803.3555,7140300,85859000,20885224100,220245503800,3841.1456,3841.1456,3782.9919,3848.0903
130209000,3803.0148,8474700,119338400,20893698800,220364842200,3841.1456,3841.1456,3782.9919,3848.0903
130214000,3803.0439,7110500,87138000,20900809300,220451980200,3841.1456,3841.1456,3782.9919,3848.0903
130219000,3803.0438,6399700,69060900,20907209000,220521041100,3841.1456,3841.1456,3782.9919,3848.0903
130224000,3803.0113,7031800,90515400,20914240800,220611556500,3841.1456,3841.1456,3782.9919,3848.0903
130229000,3803.2274,5986100,78836200,20920226900,220690392700,3841.1456,3841.1456,3782.9919,3848.0903
130234000,3803.2005,4832600,60438500,20925059500,220750831200,3841.1456,3841.1456,3782.9919,3848.0903
130239000,3802.7756,5885800,76247600,20930945300,220827078800,3841.1456,3841.1456,3782.9919,3848.0903
130244000,3803.1604,7748600,106441200,20938693900,220933520000,3841.1456,3841.1456,3782.9919,3848.0903
130249000,3803.0549,4010200,47627700,20942704100,220981147700,3841.1456,3841.1456,3782.9919,3848.0903
130254000,3803.0935,7343000,90120900,20950047100,221071268600,3841.1456,3841.1456,3782.9919,3848.0903
130259000,3802.8543,5508100,81318900,20955555200,221152587500,3841.1456,3841.1456,3782.9919,3848.0903
130304000,3802.4864,6625000,83663600,20962180200,221236251100,3841.1456,3841.1456,3782.9919,3848.0903
130309000,3802.3552,7801800,82903200,20969982000,221319154300,3841.1456,3841.1456,3782.9919,3848.0903
130314000,3802.9692,6891200,85092600,20976873200,221404246900,3841.1456,3841.1456,3782.9919,3848.0903
130319000,3802.357,5157800,71945000,20982031000,221476191900,3841.1456,3841.1456,3782.9919,3848.0903
130324000,3802.6933,7533400,96835300,20989564400,221573027200,3841.1456,3841.1456,3782.9919,3848.0903
130329000,3801.9623,5318900,68051800,20994883300,221641079000,3841.1456,3841.1456,3782.9919,3848.0903
130334000,3802.201,5652700,70971300,21000536000,221712050300,3841.1456,3841.1456,3782.9919,3848.0903
130339000,3802.4155,7279500,89646200,21007815500,221801696500,3841.1456,3841.1456,3782.9919,3848.0903
130344000,3802.0754,7416400,91016500,21015231900,221892713000,3841.1456,3841.1456,3782.9919,3848.0903
130349000,3802.0417,4916100,76105700,21020148000,221968818700,3841.1456,3841.1456,3782.9919,3848.0903
130354000,3801.849,7480100,89368900,21027628100,222058187600,3841.1456,3841.1456,3782.9919,3848.0903
130359000,3801.8782,6681600,74266900,21034309700,222132454500,3841.1456,3841.1456,3782.9919,3848.0903
130404000,3801.4909,6603000,77584100,21040912700,222210038600,3841.1456,3841.1456,3782.9919,3848.0903
130409000,3801.5065,8150300,83335500,21049063000,222293374100,3841.1456,3841.1456,3782.9919,3848.0903
130414000,3800.9837,7927500,96022000,21056990500,222389396100,3841.1456,3841.1456,3782.9919,3848.0903
130419000,3801.5471,4580900,63002000,21061571400,222452398100,3841.1456,3841.1456,3782.9919,3848.0903
130424000,3801.2487,7185500,81314700,21068756900,222533712800,3841.1456,3841.1456,3782.9919,3848.0903
130429000,3800.7523,5802100,76427500,21074559000,222610140300,3841.1456,3841.1456,3782.9919,3848.0903
130434000,3800.7502,7924500,107879100,21082483500,222718019400,3841.1456,3841.1456,3782.9919,3848.0903
130439000,3800.2855,6787200,82135400,21089270700,222800154800,3841.1456,3841.1456,3782.9919,3848.0903
130444000,3800.0515,8710400,83824400,21097981100,222883979200,3841.1456,3841.1456,3782.9919,3848.0903
130449000,3799.9613,6765000,73373800,21104746100,222957353000,3841.1456,3841.1456,3782.9919,3848.0903
130454000,3799.8466,7434900,80294900,21112181000,223037647900,3841.1456,3841.1456,3782.9919,3848.0903
130459000,3799.8298,6124200,63280500,21118305200,223100928400,3841.1456,3841.1456,3782.9919,3848.0903
130504000,3799.8439,4622500,52812000,21122927700,223153740400,3841.1456,3841.1456,3782.9919,3848.0903
130509000,3799.5774,6454900,74261500,21129382600,223228001900,3841.1456,3841.1456,3782.9919,3848.0903
130514000,3799.2162,7712600,85424100,21137095200,223313426000,3841.1456,3841.1456,3782.9919,3848.0903
130519000,3799.4489,5231600,60129900,21142326800,223373555900,3841.1456,3841.1456,3782.9919,3848.0903
130524000,3799.528,6316200,68268100,21148643000,223441824000,3841.1456,3841.1456,3782.9919,3848.0903
130529000,3799.0584,5912400,65342400,21154555400,223507166400,3841.1456,3841.1456,3782.9919,3848.0903
130534000,3799.7559,4963300,65981100,21159518700,223573147500,3841.1456,3841.1456,3782.9919,3848.0903
130539000,3799.2173,5955700,78362400,21165474400,223651509900,3841.1456,3841.1456,3782.9919,3848.0903
130544000,3799.6432,6626300,84341200,21172100700,223735851100,3841.1456,3841.1456,3782.9919,3848.0903
130549000,3799.6371,4318700,53109300,21176419400,223788960400,3841.1456,3841.1456,3782.9919,3848.0903
130554000,3799.4201,6407000,69723800,21182826400,223858684200,3841.1456,3841.1456,3782.9919,3848.0903
130559000,3799.6978,4332800,50161800,21187159200,223908846000,3841.1456,3841.1456,3782.9919,3848.0903
130604000,3799.5626,5016700,59863500,21192175900,223968709500,3841.1456,3841.1456,3782.9919,3848.0903
130609000,3799.4167,6104000,70072300,21198279900,224038781800,3841.1456,3841.1456,3782.9919,3848.0903
130614000,3798.962,5770800,80102100,21204050700,224118883900,3841.1456,3841.1456,3782.9919,3848.0903
130619000,3799.0671,4514500,51507700,21208565200,224170391600,3841.1456,3841.1456,3782.9919,3848.0903
130624000,3798.7856,7707500,109410300,21216272700,224279801900,3841.1456,3841.1456,3782.9919,3848.0903
130629000,3798.4249,6075400,72561400,21222348100,224352363300,3841.1456,3841.1456,3782.9919,3848.0903
130634000,3798.6051,5059500,62110000,21227407600,224414473300,3841.1456,3841.1456,3782.9919,3848.0903
130639000,3798.6342,7346300,86891300,21234753900,224501364600,3841.1456,3841.1456,3782.9919,3848.0903
130644000,3798.554,5655600,68571400,21240409500,224569936000,3841.1456,3841.1456,3782.9919,3848.0903
130649000,3798.5645,3374200,46058300,21243783700,224615994300,3841.1456,3841.1456,3782.9919,3848.0903
130654000,3798.4222,6166200,70375600,21249949900,224686369900,3841.1456,3841.1456,3782.9919,3848.0903
130659000,3798.5825,6001100,73921200,21255951000,224760291100,3841.1456,3841.1456,3782.9919,3848.0903
130704000,3798.3286,6028500,66497100,21261979500,224826788200,3841.1456,3841.1456,3782.9919,3848.0903
130709000,3798.3873,6067000,65645100,21268046500,224892433300,3841.1456,3841.1456,3782.9919,3848.0903
130714000,3798.6693,5476500,69886200,21273523000,224962319500,3841.1456,3841.1456,3782.9919,3848.0903
130719000,3798.3703,4417500,48815300,21277940500,225011134800,3841.1456,3841.1456,3782.9919,3848.0903
130724000,3798.318,6145400,79084900,21284085900,225090219700,3841.1456,3841.1456,3782.9919,3848.0903
130729000,3798.217,6632400,56922700,21290718300,225147142400,3841.1456,3841.1456,3782.9919,3848.0903
130734000,3798.6608,5954100,82078800,21296672400,225229221200,3841.1456,3841.1456,3782.9919,3848.0903
130739000,3798.4891,6618500,107973900,21303290900,225337195100,3841.1456,3841.1456,3782.9919,3848.0903
130744000,3798.7619,6182900,67768600,21309473800,225404963700,3841.1456,3841.1456,3782.9919,3848.0903
130749000,3798.6025,4242200,45598300,21313716000,225450562000,3841.1456,3841.1456,3782.9919,3848.0903
130754000,3798.6002,7294900,71860600,21321010900,225522422600,3841.1456,3841.1456,3782.9919,3848.0903
130759000,3798.9114,7140900,75755300,21328151800,225598177900,3841.1456,3841.1456,3782.9919,3848.0903
130804000,3799.1727,5822700,72318100,21333974500,225670496000,3841.1456,3841.1456,3782.9919,3848.0903
130809000,3799.6003,6089400,67445700,21340063900,225737941700,3841.1456,3841.1456,3782.9919,3848.0903
130814000,3799.171,6127300,83871400,21346191200,225821813100,3841.1456,3841.1456,3782.9919,3848.0903
130819000,3799.8095,6671500,66895200,21352862700,225888708300,3841.1456,3841.1456,3782.9919,3848.0903
130824000,3799.6785,5886000,62916500,21358748700,225951624800,3841.1456,3841.1456,3782.9919,3848.0903
130829000,3799.94,6202300,65861900,21364951000,226017486700,3841.1456,3841.1456,3782.9919,3848.0903
130834000,3800.2703,4462800,65033200,21369413800,226082519900,3841.1456,3841.1456,3782.9919,3848.0903
130839000,3800.1659,6511800,82158900,21375925600,226164678800,3841.1456,3841.1456,3782.9919,3848.0903
130844000,3799.7768,7017800,79347600,21382943400,226244026400,3841.1456,3841.1456,3782.9919,3848.0903
130849000,3800.3183,3936600,44910600,21386880000,226288937000,3841.1456,3841.1456,3782.9919,3848.0903
130854000,3800.6008,5298700,62351600,21392178700,226351288600,3841.1456,3841.1456,3782.9919,3848.0903
130859000,3800.6911,6202000,63248200,21398380700,226414536800,3841.1456,3841.1456,3782.9919,3848.0903
130904000,3801.0728,8062100,94921800,21406442800,226509458600,3841.1456,3841.1456,3782.9919,3848.0903
130909000,3801.1737,7078000,78695700,21413520800,226588154300,3841.1456,3841.1456,3782.9919,3848.0903
130914000,3801.3155,8530400,84094200,21422051200,226672248500,3841.1456,3841.1456,3782.9919,3848.0903
130919000,3801.1747,5393200,72358500,21427444400,226744607000,3841.1456,3841.1456,3782.9919,3848.0903
130924000,3801.1263,6827400,73336100,21434271800,226817943100,3841.1456,3841.1456,3782.9919,3848.0903
130929000,3800.9978,7340700,71146600,21441612500,226889089700,3841.1456,3841.1456,3782.9919,3848.0903
130934000,3801.2493,7376800,95463800,21448989300,226984553500,3841.1456,3841.1456,3782.9919,3848.0903
130939000,3801.1697,7753100,81605500,21456742400,227066159000,3841.1456,3841.1456,3782.9919,3848.0903
130944000,3801.4264,6412300,79211300,21463154700,227145370300,3841.1456,3841.1456,3782.9919,3848.0903
130949000,3801.2902,4816700,53445600,21467971400,227198815900,3841.1456,3841.1456,3782.9919,3848.0903
130954000,3801.7895,5697700,72847100,21473669100,227271663000,3841.1456,3841.1456,3782.9919,3848.0903
130959000,3802.059,6468500,74303100,21480137600,227345966100,3841.1456,3841.1456,3782.9919,3848.0903
131004000,3802.0628,5296400,61463200,21485434000,227407429300,3841.1456,3841.1456,3782.9919,3848.0903
131009000,3802.4516,6319600,84228900,21491753600,227491658200,3841.1456,3841.1456,3782.9919,3848.0903
131014000,3802.6468,8566500,100880000,21500320100,227592538200,3841.1456,3841.1456,3782.9919,3848.0903
131019000,3802.5561,5299200,61242700,21505619300,227653780900,3841.1456,3841.1456,3782.9919,3848.0903
131024000,3802.8501,6978000,81221400,21512597300,227735002300,3841.1456,3841.1456,3782.9919,3848.0903
131029000,3802.8938,5221500,66969300,21517818800,227801971600,3841.1456,3841.1456,3782.9919,3848.0903
131034000,3803.5479,5480700,69379700,21523299500,227871351300,3841.1456,3841.1456,3782.9919,3848.0903
131039000,3803.458,7921000,80037100,21531220500,227951388400,3841.1456,3841.1456,3782.9919,3848.0903
131044000,3803.2515,8889500,101245600,21540110000,228052634000,3841.1456,3841.1456,3782.9919,3848.0903
131049000,3803.4535,3971500,41175400,21544081500,228093809400,3841.1456,3841.1456,3782.9919,3848.0903
131054000,3804.0765,7859400,84727900,21551940900,228178537300,3841.1456,3841.1456,3782.9919,3848.0903
131059000,3804.2911,7175400,78858100,21559116300,228257395400,3841.1456,3841.1456,3782.9919,3848.0903
131104000,3804.1995,7421000,84373000,21566537300,228341768400,3841.1456,3841.1456,3782.9919,3848.0903
131109000,3804.2223,7293200,76184800,21573830500,228417953200,3841.1456,3841.1456,3782.9919,3848.0903
131114000,3804.6266,6535800,71927100,21580366300,228489880300,3841.1456,3841.1456,3782.9919,3848.0903
131119000,3804.1498,4092600,54761200,21584458900,228544641500,3841.1456,3841.1456,3782.9919,3848.0903
131124000,3804.2949,6915300,81262700,21591374200,228625904200,3841.1456,3841.1456,3782.9919,3848.0903
131129000,3804.528,8617300,76589200,21599991500,228702493400,3841.1456,3841.1456,3782.9919,3848.0903
131134000,3804.6191,5564200,69939400,21605555700,228772432800,3841.1456,3841.1456,3782.9919,3848.0903
131139000,3804.6413,6869800,82828700,21612425500,228855261500,3841.1456,3841.1456,3782.9919,3848.0903
131144000,3805.0581,6983300,90487600,21619408800,228945749100,3841.1456,3841.1456,3782.9919,3848.0903
131149000,3804.9582,3868100,49220300,21623276900,228994969400,3841.1456,3841.1456,3782.9919,3848.0903
131154000,3805.1403,8625900,84249800,21631902800,229079219200,3841.1456,3841.1456,3782.9919,3848.0903
131159000,3805.2822,6928800,81356700,21638831600,229160575900,3841.1456,3841.1456,3782.9919,3848.0903
131204000,3805.453,6779200,83978300,21645610800,229244554200,3841.1456,3841.1456,3782.9919,3848.0903
131209000,3805.6001,5986000,71149800,21651596800,229315704000,3841.1456,3841.1456,3782.9919,3848.0903
131214000,3805.6608,6904300,81151700,21658501100,229396855700,3841.1456,3841.1456,3782.9919,3848.0903
131219000,3805.6539,4004800,46233800,21662505900,229443089500,3841.1456,3841.1456,3782.9919,3848.0903
131224000,3805.9414,7786500,89637300,21670292400,229532726800,3841.1456,3841.1456,3782.9919,3848.0903
131229000,3805.5201,6034600,71626100,21676327000,229604352900,3841.1456,3841.1456,3782.9919,3848.0903
131234000,3805.1594,7140900,76905900,21683467900,229681258800,3841.1456,3841.1456,3782.9919,3848.0903
131239000,3804.9987,7871000,95175000,21691338900,229776433800,3841.1456,3841.1456,3782.9919,3848.0903
131244000,3805.4996,7997900,103596100,21699336800,229880029900,3841.1456,3841.1456,3782.9919,3848.0903
131249000,3805.3077,5610600,76983200,21704947400,229957013100,3841.1456,3841.1456,3782.9919,3848.0903
131254000,3805.8147,6163300,72825500,21711110700,230029838600,3841.1456,3841.1456,3782.9919,3848.0903
131259000,3805.2682,5979700,64584500,21717090400,230094423100,3841.1456,3841.1456,3782.9919,3848.0903
131304000,3805.723,7209300,76607600,21724299700,230171030700,3841.1456,3841.1456,3782.9919,3848.0903
131309000,3805.5339,6196100,83485500,21730495800,230254516200,3841.1456,3841.1456,3782.9919,3848.0903
131314000,3806.1011,7249600,90902300,21737745400,230345418500,3841.1456,3841.1456,3782.9919,3848.0903
131319000,3805.9403,5095100,56926300,21742840500,230402344800,3841.1456,3841.1456,3782.9919,3848.0903
131324000,3806.0972,6195500,71615300,21749036000,230473960100,3841.1456,3841.1456,3782.9919,3848.0903
131329000,3805.847,5886000,78215400,21754922000,230552175500,3841.1456,3841.1456,3782.9919,3848.0903
131334000,3805.9145,5881500,72775000,21760803500,230624950500,3841.1456,3841.1456,3782.9919,3848.0903
131339000,3806.0843,6522000,75660800,21767325500,230700611300,3841.1456,3841.1456,3782.9919,3848.0903
131344000,3806.1586,6704600,74781900,21774030100,230775393200,3841.1456,3841.1456,3782.9919,3848.0903
131349000,3806.3117,3859400,51903000,21777889500,230827296200,3841.1456,3841.1456,3782.9919,3848.0903
131354000,3806.4711,6269900,77283100,21784159400,230904579300,3841.1456,3841.1456,3782.9919,3848.0903
131359000,3806.3291,5954900,71544900,21790114300,230976124200,3841.1456,3841.1456,3782.9919,3848.0903
131404000,3806.1021,4781800,63398900,21794896100,231039523100,3841.1456,3841.1456,3782.9919,3848.0903
131409000,3806.0836,6683400,77000600,21801579500,231116523700,3841.1456,3841.1456,3782.9919,3848.0903
131414000,3806.1961,6823200,82383900,21808402700,231198907600,3841.1456,3841.1456,3782.9919,3848.0903
131419000,3806.2703,4295800,47164100,21812698500,231246071700,3841.1456,3841.1456,3782.9919,3848.0903
131424000,3806.2708,5640700,67322600,21818339200,231313394300,3841.1456,3841.1456,3782.9919,3848.0903
131429000,3806.2187,6518600,72383700,21824857800,231385778000,3841.1456,3841.1456,3782.9919,3848.0903
131434000,3806.6181,6001200,69612500,21830859000,231455390500,3841.1456,3841.1456,3782.9919,3848.0903
131439000,3806.1592,7164500,77601900,21838023500,231532992400,3841.1456,3841.1456,3782.9919,3848.0903
131444000,3806.4264,5948000,75383900,21843971500,231608376300,3841.1456,3841.1456,3782.9919,3848.0903
131449000,3806.5649,5724500,60627600,21849696000,231669003900,3841.1456,3841.1456,3782.9919,3848.0903
131454000,3806.6214,6186900,84799900,21855882900,231753803800,3841.1456,3841.1456,3782.9919,3848.0903
131459000,3806.626,5130500,63653400,21861013400,231817457200,3841.1456,3841.1456,3782.9919,3848.0903
131504000,3806.7253,5233600,74941600,21866247000,231892398800,3841.1456,3841.1456,3782.9919,3848.0903
131509000,3807.0867,5508000,73032200,21871755000,231965431000,3841.1456,3841.1456,3782.9919,3848.0903
131514000,3807.2769,6881600,78357400,21878636600,232043788400,3841.1456,3841.1456,3782.9919,3848.0903
131519000,3807.2117,4465700,46009800,21883102300,232089798200,3841.1456,3841.1456,3782.9919,3848.0903
131524000,3807.1393,7127100,73580300,21890229400,232163378500,3841.1456,3841.1456,3782.9919,3848.0903
131529000,3807.0891,5816200,65498800,21896045600,232228877300,3841.1456,3841.1456,3782.9919,3848.0903
131534000,3807.1982,5879100,74494300,21901924700,232303371600,3841.1456,3841.1456,3782.9919,3848.0903
131539000,3807.1508,6483700,73650800,21908408400,232377022400,3841.1456,3841.1456,3782.9919,3848.0903
131544000,3807.3444,6018400,81943900,21914426800,232458966300,3841.1456,3841.1456,3782.9919,3848.0903
131549000,3807.707,4890100,57210400,21919316900,232516176700,3841.1456,3841.1456,3782.9919,3848.0903
131554000,3807.4745,6968100,93264700,21926285000,232609441400,3841.1456,3841.1456,3782.9919,3848.0903
131559000,3807.975,5338700,67701500,21931623700,232677142900,3841.1456,3841.1456,3782.9919,3848.0903
131604000,3807.8147,5588700,67474400,21937212400,232744617300,3841.1456,3841.1456,3782.9919,3848.0903
131609000,3808.2103,5876800,75649400,21943089200,232820266700,3841.1456,3841.1456,3782.9919,3848.0903
131614000,3807.8295,6975700,97271800,21950064900,232917538500,3841.1456,3841.1456,3782.9919,3848.0903
131619000,3807.6708,7670500,85466000,21957735400,233003004500,3841.1456,3841.1456,3782.9919,3848.0903
131624000,3807.1597,9278600,105263700,21967014000,233108268200,3841.1456,3841.1456,3782.9919,3848.0903
131629000,3807.099,7562900,97656700,21974576900,233205924900,3841.1456,3841.1456,3782.9919,3848.0903
131634000,3807.112,7392800,87553800,21981969700,233293478700,3841.1456,3841.1456,3782.9919,3848.0903
131639000,3807.3763,7968700,83190600,21989938400,233376669300,3841.1456,3841.1456,3782.9919,3848.0903
131644000,3807.0801,8475100,102623100,21998413500,233479292400,3841.1456,3841.1456,3782.9919,3848.0903
131649000,3806.7858,5567900,56316900,22003981400,233535609300,3841.1456,3841.1456,3782.9919,3848.0903
131654000,3806.7679,5939600,78099900,22009921000,233613709200,3841.1456,3841.1456,3782.9919,3848.0903
131659000,3806.6714,7320800,84083600,22017241800,233697792800,3841.1456,3841.1456,3782.9919,3848.0903
131704000,3805.9532,9035800,88177300,22026277600,233785970100,3841.1456,3841.1456,3782.9919,3848.0903
131709000,3806.0484,6579300,76043800,22032856900,233862013900,3841.1456,3841.1456,3782.9919,3848.0903
131714000,3806.1897,8954900,92055800,22041811800,233954069700,3841.1456,3841.1456,3782.9919,3848.0903
131719000,3806.5122,5315200,56839300,22047127000,234010909000,3841.1456,3841.1456,3782.9919,3848.0903
131724000,3805.8549,7408300,74696900,22054535300,234085605900,3841.1456,3841.1456,3782.9919,3848.0903
131729000,3805.7723,5440800,69135300,22059976100,234154741200,3841.1456,3841.1456,3782.9919,3848.0903
131734000,3805.9798,6133700,78753600,22066109800,234233494800,3841.1456,3841.1456,3782.9919,3848.0903
131739000,3805.7144,6679900,75481900,22072789700,234308976700,3841.1456,3841.1456,3782.9919,3848.0903
131744000,3805.2345,7754400,79398900,22080544100,234388375600,3841.1456,3841.1456,3782.9919,3848.0903
131749000,3804.6266,5303100,70017700,22085847200,234458393300,3841.1456,3841.1456,3782.9919,3848.0903
131754000,3804.6915,6965200,78058500,22092812400,234536451800,3841.1456,3841.1456,3782.9919,3848.0903
131759000,3804.6714,5295000,65153000,22098107400,234601604800,3841.1456,3841.1456,3782.9919,3848.0903
131804000,3804.4803,7272500,84345600,22105379900,234685950400,3841.1456,3841.1456,3782.9919,3848.0903
131809000,3804.4907,8582900,85514900,22113962800,234771465300,3841.1456,3841.1456,3782.9919,3848.0903
131814000,3802.9632,11480900,123732200,22125443700,234895197500,3841.1456,3841.1456,3782.9919,3848.0903
131819000,3803.0578,6575000,77343700,22132018700,234972541200,3841.1456,3841.1456,3782.9919,3848.0903
131824000,3802.94,8779300,113205200,22140798000,235085746400,3841.1456,3841.1456,3782.9919,3848.0903
131829000,3802.8407,6278200,78520200,22147076200,235164266600,3841.1456,3841.1456,3782.9919,3848.0903
131834000,3802.1823,7598800,86779400,22154675000,235251046000,3841.1456,3841.1456,3782.9919,3848.0903
131839000,3801.2348,9734100,123570700,22164409100,235374616700,3841.1456,3841.1456,3782.9919,3848.0903
131844000,3800.5743,11844100,133867500,22176253200,235508484200,3841.1456,3841.1456,3782.9919,3848.0903
131849000,3800.1821,7864800,81993500,22184118000,235590477700,3841.1456,3841.1456,3782.9919,3848.0903
131854000,3799.7718,9588400,114548600,22193706400,235705026300,3841.1456,3841.1456,3782.9919,3848.0903
131859000,3799.8902,9020000,88783700,22202726400,235793810000,3841.1456,3841.1456,3782.9919,3848.0903
131904000,3799.2621,12039900,130155600,22214766300,235923965600,3841.1456,3841.1456,3782.9919,3848.0903
131909000,3799.1182,7028100,88784200,22221794400,236012749800,3841.1456,3841.1456,3782.9919,3848.0903
131914000,3799.2158,8847700,104653200,22230642100,236117403000,3841.1456,3841.1456,3782.9919,3848.0903
131919000,3798.4892,6169500,73239900,22236811600,236190642900,3841.1456,3841.1456,3782.9919,3848.0903
131924000,3798.2454,5995000,84201200,22242806600,236274844100,3841.1456,3841.1456,3782.9919,3848.0903
131929000,3797.5657,8135300,93150200,22250941900,236367994300,3841.1456,3841.1456,3782.9919,3848.0903
131934000,3797.6019,6747900,83859900,22257689800,236451854200,3841.1456,3841.1456,3782.9919,3848.0903
131939000,3797.5742,9955800,106141000,22267645600,236557995200,3841.1456,3841.1456,3782.9919,3848.0903
131944000,3797.6238,6526300,86720200,22274171900,236644715400,3841.1456,3841.1456,3782.9919,3848.0903
131949000,3797.3185,4309100,56698700,22278481000,236701414100,3841.1456,3841.1456,3782.9919,3848.0903
131954000,3797.7164,8674900,76042800,22287155900,236777456900,3841.1456,3841.1456,3782.9919,3848.0903
131959000,3797.7339,6127500,80607300,22293283400,236858064200,3841.1456,3841.1456,3782.9919,3848.0903
132004000,3797.9233,7823900,94637700,22301107300,236952701900,3841.1456,3841.1456,3782.9919,3848.0903
132009000,3797.6981,7036600,89669600,22308143900,237042371500,3841.1456,3841.1456,3782.9919,3848.0903
132014000,3797.5732,11276000,140633900,22319419900,237183005400,3841.1456,3841.1456,3782.9919,3848.0903
132019000,3797.6976,8374500,108535900,22327794400,237291541300,3841.1456,3841.1456,3782.9919,3848.0903
132024000,3797.9141,7936300,92576000,22335730700,237384117300,3841.1456,3841.1456,3782.9919,3848.0903
132029000,3797.2168,7121700,86653200,22342852400,237470770500,3841.1456,3841.1456,3782.9919,3848.0903
132034000,3796.9881,6687400,68316900,22349539800,237539087400,3841.1456,3841.1456,3782.9919,3848.0903
132039000,3796.9855,7156400,76063900,22356696200,237615151300,3841.1456,3841.1456,3782.9919,3848.0903
132044000,3796.9119,6773600,90642400,22363469800,237705793700,3841.1456,3841.1456,3782.9919,3848.0903
132049000,3796.9114,6662100,75095300,22370131900,237780889000,3841.1456,3841.1456,3782.9919,3848.0903
132054000,3796.4909,7512900,81084700,22377644800,237861973700,3841.1456,3841.1456,3782.9919,3848.0903
132059000,3796.9018,6093700,65804100,22383738500,237927777800,3841.1456,3841.1456,3782.9919,3848.0903
132104000,3796.074,7627700,84533800,22391366200,238012311600,3841.1456,3841.1456,3782.9919,3848.0903
132109000,3796.5596,7627800,71631000,22398994000,238083942600,3841.1456,3841.1456,3782.9919,3848.0903
132114000,3796.638,6287500,73580200,22405281500,238157522800,3841.1456,3841.1456,3782.9919,3848.0903
132119000,3796.6321,4578900,50858600,22409860400,238208381400,3841.1456,3841.1456,3782.9919,3848.0903
132124000,3796.4048,6882600,78213700,22416743000,238286595100,3841.1456,3841.1456,3782.9919,3848.0903
132129000,3796.975,7514600,89723200,22424257600,238376318300,3841.1456,3841.1456,3782.9919,3848.0903
132134000,3796.7025,5047600,73083900,22429305200,238449402200,3841.1456,3841.1456,3782.9919,3848.0903
132139000,3796.7237,5594700,84983600,22434899900,238534385800,3841.1456,3841.1456,3782.9919,3848.0903
132144000,3797.3068,7408200,82382600,22442308100,238616768400,3841.1456,3841.1456,3782.9919,3848.0903
132149000,3797.4847,5675900,55651100,22447984000,238672419500,3841.1456,3841.1456,3782.9919,3848.0903
132154000,3797.5898,6400100,89269500,22454384100,238761689000,3841.1456,3841.1456,3782.9919,3848.0903
132159000,3797.4554,6202400,89103100,22460586500,238850792100,3841.1456,3841.1456,3782.9919,3848.0903
132204000,3797.3146,10387600,112067600,22470974100,238962859700,3841.1456,3841.1456,3782.9919,3848.0903
132209000,3797.0113,6330000,68509700,22477304100,239031369400,3841.1456,3841.1456,3782.9919,3848.0903
132214000,3797.0147,6843900,90426100,22484148000,239121795500,3841.1456,3841.1456,3782.9919,3848.0903
132219000,3796.4202,6153600,70652200,22490301600,239192447700,3841.1456,3841.1456,3782.9919,3848.0903
132224000,3796.4436,8884800,90967900,22499186400,239283415600,3841.1456,3841.1456,3782.9919,3848.0903
132229000,3795.7165,10227600,108147000,22509414000,239391562600,3841.1456,3841.1456,3782.9919,3848.0903
132234000,3795.0882,7750700,96616500,22517164700,239488179100,3841.1456,3841.1456,3782.9919,3848.0903
132239000,3795.1638,8508300,102965200,22525673000,239591144300,3841.1456,3841.1456,3782.9919,3848.0903
132244000,3794.8466,7897400,104405500,22533570400,239695549800,3841.1456,3841.1456,3782.9919,3848.0903
132249000,3794.0213,8501300,98554400,22542071700,239794104200,3841.1456,3841.1456,3782.9919,3848.0903
132254000,3794.043,12798200,144190600,22554869900,239938294800,3841.1456,3841.1456,3782.9919,3848.0903
132259000,3793.754,8807000,105954700,22563676900,240044249500,3841.1456,3841.1456,3782.9919,3848.0903
132304000,3792.9589,10246500,123025600,22573923400,240167275100,3841.1456,3841.1456,3782.9919,3848.0903
132309000,3792.6987,9683900,114924500,22583607300,240282199600,3841.1456,3841.1456,3782.9919,3848.0903
132314000,3792.7649,12013300,151181100,22595620600,240433380700,3841.1456,3841.1456,3782.9919,3848.0903
132319000,3792.335,8780800,101125100,22604401400,240534505800,3841.1456,3841.1456,3782.9919,3848.0903
132324000,3791.8311,8179300,112668600,22612580700,240647174400,3841.1456,3841.1456,3782.9919,3848.0903
132329000,3791.3576,8105200,108608200,22620685900,240755782600,3841.1456,3841.1456,3782.9919,3848.0903
132334000,3791.5419,7774800,104087100,22628460700,240859869700,3841.1456,3841.1456,3782.9919,3848.0903
132339000,3791.7161,9836900,140401700,22638297600,241000271400,3841.1456,3841.1456,3782.9919,3848.0903
132344000,3791.0855,10289600,129573000,22648587200,241129844400,3841.1456,3841.1456,3782.9919,3848.0903
132349000,3790.9747,5078300,68951200,22653665500,241198795600,3841.1456,3841.1456,3782.9919,3848.0903
132354000,3790.6543,7415100,93297900,22661080600,241292093500,3841.1456,3841.1456,3782.9919,3848.0903
132359000,3789.9787,8974000,107810300,22670054600,241399903800,3841.1456,3841.1456,3782.9919,3848.0903
132404000,3790.2193,9083100,117881500,22679137700,241517785300,3841.1456,3841.1456,3782.9919,3848.0903
132409000,3790.0078,8791800,96909900,22687929500,241614695200,3841.1456,3841.1456,3782.9919,3848.0903
132414000,3790.1829,9666800,111010400,22697596300,241725705600,3841.1456,3841.1456,3782.9919,3848.0903
132419000,3790.4668,5222400,64089400,22702818700,241789795000,3841.1456,3841.1456,3782.9919,3848.0903
132424000,3790.5898,7885300,93949000,22710704000,241883744000,3841.1456,3841.1456,3782.9919,3848.0903
132429000,3790.6419,8639800,81895000,22719343800,241965639000,3841.1456,3841.1456,3782.9919,3848.0903
132434000,3790.3246,6914700,80424800,22726258500,242046063800,3841.1456,3841.1456,3782.9919,3848.0903
132439000,3790.654,7206900,86170900,22733465400,242132234700,3841.1456,3841.1456,3782.9919,3848.0903
132444000,3790.4197,9209500,104695500,22742674900,242236930200,3841.1456,3841.1456,3782.9919,3848.0903
132449000,3790.7013,6696100,80755800,22749371000,242317686000,3841.1456,3841.1456,3782.9919,3848.0903
132454000,3790.2103,10070300,92226400,22759441300,242409912400,3841.1456,3841.1456,3782.9919,3848.0903
132459000,3790.4996,5724900,71056100,22765166200,242480968500,3841.1456,3841.1456,3782.9919,3848.0903
132504000,3790.5285,10922600,82158800,22776088800,242563127300,3841.1456,3841.1456,3782.9919,3848.0903
132509000,3790.6911,9452400,82754800,22785541200,242645882100,3841.1456,3841.1456,3782.9919,3848.0903
132514000,3790.6615,7945100,89541200,22793486300,242735423300,3841.1456,3841.1456,3782.9919,3848.0903
132519000,3790.6476,6426500,62055000,22799912800,242797478300,3841.1456,3841.1456,3782.9919,3848.0903
132524000,3790.749,5613200,67771400,22805526000,242865249700,3841.1456,3841.1456,3782.9919,3848.0903
132529000,3790.9738,7127700,82397400,22812653700,242947647100,3841.1456,3841.1456,3782.9919,3848.0903
132534000,3791.3092,11291100,101600300,22823944800,243049247400,3841.1456,3841.1456,3782.9919,3848.0903
132539000,3791.044,5766900,68591600,22829711700,243117839000,3841.1456,3841.1456,3782.9919,3848.0903
132544000,3790.8796,5962300,69220400,22835674000,243187059400,3841.1456,3841.1456,3782.9919,3848.0903
132549000,3791.1641,4200700,50231500,22839874700,243237290900,3841.1456,3841.1456,3782.9919,3848.0903
132554000,3791.3473,5496900,66736100,22845371600,243304027000,3841.1456,3841.1456,3782.9919,3848.0903
132559000,3791.3754,7429500,73288100,22852801100,243377315100,3841.1456,3841.1456,3782.9919,3848.0903
132604000,3791.4571,8743100,82244900,22861544200,243459560000,3841.1456,3841.1456,3782.9919,3848.0903
132609000,3791.7713,8498500,91927100,22870042700,243551487100,3841.1456,3841.1456,3782.9919,3848.0903
132614000,3791.7579,5262800,62389600,22875305500,243613876700,3841.1456,3841.1456,3782.9919,3848.0903
132619000,3791.8624,3893600,40964000,22879199100,243654840700,3841.1456,3841.1456,3782.9919,3848.0903
132624000,3792.3371,9369700,86223600,22888568800,243741064300,3841.1456,3841.1456,3782.9919,3848.0903
132629000,3791.9178,5117500,65447800,22893686300,243806512100,3841.1456,3841.1456,3782.9919,3848.0903
132634000,3791.5054,6287300,73811700,22899973600,243880323800,3841.1456,3841.1456,3782.9919,3848.0903
132639000,3792.0153,8255100,84888100,22908228700,243965211900,3841.1456,3841.1456,3782.9919,3848.0903
132644000,3791.5323,6403400,73356100,22914632100,244038568000,3841.1456,3841.1456,3782.9919,3848.0903
132649000,3792.1063,6708100,80862900,22921340200,244119430900,3841.1456,3841.1456,3782.9919,3848.0903
132654000,3792.2693,6564500,77020600,22927904700,244196451500,3841.1456,3841.1456,3782.9919,3848.0903
132659000,3791.7315,4893900,62253000,22932798600,244258704500,3841.1456,3841.1456,3782.9919,3848.0903
132704000,3792.0295,6519600,71721400,22939318200,244330425900,3841.1456,3841.1456,3782.9919,3848.0903
132709000,3792.2007,8467400,90060100,22947785600,244420486000,3841.1456,3841.1456,3782.9919,3848.0903
132714000,3792.3239,5493100,69108100,22953278700,244489594100,3841.1456,3841.1456,3782.9919,3848.0903
132719000,3792.5769,4144800,43608000,22957423500,244533202100,3841.1456,3841.1456,3782.9919,3848.0903
132724000,3792.5031,6593600,65035200,22964017100,244598237300,3841.1456,3841.1456,3782.9919,3848.0903
132729000,3792.3424,6624700,70965900,22970641800,244669203200,3841.1456,3841.1456,3782.9919,3848.0903
132734000,3792.3789,3801700,58509300,22974443500,244727712500,3841.1456,3841.1456,3782.9919,3848.0903
132739000,3792.3598,6987600,83721800,22981431100,244811434300,3841.1456,3841.1456,3782.9919,3848.0903
132744000,3792.7386,6903600,82038200,22988334700,244893472500,3841.1456,3841.1456,3782.9919,3848.0903
132749000,3792.7642,3193300,40318500,22991528000,244933791000,3841.1456,3841.1456,3782.9919,3848.0903
132754000,3792.6682,5090400,61095100,22996618400,244994886100,3841.1456,3841.1456,3782.9919,3848.0903
132759000,3793.0704,4905500,55887400,23001523900,245050773500,3841.1456,3841.1456,3782.9919,3848.0903
132804000,3792.8435,5602200,76506600,23007126100,245127280100,3841.1456,3841.1456,3782.9919,3848.0903
132809000,3793.057,6756900,82920900,23013883000,245210201000,3841.1456,3841.1456,3782.9919,3848.0903
132814000,3792.93,6779700,88586800,23020662700,245298787800,3841.1456,3841.1456,3782.9919,3848.0903
132819000,3793.0568,3305600,41225200,23023968300,245340013000,3841.1456,3841.1456,3782.9919,3848.0903
132824000,3793.4062,6654300,80889700,23030622600,245420902700,3841.1456,3841.1456,3782.9919,3848.0903
132829000,3793.746,5176700,59184800,23035799300,245480087500,3841.1456,3841.1456,3782.9919,3848.0903
132834000,3793.5334,6099600,70934200,23041898900,245551021700,3841.1456,3841.1456,3782.9919,3848.0903
132839000,3793.8297,7872800,73317700,23049771700,245624339400,3841.1456,3841.1456,3782.9919,3848.0903
132844000,3793.5828,8144200,92380400,23057915900,245716719800,3841.1456,3841.1456,3782.9919,3848.0903
132849000,3793.8362,5610000,50242000,23063525900,245766961800,3841.1456,3841.1456,3782.9919,3848.0903
132854000,3793.9436,5882500,72875500,23069408400,245839837300,3841.1456,3841.1456,3782.9919,3848.0903
132859000,3794.0232,6298700,66711600,23075707100,245906548900,3841.1456,3841.1456,3782.9919,3848.0903
132904000,3794.225,3608800,44267200,23079315900,245950816100,3841.1456,3841.1456,3782.9919,3848.0903
132909000,3794.3451,5752600,61741600,23085068500,246012557700,3841.1456,3841.1456,3782.9919,3848.0903
132914000,3794.7719,4870200,56165400,23089938700,246068723100,3841.1456,3841.1456,3782.9919,3848.0903
132919000,3794.5801,3601400,46387400,23093540100,246115110500,3841.1456,3841.1456,3782.9919,3848.0903
132924000,3794.641,6733300,72247000,23100273400,246187357500,3841.1456,3841.1456,3782.9919,3848.0903
132929000,3794.8156,4287600,56304500,23104561000,246243662000,3841.1456,3841.1456,3782.9919,3848.0903
132934000,3794.6965,4450600,57143200,23109011600,246300805200,3841.1456,3841.1456,3782.9919,3848.0903
132939000,3794.6974,7898300,77167300,23116909900,246377972500,3841.1456,3841.1456,3782.9919,3848.0903
132944000,3794.8346,7632600,78664800,23124542500,246456637300,3841.1456,3841.1456,3782.9919,3848.0903
132949000,3794.5796,2767100,38116800,23127309600,246494754100,3841.1456,3841.1456,3782.9919,3848.0903
132954000,3795.0966,6571400,73136300,23133881000,246567890400,3841.1456,3841.1456,3782.9919,3848.0903
132959000,3795.2013,5388900,71241000,23139269900,246639131400,3841.1456,3841.1456,3782.9919,3848.0903
133004000,3795.0249,5091700,60893200,23144361600,246700024600,3841.1456,3841.1456,3782.9919,3848.0903
133009000,3795.3204,8565600,86095700,23152927200,246786120300,3841.1456,3841.1456,3782.9919,3848.0903
133014000,3795.4054,6976400,74335900,23159903600,246860456200,3841.1456,3841.1456,3782.9919,3848.0903
133019000,3795.341,4128100,47097400,23164031700,246907553600,3841.1456,3841.1456,3782.9919,3848.0903
133024000,3794.9839,7867700,75879300,23171899400,246983432900,3841.1456,3841.1456,3782.9919,3848.0903
133029000,3795.1765,5061500,58480800,23176960900,247041913700,3841.1456,3841.1456,3782.9919,3848.0903
133034000,3795.3395,6405200,65267400,23183366100,247107181100,3841.1456,3841.1456,3782.9919,3848.0903
133039000,3794.9791,11366100,95923200,23194732200,247203104300,3841.1456,3841.1456,3782.9919,3848.0903
133044000,3795.0976,7587500,86133500,23202319700,247289237800,3841.1456,3841.1456,3782.9919,3848.0903
133049000,3795.0907,3541800,49345000,23205861500,247338582800,3841.1456,3841.1456,3782.9919,3848.0903
133054000,3795.2693,6239000,68615600,23212100500,247407198400,3841.1456,3841.1456,3782.9919,3848.0903
133059000,3795.6787,5395600,54572900,23217496100,247461771300,3841.1456,3841.1456,3782.9919,3848.0903
133104000,3794.9188,5206300,63036200,23222702400,247524807500,3841.1456,3841.1456,3782.9919,3848.0903
133109000,3795.406,8947500,89274100,23231649900,247614081600,3841.1456,3841.1456,3782.9919,3848.0903
133114000,3795.344,6537700,70973300,23238187600,247685054900,3841.1456,3841.1456,3782.9919,3848.0903
133119000,3795.2961,3905800,56550100,23242093400,247741605000,3841.1456,3841.1456,3782.9919,3848.0903
133124000,3795.4786,5892900,74043200,23247986300,247815648200,3841.1456,3841.1456,3782.9919,3848.0903
133129000,3795.569,4593600,58141700,23252579900,247873789900,3841.1456,3841.1456,3782.9919,3848.0903
133134000,3795.4714,5293300,58342700,23257873200,247932132600,3841.1456,3841.1456,3782.9919,3848.0903
133139000,3795.6934,7856600,90726400,23265729800,248022859000,3841.1456,3841.1456,3782.9919,3848.0903
133144000,3795.5442,7784800,88713100,23273514600,248111572100,3841.1456,3841.1456,3782.9919,3848.0903
133149000,3795.8453,4353200,46000800,23277867800,248157572900,3841.1456,3841.1456,3782.9919,3848.0903
133154000,3796.1254,6171500,72225000,23284039300,248229797900,3841.1456,3841.1456,3782.9919,3848.0903
133159000,3795.6102,5609400,68820100,23289648700,248298618000,3841.1456,3841.1456,3782.9919,3848.0903
133204000,3795.4496,5101900,56632500,23294750600,248355250500,3841.1456,3841.1456,3782.9919,3848.0903
133209000,3795.6708,4651900,58496200,23299402500,248413746700,3841.1456,3841.1456,3782.9919,3848.0903
133214000,3795.481,6816100,80915600,23306218600,248494662300,3841.1456,3841.1456,3782.9919,3848.0903
133219000,3795.2306,3331500,42427000,23309550100,248537089300,3841.1456,3841.1456,3782.9919,3848.0903
133224000,3795.8418,5987600,73973600,23315537700,248611062900,3841.1456,3841.1456,3782.9919,3848.0903
133229000,3795.6197,5617700,67898200,23321155400,248678961100,3841.1456,3841.1456,3782.9919,3848.0903
133234000,3795.7414,7037800,81932900,23328193200,248760894000,3841.1456,3841.1456,3782.9919,3848.0903
133239000,3795.3248,7742500,97662000,23335935700,248858556000,3841.1456,3841.1456,3782.9919,3848.0903
133244000,3795.7294,8391700,106549100,23344327400,248965105100,3841.1456,3841.1456,3782.9919,3848.0903
133249000,3795.7963,5940600,61979500,23350268000,249027084600,3841.1456,3841.1456,3782.9919,3848.0903
133254000,3795.8329,9412800,108474000,23359680800,249135558600,3841.1456,3841.1456,3782.9919,3848.0903
133259000,3795.6549,5422600,69036200,23365103400,249204594800,3841.1456,3841.1456,3782.9919,3848.0903
133304000,3795.5701,5025800,67133800,23370129200,249271728600,3841.1456,3841.1456,3782.9919,3848.0903
133309000,3795.4323,8321900,95724000,23378451100,249367452600,3841.1456,3841.1456,3782.9919,3848.0903
133314000,3795.6183,9875800,109458900,23388326900,249476911500,3841.1456,3841.1456,3782.9919,3848.0903
133319000,3795.7222,4044300,44271400,23392371200,249521182900,3841.1456,3841.1456,3782.9919,3848.0903
133324000,3795.3658,8058700,98042700,23400429900,249619225600,3841.1456,3841.1456,3782.9919,3848.0903
133329000,3795.4027,7867400,79959200,23408297300,249699184800,3841.1456,3841.1456,3782.9919,3848.0903
133334000,3795.4574,6628900,68795500,23414926200,249767980300,3841.1456,3841.1456,3782.9919,3848.0903
133339000,3795.3018,7235100,87470500,23422161300,249855450800,3841.1456,3841.1456,3782.9919,3848.0903
133344000,3795.116,8069900,96880800,23430231200,249952331600,3841.1456,3841.1456,3782.9919,3848.0903
133349000,3795.3523,5120200,51219600,23435351400,250003551200,3841.1456,3841.1456,3782.9919,3848.0903
133354000,3794.564,7335900,82031800,23442687300,250085583000,3841.1456,3841.1456,3782.9919,3848.0903
133359000,3794.8405,8041800,81331200,23450729100,250166914200,3841.1456,3841.1456,3782.9919,3848.0903
133404000,3794.3793,6664100,90760500,23457393200,250257674700,3841.1456,3841.1456,3782.9919,3848.0903
133409000,3794.2649,7632800,92406200,23465026000,250350080900,3841.1456,3841.1456,3782.9919,3848.0903
133414000,3794.0824,7771600,99271600,23472797600,250449352500,3841.1456,3841.1456,3782.9919,3848.0903
133419000,3793.9209,4632700,44782600,23477430300,250494135100,3841.1456,3841.1456,3782.9919,3848.0903
133424000,3793.8784,8556400,86476400,23485986700,250580611500,3841.1456,3841.1456,3782.9919,3848.0903
133429000,3793.7761,5663700,71701500,23491650400,250652313000,3841.1456,3841.1456,3782.9919,3848.0903
133434000,3793.7717,6147000,61133300,23497797400,250713446300,3841.1456,3841.1456,3782.9919,3848.0903
133439000,3794.0114,7049200,76432300,23504846600,250789878600,3841.1456,3841.1456,3782.9919,3848.0903
133444000,3793.3823,7999200,99889900,23512845800,250889768500,3841.1456,3841.1456,3782.9919,3848.0903
133449000,3793.5782,5610400,53171500,23518456200,250942940000,3841.1456,3841.1456,3782.9919,3848.0903
133454000,3793.9162,5892200,80755100,23524348400,251023695100,3841.1456,3841.1456,3782.9919,3848.0903
133459000,3793.4939,7646400,85681700,23531994800,251109376800,3841.1456,3841.1456,3782.9919,3848.0903
133504000,3793.1296,5693900,61498700,23537688700,251170875500,3841.1456,3841.1456,3782.9919,3848.0903
133509000,3793.4819,6962200,79766300,23544650900,251250641800,3841.1456,3841.1456,3782.9919,3848.0903
133514000,3793.5361,6584300,82493100,23551235200,251333134900,3841.1456,3841.1456,3782.9919,3848.0903
133519000,3793.3506,5839300,58458700,23557074500,251391593600,3841.1456,3841.1456,3782.9919,3848.0903
133524000,3793.1803,9141900,87859800,23566216400,251479453400,3841.1456,3841.1456,3782.9919,3848.0903
133529000,3793.1271,7484000,67883400,23573700400,251547336800,3841.1456,3841.1456,3782.9919,3848.0903
133534000,3793.1984,9053500,77656200,23582753900,251624993000,3841.1456,3841.1456,3782.9919,3848.0903
133539000,3793.124,9604200,80872000,23592358100,251705865000,3841.1456,3841.1456,3782.9919,3848.0903
133544000,3793.1329,6385800,83103600,23598743900,251788968600,3841.1456,3841.1456,3782.9919,3848.0903
133549000,3793.0772,5358100,55571600,23604102000,251844540200,3841.1456,3841.1456,3782.9919,3848.0903
133554000,3793.4527,9646000,100114000,23613748000,251944654200,3841.1456,3841.1456,3782.9919,3848.0903
133559000,3793.8321,7177600,72788700,23620925600,252017442900,3841.1456,3841.1456,3782.9919,3848.0903
133604000,3793.5867,5028500,59998000,23625954100,252077440900,3841.1456,3841.1456,3782.9919,3848.0903
133609000,3793.58,8581000,87649200,23634535100,252165090100,3841.1456,3841.1456,3782.9919,3848.0903
133614000,3793.429,8826400,75002100,23643361500,252240092200,3841.1456,3841.1456,3782.9919,3848.0903
133619000,3793.134,4737300,52283100,23648098800,252292375300,3841.1456,3841.1456,3782.9919,3848.0903
133624000,3793.4016,7835000,85061700,23655933800,252377437000,3841.1456,3841.1456,3782.9919,3848.0903
133629000,3793.3084,7215700,75440600,23663149500,252452877600,3841.1456,3841.1456,3782.9919,3848.0903
133634000,3793.1284,6040900,70935100,23669190400,252523812700,3841.1456,3841.1456,3782.9919,3848.0903
133639000,3793.1284,7552000,77919400,23676742400,252601732100,3841.1456,3841.1456,3782.9919,3848.0903
133644000,3793.2442,7264400,91461600,23684006800,252693193700,3841.1456,3841.1456,3782.9919,3848.0903
133649000,3793.2955,4807300,48152500,23688814100,252741346200,3841.1456,3841.1456,3782.9919,3848.0903
133654000,3793.2901,6022500,69906700,23694836600,252811252900,3841.1456,3841.1456,3782.9919,3848.0903
133659000,3793.3093,5574800,67034600,23700411400,252878287500,3841.1456,3841.1456,3782.9919,3848.0903
133704000,3793.1888,4587300,58489500,23704998700,252936777000,3841.1456,3841.1456,3782.9919,3848.0903
133709000,3792.8628,6798100,80057600,23711796800,253016834600,3841.1456,3841.1456,3782.9919,3848.0903
133714000,3793.11,6000100,82560100,23717796900,253099394700,3841.1456,3841.1456,3782.9919,3848.0903
133719000,3793.0804,4165400,43391200,23721962300,253142785900,3841.1456,3841.1456,3782.9919,3848.0903
133724000,3793.0132,8501900,82516300,23730464200,253225302200,3841.1456,3841.1456,3782.9919,3848.0903
133729000,3792.6904,6385800,73166200,23736850000,253298468400,3841.1456,3841.1456,3782.9919,3848.0903
133734000,3792.858,5762700,65401400,23742612700,253363869800,3841.1456,3841.1456,3782.9919,3848.0903
133739000,3792.4271,5235000,68088300,23747847700,253431958100,3841.1456,3841.1456,3782.9919,3848.0903
133744000,3792.6594,6364400,94279300,23754212100,253526237400,3841.1456,3841.1456,3782.9919,3848.0903
133749000,3792.4365,3130600,35275200,23757342700,253561512600,3841.1456,3841.1456,3782.9919,3848.0903
133754000,3792.7175,8640500,108537000,23765983200,253670049600,3841.1456,3841.1456,3782.9919,3848.0903
133759000,3792.8976,6472900,75876000,23772456100,253745925600,3841.1456,3841.1456,3782.9919,3848.0903
133804000,3792.6955,5742900,76648900,23778199000,253822574500,3841.1456,3841.1456,3782.9919,3848.0903
133809000,3792.086,9395500,102777000,23787594500,253925351500,3841.1456,3841.1456,3782.9919,3848.0903
133814000,3791.353,14626300,143832900,23802220800,254069184400,3841.1456,3841.1456,3782.9919,3848.0903
133819000,3790.3293,9083000,120517500,23811303800,254189701900,3841.1456,3841.1456,3782.9919,3848.0903
133824000,3790.5132,16463500,169363100,23827767300,254359065000,3841.1456,3841.1456,3782.9919,3848.0903
133829000,3789.8597,7928500,101839100,23835695800,254460904100,3841.1456,3841.1456,3782.9919,3848.0903
133834000,3789.0487,14755200,184674400,23850451000,254645578500,3841.1456,3841.1456,3782.9919,3848.0903
133839000,3787.7944,16686400,198856600,23867137400,254844435100,3841.1456,3841.1456,3782.9919,3848.0903
133844000,3787.5413,16729900,205042600,23883867300,255049477700,3841.1456,3841.1456,3782.9919,3848.0903
133849000,3787.6033,8584300,98365000,23892451600,255147842700,3841.1456,3841.1456,3782.9919,3848.0903
133854000,3786.7149,14512700,162883300,23906964300,255310726000,3841.1456,3841.1456,3782.9919,3848.0903
133859000,3786.1396,10906300,133795100,23917870600,255444521100,3841.1456,3841.1456,3782.9919,3848.0903
133904000,3785.7009,11490400,154378100,23929361000,255598899200,3841.1456,3841.1456,3782.9919,3848.0903
133909000,3785.2151,14014700,215856300,23943375700,255814755500,3841.1456,3841.1456,3782.9919,3848.0903
133914000,3784.9814,13978400,162785600,23957354100,255977541100,3841.1456,3841.1456,3782.9919,3848.0903
133919000,3784.7028,12468800,145323800,23969822900,256122864900,3841.1456,3841.1456,3782.9919,3848.0903
133924000,3784.3204,11228600,132180500,23981051500,256255045400,3841.1456,3841.1456,3782.9919,3848.0903
133929000,3784.0767,14238600,145733600,23995290100,256400779000,3841.1456,3841.1456,3782.9919,3848.0903
133934000,3783.7964,18503900,142386100,24013794000,256543165100,3841.1456,3841.1456,3782.9919,3848.0903
133939000,3783.1952,13237500,150110600,24027031500,256693275700,3841.1456,3841.1456,3782.9919,3848.0903
133944000,3782.7272,13710900,160738800,24040742400,256854014500,3841.1456,3841.1456,3782.7272,3848.0903
133949000,3782.5065,8740300,93149800,24049482700,256947164300,3841.1456,3841.1456,3782.5065,3848.0903
133954000,3782.0625,14086200,133655800,24063568900,257080820100,3841.1456,3841.1456,3782.0625,3848.0903
133959000,3782.0352,10913800,120834900,24074482700,257201655000,3841.1456,3841.1456,3781.9546,3848.0903
134004000,3781.7119,10712100,116323100,24085194800,257317978100,3841.1456,3841.1456,3781.7119,3848.0903
134009000,3781.0797,13181800,147310600,24098376600,257465288700,3841.1456,3841.1456,3781.0797,3848.0903
134014000,3780.9133,10965500,131754600,24109342100,257597043300,3841.1456,3841.1456,3780.9031,3848.0903
134019000,3780.6845,6513300,78247600,24115855400,257675290900,3841.1456,3841.1456,3780.6845,3848.0903
134024000,3780.4313,14642600,142719100,24130498000,257818010000,3841.1456,3841.1456,3780.4313,3848.0903
134029000,3779.8327,10966100,128606200,24141464100,257946616200,3841.1456,3841.1456,3779.8327,3848.0903
134034000,3780.4683,15105600,149043500,24156569700,258095659700,3841.1456,3841.1456,3779.8327,3848.0903
134039000,3779.3868,13848500,130716500,24170418200,258226376200,3841.1456,3841.1456,3779.3868,3848.0903
134044000,3779.8518,12302100,128514900,24182720300,258354891100,3841.1456,3841.1456,3779.3868,3848.0903
134049000,3779.7161,7242600,72256300,24189962900,258427147400,3841.1456,3841.1456,3779.3868,3848.0903
134054000,3779.3103,14316000,136900800,24204278900,258564048200,3841.1456,3841.1456,3779.3103,3848.0903
134059000,3778.8669,10794200,98046100,24215073100,258662094300,3841.1456,3841.1456,3778.8669,3848.0903
134104000,3778.9647,9319500,115111900,24224392600,258777206200,3841.1456,3841.1456,3778.8309,3848.0903
134109000,3778.8004,11969300,127008000,24236361900,258904214200,3841.1456,3841.1456,3778.8004,3848.0903
134114000,3779.361,12018800,142210200,24248380700,259046424400,3841.1456,3841.1456,3778.8004,3848.0903
134119000,3779.112,15662600,122017400,24264043300,259168441800,3841.1456,3841.1456,3778.8004,3848.0903
134124000,3779.3709,23891200,181142200,24287934500,259349584000,3841.1456,3841.1456,3778.8004,3848.0903
134129000,3779.9187,15200100,130441800,24303134600,259480025800,3841.1456,3841.1456,3778.8004,3848.0903
134134000,3779.5666,8044500,92458400,24311179100,259572484200,3841.1456,3841.1456,3778.8004,3848.0903
134139000,3780.0053,13082700,133922100,24324261800,259706406300,3841.1456,3841.1456,3778.8004,3848.0903
134144000,3780.039,14847600,141762400,24339109400,259848168700,3841.1456,3841.1456,3778.8004,3848.0903
134149000,3780.3454,9559800,75339900,24348669200,259923508600,3841.1456,3841.1456,3778.8004,3848.0903
134154000,3780.1328,21200200,155020800,24369869400,260078529400,3841.1456,3841.1456,3778.8004,3848.0903
134159000,3780.0403,14763000,113420400,24384632400,260191949800,3841.1456,3841.1456,3778.8004,3848.0903
134204000,3780.0458,8066000,91058500,24392698400,260283008300,3841.1456,3841.1456,3778.8004,3848.0903
134209000,3780.1175,10976300,97752800,24403674700,260380761100,3841.1456,3841.1456,3778.8004,3848.0903
134214000,3780.6124,11968200,112839600,24415642900,260493600700,3841.1456,3841.1456,3778.8004,3848.0903
134219000,3780.5691,7068600,70279500,24422711500,260563880200,3841.1456,3841.1456,3778.8004,3848.0903
134224000,3780.5429,7744100,85856200,24430455600,260649736400,3841.1456,3841.1456,3778.8004,3848.0903
134229000,3780.7065,6311600,66667000,24436767200,260716403400,3841.1456,3841.1456,3778.8004,3848.0903
134234000,3781.0962,7336200,84922900,24444103400,260801326300,3841.1456,3841.1456,3778.8004,3848.0903
134239000,3780.9012,10014600,95694100,24454118000,260897020400,3841.1456,3841.1456,3778.8004,3848.0903
134244000,3781.9912,11837800,130439300,24465955800,261027459700,3841.1456,3841.1456,3778.8004,3848.0903
134249000,3781.56,4876700,59633900,24470832500,261087093600,3841.1456,3841.1456,3778.8004,3848.0903
134254000,3781.7285,9790600,100305400,24480623100,261187399000,3841.1456,3841.1456,3778.8004,3848.0903
134259000,3782.1181,7066500,72867400,24487689600,261260266400,3841.1456,3841.1456,3778.8004,3848.0903
134304000,3782.1092,8515100,80962600,24496204700,261341229000,3841.1456,3841.1456,3778.8004,3848.0903
134309000,3781.7291,10540900,101453400,24506745600,261442682400,3841.1456,3841.1456,3778.8004,3848.0903
134314000,3782.2356,6884500,89692100,24513630100,261532374500,3841.1456,3841.1456,3778.8004,3848.0903
134319000,3782.3208,4876100,54495700,24518506200,261586870200,3841.1456,3841.1456,3778.8004,3848.0903
134324000,3782.3161,8609500,90761200,24527115700,261677631400,3841.1456,3841.1456,3778.8004,3848.0903
134329000,3782.1896,7216000,94202400,24534331700,261771833800,3841.1456,3841.1456,3778.8004,3848.0903
134334000,3782.4274,10550500,96331100,24544882200,261868164900,3841.1456,3841.1456,3778.8004,3848.0903
134339000,3781.8473,8179300,85153700,24553061500,261953318600,3841.1456,3841.1456,3778.8004,3848.0903
134344000,3782.1103,8296400,91371100,24561357900,262044689700,3841.1456,3841.1456,3778.8004,3848.0903
134349000,3782.3575,6744900,60340900,24568102800,262105030600,3841.1456,3841.1456,3778.8004,3848.0903
134354000,3782.3759,10619700,95797300,24578722500,262200827900,3841.1456,3841.1456,3778.8004,3848.0903
134359000,3782.2725,7517700,71184700,24586240200,262272012600,3841.1456,3841.1456,3778.8004,3848.0903
134404000,3782.7314,5972000,70620600,24592212200,262342633200,3841.1456,3841.1456,3778.8004,3848.0903
134409000,3782.8063,5937400,73432300,24598149600,262416065500,3841.1456,3841.1456,3778.8004,3848.0903
134414000,3782.715,6385600,80130200,24604535200,262496195700,3841.1456,3841.1456,3778.8004,3848.0903
134419000,3782.8187,5622600,57913300,24610157800,262554109000,3841.1456,3841.1456,3778.8004,3848.0903
134424000,3782.9985,5853200,74133000,24616011000,262628242000,3841.1456,3841.1456,3778.8004,3848.0903
134429000,3783.5245,5229600,58169200,24621240600,262686411200,3841.1456,3841.1456,3778.8004,3848.0903
134434000,3783.3505,6460500,71631400,24627701100,262758042600,3841.1456,3841.1456,3778.8004,3848.0903
134439000,3783.5824,6759500,87905400,24634460600,262845948000,3841.1456,3841.1456,3778.8004,3848.0903
134444000,3784.0863,7169200,92080200,24641629800,262938028200,3841.1456,3841.1456,3778.8004,3848.0903
134449000,3784.3112,5058200,55823300,24646688000,262993851500,3841.1456,3841.1456,3778.8004,3848.0903
134454000,3784.3395,7156100,91673900,24653844100,263085525400,3841.1456,3841.1456,3778.8004,3848.0903
134459000,3784.6511,6576500,70816600,24660420600,263156342000,3841.1456,3841.1456,3778.8004,3848.0903
134504000,3785.1892,5098600,63829400,24665519200,263220171400,3841.1456,3841.1456,3778.8004,3848.0903
134509000,3785.0344,6901600,87680700,24672420800,263307852100,3841.1456,3841.1456,3778.8004,3848.0903
134514000,3785.3147,5925800,81567800,24678346600,263389419900,3841.1456,3841.1456,3778.8004,3848.0903
134519000,3785.4409,3558900,36762200,24681905500,263426182100,3841.1456,3841.1456,3778.8004,3848.0903
134524000,3785.8624,6384600,74688000,24688290100,263500870100,3841.1456,3841.1456,3778.8004,3848.0903
134529000,3786.204,6121700,74204500,24694411800,263575074600,3841.1456,3841.1456,3778.8004,3848.0903
134534000,3786.7488,4431400,68864000,24698843200,263643938600,3841.1456,3841.1456,3778.8004,3848.0903
134539000,3786.7821,6760100,81702900,24705603300,263725641500,3841.1456,3841.1456,3778.8004,3848.0903
134544000,3787.5966,6707800,102865300,24712311100,263828506800,3841.1456,3841.1456,3778.8004,3848.0903
134549000,3788.4243,4092200,51287000,24716403300,263879793800,3841.1456,3841.1456,3778.8004,3848.0903
134554000,3788.9917,7694700,96194500,24724098000,263975988300,3841.1456,3841.1456,3778.8004,3848.0903
134559000,3790.7053,6379700,85729100,24730477700,264061717400,3841.1456,3841.1456,3778.8004,3848.0903
134604000,3791.5479,11738400,142559100,24742216100,264204276500,3841.1456,3841.1456,3778.8004,3848.0903
134609000,3791.9578,9776500,122329500,24751992600,264326606000,3841.1456,3841.1456,3778.8004,3848.0903
134614000,3792.3854,7092600,87273100,24759085200,264413879100,3841.1456,3841.1456,3778.8004,3848.0903
134619000,3792.7158,4660200,53209900,24763745400,264467089000,3841.1456,3841.1456,3778.8004,3848.0903
134624000,3792.7561,7163000,91685400,24770908400,264558774400,3841.1456,3841.1456,3778.8004,3848.0903
134629000,3793.0119,5593900,71179600,24776502300,264629954000,3841.1456,3841.1456,3778.8004,3848.0903
134634000,3793.7207,5548000,83995500,24782050300,264713949500,3841.1456,3841.1456,3778.8004,3848.0903
134639000,3794.6115,7752400,113596000,24789802700,264827545500,3841.1456,3841.1456,3778.8004,3848.0903
134644000,3795.0063,7508000,109927000,24797310700,264937472500,3841.1456,3841.1456,3778.8004,3848.0903
134649000,3795.6173,5252800,70800800,24802563500,265008273300,3841.1456,3841.1456,3778.8004,3848.0903
134654000,3795.8089,6918200,90101200,24809481700,265098374500,3841.1456,3841.1456,3778.8004,3848.0903
134659000,3796.4749,6491300,84318400,24815973000,265182692900,3841.1456,3841.1456,3778.8004,3848.0903
134704000,3796.8081,7150300,84873300,24823123300,265267566200,3841.1456,3841.1456,3778.8004,3848.0903
134709000,3796.6455,7759600,102118700,24830882900,265369684900,3841.1456,3841.1456,3778.8004,3848.0903
134714000,3797.0653,5440100,80291800,24836323000,265449976700,3841.1456,3841.1456,3778.8004,3848.0903
134719000,3797.0742,3751300,47401200,24840074300,265497377900,3841.1456,3841.1456,3778.8004,3848.0903
134724000,3797.6776,5908700,75514600,24845983000,265572892500,3841.1456,3841.1456,3778.8004,3848.0903
134729000,3797.8562,5019500,85113800,24851002500,265658006300,3841.1456,3841.1456,3778.8004,3848.0903
134734000,3797.9008,4057300,54872300,24855059800,265712878600,3841.1456,3841.1456,3778.8004,3848.0903
134739000,3798.0914,7203000,96229900,24862262800,265809108500,3841.1456,3841.1456,3778.8004,3848.0903
134744000,3798.3016,5877700,93601200,24868140500,265902709700,3841.1456,3841.1456,3778.8004,3848.0903
134749000,3798.7478,3392700,54192900,24871533200,265956902600,3841.1456,3841.1456,3778.8004,3848.0903
134754000,3798.7242,5366300,98261300,24876899500,266055163900,3841.1456,3841.1456,3778.8004,3848.0903
134759000,3798.8414,5176400,76293000,24882075900,266131456900,3841.1456,3841.1456,3778.8004,3848.0903
134804000,3799.1893,4611900,62708200,24886687800,266194165100,3841.1456,3841.1456,3778.8004,3848.0903
134809000,3799.5612,5891300,78876400,24892579100,266273041500,3841.1456,3841.1456,3778.8004,3848.0903
134814000,3798.6768,8414300,99892700,24900993400,266372934200,3841.1456,3841.1456,3778.8004,3848.0903
134819000,3799.0693,3800300,62475800,24904793700,266435410000,3841.1456,3841.1456,3778.8004,3848.0903
134824000,3799.0726,5450600,91432300,24910244300,266526842300,3841.1456,3841.1456,3778.8004,3848.0903
134829000,3798.998,5701000,132482700,24915945300,266659325000,3841.1456,3841.1456,3778.8004,3848.0903
134834000,3799.2507,4965200,71487500,24920910500,266730812500,3841.1456,3841.1456,3778.8004,3848.0903
134839000,3799.6964,6191400,87401600,24927101900,266818214100,3841.1456,3841.1456,3778.8004,3848.0903
134844000,3798.777,7707300,125369200,24934809200,266943583300,3841.1456,3841.1456,3778.8004,3848.0903
134849000,3799.5711,2781600,54866900,24937590800,266998450200,3841.1456,3841.1456,3778.8004,3848.0903
134854000,3799.4461,7857800,92848000,24945448600,267091298200,3841.1456,3841.1456,3778.8004,3848.0903
134859000,3799.5601,6328600,92681600,24951777200,267183979800,3841.1456,3841.1456,3778.8004,3848.0903
134904000,3799.4494,5281000,74303100,24957058200,267258282900,3841.1456,3841.1456,3778.8004,3848.0903
134909000,3799.5062,7612300,102209900,24964670500,267360492800,3841.1456,3841.1456,3778.8004,3848.0903
134914000,3799.5773,5137900,70763700,24969808400,267431256500,3841.1456,3841.1456,3778.8004,3848.0903
134919000,3799.7303,3238600,47578500,24973047000,267478835000,3841.1456,3841.1456,3778.8004,3848.0903
134924000,3799.4755,5672100,81798300,24978719100,267560633300,3841.1456,3841.1456,3778.8004,3848.0903
134929000,3799.4397,3681100,61537100,24982400200,267622170400,3841.1456,3841.1456,3778.8004,3848.0903
134934000,3799.1701,6640500,72787500,24989040700,267694957900,3841.1456,3841.1456,3778.8004,3848.0903
134939000,3799.0794,7410500,90329600,24996451200,267785287500,3841.1456,3841.1456,3778.8004,3848.0903
134944000,3798.3473,4587600,70066200,25001038800,267855353700,3841.1456,3841.1456,3778.8004,3848.0903
134949000,3798.4145,3977900,53314900,25005016700,267908668600,3841.1456,3841.1456,3778.8004,3848.0903
134954000,3798.5224,5691100,89437100,25010707800,267998105700,3841.1456,3841.1456,3778.8004,3848.0903
134959000,3798.2259,5114300,60270200,25015822100,268058375900,3841.1456,3841.1456,3778.8004,3848.0903
135004000,3798.6941,4971300,84122100,25020793400,268142498000,3841.1456,3841.1456,3778.8004,3848.0903
135009000,3798.0852,7075400,84636800,25027868800,268227134800,3841.1456,3841.1456,3778.8004,3848.0903
135014000,3798.0458,5589400,86407200,25033458200,268313542000,3841.1456,3841.1456,3778.8004,3848.0903
135019000,3798.3262,3824900,54479900,25037283100,268368021900,3841.1456,3841.1456,3778.8004,3848.0903
135024000,3798.0181,5111500,74421700,25042394600,268442443600,3841.1456,3841.1456,3778.8004,3848.0903
135029000,3797.5961,4525000,75389600,25046919600,268517833200,3841.1456,3841.1456,3778.8004,3848.0903
135034000,3797.5636,4405200,67462000,25051324800,268585295200,3841.1456,3841.1456,3778.8004,3848.0903
135039000,3797.7795,6143300,80949300,25057468100,268666244500,3841.1456,3841.1456,3778.8004,3848.0903
135044000,3797.4736,4976500,70269400,25062444600,268736513900,3841.1456,3841.1456,3778.8004,3848.0903
135049000,3797.7062,4417100,57221600,25066861700,268793735500,3841.1456,3841.1456,3778.8004,3848.0903
135054000,3797.6626,5371500,67643600,25072233200,268861379100,3841.1456,3841.1456,3778.8004,3848.0903
135059000,3797.6829,3866700,63743400,25076099900,268925122500,3841.1456,3841.1456,3778.8004,3848.0903
135104000,3797.6313,4446600,62845200,25080546500,268987967700,3841.1456,3841.1456,3778.8004,3848.0903
135109000,3797.4598,5086100,67498100,25085632600,269055465800,3841.1456,3841.1456,3778.8004,3848.0903
135114000,3797.384,4604800,63652100,25090237400,269119117900,3841.1456,3841.1456,3778.8004,3848.0903
135119000,3796.9302,4453900,55964800,25094691300,269175082700,3841.1456,3841.1456,3778.8004,3848.0903
135124000,3797.2938,4532600,64264400,25099223900,269239347100,3841.1456,3841.1456,3778.8004,3848.0903
135129000,3797.1041,4764000,56014600,25103987900,269295361700,3841.1456,3841.1456,3778.8004,3848.0903
135134000,3797.1239,4477600,56956100,25108465500,269352317800,3841.1456,3841.1456,3778.8004,3848.0903
135139000,3797.199,5553200,59327100,25114018700,269411644900,3841.1456,3841.1456,3778.8004,3848.0903
135144000,3796.4531,4394100,58706000,25118412800,269470350900,3841.1456,3841.1456,3778.8004,3848.0903
135149000,3796.9952,4310700,40570200,25122723500,269510921100,3841.1456,3841.1456,3778.8004,3848.0903
135154000,3796.7152,7853200,82885100,25130576700,269593806200,3841.1456,3841.1456,3778.8004,3848.0903
135159000,3796.4655,4275600,57917300,25134852300,269651723500,3841.1456,3841.1456,3778.8004,3848.0903
135204000,3796.3481,4628100,59247400,25139480400,269710970900,3841.1456,3841.1456,3778.8004,3848.0903
135209000,3796.268,5123600,64199300,25144604000,269775170200,3841.1456,3841.1456,3778.8004,3848.0903
135214000,3795.8829,5633400,77256100,25150237400,269852426300,3841.1456,3841.1456,3778.8004,3848.0903
135219000,3796.2276,3504600,52056900,25153742000,269904483200,3841.1456,3841.1456,3778.8004,3848.0903
135224000,3796.5654,5596800,67062300,25159338800,269971545500,3841.1456,3841.1456,3778.8004,3848.0903
135229000,3796.6592,3952700,55063500,25163291500,270026609000,3841.1456,3841.1456,3778.8004,3848.0903
135234000,3796.7152,4259000,55112800,25167550500,270081721800,3841.1456,3841.1456,3778.8004,3848.0903
135239000,3797.1335,4995600,74798100,25172546100,270156519900,3841.1456,3841.1456,3778.8004,3848.0903
135244000,3797.0936,7181200,89456200,25179727300,270245976100,3841.1456,3841.1456,3778.8004,3848.0903
135249000,3797.5078,4069700,52315600,25183797000,270298291700,3841.1456,3841.1456,3778.8004,3848.0903
135254000,3798.5701,8046500,88738200,25191843500,270387029900,3841.1456,3841.1456,3778.8004,3848.0903
135259000,3799.4731,8508000,96080400,25200351500,270483110300,3841.1456,3841.1456,3778.8004,3848.0903
135304000,3799.1017,7367500,86193900,25207719000,270569304200,3841.1456,3841.1456,3778.8004,3848.0903
135309000,3799.4981,7817300,103202300,25215536300,270672506500,3841.1456,3841.1456,3778.8004,3848.0903
135314000,3799.4906,8397900,101845000,25223934200,270774351500,3841.1456,3841.1456,3778.8004,3848.0903
135319000,3799.7191,4485100,45935000,25228419300,270820286500,3841.1456,3841.1456,3778.8004,3848.0903
135324000,3799.7142,6170000,81823500,25234589300,270902110000,3841.1456,3841.1456,3778.8004,3848.0903
135329000,3800.3397,5408000,82240700,25239997300,270984350700,3841.1456,3841.1456,3778.8004,3848.0903
135334000,3800.2821,6488500,70951100,25246485800,271055301800,3841.1456,3841.1456,3778.8004,3848.0903
135339000,3801.4658,7257400,94084900,25253743200,271149386700,3841.1456,3841.1456,3778.8004,3848.0903
135344000,3801.0674,8552300,92108700,25262295500,271241495400,3841.1456,3841.1456,3778.8004,3848.0903
135349000,3801.5324,5362200,59014100,25267657700,271300509500,3841.1456,3841.1456,3778.8004,3848.0903
135354000,3801.3566,7093800,94278700,25274751500,271394788200,3841.1456,3841.1456,3778.8004,3848.0903
135359000,3801.9474,6234100,77780500,25280985600,271472568700,3841.1456,3841.1456,3778.8004,3848.0903
135404000,3801.9298,5896800,75855600,25286882400,271548424300,3841.1456,3841.1456,3778.8004,3848.0903
135409000,3802.5297,8621600,107295700,25295504000,271655720000,3841.1456,3841.1456,3778.8004,3848.0903
135414000,3802.648,6571800,92587900,25302075800,271748307900,3841.1456,3841.1456,3778.8004,3848.0903
135419000,3802.8389,3907900,59741500,25305983700,271808049400,3841.1456,3841.1456,3778.8004,3848.0903
135424000,3802.8731,7431600,105186500,25313415300,271913235900,3841.1456,3841.1456,3778.8004,3848.0903
135429000,3803.0211,4707700,72818100,25318123000,271986054000,3841.1456,3841.1456,3778.8004,3848.0903
135434000,3803.1287,4876100,75851200,25322999100,272061905200,3841.1456,3841.1456,3778.8004,3848.0903
135439000,3803.4713,7040900,91612700,25330040000,272153517900,3841.1456,3841.1456,3778.8004,3848.0903
135444000,3803.4202,7792000,98755400,25337832000,272252273300,3841.1456,3841.1456,3778.8004,3848.0903
135449000,3803.4095,5245600,53904900,25343077600,272306178200,3841.1456,3841.1456,3778.8004,3848.0903
135454000,3803.6641,7697300,92547800,25350774900,272398726000,3841.1456,3841.1456,3778.8004,3848.0903
135459000,3803.8161,8850200,85709700,25359625100,272484435700,3841.1456,3841.1456,3778.8004,3848.0903
135504000,3804.382,6578000,71842000,25366203100,272556277700,3841.1456,3841.1456,3778.8004,3848.0903
135509000,3804.5053,6971900,93683000,25373175000,272649960700,3841.1456,3841.1456,3778.8004,3848.0903
135514000,3805.5753,7337200,94603500,25380512200,272744564200,3841.1456,3841.1456,3778.8004,3848.0903
135519000,3805.4475,3707400,56793900,25384219600,272801358100,3841.1456,3841.1456,3778.8004,3848.0903
135524000,3805.7801,7447000,84781100,25391666600,272886139200,3841.1456,3841.1456,3778.8004,3848.0903
135529000,3805.5689,4807100,69643400,25396473700,272955782600,3841.1456,3841.1456,3778.8004,3848.0903
135534000,3805.6287,6831100,89589600,25403304800,273045372200,3841.1456,3841.1456,3778.8004,3848.0903
135539000,3806.6699,9035500,104488700,25412340300,273149860900,3841.1456,3841.1456,3778.8004,3848.0903
135544000,3806.1125,7915400,85000700,25420255700,273234861600,3841.1456,3841.1456,3778.8004,3848.0903
135549000,3806.9863,5077100,60806800,25425332800,273295668400,3841.1456,3841.1456,3778.8004,3848.0903
135554000,3806.955,9268600,107450900,25434601400,273403119300,3841.1456,3841.1456,3778.8004,3848.0903
135559000,3807.7365,6667300,94591500,25441268700,273497710800,3841.1456,3841.1456,3778.8004,3848.0903
135604000,3808.2354,7647400,96702000,25448916100,273594412800,3841.1456,3841.1456,3778.8004,3848.0903
135609000,3808.8596,11660100,116387300,25460576200,273710800100,3841.1456,3841.1456,3778.8004,3848.0903
135614000,3809.087,8007800,108444000,25468584000,273819244100,3841.1456,3841.1456,3778.8004,3848.0903
135619000,3809.1801,5862900,72770000,25474446900,273892014100,3841.1456,3841.1456,3778.8004,3848.0903
135624000,3809.3344,7645500,85700500,25482092400,273977714600,3841.1456,3841.1456,3778.8004,3848.0903
135629000,3809.9357,6050900,90818400,25488143300,274068533000,3841.1456,3841.1456,3778.8004,3848.0903
135634000,3809.78,8553000,114878300,25496696300,274183411300,3841.1456,3841.1456,3778.8004,3848.0903
135639000,3809.9568,6924100,89895200,25503620400,274273306500,3841.1456,3841.1456,3778.8004,3848.0903
135644000,3809.863,9820700,99842600,25513441100,274373149100,3841.1456,3841.1456,3778.8004,3848.0903
135649000,3810.1516,5360300,68848300,25518801400,274441997400,3841.1456,3841.1456,3778.8004,3848.0903
135654000,3810.6718,9261300,108207300,25528062700,274550204700,3841.1456,3841.1456,3778.8004,3848.0903
135659000,3810.6128,5617400,64350900,25533680100,274614555600,3841.1456,3841.1456,3778.8004,3848.0903
135704000,3810.8589,7786900,98709900,25541467000,274713265500,3841.1456,3841.1456,3778.8004,3848.0903
135709000,3810.8183,9942700,126194900,25551409700,274839460400,3841.1456,3841.1456,3778.8004,3848.0903
135714000,3810.3655,8149700,106375700,25559559400,274945836100,3841.1456,3841.1456,3778.8004,3848.0903
135719000,3810.2191,5130000,68971000,25564689400,275014807100,3841.1456,3841.1456,3778.8004,3848.0903
135724000,3809.8616,11705500,127318400,25576394900,275142125500,3841.1456,3841.1456,3778.8004,3848.0903
135729000,3809.3857,8163400,101006500,25584558300,275243132000,3841.1456,3841.1456,3778.8004,3848.0903
135734000,3808.8842,8580200,112026000,25593138500,275355158000,3841.1456,3841.1456,3778.8004,3848.0903
135739000,3808.8041,9910000,111132900,25603048500,275466290900,3841.1456,3841.1456,3778.8004,3848.0903
135744000,3808.6827,6549500,100171900,25609598000,275566462800,3841.1456,3841.1456,3778.8004,3848.0903
135749000,3808.5314,4333900,49579900,25613931900,275616042700,3841.1456,3841.1456,3778.8004,3848.0903
135754000,3808.7061,5927300,75680400,25619859200,275691723100,3841.1456,3841.1456,3778.8004,3848.0903
135759000,3808.3361,4789200,63330400,25624648400,275755053500,3841.1456,3841.1456,3778.8004,3848.0903
135804000,3807.9279,6143700,79897900,25630792100,275834951400,3841.1456,3841.1456,3778.8004,3848.0903
135809000,3808.2269,6526500,85338700,25637318600,275920290100,3841.1456,3841.1456,3778.8004,3848.0903
135814000,3807.321,8029700,94069900,25645348300,276014360000,3841.1456,3841.1456,3778.8004,3848.0903
135819000,3807.3528,5838000,64221600,25651186300,276078581600,3841.1456,3841.1456,3778.8004,3848.0903
135824000,3807.0949,7710600,91666100,25658896900,276170247700,3841.1456,3841.1456,3778.8004,3848.0903
135829000,3806.9801,4894800,87050300,25663791700,276257298000,3841.1456,3841.1456,3778.8004,3848.0903
135834000,3807.0784,4687000,56962600,25668478700,276314260600,3841.1456,3841.1456,3778.8004,3848.0903
135839000,3806.973,5944700,74510300,25674423400,276388770900,3841.1456,3841.1456,3778.8004,3848.0903
135844000,3806.3389,5928200,85625000,25680351600,276474395900,3841.1456,3841.1456,3778.8004,3848.0903
135849000,3806.939,5232500,57636200,25685584100,276532032100,3841.1456,3841.1456,3778.8004,3848.0903
135854000,3806.2843,5716800,83475200,25691300900,276615507300,3841.1456,3841.1456,3778.8004,3848.0903
135859000,3806.3018,4361600,56849100,25695662500,276672356400,3841.1456,3841.1456,3778.8004,3848.0903
135904000,3806.0541,4475100,59907200,25700137600,276732263600,3841.1456,3841.1456,3778.8004,3848.0903
135909000,3806.0182,6370100,86722300,25706507700,276818985900,3841.1456,3841.1456,3778.8004,3848.0903
135914000,3805.4501,10561400,85979900,25717069100,276904965800,3841.1456,3841.1456,3778.8004,3848.0903
135919000,3804.9806,4689900,53224700,25721759000,276958190500,3841.1456,3841.1456,3778.8004,3848.0903
135924000,3804.8745,4909000,64214000,25726668000,277022404500,3841.1456,3841.1456,3778.8004,3848.0903
135929000,3804.0072,6676600,65706100,25733344600,277088110600,3841.1456,3841.1456,3778.8004,3848.0903
135934000,3804.2527,4578300,52015800,25737922900,277140126400,3841.1456,3841.1456,3778.8004,3848.0903
135939000,3804.3041,6030400,65171200,25743953300,277205297600,3841.1456,3841.1456,3778.8004,3848.0903
135944000,3804.2535,3939100,57914600,25747892400,277263212200,3841.1456,3841.1456,3778.8004,3848.0903
135949000,3803.8073,5005600,51214000,25752898000,277314426200,3841.1456,3841.1456,3778.8004,3848.0903
135954000,3804.1924,5432200,64716400,25758330200,277379142600,3841.1456,3841.1456,3778.8004,3848.0903
135959000,3803.4139,4411000,48977900,25762741200,277428120500,3841.1456,3841.1456,3778.8004,3848.0903
140004000,3803.4711,6231000,65430300,25768972200,277493550800,3841.1456,3841.1456,3778.8004,3848.0903
140009000,3802.3142,7734000,78925900,25776706200,277572476700,3841.1456,3841.1456,3778.8004,3848.0903
140014000,3802.659,5195600,62810400,25781901800,277635287100,3841.1456,3841.1456,3778.8004,3848.0903
140019000,3802.6272,4018500,42649300,25785920300,277677936400,3841.1456,3841.1456,3778.8004,3848.0903
140024000,3802.8932,4530900,56425800,25790451200,277734362200,3841.1456,3841.1456,3778.8004,3848.0903
140029000,3802.6502,3413600,49160700,25793864800,277783522900,3841.1456,3841.1456,3778.8004,3848.0903
140034000,3802.2816,4804700,55404900,25798669500,277838927800,3841.1456,3841.1456,3778.8004,3848.0903
140039000,3802.3274,5565900,67366000,25804235400,277906293800,3841.1456,3841.1456,3778.8004,3848.0903
140044000,3802.3158,4420400,61165600,25808655800,277967459400,3841.1456,3841.1456,3778.8004,3848.0903
140049000,3802.1731,4441500,42659500,25813097300,278010118900,3841.1456,3841.1456,3778.8004,3848.0903
140054000,3802.1805,5182300,59074500,25818279600,278069193400,3841.1456,3841.1456,3778.8004,3848.0903
140059000,3802.0616,5580000,51866200,25823859600,278121059600,3841.1456,3841.1456,3778.8004,3848.0903
140104000,3802.113,5377700,62899100,25829237300,278183958700,3841.1456,3841.1456,3778.8004,3848.0903
140109000,3801.835,6106000,68149400,25835343300,278252108100,3841.1456,3841.1456,3778.8004,3848.0903
140114000,3801.0586,5248500,63491300,25840591800,278315599400,3841.1456,3841.1456,3778.8004,3848.0903
140119000,3801.8163,4692700,40203500,25845284500,278355802900,3841.1456,3841.1456,3778.8004,3848.0903
140124000,3801.5764,4580400,57042500,25849864900,278412845400,3841.1456,3841.1456,3778.8004,3848.0903
140129000,3801.6011,2804600,32464800,25852669500,278445310200,3841.1456,3841.1456,3778.8004,3848.0903
140134000,3801.9835,4209300,46131800,25856878800,278491442000,3841.1456,3841.1456,3778.8004,3848.0903
140139000,3801.95,5412700,67340200,25862291500,278558782200,3841.1456,3841.1456,3778.8004,3848.0903
140144000,3801.5181,3980100,51982200,25866271600,278610764400,3841.1456,3841.1456,3778.8004,3848.0903
140149000,3801.644,3133900,32797400,25869405500,278643561800,3841.1456,3841.1456,3778.8004,3848.0903
140154000,3801.5889,6444600,73193900,25875850100,278716755700,3841.1456,3841.1456,3778.8004,3848.0903
140159000,3801.5528,3608000,39372300,25879458100,278756128000,3841.1456,3841.1456,3778.8004,3848.0903
140204000,3801.1722,4483000,54539000,25883941100,278810667000,3841.1456,3841.1456,3778.8004,3848.0903
140209000,3801.2673,3457300,45140000,25887398400,278855807000,3841.1456,3841.1456,3778.8004,3848.0903
140214000,3801.2896,5147300,62304200,25892545700,278918111200,3841.1456,3841.1456,3778.8004,3848.0903
140219000,3801.362,3816900,37801600,25896362600,278955912800,3841.1456,3841.1456,3778.8004,3848.0903
140224000,3801.6643,4487900,55981100,25900850500,279011893900,3841.1456,3841.1456,3778.8004,3848.0903
140229000,3801.2155,3655700,49001400,25904506200,279060895300,3841.1456,3841.1456,3778.8004,3848.0903
140234000,3801.3073,6646000,68745800,25911152200,279129641100,3841.1456,3841.1456,3778.8004,3848.0903
140239000,3801.1944,4147900,58449700,25915300100,279188090800,3841.1456,3841.1456,3778.8004,3848.0903
140244000,3801.5817,5358700,68401800,25920658800,279256492600,3841.1456,3841.1456,3778.8004,3848.0903
140249000,3801.21,4745400,39336800,25925404200,279295829400,3841.1456,3841.1456,3778.8004,3848.0903
140254000,3801.1273,5644700,61231600,25931048900,279357061000,3841.1456,3841.1456,3778.8004,3848.0903
140259000,3800.9929,3999100,62627600,25935048000,279419688600,3841.1456,3841.1456,3778.8004,3848.0903
140304000,3800.9217,4066000,58640500,25939114000,279478329100,3841.1456,3841.1456,3778.8004,3848.0903
140309000,3801.4821,5575200,66426600,25944689200,279544755700,3841.1456,3841.1456,3778.8004,3848.0903
140314000,3801.5251,5435500,61269500,25950124700,279606025200,3841.1456,3841.1456,3778.8004,3848.0903
140319000,3801.1641,3118800,38527300,25953243500,279644552500,3841.1456,3841.1456,3778.8004,3848.0903
140324000,3801.2604,6884100,61944300,25960127600,279706496800,3841.1456,3841.1456,3778.8004,3848.0903
140329000,3801.7945,3679600,38616200,25963807200,279745113000,3841.1456,3841.1456,3778.8004,3848.0903
140334000,3801.6579,3589900,46031400,25967397100,279791144400,3841.1456,3841.1456,3778.8004,3848.0903
140339000,3801.5899,4893100,59268800,25972290200,279850413200,3841.1456,3841.1456,3778.8004,3848.0903
140344000,3802.0051,4036600,67858700,25976326800,279918271900,3841.1456,3841.1456,3778.8004,3848.0903
140349000,3801.7505,3708900,45414400,25980035700,279963686300,3841.1456,3841.1456,3778.8004,3848.0903
140354000,3801.4675,4931800,60026800,25984967500,280023713100,3841.1456,3841.1456,3778.8004,3848.0903
140359000,3802.2072,3542200,48429800,25988509700,280072142900,3841.1456,3841.1456,3778.8004,3848.0903
140404000,3802.3558,4316500,51706700,25992826200,280123849600,3841.1456,3841.1456,3778.8004,3848.0903
140409000,3802.8552,5474100,62436100,25998300300,280186285700,3841.1456,3841.1456,3778.8004,3848.0903
140414000,3802.5273,4058500,48808100,26002358800,280235093800,3841.1456,3841.1456,3778.8004,3848.0903
140419000,3802.3257,3377800,42789100,26005736600,280277882900,3841.1456,3841.1456,3778.8004,3848.0903
140424000,3803.0086,3574800,55881500,26009311400,280333764400,3841.1456,3841.1456,3778.8004,3848.0903
140429000,3802.6915,3525200,43076300,26012836600,280376840700,3841.1456,3841.1456,3778.8004,3848.0903
140434000,3802.653,5000700,51221600,26017837300,280428062300,3841.1456,3841.1456,3778.8004,3848.0903
140439000,3803.2311,3729500,49632700,26021566800,280477695000,3841.1456,3841.1456,3778.8004,3848.0903
140444000,3803.1705,4967900,66221800,26026534700,280543916800,3841.1456,3841.1456,3778.8004,3848.0903
140449000,3803.2255,4689600,53070500,26031224300,280596987300,3841.1456,3841.1456,3778.8004,3848.0903
140454000,3803.6223,4581000,62392400,26035805300,280659379700,3841.1456,3841.1456,3778.8004,3848.0903
140459000,3804.0355,4524700,57211400,26040330000,280716591100,3841.1456,3841.1456,3778.8004,3848.0903
140504000,3804.9098,5759600,65148700,26046089600,280781739800,3841.1456,3841.1456,3778.8004,3848.0903
140509000,3805.2696,7824400,78093800,26053914000,280859833600,3841.1456,3841.1456,3778.8004,3848.0903
140514000,3805.0147,4969200,65223600,26058883200,280925057200,3841.1456,3841.1456,3778.8004,3848.0903
140519000,3805.4086,4174000,53438900,26063057200,280978496100,3841.1456,3841.1456,3778.8004,3848.0903
140524000,3805.3576,6065200,74821500,26069122400,281053317600,3841.1456,3841.1456,3778.8004,3848.0903
140529000,3805.6289,5501400,63455500,26074623800,281116773100,3841.1456,3841.1456,3778.8004,3848.0903
140534000,3805.9028,10714200,109982600,26085338000,281226755700,3841.1456,3841.1456,3778.8004,3848.0903
140539000,3806.4642,6137900,78887200,26091475900,281305642900,3841.1456,3841.1456,3778.8004,3848.0903
140544000,3806.4684,6841700,90305000,26098317600,281395947900,3841.1456,3841.1456,3778.8004,3848.0903
140549000,3806.459,6497800,79509000,26104815400,281475456900,3841.1456,3841.1456,3778.8004,3848.0903
140554000,3807.5553,7370500,90655200,26112185900,281566112100,3841.1456,3841.1456,3778.8004,3848.0903
140559000,3807.935,5828800,72654200,26118014700,281638766300,3841.1456,3841.1456,3778.8004,3848.0903
140604000,3808.2572,7543400,92399900,26125558100,281731166200,3841.1456,3841.1456,3778.8004,3848.0903
140609000,3808.6607,7444900,90005600,26133003000,281821171800,3841.1456,3841.1456,3778.8004,3848.0903
140614000,3809.5475,8367700,118038500,26141370700,281939210300,3841.1456,3841.1456,3778.8004,3848.0903
140619000,3809.6705,9037700,79793200,26150408400,282019003500,3841.1456,3841.1456,3778.8004,3848.0903
140624000,3810.2512,11466100,123543500,26161874500,282142547000,3841.1456,3841.1456,3778.8004,3848.0903
140629000,3810.4378,6241900,83430000,26168116400,282225977000,3841.1456,3841.1456,3778.8004,3848.0903
140634000,3810.8356,8803500,100794200,26176919900,282326771200,3841.1456,3841.1456,3778.8004,3848.0903
140639000,3811.4106,14568000,126730600,26191487900,282453501800,3841.1456,3841.1456,3778.8004,3848.0903
140644000,3812.031,10857600,126072300,26202345500,282579574100,3841.1456,3841.1456,3778.8004,3848.0903
140649000,3812.9466,8402200,85671100,26210747700,282665245200,3841.1456,3841.1456,3778.8004,3848.0903
140654000,3813.6274,11667200,135318900,26222414900,282800564100,3841.1456,3841.1456,3778.8004,3848.0903
140659000,3813.613,9097100,99294100,26231512000,282899858200,3841.1456,3841.1456,3778.8004,3848.0903
140704000,3814.5075,14960000,130376400,26246472000,283030234600,3841.1456,3841.1456,3778.8004,3848.0903
140709000,3814.7112,10099000,105836800,26256571000,283136071400,3841.1456,3841.1456,3778.8004,3848.0903
140714000,3814.7752,12800600,138647900,26269371600,283274719300,3841.1456,3841.1456,3778.8004,3848.0903
140719000,3815.6704,14018100,129760900,26283389700,283404480200,3841.1456,3841.1456,3778.8004,3848.0903
140724000,3815.3782,9245400,108903800,26292635100,283513384000,3841.1456,3841.1456,3778.8004,3848.0903
140729000,3815.5247,9128200,94891800,26301763300,283608275800,3841.1456,3841.1456,3778.8004,3848.0903
140734000,3815.5428,11316000,118565400,26313079300,283726841200,3841.1456,3841.1456,3778.8004,3848.0903
140739000,3815.6187,8558900,99561800,26321638200,283826403000,3841.1456,3841.1456,3778.8004,3848.0903
140744000,3815.9376,19119900,201613800,26340758100,284028016800,3841.1456,3841.1456,3778.8004,3848.0903
140749000,3816.3741,20828400,193539400,26361586500,284221556200,3841.1456,3841.1456,3778.8004,3848.0903
140754000,3816.6283,11503300,117679600,26373089800,284339235800,3841.1456,3841.1456,3778.8004,3848.0903
140759000,3816.722,13616500,123502800,26386706300,284462738600,3841.1456,3841.1456,3778.8004,3848.0903
140804000,3817.1127,12216300,114183400,26398922600,284576922000,3841.1456,3841.1456,3778.8004,3848.0903
140809000,3817.4153,16464700,153179800,26415387300,284730101800,3841.1456,3841.1456,3778.8004,3848.0903
140814000,3817.4576,13740300,135631600,26429127600,284865733400,3841.1456,3841.1456,3778.8004,3848.0903
140819000,3817.8514,8964800,92588900,26438092400,284958322300,3841.1456,3841.1456,3778.8004,3848.0903
140824000,3817.4929,9671900,108706800,26447764300,285067029100,3841.1456,3841.1456,3778.8004,3848.0903
140829000,3818.2068,8078600,107923600,26455842900,285174952700,3841.1456,3841.1456,3778.8004,3848.0903
140834000,3818.2097,8721900,91867300,26464564800,285266820000,3841.1456,3841.1456,3778.8004,3848.0903
140839000,3818.4734,10901800,131745300,26475466600,285398565300,3841.1456,3841.1456,3778.8004,3848.0903
140844000,3818.8674,10790700,118996000,26486257300,285517561300,3841.1456,3841.1456,3778.8004,3848.0903
140849000,3818.8773,5617400,59359400,26491874700,285576920700,3841.1456,3841.1456,3778.8004,3848.0903
140854000,3819.5795,13045000,119169300,26504919700,285696090000,3841.1456,3841.1456,3778.8004,3848.0903
140859000,3819.244,9186600,121019400,26514106300,285817109400,3841.1456,3841.1456,3778.8004,3848.0903
140904000,3819.3929,10748200,109190100,26524854500,285926299500,3841.1456,3841.1456,3778.8004,3848.0903
140909000,3820.1317,10934500,114166200,26535789000,286040465700,3841.1456,3841.1456,3778.8004,3848.0903
140914000,3819.5539,10579200,116973800,26546368200,286157439500,3841.1456,3841.1456,3778.8004,3848.0903
140919000,3820.1316,7417700,84983800,26553785900,286242423300,3841.1456,3841.1456,3778.8004,3848.0903
140924000,3819.6786,10248100,118194400,26564034000,286360617700,3841.1456,3841.1456,3778.8004,3848.0903
140929000,3820.2292,8173300,94535400,26572207300,286455153100,3841.1456,3841.1456,3778.8004,3848.0903
140934000,3820.1248,10346800,115280900,26582554100,286570434000,3841.1456,3841.1456,3778.8004,3848.0903
140939000,3819.8458,10033800,117349800,26592587900,286687783800,3841.1456,3841.1456,3778.8004,3848.0903
140944000,3819.6809,11954700,137050000,26604542600,286824833800,3841.1456,3841.1456,3778.8004,3848.0903
140949000,3819.7647,7101100,81008300,26611643700,286905842100,3841.1456,3841.1456,3778.8004,3848.0903
140954000,3819.5483,9000800,110867100,26620644500,287016709200,3841.1456,3841.1456,3778.8004,3848.0903
140959000,3818.828,8243700,106915500,26628888200,287123624700,3841.1456,3841.1456,3778.8004,3848.0903
141004000,3818.964,12658800,129490600,26641547000,287253115300,3841.1456,3841.1456,3778.8004,3848.0903
141009000,3818.9178,15805200,162670800,26657352200,287415786100,3841.1456,3841.1456,3778.8004,3848.0903
141014000,3819.405,9938900,100851000,26667291100,287516637100,3841.1456,3841.1456,3778.8004,3848.0903
141019000,3819.58,8337500,109055000,26675628600,287625692100,3841.1456,3841.1456,3778.8004,3848.0903
141024000,3819.9559,10123500,113992900,26685752100,287739685000,3841.1456,3841.1456,3778.8004,3848.0903
141029000,3819.6388,7509800,100853300,26693261900,287840538300,3841.1456,3841.1456,3778.8004,3848.0903
141034000,3820.0329,10606400,111016000,26703868300,287951554300,3841.1456,3841.1456,3778.8004,3848.0903
141039000,3819.9652,8690000,98903300,26712558300,288050457600,3841.1456,3841.1456,3778.8004,3848.0903
141044000,3820.2562,8145600,111337300,26720703900,288161794900,3841.1456,3841.1456,3778.8004,3848.0903
141049000,3820.0614,8901700,114012400,26729605600,288275807300,3841.1456,3841.1456,3778.8004,3848.0903
141054000,3820.3672,11037200,110142100,26740642800,288385949400,3841.1456,3841.1456,3778.8004,3848.0903
141059000,3821.1116,8910200,114975100,26749553000,288500924500,3841.1456,3841.1456,3778.8004,3848.0903
141104000,3820.3576,7500200,95697600,26757053200,288596622100,3841.1456,3841.1456,3778.8004,3848.0903
141109000,3820.5482,9014800,110459200,26766068000,288707081300,3841.1456,3841.1456,3778.8004,3848.0903
141114000,3820.5632,7907500,107885200,26773975500,288814966500,3841.1456,3841.1456,3778.8004,3848.0903
141119000,3820.7043,7665900,92188100,26781641400,288907154600,3841.1456,3841.1456,3778.8004,3848.0903
141124000,3820.3966,10678400,144291200,26792319800,289051445800,3841.1456,3841.1456,3778.8004,3848.0903
141129000,3820.7854,15871300,133185000,26808191100,289184630800,3841.1456,3841.1456,3778.8004,3848.0903
141134000,3821.1161,7789900,93238500,26815981000,289277869300,3841.1456,3841.1456,3778.8004,3848.0903
141139000,3820.9035,14702600,131305600,26830683600,289409174900,3841.1456,3841.1456,3778.8004,3848.0903
141144000,3820.8658,9375400,99765000,26840059000,289508939900,3841.1456,3841.1456,3778.8004,3848.0903
141149000,3820.7825,5935800,72952000,26845994800,289581891900,3841.1456,3841.1456,3778.8004,3848.0903
141154000,3820.5399,8444900,101717800,26854439700,289683609700,3841.1456,3841.1456,3778.8004,3848.0903
141159000,3820.3357,6705100,76621800,26861144800,289760231500,3841.1456,3841.1456,3778.8004,3848.0903
141204000,3819.9505,8748900,103088300,26869893700,289863319800,3841.1456,3841.1456,3778.8004,3848.0903
141209000,3820.1074,12065800,129609800,26881959500,289992929600,3841.1456,3841.1456,3778.8004,3848.0903
141214000,3820.1554,8392600,105020900,26890352100,290097950500,3841.1456,3841.1456,3778.8004,3848.0903
141219000,3819.4667,5325500,66891800,26895677600,290164842300,3841.1456,3841.1456,3778.8004,3848.0903
141224000,3819.2642,9851600,116212100,26905529200,290281054400,3841.1456,3841.1456,3778.8004,3848.0903
141229000,3817.7803,7694000,102152000,26913223200,290383206400,3841.1456,3841.1456,3778.8004,3848.0903
141234000,3818.0772,9259800,102786100,26922483000,290485992500,3841.1456,3841.1456,3778.8004,3848.0903
141239000,3818.1549,12710600,137553600,26935193600,290623546100,3841.1456,3841.1456,3778.8004,3848.0903
141244000,3817.8164,10150400,114600800,26945344000,290738146900,3841.1456,3841.1456,3778.8004,3848.0903
141249000,3817.0272,6485800,71454700,26951829800,290809601600,3841.1456,3841.1456,3778.8004,3848.0903
141254000,3816.5548,10319400,123703300,26962149200,290933304900,3841.1456,3841.1456,3778.8004,3848.0903
141259000,3816.4291,8534400,89862100,26970683600,291023167000,3841.1456,3841.1456,3778.8004,3848.0903
141304000,3816.5997,7477600,85306800,26978161200,291108473800,3841.1456,3841.1456,3778.8004,3848.0903
141309000,3816.007,9384400,96355300,26987545600,291204829100,3841.1456,3841.1456,3778.8004,3848.0903
141314000,3815.4717,8176900,90279900,26995722500,291295109000,3841.1456,3841.1456,3778.8004,3848.0903
141319000,3815.1728,7219700,65535200,27002942200,291360644200,3841.1456,3841.1456,3778.8004,3848.0903
141324000,3814.9809,7915900,84934800,27010858100,291445579000,3841.1456,3841.1456,3778.8004,3848.0903
141329000,3814.7671,6111200,70862100,27016969300,291516441100,3841.1456,3841.1456,3778.8004,3848.0903
141334000,3814.5023,7918900,84069300,27024888200,291600510400,3841.1456,3841.1456,3778.8004,3848.0903
141339000,3814.092,6686700,77992800,27031574900,291678503200,3841.1456,3841.1456,3778.8004,3848.0903
141344000,3813.9967,7387300,78714600,27038962200,291757217800,3841.1456,3841.1456,3778.8004,3848.0903
141349000,3814.0095,5662200,52785800,27044624400,291810003600,3841.1456,3841.1456,3778.8004,3848.0903
141354000,3813.8426,7105100,75703000,27051729500,291885706600,3841.1456,3841.1456,3778.8004,3848.0903
141359000,3813.7866,5001700,56392900,27056731200,291942099500,3841.1456,3841.1456,3778.8004,3848.0903
141404000,3813.3299,6589100,72975400,27063320300,292015074900,3841.1456,3841.1456,3778.8004,3848.0903
141409000,3813.3585,6667700,75723300,27069988000,292090798200,3841.1456,3841.1456,3778.8004,3848.0903
141414000,3813.0153,6542800,78209900,27076530800,292169008100,3841.1456,3841.1456,3778.8004,3848.0903
141419000,3813.1571,4851700,52140700,27081382500,292221148800,3841.1456,3841.1456,3778.8004,3848.0903
141424000,3812.8563,7066000,79573600,27088448500,292300722400,3841.1456,3841.1456,3778.8004,3848.0903
141429000,3812.9338,6603500,58328500,27095052000,292359050900,3841.1456,3841.1456,3778.8004,3848.0903
141434000,3813.1167,5825600,63848000,27100877600,292422898900,3841.1456,3841.1456,3778.8004,3848.0903
141439000,3812.8738,7569700,78046600,27108447300,292500945500,3841.1456,3841.1456,3778.8004,3848.0903
141444000,3813.1586,7804700,83078700,27116252000,292584024200,3841.1456,3841.1456,3778.8004,3848.0903
141449000,3812.4782,6366600,71473200,27122618600,292655497400,3841.1456,3841.1456,3778.8004,3848.0903
141454000,3813.1278,7003800,77072000,27129622400,292732569400,3841.1456,3841.1456,3778.8004,3848.0903
141459000,3812.9227,5951500,64856400,27135573900,292797425800,3841.1456,3841.1456,3778.8004,3848.0903
141504000,3813.2569,10501300,96105300,27146075200,292893531100,3841.1456,3841.1456,3778.8004,3848.0903
141509000,3813.3427,8030800,88776400,27154106000,292982307500,3841.1456,3841.1456,3778.8004,3848.0903
141514000,3813.0625,8942900,97026000,27163048900,293079333500,3841.1456,3841.1456,3778.8004,3848.0903
141519000,3813.2088,5589400,60982500,27168638300,293140316000,3841.1456,3841.1456,3778.8004,3848.0903
141524000,3813.3432,6521900,70039200,27175160200,293210355200,3841.1456,3841.1456,3778.8004,3848.0903
141529000,3813.2464,7198900,63713400,27182359100,293274068600,3841.1456,3841.1456,3778.8004,3848.0903
141534000,3812.971,6755300,67769600,27189114400,293341838200,3841.1456,3841.1456,3778.8004,3848.0903
141539000,3813.4336,7647400,82813300,27196761800,293424651500,3841.1456,3841.1456,3778.8004,3848.0903
141544000,3813.4522,7197300,81279100,27203959100,293505930600,3841.1456,3841.1456,3778.8004,3848.0903
141549000,3813.2775,5031500,59067600,27208990600,293564998200,3841.1456,3841.1456,3778.8004,3848.0903
141554000,3814.1406,9329600,81844700,27218320200,293646842900,3841.1456,3841.1456,3778.8004,3848.0903
141559000,3814.4668,9151100,85691800,27227471300,293732534700,3841.1456,3841.1456,3778.8004,3848.0903
141604000,3814.4623,6548600,68517900,27234019900,293801052600,3841.1456,3841.1456,3778.8004,3848.0903
141609000,3814.728,8953400,90641300,27242973300,293891693900,3841.1456,3841.1456,3778.8004,3848.0903
141614000,3815.0838,7970800,80411600,27250944100,293972105500,3841.1456,3841.1456,3778.8004,3848.0903
141619000,3815.043,6748100,57954200,27257692200,294030059700,3841.1456,3841.1456,3778.8004,3848.0903
141624000,3815.2275,9892500,100650700,27267584700,294130710400,3841.1456,3841.1456,3778.8004,3848.0903
141629000,3815.0371,6945900,73327800,27274530600,294204038200,3841.1456,3841.1456,3778.8004,3848.0903
141634000,3815.4118,8381600,74460300,27282912200,294278498500,3841.1456,3841.1456,3778.8004,3848.0903
141639000,3815.7615,8368800,95436700,27291281000,294373935200,3841.1456,3841.1456,3778.8004,3848.0903
141644000,3816.368,9422400,95059900,27300703400,294468995100,3841.1456,3841.1456,3778.8004,3848.0903
141649000,3815.3074,6197700,63734400,27306901100,294532729500,3841.1456,3841.1456,3778.8004,3848.0903
141654000,3816.4541,9187300,94235800,27316088400,294626965300,3841.1456,3841.1456,3778.8004,3848.0903
141659000,3816.3644,7136200,68980800,27323224600,294695946100,3841.1456,3841.1456,3778.8004,3848.0903
141704000,3816.8135,7273800,78669900,27330498400,294774616000,3841.1456,3841.1456,3778.8004,3848.0903
141709000,3817.1882,8711400,85158900,27339209800,294859774900,3841.1456,3841.1456,3778.8004,3848.0903
141714000,3817.2483,9290300,95258700,27348500100,294955033600,3841.1456,3841.1456,3778.8004,3848.0903
141719000,3817.1659,6943100,72338000,27355443200,295027371600,3841.1456,3841.1456,3778.8004,3848.0903
141724000,3817.3906,8484900,105161100,27363928100,295132532700,3841.1456,3841.1456,3778.8004,3848.0903
141729000,3817.3021,8508500,68463300,27372436600,295200996000,3841.1456,3841.1456,3778.8004,3848.0903
141734000,3817.5121,7478000,77154900,27379914600,295278150900,3841.1456,3841.1456,3778.8004,3848.0903
141739000,3817.3066,7630500,81183500,27387545100,295359334400,3841.1456,3841.1456,3778.8004,3848.0903
141744000,3817.0484,8692700,90426000,27396237800,295449760400,3841.1456,3841.1456,3778.8004,3848.0903
141749000,3817.3117,6399100,63841000,27402636900,295513601400,3841.1456,3841.1456,3778.8004,3848.0903
141754000,3816.0088,10118400,103110700,27412755300,295616712100,3841.1456,3841.1456,3778.8004,3848.0903
141759000,3816.3069,7032100,79616200,27419787400,295696328300,3841.1456,3841.1456,3778.8004,3848.0903
141804000,3816.7172,8178300,79796900,27427965700,295776125200,3841.1456,3841.1456,3778.8004,3848.0903
141809000,3816.6246,9557800,107216000,27437523500,295883341200,3841.1456,3841.1456,3778.8004,3848.0903
141814000,3816.4238,8740400,88355700,27446263900,295971696900,3841.1456,3841.1456,3778.8004,3848.0903
141819000,3816.6346,6264000,68407900,27452527900,296040104800,3841.1456,3841.1456,3778.8004,3848.0903
141824000,3815.9731,8900900,101754000,27461428800,296141858800,3841.1456,3841.1456,3778.8004,3848.0903
141829000,3815.8267,5655100,72331900,27467083900,296214190700,3841.1456,3841.1456,3778.8004,3848.0903
141834000,3816.0016,6226300,69450800,27473310200,296283641500,3841.1456,3841.1456,3778.8004,3848.0903
141839000,3816.2135,6877800,91481200,27480188000,296375122700,3841.1456,3841.1456,3778.8004,3848.0903
141844000,3816.0945,6715900,84403100,27486903900,296459525800,3841.1456,3841.1456,3778.8004,3848.0903
141849000,3816.1659,5742900,62477100,27492646800,296522002900,3841.1456,3841.1456,3778.8004,3848.0903
141854000,3816.627,6903600,80085400,27499550400,296602088300,3841.1456,3841.1456,3778.8004,3848.0903
141859000,3816.4855,6400400,70340300,27505950800,296672428600,3841.1456,3841.1456,3778.8004,3848.0903
141904000,3816.7058,6245500,75611300,27512196300,296748039900,3841.1456,3841.1456,3778.8004,3848.0903
141909000,3817.1096,9022900,108450200,27521219200,296856490100,3841.1456,3841.1456,3778.8004,3848.0903
141914000,3816.7281,7176400,82023900,27528395600,296938514000,3841.1456,3841.1456,3778.8004,3848.0903
141919000,3816.9866,6048100,65678600,27534443700,297004192600,3841.1456,3841.1456,3778.8004,3848.0903
141924000,3817.174,8141700,89499400,27542585400,297093692000,3841.1456,3841.1456,3778.8004,3848.0903
141929000,3816.9023,6602500,73523600,27549187900,297167215600,3841.1456,3841.1456,3778.8004,3848.0903
141934000,3817.183,7748000,78809800,27556935900,297246025400,3841.1456,3841.1456,3778.8004,3848.0903
141939000,3817.3428,8113500,88728100,27565049400,297334753500,3841.1456,3841.1456,3778.8004,3848.0903
141944000,3817.4517,10758400,113894700,27575807800,297448648200,3841.1456,3841.1456,3778.8004,3848.0903
141949000,3817.2001,5155300,61213300,27580963100,297509861500,3841.1456,3841.1456,3778.8004,3848.0903
141954000,3817.7091,8686000,94587700,27589649100,297604449200,3841.1456,3841.1456,3778.8004,3848.0903
141959000,3817.8793,8115600,103248500,27597764700,297707697700,3841.1456,3841.1456,3778.8004,3848.0903
142004000,3818.6202,11411200,109184900,27609175900,297816882600,3841.1456,3841.1456,3778.8004,3848.0903
142009000,3818.2544,9780800,111458700,27618956700,297928341300,3841.1456,3841.1456,3778.8004,3848.0903
142014000,3818.68,9330900,104776100,27628287600,298033117400,3841.1456,3841.1456,3778.8004,3848.0903
142019000,3818.736,4590100,61833800,27632877700,298094951200,3841.1456,3841.1456,3778.8004,3848.0903
142024000,3819.2435,10363900,114426000,27643241600,298209377200,3841.1456,3841.1456,3778.8004,3848.0903
142029000,3819.1583,5961900,65588700,27649203500,298274965900,3841.1456,3841.1456,3778.8004,3848.0903
142034000,3819.1337,8437000,92540600,27657640500,298367506500,3841.1456,3841.1456,3778.8004,3848.0903
142039000,3819.0716,10190100,125300500,27667830600,298492807000,3841.1456,3841.1456,3778.8004,3848.0903
142044000,3819.2856,10083200,115786800,27677913800,298608593800,3841.1456,3841.1456,3778.8004,3848.0903
142049000,3819.7413,6320100,79915500,27684233900,298688509300,3841.1456,3841.1456,3778.8004,3848.0903
142054000,3819.7437,9204400,110676300,27693438300,298799185600,3841.1456,3841.1456,3778.8004,3848.0903
142059000,3820.0613,7067100,88709200,27700505400,298887894800,3841.1456,3841.1456,3778.8004,3848.0903
142104000,3819.8838,9266300,103571200,27709771700,298991466000,3841.1456,3841.1456,3778.8004,3848.0903
142109000,3820.6814,10581800,146450700,27720353500,299137916700,3841.1456,3841.1456,3778.8004,3848.0903
142114000,3820.7,8589900,105539900,27728943400,299243456600,3841.1456,3841.1456,3778.8004,3848.0903
142119000,3820.9038,6938900,74672600,27735882300,299318129200,3841.1456,3841.1456,3778.8004,3848.0903
142124000,3820.9135,12724700,127422300,27748607000,299445551500,3841.1456,3841.1456,3778.8004,3848.0903
142129000,3821.2896,7751800,83055800,27756358800,299528607300,3841.1456,3841.1456,3778.8004,3848.0903
142134000,3821.3482,8258700,98159100,27764617500,299626766400,3841.1456,3841.1456,3778.8004,3848.0903
142139000,3821.5966,10122100,119244800,27774739600,299746011200,3841.1456,3841.1456,3778.8004,3848.0903
142144000,3821.8211,10085700,119703800,27784825300,299865715000,3841.1456,3841.1456,3778.8004,3848.0903
142149000,3822.2005,6506700,78794400,27791332000,299944509400,3841.1456,3841.1456,3778.8004,3848.0903
142154000,3822.044,13797200,124274500,27805129200,300068783900,3841.1456,3841.1456,3778.8004,3848.0903
142159000,3821.9123,8716600,95047200,27813845800,300163831100,3841.1456,3841.1456,3778.8004,3848.0903
142204000,3822.506,10053900,133344400,27823899700,300297175500,3841.1456,3841.1456,3778.8004,3848.0903
142209000,3823.0536,9638600,134037600,27833538300,300431213100,3841.1456,3841.1456,3778.8004,3848.0903
142214000,3823.483,9767000,119979800,27843305300,300551192900,3841.1456,3841.1456,3778.8004,3848.0903
142219000,3823.9239,8565700,118895800,27851871000,300670088700,3841.1456,3841.1456,3778.8004,3848.0903
142224000,3823.67,10203300,128121800,27862074300,300798210500,3841.1456,3841.1456,3778.8004,3848.0903
142229000,3824.7031,9807400,119112800,27871881700,300917323300,3841.1456,3841.1456,3778.8004,3848.0903
142234000,3824.804,12271800,147242800,27884153500,301064566100,3841.1456,3841.1456,3778.8004,3848.0903
142239000,3825.0879,13281900,162100100,27897435400,301226666200,3841.1456,3841.1456,3778.8004,3848.0903
142244000,3825.6031,10300500,128905500,27907735900,301355571700,3841.1456,3841.1456,3778.8004,3848.0903
142249000,3825.6824,10465900,135237000,27918201800,301490808700,3841.1456,3841.1456,3778.8004,3848.0903
142254000,3826.4233,12715300,172807000,27930917100,301663615700,3841.1456,3841.1456,3778.8004,3848.0903
142259000,3826.7457,9588700,132097000,27940505800,301795712700,3841.1456,3841.1456,3778.8004,3848.0903
142304000,3827.3572,10717700,142318400,27951223500,301938031100,3841.1456,3841.1456,3778.8004,3848.0903
142309000,3827.9775,18341800,198816800,27969565300,302136847900,3841.1456,3841.1456,3778.8004,3848.0903
142314000,3827.703,12751300,163680000,27982316600,302300527900,3841.1456,3841.1456,3778.8004,3848.0903
142319000,3828.1824,9770100,134600500,27992086700,302435128400,3841.1456,3841.1456,3778.8004,3848.0903
142324000,3828.4084,14703000,158965000,28006789700,302594093400,3841.1456,3841.1456,3778.8004,3848.0903
142329000,3828.2926,9226800,135741500,28016016500,302729834900,3841.1456,3841.1456,3778.8004,3848.0903
142334000,3828.7745,12466100,161067700,28028482600,302890902600,3841.1456,3841.1456,3778.8004,3848.0903
142339000,3829.0232,14732300,173182600,28043214900,303064085200,3841.1456,3841.1456,3778.8004,3848.0903
142344000,3829.6392,12369500,154105000,28055584400,303218190200,3841.1456,3841.1456,3778.8004,3848.0903
142349000,3830.0011,11185300,148467300,28066769700,303366657500,3841.1456,3841.1456,3778.8004,3848.0903
142354000,3830.4853,13460100,173272200,28080229800,303539929700,3841.1456,3841.1456,3778.8004,3848.0903
142359000,3830.6033,8488100,123452200,28088717900,303663381900,3841.1456,3841.1456,3778.8004,3848.0903
142404000,3830.9625,10954800,143390600,28099672700,303806772500,3841.1456,3841.1456,3778.8004,3848.0903
142409000,3831.9527,14066100,184989000,28113738800,303991761500,3841.1456,3841.1456,3778.8004,3848.0903
142414000,3830.7445,12037700,150180500,28125776500,304141942000,3841.1456,3841.1456,3778.8004,3848.0903
142419000,3831.6973,9463600,129954100,28135240100,304271896100,3841.1456,3841.1456,3778.8004,3848.0903
142424000,3831.9751,12552000,157781100,28147792100,304429677200,3841.1456,3841.1456,3778.8004,3848.0903
142429000,3832.1314,9512700,139571400,28157304800,304569248600,3841.1456,3841.1456,3778.8004,3848.0903
142434000,3832.4118,14405600,178946600,28171710400,304748195200,3841.1456,3841.1456,3778.8004,3848.0903
142439000,3832.7666,12321400,174509000,28184031800,304922704200,3841.1456,3841.1456,3778.8004,3848.0903
142444000,3833.2481,11857700,157545500,28195889500,305080249700,3841.1456,3841.1456,3778.8004,3848.0903
142449000,3833.359,7425200,112009700,28203314700,305192259400,3841.1456,3841.1456,3778.8004,3848.0903
142454000,3833.6959,14117800,197095400,28217432500,305389354800,3841.1456,3841.1456,3778.8004,3848.0903
142459000,3833.8214,10859700,134043300,28228292200,305523398100,3841.1456,3841.1456,3778.8004,3848.0903
142504000,3834.1121,13142700,164789800,28241434900,305688187900,3841.1456,3841.1456,3778.8004,3848.0903
142509000,3834.9108,13502300,175636700,28254937200,305863824600,3841.1456,3841.1456,3778.8004,3848.0903
142514000,3834.5717,10168900,154762100,28265106100,306018586700,3841.1456,3841.1456,3778.8004,3848.0903
142519000,3834.7634,9860600,126568400,28274966700,306145155100,3841.1456,3841.1456,3778.8004,3848.0903
142524000,3835.391,10319900,137292900,28285286600,306282448000,3841.1456,3841.1456,3778.8004,3848.0903
142529000,3835.0978,9413000,112575100,28294699600,306395023100,3841.1456,3841.1456,3778.8004,3848.0903
142534000,3835.5543,10816200,132736400,28305515800,306527759500,3841.1456,3841.1456,3778.8004,3848.0903
142539000,3835.5534,12514000,157165000,28318029800,306684924500,3841.1456,3841.1456,3778.8004,3848.0903
142544000,3835.492,9848200,130989300,28327878000,306815913800,3841.1456,3841.1456,3778.8004,3848.0903
142549000,3835.0589,8518200,103845900,28336396200,306919759700,3841.1456,3841.1456,3778.8004,3848.0903
142554000,3834.7824,14287700,167925200,28350683900,307087684900,3841.1456,3841.1456,3778.8004,3848.0903
142559000,3835.2371,10260800,139707500,28360944700,307227392400,3841.1456,3841.1456,3778.8004,3848.0903
142604000,3834.6373,13231300,147171000,28374176000,307374563400,3841.1456,3841.1456,3778.8004,3848.0903
142609000,3834.9514,11430900,147647400,28385606900,307522210800,3841.1456,3841.1456,3778.8004,3848.0903
142614000,3834.9654,11533500,143873100,28397140400,307666083900,3841.1456,3841.1456,3778.8004,3848.0903
142619000,3835.1174,8633700,107981600,28405774100,307774065500,3841.1456,3841.1456,3778.8004,3848.0903
142624000,3834.8711,10581100,143973100,28416355200,307918038600,3841.1456,3841.1456,3778.8004,3848.0903
142629000,3834.806,8338700,103302700,28424693900,308021341300,3841.1456,3841.1456,3778.8004,3848.0903
142634000,3834.7543,10974600,132264100,28435668500,308153605400,3841.1456,3841.1456,3778.8004,3848.0903
142639000,3834.8007,10779300,134218800,28446447800,308287824200,3841.1456,3841.1456,3778.8004,3848.0903
142644000,3834.2812,11785700,145683500,28458233500,308433507700,3841.1456,3841.1456,3778.8004,3848.0903
142649000,3834.9906,7122300,85843000,28465355800,308519350700,3841.1456,3841.1456,3778.8004,3848.0903
142654000,3833.9367,13531200,169454300,28478887000,308688805000,3841.1456,3841.1456,3778.8004,3848.0903
142659000,3834.3901,11317300,155856700,28490204300,308844661700,3841.1456,3841.1456,3778.8004,3848.0903
142704000,3834.5039,12535200,153726500,28502739500,308998388200,3841.1456,3841.1456,3778.8004,3848.0903
142709000,3834.2438,12008400,158565400,28514747900,309156953600,3841.1456,3841.1456,3778.8004,3848.0903
142714000,3834.0792,10429800,128316900,28525177700,309285270500,3841.1456,3841.1456,3778.8004,3848.0903
142719000,3834.02,7841500,93783800,28533019200,309379054300,3841.1456,3841.1456,3778.8004,3848.0903
142724000,3834.0431,9146300,118842400,28542165500,309497896700,3841.1456,3841.1456,3778.8004,3848.0903
142729000,3833.9908,7524300,89111500,28549689800,309587008200,3841.1456,3841.1456,3778.8004,3848.0903
142734000,3833.7606,9195500,113469700,28558885300,309700477900,3841.1456,3841.1456,3778.8004,3848.0903
142739000,3833.6301,9918900,130824000,28568804200,309831301900,3841.1456,3841.1456,3778.8004,3848.0903
142744000,3833.1952,10397200,146974200,28579201400,309978276100,3841.1456,3841.1456,3778.8004,3848.0903
142749000,3833.4784,7559500,100287100,28586760900,310078563200,3841.1456,3841.1456,3778.8004,3848.0903
142754000,3832.7012,9719700,133506300,28596480600,310212069500,3841.1456,3841.1456,3778.8004,3848.0903
142759000,3832.9452,8520200,107665900,28605000800,310319735400,3841.1456,3841.1456,3778.8004,3848.0903
142804000,3832.9191,10810100,141799200,28615810900,310461534600,3841.1456,3841.1456,3778.8004,3848.0903
142809000,3832.5212,11190500,147588200,28627001400,310609122800,3841.1456,3841.1456,3778.8004,3848.0903
142814000,3832.3232,10638100,139251400,28637639500,310748374200,3841.1456,3841.1456,3778.8004,3848.0903
142819000,3831.9394,7403000,98555600,28645042500,310846929800,3841.1456,3841.1456,3778.8004,3848.0903
142824000,3831.1158,11473000,147848700,28656515500,310994778500,3841.1456,3841.1456,3778.8004,3848.0903
142829000,3831.1413,7950300,103520600,28664465800,311098299100,3841.1456,3841.1456,3778.8004,3848.0903
142834000,3830.5788,12251000,148569300,28676716800,311246868400,3841.1456,3841.1456,3778.8004,3848.0903
142839000,3830.4608,12892200,161052800,28689609000,311407921200,3841.1456,3841.1456,3778.8004,3848.0903
142844000,3830.3761,11702100,171916700,28701311100,311579837900,3841.1456,3841.1456,3778.8004,3848.0903
142849000,3829.6681,10020000,145797600,28711331100,311725635500,3841.1456,3841.1456,3778.8004,3848.0903
142854000,3829.3763,11673400,147246300,28723004500,311872881800,3841.1456,3841.1456,3778.8004,3848.0903
142859000,3829.4135,9682900,112347700,28732687400,311985229500,3841.1456,3841.1456,3778.8004,3848.0903
142904000,3829.3443,8814700,111368000,28741502100,312096597500,3841.1456,3841.1456,3778.8004,3848.0903
142909000,3829.0595,10062300,130939500,28751564400,312227537000,3841.1456,3841.1456,3778.8004,3848.0903
142914000,3828.5244,10999100,135693400,28762563500,312363230400,3841.1456,3841.1456,3778.8004,3848.0903
142919000,3828.653,7752900,83342600,28770316400,312446573000,3841.1456,3841.1456,3778.8004,3848.0903
142924000,3828.4543,15932100,145430400,28786248500,312592003400,3841.1456,3841.1456,3778.8004,3848.0903
142929000,3828.1489,7633500,91182300,28793882000,312683185700,3841.1456,3841.1456,3778.8004,3848.0903
142934000,3828.3372,7738200,89149500,28801620200,312772335200,3841.1456,3841.1456,3778.8004,3848.0903
142939000,3828.0537,10097700,116273200,28811717900,312888608400,3841.1456,3841.1456,3778.8004,3848.0903
142944000,3827.9157,9109000,126993100,28820826900,313015601500,3841.1456,3841.1456,3778.8004,3848.0903
142949000,3828.019,6297300,74216200,28827124200,313089817700,3841.1456,3841.1456,3778.8004,3848.0903
142954000,3827.7144,10241200,128988800,28837365400,313218806500,3841.1456,3841.1456,3778.8004,3848.0903
142959000,3827.519,8027200,90324900,28845392600,313309131400,3841.1456,3841.1456,3778.8004,3848.0903
143004000,3827.2004,7628200,85940100,28853020800,313395071500,3841.1456,3841.1456,3778.8004,3848.0903
143009000,3827.6364,8964400,106228300,28861985200,313501299800,3841.1456,3841.1456,3778.8004,3848.0903
143014000,3827.5787,9012000,115052900,28870997200,313616352700,3841.1456,3841.1456,3778.8004,3848.0903
143019000,3827.1948,5680100,68403900,28876677300,313684756600,3841.1456,3841.1456,3778.8004,3848.0903
143024000,3827.2065,9592000,107070600,28886269300,313791827200,3841.1456,3841.1456,3778.8004,3848.0903
143029000,3826.9883,6832500,86689100,28893101800,313878516300,3841.1456,3841.1456,3778.8004,3848.0903
143034000,3826.9078,6586200,83403000,28899688000,313961919300,3841.1456,3841.1456,3778.8004,3848.0903
143039000,3826.5077,8832100,108476900,28908520100,314070396200,3841.1456,3841.1456,3778.8004,3848.0903
143044000,3826.7621,8730700,100044800,28917250800,314170441000,3841.1456,3841.1456,3778.8004,3848.0903
143049000,3826.848,6301300,68812100,28923552100,314239253100,3841.1456,3841.1456,3778.8004,3848.0903
143054000,3826.4931,9193700,108599900,28932745800,314347853000,3841.1456,3841.1456,3778.8004,3848.0903
143059000,3826.357,7248200,84714400,28939994000,314432567400,3841.1456,3841.1456,3778.8004,3848.0903
143104000,3826.9932,8892000,107284800,28948886000,314539852200,3841.1456,3841.1456,3778.8004,3848.0903
143109000,3827.0278,9762300,105000900,28958648300,314644853100,3841.1456,3841.1456,3778.8004,3848.0903
143114000,3826.8398,12065100,111504600,28970713400,314756357700,3841.1456,3841.1456,3778.8004,3848.0903
143119000,3826.7135,9433700,73163900,28980147100,314829521600,3841.1456,3841.1456,3778.8004,3848.0903
143124000,3827.0839,7954900,96019900,28988102000,314925541500,3841.1456,3841.1456,3778.8004,3848.0903
143129000,3827.3117,6800400,80807000,28994902400,315006348500,3841.1456,3841.1456,3778.8004,3848.0903
143134000,3827.0768,8689300,96173600,29003591700,315102522100,3841.1456,3841.1456,3778.8004,3848.0903
143139000,3827.3628,9994900,116129900,29013586600,315218652000,3841.1456,3841.1456,3778.8004,3848.0903
143144000,3827.3353,9790300,110100700,29023376900,315328752700,3841.1456,3841.1456,3778.8004,3848.0903
143149000,3827.6375,6163400,71921400,29029540300,315400674100,3841.1456,3841.1456,3778.8004,3848.0903
143154000,3827.6265,7653500,99244200,29037193800,315499918300,3841.1456,3841.1456,3778.8004,3848.0903
143159000,3827.8077,5712000,70155100,29042905800,315570073400,3841.1456,3841.1456,3778.8004,3848.0903
143204000,3827.6539,7781900,97474900,29050687700,315667548300,3841.1456,3841.1456,3778.8004,3848.0903
143209000,3828.2642,9139900,102841400,29059827600,315770389700,3841.1456,3841.1456,3778.8004,3848.0903
143214000,3828.1691,7088500,83496900,29066916100,315853886600,3841.1456,3841.1456,3778.8004,3848.0903
143219000,3828.5875,4759000,57570600,29071675100,315911457200,3841.1456,3841.1456,3778.8004,3848.0903
143224000,3828.6585,7035900,83463000,29078711000,315994920200,3841.1456,3841.1456,3778.8004,3848.0903
143229000,3828.6128,8176700,89258000,29086887700,316084178200,3841.1456,3841.1456,3778.8004,3848.0903
143234000,3829.0679,9496700,104777600,29096384400,316188955800,3841.1456,3841.1456,3778.8004,3848.0903
143239000,3829.3726,7685200,100942900,29104069600,316289898700,3841.1456,3841.1456,3778.8004,3848.0903
143244000,3828.9548,6809200,87423600,29110878800,316377322300,3841.1456,3841.1456,3778.8004,3848.0903
143249000,3828.708,4956800,60445400,29115835600,316437767700,3841.1456,3841.1456,3778.8004,3848.0903
143254000,3828.8608,9659900,110631200,29125495500,316548398900,3841.1456,3841.1456,3778.8004,3848.0903
143259000,3829.1621,7374300,75910700,29132869800,316624309600,3841.1456,3841.1456,3778.8004,3848.0903
143304000,3829.8411,8096300,89262600,29140966100,316713572200,3841.1456,3841.1456,3778.8004,3848.0903
143309000,3829.9547,7953800,90646300,29148919900,316804218500,3841.1456,3841.1456,3778.8004,3848.0903
143314000,3830.0488,7567500,116891000,29156487400,316921109500,3841.1456,3841.1456,3778.8004,3848.0903
143319000,3830.0363,5325000,74185200,29161812400,316995294700,3841.1456,3841.1456,3778.8004,3848.0903
143324000,3830.0296,9193900,96250500,29171006300,317091545200,3841.1456,3841.1456,3778.8004,3848.0903
143329000,3830.0836,6005800,85978100,29177012100,317177523300,3841.1456,3841.1456,3778.8004,3848.0903
143334000,3830.4013,8480400,95666700,29185492500,317273190000,3841.1456,3841.1456,3778.8004,3848.0903
143339000,3830.4333,10528500,113080000,29196021000,317386270000,3841.1456,3841.1456,3778.8004,3848.0903
143344000,3830.9433,8431200,101393000,29204452200,317487663000,3841.1456,3841.1456,3778.8004,3848.0903
143349000,3830.6747,5426100,66674200,29209878300,317554337200,3841.1456,3841.1456,3778.8004,3848.0903
143354000,3830.4644,9941900,120316900,29219820200,317674654100,3841.1456,3841.1456,3778.8004,3848.0903
143359000,3830.9848,7330700,83373800,29227150900,317758027900,3841.1456,3841.1456,3778.8004,3848.0903
143404000,3831.2571,8931200,103070200,29236082100,317861098100,3841.1456,3841.1456,3778.8004,3848.0903
143409000,3831.446,8226200,101303600,29244308300,317962401700,3841.1456,3841.1456,3778.8004,3848.0903
143414000,3831.2172,6937000,85731500,29251245300,318048133200,3841.1456,3841.1456,3778.8004,3848.0903
143419000,3831.2211,4548200,59024500,29255793500,318107157700,3841.1456,3841.1456,3778.8004,3848.0903
143424000,3831.5087,7976600,108858100,29263770100,318216015800,3841.1456,3841.1456,3778.8004,3848.0903
143429000,3831.4978,5613200,63590200,29269383300,318279606000,3841.1456,3841.1456,3778.8004,3848.0903
143434000,3831.6524,7626900,85117100,29277010200,318364723100,3841.1456,3841.1456,3778.8004,3848.0903
143439000,3831.731,9155800,103169400,29286166000,318467892500,3841.1456,3841.1456,3778.8004,3848.0903
143444000,3831.8192,8458100,106524600,29294624100,318574417100,3841.1456,3841.1456,3778.8004,3848.0903
143449000,3831.7991,8303700,72784200,29302927800,318647201300,3841.1456,3841.1456,3778.8004,3848.0903
143454000,3831.5052,8224700,92513700,29311152500,318739715000,3841.1456,3841.1456,3778.8004,3848.0903
143459000,3832.2759,6128400,83726100,29317280900,318823441100,3841.1456,3841.1456,3778.8004,3848.0903
143504000,3832.5252,9582200,104927800,29326863100,318928368900,3841.1456,3841.1456,3778.8004,3848.0903
143509000,3832.6794,9087300,114827000,29335950400,319043195900,3841.1456,3841.1456,3778.8004,3848.0903
143514000,3833.0064,9458800,112149200,29345409200,319155345100,3841.1456,3841.1456,3778.8004,3848.0903
143519000,3832.9173,5617300,65749100,29351026500,319221094200,3841.1456,3841.1456,3778.8004,3848.0903
143524000,3833.3234,10416100,111704600,29361442600,319332798800,3841.1456,3841.1456,3778.8004,3848.0903
143529000,3833.5198,6280000,81205900,29367722600,319414004700,3841.1456,3841.1456,3778.8004,3848.0903
143534000,3833.6808,9423400,105743300,29377146000,319519748000,3841.1456,3841.1456,3778.8004,3848.0903
143539000,3833.9574,9691300,103273800,29386837300,319623021800,3841.1456,3841.1456,3778.8004,3848.0903
143544000,3834.1271,10015200,111573200,29396852500,319734595000,3841.1456,3841.1456,3778.8004,3848.0903
143549000,3834.4629,5896400,66164100,29402748900,319800759100,3841.1456,3841.1456,3778.8004,3848.0903
143554000,3834.6943,8038800,97063900,29410787700,319897823000,3841.1456,3841.1456,3778.8004,3848.0903
143559000,3834.3973,7693500,93487600,29418481200,319991310600,3841.1456,3841.1456,3778.8004,3848.0903
143604000,3835.0941,10646300,112897900,29429127500,320104208500,3841.1456,3841.1456,3778.8004,3848.0903
143609000,3835.4412,9665800,119345800,29438793300,320223554300,3841.1456,3841.1456,3778.8004,3848.0903
143614000,3835.8523,9044200,118352200,29447837500,320341906500,3841.1456,3841.1456,3778.8004,3848.0903
143619000,3835.7691,10099000,95490900,29457936500,320437397400,3841.1456,3841.1456,3778.8004,3848.0903
143624000,3835.9302,10227500,114378700,29468164000,320551776100,3841.1456,3841.1456,3778.8004,3848.0903
143629000,3836.1951,10530200,135510400,29478694200,320687286500,3841.1456,3841.1456,3778.8004,3848.0903
143634000,3836.9109,10031200,137791300,29488725400,320825077800,3841.1456,3841.1456,3778.8004,3848.0903
143639000,3837.0684,11736300,132759000,29500461700,320957836800,3841.1456,3841.1456,3778.8004,3848.0903
143644000,3837.6605,11305000,146121400,29511766700,321103958200,3841.1456,3841.1456,3778.8004,3848.0903
143649000,3837.1788,9578300,109093800,29521345000,321213052000,3841.1456,3841.1456,3778.8004,3848.0903
143654000,3837.5185,15346700,159159700,29536691700,321372211700,3841.1456,3841.1456,3778.8004,3848.0903
143659000,3838.2499,12488100,148960600,29549179800,321521172300,3841.1456,3841.1456,3778.8004,3848.0903
143704000,3838.6503,11903200,125451600,29561083000,321646623900,3841.1456,3841.1456,3778.8004,3848.0903
143709000,3839.1077,15571000,158463000,29576654000,321805086900,3841.1456,3841.1456,3778.8004,3848.0903
143714000,3839.432,13829500,182922700,29590483500,321988009600,3841.1456,3841.1456,3778.8004,3848.0903
143719000,3839.4039,15633900,136742000,29606117400,322124751600,3841.1456,3841.1456,3778.8004,3848.0903
143724000,3840.0973,14830300,148268500,29620947700,322273020100,3841.1456,3841.1456,3778.8004,3848.0903
143729000,3840.5124,9816900,133042800,29630764600,322406062900,3841.1456,3841.1456,3778.8004,3848.0903
143734000,3840.3989,12385400,134886000,29643150000,322540948900,3841.1456,3841.1456,3778.8004,3848.0903
143739000,3840.8504,15257500,154017300,29658407500,322694966200,3841.1456,3841.1456,3778.8004,3848.0903
143744000,3841.6,12079400,155824800,29670486900,322850791000,3841.1456,3841.6,3778.8004,3848.0903
143749000,3841.9958,10790200,120292500,29681277100,322971083500,3841.1456,3841.9958,3778.8004,3848.0903
143754000,3842.5146,15801700,185628900,29697078800,323156712400,3841.1456,3842.5146,3778.8004,3848.0903
143759000,3842.4384,11570800,141758700,29708649600,323298471100,3841.1456,3842.5146,3778.8004,3848.0903
143804000,3843.1874,11807500,137446900,29720457100,323435918000,3841.1456,3843.1874,3778.8004,3848.0903
143809000,3843.6113,14289200,168439900,29734746300,323604357900,3841.1456,3843.6113,3778.8004,3848.0903
143814000,3844.0542,16274700,209300900,29751021000,323813658800,3841.1456,3844.0542,3778.8004,3848.0903
143819000,3843.9857,7879700,91608300,29758900700,323905267100,3841.1456,3844.0542,3778.8004,3848.0903
143824000,3844.2806,13139500,156960300,29772040200,324062227400,3841.1456,3844.2806,3778.8004,3848.0903
143829000,3844.239,11873400,140728300,29783913600,324202955700,3841.1456,3844.2806,3778.8004,3848.0903
143834000,3843.8678,16177100,162382300,29800090700,324365338000,3841.1456,3844.2806,3778.8004,3848.0903
143839000,3843.973,12281600,152032000,29812372300,324517370000,3841.1456,3844.2806,3778.8004,3848.0903
143844000,3844.0897,15390900,197869300,29827763200,324715239300,3841.1456,3844.2806,3778.8004,3848.0903
143849000,3843.9104,9409300,98980400,29837172500,324814219700,3841.1456,3844.2806,3778.8004,3848.0903
143854000,3843.2301,14685900,173997600,29851858400,324988217300,3841.1456,3844.2806,3778.8004,3848.0903
143859000,3843.8405,12874000,141250300,29864732400,325129467600,3841.1456,3844.2806,3778.8004,3848.0903
143904000,3843.9637,11583200,143980500,29876315600,325273448100,3841.1456,3844.2806,3778.8004,3848.0903
143909000,3844.4562,17592700,173923000,29893908300,325447371100,3841.1456,3844.4562,3778.8004,3848.0903
143914000,3844.3273,13325100,167657400,29907233400,325615028500,3841.1456,3844.4562,3778.8004,3848.0903
143919000,3844.0146,12134700,120086200,29919368100,325735114700,3841.1456,3844.4562,3778.8004,3848.0903
143924000,3844.2629,14450000,153764700,29933818100,325888879400,3841.1456,3844.6748,3778.8004,3848.0903
143929000,3844.5529,12889100,131408400,29946707200,326020287800,3841.1456,3844.6748,3778.8004,3848.0903
143934000,3844.5155,15450000,167310200,29962157200,326187598000,3841.1456,3844.6748,3778.8004,3848.0903
143939000,3844.7932,18568000,169460500,29980725200,326357058500,3841.1456,3844.7932,3778.8004,3848.0903
143944000,3844.931,16027300,186559900,29996752500,326543618400,3841.1456,3844.931,3778.8004,3848.0903
143949000,3844.7102,12576400,139074900,30009328900,326682693300,3841.1456,3845.182,3778.8004,3848.0903
143954000,3844.5993,15343000,169117800,30024671900,326851811100,3841.1456,3845.182,3778.8004,3848.0903
143959000,3844.4449,11175600,116534300,30035847500,326968345400,3841.1456,3845.182,3778.8004,3848.0903
144004000,3844.8479,17914500,173758300,30053762000,327142103700,3841.1456,3845.182,3778.8004,3848.0903
144009000,3844.2712,20873600,206521100,30074635600,327348624800,3841.1456,3845.182,3778.8004,3848.0903
144014000,3844.5503,18763500,211375400,30093399100,327560000200,3841.1456,3845.182,3778.8004,3848.0903
144019000,3844.2717,9857100,105661800,30103256200,327665662000,3841.1456,3845.182,3778.8004,3848.0903
144024000,3844.2317,17709500,165478100,30120965700,327831140100,3841.1456,3845.182,3778.8004,3848.0903
144029000,3843.73,10149400,108189500,30131115100,327939329600,3841.1456,3845.182,3778.8004,3848.0903
144034000,3843.2957,17350400,174949700,30148465500,328114279300,3841.1456,3845.182,3778.8004,3848.0903
144039000,3842.9838,18108300,185043700,30166573800,328299323000,3841.1456,3845.182,3778.8004,3848.0903
144044000,3842.0671,19699900,181691600,30186273700,328481014600,3841.1456,3845.182,3778.8004,3848.0903
144049000,3841.3147,12344200,121416100,30198617900,328602430700,3841.1456,3845.182,3778.8004,3848.0903
144054000,3841.4065,15506800,162903800,30214124700,328765334500,3841.1456,3845.182,3778.8004,3848.0903
144059000,3841.4644,15126800,140242100,30229251500,328905576600,3841.1456,3845.182,3778.8004,3848.0903
144104000,3840.6963,13153400,152452400,30242404900,329058029000,3841.1456,3845.182,3778.8004,3848.0903
144109000,3841.131,15868200,158714500,30258273100,329216743500,3841.1456,3845.182,3778.8004,3848.0903
144114000,3840.6585,11767200,141427600,30270040300,329358171100,3841.1456,3845.182,3778.8004,3848.0903
144119000,3840.8431,8419700,90020000,30278460000,329448191100,3841.1456,3845.182,3778.8004,3848.0903
144124000,3840.7988,12418400,141178600,30290878400,329589369700,3841.1456,3845.182,3778.8004,3848.0903
144129000,3840.599,12488600,126766800,30303367000,329716136500,3841.1456,3845.182,3778.8004,3848.0903
144134000,3840.5657,12418800,124499100,30315785800,329840635600,3841.1456,3845.182,3778.8004,3848.0903
144139000,3840.7482,11769600,124648700,30327555400,329965284300,3841.1456,3845.182,3778.8004,3848.0903
144144000,3840.5401,12504500,135897500,30340059900,330101181800,3841.1456,3845.182,3778.8004,3848.0903
144149000,3840.3547,7790200,79700500,30347850100,330180882300,3841.1456,3845.182,3778.8004,3848.0903
144154000,3840.1048,12026100,129677900,30359876200,330310560200,3841.1456,3845.182,3778.8004,3848.0903
144159000,3840.31,10467200,147774500,30370343400,330458334700,3841.1456,3845.182,3778.8004,3848.0903
144204000,3840.1727,14760100,128806500,30385103500,330587141200,3841.1456,3845.182,3778.8004,3848.0903
144209000,3840.084,14248500,159976300,30399352000,330747117500,3841.1456,3845.182,3778.8004,3848.0903
144214000,3840.224,10195100,120992100,30409547100,330868109600,3841.1456,3845.182,3778.8004,3848.0903
144219000,3839.5835,11983900,103698000,30421531000,330971807600,3841.1456,3845.182,3778.8004,3848.0903
144224000,3839.7395,10268500,113462700,30431799500,331085270300,3841.1456,3845.182,3778.8004,3848.0903
144229000,3839.5518,8233400,91325900,30440032900,331176596200,3841.1456,3845.182,3778.8004,3848.0903
144234000,3840.0141,12341900,124517900,30452374800,331301114100,3841.1456,3845.182,3778.8004,3848.0903
144239000,3839.5361,11378400,138158900,30463753200,331439273000,3841.1456,3845.182,3778.8004,3848.0903
144244000,3838.5406,10985500,131702900,30474738700,331570975900,3841.1456,3845.182,3778.8004,3848.0903
144249000,3838.6091,6892000,83951500,30481630700,331654927400,3841.1456,3845.182,3778.8004,3848.0903
144254000,3838.4483,12420400,125703300,30494051100,331780630700,3841.1456,3845.182,3778.8004,3848.0903
144259000,3838.2037,8482700,93580500,30502533800,331874211200,3841.1456,3845.182,3778.8004,3848.0903
144304000,3838.0008,11576600,119566800,30514110400,331993778000,3841.1456,3845.182,3778.8004,3848.0903
144309000,3837.7884,16525800,168941200,30530636200,332162719200,3841.1456,3845.182,3778.8004,3848.0903
144314000,3837.6337,14883100,149759500,30545519300,332312478700,3841.1456,3845.182,3778.8004,3848.0903
144319000,3837.3604,9781000,93257600,30555300300,332405736300,3841.1456,3845.182,3778.8004,3848.0903
144324000,3836.6199,10601000,116000100,30565901300,332521736400,3841.1456,3845.182,3778.8004,3848.0903
144329000,3835.8207,11183100,123940600,30577084400,332645677000,3841.1456,3845.182,3778.8004,3848.0903
144334000,3835.1902,12015600,148170000,30589100000,332793847000,3841.1456,3845.182,3778.8004,3848.0903
144339000,3834.3229,15289800,153560400,30604389800,332947407400,3841.1456,3845.182,3778.8004,3848.0903
144344000,3833.685,15004900,165742100,30619394700,333113149500,3841.1456,3845.182,3778.8004,3848.0903
144349000,3832.5031,12729900,133973400,30632124600,333247122900,3841.1456,3845.182,3778.8004,3848.0903
144354000,3831.5051,16153500,190712200,30648278100,333437835100,3841.1456,3845.182,3778.8004,3848.0903
144359000,3830.2688,14033600,147855700,30662311700,333585690800,3841.1456,3845.182,3778.8004,3848.0903
144404000,3830.1091,13074700,139809800,30675386400,333725500600,3841.1456,3845.182,3778.8004,3848.0903
144409000,3828.9684,25270000,226675400,30700656400,333952176000,3841.1456,3845.182,3778.8004,3848.0903
144414000,3828.458,12118400,149202700,30712774800,334101378700,3841.1456,3845.182,3778.8004,3848.0903
144419000,3828.2488,9746800,97179800,30722521600,334198558500,3841.1456,3845.182,3778.8004,3848.0903
144424000,3827.5117,15154700,144262200,30737676300,334342820700,3841.1456,3845.182,3778.8004,3848.0903
144429000,3827.421,9873400,111663500,30747549700,334454484200,3841.1456,3845.182,3778.8004,3848.0903
144434000,3827.3427,14604200,129857300,30762153900,334584341500,3841.1456,3845.182,3778.8004,3848.0903
144439000,3827.038,12550600,149054300,30774704500,334733395800,3841.1456,3845.182,3778.8004,3848.0903
144444000,3826.1621,11885200,138174300,30786589700,334871570100,3841.1456,3845.182,3778.8004,3848.0903
144449000,3826.2855,9596400,92138300,30796186100,334963708400,3841.1456,3845.182,3778.8004,3848.0903
144454000,3825.1234,14285700,162870400,30810471800,335126578800,3841.1456,3845.182,3778.8004,3848.0903
144459000,3824.7261,8492200,113213000,30818964000,335239791800,3841.1456,3845.182,3778.8004,3848.0903
144504000,3823.7785,12403700,141768800,30831367700,335381560600,3841.1456,3845.182,3778.8004,3848.0903
144509000,3822.7277,19019400,204381500,30850387100,335585942100,3841.1456,3845.182,3778.8004,3848.0903
144514000,3822.0624,16386000,186306000,30866773100,335772248100,3841.1456,3845.182,3778.8004,3848.0903
144519000,3821.7084,13068200,133312100,30879841300,335905560200,3841.1456,3845.182,3778.8004,3848.0903
144524000,3821.5633,13470700,149989600,30893312000,336055549800,3841.1456,3845.182,3778.8004,3848.0903
144529000,3820.477,12485400,147294000,30905797400,336202843800,3841.1456,3845.182,3778.8004,3848.0903
144534000,3820.3879,12276900,126772700,30918074300,336329616500,3841.1456,3845.182,3778.8004,3848.0903
144539000,3820.0496,16169900,171759000,30934244200,336501375500,3841.1456,3845.182,3778.8004,3848.0903
144544000,3819.9112,15709200,176494300,30949953400,336677869800,3841.1456,3845.182,3778.8004,3848.0903
144549000,3819.9657,14228000,124958600,30964181400,336802828400,3841.1456,3845.182,3778.8004,3848.0903
144554000,3819.1924,15482000,157246200,30979663400,336960074600,3841.1456,3845.182,3778.8004,3848.0903
144559000,3818.755,11057200,123129000,30990720600,337083203600,3841.1456,3845.182,3778.8004,3848.0903
144604000,3818.4595,20209700,183538600,31010930300,337266742200,3841.1456,3845.182,3778.8004,3848.0903
144609000,3817.9874,16313900,172006200,31027244200,337438748400,3841.1456,3845.182,3778.8004,3848.0903
144614000,3817.7924,15033900,186269100,31042278100,337625017500,3841.1456,3845.182,3778.8004,3848.0903
144619000,3817.6772,10553900,104132100,31052832000,337729149600,3841.1456,3845.182,3778.8004,3848.0903
144624000,3817.6951,10188500,124828400,31063020500,337853978000,3841.1456,3845.182,3778.8004,3848.0903
144629000,3817.1677,10701600,116336100,31073722100,337970314100,3841.1456,3845.182,3778.8004,3848.0903
144634000,3816.9829,11940000,130020900,31085662100,338100335000,3841.1456,3845.182,3778.8004,3848.0903
144639000,3817.5431,12762600,145485200,31098424700,338245820200,3841.1456,3845.182,3778.8004,3848.0903
144644000,3817.2068,10392700,130668300,31108817400,338376488500,3841.1456,3845.182,3778.8004,3848.0903
144649000,3817.219,9701600,96484100,31118519000,338472972600,3841.1456,3845.182,3778.8004,3848.0903
144654000,3817.0413,11973200,119895800,31130492200,338592868400,3841.1456,3845.182,3778.8004,3848.0903
144659000,3816.9809,9182900,107011600,31139675100,338699880000,3841.1456,3845.182,3778.8004,3848.0903
144704000,3816.9595,14599800,139561500,31154274900,338839441500,3841.1456,3845.182,3778.8004,3848.0903
144709000,3816.1003,15077600,156419600,31169352500,338995861100,3841.1456,3845.182,3778.8004,3848.0903
144714000,3816.6241,11229000,139538000,31180581500,339135399100,3841.1456,3845.182,3778.8004,3848.0903
144719000,3816.1667,7077500,89588600,31187659000,339224987700,3841.1456,3845.182,3778.8004,3848.0903
144724000,3816.2028,13032000,140488200,31200691000,339365475900,3841.1456,3845.182,3778.8004,3848.0903
144729000,3816.238,8300700,96528900,31208991700,339462004800,3841.1456,3845.182,3778.8004,3848.0903
144734000,3815.8135,13367100,143309100,31222358800,339605313900,3841.1456,3845.182,3778.8004,3848.0903
144739000,3815.9159,13478300,135133300,31235837100,339740447200,3841.1456,3845.182,3778.8004,3848.0903
144744000,3815.4425,12711400,154362500,31248548500,339894809700,3841.1456,3845.182,3778.8004,3848.0903
144749000,3815.0892,11041300,112936400,31259589800,340007746100,3841.1456,3845.182,3778.8004,3848.0903
144754000,3814.5329,14968400,178820800,31274558200,340186566900,3841.1456,3845.182,3778.8004,3848.0903
144759000,3813.7375,15423800,158190900,31289982000,340344757800,3841.1456,3845.182,3778.8004,3848.0903
144804000,3813.5205,16894800,189552600,31306876800,340534310400,3841.1456,3845.182,3778.8004,3848.0903
144809000,3812.3749,16818400,205157500,31323695200,340739467900,3841.1456,3845.182,3778.8004,3848.0903
144814000,3812.2457,14013400,175186900,31337708600,340914654800,3841.1456,3845.182,3778.8004,3848.0903
144819000,3812.1887,11674400,118757500,31349383000,341033412300,3841.1456,3845.182,3778.8004,3848.0903
144824000,3812.0752,12469800,158379400,31361852800,341191791700,3841.1456,3845.182,3778.8004,3848.0903
144829000,3811.8263,11037700,129436100,31372890500,341321227800,3841.1456,3845.182,3778.8004,3848.0903
144834000,3811.2886,12938400,138175200,31385828900,341459403000,3841.1456,3845.182,3778.8004,3848.0903
144839000,3811.4914,9732500,138124500,31395561400,341597527500,3841.1456,3845.182,3778.8004,3848.0903
144844000,3811.4991,11646300,154910400,31407207700,341752437900,3841.1456,3845.182,3778.8004,3848.0903
144849000,3811.4149,12145800,101437800,31419353500,341853875700,3841.1456,3845.182,3778.8004,3848.0903
144854000,3810.7746,14158100,154396300,31433511600,342008272000,3841.1456,3845.182,3778.8004,3848.0903
144859000,3811.0528,12965600,131889200,31446477200,342140161200,3841.1456,3845.182,3778.8004,3848.0903
144904000,3811.2015,13313700,131533900,31459790900,342271695100,3841.1456,3845.182,3778.8004,3848.0903
144909000,3810.6828,11886700,133924500,31471677600,342405619600,3841.1456,3845.182,3778.8004,3848.0903
144914000,3810.3316,16199100,189861700,31487876700,342595481300,3841.1456,3845.182,3778.8004,3848.0903
144919000,3810.2318,10962000,114655400,31498838700,342710136700,3841.1456,3845.182,3778.8004,3848.0903
144924000,3810.3921,12876700,153683200,31511715400,342863819900,3841.1456,3845.182,3778.8004,3848.0903
144929000,3810.2385,11169800,137425000,31522885200,343001244900,3841.1456,3845.182,3778.8004,3848.0903
144934000,3810.5858,13638600,152558700,31536523800,343153803600,3841.1456,3845.182,3778.8004,3848.0903
144939000,3810.1864,14752800,171471900,31551276600,343325275500,3841.1456,3845.182,3778.8004,3848.0903
144944000,3810.2386,12425800,142600700,31563702400,343467876200,3841.1456,3845.182,3778.8004,3848.0903
144949000,3810.2268,10697700,124730100,31574400100,343592606300,3841.1456,3845.182,3778.8004,3848.0903
144954000,3810.4868,13523700,154973000,31587923800,343747579300,3841.1456,3845.182,3778.8004,3848.0903
144959000,3810.5208,9222500,114189400,31597146300,343861768700,3841.1456,3845.182,3778.8004,3848.0903
145004000,3810.481,14123500,124858600,31611269800,343986627300,3841.1456,3845.182,3778.8004,3848.0903
145009000,3810.4605,13466100,150763100,31624735900,344137390400,3841.1456,3845.182,3778.8004,3848.0903
145014000,3810.5559,13074100,132076600,31637810000,344269467000,3841.1456,3845.182,3778.8004,3848.0903
145019000,3810.9018,9295000,84405200,31647105000,344353872200,3841.1456,3845.182,3778.8004,3848.0903
145024000,3810.6486,13280000,140580800,31660385000,344494453000,3841.1456,3845.182,3778.8004,3848.0903
145029000,3810.514,9656700,105811200,31670041700,344600264200,3841.1456,3845.182,3778.8004,3848.0903
145034000,3810.4956,10490500,125390900,31680532200,344725655100,3841.1456,3845.182,3778.8004,3848.0903
145039000,3810.3987,14675000,148700600,31695207200,344874355700,3841.1456,3845.182,3778.8004,3848.0903
145044000,3810.6543,15389300,163855900,31710596500,345038211600,3841.1456,3845.182,3778.8004,3848.0903
145049000,3810.0805,12580400,110124400,31723176900,345148336000,3841.1456,3845.182,3778.8004,3848.0903
145054000,3810.4403,14734000,158003800,31737910900,345306339800,3841.1456,3845.182,3778.8004,3848.0903
145059000,3810.7312,8512200,93885800,31746423100,345400225600,3841.1456,3845.182,3778.8004,3848.0903
145104000,3810.542,14234400,149459800,31760657500,345549685400,3841.1456,3845.182,3778.8004,3848.0903
145109000,3810.6749,13797300,135098800,31774454800,345684784200,3841.1456,3845.182,3778.8004,3848.0903
145114000,3810.8064,14951900,147155400,31789406700,345831939600,3841.1456,3845.182,3778.8004,3848.0903
145119000,3810.8094,11007800,115848500,31800414500,345947788100,3841.1456,3845.182,3778.8004,3848.0903
145124000,3810.8353,14414600,150904500,31814829100,346098692600,3841.1456,3845.182,3778.8004,3848.0903
145129000,3810.9442,7957500,94636800,31822786600,346193329400,3841.1456,3845.182,3778.8004,3848.0903
145134000,3810.9939,13680700,158761900,31836467300,346352091300,3841.1456,3845.182,3778.8004,3848.0903
145139000,3811.1567,11518100,145606200,31847985400,346497697500,3841.1456,3845.182,3778.8004,3848.0903
145144000,3811.1315,11606600,140128300,31859592000,346637825800,3841.1456,3845.182,3778.8004,3848.0903
145149000,3811.2772,9552600,113542600,31869144600,346751368400,3841.1456,3845.182,3778.8004,3848.0903
145154000,3811.1565,12865100,137873600,31882009700,346889242000,3841.1456,3845.182,3778.8004,3848.0903
145159000,3811.4883,8187600,108212100,31890197300,346997454100,3841.1456,3845.182,3778.8004,3848.0903
145204000,3812.34,14738400,162367300,31904935700,347159821400,3841.1456,3845.182,3778.8004,3848.0903
145209000,3812.1461,15293700,175049600,31920229400,347334871000,3841.1456,3845.182,3778.8004,3848.0903
145214000,3812.0668,14446100,157315800,31934675500,347492186800,3841.1456,3845.182,3778.8004,3848.0903
145219000,3811.8608,8775900,98538000,31943451400,347590724800,3841.1456,3845.182,3778.8004,3848.0903
145224000,3812.0503,12826800,162213900,31956278200,347752938700,3841.1456,3845.182,3778.8004,3848.0903
145229000,3811.7106,10240200,126936300,31966518400,347879875000,3841.1456,3845.182,3778.8004,3848.0903
145234000,3811.9116,11082100,126823000,31977600500,348006698000,3841.1456,3845.182,3778.8004,3848.0903
145239000,3811.5312,11665800,124167500,31989266300,348130865500,3841.1456,3845.182,3778.8004,3848.0903
145244000,3812.1044,14880400,151924600,32004146700,348282790100,3841.1456,3845.182,3778.8004,3848.0903
145249000,3812.424,8732700,100481300,32012879400,348383271400,3841.1456,3845.182,3778.8004,3848.0903
145254000,3812.132,12884900,134047100,32025764300,348517318500,3841.1456,3845.182,3778.8004,3848.0903
145259000,3811.8965,9841200,106493200,32035605500,348623811700,3841.1456,3845.182,3778.8004,3848.0903
145304000,3812.1333,12727200,142506900,32048332700,348766318600,3841.1456,3845.182,3778.8004,3848.0903
145309000,3811.8615,14291300,151261800,32062624000,348917580400,3841.1456,3845.182,3778.8004,3848.0903
145314000,3812.2148,11041100,131600900,32073665100,349049181300,3841.1456,3845.182,3778.8004,3848.0903
145319000,3811.6305,9068400,98419800,32082733500,349147601100,3841.1456,3845.182,3778.8004,3848.0903
145324000,3811.6271,14372500,176026500,32097106000,349323627600,3841.1456,3845.182,3778.8004,3848.0903
145329000,3811.7577,8994600,109162100,32106100600,349432789700,3841.1456,3845.182,3778.8004,3848.0903
145334000,3812.0117,12678600,134271100,32118779200,349567060800,3841.1456,3845.182,3778.8004,3848.0903
145339000,3812.0284,13714400,164764400,32132493600,349731825200,3841.1456,3845.182,3778.8004,3848.0903
145344000,3811.6264,12139200,155958500,32144632800,349887783700,3841.1456,3845.182,3778.8004,3848.0903
145349000,3811.3459,9926000,121443100,32154558800,350009226800,3841.1456,3845.182,3778.8004,3848.0903
145354000,3811.4554,12618500,140087000,32167177300,350149313800,3841.1456,3845.182,3778.8004,3848.0903
145359000,3811.4938,9817900,128637500,32176995200,350277951300,3841.1456,3845.182,3778.8004,3848.0903
145404000,3811.2828,13539700,151749500,32190534900,350429700800,3841.1456,3845.182,3778.8004,3848.0903
145409000,3811.4055,15155300,165446300,32205690200,350595147100,3841.1456,3845.182,3778.8004,3848.0903
145414000,3811.2255,13720800,153220100,32219411000,350748367200,3841.1456,3845.182,3778.8004,3848.0903
145419000,3811.1973,8852400,102204300,32228263400,350850571500,3841.1456,3845.182,3778.8004,3848.0903
145424000,3811.3889,13987600,165874800,32242251000,351016446300,3841.1456,3845.182,3778.8004,3848.0903
145429000,3811.1781,10122900,114858900,32252373900,351131305200,3841.1456,3845.182,3778.8004,3848.0903
145434000,3811.3958,14163600,148921900,32266537500,351280227100,3841.1456,3845.182,3778.8004,3848.0903
145439000,3811.2285,12519000,143097800,32279056500,351423324900,3841.1456,3845.182,3778.8004,3848.0903
145444000,3811.2052,13962400,158768100,32293018900,351582093000,3841.1456,3845.182,3778.8004,3848.0903
145449000,3811.2072,9031200,89072900,32302050100,351671165900,3841.1456,3845.182,3778.8004,3848.0903
145454000,3811.403,13816500,151754500,32315866600,351822920400,3841.1456,3845.182,3778.8004,3848.0903
145459000,3811.4538,9905500,123512200,32325772100,351946432600,3841.1456,3845.182,3778.8004,3848.0903
145504000,3811.1512,14270300,150597400,32340042400,352097030000,3841.1456,3845.182,3778.8004,3848.0903
145509000,3811.6491,14107100,158420500,32354149500,352255450500,3841.1456,3845.182,3778.8004,3848.0903
145514000,3811.0122,12917700,148021900,32367067200,352403472400,3841.1456,3845.182,3778.8004,3848.0903
145519000,3811.0197,10517900,113569400,32377585100,352517041800,3841.1456,3845.182,3778.8004,3848.0903
145524000,3810.8575,14239800,157023400,32391824900,352674065200,3841.1456,3845.182,3778.8004,3848.0903
145529000,3810.9246,14573100,153104700,32406398000,352827169900,3841.1456,3845.182,3778.8004,3848.0903
145534000,3810.6309,17623100,193496900,32424021100,353020666800,3841.1456,3845.182,3778.8004,3848.0903
145539000,3810.9932,15798800,164282300,32439819900,353184949100,3841.1456,3845.182,3778.8004,3848.0903
145544000,3811.1869,14722600,164596600,32454542500,353349545700,3841.1456,3845.182,3778.8004,3848.0903
145549000,3810.7234,10822400,127477500,32465364900,353477023200,3841.1456,3845.182,3778.8004,3848.0903
145554000,3810.532,14434700,169042800,32479799600,353646066000,3841.1456,3845.182,3778.8004,3848.0903
145559000,3810.6202,11348400,117592800,32491148000,353763658800,3841.1456,3845.182,3778.8004,3848.0903
145604000,3810.3028,14220900,154190300,32505368900,353917849100,3841.1456,3845.182,3778.8004,3848.0903
145609000,3810.588,16896300,187267600,32522265200,354105116700,3841.1456,3845.182,3778.8004,3848.0903
145614000,3810.5101,16910900,215627900,32539176100,354320744600,3841.1456,3845.182,3778.8004,3848.0903
145619000,3810.3355,13016000,143896200,32552192100,354464640800,3841.1456,3845.182,3778.8004,3848.0903
145624000,3810.1657,15140700,190932600,32567332800,354655573400,3841.1456,3845.182,3778.8004,3848.0903
145629000,3810.1875,11500200,136505000,32578833000,354792078400,3841.1456,3845.182,3778.8004,3848.0903
145634000,3809.7361,19555100,218814000,32598388100,355010892400,3841.1456,3845.182,3778.8004,3848.0903
145639000,3810.1393,18344800,196234000,32616732900,355207126400,3841.1456,3845.182,3778.8004,3848.0903
145644000,3809.9695,17081000,176574800,32633813900,355383701200,3841.1456,3845.182,3778.8004,3848.0903
145649000,3810.1417,12555000,134105200,32646368900,355517806400,3841.1456,3845.182,3778.8004,3848.0903
145654000,3810.0497,18285000,188326200,32664653900,355706132600,3841.1456,3845.182,3778.8004,3848.0903
145659000,3809.8409,12270000,143657100,32676923900,355849789700,3841.1456,3845.182,3778.8004,3848.0903
145704000,3809.8987,11522400,124357900,32688446300,355974147600,3841.1456,3845.182,3778.8004,3848.0903
145709000,3809.9294,370400,7871500,32688816700,355982019100,3841.1456,3845.182,3778.8004,3848.0903
150004000,3809.313,158578500,1786820300,32847395200,357768839400,3841.1456,3845.182,3778.8004,3848.0903
150009000,3809.0191,119047300,1428329000,32966442500,359197168400,3841.1456,3845.182,3778.8004,3848.0903
150014000,3808.8497,18212300,141984500,32984654800,359339152900,3841.1456,3845.182,3778.8004,3848.0903
