Time,Price,Volume,Turnover,AccVolume,AccTurnover,Open,High,Low,PreClose
92517000,3434.3516,51090100,645437000,51090100,645437000,3434.3516,3434.3516,3434.3516,3447.3882
93004000,3431.9192,38220600,432315700,89310700,1077752700,3434.3516,3434.3516,3431.9192,3447.3882
93009000,3431.3874,27393400,362293700,116704100,1440046400,3434.3516,3434.3516,3431.1798,3447.3882
93013000,3431.1347,8478300,105064100,125182400,1545110500,3434.3516,3434.3516,3431.1347,3447.3882
93019000,3431.3326,7363800,95261700,132546200,1640372200,3434.3516,3434.3516,3431.028,3447.3882
93024000,3430.5865,7605900,81898100,140152100,1722270300,3434.3516,3434.3516,3430.528,3447.3882
93028000,3429.6062,6399600,73759000,146551700,1796029300,3434.3516,3434.3516,3429.6021,3447.3882
93034000,3428.2058,7243800,73313200,153795500,1869342500,3434.3516,3434.3516,3428.2058,3447.3882
93039000,3428.5371,8965000,100959400,162760500,1970301900,3434.3516,3434.3516,3428.2058,3447.3882
93043000,3428.1499,6064100,78091100,168824600,2048393000,3434.3516,3434.3516,3428.1499,3447.3882
93049000,3427.1796,9021100,99710300,177845700,2148103300,3434.3516,3434.3516,3427.1796,3447.3882
93054000,3427.0563,5280300,58743400,183126000,2206846700,3434.3516,3434.3516,3427.0563,3447.3882
93058000,3427.0915,6188500,72054700,189314500,2278901400,3434.3516,3434.3516,3427.0563,3447.3882
93104000,3426.6386,8159000,94498400,197473500,2373399800,3434.3516,3434.3516,3426.5191,3447.3882
93109000,3425.8094,7169000,93234200,204642500,2466634000,3434.3516,3434.3516,3425.8094,3447.3882
93113000,3425.3863,7437600,91332900,212080100,2557966900,3434.3516,3434.3516,3425.3863,3447.3882
93119000,3424.977,8708800,116124200,220788900,2674091100,3434.3516,3434.3516,3424.977,3447.3882
93124000,3424.6836,5665700,77109400,226454600,2751200500,3434.3516,3434.3516,3424.6836,3447.3882
93128000,3424.5701,5723000,69473200,232177600,2820673700,3434.3516,3434.3516,3424.4435,3447.3882
93134000,3423.8831,9322600,100989000,241500200,2921662700,3434.3516,3434.3516,3423.8831,3447.3882
93139000,3423.7387,6081300,101752400,247581500,3023415100,3434.3516,3434.3516,3423.444,3447.3882
93143000,3423.0364,6972000,87187100,254553500,3110602200,3434.3516,3434.3516,3423.0364,3447.3882
93149000,3422.7067,7585800,91216600,262139300,3201818800,3434.3516,3434.3516,3422.6785,3447.3882
93154000,3422.8812,6319000,78693900,268458300,3280512700,3434.3516,3434.3516,3422.6551,3447.3882
93158000,3421.8988,10436600,111243700,278894900,3391756400,3434.3516,3434.3516,3421.8757,3447.3882
93204000,3421.8604,8608500,112984100,287503400,3504740500,3434.3516,3434.3516,3421.8043,3447.3882
93209000,3421.0924,5816300,87444000,293319700,3592184500,3434.3516,3434.3516,3421.0924,3447.3882
93213000,3421.5284,7096100,91883600,300415800,3684068100,3434.3516,3434.3516,3421.0924,3447.3882
93219000,3422.5713,7720000,96269900,308135800,3780338000,3434.3516,3434.3516,3421.0924,3447.3882
93225000,3424.5158,12530200,148170500,320666000,3928508500,3434.3516,3434.3516,3421.0924,3447.3882
93230000,3423.8371,4941000,83390700,325607000,4011899200,3434.3516,3434.3516,3421.0924,3447.3882
93234000,3423.84,8728300,114549500,334335300,4126448700,3434.3516,3434.3516,3421.0924,3447.3882
93240000,3424.1187,8286400,95854700,342621700,4222303400,3434.3516,3434.3516,3421.0924,3447.3882
93245000,3424.3618,6880100,82506300,349501800,4304809700,3434.3516,3434.3516,3421.0924,3447.3882
93249000,3424.7689,6632900,84699500,356134700,4389509200,3434.3516,3434.3516,3421.0924,3447.3882
93255000,3424.8093,7086500,91236100,363221200,4480745300,3434.3516,3434.3516,3421.0924,3447.3882
93300000,3425.1239,6049400,71343600,369270600,4552088900,3434.3516,3434.3516,3421.0924,3447.3882
93304000,3425.6611,8339300,96096800,377609900,4648185700,3434.3516,3434.3516,3421.0924,3447.3882
93310000,3426.0754,6288400,85340600,383898300,4733526300,3434.3516,3434.3516,3421.0924,3447.3882
93315000,3426.5638,6370200,76492800,390268500,4810019100,3434.3516,3434.3516,3421.0924,3447.3882
93319000,3426.5161,7287100,80765700,397555600,4890784800,3434.3516,3434.3516,3421.0924,3447.3882
93325000,3427.6678,6868800,92093400,404424400,4982878200,3434.3516,3434.3516,3421.0924,3447.3882
93330000,3427.1669,3726600,50609600,408151000,5033487800,3434.3516,3434.3516,3421.0924,3447.3882
93334000,3428.201,7468000,94132400,415619000,5127620200,3434.3516,3434.3516,3421.0924,3447.3882
93340000,3428.878,7749300,98258400,423368300,5225878600,3434.3516,3434.3516,3421.0924,3447.3882
93345000,3429.6496,6360200,87821500,429728500,5313700100,3434.3516,3434.3516,3421.0924,3447.3882
93349000,3430.3451,8063700,93748800,437792200,5407448900,3434.3516,3434.3516,3421.0924,3447.3882
93355000,3431.4555,10299700,110401000,448091900,5517849900,3434.3516,3434.3516,3421.0924,3447.3882
93400000,3431.2889,4575300,57028500,452667200,5574878400,3434.3516,3434.3516,3421.0924,3447.3882
93404000,3431.107,6776900,78243000,459444100,5653121400,3434.3516,3434.3516,3421.0924,3447.3882
93410000,3431.4773,5600900,75038100,465045000,5728159500,3434.3516,3434.3516,3421.0924,3447.3882
93415000,3431.0656,8767200,89190000,473812200,5817349500,3434.3516,3434.3516,3421.0924,3447.3882
93419000,3429.2384,8239300,93248900,482051500,5910598400,3434.3516,3434.3516,3421.0924,3447.3882
93425000,3428.6616,8150200,104928100,490201700,6015526500,3434.3516,3434.3516,3421.0924,3447.3882
93430000,3428.3946,5703100,59161800,495904800,6074688300,3434.3516,3434.3516,3421.0924,3447.3882
93434000,3427.9641,6580800,81290000,502485600,6155978300,3434.3516,3434.3516,3421.0924,3447.3882
93440000,3428.2701,5936200,73170800,508421800,6229149100,3434.3516,3434.3516,3421.0924,3447.3882
93445000,3427.7042,6367700,83443100,514789500,6312592200,3434.3516,3434.3516,3421.0924,3447.3882
93449000,3426.7533,7074200,88018500,521863700,6400610700,3434.3516,3434.3516,3421.0924,3447.3882
93455000,3426.4235,6723500,98207500,528587200,6498818200,3434.3516,3434.3516,3421.0924,3447.3882
93500000,3425.9659,3974600,58054000,532561800,6556872200,3434.3516,3434.3516,3421.0924,3447.3882
93504000,3425.9602,8364300,101462200,540926100,6658334400,3434.3516,3434.3516,3421.0924,3447.3882
93510000,3426.6913,7173500,91010900,548099600,6749345300,3434.3516,3434.3516,3421.0924,3447.3882
93515000,3426.6738,4943100,73376600,553042700,6822721900,3434.3516,3434.3516,3421.0924,3447.3882
93519000,3426.3686,6750400,76653800,559793100,6899375700,3434.3516,3434.3516,3421.0924,3447.3882
93525000,3425.7577,6548700,95342100,566341800,6994717800,3434.3516,3434.3516,3421.0924,3447.3882
93530000,3425.5608,3758800,49952300,570100600,7044670100,3434.3516,3434.3516,3421.0924,3447.3882
93534000,3424.5732,6486300,80717500,576586900,7125387600,3434.3516,3434.3516,3421.0924,3447.3882
93540000,3424.3816,4359800,63975200,580946700,7189362800,3434.3516,3434.3516,3421.0924,3447.3882
93545000,3424.036,4908300,67114400,585855000,7256477200,3434.3516,3434.3516,3421.0924,3447.3882
93549000,3423.4521,6608800,92147600,592463800,7348624800,3434.3516,3434.3516,3421.0924,3447.3882
93555000,3422.7803,6273800,93526900,598737600,7442151700,3434.3516,3434.3516,3421.0924,3447.3882
93600000,3422.764,4166300,72740000,602903900,7514891700,3434.3516,3434.3516,3421.0924,3447.3882
93606000,3421.5331,7666400,127899400,610570300,7642791100,3434.3516,3434.3516,3421.0924,3447.3882
93610000,3420.6531,7308900,102768400,617879200,7745559500,3434.3516,3434.3516,3420.6531,3447.3882
93616000,3420.261,7275400,94222400,625154600,7839781900,3434.3516,3434.3516,3420.261,3447.3882
93621000,3419.4506,7821500,99428400,632976100,7939210300,3434.3516,3434.3516,3419.4506,3447.3882
93625000,3418.3886,7935100,103181100,640911200,8042391400,3434.3516,3434.3516,3418.3886,3447.3882
93631000,3417.7862,8995900,117630000,649907100,8160021400,3434.3516,3434.3516,3417.7862,3447.3882
93636000,3417.696,5010000,62044800,654917100,8222066200,3434.3516,3434.3516,3417.696,3447.3882
93640000,3417.6231,6834800,95285200,661751900,8317351400,3434.3516,3434.3516,3417.4953,3447.3882
93646000,3416.5849,6286100,78693300,668038000,8396044700,3434.3516,3434.3516,3416.5849,3447.3882
93651000,3415.6193,7705800,88780500,675743800,8484825200,3434.3516,3434.3516,3415.6193,3447.3882
93655000,3415.5242,7711600,102463700,683455400,8587288900,3434.3516,3434.3516,3415.5242,3447.3882
93701000,3414.7284,7051700,93779300,690507100,8681068200,3434.3516,3434.3516,3414.6183,3447.3882
93706000,3413.8192,5931400,76102700,696438500,8757170900,3434.3516,3434.3516,3413.8192,3447.3882
93710000,3414.4062,9826800,119949100,706265300,8877120000,3434.3516,3434.3516,3413.6028,3447.3882
93716000,3415.018,8937700,120309300,715203000,8997429300,3434.3516,3434.3516,3413.6028,3447.3882
93721000,3415.7762,10679900,158175500,725882900,9155604800,3434.3516,3434.3516,3413.6028,3447.3882
93725000,3417.5854,13696300,168492400,739579200,9324097200,3434.3516,3434.3516,3413.6028,3447.3882
93731000,3417.8948,14434200,179233400,754013400,9503330600,3434.3516,3434.3516,3413.6028,3447.3882
93736000,3418.4633,5421400,89694900,759434800,9593025500,3434.3516,3434.3516,3413.6028,3447.3882
93740000,3419.1317,8836500,110873600,768271300,9703899100,3434.3516,3434.3516,3413.6028,3447.3882
93746000,3419.2554,7194400,85449600,775465700,9789348700,3434.3516,3434.3516,3413.6028,3447.3882
93751000,3419.0363,8024400,86360600,783490100,9875709300,3434.3516,3434.3516,3413.6028,3447.3882
93755000,3418.5309,7177700,88629200,790667800,9964338500,3434.3516,3434.3516,3413.6028,3447.3882
93801000,3418.7479,8836000,104628700,799503800,10068967200,3434.3516,3434.3516,3413.6028,3447.3882
93806000,3418.7245,5070000,67498300,804573800,10136465500,3434.3516,3434.3516,3413.6028,3447.3882
93810000,3419.4031,7133000,80305800,811706800,10216771300,3434.3516,3434.3516,3413.6028,3447.3882
93816000,3418.518,8696200,84729300,820403000,10301500600,3434.3516,3434.3516,3413.6028,3447.3882
93821000,3418.4703,7194300,80227000,827597300,10381727600,3434.3516,3434.3516,3413.6028,3447.3882
93825000,3418.3371,6948700,87742100,834546000,10469469700,3434.3516,3434.3516,3413.6028,3447.3882
93831000,3418.2223,6926100,102486400,841472100,10571956100,3434.3516,3434.3516,3413.6028,3447.3882
93836000,3418.2199,4681000,63366400,846153100,10635322500,3434.3516,3434.3516,3413.6028,3447.3882
93840000,3417.8302,5994000,89426200,852147100,10724748700,3434.3516,3434.3516,3413.6028,3447.3882
93846000,3417.3761,5281200,70961000,857428300,10795709700,3434.3516,3434.3516,3413.6028,3447.3882
93851000,3417.0275,5977200,77116700,863405500,10872826400,3434.3516,3434.3516,3413.6028,3447.3882
93855000,3416.6902,7224400,78966700,870629900,10951793100,3434.3516,3434.3516,3413.6028,3447.3882
93901000,3416.6629,7011000,95927900,877640900,11047721000,3434.3516,3434.3516,3413.6028,3447.3882
93906000,3416.3118,5006400,53081900,882647300,11100802900,3434.3516,3434.3516,3413.6028,3447.3882
93910000,3416.0777,8781400,93039700,891428700,11193842600,3434.3516,3434.3516,3413.6028,3447.3882
93916000,3416.1996,7150900,85037000,898579600,11278879600,3434.3516,3434.3516,3413.6028,3447.3882
93921000,3415.5867,4818200,68224800,903397800,11347104400,3434.3516,3434.3516,3413.6028,3447.3882
93925000,3415.0838,5424300,73720900,908822100,11420825300,3434.3516,3434.3516,3413.6028,3447.3882
93931000,3414.3444,6568100,91670800,915390200,11512496100,3434.3516,3434.3516,3413.6028,3447.3882
93936000,3414.1052,4811900,61675200,920202100,11574171300,3434.3516,3434.3516,3413.6028,3447.3882
93942000,3414.0196,8645900,114205500,928848000,11688376800,3434.3516,3434.3516,3413.6028,3447.3882
93946000,3413.1181,5912500,68031000,934760500,11756407800,3434.3516,3434.3516,3413.1181,3447.3882
93951000,3412.1588,7114300,103896100,941874800,11860303900,3434.3516,3434.3516,3412.1588,3447.3882
93957000,3411.4281,9900000,139877000,951774800,12000180900,3434.3516,3434.3516,3411.2962,3447.3882
94001000,3410.8138,9317400,114086600,961092200,12114267500,3434.3516,3434.3516,3410.8138,3447.3882
94007000,3410.0216,10767900,140860100,971860100,12255127600,3434.3516,3434.3516,3409.907,3447.3882
94012000,3409.3878,6480700,91715800,978340800,12346843400,3434.3516,3434.3516,3409.3878,3447.3882
94016000,3408.34,9284500,111007400,987625300,12457850800,3434.3516,3434.3516,3408.34,3447.3882
94022000,3408.1499,6165300,79666100,993790600,12537516900,3434.3516,3434.3516,3408.088,3447.3882
94027000,3407.0836,6995100,97594100,1000785700,12635111000,3434.3516,3434.3516,3407.0836,3447.3882
94031000,3407.0237,8165500,110368400,1008951200,12745479400,3434.3516,3434.3516,3406.9745,3447.3882
94037000,3406.3987,10929000,144492000,1019880200,12889971400,3434.3516,3434.3516,3406.2219,3447.3882
94042000,3405.9437,6058100,78101800,1025938300,12968073200,3434.3516,3434.3516,3405.9437,3447.3882
94046000,3405.2393,12045800,130190800,1037984100,13098264000,3434.3516,3434.3516,3405.2393,3447.3882
94052000,3404.4042,7617900,97026300,1045602000,13195290300,3434.3516,3434.3516,3404.4042,3447.3882
94057000,3403.6137,7438900,104248700,1053040900,13299539000,3434.3516,3434.3516,3403.6137,3447.3882
94101000,3402.8017,10575900,117369600,1063616800,13416908600,3434.3516,3434.3516,3402.8017,3447.3882
94107000,3402.5619,11733300,155416400,1075350100,13572325000,3434.3516,3434.3516,3402.5619,3447.3882
94112000,3401.9892,5360600,80020400,1080710700,13652345400,3434.3516,3434.3516,3401.9892,3447.3882
94116000,3401.5554,10175400,111774200,1090886100,13764119600,3434.3516,3434.3516,3401.5554,3447.3882
94122000,3401.3223,8079900,99330900,1098966000,13863450500,3434.3516,3434.3516,3401.2354,3447.3882
94127000,3401.8152,9086900,113093000,1108052900,13976543500,3434.3516,3434.3516,3401.2062,3447.3882
94131000,3403.4394,13068900,145819300,1121121800,14122362800,3434.3516,3434.3516,3401.2062,3447.3882
94137000,3404.4271,14676100,197242300,1135797900,14319605100,3434.3516,3434.3516,3401.2062,3447.3882
94142000,3405.2703,9343900,116376800,1145141800,14435981900,3434.3516,3434.3516,3401.2062,3447.3882
94147000,3405.5253,13226000,149710400,1158367800,14585692300,3434.3516,3434.3516,3401.2062,3447.3882
94152000,3406.1967,9301000,102294100,1167668800,14687986400,3434.3516,3434.3516,3401.2062,3447.3882
94157000,3407.1121,10295900,127528900,1177964700,14815515300,3434.3516,3434.3516,3401.2062,3447.3882
94201000,3407.7921,10480600,122471400,1188445300,14937986700,3434.3516,3434.3516,3401.2062,3447.3882
94207000,3407.4666,13321500,162289400,1201766800,15100276100,3434.3516,3434.3516,3401.2062,3447.3882
94212000,3408.2531,6090700,86799300,1207857500,15187075400,3434.3516,3434.3516,3401.2062,3447.3882
94216000,3408.7884,8948200,116497500,1216805700,15303572900,3434.3516,3434.3516,3401.2062,3447.3882
94222000,3408.9789,9016400,114717900,1225822100,15418290800,3434.3516,3434.3516,3401.2062,3447.3882
94227000,3410.0335,9491300,118158100,1235313400,15536448900,3434.3516,3434.3516,3401.2062,3447.3882
94231000,3410.5325,7929300,120171100,1243242700,15656620000,3434.3516,3434.3516,3401.2062,3447.3882
94237000,3411.8864,10098500,147064500,1253341200,15803684500,3434.3516,3434.3516,3401.2062,3447.3882
94242000,3411.9986,5227300,70425500,1258568500,15874110000,3434.3516,3434.3516,3401.2062,3447.3882
94246000,3413.0389,6842600,90498100,1265411100,15964608100,3434.3516,3434.3516,3401.2062,3447.3882
94252000,3413.067,5809100,84327900,1271220200,16048936000,3434.3516,3434.3516,3401.2062,3447.3882
94257000,3413.1015,5451900,79875700,1276672100,16128811700,3434.3516,3434.3516,3401.2062,3447.3882
94301000,3413.325,7312900,84685000,1283985000,16213496700,3434.3516,3434.3516,3401.2062,3447.3882
94307000,3413.4233,10135200,109568300,1294120200,16323065000,3434.3516,3434.3516,3401.2062,3447.3882
94312000,3413.9025,7283200,66699800,1301403400,16389764800,3434.3516,3434.3516,3401.2062,3447.3882
94316000,3413.9993,6273600,79537000,1307677000,16469301800,3434.3516,3434.3516,3401.2062,3447.3882
94322000,3414.3848,4714300,61096100,1312391300,16530397900,3434.3516,3434.3516,3401.2062,3447.3882
94327000,3414.6642,4481200,72685900,1316872500,16603083800,3434.3516,3434.3516,3401.2062,3447.3882
94333000,3414.505,6375900,95970100,1323248400,16699053900,3434.3516,3434.3516,3401.2062,3447.3882
94337000,3414.7902,8356300,75583200,1331604700,16774637100,3434.3516,3434.3516,3401.2062,3447.3882
94343000,3415.0562,7090400,98057900,1338695100,16872695000,3434.3516,3434.3516,3401.2062,3447.3882
94348000,3414.901,2987900,42363000,1341683000,16915058000,3434.3516,3434.3516,3401.2062,3447.3882
94352000,3414.8999,4087200,56304800,1345770200,16971362800,3434.3516,3434.3516,3401.2062,3447.3882
94358000,3414.94,5858100,67841500,1351628300,17039204300,3434.3516,3434.3516,3401.2062,3447.3882
94403000,3414.7794,5039100,81696800,1356667400,17120901100,3434.3516,3434.3516,3401.2062,3447.3882
94407000,3414.7571,5362800,75180300,1362030200,17196081400,3434.3516,3434.3516,3401.2062,3447.3882
94413000,3414.4806,5601500,79267700,1367631700,17275349100,3434.3516,3434.3516,3401.2062,3447.3882
94418000,3414.5726,3211600,43888900,1370843300,17319238000,3434.3516,3434.3516,3401.2062,3447.3882
94422000,3414.426,5829300,72279800,1376672600,17391517800,3434.3516,3434.3516,3401.2062,3447.3882
94428000,3413.8781,4577800,62877700,1381250400,17454395500,3434.3516,3434.3516,3401.2062,3447.3882
94433000,3413.6441,4966100,67340200,1386216500,17521735700,3434.3516,3434.3516,3401.2062,3447.3882
94437000,3413.2714,6181400,102041000,1392397900,17623776700,3434.3516,3434.3516,3401.2062,3447.3882
94443000,3412.8103,6561700,93770400,1398959600,17717547100,3434.3516,3434.3516,3401.2062,3447.3882
94448000,3412.345,4339200,59448400,1403298800,17776995500,3434.3516,3434.3516,3401.2062,3447.3882
94452000,3411.7056,5326200,75140500,1408625000,17852136000,3434.3516,3434.3516,3401.2062,3447.3882
94458000,3411.5485,5585900,78030100,1414210900,17930166100,3434.3516,3434.3516,3401.2062,3447.3882
94503000,3411.3471,4672800,62136500,1418883700,17992302600,3434.3516,3434.3516,3401.2062,3447.3882
94507000,3411.2484,6028800,82047800,1424912500,18074350400,3434.3516,3434.3516,3401.2062,3447.3882
94513000,3410.7231,6326400,87465700,1431238900,18161816100,3434.3516,3434.3516,3401.2062,3447.3882
94518000,3410.2455,4091200,77003700,1435330100,18238819800,3434.3516,3434.3516,3401.2062,3447.3882
94522000,3410.2087,4890100,67498900,1440220200,18306318700,3434.3516,3434.3516,3401.2062,3447.3882
94528000,3409.8027,3761200,60039400,1443981400,18366358100,3434.3516,3434.3516,3401.2062,3447.3882
94533000,3409.6155,4221100,65961900,1448202500,18432320000,3434.3516,3434.3516,3401.2062,3447.3882
94537000,3409.288,4929200,61969100,1453131700,18494289100,3434.3516,3434.3516,3401.2062,3447.3882
94543000,3409.281,5639200,83705500,1458770900,18577994600,3434.3516,3434.3516,3401.2062,3447.3882
94548000,3408.7738,3788900,52656000,1462559800,18630650600,3434.3516,3434.3516,3401.2062,3447.3882
94552000,3408.7791,4474300,58541500,1467034100,18689192100,3434.3516,3434.3516,3401.2062,3447.3882
94558000,3408.7082,3606100,49365500,1470640200,18738557600,3434.3516,3434.3516,3401.2062,3447.3882
94603000,3408.1811,3495800,59460200,1474136000,18798017800,3434.3516,3434.3516,3401.2062,3447.3882
94607000,3408.0633,4570700,69370000,1478706700,18867387800,3434.3516,3434.3516,3401.2062,3447.3882
94613000,3407.8652,5440500,71556700,1484147200,18938944500,3434.3516,3434.3516,3401.2062,3447.3882
94618000,3407.5666,2714400,34084500,1486861600,18973029000,3434.3516,3434.3516,3401.2062,3447.3882
94622000,3407.2081,4737400,57879900,1491599000,19030908900,3434.3516,3434.3516,3401.2062,3447.3882
94628000,3407.3248,3485500,46517500,1495084500,19077426400,3434.3516,3434.3516,3401.2062,3447.3882
94633000,3406.6387,4130900,64864200,1499215400,19142290600,3434.3516,3434.3516,3401.2062,3447.3882
94637000,3406.9469,5209600,72094800,1504425000,19214385400,3434.3516,3434.3516,3401.2062,3447.3882
94643000,3408.9968,8046500,105742100,1512471500,19320127500,3434.3516,3434.3516,3401.2062,3447.3882
94648000,3409.4083,6977900,104744200,1519449400,19424871700,3434.3516,3434.3516,3401.2062,3447.3882
94652000,3411.8356,10115400,131006100,1529564800,19555877800,3434.3516,3434.3516,3401.2062,3447.3882
94658000,3411.9673,7164600,94570900,1536729400,19650448700,3434.3516,3434.3516,3401.2062,3447.3882
94703000,3412.8052,4928400,81689500,1541657800,19732138200,3434.3516,3434.3516,3401.2062,3447.3882
94707000,3412.5944,6005000,90753900,1547662800,19822892100,3434.3516,3434.3516,3401.2062,3447.3882
94713000,3412.8495,6926600,98846200,1554589400,19921738300,3434.3516,3434.3516,3401.2062,3447.3882
94718000,3412.7725,2812500,45319300,1557401900,19967057600,3434.3516,3434.3516,3401.2062,3447.3882
94724000,3412.6058,4832700,76122200,1562234600,20043179800,3434.3516,3434.3516,3401.2062,3447.3882
94728000,3412.9515,3325300,43866900,1565559900,20087046700,3434.3516,3434.3516,3401.2062,3447.3882
94734000,3412.0618,5368000,73633700,1570927900,20160680400,3434.3516,3434.3516,3401.2062,3447.3882
94739000,3412.4682,4690600,58065400,1575618500,20218745800,3434.3516,3434.3516,3401.2062,3447.3882
94743000,3412.2946,4940000,59914500,1580558500,20278660300,3434.3516,3434.3516,3401.2062,3447.3882
94749000,3412.1919,4821600,69938600,1585380100,20348598900,3434.3516,3434.3516,3401.2062,3447.3882
94754000,3412.1122,3374000,35374500,1588754100,20383973400,3434.3516,3434.3516,3401.2062,3447.3882
94758000,3412.1027,5167800,64126800,1593921900,20448100200,3434.3516,3434.3516,3401.2062,3447.3882
94804000,3411.7962,3984800,47890400,1597906700,20495990600,3434.3516,3434.3516,3401.2062,3447.3882
94809000,3411.2449,4351400,61253200,1602258100,20557243800,3434.3516,3434.3516,3401.2062,3447.3882
94813000,3410.6869,5357200,76363400,1607615300,20633607200,3434.3516,3434.3516,3401.2062,3447.3882
94819000,3410.4228,5672300,81598300,1613287600,20715205500,3434.3516,3434.3516,3401.2062,3447.3882
94824000,3409.6208,2249400,36167200,1615537000,20751372700,3434.3516,3434.3516,3401.2062,3447.3882
94828000,3409.5396,4239700,52412600,1619776700,20803785300,3434.3516,3434.3516,3401.2062,3447.3882
94834000,3409.1597,4544500,59078900,1624321200,20862864200,3434.3516,3434.3516,3401.2062,3447.3882
94839000,3409.5085,3996600,50707000,1628317800,20913571200,3434.3516,3434.3516,3401.2062,3447.3882
94843000,3409.1989,6340000,72713300,1634657800,20986284500,3434.3516,3434.3516,3401.2062,3447.3882
94849000,3408.781,5326700,75735400,1639984500,21062019900,3434.3516,3434.3516,3401.2062,3447.3882
94854000,3408.6125,3215700,38898600,1643200200,21100918500,3434.3516,3434.3516,3401.2062,3447.3882
94858000,3408.3973,5191800,64828900,1648392000,21165747400,3434.3516,3434.3516,3401.2062,3447.3882
94904000,3407.8122,5887600,56696300,1654279600,21222443700,3434.3516,3434.3516,3401.2062,3447.3882
94909000,3407.8678,5259000,65299400,1659538600,21287743100,3434.3516,3434.3516,3401.2062,3447.3882
94913000,3407.9831,3682000,63958000,1663220600,21351701100,3434.3516,3434.3516,3401.2062,3447.3882
94919000,3408.095,6090500,70496700,1669311100,21422197800,3434.3516,3434.3516,3401.2062,3447.3882
94924000,3407.7678,2459300,34547800,1671770400,21456745600,3434.3516,3434.3516,3401.2062,3447.3882
94928000,3407.9625,3997300,58452700,1675767700,21515198300,3434.3516,3434.3516,3401.2062,3447.3882
94934000,3407.1842,3178100,43308400,1678945800,21558506700,3434.3516,3434.3516,3401.2062,3447.3882
94939000,3407.7998,3517100,56026600,1682462900,21614533300,3434.3516,3434.3516,3401.2062,3447.3882
94943000,3407.5966,3642500,48628600,1686105400,21663161900,3434.3516,3434.3516,3401.2062,3447.3882
94949000,3407.7037,4556600,66333100,1690662000,21729495000,3434.3516,3434.3516,3401.2062,3447.3882
94954000,3407.4784,2891400,37787600,1693553400,21767282600,3434.3516,3434.3516,3401.2062,3447.3882
94958000,3407.4562,3926100,55675400,1697479500,21822958000,3434.3516,3434.3516,3401.2062,3447.3882
95004000,3407.5471,3510900,46879500,1700990400,21869837500,3434.3516,3434.3516,3401.2062,3447.3882
95009000,3407.381,3381000,47132600,1704371400,21916970100,3434.3516,3434.3516,3401.2062,3447.3882
95013000,3407.3254,4138800,54453100,1708510200,21971423200,3434.3516,3434.3516,3401.2062,3447.3882
95019000,3406.8703,5181400,67977100,1713691600,22039400300,3434.3516,3434.3516,3401.2062,3447.3882
95024000,3407.2011,3130200,36459500,1716821800,22075859800,3434.3516,3434.3516,3401.2062,3447.3882
95028000,3406.8746,4041700,56214500,1720863500,22132074300,3434.3516,3434.3516,3401.2062,3447.3882
95034000,3407.046,3301100,39621500,1724164600,22171695800,3434.3516,3434.3516,3401.2062,3447.3882
95039000,3407.4167,2893100,41498600,1727057700,22213194400,3434.3516,3434.3516,3401.2062,3447.3882
95043000,3407.7493,5183900,70062100,1732241600,22283256500,3434.3516,3434.3516,3401.2062,3447.3882
95049000,3407.6706,5596100,81973700,1737837700,22365230200,3434.3516,3434.3516,3401.2062,3447.3882
95054000,3408.3345,3553100,56419200,1741390800,22421649400,3434.3516,3434.3516,3401.2062,3447.3882
95058000,3408.548,4004600,51616800,1745395400,22473266200,3434.3516,3434.3516,3401.2062,3447.3882
95104000,3408.356,4426400,58546000,1749821800,22531812200,3434.3516,3434.3516,3401.2062,3447.3882
95109000,3408.4379,3992000,52074600,1753813800,22583886800,3434.3516,3434.3516,3401.2062,3447.3882
95113000,3409.1806,3663800,54414000,1757477600,22638300800,3434.3516,3434.3516,3401.2062,3447.3882
95119000,3409.0372,3465100,48653900,1760942700,22686954700,3434.3516,3434.3516,3401.2062,3447.3882
95124000,3408.612,2588500,35266600,1763531200,22722221300,3434.3516,3434.3516,3401.2062,3447.3882
95130000,3408.4273,4328300,56937400,1767859500,22779158700,3434.3516,3434.3516,3401.2062,3447.3882
95134000,3408.6845,3554500,63989700,1771414000,22843148400,3434.3516,3434.3516,3401.2062,3447.3882
95140000,3408.7214,3321300,40576900,1774735300,22883725300,3434.3516,3434.3516,3401.2062,3447.3882
95145000,3408.5728,4550600,63893300,1779285900,22947618600,3434.3516,3434.3516,3401.2062,3447.3882
95149000,3408.5434,3266100,47994800,1782552000,22995613400,3434.3516,3434.3516,3401.2062,3447.3882
95155000,3408.4348,3851200,55033500,1786403200,23050646900,3434.3516,3434.3516,3401.2062,3447.3882
95200000,3408.5522,2197800,31689500,1788601000,23082336400,3434.3516,3434.3516,3401.2062,3447.3882
95204000,3408.3302,3388600,49140200,1791989600,23131476600,3434.3516,3434.3516,3401.2062,3447.3882
95210000,3408.437,2813400,34056700,1794803000,23165533300,3434.3516,3434.3516,3401.2062,3447.3882
95215000,3408.6889,3499100,48604800,1798302100,23214138100,3434.3516,3434.3516,3401.2062,3447.3882
95219000,3408.2492,4447200,56625800,1802749300,23270763900,3434.3516,3434.3516,3401.2062,3447.3882
95225000,3407.8804,4058100,66227600,1806807400,23336991500,3434.3516,3434.3516,3401.2062,3447.3882
95230000,3408.3773,3218200,42645300,1810025600,23379636800,3434.3516,3434.3516,3401.2062,3447.3882
95234000,3407.967,4183400,53592700,1814209000,23433229500,3434.3516,3434.3516,3401.2062,3447.3882
95240000,3407.912,2536300,39757200,1816745300,23472986700,3434.3516,3434.3516,3401.2062,3447.3882
95245000,3407.5586,3628700,50488100,1820374000,23523474800,3434.3516,3434.3516,3401.2062,3447.3882
95249000,3407.75,3846100,55653700,1824220100,23579128500,3434.3516,3434.3516,3401.2062,3447.3882
95255000,3407.3703,4526000,57825500,1828746100,23636954000,3434.3516,3434.3516,3401.2062,3447.3882
95300000,3407.1873,3233500,40794900,1831979600,23677748900,3434.3516,3434.3516,3401.2062,3447.3882
95304000,3406.6394,4183200,69442100,1836162800,23747191000,3434.3516,3434.3516,3401.2062,3447.3882
95310000,3406.5339,4284100,57064500,1840446900,23804255500,3434.3516,3434.3516,3401.2062,3447.3882
95315000,3405.199,4845000,77410700,1845291900,23881666200,3434.3516,3434.3516,3401.2062,3447.3882
95319000,3404.7964,6928900,91481100,1852220800,23973147300,3434.3516,3434.3516,3401.2062,3447.3882
95325000,3404.2289,7977200,103468300,1860198000,24076615600,3434.3516,3434.3516,3401.2062,3447.3882
95330000,3403.4708,4938500,75812500,1865136500,24152428100,3434.3516,3434.3516,3401.2062,3447.3882
95334000,3403.148,6585900,86012900,1871722400,24238441000,3434.3516,3434.3516,3401.2062,3447.3882
95340000,3402.5028,6185300,76673700,1877907700,24315114700,3434.3516,3434.3516,3401.2062,3447.3882
95345000,3401.9661,5597300,77130700,1883505000,24392245400,3434.3516,3434.3516,3401.2062,3447.3882
95349000,3401.5189,7788900,95684700,1891293900,24487930100,3434.3516,3434.3516,3401.2062,3447.3882
95355000,3400.6645,5909300,89654500,1897203200,24577584600,3434.3516,3434.3516,3400.6645,3447.3882
95400000,3400.2936,5060700,56514200,1902263900,24634098800,3434.3516,3434.3516,3400.2595,3447.3882
95404000,3399.6654,8593000,104260200,1910856900,24738359000,3434.3516,3434.3516,3399.6654,3447.3882
95410000,3399.0806,6578100,83102400,1917435000,24821461400,3434.3516,3434.3516,3398.5585,3447.3882
95415000,3398.6254,9220200,98017300,1926655200,24919478700,3434.3516,3434.3516,3398.5585,3447.3882
95419000,3397.925,9491400,97401700,1936146600,25016880400,3434.3516,3434.3516,3397.8421,3447.3882
95425000,3397.1744,8454200,99229500,1944600800,25116109900,3434.3516,3434.3516,3397.1744,3447.3882
95430000,3396.7015,5930000,62091500,1950530800,25178201400,3434.3516,3434.3516,3396.7015,3447.3882
95434000,3396.9452,7570400,92317400,1958101200,25270518800,3434.3516,3434.3516,3396.7015,3447.3882
95440000,3396.1815,6608300,87668100,1964709500,25358186900,3434.3516,3434.3516,3396.1746,3447.3882
95445000,3396.1563,6940200,79551700,1971649700,25437738600,3434.3516,3434.3516,3395.8936,3447.3882
95449000,3395.3859,9419200,107439700,1981068900,25545178300,3434.3516,3434.3516,3395.3642,3447.3882
95455000,3395.0509,8560600,111261900,1989629500,25656440200,3434.3516,3434.3516,3395.0509,3447.3882
95500000,3394.6809,5358400,68859700,1994987900,25725299900,3434.3516,3434.3516,3394.6809,3447.3882
95506000,3394.2033,11087600,109935300,2006075500,25835235200,3434.3516,3434.3516,3394.2033,3447.3882
95510000,3394.1289,6323300,64566700,2012398800,25899801900,3434.3516,3434.3516,3394.1289,3447.3882
95515000,3393.8241,8421800,84755300,2020820600,25984557200,3434.3516,3434.3516,3393.7759,3447.3882
95521000,3393.6092,10496300,101385200,2031316900,26085942400,3434.3516,3434.3516,3393.5194,3447.3882
95525000,3393.3433,7398000,79797200,2038714900,26165739600,3434.3516,3434.3516,3393.3433,3447.3882
95531000,3393.4446,9146900,98090700,2047861800,26263830300,3434.3516,3434.3516,3393.0675,3447.3882
95536000,3393.0449,6438900,65410900,2054300700,26329241200,3434.3516,3434.3516,3393.0449,3447.3882
95540000,3392.1927,8075200,91979500,2062375900,26421220700,3434.3516,3434.3516,3392.1927,3447.3882
95546000,3392.3122,6656500,71936000,2069032400,26493156700,3434.3516,3434.3516,3391.9285,3447.3882
95551000,3392.0323,6817300,89389900,2075849700,26582546600,3434.3516,3434.3516,3391.9285,3447.3882
95555000,3392.16,9120200,92777800,2084969900,26675324400,3434.3516,3434.3516,3391.9049,3447.3882
95601000,3391.756,8527100,99886600,2093497000,26775211000,3434.3516,3434.3516,3391.5549,3447.3882
95606000,3391.3,5237300,62581300,2098734300,26837792300,3434.3516,3434.3516,3391.3,3447.3882
95610000,3391.61,8856000,96498700,2107590300,26934291000,3434.3516,3434.3516,3391.3,3447.3882
95616000,3390.9537,6979600,88777200,2114569900,27023068200,3434.3516,3434.3516,3390.9537,3447.3882
95621000,3391.603,6786800,93938900,2121356700,27117007100,3434.3516,3434.3516,3390.9265,3447.3882
95625000,3391.9362,8124600,102509600,2129481300,27219516700,3434.3516,3434.3516,3390.9265,3447.3882
95631000,3392.4754,11531300,131860100,2141012600,27351376800,3434.3516,3434.3516,3390.9265,3447.3882
95636000,3392.3379,9352500,89615700,2150365100,27440992500,3434.3516,3434.3516,3390.9265,3447.3882
95640000,3392.3285,10455900,122835700,2160821000,27563828200,3434.3516,3434.3516,3390.9265,3447.3882
95646000,3393.0358,6579800,88925700,2167400800,27652753900,3434.3516,3434.3516,3390.9265,3447.3882
95651000,3393.0558,6598800,79723100,2173999600,27732477000,3434.3516,3434.3516,3390.9265,3447.3882
95655000,3393.4444,7204600,80432700,2181204200,27812909700,3434.3516,3434.3516,3390.9265,3447.3882
95701000,3393.4635,8451300,89418900,2189655500,27902328600,3434.3516,3434.3516,3390.9265,3447.3882
95706000,3393.5368,6949500,69697800,2196605000,27972026400,3434.3516,3434.3516,3390.9265,3447.3882
95710000,3393.4273,6906200,85799000,2203511200,28057825400,3434.3516,3434.3516,3390.9265,3447.3882
95716000,3393.3219,4884200,54790800,2208395400,28112616200,3434.3516,3434.3516,3390.9265,3447.3882
95721000,3393.4148,7400200,81445300,2215795600,28194061500,3434.3516,3434.3516,3390.9265,3447.3882
95725000,3393.1402,6247200,64476300,2222042800,28258537800,3434.3516,3434.3516,3390.9265,3447.3882
95731000,3393.2279,6312600,74233100,2228355400,28332770900,3434.3516,3434.3516,3390.9265,3447.3882
95736000,3393.5189,3833000,54623700,2232188400,28387394600,3434.3516,3434.3516,3390.9265,3447.3882
95740000,3392.8886,7108800,75956700,2239297200,28463351300,3434.3516,3434.3516,3390.9265,3447.3882
95746000,3392.8733,5319400,69212000,2244616600,28532563300,3434.3516,3434.3516,3390.9265,3447.3882
95751000,3393.445,5035300,64605400,2249651900,28597168700,3434.3516,3434.3516,3390.9265,3447.3882
95755000,3392.9894,5054800,61939600,2254706700,28659108300,3434.3516,3434.3516,3390.9265,3447.3882
95801000,3392.3936,4980500,67182200,2259687200,28726290500,3434.3516,3434.3516,3390.9265,3447.3882
95806000,3392.4412,4920200,55687800,2264607400,28781978300,3434.3516,3434.3516,3390.9265,3447.3882
95810000,3392.5871,4455500,53159100,2269062900,28835137400,3434.3516,3434.3516,3390.9265,3447.3882
95816000,3392.6202,3835700,47970900,2272898600,28883108300,3434.3516,3434.3516,3390.9265,3447.3882
95821000,3392.486,4993300,58324900,2277891900,28941433200,3434.3516,3434.3516,3390.9265,3447.3882
95826000,3392.1875,5597900,66650600,2283489800,29008083800,3434.3516,3434.3516,3390.9265,3447.3882
95831000,3393.0488,4593600,57129900,2288083400,29065213700,3434.3516,3434.3516,3390.9265,3447.3882
95836000,3392.9099,2845200,41157700,2290928600,29106371400,3434.3516,3434.3516,3390.9265,3447.3882
95840000,3392.6542,5758100,56599400,2296686700,29162970800,3434.3516,3434.3516,3390.9265,3447.3882
95846000,3392.2424,4766200,44911200,2301452900,29207882000,3434.3516,3434.3516,3390.9265,3447.3882
95851000,3392.5277,5042000,62712600,2306494900,29270594600,3434.3516,3434.3516,3390.9265,3447.3882
95857000,3392.6207,5012600,54744000,2311507500,29325338600,3434.3516,3434.3516,3390.9265,3447.3882
95901000,3392.0688,5583500,57299200,2317091000,29382637800,3434.3516,3434.3516,3390.9265,3447.3882
95907000,3391.995,5908800,65402000,2322999800,29448039800,3434.3516,3434.3516,3390.9265,3447.3882
95912000,3392.4536,4217400,42940700,2327217200,29490980500,3434.3516,3434.3516,3390.9265,3447.3882
95916000,3391.9927,4865200,56554900,2332082400,29547535400,3434.3516,3434.3516,3390.9265,3447.3882
95922000,3392.1622,3904700,46658300,2335987100,29594193700,3434.3516,3434.3516,3390.9265,3447.3882
95927000,3392.1165,3954800,49472900,2339941900,29643666600,3434.3516,3434.3516,3390.9265,3447.3882
95931000,3391.7101,5099700,55220100,2345041600,29698886700,3434.3516,3434.3516,3390.9265,3447.3882
95937000,3391.4668,4359000,59024400,2349400600,29757911100,3434.3516,3434.3516,3390.9265,3447.3882
95942000,3391.5797,3654800,37436000,2353055400,29795347100,3434.3516,3434.3516,3390.9265,3447.3882
95946000,3391.1892,5138000,57406100,2358193400,29852753200,3434.3516,3434.3516,3390.9265,3447.3882
95952000,3391.2883,3780400,41754600,2361973800,29894507800,3434.3516,3434.3516,3390.9265,3447.3882
95957000,3390.6163,3954400,48801400,2365928200,29943309200,3434.3516,3434.3516,3390.6163,3447.3882
100001000,3390.163,5789100,70554000,2371717300,30013863200,3434.3516,3434.3516,3390.1034,3447.3882
100007000,3389.648,8231200,90002600,2379948500,30103865800,3434.3516,3434.3516,3389.648,3447.3882
100012000,3388.7095,5541100,65621500,2385489600,30169487300,3434.3516,3434.3516,3388.7095,3447.3882
100016000,3388.6653,6698900,73913600,2392188500,30243400900,3434.3516,3434.3516,3388.6653,3447.3882
100022000,3387.8649,5646100,68528400,2397834600,30311929300,3434.3516,3434.3516,3387.8649,3447.3882
100027000,3388.1358,6175500,70648700,2404010100,30382578000,3434.3516,3434.3516,3387.8282,3447.3882
100031000,3387.2434,6512900,65623700,2410523000,30448201700,3434.3516,3434.3516,3387.2434,3447.3882
100037000,3387.8053,7684700,84788200,2418207700,30532989900,3434.3516,3434.3516,3387.0838,3447.3882
100042000,3387.34,3556100,50855500,2421763800,30583845400,3434.3516,3434.3516,3387.0838,3447.3882
100046000,3387.1576,5914100,79382900,2427677900,30663228300,3434.3516,3434.3516,3387.0748,3447.3882
100052000,3386.7664,6072600,61434300,2433750500,30724662600,3434.3516,3434.3516,3386.5312,3447.3882
100057000,3386.249,5149300,68690100,2438899800,30793352700,3434.3516,3434.3516,3386.249,3447.3882
100101000,3386.0507,6167200,69744800,2445067000,30863097500,3434.3516,3434.3516,3386.0507,3447.3882
100107000,3385.5541,7525000,88165600,2452592000,30951263100,3434.3516,3434.3516,3385.5541,3447.3882
100112000,3385.6874,8815000,73011900,2461407000,31024275000,3434.3516,3434.3516,3385.4041,3447.3882
100117000,3385.1549,11717700,87626900,2473124700,31111901900,3434.3516,3434.3516,3385.1369,3447.3882
100122000,3385.054,11816500,68359500,2484941200,31180261400,3434.3516,3434.3516,3385.0001,3447.3882
100127000,3384.947,6709800,87872800,2491651000,31268134200,3434.3516,3434.3516,3384.7712,3447.3882
100131000,3385.0103,6671800,82338200,2498322800,31350472400,3434.3516,3434.3516,3384.7712,3447.3882
100137000,3384.7748,6531900,76780200,2504854700,31427252600,3434.3516,3434.3516,3384.7712,3447.3882
100142000,3384.3752,5717000,51773400,2510571700,31479026000,3434.3516,3434.3516,3384.3752,3447.3882
100146000,3384.5183,5945000,61198400,2516516700,31540224400,3434.3516,3434.3516,3384.3025,3447.3882
100152000,3384.7148,4534200,51865400,2521050900,31592089800,3434.3516,3434.3516,3384.3025,3447.3882
100157000,3384.5299,6664400,68884100,2527715300,31660973900,3434.3516,3434.3516,3384.3025,3447.3882
100201000,3384.2111,6365900,78756600,2534081200,31739730500,3434.3516,3434.3516,3384.1956,3447.3882
100207000,3384.0082,8158800,77307800,2542240000,31817038300,3434.3516,3434.3516,3383.9453,3447.3882
100212000,3383.803,4886300,52045800,2547126300,31869084100,3434.3516,3434.3516,3383.803,3447.3882
100216000,3383.2893,6991000,79023900,2554117300,31948108000,3434.3516,3434.3516,3383.1383,3447.3882
100222000,3383.4405,5861500,54272800,2559978800,32002380800,3434.3516,3434.3516,3383.1383,3447.3882
100227000,3383.0156,4767400,64829800,2564746200,32067210600,3434.3516,3434.3516,3383.0156,3447.3882
100231000,3382.6603,7299100,85811400,2572045300,32153022000,3434.3516,3434.3516,3382.4666,3447.3882
100237000,3382.445,6938800,77995600,2578984100,32231017600,3434.3516,3434.3516,3382.2566,3447.3882
100242000,3382.4887,4130600,50316700,2583114700,32281334300,3434.3516,3434.3516,3382.2566,3447.3882
100248000,3382.4755,7843100,91735900,2590957800,32373070200,3434.3516,3434.3516,3382.2566,3447.3882
100252000,3382.0426,6118600,69675100,2597076400,32442745300,3434.3516,3434.3516,3382.0426,3447.3882
100258000,3382.0645,7663300,88443600,2604739700,32531188900,3434.3516,3434.3516,3382.0426,3447.3882
100303000,3381.9947,6123300,65961900,2610863000,32597150800,3434.3516,3434.3516,3381.9947,3447.3882
100307000,3381.7798,8867100,82636600,2619730100,32679787400,3434.3516,3434.3516,3381.7798,3447.3882
100313000,3381.6562,9405800,94680000,2629135900,32774467400,3434.3516,3434.3516,3381.6562,3447.3882
100318000,3381.6683,4043000,47471400,2633178900,32821938800,3434.3516,3434.3516,3381.4911,3447.3882
100322000,3381.3532,7077000,67680200,2640255900,32889619000,3434.3516,3434.3516,3381.3532,3447.3882
100328000,3381.4134,6442000,72460000,2646697900,32962079000,3434.3516,3434.3516,3381.3414,3447.3882
100333000,3381.1013,4435100,57601600,2651133000,33019680600,3434.3516,3434.3516,3381.1013,3447.3882
100337000,3381.0351,8565500,91338200,2659698500,33111018800,3434.3516,3434.3516,3380.9926,3447.3882
100343000,3381.1284,6337700,84280100,2666036200,33195298900,3434.3516,3434.3516,3380.9926,3447.3882
100348000,3381.0489,4201300,45714800,2670237500,33241013700,3434.3516,3434.3516,3380.9926,3447.3882
100352000,3381.3164,6539900,64691400,2676777400,33305705100,3434.3516,3434.3516,3380.9837,3447.3882
100358000,3381.2097,6400200,68768800,2683177600,33374473900,3434.3516,3434.3516,3380.9698,3447.3882
100403000,3380.547,6598600,73178400,2689776200,33447652300,3434.3516,3434.3516,3380.547,3447.3882
100408000,3381.0649,7991300,81306900,2697767500,33528959200,3434.3516,3434.3516,3380.4571,3447.3882
100413000,3381.0113,5134100,58366000,2702901600,33587325200,3434.3516,3434.3516,3380.4571,3447.3882
100418000,3380.9443,4195200,43479700,2707096800,33630804900,3434.3516,3434.3516,3380.4571,3447.3882
100422000,3380.8651,5560400,62874400,2712657200,33693679300,3434.3516,3434.3516,3380.4571,3447.3882
100428000,3380.6575,5463800,56451500,2718121000,33750130800,3434.3516,3434.3516,3380.4571,3447.3882
100433000,3380.9052,5233500,63331600,2723354500,33813462400,3434.3516,3434.3516,3380.4571,3447.3882
100438000,3380.9281,5622800,61292200,2728977300,33874754600,3434.3516,3434.3516,3380.4571,3447.3882
100443000,3381.1944,7368000,79044600,2736345300,33953799200,3434.3516,3434.3516,3380.4571,3447.3882
100448000,3380.9942,3388800,41932200,2739734100,33995731400,3434.3516,3434.3516,3380.4571,3447.3882
100452000,3381.6737,5821500,75727600,2745555600,34071459000,3434.3516,3434.3516,3380.4571,3447.3882
100458000,3383.4809,5641800,80632500,2751197400,34152091500,3434.3516,3434.3516,3380.4571,3447.3882
100503000,3384.8768,7548300,109427300,2758745700,34261518800,3434.3516,3434.3516,3380.4571,3447.3882
100507000,3385.4247,9503800,114759600,2768249500,34376278400,3434.3516,3434.3516,3380.4571,3447.3882
100513000,3386.4511,10084300,121432700,2778333800,34497711100,3434.3516,3434.3516,3380.4571,3447.3882
100518000,3386.7605,4787500,57872900,2783121300,34555584000,3434.3516,3434.3516,3380.4571,3447.3882
100523000,3388.2691,7250800,77563200,2790372100,34633147200,3434.3516,3434.3516,3380.4571,3447.3882
100528000,3388.3732,5355700,60194900,2795727800,34693342100,3434.3516,3434.3516,3380.4571,3447.3882
100533000,3388.808,5066000,63147500,2800793800,34756489600,3434.3516,3434.3516,3380.4571,3447.3882
100537000,3389.3954,6832800,74793500,2807626600,34831283100,3434.3516,3434.3516,3380.4571,3447.3882
100543000,3389.7791,5953300,73174800,2813579900,34904457900,3434.3516,3434.3516,3380.4571,3447.3882
100548000,3390.2066,3120100,43220200,2816700000,34947678100,3434.3516,3434.3516,3380.4571,3447.3882
100553000,3390.2198,4655900,56313500,2821355900,35003991600,3434.3516,3434.3516,3380.4571,3447.3882
100558000,3390.6409,3565500,46993600,2824921400,35050985200,3434.3516,3434.3516,3380.4571,3447.3882
100603000,3390.6061,3947500,50338000,2828868900,35101323200,3434.3516,3434.3516,3380.4571,3447.3882
100607000,3391.3648,5593100,73526200,2834462000,35174849400,3434.3516,3434.3516,3380.4571,3447.3882
100613000,3391.5031,6013500,68533400,2840475500,35243382800,3434.3516,3434.3516,3380.4571,3447.3882
100618000,3391.9558,4325300,39810400,2844800800,35283193200,3434.3516,3434.3516,3380.4571,3447.3882
100623000,3392.0228,5509100,60218200,2850309900,35343411400,3434.3516,3434.3516,3380.4571,3447.3882
100628000,3392.2297,3644200,37415700,2853954100,35380827100,3434.3516,3434.3516,3380.4571,3447.3882
100633000,3392.4399,4981400,53063000,2858935500,35433890100,3434.3516,3434.3516,3380.4571,3447.3882
100637000,3393.1347,5346300,53940200,2864281800,35487830300,3434.3516,3434.3516,3380.4571,3447.3882
100643000,3392.7787,5698400,57995600,2869980200,35545825900,3434.3516,3434.3516,3380.4571,3447.3882
100649000,3393.7419,4792400,57815800,2874772600,35603641700,3434.3516,3434.3516,3380.4571,3447.3882
100654000,3393.188,2789100,30948700,2877561700,35634590400,3434.3516,3434.3516,3380.4571,3447.3882
100658000,3393.8615,3934300,52066200,2881496000,35686656600,3434.3516,3434.3516,3380.4571,3447.3882
100704000,3393.5178,4278000,43155700,2885774000,35729812300,3434.3516,3434.3516,3380.4571,3447.3882
100709000,3394.1819,4433100,53456200,2890207100,35783268500,3434.3516,3434.3516,3380.4571,3447.3882
100714000,3393.9427,3597300,46964200,2893804400,35830232700,3434.3516,3434.3516,3380.4571,3447.3882
100719000,3394.6005,5256500,56984500,2899060900,35887217200,3434.3516,3434.3516,3380.4571,3447.3882
100724000,3394.3706,2130300,34140500,2901191200,35921357700,3434.3516,3434.3516,3380.4571,3447.3882
100729000,3394.2091,4651300,52060600,2905842500,35973418300,3434.3516,3434.3516,3380.4571,3447.3882
100734000,3394.2942,3483500,35024100,2909326000,36008442400,3434.3516,3434.3516,3380.4571,3447.3882
100739000,3394.8863,5020000,52133900,2914346000,36060576300,3434.3516,3434.3516,3380.4571,3447.3882
100744000,3394.7816,3469900,46265200,2917815900,36106841500,3434.3516,3434.3516,3380.4571,3447.3882
100749000,3394.8448,4998800,61822700,2922814700,36168664200,3434.3516,3434.3516,3380.4571,3447.3882
100754000,3394.9803,2664900,31412800,2925479600,36200077000,3434.3516,3434.3516,3380.4571,3447.3882
100758000,3395.2509,3417700,41686700,2928897300,36241763700,3434.3516,3434.3516,3380.4571,3447.3882
100804000,3394.626,3380500,39037600,2932277800,36280801300,3434.3516,3434.3516,3380.4571,3447.3882
100809000,3394.6832,3145900,43216200,2935423700,36324017500,3434.3516,3434.3516,3380.4571,3447.3882
100814000,3394.711,3563100,38753800,2938986800,36362771300,3434.3516,3434.3516,3380.4571,3447.3882
100819000,3394.1951,5130900,57061300,2944117700,36419832600,3434.3516,3434.3516,3380.4571,3447.3882
100824000,3394.7046,2683100,29538700,2946800800,36449371300,3434.3516,3434.3516,3380.4571,3447.3882
100829000,3394.166,3916900,47368400,2950717700,36496739700,3434.3516,3434.3516,3380.4571,3447.3882
100834000,3394.4361,2027300,29555300,2952745000,36526295000,3434.3516,3434.3516,3380.4571,3447.3882
100839000,3394.4574,3009700,48624500,2955754700,36574919500,3434.3516,3434.3516,3380.4571,3447.3882
100843000,3394.1144,3464800,44169500,2959219500,36619089000,3434.3516,3434.3516,3380.4571,3447.3882
100849000,3394.2229,3857100,59807500,2963076600,36678896500,3434.3516,3434.3516,3380.4571,3447.3882
100854000,3394.4558,2654500,27433400,2965731100,36706329900,3434.3516,3434.3516,3380.4571,3447.3882
100859000,3394.035,3778800,45856900,2969509900,36752186800,3434.3516,3434.3516,3380.4571,3447.3882
100904000,3393.3473,2328400,38135300,2971838300,36790322100,3434.3516,3434.3516,3380.4571,3447.3882
100909000,3393.7608,3251300,39770300,2975089600,36830092400,3434.3516,3434.3516,3380.4571,3447.3882
100914000,3393.8457,3270200,38607100,2978359800,36868699500,3434.3516,3434.3516,3380.4571,3447.3882
100919000,3393.6618,3725300,40293800,2982085100,36908993300,3434.3516,3434.3516,3380.4571,3447.3882
100924000,3393.8886,2606700,29093700,2984691800,36938087000,3434.3516,3434.3516,3380.4571,3447.3882
100929000,3393.5584,3199400,36076600,2987891200,36974163600,3434.3516,3434.3516,3380.4571,3447.3882
100934000,3393.5183,2780700,32269800,2990671900,37006433400,3434.3516,3434.3516,3380.4571,3447.3882
100939000,3393.6126,3392200,38340700,2994064100,37044774100,3434.3516,3434.3516,3380.4571,3447.3882
100944000,3393.5014,3789200,43158300,2997853300,37087932400,3434.3516,3434.3516,3380.4571,3447.3882
100949000,3393.5076,3397700,43154600,3001251000,37131087000,3434.3516,3434.3516,3380.4571,3447.3882
100954000,3393.9873,1677100,23073300,3002928100,37154160300,3434.3516,3434.3516,3380.4571,3447.3882
100959000,3393.4374,2683900,34537700,3005612000,37188698000,3434.3516,3434.3516,3380.4571,3447.3882
101004000,3393.7542,3805700,36065000,3009417700,37224763000,3434.3516,3434.3516,3380.4571,3447.3882
101009000,3393.6313,2586900,34823500,3012004600,37259586500,3434.3516,3434.3516,3380.4571,3447.3882
101014000,3393.5058,2962700,33899300,3014967300,37293485800,3434.3516,3434.3516,3380.4571,3447.3882
101019000,3393.5077,2704200,37654000,3017671500,37331139800,3434.3516,3434.3516,3380.4571,3447.3882
101024000,3393.0019,2748400,36008800,3020419900,37367148600,3434.3516,3434.3516,3380.4571,3447.3882
101029000,3392.412,3508700,42954200,3023928600,37410102800,3434.3516,3434.3516,3380.4571,3447.3882
101034000,3392.0755,3167600,40754600,3027096200,37450857400,3434.3516,3434.3516,3380.4571,3447.3882
101040000,3391.6006,4113200,51053000,3031209400,37501910400,3434.3516,3434.3516,3380.4571,3447.3882
101045000,3391.3438,3086700,42901000,3034296100,37544811400,3434.3516,3434.3516,3380.4571,3447.3882
101050000,3391.1531,3079700,42507700,3037375800,37587319100,3434.3516,3434.3516,3380.4571,3447.3882
101055000,3390.9682,3448400,41574300,3040824200,37628893400,3434.3516,3434.3516,3380.4571,3447.3882
101100000,3391.0663,1562300,18677800,3042386500,37647571200,3434.3516,3434.3516,3380.4571,3447.3882
101105000,3391.2243,3128900,40858000,3045515400,37688429200,3434.3516,3434.3516,3380.4571,3447.3882
101110000,3391.4085,4071100,44945400,3049586500,37733374600,3434.3516,3434.3516,3380.4571,3447.3882
101115000,3391.0033,3157300,29217000,3052743800,37762591600,3434.3516,3434.3516,3380.4571,3447.3882
101120000,3391.1342,2803600,30308000,3055547400,37792899600,3434.3516,3434.3516,3380.4571,3447.3882
101125000,3391.3142,2967800,39261500,3058515200,37832161100,3434.3516,3434.3516,3380.4571,3447.3882
101130000,3390.982,1522100,17922100,3060037300,37850083200,3434.3516,3434.3516,3380.4571,3447.3882
101135000,3391.2851,2935700,33245800,3062973000,37883329000,3434.3516,3434.3516,3380.4571,3447.3882
101140000,3391.6431,2077900,26760400,3065050900,37910089400,3434.3516,3434.3516,3380.4571,3447.3882
101145000,3391.5452,2730800,38015300,3067781700,37948104700,3434.3516,3434.3516,3380.4571,3447.3882
101150000,3391.0834,3084600,39652800,3070866300,37987757500,3434.3516,3434.3516,3380.4571,3447.3882
101155000,3391.2218,2432100,40525100,3073298400,38028282600,3434.3516,3434.3516,3380.4571,3447.3882
101200000,3391.2427,2381700,34205100,3075680100,38062487700,3434.3516,3434.3516,3380.4571,3447.3882
101204000,3390.9271,2426500,29842900,3078106600,38092330600,3434.3516,3434.3516,3380.4571,3447.3882
101210000,3391.1475,2639300,28333600,3080745900,38120664200,3434.3516,3434.3516,3380.4571,3447.3882
101215000,3390.8782,2516900,32093200,3083262800,38152757400,3434.3516,3434.3516,3380.4571,3447.3882
101220000,3390.6525,2052000,25722900,3085314800,38178480300,3434.3516,3434.3516,3380.4571,3447.3882
101225000,3390.9513,2464600,44566100,3087779400,38223046400,3434.3516,3434.3516,3380.4571,3447.3882
101230000,3390.4568,1765600,25187500,3089545000,38248233900,3434.3516,3434.3516,3380.4571,3447.3882
101235000,3390.9007,2313900,36342400,3091858900,38284576300,3434.3516,3434.3516,3380.4571,3447.3882
101240000,3390.8305,1986900,24985600,3093845800,38309561900,3434.3516,3434.3516,3380.4571,3447.3882
101245000,3391.0259,2729900,33907800,3096575700,38343469700,3434.3516,3434.3516,3380.4571,3447.3882
101250000,3390.9741,2135100,26792600,3098710800,38370262300,3434.3516,3434.3516,3380.4571,3447.3882
101255000,3391.2302,1985900,26083800,3100696700,38396346100,3434.3516,3434.3516,3380.4571,3447.3882
101300000,3391.5179,2052100,33317600,3102748800,38429663700,3434.3516,3434.3516,3380.4571,3447.3882
101305000,3391.7133,2470800,31418300,3105219600,38461082000,3434.3516,3434.3516,3380.4571,3447.3882
101310000,3391.8795,2897800,35305900,3108117400,38496387900,3434.3516,3434.3516,3380.4571,3447.3882
101315000,3391.6532,3184400,52464900,3111301800,38548852800,3434.3516,3434.3516,3380.4571,3447.3882
101320000,3391.8335,3689000,45260700,3114990800,38594113500,3434.3516,3434.3516,3380.4571,3447.3882
101325000,3393.2656,3670700,51387800,3118661500,38645501300,3434.3516,3434.3516,3380.4571,3447.3882
101330000,3394.471,3599700,50180800,3122261200,38695682100,3434.3516,3434.3516,3380.4571,3447.3882
101335000,3395.2355,4872000,68770400,3127133200,38764452500,3434.3516,3434.3516,3380.4571,3447.3882
101340000,3395.6495,4812800,57898300,3131946000,38822350800,3434.3516,3434.3516,3380.4571,3447.3882
101345000,3396.3706,3964400,57372600,3135910400,38879723400,3434.3516,3434.3516,3380.4571,3447.3882
101350000,3396.3128,4026500,52309500,3139936900,38932032900,3434.3516,3434.3516,3380.4571,3447.3882
101355000,3397.1174,3233100,54437900,3143170000,38986470800,3434.3516,3434.3516,3380.4571,3447.3882
101400000,3398.1147,2758700,35405300,3145928700,39021876100,3434.3516,3434.3516,3380.4571,3447.3882
101405000,3398.179,4809100,61457300,3150737800,39083333400,3434.3516,3434.3516,3380.4571,3447.3882
101410000,3398.5417,4005800,47598500,3154743600,39130931900,3434.3516,3434.3516,3380.4571,3447.3882
101416000,3399.1405,4896900,55320400,3159640500,39186252300,3434.3516,3434.3516,3380.4571,3447.3882
101419000,3399.5205,2334500,34912000,3161975000,39221164300,3434.3516,3434.3516,3380.4571,3447.3882
101425000,3399.8318,4036500,56891500,3166011500,39278055800,3434.3516,3434.3516,3380.4571,3447.3882
101431000,3399.7407,3913000,47199500,3169924500,39325255300,3434.3516,3434.3516,3380.4571,3447.3882
101436000,3400.1451,2740100,33136200,3172664600,39358391500,3434.3516,3434.3516,3380.4571,3447.3882
101441000,3400.7775,3251900,43863300,3175916500,39402254800,3434.3516,3434.3516,3380.4571,3447.3882
101446000,3400.9511,3335200,48284100,3179251700,39450538900,3434.3516,3434.3516,3380.4571,3447.3882
101451000,3401.2848,3464800,44330400,3182716500,39494869300,3434.3516,3434.3516,3380.4571,3447.3882
101456000,3401.0544,3105300,39215600,3185821800,39534084900,3434.3516,3434.3516,3380.4571,3447.3882
101501000,3402.2085,4448900,50278200,3190270700,39584363100,3434.3516,3434.3516,3380.4571,3447.3882
101506000,3401.571,2567100,34112000,3192837800,39618475100,3434.3516,3434.3516,3380.4571,3447.3882
101511000,3402.3378,3384400,51661800,3196222200,39670136900,3434.3516,3434.3516,3380.4571,3447.3882
101516000,3402.8665,2556000,39207100,3198778200,39709344000,3434.3516,3434.3516,3380.4571,3447.3882
101521000,3402.6183,3528400,52833800,3202306600,39762177800,3434.3516,3434.3516,3380.4571,3447.3882
101526000,3403.0046,3896300,59030600,3206202900,39821208400,3434.3516,3434.3516,3380.4571,3447.3882
101531000,3402.7495,3262900,53668600,3209465800,39874877000,3434.3516,3434.3516,3380.4571,3447.3882
101536000,3402.9641,2426700,36983600,3211892500,39911860600,3434.3516,3434.3516,3380.4571,3447.3882
101541000,3402.803,3488700,49648300,3215381200,39961508900,3434.3516,3434.3516,3380.4571,3447.3882
101546000,3402.5009,3391900,47118900,3218773100,40008627800,3434.3516,3434.3516,3380.4571,3447.3882
101551000,3401.3416,4752700,61777600,3223525800,40070405400,3434.3516,3434.3516,3380.4571,3447.3882
101556000,3400.6997,4442800,62336700,3227968600,40132742100,3434.3516,3434.3516,3380.4571,3447.3882
101601000,3399.2304,4882700,77220400,3232851300,40209962500,3434.3516,3434.3516,3380.4571,3447.3882
101606000,3399.5985,3104900,41054500,3235956200,40251017000,3434.3516,3434.3516,3380.4571,3447.3882
101611000,3399.7544,4220200,49789900,3240176400,40300806900,3434.3516,3434.3516,3380.4571,3447.3882
101616000,3400.3773,2797600,37063600,3242974000,40337870500,3434.3516,3434.3516,3380.4571,3447.3882
101621000,3400.2931,2645000,38661800,3245619000,40376532300,3434.3516,3434.3516,3380.4571,3447.3882
101626000,3400.3185,2802000,36470100,3248421000,40413002400,3434.3516,3434.3516,3380.4571,3447.3882
101631000,3399.4076,2464000,44833200,3250885000,40457835600,3434.3516,3434.3516,3380.4571,3447.3882
101636000,3400.095,1798900,24533800,3252683900,40482369400,3434.3516,3434.3516,3380.4571,3447.3882
101641000,3399.733,3128500,39436700,3255812400,40521806100,3434.3516,3434.3516,3380.4571,3447.3882
101646000,3399.6977,1995000,29135400,3257807400,40550941500,3434.3516,3434.3516,3380.4571,3447.3882
101651000,3399.7171,3020100,35815300,3260827500,40586756800,3434.3516,3434.3516,3380.4571,3447.3882
101656000,3399.6127,3051400,34942100,3263878900,40621698900,3434.3516,3434.3516,3380.4571,3447.3882
101701000,3399.4867,2608200,45547500,3266487100,40667246400,3434.3516,3434.3516,3380.4571,3447.3882
101706000,3400.1881,2367900,30289400,3268855000,40697535800,3434.3516,3434.3516,3380.4571,3447.3882
101711000,3400.2778,2548300,32811600,3271403300,40730347400,3434.3516,3434.3516,3380.4571,3447.3882
101716000,3399.9272,2627400,27164200,3274030700,40757511600,3434.3516,3434.3516,3380.4571,3447.3882
101721000,3400.0665,3046400,33702600,3277077100,40791214200,3434.3516,3434.3516,3380.4571,3447.3882
101726000,3400.0201,2686400,36162100,3279763500,40827376300,3434.3516,3434.3516,3380.4571,3447.3882
101731000,3400.0791,2210700,34919700,3281974200,40862296000,3434.3516,3434.3516,3380.4571,3447.3882
101736000,3400.02,1705300,21721700,3283679500,40884017700,3434.3516,3434.3516,3380.4571,3447.3882
101741000,3400.2098,3009800,36707300,3286689300,40920725000,3434.3516,3434.3516,3380.4571,3447.3882
101746000,3400.5875,2055300,28413200,3288744600,40949138200,3434.3516,3434.3516,3380.4571,3447.3882
101751000,3400.4985,2108800,37206200,3290853400,40986344400,3434.3516,3434.3516,3380.4571,3447.3882
101756000,3400.4661,2481900,29076100,3293335300,41015420500,3434.3516,3434.3516,3380.4571,3447.3882
101801000,3400.4996,2925900,37741100,3296261200,41053161600,3434.3516,3434.3516,3380.4571,3447.3882
101807000,3400.7969,2824900,47633700,3299086100,41100795300,3434.3516,3434.3516,3380.4571,3447.3882
101812000,3400.3728,1766800,23230300,3300852900,41124025600,3434.3516,3434.3516,3380.4571,3447.3882
101817000,3400.4804,2352000,30567900,3303204900,41154593500,3434.3516,3434.3516,3380.4571,3447.3882
101822000,3400.1227,2370200,26974300,3305575100,41181567800,3434.3516,3434.3516,3380.4571,3447.3882
101827000,3400.0919,2953600,37829900,3308528700,41219397700,3434.3516,3434.3516,3380.4571,3447.3882
101832000,3399.5126,2301000,29884800,3310829700,41249282500,3434.3516,3434.3516,3380.4571,3447.3882
101837000,3399.2199,2815600,42762700,3313645300,41292045200,3434.3516,3434.3516,3380.4571,3447.3882
101842000,3397.6811,2379200,31379300,3316024500,41323424500,3434.3516,3434.3516,3380.4571,3447.3882
101847000,3398.0487,3497200,42110500,3319521700,41365535000,3434.3516,3434.3516,3380.4571,3447.3882
101852000,3397.757,3792200,43799500,3323313900,41409334500,3434.3516,3434.3516,3380.4571,3447.3882
101857000,3398.0123,2773200,39228900,3326087100,41448563400,3434.3516,3434.3516,3380.4571,3447.3882
101902000,3396.7354,3512500,38452100,3329599600,41487015500,3434.3516,3434.3516,3380.4571,3447.3882
101907000,3397.4294,4608300,43678900,3334207900,41530694400,3434.3516,3434.3516,3380.4571,3447.3882
101912000,3397.174,2094700,31868700,3336302600,41562563100,3434.3516,3434.3516,3380.4571,3447.3882
101917000,3396.5593,2971500,38849900,3339274100,41601413000,3434.3516,3434.3516,3380.4571,3447.3882
101922000,3397.0674,2052900,27583200,3341327000,41628996200,3434.3516,3434.3516,3380.4571,3447.3882
101927000,3396.9134,2505000,32434800,3343832000,41661431000,3434.3516,3434.3516,3380.4571,3447.3882
101932000,3396.7164,2880800,37891900,3346712800,41699322900,3434.3516,3434.3516,3380.4571,3447.3882
101937000,3397.0415,2642400,33987300,3349355200,41733310200,3434.3516,3434.3516,3380.4571,3447.3882
101942000,3397.0902,2335400,27126000,3351690600,41760436200,3434.3516,3434.3516,3380.4571,3447.3882
101947000,3397.3249,2998700,33438500,3354689300,41793874700,3434.3516,3434.3516,3380.4571,3447.3882
101952000,3397.1539,2442700,28394400,3357132000,41822269100,3434.3516,3434.3516,3380.4571,3447.3882
101957000,3397.2906,2280700,34684500,3359412700,41856953600,3434.3516,3434.3516,3380.4571,3447.3882
102002000,3396.8255,2787600,35926700,3362200300,41892880300,3434.3516,3434.3516,3380.4571,3447.3882
102007000,3397.0908,3045800,34435400,3365246100,41927315700,3434.3516,3434.3516,3380.4571,3447.3882
102012000,3396.6465,1738900,24107100,3366985000,41951422800,3434.3516,3434.3516,3380.4571,3447.3882
102017000,3396.382,1768000,26281000,3368753000,41977703800,3434.3516,3434.3516,3380.4571,3447.3882
102022000,3396.7399,2720100,28087300,3371473100,42005791100,3434.3516,3434.3516,3380.4571,3447.3882
102027000,3396.2921,1747600,23547500,3373220700,42029338600,3434.3516,3434.3516,3380.4571,3447.3882
102032000,3396.3159,2569400,35516500,3375790100,42064855100,3434.3516,3434.3516,3380.4571,3447.3882
102037000,3395.9382,2319400,28370700,3378109500,42093225800,3434.3516,3434.3516,3380.4571,3447.3882
102042000,3396.1079,1327800,19040400,3379437300,42112266200,3434.3516,3434.3516,3380.4571,3447.3882
102046000,3396.3905,2524800,34483500,3381962100,42146749700,3434.3516,3434.3516,3380.4571,3447.3882
102052000,3396.2943,2068900,25505500,3384031000,42172255200,3434.3516,3434.3516,3380.4571,3447.3882
102057000,3396.2409,1939000,27177800,3385970000,42199433000,3434.3516,3434.3516,3380.4571,3447.3882
102102000,3396.2221,2563100,35802200,3388533100,42235235200,3434.3516,3434.3516,3380.4571,3447.3882
102107000,3396.3052,2525300,31136900,3391058400,42266372100,3434.3516,3434.3516,3380.4571,3447.3882
102112000,3396.2566,1350600,18075800,3392409000,42284447900,3434.3516,3434.3516,3380.4571,3447.3882
102117000,3396.6752,2061900,24813700,3394470900,42309261600,3434.3516,3434.3516,3380.4571,3447.3882
102122000,3396.3643,1577000,26227500,3396047900,42335489100,3434.3516,3434.3516,3380.4571,3447.3882
102127000,3396.3854,2146800,30616800,3398194700,42366105900,3434.3516,3434.3516,3380.4571,3447.3882
102132000,3396.1147,1858000,25223100,3400052700,42391329000,3434.3516,3434.3516,3380.4571,3447.3882
102137000,3396.1909,2305700,34105800,3402358400,42425434800,3434.3516,3434.3516,3380.4571,3447.3882
102142000,3396.2293,1501000,24652100,3403859400,42450086900,3434.3516,3434.3516,3380.4571,3447.3882
102147000,3395.9849,2191900,32668100,3406051300,42482755000,3434.3516,3434.3516,3380.4571,3447.3882
102152000,3396.0797,1892700,24829900,3407944000,42507584900,3434.3516,3434.3516,3380.4571,3447.3882
102158000,3396.1566,2573600,36075900,3410517600,42543660800,3434.3516,3434.3516,3380.4571,3447.3882
102202000,3396.2694,2125300,26962000,3412642900,42570622800,3434.3516,3434.3516,3380.4571,3447.3882
102208000,3395.7798,2699200,38159100,3415342100,42608781900,3434.3516,3434.3516,3380.4571,3447.3882
102213000,3395.7677,2643800,29321800,3417985900,42638103700,3434.3516,3434.3516,3380.4571,3447.3882
102218000,3395.9425,1903700,20280600,3419889600,42658384300,3434.3516,3434.3516,3380.4571,3447.3882
102223000,3395.8786,2682200,38547500,3422571800,42696931800,3434.3516,3434.3516,3380.4571,3447.3882
102228000,3396.2254,1548200,24997000,3424120000,42721928800,3434.3516,3434.3516,3380.4571,3447.3882
102233000,3395.7691,2943400,30028000,3427063400,42751956800,3434.3516,3434.3516,3380.4571,3447.3882
102238000,3396.2491,2514800,37273000,3429578200,42789229800,3434.3516,3434.3516,3380.4571,3447.3882
102243000,3396.5187,4251200,54258200,3433829400,42843488000,3434.3516,3434.3516,3380.4571,3447.3882
102248000,3396.4997,3988500,47266800,3437817900,42890754800,3434.3516,3434.3516,3380.4571,3447.3882
102253000,3396.0666,2731500,38168400,3440549400,42928923200,3434.3516,3434.3516,3380.4571,3447.3882
102258000,3396.2496,2649900,29976700,3443199300,42958899900,3434.3516,3434.3516,3380.4571,3447.3882
102303000,3396.504,3629400,43202200,3446828700,43002102100,3434.3516,3434.3516,3380.4571,3447.3882
102308000,3396.5637,2525500,31201600,3449354200,43033303700,3434.3516,3434.3516,3380.4571,3447.3882
102313000,3397.061,2535800,35785500,3451890000,43069089200,3434.3516,3434.3516,3380.4571,3447.3882
102318000,3396.4531,1610600,18494500,3453500600,43087583700,3434.3516,3434.3516,3380.4571,3447.3882
102323000,3396.6241,3724200,38535600,3457224800,43126119300,3434.3516,3434.3516,3380.4571,3447.3882
102328000,3396.4306,2110600,25714300,3459335400,43151833600,3434.3516,3434.3516,3380.4571,3447.3882
102333000,3395.8431,1629400,22725000,3460964800,43174558600,3434.3516,3434.3516,3380.4571,3447.3882
102338000,3395.9125,2235300,27253900,3463200100,43201812500,3434.3516,3434.3516,3380.4571,3447.3882
102343000,3396.3122,2361500,38251300,3465561600,43240063800,3434.3516,3434.3516,3380.4571,3447.3882
102348000,3396.1582,2083600,28728400,3467645200,43268792200,3434.3516,3434.3516,3380.4571,3447.3882
102353000,3396.189,1859500,26064000,3469504700,43294856200,3434.3516,3434.3516,3380.4571,3447.3882
102358000,3395.8087,1604700,18515900,3471109400,43313372100,3434.3516,3434.3516,3380.4571,3447.3882
102403000,3394.9103,1960800,24674900,3473070200,43338047000,3434.3516,3434.3516,3380.4571,3447.3882
102408000,3395.6935,3662000,33520300,3476732200,43371567300,3434.3516,3434.3516,3380.4571,3447.3882
102413000,3395.7449,2574400,36380400,3479306600,43407947700,3434.3516,3434.3516,3380.4571,3447.3882
102418000,3395.4034,1354900,18846500,3480661500,43426794200,3434.3516,3434.3516,3380.4571,3447.3882
102423000,3395.552,1607000,21780700,3482268500,43448574900,3434.3516,3434.3516,3380.4571,3447.3882
102428000,3395.5474,2637600,28946300,3484906100,43477521200,3434.3516,3434.3516,3380.4571,3447.3882
102433000,3395.0691,3350500,28269100,3488256600,43505790300,3434.3516,3434.3516,3380.4571,3447.3882
102438000,3395.4687,2035300,26671700,3490291900,43532462000,3434.3516,3434.3516,3380.4571,3447.3882
102443000,3395.396,2140700,29013900,3492432600,43561475900,3434.3516,3434.3516,3380.4571,3447.3882
102448000,3395.7383,1347600,17954500,3493780200,43579430400,3434.3516,3434.3516,3380.4571,3447.3882
102453000,3394.9403,1620200,23492700,3495400400,43602923100,3434.3516,3434.3516,3380.4571,3447.3882
102458000,3395.5197,2038800,20525300,3497439200,43623448400,3434.3516,3434.3516,3380.4571,3447.3882
102503000,3395.0877,2581400,28993100,3500020600,43652441500,3434.3516,3434.3516,3380.4571,3447.3882
102508000,3394.8432,2973100,35574400,3502993700,43688015900,3434.3516,3434.3516,3380.4571,3447.3882
102513000,3395.4658,2595500,33997200,3505589200,43722013100,3434.3516,3434.3516,3380.4571,3447.3882
102518000,3395.2359,1227000,13583100,3506816200,43735596200,3434.3516,3434.3516,3380.4571,3447.3882
102523000,3395.0847,2283300,32749900,3509099500,43768346100,3434.3516,3434.3516,3380.4571,3447.3882
102528000,3394.7708,1783600,22824700,3510883100,43791170800,3434.3516,3434.3516,3380.4571,3447.3882
102533000,3394.5302,2318400,27552300,3513201500,43818723100,3434.3516,3434.3516,3380.4571,3447.3882
102538000,3394.8913,1889900,27272300,3515091400,43845995400,3434.3516,3434.3516,3380.4571,3447.3882
102543000,3394.6479,1920100,30347300,3517011500,43876342700,3434.3516,3434.3516,3380.4571,3447.3882
102549000,3394.8421,2910200,30063900,3519921700,43906406600,3434.3516,3434.3516,3380.4571,3447.3882
102553000,3394.7561,1285900,20248700,3521207600,43926655300,3434.3516,3434.3516,3380.4571,3447.3882
102559000,3395.1715,1960800,28752000,3523168400,43955407300,3434.3516,3434.3516,3380.4571,3447.3882
102604000,3394.7858,2439500,35154200,3525607900,43990561500,3434.3516,3434.3516,3380.4571,3447.3882
102609000,3394.1968,2694200,34713500,3528302100,44025275000,3434.3516,3434.3516,3380.4571,3447.3882
102614000,3394.652,2416500,32948500,3530718600,44058223500,3434.3516,3434.3516,3380.4571,3447.3882
102619000,3394.4483,2025100,33259000,3532743700,44091482500,3434.3516,3434.3516,3380.4571,3447.3882
102624000,3394.2532,1975800,20114100,3534719500,44111596600,3434.3516,3434.3516,3380.4571,3447.3882
102629000,3394.2762,1707200,24325100,3536426700,44135921700,3434.3516,3434.3516,3380.4571,3447.3882
102634000,3393.8409,1572300,22596700,3537999000,44158518400,3434.3516,3434.3516,3380.4571,3447.3882
102639000,3393.8823,1741900,24815300,3539740900,44183333700,3434.3516,3434.3516,3380.4571,3447.3882
102644000,3394.2035,1834800,25710700,3541575700,44209044400,3434.3516,3434.3516,3380.4571,3447.3882
102649000,3393.8675,1982800,27798500,3543558500,44236842900,3434.3516,3434.3516,3380.4571,3447.3882
102654000,3393.8299,1127200,15774500,3544685700,44252617400,3434.3516,3434.3516,3380.4571,3447.3882
102659000,3393.7491,2877500,31423500,3547563200,44284040900,3434.3516,3434.3516,3380.4571,3447.3882
102704000,3393.768,1804800,22274700,3549368000,44306315600,3434.3516,3434.3516,3380.4571,3447.3882
102709000,3393.6645,2277700,26230800,3551645700,44332546400,3434.3516,3434.3516,3380.4571,3447.3882
102714000,3393.6337,2737000,38708900,3554382700,44371255300,3434.3516,3434.3516,3380.4571,3447.3882
102719000,3393.8397,2559400,45068600,3556942100,44416323900,3434.3516,3434.3516,3380.4571,3447.3882
102724000,3394.0447,1423500,21159400,3558365600,44437483300,3434.3516,3434.3516,3380.4571,3447.3882
102729000,3393.8964,1978600,29018000,3560344200,44466501300,3434.3516,3434.3516,3380.4571,3447.3882
102734000,3393.7213,1984900,24962700,3562329100,44491464000,3434.3516,3434.3516,3380.4571,3447.3882
102739000,3394.3856,1996500,30774300,3564325600,44522238300,3434.3516,3434.3516,3380.4571,3447.3882
102744000,3394.819,3073200,33952300,3567398800,44556190600,3434.3516,3434.3516,3380.4571,3447.3882
102749000,3395.1993,3457300,53182100,3570856100,44609372700,3434.3516,3434.3516,3380.4571,3447.3882
102754000,3395.5069,1776400,25787400,3572632500,44635160100,3434.3516,3434.3516,3380.4571,3447.3882
102759000,3395.9971,3275700,43632500,3575908200,44678792600,3434.3516,3434.3516,3380.4571,3447.3882
102804000,3395.3614,2501800,32000800,3578410000,44710793400,3434.3516,3434.3516,3380.4571,3447.3882
102809000,3395.9163,2607800,32733700,3581017800,44743527100,3434.3516,3434.3516,3380.4571,3447.3882
102813000,3396.0677,2138000,28763100,3583155800,44772290200,3434.3516,3434.3516,3380.4571,3447.3882
102819000,3396.0929,2903400,43120400,3586059200,44815410600,3434.3516,3434.3516,3380.4571,3447.3882
102824000,3395.6748,1355800,20411700,3587415000,44835822300,3434.3516,3434.3516,3380.4571,3447.3882
102829000,3395.6114,1831800,28442400,3589246800,44864264700,3434.3516,3434.3516,3380.4571,3447.3882
102834000,3395.4369,2326900,31154300,3591573700,44895419000,3434.3516,3434.3516,3380.4571,3447.3882
102839000,3395.2646,1857400,30599900,3593431100,44926018900,3434.3516,3434.3516,3380.4571,3447.3882
102844000,3394.6828,2816600,35373500,3596247700,44961392400,3434.3516,3434.3516,3380.4571,3447.3882
102849000,3395.4135,2447300,33473300,3598695000,44994865700,3434.3516,3434.3516,3380.4571,3447.3882
102854000,3395.1128,1744600,28856900,3600439600,45023722600,3434.3516,3434.3516,3380.4571,3447.3882
102859000,3394.9537,2878100,40692200,3603317700,45064414800,3434.3516,3434.3516,3380.4571,3447.3882
102904000,3394.8912,2277500,27822000,3605595200,45092236800,3434.3516,3434.3516,3380.4571,3447.3882
102909000,3394.8927,2756900,36509300,3608352100,45128746100,3434.3516,3434.3516,3380.4571,3447.3882
102914000,3395.2429,1975500,28638300,3610327600,45157384400,3434.3516,3434.3516,3380.4571,3447.3882
102919000,3394.8458,2327400,33083300,3612655000,45190467700,3434.3516,3434.3516,3380.4571,3447.3882
102924000,3394.7568,1367600,18517600,3614022600,45208985300,3434.3516,3434.3516,3380.4571,3447.3882
102929000,3394.6128,1400700,22707800,3615423300,45231693100,3434.3516,3434.3516,3380.4571,3447.3882
102935000,3394.3607,4118200,39487600,3619541500,45271180700,3434.3516,3434.3516,3380.4571,3447.3882
102939000,3394.5202,796100,12938700,3620337600,45284119400,3434.3516,3434.3516,3380.4571,3447.3882
102944000,3394.8512,1899200,22966300,3622236800,45307085700,3434.3516,3434.3516,3380.4571,3447.3882
102950000,3394.9449,2688400,37296800,3624925200,45344382500,3434.3516,3434.3516,3380.4571,3447.3882
102955000,3394.4905,1533400,26089300,3626458600,45370471800,3434.3516,3434.3516,3380.4571,3447.3882
103000000,3394.5324,1022600,12136300,3627481200,45382608100,3434.3516,3434.3516,3380.4571,3447.3882
103005000,3394.7535,2282900,28998600,3629764100,45411606700,3434.3516,3434.3516,3380.4571,3447.3882
103010000,3394.921,1390800,16871100,3631154900,45428477800,3434.3516,3434.3516,3380.4571,3447.3882
103015000,3394.7912,1468000,25781700,3632622900,45454259500,3434.3516,3434.3516,3380.4571,3447.3882
103020000,3394.7441,1903600,30003700,3634526500,45484263200,3434.3516,3434.3516,3380.4571,3447.3882
103025000,3394.4268,2119100,27794000,3636645600,45512057200,3434.3516,3434.3516,3380.4571,3447.3882
103030000,3394.2835,1462100,16224400,3638107700,45528281600,3434.3516,3434.3516,3380.4571,3447.3882
103035000,3393.652,2132400,34239400,3640240100,45562521000,3434.3516,3434.3516,3380.4571,3447.3882
103040000,3393.6931,2590700,35987800,3642830800,45598508800,3434.3516,3434.3516,3380.4571,3447.3882
103045000,3393.6173,3303000,38459600,3646133800,45636968400,3434.3516,3434.3516,3380.4571,3447.3882
103050000,3392.9602,6454700,58471000,3652588500,45695439400,3434.3516,3434.3516,3380.4571,3447.3882
103055000,3391.7435,3603800,38814800,3656192300,45734254200,3434.3516,3434.3516,3380.4571,3447.3882
103100000,3391.6007,3363600,34151300,3659555900,45768405500,3434.3516,3434.3516,3380.4571,3447.3882
103105000,3390.9053,4837200,54053000,3664393100,45822458500,3434.3516,3434.3516,3380.4571,3447.3882
103110000,3390.7358,4084200,44924000,3668477300,45867382500,3434.3516,3434.3516,3380.4571,3447.3882
103115000,3390.5945,2860800,44011900,3671338100,45911394400,3434.3516,3434.3516,3380.4571,3447.3882
103120000,3390.3137,3613200,56590500,3674951300,45967984900,3434.3516,3434.3516,3380.4571,3447.3882
103125000,3389.6702,4219500,47402600,3679170800,46015387500,3434.3516,3434.3516,3380.4571,3447.3882
103130000,3388.8436,3312900,41959300,3682483700,46057346800,3434.3516,3434.3516,3380.4571,3447.3882
103135000,3388.5487,3911700,51493600,3686395400,46108840400,3434.3516,3434.3516,3380.4571,3447.3882
103140000,3388.4868,4417100,49371700,3690812500,46158212100,3434.3516,3434.3516,3380.4571,3447.3882
103145000,3388.0534,4275400,50516900,3695087900,46208729000,3434.3516,3434.3516,3380.4571,3447.3882
103150000,3387.7634,4312800,53920600,3699400700,46262649600,3434.3516,3434.3516,3380.4571,3447.3882
103155000,3387.388,4748700,77666800,3704149400,46340316400,3434.3516,3434.3516,3380.4571,3447.3882
103200000,3387.0642,4501900,42494000,3708651300,46382810400,3434.3516,3434.3516,3380.4571,3447.3882
103205000,3386.3727,6110200,64939700,3714761500,46447750100,3434.3516,3434.3516,3380.4571,3447.3882
103210000,3386.2079,4143900,51648800,3718905400,46499398900,3434.3516,3434.3516,3380.4571,3447.3882
103215000,3385.9471,5971500,58047300,3724876900,46557446200,3434.3516,3434.3516,3380.4571,3447.3882
103220000,3385.2272,4695500,48153700,3729572400,46605599900,3434.3516,3434.3516,3380.4571,3447.3882
103225000,3385.0609,3013600,41263500,3732586000,46646863400,3434.3516,3434.3516,3380.4571,3447.3882
103230000,3385.5499,3466100,40718100,3736052100,46687581500,3434.3516,3434.3516,3380.4571,3447.3882
103235000,3384.7568,4342100,52510400,3740394200,46740091900,3434.3516,3434.3516,3380.4571,3447.3882
103240000,3385.0259,4278100,41449400,3744672300,46781541300,3434.3516,3434.3516,3380.4571,3447.3882
103245000,3385.3904,3577200,50608900,3748249500,46832150200,3434.3516,3434.3516,3380.4571,3447.3882
103250000,3385.3598,4943800,53014900,3753193300,46885165100,3434.3516,3434.3516,3380.4571,3447.3882
103255000,3385.0004,4001600,46322300,3757194900,46931487400,3434.3516,3434.3516,3380.4571,3447.3882
103300000,3384.4962,3413600,36641300,3760608500,46968128700,3434.3516,3434.3516,3380.4571,3447.3882
103305000,3384.7249,4926200,62366500,3765534700,47030495200,3434.3516,3434.3516,3380.4571,3447.3882
103310000,3384.4276,4913200,49479300,3770447900,47079974500,3434.3516,3434.3516,3380.4571,3447.3882
103315000,3384.753,4261100,54275100,3774709000,47134249600,3434.3516,3434.3516,3380.4571,3447.3882
103320000,3384.5495,3138900,39835900,3777847900,47174085500,3434.3516,3434.3516,3380.4571,3447.3882
103326000,3384.0725,4164200,45161800,3782012100,47219247300,3434.3516,3434.3516,3380.4571,3447.3882
103331000,3384.3602,3345700,43184800,3785357800,47262432100,3434.3516,3434.3516,3380.4571,3447.3882
103336000,3383.712,5851800,59888300,3791209600,47322320400,3434.3516,3434.3516,3380.4571,3447.3882
103341000,3383.8639,3113000,40870600,3794322600,47363191000,3434.3516,3434.3516,3380.4571,3447.3882
103346000,3384.0617,2452500,30810500,3796775100,47394001500,3434.3516,3434.3516,3380.4571,3447.3882
103351000,3384.0905,3571600,37165300,3800346700,47431166800,3434.3516,3434.3516,3380.4571,3447.3882
103356000,3383.8141,4558300,41150000,3804905000,47472316800,3434.3516,3434.3516,3380.4571,3447.3882
103401000,3383.5332,4535500,50464600,3809440500,47522781400,3434.3516,3434.3516,3380.4571,3447.3882
103406000,3383.5915,5047200,38452600,3814487700,47561234000,3434.3516,3434.3516,3380.4571,3447.3882
103411000,3383.3892,3585900,40700500,3818073600,47601934500,3434.3516,3434.3516,3380.4571,3447.3882
103416000,3383.5481,3481700,37807100,3821555300,47639741600,3434.3516,3434.3516,3380.4571,3447.3882
103421000,3383.7158,2940200,40485000,3824495500,47680226600,3434.3516,3434.3516,3380.4571,3447.3882
103426000,3383.6049,3635800,45696500,3828131300,47725923100,3434.3516,3434.3516,3380.4571,3447.3882
103431000,3383.898,4123100,48779400,3832254400,47774702500,3434.3516,3434.3516,3380.4571,3447.3882
103436000,3383.7791,2895300,33685800,3835149700,47808388300,3434.3516,3434.3516,3380.4571,3447.3882
103441000,3383.6263,3670700,42615800,3838820400,47851004100,3434.3516,3434.3516,3380.4571,3447.3882
103446000,3383.5033,2734000,28194900,3841554400,47879199000,3434.3516,3434.3516,3380.4571,3447.3882
103451000,3383.4229,3944800,40227400,3845499200,47919426400,3434.3516,3434.3516,3380.4571,3447.3882
103456000,3383.4547,3497500,39426000,3848996700,47958852400,3434.3516,3434.3516,3380.4571,3447.3882
103501000,3383.6292,3008700,38838800,3852005400,47997691200,3434.3516,3434.3516,3380.4571,3447.3882
103506000,3383.6296,2934400,35349900,3854939800,48033041100,3434.3516,3434.3516,3380.4571,3447.3882
103511000,3383.672,3597700,40428500,3858537500,48073469600,3434.3516,3434.3516,3380.4571,3447.3882
103516000,3383.7099,2822200,35747300,3861359700,48109216900,3434.3516,3434.3516,3380.4571,3447.3882
103521000,3384.1372,3376500,37772400,3864736200,48146989300,3434.3516,3434.3516,3380.4571,3447.3882
103526000,3385.3824,4849800,58159600,3869586000,48205148900,3434.3516,3434.3516,3380.4571,3447.3882
103531000,3385.7137,3622700,50122000,3873208700,48255270900,3434.3516,3434.3516,3380.4571,3447.3882
103536000,3385.7587,2141100,27749900,3875349800,48283020800,3434.3516,3434.3516,3380.4571,3447.3882
103541000,3386.7208,4176900,48756700,3879526700,48331777500,3434.3516,3434.3516,3380.4571,3447.3882
103546000,3386.8778,2763600,28868200,3882290300,48360645700,3434.3516,3434.3516,3380.4571,3447.3882
103551000,3386.8067,2796500,33840200,3885086800,48394485900,3434.3516,3434.3516,3380.4571,3447.3882
103556000,3386.4203,3278000,37921300,3888364800,48432407200,3434.3516,3434.3516,3380.4571,3447.3882
103601000,3387.0425,2806500,38636400,3891171300,48471043600,3434.3516,3434.3516,3380.4571,3447.3882
103606000,3386.9001,2418700,31711400,3893590000,48502755000,3434.3516,3434.3516,3380.4571,3447.3882
103611000,3387.7888,3016000,42967500,3896606000,48545722500,3434.3516,3434.3516,3380.4571,3447.3882
103616000,3386.9525,2301100,30909200,3898907100,48576631700,3434.3516,3434.3516,3380.4571,3447.3882
103621000,3387.5917,1898500,23382700,3900805600,48600014400,3434.3516,3434.3516,3380.4571,3447.3882
103626000,3387.2641,2883500,34567200,3903689100,48634581600,3434.3516,3434.3516,3380.4571,3447.3882
103631000,3387.7618,2293600,32000700,3905982700,48666582300,3434.3516,3434.3516,3380.4571,3447.3882
103636000,3387.1828,2097000,19040900,3908079700,48685623200,3434.3516,3434.3516,3380.4571,3447.3882
103641000,3387.2692,2778500,37178100,3910858200,48722801300,3434.3516,3434.3516,3380.4571,3447.3882
103646000,3388.1423,2026400,26111800,3912884600,48748913100,3434.3516,3434.3516,3380.4571,3447.3882
103651000,3387.6642,2829600,41400400,3915714200,48790313500,3434.3516,3434.3516,3380.4571,3447.3882
103656000,3387.8282,2166100,29789900,3917880300,48820103400,3434.3516,3434.3516,3380.4571,3447.3882
103701000,3387.9319,2824500,31768000,3920704800,48851871400,3434.3516,3434.3516,3380.4571,3447.3882
103706000,3387.7636,1661600,17582800,3922366400,48869454200,3434.3516,3434.3516,3380.4571,3447.3882
103711000,3387.6982,2181000,26293600,3924547400,48895747800,3434.3516,3434.3516,3380.4571,3447.3882
103717000,3387.2469,2306200,37634700,3926853600,48933382500,3434.3516,3434.3516,3380.4571,3447.3882
103721000,3387.2844,1543600,18031800,3928397200,48951414300,3434.3516,3434.3516,3380.4571,3447.3882
103727000,3387.7573,1972200,25264100,3930369400,48976678400,3434.3516,3434.3516,3380.4571,3447.3882
103732000,3388.2034,2669300,36674300,3933038700,49013352700,3434.3516,3434.3516,3380.4571,3447.3882
103737000,3387.8281,2710000,28518100,3935748700,49041870800,3434.3516,3434.3516,3380.4571,3447.3882
103742000,3387.5238,1894300,23707200,3937643000,49065578000,3434.3516,3434.3516,3380.4571,3447.3882
103747000,3387.6305,2384800,34330100,3940027800,49099908100,3434.3516,3434.3516,3380.4571,3447.3882
103752000,3387.7324,1512300,15703400,3941540100,49115611500,3434.3516,3434.3516,3380.4571,3447.3882
103757000,3387.6805,1840300,24282500,3943380400,49139894000,3434.3516,3434.3516,3380.4571,3447.3882
103802000,3387.806,2366400,27018400,3945746800,49166912400,3434.3516,3434.3516,3380.4571,3447.3882
103807000,3387.5701,2093300,25519600,3947840100,49192432000,3434.3516,3434.3516,3380.4571,3447.3882
103812000,3387.5882,1397900,15823700,3949238000,49208255700,3434.3516,3434.3516,3380.4571,3447.3882
103817000,3387.4878,1900400,27018300,3951138400,49235274000,3434.3516,3434.3516,3380.4571,3447.3882
103822000,3387.6557,1822500,20989900,3952960900,49256263900,3434.3516,3434.3516,3380.4571,3447.3882
103827000,3387.6418,1914200,23222000,3954875100,49279485900,3434.3516,3434.3516,3380.4571,3447.3882
103832000,3387.8905,1856400,23490000,3956731500,49302975900,3434.3516,3434.3516,3380.4571,3447.3882
103837000,3386.9972,2592900,27987900,3959324400,49330963800,3434.3516,3434.3516,3380.4571,3447.3882
103842000,3387.1871,1008300,13247200,3960332700,49344211000,3434.3516,3434.3516,3380.4571,3447.3882
103847000,3387.5966,1817900,22345900,3962150600,49366556900,3434.3516,3434.3516,3380.4571,3447.3882
103852000,3387.3803,1379700,20791600,3963530300,49387348500,3434.3516,3434.3516,3380.4571,3447.3882
103857000,3387.1138,1836400,21224800,3965366700,49408573300,3434.3516,3434.3516,3380.4571,3447.3882
103902000,3387.3442,2509600,30466000,3967876300,49439039300,3434.3516,3434.3516,3380.4571,3447.3882
103907000,3387.1965,2845400,28594200,3970721700,49467633500,3434.3516,3434.3516,3380.4571,3447.3882
103912000,3387.3923,1606100,21084000,3972327800,49488717500,3434.3516,3434.3516,3380.4571,3447.3882
103917000,3387.2123,2346200,30517000,3974674000,49519234500,3434.3516,3434.3516,3380.4571,3447.3882
103922000,3387.41,2054000,25634900,3976728000,49544869400,3434.3516,3434.3516,3380.4571,3447.3882
103927000,3387.1901,1504400,17433100,3978232400,49562302500,3434.3516,3434.3516,3380.4571,3447.3882
103932000,3387.3361,2411800,30314900,3980644200,49592617400,3434.3516,3434.3516,3380.4571,3447.3882
103937000,3386.7502,1591800,23585000,3982236000,49616202400,3434.3516,3434.3516,3380.4571,3447.3882
103942000,3386.6202,1243000,15141200,3983479000,49631343600,3434.3516,3434.3516,3380.4571,3447.3882
103947000,3387.021,1640600,21002700,3985119600,49652346300,3434.3516,3434.3516,3380.4571,3447.3882
103952000,3386.5703,1953600,22917700,3987073200,49675264000,3434.3516,3434.3516,3380.4571,3447.3882
103957000,3386.4176,2004800,27733300,3989078000,49702997300,3434.3516,3434.3516,3380.4571,3447.3882
104002000,3386.7491,2460300,28186000,3991538300,49731183300,3434.3516,3434.3516,3380.4571,3447.3882
104007000,3386.7446,3158400,29471700,3994696700,49760655000,3434.3516,3434.3516,3380.4571,3447.3882
104012000,3386.6582,1441400,17483800,3996138100,49778138800,3434.3516,3434.3516,3380.4571,3447.3882
104017000,3386.5946,1701700,24175700,3997839800,49802314500,3434.3516,3434.3516,3380.4571,3447.3882
104022000,3386.4317,1401500,17443600,3999241300,49819758100,3434.3516,3434.3516,3380.4571,3447.3882
104027000,3386.3764,1572900,23489700,4000814200,49843247800,3434.3516,3434.3516,3380.4571,3447.3882
104032000,3386.0577,2520500,35179200,4003334700,49878427000,3434.3516,3434.3516,3380.4571,3447.3882
104037000,3385.9716,2914100,34215000,4006248800,49912642000,3434.3516,3434.3516,3380.4571,3447.3882
104042000,3385.9673,2143800,27765200,4008392600,49940407200,3434.3516,3434.3516,3380.4571,3447.3882
104047000,3385.9264,1789600,23184300,4010182200,49963591500,3434.3516,3434.3516,3380.4571,3447.3882
104052000,3385.4654,1554400,20122600,4011736600,49983714100,3434.3516,3434.3516,3380.4571,3447.3882
104057000,3385.5206,2307000,31305600,4014043600,50015019700,3434.3516,3434.3516,3380.4571,3447.3882
104102000,3385.4742,2343000,31460200,4016386600,50046479900,3434.3516,3434.3516,3380.4571,3447.3882
104108000,3384.814,4470900,45014100,4020857500,50091494000,3434.3516,3434.3516,3380.4571,3447.3882
104112000,3384.8341,1301300,18738600,4022158800,50110232600,3434.3516,3434.3516,3380.4571,3447.3882
104118000,3384.1927,2396900,36149800,4024555700,50146382400,3434.3516,3434.3516,3380.4571,3447.3882
104123000,3384.1408,2450300,30175800,4027006000,50176558200,3434.3516,3434.3516,3380.4571,3447.3882
104128000,3384.3529,1883700,25311400,4028889700,50201869600,3434.3516,3434.3516,3380.4571,3447.3882
104133000,3384.225,2033600,27378100,4030923300,50229247700,3434.3516,3434.3516,3380.4571,3447.3882
104138000,3383.9734,2282800,27154500,4033206100,50256402200,3434.3516,3434.3516,3380.4571,3447.3882
104143000,3383.5596,2888400,37210500,4036094500,50293612700,3434.3516,3434.3516,3380.4571,3447.3882
104148000,3383.5798,2956800,24179500,4039051300,50317792200,3434.3516,3434.3516,3380.4571,3447.3882
104153000,3383.1496,3071300,37879500,4042122600,50355671700,3434.3516,3434.3516,3380.4571,3447.3882
104158000,3383.4407,1926700,25741500,4044049300,50381413200,3434.3516,3434.3516,3380.4571,3447.3882
104203000,3383.0935,2575500,33001600,4046624800,50414414800,3434.3516,3434.3516,3380.4571,3447.3882
104208000,3382.911,4777500,48634800,4051402300,50463049600,3434.3516,3434.3516,3380.4571,3447.3882
104213000,3383.2918,2279700,33062900,4053682000,50496112500,3434.3516,3434.3516,3380.4571,3447.3882
104218000,3383.0214,2677400,23777400,4056359400,50519889900,3434.3516,3434.3516,3380.4571,3447.3882
104223000,3382.6455,3165000,41097500,4059524400,50560987400,3434.3516,3434.3516,3380.4571,3447.3882
104228000,3382.7943,1702900,19964800,4061227300,50580952200,3434.3516,3434.3516,3380.4571,3447.3882
104233000,3382.4235,2395600,31806400,4063622900,50612758600,3434.3516,3434.3516,3380.4571,3447.3882
104238000,3381.7394,3111900,41997200,4066734800,50654755800,3434.3516,3434.3516,3380.4571,3447.3882
104243000,3381.845,2900900,36656400,4069635700,50691412200,3434.3516,3434.3516,3380.4571,3447.3882
104248000,3381.693,2371100,30645500,4072006800,50722057700,3434.3516,3434.3516,3380.4571,3447.3882
104253000,3381.2078,3597100,45175100,4075603900,50767232800,3434.3516,3434.3516,3380.4571,3447.3882
104258000,3381.4491,1984600,29803000,4077588500,50797035800,3434.3516,3434.3516,3380.4571,3447.3882
104303000,3380.8534,3826500,55034500,4081415000,50852070300,3434.3516,3434.3516,3380.4571,3447.3882
104308000,3380.5687,4190200,61131400,4085605200,50913201700,3434.3516,3434.3516,3380.4249,3447.3882
104313000,3380.6732,3227400,43967100,4088832600,50957168800,3434.3516,3434.3516,3380.4249,3447.3882
104318000,3380.3588,3409900,30781900,4092242500,50987950700,3434.3516,3434.3516,3380.277,3447.3882
104323000,3380.2586,3666100,44448900,4095908600,51032399600,3434.3516,3434.3516,3380.109,3447.3882
104328000,3379.8323,2452000,38590900,4098360600,51070990500,3434.3516,3434.3516,3379.7861,3447.3882
104333000,3380.1382,4192200,47462400,4102552800,51118452900,3434.3516,3434.3516,3379.7861,3447.3882
104338000,3379.3923,3547500,44860000,4106100300,51163312900,3434.3516,3434.3516,3379.3421,3447.3882
104343000,3379.4687,2353300,36522700,4108453600,51199835600,3434.3516,3434.3516,3379.1234,3447.3882
104348000,3379.3462,2188700,30847700,4110642300,51230683300,3434.3516,3434.3516,3379.1234,3447.3882
104353000,3378.9994,3248700,43982100,4113891000,51274665400,3434.3516,3434.3516,3378.968,3447.3882
104358000,3378.9165,2603900,33857700,4116494900,51308523100,3434.3516,3434.3516,3378.6839,3447.3882
104403000,3379.0084,2689600,38087200,4119184500,51346610300,3434.3516,3434.3516,3378.6839,3447.3882
104408000,3379.2198,3825800,54310600,4123010300,51400920900,3434.3516,3434.3516,3378.6839,3447.3882
104413000,3379.2813,4343900,47501300,4127354200,51448422200,3434.3516,3434.3516,3378.6839,3447.3882
104418000,3379.3093,2716800,26835900,4130071000,51475258100,3434.3516,3434.3516,3378.6839,3447.3882
104423000,3378.8312,2481500,33389200,4132552500,51508647300,3434.3516,3434.3516,3378.6839,3447.3882
104428000,3379.2803,3052300,35169100,4135604800,51543816400,3434.3516,3434.3516,3378.6839,3447.3882
104433000,3378.9537,2442900,30388500,4138047700,51574204900,3434.3516,3434.3516,3378.6839,3447.3882
104438000,3378.8645,3272400,40088500,4141320100,51614293400,3434.3516,3434.3516,3378.6839,3447.3882
104443000,3379.1327,3083900,34332900,4144404000,51648626300,3434.3516,3434.3516,3378.6839,3447.3882
104448000,3379.0714,2113000,27986500,4146517000,51676612800,3434.3516,3434.3516,3378.6839,3447.3882
104454000,3378.5413,3264800,39994400,4149781800,51716607200,3434.3516,3434.3516,3378.5413,3447.3882
104459000,3378.5241,1838900,31826700,4151620700,51748433900,3434.3516,3434.3516,3378.275,3447.3882
104503000,3378.6818,3009400,42638400,4154630100,51791072300,3434.3516,3434.3516,3378.275,3447.3882
104509000,3378.6364,4381400,50527300,4159011500,51841599600,3434.3516,3434.3516,3378.275,3447.3882
104514000,3378.9504,2415900,35371600,4161427400,51876971200,3434.3516,3434.3516,3378.275,3447.3882
104519000,3378.807,3416300,43213900,4164843700,51920185100,3434.3516,3434.3516,3378.275,3447.3882
104524000,3378.2425,2965500,26236200,4167809200,51946421300,3434.3516,3434.3516,3378.2425,3447.3882
104529000,3378.5313,3330200,37686100,4171139400,51984107400,3434.3516,3434.3516,3378.1613,3447.3882
104534000,3378.2275,2528200,34468700,4173667600,52018576100,3434.3516,3434.3516,3378.1613,3447.3882
104539000,3378.0018,2273800,34106800,4175941400,52052682900,3434.3516,3434.3516,3377.9145,3447.3882
104544000,3378.0202,2971500,49515500,4178912900,52102198400,3434.3516,3434.3516,3377.9145,3447.3882
104549000,3378.3211,2555100,43796500,4181468000,52145994900,3434.3516,3434.3516,3377.9145,3447.3882
104554000,3377.774,1777300,24053900,4183245300,52170048800,3434.3516,3434.3516,3377.774,3447.3882
104559000,3377.8151,5138700,41459000,4188384000,52211507800,3434.3516,3434.3516,3377.6714,3447.3882
104604000,3377.6543,2718900,49648700,4191102900,52261156500,3434.3516,3434.3516,3377.6543,3447.3882
104609000,3377.4054,2838800,36503300,4193941700,52297659800,3434.3516,3434.3516,3377.4012,3447.3882
104614000,3377.3252,4325600,48841600,4198267300,52346501400,3434.3516,3434.3516,3377.3252,3447.3882
104619000,3376.9303,3719600,55443100,4201986900,52401944500,3434.3516,3434.3516,3376.9303,3447.3882
104624000,3376.6131,3477700,33635900,4205464600,52435580400,3434.3516,3434.3516,3376.6131,3447.3882
104629000,3376.3244,4588300,64681800,4210052900,52500262200,3434.3516,3434.3516,3376.1286,3447.3882
104634000,3375.9563,3756300,65236900,4213809200,52565499100,3434.3516,3434.3516,3375.9558,3447.3882
104639000,3374.8654,3831700,40400800,4217640900,52605899900,3434.3516,3434.3516,3374.6197,3447.3882
104644000,3374.6783,4154400,57805000,4221795300,52663704900,3434.3516,3434.3516,3374.6197,3447.3882
104649000,3373.7065,5413300,66311300,4227208600,52730016200,3434.3516,3434.3516,3373.7065,3447.3882
104654000,3373.1936,4394800,80880100,4231603400,52810896300,3434.3516,3434.3516,3373.1838,3447.3882
104659000,3373.614,5817400,60085000,4237420800,52870981300,3434.3516,3434.3516,3373.1838,3447.3882
104704000,3372.7986,3790000,59111500,4241210800,52930092800,3434.3516,3434.3516,3372.7986,3447.3882
104709000,3372.7984,5196900,59016400,4246407700,52989109200,3434.3516,3434.3516,3372.631,3447.3882
104714000,3372.5127,4991400,55888900,4251399100,53044998100,3434.3516,3434.3516,3372.5127,3447.3882
104719000,3372.402,4753100,56456500,4256152200,53101454600,3434.3516,3434.3516,3372.2154,3447.3882
104724000,3372.0964,3816700,37772900,4259968900,53139227500,3434.3516,3434.3516,3372.0964,3447.3882
104729000,3371.9346,4872500,69301700,4264841400,53208529200,3434.3516,3434.3516,3371.9346,3447.3882
104734000,3372.0051,3561400,46821200,4268402800,53255350400,3434.3516,3434.3516,3371.9346,3447.3882
104739000,3372.2222,3560100,40133100,4271962900,53295483500,3434.3516,3434.3516,3371.7302,3447.3882
104744000,3371.9058,4564700,53793400,4276527600,53349276900,3434.3516,3434.3516,3371.6935,3447.3882
104749000,3371.7966,4574600,53141600,4281102200,53402418500,3434.3516,3434.3516,3371.6735,3447.3882
104754000,3371.9468,3669600,37805000,4284771800,53440223500,3434.3516,3434.3516,3371.5792,3447.3882
104759000,3371.5555,4433500,51150800,4289205300,53491374300,3434.3516,3434.3516,3371.5555,3447.3882
104804000,3371.6796,3290000,37582200,4292495300,53528956500,3434.3516,3434.3516,3371.5195,3447.3882
104809000,3371.446,4371700,46773500,4296867000,53575730000,3434.3516,3434.3516,3371.3891,3447.3882
104814000,3371.3831,6668000,60602400,4303535000,53636332400,3434.3516,3434.3516,3371.209,3447.3882
104819000,3371.3052,4690200,49771700,4308225200,53686104100,3434.3516,3434.3516,3371.209,3447.3882
104824000,3370.8874,3756800,32998900,4311982000,53719103000,3434.3516,3434.3516,3370.8874,3447.3882
104829000,3370.8594,4334400,47062500,4316316400,53766165500,3434.3516,3434.3516,3370.8594,3447.3882
104834000,3370.8543,4003600,40269200,4320320000,53806434700,3434.3516,3434.3516,3370.8336,3447.3882
104839000,3370.3906,3794100,50173800,4324114100,53856608500,3434.3516,3434.3516,3370.2755,3447.3882
104845000,3370.446,5017400,62881800,4329131500,53919490300,3434.3516,3434.3516,3370.2755,3447.3882
104849000,3370.3609,5316800,63690400,4334448300,53983180700,3434.3516,3434.3516,3370.2755,3447.3882
104855000,3370.2429,4569300,49460700,4339017600,54032641400,3434.3516,3434.3516,3370.192,3447.3882
104900000,3370.1467,3419800,41486000,4342437400,54074127400,3434.3516,3434.3516,3370.0739,3447.3882
104905000,3369.923,4817900,47266600,4347255300,54121394000,3434.3516,3434.3516,3369.923,3447.3882
104910000,3369.3698,3461100,36090700,4350716400,54157484700,3434.3516,3434.3516,3369.3698,3447.3882
104915000,3369.7021,3416000,46410200,4354132400,54203894900,3434.3516,3434.3516,3369.3698,3447.3882
104920000,3369.9482,4693800,51742300,4358826200,54255637200,3434.3516,3434.3516,3369.3698,3447.3882
104925000,3370.1485,5256000,66024300,4364082200,54321661500,3434.3516,3434.3516,3369.3698,3447.3882
104930000,3371.2546,3840900,46794600,4367923100,54368456100,3434.3516,3434.3516,3369.3698,3447.3882
104935000,3371.2546,5599500,66367200,4373522600,54434823300,3434.3516,3434.3516,3369.3698,3447.3882
104940000,3371.5812,4099600,41667100,4377622200,54476490400,3434.3516,3434.3516,3369.3698,3447.3882
104945000,3371.4496,5359800,66796300,4382982000,54543286700,3434.3516,3434.3516,3369.3698,3447.3882
104950000,3371.8405,4812000,56024300,4387794000,54599311000,3434.3516,3434.3516,3369.3698,3447.3882
104955000,3372.1915,4253500,56420800,4392047500,54655731800,3434.3516,3434.3516,3369.3698,3447.3882
105000000,3372.485,3571400,34541100,4395618900,54690272900,3434.3516,3434.3516,3369.3698,3447.3882
105005000,3372.5195,3840500,43484900,4399459400,54733757800,3434.3516,3434.3516,3369.3698,3447.3882
105010000,3372.7085,3531100,46426500,4402990500,54780184300,3434.3516,3434.3516,3369.3698,3447.3882
105015000,3373.0833,3574700,37748900,4406565200,54817933200,3434.3516,3434.3516,3369.3698,3447.3882
105020000,3373.1358,3248900,37606700,4409814100,54855539900,3434.3516,3434.3516,3369.3698,3447.3882
105025000,3373.0104,3025700,38259900,4412839800,54893799800,3434.3516,3434.3516,3369.3698,3447.3882
105030000,3373.4006,2205300,24282000,4415045100,54918081800,3434.3516,3434.3516,3369.3698,3447.3882
105035000,3373.0287,3208100,35908200,4418253200,54953990000,3434.3516,3434.3516,3369.3698,3447.3882
105040000,3373.405,2784400,31106200,4421037600,54985096200,3434.3516,3434.3516,3369.3698,3447.3882
105045000,3373.6274,7066900,48254700,4428104500,55033350900,3434.3516,3434.3516,3369.3698,3447.3882
105050000,3373.4023,4223500,33799400,4432328000,55067150300,3434.3516,3434.3516,3369.3698,3447.3882
105055000,3373.9165,3951300,38448700,4436279300,55105599000,3434.3516,3434.3516,3369.3698,3447.3882
105100000,3373.835,1525100,16773100,4437804400,55122372100,3434.3516,3434.3516,3369.3698,3447.3882
105105000,3373.5165,3787100,37101600,4441591500,55159473700,3434.3516,3434.3516,3369.3698,3447.3882
105110000,3373.5677,2581400,28208400,4444172900,55187682100,3434.3516,3434.3516,3369.3698,3447.3882
105115000,3373.8981,3685700,38821200,4447858600,55226503300,3434.3516,3434.3516,3369.3698,3447.3882
105120000,3373.7606,4052500,43545700,4451911100,55270049000,3434.3516,3434.3516,3369.3698,3447.3882
105125000,3373.6786,4028100,40884300,4455939200,55310933300,3434.3516,3434.3516,3369.3698,3447.3882
105130000,3373.9956,3011700,25460200,4458950900,55336393500,3434.3516,3434.3516,3369.3698,3447.3882
105135000,3373.7896,3024100,30226000,4461975000,55366619500,3434.3516,3434.3516,3369.3698,3447.3882
105140000,3373.2713,2136000,25564300,4464111000,55392183800,3434.3516,3434.3516,3369.3698,3447.3882
105145000,3373.7131,2892800,27426800,4467003800,55419610600,3434.3516,3434.3516,3369.3698,3447.3882
105150000,3373.6283,3799200,36179400,4470803000,55455790000,3434.3516,3434.3516,3369.3698,3447.3882
105155000,3373.6042,3299200,30248200,4474102200,55486038200,3434.3516,3434.3516,3369.3698,3447.3882
105200000,3373.5447,2315600,19770400,4476417800,55505808600,3434.3516,3434.3516,3369.3698,3447.3882
105205000,3373.1694,3546800,34705900,4479964600,55540514500,3434.3516,3434.3516,3369.3698,3447.3882
105210000,3373.3389,2672200,24393600,4482636800,55564908100,3434.3516,3434.3516,3369.3698,3447.3882
105215000,3373.1438,2521900,28292200,4485158700,55593200300,3434.3516,3434.3516,3369.3698,3447.3882
105220000,3373.3923,3529700,29827700,4488688400,55623028000,3434.3516,3434.3516,3369.3698,3447.3882
105225000,3373.3439,2047600,22903100,4490736000,55645931100,3434.3516,3434.3516,3369.3698,3447.3882
105230000,3373.6423,1901800,21911800,4492637800,55667842900,3434.3516,3434.3516,3369.3698,3447.3882
105236000,3373.3237,2055600,27133600,4494693400,55694976500,3434.3516,3434.3516,3369.3698,3447.3882
105240000,3373.2738,1635700,16818800,4496329100,55711795300,3434.3516,3434.3516,3369.3698,3447.3882
105246000,3373.3864,2301200,26177700,4498630300,55737973000,3434.3516,3434.3516,3369.3698,3447.3882
105251000,3373.1597,2092600,26443800,4500722900,55764416800,3434.3516,3434.3516,3369.3698,3447.3882
105256000,3373.3443,2179700,25175500,4502902600,55789592300,3434.3516,3434.3516,3369.3698,3447.3882
105301000,3373.822,2086000,29625700,4504988600,55819218000,3434.3516,3434.3516,3369.3698,3447.3882
105306000,3373.6974,2230700,19879400,4507219300,55839097400,3434.3516,3434.3516,3369.3698,3447.3882
105311000,3373.6977,2284900,28143900,4509504200,55867241300,3434.3516,3434.3516,3369.3698,3447.3882
105316000,3373.7336,1829600,24395000,4511333800,55891636300,3434.3516,3434.3516,3369.3698,3447.3882
105321000,3373.8223,2445300,28074100,4513779100,55919710400,3434.3516,3434.3516,3369.3698,3447.3882
105326000,3374.14,3076300,29357000,4516855400,55949067400,3434.3516,3434.3516,3369.3698,3447.3882
105331000,3373.7109,1823400,28514200,4518678800,55977581600,3434.3516,3434.3516,3369.3698,3447.3882
105336000,3374.1713,1009100,12411300,4519687900,55989992900,3434.3516,3434.3516,3369.3698,3447.3882
105341000,3374.1601,2912000,32906300,4522599900,56022899200,3434.3516,3434.3516,3369.3698,3447.3882
105346000,3375.0701,1538800,20494300,4524138700,56043393500,3434.3516,3434.3516,3369.3698,3447.3882
105351000,3374.5456,4235400,30188700,4528374100,56073582200,3434.3516,3434.3516,3369.3698,3447.3882
105356000,3375.4048,3162000,38425100,4531536100,56112007300,3434.3516,3434.3516,3369.3698,3447.3882
105401000,3375.9063,2620500,30353100,4534156600,56142360400,3434.3516,3434.3516,3369.3698,3447.3882
105406000,3375.6353,2436100,23998700,4536592700,56166359100,3434.3516,3434.3516,3369.3698,3447.3882
105411000,3375.6409,2279200,28333500,4538871900,56194692600,3434.3516,3434.3516,3369.3698,3447.3882
105416000,3375.9802,1766600,24660500,4540638500,56219353100,3434.3516,3434.3516,3369.3698,3447.3882
105421000,3375.9767,2199500,30430000,4542838000,56249783100,3434.3516,3434.3516,3369.3698,3447.3882
105426000,3375.9861,2642300,33475200,4545480300,56283258300,3434.3516,3434.3516,3369.3698,3447.3882
105431000,3376.2267,1930200,24776900,4547410500,56308035200,3434.3516,3434.3516,3369.3698,3447.3882
105436000,3376.5125,1434600,16989400,4548845100,56325024600,3434.3516,3434.3516,3369.3698,3447.3882
105441000,3375.7083,1973300,26621600,4550818400,56351646200,3434.3516,3434.3516,3369.3698,3447.3882
105446000,3376.269,2189900,23080300,4553008300,56374726500,3434.3516,3434.3516,3369.3698,3447.3882
105451000,3376.4099,2170500,24687200,4555178800,56399413700,3434.3516,3434.3516,3369.3698,3447.3882
105456000,3376.7102,2522300,32119000,4557701100,56431532700,3434.3516,3434.3516,3369.3698,3447.3882
105501000,3378.0536,5208000,57080800,4562909100,56488613500,3434.3516,3434.3516,3369.3698,3447.3882
105506000,3379.2681,5229600,49079800,4568138700,56537693300,3434.3516,3434.3516,3369.3698,3447.3882
105511000,3379.9994,5293300,64306100,4573432000,56601999400,3434.3516,3434.3516,3369.3698,3447.3882
105516000,3381.4329,5472400,43347300,4578904400,56645346700,3434.3516,3434.3516,3369.3698,3447.3882
105521000,3381.0475,3487500,37784600,4582391900,56683131300,3434.3516,3434.3516,3369.3698,3447.3882
105526000,3382.3852,3306000,46680600,4585697900,56729811900,3434.3516,3434.3516,3369.3698,3447.3882
105531000,3383.1702,3557100,50799800,4589255000,56780611700,3434.3516,3434.3516,3369.3698,3447.3882
105536000,3383.4305,1842100,21556000,4591097100,56802167700,3434.3516,3434.3516,3369.3698,3447.3882
105541000,3383.702,3453900,40585900,4594551000,56842753600,3434.3516,3434.3516,3369.3698,3447.3882
105546000,3384.5876,3498600,36282400,4598049600,56879036000,3434.3516,3434.3516,3369.3698,3447.3882
105551000,3384.3674,3483300,32352500,4601532900,56911388500,3434.3516,3434.3516,3369.3698,3447.3882
105556000,3384.5097,3298600,44570800,4604831500,56955959300,3434.3516,3434.3516,3369.3698,3447.3882
105601000,3384.774,3393800,42821500,4608225300,56998780800,3434.3516,3434.3516,3369.3698,3447.3882
105606000,3385.0646,2163600,25137500,4610388900,57023918300,3434.3516,3434.3516,3369.3698,3447.3882
105611000,3385.2546,4190900,37814600,4614579800,57061732900,3434.3516,3434.3516,3369.3698,3447.3882
105616000,3385.677,1947400,23563800,4616527200,57085296700,3434.3516,3434.3516,3369.3698,3447.3882
105622000,3385.8582,3013000,38219200,4619540200,57123515900,3434.3516,3434.3516,3369.3698,3447.3882
105626000,3385.9535,1821700,27263100,4621361900,57150779000,3434.3516,3434.3516,3369.3698,3447.3882
105631000,3386.2269,2019100,29471800,4623381000,57180250800,3434.3516,3434.3516,3369.3698,3447.3882
105637000,3385.8289,3078700,39103200,4626459700,57219354000,3434.3516,3434.3516,3369.3698,3447.3882
105642000,3386.0896,2681700,23282800,4629141400,57242636800,3434.3516,3434.3516,3369.3698,3447.3882
105647000,3386.497,2961600,45058800,4632103000,57287695600,3434.3516,3434.3516,3369.3698,3447.3882
105652000,3386.1149,2315600,29993400,4634418600,57317689000,3434.3516,3434.3516,3369.3698,3447.3882
105657000,3386.3082,3095500,28604200,4637514100,57346293200,3434.3516,3434.3516,3369.3698,3447.3882
105702000,3386.3664,2781600,29703700,4640295700,57375996900,3434.3516,3434.3516,3369.3698,3447.3882
105707000,3386.5744,3055900,38034900,4643351600,57414031800,3434.3516,3434.3516,3369.3698,3447.3882
105712000,3386.7065,1206600,15253400,4644558200,57429285200,3434.3516,3434.3516,3369.3698,3447.3882
105717000,3386.5972,1860400,23602600,4646418600,57452887800,3434.3516,3434.3516,3369.3698,3447.3882
105722000,3386.9848,2152100,25370100,4648570700,57478257900,3434.3516,3434.3516,3369.3698,3447.3882
105727000,3386.4378,2155300,25646200,4650726000,57503904100,3434.3516,3434.3516,3369.3698,3447.3882
105732000,3386.7122,2222900,26696400,4652948900,57530600500,3434.3516,3434.3516,3369.3698,3447.3882
105737000,3386.0834,2370200,28905700,4655319100,57559506200,3434.3516,3434.3516,3369.3698,3447.3882
105742000,3385.7696,1806600,20980800,4657125700,57580487000,3434.3516,3434.3516,3369.3698,3447.3882
105747000,3385.9895,2761900,33712500,4659887600,57614199500,3434.3516,3434.3516,3369.3698,3447.3882
105752000,3385.873,1645800,19926400,4661533400,57634125900,3434.3516,3434.3516,3369.3698,3447.3882
105757000,3385.2536,2824100,30157400,4664357500,57664283300,3434.3516,3434.3516,3369.3698,3447.3882
105802000,3385.2324,2383700,30684600,4666741200,57694967900,3434.3516,3434.3516,3369.3698,3447.3882
105807000,3385.0265,2841700,28047400,4669582900,57723015300,3434.3516,3434.3516,3369.3698,3447.3882
105812000,3385.0615,1610100,17964100,4671193000,57740979400,3434.3516,3434.3516,3369.3698,3447.3882
105817000,3385.2462,1982900,26226500,4673175900,57767205900,3434.3516,3434.3516,3369.3698,3447.3882
105822000,3385.0589,3074100,21818800,4676250000,57789024700,3434.3516,3434.3516,3369.3698,3447.3882
105827000,3384.8253,1338500,16717500,4677588500,57805742200,3434.3516,3434.3516,3369.3698,3447.3882
105832000,3385.4121,1807100,24396900,4679395600,57830139100,3434.3516,3434.3516,3369.3698,3447.3882
105837000,3384.8171,2091700,27632500,4681487300,57857771600,3434.3516,3434.3516,3369.3698,3447.3882
105842000,3384.2446,1868700,19630900,4683356000,57877402500,3434.3516,3434.3516,3369.3698,3447.3882
105847000,3384.5862,1625400,23703200,4684981400,57901105700,3434.3516,3434.3516,3369.3698,3447.3882
105852000,3384.9043,1292500,15295200,4686273900,57916400900,3434.3516,3434.3516,3369.3698,3447.3882
105857000,3384.6344,1918300,20412700,4688192200,57936813600,3434.3516,3434.3516,3369.3698,3447.3882
105902000,3384.7066,1735600,18765400,4689927800,57955579000,3434.3516,3434.3516,3369.3698,3447.3882
105907000,3385.096,1582800,24242800,4691510600,57979821800,3434.3516,3434.3516,3369.3698,3447.3882
105912000,3384.2457,1377000,14233500,4692887600,57994055300,3434.3516,3434.3516,3369.3698,3447.3882
105917000,3384.6693,1557100,26368000,4694444700,58020423300,3434.3516,3434.3516,3369.3698,3447.3882
105922000,3384.486,824400,14392600,4695269100,58034815900,3434.3516,3434.3516,3369.3698,3447.3882
105927000,3384.2558,1503100,21972700,4696772200,58056788600,3434.3516,3434.3516,3369.3698,3447.3882
105932000,3384.1911,1444300,23815200,4698216500,58080603800,3434.3516,3434.3516,3369.3698,3447.3882
105937000,3384.3616,1472200,20750200,4699688700,58101354000,3434.3516,3434.3516,3369.3698,3447.3882
105942000,3384.0054,1012700,11689700,4700701400,58113043700,3434.3516,3434.3516,3369.3698,3447.3882
105947000,3384.1287,1626900,20968300,4702328300,58134012000,3434.3516,3434.3516,3369.3698,3447.3882
105952000,3384.0643,1242700,17677400,4703571000,58151689400,3434.3516,3434.3516,3369.3698,3447.3882
105957000,3383.7728,991300,14021200,4704562300,58165710600,3434.3516,3434.3516,3369.3698,3447.3882
110002000,3384.2446,1658000,23369000,4706220300,58189079600,3434.3516,3434.3516,3369.3698,3447.3882
110007000,3384.1723,1850800,30085700,4708071100,58219165300,3434.3516,3434.3516,3369.3698,3447.3882
110013000,3383.8696,1522500,20969400,4709593600,58240134700,3434.3516,3434.3516,3369.3698,3447.3882
110017000,3383.8015,1070900,15249800,4710664500,58255384500,3434.3516,3434.3516,3369.3698,3447.3882
110022000,3383.6384,1264600,14732700,4711929100,58270117200,3434.3516,3434.3516,3369.3698,3447.3882
110028000,3383.2413,1336300,19805300,4713265400,58289922500,3434.3516,3434.3516,3369.3698,3447.3882
110033000,3383.291,2008000,23582800,4715273400,58313505300,3434.3516,3434.3516,3369.3698,3447.3882
110038000,3383.1215,2131300,28690300,4717404700,58342195600,3434.3516,3434.3516,3369.3698,3447.3882
110043000,3382.144,2195900,24483800,4719600600,58366679400,3434.3516,3434.3516,3369.3698,3447.3882
110048000,3382.3772,1274900,17579000,4720875500,58384258400,3434.3516,3434.3516,3369.3698,3447.3882
110053000,3382.4024,2849600,34893700,4723725100,58419152100,3434.3516,3434.3516,3369.3698,3447.3882
110058000,3382.0119,1794900,20543700,4725520000,58439695800,3434.3516,3434.3516,3369.3698,3447.3882
110103000,3381.377,1936000,24891100,4727456000,58464586900,3434.3516,3434.3516,3369.3698,3447.3882
110108000,3381.0803,1879400,22289000,4729335400,58486875900,3434.3516,3434.3516,3369.3698,3447.3882
110113000,3381.1081,1522000,21778000,4730857400,58508653900,3434.3516,3434.3516,3369.3698,3447.3882
110118000,3380.9869,962600,15475000,4731820000,58524128900,3434.3516,3434.3516,3369.3698,3447.3882
110123000,3380.6472,1745300,28529100,4733565300,58552658000,3434.3516,3434.3516,3369.3698,3447.3882
110128000,3380.5518,1209400,22248400,4734774700,58574906400,3434.3516,3434.3516,3369.3698,3447.3882
110133000,3381.3025,1162000,18400400,4735936700,58593306800,3434.3516,3434.3516,3369.3698,3447.3882
110138000,3381.3679,1602100,20341000,4737538800,58613647800,3434.3516,3434.3516,3369.3698,3447.3882
110143000,3381.2914,1575000,20891600,4739113800,58634539400,3434.3516,3434.3516,3369.3698,3447.3882
110148000,3381.6673,970700,14256300,4740084500,58648795700,3434.3516,3434.3516,3369.3698,3447.3882
110153000,3381.5287,1426600,20531300,4741511100,58669327000,3434.3516,3434.3516,3369.3698,3447.3882
110158000,3381.1491,954200,14819600,4742465300,58684146600,3434.3516,3434.3516,3369.3698,3447.3882
110203000,3381.2363,1536500,20748600,4744001800,58704895200,3434.3516,3434.3516,3369.3698,3447.3882
110208000,3381.0562,1696200,23799200,4745698000,58728694400,3434.3516,3434.3516,3369.3698,3447.3882
110213000,3381.0791,1232600,22239400,4746930600,58750933800,3434.3516,3434.3516,3369.3698,3447.3882
110218000,3381.1223,1177000,14780500,4748107600,58765714300,3434.3516,3434.3516,3369.3698,3447.3882
110223000,3380.5646,2344700,29160000,4750452300,58794874300,3434.3516,3434.3516,3369.3698,3447.3882
110228000,3380.676,867600,15040400,4751319900,58809914700,3434.3516,3434.3516,3369.3698,3447.3882
110233000,3380.3139,1747400,23564800,4753067300,58833479500,3434.3516,3434.3516,3369.3698,3447.3882
110238000,3380.1297,2009100,19548400,4755076400,58853027900,3434.3516,3434.3516,3369.3698,3447.3882
110243000,3380.1071,1837500,26795300,4756913900,58879823200,3434.3516,3434.3516,3369.3698,3447.3882
110248000,3380.2424,1474400,20317800,4758388300,58900141000,3434.3516,3434.3516,3369.3698,3447.3882
110253000,3379.7785,1422600,19351400,4759810900,58919492400,3434.3516,3434.3516,3369.3698,3447.3882
110258000,3379.8917,1097500,15043900,4760908400,58934536300,3434.3516,3434.3516,3369.3698,3447.3882
110303000,3379.9042,921600,13624700,4761830000,58948161000,3434.3516,3434.3516,3369.3698,3447.3882
110308000,3379.6717,1588500,17571500,4763418500,58965732500,3434.3516,3434.3516,3369.3698,3447.3882
110313000,3379.6371,2588500,35186800,4766007000,59000919300,3434.3516,3434.3516,3369.3698,3447.3882
110318000,3380.0864,1788100,15494200,4767795100,59016413500,3434.3516,3434.3516,3369.3698,3447.3882
110323000,3379.5574,1269900,20793600,4769065000,59037207100,3434.3516,3434.3516,3369.3698,3447.3882
110328000,3379.4892,1203000,13925400,4770268000,59051132500,3434.3516,3434.3516,3369.3698,3447.3882
110333000,3379.6288,1223600,23065500,4771491600,59074198000,3434.3516,3434.3516,3369.3698,3447.3882
110338000,3379.3244,1658300,25605500,4773149900,59099803500,3434.3516,3434.3516,3369.3698,3447.3882
110343000,3379.3339,1274500,19052500,4774424400,59118856000,3434.3516,3434.3516,3369.3698,3447.3882
110348000,3379.1899,1025600,15841200,4775450000,59134697200,3434.3516,3434.3516,3369.3698,3447.3882
110353000,3379.1936,1611800,26050800,4777061800,59160748000,3434.3516,3434.3516,3369.3698,3447.3882
110359000,3379.1341,1365700,19576400,4778427500,59180324400,3434.3516,3434.3516,3369.3698,3447.3882
110402000,3379.3541,1712200,13687500,4780139700,59194011900,3434.3516,3434.3516,3369.3698,3447.3882
110408000,3379.1781,2332700,24434900,4782472400,59218446800,3434.3516,3434.3516,3369.3698,3447.3882
110414000,3379.1832,1365400,21900900,4783837800,59240347700,3434.3516,3434.3516,3369.3698,3447.3882
110419000,3379.1665,1253900,21091800,4785091700,59261439500,3434.3516,3434.3516,3369.3698,3447.3882
110423000,3379.1133,1011900,12099700,4786103600,59273539200,3434.3516,3434.3516,3369.3698,3447.3882
110429000,3379.1905,2133400,27041600,4788237000,59300580800,3434.3516,3434.3516,3369.3698,3447.3882
110434000,3379.4157,972300,17796400,4789209300,59318377200,3434.3516,3434.3516,3369.3698,3447.3882
110438000,3379.7402,1373500,21857400,4790582800,59340234600,3434.3516,3434.3516,3369.3698,3447.3882
110444000,3379.5284,1870300,28878600,4792453100,59369113200,3434.3516,3434.3516,3369.3698,3447.3882
110449000,3379.7978,1388300,23419900,4793841400,59392533100,3434.3516,3434.3516,3369.3698,3447.3882
110453000,3380.3554,869100,10874900,4794710500,59403408000,3434.3516,3434.3516,3369.3698,3447.3882
110459000,3379.9809,1583700,21485500,4796294200,59424893500,3434.3516,3434.3516,3369.3698,3447.3882
110504000,3380.2893,1158900,16386700,4797453100,59441280200,3434.3516,3434.3516,3369.3698,3447.3882
110508000,3380.2538,1760000,20804200,4799213100,59462084400,3434.3516,3434.3516,3369.3698,3447.3882
110514000,3380.1198,1820500,20603700,4801033600,59482688100,3434.3516,3434.3516,3369.3698,3447.3882
110519000,3380.1232,1365600,16439200,4802399200,59499127300,3434.3516,3434.3516,3369.3698,3447.3882
110523000,3380.0042,1091700,15977000,4803490900,59515104300,3434.3516,3434.3516,3369.3698,3447.3882
110529000,3379.1191,2130200,33567700,4805621100,59548672000,3434.3516,3434.3516,3369.3698,3447.3882
110534000,3378.9639,1640000,22317600,4807261100,59570989600,3434.3516,3434.3516,3369.3698,3447.3882
110538000,3379.0449,1602200,22711000,4808863300,59593700600,3434.3516,3434.3516,3369.3698,3447.3882
110544000,3378.3273,2577400,29788200,4811440700,59623488800,3434.3516,3434.3516,3369.3698,3447.3882
110549000,3377.8813,2387000,27640100,4813827700,59651128900,3434.3516,3434.3516,3369.3698,3447.3882
110553000,3377.551,2237200,23659800,4816064900,59674788700,3434.3516,3434.3516,3369.3698,3447.3882
110559000,3377.4621,2284600,31231900,4818349500,59706020600,3434.3516,3434.3516,3369.3698,3447.3882
110604000,3376.9919,1397900,20094100,4819747400,59726114700,3434.3516,3434.3516,3369.3698,3447.3882
110609000,3376.6737,1803500,31848800,4821550900,59757963500,3434.3516,3434.3516,3369.3698,3447.3882
110614000,3377.0508,1976400,29812000,4823527300,59787775500,3434.3516,3434.3516,3369.3698,3447.3882
110619000,3376.6005,2185400,25481900,4825712700,59813257400,3434.3516,3434.3516,3369.3698,3447.3882
110623000,3376.2506,1042900,14423000,4826755600,59827680400,3434.3516,3434.3516,3369.3698,3447.3882
110629000,3376.4259,1864900,21767700,4828620500,59849448100,3434.3516,3434.3516,3369.3698,3447.3882
110634000,3376.5222,3107900,26021400,4831728400,59875469500,3434.3516,3434.3516,3369.3698,3447.3882
110638000,3376.3499,1273600,17726700,4833002000,59893196200,3434.3516,3434.3516,3369.3698,3447.3882
110644000,3376.0072,2645100,31273700,4835647100,59924469900,3434.3516,3434.3516,3369.3698,3447.3882
110649000,3376.0627,1618300,26430800,4837265400,59950900700,3434.3516,3434.3516,3369.3698,3447.3882
110653000,3375.9917,1259900,14465100,4838525300,59965365800,3434.3516,3434.3516,3369.3698,3447.3882
110659000,3376.2292,2151400,31017900,4840676700,59996383700,3434.3516,3434.3516,3369.3698,3447.3882
110704000,3375.9944,1966000,18781800,4842642700,60015165500,3434.3516,3434.3516,3369.3698,3447.3882
110709000,3375.8225,2144300,23519900,4844787000,60038685400,3434.3516,3434.3516,3369.3698,3447.3882
110714000,3375.9734,2098500,28721700,4846885500,60067407100,3434.3516,3434.3516,3369.3698,3447.3882
110719000,3375.8573,1687400,21180500,4848572900,60088587600,3434.3516,3434.3516,3369.3698,3447.3882
110723000,3375.4166,1512700,14530100,4850085600,60103117700,3434.3516,3434.3516,3369.3698,3447.3882
110729000,3375.6903,1694400,22983600,4851780000,60126101300,3434.3516,3434.3516,3369.3698,3447.3882
110734000,3375.9861,981100,13410400,4852761100,60139511700,3434.3516,3434.3516,3369.3698,3447.3882
110738000,3375.4477,1305900,16767100,4854067000,60156278800,3434.3516,3434.3516,3369.3698,3447.3882
110744000,3375.5061,1523900,21663900,4855590900,60177942700,3434.3516,3434.3516,3369.3698,3447.3882
110749000,3375.136,2150500,32786400,4857741400,60210729100,3434.3516,3434.3516,3369.3698,3447.3882
110755000,3374.9782,1862700,25187900,4859604100,60235917000,3434.3516,3434.3516,3369.3698,3447.3882
110759000,3374.7499,1258300,16670700,4860862400,60252587700,3434.3516,3434.3516,3369.3698,3447.3882
110805000,3375.0549,1764100,23417400,4862626500,60276005100,3434.3516,3434.3516,3369.3698,3447.3882
110810000,3375.1531,1655500,19560400,4864282000,60295565500,3434.3516,3434.3516,3369.3698,3447.3882
110814000,3375.3805,1439600,18176800,4865721600,60313742300,3434.3516,3434.3516,3369.3698,3447.3882
110820000,3375.0431,1854800,26756000,4867576400,60340498300,3434.3516,3434.3516,3369.3698,3447.3882
110825000,3374.9866,1938400,18710200,4869514800,60359208500,3434.3516,3434.3516,3369.3698,3447.3882
110829000,3375.2582,923000,10446600,4870437800,60369655100,3434.3516,3434.3516,3369.3698,3447.3882
110835000,3374.7138,1545700,22163500,4871983500,60391818600,3434.3516,3434.3516,3369.3698,3447.3882
110840000,3374.5775,1140900,14459000,4873124400,60406277600,3434.3516,3434.3516,3369.3698,3447.3882
110844000,3374.4853,1116100,14615300,4874240500,60420892900,3434.3516,3434.3516,3369.3698,3447.3882
110850000,3374.2262,1991700,28866900,4876232200,60449759800,3434.3516,3434.3516,3369.3698,3447.3882
110855000,3374.4649,1692100,20091400,4877924300,60469851200,3434.3516,3434.3516,3369.3698,3447.3882
110859000,3374.3015,1681400,15150700,4879605700,60485001900,3434.3516,3434.3516,3369.3698,3447.3882
110905000,3374.1746,2286800,24122300,4881892500,60509124200,3434.3516,3434.3516,3369.3698,3447.3882
110910000,3373.9286,1347200,15767500,4883239700,60524891700,3434.3516,3434.3516,3369.3698,3447.3882
110914000,3373.9348,1504700,21854300,4884744400,60546746000,3434.3516,3434.3516,3369.3698,3447.3882
110920000,3374.0729,1979100,29296600,4886723500,60576042600,3434.3516,3434.3516,3369.3698,3447.3882
110925000,3373.7924,1673800,21510600,4888397300,60597553200,3434.3516,3434.3516,3369.3698,3447.3882
110929000,3373.9366,1715700,18180100,4890113000,60615733300,3434.3516,3434.3516,3369.3698,3447.3882
110935000,3374.2948,1744000,29868800,4891857000,60645602100,3434.3516,3434.3516,3369.3698,3447.3882
110940000,3374.6418,1322100,18531300,4893179100,60664133400,3434.3516,3434.3516,3369.3698,3447.3882
110945000,3374.7416,2233100,28870000,4895412200,60693003400,3434.3516,3434.3516,3369.3698,3447.3882
110950000,3375.91,3547700,41014700,4898959900,60734018100,3434.3516,3434.3516,3369.3698,3447.3882
110955000,3376.0961,2332600,32749000,4901292500,60766767100,3434.3516,3434.3516,3369.3698,3447.3882
110959000,3375.9713,1343500,18831300,4902636000,60785598400,3434.3516,3434.3516,3369.3698,3447.3882
111005000,3376.0725,2005400,29957900,4904641400,60815556300,3434.3516,3434.3516,3369.3698,3447.3882
111010000,3375.6145,2362200,29881600,4907003600,60845437900,3434.3516,3434.3516,3369.3698,3447.3882
111014000,3375.8997,1260200,18196800,4908263800,60863634700,3434.3516,3434.3516,3369.3698,3447.3882
111020000,3375.5286,2395800,24116100,4910659600,60887750800,3434.3516,3434.3516,3369.3698,3447.3882
111025000,3375.4974,1786100,26323200,4912445700,60914074000,3434.3516,3434.3516,3369.3698,3447.3882
111029000,3375.6091,1113200,13694800,4913558900,60927768800,3434.3516,3434.3516,3369.3698,3447.3882
111035000,3375.8229,1958700,23425400,4915517600,60951194200,3434.3516,3434.3516,3369.3698,3447.3882
111040000,3375.4393,1316400,17446700,4916834000,60968640900,3434.3516,3434.3516,3369.3698,3447.3882
111044000,3375.4769,1387000,16944100,4918221000,60985585000,3434.3516,3434.3516,3369.3698,3447.3882
111050000,3375.7181,1394500,18882800,4919615500,61004467800,3434.3516,3434.3516,3369.3698,3447.3882
111055000,3375.0684,1255800,20509100,4920871300,61024976900,3434.3516,3434.3516,3369.3698,3447.3882
111059000,3374.9782,988700,11827900,4921860000,61036804800,3434.3516,3434.3516,3369.3698,3447.3882
111105000,3375.058,2062400,29072900,4923922400,61065877700,3434.3516,3434.3516,3369.3698,3447.3882
111110000,3375.026,1673100,21649300,4925595500,61087527000,3434.3516,3434.3516,3369.3698,3447.3882
111114000,3375.4219,1251900,14859100,4926847400,61102386100,3434.3516,3434.3516,3369.3698,3447.3882
111120000,3375.2882,2296400,25383600,4929143800,61127769700,3434.3516,3434.3516,3369.3698,3447.3882
111125000,3374.892,1524000,22111400,4930667800,61149881100,3434.3516,3434.3516,3369.3698,3447.3882
111129000,3374.7418,1215500,12705600,4931883300,61162586700,3434.3516,3434.3516,3369.3698,3447.3882
111135000,3374.9876,1782000,22409700,4933665300,61184996400,3434.3516,3434.3516,3369.3698,3447.3882
111140000,3374.8996,1094200,14455800,4934759500,61199452200,3434.3516,3434.3516,3369.3698,3447.3882
111145000,3374.4477,1376500,18902300,4936136000,61218354500,3434.3516,3434.3516,3369.3698,3447.3882
111150000,3374.505,1700600,21713300,4937836600,61240067800,3434.3516,3434.3516,3369.3698,3447.3882
111156000,3374.6703,1362600,18982800,4939199200,61259050600,3434.3516,3434.3516,3369.3698,3447.3882
111201000,3374.4642,1648000,20296400,4940847200,61279347000,3434.3516,3434.3516,3369.3698,3447.3882
111205000,3374.6675,1008500,11349700,4941855700,61290696700,3434.3516,3434.3516,3369.3698,3447.3882
111211000,3374.2091,1754800,21737100,4943610500,61312433800,3434.3516,3434.3516,3369.3698,3447.3882
111216000,3374.5512,1371900,20768500,4944982400,61333202300,3434.3516,3434.3516,3369.3698,3447.3882
111221000,3374.2108,1319900,15448000,4946302300,61348650300,3434.3516,3434.3516,3369.3698,3447.3882
111226000,3374.2753,2170300,24424700,4948472600,61373075000,3434.3516,3434.3516,3369.3698,3447.3882
111231000,3373.8364,1264500,18695500,4949737100,61391770500,3434.3516,3434.3516,3369.3698,3447.3882
111235000,3373.8453,953600,11343000,4950690700,61403113500,3434.3516,3434.3516,3369.3698,3447.3882
111241000,3373.8267,1980000,27591200,4952670700,61430704700,3434.3516,3434.3516,3369.3698,3447.3882
111246000,3373.4127,1269400,15568300,4953940100,61446273000,3434.3516,3434.3516,3369.3698,3447.3882
111250000,3373.5348,1409900,18198100,4955350000,61464471100,3434.3516,3434.3516,3369.3698,3447.3882
111256000,3373.1803,1870800,20909700,4957220800,61485380800,3434.3516,3434.3516,3369.3698,3447.3882
111301000,3373.3165,2400600,28151800,4959621400,61513532600,3434.3516,3434.3516,3369.3698,3447.3882
111305000,3373.4245,1251900,14181600,4960873300,61527714200,3434.3516,3434.3516,3369.3698,3447.3882
111311000,3372.9899,1560100,24456000,4962433400,61552170200,3434.3516,3434.3516,3369.3698,3447.3882
111316000,3372.9552,1067300,14230000,4963500700,61566400200,3434.3516,3434.3516,3369.3698,3447.3882
111321000,3373.336,1367700,15775200,4964868400,61582175400,3434.3516,3434.3516,3369.3698,3447.3882
111326000,3372.9918,2855000,31023500,4967723400,61613198900,3434.3516,3434.3516,3369.3698,3447.3882
111331000,3372.8811,1247500,19111300,4968970900,61632310200,3434.3516,3434.3516,3369.3698,3447.3882
111335000,3373.005,987500,10808300,4969958400,61643118500,3434.3516,3434.3516,3369.3698,3447.3882
111341000,3372.9201,2001600,20062800,4971960000,61663181300,3434.3516,3434.3516,3369.3698,3447.3882
111346000,3372.7375,1270800,16605000,4973230800,61679786300,3434.3516,3434.3516,3369.3698,3447.3882
111350000,3372.882,1619600,21850500,4974850400,61701636800,3434.3516,3434.3516,3369.3698,3447.3882
111356000,3372.4485,1263100,16879400,4976113500,61718516200,3434.3516,3434.3516,3369.3698,3447.3882
111401000,3372.3504,1779300,26016100,4977892800,61744532300,3434.3516,3434.3516,3369.3698,3447.3882
111405000,3372.6186,1329500,14874200,4979222300,61759406500,3434.3516,3434.3516,3369.3698,3447.3882
111411000,3372.4667,2705000,33861800,4981927300,61793268300,3434.3516,3434.3516,3369.3698,3447.3882
111416000,3372.557,1481800,19943700,4983409100,61813212000,3434.3516,3434.3516,3369.3698,3447.3882
111421000,3372.3297,1710800,20995700,4985119900,61834207700,3434.3516,3434.3516,3369.3698,3447.3882
111426000,3371.8933,2451400,31693400,4987571300,61865901100,3434.3516,3434.3516,3369.3698,3447.3882
111431000,3372.0261,1465300,22047100,4989036600,61887948200,3434.3516,3434.3516,3369.3698,3447.3882
111435000,3372.0606,1129400,10898300,4990166000,61898846500,3434.3516,3434.3516,3369.3698,3447.3882
111441000,3372.103,1961900,23586300,4992127900,61922432800,3434.3516,3434.3516,3369.3698,3447.3882
111446000,3371.8783,2095500,24534000,4994223400,61946966800,3434.3516,3434.3516,3369.3698,3447.3882
111451000,3371.5859,1233400,17679500,4995456800,61964646300,3434.3516,3434.3516,3369.3698,3447.3882
111456000,3371.8664,1941600,25686300,4997398400,61990332600,3434.3516,3434.3516,3369.3698,3447.3882
111501000,3371.4961,1474600,21245700,4998873000,62011578300,3434.3516,3434.3516,3369.3698,3447.3882
111505000,3371.6805,1324400,14626300,5000197400,62026204600,3434.3516,3434.3516,3369.3698,3447.3882
111511000,3371.6109,1534200,26897600,5001731600,62053102200,3434.3516,3434.3516,3369.3698,3447.3882
111516000,3371.4183,1307500,17526900,5003039100,62070629100,3434.3516,3434.3516,3369.3698,3447.3882
111520000,3371.7989,1589200,22094500,5004628300,62092723600,3434.3516,3434.3516,3369.3698,3447.3882
111526000,3371.2374,1955200,28098200,5006583500,62120821800,3434.3516,3434.3516,3369.3698,3447.3882
111532000,3371.1964,1721900,22383300,5008305400,62143205100,3434.3516,3434.3516,3369.3698,3447.3882
111535000,3371.234,1124400,14581000,5009429800,62157786100,3434.3516,3434.3516,3369.3698,3447.3882
111541000,3371.1124,2314700,36790100,5011744500,62194576200,3434.3516,3434.3516,3369.3698,3447.3882
111547000,3370.8431,2469900,30584100,5014214400,62225160300,3434.3516,3434.3516,3369.3698,3447.3882
111552000,3371.3821,1692000,21104100,5015906400,62246264400,3434.3516,3434.3516,3369.3698,3447.3882
111557000,3370.8013,1759100,33276700,5017665500,62279541100,3434.3516,3434.3516,3369.3698,3447.3882
111602000,3370.7398,2124900,31175000,5019790400,62310716100,3434.3516,3434.3516,3369.3698,3447.3882
111607000,3370.6245,2232300,26889100,5022022700,62337605200,3434.3516,3434.3516,3369.3698,3447.3882
111611000,3370.6759,1198800,12564200,5023221500,62350169400,3434.3516,3434.3516,3369.3698,3447.3882
111617000,3370.7426,2082800,26247000,5025304300,62376416400,3434.3516,3434.3516,3369.3698,3447.3882
111622000,3370.5815,2161400,20252100,5027465700,62396668500,3434.3516,3434.3516,3369.3698,3447.3882
111627000,3370.4627,2018300,25512500,5029484000,62422181000,3434.3516,3434.3516,3369.3698,3447.3882
111632000,3370.1925,2662200,32272200,5032146200,62454453200,3434.3516,3434.3516,3369.3698,3447.3882
111637000,3370.218,2482300,30333100,5034628500,62484786300,3434.3516,3434.3516,3369.3698,3447.3882
111641000,3370.1516,1102300,16494100,5035730800,62501280400,3434.3516,3434.3516,3369.3698,3447.3882
111647000,3369.9501,2474500,47742200,5038205300,62549022600,3434.3516,3434.3516,3369.3698,3447.3882
111652000,3369.8718,2549800,23046600,5040755100,62572069200,3434.3516,3434.3516,3369.3698,3447.3882
111656000,3369.624,2127200,25811300,5042882300,62597880500,3434.3516,3434.3516,3369.3698,3447.3882
111702000,3369.6875,2696800,44084200,5045579100,62641964700,3434.3516,3434.3516,3369.3469,3447.3882
111707000,3369.403,2608700,29408400,5048187800,62671373100,3434.3516,3434.3516,3369.3469,3447.3882
111711000,3369.2595,1717200,17589900,5049905000,62688963000,3434.3516,3434.3516,3369.2595,3447.3882
111717000,3370.0123,2532900,31778300,5052437900,62720741300,3434.3516,3434.3516,3369.2595,3447.3882
111722000,3369.652,1649600,25517200,5054087500,62746258500,3434.3516,3434.3516,3369.2595,3447.3882
111726000,3369.9222,1869100,22495100,5055956600,62768753600,3434.3516,3434.3516,3369.2595,3447.3882
111732000,3371.1555,3124200,44967400,5059080800,62813721000,3434.3516,3434.3516,3369.2595,3447.3882
111737000,3371.1705,2405700,34794800,5061486500,62848515800,3434.3516,3434.3516,3369.2595,3447.3882
111741000,3371.2036,2377400,54104700,5063863900,62902620500,3434.3516,3434.3516,3369.2595,3447.3882
111747000,3372.0897,3303800,47942100,5067167700,62950562600,3434.3516,3434.3516,3369.2595,3447.3882
111752000,3373.02,4148200,44971200,5071315900,62995533800,3434.3516,3434.3516,3369.2595,3447.3882
111756000,3373.4356,4736500,44856500,5076052400,63040390300,3434.3516,3434.3516,3369.2595,3447.3882
111802000,3373.7638,4939700,56765000,5080992100,63097155300,3434.3516,3434.3516,3369.2595,3447.3882
111807000,3373.4538,2983700,38149500,5083975800,63135304800,3434.3516,3434.3516,3369.2595,3447.3882
111811000,3373.9729,2544100,26556700,5086519900,63161861500,3434.3516,3434.3516,3369.2595,3447.3882
111817000,3373.4765,2599600,32268400,5089119500,63194129900,3434.3516,3434.3516,3369.2595,3447.3882
111822000,3373.6911,1500600,22365000,5090620100,63216494900,3434.3516,3434.3516,3369.2595,3447.3882
111827000,3373.5904,3065500,36808800,5093685600,63253303700,3434.3516,3434.3516,3369.2595,3447.3882
111832000,3373.632,3297200,33100900,5096982800,63286404600,3434.3516,3434.3516,3369.2595,3447.3882
111837000,3373.7842,1744200,24933400,5098727000,63311338000,3434.3516,3434.3516,3369.2595,3447.3882
111841000,3373.8314,2047100,16269900,5100774100,63327607900,3434.3516,3434.3516,3369.2595,3447.3882
111847000,3373.6741,2005700,30193900,5102779800,63357801800,3434.3516,3434.3516,3369.2595,3447.3882
111852000,3373.7103,1057000,15924500,5103836800,63373726300,3434.3516,3434.3516,3369.2595,3447.3882
111857000,3373.8285,1745500,19379200,5105582300,63393105500,3434.3516,3434.3516,3369.2595,3447.3882
111902000,3373.6528,1718200,24581300,5107300500,63417686800,3434.3516,3434.3516,3369.2595,3447.3882
111907000,3373.8984,1723300,21979900,5109023800,63439666700,3434.3516,3434.3516,3369.2595,3447.3882
111911000,3373.6348,798900,9449200,5109822700,63449115900,3434.3516,3434.3516,3369.2595,3447.3882
111917000,3373.2998,1452300,19141000,5111275000,63468256900,3434.3516,3434.3516,3369.2595,3447.3882
111922000,3373.072,1389900,16604200,5112664900,63484861100,3434.3516,3434.3516,3369.2595,3447.3882
111928000,3372.5566,1538500,20178200,5114203400,63505039300,3434.3516,3434.3516,3369.2595,3447.3882
111932000,3372.6604,1521500,17202000,5115724900,63522241300,3434.3516,3434.3516,3369.2595,3447.3882
111938000,3373.0657,1705500,28586300,5117430400,63550827600,3434.3516,3434.3516,3369.2595,3447.3882
111943000,3372.1762,1957100,26693600,5119387500,63577521200,3434.3516,3434.3516,3369.2595,3447.3882
111947000,3371.0519,2800700,30793100,5122188200,63608314300,3434.3516,3434.3516,3369.2595,3447.3882
111953000,3370.2371,5059200,52139700,5127247400,63660454000,3434.3516,3434.3516,3369.2595,3447.3882
111958000,3368.9729,2215600,31014300,5129463000,63691468300,3434.3516,3434.3516,3368.815,3447.3882
112002000,3368.8121,2761000,42080700,5132224000,63733549000,3434.3516,3434.3516,3368.8121,3447.3882
112008000,3368.6035,3240200,44594800,5135464200,63778143800,3434.3516,3434.3516,3368.6035,3447.3882
112013000,3368.2374,2308300,38643900,5137772500,63816787700,3434.3516,3434.3516,3368.2374,3447.3882
112017000,3367.972,2107400,24140000,5139879900,63840927700,3434.3516,3434.3516,3367.972,3447.3882
112023000,3367.9849,3264000,39860000,5143143900,63880787700,3434.3516,3434.3516,3367.972,3447.3882
112028000,3368.3429,1896600,34118800,5145040500,63914906500,3434.3516,3434.3516,3367.972,3447.3882
112033000,3368.0981,2951600,52618500,5147992100,63967525000,3434.3516,3434.3516,3367.972,3447.3882
112038000,3368.1897,2869800,43639500,5150861900,64011164500,3434.3516,3434.3516,3367.972,3447.3882
112043000,3368.5649,2096800,37554500,5152958700,64048719000,3434.3516,3434.3516,3367.972,3447.3882
112047000,3367.8567,1365000,19869500,5154323700,64068588500,3434.3516,3434.3516,3367.8567,3447.3882
112053000,3368.0223,1856500,26456800,5156180200,64095045300,3434.3516,3434.3516,3367.8567,3447.3882
112058000,3367.9924,1176000,18131100,5157356200,64113176400,3434.3516,3434.3516,3367.8567,3447.3882
112102000,3367.7281,2128200,27734000,5159484400,64140910400,3434.3516,3434.3516,3367.7281,3447.3882
112108000,3367.6968,2250700,32134400,5161735100,64173044800,3434.3516,3434.3516,3367.4108,3447.3882
112113000,3367.3971,1995800,28420200,5163730900,64201465000,3434.3516,3434.3516,3367.3971,3447.3882
112117000,3367.3333,1209300,14100300,5164940200,64215565300,3434.3516,3434.3516,3367.2571,3447.3882
112123000,3367.5386,2129600,28549900,5167069800,64244115200,3434.3516,3434.3516,3367.2571,3447.3882
112128000,3367.4492,2316100,29979800,5169385900,64274095000,3434.3516,3434.3516,3367.2571,3447.3882
112132000,3367.431,2574600,27257100,5171960500,64301352100,3434.3516,3434.3516,3367.2571,3447.3882
112138000,3367.4835,2720900,34469500,5174681400,64335821600,3434.3516,3434.3516,3367.2571,3447.3882
112143000,3366.9436,1631500,32451600,5176312900,64368273200,3434.3516,3434.3516,3366.9436,3447.3882
112147000,3367.0584,3544700,27525900,5179857600,64395799100,3434.3516,3434.3516,3366.9436,3447.3882
112153000,3366.9535,4001900,41499600,5183859500,64437298700,3434.3516,3434.3516,3366.8259,3447.3882
112158000,3366.624,1602000,20474800,5185461500,64457773500,3434.3516,3434.3516,3366.624,3447.3882
112202000,3366.2274,2604300,27809000,5188065800,64485582500,3434.3516,3434.3516,3366.2274,3447.3882
112208000,3366.3561,3535400,35317300,5191601200,64520899800,3434.3516,3434.3516,3366.2274,3447.3882
112213000,3365.8464,2518100,35388200,5194119300,64556288000,3434.3516,3434.3516,3365.8148,3447.3882
112217000,3365.9782,1185100,14144700,5195304400,64570432700,3434.3516,3434.3516,3365.8148,3447.3882
112223000,3366.3858,4386100,42323700,5199690500,64612756400,3434.3516,3434.3516,3365.8148,3447.3882
112228000,3365.7377,2097900,25050900,5201788400,64637807300,3434.3516,3434.3516,3365.7377,3447.3882
112233000,3365.2907,2684900,33163500,5204473300,64670970800,3434.3516,3434.3516,3365.2907,3447.3882
112238000,3365.3037,3914300,43119900,5208387600,64714090700,3434.3516,3434.3516,3365.2907,3447.3882
112243000,3364.4109,2934400,43699900,5211322000,64757790600,3434.3516,3434.3516,3364.3788,3447.3882
112247000,3364.1509,4440100,39329200,5215762100,64797119800,3434.3516,3434.3516,3364.1203,3447.3882
112253000,3364.5086,5548800,59222900,5221310900,64856342700,3434.3516,3434.3516,3364.1203,3447.3882
112258000,3363.5884,4389000,41810600,5225699900,64898153300,3434.3516,3434.3516,3363.5884,3447.3882
112302000,3363.2445,4155900,49278900,5229855800,64947432200,3434.3516,3434.3516,3363.2445,3447.3882
112308000,3362.5204,4225300,105827200,5234081100,65053259400,3434.3516,3434.3516,3362.5204,3447.3882
112314000,3362.5692,5293600,56384300,5239374700,65109643700,3434.3516,3434.3516,3362.5118,3447.3882
112319000,3362.2405,4293200,44073800,5243667900,65153717500,3434.3516,3434.3516,3362.2405,3447.3882
112323000,3362.312,2878400,31107500,5246546300,65184825000,3434.3516,3434.3516,3362.1083,3447.3882
112329000,3361.5508,4387400,50156300,5250933700,65234981300,3434.3516,3434.3516,3361.4299,3447.3882
112334000,3361.2457,4919600,53917300,5255853300,65288898600,3434.3516,3434.3516,3361.2457,3447.3882
112338000,3361.5205,4557800,46002500,5260411100,65334901100,3434.3516,3434.3516,3361.2457,3447.3882
112344000,3360.8858,3583000,45154400,5263994100,65380055500,3434.3516,3434.3516,3360.858,3447.3882
112349000,3360.0042,3843900,48567000,5267838000,65428622500,3434.3516,3434.3516,3360.0042,3447.3882
112353000,3360.6732,3406800,35944900,5271244800,65464567400,3434.3516,3434.3516,3360.0042,3447.3882
112359000,3360.1701,4648200,51814500,5275893000,65516381900,3434.3516,3434.3516,3360.0042,3447.3882
112404000,3359.8684,3844400,40570100,5279737400,65556952000,3434.3516,3434.3516,3359.8684,3447.3882
112408000,3359.5036,3439400,36642100,5283176800,65593594100,3434.3516,3434.3516,3359.5036,3447.3882
112414000,3359.6108,3460000,42004800,5286636800,65635598900,3434.3516,3434.3516,3359.5036,3447.3882
112419000,3359.0502,5764900,58980300,5292401700,65694579200,3434.3516,3434.3516,3359.0136,3447.3882
112423000,3359.4815,2577900,30276700,5294979600,65724855900,3434.3516,3434.3516,3359.0136,3447.3882
112429000,3359.0594,4398300,44984500,5299377900,65769840400,3434.3516,3434.3516,3359.0136,3447.3882
112434000,3358.555,5432700,55847000,5304810600,65825687400,3434.3516,3434.3516,3358.555,3447.3882
112438000,3359.1116,2899700,37083600,5307710300,65862771000,3434.3516,3434.3516,3358.5191,3447.3882
112444000,3358.7974,4654800,50527900,5312365100,65913298900,3434.3516,3434.3516,3358.5191,3447.3882
112449000,3358.419,3544800,47453600,5315909900,65960752500,3434.3516,3434.3516,3358.2473,3447.3882
112453000,3358.6223,2198800,25847600,5318108700,65986600100,3434.3516,3434.3516,3358.2238,3447.3882
112459000,3358.8144,4366600,55395600,5322475300,66041995700,3434.3516,3434.3516,3358.2238,3447.3882
112504000,3358.7507,2430200,39072300,5324905500,66081068000,3434.3516,3434.3516,3358.2238,3447.3882
112509000,3358.9076,3280200,39665700,5328185700,66120733700,3434.3516,3434.3516,3358.2238,3447.3882
112514000,3358.5049,4203100,54310000,5332388800,66175043700,3434.3516,3434.3516,3358.2238,3447.3882
112519000,3358.2746,4623200,48684300,5337012000,66223728000,3434.3516,3434.3516,3358.2238,3447.3882
112523000,3358.6031,2075900,25781800,5339087900,66249509800,3434.3516,3434.3516,3358.2238,3447.3882
112529000,3358.6034,3716500,61202200,5342804400,66310712000,3434.3516,3434.3516,3358.1022,3447.3882
112534000,3358.2179,2595700,31888700,5345400100,66342600700,3434.3516,3434.3516,3358.0666,3447.3882
112539000,3358.1784,3186200,38239900,5348586300,66380840600,3434.3516,3434.3516,3358.0666,3447.3882
112544000,3357.8565,3620900,44998800,5352207200,66425839400,3434.3516,3434.3516,3357.8565,3447.3882
112549000,3357.3916,3391100,46414400,5355598300,66472253800,3434.3516,3434.3516,3357.3369,3447.3882
112553000,3357.7855,1730600,21688000,5357328900,66493941800,3434.3516,3434.3516,3357.3369,3447.3882
112559000,3356.6111,3954800,49734200,5361283700,66543676000,3434.3516,3434.3516,3356.5598,3447.3882
112604000,3356.8641,2819600,33449900,5364103300,66577125900,3434.3516,3434.3516,3356.5598,3447.3882
112608000,3357.2449,3604300,46228300,5367707600,66623354200,3434.3516,3434.3516,3356.5598,3447.3882
112614000,3356.9798,4527200,44645900,5372234800,66668000100,3434.3516,3434.3516,3356.5598,3447.3882
112619000,3358.1469,5211200,61804600,5377446000,66729804700,3434.3516,3434.3516,3356.5598,3447.3882
112623000,3357.7337,4448500,40668600,5381894500,66770473300,3434.3516,3434.3516,3356.5598,3447.3882
112629000,3357.874,4151500,53677200,5386046000,66824150500,3434.3516,3434.3516,3356.5598,3447.3882
112634000,3357.733,2526800,29445400,5388572800,66853595900,3434.3516,3434.3516,3356.5598,3447.3882
112638000,3358.0302,1954200,27527100,5390527000,66881123000,3434.3516,3434.3516,3356.5598,3447.3882
112644000,3358.1269,3357000,49346800,5393884000,66930469800,3434.3516,3434.3516,3356.5598,3447.3882
112649000,3358.3136,3015200,50293900,5396899200,66980763700,3434.3516,3434.3516,3356.5598,3447.3882
112653000,3358.5588,1738400,19818800,5398637600,67000582500,3434.3516,3434.3516,3356.5598,3447.3882
112659000,3358.1506,3016800,40534300,5401654400,67041116800,3434.3516,3434.3516,3356.5598,3447.3882
112705000,3357.9223,2216200,30798300,5403870600,67071915100,3434.3516,3434.3516,3356.5598,3447.3882
112708000,3358.3345,2246800,29225300,5406117400,67101140400,3434.3516,3434.3516,3356.5598,3447.3882
112714000,3357.9493,3095500,40356900,5409212900,67141497300,3434.3516,3434.3516,3356.5598,3447.3882
112720000,3358.3739,3617600,41431600,5412830500,67182928900,3434.3516,3434.3516,3356.5598,3447.3882
112725000,3357.9853,2648200,33744500,5415478700,67216673400,3434.3516,3434.3516,3356.5598,3447.3882
112729000,3358.0733,1582200,21349900,5417060900,67238023300,3434.3516,3434.3516,3356.5598,3447.3882
112735000,3358.2555,3129300,36473600,5420190200,67274496900,3434.3516,3434.3516,3356.5598,3447.3882
112740000,3358.279,1641800,23249500,5421832000,67297746400,3434.3516,3434.3516,3356.5598,3447.3882
112744000,3357.8467,2246300,27899200,5424078300,67325645600,3434.3516,3434.3516,3356.5598,3447.3882
112750000,3357.9859,2873500,31768700,5426951800,67357414300,3434.3516,3434.3516,3356.5598,3447.3882
112755000,3358.1771,2446500,32907000,5429398300,67390321300,3434.3516,3434.3516,3356.5598,3447.3882
112759000,3358.0651,1583900,15869100,5430982200,67406190400,3434.3516,3434.3516,3356.5598,3447.3882
112805000,3358.0172,2572600,30456700,5433554800,67436647100,3434.3516,3434.3516,3356.5598,3447.3882
112810000,3358.2282,1645300,20257200,5435200100,67456904300,3434.3516,3434.3516,3356.5598,3447.3882
112815000,3357.8676,2727800,27503100,5437927900,67484407400,3434.3516,3434.3516,3356.5598,3447.3882
112820000,3357.8881,3941000,37602800,5441868900,67522010200,3434.3516,3434.3516,3356.5598,3447.3882
112825000,3358.0884,2665900,40019800,5444534800,67562030000,3434.3516,3434.3516,3356.5598,3447.3882
112829000,3358.1313,1510000,19353400,5446044800,67581383400,3434.3516,3434.3516,3356.5598,3447.3882
112835000,3357.479,3254600,35969600,5449299400,67617353000,3434.3516,3434.3516,3356.5598,3447.3882
112840000,3357.8964,2617000,29845900,5451916400,67647198900,3434.3516,3434.3516,3356.5598,3447.3882
112845000,3357.4468,3674900,31840300,5455591300,67679039200,3434.3516,3434.3516,3356.5598,3447.3882
112850000,3357.6863,2404900,30260700,5457996200,67709299900,3434.3516,3434.3516,3356.5598,3447.3882
112855000,3357.8417,2139700,32763100,5460135900,67742063000,3434.3516,3434.3516,3356.5598,3447.3882
112859000,3357.7823,1622600,17814200,5461758500,67759877200,3434.3516,3434.3516,3356.5598,3447.3882
112905000,3357.4405,2541300,31138700,5464299800,67791015900,3434.3516,3434.3516,3356.5598,3447.3882
112910000,3357.2993,2151200,30102000,5466451000,67821117900,3434.3516,3434.3516,3356.5598,3447.3882
112915000,3357.229,1839600,23071200,5468290600,67844189100,3434.3516,3434.3516,3356.5598,3447.3882
112920000,3357.2863,2452600,29038800,5470743200,67873227900,3434.3516,3434.3516,3356.5598,3447.3882
112925000,3357.5159,2424400,30251400,5473167600,67903479300,3434.3516,3434.3516,3356.5598,3447.3882
112929000,3356.9529,1531600,19480300,5474699200,67922959600,3434.3516,3434.3516,3356.5598,3447.3882
112935000,3357.3596,2511500,35698200,5477210700,67958657800,3434.3516,3434.3516,3356.5598,3447.3882
112940000,3357.401,1713400,20155500,5478924100,67978813300,3434.3516,3434.3516,3356.5598,3447.3882
112945000,3356.8761,1769500,26917100,5480693600,68005730400,3434.3516,3434.3516,3356.5598,3447.3882
112950000,3356.793,1991800,28988700,5482685400,68034719100,3434.3516,3434.3516,3356.5598,3447.3882
112955000,3357.2297,2110400,29234800,5484795800,68063953900,3434.3516,3434.3516,3356.5598,3447.3882
112959000,3357.1523,805100,11773700,5485600900,68075727600,3434.3516,3434.3516,3356.5598,3447.3882
113003000,3357.0857,865300,11710900,5486466200,68087438500,3434.3516,3434.3516,3356.5598,3447.3882
130002000,3356.2022,29245500,303518500,5515711700,68390957000,3434.3516,3434.3516,3356.2022,3447.3882
130008000,3354.412,52465900,574745800,5568177600,68965702800,3434.3516,3434.3516,3354.412,3447.3882
130013000,3353.7121,5067700,116869500,5573245300,69082572300,3434.3516,3434.3516,3353.7121,3447.3882
130017000,3353.7991,1953500,32057700,5575198800,69114630000,3434.3516,3434.3516,3353.7121,3447.3882
130023000,3353.5864,2439200,37325000,5577638000,69151955000,3434.3516,3434.3516,3353.4596,3447.3882
130028000,3352.7589,1423100,23933600,5579061100,69175888600,3434.3516,3434.3516,3352.7589,3447.3882
130032000,3352.7254,2515200,42140300,5581576300,69218028900,3434.3516,3434.3516,3352.4734,3447.3882
130038000,3353.4014,3151800,48375500,5584728100,69266404400,3434.3516,3434.3516,3352.3609,3447.3882
130043000,3353.5787,4017800,60279500,5588745900,69326683900,3434.3516,3434.3516,3352.3609,3447.3882
130047000,3353.8262,3351700,44544500,5592097600,69371228400,3434.3516,3434.3516,3352.3609,3447.3882
130053000,3354.2954,5342400,73034500,5597440000,69444262900,3434.3516,3434.3516,3352.3609,3447.3882
130058000,3354.4191,2140900,32282200,5599580900,69476545100,3434.3516,3434.3516,3352.3609,3447.3882
130102000,3354.7029,2775400,32366200,5602356300,69508911300,3434.3516,3434.3516,3352.3609,3447.3882
130108000,3354.1875,3041500,39644200,5605397800,69548555500,3434.3516,3434.3516,3352.3609,3447.3882
130113000,3353.7174,4350800,42553100,5609748600,69591108600,3434.3516,3434.3516,3352.3609,3447.3882
130117000,3354.1607,1514100,23744800,5611262700,69614853400,3434.3516,3434.3516,3352.3609,3447.3882
130123000,3354.0701,4042300,41541900,5615305000,69656395300,3434.3516,3434.3516,3352.3609,3447.3882
130128000,3353.4629,2293300,26006800,5617598300,69682402100,3434.3516,3434.3516,3352.3609,3447.3882
130132000,3353.2385,1471700,25460700,5619070000,69707862800,3434.3516,3434.3516,3352.3609,3447.3882
130138000,3352.9011,3025100,37861300,5622095100,69745724100,3434.3516,3434.3516,3352.3609,3447.3882
130143000,3352.6685,3450000,40252100,5625545100,69785976200,3434.3516,3434.3516,3352.3609,3447.3882
130149000,3352.4015,2994900,44965000,5628540000,69830941200,3434.3516,3434.3516,3352.3609,3447.3882
130153000,3352.5136,1628400,20516200,5630168400,69851457400,3434.3516,3434.3516,3352.3609,3447.3882
130159000,3352.6293,3279100,46185300,5633447500,69897642700,3434.3516,3434.3516,3352.3609,3447.3882
130204000,3352.3109,1787800,27126000,5635235300,69924768700,3434.3516,3434.3516,3352.2956,3447.3882
130208000,3352.2293,2867000,28935300,5638102300,69953704000,3434.3516,3434.3516,3352.156,3447.3882
130214000,3352.1221,2498200,42902400,5640600500,69996606400,3434.3516,3434.3516,3351.8203,3447.3882
130219000,3351.5748,3061800,41869900,5643662300,70038476300,3434.3516,3434.3516,3351.5748,3447.3882
130223000,3351.9197,2293900,26987100,5645956200,70065463400,3434.3516,3434.3516,3351.5748,3447.3882
130229000,3351.5236,4976700,58850800,5650932900,70124314200,3434.3516,3434.3516,3351.5236,3447.3882
130234000,3350.8662,1881800,25624900,5652814700,70149939100,3434.3516,3434.3516,3350.8662,3447.3882
130238000,3351.3654,1877700,52850100,5654692400,70202789200,3434.3516,3434.3516,3350.8662,3447.3882
130244000,3350.6318,3788300,54702700,5658480700,70257491900,3434.3516,3434.3516,3350.5708,3447.3882
130249000,3350.4123,2758700,41652200,5661239400,70299144100,3434.3516,3434.3516,3350.2392,3447.3882
130253000,3350.5022,2966200,48891500,5664205600,70348035600,3434.3516,3434.3516,3350.2392,3447.3882
130259000,3349.8824,3240100,56915600,5667445700,70404951200,3434.3516,3434.3516,3349.7254,3447.3882
130304000,3349.3734,2295100,29669400,5669740800,70434620600,3434.3516,3434.3516,3349.3734,3447.3882
130308000,3349.1296,2512500,62243900,5672253300,70496864500,3434.3516,3434.3516,3349.1296,3447.3882
130314000,3348.7045,3671100,60089300,5675924400,70556953800,3434.3516,3434.3516,3348.5622,3447.3882
130319000,3348.4044,4523700,42077300,5680448100,70599031100,3434.3516,3434.3516,3348.4044,3447.3882
130323000,3348.7273,2587800,32328300,5683035900,70631359400,3434.3516,3434.3516,3348.4044,3447.3882
130329000,3348.5436,2643700,36629300,5685679600,70667988700,3434.3516,3434.3516,3348.2214,3447.3882
130334000,3348.4217,4458500,56870200,5690138100,70724858900,3434.3516,3434.3516,3348.2214,3447.3882
130338000,3348.2522,5842500,55326600,5695980600,70780185500,3434.3516,3434.3516,3348.2214,3447.3882
130344000,3347.2627,5619300,65464700,5701599900,70845650200,3434.3516,3434.3516,3347.2627,3447.3882
130349000,3347.001,2943000,42819400,5704542900,70888469600,3434.3516,3434.3516,3347.001,3447.3882
130353000,3347.1195,2745600,40411400,5707288500,70928881000,3434.3516,3434.3516,3347.001,3447.3882
130359000,3346.4415,3092300,50867500,5710380800,70979748500,3434.3516,3434.3516,3346.4415,3447.3882
130404000,3346.5803,2740500,37449800,5713121300,71017198300,3434.3516,3434.3516,3346.4415,3447.3882
130408000,3346.4751,3256700,39127800,5716378000,71056326100,3434.3516,3434.3516,3346.3451,3447.3882
130414000,3346.2521,4030600,46420600,5720408600,71102746700,3434.3516,3434.3516,3346.2521,3447.3882
130419000,3346.2272,2763500,42350800,5723172100,71145097500,3434.3516,3434.3516,3346.2272,3447.3882
130423000,3346.5688,2018500,24400500,5725190600,71169498000,3434.3516,3434.3516,3346.2272,3447.3882
130429000,3345.9265,3622700,44561600,5728813300,71214059600,3434.3516,3434.3516,3345.9265,3447.3882
130434000,3345.5881,3560100,37354200,5732373400,71251413800,3434.3516,3434.3516,3345.5881,3447.3882
130438000,3345.7973,3010800,35969600,5735384200,71287383400,3434.3516,3434.3516,3345.5881,3447.3882
130444000,3345.5043,3881500,48796300,5739265700,71336179700,3434.3516,3434.3516,3345.2028,3447.3882
130449000,3345.3416,4211300,45011000,5743477000,71381190700,3434.3516,3434.3516,3345.1928,3447.3882
130453000,3345.5621,2032300,25385600,5745509300,71406576300,3434.3516,3434.3516,3345.1928,3447.3882
130459000,3345.7183,4781600,59787600,5750290900,71466363900,3434.3516,3434.3516,3345.1928,3447.3882
130504000,3345.142,3159800,48392900,5753450700,71514756800,3434.3516,3434.3516,3345.142,3447.3882
130508000,3345.3558,3969900,48536700,5757420600,71563293500,3434.3516,3434.3516,3345.0762,3447.3882
130514000,3344.8833,4904200,52616200,5762324800,71615909700,3434.3516,3434.3516,3344.8647,3447.3882
130519000,3344.4123,5325100,65271800,5767649900,71681181500,3434.3516,3434.3516,3344.4123,3447.3882
130523000,3344.4375,2394500,33466100,5770044400,71714647600,3434.3516,3434.3516,3344.4123,3447.3882
130529000,3344.3899,4807800,60607900,5774852200,71775255500,3434.3516,3434.3516,3344.3899,3447.3882
130534000,3343.6238,4817800,50233400,5779670000,71825488900,3434.3516,3434.3516,3343.6238,3447.3882
130540000,3343.0647,4707200,54916900,5784377200,71880405800,3434.3516,3434.3516,3343.0186,3447.3882
130544000,3343.5588,2605900,38466600,5786983100,71918872400,3434.3516,3434.3516,3343.0186,3447.3882
130550000,3343.3917,4401400,60295200,5791384500,71979167600,3434.3516,3434.3516,3342.8636,3447.3882
130555000,3343.1308,3981300,49094100,5795365800,72028261700,3434.3516,3434.3516,3342.8636,3447.3882
130559000,3342.6041,1948600,29675900,5797314400,72057937600,3434.3516,3434.3516,3342.5929,3447.3882
130605000,3342.9114,4724700,53331300,5802039100,72111268900,3434.3516,3434.3516,3342.5929,3447.3882
130610000,3342.4982,4738400,51589600,5806777500,72162858500,3434.3516,3434.3516,3342.4503,3447.3882
130614000,3342.1043,3135700,39216500,5809913200,72202075000,3434.3516,3434.3516,3342.1023,3447.3882
130620000,3342.6016,3763100,49619400,5813676300,72251694400,3434.3516,3434.3516,3342.1023,3447.3882
130625000,3342.5055,4243700,46857700,5817920000,72298552100,3434.3516,3434.3516,3342.1023,3447.3882
130629000,3342.6422,3051700,39557000,5820971700,72338109100,3434.3516,3434.3516,3342.1023,3447.3882
130635000,3342.1717,3589300,46339200,5824561000,72384448300,3434.3516,3434.3516,3342.0144,3447.3882
130640000,3342.5486,3404400,37074500,5827965400,72421522800,3434.3516,3434.3516,3342.0144,3447.3882
130644000,3341.6583,3676400,38810500,5831641800,72460333300,3434.3516,3434.3516,3341.6471,3447.3882
130650000,3341.7877,5058300,56023400,5836700100,72516356700,3434.3516,3434.3516,3341.4794,3447.3882
130655000,3341.8115,4853500,52836400,5841553600,72569193100,3434.3516,3434.3516,3341.4794,3447.3882
130659000,3341.724,2333300,32776900,5843886900,72601970000,3434.3516,3434.3516,3341.4794,3447.3882
130705000,3341.474,4131600,54061900,5848018500,72656031900,3434.3516,3434.3516,3341.4729,3447.3882
130710000,3341.431,3182100,38682600,5851200600,72694714500,3434.3516,3434.3516,3341.431,3447.3882
130714000,3341.7024,3480500,45773700,5854681100,72740488200,3434.3516,3434.3516,3341.2604,3447.3882
130720000,3340.939,3987300,55293000,5858668400,72795781200,3434.3516,3434.3516,3340.9314,3447.3882
130725000,3341.1854,3287200,43811600,5861955600,72839592800,3434.3516,3434.3516,3340.9314,3447.3882
130729000,3341.044,2110600,29199400,5864066200,72868792200,3434.3516,3434.3516,3340.9314,3447.3882
130735000,3341.1968,4184100,53392000,5868250300,72922184200,3434.3516,3434.3516,3340.8604,3447.3882
130740000,3341.3964,3782800,47008700,5872033100,72969192900,3434.3516,3434.3516,3340.8604,3447.3882
130744000,3340.9416,5940100,67667800,5877973200,73036860700,3434.3516,3434.3516,3340.8604,3447.3882
130750000,3340.2235,4968400,54780300,5882941600,73091641000,3434.3516,3434.3516,3340.2235,3447.3882
130755000,3339.8266,6913400,58125900,5889855000,73149766900,3434.3516,3434.3516,3339.8266,3447.3882
130759000,3339.6825,2875600,33224900,5892730600,73182991800,3434.3516,3434.3516,3339.5505,3447.3882
130805000,3339.7068,6093100,56621300,5898823700,73239613100,3434.3516,3434.3516,3339.4932,3447.3882
130810000,3339.6518,3146700,36300700,5901970400,73275913800,3434.3516,3434.3516,3339.4932,3447.3882
130814000,3339.2672,3125400,48420500,5905095800,73324334300,3434.3516,3434.3516,3339.2339,3447.3882
130820000,3339.1149,4938900,53314200,5910034700,73377648500,3434.3516,3434.3516,3339.0493,3447.3882
130825000,3338.8689,5100600,61812500,5915135300,73439461000,3434.3516,3434.3516,3338.8689,3447.3882
130829000,3339.2775,3227000,34301200,5918362300,73473762200,3434.3516,3434.3516,3338.8689,3447.3882
130835000,3338.911,6008200,59468400,5924370500,73533230600,3434.3516,3434.3516,3338.661,3447.3882
130840000,3338.6288,4855500,46013500,5929226000,73579244100,3434.3516,3434.3516,3338.6273,3447.3882
130844000,3338.5272,6116400,62638600,5935342400,73641882700,3434.3516,3434.3516,3338.5272,3447.3882
130850000,3338.6301,4233100,53591800,5939575500,73695474500,3434.3516,3434.3516,3338.5272,3447.3882
130855000,3338.0701,5214900,58313500,5944790400,73753788000,3434.3516,3434.3516,3338.0701,3447.3882
130859000,3337.9033,5170200,53192000,5949960600,73806980000,3434.3516,3434.3516,3337.8067,3447.3882
130905000,3338.1163,4529500,53791200,5954490100,73860771200,3434.3516,3434.3516,3337.8067,3447.3882
130910000,3337.9117,4554600,56575000,5959044700,73917346200,3434.3516,3434.3516,3337.8067,3447.3882
130914000,3337.8592,3894900,42632300,5962939600,73959978500,3434.3516,3434.3516,3337.8067,3447.3882
130920000,3337.4716,4656300,46640900,5967595900,74006619400,3434.3516,3434.3516,3337.4716,3447.3882
130925000,3337.5747,3745400,40521700,5971341300,74047141100,3434.3516,3434.3516,3337.2483,3447.3882
130929000,3337.5118,2516500,29938800,5973857800,74077079900,3434.3516,3434.3516,3337.2483,3447.3882
130935000,3337.5564,4930600,61541700,5978788400,74138621600,3434.3516,3434.3516,3337.2483,3447.3882
130941000,3337.6642,5605700,69563600,5984394100,74208185200,3434.3516,3434.3516,3337.2483,3447.3882
130944000,3337.9082,2566400,31126800,5986960500,74239312000,3434.3516,3434.3516,3337.2483,3447.3882
130950000,3338.0353,5223000,59528800,5992183500,74298840800,3434.3516,3434.3516,3337.2483,3447.3882
130956000,3339.3181,4828500,65504000,5997012000,74364344800,3434.3516,3434.3516,3337.2483,3447.3882
131001000,3339.9494,6926700,80629200,6003938700,74444974000,3434.3516,3434.3516,3337.2483,3447.3882
131005000,3340.4715,4699800,44997000,6008638500,74489971000,3434.3516,3434.3516,3337.2483,3447.3882
131011000,3340.6555,5290600,63342800,6013929100,74553313800,3434.3516,3434.3516,3337.2483,3447.3882
131016000,3341.1943,4624800,49970100,6018553900,74603283900,3434.3516,3434.3516,3337.2483,3447.3882
131020000,3340.7848,3428700,46872900,6021982600,74650156800,3434.3516,3434.3516,3337.2483,3447.3882
131026000,3341.0974,4953600,52174700,6026936200,74702331500,3434.3516,3434.3516,3337.2483,3447.3882
131031000,3341.1916,5723200,63332800,6032659400,74765664300,3434.3516,3434.3516,3337.2483,3447.3882
131035000,3340.6134,2727300,30783600,6035386700,74796447900,3434.3516,3434.3516,3337.2483,3447.3882
131041000,3340.9401,4351100,43040900,6039737800,74839488800,3434.3516,3434.3516,3337.2483,3447.3882
131046000,3341.703,3252500,36936600,6042990300,74876425400,3434.3516,3434.3516,3337.2483,3447.3882
131050000,3341.4646,5611500,43791000,6048601800,74920216400,3434.3516,3434.3516,3337.2483,3447.3882
131056000,3341.4564,4976200,43872400,6053578000,74964088800,3434.3516,3434.3516,3337.2483,3447.3882
131101000,3341.5687,3477000,45415200,6057055000,75009504000,3434.3516,3434.3516,3337.2483,3447.3882
131105000,3341.4452,3006600,44192200,6060061600,75053696200,3434.3516,3434.3516,3337.2483,3447.3882
131111000,3341.4376,3473700,44235900,6063535300,75097932100,3434.3516,3434.3516,3337.2483,3447.3882
131116000,3341.7956,2195200,30696300,6065730500,75128628400,3434.3516,3434.3516,3337.2483,3447.3882
131120000,3341.4124,3512900,35624900,6069243400,75164253300,3434.3516,3434.3516,3337.2483,3447.3882
131126000,3342.0946,2547800,33438200,6071791200,75197691500,3434.3516,3434.3516,3337.2483,3447.3882
131131000,3341.7353,2971400,35967000,6074762600,75233658500,3434.3516,3434.3516,3337.2483,3447.3882
131135000,3341.6979,2098300,21336100,6076860900,75254994600,3434.3516,3434.3516,3337.2483,3447.3882
131141000,3341.2988,3027700,37849700,6079888600,75292844300,3434.3516,3434.3516,3337.2483,3447.3882
131146000,3341.373,1995400,27446000,6081884000,75320290300,3434.3516,3434.3516,3337.2483,3447.3882
131150000,3341.8063,4183900,36896300,6086067900,75357186600,3434.3516,3434.3516,3337.2483,3447.3882
131156000,3341.6793,3608900,37745100,6089676800,75394931700,3434.3516,3434.3516,3337.2483,3447.3882
131201000,3342.0218,3663500,43445100,6093340300,75438376800,3434.3516,3434.3516,3337.2483,3447.3882
131205000,3341.5764,1356500,18959000,6094696800,75457335800,3434.3516,3434.3516,3337.2483,3447.3882
131211000,3341.6031,4415300,41563500,6099112100,75498899300,3434.3516,3434.3516,3337.2483,3447.3882
131216000,3341.4088,2957500,33911200,6102069600,75532810500,3434.3516,3434.3516,3337.2483,3447.3882
131221000,3341.0941,2542700,26011600,6104612300,75558822100,3434.3516,3434.3516,3337.2483,3447.3882
131226000,3340.7412,3048300,38341200,6107660600,75597163300,3434.3516,3434.3516,3337.2483,3447.3882
131231000,3340.0686,4841500,51742400,6112502100,75648905700,3434.3516,3434.3516,3337.2483,3447.3882
131235000,3340.4369,2619900,24281900,6115122000,75673187600,3434.3516,3434.3516,3337.2483,3447.3882
131241000,3339.8631,4317300,44272600,6119439300,75717460200,3434.3516,3434.3516,3337.2483,3447.3882
131246000,3339.716,3166400,43649100,6122605700,75761109300,3434.3516,3434.3516,3337.2483,3447.3882
131250000,3339.5443,3034200,37764900,6125639900,75798874200,3434.3516,3434.3516,3337.2483,3447.3882
131256000,3339.5081,4244900,50194200,6129884800,75849068400,3434.3516,3434.3516,3337.2483,3447.3882
131301000,3339.4254,3569400,44785000,6133454200,75893853400,3434.3516,3434.3516,3337.2483,3447.3882
131305000,3338.8798,3456900,38492800,6136911100,75932346200,3434.3516,3434.3516,3337.2483,3447.3882
131311000,3338.4128,3598700,46606700,6140509800,75978952900,3434.3516,3434.3516,3337.2483,3447.3882
131316000,3338.2304,2938300,40182800,6143448100,76019135700,3434.3516,3434.3516,3337.2483,3447.3882
131320000,3337.7003,2551000,32400400,6145999100,76051536100,3434.3516,3434.3516,3337.2483,3447.3882
131327000,3337.719,3270200,41903700,6149269300,76093439800,3434.3516,3434.3516,3337.2483,3447.3882
131331000,3337.7009,4545100,46579400,6153814400,76140019200,3434.3516,3434.3516,3337.2483,3447.3882
131335000,3337.6483,2392400,34284900,6156206800,76174304100,3434.3516,3434.3516,3337.2483,3447.3882
131341000,3337.5986,6765500,62829300,6162972300,76237133400,3434.3516,3434.3516,3337.2483,3447.3882
131347000,3337.6511,3161500,44761100,6166133800,76281894500,3434.3516,3434.3516,3337.2483,3447.3882
131352000,3336.8489,2722200,48891500,6168856000,76330786000,3434.3516,3434.3516,3336.8418,3447.3882
131356000,3336.9359,3328000,38124800,6172184000,76368910800,3434.3516,3434.3516,3336.7564,3447.3882
131402000,3336.7096,3768800,55399800,6175952800,76424310600,3434.3516,3434.3516,3336.6869,3447.3882
131407000,3336.5425,4237200,51799600,6180190000,76476110200,3434.3516,3434.3516,3336.4652,3447.3882
131411000,3336.0831,2987700,38128900,6183177700,76514239100,3434.3516,3434.3516,3336.0831,3447.3882
131417000,3335.7569,4206900,70280400,6187384600,76584519500,3434.3516,3434.3516,3335.6638,3447.3882
131422000,3335.5051,4010800,53201800,6191395400,76637721300,3434.3516,3434.3516,3335.12,3447.3882
131427000,3334.7658,3510500,38557800,6194905900,76676279100,3434.3516,3434.3516,3334.7658,3447.3882
131432000,3334.826,4551200,58893900,6199457100,76735173000,3434.3516,3434.3516,3334.5059,3447.3882
131437000,3334.6235,4824200,67354300,6204281300,76802527300,3434.3516,3434.3516,3334.3348,3447.3882
131441000,3334.5235,3416900,38096800,6207698200,76840624100,3434.3516,3434.3516,3334.2786,3447.3882
131447000,3334.6138,5488400,64304000,6213186600,76904928100,3434.3516,3434.3516,3334.2162,3447.3882
131452000,3333.8519,3505300,53602700,6216691900,76958530800,3434.3516,3434.3516,3333.8519,3447.3882
131457000,3333.9763,4162600,45398300,6220854500,77003929100,3434.3516,3434.3516,3333.8519,3447.3882
131502000,3333.4991,4448500,58116200,6225303000,77062045300,3434.3516,3434.3516,3333.4246,3447.3882
131507000,3333.0823,7279000,86007000,6232582000,77148052300,3434.3516,3434.3516,3333.0823,3447.3882
131511000,3333.0494,2741700,32352800,6235323700,77180405100,3434.3516,3434.3516,3333.0494,3447.3882
131517000,3332.8149,5438300,63103900,6240762000,77243509000,3434.3516,3434.3516,3332.8149,3447.3882
131522000,3332.2946,4220600,55383400,6244982600,77298892400,3434.3516,3434.3516,3331.8107,3447.3882
131527000,3332.5776,4053300,48483400,6249035900,77347375800,3434.3516,3434.3516,3331.8107,3447.3882
131532000,3331.2479,4027500,52438200,6253063400,77399814000,3434.3516,3434.3516,3331.2479,3447.3882
131537000,3331.9849,5179500,56921200,6258242900,77456735200,3434.3516,3434.3516,3331.2479,3447.3882
131541000,3331.6209,3326400,37400200,6261569300,77494135400,3434.3516,3434.3516,3331.2479,3447.3882
131547000,3331.2572,5407300,72175400,6266976600,77566310800,3434.3516,3434.3516,3331.2359,3447.3882
131552000,3331.0995,3861400,47927100,6270838000,77614237900,3434.3516,3434.3516,3331.0344,3447.3882
131557000,3330.3843,5182800,57715000,6276020800,77671952900,3434.3516,3434.3516,3330.3843,3447.3882
131602000,3329.8066,6290500,72032700,6282311300,77743985600,3434.3516,3434.3516,3329.8066,3447.3882
131607000,3329.5827,4716900,58557500,6287028200,77802543100,3434.3516,3434.3516,3329.5827,3447.3882
131612000,3329.224,2893000,35720400,6289921200,77838263500,3434.3516,3434.3516,3329.224,3447.3882
131617000,3329.033,5477600,64377300,6295398800,77902640800,3434.3516,3434.3516,3329.033,3447.3882
131622000,3328.9357,6903400,69150900,6302302200,77971791700,3434.3516,3434.3516,3328.9357,3447.3882
131627000,3328.8362,5843700,63115300,6308145900,78034907000,3434.3516,3434.3516,3328.8086,3447.3882
131632000,3328.1069,5508700,63556800,6313654600,78098463800,3434.3516,3434.3516,3328.1069,3447.3882
131637000,3327.7801,7784000,72727600,6321438600,78171191400,3434.3516,3434.3516,3327.7801,3447.3882
131642000,3327.7806,4115200,42054200,6325553800,78213245600,3434.3516,3434.3516,3327.4215,3447.3882
131647000,3327.2982,7644300,71616500,6333198100,78284862100,3434.3516,3434.3516,3327.2982,3447.3882
131652000,3327.4223,4170000,51302200,6337368100,78336164300,3434.3516,3434.3516,3327.2155,3447.3882
131657000,3327.1603,7260400,84383300,6344628500,78420547600,3434.3516,3434.3516,3326.9587,3447.3882
131702000,3326.9249,9967700,98349300,6354596200,78518896900,3434.3516,3434.3516,3326.9249,3447.3882
131707000,3326.1634,7696100,82716600,6362292300,78601613500,3434.3516,3434.3516,3326.1634,3447.3882
131712000,3325.9328,4961000,51638200,6367253300,78653251700,3434.3516,3434.3516,3325.7139,3447.3882
131717000,3326.1545,7488800,92685300,6374742100,78745937000,3434.3516,3434.3516,3325.7139,3447.3882
131722000,3325.5749,4484100,45675300,6379226200,78791612300,3434.3516,3434.3516,3325.531,3447.3882
131728000,3325.5632,4814200,64561300,6384040400,78856173600,3434.3516,3434.3516,3325.3308,3447.3882
131732000,3325.1575,8679500,75300500,6392719900,78931474100,3434.3516,3434.3516,3324.9137,3447.3882
131737000,3324.8237,6007900,65756900,6398727800,78997231000,3434.3516,3434.3516,3324.6582,3447.3882
131743000,3324.1926,6305500,77638000,6405033300,79074869000,3434.3516,3434.3516,3324.1832,3447.3882
131748000,3324.0727,4232400,49483900,6409265700,79124352900,3434.3516,3434.3516,3323.7856,3447.3882
131753000,3323.5487,7823800,82308700,6417089500,79206661600,3434.3516,3434.3516,3323.5487,3447.3882
131758000,3323.2777,4814800,52102400,6421904300,79258764000,3434.3516,3434.3516,3323.2777,3447.3882
131803000,3322.8889,6385200,85257200,6428289500,79344021200,3434.3516,3434.3516,3322.8474,3447.3882
131808000,3322.2943,8361900,101634800,6436651400,79445656000,3434.3516,3434.3516,3322.2943,3447.3882
131813000,3322.6145,6662500,72163700,6443313900,79517819700,3434.3516,3434.3516,3322.096,3447.3882
131818000,3322.7407,4814700,47416500,6448128600,79565236200,3434.3516,3434.3516,3322.096,3447.3882
131823000,3323.0892,11794100,108559600,6459922700,79673795800,3434.3516,3434.3516,3322.096,3447.3882
131828000,3323.4078,5622900,66943800,6465545600,79740739600,3434.3516,3434.3516,3322.096,3447.3882
131833000,3323.9825,7079100,91847800,6472624700,79832587400,3434.3516,3434.3516,3322.096,3447.3882
131838000,3325.3001,9024600,103917300,6481649300,79936504700,3434.3516,3434.3516,3322.096,3447.3882
131843000,3325.8143,8734500,92575400,6490383800,80029080100,3434.3516,3434.3516,3322.096,3447.3882
131848000,3326.2225,4638000,67276800,6495021800,80096356900,3434.3516,3434.3516,3322.096,3447.3882
131853000,3326.5112,7038500,85459300,6502060300,80181816200,3434.3516,3434.3516,3322.096,3447.3882
131858000,3326.3525,4995500,61157100,6507055800,80242973300,3434.3516,3434.3516,3322.096,3447.3882
131903000,3327.0478,5772800,67615300,6512828600,80310588600,3434.3516,3434.3516,3322.096,3447.3882
131908000,3327.2068,7144400,75544400,6519973000,80386133000,3434.3516,3434.3516,3322.096,3447.3882
131913000,3327.4004,4540700,59326500,6524513700,80445459500,3434.3516,3434.3516,3322.096,3447.3882
131918000,3327.7682,3552100,36425400,6528065800,80481884900,3434.3516,3434.3516,3322.096,3447.3882
131923000,3327.277,5143800,61475300,6533209600,80543360200,3434.3516,3434.3516,3322.096,3447.3882
131928000,3327.9037,4247700,43187500,6537457300,80586547700,3434.3516,3434.3516,3322.096,3447.3882
131933000,3327.9466,4671200,56765700,6542128500,80643313400,3434.3516,3434.3516,3322.096,3447.3882
131938000,3327.8398,4544000,59047500,6546672500,80702360900,3434.3516,3434.3516,3322.096,3447.3882
131943000,3327.6609,3762600,49830100,6550435100,80752191000,3434.3516,3434.3516,3322.096,3447.3882
131948000,3328.097,2953000,31000200,6553388100,80783191200,3434.3516,3434.3516,3322.096,3447.3882
131953000,3328.2346,3787600,46949800,6557175700,80830141000,3434.3516,3434.3516,3322.096,3447.3882
131958000,3328.3451,2953400,34996600,6560129100,80865137600,3434.3516,3434.3516,3322.096,3447.3882
132003000,3328.7649,3778600,44442600,6563907700,80909580200,3434.3516,3434.3516,3322.096,3447.3882
132008000,3328.7851,4037500,54520600,6567945200,80964100800,3434.3516,3434.3516,3322.096,3447.3882
132013000,3329.0136,3799900,42715100,6571745100,81006815900,3434.3516,3434.3516,3322.096,3447.3882
132018000,3328.7486,2514100,27906100,6574259200,81034722000,3434.3516,3434.3516,3322.096,3447.3882
132023000,3328.4881,3865300,45107300,6578124500,81079829300,3434.3516,3434.3516,3322.096,3447.3882
132028000,3328.4196,2003100,28522500,6580127600,81108351800,3434.3516,3434.3516,3322.096,3447.3882
132033000,3328.898,3352100,44947500,6583479700,81153299300,3434.3516,3434.3516,3322.096,3447.3882
132038000,3329.0553,2973800,44029700,6586453500,81197329000,3434.3516,3434.3516,3322.096,3447.3882
132043000,3329.0381,3242800,36677900,6589696300,81234006900,3434.3516,3434.3516,3322.096,3447.3882
132047000,3328.7884,2275000,26763800,6591971300,81260770700,3434.3516,3434.3516,3322.096,3447.3882
132053000,3328.7331,3946400,41527000,6595917700,81302297700,3434.3516,3434.3516,3322.096,3447.3882
132058000,3328.6594,2221300,27629100,6598139000,81329926800,3434.3516,3434.3516,3322.096,3447.3882
132103000,3328.1232,3350100,43204700,6601489100,81373131500,3434.3516,3434.3516,3322.096,3447.3882
132108000,3328.4633,4761700,47561000,6606250800,81420692500,3434.3516,3434.3516,3322.096,3447.3882
132113000,3329.0468,5450100,46900800,6611700900,81467593300,3434.3516,3434.3516,3322.096,3447.3882
132118000,3329.0827,4285300,34613100,6615986200,81502206400,3434.3516,3434.3516,3322.096,3447.3882
132123000,3329.0896,3954100,44723400,6619940300,81546929800,3434.3516,3434.3516,3322.096,3447.3882
132129000,3330.1984,4804600,59364200,6624744900,81606294000,3434.3516,3434.3516,3322.096,3447.3882
132134000,3330.4697,4771800,41935000,6629516700,81648229000,3434.3516,3434.3516,3322.096,3447.3882
132138000,3332.0361,4405600,51667600,6633922300,81699896600,3434.3516,3434.3516,3322.096,3447.3882
132144000,3331.7258,4611300,51029400,6638533600,81750926000,3434.3516,3434.3516,3322.096,3447.3882
132149000,3331.9334,3243400,44880500,6641777000,81795806500,3434.3516,3434.3516,3322.096,3447.3882
132154000,3332.3701,2981200,34397000,6644758200,81830203500,3434.3516,3434.3516,3322.096,3447.3882
132159000,3332.2562,4358500,51144500,6649116700,81881348000,3434.3516,3434.3516,3322.096,3447.3882
132204000,3333.0568,2494400,28894400,6651611100,81910242400,3434.3516,3434.3516,3322.096,3447.3882
132209000,3332.5947,3761700,43136800,6655372800,81953379200,3434.3516,3434.3516,3322.096,3447.3882
132214000,3332.6556,4321100,57014200,6659693900,82010393400,3434.3516,3434.3516,3322.096,3447.3882
132219000,3333.2313,3681400,41280200,6663375300,82051673600,3434.3516,3434.3516,3322.096,3447.3882
132224000,3333.9301,2752500,28824300,6666127800,82080497900,3434.3516,3434.3516,3322.096,3447.3882
132229000,3333.6586,4320700,43717000,6670448500,82124214900,3434.3516,3434.3516,3322.096,3447.3882
132234000,3333.865,2300300,26443800,6672748800,82150658700,3434.3516,3434.3516,3322.096,3447.3882
132239000,3333.71,3101400,34058200,6675850200,82184716900,3434.3516,3434.3516,3322.096,3447.3882
132244000,3334.1105,4290400,42050000,6680140600,82226766900,3434.3516,3434.3516,3322.096,3447.3882
132249000,3334.6941,3149600,38257700,6683290200,82265024600,3434.3516,3434.3516,3322.096,3447.3882
132254000,3334.6297,2604100,28051800,6685894300,82293076400,3434.3516,3434.3516,3322.096,3447.3882
132259000,3335.1482,3201100,40364800,6689095400,82333441200,3434.3516,3434.3516,3322.096,3447.3882
132304000,3334.818,2344300,26307800,6691439700,82359749000,3434.3516,3434.3516,3322.096,3447.3882
132309000,3334.8924,3198700,35503700,6694638400,82395252700,3434.3516,3434.3516,3322.096,3447.3882
132314000,3335.0492,3189500,44180300,6697827900,82439433000,3434.3516,3434.3516,3322.096,3447.3882
132319000,3335.692,2769700,42605300,6700597600,82482038300,3434.3516,3434.3516,3322.096,3447.3882
132324000,3335.8499,2304100,30699800,6702901700,82512738100,3434.3516,3434.3516,3322.096,3447.3882
132329000,3335.8982,2848300,38359600,6705750000,82551097700,3434.3516,3434.3516,3322.096,3447.3882
132334000,3336.0544,2323300,24115900,6708073300,82575213600,3434.3516,3434.3516,3322.096,3447.3882
132339000,3336.2499,2653500,28291600,6710726800,82603505200,3434.3516,3434.3516,3322.096,3447.3882
132344000,3336.2657,3022600,41617600,6713749400,82645122800,3434.3516,3434.3516,3322.096,3447.3882
132349000,3336.0515,2604200,33382400,6716353600,82678505200,3434.3516,3434.3516,3322.096,3447.3882
132354000,3336.7779,3318900,33823100,6719672500,82712328300,3434.3516,3434.3516,3322.096,3447.3882
132359000,3337.0168,5012300,38427900,6724684800,82750756200,3434.3516,3434.3516,3322.096,3447.3882
132404000,3336.6892,2034300,24025700,6726719100,82774781900,3434.3516,3434.3516,3322.096,3447.3882
132409000,3337.3833,2896600,38310800,6729615700,82813092700,3434.3516,3434.3516,3322.096,3447.3882
132414000,3337.3556,2726600,33199900,6732342300,82846292600,3434.3516,3434.3516,3322.096,3447.3882
132419000,3337.2161,2848900,45171700,6735191200,82891464300,3434.3516,3434.3516,3322.096,3447.3882
132424000,3336.9371,2003600,25725200,6737194800,82917189500,3434.3516,3434.3516,3322.096,3447.3882
132429000,3337.6936,3660200,47281000,6740855000,82964470500,3434.3516,3434.3516,3322.096,3447.3882
132434000,3337.6526,1985000,27268800,6742840000,82991739300,3434.3516,3434.3516,3322.096,3447.3882
132438000,3337.8247,2975200,38185800,6745815200,83029925100,3434.3516,3434.3516,3322.096,3447.3882
132444000,3338.0544,3125100,46225300,6748940300,83076150400,3434.3516,3434.3516,3322.096,3447.3882
132449000,3338.215,2969300,33439500,6751909600,83109589900,3434.3516,3434.3516,3322.096,3447.3882
132454000,3337.642,2797000,26376800,6754706600,83135966700,3434.3516,3434.3516,3322.096,3447.3882
132459000,3338.1718,2832900,37376800,6757539500,83173343500,3434.3516,3434.3516,3322.096,3447.3882
132504000,3338.8131,2089100,23659500,6759628600,83197003000,3434.3516,3434.3516,3322.096,3447.3882
132509000,3338.6021,3552400,34165200,6763181000,83231168200,3434.3516,3434.3516,3322.096,3447.3882
132514000,3338.8999,2800200,34452800,6765981200,83265621000,3434.3516,3434.3516,3322.096,3447.3882
132519000,3339.0763,3057700,29560400,6769038900,83295181400,3434.3516,3434.3516,3322.096,3447.3882
132523000,3338.267,2671100,26776200,6771710000,83321957600,3434.3516,3434.3516,3322.096,3447.3882
132530000,3338.7656,2839000,35761200,6774549000,83357718800,3434.3516,3434.3516,3322.096,3447.3882
132535000,3338.9975,2910200,41111800,6777459200,83398830600,3434.3516,3434.3516,3322.096,3447.3882
132540000,3339.1496,2419300,19872300,6779878500,83418702900,3434.3516,3434.3516,3322.096,3447.3882
132545000,3339.0162,2944000,37352600,6782822500,83456055500,3434.3516,3434.3516,3322.096,3447.3882
132550000,3339.2482,2177300,30993500,6784999800,83487049000,3434.3516,3434.3516,3322.096,3447.3882
132555000,3339.4592,2171300,30112600,6787171100,83517161600,3434.3516,3434.3516,3322.096,3447.3882
132600000,3338.4182,2368700,28896200,6789539800,83546057800,3434.3516,3434.3516,3322.096,3447.3882
132605000,3338.7381,2634800,34348700,6792174600,83580406500,3434.3516,3434.3516,3322.096,3447.3882
132610000,3338.8615,2729400,27021500,6794904000,83607428000,3434.3516,3434.3516,3322.096,3447.3882
132615000,3338.7107,2633200,27981600,6797537200,83635409600,3434.3516,3434.3516,3322.096,3447.3882
132620000,3338.8566,3013300,37784300,6800550500,83673193900,3434.3516,3434.3516,3322.096,3447.3882
132625000,3338.4052,2566200,32903200,6803116700,83706097100,3434.3516,3434.3516,3322.096,3447.3882
132630000,3338.5395,1995600,23229800,6805112300,83729326900,3434.3516,3434.3516,3322.096,3447.3882
132635000,3338.2623,2783800,36084800,6807896100,83765411700,3434.3516,3434.3516,3322.096,3447.3882
132640000,3337.6611,2091700,25190600,6809987800,83790602300,3434.3516,3434.3516,3322.096,3447.3882
132645000,3337.8063,2625700,31315500,6812613500,83821917800,3434.3516,3434.3516,3322.096,3447.3882
132650000,3337.5796,3078100,38563300,6815691600,83860481100,3434.3516,3434.3516,3322.096,3447.3882
132655000,3337.3944,3426800,36484000,6819118400,83896965100,3434.3516,3434.3516,3322.096,3447.3882
132700000,3337.7928,2100700,30826000,6821219100,83927791100,3434.3516,3434.3516,3322.096,3447.3882
132705000,3336.935,3677200,45983800,6824896300,83973774900,3434.3516,3434.3516,3322.096,3447.3882
132710000,3336.9525,2288300,28605200,6827184600,84002380100,3434.3516,3434.3516,3322.096,3447.3882
132715000,3336.7152,2470700,34394000,6829655300,84036774100,3434.3516,3434.3516,3322.096,3447.3882
132720000,3337.4382,2679200,38277700,6832334500,84075051800,3434.3516,3434.3516,3322.096,3447.3882
132725000,3336.8365,2129500,30106800,6834464000,84105158600,3434.3516,3434.3516,3322.096,3447.3882
132730000,3337.1177,2218200,23539600,6836682200,84128698200,3434.3516,3434.3516,3322.096,3447.3882
132735000,3336.7282,3342900,39586900,6840025100,84168285100,3434.3516,3434.3516,3322.096,3447.3882
132740000,3336.234,1614500,21225000,6841639600,84189510100,3434.3516,3434.3516,3322.096,3447.3882
132745000,3336.603,2275400,29411800,6843915000,84218921900,3434.3516,3434.3516,3322.096,3447.3882
132750000,3336.7068,3081000,31333300,6846996000,84250255200,3434.3516,3434.3516,3322.096,3447.3882
132755000,3337.034,1930300,24322700,6848926300,84274577900,3434.3516,3434.3516,3322.096,3447.3882
132800000,3336.899,1779400,22029400,6850705700,84296607300,3434.3516,3434.3516,3322.096,3447.3882
132805000,3336.6583,4344300,46119300,6855050000,84342726600,3434.3516,3434.3516,3322.096,3447.3882
132810000,3336.3613,2489200,33128900,6857539200,84375855500,3434.3516,3434.3516,3322.096,3447.3882
132815000,3336.1203,2151800,29602000,6859691000,84405457500,3434.3516,3434.3516,3322.096,3447.3882
132820000,3336.4304,2535600,35430200,6862226600,84440887700,3434.3516,3434.3516,3322.096,3447.3882
132825000,3336.0993,2788800,33800100,6865015400,84474687800,3434.3516,3434.3516,3322.096,3447.3882
132830000,3337.0383,2334100,25269500,6867349500,84499957300,3434.3516,3434.3516,3322.096,3447.3882
132835000,3336.3518,3246700,40250700,6870596200,84540208000,3434.3516,3434.3516,3322.096,3447.3882
132840000,3336.8292,3091800,25238400,6873688000,84565446400,3434.3516,3434.3516,3322.096,3447.3882
132845000,3336.3171,2279900,26883200,6875967900,84592329600,3434.3516,3434.3516,3322.096,3447.3882
132850000,3336.9836,2722700,33642200,6878690600,84625971800,3434.3516,3434.3516,3322.096,3447.3882
132855000,3336.9875,1870700,27886500,6880561300,84653858300,3434.3516,3434.3516,3322.096,3447.3882
132900000,3337.6419,1719300,21242100,6882280600,84675100400,3434.3516,3434.3516,3322.096,3447.3882
132905000,3336.9492,2614000,29408400,6884894600,84704508800,3434.3516,3434.3516,3322.096,3447.3882
132910000,3337.0611,1771700,26200800,6886666300,84730709600,3434.3516,3434.3516,3322.096,3447.3882
132915000,3336.9515,3557300,40133100,6890223600,84770842700,3434.3516,3434.3516,3322.096,3447.3882
132921000,3337.0796,2822700,34694200,6893046300,84805536900,3434.3516,3434.3516,3322.096,3447.3882
132925000,3337.1572,2598200,23298400,6895644500,84828835300,3434.3516,3434.3516,3322.096,3447.3882
132931000,3337.0967,3140500,36046800,6898785000,84864882100,3434.3516,3434.3516,3322.096,3447.3882
132936000,3336.4375,2971200,44385100,6901756200,84909267200,3434.3516,3434.3516,3322.096,3447.3882
132941000,3336.2576,2452500,29691300,6904208700,84938958500,3434.3516,3434.3516,3322.096,3447.3882
132946000,3336.3692,1955600,26767300,6906164300,84965725800,3434.3516,3434.3516,3322.096,3447.3882
132951000,3336.626,2649600,31459100,6908813900,84997184900,3434.3516,3434.3516,3322.096,3447.3882
132956000,3336.6793,2525300,31834100,6911339200,85029019000,3434.3516,3434.3516,3322.096,3447.3882
133001000,3336.6718,2798600,32320600,6914137800,85061339600,3434.3516,3434.3516,3322.096,3447.3882
133006000,3336.3575,2650500,31014900,6916788300,85092354500,3434.3516,3434.3516,3322.096,3447.3882
133011000,3335.5832,3562100,41282800,6920350400,85133637300,3434.3516,3434.3516,3322.096,3447.3882
133016000,3335.7219,2549500,23834900,6922899900,85157472200,3434.3516,3434.3516,3322.096,3447.3882
133021000,3336.1869,3181600,40871900,6926081500,85198344100,3434.3516,3434.3516,3322.096,3447.3882
133026000,3335.2293,2492800,28561100,6928574300,85226905200,3434.3516,3434.3516,3322.096,3447.3882
133031000,3335.7397,4182400,53607200,6932756700,85280512400,3434.3516,3434.3516,3322.096,3447.3882
133036000,3336.293,2259800,28594000,6935016500,85309106400,3434.3516,3434.3516,3322.096,3447.3882
133041000,3335.6855,2261000,36470100,6937277500,85345576500,3434.3516,3434.3516,3322.096,3447.3882
133046000,3335.926,2214300,21705500,6939491800,85367282000,3434.3516,3434.3516,3322.096,3447.3882
133051000,3335.6668,2463800,31175600,6941955600,85398457600,3434.3516,3434.3516,3322.096,3447.3882
133056000,3334.9637,2569700,29458500,6944525300,85427916100,3434.3516,3434.3516,3322.096,3447.3882
133101000,3335.6429,3399200,34763800,6947924500,85462679900,3434.3516,3434.3516,3322.096,3447.3882
133106000,3335.8402,2477400,24362400,6950401900,85487042300,3434.3516,3434.3516,3322.096,3447.3882
133111000,3335.3281,3052500,38833500,6953454400,85525875800,3434.3516,3434.3516,3322.096,3447.3882
133116000,3336.3013,2339000,24005100,6955793400,85549880900,3434.3516,3434.3516,3322.096,3447.3882
133121000,3336.8896,2285000,29504000,6958078400,85579384900,3434.3516,3434.3516,3322.096,3447.3882
133126000,3336.5179,2523500,32935400,6960601900,85612320300,3434.3516,3434.3516,3322.096,3447.3882
133131000,3335.8142,2876900,37823600,6963478800,85650143900,3434.3516,3434.3516,3322.096,3447.3882
133136000,3336.2508,2068800,23444100,6965547600,85673588000,3434.3516,3434.3516,3322.096,3447.3882
133141000,3336.5462,2323200,35368200,6967870800,85708956200,3434.3516,3434.3516,3322.096,3447.3882
133146000,3337.0114,3017400,27627400,6970888200,85736583600,3434.3516,3434.3516,3322.096,3447.3882
133151000,3337.6424,3424100,47620100,6974312300,85784203700,3434.3516,3434.3516,3322.096,3447.3882
133156000,3337.8764,2541500,36820500,6976853800,85821024200,3434.3516,3434.3516,3322.096,3447.3882
133201000,3337.5821,3391200,39846900,6980245000,85860871100,3434.3516,3434.3516,3322.096,3447.3882
133206000,3338.9302,3105400,34322200,6983350400,85895193300,3434.3516,3434.3516,3322.096,3447.3882
133211000,3338.7375,3083200,33934200,6986433600,85929127500,3434.3516,3434.3516,3322.096,3447.3882
133216000,3338.753,1464100,19592100,6987897700,85948719600,3434.3516,3434.3516,3322.096,3447.3882
133221000,3338.816,2964300,30491200,6990862000,85979210800,3434.3516,3434.3516,3322.096,3447.3882
133226000,3338.2241,3124600,37794300,6993986600,86017005100,3434.3516,3434.3516,3322.096,3447.3882
133231000,3338.2243,1918800,27913500,6995905400,86044918600,3434.3516,3434.3516,3322.096,3447.3882
133236000,3337.4903,4854600,37112900,7000760000,86082031500,3434.3516,3434.3516,3322.096,3447.3882
133241000,3338.0903,2197600,29373700,7002957600,86111405200,3434.3516,3434.3516,3322.096,3447.3882
133246000,3337.6781,1761400,20948800,7004719000,86132354000,3434.3516,3434.3516,3322.096,3447.3882
133251000,3337.3228,3146600,41961700,7007865600,86174315700,3434.3516,3434.3516,3322.096,3447.3882
133256000,3337.3485,2927600,35076700,7010793200,86209392400,3434.3516,3434.3516,3322.096,3447.3882
133301000,3337.0426,2183800,27439500,7012977000,86236831900,3434.3516,3434.3516,3322.096,3447.3882
133306000,3337.3885,1714600,22982400,7014691600,86259814300,3434.3516,3434.3516,3322.096,3447.3882
133311000,3337.4247,2919000,29908300,7017610600,86289722600,3434.3516,3434.3516,3322.096,3447.3882
133316000,3337.699,1477600,16360500,7019088200,86306083100,3434.3516,3434.3516,3322.096,3447.3882
133321000,3337.4108,2502900,28053800,7021591100,86334136900,3434.3516,3434.3516,3322.096,3447.3882
133326000,3337.4566,2072400,23869700,7023663500,86358006600,3434.3516,3434.3516,3322.096,3447.3882
133332000,3337.7397,1984600,24001800,7025648100,86382008400,3434.3516,3434.3516,3322.096,3447.3882
133337000,3337.8261,2408600,26014000,7028056700,86408022400,3434.3516,3434.3516,3322.096,3447.3882
133342000,3337.5988,1513900,18118600,7029570600,86426141000,3434.3516,3434.3516,3322.096,3447.3882
133347000,3338.0429,4034500,45141300,7033605100,86471282300,3434.3516,3434.3516,3322.096,3447.3882
133352000,3338.1066,1822100,23073900,7035427200,86494356200,3434.3516,3434.3516,3322.096,3447.3882
133357000,3337.9971,2542700,33806600,7037969900,86528162800,3434.3516,3434.3516,3322.096,3447.3882
133402000,3338.2548,2224500,25591300,7040194400,86553754100,3434.3516,3434.3516,3322.096,3447.3882
133407000,3338.382,2616200,30516700,7042810600,86584270800,3434.3516,3434.3516,3322.096,3447.3882
133412000,3337.8117,1778400,23198900,7044589000,86607469700,3434.3516,3434.3516,3322.096,3447.3882
133417000,3337.3934,3150200,35498100,7047739200,86642967800,3434.3516,3434.3516,3322.096,3447.3882
133422000,3338.2232,1828100,23319000,7049567300,86666286800,3434.3516,3434.3516,3322.096,3447.3882
133427000,3337.2051,2911700,35057500,7052479000,86701344300,3434.3516,3434.3516,3322.096,3447.3882
133432000,3336.6977,3384700,49663200,7055863700,86751007500,3434.3516,3434.3516,3322.096,3447.3882
133437000,3336.8934,2916000,34083600,7058779700,86785091100,3434.3516,3434.3516,3322.096,3447.3882
133442000,3335.9429,2375300,29138400,7061155000,86814229500,3434.3516,3434.3516,3322.096,3447.3882
133447000,3336.0343,3683300,50109200,7064838300,86864338700,3434.3516,3434.3516,3322.096,3447.3882
133452000,3336.422,2031900,26342400,7066870200,86890681100,3434.3516,3434.3516,3322.096,3447.3882
133457000,3335.8213,3972600,48853200,7070842800,86939534300,3434.3516,3434.3516,3322.096,3447.3882
133502000,3335.2067,3257900,45434500,7074100700,86984968800,3434.3516,3434.3516,3322.096,3447.3882
133507000,3335.1996,3765800,40967200,7077866500,87025936000,3434.3516,3434.3516,3322.096,3447.3882
133512000,3334.59,5218300,45458900,7083084800,87071394900,3434.3516,3434.3516,3322.096,3447.3882
133517000,3334.64,3254400,49253600,7086339200,87120648500,3434.3516,3434.3516,3322.096,3447.3882
133522000,3334.1846,3884100,34472000,7090223300,87155120500,3434.3516,3434.3516,3322.096,3447.3882
133527000,3333.9676,3325400,43827500,7093548700,87198948000,3434.3516,3434.3516,3322.096,3447.3882
133532000,3333.7674,4269000,54222000,7097817700,87253170000,3434.3516,3434.3516,3322.096,3447.3882
133537000,3333.4857,3805900,48041900,7101623600,87301211900,3434.3516,3434.3516,3322.096,3447.3882
133542000,3333.3563,3090000,32827100,7104713600,87334039000,3434.3516,3434.3516,3322.096,3447.3882
133547000,3332.8141,3790900,50984700,7108504500,87385023700,3434.3516,3434.3516,3322.096,3447.3882
133552000,3331.9904,2995400,36537900,7111499900,87421561600,3434.3516,3434.3516,3322.096,3447.3882
133557000,3331.5776,6338600,80461500,7117838500,87502023100,3434.3516,3434.3516,3322.096,3447.3882
133602000,3330.4784,5619800,69343100,7123458300,87571366200,3434.3516,3434.3516,3322.096,3447.3882
133607000,3330.2653,6102000,58119200,7129560300,87629485400,3434.3516,3434.3516,3322.096,3447.3882
133612000,3330.2194,4469000,42614100,7134029300,87672099500,3434.3516,3434.3516,3322.096,3447.3882
133616000,3329.7553,4974400,56589500,7139003700,87728689000,3434.3516,3434.3516,3322.096,3447.3882
133622000,3329.4404,4036200,44377000,7143039900,87773066000,3434.3516,3434.3516,3322.096,3447.3882
133627000,3328.7442,4394000,60044900,7147433900,87833110900,3434.3516,3434.3516,3322.096,3447.3882
133632000,3329.3429,3740300,51150400,7151174200,87884261300,3434.3516,3434.3516,3322.096,3447.3882
133637000,3328.4648,5060200,49536800,7156234400,87933798100,3434.3516,3434.3516,3322.096,3447.3882
133642000,3328.5192,3124200,40239300,7159358600,87974037400,3434.3516,3434.3516,3322.096,3447.3882
133647000,3328.1852,3610500,38991300,7162969100,88013028700,3434.3516,3434.3516,3322.096,3447.3882
133652000,3328.1147,2981300,27868700,7165950400,88040897400,3434.3516,3434.3516,3322.096,3447.3882
133657000,3328.0733,3888000,47011500,7169838400,88087908900,3434.3516,3434.3516,3322.096,3447.3882
133702000,3327.4609,3401700,43363000,7173240100,88131271900,3434.3516,3434.3516,3322.096,3447.3882
133707000,3327.3185,4523400,40980000,7177763500,88172251900,3434.3516,3434.3516,3322.096,3447.3882
133712000,3327.7147,4019000,31770300,7181782500,88204022200,3434.3516,3434.3516,3322.096,3447.3882
133717000,3328.0731,5574600,63725800,7187357100,88267748000,3434.3516,3434.3516,3322.096,3447.3882
133723000,3328.845,7060200,66519100,7194417300,88334267100,3434.3516,3434.3516,3322.096,3447.3882
133728000,3327.533,2980600,30613800,7197397900,88364880900,3434.3516,3434.3516,3322.096,3447.3882
133733000,3327.5468,3171700,36847300,7200569600,88401728200,3434.3516,3434.3516,3322.096,3447.3882
133738000,3327.8977,4064900,46734500,7204634500,88448462700,3434.3516,3434.3516,3322.096,3447.3882
133743000,3327.4632,3569700,37546800,7208204200,88486009500,3434.3516,3434.3516,3322.096,3447.3882
133748000,3327.6924,2666700,30049800,7210870900,88516059300,3434.3516,3434.3516,3322.096,3447.3882
133753000,3327.4788,2924600,32858100,7213795500,88548917400,3434.3516,3434.3516,3322.096,3447.3882
133758000,3327.3716,2292400,27725200,7216087900,88576642600,3434.3516,3434.3516,3322.096,3447.3882
133803000,3326.8748,3454100,41082900,7219542000,88617725500,3434.3516,3434.3516,3322.096,3447.3882
133808000,3327.0005,3726200,51602400,7223268200,88669327900,3434.3516,3434.3516,3322.096,3447.3882
133813000,3327.2022,3953000,36326200,7227221200,88705654100,3434.3516,3434.3516,3322.096,3447.3882
133818000,3326.9222,2377600,24853500,7229598800,88730507600,3434.3516,3434.3516,3322.096,3447.3882
133823000,3327.0426,2807700,38801900,7232406500,88769309500,3434.3516,3434.3516,3322.096,3447.3882
133828000,3326.7177,2627500,27540700,7235034000,88796850200,3434.3516,3434.3516,3322.096,3447.3882
133833000,3326.6538,3951000,34146800,7238985000,88830997000,3434.3516,3434.3516,3322.096,3447.3882
133838000,3326.3588,3696900,39622700,7242681900,88870619700,3434.3516,3434.3516,3322.096,3447.3882
133843000,3326.3441,3369100,40206400,7246051000,88910826100,3434.3516,3434.3516,3322.096,3447.3882
133848000,3325.9045,2037500,25739200,7248088500,88936565300,3434.3516,3434.3516,3322.096,3447.3882
133853000,3326.5585,2953200,40924300,7251041700,88977489600,3434.3516,3434.3516,3322.096,3447.3882
133858000,3326.2131,2794400,31758700,7253836100,89009248300,3434.3516,3434.3516,3322.096,3447.3882
133903000,3326.1444,3405600,35194400,7257241700,89044442700,3434.3516,3434.3516,3322.096,3447.3882
133908000,3326.0604,3545700,41307600,7260787400,89085750300,3434.3516,3434.3516,3322.096,3447.3882
133913000,3325.6596,4713500,48078200,7265500900,89133828500,3434.3516,3434.3516,3322.096,3447.3882
133918000,3325.4483,2373500,25522300,7267874400,89159350800,3434.3516,3434.3516,3322.096,3447.3882
133923000,3325.7738,3148700,43159900,7271023100,89202510700,3434.3516,3434.3516,3322.096,3447.3882
133928000,3326.4008,4099600,34836200,7275122700,89237346900,3434.3516,3434.3516,3322.096,3447.3882
133933000,3325.571,3774700,37808400,7278897400,89275155300,3434.3516,3434.3516,3322.096,3447.3882
133938000,3325.8692,4018200,44184000,7282915600,89319339300,3434.3516,3434.3516,3322.096,3447.3882
133943000,3326.1917,4626600,54439000,7287542200,89373778300,3434.3516,3434.3516,3322.096,3447.3882
133948000,3326.6315,4171600,42507900,7291713800,89416286200,3434.3516,3434.3516,3322.096,3447.3882
133953000,3327.5302,6257800,78774900,7297971600,89495061100,3434.3516,3434.3516,3322.096,3447.3882
133958000,3329.3721,5182500,52752100,7303154100,89547813200,3434.3516,3434.3516,3322.096,3447.3882
134003000,3329.942,6798200,66072000,7309952300,89613885200,3434.3516,3434.3516,3322.096,3447.3882
134008000,3330.5055,7714400,68877200,7317666700,89682762400,3434.3516,3434.3516,3322.096,3447.3882
134013000,3330.9346,5493200,55492900,7323159900,89738255300,3434.3516,3434.3516,3322.096,3447.3882
134018000,3331.043,3510700,39671700,7326670600,89777927000,3434.3516,3434.3516,3322.096,3447.3882
134023000,3332.0711,2831800,33227300,7329502400,89811154300,3434.3516,3434.3516,3322.096,3447.3882
134028000,3331.7818,3301400,43342600,7332803800,89854496900,3434.3516,3434.3516,3322.096,3447.3882
134033000,3332.1926,3741300,36566500,7336545100,89891063400,3434.3516,3434.3516,3322.096,3447.3882
134038000,3333.2541,4639700,45947800,7341184800,89937011200,3434.3516,3434.3516,3322.096,3447.3882
134043000,3333.0345,4158200,38513700,7345343000,89975524900,3434.3516,3434.3516,3322.096,3447.3882
134048000,3333.447,2860200,24103800,7348203200,89999628700,3434.3516,3434.3516,3322.096,3447.3882
134053000,3334.3752,4631700,45588000,7352834900,90045216700,3434.3516,3434.3516,3322.096,3447.3882
134058000,3334.4329,2403000,28991500,7355237900,90074208200,3434.3516,3434.3516,3322.096,3447.3882
134103000,3335.1497,3090500,38123200,7358328400,90112331400,3434.3516,3434.3516,3322.096,3447.3882
134109000,3336.6303,6081200,64433900,7364409600,90176765300,3434.3516,3434.3516,3322.096,3447.3882
134113000,3337.2087,3461600,34193500,7367871200,90210958800,3434.3516,3434.3516,3322.096,3447.3882
134118000,3337.2664,2762900,35622800,7370634100,90246581600,3434.3516,3434.3516,3322.096,3447.3882
134124000,3337.6817,4506200,49663800,7375140300,90296245400,3434.3516,3434.3516,3322.096,3447.3882
134129000,3337.5591,2832400,37124600,7377972700,90333370000,3434.3516,3434.3516,3322.096,3447.3882
134134000,3338.0689,2169300,28141000,7380142000,90361511000,3434.3516,3434.3516,3322.096,3447.3882
134139000,3338.3755,2956900,38829900,7383098900,90400340900,3434.3516,3434.3516,3322.096,3447.3882
134144000,3338.7138,2750400,35824300,7385849300,90436165200,3434.3516,3434.3516,3322.096,3447.3882
134149000,3338.5256,3521800,30860500,7389371100,90467025700,3434.3516,3434.3516,3322.096,3447.3882
134154000,3339.1417,3060000,32165000,7392431100,90499190700,3434.3516,3434.3516,3322.096,3447.3882
134159000,3339.3747,2836200,33785100,7395267300,90532975800,3434.3516,3434.3516,3322.096,3447.3882
134204000,3339.9078,3851600,33690900,7399118900,90566666700,3434.3516,3434.3516,3322.096,3447.3882
134209000,3339.5568,3749700,38137100,7402868600,90604803800,3434.3516,3434.3516,3322.096,3447.3882
134214000,3340.0587,3584100,44008400,7406452700,90648812200,3434.3516,3434.3516,3322.096,3447.3882
134219000,3339.6803,2890400,30621100,7409343100,90679433300,3434.3516,3434.3516,3322.096,3447.3882
134224000,3340.7716,2590400,25740900,7411933500,90705174200,3434.3516,3434.3516,3322.096,3447.3882
134229000,3339.709,3921600,34873900,7415855100,90740048100,3434.3516,3434.3516,3322.096,3447.3882
134234000,3340.381,2371400,23565300,7418226500,90763613400,3434.3516,3434.3516,3322.096,3447.3882
134239000,3340.452,3633300,34460600,7421859800,90798074000,3434.3516,3434.3516,3322.096,3447.3882
134244000,3340.5359,3982200,42646000,7425842000,90840720000,3434.3516,3434.3516,3322.096,3447.3882
134249000,3341.1792,2929700,34742400,7428771700,90875462400,3434.3516,3434.3516,3322.096,3447.3882
134254000,3341.7611,2274500,22807900,7431046200,90898270300,3434.3516,3434.3516,3322.096,3447.3882
134259000,3342.5216,3318400,37250900,7434364600,90935521200,3434.3516,3434.3516,3322.096,3447.3882
134304000,3341.8922,3292000,31686800,7437656600,90967208000,3434.3516,3434.3516,3322.096,3447.3882
134309000,3342.1859,3757900,46282900,7441414500,91013490900,3434.3516,3434.3516,3322.096,3447.3882
134314000,3342.0606,2686100,35712800,7444100600,91049203700,3434.3516,3434.3516,3322.096,3447.3882
134319000,3341.8133,2992000,34664600,7447092600,91083868300,3434.3516,3434.3516,3322.096,3447.3882
134324000,3342.2556,2424500,22976600,7449517100,91106844900,3434.3516,3434.3516,3322.096,3447.3882
134329000,3342.2968,2473700,31079300,7451990800,91137924200,3434.3516,3434.3516,3322.096,3447.3882
134334000,3342.3075,1418100,20192400,7453408900,91158116600,3434.3516,3434.3516,3322.096,3447.3882
134339000,3342.8869,3404400,33291300,7456813300,91191407900,3434.3516,3434.3516,3322.096,3447.3882
134344000,3342.1745,3768100,48805000,7460581400,91240212900,3434.3516,3434.3516,3322.096,3447.3882
134349000,3342.3594,3290600,36059500,7463872000,91276272400,3434.3516,3434.3516,3322.096,3447.3882
134354000,3342.6476,2219800,23520000,7466091800,91299792400,3434.3516,3434.3516,3322.096,3447.3882
134359000,3342.9824,2616100,31831600,7468707900,91331624000,3434.3516,3434.3516,3322.096,3447.3882
134404000,3343.0071,1832900,27004500,7470540800,91358628500,3434.3516,3434.3516,3322.096,3447.3882
134409000,3342.8154,2253600,29807900,7472794400,91388436400,3434.3516,3434.3516,3322.096,3447.3882
134414000,3343.0824,2429200,34518400,7475223600,91422954800,3434.3516,3434.3516,3322.096,3447.3882
134419000,3343.0773,2321000,30318900,7477544600,91453273700,3434.3516,3434.3516,3322.096,3447.3882
134424000,3343.7324,2211400,28620700,7479756000,91481894400,3434.3516,3434.3516,3322.096,3447.3882
134429000,3343.9697,2341000,34427500,7482097000,91516321900,3434.3516,3434.3516,3322.096,3447.3882
134434000,3343.8234,2123300,25288500,7484220300,91541610400,3434.3516,3434.3516,3322.096,3447.3882
134439000,3344.4856,3416400,36874500,7487636700,91578484900,3434.3516,3434.3516,3322.096,3447.3882
134444000,3344.1881,2671100,37349900,7490307800,91615834800,3434.3516,3434.3516,3322.096,3447.3882
134449000,3344.7943,3760300,40888100,7494068100,91656722900,3434.3516,3434.3516,3322.096,3447.3882
134454000,3344.7945,1990000,19859200,7496058100,91676582100,3434.3516,3434.3516,3322.096,3447.3882
134459000,3344.9225,2758700,31055800,7498816800,91707637900,3434.3516,3434.3516,3322.096,3447.3882
134504000,3345.2688,2977600,25936100,7501794400,91733574000,3434.3516,3434.3516,3322.096,3447.3882
134510000,3345.1048,3550600,41340500,7505345000,91774914500,3434.3516,3434.3516,3322.096,3447.3882
134514000,3344.7234,1985600,30071000,7507330600,91804985500,3434.3516,3434.3516,3322.096,3447.3882
134520000,3344.9668,3151400,36181900,7510482000,91841167400,3434.3516,3434.3516,3322.096,3447.3882
134525000,3345.2237,2266000,24614300,7512748000,91865781700,3434.3516,3434.3516,3322.096,3447.3882
134530000,3344.8726,2752800,21158600,7515500800,91886940300,3434.3516,3434.3516,3322.096,3447.3882
134535000,3345.7795,2093100,28268000,7517593900,91915208300,3434.3516,3434.3516,3322.096,3447.3882
134540000,3345.2581,1378500,18724200,7518972400,91933932500,3434.3516,3434.3516,3322.096,3447.3882
134545000,3345.5073,2502000,29217000,7521474400,91963149500,3434.3516,3434.3516,3322.096,3447.3882
134550000,3345.3084,3882500,44589700,7525356900,92007739200,3434.3516,3434.3516,3322.096,3447.3882
134555000,3346.0148,2866300,30307400,7528223200,92038046600,3434.3516,3434.3516,3322.096,3447.3882
134600000,3345.6702,1411700,18737500,7529634900,92056784100,3434.3516,3434.3516,3322.096,3447.3882
134605000,3346.0452,2843300,28226300,7532478200,92085010400,3434.3516,3434.3516,3322.096,3447.3882
134610000,3346.2656,1801000,22730400,7534279200,92107740800,3434.3516,3434.3516,3322.096,3447.3882
134615000,3346.6297,3131000,34013000,7537410200,92141753800,3434.3516,3434.3516,3322.096,3447.3882
134620000,3346.0956,2596300,29918500,7540006500,92171672300,3434.3516,3434.3516,3322.096,3447.3882
134625000,3347.1025,3964800,38706200,7543971300,92210378500,3434.3516,3434.3516,3322.096,3447.3882
134630000,3347.5376,3044200,32799400,7547015500,92243177900,3434.3516,3434.3516,3322.096,3447.3882
134635000,3348.1258,3811700,49288600,7550827200,92292466500,3434.3516,3434.3516,3322.096,3447.3882
134640000,3349.0298,4631900,44350100,7555459100,92336816600,3434.3516,3434.3516,3322.096,3447.3882
134645000,3349.6792,4982900,42607500,7560442000,92379424100,3434.3516,3434.3516,3322.096,3447.3882
134650000,3349.437,3673700,39668100,7564115700,92419092200,3434.3516,3434.3516,3322.096,3447.3882
134655000,3349.56,3444500,36838700,7567560200,92455930900,3434.3516,3434.3516,3322.096,3447.3882
134700000,3350.2986,2874600,29000900,7570434800,92484931800,3434.3516,3434.3516,3322.096,3447.3882
134705000,3350.1244,3574800,33794900,7574009600,92518726700,3434.3516,3434.3516,3322.096,3447.3882
134710000,3350.7574,2871300,30412400,7576880900,92549139100,3434.3516,3434.3516,3322.096,3447.3882
134715000,3350.6541,2289600,31411000,7579170500,92580550100,3434.3516,3434.3516,3322.096,3447.3882
134720000,3350.9046,2444500,30052300,7581615000,92610602400,3434.3516,3434.3516,3322.096,3447.3882
134725000,3351.1233,2527500,32780000,7584142500,92643382400,3434.3516,3434.3516,3322.096,3447.3882
134730000,3351.1268,1765900,23103000,7585908400,92666485400,3434.3516,3434.3516,3322.096,3447.3882
134735000,3351.5808,3470200,46999300,7589378600,92713484700,3434.3516,3434.3516,3322.096,3447.3882
134740000,3351.5072,1808300,30013700,7591186900,92743498400,3434.3516,3434.3516,3322.096,3447.3882
134745000,3350.9806,3275000,37863000,7594461900,92781361400,3434.3516,3434.3516,3322.096,3447.3882
134750000,3351.0573,2802300,38474600,7597264200,92819836000,3434.3516,3434.3516,3322.096,3447.3882
134755000,3351.3255,3613100,38718700,7600877300,92858554700,3434.3516,3434.3516,3322.096,3447.3882
134800000,3350.7891,1643200,21807500,7602520500,92880362200,3434.3516,3434.3516,3322.096,3447.3882
134805000,3350.5598,2768400,37389300,7605288900,92917751500,3434.3516,3434.3516,3322.096,3447.3882
134810000,3350.7653,2121400,26402600,7607410300,92944154100,3434.3516,3434.3516,3322.096,3447.3882
134815000,3350.763,2217800,27520700,7609628100,92971674800,3434.3516,3434.3516,3322.096,3447.3882
134820000,3350.7198,2795800,34237600,7612423900,93005912400,3434.3516,3434.3516,3322.096,3447.3882
134825000,3350.7556,2541500,30674500,7614965400,93036586900,3434.3516,3434.3516,3322.096,3447.3882
134830000,3350.4749,3417300,27033400,7618382700,93063620300,3434.3516,3434.3516,3322.096,3447.3882
134835000,3350.3005,2321200,33736200,7620703900,93097356500,3434.3516,3434.3516,3322.096,3447.3882
134840000,3350.6396,4003900,33527000,7624707800,93130883500,3434.3516,3434.3516,3322.096,3447.3882
134845000,3348.7498,2700000,34516800,7627407800,93165400300,3434.3516,3434.3516,3322.096,3447.3882
134850000,3349.7931,3353000,39447100,7630760800,93204847400,3434.3516,3434.3516,3322.096,3447.3882
134855000,3349.7077,4533900,40451400,7635294700,93245298800,3434.3516,3434.3516,3322.096,3447.3882
134900000,3349.7668,3133900,22291000,7638428600,93267589800,3434.3516,3434.3516,3322.096,3447.3882
134905000,3349.3509,2965100,35627900,7641393700,93303217700,3434.3516,3434.3516,3322.096,3447.3882
134911000,3349.1244,6353400,45076900,7647747100,93348294600,3434.3516,3434.3516,3322.096,3447.3882
134916000,3348.1451,4247600,36568500,7651994700,93384863100,3434.3516,3434.3516,3322.096,3447.3882
134921000,3348.3381,3924600,39615000,7655919300,93424478100,3434.3516,3434.3516,3322.096,3447.3882
134926000,3347.9688,3852100,37535200,7659771400,93462013300,3434.3516,3434.3516,3322.096,3447.3882
134931000,3347.8589,2964000,32017200,7662735400,93494030500,3434.3516,3434.3516,3322.096,3447.3882
134936000,3347.8582,1433800,22420600,7664169200,93516451100,3434.3516,3434.3516,3322.096,3447.3882
134941000,3347.2058,2658500,32611500,7666827700,93549062600,3434.3516,3434.3516,3322.096,3447.3882
134946000,3347.3269,2116600,23067100,7668944300,93572129700,3434.3516,3434.3516,3322.096,3447.3882
134951000,3347.361,2896700,32039400,7671841000,93604169100,3434.3516,3434.3516,3322.096,3447.3882
134956000,3347.3604,2380900,31695200,7674221900,93635864300,3434.3516,3434.3516,3322.096,3447.3882
135001000,3346.971,1643200,18872100,7675865100,93654736400,3434.3516,3434.3516,3322.096,3447.3882
135006000,3347.1598,1908200,24103800,7677773300,93678840200,3434.3516,3434.3516,3322.096,3447.3882
135011000,3346.5567,2360500,26916800,7680133800,93705757000,3434.3516,3434.3516,3322.096,3447.3882
135016000,3346.7713,1861200,20088100,7681995000,93725845100,3434.3516,3434.3516,3322.096,3447.3882
135021000,3346.7138,2214900,36983000,7684209900,93762828100,3434.3516,3434.3516,3322.096,3447.3882
135026000,3345.9,2967500,32373300,7687177400,93795201400,3434.3516,3434.3516,3322.096,3447.3882
135031000,3345.6371,2239300,27460500,7689416700,93822661900,3434.3516,3434.3516,3322.096,3447.3882
135036000,3345.5788,1611500,20109600,7691028200,93842771500,3434.3516,3434.3516,3322.096,3447.3882
135041000,3345.5442,3412000,35483500,7694440200,93878255000,3434.3516,3434.3516,3322.096,3447.3882
135046000,3345.0963,1925400,20188200,7696365600,93898443200,3434.3516,3434.3516,3322.096,3447.3882
135051000,3345.0005,2290400,28012200,7698656000,93926455400,3434.3516,3434.3516,3322.096,3447.3882
135056000,3345.1987,2219000,27879900,7700875000,93954335300,3434.3516,3434.3516,3322.096,3447.3882
135101000,3345.2204,1647000,23646700,7702522000,93977982000,3434.3516,3434.3516,3322.096,3447.3882
135106000,3344.6285,1543600,18336400,7704065600,93996318400,3434.3516,3434.3516,3322.096,3447.3882
135111000,3344.6973,2068200,26679900,7706133800,94022998300,3434.3516,3434.3516,3322.096,3447.3882
135116000,3344.636,1511000,16603700,7707644800,94039602000,3434.3516,3434.3516,3322.096,3447.3882
135121000,3344.6356,2422400,28425900,7710067200,94068027900,3434.3516,3434.3516,3322.096,3447.3882
135126000,3344.5641,1903000,22341000,7711970200,94090368900,3434.3516,3434.3516,3322.096,3447.3882
135131000,3344.0989,1922300,24197100,7713892500,94114566000,3434.3516,3434.3516,3322.096,3447.3882
135136000,3344.7846,1410200,14937000,7715302700,94129503000,3434.3516,3434.3516,3322.096,3447.3882
135141000,3343.9935,2051300,22992400,7717354000,94152495400,3434.3516,3434.3516,3322.096,3447.3882
135146000,3344.6418,1652100,19697800,7719006100,94172193200,3434.3516,3434.3516,3322.096,3447.3882
135151000,3344.484,2452700,23003800,7721458800,94195197000,3434.3516,3434.3516,3322.096,3447.3882
135156000,3344.4261,2155000,24633700,7723613800,94219830700,3434.3516,3434.3516,3322.096,3447.3882
135201000,3344.2505,1913600,24161700,7725527400,94243992400,3434.3516,3434.3516,3322.096,3447.3882
135206000,3344.1125,1515100,19903300,7727042500,94263895700,3434.3516,3434.3516,3322.096,3447.3882
135211000,3343.9934,1612400,25298500,7728654900,94289194200,3434.3516,3434.3516,3322.096,3447.3882
135216000,3343.9363,1958400,24176400,7730613300,94313370600,3434.3516,3434.3516,3322.096,3447.3882
135221000,3343.8784,1967700,24353600,7732581000,94337724200,3434.3516,3434.3516,3322.096,3447.3882
135226000,3343.7539,1938700,32015900,7734519700,94369740100,3434.3516,3434.3516,3322.096,3447.3882
135231000,3343.5522,1498600,20674400,7736018300,94390414500,3434.3516,3434.3516,3322.096,3447.3882
135236000,3343.6667,1602100,18931600,7737620400,94409346100,3434.3516,3434.3516,3322.096,3447.3882
135241000,3344.0374,2023600,26617500,7739644000,94435963600,3434.3516,3434.3516,3322.096,3447.3882
135246000,3343.9077,2418700,26348000,7742062700,94462311600,3434.3516,3434.3516,3322.096,3447.3882
135251000,3343.6904,1880200,25217500,7743942900,94487529100,3434.3516,3434.3516,3322.096,3447.3882
135256000,3343.5371,1997900,28034700,7745940800,94515563800,3434.3516,3434.3516,3322.096,3447.3882
135302000,3343.7233,1889500,25962700,7747830300,94541526500,3434.3516,3434.3516,3322.096,3447.3882
135306000,3343.7851,1132000,14306100,7748962300,94555832600,3434.3516,3434.3516,3322.096,3447.3882
135312000,3343.8541,3078600,30909800,7752040900,94586742400,3434.3516,3434.3516,3322.096,3447.3882
135317000,3343.9237,1673300,21105900,7753714200,94607848300,3434.3516,3434.3516,3322.096,3447.3882
135322000,3343.8555,1451000,20165400,7755165200,94628013700,3434.3516,3434.3516,3322.096,3447.3882
135327000,3344.1879,1657200,19059400,7756822400,94647073100,3434.3516,3434.3516,3322.096,3447.3882
135332000,3343.3538,1668400,22618200,7758490800,94669691300,3434.3516,3434.3516,3322.096,3447.3882
135337000,3343.7573,2264000,21513800,7760754800,94691205100,3434.3516,3434.3516,3322.096,3447.3882
135342000,3343.6808,1535000,18751000,7762289800,94709956100,3434.3516,3434.3516,3322.096,3447.3882
135347000,3344.0518,2081000,23694500,7764370800,94733650600,3434.3516,3434.3516,3322.096,3447.3882
135352000,3344.4109,1556600,18954800,7765927400,94752605400,3434.3516,3434.3516,3322.096,3447.3882
135357000,3344.5752,1508900,20042300,7767436300,94772647700,3434.3516,3434.3516,3322.096,3447.3882
135402000,3343.6733,1599900,25699100,7769036200,94798346800,3434.3516,3434.3516,3322.096,3447.3882
135407000,3344.0015,2213500,25866800,7771249700,94824213600,3434.3516,3434.3516,3322.096,3447.3882
135412000,3344.0669,1625100,19627900,7772874800,94843841500,3434.3516,3434.3516,3322.096,3447.3882
135417000,3344.3258,1801600,21998500,7774676400,94865840000,3434.3516,3434.3516,3322.096,3447.3882
135422000,3344.2684,1951700,18514500,7776628100,94884354500,3434.3516,3434.3516,3322.096,3447.3882
135427000,3344.5819,2105400,28214300,7778733500,94912568800,3434.3516,3434.3516,3322.096,3447.3882
135432000,3343.752,1636000,18173700,7780369500,94930742500,3434.3516,3434.3516,3322.096,3447.3882
135437000,3343.9435,2305300,24617600,7782674800,94955360100,3434.3516,3434.3516,3322.096,3447.3882
135442000,3344.2401,2039500,22545000,7784714300,94977905100,3434.3516,3434.3516,3322.096,3447.3882
135447000,3343.5797,1815800,26868400,7786530100,95004773500,3434.3516,3434.3516,3322.096,3447.3882
135452000,3343.9992,1505700,21556200,7788035800,95026329700,3434.3516,3434.3516,3322.096,3447.3882
135457000,3344.5194,2198900,27959100,7790234700,95054288800,3434.3516,3434.3516,3322.096,3447.3882
135502000,3343.6258,2365800,28823700,7792600500,95083112500,3434.3516,3434.3516,3322.096,3447.3882
135507000,3343.374,2708700,27084000,7795309200,95110196500,3434.3516,3434.3516,3322.096,3447.3882
135512000,3343.457,1651400,16834200,7796960600,95127030700,3434.3516,3434.3516,3322.096,3447.3882
135517000,3343.8743,2002500,24116600,7798963100,95151147300,3434.3516,3434.3516,3322.096,3447.3882
135522000,3343.7619,1548200,16433300,7800511300,95167580600,3434.3516,3434.3516,3322.096,3447.3882
135527000,3343.7965,2062200,28644300,7802573500,95196224900,3434.3516,3434.3516,3322.096,3447.3882
135532000,3343.6226,1596400,21167400,7804169900,95217392300,3434.3516,3434.3516,3322.096,3447.3882
135537000,3343.53,1878100,21150800,7806048000,95238543100,3434.3516,3434.3516,3322.096,3447.3882
135542000,3343.1649,1746200,24938800,7807794200,95263481900,3434.3516,3434.3516,3322.096,3447.3882
135547000,3343.6861,1644000,24807900,7809438200,95288289800,3434.3516,3434.3516,3322.096,3447.3882
135552000,3343.5856,1159300,15257300,7810597500,95303547100,3434.3516,3434.3516,3322.096,3447.3882
135557000,3344.1654,1470100,19465400,7812067600,95323012500,3434.3516,3434.3516,3322.096,3447.3882
135602000,3344.5289,2230600,27630300,7814298200,95350642800,3434.3516,3434.3516,3322.096,3447.3882
135607000,3343.2846,2867800,30169600,7817166000,95380812400,3434.3516,3434.3516,3322.096,3447.3882
135612000,3343.1133,2016800,25869000,7819182800,95406681400,3434.3516,3434.3516,3322.096,3447.3882
135617000,3343.5769,1654400,23150300,7820837200,95429831700,3434.3516,3434.3516,3322.096,3447.3882
135622000,3343.5202,1274000,16419000,7822111200,95446250700,3434.3516,3434.3516,3322.096,3447.3882
135627000,3343.6829,1757800,23914900,7823869000,95470165600,3434.3516,3434.3516,3322.096,3447.3882
135632000,3343.7752,1834200,22208400,7825703200,95492374000,3434.3516,3434.3516,3322.096,3447.3882
135637000,3343.9944,1553300,22017400,7827256500,95514391400,3434.3516,3434.3516,3322.096,3447.3882
135642000,3343.6084,1362700,17002000,7828619200,95531393400,3434.3516,3434.3516,3322.096,3447.3882
135647000,3343.404,1733000,27459500,7830352200,95558852900,3434.3516,3434.3516,3322.096,3447.3882
135652000,3343.7454,1225300,13416900,7831577500,95572269800,3434.3516,3434.3516,3322.096,3447.3882
135657000,3344.3888,1849300,28306000,7833426800,95600575800,3434.3516,3434.3516,3322.096,3447.3882
135703000,3344.3423,1915800,28257800,7835342600,95628833600,3434.3516,3434.3516,3322.096,3447.3882
135707000,3344.2223,2050400,22705800,7837393000,95651539400,3434.3516,3434.3516,3322.096,3447.3882
135713000,3344.2551,2587200,34321800,7839980200,95685861200,3434.3516,3434.3516,3322.096,3447.3882
135718000,3344.5994,1646000,21951400,7841626200,95707812600,3434.3516,3434.3516,3322.096,3447.3882
135723000,3345.6618,2400300,32618800,7844026500,95740431400,3434.3516,3434.3516,3322.096,3447.3882
135728000,3345.6046,2189600,26572500,7846216100,95767003900,3434.3516,3434.3516,3322.096,3447.3882
135733000,3345.9445,1790500,23159500,7848006600,95790163400,3434.3516,3434.3516,3322.096,3447.3882
135738000,3346.0023,2153100,28005600,7850159700,95818169000,3434.3516,3434.3516,3322.096,3447.3882
135743000,3346.3034,1377500,22376000,7851537200,95840545000,3434.3516,3434.3516,3322.096,3447.3882
135748000,3346.2645,1282000,15488500,7852819200,95856033500,3434.3516,3434.3516,3322.096,3447.3882
135753000,3345.9539,1957500,26397200,7854776700,95882430700,3434.3516,3434.3516,3322.096,3447.3882
135758000,3346.7298,1732500,20980300,7856509200,95903411000,3434.3516,3434.3516,3322.096,3447.3882
135803000,3346.8806,2615600,25657200,7859124800,95929068200,3434.3516,3434.3516,3322.096,3447.3882
135808000,3347.0305,3200100,33890700,7862324900,95962958900,3434.3516,3434.3516,3322.096,3447.3882
135813000,3347.7712,2706700,28862000,7865031600,95991820900,3434.3516,3434.3516,3322.096,3447.3882
135818000,3347.5418,1501400,17285300,7866533000,96009106200,3434.3516,3434.3516,3322.096,3447.3882
135823000,3347.3357,2643800,36065700,7869176800,96045171900,3434.3516,3434.3516,3322.096,3447.3882
135828000,3347.2402,2124800,22038300,7871301600,96067210200,3434.3516,3434.3516,3322.096,3447.3882
135833000,3347.2166,1837600,22210700,7873139200,96089420900,3434.3516,3434.3516,3322.096,3447.3882
135838000,3348.0169,2034300,22171600,7875173500,96111592500,3434.3516,3434.3516,3322.096,3447.3882
135843000,3347.7106,2902200,27757600,7878075700,96139350100,3434.3516,3434.3516,3322.096,3447.3882
135848000,3347.8516,2216500,21574100,7880292200,96160924200,3434.3516,3434.3516,3322.096,3447.3882
135853000,3348.1247,3100600,31882300,7883392800,96192806500,3434.3516,3434.3516,3322.096,3447.3882
135858000,3347.6627,1830900,22515100,7885223700,96215321600,3434.3516,3434.3516,3322.096,3447.3882
135903000,3347.6782,2288100,25812900,7887511800,96241134500,3434.3516,3434.3516,3322.096,3447.3882
135908000,3347.9954,2392300,30826400,7889904100,96271960900,3434.3516,3434.3516,3322.096,3447.3882
135913000,3347.9608,1960000,28589000,7891864100,96300549900,3434.3516,3434.3516,3322.096,3447.3882
135918000,3347.9188,2282600,23515600,7894146700,96324065500,3434.3516,3434.3516,3322.096,3447.3882
135923000,3347.7858,2101300,29514300,7896248000,96353579800,3434.3516,3434.3516,3322.096,3447.3882
135928000,3348.1336,1310600,17881400,7897558600,96371461200,3434.3516,3434.3516,3322.096,3447.3882
135933000,3347.1417,1619900,19837400,7899178500,96391298600,3434.3516,3434.3516,3322.096,3447.3882
135938000,3347.9899,2786000,30883800,7901964500,96422182400,3434.3516,3434.3516,3322.096,3447.3882
135943000,3348.2092,1714300,19923000,7903678800,96442105400,3434.3516,3434.3516,3322.096,3447.3882
135948000,3348.3445,1183400,15187000,7904862200,96457292400,3434.3516,3434.3516,3322.096,3447.3882
135953000,3348.7179,2662200,30192100,7907524400,96487484500,3434.3516,3434.3516,3322.096,3447.3882
135958000,3348.7203,1848500,19754100,7909372900,96507238600,3434.3516,3434.3516,3322.096,3447.3882
140003000,3348.477,2030100,25569100,7911403000,96532807700,3434.3516,3434.3516,3322.096,3447.3882
140008000,3349.1212,2474700,29698300,7913877700,96562506000,3434.3516,3434.3516,3322.096,3447.3882
140013000,3349.0344,2315500,28805000,7916193200,96591311000,3434.3516,3434.3516,3322.096,3447.3882
140018000,3349.1557,2510700,28214400,7918703900,96619525400,3434.3516,3434.3516,3322.096,3447.3882
140023000,3349.8884,2817900,29237000,7921521800,96648762400,3434.3516,3434.3516,3322.096,3447.3882
140028000,3350.273,2400400,23130100,7923922200,96671892500,3434.3516,3434.3516,3322.096,3447.3882
140033000,3350.0281,2218500,24889400,7926140700,96696781900,3434.3516,3434.3516,3322.096,3447.3882
140038000,3349.7839,2714100,29138900,7928854800,96725920800,3434.3516,3434.3516,3322.096,3447.3882
140043000,3350.7239,1841900,24539600,7930696700,96750460400,3434.3516,3434.3516,3322.096,3447.3882
140049000,3350.5914,1778000,29456800,7932474700,96779917200,3434.3516,3434.3516,3322.096,3447.3882
140053000,3351.1885,1691800,22297800,7934166500,96802215000,3434.3516,3434.3516,3322.096,3447.3882
140058000,3351.1841,1909600,21002800,7936076100,96823217800,3434.3516,3434.3516,3322.096,3447.3882
140104000,3351.1061,2392700,31441700,7938468800,96854659500,3434.3516,3434.3516,3322.096,3447.3882
140109000,3351.1456,3019600,32009400,7941488400,96886668900,3434.3516,3434.3516,3322.096,3447.3882
140114000,3350.9016,3046400,40484800,7944534800,96927153700,3434.3516,3434.3516,3322.096,3447.3882
140119000,3350.9291,1954200,27002900,7946489000,96954156600,3434.3516,3434.3516,3322.096,3447.3882
140124000,3350.9839,2336700,29632800,7948825700,96983789400,3434.3516,3434.3516,3322.096,3447.3882
140129000,3349.6273,2640500,43764700,7951466200,97027554100,3434.3516,3434.3516,3322.096,3447.3882
140134000,3349.9715,3027700,47007500,7954493900,97074561600,3434.3516,3434.3516,3322.096,3447.3882
140139000,3348.4952,3955700,50060600,7958449600,97124622200,3434.3516,3434.3516,3322.096,3447.3882
140144000,3347.3666,3694400,51396200,7962144000,97176018400,3434.3516,3434.3516,3322.096,3447.3882
140149000,3347.6541,4738100,61422800,7966882100,97237441200,3434.3516,3434.3516,3322.096,3447.3882
140154000,3347.5781,3210200,34020300,7970092300,97271461500,3434.3516,3434.3516,3322.096,3447.3882
140159000,3347.1349,3619100,48555300,7973711400,97320016800,3434.3516,3434.3516,3322.096,3447.3882
140204000,3347.6166,2726400,38008900,7976437800,97358025700,3434.3516,3434.3516,3322.096,3447.3882
140209000,3347.2682,3693700,40869600,7980131500,97398895300,3434.3516,3434.3516,3322.096,3447.3882
140214000,3347.345,4518000,55357800,7984649500,97454253100,3434.3516,3434.3516,3322.096,3447.3882
140219000,3346.6864,3287000,40773800,7987936500,97495026900,3434.3516,3434.3516,3322.096,3447.3882
140224000,3347.1325,1857100,25137500,7989793600,97520164400,3434.3516,3434.3516,3322.096,3447.3882
140229000,3347.2885,2100500,29538000,7991894100,97549702400,3434.3516,3434.3516,3322.096,3447.3882
140234000,3346.9523,1481300,19056900,7993375400,97568759300,3434.3516,3434.3516,3322.096,3447.3882
140239000,3347.2001,2624600,30014600,7996000000,97598773900,3434.3516,3434.3516,3322.096,3447.3882
140244000,3346.9619,2970700,32857600,7998970700,97631631500,3434.3516,3434.3516,3322.096,3447.3882
140249000,3345.7238,3105500,38210100,8002076200,97669841600,3434.3516,3434.3516,3322.096,3447.3882
140254000,3346.4839,1765900,21767800,8003842100,97691609400,3434.3516,3434.3516,3322.096,3447.3882
140259000,3346.7154,2355900,31918400,8006198000,97723527800,3434.3516,3434.3516,3322.096,3447.3882
140304000,3346.5556,1765500,24081100,8007963500,97747608900,3434.3516,3434.3516,3322.096,3447.3882
140309000,3345.9429,2179700,33786900,8010143200,97781395800,3434.3516,3434.3516,3322.096,3447.3882
140314000,3346.1802,2865500,34063300,8013008700,97815459100,3434.3516,3434.3516,3322.096,3447.3882
140319000,3345.8649,2081400,27512000,8015090100,97842971100,3434.3516,3434.3516,3322.096,3447.3882
140324000,3345.6301,1754300,20991500,8016844400,97863962600,3434.3516,3434.3516,3322.096,3447.3882
140329000,3346.3678,1951700,26107700,8018796100,97890070300,3434.3516,3434.3516,3322.096,3447.3882
140334000,3345.9565,1650000,20815400,8020446100,97910885700,3434.3516,3434.3516,3322.096,3447.3882
140339000,3346.2147,1972600,25842500,8022418700,97936728200,3434.3516,3434.3516,3322.096,3447.3882
140344000,3346.1803,2204800,28692900,8024623500,97965421100,3434.3516,3434.3516,3322.096,3447.3882
140349000,3346.3341,1863100,21700900,8026486600,97987122000,3434.3516,3434.3516,3322.096,3447.3882
140354000,3345.9956,1056800,17526100,8027543400,98004648100,3434.3516,3434.3516,3322.096,3447.3882
140359000,3345.3643,2217500,31476900,8029760900,98036125000,3434.3516,3434.3516,3322.096,3447.3882
140404000,3345.8902,1677100,18763500,8031438000,98054888500,3434.3516,3434.3516,3322.096,3447.3882
140409000,3346.2277,1420900,22047600,8032858900,98076936100,3434.3516,3434.3516,3322.096,3447.3882
140414000,3346.1889,2215600,28816600,8035074500,98105752700,3434.3516,3434.3516,3322.096,3447.3882
140419000,3345.9108,2066800,26563700,8037141300,98132316400,3434.3516,3434.3516,3322.096,3447.3882
140424000,3346.0865,1569200,17038000,8038710500,98149354400,3434.3516,3434.3516,3322.096,3447.3882
140429000,3345.3706,1881400,25941500,8040591900,98175295900,3434.3516,3434.3516,3322.096,3447.3882
140434000,3345.4803,1557200,18761700,8042149100,98194057600,3434.3516,3434.3516,3322.096,3447.3882
140439000,3346.2832,1417900,20076200,8043567000,98214133800,3434.3516,3434.3516,3322.096,3447.3882
140444000,3345.8301,1564600,20355700,8045131600,98234489500,3434.3516,3434.3516,3322.096,3447.3882
140449000,3345.9977,3119400,32888500,8048251000,98267378000,3434.3516,3434.3516,3322.096,3447.3882
140454000,3346.0368,1685300,19302000,8049936300,98286680000,3434.3516,3434.3516,3322.096,3447.3882
140500000,3345.1899,1979100,27361800,8051915400,98314041800,3434.3516,3434.3516,3322.096,3447.3882
140504000,3345.4179,1195300,17401500,8053110700,98331443300,3434.3516,3434.3516,3322.096,3447.3882
140510000,3346.5083,1702800,22861400,8054813500,98354304700,3434.3516,3434.3516,3322.096,3447.3882
140515000,3345.9707,1617500,21750900,8056431000,98376055600,3434.3516,3434.3516,3322.096,3447.3882
140520000,3345.9148,1843200,28775500,8058274200,98404831100,3434.3516,3434.3516,3322.096,3447.3882
140525000,3346.5455,2308900,26645900,8060583100,98431477000,3434.3516,3434.3516,3322.096,3447.3882
140530000,3346.3803,7390700,25721800,8067973800,98457198800,3434.3516,3434.3516,3322.096,3447.3882
140535000,3345.3029,1832900,25943600,8069806700,98483142400,3434.3516,3434.3516,3322.096,3447.3882
140540000,3346.3248,1427900,16776800,8071234600,98499919200,3434.3516,3434.3516,3322.096,3447.3882
140545000,3346.3337,1488900,21768800,8072723500,98521688000,3434.3516,3434.3516,3322.096,3447.3882
140550000,3345.6843,2089900,28929600,8074813400,98550617600,3434.3516,3434.3516,3322.096,3447.3882
140555000,3346.9299,1933600,24158800,8076747000,98574776400,3434.3516,3434.3516,3322.096,3447.3882
140600000,3346.4559,1608400,20106200,8078355400,98594882600,3434.3516,3434.3516,3322.096,3447.3882
140605000,3346.7206,1329200,20709700,8079684600,98615592300,3434.3516,3434.3516,3322.096,3447.3882
140610000,3346.2145,1345000,13925200,8081029600,98629517500,3434.3516,3434.3516,3322.096,3447.3882
140615000,3346.3464,1596400,23578500,8082626000,98653096000,3434.3516,3434.3516,3322.096,3447.3882
140620000,3346.298,1786300,28663800,8084412300,98681759800,3434.3516,3434.3516,3322.096,3447.3882
140625000,3346.6133,1350600,18595300,8085762900,98700355100,3434.3516,3434.3516,3322.096,3447.3882
140630000,3346.2789,1198300,17177300,8086961200,98717532400,3434.3516,3434.3516,3322.096,3447.3882
140635000,3345.6922,3163900,35426600,8090125100,98752959000,3434.3516,3434.3516,3322.096,3447.3882
140640000,3345.0357,2300900,24087900,8092426000,98777046900,3434.3516,3434.3516,3322.096,3447.3882
140645000,3345.4704,2387200,29819200,8094813200,98806866100,3434.3516,3434.3516,3322.096,3447.3882
140650000,3345.1269,2222200,30887300,8097035400,98837753400,3434.3516,3434.3516,3322.096,3447.3882
140655000,3345.0214,1818400,31985600,8098853800,98869739000,3434.3516,3434.3516,3322.096,3447.3882
140700000,3345.5774,1782000,24528000,8100635800,98894267000,3434.3516,3434.3516,3322.096,3447.3882
140705000,3345.5411,2145200,27601000,8102781000,98921868000,3434.3516,3434.3516,3322.096,3447.3882
140710000,3345.4815,1664200,16643800,8104445200,98938511800,3434.3516,3434.3516,3322.096,3447.3882
140715000,3344.8007,2400600,31329100,8106845800,98969840900,3434.3516,3434.3516,3322.096,3447.3882
140720000,3345.0515,2726200,35112300,8109572000,99004953200,3434.3516,3434.3516,3322.096,3447.3882
140725000,3345.1595,1586000,20723800,8111158000,99025677000,3434.3516,3434.3516,3322.096,3447.3882
140730000,3345.259,2387400,25301700,8113545400,99050978700,3434.3516,3434.3516,3322.096,3447.3882
140735000,3345.1002,1886900,24791900,8115432300,99075770600,3434.3516,3434.3516,3322.096,3447.3882
140740000,3345.5391,1566700,18700400,8116999000,99094471000,3434.3516,3434.3516,3322.096,3447.3882
140745000,3345.0002,1732800,21282700,8118731800,99115753700,3434.3516,3434.3516,3322.096,3447.3882
140750000,3344.9412,1798200,25941400,8120530000,99141695100,3434.3516,3434.3516,3322.096,3447.3882
140755000,3345.1864,1604800,25575100,8122134800,99167270200,3434.3516,3434.3516,3322.096,3447.3882
140800000,3345.2483,1680500,21081200,8123815300,99188351400,3434.3516,3434.3516,3322.096,3447.3882
140805000,3345.3011,1605400,24731000,8125420700,99213082400,3434.3516,3434.3516,3322.096,3447.3882
140810000,3345.6087,1877200,19746900,8127297900,99232829300,3434.3516,3434.3516,3322.096,3447.3882
140815000,3345.4875,1877600,25472900,8129175500,99258302200,3434.3516,3434.3516,3322.096,3447.3882
140820000,3344.9919,2036700,29037100,8131212200,99287339300,3434.3516,3434.3516,3322.096,3447.3882
140825000,3345.8557,1700200,26918300,8132912400,99314257600,3434.3516,3434.3516,3322.096,3447.3882
140830000,3346.5616,1731100,21887700,8134643500,99336145300,3434.3516,3434.3516,3322.096,3447.3882
140835000,3345.7937,1870600,30739900,8136514100,99366885200,3434.3516,3434.3516,3322.096,3447.3882
140840000,3346.3709,1238100,17226700,8137752200,99384111900,3434.3516,3434.3516,3322.096,3447.3882
140845000,3346.0943,1490600,19591100,8139242800,99403703000,3434.3516,3434.3516,3322.096,3447.3882
140850000,3346.1584,1526900,23302100,8140769700,99427005100,3434.3516,3434.3516,3322.096,3447.3882
140855000,3345.9426,1494400,21539600,8142264100,99448544700,3434.3516,3434.3516,3322.096,3447.3882
140901000,3346.3899,2171500,38318800,8144435600,99486863500,3434.3516,3434.3516,3322.096,3447.3882
140906000,3346.6318,1355700,18224600,8145791300,99505088100,3434.3516,3434.3516,3322.096,3447.3882
140911000,3346.9434,2115100,27598100,8147906400,99532686200,3434.3516,3434.3516,3322.096,3447.3882
140916000,3348.1348,3818700,38253700,8151725100,99570939900,3434.3516,3434.3516,3322.096,3447.3882
140921000,3349.763,6786900,69427000,8158512000,99640366900,3434.3516,3434.3516,3322.096,3447.3882
140926000,3350.2879,6665700,90993500,8165177700,99731360400,3434.3516,3434.3516,3322.096,3447.3882
140931000,3351.6148,5707800,66674700,8170885500,99798035100,3434.3516,3434.3516,3322.096,3447.3882
140936000,3352.2839,5335200,50641600,8176220700,99848676700,3434.3516,3434.3516,3322.096,3447.3882
140941000,3352.2477,3371000,53242400,8179591700,99901919100,3434.3516,3434.3516,3322.096,3447.3882
140946000,3352.9363,3418900,41858200,8183010600,99943777300,3434.3516,3434.3516,3322.096,3447.3882
140951000,3353.6031,3663000,47181600,8186673600,99990958900,3434.3516,3434.3516,3322.096,3447.3882
140956000,3354.2262,4942000,52480500,8191615600,100043439400,3434.3516,3434.3516,3322.096,3447.3882
141001000,3354.2982,4756200,51530900,8196371800,100094970300,3434.3516,3434.3516,3322.096,3447.3882
141006000,3356.1649,4743700,49453300,8201115500,100144423600,3434.3516,3434.3516,3322.096,3447.3882
141011000,3356.1907,5175500,59608900,8206291000,100204032500,3434.3516,3434.3516,3322.096,3447.3882
141016000,3356.7564,3460700,36235800,8209751700,100240268300,3434.3516,3434.3516,3322.096,3447.3882
141021000,3357.1232,4925300,50382000,8214677000,100290650300,3434.3516,3434.3516,3322.096,3447.3882
141026000,3357.533,3918900,39973500,8218595900,100330623800,3434.3516,3434.3516,3322.096,3447.3882
141031000,3357.0971,5564100,50671200,8224160000,100381295000,3434.3516,3434.3516,3322.096,3447.3882
141036000,3357.3878,2691600,32297400,8226851600,100413592400,3434.3516,3434.3516,3322.096,3447.3882
141041000,3358.2834,3180300,40789600,8230031900,100454382000,3434.3516,3434.3516,3322.096,3447.3882
141046000,3358.5602,2843600,44128400,8232875500,100498510400,3434.3516,3434.3516,3322.096,3447.3882
141051000,3358.781,2795500,36237900,8235671000,100534748300,3434.3516,3434.3516,3322.096,3447.3882
141056000,3359.0741,3326600,47436000,8238997600,100582184300,3434.3516,3434.3516,3322.096,3447.3882
141101000,3359.8325,4503300,49945700,8243500900,100632130000,3434.3516,3434.3516,3322.096,3447.3882
141106000,3359.4656,2456700,26660600,8245957600,100658790600,3434.3516,3434.3516,3322.096,3447.3882
141111000,3360.4718,3568600,47322500,8249526200,100706113100,3434.3516,3434.3516,3322.096,3447.3882
141116000,3360.6265,2968600,31736000,8252494800,100737849100,3434.3516,3434.3516,3322.096,3447.3882
141121000,3360.7403,3987300,42882700,8256482100,100780731800,3434.3516,3434.3516,3322.096,3447.3882
141126000,3360.8848,3812600,48079900,8260294700,100828811700,3434.3516,3434.3516,3322.096,3447.3882
141131000,3361.2429,3309500,41475500,8263604200,100870287200,3434.3516,3434.3516,3322.096,3447.3882
141136000,3360.7825,3248300,31110200,8266852500,100901397400,3434.3516,3434.3516,3322.096,3447.3882
141141000,3361.1264,3315300,42420600,8270167800,100943818000,3434.3516,3434.3516,3322.096,3447.3882
141146000,3361.4904,2326200,31594000,8272494000,100975412000,3434.3516,3434.3516,3322.096,3447.3882
141151000,3361.8145,3384800,42999600,8275878800,101018411600,3434.3516,3434.3516,3322.096,3447.3882
141156000,3362.2194,3108800,48029800,8278987600,101066441400,3434.3516,3434.3516,3322.096,3447.3882
141201000,3362.6133,3559900,41893700,8282547500,101108335100,3434.3516,3434.3516,3322.096,3447.3882
141206000,3362.7143,3690400,48762600,8286237900,101157097700,3434.3516,3434.3516,3322.096,3447.3882
141211000,3362.322,4286800,43844900,8290524700,101200942600,3434.3516,3434.3516,3322.096,3447.3882
141216000,3362.8209,3503700,34656500,8294028400,101235599100,3434.3516,3434.3516,3322.096,3447.3882
141221000,3362.9546,2956400,44825100,8296984800,101280424200,3434.3516,3434.3516,3322.096,3447.3882
141226000,3363.1042,5189600,45940500,8302174400,101326364700,3434.3516,3434.3516,3322.096,3447.3882
141231000,3363.5278,4738800,44435900,8306913200,101370800600,3434.3516,3434.3516,3322.096,3447.3882
141236000,3362.0843,6009900,49771300,8312923100,101420571900,3434.3516,3434.3516,3322.096,3447.3882
141241000,3362.7341,3696800,42728300,8316619900,101463300200,3434.3516,3434.3516,3322.096,3447.3882
141247000,3362.7641,4502000,42220600,8321121900,101505520800,3434.3516,3434.3516,3322.096,3447.3882
141251000,3361.9505,2511700,29407600,8323633600,101534928400,3434.3516,3434.3516,3322.096,3447.3882
141256000,3362.7259,5537900,46118600,8329171500,101581047000,3434.3516,3434.3516,3322.096,3447.3882
141302000,3361.9967,3275400,43412800,8332446900,101624459800,3434.3516,3434.3516,3322.096,3447.3882
141307000,3362.231,3602000,43436800,8336048900,101667896600,3434.3516,3434.3516,3322.096,3447.3882
141312000,3362.3943,1727000,23837600,8337775900,101691734200,3434.3516,3434.3516,3322.096,3447.3882
141317000,3361.5382,3556000,43330800,8341331900,101735065000,3434.3516,3434.3516,3322.096,3447.3882
141322000,3361.7907,2559500,25489700,8343891400,101760554700,3434.3516,3434.3516,3322.096,3447.3882
141327000,3362.0212,3435500,35229100,8347326900,101795783800,3434.3516,3434.3516,3322.096,3447.3882
141332000,3362.0176,3660500,39056100,8350987400,101834839900,3434.3516,3434.3516,3322.096,3447.3882
141337000,3361.8828,4340600,42737500,8355328000,101877577400,3434.3516,3434.3516,3322.096,3447.3882
141342000,3361.9333,2634700,29526300,8357962700,101907103700,3434.3516,3434.3516,3322.096,3447.3882
141347000,3361.5155,2254500,35206300,8360217200,101942310000,3434.3516,3434.3516,3322.096,3447.3882
141352000,3360.8502,2105600,28003600,8362322800,101970313600,3434.3516,3434.3516,3322.096,3447.3882
141357000,3360.3643,3444300,40995500,8365767100,102011309100,3434.3516,3434.3516,3322.096,3447.3882
141402000,3359.9237,3299800,45396800,8369066900,102056705900,3434.3516,3434.3516,3322.096,3447.3882
141407000,3360.0994,3075000,36766100,8372141900,102093472000,3434.3516,3434.3516,3322.096,3447.3882
141412000,3360.2326,2669400,28236700,8374811300,102121708700,3434.3516,3434.3516,3322.096,3447.3882
141417000,3360.1713,2591700,36378100,8377403000,102158086800,3434.3516,3434.3516,3322.096,3447.3882
141422000,3359.8141,2420300,24418900,8379823300,102182505700,3434.3516,3434.3516,3322.096,3447.3882
141427000,3359.9045,2409700,25492800,8382233000,102207998500,3434.3516,3434.3516,3322.096,3447.3882
141432000,3359.9152,2004800,26744200,8384237800,102234742700,3434.3516,3434.3516,3322.096,3447.3882
141437000,3359.6883,2265300,28581500,8386503100,102263324200,3434.3516,3434.3516,3322.096,3447.3882
141442000,3360.0592,1964500,19963800,8388467600,102283288000,3434.3516,3434.3516,3322.096,3447.3882
141447000,3359.9657,2132800,32369800,8390600400,102315657800,3434.3516,3434.3516,3322.096,3447.3882
141452000,3359.7352,1630700,18682100,8392231100,102334339900,3434.3516,3434.3516,3322.096,3447.3882
141457000,3359.4795,1901200,24230000,8394132300,102358569900,3434.3516,3434.3516,3322.096,3447.3882
141502000,3359.349,1845200,24848800,8395977500,102383418700,3434.3516,3434.3516,3322.096,3447.3882
141507000,3359.2704,2168000,25700800,8398145500,102409119500,3434.3516,3434.3516,3322.096,3447.3882
141512000,3359.6129,1789700,20281000,8399935200,102429400500,3434.3516,3434.3516,3322.096,3447.3882
141517000,3359.4204,2601700,31565200,8402536900,102460965700,3434.3516,3434.3516,3322.096,3447.3882
141522000,3359.1346,1461500,18752000,8403998400,102479717700,3434.3516,3434.3516,3322.096,3447.3882
141527000,3359.0587,1719500,22788300,8405717900,102502506000,3434.3516,3434.3516,3322.096,3447.3882
141532000,3358.912,1619200,20004000,8407337100,102522510000,3434.3516,3434.3516,3322.096,3447.3882
141537000,3358.7976,4346800,32831000,8411683900,102555341000,3434.3516,3434.3516,3322.096,3447.3882
141542000,3358.8385,2172300,18667100,8413856200,102574008100,3434.3516,3434.3516,3322.096,3447.3882
141547000,3359.3442,3026900,30629200,8416883100,102604637300,3434.3516,3434.3516,3322.096,3447.3882
141552000,3358.4907,1921000,19060300,8418804100,102623697600,3434.3516,3434.3516,3322.096,3447.3882
141557000,3358.6506,1870000,25443800,8420674100,102649141400,3434.3516,3434.3516,3322.096,3447.3882
141602000,3358.5921,1918700,30683700,8422592800,102679825100,3434.3516,3434.3516,3322.096,3447.3882
141607000,3358.6785,2062700,28613900,8424655500,102708439000,3434.3516,3434.3516,3322.096,3447.3882
141612000,3359.061,1695700,18782000,8426351200,102727221000,3434.3516,3434.3516,3322.096,3447.3882
141617000,3359.1271,1852500,25351400,8428203700,102752572400,3434.3516,3434.3516,3322.096,3447.3882
141622000,3359.0628,1404000,16857200,8429607700,102769429600,3434.3516,3434.3516,3322.096,3447.3882
141627000,3359.137,1538700,22394000,8431146400,102791823600,3434.3516,3434.3516,3322.096,3447.3882
141632000,3358.5541,2100800,30336800,8433247200,102822160400,3434.3516,3434.3516,3322.096,3447.3882
141638000,3357.9563,2702900,27574200,8435950100,102849734600,3434.3516,3434.3516,3322.096,3447.3882
141642000,3358.3549,2351400,23414800,8438301500,102873149400,3434.3516,3434.3516,3322.096,3447.3882
141647000,3358.009,1526200,25573300,8439827700,102898722700,3434.3516,3434.3516,3322.096,3447.3882
141653000,3358.1626,2567500,31171500,8442395200,102929894200,3434.3516,3434.3516,3322.096,3447.3882
141658000,3357.0171,2086400,25299100,8444481600,102955193300,3434.3516,3434.3516,3322.096,3447.3882
141703000,3357.3612,1984800,28051300,8446466400,102983244600,3434.3516,3434.3516,3322.096,3447.3882
141708000,3357.0771,1807500,29899200,8448273900,103013143800,3434.3516,3434.3516,3322.096,3447.3882
141713000,3357.0167,3536800,39485800,8451810700,103052629600,3434.3516,3434.3516,3322.096,3447.3882
141718000,3357.1584,1204900,16656800,8453015600,103069286400,3434.3516,3434.3516,3322.096,3447.3882
141723000,3356.3663,2215300,31436000,8455230900,103100722400,3434.3516,3434.3516,3322.096,3447.3882
141728000,3355.6584,1781900,26978900,8457012800,103127701300,3434.3516,3434.3516,3322.096,3447.3882
141733000,3355.4311,2410600,31940000,8459423400,103159641300,3434.3516,3434.3516,3322.096,3447.3882
141738000,3355.2963,2761000,33619100,8462184400,103193260400,3434.3516,3434.3516,3322.096,3447.3882
141743000,3355.1199,2635400,37811700,8464819800,103231072100,3434.3516,3434.3516,3322.096,3447.3882
141748000,3354.6879,2886600,31630400,8467706400,103262702500,3434.3516,3434.3516,3322.096,3447.3882
141753000,3353.6727,3212100,45944400,8470918500,103308646900,3434.3516,3434.3516,3322.096,3447.3882
141758000,3353.8419,1904700,23524100,8472823200,103332171000,3434.3516,3434.3516,3322.096,3447.3882
141803000,3353.8889,2989100,36393300,8475812300,103368564300,3434.3516,3434.3516,3322.096,3447.3882
141808000,3354.0017,2264700,27871400,8478077000,103396435700,3434.3516,3434.3516,3322.096,3447.3882
141813000,3353.247,3223400,30644600,8481300400,103427080300,3434.3516,3434.3516,3322.096,3447.3882
141818000,3353.5838,1680000,18350600,8482980400,103445430900,3434.3516,3434.3516,3322.096,3447.3882
141823000,3353.8325,1757500,23476600,8484737900,103468907500,3434.3516,3434.3516,3322.096,3447.3882
141828000,3353.7042,1219500,16314000,8485957400,103485221500,3434.3516,3434.3516,3322.096,3447.3882
141833000,3353.4842,2054600,23980600,8488012000,103509202100,3434.3516,3434.3516,3322.096,3447.3882
141838000,3353.0365,2117500,31891100,8490129500,103541093200,3434.3516,3434.3516,3322.096,3447.3882
141843000,3353.2272,2034200,31646500,8492163700,103572739700,3434.3516,3434.3516,3322.096,3447.3882
141848000,3352.4808,1647500,20956800,8493811200,103593696500,3434.3516,3434.3516,3322.096,3447.3882
141853000,3353.1723,1669500,28901700,8495480700,103622598200,3434.3516,3434.3516,3322.096,3447.3882
141858000,3352.3951,1155500,18320300,8496636200,103640918500,3434.3516,3434.3516,3322.096,3447.3882
141903000,3352.9583,1592900,20926200,8498229100,103661844700,3434.3516,3434.3516,3322.096,3447.3882
141908000,3352.8575,2455600,40617700,8500684700,103702462400,3434.3516,3434.3516,3322.096,3447.3882
141913000,3352.9638,1949100,24201800,8502633800,103726664200,3434.3516,3434.3516,3322.096,3447.3882
141918000,3352.6947,1243300,16048800,8503877100,103742713000,3434.3516,3434.3516,3322.096,3447.3882
141923000,3352.3989,1770000,24589000,8505647100,103767302000,3434.3516,3434.3516,3322.096,3447.3882
141928000,3352.6442,2093300,20173500,8507740400,103787475500,3434.3516,3434.3516,3322.096,3447.3882
141933000,3352.9457,1407000,22276400,8509147400,103809751900,3434.3516,3434.3516,3322.096,3447.3882
141938000,3352.4641,1646500,21754700,8510793900,103831506600,3434.3516,3434.3516,3322.096,3447.3882
141943000,3352.916,1825000,25093000,8512618900,103856599600,3434.3516,3434.3516,3322.096,3447.3882
141948000,3352.8916,1315900,17260000,8513934800,103873859600,3434.3516,3434.3516,3322.096,3447.3882
141953000,3352.2624,1605500,31559700,8515540300,103905419300,3434.3516,3434.3516,3322.096,3447.3882
141958000,3352.4591,1546100,24915900,8517086400,103930335200,3434.3516,3434.3516,3322.096,3447.3882
142003000,3352.0048,1687300,20453700,8518773700,103950788900,3434.3516,3434.3516,3322.096,3447.3882
142008000,3352.3261,1809400,21942100,8520583100,103972731000,3434.3516,3434.3516,3322.096,3447.3882
142013000,3352.2906,2272200,28007800,8522855300,104000738800,3434.3516,3434.3516,3322.096,3447.3882
142018000,3352.7927,1398100,16046000,8524253400,104016784800,3434.3516,3434.3516,3322.096,3447.3882
142023000,3351.7858,1851600,26682300,8526105000,104043467100,3434.3516,3434.3516,3322.096,3447.3882
142028000,3352.0085,1424700,19608300,8527529700,104063075400,3434.3516,3434.3516,3322.096,3447.3882
142033000,3351.6001,2095100,28196300,8529624800,104091271700,3434.3516,3434.3516,3322.096,3447.3882
142038000,3352.1554,1865100,26156200,8531489900,104117427900,3434.3516,3434.3516,3322.096,3447.3882
142043000,3352.4354,1482800,23052300,8532972700,104140480200,3434.3516,3434.3516,3322.096,3447.3882
142049000,3352.2303,2207100,23797300,8535179800,104164277500,3434.3516,3434.3516,3322.096,3447.3882
142054000,3352.2063,1331200,15200800,8536511000,104179478300,3434.3516,3434.3516,3322.096,3447.3882
142059000,3351.621,1472900,24293500,8537983900,104203771800,3434.3516,3434.3516,3322.096,3447.3882
142104000,3351.7947,1394300,19943900,8539378200,104223715700,3434.3516,3434.3516,3322.096,3447.3882
142109000,3352.0613,2670800,25805900,8542049000,104249521600,3434.3516,3434.3516,3322.096,3447.3882
142114000,3352.1106,2115700,26554900,8544164700,104276076500,3434.3516,3434.3516,3322.096,3447.3882
142119000,3352.3317,1611700,25469600,8545776400,104301546100,3434.3516,3434.3516,3322.096,3447.3882
142124000,3352.6658,1302400,15527400,8547078800,104317073500,3434.3516,3434.3516,3322.096,3447.3882
142129000,3352.2932,2601000,27200000,8549679800,104344273500,3434.3516,3434.3516,3322.096,3447.3882
142134000,3352.1105,1431100,15706300,8551110900,104359979800,3434.3516,3434.3516,3322.096,3447.3882
142139000,3351.9751,1439500,16600100,8552550400,104376579900,3434.3516,3434.3516,3322.096,3447.3882
142144000,3352.1369,2281200,28444800,8554831600,104405024700,3434.3516,3434.3516,3322.096,3447.3882
142149000,3352.3839,1852900,23305500,8556684500,104428330200,3434.3516,3434.3516,3322.096,3447.3882
142154000,3352.3398,1437300,14154200,8558121800,104442484400,3434.3516,3434.3516,3322.096,3447.3882
142159000,3352.531,1767500,18475100,8559889300,104460959500,3434.3516,3434.3516,3322.096,3447.3882
142204000,3352.0701,1238400,17333000,8561127700,104478292500,3434.3516,3434.3516,3322.096,3447.3882
142209000,3352.485,1552100,24787700,8562679800,104503080200,3434.3516,3434.3516,3322.096,3447.3882
142214000,3352.5612,2084600,25063500,8564764400,104528143700,3434.3516,3434.3516,3322.096,3447.3882
142219000,3352.8139,2035600,21570800,8566800000,104549714500,3434.3516,3434.3516,3322.096,3447.3882
142224000,3352.7215,1489300,19592200,8568289300,104569306700,3434.3516,3434.3516,3322.096,3447.3882
142229000,3352.6089,1386700,23745300,8569676000,104593052000,3434.3516,3434.3516,3322.096,3447.3882
142234000,3352.6747,1233100,17783300,8570909100,104610835300,3434.3516,3434.3516,3322.096,3447.3882
142239000,3352.1351,1838000,22229400,8572747100,104633064700,3434.3516,3434.3516,3322.096,3447.3882
142244000,3352.643,1694700,22716900,8574441800,104655781600,3434.3516,3434.3516,3322.096,3447.3882
142249000,3352.6954,1808800,24013500,8576250600,104679795100,3434.3516,3434.3516,3322.096,3447.3882
142254000,3352.6107,1174000,15571900,8577424600,104695367000,3434.3516,3434.3516,3322.096,3447.3882
142259000,3352.5795,1807000,22878500,8579231600,104718245500,3434.3516,3434.3516,3322.096,3447.3882
142304000,3352.6028,1828400,24178000,8581060000,104742423500,3434.3516,3434.3516,3322.096,3447.3882
142309000,3352.2147,3130300,33993900,8584190300,104776417400,3434.3516,3434.3516,3322.096,3447.3882
142314000,3351.8197,2138900,27091400,8586329200,104803508800,3434.3516,3434.3516,3322.096,3447.3882
142319000,3351.3675,1687600,22857900,8588016800,104826366700,3434.3516,3434.3516,3322.096,3447.3882
142324000,3351.5338,1834000,24333800,8589850800,104850700500,3434.3516,3434.3516,3322.096,3447.3882
142329000,3351.1717,2097400,26913500,8591948200,104877614000,3434.3516,3434.3516,3322.096,3447.3882
142334000,3350.9314,1688600,23704000,8593636800,104901318000,3434.3516,3434.3516,3322.096,3447.3882
142339000,3350.7619,2447500,32030400,8596084300,104933348400,3434.3516,3434.3516,3322.096,3447.3882
142344000,3350.4424,2194200,30125800,8598278500,104963474200,3434.3516,3434.3516,3322.096,3447.3882
142349000,3349.9561,3505700,40211900,8601784200,105003686100,3434.3516,3434.3516,3322.096,3447.3882
142354000,3350.3701,3434500,32621400,8605218700,105036307500,3434.3516,3434.3516,3322.096,3447.3882
142359000,3350.1015,2656100,28666800,8607874800,105064974300,3434.3516,3434.3516,3322.096,3447.3882
142404000,3349.7024,1769600,20609800,8609644400,105085584100,3434.3516,3434.3516,3322.096,3447.3882
142409000,3350.2604,2995100,42210900,8612639500,105127795000,3434.3516,3434.3516,3322.096,3447.3882
142414000,3349.4888,2649900,35338600,8615289400,105163133600,3434.3516,3434.3516,3322.096,3447.3882
142419000,3349.9747,2484000,28262300,8617773400,105191395900,3434.3516,3434.3516,3322.096,3447.3882
142424000,3350.0323,1479000,17312100,8619252400,105208708000,3434.3516,3434.3516,3322.096,3447.3882
142429000,3349.9021,2317700,29324700,8621570100,105238032700,3434.3516,3434.3516,3322.096,3447.3882
142434000,3350.056,1839700,22132600,8623409800,105260165300,3434.3516,3434.3516,3322.096,3447.3882
142439000,3350.0611,1762000,23136500,8625171800,105283301800,3434.3516,3434.3516,3322.096,3447.3882
142444000,3350.1016,1947100,25371800,8627118900,105308673600,3434.3516,3434.3516,3322.096,3447.3882
142450000,3350.1863,1783700,25384200,8628902600,105334057800,3434.3516,3434.3516,3322.096,3447.3882
142454000,3350.3468,1282200,16383600,8630184800,105350441400,3434.3516,3434.3516,3322.096,3447.3882
142500000,3350.336,1809600,28645000,8631994400,105379086400,3434.3516,3434.3516,3322.096,3447.3882
142505000,3350.3859,2105600,30465800,8634100000,105409552200,3434.3516,3434.3516,3322.096,3447.3882
142510000,3350.4391,1787200,23048100,8635887200,105432600300,3434.3516,3434.3516,3322.096,3447.3882
142515000,3350.3973,1893900,22186800,8637781100,105454787100,3434.3516,3434.3516,3322.096,3447.3882
142520000,3350.1061,1601000,19937200,8639382100,105474724300,3434.3516,3434.3516,3322.096,3447.3882
142525000,3349.7768,1854800,26178400,8641236900,105500902700,3434.3516,3434.3516,3322.096,3447.3882
142530000,3350.2562,1539800,16638200,8642776700,105517540900,3434.3516,3434.3516,3322.096,3447.3882
142535000,3350.4626,1639300,23346500,8644416000,105540887400,3434.3516,3434.3516,3322.096,3447.3882
142540000,3350.6473,1555000,13948900,8645971000,105554836300,3434.3516,3434.3516,3322.096,3447.3882
142545000,3350.5456,1356500,17498500,8647327500,105572334800,3434.3516,3434.3516,3322.096,3447.3882
142550000,3350.6222,2124600,27238300,8649452100,105599573100,3434.3516,3434.3516,3322.096,3447.3882
142555000,3349.9159,2357100,26693300,8651809200,105626266400,3434.3516,3434.3516,3322.096,3447.3882
142600000,3350.3436,1074600,14307800,8652883800,105640574200,3434.3516,3434.3516,3322.096,3447.3882
142605000,3350.9695,2238400,29865800,8655122200,105670440000,3434.3516,3434.3516,3322.096,3447.3882
142610000,3351.2999,1402600,21400800,8656524800,105691840800,3434.3516,3434.3516,3322.096,3447.3882
142615000,3351.093,2151400,27489900,8658676200,105719330700,3434.3516,3434.3516,3322.096,3447.3882
142620000,3350.9903,2629500,22847500,8661305700,105742178200,3434.3516,3434.3516,3322.096,3447.3882
142625000,3351.3562,1793400,25043200,8663099100,105767221400,3434.3516,3434.3516,3322.096,3447.3882
142630000,3350.7939,1094700,17281100,8664193800,105784502500,3434.3516,3434.3516,3322.096,3447.3882
142635000,3351.363,1937300,29581700,8666131100,105814084200,3434.3516,3434.3516,3322.096,3447.3882
142640000,3351.1652,2550900,21915000,8668682000,105835999200,3434.3516,3434.3516,3322.096,3447.3882
142645000,3351.248,2843700,27999400,8671525700,105863998600,3434.3516,3434.3516,3322.096,3447.3882
142650000,3351.5381,1602100,20828200,8673127800,105884826800,3434.3516,3434.3516,3322.096,3447.3882
142655000,3351.5066,1986500,23594300,8675114300,105908421100,3434.3516,3434.3516,3322.096,3447.3882
142700000,3350.6896,2738500,28841600,8677852800,105937262700,3434.3516,3434.3516,3322.096,3447.3882
142705000,3351.129,1882900,25546000,8679735700,105962808700,3434.3516,3434.3516,3322.096,3447.3882
142710000,3351.1331,1492000,18038100,8681227700,105980846800,3434.3516,3434.3516,3322.096,3447.3882
142715000,3351.6016,2378700,26800300,8683606400,106007647100,3434.3516,3434.3516,3322.096,3447.3882
142720000,3351.3868,1666100,20106100,8685272500,106027753200,3434.3516,3434.3516,3322.096,3447.3882
142725000,3351.607,2053400,26487700,8687325900,106054240900,3434.3516,3434.3516,3322.096,3447.3882
142730000,3351.4044,1253000,21041500,8688578900,106075282400,3434.3516,3434.3516,3322.096,3447.3882
142735000,3351.0891,1474800,22016700,8690053700,106097299100,3434.3516,3434.3516,3322.096,3447.3882
142740000,3351.5002,1617300,16894500,8691671000,106114193600,3434.3516,3434.3516,3322.096,3447.3882
142745000,3351.8479,2017700,22259400,8693688700,106136453000,3434.3516,3434.3516,3322.096,3447.3882
142750000,3351.5528,1970400,22717900,8695659100,106159170900,3434.3516,3434.3516,3322.096,3447.3882
142755000,3351.9437,2288900,24745800,8697948000,106183916700,3434.3516,3434.3516,3322.096,3447.3882
142800000,3351.9809,1603200,19360800,8699551200,106203277500,3434.3516,3434.3516,3322.096,3447.3882
142805000,3351.6811,2102400,25015200,8701653600,106228292700,3434.3516,3434.3516,3322.096,3447.3882
142810000,3351.6791,1503900,20708800,8703157500,106249001500,3434.3516,3434.3516,3322.096,3447.3882
142815000,3352.2117,2221300,25252100,8705378800,106274253600,3434.3516,3434.3516,3322.096,3447.3882
142820000,3352.045,1504000,23767200,8706882800,106298020800,3434.3516,3434.3516,3322.096,3447.3882
142825000,3352.0283,2521200,25342800,8709404000,106323363600,3434.3516,3434.3516,3322.096,3447.3882
142830000,3352.3324,2111300,24417900,8711515300,106347781500,3434.3516,3434.3516,3322.096,3447.3882
142836000,3352.3794,2139100,25685200,8713654400,106373466700,3434.3516,3434.3516,3322.096,3447.3882
142841000,3352.1024,1945100,22867100,8715599500,106396333800,3434.3516,3434.3516,3322.096,3447.3882
142846000,3352.7495,2263500,29737200,8717863000,106426071000,3434.3516,3434.3516,3322.096,3447.3882
142851000,3352.6424,2328700,26095900,8720191700,106452166900,3434.3516,3434.3516,3322.096,3447.3882
142856000,3352.9437,1932500,22747100,8722124200,106474914000,3434.3516,3434.3516,3322.096,3447.3882
142901000,3353.454,2966400,40230000,8725090600,106515144000,3434.3516,3434.3516,3322.096,3447.3882
142906000,3354.2245,2527600,28654400,8727618200,106543798400,3434.3516,3434.3516,3322.096,3447.3882
142911000,3353.4776,3149200,35937400,8730767400,106579735800,3434.3516,3434.3516,3322.096,3447.3882
142916000,3353.9547,3007600,32254000,8733775000,106611989800,3434.3516,3434.3516,3322.096,3447.3882
142921000,3354.3706,4023900,32742500,8737798900,106644732300,3434.3516,3434.3516,3322.096,3447.3882
142926000,3354.3087,4218400,43983600,8742017300,106688715900,3434.3516,3434.3516,3322.096,3447.3882
142931000,3354.8568,2552200,26855800,8744569500,106715571700,3434.3516,3434.3516,3322.096,3447.3882
142936000,3355.1604,2355800,25913700,8746925300,106741485400,3434.3516,3434.3516,3322.096,3447.3882
142941000,3355.2872,2369800,25268700,8749295100,106766754100,3434.3516,3434.3516,3322.096,3447.3882
142946000,3355.1229,2047500,22727900,8751342600,106789482000,3434.3516,3434.3516,3322.096,3447.3882
142951000,3355.6577,3008700,38193700,8754351300,106827675700,3434.3516,3434.3516,3322.096,3447.3882
142956000,3355.9506,2555000,28134800,8756906300,106855810500,3434.3516,3434.3516,3322.096,3447.3882
143001000,3356.4354,3669700,31421500,8760576000,106887232000,3434.3516,3434.3516,3322.096,3447.3882
143006000,3356.9608,4778000,34782900,8765354000,106922014900,3434.3516,3434.3516,3322.096,3447.3882
143011000,3357.2347,6500200,52773200,8771854200,106974788100,3434.3516,3434.3516,3322.096,3447.3882
143016000,3357.2108,3303000,26164600,8775157200,107000952700,3434.3516,3434.3516,3322.096,3447.3882
143021000,3357.3624,3567600,37924000,8778724800,107038876700,3434.3516,3434.3516,3322.096,3447.3882
143026000,3357.9451,3703500,42370400,8782428300,107081247100,3434.3516,3434.3516,3322.096,3447.3882
143031000,3357.7569,3435100,38583500,8785863400,107119830600,3434.3516,3434.3516,3322.096,3447.3882
143036000,3358.134,3728500,30696100,8789591900,107150526700,3434.3516,3434.3516,3322.096,3447.3882
143041000,3358.4294,2782500,34490700,8792374400,107185017400,3434.3516,3434.3516,3322.096,3447.3882
143046000,3358.7941,2879600,26979600,8795254000,107211997000,3434.3516,3434.3516,3322.096,3447.3882
143051000,3358.6101,5031500,36299800,8800285500,107248296800,3434.3516,3434.3516,3322.096,3447.3882
143056000,3359.1288,3553800,29342900,8803839300,107277639700,3434.3516,3434.3516,3322.096,3447.3882
143101000,3359.5104,4304000,37646700,8808143300,107315286400,3434.3516,3434.3516,3322.096,3447.3882
143106000,3359.8193,5468300,37560500,8813611600,107352846900,3434.3516,3434.3516,3322.096,3447.3882
143111000,3359.9433,5222700,40056900,8818834300,107392903800,3434.3516,3434.3516,3322.096,3447.3882
143116000,3360.3454,4532000,34123100,8823366300,107427026900,3434.3516,3434.3516,3322.096,3447.3882
143121000,3360.057,3697300,36396000,8827063600,107463422900,3434.3516,3434.3516,3322.096,3447.3882
143126000,3359.9545,4113400,56059600,8831177000,107519482500,3434.3516,3434.3516,3322.096,3447.3882
143131000,3360.514,3037400,38607400,8834214400,107558089900,3434.3516,3434.3516,3322.096,3447.3882
143136000,3360.5936,2671900,32041800,8836886300,107590131700,3434.3516,3434.3516,3322.096,3447.3882
143141000,3359.3743,3205500,42311900,8840091800,107632443600,3434.3516,3434.3516,3322.096,3447.3882
143146000,3360.2022,2209700,26171900,8842301500,107658615500,3434.3516,3434.3516,3322.096,3447.3882
143151000,3360.2547,2861500,30188300,8845163000,107688803800,3434.3516,3434.3516,3322.096,3447.3882
143156000,3360.0947,2413700,29209700,8847576700,107718013500,3434.3516,3434.3516,3322.096,3447.3882
143201000,3360.633,2532600,32641600,8850109300,107750655100,3434.3516,3434.3516,3322.096,3447.3882
143206000,3360.8646,2742800,27670200,8852852100,107778325300,3434.3516,3434.3516,3322.096,3447.3882
143211000,3360.7544,3389700,36982800,8856241800,107815308100,3434.3516,3434.3516,3322.096,3447.3882
143216000,3361.0565,2266300,25046700,8858508100,107840354800,3434.3516,3434.3516,3322.096,3447.3882
143222000,3361.1188,2966300,38486500,8861474400,107878841300,3434.3516,3434.3516,3322.096,3447.3882
143226000,3361.3173,1979300,25350900,8863453700,107904192200,3434.3516,3434.3516,3322.096,3447.3882
143231000,3360.787,2476200,31604100,8865929900,107935796300,3434.3516,3434.3516,3322.096,3447.3882
143237000,3361.6309,2634300,32608600,8868564200,107968404900,3434.3516,3434.3516,3322.096,3447.3882
143241000,3361.0568,1884600,17452800,8870448800,107985857700,3434.3516,3434.3516,3322.096,3447.3882
143247000,3361.6072,3186200,38595800,8873635000,108024453500,3434.3516,3434.3516,3322.096,3447.3882
143252000,3361.5485,2352900,32654900,8875987900,108057108400,3434.3516,3434.3516,3322.096,3447.3882
143257000,3362.1263,2363300,29423800,8878351200,108086532200,3434.3516,3434.3516,3322.096,3447.3882
143302000,3361.6439,2725700,37654600,8881076900,108124186800,3434.3516,3434.3516,3322.096,3447.3882
143307000,3362.0346,3340500,39286600,8884417400,108163473400,3434.3516,3434.3516,3322.096,3447.3882
143312000,3362.3943,2562300,26064800,8886979700,108189538200,3434.3516,3434.3516,3322.096,3447.3882
143317000,3362.4238,4794600,51308000,8891774300,108240846200,3434.3516,3434.3516,3322.096,3447.3882
143322000,3362.6222,4015600,34992100,8895789900,108275838300,3434.3516,3434.3516,3322.096,3447.3882
143327000,3362.8847,2624000,35053500,8898413900,108310891800,3434.3516,3434.3516,3322.096,3447.3882
143332000,3362.7429,3051400,42229500,8901465300,108353121300,3434.3516,3434.3516,3322.096,3447.3882
143337000,3362.9741,3297600,40759700,8904762900,108393881000,3434.3516,3434.3516,3322.096,3447.3882
143342000,3363.2954,1838300,20988300,8906601200,108414869300,3434.3516,3434.3516,3322.096,3447.3882
143347000,3363.3029,2377000,34152500,8908978200,108449021800,3434.3516,3434.3516,3322.096,3447.3882
143352000,3363.393,3764700,26685400,8912742900,108475707200,3434.3516,3434.3516,3322.096,3447.3882
143357000,3363.8691,5845600,53534200,8918588500,108529241400,3434.3516,3434.3516,3322.096,3447.3882
143402000,3364.028,3527800,41466700,8922116300,108570708100,3434.3516,3434.3516,3322.096,3447.3882
143407000,3363.9013,4376300,37264600,8926492600,108607972700,3434.3516,3434.3516,3322.096,3447.3882
143412000,3363.932,2142900,22950600,8928635500,108630923300,3434.3516,3434.3516,3322.096,3447.3882
143417000,3364.4085,2907800,35100100,8931543300,108666023400,3434.3516,3434.3516,3322.096,3447.3882
143422000,3363.8098,2392200,23366500,8933935500,108689389900,3434.3516,3434.3516,3322.096,3447.3882
143427000,3364.2553,2762800,31798900,8936698300,108721188800,3434.3516,3434.3516,3322.096,3447.3882
143432000,3364.3076,3329400,49969700,8940027700,108771158500,3434.3516,3434.3516,3322.096,3447.3882
143437000,3364.275,2845700,41720500,8942873400,108812879000,3434.3516,3434.3516,3322.096,3447.3882
143442000,3363.4938,3403300,36657600,8946276700,108849536600,3434.3516,3434.3516,3322.096,3447.3882
143447000,3364.5633,2550200,32992600,8948826900,108882529200,3434.3516,3434.3516,3322.096,3447.3882
143452000,3364.562,2062300,25469000,8950889200,108907998200,3434.3516,3434.3516,3322.096,3447.3882
143457000,3365.1198,3071500,41853900,8953960700,108949852100,3434.3516,3434.3516,3322.096,3447.3882
143502000,3365.0438,2833600,45326400,8956794300,108995178500,3434.3516,3434.3516,3322.096,3447.3882
143507000,3365.0452,2192500,33419300,8958986800,109028597800,3434.3516,3434.3516,3322.096,3447.3882
143512000,3365.1205,2570900,31848500,8961557700,109060446300,3434.3516,3434.3516,3322.096,3447.3882
143517000,3364.6,2897300,36354800,8964455000,109096801100,3434.3516,3434.3516,3322.096,3447.3882
143522000,3364.7533,2613500,30751000,8967068500,109127552100,3434.3516,3434.3516,3322.096,3447.3882
143527000,3365.3045,5743600,45688900,8972812100,109173241000,3434.3516,3434.3516,3322.096,3447.3882
143532000,3365.5642,3544800,42166000,8976356900,109215407000,3434.3516,3434.3516,3322.096,3447.3882
143537000,3365.5304,3626900,46136300,8979983800,109261543300,3434.3516,3434.3516,3322.096,3447.3882
143542000,3365.7025,4736800,45278800,8984720600,109306822100,3434.3516,3434.3516,3322.096,3447.3882
143547000,3364.9945,3492400,50697600,8988213000,109357519700,3434.3516,3434.3516,3322.096,3447.3882
143552000,3365.6578,3286700,34799200,8991499700,109392318900,3434.3516,3434.3516,3322.096,3447.3882
143557000,3366.41,5668100,56176500,8997167800,109448495400,3434.3516,3434.3516,3322.096,3447.3882
143602000,3366.4808,3352700,48980100,9000520500,109497475500,3434.3516,3434.3516,3322.096,3447.3882
143607000,3366.3777,3626500,41789600,9004147000,109539265100,3434.3516,3434.3516,3322.096,3447.3882
143612000,3366.8657,3117300,41029700,9007264300,109580294800,3434.3516,3434.3516,3322.096,3447.3882
143617000,3366.6679,3873700,49903500,9011138000,109630198300,3434.3516,3434.3516,3322.096,3447.3882
143622000,3366.2459,2781400,31708300,9013919400,109661906600,3434.3516,3434.3516,3322.096,3447.3882
143627000,3367.0561,2857500,36497000,9016776900,109698403600,3434.3516,3434.3516,3322.096,3447.3882
143633000,3367.1227,5023300,68060400,9021800200,109766464000,3434.3516,3434.3516,3322.096,3447.3882
143638000,3367.1667,4284000,58981700,9026084200,109825445700,3434.3516,3434.3516,3322.096,3447.3882
143642000,3367.7728,2275400,26109200,9028359600,109851554900,3434.3516,3434.3516,3322.096,3447.3882
143648000,3367.7784,3855900,44379100,9032215500,109895934000,3434.3516,3434.3516,3322.096,3447.3882
143653000,3367.4449,5477100,55561900,9037692600,109951495900,3434.3516,3434.3516,3322.096,3447.3882
143658000,3368.0312,2943100,33869500,9040635700,109985365400,3434.3516,3434.3516,3322.096,3447.3882
143703000,3368.1298,3414800,44302000,9044050500,110029667400,3434.3516,3434.3516,3322.096,3447.3882
143708000,3368.2979,3343600,41882800,9047394100,110071550200,3434.3516,3434.3516,3322.096,3447.3882
143713000,3368.5231,3552200,44143300,9050946300,110115693500,3434.3516,3434.3516,3322.096,3447.3882
143718000,3368.3864,3085900,32564100,9054032200,110148257600,3434.3516,3434.3516,3322.096,3447.3882
143723000,3368.4987,3157200,43539900,9057189400,110191797500,3434.3516,3434.3516,3322.096,3447.3882
143728000,3367.9706,1723700,24066100,9058913100,110215863600,3434.3516,3434.3516,3322.096,3447.3882
143733000,3368.2393,3416700,43837000,9062329800,110259700600,3434.3516,3434.3516,3322.096,3447.3882
143738000,3368.3435,3973600,43119000,9066303400,110302819600,3434.3516,3434.3516,3322.096,3447.3882
143743000,3368.6299,2954000,36577600,9069257400,110339397200,3434.3516,3434.3516,3322.096,3447.3882
143748000,3368.4136,3522500,35219800,9072779900,110374617000,3434.3516,3434.3516,3322.096,3447.3882
143753000,3368.0682,4818200,60315600,9077598100,110434932600,3434.3516,3434.3516,3322.096,3447.3882
143758000,3368.2373,2954100,30622400,9080552200,110465555000,3434.3516,3434.3516,3322.096,3447.3882
143803000,3368.6558,3408400,43874600,9083960600,110509429600,3434.3516,3434.3516,3322.096,3447.3882
143808000,3368.5465,3397500,42992800,9087358100,110552422400,3434.3516,3434.3516,3322.096,3447.3882
143813000,3368.5592,3293000,38165900,9090651100,110590588300,3434.3516,3434.3516,3322.096,3447.3882
143818000,3368.2095,2862400,33000700,9093513500,110623589000,3434.3516,3434.3516,3322.096,3447.3882
143823000,3368.3976,4145100,49014300,9097658600,110672603300,3434.3516,3434.3516,3322.096,3447.3882
143828000,3368.3667,2087100,27436500,9099745700,110700039800,3434.3516,3434.3516,3322.096,3447.3882
143833000,3368.1151,4148200,55621100,9103893900,110755660900,3434.3516,3434.3516,3322.096,3447.3882
143838000,3368.524,3400300,41015500,9107294200,110796676400,3434.3516,3434.3516,3322.096,3447.3882
143843000,3368.8874,2765900,39243000,9110060100,110835919400,3434.3516,3434.3516,3322.096,3447.3882
143848000,3369.0518,2852700,36458900,9112912800,110872378300,3434.3516,3434.3516,3322.096,3447.3882
143853000,3368.9039,3521000,45920700,9116433800,110918299000,3434.3516,3434.3516,3322.096,3447.3882
143858000,3369.6166,2555200,32191700,9118989000,110950490700,3434.3516,3434.3516,3322.096,3447.3882
143903000,3369.4081,2977300,38176600,9121966300,110988667300,3434.3516,3434.3516,3322.096,3447.3882
143908000,3368.8693,3345900,50956000,9125312200,111039623300,3434.3516,3434.3516,3322.096,3447.3882
143913000,3369.035,2729500,27656900,9128041700,111067280200,3434.3516,3434.3516,3322.096,3447.3882
143918000,3368.6512,6123700,55039100,9134165400,111122319300,3434.3516,3434.3516,3322.096,3447.3882
143923000,3368.6444,3087000,47687400,9137252400,111170006700,3434.3516,3434.3516,3322.096,3447.3882
143928000,3368.8799,2243700,25474300,9139496100,111195481000,3434.3516,3434.3516,3322.096,3447.3882
143933000,3368.379,3276300,41004500,9142772400,111236485500,3434.3516,3434.3516,3322.096,3447.3882
143938000,3367.9424,4885500,61597900,9147657900,111298083400,3434.3516,3434.3516,3322.096,3447.3882
143943000,3367.8311,2767400,37417000,9150425300,111335500400,3434.3516,3434.3516,3322.096,3447.3882
143948000,3366.9546,3529100,35972400,9153954400,111371472800,3434.3516,3434.3516,3322.096,3447.3882
143953000,3367.5945,4191700,52307400,9158146100,111423780200,3434.3516,3434.3516,3322.096,3447.3882
143958000,3367.0727,2903800,30678300,9161049900,111454458500,3434.3516,3434.3516,3322.096,3447.3882
144003000,3366.6518,5290100,55602300,9166340000,111510060800,3434.3516,3434.3516,3322.096,3447.3882
144008000,3366.4265,5537600,53831800,9171877600,111563892600,3434.3516,3434.3516,3322.096,3447.3882
144013000,3365.7185,3845700,42662100,9175723300,111606554700,3434.3516,3434.3516,3322.096,3447.3882
144018000,3366.1843,2842300,38807100,9178565600,111645361800,3434.3516,3434.3516,3322.096,3447.3882
144024000,3365.9882,4056600,53998000,9182622200,111699359800,3434.3516,3434.3516,3322.096,3447.3882
144028000,3366.1132,1932400,28789700,9184554600,111728149500,3434.3516,3434.3516,3322.096,3447.3882
144034000,3366.383,4913200,49257300,9189467800,111777406800,3434.3516,3434.3516,3322.096,3447.3882
144039000,3366.134,3681800,39524300,9193149600,111816931100,3434.3516,3434.3516,3322.096,3447.3882
144043000,3366.1006,3307000,42308300,9196456600,111859239400,3434.3516,3434.3516,3322.096,3447.3882
144049000,3366.3756,3301100,45508800,9199757700,111904748200,3434.3516,3434.3516,3322.096,3447.3882
144054000,3366.6302,2852300,34930200,9202610000,111939678400,3434.3516,3434.3516,3322.096,3447.3882
144059000,3366.5819,2742300,37248500,9205352300,111976926900,3434.3516,3434.3516,3322.096,3447.3882
144104000,3366.4118,3737200,30493700,9209089500,112007420600,3434.3516,3434.3516,3322.096,3447.3882
144109000,3365.9323,6261700,55644600,9215351200,112063065200,3434.3516,3434.3516,3322.096,3447.3882
144114000,3366.2374,3535400,48489900,9218886600,112111555100,3434.3516,3434.3516,3322.096,3447.3882
144119000,3365.4169,4240600,35800000,9223127200,112147355100,3434.3516,3434.3516,3322.096,3447.3882
144124000,3365.5217,2867200,28575100,9225994400,112175930200,3434.3516,3434.3516,3322.096,3447.3882
144129000,3365.672,3033700,39289600,9229028100,112215219800,3434.3516,3434.3516,3322.096,3447.3882
144134000,3365.2069,2206300,32449000,9231234400,112247668800,3434.3516,3434.3516,3322.096,3447.3882
144139000,3365.6296,3086300,34658800,9234320700,112282327600,3434.3516,3434.3516,3322.096,3447.3882
144144000,3365.0123,3580600,43474200,9237901300,112325801800,3434.3516,3434.3516,3322.096,3447.3882
144149000,3365.1456,3382900,43183100,9241284200,112368984900,3434.3516,3434.3516,3322.096,3447.3882
144154000,3364.5917,3192200,40834800,9244476400,112409819700,3434.3516,3434.3516,3322.096,3447.3882
144159000,3364.5921,3846200,37823100,9248322600,112447642800,3434.3516,3434.3516,3322.096,3447.3882
144204000,3363.9661,2268500,28922100,9250591100,112476564900,3434.3516,3434.3516,3322.096,3447.3882
144209000,3364.8502,2994900,38831500,9253586000,112515396400,3434.3516,3434.3516,3322.096,3447.3882
144214000,3364.4409,2582700,29548000,9256168700,112544944400,3434.3516,3434.3516,3322.096,3447.3882
144219000,3363.549,3253600,36547800,9259422300,112581492200,3434.3516,3434.3516,3322.096,3447.3882
144224000,3363.886,2248400,27957600,9261670700,112609449800,3434.3516,3434.3516,3322.096,3447.3882
144229000,3364.4606,2535400,36636800,9264206100,112646086600,3434.3516,3434.3516,3322.096,3447.3882
144234000,3364.7652,2268000,23622000,9266474100,112669708600,3434.3516,3434.3516,3322.096,3447.3882
144239000,3364.8876,3742300,40559200,9270216400,112710267800,3434.3516,3434.3516,3322.096,3447.3882
144244000,3364.8639,4050400,46521400,9274266800,112756789200,3434.3516,3434.3516,3322.096,3447.3882
144249000,3364.6356,3684700,34937200,9277951500,112791726400,3434.3516,3434.3516,3322.096,3447.3882
144254000,3364.6522,3655800,41704300,9281607300,112833430700,3434.3516,3434.3516,3322.096,3447.3882
144259000,3364.5892,2977500,31689500,9284584800,112865120200,3434.3516,3434.3516,3322.096,3447.3882
144304000,3364.6273,2080200,23783500,9286665000,112888903700,3434.3516,3434.3516,3322.096,3447.3882
144309000,3364.8891,2557900,33851300,9289222900,112922755000,3434.3516,3434.3516,3322.096,3447.3882
144314000,3364.463,3174300,41908400,9292397200,112964663400,3434.3516,3434.3516,3322.096,3447.3882
144319000,3364.3757,4340500,28688900,9296737700,112993352300,3434.3516,3434.3516,3322.096,3447.3882
144324000,3364.6454,4513300,32007600,9301251000,113025359900,3434.3516,3434.3516,3322.096,3447.3882
144329000,3364.2216,3700600,36116900,9304951600,113061476800,3434.3516,3434.3516,3322.096,3447.3882
144334000,3364.6855,2242400,24910300,9307194000,113086387100,3434.3516,3434.3516,3322.096,3447.3882
144339000,3364.6774,2701700,31026300,9309895700,113117413400,3434.3516,3434.3516,3322.096,3447.3882
144344000,3364.7933,5616500,54684300,9315512200,113172097700,3434.3516,3434.3516,3322.096,3447.3882
144349000,3365.0478,5025100,45138300,9320537300,113217236000,3434.3516,3434.3516,3322.096,3447.3882
144354000,3365.6549,3823500,39921800,9324360800,113257157800,3434.3516,3434.3516,3322.096,3447.3882
144359000,3365.9453,3368200,42296500,9327729000,113299454300,3434.3516,3434.3516,3322.096,3447.3882
144404000,3365.6186,4834000,43691100,9332563000,113343145400,3434.3516,3434.3516,3322.096,3447.3882
144409000,3366.4231,6283300,61072400,9338846300,113404217800,3434.3516,3434.3516,3322.096,3447.3882
144414000,3366.8252,3258500,49171300,9342104800,113453389100,3434.3516,3434.3516,3322.096,3447.3882
144419000,3367.0002,4723200,55437200,9346828000,113508826300,3434.3516,3434.3516,3322.096,3447.3882
144425000,3367.5224,4289200,51550700,9351117200,113560377000,3434.3516,3434.3516,3322.096,3447.3882
144430000,3367.8992,4290100,39231300,9355407300,113599608300,3434.3516,3434.3516,3322.096,3447.3882
144434000,3368.2093,3375800,36040500,9358783100,113635648800,3434.3516,3434.3516,3322.096,3447.3882
144440000,3368.6025,6859700,68518100,9365642800,113704166900,3434.3516,3434.3516,3322.096,3447.3882
144445000,3369.338,5148700,58543200,9370791500,113762710100,3434.3516,3434.3516,3322.096,3447.3882
144450000,3369.9185,3780800,44729500,9374572300,113807439600,3434.3516,3434.3516,3322.096,3447.3882
144455000,3370.33,4564800,59659100,9379137100,113867098700,3434.3516,3434.3516,3322.096,3447.3882
144500000,3370.945,4244300,50205700,9383381400,113917304400,3434.3516,3434.3516,3322.096,3447.3882
144505000,3371.401,5950100,58928700,9389331500,113976233100,3434.3516,3434.3516,3322.096,3447.3882
144510000,3371.0146,4487700,40301300,9393819200,114016534400,3434.3516,3434.3516,3322.096,3447.3882
144515000,3371.5776,4685300,59031700,9398504500,114075566100,3434.3516,3434.3516,3322.096,3447.3882
144520000,3371.7931,4152700,46566100,9402657200,114122132200,3434.3516,3434.3516,3322.096,3447.3882
144525000,3371.8668,3408900,43939500,9406066100,114166071700,3434.3516,3434.3516,3322.096,3447.3882
144530000,3372.1729,3950500,37769300,9410016600,114203841000,3434.3516,3434.3516,3322.096,3447.3882
144535000,3372.5419,3986800,58957600,9414003400,114262798600,3434.3516,3434.3516,3322.096,3447.3882
144540000,3372.228,2838300,34934000,9416841700,114297732600,3434.3516,3434.3516,3322.096,3447.3882
144545000,3372.2728,5680900,60404900,9422522600,114358137500,3434.3516,3434.3516,3322.096,3447.3882
144550000,3372.1862,6187300,52142500,9428709900,114410280000,3434.3516,3434.3516,3322.096,3447.3882
144555000,3372.5238,4453100,48993800,9433163000,114459273800,3434.3516,3434.3516,3322.096,3447.3882
144600000,3372.8083,4875900,46867400,9438038900,114506141200,3434.3516,3434.3516,3322.096,3447.3882
144605000,3373.1078,4891900,50301200,9442930800,114556442400,3434.3516,3434.3516,3322.096,3447.3882
144610000,3373.0509,3361300,38871600,9446292100,114595314000,3434.3516,3434.3516,3322.096,3447.3882
144615000,3372.8424,5145500,60412800,9451437600,114655726800,3434.3516,3434.3516,3322.096,3447.3882
144620000,3372.8028,4748800,57940800,9456186400,114713667600,3434.3516,3434.3516,3322.096,3447.3882
144625000,3373.4185,3689200,43576100,9459875600,114757243700,3434.3516,3434.3516,3322.096,3447.3882
144630000,3373.7467,4330300,47403200,9464205900,114804646900,3434.3516,3434.3516,3322.096,3447.3882
144635000,3374.0499,4629900,54131400,9468835800,114858778300,3434.3516,3434.3516,3322.096,3447.3882
144640000,3374.1612,4838300,41525600,9473674100,114900303900,3434.3516,3434.3516,3322.096,3447.3882
144645000,3374.371,6272800,56132900,9479946900,114956436800,3434.3516,3434.3516,3322.096,3447.3882
144650000,3374.3106,4319600,54877100,9484266500,115011313900,3434.3516,3434.3516,3322.096,3447.3882
144655000,3374.1632,4750800,46668100,9489017300,115057982000,3434.3516,3434.3516,3322.096,3447.3882
144700000,3374.4664,3938000,43052700,9492955300,115101034700,3434.3516,3434.3516,3322.096,3447.3882
144705000,3375.1315,5478600,49325700,9498433900,115150360400,3434.3516,3434.3516,3322.096,3447.3882
144710000,3374.864,2032900,32577100,9500466800,115182937500,3434.3516,3434.3516,3322.096,3447.3882
144715000,3374.9776,6041500,58576100,9506508300,115241513600,3434.3516,3434.3516,3322.096,3447.3882
144720000,3374.442,4483700,53468700,9510992000,115294982300,3434.3516,3434.3516,3322.096,3447.3882
144725000,3374.7171,5170300,54260600,9516162300,115349242900,3434.3516,3434.3516,3322.096,3447.3882
144730000,3374.8154,4629700,46854100,9520792000,115396097000,3434.3516,3434.3516,3322.096,3447.3882
144735000,3374.7697,5232500,61029300,9526024500,115457126300,3434.3516,3434.3516,3322.096,3447.3882
144740000,3374.2633,3062200,34227300,9529086700,115491353600,3434.3516,3434.3516,3322.096,3447.3882
144745000,3374.0767,4464200,48745100,9533550900,115540098700,3434.3516,3434.3516,3322.096,3447.3882
144750000,3374.1785,2997000,44541400,9536547900,115584640100,3434.3516,3434.3516,3322.096,3447.3882
144755000,3373.7343,3277300,38979900,9539825200,115623620000,3434.3516,3434.3516,3322.096,3447.3882
144800000,3374.2196,3027200,37475600,9542852400,115661095600,3434.3516,3434.3516,3322.096,3447.3882
144805000,3374.3531,4008500,46885100,9546860900,115707980700,3434.3516,3434.3516,3322.096,3447.3882
144810000,3374.3319,3917500,41825500,9550778400,115749806200,3434.3516,3434.3516,3322.096,3447.3882
144815000,3374.473,3484900,46630900,9554263300,115796437100,3434.3516,3434.3516,3322.096,3447.3882
144820000,3373.869,3781400,48790000,9558044700,115845227100,3434.3516,3434.3516,3322.096,3447.3882
144826000,3373.8498,3919300,41337500,9561964000,115886564600,3434.3516,3434.3516,3322.096,3447.3882
144830000,3374.0258,2177700,24404100,9564141700,115910968700,3434.3516,3434.3516,3322.096,3447.3882
144836000,3374.4131,4126700,49184800,9568268400,115960153500,3434.3516,3434.3516,3322.096,3447.3882
144841000,3374.282,3424700,47492400,9571693100,116007645900,3434.3516,3434.3516,3322.096,3447.3882
144846000,3374.6076,2078000,27462000,9573771100,116035107900,3434.3516,3434.3516,3322.096,3447.3882
144851000,3374.2145,3757200,40755100,9577528300,116075863000,3434.3516,3434.3516,3322.096,3447.3882
144856000,3374.1813,3064200,42783000,9580592500,116118646000,3434.3516,3434.3516,3322.096,3447.3882
144901000,3373.9515,3368100,39398900,9583960600,116158044900,3434.3516,3434.3516,3322.096,3447.3882
144906000,3374.418,3120800,37331700,9587081400,116195376600,3434.3516,3434.3516,3322.096,3447.3882
144911000,3373.6344,3098100,38845400,9590179500,116234222000,3434.3516,3434.3516,3322.096,3447.3882
144916000,3373.3081,2479000,29655500,9592658500,116263877500,3434.3516,3434.3516,3322.096,3447.3882
144921000,3373.7325,4198000,47481500,9596856500,116311359000,3434.3516,3434.3516,3322.096,3447.3882
144926000,3374.0829,3804700,48248300,9600661200,116359607300,3434.3516,3434.3516,3322.096,3447.3882
144931000,3374.0885,2937800,41337700,9603599000,116400945000,3434.3516,3434.3516,3322.096,3447.3882
144936000,3374.2349,3393500,39458800,9606992500,116440403800,3434.3516,3434.3516,3322.096,3447.3882
144941000,3373.7957,3081800,40488800,9610074300,116480892600,3434.3516,3434.3516,3322.096,3447.3882
144946000,3373.7195,4799700,40063700,9614874000,116520956300,3434.3516,3434.3516,3322.096,3447.3882
144951000,3373.8249,3996500,41908400,9618870500,116562864700,3434.3516,3434.3516,3322.096,3447.3882
144956000,3373.7567,2949700,41908400,9621820200,116604773100,3434.3516,3434.3516,3322.096,3447.3882
145001000,3373.4933,3321900,42942200,9625142100,116647715300,3434.3516,3434.3516,3322.096,3447.3882
145006000,3373.1948,3699600,36846900,9628841700,116684562200,3434.3516,3434.3516,3322.096,3447.3882
145011000,3373.5989,3434200,48826700,9632275900,116733388900,3434.3516,3434.3516,3322.096,3447.3882
145016000,3373.5027,3375100,37974700,9635651000,116771363600,3434.3516,3434.3516,3322.096,3447.3882
145021000,3374.0115,3322300,44571000,9638973300,116815934600,3434.3516,3434.3516,3322.096,3447.3882
145026000,3374.5752,3309200,51704800,9642282500,116867639400,3434.3516,3434.3516,3322.096,3447.3882
145031000,3374.3447,2736100,38789700,9645018600,116906429100,3434.3516,3434.3516,3322.096,3447.3882
145036000,3374.375,4942600,62899500,9649961200,116969328600,3434.3516,3434.3516,3322.096,3447.3882
145041000,3374.2805,3216700,40878700,9653177900,117010207300,3434.3516,3434.3516,3322.096,3447.3882
145046000,3373.4521,3452300,37411700,9656630200,117047619000,3434.3516,3434.3516,3322.096,3447.3882
145051000,3374.1464,4505100,49992300,9661135300,117097611300,3434.3516,3434.3516,3322.096,3447.3882
145056000,3374.06,3387800,49026200,9664523100,117146637500,3434.3516,3434.3516,3322.096,3447.3882
145101000,3374.043,3182500,38301500,9667705600,117184939000,3434.3516,3434.3516,3322.096,3447.3882
145106000,3374.0227,2308300,33851400,9670013900,117218790400,3434.3516,3434.3516,3322.096,3447.3882
145111000,3373.6992,4282100,51297200,9674296000,117270087600,3434.3516,3434.3516,3322.096,3447.3882
145116000,3373.839,2249300,32392500,9676545300,117302480100,3434.3516,3434.3516,3322.096,3447.3882
145121000,3373.3614,3306000,41800800,9679851300,117344280900,3434.3516,3434.3516,3322.096,3447.3882
145126000,3372.7876,4449700,52478800,9684301000,117396759700,3434.3516,3434.3516,3322.096,3447.3882
145131000,3372.676,2940400,37384400,9687241400,117434144100,3434.3516,3434.3516,3322.096,3447.3882
145136000,3372.0043,4138500,48982900,9691379900,117483127000,3434.3516,3434.3516,3322.096,3447.3882
145141000,3371.322,4325400,55884100,9695705300,117539011100,3434.3516,3434.3516,3322.096,3447.3882
145145000,3370.6769,3125500,38279400,9698830800,117577290500,3434.3516,3434.3516,3322.096,3447.3882
145151000,3371.3547,4681600,57737500,9703512400,117635028000,3434.3516,3434.3516,3322.096,3447.3882
145156000,3370.755,3455500,41255900,9706967900,117676283900,3434.3516,3434.3516,3322.096,3447.3882
145201000,3370.0243,2757600,35807900,9709725500,117712091800,3434.3516,3434.3516,3322.096,3447.3882
145206000,3370.3627,3343800,39387300,9713069300,117751479100,3434.3516,3434.3516,3322.096,3447.3882
145211000,3370.455,3756400,49775100,9716825700,117801254200,3434.3516,3434.3516,3322.096,3447.3882
145217000,3369.3776,4353800,55543900,9721179500,117856798100,3434.3516,3434.3516,3322.096,3447.3882
145221000,3370.0195,2380600,26491500,9723560100,117883289600,3434.3516,3434.3516,3322.096,3447.3882
145227000,3370.3037,4215500,45529200,9727775600,117928818800,3434.3516,3434.3516,3322.096,3447.3882
145232000,3370.4364,3590400,41523000,9731366000,117970341800,3434.3516,3434.3516,3322.096,3447.3882
145236000,3370.6363,3062200,36032000,9734428200,118006373800,3434.3516,3434.3516,3322.096,3447.3882
145242000,3370.7148,3521200,37202900,9737949400,118043576700,3434.3516,3434.3516,3322.096,3447.3882
145247000,3370.2322,4339800,49143600,9742289200,118092720300,3434.3516,3434.3516,3322.096,3447.3882
145252000,3369.746,2091000,18998500,9744380200,118111718800,3434.3516,3434.3516,3322.096,3447.3882
145257000,3370.4154,3727400,41521900,9748107600,118153240700,3434.3516,3434.3516,3322.096,3447.3882
145302000,3370.3133,3953700,43536800,9752061300,118196777500,3434.3516,3434.3516,3322.096,3447.3882
145307000,3370.8103,4778500,44035700,9756839800,118240813200,3434.3516,3434.3516,3322.096,3447.3882
145312000,3370.3577,2977300,35683100,9759817100,118276496300,3434.3516,3434.3516,3322.096,3447.3882
145317000,3370.5034,2746000,42137600,9762563100,118318633900,3434.3516,3434.3516,3322.096,3447.3882
145321000,3370.6024,2332500,25692400,9764895600,118344326300,3434.3516,3434.3516,3322.096,3447.3882
145327000,3370.0061,4144500,52665200,9769040100,118396991500,3434.3516,3434.3516,3322.096,3447.3882
145332000,3370.3461,2832800,39576300,9771872900,118436567800,3434.3516,3434.3516,3322.096,3447.3882
145336000,3370.464,3524800,36327500,9775397700,118472895300,3434.3516,3434.3516,3322.096,3447.3882
145342000,3370.3065,3626500,36899400,9779024200,118509794700,3434.3516,3434.3516,3322.096,3447.3882
145347000,3369.0091,5558700,56768600,9784582900,118566563300,3434.3516,3434.3516,3322.096,3447.3882
145351000,3369.7177,3947000,32913300,9788529900,118599476600,3434.3516,3434.3516,3322.096,3447.3882
145357000,3369.7045,4002600,46965600,9792532500,118646442200,3434.3516,3434.3516,3322.096,3447.3882
145402000,3370.541,3567100,43380400,9796099600,118689822600,3434.3516,3434.3516,3322.096,3447.3882
145406000,3370.3365,2827600,33702600,9798927200,118723525200,3434.3516,3434.3516,3322.096,3447.3882
145412000,3369.6319,2308200,31843400,9801235400,118755368600,3434.3516,3434.3516,3322.096,3447.3882
145417000,3370.0169,3437400,41910300,9804672800,118797278900,3434.3516,3434.3516,3322.096,3447.3882
145421000,3369.9478,2999100,32372700,9807671900,118829651600,3434.3516,3434.3516,3322.096,3447.3882
145427000,3369.7376,4286900,49534700,9811958800,118879186300,3434.3516,3434.3516,3322.096,3447.3882
145432000,3369.7514,4722400,48775000,9816681200,118927961300,3434.3516,3434.3516,3322.096,3447.3882
145436000,3370.3463,3856000,39459600,9820537200,118967420900,3434.3516,3434.3516,3322.096,3447.3882
145442000,3370.5963,3352100,35786800,9823889300,119003207700,3434.3516,3434.3516,3322.096,3447.3882
145447000,3370.2068,3092400,40320900,9826981700,119043528600,3434.3516,3434.3516,3322.096,3447.3882
145451000,3370.5684,2500500,25704800,9829482200,119069233400,3434.3516,3434.3516,3322.096,3447.3882
145457000,3370.2257,4900900,50823000,9834383100,119120056400,3434.3516,3434.3516,3322.096,3447.3882
145502000,3370.5359,4480500,50089300,9838863600,119170145700,3434.3516,3434.3516,3322.096,3447.3882
145506000,3370.2878,4725500,48058900,9843589100,119218204600,3434.3516,3434.3516,3322.096,3447.3882
145512000,3370.3107,3807200,39835600,9847396300,119258040200,3434.3516,3434.3516,3322.096,3447.3882
145517000,3370.1526,6823500,55517900,9854219800,119313558100,3434.3516,3434.3516,3322.096,3447.3882
145521000,3370.453,2725900,33075400,9856945700,119346633500,3434.3516,3434.3516,3322.096,3447.3882
145527000,3370.3573,4924500,52879400,9861870200,119399512900,3434.3516,3434.3516,3322.096,3447.3882
145532000,3370.4656,3525100,43583400,9865395300,119443096300,3434.3516,3434.3516,3322.096,3447.3882
145536000,3370.4076,3312300,34914100,9868707600,119478010400,3434.3516,3434.3516,3322.096,3447.3882
145542000,3370.2908,3430800,48339400,9872138400,119526349800,3434.3516,3434.3516,3322.096,3447.3882
145547000,3370.2425,3739700,52593000,9875878100,119578942800,3434.3516,3434.3516,3322.096,3447.3882
145551000,3370.4419,3323700,37875900,9879201800,119616818700,3434.3516,3434.3516,3322.096,3447.3882
145557000,3370.3532,4221300,47049200,9883423100,119663867900,3434.3516,3434.3516,3322.096,3447.3882
145602000,3370.5256,4453200,51232200,9887876300,119715100100,3434.3516,3434.3516,3322.096,3447.3882
145606000,3370.578,4332900,43088800,9892209200,119758188900,3434.3516,3434.3516,3322.096,3447.3882
145612000,3370.6299,3090500,43539600,9895299700,119801728500,3434.3516,3434.3516,3322.096,3447.3882
145618000,3370.5313,5333400,52141000,9900633100,119853869500,3434.3516,3434.3516,3322.096,3447.3882
145623000,3370.5161,5012000,50735000,9905645100,119904604500,3434.3516,3434.3516,3322.096,3447.3882
145627000,3370.4278,2752000,26277400,9908397100,119930881900,3434.3516,3434.3516,3322.096,3447.3882
145633000,3370.1017,6428600,72362500,9914825700,120003244400,3434.3516,3434.3516,3322.096,3447.3882
145638000,3370.5523,4836000,48941800,9919661700,120052186200,3434.3516,3434.3516,3322.096,3447.3882
145642000,3369.8968,5849200,65948000,9925510900,120118134200,3434.3516,3434.3516,3322.096,3447.3882
145648000,3370.038,4415000,48233600,9929925900,120166367800,3434.3516,3434.3516,3322.096,3447.3882
145653000,3369.9252,4357400,57513500,9934283300,120223881300,3434.3516,3434.3516,3322.096,3447.3882
145657000,3369.932,3640900,39802500,9937924200,120263683800,3434.3516,3434.3516,3322.096,3447.3882
145703000,3370.1105,5122400,67279300,9943046600,120330963100,3434.3516,3434.3516,3322.096,3447.3882
145708000,3370.12,3816700,45516400,9946863300,120376479500,3434.3516,3434.3516,3322.096,3447.3882
145712000,3370.2076,1992500,18506200,9948855800,120394985700,3434.3516,3434.3516,3322.096,3447.3882
145718000,3369.8911,2728700,31839200,9951584500,120426824900,3434.3516,3434.3516,3322.096,3447.3882
145723000,3370.0176,2953100,38270000,9954537600,120465094900,3434.3516,3434.3516,3322.096,3447.3882
145727000,3370.2257,1898200,21193900,9956435800,120486288800,3434.3516,3434.3516,3322.096,3447.3882
145733000,3370.061,3951700,48995700,9960387500,120535284500,3434.3516,3434.3516,3322.096,3447.3882
145738000,3369.9949,3628300,46417500,9964015800,120581702000,3434.3516,3434.3516,3322.096,3447.3882
145742000,3370.1153,2287900,24034000,9966303700,120605736000,3434.3516,3434.3516,3322.096,3447.3882
145748000,3370.1839,4651600,49292800,9970955300,120655028800,3434.3516,3434.3516,3322.096,3447.3882
145753000,3370.4275,2987100,37429000,9973942400,120692457800,3434.3516,3434.3516,3322.096,3447.3882
145757000,3371.1294,3265100,34665200,9977207500,120727123000,3434.3516,3434.3516,3322.096,3447.3882
145803000,3370.7957,5602700,74548300,9982810200,120801671300,3434.3516,3434.3516,3322.096,3447.3882
145808000,3370.7796,4884400,61928000,9987694600,120863599300,3434.3516,3434.3516,3322.096,3447.3882
145812000,3371.154,2875700,27931300,9990570300,120891530600,3434.3516,3434.3516,3322.096,3447.3882
145818000,3371.2217,8491200,72819700,9999061500,120964350300,3434.3516,3434.3516,3322.096,3447.3882
145823000,3371.5618,3213300,40128800,10002274800,121004479100,3434.3516,3434.3516,3322.096,3447.3882
145827000,3371.5841,1783500,20909800,10004058300,121025388900,3434.3516,3434.3516,3322.096,3447.3882
145833000,3371.6329,6637200,68637800,10010695500,121094026700,3434.3516,3434.3516,3322.096,3447.3882
145838000,3371.8374,5107500,55150200,10015803000,121149176900,3434.3516,3434.3516,3322.096,3447.3882
145842000,3371.5339,3179300,34280400,10018982300,121183457300,3434.3516,3434.3516,3322.096,3447.3882
145848000,3371.932,6513400,63113000,10025495700,121246570300,3434.3516,3434.3516,3322.096,3447.3882
145853000,3371.5801,4833600,47838500,10030329300,121294408800,3434.3516,3434.3516,3322.096,3447.3882
145857000,3371.4842,2401300,26041200,10032730600,121320450000,3434.3516,3434.3516,3322.096,3447.3882
145903000,3371.5655,5971700,72908000,10038702300,121393358000,3434.3516,3434.3516,3322.096,3447.3882
145908000,3371.5648,3892700,50861500,10042595000,121444219500,3434.3516,3434.3516,3322.096,3447.3882
145912000,3371.7439,4736700,46786200,10047331700,121491005700,3434.3516,3434.3516,3322.096,3447.3882
145918000,3371.5051,6821200,69904400,10054152900,121560910100,3434.3516,3434.3516,3322.096,3447.3882
145923000,3370.7555,6152600,67440400,10060305500,121628350500,3434.3516,3434.3516,3322.096,3447.3882
145927000,3370.6161,4645700,46132800,10064951200,121674483300,3434.3516,3434.3516,3322.096,3447.3882
145933000,3370.6919,6984600,64008400,10071935800,121738491700,3434.3516,3434.3516,3322.096,3447.3882
145938000,3370.0684,5890400,57249800,10077826200,121795741500,3434.3516,3434.3516,3322.096,3447.3882
145942000,3369.9471,3138100,31241700,10080964300,121826983200,3434.3516,3434.3516,3322.096,3447.3882
145948000,3369.8613,4145000,42743100,10085109300,121869726300,3434.3516,3434.3516,3322.096,3447.3882
145953000,3369.292,4665500,54554600,10089774800,121924280900,3434.3516,3434.3516,3322.096,3447.3882
145957000,3369.6832,3819700,37987600,10093594500,121962268500,3434.3516,3434.3516,3322.096,3447.3882
150000000,3369.79,967600,15357200,10094562100,121977625700,3434.3516,3434.3516,3322.096,3447.3882
150003000,3369.6883,36310600,423657900,10130872700,122401283600,3434.3516,3434.3516,3322.096,3447.3882
150054000,3370.9579,0,0,10130872700,122401283600,3434.3516,3434.3516,3322.096,3447.3882
