Time,Price,Volume,Turnover,AccVolume,AccTurnover,Open,High,Low,PreClose
92517000,3410.4767,99860700,1423505800,99860700,1423505800,3410.4767,3410.4767,3410.4767,3407.9638
93005000,3411.767,42169300,480895300,142030000,1904401100,3410.4767,3412.0153,3410.4767,3407.9638
93010000,3412.4186,7787700,110090800,149817700,2014491900,3410.4767,3412.482,3410.4767,3407.9638
93014000,3412.8736,5076100,81036800,154893800,2095528700,3410.4767,3413.0214,3410.4767,3407.9638
93020000,3413.8182,6996600,110849000,161890400,2206377700,3410.4767,3413.8182,3410.4767,3407.9638
93025000,3414.2574,3961300,65439100,165851700,2271816800,3410.4767,3414.2811,3410.4767,3407.9638
93029000,3414.9722,4419400,58298400,170271100,2330115200,3410.4767,3414.9722,3410.4767,3407.9638
93035000,3414.9845,6313700,101665300,176584800,2431780500,3410.4767,3415.1395,3410.4767,3407.9638
93040000,3414.9952,5365500,71374600,181950300,2503155100,3410.4767,3415.4698,3410.4767,3407.9638
93046000,3414.7796,5425900,87671600,187376200,2590826700,3410.4767,3415.4698,3410.4767,3407.9638
93050000,3415.5723,7175100,69705300,194551300,2660532000,3410.4767,3415.5723,3410.4767,3407.9638
93055000,3415.5483,5240700,80622700,199792000,2741154700,3410.4767,3415.5723,3410.4767,3407.9638
93101000,3416.1253,6315300,86971700,206107300,2828126400,3410.4767,3416.1253,3410.4767,3407.9638
93105000,3416.0618,5105700,72468500,211213000,2900594900,3410.4767,3416.2718,3410.4767,3407.9638
93111000,3415.723,8033700,95350000,219246700,2995944900,3410.4767,3416.2718,3410.4767,3407.9638
93116000,3415.7445,5298000,68167800,224544700,3064112700,3410.4767,3416.2718,3410.4767,3407.9638
93120000,3415.2653,4689200,59742700,229233900,3123855400,3410.4767,3416.2718,3410.4767,3407.9638
93126000,3415.079,6740400,92408000,235974300,3216263400,3410.4767,3416.2718,3410.4767,3407.9638
93131000,3414.6621,5234800,74040600,241209100,3290304000,3410.4767,3416.2718,3410.4767,3407.9638
93135000,3415.0687,4492300,63255700,245701400,3353559700,3410.4767,3416.2718,3410.4767,3407.9638
93141000,3414.733,5999000,81836900,251700400,3435396600,3410.4767,3416.2718,3410.4767,3407.9638
93146000,3414.0619,4905400,81912300,256605800,3517308900,3410.4767,3416.2718,3410.4767,3407.9638
93150000,3413.7083,5769300,62216000,262375100,3579524900,3410.4767,3416.2718,3410.4767,3407.9638
93156000,3413.8458,7111700,77585300,269486800,3657110200,3410.4767,3416.2718,3410.4767,3407.9638
93201000,3413.332,4580700,72204100,274067500,3729314300,3410.4767,3416.2718,3410.4767,3407.9638
93205000,3412.7887,4311800,56640200,278379300,3785954500,3410.4767,3416.2718,3410.4767,3407.9638
93211000,3412.7315,7968700,96981400,286348000,3882935900,3410.4767,3416.2718,3410.4767,3407.9638
93216000,3412.4483,5153000,71059100,291501000,3953995000,3410.4767,3416.2718,3410.4767,3407.9638
93220000,3412.0579,4220700,54777400,295721700,4008772400,3410.4767,3416.2718,3410.4767,3407.9638
93226000,3411.551,8339500,87227000,304061200,4095999400,3410.4767,3416.2718,3410.4767,3407.9638
93231000,3411.2999,3827100,64301400,307888300,4160300800,3410.4767,3416.2718,3410.4767,3407.9638
93235000,3410.439,3371800,56185400,311260100,4216486200,3410.4767,3416.2718,3410.439,3407.9638
93241000,3409.8845,5312900,68906000,316573000,4285392200,3410.4767,3416.2718,3409.8845,3407.9638
93246000,3409.9683,5687500,61636800,322260500,4347029000,3410.4767,3416.2718,3409.8543,3407.9638
93250000,3409.478,5221400,62395000,327481900,4409424000,3410.4767,3416.2718,3409.4268,3407.9638
93256000,3408.6764,6947700,88469400,334429600,4497893400,3410.4767,3416.2718,3408.6764,3407.9638
93301000,3407.6727,5007700,71790100,339437300,4569683500,3410.4767,3416.2718,3407.6727,3407.9638
93305000,3407.7349,4922300,68074700,344359600,4637758200,3410.4767,3416.2718,3407.6727,3407.9638
93311000,3407.4421,7382600,92825200,351742200,4730583400,3410.4767,3416.2718,3407.271,3407.9638
93316000,3406.824,5216100,75205900,356958300,4805789300,3410.4767,3416.2718,3406.824,3407.9638
93320000,3406.7787,4681800,53428000,361640100,4859217300,3410.4767,3416.2718,3406.6498,3407.9638
93326000,3406.1298,7875500,94547900,369515600,4953765200,3410.4767,3416.2718,3405.7749,3407.9638
93331000,3405.2433,4392600,65430800,373908200,5019196000,3410.4767,3416.2718,3405.2433,3407.9638
93335000,3404.9142,4796700,59407500,378704900,5078603500,3410.4767,3416.2718,3404.9142,3407.9638
93341000,3405.0399,6623800,89078500,385328700,5167682000,3410.4767,3416.2718,3404.798,3407.9638
93346000,3404.9305,4285700,63796900,389614400,5231478900,3410.4767,3416.2718,3404.798,3407.9638
93351000,3404.9558,5343200,57079200,394957600,5288558100,3410.4767,3416.2718,3404.798,3407.9638
93356000,3404.595,8737100,90816800,403694700,5379374900,3410.4767,3416.2718,3404.5604,3407.9638
93401000,3404.7179,4319000,65270600,408013700,5444645500,3410.4767,3416.2718,3404.4187,3407.9638
93405000,3404.4903,5530000,59344800,413543700,5503990300,3410.4767,3416.2718,3404.4187,3407.9638
93411000,3404.0409,6158700,81213500,419702400,5585203800,3410.4767,3416.2718,3404.0409,3407.9638
93417000,3403.3832,7001900,88083200,426704300,5673287000,3410.4767,3416.2718,3403.3832,3407.9638
93420000,3403.209,3741500,36347700,430445800,5709634700,3410.4767,3416.2718,3403.209,3407.9638
93426000,3403.0559,7099300,80356200,437545100,5789990900,3410.4767,3416.2718,3403.0559,3407.9638
93432000,3402.9134,7215000,74756500,444760100,5864747400,3410.4767,3416.2718,3402.9134,3407.9638
93437000,3402.6597,4745500,62032100,449505600,5926779500,3410.4767,3416.2718,3402.5858,3407.9638
93441000,3401.7513,4673400,59993900,454179000,5986773400,3410.4767,3416.2718,3401.7513,3407.9638
93447000,3402.1098,5350400,71430300,459529400,6058203700,3410.4767,3416.2718,3401.7151,3407.9638
93452000,3401.7447,4288600,62177100,463818000,6120380800,3410.4767,3416.2718,3401.6373,3407.9638
93456000,3401.9646,5046900,61623100,468864900,6182003900,3410.4767,3416.2718,3401.3196,3407.9638
93502000,3401.4401,5683300,75364200,474548200,6257368100,3410.4767,3416.2718,3401.2677,3407.9638
93507000,3401.8244,5167400,72748100,479715600,6330116200,3410.4767,3416.2718,3401.2677,3407.9638
93511000,3401.5779,3944900,47328200,483660500,6377444400,3410.4767,3416.2718,3401.2677,3407.9638
93517000,3401.8199,4925300,75564100,488585800,6453008500,3410.4767,3416.2718,3401.2677,3407.9638
93522000,3401.7274,5343200,73892300,493929000,6526900800,3410.4767,3416.2718,3401.2677,3407.9638
93526000,3401.3762,4523600,60733900,498452600,6587634700,3410.4767,3416.2718,3401.2203,3407.9638
93532000,3401.4844,6193200,83795400,504645800,6671430100,3410.4767,3416.2718,3401.1574,3407.9638
93537000,3402.0125,4903600,69863400,509549400,6741293500,3410.4767,3416.2718,3401.1574,3407.9638
93541000,3402.0431,3948000,52072700,513497400,6793366200,3410.4767,3416.2718,3401.1574,3407.9638
93547000,3401.8948,4881000,71586100,518378400,6864952300,3410.4767,3416.2718,3401.1574,3407.9638
93552000,3402.0482,3563900,55136000,521942300,6920088300,3410.4767,3416.2718,3401.1574,3407.9638
93556000,3401.2219,4748800,55095000,526691100,6975183300,3410.4767,3416.2718,3401.1574,3407.9638
93602000,3402.4562,5344900,75195000,532036000,7050378300,3410.4767,3416.2718,3401.1574,3407.9638
93607000,3401.8182,6272700,87417600,538308700,7137795900,3410.4767,3416.2718,3401.1574,3407.9638
93611000,3402.8455,4627800,62197600,542936500,7199993500,3410.4767,3416.2718,3401.1574,3407.9638
93617000,3402.635,6910300,85387800,549846800,7285381300,3410.4767,3416.2718,3401.1574,3407.9638
93622000,3402.6831,4995200,66559400,554842000,7351940700,3410.4767,3416.2718,3401.1574,3407.9638
93626000,3403.2722,4125100,53762100,558967100,7405702800,3410.4767,3416.2718,3401.1574,3407.9638
93632000,3404.1213,7631000,105707300,566598100,7511410100,3410.4767,3416.2718,3401.1574,3407.9638
93637000,3405.2259,5924700,76900600,572522800,7588310700,3410.4767,3416.2718,3401.1574,3407.9638
93641000,3406.0185,5018100,59684600,577540900,7647995300,3410.4767,3416.2718,3401.1574,3407.9638
93647000,3406.1175,7635400,84268600,585176300,7732263900,3410.4767,3416.2718,3401.1574,3407.9638
93652000,3406.5165,5078400,63827100,590254700,7796091000,3410.4767,3416.2718,3401.1574,3407.9638
93657000,3406.3639,5351600,57775000,595606300,7853866000,3410.4767,3416.2718,3401.1574,3407.9638
93702000,3406.7236,6071600,79321200,601677900,7933187200,3410.4767,3416.2718,3401.1574,3407.9638
93707000,3407.4548,5931900,68740000,607609800,8001927200,3410.4767,3416.2718,3401.1574,3407.9638
93711000,3407.1125,4134300,57746600,611744100,8059673800,3410.4767,3416.2718,3401.1574,3407.9638
93717000,3407.7293,6137200,80385700,617881300,8140059500,3410.4767,3416.2718,3401.1574,3407.9638
93722000,3407.1289,3950100,54203700,621831400,8194263200,3410.4767,3416.2718,3401.1574,3407.9638
93726000,3407.9009,3776400,51336900,625607800,8245600100,3410.4767,3416.2718,3401.1574,3407.9638
93732000,3407.3257,4621800,67178900,630229600,8312779000,3410.4767,3416.2718,3401.1574,3407.9638
93737000,3407.848,5679500,76610700,635909100,8389389700,3410.4767,3416.2718,3401.1574,3407.9638
93743000,3407.9917,7012200,92007100,642921300,8481396800,3410.4767,3416.2718,3401.1574,3407.9638
93747000,3408.2122,3857400,62745700,646778700,8544142500,3410.4767,3416.2718,3401.1574,3407.9638
93753000,3407.9418,5445500,77019600,652224200,8621162100,3410.4767,3416.2718,3401.1574,3407.9638
93758000,3407.1515,4608300,57202900,656832500,8678365000,3410.4767,3416.2718,3401.1574,3407.9638
93802000,3407.3592,3314800,42148600,660147300,8720513600,3410.4767,3416.2718,3401.1574,3407.9638
93808000,3407.385,6317100,85654100,666464400,8806167700,3410.4767,3416.2718,3401.1574,3407.9638
93813000,3407.312,4294800,57451400,670759200,8863619100,3410.4767,3416.2718,3401.1574,3407.9638
93817000,3407.6532,3951300,49383700,674710500,8913002800,3410.4767,3416.2718,3401.1574,3407.9638
93823000,3407.3895,4799100,65237400,679509600,8978240200,3410.4767,3416.2718,3401.1574,3407.9638
93828000,3407.1983,4185600,61270600,683695200,9039510800,3410.4767,3416.2718,3401.1574,3407.9638
93832000,3407.003,4167700,43845600,687862900,9083356400,3410.4767,3416.2718,3401.1574,3407.9638
93838000,3406.748,5678000,71225400,693540900,9154581800,3410.4767,3416.2718,3401.1574,3407.9638
93843000,3407.7462,4615400,55558300,698156300,9210140100,3410.4767,3416.2718,3401.1574,3407.9638
93847000,3407.5808,3903300,58829900,702059600,9268970000,3410.4767,3416.2718,3401.1574,3407.9638
93853000,3406.8942,4977600,73957500,707037200,9342927500,3410.4767,3416.2718,3401.1574,3407.9638
93858000,3406.8925,3958100,57174600,710995300,9400102100,3410.4767,3416.2718,3401.1574,3407.9638
93902000,3407.3107,3156100,41056300,714151400,9441158400,3410.4767,3416.2718,3401.1574,3407.9638
93908000,3408.6402,7670500,86015300,721821900,9527173700,3410.4767,3416.2718,3401.1574,3407.9638
93913000,3408.1012,4091000,64218700,725912900,9591392400,3410.4767,3416.2718,3401.1574,3407.9638
93917000,3409.2592,5195600,70487900,731108500,9661880300,3410.4767,3416.2718,3401.1574,3407.9638
93923000,3410.9386,8526900,118421400,739635400,9780301700,3410.4767,3416.2718,3401.1574,3407.9638
93928000,3411.2769,6175900,98940100,745811300,9879241800,3410.4767,3416.2718,3401.1574,3407.9638
93932000,3412.3012,6108100,80131900,751919400,9959373700,3410.4767,3416.2718,3401.1574,3407.9638
93938000,3413.726,9592500,114796200,761511900,10074169900,3410.4767,3416.2718,3401.1574,3407.9638
93943000,3414.5145,6407600,79037700,767919500,10153207600,3410.4767,3416.2718,3401.1574,3407.9638
93947000,3415.2886,7588000,74521000,775507500,10227728600,3410.4767,3416.2718,3401.1574,3407.9638
93953000,3416.8405,8005500,108232200,783513000,10335960800,3410.4767,3417.0076,3401.1574,3407.9638
93958000,3417.6312,5123900,61634700,788636900,10397595500,3410.4767,3417.6786,3401.1574,3407.9638
94002000,3417.8416,4871700,59734500,793508600,10457330000,3410.4767,3417.8731,3401.1574,3407.9638
94008000,3418.7475,8512700,100555800,802021300,10557885800,3410.4767,3418.7475,3401.1574,3407.9638
94013000,3419.4116,6123700,79003200,808145000,10636889000,3410.4767,3419.4697,3401.1574,3407.9638
94017000,3419.8903,6411800,83287600,814556800,10720176600,3410.4767,3419.9043,3401.1574,3407.9638
94023000,3420.7916,9901800,112802600,824458600,10832979200,3410.4767,3421.0248,3401.1574,3407.9638
94028000,3421.6446,5413900,67750000,829872500,10900729200,3410.4767,3421.6446,3401.1574,3407.9638
94032000,3421.6254,6032400,71980600,835904900,10972709800,3410.4767,3421.6446,3401.1574,3407.9638
94038000,3421.4186,7077300,102731900,842982200,11075441700,3410.4767,3422.0398,3401.1574,3407.9638
94043000,3421.3425,4352800,63006400,847335000,11138448100,3410.4767,3422.0398,3401.1574,3407.9638
94047000,3421.232,4524800,61732700,851859800,11200180800,3410.4767,3422.0398,3401.1574,3407.9638
94053000,3421.2199,6963600,85052100,858823400,11285232900,3410.4767,3422.0398,3401.1574,3407.9638
94058000,3420.6712,4627400,68581200,863450800,11353814100,3410.4767,3422.0398,3401.1574,3407.9638
94102000,3420.4622,3928500,53857800,867379300,11407671900,3410.4767,3422.0398,3401.1574,3407.9638
94108000,3420.2596,6539900,79388500,873919200,11487060400,3410.4767,3422.0398,3401.1574,3407.9638
94113000,3419.4967,4024100,61850100,877943300,11548910500,3410.4767,3422.0398,3401.1574,3407.9638
94117000,3419.2199,3833200,63459300,881776500,11612369800,3410.4767,3422.0398,3401.1574,3407.9638
94123000,3418.5916,6313000,90748300,888089500,11703118100,3410.4767,3422.0398,3401.1574,3407.9638
94128000,3417.7312,3987300,66021900,892076800,11769140000,3410.4767,3422.0398,3401.1574,3407.9638
94132000,3417.6918,4809100,54642400,896885900,11823782400,3410.4767,3422.0398,3401.1574,3407.9638
94138000,3416.4586,5539800,80736500,902425700,11904518900,3410.4767,3422.0398,3401.1574,3407.9638
94143000,3415.9548,3425200,57909900,905850900,11962428800,3410.4767,3422.0398,3401.1574,3407.9638
94147000,3415.2657,4430100,54519000,910281000,12016947800,3410.4767,3422.0398,3401.1574,3407.9638
94153000,3414.5592,6244300,79396600,916525300,12096344400,3410.4767,3422.0398,3401.1574,3407.9638
94158000,3414.5195,5588700,64806300,922114000,12161150700,3410.4767,3422.0398,3401.1574,3407.9638
94204000,3414.3964,4322300,70147800,926436300,12231298500,3410.4767,3422.0398,3401.1574,3407.9638
94208000,3413.9849,4398500,56409200,930834800,12287707700,3410.4767,3422.0398,3401.1574,3407.9638
94214000,3412.9482,4430100,64080700,935264900,12351788400,3410.4767,3422.0398,3401.1574,3407.9638
94219000,3413.2194,3238800,52943000,938503700,12404731400,3410.4767,3422.0398,3401.1574,3407.9638
94223000,3413.7,3789500,53426700,942293200,12458158100,3410.4767,3422.0398,3401.1574,3407.9638
94229000,3413.4377,3977700,54522700,946270900,12512680800,3410.4767,3422.0398,3401.1574,3407.9638
94234000,3413.2033,2457700,39294400,948728600,12551975200,3410.4767,3422.0398,3401.1574,3407.9638
94238000,3413.1859,2925900,36575400,951654500,12588550600,3410.4767,3422.0398,3401.1574,3407.9638
94244000,3413.2541,4250700,57744100,955905200,12646294700,3410.4767,3422.0398,3401.1574,3407.9638
94249000,3413.2389,4443100,53914500,960348300,12700209200,3410.4767,3422.0398,3401.1574,3407.9638
94253000,3413.4273,2978500,39146800,963326800,12739356000,3410.4767,3422.0398,3401.1574,3407.9638
94259000,3413.375,5028000,76318100,968354800,12815674100,3410.4767,3422.0398,3401.1574,3407.9638
94304000,3413.9643,4282400,54539700,972637200,12870213800,3410.4767,3422.0398,3401.1574,3407.9638
94309000,3414.657,5776200,61465600,978413400,12931679400,3410.4767,3422.0398,3401.1574,3407.9638
94314000,3414.4542,4914400,68231300,983327800,12999910700,3410.4767,3422.0398,3401.1574,3407.9638
94319000,3414.9134,3428100,53392800,986755900,13053303500,3410.4767,3422.0398,3401.1574,3407.9638
94323000,3416.1333,4032800,56271100,990788700,13109574600,3410.4767,3422.0398,3401.1574,3407.9638
94329000,3416.515,5735900,76688600,996524600,13186263200,3410.4767,3422.0398,3401.1574,3407.9638
94334000,3416.4127,4287600,56145100,1000812200,13242408300,3410.4767,3422.0398,3401.1574,3407.9638
94339000,3415.769,3083800,39364400,1003896000,13281772700,3410.4767,3422.0398,3401.1574,3407.9638
94344000,3415.0725,5151300,69594100,1009047300,13351366800,3410.4767,3422.0398,3401.1574,3407.9638
94349000,3414.7104,3582500,55350300,1012629800,13406717100,3410.4767,3422.0398,3401.1574,3407.9638
94353000,3414.5734,3810400,57254400,1016440200,13463971500,3410.4767,3422.0398,3401.1574,3407.9638
94359000,3413.702,5687400,68243400,1022127600,13532214900,3410.4767,3422.0398,3401.1574,3407.9638
94404000,3413.5414,4684200,60296500,1026811800,13592511400,3410.4767,3422.0398,3401.1574,3407.9638
94408000,3413.1893,3582100,53670300,1030393900,13646181700,3410.4767,3422.0398,3401.1574,3407.9638
94414000,3412.678,6214100,80781700,1036608000,13726963400,3410.4767,3422.0398,3401.1574,3407.9638
94419000,3412.3084,3843900,53061800,1040451900,13780025200,3410.4767,3422.0398,3401.1574,3407.9638
94423000,3412.3714,2781900,46539700,1043233800,13826564900,3410.4767,3422.0398,3401.1574,3407.9638
94429000,3411.9997,4512700,61503600,1047746500,13888068500,3410.4767,3422.0398,3401.1574,3407.9638
94434000,3412.7036,2789100,46626100,1050535600,13934694600,3410.4767,3422.0398,3401.1574,3407.9638
94438000,3411.6383,3306700,44604800,1053842300,13979299400,3410.4767,3422.0398,3401.1574,3407.9638
94444000,3411.2379,4171700,65502900,1058014000,14044802300,3410.4767,3422.0398,3401.1574,3407.9638
94449000,3410.9304,2953100,40702800,1060967100,14085505100,3410.4767,3422.0398,3401.1574,3407.9638
94453000,3411.0104,3378800,43607300,1064345900,14129112400,3410.4767,3422.0398,3401.1574,3407.9638
94459000,3410.3712,5716400,64107300,1070062300,14193219700,3410.4767,3422.0398,3401.1574,3407.9638
94504000,3409.8926,3277900,53003400,1073340200,14246223100,3410.4767,3422.0398,3401.1574,3407.9638
94508000,3410.0964,4004700,54288200,1077344900,14300511300,3410.4767,3422.0398,3401.1574,3407.9638
94514000,3409.4103,3313100,54871700,1080658000,14355383000,3410.4767,3422.0398,3401.1574,3407.9638
94519000,3409.0326,3030700,42108600,1083688700,14397491600,3410.4767,3422.0398,3401.1574,3407.9638
94523000,3409.2691,2976400,36601500,1086665100,14434093100,3410.4767,3422.0398,3401.1574,3407.9638
94529000,3409.0464,3969200,49601700,1090634300,14483694800,3410.4767,3422.0398,3401.1574,3407.9638
94534000,3408.9599,3731300,45607300,1094365600,14529302100,3410.4767,3422.0398,3401.1574,3407.9638
94538000,3408.2966,3601300,43939400,1097966900,14573241500,3410.4767,3422.0398,3401.1574,3407.9638
94544000,3407.8134,5060100,73650000,1103027000,14646891500,3410.4767,3422.0398,3401.1574,3407.9638
94549000,3407.3887,3462000,53304500,1106489000,14700196000,3410.4767,3422.0398,3401.1574,3407.9638
94553000,3407.2062,3186900,43514000,1109675900,14743710000,3410.4767,3422.0398,3401.1574,3407.9638
94559000,3406.4601,4296700,67265600,1113972600,14810975600,3410.4767,3422.0398,3401.1574,3407.9638
94604000,3405.7796,3722000,46092200,1117694600,14857067800,3410.4767,3422.0398,3401.1574,3407.9638
94610000,3405.1457,5106100,76058800,1122800700,14933126600,3410.4767,3422.0398,3401.1574,3407.9638
94614000,3404.1312,3537500,49034900,1126338200,14982161500,3410.4767,3422.0398,3401.1574,3407.9638
94620000,3403.5268,4881000,69859000,1131219200,15052020500,3410.4767,3422.0398,3401.1574,3407.9638
94625000,3403.1489,3599000,58343100,1134818200,15110363600,3410.4767,3422.0398,3401.1574,3407.9638
94629000,3402.4338,3477500,58026400,1138295700,15168390000,3410.4767,3422.0398,3401.1574,3407.9638
94635000,3401.8866,5934900,77815600,1144230600,15246205600,3410.4767,3422.0398,3401.1574,3407.9638
94640000,3400.797,4310000,61575700,1148540600,15307781300,3410.4767,3422.0398,3400.797,3407.9638
94644000,3400.7341,5373600,63672300,1153914200,15371453600,3410.4767,3422.0398,3400.7341,3407.9638
94650000,3399.9554,5220300,67454800,1159134500,15438908400,3410.4767,3422.0398,3399.9554,3407.9638
94655000,3399.1823,4783900,53317500,1163918400,15492225900,3410.4767,3422.0398,3399.1823,3407.9638
94659000,3398.6056,4243800,55721200,1168162200,15547947100,3410.4767,3422.0398,3398.6056,3407.9638
94705000,3398.0954,5471500,71027600,1173633700,15618974700,3410.4767,3422.0398,3398.0516,3407.9638
94710000,3398.2828,4165200,55035500,1177798900,15674010200,3410.4767,3422.0398,3398.0516,3407.9638
94714000,3397.5534,4843100,58725700,1182642000,15732735900,3410.4767,3422.0398,3397.5534,3407.9638
94720000,3397.3775,5616900,77929600,1188258900,15810665500,3410.4767,3422.0398,3397.2823,3407.9638
94725000,3396.7651,4598200,56490600,1192857100,15867156100,3410.4767,3422.0398,3396.7651,3407.9638
94729000,3396.9151,4103800,49876800,1196960900,15917032900,3410.4767,3422.0398,3396.3868,3407.9638
94735000,3396.4249,5943800,81003100,1202904700,15998036000,3410.4767,3422.0398,3396.3868,3407.9638
94740000,3395.9167,5694600,67962300,1208599300,16065998300,3410.4767,3422.0398,3395.9167,3407.9638
94744000,3395.8279,6781400,64417900,1215380700,16130416200,3410.4767,3422.0398,3395.8279,3407.9638
94750000,3395.3134,4800200,69315200,1220180900,16199731400,3410.4767,3422.0398,3395.2916,3407.9638
94755000,3395.08,6418100,65916900,1226599000,16265648300,3410.4767,3422.0398,3395.08,3407.9638
94759000,3394.5657,6190800,56344200,1232789800,16321992500,3410.4767,3422.0398,3394.5657,3407.9638
94805000,3393.8385,6282700,97516800,1239072500,16419509300,3410.4767,3422.0398,3393.8385,3407.9638
94810000,3394.3466,3435500,67194800,1242508000,16486704100,3410.4767,3422.0398,3393.3477,3407.9638
94814000,3393.3997,4008900,54427600,1246516900,16541131700,3410.4767,3422.0398,3393.3477,3407.9638
94820000,3392.1892,11279600,102141000,1257796500,16643272700,3410.4767,3422.0398,3392.1892,3407.9638
94825000,3392.1266,4931800,74581000,1262728300,16717853700,3410.4767,3422.0398,3392.0869,3407.9638
94829000,3391.5721,3863400,48530300,1266591700,16766384000,3410.4767,3422.0398,3391.5721,3407.9638
94835000,3390.8776,5577800,75402700,1272169500,16841786700,3410.4767,3422.0398,3390.8776,3407.9638
94840000,3390.3707,4734900,72996600,1276904400,16914783300,3410.4767,3422.0398,3390.3707,3407.9638
94844000,3390.0171,5824300,57990000,1282728700,16972773300,3410.4767,3422.0398,3390.0171,3407.9638
94850000,3389.3634,5802600,82337600,1288531300,17055110900,3410.4767,3422.0398,3389.3634,3407.9638
94855000,3389.0268,3946300,56827200,1292477600,17111938100,3410.4767,3422.0398,3389.0268,3407.9638
94859000,3389.2713,5156700,55472700,1297634300,17167410800,3410.4767,3422.0398,3389.0268,3407.9638
94905000,3388.7269,9441900,105799700,1307076200,17273210500,3410.4767,3422.0398,3388.4718,3407.9638
94910000,3388.4283,6571200,84010200,1313647400,17357220700,3410.4767,3422.0398,3388.4283,3407.9638
94914000,3387.2701,6564300,62450600,1320211700,17419671300,3410.4767,3422.0398,3387.2701,3407.9638
94920000,3386.9546,7601800,88877700,1327813500,17508549000,3410.4767,3422.0398,3386.9037,3407.9638
94925000,3386.9306,4249100,60852700,1332062600,17569401700,3410.4767,3422.0398,3386.9037,3407.9638
94929000,3387.108,5116100,69298000,1337178700,17638699700,3410.4767,3422.0398,3386.8979,3407.9638
94935000,3386.7877,7900900,107094400,1345079600,17745794100,3410.4767,3422.0398,3386.5502,3407.9638
94940000,3386.6224,3820700,64861600,1348900300,17810655700,3410.4767,3422.0398,3386.5502,3407.9638
94945000,3386.2506,3910400,56430200,1352810700,17867085900,3410.4767,3422.0398,3385.8162,3407.9638
94950000,3385.4291,4905600,72929400,1357716300,17940015300,3410.4767,3422.0398,3385.3302,3407.9638
94955000,3385.2757,4226200,63702900,1361942500,18003718200,3410.4767,3422.0398,3385.2599,3407.9638
94959000,3384.8155,5743100,64961200,1367685600,18068679400,3410.4767,3422.0398,3384.8155,3407.9638
95005000,3384.9209,5419700,86515000,1373105300,18155194400,3410.4767,3422.0398,3384.6106,3407.9638
95010000,3384.5632,5874500,81020700,1378979800,18236215100,3410.4767,3422.0398,3384.3953,3407.9638
95014000,3384.401,3830300,59565100,1382810100,18295780200,3410.4767,3422.0398,3383.7075,3407.9638
95020000,3383.8611,7079500,90554100,1389889600,18386334300,3410.4767,3422.0398,3383.7075,3407.9638
95025000,3383.6257,4902900,76581000,1394792500,18462915300,3410.4767,3422.0398,3383.368,3407.9638
95031000,3383.4792,9303600,112046500,1404096100,18574961800,3410.4767,3422.0398,3383.368,3407.9638
95035000,3384.7457,8085500,102523500,1412181600,18677485300,3410.4767,3422.0398,3383.368,3407.9638
95040000,3386.5755,7495100,122227300,1419676700,18799712600,3410.4767,3422.0398,3383.368,3407.9638
95046000,3387.1589,9449300,143853300,1429126000,18943565900,3410.4767,3422.0398,3383.368,3407.9638
95050000,3387.2351,4622000,82286000,1433748000,19025851900,3410.4767,3422.0398,3383.368,3407.9638
95056000,3388.0024,7425000,125736800,1441173000,19151588700,3410.4767,3422.0398,3383.368,3407.9638
95101000,3387.7283,4508100,70026100,1445681100,19221614800,3410.4767,3422.0398,3383.368,3407.9638
95105000,3387.487,4697800,67461900,1450378900,19289076700,3410.4767,3422.0398,3383.368,3407.9638
95111000,3388.36,5803900,95836100,1456182800,19384912800,3410.4767,3422.0398,3383.368,3407.9638
95116000,3389.0244,4229700,70120100,1460412500,19455032900,3410.4767,3422.0398,3383.368,3407.9638
95121000,3388.7897,3556700,55398700,1463969200,19510431600,3410.4767,3422.0398,3383.368,3407.9638
95126000,3388.9087,7230400,76347600,1471199600,19586779200,3410.4767,3422.0398,3383.368,3407.9638
95131000,3388.8342,3316900,54530200,1474516500,19641309400,3410.4767,3422.0398,3383.368,3407.9638
95135000,3388.7941,3557900,68156600,1478074400,19709466000,3410.4767,3422.0398,3383.368,3407.9638
95141000,3388.3931,4924700,70628800,1482999100,19780094800,3410.4767,3422.0398,3383.368,3407.9638
95146000,3387.9159,3272300,44230700,1486271400,19824325500,3410.4767,3422.0398,3383.368,3407.9638
95150000,3387.5135,2844900,55781500,1489116300,19880107000,3410.4767,3422.0398,3383.368,3407.9638
95156000,3387.6788,3872500,60934700,1492988800,19941041700,3410.4767,3422.0398,3383.368,3407.9638
95201000,3388.1311,2460600,42234800,1495449400,19983276500,3410.4767,3422.0398,3383.368,3407.9638
95205000,3387.907,4075000,55509700,1499524400,20038786200,3410.4767,3422.0398,3383.368,3407.9638
95211000,3388.7189,5366400,76790600,1504890800,20115576800,3410.4767,3422.0398,3383.368,3407.9638
95216000,3387.8294,4049900,57209000,1508940700,20172785800,3410.4767,3422.0398,3383.368,3407.9638
95221000,3387.9857,3453400,53441000,1512394100,20226226800,3410.4767,3422.0398,3383.368,3407.9638
95226000,3387.8207,5760700,81394000,1518154800,20307620800,3410.4767,3422.0398,3383.368,3407.9638
95231000,3387.7242,3630000,59481800,1521784800,20367102600,3410.4767,3422.0398,3383.368,3407.9638
95235000,3387.1873,3239200,49613300,1525024000,20416715900,3410.4767,3422.0398,3383.368,3407.9638
95241000,3387.301,5562500,78850700,1530586500,20495566600,3410.4767,3422.0398,3383.368,3407.9638
95246000,3388.5024,4810400,72153300,1535396900,20567719900,3410.4767,3422.0398,3383.368,3407.9638
95251000,3388.1856,4906900,57840600,1540303800,20625560500,3410.4767,3422.0398,3383.368,3407.9638
95256000,3389.3863,6680000,99319100,1546983800,20724879600,3410.4767,3422.0398,3383.368,3407.9638
95301000,3389.9387,4442600,74533300,1551426400,20799412900,3410.4767,3422.0398,3383.368,3407.9638
95305000,3389.4849,5162500,65102100,1556588900,20864515000,3410.4767,3422.0398,3383.368,3407.9638
95311000,3389.6549,6150000,90939400,1562738900,20955454400,3410.4767,3422.0398,3383.368,3407.9638
95316000,3390.3286,3323000,53011500,1566061900,21008465900,3410.4767,3422.0398,3383.368,3407.9638
95320000,3390.4881,2847700,42177000,1568909600,21050642900,3410.4767,3422.0398,3383.368,3407.9638
95326000,3389.8741,4433700,63988600,1573343300,21114631500,3410.4767,3422.0398,3383.368,3407.9638
95331000,3389.6274,4098900,52646700,1577442200,21167278200,3410.4767,3422.0398,3383.368,3407.9638
95335000,3389.5215,4183900,56351800,1581626100,21223630000,3410.4767,3422.0398,3383.368,3407.9638
95341000,3389.268,4575300,66936200,1586201400,21290566200,3410.4767,3422.0398,3383.368,3407.9638
95346000,3389.0706,3500600,49763900,1589702000,21340330100,3410.4767,3422.0398,3383.368,3407.9638
95350000,3388.009,3593700,52530800,1593295700,21392860900,3410.4767,3422.0398,3383.368,3407.9638
95356000,3387.4376,6870200,91800400,1600165900,21484661300,3410.4767,3422.0398,3383.368,3407.9638
95401000,3386.9849,4106500,61632800,1604272400,21546294100,3410.4767,3422.0398,3383.368,3407.9638
95405000,3385.8371,4823900,70884500,1609096300,21617178600,3410.4767,3422.0398,3383.368,3407.9638
95411000,3385.5737,5752300,103036000,1614848600,21720214600,3410.4767,3422.0398,3383.368,3407.9638
95416000,3384.2789,4137700,77646400,1618986300,21797861000,3410.4767,3422.0398,3383.368,3407.9638
95420000,3383.9307,3197700,56972500,1622184000,21854833500,3410.4767,3422.0398,3383.368,3407.9638
95426000,3383.9033,5315000,86556800,1627499000,21941390300,3410.4767,3422.0398,3383.368,3407.9638
95431000,3382.8994,3246100,55773000,1630745100,21997163300,3410.4767,3422.0398,3382.6748,3407.9638
95435000,3383.0244,4462300,70980900,1635207400,22068144200,3410.4767,3422.0398,3382.6001,3407.9638
95441000,3383.0068,7391700,143033800,1642599100,22211178000,3410.4767,3422.0398,3382.6001,3407.9638
95446000,3382.6314,3730100,68086100,1646329200,22279264100,3410.4767,3422.0398,3382.5365,3407.9638
95452000,3381.9968,5774300,100078000,1652103500,22379342100,3410.4767,3422.0398,3381.9968,3407.9638
95456000,3382.8871,4536900,70446300,1656640400,22449788400,3410.4767,3422.0398,3381.8763,3407.9638
95502000,3382.2918,6870600,108984100,1663511000,22558772500,3410.4767,3422.0398,3381.8763,3407.9638
95507000,3382.702,5103400,90012500,1668614400,22648785000,3410.4767,3422.0398,3381.8763,3407.9638
95511000,3381.6712,4821000,70701700,1673435400,22719486700,3410.4767,3422.0398,3381.6712,3407.9638
95517000,3379.874,4874800,86411200,1678310200,22805897900,3410.4767,3422.0398,3379.874,3407.9638
95522000,3380.4725,4441100,75358900,1682751300,22881256800,3410.4767,3422.0398,3379.874,3407.9638
95526000,3380.339,3808800,78601100,1686560100,22959857900,3410.4767,3422.0398,3379.874,3407.9638
95532000,3381.2491,7251200,110453500,1693811300,23070311400,3410.4767,3422.0398,3379.874,3407.9638
95537000,3381.2868,6792000,112460300,1700603300,23182771700,3410.4767,3422.0398,3379.874,3407.9638
95541000,3381.6077,5879900,81293100,1706483200,23264064800,3410.4767,3422.0398,3379.874,3407.9638
95547000,3382.3456,6078500,97409300,1712561700,23361474100,3410.4767,3422.0398,3379.874,3407.9638
95552000,3381.7906,4954800,96558000,1717516500,23458032100,3410.4767,3422.0398,3379.874,3407.9638
95556000,3381.7981,3924700,67793000,1721441200,23525825100,3410.4767,3422.0398,3379.874,3407.9638
95602000,3383.3541,6127100,105634700,1727568300,23631459800,3410.4767,3422.0398,3379.874,3407.9638
95607000,3383.1913,5711700,88762700,1733280000,23720222500,3410.4767,3422.0398,3379.874,3407.9638
95611000,3383.0715,3450800,58604900,1736730800,23778827400,3410.4767,3422.0398,3379.874,3407.9638
95617000,3383.3212,5923400,93194600,1742654200,23872022000,3410.4767,3422.0398,3379.874,3407.9638
95622000,3382.8551,3827800,68255300,1746482000,23940277300,3410.4767,3422.0398,3379.874,3407.9638
95626000,3383.6128,4433700,56368700,1750915700,23996646000,3410.4767,3422.0398,3379.874,3407.9638
95632000,3383.2049,4723900,75485000,1755639600,24072131000,3410.4767,3422.0398,3379.874,3407.9638
95637000,3383.5375,4555600,59795300,1760195200,24131926300,3410.4767,3422.0398,3379.874,3407.9638
95641000,3383.6717,5202900,67758000,1765398100,24199684300,3410.4767,3422.0398,3379.874,3407.9638
95647000,3383.4798,5247700,77725700,1770645800,24277410000,3410.4767,3422.0398,3379.874,3407.9638
95652000,3382.9155,3119000,49050500,1773764800,24326460500,3410.4767,3422.0398,3379.874,3407.9638
95656000,3382.7736,2648200,51579100,1776413000,24378039600,3410.4767,3422.0398,3379.874,3407.9638
95702000,3382.7598,4723100,70397300,1781136100,24448436900,3410.4767,3422.0398,3379.874,3407.9638
95707000,3382.5726,4131700,54656500,1785267800,24503093400,3410.4767,3422.0398,3379.874,3407.9638
95711000,3382.3834,2977500,49847300,1788245300,24552940700,3410.4767,3422.0398,3379.874,3407.9638
95717000,3381.5409,4396300,63481500,1792641600,24616422200,3410.4767,3422.0398,3379.874,3407.9638
95722000,3381.1613,3437600,39250300,1796079200,24655672500,3410.4767,3422.0398,3379.874,3407.9638
95726000,3381.0948,2791300,54456100,1798870500,24710128600,3410.4767,3422.0398,3379.874,3407.9638
95732000,3381.0791,4895100,65587600,1803765600,24775716200,3410.4767,3422.0398,3379.874,3407.9638
95737000,3380.8333,2806100,47938000,1806571700,24823654200,3410.4767,3422.0398,3379.874,3407.9638
95741000,3380.4094,3319400,45751500,1809891100,24869405700,3410.4767,3422.0398,3379.874,3407.9638
95747000,3380.5984,4833800,76165300,1814724900,24945571000,3410.4767,3422.0398,3379.874,3407.9638
95752000,3380.1854,4259000,62051700,1818983900,25007622700,3410.4767,3422.0398,3379.874,3407.9638
95756000,3380.9286,4084300,61182600,1823068200,25068805300,3410.4767,3422.0398,3379.874,3407.9638
95802000,3380.1313,6767700,93881100,1829835900,25162686400,3410.4767,3422.0398,3379.874,3407.9638
95807000,3379.673,4323000,66239800,1834158900,25228926200,3410.4767,3422.0398,3379.5642,3407.9638
95811000,3379.5809,3474400,57896900,1837633300,25286823100,3410.4767,3422.0398,3379.3821,3407.9638
95817000,3378.7213,6020500,86268200,1843653800,25373091300,3410.4767,3422.0398,3378.7213,3407.9638
95822000,3378.7013,2916600,50704100,1846570400,25423795400,3410.4767,3422.0398,3378.5056,3407.9638
95826000,3378.5258,3167100,54470500,1849737500,25478265900,3410.4767,3422.0398,3378.5056,3407.9638
95832000,3378.4794,5588300,68231200,1855325800,25546497100,3410.4767,3422.0398,3378.4794,3407.9638
95837000,3378.0956,2356700,48518600,1857682500,25595015700,3410.4767,3422.0398,3378.0956,3407.9638
95841000,3377.8097,3694600,50931100,1861377100,25645946800,3410.4767,3422.0398,3377.8097,3407.9638
95847000,3377.2982,5802600,71241300,1867179700,25717188100,3410.4767,3422.0398,3377.2982,3407.9638
95853000,3377.5035,4692100,76558300,1871871800,25793746400,3410.4767,3422.0398,3376.842,3407.9638
95856000,3376.9675,2183600,34125400,1874055400,25827871800,3410.4767,3422.0398,3376.842,3407.9638
95902000,3376.741,4915100,79256500,1878970500,25907128300,3410.4767,3422.0398,3376.6336,3407.9638
95908000,3375.6736,6123100,84444300,1885093600,25991572600,3410.4767,3422.0398,3375.5996,3407.9638
95913000,3375.2629,5011300,74928900,1890104900,26066501500,3410.4767,3422.0398,3375.2629,3407.9638
95917000,3375.4938,4917400,60829000,1895022300,26127330500,3410.4767,3422.0398,3375.2629,3407.9638
95923000,3373.4638,5626200,82840200,1900648500,26210170700,3410.4767,3422.0398,3373.4638,3407.9638
95928000,3373.5851,4457300,64823200,1905105800,26274993900,3410.4767,3422.0398,3373.4638,3407.9638
95933000,3373.8709,4524200,95248600,1909630000,26370242500,3410.4767,3422.0398,3373.4638,3407.9638
95938000,3372.8327,5620200,101320200,1915250200,26471562700,3410.4767,3422.0398,3372.8327,3407.9638
95943000,3372.7264,4179600,78546900,1919429800,26550109600,3410.4767,3422.0398,3372.7264,3407.9638
95947000,3371.8471,4624500,72475900,1924054300,26622585500,3410.4767,3422.0398,3371.8471,3407.9638
95953000,3370.6737,6911300,95641500,1930965600,26718227000,3410.4767,3422.0398,3370.6737,3407.9638
95958000,3370.3883,3912900,75657800,1934878500,26793884800,3410.4767,3422.0398,3370.3589,3407.9638
100002000,3369.4885,5197100,82820500,1940075600,26876705300,3410.4767,3422.0398,3369.4885,3407.9638
100008000,3369.4089,6900500,124545200,1946976100,27001250500,3410.4767,3422.0398,3369.3001,3407.9638
100013000,3368.9693,4147600,73668400,1951123700,27074918900,3410.4767,3422.0398,3368.9307,3407.9638
100017000,3368.1179,4849600,74419100,1955973300,27149338000,3410.4767,3422.0398,3368.1179,3407.9638
100023000,3367.7579,5995000,101401800,1961968300,27250739800,3410.4767,3422.0398,3367.4796,3407.9638
100028000,3366.4791,6496300,93194100,1968464600,27343933900,3410.4767,3422.0398,3366.3691,3407.9638
100033000,3366.5439,5659600,78912300,1974124200,27422846200,3410.4767,3422.0398,3366.3691,3407.9638
100038000,3365.8986,7131100,109183700,1981255300,27532029900,3410.4767,3422.0398,3365.8986,3407.9638
100043000,3365.9068,5230300,83214200,1986485600,27615244100,3410.4767,3422.0398,3365.4912,3407.9638
100047000,3365.0442,5397700,75599800,1991883300,27690843900,3410.4767,3422.0398,3365.0442,3407.9638
100053000,3364.5686,8131700,112062300,2000015000,27802906200,3410.4767,3422.0398,3364.5686,3407.9638
100058000,3364.1547,5682900,101355000,2005697900,27904261200,3410.4767,3422.0398,3363.8224,3407.9638
100102000,3363.962,5178900,71609400,2010876800,27975870600,3410.4767,3422.0398,3363.7622,3407.9638
100108000,3364.4003,9815800,150913800,2020692600,28126784400,3410.4767,3422.0398,3363.7622,3407.9638
100113000,3365.1906,6779200,101290000,2027471800,28228074400,3410.4767,3422.0398,3363.7622,3407.9638
100117000,3365.7421,5665200,88237200,2033137000,28316311600,3410.4767,3422.0398,3363.7622,3407.9638
100123000,3367.864,11708200,167148300,2044845200,28483459900,3410.4767,3422.0398,3363.7622,3407.9638
100128000,3368.322,7780000,132429500,2052625200,28615889400,3410.4767,3422.0398,3363.7622,3407.9638
100132000,3369.3856,8713200,131424100,2061338400,28747313500,3410.4767,3422.0398,3363.7622,3407.9638
100138000,3369.5013,6751700,126103600,2068090100,28873417100,3410.4767,3422.0398,3363.7622,3407.9638
100143000,3370.3948,5551300,93577900,2073641400,28966995000,3410.4767,3422.0398,3363.7622,3407.9638
100147000,3370.3558,4079500,70979000,2077720900,29037974000,3410.4767,3422.0398,3363.7622,3407.9638
100153000,3370.8896,6013300,114596700,2083734200,29152570700,3410.4767,3422.0398,3363.7622,3407.9638
100158000,3371.6066,4128900,68818300,2087863100,29221389000,3410.4767,3422.0398,3363.7622,3407.9638
100202000,3371.1276,5563300,64077300,2093426400,29285466300,3410.4767,3422.0398,3363.7622,3407.9638
100208000,3370.4763,6582800,97501700,2100009200,29382968000,3410.4767,3422.0398,3363.7622,3407.9638
100213000,3371.0208,3587800,65842900,2103597000,29448810900,3410.4767,3422.0398,3363.7622,3407.9638
100217000,3370.5072,3506300,59714000,2107103300,29508524900,3410.4767,3422.0398,3363.7622,3407.9638
100223000,3370.8831,6226500,90810200,2113329800,29599335100,3410.4767,3422.0398,3363.7622,3407.9638
100228000,3370.1708,3699700,55768300,2117029500,29655103400,3410.4767,3422.0398,3363.7622,3407.9638
100233000,3370.5734,2869100,46358900,2119898600,29701462300,3410.4767,3422.0398,3363.7622,3407.9638
100238000,3371.3819,4645100,79299500,2124543700,29780761800,3410.4767,3422.0398,3363.7622,3407.9638
100243000,3370.9312,2907800,47101200,2127451500,29827863000,3410.4767,3422.0398,3363.7622,3407.9638
100247000,3370.4859,3030200,52852400,2130481700,29880715400,3410.4767,3422.0398,3363.7622,3407.9638
100253000,3370.386,3659100,59830800,2134140800,29940546200,3410.4767,3422.0398,3363.7622,3407.9638
100258000,3370.1982,2681600,44755200,2136822400,29985301400,3410.4767,3422.0398,3363.7622,3407.9638
100302000,3370.0602,2475300,59341200,2139297700,30044642600,3410.4767,3422.0398,3363.7622,3407.9638
100308000,3370.4174,4861900,78106800,2144159600,30122749400,3410.4767,3422.0398,3363.7622,3407.9638
100314000,3370.3015,3210400,59693700,2147370000,30182443100,3410.4767,3422.0398,3363.7622,3407.9638
100317000,3370.0707,2054400,32012900,2149424400,30214456000,3410.4767,3422.0398,3363.7622,3407.9638
100323000,3369.737,3722400,65886900,2153146800,30280342900,3410.4767,3422.0398,3363.7622,3407.9638
100329000,3369.9699,3626400,69003100,2156773200,30349346000,3410.4767,3422.0398,3363.7622,3407.9638
100334000,3369.6371,3444600,49358800,2160217800,30398704800,3410.4767,3422.0398,3363.7622,3407.9638
100338000,3369.7308,3083000,53750600,2163300800,30452455400,3410.4767,3422.0398,3363.7622,3407.9638
100344000,3369.4858,3629100,66239400,2166929900,30518694800,3410.4767,3422.0398,3363.7622,3407.9638
100349000,3369.3619,3609000,49729200,2170538900,30568424000,3410.4767,3422.0398,3363.7622,3407.9638
100353000,3368.8586,3682300,48072100,2174221200,30616496100,3410.4767,3422.0398,3363.7622,3407.9638
100359000,3369.458,4258200,74302500,2178479400,30690798600,3410.4767,3422.0398,3363.7622,3407.9638
100404000,3369.3433,3711100,53592600,2182190500,30744391200,3410.4767,3422.0398,3363.7622,3407.9638
100409000,3369.1471,2877300,44044900,2185067800,30788436100,3410.4767,3422.0398,3363.7622,3407.9638
100414000,3369.6051,3076800,48193700,2188144600,30836629800,3410.4767,3422.0398,3363.7622,3407.9638
100419000,3369.553,3390100,56649600,2191534700,30893279400,3410.4767,3422.0398,3363.7622,3407.9638
100423000,3369.9665,3111700,56446200,2194646400,30949725600,3410.4767,3422.0398,3363.7622,3407.9638
100429000,3370.5237,5275800,67971700,2199922200,31017697300,3410.4767,3422.0398,3363.7622,3407.9638
100434000,3372.1287,4848100,70005700,2204770300,31087703000,3410.4767,3422.0398,3363.7622,3407.9638
100438000,3372.6561,4095800,58300900,2208866100,31146003900,3410.4767,3422.0398,3363.7622,3407.9638
100444000,3372.4022,4464600,74484400,2213330700,31220488300,3410.4767,3422.0398,3363.7622,3407.9638
100449000,3372.3588,3829600,69657200,2217160300,31290145500,3410.4767,3422.0398,3363.7622,3407.9638
100453000,3373.4167,3459300,61646700,2220619600,31351792200,3410.4767,3422.0398,3363.7622,3407.9638
100459000,3372.945,4095000,72648500,2224714600,31424440700,3410.4767,3422.0398,3363.7622,3407.9638
100504000,3373.2772,3550300,55039400,2228264900,31479480100,3410.4767,3422.0398,3363.7622,3407.9638
100508000,3373.4956,2678500,43677100,2230943400,31523157200,3410.4767,3422.0398,3363.7622,3407.9638
100514000,3374.0015,4926900,63191400,2235870300,31586348600,3410.4767,3422.0398,3363.7622,3407.9638
100519000,3374.255,2593100,41387500,2238463400,31627736100,3410.4767,3422.0398,3363.7622,3407.9638
100523000,3373.8316,2818800,40250500,2241282200,31667986600,3410.4767,3422.0398,3363.7622,3407.9638
100529000,3373.8627,7154000,73256800,2248436200,31741243400,3410.4767,3422.0398,3363.7622,3407.9638
100534000,3373.6212,3845500,43764700,2252281700,31785008100,3410.4767,3422.0398,3363.7622,3407.9638
100538000,3373.2527,4371000,50621900,2256652700,31835630000,3410.4767,3422.0398,3363.7622,3407.9638
100544000,3373.2578,5603300,68308500,2262256000,31903938500,3410.4767,3422.0398,3363.7622,3407.9638
100549000,3373.6127,3096100,50982200,2265352100,31954920700,3410.4767,3422.0398,3363.7622,3407.9638
100553000,3373.2429,2624200,35942600,2267976300,31990863300,3410.4767,3422.0398,3363.7622,3407.9638
100559000,3373.1837,3163600,51601400,2271139900,32042464700,3410.4767,3422.0398,3363.7622,3407.9638
100604000,3372.5939,2872300,45328500,2274012200,32087793200,3410.4767,3422.0398,3363.7622,3407.9638
100608000,3372.1968,2698700,42674700,2276710900,32130467900,3410.4767,3422.0398,3363.7622,3407.9638
100614000,3371.8535,3747400,60321500,2280458300,32190789400,3410.4767,3422.0398,3363.7622,3407.9638
100619000,3371.7906,3336100,52369700,2283794400,32243159100,3410.4767,3422.0398,3363.7622,3407.9638
100623000,3371.2121,2989500,43725200,2286783900,32286884300,3410.4767,3422.0398,3363.7622,3407.9638
100629000,3371.1098,4221300,72482100,2291005200,32359366400,3410.4767,3422.0398,3363.7622,3407.9638
100634000,3370.7148,2485400,53073700,2293490600,32412440100,3410.4767,3422.0398,3363.7622,3407.9638
100638000,3369.9236,4006300,61859800,2297496900,32474299900,3410.4767,3422.0398,3363.7622,3407.9638
100644000,3368.8042,4248900,64963800,2301745800,32539263700,3410.4767,3422.0398,3363.7622,3407.9638
100649000,3368.2282,3035900,49534400,2304781700,32588798100,3410.4767,3422.0398,3363.7622,3407.9638
100653000,3368.0424,3863400,56015200,2308645100,32644813300,3410.4767,3422.0398,3363.7622,3407.9638
100659000,3368.855,4448400,70071900,2313093500,32714885200,3410.4767,3422.0398,3363.7622,3407.9638
100704000,3368.9397,3380900,48999300,2316474400,32763884500,3410.4767,3422.0398,3363.7622,3407.9638
100709000,3367.7721,2915400,43925500,2319389800,32807810000,3410.4767,3422.0398,3363.7622,3407.9638
100714000,3368.0118,3405700,60524900,2322795500,32868334900,3410.4767,3422.0398,3363.7622,3407.9638
100719000,3368.8394,4022700,54764900,2326818200,32923099800,3410.4767,3422.0398,3363.7622,3407.9638
100723000,3370.1166,5393300,71738700,2332211500,32994838500,3410.4767,3422.0398,3363.7622,3407.9638
100729000,3370.2281,6629200,96638200,2338840700,33091476700,3410.4767,3422.0398,3363.7622,3407.9638
100734000,3370.8127,4795800,68354100,2343636500,33159830800,3410.4767,3422.0398,3363.7622,3407.9638
100738000,3371.469,3058500,47691500,2346695000,33207522300,3410.4767,3422.0398,3363.7622,3407.9638
100744000,3370.8215,3934900,65909800,2350629900,33273432100,3410.4767,3422.0398,3363.7622,3407.9638
100750000,3370.6071,3108500,59021300,2353738400,33332453400,3410.4767,3422.0398,3363.7622,3407.9638
100755000,3370.6322,2460400,40363100,2356198800,33372816500,3410.4767,3422.0398,3363.7622,3407.9638
100800000,3369.9237,4325000,41251000,2360523800,33414067500,3410.4767,3422.0398,3363.7622,3407.9638
100805000,3370.2382,3473500,52692300,2363997300,33466759800,3410.4767,3422.0398,3363.7622,3407.9638
100810000,3370.278,3180700,44921400,2367178000,33511681200,3410.4767,3422.0398,3363.7622,3407.9638
100814000,3370.1263,2520700,41479300,2369698700,33553160500,3410.4767,3422.0398,3363.7622,3407.9638
100820000,3369.9022,3241000,49697100,2372939700,33602857600,3410.4767,3422.0398,3363.7622,3407.9638
100825000,3369.6899,2312000,39679100,2375251700,33642536700,3410.4767,3422.0398,3363.7622,3407.9638
100829000,3369.2748,2261100,38006800,2377512800,33680543500,3410.4767,3422.0398,3363.7622,3407.9638
100835000,3368.569,4441700,58671000,2381954500,33739214500,3410.4767,3422.0398,3363.7622,3407.9638
100840000,3368.1144,2802800,47501300,2384757300,33786715800,3410.4767,3422.0398,3363.7622,3407.9638
100844000,3367.7606,3548600,46669600,2388305900,33833385400,3410.4767,3422.0398,3363.7622,3407.9638
100850000,3367.3989,3808000,59134100,2392113900,33892519500,3410.4767,3422.0398,3363.7622,3407.9638
100855000,3367.2831,3384100,52193600,2395498000,33944713100,3410.4767,3422.0398,3363.7622,3407.9638
100859000,3366.9471,4967800,71487400,2400465800,34016200500,3410.4767,3422.0398,3363.7622,3407.9638
100905000,3366.9243,4832700,64622500,2405298500,34080823000,3410.4767,3422.0398,3363.7622,3407.9638
100910000,3366.6747,3349700,46450800,2408648200,34127273800,3410.4767,3422.0398,3363.7622,3407.9638
100915000,3366.5707,3982700,52282100,2412630900,34179555900,3410.4767,3422.0398,3363.7622,3407.9638
100920000,3367.1619,4635000,70389600,2417265900,34249945500,3410.4767,3422.0398,3363.7622,3407.9638
100925000,3366.5666,3492400,55301400,2420758300,34305246900,3410.4767,3422.0398,3363.7622,3407.9638
100929000,3367.33,6366900,54533900,2427125200,34359780800,3410.4767,3422.0398,3363.7622,3407.9638
100935000,3368.5322,5830300,73742200,2432955500,34433523000,3410.4767,3422.0398,3363.7622,3407.9638
100940000,3369.1861,5328100,82980700,2438283600,34516503700,3410.4767,3422.0398,3363.7622,3407.9638
100944000,3369.1959,4230100,63280500,2442513700,34579784200,3410.4767,3422.0398,3363.7622,3407.9638
100950000,3368.9042,4889800,84477100,2447403500,34664261300,3410.4767,3422.0398,3363.7622,3407.9638
100955000,3369.6328,3816000,65577200,2451219500,34729838500,3410.4767,3422.0398,3363.7622,3407.9638
100959000,3369.4154,3580900,51649100,2454800400,34781487600,3410.4767,3422.0398,3363.7622,3407.9638
101005000,3370.5499,4843300,68475400,2459643700,34849963000,3410.4767,3422.0398,3363.7622,3407.9638
101010000,3370.7007,2477200,40800600,2462120900,34890763600,3410.4767,3422.0398,3363.7622,3407.9638
101014000,3371.0025,2904100,36175300,2465025000,34926938900,3410.4767,3422.0398,3363.7622,3407.9638
101020000,3370.5442,3654900,54405800,2468679900,34981344700,3410.4767,3422.0398,3363.7622,3407.9638
101025000,3370.5961,2845200,45493400,2471525100,35026838100,3410.4767,3422.0398,3363.7622,3407.9638
101029000,3370.5854,1978500,26327700,2473503600,35053165800,3410.4767,3422.0398,3363.7622,3407.9638
101035000,3370.9051,2979600,46474200,2476483200,35099640000,3410.4767,3422.0398,3363.7622,3407.9638
101040000,3371.0611,1986700,29462100,2478469900,35129102100,3410.4767,3422.0398,3363.7622,3407.9638
101045000,3370.7152,2481200,40027200,2480951100,35169129300,3410.4767,3422.0398,3363.7622,3407.9638
101050000,3371.052,3853000,51369600,2484804100,35220498900,3410.4767,3422.0398,3363.7622,3407.9638
101055000,3371.1629,2845500,45127400,2487649600,35265626300,3410.4767,3422.0398,3363.7622,3407.9638
101059000,3371.3716,2619100,41416300,2490268700,35307042600,3410.4767,3422.0398,3363.7622,3407.9638
101105000,3371.9143,4318800,53899600,2494587500,35360942200,3410.4767,3422.0398,3363.7622,3407.9638
101110000,3372.1411,2888500,39219100,2497476000,35400161300,3410.4767,3422.0398,3363.7622,3407.9638
101114000,3372.3723,2651000,39580700,2500127000,35439742000,3410.4767,3422.0398,3363.7622,3407.9638
101120000,3372.7275,3954900,55920200,2504081900,35495662200,3410.4767,3422.0398,3363.7622,3407.9638
101125000,3372.9389,3236500,41657900,2507318400,35537320100,3410.4767,3422.0398,3363.7622,3407.9638
101129000,3372.9981,3037700,39818700,2510356100,35577138800,3410.4767,3422.0398,3363.7622,3407.9638
101135000,3372.6877,4526700,68806900,2514882800,35645945700,3410.4767,3422.0398,3363.7622,3407.9638
101140000,3372.5578,4120400,63082100,2519003200,35709027800,3410.4767,3422.0398,3363.7622,3407.9638
101146000,3372.9117,4266400,64906700,2523269600,35773934500,3410.4767,3422.0398,3363.7622,3407.9638
101150000,3372.913,2658800,42144500,2525928400,35816079000,3410.4767,3422.0398,3363.7622,3407.9638
101156000,3373.2839,3594900,58071400,2529523300,35874150400,3410.4767,3422.0398,3363.7622,3407.9638
101201000,3373.3663,3017400,49198400,2532540700,35923348800,3410.4767,3422.0398,3363.7622,3407.9638
101205000,3374.5004,4043000,54516100,2536583700,35977864900,3410.4767,3422.0398,3363.7622,3407.9638
101211000,3374.0199,4201500,63894100,2540785200,36041759000,3410.4767,3422.0398,3363.7622,3407.9638
101216000,3374.3027,3338700,49022700,2544123900,36090781700,3410.4767,3422.0398,3363.7622,3407.9638
101220000,3374.3734,2991300,38209300,2547115200,36128991000,3410.4767,3422.0398,3363.7622,3407.9638
101226000,3374.7795,4275500,60080000,2551390700,36189071000,3410.4767,3422.0398,3363.7622,3407.9638
101231000,3375.4074,2929200,45126400,2554319900,36234197400,3410.4767,3422.0398,3363.7622,3407.9638
101235000,3376.6167,5895700,63334100,2560215600,36297531500,3410.4767,3422.0398,3363.7622,3407.9638
101241000,3377.208,4084300,63538500,2564299900,36361070000,3410.4767,3422.0398,3363.7622,3407.9638
101246000,3377.9131,6343100,67541400,2570643000,36428611400,3410.4767,3422.0398,3363.7622,3407.9638
101250000,3379.0092,7097500,71936800,2577740500,36500548200,3410.4767,3422.0398,3363.7622,3407.9638
101256000,3379.4219,5573500,75207800,2583314000,36575756000,3410.4767,3422.0398,3363.7622,3407.9638
101301000,3379.4072,4779800,58846100,2588093800,36634602100,3410.4767,3422.0398,3363.7622,3407.9638
101305000,3380.1287,5482000,66130600,2593575800,36700732700,3410.4767,3422.0398,3363.7622,3407.9638
101311000,3380.6431,6345900,74667500,2599921700,36775400200,3410.4767,3422.0398,3363.7622,3407.9638
101316000,3381.1331,4478800,55090400,2604400500,36830490600,3410.4767,3422.0398,3363.7622,3407.9638
101320000,3380.8306,3784900,42358300,2608185400,36872848900,3410.4767,3422.0398,3363.7622,3407.9638
101326000,3380.978,4221300,63076000,2612406700,36935924900,3410.4767,3422.0398,3363.7622,3407.9638
101331000,3381.0588,3636200,52818100,2616042900,36988743000,3410.4767,3422.0398,3363.7622,3407.9638
101335000,3381.3091,3551800,48654700,2619594700,37037397700,3410.4767,3422.0398,3363.7622,3407.9638
101341000,3381.9693,4875600,60708400,2624470300,37098106100,3410.4767,3422.0398,3363.7622,3407.9638
101346000,3381.717,3536900,47013000,2628007200,37145119100,3410.4767,3422.0398,3363.7622,3407.9638
101350000,3381.2206,3876200,41005100,2631883400,37186124200,3410.4767,3422.0398,3363.7622,3407.9638
101356000,3381.744,4002600,50383000,2635886000,37236507200,3410.4767,3422.0398,3363.7622,3407.9638
101401000,3381.7656,3602000,50690800,2639488000,37287198000,3410.4767,3422.0398,3363.7622,3407.9638
101405000,3382.0842,5221700,59087500,2644709700,37346285500,3410.4767,3422.0398,3363.7622,3407.9638
101411000,3382.0609,5175100,65741000,2649884800,37412026500,3410.4767,3422.0398,3363.7622,3407.9638
101416000,3382.0075,3498800,43665600,2653383600,37455692100,3410.4767,3422.0398,3363.7622,3407.9638
101420000,3382.6172,4267900,56812300,2657651500,37512504400,3410.4767,3422.0398,3363.7622,3407.9638
101426000,3382.3846,5428300,60117900,2663079800,37572622300,3410.4767,3422.0398,3363.7622,3407.9638
101431000,3382.9919,4072800,49898400,2667152600,37622520700,3410.4767,3422.0398,3363.7622,3407.9638
101435000,3383.2132,3623900,41069400,2670776500,37663590100,3410.4767,3422.0398,3363.7622,3407.9638
101441000,3382.983,3471400,42752600,2674247900,37706342700,3410.4767,3422.0398,3363.7622,3407.9638
101446000,3382.8062,2492300,40082100,2676740200,37746424800,3410.4767,3422.0398,3363.7622,3407.9638
101450000,3382.7158,3035500,39132800,2679775700,37785557600,3410.4767,3422.0398,3363.7622,3407.9638
101456000,3383.3064,4592500,59452500,2684368200,37845010100,3410.4767,3422.0398,3363.7622,3407.9638
101501000,3382.6965,3097800,48498400,2687466000,37893508500,3410.4767,3422.0398,3363.7622,3407.9638
101506000,3382.9865,1669100,30253600,2689135100,37923762100,3410.4767,3422.0398,3363.7622,3407.9638
101511000,3382.5845,3345300,52753900,2692480400,37976516000,3410.4767,3422.0398,3363.7622,3407.9638
101516000,3382.8496,2560900,42673000,2695041300,38019189000,3410.4767,3422.0398,3363.7622,3407.9638
101521000,3382.243,3982700,44870000,2699024000,38064059000,3410.4767,3422.0398,3363.7622,3407.9638
101526000,3382.4583,4633100,56773000,2703657100,38120832000,3410.4767,3422.0398,3363.7622,3407.9638
101531000,3382.7355,2906100,39262200,2706563200,38160094200,3410.4767,3422.0398,3363.7622,3407.9638
101536000,3382.2612,6403400,55917000,2712966600,38216011200,3410.4767,3422.0398,3363.7622,3407.9638
101541000,3382.1058,4237300,72673800,2717203900,38288685000,3410.4767,3422.0398,3363.7622,3407.9638
101546000,3381.7576,4046000,47079900,2721249900,38335764900,3410.4767,3422.0398,3363.7622,3407.9638
101551000,3381.7709,2908200,48101700,2724158100,38383866600,3410.4767,3422.0398,3363.7622,3407.9638
101556000,3381.1285,3876200,47342900,2728034300,38431209500,3410.4767,3422.0398,3363.7622,3407.9638
101602000,3381.2089,4188800,49821500,2732223100,38481031000,3410.4767,3422.0398,3363.7622,3407.9638
101606000,3380.9393,2563500,31088600,2734786600,38512119600,3410.4767,3422.0398,3363.7622,3407.9638
101612000,3380.8754,2934900,43485200,2737721500,38555604800,3410.4767,3422.0398,3363.7622,3407.9638
101617000,3382.1289,3594000,47342100,2741315500,38602946900,3410.4767,3422.0398,3363.7622,3407.9638
101621000,3381.966,1918300,33010400,2743233800,38635957300,3410.4767,3422.0398,3363.7622,3407.9638
101627000,3382.331,5702700,68666400,2748936500,38704623700,3410.4767,3422.0398,3363.7622,3407.9638
101632000,3382.4797,4640000,58502500,2753576500,38763126200,3410.4767,3422.0398,3363.7622,3407.9638
101637000,3383.7453,5696800,54258900,2759273300,38817385100,3410.4767,3422.0398,3363.7622,3407.9638
101642000,3383.8307,3472600,39142400,2762745900,38856527500,3410.4767,3422.0398,3363.7622,3407.9638
101647000,3383.9266,6397200,57394000,2769143100,38913921500,3410.4767,3422.0398,3363.7622,3407.9638
101652000,3384.108,4354500,52185200,2773497600,38966106700,3410.4767,3422.0398,3363.7622,3407.9638
101657000,3384.0686,3324800,44253900,2776822400,39010360600,3410.4767,3422.0398,3363.7622,3407.9638
101702000,3384.8651,4646800,60283600,2781469200,39070644200,3410.4767,3422.0398,3363.7622,3407.9638
101707000,3384.3578,3225400,50166600,2784694600,39120810800,3410.4767,3422.0398,3363.7622,3407.9638
101712000,3384.7556,2579900,32748400,2787274500,39153559200,3410.4767,3422.0398,3363.7622,3407.9638
101717000,3384.7864,4278500,52171600,2791553000,39205730800,3410.4767,3422.0398,3363.7622,3407.9638
101722000,3384.3368,2083900,32398700,2793636900,39238129500,3410.4767,3422.0398,3363.7622,3407.9638
101727000,3384.0207,4019600,42580100,2797656500,39280709600,3410.4767,3422.0398,3363.7622,3407.9638
101732000,3384.3738,2902200,44039000,2800558700,39324748600,3410.4767,3422.0398,3363.7622,3407.9638
101737000,3384.7954,2653800,41141800,2803212500,39365890400,3410.4767,3422.0398,3363.7622,3407.9638
101742000,3384.4714,2324600,29049000,2805537100,39394939400,3410.4767,3422.0398,3363.7622,3407.9638
101747000,3383.9432,3165200,48553700,2808702300,39443493100,3410.4767,3422.0398,3363.7622,3407.9638
101752000,3383.7642,2272000,36605100,2810974300,39480098200,3410.4767,3422.0398,3363.7622,3407.9638
101757000,3383.8038,3093000,40332900,2814067300,39520431100,3410.4767,3422.0398,3363.7622,3407.9638
101802000,3383.8843,3696900,48920000,2817764200,39569351100,3410.4767,3422.0398,3363.7622,3407.9638
101807000,3383.7815,3163600,43284800,2820927800,39612635900,3410.4767,3422.0398,3363.7622,3407.9638
101812000,3383.4492,3296800,34876900,2824224600,39647512800,3410.4767,3422.0398,3363.7622,3407.9638
101817000,3383.6055,3005000,42958700,2827229600,39690471500,3410.4767,3422.0398,3363.7622,3407.9638
101822000,3383.013,2488000,36811700,2829717600,39727283200,3410.4767,3422.0398,3363.7622,3407.9638
101827000,3383.1609,2559700,31918400,2832277300,39759201600,3410.4767,3422.0398,3363.7622,3407.9638
101832000,3382.9336,2588400,45431500,2834865700,39804633100,3410.4767,3422.0398,3363.7622,3407.9638
101837000,3383.3121,2102300,32265000,2836968000,39836898100,3410.4767,3422.0398,3363.7622,3407.9638
101842000,3383.2303,2387300,26876600,2839355300,39863774700,3410.4767,3422.0398,3363.7622,3407.9638
101847000,3383.0886,2701400,34707500,2842056700,39898482200,3410.4767,3422.0398,3363.7622,3407.9638
101852000,3383.0173,1698700,27651000,2843755400,39926133200,3410.4767,3422.0398,3363.7622,3407.9638
101857000,3383.235,1667500,22807300,2845422900,39948940500,3410.4767,3422.0398,3363.7622,3407.9638
101902000,3383.162,2516800,31816000,2847939700,39980756500,3410.4767,3422.0398,3363.7622,3407.9638
101907000,3383.2509,2723600,37700900,2850663300,40018457400,3410.4767,3422.0398,3363.7622,3407.9638
101912000,3383.3856,2422800,28896200,2853086100,40047353600,3410.4767,3422.0398,3363.7622,3407.9638
101917000,3383.2006,2598100,36657100,2855684200,40084010700,3410.4767,3422.0398,3363.7622,3407.9638
101922000,3382.9541,2050900,36306700,2857735100,40120317400,3410.4767,3422.0398,3363.7622,3407.9638
101927000,3383.2775,3062000,35924500,2860797100,40156241900,3410.4767,3422.0398,3363.7622,3407.9638
101932000,3384.995,4678800,63910800,2865475900,40220152700,3410.4767,3422.0398,3363.7622,3407.9638
101937000,3385.0722,3887800,56400400,2869363700,40276553100,3410.4767,3422.0398,3363.7622,3407.9638
101942000,3386.5657,5349200,67948700,2874712900,40344501800,3410.4767,3422.0398,3363.7622,3407.9638
101947000,3387.0017,4593000,68042300,2879305900,40412544100,3410.4767,3422.0398,3363.7622,3407.9638
101952000,3387.6382,3229600,49853800,2882535500,40462397900,3410.4767,3422.0398,3363.7622,3407.9638
101956000,3386.6858,2815300,45836300,2885350800,40508234200,3410.4767,3422.0398,3363.7622,3407.9638
102002000,3388.1652,3963400,67933900,2889314200,40576168100,3410.4767,3422.0398,3363.7622,3407.9638
102007000,3388.3652,4025900,53740700,2893340100,40629908800,3410.4767,3422.0398,3363.7622,3407.9638
102013000,3388.9286,5553300,69276200,2898893400,40699185000,3410.4767,3422.0398,3363.7622,3407.9638
102017000,3388.9443,2844300,47621700,2901737700,40746806700,3410.4767,3422.0398,3363.7622,3407.9638
102022000,3389.0267,2676300,44822100,2904414000,40791628800,3410.4767,3422.0398,3363.7622,3407.9638
102028000,3389.7048,4684000,71653900,2909098000,40863282700,3410.4767,3422.0398,3363.7622,3407.9638
102033000,3390.2348,3022600,39111400,2912120600,40902394100,3410.4767,3422.0398,3363.7622,3407.9638
102038000,3390.6312,6435800,64470900,2918556400,40966865000,3410.4767,3422.0398,3363.7622,3407.9638
102043000,3391.4287,3218200,48655900,2921774600,41015520900,3410.4767,3422.0398,3363.7622,3407.9638
102048000,3391.4597,2887000,38015800,2924661600,41053536700,3410.4767,3422.0398,3363.7622,3407.9638
102053000,3392.1493,5111800,72965100,2929773400,41126501800,3410.4767,3422.0398,3363.7622,3407.9638
102058000,3392.4001,3591300,51080700,2933364700,41177582500,3410.4767,3422.0398,3363.7622,3407.9638
102103000,3392.5707,3553000,41085200,2936917700,41218667700,3410.4767,3422.0398,3363.7622,3407.9638
102108000,3392.5976,4983300,65322600,2941901000,41283990300,3410.4767,3422.0398,3363.7622,3407.9638
102113000,3392.5259,4063600,48900300,2945964600,41332890600,3410.4767,3422.0398,3363.7622,3407.9638
102118000,3392.6097,3449500,43324000,2949414100,41376214600,3410.4767,3422.0398,3363.7622,3407.9638
102123000,3392.463,3134100,47152400,2952548200,41423367000,3410.4767,3422.0398,3363.7622,3407.9638
102128000,3392.0853,4143300,57837000,2956691500,41481204000,3410.4767,3422.0398,3363.7622,3407.9638
102133000,3392.0691,3176400,34361800,2959867900,41515565800,3410.4767,3422.0398,3363.7622,3407.9638
102138000,3392.186,3947800,51919900,2963815700,41567485700,3410.4767,3422.0398,3363.7622,3407.9638
102143000,3391.5637,2898600,43884400,2966714300,41611370100,3410.4767,3422.0398,3363.7622,3407.9638
102148000,3392.013,3135200,40773700,2969849500,41652143800,3410.4767,3422.0398,3363.7622,3407.9638
102153000,3392.2641,5098200,51308500,2974947700,41703452300,3410.4767,3422.0398,3363.7622,3407.9638
102158000,3391.8559,3663700,59315100,2978611400,41762767400,3410.4767,3422.0398,3363.7622,3407.9638
102203000,3391.7435,2775700,35482100,2981387100,41798249500,3410.4767,3422.0398,3363.7622,3407.9638
102208000,3391.6827,3916600,50752600,2985303700,41849002100,3410.4767,3422.0398,3363.7622,3407.9638
102213000,3391.5953,3301600,40075100,2988605300,41889077200,3410.4767,3422.0398,3363.7622,3407.9638
102218000,3391.3261,3430700,33360800,2992036000,41922438000,3410.4767,3422.0398,3363.7622,3407.9638
102223000,3391.582,4105300,50669600,2996141300,41973107600,3410.4767,3422.0398,3363.7622,3407.9638
102228000,3391.656,3181800,41655600,2999323100,42014763200,3410.4767,3422.0398,3363.7622,3407.9638
102233000,3391.048,2027100,27009200,3001350200,42041772400,3410.4767,3422.0398,3363.7622,3407.9638
102238000,3391.4489,2519500,36972700,3003869700,42078745100,3410.4767,3422.0398,3363.7622,3407.9638
102243000,3392.0506,3091500,39850600,3006961200,42118595700,3410.4767,3422.0398,3363.7622,3407.9638
102248000,3392.3836,3890700,40020800,3010851900,42158616500,3410.4767,3422.0398,3363.7622,3407.9638
102253000,3391.0582,3835500,46293900,3014687400,42204910400,3410.4767,3422.0398,3363.7622,3407.9638
102258000,3391.7118,3594300,37105000,3018281700,42242015400,3410.4767,3422.0398,3363.7622,3407.9638
102303000,3391.8354,2104100,29229300,3020385800,42271244700,3410.4767,3422.0398,3363.7622,3407.9638
102308000,3391.612,3843500,42167600,3024229300,42313412300,3410.4767,3422.0398,3363.7622,3407.9638
102313000,3393.0263,3154300,43246100,3027383600,42356658400,3410.4767,3422.0398,3363.7622,3407.9638
102318000,3391.7214,2635200,38305300,3030018800,42394963700,3410.4767,3422.0398,3363.7622,3407.9638
102323000,3393.2563,3017300,43258300,3033036100,42438222000,3410.4767,3422.0398,3363.7622,3407.9638
102328000,3392.4104,4199700,48886700,3037235800,42487108700,3410.4767,3422.0398,3363.7622,3407.9638
102333000,3393.4887,3109200,38308600,3040345000,42525417300,3410.4767,3422.0398,3363.7622,3407.9638
102338000,3393.296,3675900,47690800,3044020900,42573108100,3410.4767,3422.0398,3363.7622,3407.9638
102343000,3393.0162,3032300,48556900,3047053200,42621665000,3410.4767,3422.0398,3363.7622,3407.9638
102348000,3393.178,3008600,39205400,3050061800,42660870400,3410.4767,3422.0398,3363.7622,3407.9638
102353000,3393.216,4134400,54405300,3054196200,42715275700,3410.4767,3422.0398,3363.7622,3407.9638
102358000,3392.4027,2645900,34059300,3056842100,42749335000,3410.4767,3422.0398,3363.7622,3407.9638
102403000,3393.6702,2411800,33224600,3059253900,42782559600,3410.4767,3422.0398,3363.7622,3407.9638
102408000,3392.6098,3056400,47157600,3062310300,42829717200,3410.4767,3422.0398,3363.7622,3407.9638
102413000,3393.031,3962100,53116700,3066272400,42882833900,3410.4767,3422.0398,3363.7622,3407.9638
102418000,3392.2917,2602900,38837000,3068875300,42921670900,3410.4767,3422.0398,3363.7622,3407.9638
102423000,3393.2195,3757100,45821700,3072632400,42967492600,3410.4767,3422.0398,3363.7622,3407.9638
102428000,3392.8256,4432600,51368200,3077065000,43018860800,3410.4767,3422.0398,3363.7622,3407.9638
102433000,3392.9167,3584500,35671400,3080649500,43054532200,3410.4767,3422.0398,3363.7622,3407.9638
102438000,3391.5022,3009600,38210100,3083659100,43092742300,3410.4767,3422.0398,3363.7622,3407.9638
102444000,3392.6883,4381000,53969800,3088040100,43146712100,3410.4767,3422.0398,3363.7622,3407.9638
102449000,3392.3762,2323900,29620500,3090364000,43176332600,3410.4767,3422.0398,3363.7622,3407.9638
102454000,3392.0753,2281800,29942300,3092645800,43206274900,3410.4767,3422.0398,3363.7622,3407.9638
102459000,3391.5907,3233400,41684300,3095879200,43247959200,3410.4767,3422.0398,3363.7622,3407.9638
102504000,3391.6761,2524600,37112900,3098403800,43285072100,3410.4767,3422.0398,3363.7622,3407.9638
102509000,3391.5522,3281700,33602200,3101685500,43318674300,3410.4767,3422.0398,3363.7622,3407.9638
102514000,3391.449,2021900,35549700,3103707400,43354224000,3410.4767,3422.0398,3363.7622,3407.9638
102519000,3391.2546,2630200,34339600,3106337600,43388563600,3410.4767,3422.0398,3363.7622,3407.9638
102524000,3389.8427,2952800,41068900,3109290400,43429632500,3410.4767,3422.0398,3363.7622,3407.9638
102529000,3389.3888,3289100,46142100,3112579500,43475774600,3410.4767,3422.0398,3363.7622,3407.9638
102534000,3388.8362,2758500,38504900,3115338000,43514279500,3410.4767,3422.0398,3363.7622,3407.9638
102539000,3388.4378,2809500,39399900,3118147500,43553679400,3410.4767,3422.0398,3363.7622,3407.9638
102544000,3388.617,2180300,30430800,3120327800,43584110200,3410.4767,3422.0398,3363.7622,3407.9638
102549000,3387.8169,2867900,36935600,3123195700,43621045800,3410.4767,3422.0398,3363.7622,3407.9638
102554000,3387.9053,1864400,26489900,3125060100,43647535700,3410.4767,3422.0398,3363.7622,3407.9638
102559000,3387.7886,2473900,41039500,3127534000,43688575200,3410.4767,3422.0398,3363.7622,3407.9638
102604000,3387.7606,2226500,32154000,3129760500,43720729200,3410.4767,3422.0398,3363.7622,3407.9638
102609000,3387.4174,2007300,27467700,3131767800,43748196900,3410.4767,3422.0398,3363.7622,3407.9638
102614000,3387.2866,2917200,38269800,3134685000,43786466700,3410.4767,3422.0398,3363.7622,3407.9638
102619000,3387.7115,2017500,28101700,3136702500,43814568400,3410.4767,3422.0398,3363.7622,3407.9638
102624000,3386.5867,1667400,29895600,3138369900,43844464000,3410.4767,3422.0398,3363.7622,3407.9638
102629000,3386.6926,1869500,28583000,3140239400,43873047000,3410.4767,3422.0398,3363.7622,3407.9638
102634000,3386.5899,1577200,29431400,3141816600,43902478400,3410.4767,3422.0398,3363.7622,3407.9638
102639000,3387.2999,1584900,27066100,3143401500,43929544500,3410.4767,3422.0398,3363.7622,3407.9638
102644000,3387.1102,2406300,34600800,3145807800,43964145300,3410.4767,3422.0398,3363.7622,3407.9638
102649000,3387.7459,1971800,30681400,3147779600,43994826700,3410.4767,3422.0398,3363.7622,3407.9638
102654000,3386.4807,1691400,27801400,3149471000,44022628100,3410.4767,3422.0398,3363.7622,3407.9638
102659000,3386.121,2427900,33962600,3151898900,44056590700,3410.4767,3422.0398,3363.7622,3407.9638
102704000,3386.1103,1760700,25835300,3153659600,44082426000,3410.4767,3422.0398,3363.7622,3407.9638
102709000,3385.7147,1543200,24548100,3155202800,44106974100,3410.4767,3422.0398,3363.7622,3407.9638
102714000,3385.74,2435400,31151900,3157638200,44138126000,3410.4767,3422.0398,3363.7622,3407.9638
102719000,3385.3672,2203900,30149800,3159842100,44168275800,3410.4767,3422.0398,3363.7622,3407.9638
102724000,3385.0834,1435100,22440700,3161277200,44190716500,3410.4767,3422.0398,3363.7622,3407.9638
102729000,3384.7641,1953200,26375400,3163230400,44217091900,3410.4767,3422.0398,3363.7622,3407.9638
102734000,3384.8846,2316100,34863600,3165546500,44251955500,3410.4767,3422.0398,3363.7622,3407.9638
102739000,3385.0288,2052900,23267400,3167599400,44275222900,3410.4767,3422.0398,3363.7622,3407.9638
102744000,3385.1091,1583200,22740300,3169182600,44297963200,3410.4767,3422.0398,3363.7622,3407.9638
102749000,3384.8935,2222800,26683100,3171405400,44324646300,3410.4767,3422.0398,3363.7622,3407.9638
102754000,3384.6854,1983800,32163200,3173389200,44356809500,3410.4767,3422.0398,3363.7622,3407.9638
102759000,3384.8786,2283600,37364700,3175672800,44394174200,3410.4767,3422.0398,3363.7622,3407.9638
102804000,3384.1741,2626200,40879000,3178299000,44435053200,3410.4767,3422.0398,3363.7622,3407.9638
102809000,3383.8518,3789600,30276300,3182088600,44465329500,3410.4767,3422.0398,3363.7622,3407.9638
102814000,3384.4066,2547200,37627000,3184635800,44502956500,3410.4767,3422.0398,3363.7622,3407.9638
102819000,3384.8731,3089100,38015900,3187724900,44540972400,3410.4767,3422.0398,3363.7622,3407.9638
102824000,3385.2755,2380700,31536100,3190105600,44572508500,3410.4767,3422.0398,3363.7622,3407.9638
102829000,3384.9836,2926800,36209700,3193032400,44608718200,3410.4767,3422.0398,3363.7622,3407.9638
102834000,3385.4907,3073100,37031100,3196105500,44645749300,3410.4767,3422.0398,3363.7622,3407.9638
102839000,3384.7878,1706100,24392600,3197811600,44670141900,3410.4767,3422.0398,3363.7622,3407.9638
102845000,3383.9704,2877800,35397900,3200689400,44705539800,3410.4767,3422.0398,3363.7622,3407.9638
102849000,3384.253,2326500,27779100,3203015900,44733318900,3410.4767,3422.0398,3363.7622,3407.9638
102854000,3384.1523,1785700,24338000,3204801600,44757656900,3410.4767,3422.0398,3363.7622,3407.9638
102859000,3383.8983,2843900,41061100,3207645500,44798718000,3410.4767,3422.0398,3363.7622,3407.9638
102905000,3383.8306,2255800,32772600,3209901300,44831490600,3410.4767,3422.0398,3363.7622,3407.9638
102910000,3385.1534,2397300,30739600,3212298600,44862230200,3410.4767,3422.0398,3363.7622,3407.9638
102915000,3384.2156,1489200,21019300,3213787800,44883249500,3410.4767,3422.0398,3363.7622,3407.9638
102920000,3383.7475,2320700,32667400,3216108500,44915916900,3410.4767,3422.0398,3363.7622,3407.9638
102925000,3383.5532,1959200,30576100,3218067700,44946493000,3410.4767,3422.0398,3363.7622,3407.9638
102930000,3382.9465,1763200,23704600,3219830900,44970197600,3410.4767,3422.0398,3363.7622,3407.9638
102935000,3382.8009,2271400,37974100,3222102300,45008171700,3410.4767,3422.0398,3363.7622,3407.9638
102940000,3382.9548,1714800,34393900,3223817100,45042565600,3410.4767,3422.0398,3363.7622,3407.9638
102945000,3383.1175,1264900,20826500,3225082000,45063392100,3410.4767,3422.0398,3363.7622,3407.9638
102950000,3383.6572,1867000,32353900,3226949000,45095746000,3410.4767,3422.0398,3363.7622,3407.9638
102955000,3383.2522,1767300,31443700,3228716300,45127189700,3410.4767,3422.0398,3363.7622,3407.9638
103000000,3382.7806,1170800,27735800,3229887100,45154925500,3410.4767,3422.0398,3363.7622,3407.9638
103005000,3383.0026,1827600,37964900,3231714700,45192890400,3410.4767,3422.0398,3363.7622,3407.9638
103010000,3382.5464,1639900,27657700,3233354600,45220548100,3410.4767,3422.0398,3363.7622,3407.9638
103015000,3382.5053,1965000,29707700,3235319600,45250255800,3410.4767,3422.0398,3363.7622,3407.9638
103020000,3383.397,2978500,36316100,3238298100,45286571900,3410.4767,3422.0398,3363.7622,3407.9638
103025000,3382.9034,2721200,35636200,3241019300,45322208100,3410.4767,3422.0398,3363.7622,3407.9638
103030000,3382.0476,2251600,30800200,3243270900,45353008300,3410.4767,3422.0398,3363.7622,3407.9638
103035000,3381.6822,2999100,37871900,3246270000,45390880200,3410.4767,3422.0398,3363.7622,3407.9638
103040000,3381.4574,3070600,32197200,3249340600,45423077400,3410.4767,3422.0398,3363.7622,3407.9638
103045000,3381.2233,1421500,23303800,3250762100,45446381200,3410.4767,3422.0398,3363.7622,3407.9638
103050000,3381.082,3362000,42840600,3254124100,45489221800,3410.4767,3422.0398,3363.7622,3407.9638
103055000,3380.3467,1926000,31248000,3256050100,45520469800,3410.4767,3422.0398,3363.7622,3407.9638
103100000,3380.2204,1609900,28846900,3257660000,45549316700,3410.4767,3422.0398,3363.7622,3407.9638
103105000,3379.8742,2452700,40064600,3260112700,45589381300,3410.4767,3422.0398,3363.7622,3407.9638
103110000,3379.4267,1910900,30199600,3262023600,45619580900,3410.4767,3422.0398,3363.7622,3407.9638
103115000,3379.7639,2054400,30678700,3264078000,45650259600,3410.4767,3422.0398,3363.7622,3407.9638
103120000,3380.5013,3584500,55296400,3267662500,45705556000,3410.4767,3422.0398,3363.7622,3407.9638
103125000,3379.6773,2040300,36614500,3269702800,45742170500,3410.4767,3422.0398,3363.7622,3407.9638
103130000,3380.5071,2629400,58743700,3272332200,45800914200,3410.4767,3422.0398,3363.7622,3407.9638
103135000,3379.7362,1999100,45164200,3274331300,45846078400,3410.4767,3422.0398,3363.7622,3407.9638
103140000,3380.7945,2146000,38893000,3276477300,45884971400,3410.4767,3422.0398,3363.7622,3407.9638
103145000,3380.3296,1754900,38321100,3278232200,45923292500,3410.4767,3422.0398,3363.7622,3407.9638
103150000,3379.728,3234600,51308100,3281466800,45974600600,3410.4767,3422.0398,3363.7622,3407.9638
103155000,3379.2315,1867800,30272600,3283334600,46004873200,3410.4767,3422.0398,3363.7622,3407.9638
103200000,3379.4505,2131800,42562700,3285466400,46047435900,3410.4767,3422.0398,3363.7622,3407.9638
103205000,3379.254,2543600,36078200,3288010000,46083514100,3410.4767,3422.0398,3363.7622,3407.9638
103210000,3379.0278,1560300,30032900,3289570300,46113547000,3410.4767,3422.0398,3363.7622,3407.9638
103215000,3378.9532,1884000,28859800,3291454300,46142406800,3410.4767,3422.0398,3363.7622,3407.9638
103220000,3378.6939,1417700,26631200,3292872000,46169038000,3410.4767,3422.0398,3363.7622,3407.9638
103225000,3378.1919,3203700,36026900,3296075700,46205064900,3410.4767,3422.0398,3363.7622,3407.9638
103230000,3379.7084,1919500,25026600,3297995200,46230091500,3410.4767,3422.0398,3363.7622,3407.9638
103235000,3379.0216,1975500,37830500,3299970700,46267922000,3410.4767,3422.0398,3363.7622,3407.9638
103240000,3379.1706,2809100,41112600,3302779800,46309034600,3410.4767,3422.0398,3363.7622,3407.9638
103245000,3379.1105,2171500,31909900,3304951300,46340944500,3410.4767,3422.0398,3363.7622,3407.9638
103250000,3378.6485,2292800,33082400,3307244100,46374026900,3410.4767,3422.0398,3363.7622,3407.9638
103255000,3378.372,1470700,37470800,3308714800,46411497700,3410.4767,3422.0398,3363.7622,3407.9638
103300000,3378.1725,1458300,34806000,3310173100,46446303700,3410.4767,3422.0398,3363.7622,3407.9638
103305000,3378.2768,1743400,31639900,3311916500,46477943600,3410.4767,3422.0398,3363.7622,3407.9638
103311000,3378.4806,1935500,39302200,3313852000,46517245800,3410.4767,3422.0398,3363.7622,3407.9638
103316000,3378.1518,1867500,32694000,3315719500,46549939800,3410.4767,3422.0398,3363.7622,3407.9638
103321000,3377.9774,1720800,24818200,3317440300,46574758000,3410.4767,3422.0398,3363.7622,3407.9638
103326000,3377.5663,1898400,28647800,3319338700,46603405800,3410.4767,3422.0398,3363.7622,3407.9638
103331000,3377.2845,1957900,27990400,3321296600,46631396200,3410.4767,3422.0398,3363.7622,3407.9638
103336000,3377.2275,1393900,24888500,3322690500,46656284700,3410.4767,3422.0398,3363.7622,3407.9638
103341000,3377.7956,1737000,35997700,3324427500,46692282400,3410.4767,3422.0398,3363.7622,3407.9638
103346000,3377.7318,1694300,26274400,3326121800,46718556800,3410.4767,3422.0398,3363.7622,3407.9638
103351000,3377.2886,1521100,25861800,3327642900,46744418600,3410.4767,3422.0398,3363.7622,3407.9638
103356000,3377.3631,1952700,33959500,3329595600,46778378100,3410.4767,3422.0398,3363.7622,3407.9638
103401000,3377.0652,1628500,32884400,3331224100,46811262500,3410.4767,3422.0398,3363.7622,3407.9638
103406000,3376.3718,1764600,26569500,3332988700,46837832000,3410.4767,3422.0398,3363.7622,3407.9638
103411000,3376.3148,1963700,33278600,3334952400,46871110600,3410.4767,3422.0398,3363.7622,3407.9638
103416000,3376.5474,1578900,28790300,3336531300,46899900900,3410.4767,3422.0398,3363.7622,3407.9638
103421000,3376.6659,1585700,24254200,3338117000,46924155100,3410.4767,3422.0398,3363.7622,3407.9638
103426000,3375.8383,1943700,34292700,3340060700,46958447800,3410.4767,3422.0398,3363.7622,3407.9638
103431000,3375.5975,2202300,35727200,3342263000,46994175000,3410.4767,3422.0398,3363.7622,3407.9638
103436000,3375.3387,2167500,43494300,3344430500,47037669300,3410.4767,3422.0398,3363.7622,3407.9638
103441000,3375.6504,1730000,40035400,3346160500,47077704700,3410.4767,3422.0398,3363.7622,3407.9638
103446000,3375.2556,2421400,44735300,3348581900,47122440000,3410.4767,3422.0398,3363.7622,3407.9638
103451000,3374.4943,2474400,33716400,3351056300,47156156400,3410.4767,3422.0398,3363.7622,3407.9638
103456000,3374.6398,2335600,43760400,3353391900,47199916800,3410.4767,3422.0398,3363.7622,3407.9638
103501000,3374.4289,2066600,33142000,3355458500,47233058800,3410.4767,3422.0398,3363.7622,3407.9638
103506000,3374.6318,2025500,29146200,3357484000,47262205000,3410.4767,3422.0398,3363.7622,3407.9638
103511000,3373.7177,2745300,41281200,3360229300,47303486200,3410.4767,3422.0398,3363.7622,3407.9638
103516000,3374.2493,2691000,38618300,3362920300,47342104500,3410.4767,3422.0398,3363.7622,3407.9638
103521000,3374.3252,1806100,31025300,3364726400,47373129800,3410.4767,3422.0398,3363.7622,3407.9638
103526000,3374.7819,1899800,33779300,3366626200,47406909100,3410.4767,3422.0398,3363.7622,3407.9638
103531000,3374.2892,3052700,47704800,3369678900,47454613900,3410.4767,3422.0398,3363.7622,3407.9638
103536000,3374.5887,2564100,36006300,3372243000,47490620200,3410.4767,3422.0398,3363.7622,3407.9638
103541000,3374.3429,2349600,41208900,3374592600,47531829100,3410.4767,3422.0398,3363.7622,3407.9638
103546000,3373.7471,1758100,34274900,3376350700,47566104000,3410.4767,3422.0398,3363.7622,3407.9638
103551000,3373.7241,1821100,38115200,3378171800,47604219200,3410.4767,3422.0398,3363.7622,3407.9638
103556000,3372.9982,2444700,39058900,3380616500,47643278100,3410.4767,3422.0398,3363.7622,3407.9638
103601000,3372.9989,2222900,39641100,3382839400,47682919200,3410.4767,3422.0398,3363.7622,3407.9638
103606000,3373.0462,1713900,26726000,3384553300,47709645200,3410.4767,3422.0398,3363.7622,3407.9638
103611000,3372.8856,2179800,38013700,3386733100,47747658900,3410.4767,3422.0398,3363.7622,3407.9638
103616000,3372.5387,1657400,26390000,3388390500,47774048900,3410.4767,3422.0398,3363.7622,3407.9638
103621000,3373.6689,1716900,23741400,3390107400,47797790300,3410.4767,3422.0398,3363.7622,3407.9638
103626000,3372.3685,2450600,46044000,3392558000,47843834300,3410.4767,3422.0398,3363.7622,3407.9638
103631000,3373.5319,3231600,55697400,3395789600,47899531700,3410.4767,3422.0398,3363.7622,3407.9638
103636000,3374.7697,2780400,39582000,3398570000,47939113700,3410.4767,3422.0398,3363.7622,3407.9638
103641000,3374.6665,2437500,36892900,3401007500,47976006600,3410.4767,3422.0398,3363.7622,3407.9638
103646000,3374.6407,2789600,34458700,3403797100,48010465300,3410.4767,3422.0398,3363.7622,3407.9638
103651000,3374.0355,1772500,25070700,3405569600,48035536000,3410.4767,3422.0398,3363.7622,3407.9638
103656000,3373.6288,3389600,42255300,3408959200,48077791300,3410.4767,3422.0398,3363.7622,3407.9638
103701000,3373.9465,2065800,36663000,3411025000,48114454300,3410.4767,3422.0398,3363.7622,3407.9638
103706000,3373.9501,1975700,30783200,3413000700,48145237500,3410.4767,3422.0398,3363.7622,3407.9638
103711000,3373.6558,2007600,33702900,3415008300,48178940400,3410.4767,3422.0398,3363.7622,3407.9638
103717000,3373.5036,2021100,32879500,3417029400,48211819900,3410.4767,3422.0398,3363.7622,3407.9638
103721000,3373.7186,1248400,20121800,3418277800,48231941700,3410.4767,3422.0398,3363.7622,3407.9638
103727000,3373.0814,2699000,36475200,3420976800,48268416900,3410.4767,3422.0398,3363.7622,3407.9638
103732000,3373.0836,1741900,29158900,3422718700,48297575800,3410.4767,3422.0398,3363.7622,3407.9638
103736000,3372.7649,1121300,18829300,3423840000,48316405100,3410.4767,3422.0398,3363.7622,3407.9638
103742000,3372.811,2530100,37948400,3426370100,48354353500,3410.4767,3422.0398,3363.7622,3407.9638
103747000,3372.7496,2042200,31868600,3428412300,48386222100,3410.4767,3422.0398,3363.7622,3407.9638
103752000,3372.7435,1450300,27279300,3429862600,48413501400,3410.4767,3422.0398,3363.7622,3407.9638
103757000,3372.6515,1826600,27945700,3431689200,48441447100,3410.4767,3422.0398,3363.7622,3407.9638
103802000,3372.286,2780900,39607800,3434470100,48481054900,3410.4767,3422.0398,3363.7622,3407.9638
103807000,3372.0434,1976000,37362100,3436446100,48518417000,3410.4767,3422.0398,3363.7622,3407.9638
103812000,3371.9171,1595700,31138100,3438041800,48549555100,3410.4767,3422.0398,3363.7622,3407.9638
103817000,3371.5687,1981800,55531200,3440023600,48605086300,3410.4767,3422.0398,3363.7622,3407.9638
103822000,3371.545,1885300,41727700,3441908900,48646814000,3410.4767,3422.0398,3363.7622,3407.9638
103827000,3371.0557,1472700,22876000,3443381600,48669690000,3410.4767,3422.0398,3363.7622,3407.9638
103832000,3370.5,2234200,37270600,3445615800,48706960600,3410.4767,3422.0398,3363.7622,3407.9638
103837000,3370.964,3030900,42799200,3448646700,48749759800,3410.4767,3422.0398,3363.7622,3407.9638
103842000,3370.6986,2081000,35957200,3450727700,48785717000,3410.4767,3422.0398,3363.7622,3407.9638
103847000,3370.9946,3284700,40535500,3454012400,48826252500,3410.4767,3422.0398,3363.7622,3407.9638
103852000,3370.5145,1982600,36620100,3455995000,48862872600,3410.4767,3422.0398,3363.7622,3407.9638
103857000,3370.4529,2329500,29023400,3458324500,48891896000,3410.4767,3422.0398,3363.7622,3407.9638
103902000,3369.7662,2406400,44715800,3460730900,48936611800,3410.4767,3422.0398,3363.7622,3407.9638
103907000,3369.5931,1903200,42578200,3462634100,48979190000,3410.4767,3422.0398,3363.7622,3407.9638
103912000,3369.203,2876400,38499100,3465510500,49017689100,3410.4767,3422.0398,3363.7622,3407.9638
103917000,3368.8229,3369500,55130400,3468880000,49072819500,3410.4767,3422.0398,3363.7622,3407.9638
103922000,3368.8886,2002100,39374400,3470882100,49112193900,3410.4767,3422.0398,3363.7622,3407.9638
103927000,3368.8875,2205200,35572900,3473087300,49147766800,3410.4767,3422.0398,3363.7622,3407.9638
103932000,3369.6245,3288300,64065700,3476375600,49211832500,3410.4767,3422.0398,3363.7622,3407.9638
103937000,3370.6617,3283400,50377600,3479659000,49262210100,3410.4767,3422.0398,3363.7622,3407.9638
103942000,3371.218,6439800,69278300,3486098800,49331488400,3410.4767,3422.0398,3363.7622,3407.9638
103947000,3371.4702,3744600,67131500,3489843400,49398619900,3410.4767,3422.0398,3363.7622,3407.9638
103952000,3371.0908,2882600,53043000,3492726000,49451662900,3410.4767,3422.0398,3363.7622,3407.9638
103957000,3370.8439,1973200,32339200,3494699200,49484002100,3410.4767,3422.0398,3363.7622,3407.9638
104002000,3370.9495,2172300,63077200,3496871500,49547079300,3410.4767,3422.0398,3363.7622,3407.9638
104007000,3370.4436,3403500,48477700,3500275000,49595557000,3410.4767,3422.0398,3363.7622,3407.9638
104012000,3369.8456,1535300,54077700,3501810300,49649634700,3410.4767,3422.0398,3363.7622,3407.9638
104017000,3369.8909,2209600,39162700,3504019900,49688797400,3410.4767,3422.0398,3363.7622,3407.9638
104022000,3369.9005,2301200,37058500,3506321100,49725855900,3410.4767,3422.0398,3363.7622,3407.9638
104027000,3369.6627,2699500,49296400,3509020600,49775152300,3410.4767,3422.0398,3363.7622,3407.9638
104032000,3369.0894,2325200,43849900,3511345800,49819002200,3410.4767,3422.0398,3363.7622,3407.9638
104037000,3368.489,3157200,39984800,3514503000,49858987000,3410.4767,3422.0398,3363.7622,3407.9638
104042000,3368.8584,3701500,41878900,3518204500,49900865900,3410.4767,3422.0398,3363.7622,3407.9638
104047000,3368.5445,2478500,40610600,3520683000,49941476500,3410.4767,3422.0398,3363.7622,3407.9638
104052000,3368.6837,2134800,41045300,3522817800,49982521800,3410.4767,3422.0398,3363.7622,3407.9638
104057000,3367.8938,2463100,44155800,3525280900,50026677600,3410.4767,3422.0398,3363.7622,3407.9638
104102000,3367.9063,2837700,40697300,3528118600,50067374900,3410.4767,3422.0398,3363.7622,3407.9638
104107000,3367.529,2099000,48296700,3530217600,50115671600,3410.4767,3422.0398,3363.7622,3407.9638
104112000,3367.7531,2459000,54888200,3532676600,50170559800,3410.4767,3422.0398,3363.7622,3407.9638
104117000,3367.6621,3414400,63644800,3536091000,50234204600,3410.4767,3422.0398,3363.7622,3407.9638
104122000,3367.34,2963500,47422700,3539054500,50281627300,3410.4767,3422.0398,3363.7622,3407.9638
104127000,3367.2134,3621500,41703700,3542676000,50323331000,3410.4767,3422.0398,3363.7622,3407.9638
104132000,3366.779,2532700,38185400,3545208700,50361516400,3410.4767,3422.0398,3363.7622,3407.9638
104137000,3366.3386,2255600,34249100,3547464300,50395765500,3410.4767,3422.0398,3363.7622,3407.9638
104142000,3366.6778,1972200,33857200,3549436500,50429622700,3410.4767,3422.0398,3363.7622,3407.9638
104147000,3366.6276,1763200,30048400,3551199700,50459671100,3410.4767,3422.0398,3363.7622,3407.9638
104153000,3365.9293,2667000,49153400,3553866700,50508824500,3410.4767,3422.0398,3363.7622,3407.9638
104158000,3365.6338,2802100,43558200,3556668800,50552382700,3410.4767,3422.0398,3363.7622,3407.9638
104203000,3365.5955,1846500,35176800,3558515300,50587559500,3410.4767,3422.0398,3363.7622,3407.9638
104208000,3365.5251,3101500,48166100,3561616800,50635725600,3410.4767,3422.0398,3363.7622,3407.9638
104213000,3364.9094,3062200,53930300,3564679000,50689655900,3410.4767,3422.0398,3363.7622,3407.9638
104218000,3365.1261,2186500,40684300,3566865500,50730340200,3410.4767,3422.0398,3363.7622,3407.9638
104223000,3364.6082,3361800,44750400,3570227300,50775090600,3410.4767,3422.0398,3363.7622,3407.9638
104228000,3363.9842,2442200,41411900,3572669500,50816502500,3410.4767,3422.0398,3363.7622,3407.9638
104233000,3364.0918,2684000,42340400,3575353500,50858842900,3410.4767,3422.0398,3363.7622,3407.9638
104238000,3364.2142,2199700,49129400,3577553200,50907972300,3410.4767,3422.0398,3363.7622,3407.9638
104243000,3363.9671,2665000,44507200,3580218200,50952479500,3410.4767,3422.0398,3363.7622,3407.9638
104248000,3364.0778,2186200,38971500,3582404400,50991451000,3410.4767,3422.0398,3363.7622,3407.9638
104253000,3363.7829,2693200,46550700,3585097600,51038001700,3410.4767,3422.0398,3363.7622,3407.9638
104258000,3363.6644,2624800,46844700,3587722400,51084846400,3410.4767,3422.0398,3363.6436,3407.9638
104303000,3363.4174,2378200,32427600,3590100600,51117274000,3410.4767,3422.0398,3363.3085,3407.9638
104308000,3363.1773,2489500,39478000,3592590100,51156752000,3410.4767,3422.0398,3363.0484,3407.9638
104313000,3363.5456,3520100,53234200,3596110200,51209986200,3410.4767,3422.0398,3363.0484,3407.9638
104318000,3365.0355,3885200,53349800,3599995400,51263336000,3410.4767,3422.0398,3363.0484,3407.9638
104323000,3365.7364,4379800,81942900,3604375200,51345278900,3410.4767,3422.0398,3363.0484,3407.9638
104328000,3365.99,4128400,60563800,3608503600,51405842700,3410.4767,3422.0398,3363.0484,3407.9638
104333000,3366.3277,2316700,45972200,3610820300,51451814900,3410.4767,3422.0398,3363.0484,3407.9638
104338000,3365.8666,3239300,58686400,3614059600,51510501300,3410.4767,3422.0398,3363.0484,3407.9638
104343000,3365.5487,2672500,44432400,3616732100,51554933700,3410.4767,3422.0398,3363.0484,3407.9638
104348000,3366.3877,1825900,38514500,3618558000,51593448200,3410.4767,3422.0398,3363.0484,3407.9638
104353000,3365.9235,1952400,46282100,3620510400,51639730300,3410.4767,3422.0398,3363.0484,3407.9638
104358000,3365.675,2092600,38456300,3622603000,51678186600,3410.4767,3422.0398,3363.0484,3407.9638
104403000,3366.1196,2227700,32898400,3624830700,51711085000,3410.4767,3422.0398,3363.0484,3407.9638
104408000,3365.6812,1968500,38948900,3626799200,51750033900,3410.4767,3422.0398,3363.0484,3407.9638
104413000,3365.7417,1987000,28711200,3628786200,51778745100,3410.4767,3422.0398,3363.0484,3407.9638
104418000,3365.6103,1936800,32198200,3630723000,51810943300,3410.4767,3422.0398,3363.0484,3407.9638
104423000,3365.5118,2295400,40330100,3633018400,51851273400,3410.4767,3422.0398,3363.0484,3407.9638
104428000,3365.249,2275800,35766200,3635294200,51887039600,3410.4767,3422.0398,3363.0484,3407.9638
104433000,3364.97,1485200,21550600,3636779400,51908590200,3410.4767,3422.0398,3363.0484,3407.9638
104438000,3365.2365,2200200,28936000,3638979600,51937526200,3410.4767,3422.0398,3363.0484,3407.9638
104443000,3365.1844,2253300,32612000,3641232900,51970138200,3410.4767,3422.0398,3363.0484,3407.9638
104448000,3365.6069,1792400,24874000,3643025300,51995012200,3410.4767,3422.0398,3363.0484,3407.9638
104453000,3364.9522,1922700,37004700,3644948000,52032016900,3410.4767,3422.0398,3363.0484,3407.9638
104458000,3365.3867,3283400,36392900,3648231400,52068409800,3410.4767,3422.0398,3363.0484,3407.9638
104503000,3365.3265,5418700,44600600,3653650100,52113010400,3410.4767,3422.0398,3363.0484,3407.9638
104508000,3365.4217,3718500,51618000,3657368600,52164628400,3410.4767,3422.0398,3363.0484,3407.9638
104513000,3365.7216,2730900,37865800,3660099500,52202494200,3410.4767,3422.0398,3363.0484,3407.9638
104518000,3366.5891,2829300,38448600,3662928800,52240942800,3410.4767,3422.0398,3363.0484,3407.9638
104523000,3367.3496,6447400,76027300,3669376200,52316970100,3410.4767,3422.0398,3363.0484,3407.9638
104528000,3367.8464,3313300,48944900,3672689500,52365915000,3410.4767,3422.0398,3363.0484,3407.9638
104533000,3368.9002,5002200,62027800,3677691700,52427942800,3410.4767,3422.0398,3363.0484,3407.9638
104538000,3370.3118,3677300,57781300,3681369000,52485724100,3410.4767,3422.0398,3363.0484,3407.9638
104543000,3371.486,5253800,69019600,3686622800,52554743700,3410.4767,3422.0398,3363.0484,3407.9638
104549000,3371.0974,5359600,59613700,3691982400,52614357400,3410.4767,3422.0398,3363.0484,3407.9638
104554000,3371.7821,3273500,42749500,3695255900,52657106900,3410.4767,3422.0398,3363.0484,3407.9638
104558000,3372.0161,2986800,44664000,3698242700,52701770900,3410.4767,3422.0398,3363.0484,3407.9638
104604000,3371.8632,5470500,64474800,3703713200,52766245700,3410.4767,3422.0398,3363.0484,3407.9638
104609000,3373.0233,4249900,46269100,3707963100,52812514800,3410.4767,3422.0398,3363.0484,3407.9638
104614000,3373.2858,4441500,53965300,3712404600,52866480100,3410.4767,3422.0398,3363.0484,3407.9638
104619000,3372.8571,2387500,37897200,3714792100,52904377300,3410.4767,3422.0398,3363.0484,3407.9638
104624000,3372.8441,3101200,42070700,3717893300,52946448000,3410.4767,3422.0398,3363.0484,3407.9638
104629000,3373.2717,2309400,41559200,3720202700,52988007200,3410.4767,3422.0398,3363.0484,3407.9638
104634000,3372.6312,2830900,34900700,3723033600,53022907900,3410.4767,3422.0398,3363.0484,3407.9638
104639000,3373.2453,2007600,34301900,3725041200,53057209800,3410.4767,3422.0398,3363.0484,3407.9638
104644000,3373.1531,2123400,33117300,3727164600,53090327100,3410.4767,3422.0398,3363.0484,3407.9638
104649000,3373.129,1934400,37520400,3729099000,53127847500,3410.4767,3422.0398,3363.0484,3407.9638
104654000,3373.483,2725500,54457200,3731824500,53182304700,3410.4767,3422.0398,3363.0484,3407.9638
104659000,3373.2729,2013700,33743000,3733838200,53216047700,3410.4767,3422.0398,3363.0484,3407.9638
104704000,3373.721,2310000,31915800,3736148200,53247963500,3410.4767,3422.0398,3363.0484,3407.9638
104709000,3374.0215,2286000,31765300,3738434200,53279728800,3410.4767,3422.0398,3363.0484,3407.9638
104714000,3373.7717,1790100,28682200,3740224300,53308411000,3410.4767,3422.0398,3363.0484,3407.9638
104719000,3373.8011,3083700,32742300,3743308000,53341153300,3410.4767,3422.0398,3363.0484,3407.9638
104724000,3373.7142,1596400,23790700,3744904400,53364944000,3410.4767,3422.0398,3363.0484,3407.9638
104729000,3373.2898,2548100,48067500,3747452500,53413011500,3410.4767,3422.0398,3363.0484,3407.9638
104734000,3373.3097,1771900,27969700,3749224400,53440981200,3410.4767,3422.0398,3363.0484,3407.9638
104739000,3373.3696,1628200,24047700,3750852600,53465028900,3410.4767,3422.0398,3363.0484,3407.9638
104744000,3373.7144,2187100,29846800,3753039700,53494875700,3410.4767,3422.0398,3363.0484,3407.9638
104749000,3373.8598,1545500,23581800,3754585200,53518457500,3410.4767,3422.0398,3363.0484,3407.9638
104754000,3373.6494,1559500,22633100,3756144700,53541090600,3410.4767,3422.0398,3363.0484,3407.9638
104759000,3373.4615,1765400,30831000,3757910100,53571921600,3410.4767,3422.0398,3363.0484,3407.9638
104804000,3372.827,1779300,29101500,3759689400,53601023100,3410.4767,3422.0398,3363.0484,3407.9638
104809000,3373.3878,2281200,23417000,3761970600,53624440100,3410.4767,3422.0398,3363.0484,3407.9638
104814000,3373.1056,1833400,28744700,3763804000,53653184800,3410.4767,3422.0398,3363.0484,3407.9638
104819000,3372.9305,1880100,27451700,3765684100,53680636500,3410.4767,3422.0398,3363.0484,3407.9638
104824000,3373.0004,1671600,28694600,3767355700,53709331100,3410.4767,3422.0398,3363.0484,3407.9638
104829000,3372.9719,2529400,34855500,3769885100,53744186600,3410.4767,3422.0398,3363.0484,3407.9638
104834000,3372.0984,1455500,26574500,3771340600,53770761100,3410.4767,3422.0398,3363.0484,3407.9638
104839000,3371.886,1260900,32884300,3772601500,53803645400,3410.4767,3422.0398,3363.0484,3407.9638
104844000,3371.8009,1416600,27088500,3774018100,53830733900,3410.4767,3422.0398,3363.0484,3407.9638
104849000,3371.7112,2190700,31025300,3776208800,53861759200,3410.4767,3422.0398,3363.0484,3407.9638
104854000,3371.4471,1315400,18012900,3777524200,53879772100,3410.4767,3422.0398,3363.0484,3407.9638
104859000,3371.2874,1137500,21455900,3778661700,53901228000,3410.4767,3422.0398,3363.0484,3407.9638
104904000,3371.3017,1988400,30552800,3780650100,53931780800,3410.4767,3422.0398,3363.0484,3407.9638
104909000,3371.0638,1776600,22043600,3782426700,53953824400,3410.4767,3422.0398,3363.0484,3407.9638
104914000,3371.6421,2070900,33214300,3784497600,53987038700,3410.4767,3422.0398,3363.0484,3407.9638
104919000,3371.2035,1895500,27614200,3786393100,54014652900,3410.4767,3422.0398,3363.0484,3407.9638
104924000,3370.2064,1984800,29500600,3788377900,54044153500,3410.4767,3422.0398,3363.0484,3407.9638
104929000,3370.2904,1459300,25220200,3789837200,54069373700,3410.4767,3422.0398,3363.0484,3407.9638
104934000,3370.0102,2276800,33239000,3792114000,54102612700,3410.4767,3422.0398,3363.0484,3407.9638
104939000,3369.7593,1919100,27088700,3794033100,54129701400,3410.4767,3422.0398,3363.0484,3407.9638
104944000,3369.899,1500100,29440200,3795533200,54159141600,3410.4767,3422.0398,3363.0484,3407.9638
104949000,3369.7832,2071000,31886300,3797604200,54191027900,3410.4767,3422.0398,3363.0484,3407.9638
104954000,3369.79,1511900,19150900,3799116100,54210178800,3410.4767,3422.0398,3363.0484,3407.9638
104959000,3368.9271,2397900,31484200,3801514000,54241663000,3410.4767,3422.0398,3363.0484,3407.9638
105003000,3369.1865,2801300,28813000,3804315300,54270476000,3410.4767,3422.0398,3363.0484,3407.9638
105009000,3368.3618,2677500,30642900,3806992800,54301118900,3410.4767,3422.0398,3363.0484,3407.9638
105014000,3368.2741,2123200,30880000,3809116000,54331998900,3410.4767,3422.0398,3363.0484,3407.9638
105020000,3368.5298,2628900,31439300,3811744900,54363438200,3410.4767,3422.0398,3363.0484,3407.9638
105025000,3368.3024,1701100,30180600,3813446000,54393618800,3410.4767,3422.0398,3363.0484,3407.9638
105030000,3368.1054,1844900,24286400,3815290900,54417905200,3410.4767,3422.0398,3363.0484,3407.9638
105035000,3367.99,1306300,23359300,3816597200,54441264500,3410.4767,3422.0398,3363.0484,3407.9638
105040000,3368.0486,2319500,35770400,3818916700,54477034900,3410.4767,3422.0398,3363.0484,3407.9638
105045000,3369.0871,2059800,30430000,3820976500,54507464900,3410.4767,3422.0398,3363.0484,3407.9638
105050000,3369.1559,2331600,31771500,3823308100,54539236400,3410.4767,3422.0398,3363.0484,3407.9638
105055000,3368.7917,1582100,29211000,3824890200,54568447400,3410.4767,3422.0398,3363.0484,3407.9638
105100000,3368.7323,1377400,18637600,3826267600,54587085000,3410.4767,3422.0398,3363.0484,3407.9638
105105000,3369.0848,1516200,23475400,3827783800,54610560400,3410.4767,3422.0398,3363.0484,3407.9638
105110000,3368.8731,1459700,25345100,3829243500,54635905500,3410.4767,3422.0398,3363.0484,3407.9638
105115000,3369.2967,1277200,20327200,3830520700,54656232700,3410.4767,3422.0398,3363.0484,3407.9638
105120000,3368.7962,2135100,25071800,3832655800,54681304500,3410.4767,3422.0398,3363.0484,3407.9638
105124000,3368.7701,1721000,25637600,3834376800,54706942100,3410.4767,3422.0398,3363.0484,3407.9638
105130000,3367.9191,2875300,26803300,3837252100,54733745400,3410.4767,3422.0398,3363.0484,3407.9638
105135000,3366.9629,2700200,32337000,3839952300,54766082400,3410.4767,3422.0398,3363.0484,3407.9638
105140000,3366.9052,2190600,32503100,3842142900,54798585500,3410.4767,3422.0398,3363.0484,3407.9638
105145000,3366.6795,2173900,30831200,3844316800,54829416700,3410.4767,3422.0398,3363.0484,3407.9638
105150000,3366.4089,2151500,28363600,3846468300,54857780300,3410.4767,3422.0398,3363.0484,3407.9638
105155000,3366.1611,2383200,41849800,3848851500,54899630100,3410.4767,3422.0398,3363.0484,3407.9638
105200000,3365.7913,1600000,25899300,3850451500,54925529400,3410.4767,3422.0398,3363.0484,3407.9638
105205000,3365.598,2791800,42778400,3853243300,54968307800,3410.4767,3422.0398,3363.0484,3407.9638
105210000,3365.5304,2128900,33963800,3855372200,55002271600,3410.4767,3422.0398,3363.0484,3407.9638
105215000,3365.0449,1972500,27393300,3857344700,55029664900,3410.4767,3422.0398,3363.0484,3407.9638
105220000,3364.9219,2291800,36372100,3859636500,55066037000,3410.4767,3422.0398,3363.0484,3407.9638
105224000,3364.5495,1414400,26455100,3861050900,55092492100,3410.4767,3422.0398,3363.0484,3407.9638
105230000,3364.2587,1932700,29400100,3862983600,55121892200,3410.4767,3422.0398,3363.0484,3407.9638
105235000,3364.2511,2247600,27692700,3865231200,55149584900,3410.4767,3422.0398,3363.0484,3407.9638
105239000,3363.8488,1967100,30412200,3867198300,55179997100,3410.4767,3422.0398,3363.0484,3407.9638
105245000,3363.9515,1385300,21746800,3868583600,55201743900,3410.4767,3422.0398,3363.0484,3407.9638
105250000,3364.081,1518300,29408800,3870101900,55231152700,3410.4767,3422.0398,3363.0484,3407.9638
105254000,3363.5851,1902900,31977900,3872004800,55263130600,3410.4767,3422.0398,3363.0484,3407.9638
105300000,3363.2586,1751800,26864400,3873756600,55289995000,3410.4767,3422.0398,3363.0484,3407.9638
105305000,3363.3278,1840800,37113100,3875597400,55327108100,3410.4767,3422.0398,3363.0484,3407.9638
105309000,3363.0118,1727200,29640800,3877324600,55356748900,3410.4767,3422.0398,3363.0118,3407.9638
105315000,3363.0168,1827500,36212200,3879152100,55392961100,3410.4767,3422.0398,3362.9223,3407.9638
105320000,3362.6587,1969300,29918300,3881121400,55422879400,3410.4767,3422.0398,3362.6587,3407.9638
105324000,3362.8676,2188900,32978500,3883310300,55455857900,3410.4767,3422.0398,3362.5469,3407.9638
105330000,3362.2801,2019500,30403400,3885329800,55486261300,3410.4767,3422.0398,3362.0916,3407.9638
105335000,3362.064,1494700,26706000,3886824500,55512967300,3410.4767,3422.0398,3362.064,3407.9638
105339000,3361.9567,3085100,51165700,3889909600,55564133000,3410.4767,3422.0398,3361.9436,3407.9638
105345000,3361.789,2159200,33201900,3892068800,55597334900,3410.4767,3422.0398,3361.6661,3407.9638
105350000,3361.9317,1959400,31096200,3894028200,55628431100,3410.4767,3422.0398,3361.6661,3407.9638
105354000,3361.5363,1947600,32453900,3895975800,55660885000,3410.4767,3422.0398,3361.4877,3407.9638
105400000,3361.3019,2481800,28395600,3898457600,55689280600,3410.4767,3422.0398,3361.3019,3407.9638
105405000,3361.2542,2025500,35021000,3900483100,55724301600,3410.4767,3422.0398,3361.2362,3407.9638
105409000,3360.8839,2398800,37291700,3902881900,55761593300,3410.4767,3422.0398,3360.8839,3407.9638
105415000,3361.2591,1418100,28060300,3904300000,55789653600,3410.4767,3422.0398,3360.8839,3407.9638
105420000,3361.2944,2986700,50718000,3907286700,55840371600,3410.4767,3422.0398,3360.8839,3407.9638
105424000,3361.0151,2000700,37939700,3909287400,55878311300,3410.4767,3422.0398,3360.8599,3407.9638
105430000,3361.466,2452300,41993600,3911739700,55920304900,3410.4767,3422.0398,3360.7298,3407.9638
105436000,3360.5019,1723800,30148600,3913463500,55950453500,3410.4767,3422.0398,3360.5019,3407.9638
105441000,3360.4367,2014600,35063900,3915478100,55985517400,3410.4767,3422.0398,3360.1485,3407.9638
105445000,3360.586,1819500,37181600,3917297600,56022699000,3410.4767,3422.0398,3360.1485,3407.9638
105451000,3360.4827,1619200,23838400,3918916800,56046537400,3410.4767,3422.0398,3360.1485,3407.9638
105456000,3360.185,1762700,27689700,3920679500,56074227100,3410.4767,3422.0398,3360.0005,3407.9638
105500000,3360.323,1559400,25511700,3922238900,56099738800,3410.4767,3422.0398,3359.9283,3407.9638
105506000,3360.0322,1949500,33843300,3924188400,56133582100,3410.4767,3422.0398,3359.9283,3407.9638
105511000,3359.3505,2083200,33684500,3926271600,56167266600,3410.4767,3422.0398,3359.3505,3407.9638
105515000,3359.8124,1765500,28559200,3928037100,56195825800,3410.4767,3422.0398,3359.3505,3407.9638
105521000,3359.4379,2016300,29819300,3930053400,56225645100,3410.4767,3422.0398,3359.3505,3407.9638
105526000,3359.2053,1938100,34856200,3931991500,56260501300,3410.4767,3422.0398,3359.1432,3407.9638
105530000,3358.5266,2120200,30732600,3934111700,56291233900,3410.4767,3422.0398,3358.5266,3407.9638
105536000,3358.4414,2012800,36303000,3936124500,56327536900,3410.4767,3422.0398,3358.4414,3407.9638
105541000,3358.8712,2518100,35357200,3938642600,56362894100,3410.4767,3422.0398,3358.4414,3407.9638
105545000,3358.6996,1929700,31097900,3940572300,56393992000,3410.4767,3422.0398,3358.4414,3407.9638
105551000,3358.5274,2053900,33133100,3942626200,56427125100,3410.4767,3422.0398,3358.4414,3407.9638
105556000,3358.1499,2363700,29279600,3944989900,56456404700,3410.4767,3422.0398,3358.1499,3407.9638
105600000,3358.1354,1844200,31931800,3946834100,56488336500,3410.4767,3422.0398,3358.1354,3407.9638
105606000,3357.9708,2830500,38092400,3949664600,56526428900,3410.4767,3422.0398,3357.8727,3407.9638
105611000,3357.8979,1776600,31420000,3951441200,56557848900,3410.4767,3422.0398,3357.8206,3407.9638
105615000,3357.546,2013200,29280700,3953454400,56587129600,3410.4767,3422.0398,3357.546,3407.9638
105621000,3357.1921,1978100,28304600,3955432500,56615434200,3410.4767,3422.0398,3357.0778,3407.9638
105626000,3357.3989,2317100,38471800,3957749600,56653906000,3410.4767,3422.0398,3357.0778,3407.9638
105630000,3356.3569,2175200,34037900,3959924800,56687943900,3410.4767,3422.0398,3356.3569,3407.9638
105636000,3356.5631,2877500,34908200,3962802300,56722852100,3410.4767,3422.0398,3356.3569,3407.9638
105641000,3356.0836,3595100,47487500,3966397400,56770339600,3410.4767,3422.0398,3356.0836,3407.9638
105645000,3355.9207,3256900,46683300,3969654300,56817022900,3410.4767,3422.0398,3355.8,3407.9638
105651000,3354.6613,3303300,44348700,3972957600,56861371600,3410.4767,3422.0398,3354.6613,3407.9638
105656000,3355.0975,3565800,49793900,3976523400,56911165500,3410.4767,3422.0398,3354.3931,3407.9638
105700000,3354.4068,3386400,43928400,3979909800,56955093900,3410.4767,3422.0398,3354.3931,3407.9638
105706000,3353.969,2563500,46607400,3982473300,57001701300,3410.4767,3422.0398,3353.969,3407.9638
105711000,3354.5834,3346200,52509200,3985819500,57054210500,3410.4767,3422.0398,3353.8683,3407.9638
105715000,3354.3398,7808600,61807400,3993628100,57116017900,3410.4767,3422.0398,3353.8683,3407.9638
105721000,3353.7628,2532800,35972800,3996160900,57151990700,3410.4767,3422.0398,3353.678,3407.9638
105726000,3353.5059,2651600,36232800,3998812500,57188223500,3410.4767,3422.0398,3353.5059,3407.9638
105730000,3352.9005,3415000,43853300,4002227500,57232076800,3410.4767,3422.0398,3352.9005,3407.9638
105736000,3352.751,2634400,44396900,4004861900,57276473700,3410.4767,3422.0398,3352.751,3407.9638
105741000,3352.7058,2868700,45290500,4007730600,57321764200,3410.4767,3422.0398,3352.5651,3407.9638
105745000,3352.3796,2548200,46283000,4010278800,57368047200,3410.4767,3422.0398,3352.3796,3407.9638
105751000,3352.4411,8093500,59144800,4018372300,57427192000,3410.4767,3422.0398,3352.3796,3407.9638
105756000,3352.2654,5592400,66329000,4023964700,57493521000,3410.4767,3422.0398,3352.2654,3407.9638
105800000,3353.1973,2496100,45301100,4026460800,57538822100,3410.4767,3422.0398,3352.2654,3407.9638
105806000,3352.6219,3657700,47241000,4030118500,57586063100,3410.4767,3422.0398,3352.2654,3407.9638
105811000,3353.0947,2747000,44930400,4032865500,57630993500,3410.4767,3422.0398,3352.2654,3407.9638
105815000,3352.4113,3429000,41589500,4036294500,57672583000,3410.4767,3422.0398,3352.2654,3407.9638
105821000,3352.4299,2088200,31307300,4038382700,57703890300,3410.4767,3422.0398,3352.0653,3407.9638
105826000,3353.0415,3489700,43759200,4041872400,57747649500,3410.4767,3422.0398,3352.0653,3407.9638
105830000,3351.8689,2345800,34748000,4044218200,57782397500,3410.4767,3422.0398,3351.8689,3407.9638
105836000,3352.5408,2406300,35892800,4046624500,57818290300,3410.4767,3422.0398,3351.8689,3407.9638
105842000,3352.0472,4463000,64755200,4051087500,57883045500,3410.4767,3422.0398,3351.8205,3407.9638
105845000,3351.9813,1993100,34427200,4053080600,57917472700,3410.4767,3422.0398,3351.8205,3407.9638
105851000,3352.0377,2455200,35286400,4055535800,57952759100,3410.4767,3422.0398,3351.8205,3407.9638
105857000,3352.3142,3661300,49273000,4059197100,58002032100,3410.4767,3422.0398,3351.8205,3407.9638
105902000,3352.3176,2119500,38618200,4061316600,58040650300,3410.4767,3422.0398,3351.8205,3407.9638
105906000,3352.2881,3438000,39979100,4064754600,58080629400,3410.4767,3422.0398,3351.8205,3407.9638
105912000,3351.4962,2780700,42782600,4067535300,58123412000,3410.4767,3422.0398,3351.4962,3407.9638
105917000,3351.9479,2503200,45160200,4070038500,58168572200,3410.4767,3422.0398,3351.3966,3407.9638
105921000,3351.8708,1945500,31788300,4071984000,58200360500,3410.4767,3422.0398,3351.3966,3407.9638
105927000,3351.3702,2680800,39390300,4074664800,58239750800,3410.4767,3422.0398,3351.3702,3407.9638
105932000,3351.4344,3070500,51692000,4077735300,58291442800,3410.4767,3422.0398,3351.1422,3407.9638
105936000,3350.4357,2881100,43313500,4080616400,58334756300,3410.4767,3422.0398,3350.4357,3407.9638
105942000,3351.1343,2963300,41128700,4083579700,58375885000,3410.4767,3422.0398,3350.4357,3407.9638
105947000,3350.9596,2728200,44845900,4086307900,58420730900,3410.4767,3422.0398,3350.4357,3407.9638
105951000,3350.6718,2222100,35482000,4088530000,58456212900,3410.4767,3422.0398,3350.4357,3407.9638
105957000,3350.5848,1786900,32574500,4090316900,58488787400,3410.4767,3422.0398,3350.4357,3407.9638
110002000,3350.5469,2478200,42999600,4092795100,58531787000,3410.4767,3422.0398,3350.4014,3407.9638
110006000,3350.618,2424800,37900000,4095219900,58569687000,3410.4767,3422.0398,3350.4014,3407.9638
110012000,3350.1556,2378200,39062300,4097598100,58608749300,3410.4767,3422.0398,3350.1556,3407.9638
110017000,3350.4614,2094300,39826600,4099692400,58648575900,3410.4767,3422.0398,3350.1286,3407.9638
110021000,3350.7239,4176000,46349900,4103868400,58694925800,3410.4767,3422.0398,3350.1286,3407.9638
110027000,3351.0261,2871800,36071800,4106740200,58730997600,3410.4767,3422.0398,3350.1286,3407.9638
110032000,3350.7236,3493400,46107600,4110233600,58777105200,3410.4767,3422.0398,3350.1286,3407.9638
110036000,3351.0606,2512300,46453000,4112745900,58823558200,3410.4767,3422.0398,3350.1286,3407.9638
110042000,3351.9079,3957500,51241600,4116703400,58874799800,3410.4767,3422.0398,3350.1286,3407.9638
110047000,3353.708,5531800,81210300,4122235200,58956010100,3410.4767,3422.0398,3350.1286,3407.9638
110051000,3354.1851,5760600,72251200,4127995800,59028261300,3410.4767,3422.0398,3350.1286,3407.9638
110057000,3354.0521,6468800,63515000,4134464600,59091776300,3410.4767,3422.0398,3350.1286,3407.9638
110102000,3354.464,2983900,52663900,4137448500,59144440200,3410.4767,3422.0398,3350.1286,3407.9638
110106000,3354.6916,2891200,39919300,4140339700,59184359500,3410.4767,3422.0398,3350.1286,3407.9638
110112000,3354.5667,2188100,31553700,4142527800,59215913200,3410.4767,3422.0398,3350.1286,3407.9638
110117000,3355.1356,1972200,37599700,4144500000,59253512900,3410.4767,3422.0398,3350.1286,3407.9638
110121000,3354.8838,2309400,31517500,4146809400,59285030400,3410.4767,3422.0398,3350.1286,3407.9638
110127000,3354.84,1965400,30155300,4148774800,59315185700,3410.4767,3422.0398,3350.1286,3407.9638
110132000,3354.8366,2157000,32352200,4150931800,59347537900,3410.4767,3422.0398,3350.1286,3407.9638
110136000,3355.0041,1956000,27931900,4152887800,59375469800,3410.4767,3422.0398,3350.1286,3407.9638
110142000,3354.944,2047900,29251500,4154935700,59404721300,3410.4767,3422.0398,3350.1286,3407.9638
110147000,3355.4782,1936500,35819500,4156872200,59440540800,3410.4767,3422.0398,3350.1286,3407.9638
110151000,3355.7263,1861200,29990900,4158733400,59470531700,3410.4767,3422.0398,3350.1286,3407.9638
110157000,3355.623,1607300,21440100,4160340700,59491971800,3410.4767,3422.0398,3350.1286,3407.9638
110202000,3355.534,2226400,34264000,4162567100,59526235800,3410.4767,3422.0398,3350.1286,3407.9638
110206000,3355.609,1793400,22392200,4164360500,59548628000,3410.4767,3422.0398,3350.1286,3407.9638
110212000,3355.5067,1535000,24039200,4165895500,59572667200,3410.4767,3422.0398,3350.1286,3407.9638
110217000,3355.7203,2153300,30966700,4168048800,59603633900,3410.4767,3422.0398,3350.1286,3407.9638
110221000,3355.5673,2854200,26195000,4170903000,59629828900,3410.4767,3422.0398,3350.1286,3407.9638
110227000,3356.0569,1637000,22683100,4172540000,59652512000,3410.4767,3422.0398,3350.1286,3407.9638
110232000,3355.6093,2072100,35772600,4174612100,59688284600,3410.4767,3422.0398,3350.1286,3407.9638
110236000,3355.4475,1965600,22757700,4176577700,59711042300,3410.4767,3422.0398,3350.1286,3407.9638
110242000,3355.6271,1570500,19908600,4178148200,59730950900,3410.4767,3422.0398,3350.1286,3407.9638
110247000,3355.8272,1650300,25603600,4179798500,59756554500,3410.4767,3422.0398,3350.1286,3407.9638
110251000,3355.5532,1924400,23682200,4181722900,59780236700,3410.4767,3422.0398,3350.1286,3407.9638
110257000,3355.8455,1538700,32296100,4183261600,59812532800,3410.4767,3422.0398,3350.1286,3407.9638
110302000,3356.0415,1305300,20578400,4184566900,59833111200,3410.4767,3422.0398,3350.1286,3407.9638
110308000,3354.8727,3051900,47810500,4187618800,59880921700,3410.4767,3422.0398,3350.1286,3407.9638
110312000,3355.4118,1882900,30280400,4189501700,59911202100,3410.4767,3422.0398,3350.1286,3407.9638
110318000,3355.4405,1823900,27388200,4191325600,59938590300,3410.4767,3422.0398,3350.1286,3407.9638
110323000,3354.8823,2301100,32914400,4193626700,59971504700,3410.4767,3422.0398,3350.1286,3407.9638
110327000,3355.1164,2968100,36656800,4196594800,60008161500,3410.4767,3422.0398,3350.1286,3407.9638
110333000,3354.6063,1878700,28460300,4198473500,60036621800,3410.4767,3422.0398,3350.1286,3407.9638
110338000,3354.0836,2032000,34628500,4200505500,60071250300,3410.4767,3422.0398,3350.1286,3407.9638
110342000,3353.9003,2911600,60001600,4203417100,60131251900,3410.4767,3422.0398,3350.1286,3407.9638
110348000,3354.1621,1785900,23718500,4205203000,60154970400,3410.4767,3422.0398,3350.1286,3407.9638
110353000,3354.6531,1620100,25183800,4206823100,60180154200,3410.4767,3422.0398,3350.1286,3407.9638
110357000,3354.5064,1786000,22385800,4208609100,60202540000,3410.4767,3422.0398,3350.1286,3407.9638
110403000,3354.5273,1919700,36064500,4210528800,60238604500,3410.4767,3422.0398,3350.1286,3407.9638
110408000,3354.1834,2569800,33823500,4213098600,60272428000,3410.4767,3422.0398,3350.1286,3407.9638
110412000,3354.1289,2634600,44074300,4215733200,60316502300,3410.4767,3422.0398,3350.1286,3407.9638
110418000,3353.9016,1353700,19138300,4217086900,60335640600,3410.4767,3422.0398,3350.1286,3407.9638
110423000,3353.5193,1903800,30025100,4218990700,60365665700,3410.4767,3422.0398,3350.1286,3407.9638
110427000,3353.7216,1999200,25060700,4220989900,60390726400,3410.4767,3422.0398,3350.1286,3407.9638
110433000,3353.1524,1797600,22640400,4222787500,60413366800,3410.4767,3422.0398,3350.1286,3407.9638
110438000,3352.8795,1518500,24884600,4224306000,60438251400,3410.4767,3422.0398,3350.1286,3407.9638
110442000,3352.8521,1846700,27018800,4226152700,60465270200,3410.4767,3422.0398,3350.1286,3407.9638
110448000,3352.9235,1683600,25206100,4227836300,60490476300,3410.4767,3422.0398,3350.1286,3407.9638
110453000,3352.8687,2109500,29027100,4229945800,60519503400,3410.4767,3422.0398,3350.1286,3407.9638
110457000,3352.8524,1631400,27048100,4231577200,60546551500,3410.4767,3422.0398,3350.1286,3407.9638
110503000,3352.7848,3042600,29834500,4234619800,60576386000,3410.4767,3422.0398,3350.1286,3407.9638
110508000,3352.589,1910800,35474800,4236530600,60611860800,3410.4767,3422.0398,3350.1286,3407.9638
110512000,3352.1964,2325300,24361800,4238855900,60636222600,3410.4767,3422.0398,3350.1286,3407.9638
110518000,3351.8543,1565100,23988200,4240421000,60660210800,3410.4767,3422.0398,3350.1286,3407.9638
110523000,3351.617,1437900,30516600,4241858900,60690727400,3410.4767,3422.0398,3350.1286,3407.9638
110527000,3351.6731,1884600,26579500,4243743500,60717306900,3410.4767,3422.0398,3350.1286,3407.9638
110533000,3351.4949,2401100,31104000,4246144600,60748410900,3410.4767,3422.0398,3350.1286,3407.9638
110538000,3351.0839,1657600,29814300,4247802200,60778225200,3410.4767,3422.0398,3350.1286,3407.9638
110542000,3351.0327,1849400,29039000,4249651600,60807264200,3410.4767,3422.0398,3350.1286,3407.9638
110548000,3351.0449,1647600,28289300,4251299200,60835553500,3410.4767,3422.0398,3350.1286,3407.9638
110553000,3350.8141,2621800,42605800,4253921000,60878159300,3410.4767,3422.0398,3350.1286,3407.9638
110557000,3350.978,1737300,28222000,4255658300,60906381300,3410.4767,3422.0398,3350.1286,3407.9638
110603000,3350.4435,2658600,31694800,4258316900,60938076100,3410.4767,3422.0398,3350.1286,3407.9638
110608000,3349.806,1624900,32813300,4259941800,60970889400,3410.4767,3422.0398,3349.806,3407.9638
110612000,3349.4512,3311800,51625300,4263253600,61022514700,3410.4767,3422.0398,3349.4512,3407.9638
110618000,3349.1101,2621500,39010700,4265875100,61061525400,3410.4767,3422.0398,3349.1101,3407.9638
110623000,3347.8418,3826000,53070600,4269701100,61114596000,3410.4767,3422.0398,3347.7034,3407.9638
110627000,3348.1191,3915400,55419800,4273616500,61170015800,3410.4767,3422.0398,3347.7034,3407.9638
110633000,3347.5026,4856200,60669700,4278472700,61230685500,3410.4767,3422.0398,3347.359,3407.9638
110638000,3346.5299,3994300,54914600,4282467000,61285600100,3410.4767,3422.0398,3346.3484,3407.9638
110642000,3346.4802,3777000,52066100,4286244000,61337666200,3410.4767,3422.0398,3346.3484,3407.9638
110648000,3346.4448,3293300,54353400,4289537300,61392019600,3410.4767,3422.0398,3346.3484,3407.9638
110653000,3346.0939,3021700,46196900,4292559000,61438216500,3410.4767,3422.0398,3346.0939,3407.9638
110657000,3346.0001,2337200,40469000,4294896200,61478685500,3410.4767,3422.0398,3345.9081,3407.9638
110703000,3345.558,3293400,44887800,4298189600,61523573300,3410.4767,3422.0398,3345.558,3407.9638
110708000,3345.2594,4672700,57929000,4302862300,61581502300,3410.4767,3422.0398,3345.2594,3407.9638
110712000,3344.5995,5870700,54729400,4308733000,61636231700,3410.4767,3422.0398,3344.5935,3407.9638
110718000,3344.6141,6536700,58468000,4315269700,61694699700,3410.4767,3422.0398,3344.5935,3407.9638
110724000,3344.2567,4088900,49817500,4319358600,61744517200,3410.4767,3422.0398,3344.2114,3407.9638
110727000,3344.0726,2538700,54510400,4321897300,61799027600,3410.4767,3422.0398,3344.0726,3407.9638
110733000,3343.8058,3826700,59106000,4325724000,61858133600,3410.4767,3422.0398,3343.6657,3407.9638
110739000,3342.9083,3275900,50346400,4328999900,61908480000,3410.4767,3422.0398,3342.9083,3407.9638
110744000,3343.0348,3746000,55128000,4332745900,61963608000,3410.4767,3422.0398,3342.8141,3407.9638
110748000,3342.7707,4721900,70360000,4337467800,62033968000,3410.4767,3422.0398,3342.7707,3407.9638
110754000,3342.2358,4792100,56545300,4342259900,62090513300,3410.4767,3422.0398,3342.2358,3407.9638
110759000,3342.1197,4625700,67255700,4346885600,62157769000,3410.4767,3422.0398,3342.0117,3407.9638
110803000,3342.0536,5696100,61452400,4352581700,62219221400,3410.4767,3422.0398,3342.0117,3407.9638
110809000,3341.6494,3053000,43522000,4355634700,62262743400,3410.4767,3422.0398,3341.6494,3407.9638
110814000,3341.595,4472800,57907700,4360107500,62320651100,3410.4767,3422.0398,3341.5116,3407.9638
110818000,3340.9216,3572500,58880000,4363680000,62379531100,3410.4767,3422.0398,3340.9216,3407.9638
110824000,3340.725,3908400,54481500,4367588400,62434012600,3410.4767,3422.0398,3340.725,3407.9638
110829000,3340.8441,6269400,68412800,4373857800,62502425400,3410.4767,3422.0398,3340.5827,3407.9638
110833000,3340.9242,4397300,58920700,4378255100,62561346100,3410.4767,3422.0398,3340.5827,3407.9638
110839000,3340.6362,5246600,64295000,4383501700,62625641100,3410.4767,3422.0398,3340.5827,3407.9638
110844000,3340.096,4733600,55273400,4388235300,62680914500,3410.4767,3422.0398,3340.096,3407.9638
110848000,3340.2303,3801400,66591500,4392036700,62747506000,3410.4767,3422.0398,3339.8149,3407.9638
110854000,3339.7637,4397200,57746500,4396433900,62805252500,3410.4767,3422.0398,3339.7637,3407.9638
110859000,3339.7892,6003900,65029700,4402437800,62870282200,3410.4767,3422.0398,3339.7637,3407.9638
110903000,3339.4795,4630200,69215700,4407068000,62939497900,3410.4767,3422.0398,3339.4794,3407.9638
110909000,3339.5101,3358000,60156400,4410426000,62999654300,3410.4767,3422.0398,3339.1982,3407.9638
110914000,3339.0574,4012700,63830400,4414438700,63063484700,3410.4767,3422.0398,3338.994,3407.9638
110918000,3339.0327,4270000,76501400,4418708700,63139986100,3410.4767,3422.0398,3338.911,3407.9638
110924000,3339.0268,3482000,61300800,4422190700,63201286900,3410.4767,3422.0398,3338.8816,3407.9638
110929000,3338.7175,3927900,63251500,4426118600,63264538400,3410.4767,3422.0398,3338.7175,3407.9638
110933000,3338.8479,3159600,48522100,4429278200,63313060500,3410.4767,3422.0398,3338.7175,3407.9638
110939000,3337.9103,3617800,64703800,4432896000,63377764300,3410.4767,3422.0398,3337.9103,3407.9638
110944000,3338.2515,4070300,63086300,4436966300,63440850600,3410.4767,3422.0398,3337.9103,3407.9638
110948000,3338.1248,4930300,62515700,4441896600,63503366300,3410.4767,3422.0398,3337.9103,3407.9638
110954000,3337.8586,4967800,59586900,4446864400,63562953200,3410.4767,3422.0398,3337.8586,3407.9638
110959000,3337.6928,2765400,44011100,4449629800,63606964300,3410.4767,3422.0398,3337.6928,3407.9638
111003000,3337.7254,3510900,44675000,4453140700,63651639300,3410.4767,3422.0398,3337.6079,3407.9638
111009000,3337.3231,4107900,47320800,4457248600,63698960100,3410.4767,3422.0398,3337.3071,3407.9638
111014000,3337.339,3374800,52540400,4460623400,63751500500,3410.4767,3422.0398,3337.2106,3407.9638
111018000,3336.7087,4399500,60840800,4465022900,63812341300,3410.4767,3422.0398,3336.7087,3407.9638
111024000,3336.7576,6259700,60090600,4471282600,63872431900,3410.4767,3422.0398,3336.7087,3407.9638
111029000,3336.8374,5282000,69422600,4476564600,63941854500,3410.4767,3422.0398,3336.7087,3407.9638
111033000,3337.236,3624500,51992300,4480189100,63993846800,3410.4767,3422.0398,3336.7087,3407.9638
111039000,3337.0653,3792200,52194700,4483981300,64046041500,3410.4767,3422.0398,3336.7087,3407.9638
111044000,3337.8829,3205800,52352200,4487187100,64098393700,3410.4767,3422.0398,3336.7087,3407.9638
111048000,3338.4046,4661800,61227200,4491848900,64159620900,3410.4767,3422.0398,3336.7087,3407.9638
111054000,3337.9377,4493800,53062100,4496342700,64212683000,3410.4767,3422.0398,3336.7087,3407.9638
111059000,3337.5592,3811700,54728000,4500154400,64267411000,3410.4767,3422.0398,3336.7087,3407.9638
111103000,3338.2882,2632600,45881700,4502787000,64313292700,3410.4767,3422.0398,3336.7087,3407.9638
111109000,3337.9153,2600400,39861400,4505387400,64353154100,3410.4767,3422.0398,3336.7087,3407.9638
111114000,3337.9599,2550900,38052300,4507938300,64391206400,3410.4767,3422.0398,3336.7087,3407.9638
111118000,3337.9976,2456900,38605500,4510395200,64429811900,3410.4767,3422.0398,3336.7087,3407.9638
111124000,3337.9028,2409500,34859400,4512804700,64464671300,3410.4767,3422.0398,3336.7087,3407.9638
111130000,3337.2471,3893100,58135500,4516697800,64522806800,3410.4767,3422.0398,3336.7087,3407.9638
111133000,3337.5787,3083600,42531400,4519781400,64565338200,3410.4767,3422.0398,3336.7087,3407.9638
111139000,3337.6424,3272700,48574100,4523054100,64613912300,3410.4767,3422.0398,3336.7087,3407.9638
111145000,3337.7641,3388200,55434600,4526442300,64669346900,3410.4767,3422.0398,3336.7087,3407.9638
111150000,3337.7743,2972900,47216200,4529415200,64716563100,3410.4767,3422.0398,3336.7087,3407.9638
111154000,3337.3377,2823200,46402000,4532238400,64762965100,3410.4767,3422.0398,3336.7087,3407.9638
111200000,3337.7365,3004400,48248900,4535242800,64811214000,3410.4767,3422.0398,3336.7087,3407.9638
111205000,3337.728,3317500,50037000,4538560300,64861251000,3410.4767,3422.0398,3336.7087,3407.9638
111209000,3337.9382,2312700,40006200,4540873000,64901257200,3410.4767,3422.0398,3336.7087,3407.9638
111215000,3338.6313,3142600,43773600,4544015600,64945030800,3410.4767,3422.0398,3336.7087,3407.9638
111220000,3338.4488,2203400,35149700,4546219000,64980180500,3410.4767,3422.0398,3336.7087,3407.9638
111224000,3338.1314,3110100,35008100,4549329100,65015188600,3410.4767,3422.0398,3336.7087,3407.9638
111230000,3338.3881,3205600,43789700,4552534700,65058978300,3410.4767,3422.0398,3336.7087,3407.9638
111235000,3338.6324,3037600,37255300,4555572300,65096233600,3410.4767,3422.0398,3336.7087,3407.9638
111239000,3338.5295,2046900,31611100,4557619200,65127844700,3410.4767,3422.0398,3336.7087,3407.9638
111245000,3338.9562,2633600,36562200,4560252800,65164406900,3410.4767,3422.0398,3336.7087,3407.9638
111250000,3339.0578,3165900,49410300,4563418700,65213817200,3410.4767,3422.0398,3336.7087,3407.9638
111254000,3339.3958,2554300,39278800,4565973000,65253096000,3410.4767,3422.0398,3336.7087,3407.9638
111300000,3340.0275,2723700,39655500,4568696700,65292751500,3410.4767,3422.0398,3336.7087,3407.9638
111305000,3339.686,2158900,38672000,4570855600,65331423500,3410.4767,3422.0398,3336.7087,3407.9638
111309000,3339.5647,1917800,30651600,4572773400,65362075100,3410.4767,3422.0398,3336.7087,3407.9638
111315000,3339.6244,2882500,40764100,4575655900,65402839200,3410.4767,3422.0398,3336.7087,3407.9638
111320000,3338.9673,2454100,39435600,4578110000,65442274800,3410.4767,3422.0398,3336.7087,3407.9638
111324000,3338.7054,2525800,32849800,4580635800,65475124600,3410.4767,3422.0398,3336.7087,3407.9638
111330000,3339.3423,2808500,41024700,4583444300,65516149300,3410.4767,3422.0398,3336.7087,3407.9638
111335000,3338.8298,1908400,26318500,4585352700,65542467800,3410.4767,3422.0398,3336.7087,3407.9638
111339000,3339.2109,2209900,32596600,4587562600,65575064400,3410.4767,3422.0398,3336.7087,3407.9638
111345000,3338.976,2097300,47424000,4589659900,65622488400,3410.4767,3422.0398,3336.7087,3407.9638
111350000,3339.2105,2364500,49220300,4592024400,65671708700,3410.4767,3422.0398,3336.7087,3407.9638
111354000,3338.4272,3505600,54430800,4595530000,65726139500,3410.4767,3422.0398,3336.7087,3407.9638
111400000,3338.5197,2707300,45863400,4598237300,65772002900,3410.4767,3422.0398,3336.7087,3407.9638
111405000,3338.1696,2056500,39111000,4600293800,65811113900,3410.4767,3422.0398,3336.7087,3407.9638
111409000,3338.2004,2814600,49650800,4603108400,65860764700,3410.4767,3422.0398,3336.7087,3407.9638
111415000,3338.1641,1860800,27457000,4604969200,65888221700,3410.4767,3422.0398,3336.7087,3407.9638
111420000,3338.2877,2029400,34877900,4606998600,65923099600,3410.4767,3422.0398,3336.7087,3407.9638
111424000,3338.0471,2056800,29333400,4609055400,65952433000,3410.4767,3422.0398,3336.7087,3407.9638
111430000,3337.4867,2063000,30128000,4611118400,65982561000,3410.4767,3422.0398,3336.7087,3407.9638
111435000,3337.9008,2595500,53725400,4613713900,66036286400,3410.4767,3422.0398,3336.7087,3407.9638
111439000,3336.8997,2234200,34568200,4615948100,66070854600,3410.4767,3422.0398,3336.7087,3407.9638
111445000,3336.7645,2382600,45035400,4618330700,66115890000,3410.4767,3422.0398,3336.6465,3407.9638
111450000,3336.7199,2481900,49063000,4620812600,66164953000,3410.4767,3422.0398,3336.6465,3407.9638
111454000,3336.5581,2578800,44454900,4623391400,66209407900,3410.4767,3422.0398,3336.548,3407.9638
111500000,3335.85,3742600,46013600,4627134000,66255421500,3410.4767,3422.0398,3335.756,3407.9638
111505000,3335.3213,3380000,46521600,4630514000,66301943100,3410.4767,3422.0398,3335.3213,3407.9638
111509000,3334.7948,3319200,44448500,4633833200,66346391600,3410.4767,3422.0398,3334.6972,3407.9638
111515000,3334.7633,2318800,37631400,4636152000,66384023000,3410.4767,3422.0398,3334.6972,3407.9638
111520000,3334.7025,3965500,52312100,4640117500,66436335100,3410.4767,3422.0398,3334.6972,3407.9638
111524000,3334.1895,2933800,39482600,4643051300,66475817700,3410.4767,3422.0398,3334.1895,3407.9638
111530000,3334.6596,3166800,41274600,4646218100,66517092300,3410.4767,3422.0398,3334.1895,3407.9638
111535000,3334.7951,2634900,53609600,4648853000,66570701900,3410.4767,3422.0398,3334.1895,3407.9638
111539000,3334.3528,2297200,36837900,4651150200,66607539800,3410.4767,3422.0398,3334.1895,3407.9638
111545000,3334.5444,2608300,50222800,4653758500,66657762600,3410.4767,3422.0398,3334.1895,3407.9638
111551000,3334.1455,2185700,34980600,4655944200,66692743200,3410.4767,3422.0398,3334.1455,3407.9638
111554000,3334.0472,2413900,41245500,4658358100,66733988700,3410.4767,3422.0398,3333.9926,3407.9638
111600000,3334.1553,3663800,54933500,4662021900,66788922200,3410.4767,3422.0398,3333.9926,3407.9638
111606000,3334.4178,2421500,35777100,4664443400,66824699300,3410.4767,3422.0398,3333.9926,3407.9638
111611000,3333.7469,2623300,52509200,4667066700,66877208500,3410.4767,3422.0398,3333.7469,3407.9638
111615000,3333.5035,2083300,36174100,4669150000,66913382600,3410.4767,3422.0398,3333.4535,3407.9638
111621000,3333.297,2148800,32311400,4671298800,66945694000,3410.4767,3422.0398,3333.2281,3407.9638
111626000,3332.8651,2761800,40480100,4674060600,66986174100,3410.4767,3422.0398,3332.8651,3407.9638
111630000,3332.5538,2145300,41892000,4676205900,67028066100,3410.4767,3422.0398,3332.5454,3407.9638
111636000,3332.4172,2262000,32486300,4678467900,67060552400,3410.4767,3422.0398,3332.4172,3407.9638
111641000,3332.2302,2494200,39300100,4680962100,67099852500,3410.4767,3422.0398,3332.1996,3407.9638
111645000,3331.9419,3377000,44034600,4684339100,67143887100,3410.4767,3422.0398,3331.8024,3407.9638
111651000,3331.1447,3377100,47662800,4687716200,67191549900,3410.4767,3422.0398,3331.1447,3407.9638
111656000,3330.6065,3978700,55819600,4691694900,67247369500,3410.4767,3422.0398,3330.6065,3407.9638
111700000,3330.336,3793100,51462600,4695488000,67298832100,3410.4767,3422.0398,3330.2909,3407.9638
111706000,3330.2491,3833600,53983200,4699321600,67352815300,3410.4767,3422.0398,3330.1816,3407.9638
111711000,3329.7511,3914100,59302400,4703235700,67412117700,3410.4767,3422.0398,3329.6182,3407.9638
111715000,3329.6239,3234500,45561400,4706470200,67457679100,3410.4767,3422.0398,3329.3255,3407.9638
111721000,3329.3641,3759400,48952100,4710229600,67506631200,3410.4767,3422.0398,3329.3255,3407.9638
111726000,3329.0695,4368500,53654700,4714598100,67560285900,3410.4767,3422.0398,3329.0695,3407.9638
111730000,3328.4995,4023400,53384000,4718621500,67613669900,3410.4767,3422.0398,3328.4995,3407.9638
111736000,3328.1875,3135500,44573000,4721757000,67658242900,3410.4767,3422.0398,3328.1875,3407.9638
111741000,3327.5319,3630200,53363900,4725387200,67711606800,3410.4767,3422.0398,3327.5319,3407.9638
111745000,3327.1658,3871200,51375800,4729258400,67762982600,3410.4767,3422.0398,3327.0548,3407.9638
111751000,3326.9368,3102900,40815500,4732361300,67803798100,3410.4767,3422.0398,3326.9368,3407.9638
111756000,3327.367,4726900,66987200,4737088200,67870785300,3410.4767,3422.0398,3326.9368,3407.9638
111800000,3326.386,4866700,60684600,4741954900,67931469900,3410.4767,3422.0398,3326.386,3407.9638
111806000,3326.3362,4856700,65110000,4746811600,67996579900,3410.4767,3422.0398,3326.2624,3407.9638
111811000,3325.8182,6306900,67799900,4753118500,68064379800,3410.4767,3422.0398,3325.8182,3407.9638
111815000,3325.4214,4303300,50839200,4757421800,68115219000,3410.4767,3422.0398,3325.4214,3407.9638
111821000,3324.469,4216100,56604000,4761637900,68171823000,3410.4767,3422.0398,3324.469,3407.9638
111826000,3324.8179,6835800,71458500,4768473700,68243281500,3410.4767,3422.0398,3324.469,3407.9638
111830000,3324.3805,7161300,88069500,4775635000,68331351000,3410.4767,3422.0398,3324.3805,3407.9638
111836000,3324.0273,5046800,70340400,4780681800,68401691400,3410.4767,3422.0398,3324.0273,3407.9638
111841000,3323.626,7784700,78291100,4788466500,68479982500,3410.4767,3422.0398,3323.626,3407.9638
111845000,3323.2112,5177200,69616800,4793643700,68549599300,3410.4767,3422.0398,3323.2112,3407.9638
111851000,3323.196,4480900,63678500,4798124600,68613277800,3410.4767,3422.0398,3323.0383,3407.9638
111856000,3323.4206,6054800,73521500,4804179400,68686799300,3410.4767,3422.0398,3323.0383,3407.9638
111900000,3322.804,7406300,81689300,4811585700,68768488600,3410.4767,3422.0398,3322.4907,3407.9638
111906000,3322.2433,9004900,79128400,4820590600,68847617000,3410.4767,3422.0398,3322.2433,3407.9638
111911000,3321.9098,5405400,60809800,4825996000,68908426800,3410.4767,3422.0398,3321.8458,3407.9638
111915000,3321.732,5193300,55974000,4831189300,68964400800,3410.4767,3422.0398,3321.732,3407.9638
111921000,3321.2674,3992300,56957100,4835181600,69021357900,3410.4767,3422.0398,3321.2674,3407.9638
111926000,3321.7719,4195200,58128800,4839376800,69079486700,3410.4767,3422.0398,3321.2484,3407.9638
111930000,3321.2463,5762600,70263200,4845139400,69149749900,3410.4767,3422.0398,3321.2463,3407.9638
111936000,3320.9569,4998900,53055100,4850138300,69202805000,3410.4767,3422.0398,3320.9569,3407.9638
111941000,3320.8306,4167900,60368500,4854306200,69263173500,3410.4767,3422.0398,3320.8306,3407.9638
111945000,3320.7807,4810600,57842800,4859116800,69321016300,3410.4767,3422.0398,3320.719,3407.9638
111951000,3320.6662,4698400,55996200,4863815200,69377012500,3410.4767,3422.0398,3320.6662,3407.9638
111956000,3320.5465,4157400,59986800,4867972600,69436999300,3410.4767,3422.0398,3320.4228,3407.9638
112000000,3320.2647,3911300,56130300,4871883900,69493129600,3410.4767,3422.0398,3320.1924,3407.9638
112006000,3319.8554,6000100,77279400,4877884000,69570409000,3410.4767,3422.0398,3319.786,3407.9638
112012000,3319.6155,4184200,53280700,4882068200,69623689700,3410.4767,3422.0398,3319.6155,3407.9638
112015000,3319.9566,3967000,60507900,4886035200,69684197600,3410.4767,3422.0398,3319.6155,3407.9638
112021000,3320.2085,5193300,76345500,4891228500,69760543100,3410.4767,3422.0398,3319.6155,3407.9638
112027000,3320.5213,7051500,80626400,4898280000,69841169500,3410.4767,3422.0398,3319.6155,3407.9638
112032000,3320.2596,6186400,80158400,4904466400,69921327900,3410.4767,3422.0398,3319.6155,3407.9638
112036000,3320.5557,4696000,56717600,4909162400,69978045500,3410.4767,3422.0398,3319.6155,3407.9638
112042000,3320.1237,5210500,65505600,4914372900,70043551100,3410.4767,3422.0398,3319.6155,3407.9638
112047000,3319.7663,3897900,55786000,4918270800,70099337100,3410.4767,3422.0398,3319.6155,3407.9638
112051000,3319.5643,4337200,58908000,4922608000,70158245100,3410.4767,3422.0398,3319.459,3407.9638
112057000,3319.5821,4138300,52090700,4926746300,70210335800,3410.4767,3422.0398,3319.459,3407.9638
112102000,3319.4388,5116200,65992100,4931862500,70276327900,3410.4767,3422.0398,3319.2889,3407.9638
112106000,3319.4115,3587700,45233100,4935450200,70321561000,3410.4767,3422.0398,3319.2889,3407.9638
112112000,3319.7889,4572000,56662200,4940022200,70378223200,3410.4767,3422.0398,3319.2889,3407.9638
112117000,3319.9469,4921900,60219500,4944944100,70438442700,3410.4767,3422.0398,3319.2889,3407.9638
112121000,3320.7946,5339100,67191200,4950283200,70505633900,3410.4767,3422.0398,3319.2889,3407.9638
112127000,3321.5682,5072500,63361700,4955355700,70568995600,3410.4767,3422.0398,3319.2889,3407.9638
112132000,3321.7975,5846400,99755100,4961202100,70668750700,3410.4767,3422.0398,3319.2889,3407.9638
112136000,3322.8605,5885700,74662500,4967087800,70743413200,3410.4767,3422.0398,3319.2889,3407.9638
112142000,3323.5551,5718600,73283700,4972806400,70816696900,3410.4767,3422.0398,3319.2889,3407.9638
112147000,3324.2944,5730900,78452000,4978537300,70895148900,3410.4767,3422.0398,3319.2889,3407.9638
112151000,3324.337,5432800,63894100,4983970100,70959043000,3410.4767,3422.0398,3319.2889,3407.9638
112157000,3325.2771,4773800,62766700,4988743900,71021809700,3410.4767,3422.0398,3319.2889,3407.9638
112202000,3325.6614,6156300,60563500,4994900200,71082373200,3410.4767,3422.0398,3319.2889,3407.9638
112206000,3326.9026,4544500,61514900,4999444700,71143888100,3410.4767,3422.0398,3319.2889,3407.9638
112212000,3326.8693,4510600,45004300,5003955300,71188892400,3410.4767,3422.0398,3319.2889,3407.9638
112217000,3326.3887,3151700,41657500,5007107000,71230549900,3410.4767,3422.0398,3319.2889,3407.9638
112221000,3326.2638,2741800,36510600,5009848800,71267060500,3410.4767,3422.0398,3319.2889,3407.9638
112227000,3326.818,2246600,38875600,5012095400,71305936100,3410.4767,3422.0398,3319.2889,3407.9638
112232000,3326.7282,3402800,49225200,5015498200,71355161300,3410.4767,3422.0398,3319.2889,3407.9638
112236000,3326.9295,2184700,31799000,5017682900,71386960300,3410.4767,3422.0398,3319.2889,3407.9638
112242000,3327.5913,3038000,43058500,5020720900,71430018800,3410.4767,3422.0398,3319.2889,3407.9638
112247000,3327.5908,2496100,38937100,5023217000,71468955900,3410.4767,3422.0398,3319.2889,3407.9638
112251000,3327.887,2914900,43831900,5026131900,71512787800,3410.4767,3422.0398,3319.2889,3407.9638
112257000,3328.1491,3888500,57747000,5030020400,71570534800,3410.4767,3422.0398,3319.2889,3407.9638
112302000,3328.9668,3580300,44857400,5033600700,71615392200,3410.4767,3422.0398,3319.2889,3407.9638
112306000,3329.8498,2531000,36565800,5036131700,71651958000,3410.4767,3422.0398,3319.2889,3407.9638
112312000,3329.5385,2641100,50792900,5038772800,71702750900,3410.4767,3422.0398,3319.2889,3407.9638
112317000,3330.1151,3686300,37800500,5042459100,71740551400,3410.4767,3422.0398,3319.2889,3407.9638
112321000,3330.1502,2264800,29536200,5044723900,71770087600,3410.4767,3422.0398,3319.2889,3407.9638
112327000,3330.3808,2465000,33524100,5047188900,71803611700,3410.4767,3422.0398,3319.2889,3407.9638
112332000,3330.4384,3121000,41423900,5050309900,71845035600,3410.4767,3422.0398,3319.2889,3407.9638
112336000,3330.7977,1628600,27686000,5051938500,71872721600,3410.4767,3422.0398,3319.2889,3407.9638
112342000,3330.2881,2086500,30913900,5054025000,71903635500,3410.4767,3422.0398,3319.2889,3407.9638
112347000,3330.4,2337200,33994600,5056362200,71937630100,3410.4767,3422.0398,3319.2889,3407.9638
112351000,3330.5582,2369700,39163100,5058731900,71976793200,3410.4767,3422.0398,3319.2889,3407.9638
112357000,3331.132,1924800,27376600,5060656700,72004169800,3410.4767,3422.0398,3319.2889,3407.9638
112402000,3331.0827,2460100,41892600,5063116800,72046062400,3410.4767,3422.0398,3319.2889,3407.9638
112408000,3331.7307,2864400,39516200,5065981200,72085578600,3410.4767,3422.0398,3319.2889,3407.9638
112412000,3332.4237,1558000,23276200,5067539200,72108854800,3410.4767,3422.0398,3319.2889,3407.9638
112417000,3331.9133,2094800,33451400,5069634000,72142306200,3410.4767,3422.0398,3319.2889,3407.9638
112423000,3332.1494,2078100,36804200,5071712100,72179110400,3410.4767,3422.0398,3319.2889,3407.9638
112427000,3332.6669,1374100,27024500,5073086200,72206134900,3410.4767,3422.0398,3319.2889,3407.9638
112433000,3333.038,2173300,34727800,5075259500,72240862700,3410.4767,3422.0398,3319.2889,3407.9638
112438000,3332.8778,1907900,35797300,5077167400,72276660000,3410.4767,3422.0398,3319.2889,3407.9638
112442000,3332.6704,1968800,27300900,5079136200,72303960900,3410.4767,3422.0398,3319.2889,3407.9638
112448000,3332.9134,1861700,22797000,5080997900,72326757900,3410.4767,3422.0398,3319.2889,3407.9638
112453000,3332.9571,1902800,25619400,5082900700,72352377300,3410.4767,3422.0398,3319.2889,3407.9638
112457000,3333.3893,2285300,30544800,5085186000,72382922100,3410.4767,3422.0398,3319.2889,3407.9638
112503000,3332.9198,1999900,25615600,5087185900,72408537700,3410.4767,3422.0398,3319.2889,3407.9638
112508000,3332.9997,2038000,29595500,5089223900,72438133200,3410.4767,3422.0398,3319.2889,3407.9638
112512000,3332.9794,1766800,24549300,5090990700,72462682500,3410.4767,3422.0398,3319.2889,3407.9638
112518000,3332.8049,1563900,20887000,5092554600,72483569500,3410.4767,3422.0398,3319.2889,3407.9638
112523000,3332.7767,1629700,28576000,5094184300,72512145500,3410.4767,3422.0398,3319.2889,3407.9638
112527000,3333.2106,1447600,23512600,5095631900,72535658100,3410.4767,3422.0398,3319.2889,3407.9638
112533000,3332.5577,2195400,29742200,5097827300,72565400300,3410.4767,3422.0398,3319.2889,3407.9638
112538000,3332.5668,1736600,29449600,5099563900,72594849900,3410.4767,3422.0398,3319.2889,3407.9638
112542000,3332.5737,1995500,29809400,5101559400,72624659300,3410.4767,3422.0398,3319.2889,3407.9638
112548000,3332.1203,1787100,27672700,5103346500,72652332000,3410.4767,3422.0398,3319.2889,3407.9638
112553000,3331.9433,1952300,32230800,5105298800,72684562800,3410.4767,3422.0398,3319.2889,3407.9638
112557000,3331.7733,1935100,26480700,5107233900,72711043500,3410.4767,3422.0398,3319.2889,3407.9638
112603000,3331.9061,2149300,31742500,5109383200,72742786000,3410.4767,3422.0398,3319.2889,3407.9638
112608000,3331.7249,1977400,28403200,5111360600,72771189200,3410.4767,3422.0398,3319.2889,3407.9638
112612000,3331.7098,1534300,23667700,5112894900,72794856900,3410.4767,3422.0398,3319.2889,3407.9638
112618000,3331.4193,1995600,28704000,5114890500,72823560900,3410.4767,3422.0398,3319.2889,3407.9638
112623000,3331.9132,1998200,28120200,5116888700,72851681100,3410.4767,3422.0398,3319.2889,3407.9638
112627000,3332.287,2644000,32143400,5119532700,72883824500,3410.4767,3422.0398,3319.2889,3407.9638
112633000,3332.463,2166700,29334000,5121699400,72913158500,3410.4767,3422.0398,3319.2889,3407.9638
112638000,3333.2246,2833700,39812200,5124533100,72952970700,3410.4767,3422.0398,3319.2889,3407.9638
112642000,3333.6685,1965300,28440100,5126498400,72981410800,3410.4767,3422.0398,3319.2889,3407.9638
112648000,3333.4521,2888400,30013500,5129386800,73011424300,3410.4767,3422.0398,3319.2889,3407.9638
112653000,3333.1429,3535500,43070400,5132922300,73054494700,3410.4767,3422.0398,3319.2889,3407.9638
112657000,3335.4166,3835600,53165100,5136757900,73107659800,3410.4767,3422.0398,3319.2889,3407.9638
112703000,3336.898,4896800,71663100,5141654700,73179322900,3410.4767,3422.0398,3319.2889,3407.9638
112708000,3337.5503,4122000,53802100,5145776700,73233125000,3410.4767,3422.0398,3319.2889,3407.9638
112712000,3338.2792,4179100,50376400,5149955800,73283501400,3410.4767,3422.0398,3319.2889,3407.9638
112718000,3338.4209,2829700,40807100,5152785500,73324308500,3410.4767,3422.0398,3319.2889,3407.9638
112723000,3339.0835,2911300,46989500,5155696800,73371298000,3410.4767,3422.0398,3319.2889,3407.9638
112727000,3339.6324,2933800,40382500,5158630600,73411680500,3410.4767,3422.0398,3319.2889,3407.9638
112733000,3340.4272,5680200,59974900,5164310800,73471655400,3410.4767,3422.0398,3319.2889,3407.9638
112738000,3341.2644,3522200,49492800,5167833000,73521148200,3410.4767,3422.0398,3319.2889,3407.9638
112742000,3342.8722,4148400,54488500,5171981400,73575636700,3410.4767,3422.0398,3319.2889,3407.9638
112748000,3343.2312,4383300,57801800,5176364700,73633438500,3410.4767,3422.0398,3319.2889,3407.9638
112753000,3345.7109,5191600,74006400,5181556300,73707444900,3410.4767,3422.0398,3319.2889,3407.9638
112757000,3345.7772,4275300,63101300,5185831600,73770546200,3410.4767,3422.0398,3319.2889,3407.9638
112803000,3347.0884,3913900,53941900,5189745500,73824488100,3410.4767,3422.0398,3319.2889,3407.9638
112808000,3347.5925,2821100,44415000,5192566600,73868903100,3410.4767,3422.0398,3319.2889,3407.9638
112812000,3347.0914,2446600,36822700,5195013200,73905725800,3410.4767,3422.0398,3319.2889,3407.9638
112818000,3347.5107,2713100,32046600,5197726300,73937772400,3410.4767,3422.0398,3319.2889,3407.9638
112823000,3346.8879,3149300,39454800,5200875600,73977227200,3410.4767,3422.0398,3319.2889,3407.9638
112827000,3347.3262,3018900,37050100,5203894500,74014277300,3410.4767,3422.0398,3319.2889,3407.9638
112833000,3346.7746,2926200,43567700,5206820700,74057845000,3410.4767,3422.0398,3319.2889,3407.9638
112838000,3346.4171,1588900,25626600,5208409600,74083471600,3410.4767,3422.0398,3319.2889,3407.9638
112844000,3346.7947,2442000,43988300,5210851600,74127459900,3410.4767,3422.0398,3319.2889,3407.9638
112848000,3346.9215,2724600,36428200,5213576200,74163888100,3410.4767,3422.0398,3319.2889,3407.9638
112854000,3346.9291,2603200,28491100,5216179400,74192379200,3410.4767,3422.0398,3319.2889,3407.9638
112859000,3347.2104,2704500,39920500,5218883900,74232299700,3410.4767,3422.0398,3319.2889,3407.9638
112903000,3346.8043,1804700,29768700,5220688600,74262068400,3410.4767,3422.0398,3319.2889,3407.9638
112909000,3346.4603,3231400,34804800,5223920000,74296873200,3410.4767,3422.0398,3319.2889,3407.9638
112914000,3346.2853,2275900,30700100,5226195900,74327573300,3410.4767,3422.0398,3319.2889,3407.9638
112918000,3346.1399,1878300,27167700,5228074200,74354741000,3410.4767,3422.0398,3319.2889,3407.9638
112924000,3345.9817,1390500,25846700,5229464700,74380587700,3410.4767,3422.0398,3319.2889,3407.9638
112929000,3345.3799,1645900,30340500,5231110600,74410928200,3410.4767,3422.0398,3319.2889,3407.9638
112933000,3345.7142,1961700,29807800,5233072300,74440736000,3410.4767,3422.0398,3319.2889,3407.9638
112939000,3344.9058,2136000,26103000,5235208300,74466839000,3410.4767,3422.0398,3319.2889,3407.9638
112944000,3344.4224,1706300,26611500,5236914600,74493450500,3410.4767,3422.0398,3319.2889,3407.9638
112948000,3344.7926,2038500,19214900,5238953100,74512665400,3410.4767,3422.0398,3319.2889,3407.9638
112954000,3344.6493,1286200,20289200,5240239300,74532954600,3410.4767,3422.0398,3319.2889,3407.9638
112959000,3344.6679,1231000,21112400,5241470300,74554067000,3410.4767,3422.0398,3319.2889,3407.9638
113003000,3344.665,421800,6127300,5241892100,74560194300,3410.4767,3422.0398,3319.2889,3407.9638
130000000,3344.7844,483800,8973500,5242375900,74569167800,3410.4767,3422.0398,3319.2889,3407.9638
130005000,3345.3649,32416500,393354600,5274792400,74962522400,3410.4767,3422.0398,3319.2889,3407.9638
130009000,3346.0341,4639800,83050700,5279432200,75045573100,3410.4767,3422.0398,3319.2889,3407.9638
130015000,3346.0858,1280200,23866400,5280712400,75069439500,3410.4767,3422.0398,3319.2889,3407.9638
130020000,3346.4201,1534100,22799500,5282246500,75092239000,3410.4767,3422.0398,3319.2889,3407.9638
130024000,3346.2142,1473900,27892000,5283720400,75120131000,3410.4767,3422.0398,3319.2889,3407.9638
130030000,3346.4487,2113100,25945000,5285833500,75146076000,3410.4767,3422.0398,3319.2889,3407.9638
130035000,3345.9296,798000,13300800,5286631500,75159376800,3410.4767,3422.0398,3319.2889,3407.9638
130041000,3345.5551,1896600,30754500,5288528100,75190131300,3410.4767,3422.0398,3319.2889,3407.9638
130045000,3345.2498,1957100,32099500,5290485200,75222230800,3410.4767,3422.0398,3319.2889,3407.9638
130050000,3345.2952,1075300,17789700,5291560500,75240020500,3410.4767,3422.0398,3319.2889,3407.9638
130056000,3344.9551,2205700,29825200,5293766200,75269845700,3410.4767,3422.0398,3319.2889,3407.9638
130100000,3345.1296,3033000,32506000,5296799200,75302351700,3410.4767,3422.0398,3319.2889,3407.9638
130106000,3344.6294,1703000,19006300,5298502200,75321358000,3410.4767,3422.0398,3319.2889,3407.9638
130111000,3345.6348,1349600,21385500,5299851800,75342743500,3410.4767,3422.0398,3319.2889,3407.9638
130115000,3345.2759,1180800,16353400,5301032600,75359096900,3410.4767,3422.0398,3319.2889,3407.9638
130121000,3345.4797,1876000,16866300,5302908600,75375963200,3410.4767,3422.0398,3319.2889,3407.9638
130126000,3345.5031,1083700,17204600,5303992300,75393167800,3410.4767,3422.0398,3319.2889,3407.9638
130130000,3345.3941,1443000,20237000,5305435300,75413404800,3410.4767,3422.0398,3319.2889,3407.9638
130136000,3345.4076,1922400,14005600,5307357700,75427410400,3410.4767,3422.0398,3319.2889,3407.9638
130141000,3345.0672,1071800,18270000,5308429500,75445680400,3410.4767,3422.0398,3319.2889,3407.9638
130145000,3344.818,1788100,23800900,5310217600,75469481300,3410.4767,3422.0398,3319.2889,3407.9638
130151000,3344.27,980500,16058900,5311198100,75485540200,3410.4767,3422.0398,3319.2889,3407.9638
130156000,3344.7018,983900,17149600,5312182000,75502689800,3410.4767,3422.0398,3319.2889,3407.9638
130200000,3344.2879,2337600,30749300,5314519600,75533439100,3410.4767,3422.0398,3319.2889,3407.9638
130206000,3343.9115,1762900,25476100,5316282500,75558915200,3410.4767,3422.0398,3319.2889,3407.9638
130211000,3344.0244,1851600,27721600,5318134100,75586636800,3410.4767,3422.0398,3319.2889,3407.9638
130215000,3344.1254,1634200,23157500,5319768300,75609794300,3410.4767,3422.0398,3319.2889,3407.9638
130221000,3344.8161,1663300,24898700,5321431600,75634693000,3410.4767,3422.0398,3319.2889,3407.9638
130226000,3344.9076,1393700,21352500,5322825300,75656045500,3410.4767,3422.0398,3319.2889,3407.9638
130230000,3344.4409,1313200,21584700,5324138500,75677630200,3410.4767,3422.0398,3319.2889,3407.9638
130236000,3344.6557,1475200,18926300,5325613700,75696556500,3410.4767,3422.0398,3319.2889,3407.9638
130241000,3345.104,1031200,19508200,5326644900,75716064700,3410.4767,3422.0398,3319.2889,3407.9638
130245000,3344.955,1070000,21413200,5327714900,75737477900,3410.4767,3422.0398,3319.2889,3407.9638
130251000,3344.9151,1008500,13838700,5328723400,75751316600,3410.4767,3422.0398,3319.2889,3407.9638
130256000,3345.1799,1063000,18088700,5329786400,75769405300,3410.4767,3422.0398,3319.2889,3407.9638
130300000,3344.9586,1650800,25065400,5331437200,75794470700,3410.4767,3422.0398,3319.2889,3407.9638
130306000,3344.548,1694300,20317800,5333131500,75814788500,3410.4767,3422.0398,3319.2889,3407.9638
130311000,3344.8858,1554600,23714900,5334686100,75838503400,3410.4767,3422.0398,3319.2889,3407.9638
130316000,3345.3737,1305600,18210100,5335991700,75856713500,3410.4767,3422.0398,3319.2889,3407.9638
130321000,3345.3935,960600,14210000,5336952300,75870923500,3410.4767,3422.0398,3319.2889,3407.9638
130326000,3345.5619,1043300,18760500,5337995600,75889684000,3410.4767,3422.0398,3319.2889,3407.9638
130330000,3345.2872,1396200,19522300,5339391800,75909206300,3410.4767,3422.0398,3319.2889,3407.9638
130336000,3345.1977,1020000,20917000,5340411800,75930123300,3410.4767,3422.0398,3319.2889,3407.9638
130341000,3345.2786,1130800,22310700,5341542600,75952434000,3410.4767,3422.0398,3319.2889,3407.9638
130345000,3345.4148,1090100,15278900,5342632700,75967712900,3410.4767,3422.0398,3319.2889,3407.9638
130351000,3345.3041,1113800,15502500,5343746500,75983215400,3410.4767,3422.0398,3319.2889,3407.9638
130356000,3345.63,1071000,21357900,5344817500,76004573300,3410.4767,3422.0398,3319.2889,3407.9638
130401000,3345.6286,820900,16257900,5345638400,76020831200,3410.4767,3422.0398,3319.2889,3407.9638
130406000,3345.6839,1237900,18421800,5346876300,76039253000,3410.4767,3422.0398,3319.2889,3407.9638
130411000,3345.9042,1779100,24557800,5348655400,76063810800,3410.4767,3422.0398,3319.2889,3407.9638
130415000,3345.9484,944300,17354000,5349599700,76081164800,3410.4767,3422.0398,3319.2889,3407.9638
130421000,3345.8647,830500,16096700,5350430200,76097261500,3410.4767,3422.0398,3319.2889,3407.9638
130426000,3346.0654,1344500,18517500,5351774700,76115779000,3410.4767,3422.0398,3319.2889,3407.9638
130430000,3346.1172,1351700,23260800,5353126400,76139039800,3410.4767,3422.0398,3319.2889,3407.9638
130436000,3346.284,1055500,16528900,5354181900,76155568700,3410.4767,3422.0398,3319.2889,3407.9638
130442000,3345.7661,1335000,23537300,5355516900,76179106000,3410.4767,3422.0398,3319.2889,3407.9638
130447000,3346.2742,1382600,23324700,5356899500,76202430700,3410.4767,3422.0398,3319.2889,3407.9638
130451000,3345.8207,1249300,21241800,5358148800,76223672500,3410.4767,3422.0398,3319.2889,3407.9638
130456000,3346.0332,1191200,19481500,5359340000,76243154000,3410.4767,3422.0398,3319.2889,3407.9638
130502000,3345.1484,2373900,28837700,5361713900,76271991700,3410.4767,3422.0398,3319.2889,3407.9638
130506000,3344.8195,1709100,21349300,5363423000,76293341000,3410.4767,3422.0398,3319.2889,3407.9638
130512000,3345.0193,1931600,36065100,5365354600,76329406100,3410.4767,3422.0398,3319.2889,3407.9638
130517000,3344.9095,1827400,27449600,5367182000,76356855700,3410.4767,3422.0398,3319.2889,3407.9638
130521000,3344.7384,1228900,20765600,5368410900,76377621300,3410.4767,3422.0398,3319.2889,3407.9638
130527000,3345.0232,2168800,22859900,5370579700,76400481200,3410.4767,3422.0398,3319.2889,3407.9638
130532000,3344.6898,1505500,21800200,5372085200,76422281400,3410.4767,3422.0398,3319.2889,3407.9638
130536000,3344.9492,2211700,23463100,5374296900,76445744500,3410.4767,3422.0398,3319.2889,3407.9638
130542000,3345.137,1396400,19007100,5375693300,76464751600,3410.4767,3422.0398,3319.2889,3407.9638
130547000,3345.2029,2062400,29900700,5377755700,76494652300,3410.4767,3422.0398,3319.2889,3407.9638
130552000,3345.2477,1950200,22881300,5379705900,76517533600,3410.4767,3422.0398,3319.2889,3407.9638
130557000,3345.338,1186000,18922300,5380891900,76536455900,3410.4767,3422.0398,3319.2889,3407.9638
130602000,3345.4522,1579600,20574800,5382471500,76557030700,3410.4767,3422.0398,3319.2889,3407.9638
130606000,3345.4211,1969400,32309000,5384440900,76589339700,3410.4767,3422.0398,3319.2889,3407.9638
130612000,3345.2761,1502500,20232300,5385943400,76609572000,3410.4767,3422.0398,3319.2889,3407.9638
130617000,3345.6891,1586500,22307400,5387529900,76631879400,3410.4767,3422.0398,3319.2889,3407.9638
130621000,3345.7583,1582700,26296700,5389112600,76658176100,3410.4767,3422.0398,3319.2889,3407.9638
130627000,3345.7806,1469500,22978400,5390582100,76681154500,3410.4767,3422.0398,3319.2889,3407.9638
130632000,3346.2028,1810600,37357300,5392392700,76718511800,3410.4767,3422.0398,3319.2889,3407.9638
130636000,3347.2192,2385500,36036300,5394778200,76754548100,3410.4767,3422.0398,3319.2889,3407.9638
130642000,3347.1044,3105700,40265900,5397883900,76794814000,3410.4767,3422.0398,3319.2889,3407.9638
130647000,3348.3579,2176200,36031400,5400060100,76830845400,3410.4767,3422.0398,3319.2889,3407.9638
130652000,3349.6018,2975100,43679500,5403035200,76874524900,3410.4767,3422.0398,3319.2889,3407.9638
130657000,3350.2384,3176600,48181400,5406211800,76922706300,3410.4767,3422.0398,3319.2889,3407.9638
130702000,3350.8369,3471700,60629700,5409683500,76983336000,3410.4767,3422.0398,3319.2889,3407.9638
130706000,3351.7815,2888500,54384000,5412572000,77037720000,3410.4767,3422.0398,3319.2889,3407.9638
130712000,3352.1322,2198000,31341400,5414770000,77069061400,3410.4767,3422.0398,3319.2889,3407.9638
130717000,3352.3339,2226600,41245400,5416996600,77110306800,3410.4767,3422.0398,3319.2889,3407.9638
130722000,3352.7383,2623000,36792400,5419619600,77147099200,3410.4767,3422.0398,3319.2889,3407.9638
130727000,3352.8629,2008300,29534500,5421627900,77176633700,3410.4767,3422.0398,3319.2889,3407.9638
130732000,3353.5204,2165600,52698400,5423793500,77229332100,3410.4767,3422.0398,3319.2889,3407.9638
130737000,3353.4567,2011500,32195000,5425805000,77261527100,3410.4767,3422.0398,3319.2889,3407.9638
130742000,3354.0049,1290500,21443600,5427095500,77282970700,3410.4767,3422.0398,3319.2889,3407.9638
130747000,3354.7491,2577600,34269000,5429673100,77317239700,3410.4767,3422.0398,3319.2889,3407.9638
130752000,3354.9401,2800500,34872200,5432473600,77352111900,3410.4767,3422.0398,3319.2889,3407.9638
130757000,3354.9524,1977300,31001200,5434450900,77383113100,3410.4767,3422.0398,3319.2889,3407.9638
130802000,3355.5835,2352000,38457700,5436802900,77421570800,3410.4767,3422.0398,3319.2889,3407.9638
130806000,3355.38,2865600,50610500,5439668500,77472181300,3410.4767,3422.0398,3319.2889,3407.9638
130812000,3355.5043,1892300,25708400,5441560800,77497889700,3410.4767,3422.0398,3319.2889,3407.9638
130817000,3355.0985,1878300,30317900,5443439100,77528207600,3410.4767,3422.0398,3319.2889,3407.9638
130822000,3356.0413,3946300,50468500,5447385400,77578676100,3410.4767,3422.0398,3319.2889,3407.9638
130827000,3356.3137,3265600,42000300,5450651000,77620676400,3410.4767,3422.0398,3319.2889,3407.9638
130832000,3356.2036,2756400,38632200,5453407400,77659308600,3410.4767,3422.0398,3319.2889,3407.9638
130836000,3356.0137,2889900,43252000,5456297300,77702560600,3410.4767,3422.0398,3319.2889,3407.9638
130842000,3356.1173,2665800,32734600,5458963100,77735295200,3410.4767,3422.0398,3319.2889,3407.9638
130847000,3356.6302,1724100,31460700,5460687200,77766755900,3410.4767,3422.0398,3319.2889,3407.9638
130851000,3356.5293,3458600,41683600,5464145800,77808439500,3410.4767,3422.0398,3319.2889,3407.9638
130858000,3356.8708,3359500,35775400,5467505300,77844214900,3410.4767,3422.0398,3319.2889,3407.9638
130903000,3356.7276,2491900,29489400,5469997200,77873704300,3410.4767,3422.0398,3319.2889,3407.9638
130908000,3356.7582,3351700,41620500,5473348900,77915324800,3410.4767,3422.0398,3319.2889,3407.9638
130912000,3357.1122,3546400,41664300,5476895300,77956989100,3410.4767,3422.0398,3319.2889,3407.9638
130918000,3357.7852,3182400,25893000,5480077700,77982882100,3410.4767,3422.0398,3319.2889,3407.9638
130923000,3358.0631,4136000,49130500,5484213700,78032012600,3410.4767,3422.0398,3319.2889,3407.9638
130928000,3358.3282,3326900,40535800,5487540600,78072548400,3410.4767,3422.0398,3319.2889,3407.9638
130933000,3358.6693,3916900,42431500,5491457500,78114979900,3410.4767,3422.0398,3319.2889,3407.9638
130938000,3359.0773,5108000,38964400,5496565500,78153944300,3410.4767,3422.0398,3319.2889,3407.9638
130943000,3359.8907,3286100,38098500,5499851600,78192042800,3410.4767,3422.0398,3319.2889,3407.9638
130948000,3360.7528,3969300,37201000,5503820900,78229243800,3410.4767,3422.0398,3319.2889,3407.9638
130953000,3360.9347,3225800,42345100,5507046700,78271588900,3410.4767,3422.0398,3319.2889,3407.9638
130958000,3361.0485,3547300,40695500,5510594000,78312284400,3410.4767,3422.0398,3319.2889,3407.9638
131003000,3361.5459,3651100,41873800,5514245100,78354158200,3410.4767,3422.0398,3319.2889,3407.9638
131008000,3361.8677,3382100,44232900,5517627200,78398391100,3410.4767,3422.0398,3319.2889,3407.9638
131013000,3361.6535,2586600,39385100,5520213800,78437776200,3410.4767,3422.0398,3319.2889,3407.9638
131018000,3362.1135,3108400,34369300,5523322200,78472145500,3410.4767,3422.0398,3319.2889,3407.9638
131023000,3361.8743,2056200,32837600,5525378400,78504983100,3410.4767,3422.0398,3319.2889,3407.9638
131027000,3361.9591,2737900,33726000,5528116300,78538709100,3410.4767,3422.0398,3319.2889,3407.9638
131033000,3362.2208,2145500,30140800,5530261800,78568849900,3410.4767,3422.0398,3319.2889,3407.9638
131038000,3362.5906,1837300,26544300,5532099100,78595394200,3410.4767,3422.0398,3319.2889,3407.9638
131043000,3362.3945,3555600,33162600,5535654700,78628556800,3410.4767,3422.0398,3319.2889,3407.9638
131048000,3362.7885,1519000,25981500,5537173700,78654538300,3410.4767,3422.0398,3319.2889,3407.9638
131053000,3362.8592,3961700,40344900,5541135400,78694883200,3410.4767,3422.0398,3319.2889,3407.9638
131057000,3362.5135,2244900,34865600,5543380300,78729748800,3410.4767,3422.0398,3319.2889,3407.9638
131103000,3362.6086,2427700,31131000,5545808000,78760879800,3410.4767,3422.0398,3319.2889,3407.9638
131108000,3362.4703,1816600,32350200,5547624600,78793230000,3410.4767,3422.0398,3319.2889,3407.9638
131113000,3362.7513,2776600,34739600,5550401200,78827969600,3410.4767,3422.0398,3319.2889,3407.9638
131118000,3361.9559,1625500,28085100,5552026700,78856054700,3410.4767,3422.0398,3319.2889,3407.9638
131123000,3362.4206,1560100,28390900,5553586800,78884445600,3410.4767,3422.0398,3319.2889,3407.9638
131128000,3362.3712,1689400,28084500,5555276200,78912530100,3410.4767,3422.0398,3319.2889,3407.9638
131133000,3362.4171,1657300,23522600,5556933500,78936052700,3410.4767,3422.0398,3319.2889,3407.9638
131138000,3361.9861,2408800,37199600,5559342300,78973252300,3410.4767,3422.0398,3319.2889,3407.9638
131142000,3362.5167,1442100,25225900,5560784400,78998478200,3410.4767,3422.0398,3319.2889,3407.9638
131148000,3362.2219,1314800,26622200,5562099200,79025100400,3410.4767,3422.0398,3319.2889,3407.9638
131153000,3361.8286,1492800,26253900,5563592000,79051354300,3410.4767,3422.0398,3319.2889,3407.9638
131158000,3362.0756,2212400,29990500,5565804400,79081344800,3410.4767,3422.0398,3319.2889,3407.9638
131203000,3362.2514,1448500,20601700,5567252900,79101946500,3410.4767,3422.0398,3319.2889,3407.9638
131208000,3361.6443,3344700,33457300,5570597600,79135403800,3410.4767,3422.0398,3319.2889,3407.9638
131213000,3361.9359,1801100,28385900,5572398700,79163789700,3410.4767,3422.0398,3319.2889,3407.9638
131218000,3361.5225,2754000,30005200,5575152700,79193794900,3410.4767,3422.0398,3319.2889,3407.9638
131223000,3361.9207,1640200,29197400,5576792900,79222992300,3410.4767,3422.0398,3319.2889,3407.9638
131228000,3361.8673,2121300,38785300,5578914200,79261777600,3410.4767,3422.0398,3319.2889,3407.9638
131233000,3361.814,1618000,21324100,5580532200,79283101700,3410.4767,3422.0398,3319.2889,3407.9638
131238000,3361.8987,1500800,20923600,5582033000,79304025300,3410.4767,3422.0398,3319.2889,3407.9638
131243000,3361.7046,1452000,21815600,5583485000,79325840900,3410.4767,3422.0398,3319.2889,3407.9638
131248000,3362.1967,2626400,34553200,5586111400,79360394100,3410.4767,3422.0398,3319.2889,3407.9638
131253000,3362.7966,2046800,32026800,5588158200,79392420900,3410.4767,3422.0398,3319.2889,3407.9638
131258000,3362.7488,2392600,37629500,5590550800,79430050400,3410.4767,3422.0398,3319.2889,3407.9638
131303000,3363.4343,2889900,45065700,5593440700,79475116100,3410.4767,3422.0398,3319.2889,3407.9638
131309000,3363.4063,2593700,42822400,5596034400,79517938500,3410.4767,3422.0398,3319.2889,3407.9638
131314000,3363.4586,2009000,33249700,5598043400,79551188200,3410.4767,3422.0398,3319.2889,3407.9638
131318000,3363.6927,1709200,31834000,5599752600,79583022200,3410.4767,3422.0398,3319.2889,3407.9638
131324000,3363.6957,1518200,25130700,5601270800,79608152900,3410.4767,3422.0398,3319.2889,3407.9638
131329000,3364.2688,1861000,30001600,5603131800,79638154500,3410.4767,3422.0398,3319.2889,3407.9638
131334000,3364.3024,1935400,29817300,5605067200,79667971800,3410.4767,3422.0398,3319.2889,3407.9638
131339000,3364.3863,1614600,30397800,5606681800,79698369600,3410.4767,3422.0398,3319.2889,3407.9638
131344000,3364.6602,2059500,34846700,5608741300,79733216300,3410.4767,3422.0398,3319.2889,3407.9638
131348000,3364.5742,1638900,29334700,5610380200,79762551000,3410.4767,3422.0398,3319.2889,3407.9638
131354000,3364.6103,1832100,23853300,5612212300,79786404300,3410.4767,3422.0398,3319.2889,3407.9638
131359000,3364.7872,2784700,48850500,5614997000,79835254800,3410.4767,3422.0398,3319.2889,3407.9638
131404000,3364.448,5527900,47542200,5620524900,79882797000,3410.4767,3422.0398,3319.2889,3407.9638
131409000,3365.268,1914900,28842500,5622439800,79911639500,3410.4767,3422.0398,3319.2889,3407.9638
131414000,3365.5648,2144900,34964400,5624584700,79946603900,3410.4767,3422.0398,3319.2889,3407.9638
131419000,3365.431,3439000,37201000,5628023700,79983804900,3410.4767,3422.0398,3319.2889,3407.9638
131424000,3365.8301,1892800,26786100,5629916500,80010591000,3410.4767,3422.0398,3319.2889,3407.9638
131429000,3366.9178,2417700,40290900,5632334200,80050881900,3410.4767,3422.0398,3319.2889,3407.9638
131434000,3367.1946,3827900,48784400,5636162100,80099666300,3410.4767,3422.0398,3319.2889,3407.9638
131439000,3367.5325,2932100,42499900,5639094200,80142166200,3410.4767,3422.0398,3319.2889,3407.9638
131444000,3368.4235,3423000,48461900,5642517200,80190628100,3410.4767,3422.0398,3319.2889,3407.9638
131449000,3368.4727,3276900,48120500,5645794100,80238748600,3410.4767,3422.0398,3319.2889,3407.9638
131454000,3369.0991,2589700,39232300,5648383800,80277980900,3410.4767,3422.0398,3319.2889,3407.9638
131459000,3369.4729,3910700,53007700,5652294500,80330988600,3410.4767,3422.0398,3319.2889,3407.9638
131504000,3369.9304,5080100,60515600,5657374600,80391504200,3410.4767,3422.0398,3319.2889,3407.9638
131509000,3369.8567,3608400,45223500,5660983000,80436727700,3410.4767,3422.0398,3319.2889,3407.9638
131514000,3369.7602,2945700,46278100,5663928700,80483005800,3410.4767,3422.0398,3319.2889,3407.9638
131519000,3370.173,3375000,49420400,5667303700,80532426200,3410.4767,3422.0398,3319.2889,3407.9638
131524000,3371.076,3594100,38714500,5670897800,80571140700,3410.4767,3422.0398,3319.2889,3407.9638
131529000,3370.7851,2130800,32473900,5673028600,80603614600,3410.4767,3422.0398,3319.2889,3407.9638
131534000,3370.7548,3437800,41874200,5676466400,80645488800,3410.4767,3422.0398,3319.2889,3407.9638
131539000,3371.2527,2194200,29526900,5678660600,80675015700,3410.4767,3422.0398,3319.2889,3407.9638
131544000,3371.5249,3207600,35613700,5681868200,80710629400,3410.4767,3422.0398,3319.2889,3407.9638
131549000,3371.4776,2799800,35927900,5684668000,80746557300,3410.4767,3422.0398,3319.2889,3407.9638
131554000,3371.5173,1986000,27560300,5686654000,80774117600,3410.4767,3422.0398,3319.2889,3407.9638
131559000,3371.6443,2390400,29348200,5689044400,80803465800,3410.4767,3422.0398,3319.2889,3407.9638
131604000,3371.5225,4276900,46321900,5693321300,80849787700,3410.4767,3422.0398,3319.2889,3407.9638
131609000,3371.1739,3096300,33253100,5696417600,80883040800,3410.4767,3422.0398,3319.2889,3407.9638
131614000,3371.3482,2182500,31244800,5698600100,80914285600,3410.4767,3422.0398,3319.2889,3407.9638
131619000,3371.7815,2642000,36410400,5701242100,80950696000,3410.4767,3422.0398,3319.2889,3407.9638
131624000,3371.8447,1945700,32359200,5703187800,80983055200,3410.4767,3422.0398,3319.2889,3407.9638
131629000,3371.7351,2818900,36432400,5706006700,81019487600,3410.4767,3422.0398,3319.2889,3407.9638
131634000,3371.1115,2994200,39462100,5709000900,81058949700,3410.4767,3422.0398,3319.2889,3407.9638
131639000,3371.3877,2947800,30664400,5711948700,81089614100,3410.4767,3422.0398,3319.2889,3407.9638
131644000,3370.9031,1987600,27644700,5713936300,81117258800,3410.4767,3422.0398,3319.2889,3407.9638
131649000,3370.6053,3109900,42451000,5717046200,81159709800,3410.4767,3422.0398,3319.2889,3407.9638
131654000,3370.1046,2567200,34986200,5719613400,81194696000,3410.4767,3422.0398,3319.2889,3407.9638
131659000,3370.4738,2114700,35601400,5721728100,81230297400,3410.4767,3422.0398,3319.2889,3407.9638
131704000,3370.3505,2118800,27274700,5723846900,81257572100,3410.4767,3422.0398,3319.2889,3407.9638
131709000,3370.51,1941800,30120100,5725788700,81287692200,3410.4767,3422.0398,3319.2889,3407.9638
131714000,3370.3698,2983900,33098500,5728772600,81320790700,3410.4767,3422.0398,3319.2889,3407.9638
131720000,3370.0502,2572900,38207600,5731345500,81358998300,3410.4767,3422.0398,3319.2889,3407.9638
131724000,3369.6737,1909400,20336600,5733254900,81379334900,3410.4767,3422.0398,3319.2889,3407.9638
131730000,3370.2036,1891000,29668600,5735145900,81409003500,3410.4767,3422.0398,3319.2889,3407.9638
131735000,3369.8722,2164100,30044500,5737310000,81439048000,3410.4767,3422.0398,3319.2889,3407.9638
131740000,3369.6983,1790600,27746900,5739100600,81466794900,3410.4767,3422.0398,3319.2889,3407.9638
131745000,3369.6653,1102400,22433700,5740203000,81489228600,3410.4767,3422.0398,3319.2889,3407.9638
131750000,3369.5245,1786500,24305600,5741989500,81513534200,3410.4767,3422.0398,3319.2889,3407.9638
131754000,3369.4522,3089700,32418100,5745079200,81545952300,3410.4767,3422.0398,3319.2889,3407.9638
131800000,3369.3649,1649300,24262400,5746728500,81570214700,3410.4767,3422.0398,3319.2889,3407.9638
131805000,3368.9212,2335600,30025800,5749064100,81600240500,3410.4767,3422.0398,3319.2889,3407.9638
131810000,3368.3987,1356500,21865500,5750420600,81622106000,3410.4767,3422.0398,3319.2889,3407.9638
131815000,3367.9778,1814900,22826600,5752235500,81644932600,3410.4767,3422.0398,3319.2889,3407.9638
131820000,3368.0658,2247700,28787100,5754483200,81673719700,3410.4767,3422.0398,3319.2889,3407.9638
131825000,3368.3145,1652900,26294500,5756136100,81700014200,3410.4767,3422.0398,3319.2889,3407.9638
131830000,3368.2111,1920600,24139900,5758056700,81724154100,3410.4767,3422.0398,3319.2889,3407.9638
131835000,3368.3444,1836400,27980400,5759893100,81752134500,3410.4767,3422.0398,3319.2889,3407.9638
131840000,3368.0508,1914300,23934900,5761807400,81776069400,3410.4767,3422.0398,3319.2889,3407.9638
131845000,3367.7726,1599400,23632600,5763406800,81799702000,3410.4767,3422.0398,3319.2889,3407.9638
131850000,3367.7824,1261200,21533500,5764668000,81821235500,3410.4767,3422.0398,3319.2889,3407.9638
131855000,3367.8159,1317000,22780700,5765985000,81844016200,3410.4767,3422.0398,3319.2889,3407.9638
131900000,3367.6895,1478800,22798700,5767463800,81866814900,3410.4767,3422.0398,3319.2889,3407.9638
131905000,3367.4863,2168600,30081100,5769632400,81896896000,3410.4767,3422.0398,3319.2889,3407.9638
131909000,3366.956,1561800,24356500,5771194200,81921252500,3410.4767,3422.0398,3319.2889,3407.9638
131915000,3366.636,1224600,19230000,5772418800,81940482500,3410.4767,3422.0398,3319.2889,3407.9638
131920000,3366.9454,1584400,24303000,5774003200,81964785500,3410.4767,3422.0398,3319.2889,3407.9638
131925000,3366.9738,1504500,22596900,5775507700,81987382400,3410.4767,3422.0398,3319.2889,3407.9638
131930000,3366.9913,1045200,17306600,5776552900,82004689000,3410.4767,3422.0398,3319.2889,3407.9638
131935000,3366.599,1410700,23687600,5777963600,82028376600,3410.4767,3422.0398,3319.2889,3407.9638
131940000,3366.5597,1193800,21155500,5779157400,82049532100,3410.4767,3422.0398,3319.2889,3407.9638
131945000,3366.3867,1182400,19539700,5780339800,82069071800,3410.4767,3422.0398,3319.2889,3407.9638
131950000,3366.6407,1372400,21569400,5781712200,82090641200,3410.4767,3422.0398,3319.2889,3407.9638
131955000,3366.5849,1418200,24985800,5783130400,82115627000,3410.4767,3422.0398,3319.2889,3407.9638
132000000,3366.7557,1481200,25039500,5784611600,82140666500,3410.4767,3422.0398,3319.2889,3407.9638
132005000,3366.3231,1529100,28395900,5786140700,82169062400,3410.4767,3422.0398,3319.2889,3407.9638
132010000,3366.4066,2014600,28705100,5788155300,82197767500,3410.4767,3422.0398,3319.2889,3407.9638
132015000,3366.0601,3264800,30102000,5791420100,82227869500,3410.4767,3422.0398,3319.2889,3407.9638
132020000,3365.8639,2584200,29775900,5794004300,82257645400,3410.4767,3422.0398,3319.2889,3407.9638
132025000,3365.8892,2200400,22125700,5796204700,82279771100,3410.4767,3422.0398,3319.2889,3407.9638
132030000,3366.0494,1386500,18462600,5797591200,82298233700,3410.4767,3422.0398,3319.2889,3407.9638
132035000,3365.7751,1330000,22243300,5798921200,82320477000,3410.4767,3422.0398,3319.2889,3407.9638
132040000,3365.5594,1267700,23648800,5800188900,82344125800,3410.4767,3422.0398,3319.2889,3407.9638
132045000,3365.4819,1556400,22288300,5801745300,82366414100,3410.4767,3422.0398,3319.2889,3407.9638
132050000,3365.3905,2645600,27256000,5804390900,82393670100,3410.4767,3422.0398,3319.2889,3407.9638
132055000,3365.3881,1370200,22550100,5805761100,82416220200,3410.4767,3422.0398,3319.2889,3407.9638
132100000,3365.0478,2677200,32450100,5808438300,82448670300,3410.4767,3422.0398,3319.2889,3407.9638
132105000,3364.5492,1724000,25409300,5810162300,82474079600,3410.4767,3422.0398,3319.2889,3407.9638
132110000,3364.5237,1798300,26413400,5811960600,82500493000,3410.4767,3422.0398,3319.2889,3407.9638
132115000,3364.5144,2013000,22947600,5813973600,82523440600,3410.4767,3422.0398,3319.2889,3407.9638
132120000,3364.1194,3593200,30651500,5817566800,82554092100,3410.4767,3422.0398,3319.2889,3407.9638
132126000,3364.3069,1675500,27879400,5819242300,82581971500,3410.4767,3422.0398,3319.2889,3407.9638
132131000,3363.8705,1788400,24887900,5821030700,82606859400,3410.4767,3422.0398,3319.2889,3407.9638
132136000,3363.6915,1773800,21804700,5822804500,82628664100,3410.4767,3422.0398,3319.2889,3407.9638
132141000,3363.6995,1960800,27258200,5824765300,82655922300,3410.4767,3422.0398,3319.2889,3407.9638
132145000,3363.6636,2091100,24600800,5826856400,82680523100,3410.4767,3422.0398,3319.2889,3407.9638
132151000,3363.8219,1136100,16456200,5827992500,82696979300,3410.4767,3422.0398,3319.2889,3407.9638
132156000,3363.8791,1073700,17258800,5829066200,82714238100,3410.4767,3422.0398,3319.2889,3407.9638
132201000,3363.2721,1541600,25188600,5830607800,82739426700,3410.4767,3422.0398,3319.2889,3407.9638
132206000,3363.3087,1617800,21275500,5832225600,82760702200,3410.4767,3422.0398,3319.2889,3407.9638
132211000,3362.9048,1352900,22580900,5833578500,82783283100,3410.4767,3422.0398,3319.2889,3407.9638
132216000,3363.0145,1841700,29391200,5835420200,82812674300,3410.4767,3422.0398,3319.2889,3407.9638
132221000,3362.7262,1752800,26980400,5837173000,82839654700,3410.4767,3422.0398,3319.2889,3407.9638
132226000,3363.0896,1649300,24986200,5838822300,82864640900,3410.4767,3422.0398,3319.2889,3407.9638
132231000,3362.9549,1600100,30318400,5840422400,82894959300,3410.4767,3422.0398,3319.2889,3407.9638
132236000,3362.7708,1265600,22344200,5841688000,82917303500,3410.4767,3422.0398,3319.2889,3407.9638
132241000,3362.6571,1253500,23752100,5842941500,82941055600,3410.4767,3422.0398,3319.2889,3407.9638
132246000,3362.6367,2439800,35671300,5845381300,82976726900,3410.4767,3422.0398,3319.2889,3407.9638
132251000,3362.519,2109200,26120300,5847490500,83002847200,3410.4767,3422.0398,3319.2889,3407.9638
132256000,3362.5417,1438800,20959000,5848929300,83023806200,3410.4767,3422.0398,3319.2889,3407.9638
132301000,3362.3853,1594400,25053100,5850523700,83048859300,3410.4767,3422.0398,3319.2889,3407.9638
132306000,3362.5149,1882600,28707600,5852406300,83077566900,3410.4767,3422.0398,3319.2889,3407.9638
132311000,3362.8452,1851700,28359600,5854258000,83105926500,3410.4767,3422.0398,3319.2889,3407.9638
132316000,3362.3846,1974300,31937700,5856232300,83137864200,3410.4767,3422.0398,3319.2889,3407.9638
132321000,3362.3849,1493100,22010800,5857725400,83159875000,3410.4767,3422.0398,3319.2889,3407.9638
132326000,3362.6619,1571600,34211200,5859297000,83194086200,3410.4767,3422.0398,3319.2889,3407.9638
132331000,3362.6293,1599700,25171100,5860896700,83219257300,3410.4767,3422.0398,3319.2889,3407.9638
132336000,3362.8747,1539500,23951100,5862436200,83243208400,3410.4767,3422.0398,3319.2889,3407.9638
132341000,3362.2959,1476300,33938000,5863912500,83277146400,3410.4767,3422.0398,3319.2889,3407.9638
132346000,3362.4971,1075100,23525000,5864987600,83300671400,3410.4767,3422.0398,3319.2889,3407.9638
132351000,3362.6423,1253000,17789500,5866240600,83318460900,3410.4767,3422.0398,3319.2889,3407.9638
132356000,3362.292,1644500,29478300,5867885100,83347939200,3410.4767,3422.0398,3319.2889,3407.9638
132401000,3362.3276,1702700,31302700,5869587800,83379241900,3410.4767,3422.0398,3319.2889,3407.9638
132406000,3362.8537,1687600,36610800,5871275400,83415852700,3410.4767,3422.0398,3319.2889,3407.9638
132411000,3362.3367,1620700,30016900,5872896100,83445869600,3410.4767,3422.0398,3319.2889,3407.9638
132416000,3362.577,1357500,23954100,5874253600,83469823700,3410.4767,3422.0398,3319.2889,3407.9638
132421000,3362.0813,1537200,22691900,5875790800,83492515600,3410.4767,3422.0398,3319.2889,3407.9638
132426000,3362.139,2090600,32071300,5877881400,83524586900,3410.4767,3422.0398,3319.2889,3407.9638
132431000,3361.7383,1519000,26350000,5879400400,83550936900,3410.4767,3422.0398,3319.2889,3407.9638
132436000,3362.046,1178000,22554700,5880578400,83573491600,3410.4767,3422.0398,3319.2889,3407.9638
132441000,3362.238,1942000,29333400,5882520400,83602825000,3410.4767,3422.0398,3319.2889,3407.9638
132446000,3362.7483,1747500,24533100,5884267900,83627358100,3410.4767,3422.0398,3319.2889,3407.9638
132451000,3362.5711,1255700,20840800,5885523600,83648198900,3410.4767,3422.0398,3319.2889,3407.9638
132456000,3362.2444,1870200,25798600,5887393800,83673997500,3410.4767,3422.0398,3319.2889,3407.9638
132501000,3362.9661,1481500,26052500,5888875300,83700050000,3410.4767,3422.0398,3319.2889,3407.9638
132506000,3362.5062,2117700,29607500,5890993000,83729657500,3410.4767,3422.0398,3319.2889,3407.9638
132511000,3362.644,1514600,22714200,5892507600,83752371700,3410.4767,3422.0398,3319.2889,3407.9638
132516000,3362.3041,1350800,21763600,5893858400,83774135300,3410.4767,3422.0398,3319.2889,3407.9638
132521000,3362.2712,1588800,23738800,5895447200,83797874100,3410.4767,3422.0398,3319.2889,3407.9638
132526000,3363.1625,1561000,24184400,5897008200,83822058500,3410.4767,3422.0398,3319.2889,3407.9638
132532000,3362.6176,1768200,28715800,5898776400,83850774300,3410.4767,3422.0398,3319.2889,3407.9638
132536000,3362.9008,958200,15799400,5899734600,83866573700,3410.4767,3422.0398,3319.2889,3407.9638
132542000,3362.4582,2020400,26282700,5901755000,83892856400,3410.4767,3422.0398,3319.2889,3407.9638
132547000,3362.6,1339200,22412200,5903094200,83915268600,3410.4767,3422.0398,3319.2889,3407.9638
132552000,3362.4187,1406800,23729700,5904501000,83938998300,3410.4767,3422.0398,3319.2889,3407.9638
132557000,3362.559,1117900,15838300,5905618900,83954836600,3410.4767,3422.0398,3319.2889,3407.9638
132602000,3362.5928,1511500,23994000,5907130400,83978830600,3410.4767,3422.0398,3319.2889,3407.9638
132607000,3362.6852,1268100,22078000,5908398500,84000908600,3410.4767,3422.0398,3319.2889,3407.9638
132612000,3361.9655,1580500,25667200,5909979000,84026575800,3410.4767,3422.0398,3319.2889,3407.9638
132617000,3361.9291,1437300,21611400,5911416300,84048187200,3410.4767,3422.0398,3319.2889,3407.9638
132622000,3361.7503,1492000,24032300,5912908300,84072219500,3410.4767,3422.0398,3319.2889,3407.9638
132627000,3361.5145,1285200,18544600,5914193500,84090764100,3410.4767,3422.0398,3319.2889,3407.9638
132632000,3361.8238,1496900,24905600,5915690400,84115669700,3410.4767,3422.0398,3319.2889,3407.9638
132637000,3361.9274,1486200,19113800,5917176600,84134783500,3410.4767,3422.0398,3319.2889,3407.9638
132642000,3361.5705,1140800,19007700,5918317400,84153791200,3410.4767,3422.0398,3319.2889,3407.9638
132647000,3361.8131,1512400,23482100,5919829800,84177273300,3410.4767,3422.0398,3319.2889,3407.9638
132652000,3361.7868,1107800,19761100,5920937600,84197034400,3410.4767,3422.0398,3319.2889,3407.9638
132657000,3361.6243,1333100,17677800,5922270700,84214712200,3410.4767,3422.0398,3319.2889,3407.9638
132702000,3361.6036,1406600,22969900,5923677300,84237682100,3410.4767,3422.0398,3319.2889,3407.9638
132707000,3361.4754,947600,18142200,5924624900,84255824300,3410.4767,3422.0398,3319.2889,3407.9638
132712000,3361.5131,1931500,19660500,5926556400,84275484800,3410.4767,3422.0398,3319.2889,3407.9638
132717000,3361.6048,1792700,24699000,5928349100,84300183800,3410.4767,3422.0398,3319.2889,3407.9638
132722000,3361.5358,1397600,21588700,5929746700,84321772500,3410.4767,3422.0398,3319.2889,3407.9638
132727000,3362.2748,1594300,25101200,5931341000,84346873700,3410.4767,3422.0398,3319.2889,3407.9638
132732000,3362.6849,2388800,41664800,5933729800,84388538500,3410.4767,3422.0398,3319.2889,3407.9638
132737000,3364.335,3731000,59073900,5937460800,84447612400,3410.4767,3422.0398,3319.2889,3407.9638
132742000,3364.7458,3747800,54482600,5941208600,84502095000,3410.4767,3422.0398,3319.2889,3407.9638
132747000,3366.1613,4341300,78819000,5945549900,84580914000,3410.4767,3422.0398,3319.2889,3407.9638
132752000,3366.9014,3374600,60573000,5948924500,84641487000,3410.4767,3422.0398,3319.2889,3407.9638
132757000,3367.2318,3430800,47225900,5952355300,84688712900,3410.4767,3422.0398,3319.2889,3407.9638
132802000,3367.351,2809500,41647200,5955164800,84730360100,3410.4767,3422.0398,3319.2889,3407.9638
132807000,3368.0138,3175800,51635100,5958340600,84781995200,3410.4767,3422.0398,3319.2889,3407.9638
132812000,3367.7771,2073200,30922500,5960413800,84812917700,3410.4767,3422.0398,3319.2889,3407.9638
132817000,3367.9827,3087100,43267100,5963500900,84856184800,3410.4767,3422.0398,3319.2889,3407.9638
132822000,3368.3012,3488000,63377300,5966988900,84919562100,3410.4767,3422.0398,3319.2889,3407.9638
132827000,3369.8321,2644500,32137200,5969633400,84951699300,3410.4767,3422.0398,3319.2889,3407.9638
132832000,3370.5346,4316500,62148400,5973949900,85013847700,3410.4767,3422.0398,3319.2889,3407.9638
132837000,3371.9249,5788300,65131200,5979738200,85078978900,3410.4767,3422.0398,3319.2889,3407.9638
132842000,3372.6202,4083700,52092400,5983821900,85131071300,3410.4767,3422.0398,3319.2889,3407.9638
132847000,3373.6214,5972600,90826800,5989794500,85221898100,3410.4767,3422.0398,3319.2889,3407.9638
132852000,3374.9279,9550900,99211000,5999345400,85321109100,3410.4767,3422.0398,3319.2889,3407.9638
132857000,3375.7586,4225800,66705400,6003571200,85387814500,3410.4767,3422.0398,3319.2889,3407.9638
132902000,3376.4962,4983400,71365000,6008554600,85459179500,3410.4767,3422.0398,3319.2889,3407.9638
132907000,3377.1657,6797500,89179300,6015352100,85548358800,3410.4767,3422.0398,3319.2889,3407.9638
132912000,3377.1117,6526200,66901600,6021878300,85615260400,3410.4767,3422.0398,3319.2889,3407.9638
132917000,3377.3056,5179600,69106500,6027057900,85684366900,3410.4767,3422.0398,3319.2889,3407.9638
132922000,3378.9132,6642100,70649100,6033700000,85755016000,3410.4767,3422.0398,3319.2889,3407.9638
132927000,3377.6742,4907600,57073400,6038607600,85812089400,3410.4767,3422.0398,3319.2889,3407.9638
132932000,3377.8124,4834500,54474800,6043442100,85866564200,3410.4767,3422.0398,3319.2889,3407.9638
132937000,3378.2488,5916300,50793600,6049358400,85917357800,3410.4767,3422.0398,3319.2889,3407.9638
132943000,3378.3543,5207200,60664800,6054565600,85978022600,3410.4767,3422.0398,3319.2889,3407.9638
132948000,3378.8413,4010700,42624200,6058576300,86020646800,3410.4767,3422.0398,3319.2889,3407.9638
132953000,3378.9596,3732600,48924500,6062308900,86069571300,3410.4767,3422.0398,3319.2889,3407.9638
132958000,3379.4831,3705000,54840900,6066013900,86124412200,3410.4767,3422.0398,3319.2889,3407.9638
133003000,3379.8042,4343200,54308000,6070357100,86178720200,3410.4767,3422.0398,3319.2889,3407.9638
133008000,3380.5837,8682300,71136300,6079039400,86249856500,3410.4767,3422.0398,3319.2889,3407.9638
133013000,3380.7726,4886000,61390500,6083925400,86311247000,3410.4767,3422.0398,3319.2889,3407.9638
133018000,3381.9036,3731600,48120600,6087657000,86359367600,3410.4767,3422.0398,3319.2889,3407.9638
133023000,3381.9177,3440800,48994900,6091097800,86408362500,3410.4767,3422.0398,3319.2889,3407.9638
133028000,3382.7772,3628800,51163900,6094726600,86459526400,3410.4767,3422.0398,3319.2889,3407.9638
133033000,3382.5187,3755600,50525000,6098482200,86510051400,3410.4767,3422.0398,3319.2889,3407.9638
133038000,3382.8624,5407100,59201700,6103889300,86569253100,3410.4767,3422.0398,3319.2889,3407.9638
133043000,3382.8417,5605300,74786800,6109494600,86644039900,3410.4767,3422.0398,3319.2889,3407.9638
133048000,3383.4503,3775900,50445200,6113270500,86694485100,3410.4767,3422.0398,3319.2889,3407.9638
133053000,3383.9878,5797900,59034600,6119068400,86753519700,3410.4767,3422.0398,3319.2889,3407.9638
133058000,3384.2946,4728100,54204300,6123796500,86807724000,3410.4767,3422.0398,3319.2889,3407.9638
133103000,3384.3795,4481900,53793400,6128278400,86861517400,3410.4767,3422.0398,3319.2889,3407.9638
133108000,3385.8102,5952000,63815200,6134230400,86925332600,3410.4767,3422.0398,3319.2889,3407.9638
133113000,3385.7689,6145000,61162300,6140375400,86986494900,3410.4767,3422.0398,3319.2889,3407.9638
133118000,3385.7682,4998800,48760900,6145374200,87035255800,3410.4767,3422.0398,3319.2889,3407.9638
133123000,3385.9677,4842600,51500500,6150216800,87086756300,3410.4767,3422.0398,3319.2889,3407.9638
133128000,3386.6826,3782100,71549600,6153998900,87158305900,3410.4767,3422.0398,3319.2889,3407.9638
133133000,3387.1917,4168900,51118200,6158167800,87209424100,3410.4767,3422.0398,3319.2889,3407.9638
133138000,3387.5917,4924100,63799300,6163091900,87273223400,3410.4767,3422.0398,3319.2889,3407.9638
133143000,3388.1544,4673800,68607800,6167765700,87341831200,3410.4767,3422.0398,3319.2889,3407.9638
133148000,3388.1604,4708000,80421900,6172473700,87422253100,3410.4767,3422.0398,3319.2889,3407.9638
133153000,3388.2897,6616600,66048400,6179090300,87488301500,3410.4767,3422.0398,3319.2889,3407.9638
133158000,3388.9487,5800000,65009800,6184890300,87553311300,3410.4767,3422.0398,3319.2889,3407.9638
133203000,3389.5554,5443600,76178000,6190333900,87629489300,3410.4767,3422.0398,3319.2889,3407.9638
133208000,3389.7305,3742700,51593900,6194076600,87681083200,3410.4767,3422.0398,3319.2889,3407.9638
133213000,3389.3677,3822000,58360400,6197898600,87739443600,3410.4767,3422.0398,3319.2889,3407.9638
133218000,3389.6291,3209300,47503500,6201107900,87786947100,3410.4767,3422.0398,3319.2889,3407.9638
133223000,3389.5006,3428400,50961900,6204536300,87837909000,3410.4767,3422.0398,3319.2889,3407.9638
133228000,3389.9035,4014000,60684100,6208550300,87898593100,3410.4767,3422.0398,3319.2889,3407.9638
133233000,3390.115,2916200,46316900,6211466500,87944910000,3410.4767,3422.0398,3319.2889,3407.9638
133238000,3390.014,3694800,64988000,6215161300,88009898000,3410.4767,3422.0398,3319.2889,3407.9638
133243000,3390.0191,3827300,54600800,6218988600,88064498800,3410.4767,3422.0398,3319.2889,3407.9638
133248000,3390.0813,2774900,41686800,6221763500,88106185600,3410.4767,3422.0398,3319.2889,3407.9638
133253000,3390.964,3816600,57868000,6225580100,88164053600,3410.4767,3422.0398,3319.2889,3407.9638
133258000,3390.8723,4511000,55836900,6230091100,88219890500,3410.4767,3422.0398,3319.2889,3407.9638
133303000,3390.3757,3185500,41687600,6233276600,88261578100,3410.4767,3422.0398,3319.2889,3407.9638
133308000,3390.613,2771800,50231300,6236048400,88311809400,3410.4767,3422.0398,3319.2889,3407.9638
133313000,3390.7425,4035200,64710300,6240083600,88376519700,3410.4767,3422.0398,3319.2889,3407.9638
133318000,3390.9374,3554900,40763000,6243638500,88417282700,3410.4767,3422.0398,3319.2889,3407.9638
133323000,3390.9595,3550600,57530200,6247189100,88474812900,3410.4767,3422.0398,3319.2889,3407.9638
133328000,3391.0217,3125700,47804400,6250314800,88522617300,3410.4767,3422.0398,3319.2889,3407.9638
133333000,3390.6259,3060600,44057600,6253375400,88566674900,3410.4767,3422.0398,3319.2889,3407.9638
133338000,3390.8449,3410600,47343900,6256786000,88614018800,3410.4767,3422.0398,3319.2889,3407.9638
133343000,3390.8603,4044000,60765500,6260830000,88674784300,3410.4767,3422.0398,3319.2889,3407.9638
133348000,3390.9319,3291500,39902500,6264121500,88714686800,3410.4767,3422.0398,3319.2889,3407.9638
133354000,3390.8602,4162100,64043300,6268283600,88778730100,3410.4767,3422.0398,3319.2889,3407.9638
133359000,3390.4792,5256000,62743900,6273539600,88841474000,3410.4767,3422.0398,3319.2889,3407.9638
133404000,3390.6183,4829200,61110000,6278368800,88902584000,3410.4767,3422.0398,3319.2889,3407.9638
133409000,3391.7881,4388600,47955900,6282757400,88950539900,3410.4767,3422.0398,3319.2889,3407.9638
133414000,3392.1945,2841500,49132800,6285598900,88999672700,3410.4767,3422.0398,3319.2889,3407.9638
133419000,3392.6928,4857500,56594000,6290456400,89056266700,3410.4767,3422.0398,3319.2889,3407.9638
133424000,3392.4526,2809800,39667100,6293266200,89095933800,3410.4767,3422.0398,3319.2889,3407.9638
133429000,3392.4217,3904900,46716300,6297171100,89142650100,3410.4767,3422.0398,3319.2889,3407.9638
133434000,3392.4334,2805400,46251200,6299976500,89188901300,3410.4767,3422.0398,3319.2889,3407.9638
133439000,3392.5905,2534000,40782200,6302510500,89229683500,3410.4767,3422.0398,3319.2889,3407.9638
133444000,3393.0948,4591200,55983700,6307101700,89285667200,3410.4767,3422.0398,3319.2889,3407.9638
133449000,3392.9157,3874800,61011300,6310976500,89346678500,3410.4767,3422.0398,3319.2889,3407.9638
133454000,3393.1823,2715100,48532200,6313691600,89395210700,3410.4767,3422.0398,3319.2889,3407.9638
133459000,3393.9894,4558600,62949800,6318250200,89458160500,3410.4767,3422.0398,3319.2889,3407.9638
133504000,3394.3102,5124900,73461800,6323375100,89531622300,3410.4767,3422.0398,3319.2889,3407.9638
133509000,3395.3537,4638700,62328300,6328013800,89593950600,3410.4767,3422.0398,3319.2889,3407.9638
133514000,3396.0201,5961900,82381700,6333975700,89676332300,3410.4767,3422.0398,3319.2889,3407.9638
133519000,3396.0621,5174400,64991800,6339150100,89741324100,3410.4767,3422.0398,3319.2889,3407.9638
133524000,3397.0456,5040900,57626800,6344191000,89798950900,3410.4767,3422.0398,3319.2889,3407.9638
133529000,3397.1082,6109600,64664900,6350300600,89863615800,3410.4767,3422.0398,3319.2889,3407.9638
133534000,3397.4296,5721600,100912000,6356022200,89964527800,3410.4767,3422.0398,3319.2889,3407.9638
133539000,3398.099,6773600,62175700,6362795800,90026703500,3410.4767,3422.0398,3319.2889,3407.9638
133544000,3398.9032,10206300,89165200,6373002100,90115868700,3410.4767,3422.0398,3319.2889,3407.9638
133549000,3399.0828,4494500,55699500,6377496600,90171568200,3410.4767,3422.0398,3319.2889,3407.9638
133554000,3399.9149,5275800,75866500,6382772400,90247434700,3410.4767,3422.0398,3319.2889,3407.9638
133559000,3399.8385,4939900,61772100,6387712300,90309206800,3410.4767,3422.0398,3319.2889,3407.9638
133604000,3400.0732,6152800,77504800,6393865100,90386711600,3410.4767,3422.0398,3319.2889,3407.9638
133609000,3400.1745,4586300,59929700,6398451400,90446641300,3410.4767,3422.0398,3319.2889,3407.9638
133614000,3401.0421,5085600,63769200,6403537000,90510410500,3410.4767,3422.0398,3319.2889,3407.9638
133619000,3401.3952,4262800,60674600,6407799800,90571085100,3410.4767,3422.0398,3319.2889,3407.9638
133624000,3401.2101,4794900,56187600,6412594700,90627272700,3410.4767,3422.0398,3319.2889,3407.9638
133629000,3401.4679,5407500,68986600,6418002200,90696259300,3410.4767,3422.0398,3319.2889,3407.9638
133634000,3401.7345,5016500,64583800,6423018700,90760843100,3410.4767,3422.0398,3319.2889,3407.9638
133639000,3401.5537,4050900,45985900,6427069600,90806829000,3410.4767,3422.0398,3319.2889,3407.9638
133644000,3401.1852,8804500,73893000,6435874100,90880722000,3410.4767,3422.0398,3319.2889,3407.9638
133649000,3401.9341,4777600,61523600,6440651700,90942245600,3410.4767,3422.0398,3319.2889,3407.9638
133654000,3401.7821,3215900,44709800,6443867600,90986955400,3410.4767,3422.0398,3319.2889,3407.9638
133659000,3401.5839,4583900,60461900,6448451500,91047417300,3410.4767,3422.0398,3319.2889,3407.9638
133704000,3401.2969,5183500,66843900,6453635000,91114261200,3410.4767,3422.0398,3319.2889,3407.9638
133709000,3401.6158,4360700,49972200,6457995700,91164233400,3410.4767,3422.0398,3319.2889,3407.9638
133714000,3401.5229,5711000,64368200,6463706700,91228601600,3410.4767,3422.0398,3319.2889,3407.9638
133719000,3402.038,4018700,54365400,6467725400,91282967000,3410.4767,3422.0398,3319.2889,3407.9638
133724000,3401.8852,4039400,48865900,6471764800,91331832900,3410.4767,3422.0398,3319.2889,3407.9638
133729000,3401.9085,3951600,58499700,6475716400,91390332600,3410.4767,3422.0398,3319.2889,3407.9638
133734000,3401.914,4236700,55329800,6479953100,91445662400,3410.4767,3422.0398,3319.2889,3407.9638
133739000,3401.8201,3657500,44300600,6483610600,91489963000,3410.4767,3422.0398,3319.2889,3407.9638
133744000,3402.0869,4042200,55230400,6487652800,91545193400,3410.4767,3422.0398,3319.2889,3407.9638
133749000,3402.1497,3474000,52505100,6491126800,91597698500,3410.4767,3422.0398,3319.2889,3407.9638
133755000,3401.9493,3694600,51355700,6494821400,91649054200,3410.4767,3422.0398,3319.2889,3407.9638
133759000,3401.8068,3557500,40790200,6498378900,91689844400,3410.4767,3422.0398,3319.2889,3407.9638
133805000,3402.0792,4371400,53878100,6502750300,91743722500,3410.4767,3422.0398,3319.2889,3407.9638
133810000,3401.9709,3788600,56814000,6506538900,91800536500,3410.4767,3422.0398,3319.2889,3407.9638
133815000,3401.961,3176300,39430700,6509715200,91839967200,3410.4767,3422.0398,3319.2889,3407.9638
133820000,3402.203,5458300,73618500,6515173500,91913585700,3410.4767,3422.0398,3319.2889,3407.9638
133825000,3402.0514,4337400,70988800,6519510900,91984574500,3410.4767,3422.0398,3319.2889,3407.9638
133830000,3402.0999,3345000,55613800,6522855900,92040188300,3410.4767,3422.0398,3319.2889,3407.9638
133835000,3401.8834,3738300,57276900,6526594200,92097465200,3410.4767,3422.0398,3319.2889,3407.9638
133840000,3401.7962,3509100,52624400,6530103300,92150089600,3410.4767,3422.0398,3319.2889,3407.9638
133845000,3403.1171,3350900,65294100,6533454200,92215383700,3410.4767,3422.0398,3319.2889,3407.9638
133850000,3402.8874,2615900,46591900,6536070100,92261975600,3410.4767,3422.0398,3319.2889,3407.9638
133855000,3402.1612,3597300,42252500,6539667400,92304228100,3410.4767,3422.0398,3319.2889,3407.9638
133900000,3403.3169,2972300,47310500,6542639700,92351538600,3410.4767,3422.0398,3319.2889,3407.9638
133905000,3403.02,2946600,47722700,6545586300,92399261300,3410.4767,3422.0398,3319.2889,3407.9638
133910000,3402.2415,3663100,51587000,6549249400,92450848300,3410.4767,3422.0398,3319.2889,3407.9638
133915000,3403.1009,2233400,34785300,6551482800,92485633600,3410.4767,3422.0398,3319.2889,3407.9638
133920000,3403.1744,2545300,40727600,6554028100,92526361200,3410.4767,3422.0398,3319.2889,3407.9638
133925000,3402.5361,5737800,65319600,6559765900,92591680800,3410.4767,3422.0398,3319.2889,3407.9638
133930000,3402.9452,5145600,44992100,6564911500,92636672900,3410.4767,3422.0398,3319.2889,3407.9638
133935000,3402.7869,3817200,51227500,6568728700,92687900400,3410.4767,3422.0398,3319.2889,3407.9638
133940000,3402.068,3782000,49944200,6572510700,92737844600,3410.4767,3422.0398,3319.2889,3407.9638
133945000,3402.2879,2409200,34447200,6574919900,92772291800,3410.4767,3422.0398,3319.2889,3407.9638
133950000,3401.9262,2942100,47606400,6577862000,92819898200,3410.4767,3422.0398,3319.2889,3407.9638
133955000,3401.5438,4993200,56688300,6582855200,92876586500,3410.4767,3422.0398,3319.2889,3407.9638
134000000,3401.6909,3193800,44735700,6586049000,92921322200,3410.4767,3422.0398,3319.2889,3407.9638
134005000,3401.6103,4362600,61423800,6590411600,92982746000,3410.4767,3422.0398,3319.2889,3407.9638
134010000,3400.4114,2873500,39041800,6593285100,93021787800,3410.4767,3422.0398,3319.2889,3407.9638
134015000,3400.4092,4558800,42935400,6597843900,93064723200,3410.4767,3422.0398,3319.2889,3407.9638
134020000,3400.3742,3172400,43201400,6601016300,93107924600,3410.4767,3422.0398,3319.2889,3407.9638
134025000,3400.1371,2373400,40806300,6603389700,93148730900,3410.4767,3422.0398,3319.2889,3407.9638
134030000,3400.1561,2756200,31854100,6606145900,93180585000,3410.4767,3422.0398,3319.2889,3407.9638
134035000,3400.3281,3758800,40070900,6609904700,93220655900,3410.4767,3422.0398,3319.2889,3407.9638
134040000,3400.1182,3346600,43252800,6613251300,93263908700,3410.4767,3422.0398,3319.2889,3407.9638
134045000,3400.2084,5784700,51811900,6619036000,93315720600,3410.4767,3422.0398,3319.2889,3407.9638
134050000,3399.4509,3158700,42819500,6622194700,93358540100,3410.4767,3422.0398,3319.2889,3407.9638
134055000,3399.9076,2602600,37088600,6624797300,93395628700,3410.4767,3422.0398,3319.2889,3407.9638
134100000,3399.8253,3325500,40927400,6628122800,93436556100,3410.4767,3422.0398,3319.2889,3407.9638
134105000,3399.7155,3124700,44869300,6631247500,93481425400,3410.4767,3422.0398,3319.2889,3407.9638
134110000,3398.7698,3608600,45658500,6634856100,93527083900,3410.4767,3422.0398,3319.2889,3407.9638
134115000,3398.7066,2542500,26811300,6637398600,93553895200,3410.4767,3422.0398,3319.2889,3407.9638
134120000,3399.2796,3307900,43361700,6640706500,93597256900,3410.4767,3422.0398,3319.2889,3407.9638
134125000,3398.8104,2915000,36614400,6643621500,93633871300,3410.4767,3422.0398,3319.2889,3407.9638
134130000,3398.078,2372900,33466900,6645994400,93667338200,3410.4767,3422.0398,3319.2889,3407.9638
134135000,3397.9059,2826500,34951600,6648820900,93702289800,3410.4767,3422.0398,3319.2889,3407.9638
134140000,3397.7642,1882500,30139300,6650703400,93732429100,3410.4767,3422.0398,3319.2889,3407.9638
134145000,3397.9356,2253700,29966400,6652957100,93762395500,3410.4767,3422.0398,3319.2889,3407.9638
134150000,3397.6157,2049100,30025500,6655006200,93792421000,3410.4767,3422.0398,3319.2889,3407.9638
134155000,3397.2393,2765500,36713300,6657771700,93829134300,3410.4767,3422.0398,3319.2889,3407.9638
134200000,3396.8545,2140400,30782600,6659912100,93859916900,3410.4767,3422.0398,3319.2889,3407.9638
134205000,3396.497,2316900,39247200,6662229000,93899164100,3410.4767,3422.0398,3319.2889,3407.9638
134210000,3395.9231,2811500,38023400,6665040500,93937187500,3410.4767,3422.0398,3319.2889,3407.9638
134216000,3395.482,2310900,33884600,6667351400,93971072100,3410.4767,3422.0398,3319.2889,3407.9638
134221000,3395.519,2286100,29741700,6669637500,94000813800,3410.4767,3422.0398,3319.2889,3407.9638
134226000,3395.172,2817200,38225300,6672454700,94039039100,3410.4767,3422.0398,3319.2889,3407.9638
134231000,3395.0146,2781700,40615500,6675236400,94079654600,3410.4767,3422.0398,3319.2889,3407.9638
134236000,3394.7363,2407100,30194200,6677643500,94109848800,3410.4767,3422.0398,3319.2889,3407.9638
134241000,3394.626,2353900,33797000,6679997400,94143645800,3410.4767,3422.0398,3319.2889,3407.9638
134246000,3394.386,2503200,34369600,6682500600,94178015400,3410.4767,3422.0398,3319.2889,3407.9638
134251000,3394.2568,1935700,24057100,6684436300,94202072500,3410.4767,3422.0398,3319.2889,3407.9638
134256000,3394.142,2289900,32544800,6686726200,94234617300,3410.4767,3422.0398,3319.2889,3407.9638
134301000,3394.1273,2199800,31020700,6688926000,94265638000,3410.4767,3422.0398,3319.2889,3407.9638
134306000,3393.5927,2619800,31237800,6691545800,94296875800,3410.4767,3422.0398,3319.2889,3407.9638
134311000,3393.1055,2040800,31261100,6693586600,94328136900,3410.4767,3422.0398,3319.2889,3407.9638
134316000,3392.8347,2106700,31873900,6695693300,94360010800,3410.4767,3422.0398,3319.2889,3407.9638
134321000,3392.5967,1747800,21392200,6697441100,94381403000,3410.4767,3422.0398,3319.2889,3407.9638
134326000,3392.4071,2496800,34431900,6699937900,94415834900,3410.4767,3422.0398,3319.2889,3407.9638
134331000,3392.2797,2233200,30232900,6702171100,94446067800,3410.4767,3422.0398,3319.2889,3407.9638
134336000,3392.8442,1974700,27610100,6704145800,94473677900,3410.4767,3422.0398,3319.2889,3407.9638
134341000,3392.7067,2770500,39704000,6706916300,94513381900,3410.4767,3422.0398,3319.2889,3407.9638
134346000,3393.2633,2443800,35609700,6709360100,94548991600,3410.4767,3422.0398,3319.2889,3407.9638
134351000,3393.0466,2385900,42308000,6711746000,94591299600,3410.4767,3422.0398,3319.2889,3407.9638
134356000,3392.7539,2650600,38875200,6714396600,94630174800,3410.4767,3422.0398,3319.2889,3407.9638
134401000,3393.3583,2854500,45442500,6717251100,94675617300,3410.4767,3422.0398,3319.2889,3407.9638
134406000,3394.5462,3386600,47316100,6720637700,94722933400,3410.4767,3422.0398,3319.2889,3407.9638
134411000,3394.6856,3236500,46298400,6723874200,94769231800,3410.4767,3422.0398,3319.2889,3407.9638
134416000,3394.6925,3184500,44551600,6727058700,94813783400,3410.4767,3422.0398,3319.2889,3407.9638
134421000,3394.7708,2798300,39254000,6729857000,94853037400,3410.4767,3422.0398,3319.2889,3407.9638
134426000,3394.5885,2878800,44691500,6732735800,94897728900,3410.4767,3422.0398,3319.2889,3407.9638
134431000,3395.8766,2638100,37015000,6735373900,94934743900,3410.4767,3422.0398,3319.2889,3407.9638
134436000,3396.7161,3512700,44396300,6738886600,94979140200,3410.4767,3422.0398,3319.2889,3407.9638
134441000,3396.7429,2832400,41486400,6741719000,95020626600,3410.4767,3422.0398,3319.2889,3407.9638
134446000,3397.802,2728300,41072200,6744447300,95061698800,3410.4767,3422.0398,3319.2889,3407.9638
134451000,3397.4948,3482300,46219400,6747929600,95107918200,3410.4767,3422.0398,3319.2889,3407.9638
134456000,3397.9231,3404400,46229900,6751334000,95154148100,3410.4767,3422.0398,3319.2889,3407.9638
134501000,3398.5052,4289300,59911400,6755623300,95214059500,3410.4767,3422.0398,3319.2889,3407.9638
134506000,3398.8555,3487300,43501800,6759110600,95257561300,3410.4767,3422.0398,3319.2889,3407.9638
134511000,3398.9134,2977000,44535100,6762087600,95302096400,3410.4767,3422.0398,3319.2889,3407.9638
134516000,3399.6663,3845400,50856100,6765933000,95352952500,3410.4767,3422.0398,3319.2889,3407.9638
134521000,3400.4055,3531700,53384400,6769464700,95406336900,3410.4767,3422.0398,3319.2889,3407.9638
134526000,3400.283,3100900,61783200,6772565600,95468120100,3410.4767,3422.0398,3319.2889,3407.9638
134531000,3400.5677,6028800,53597100,6778594400,95521717200,3410.4767,3422.0398,3319.2889,3407.9638
134536000,3400.5352,4649200,57360400,6783243600,95579077600,3410.4767,3422.0398,3319.2889,3407.9638
134541000,3400.6369,3192000,48580300,6786435600,95627657900,3410.4767,3422.0398,3319.2889,3407.9638
134546000,3401.2052,3516200,46651600,6789951800,95674309500,3410.4767,3422.0398,3319.2889,3407.9638
134551000,3401.2894,2274000,39651000,6792225800,95713960500,3410.4767,3422.0398,3319.2889,3407.9638
134556000,3401.4596,2978800,46699100,6795204600,95760659600,3410.4767,3422.0398,3319.2889,3407.9638
134602000,3401.4518,3092100,48021400,6798296700,95808681000,3410.4767,3422.0398,3319.2889,3407.9638
134606000,3401.5316,2511700,36301500,6800808400,95844982500,3410.4767,3422.0398,3319.2889,3407.9638
134611000,3401.8035,2987900,50804300,6803796300,95895786800,3410.4767,3422.0398,3319.2889,3407.9638
134617000,3402.3108,3933700,54331500,6807730000,95950118300,3410.4767,3422.0398,3319.2889,3407.9638
134621000,3402.0728,1965000,30381300,6809695000,95980499600,3410.4767,3422.0398,3319.2889,3407.9638
134627000,3402.5324,3781000,51162400,6813476000,96031662000,3410.4767,3422.0398,3319.2889,3407.9638
134632000,3402.3112,2799300,43514600,6816275300,96075176600,3410.4767,3422.0398,3319.2889,3407.9638
134637000,3402.4662,2211300,42069500,6818486600,96117246100,3410.4767,3422.0398,3319.2889,3407.9638
134642000,3402.6523,1998600,33463100,6820485200,96150709200,3410.4767,3422.0398,3319.2889,3407.9638
134647000,3402.5903,3064200,43731500,6823549400,96194440700,3410.4767,3422.0398,3319.2889,3407.9638
134652000,3402.7867,2791900,36684800,6826341300,96231125500,3410.4767,3422.0398,3319.2889,3407.9638
134657000,3403.2459,1882600,29811000,6828223900,96260936500,3410.4767,3422.0398,3319.2889,3407.9638
134702000,3402.9814,2645200,35582300,6830869100,96296518800,3410.4767,3422.0398,3319.2889,3407.9638
134707000,3403.0831,3070600,42557100,6833939700,96339075900,3410.4767,3422.0398,3319.2889,3407.9638
134712000,3402.8504,2666200,30904800,6836605900,96369980700,3410.4767,3422.0398,3319.2889,3407.9638
134717000,3402.5229,2760600,38701400,6839366500,96408682100,3410.4767,3422.0398,3319.2889,3407.9638
134722000,3402.6837,2765000,40426800,6842131500,96449108900,3410.4767,3422.0398,3319.2889,3407.9638
134727000,3402.0293,3489800,41792800,6845621300,96490901700,3410.4767,3422.0398,3319.2889,3407.9638
134732000,3401.4485,3821500,55285500,6849442800,96546187200,3410.4767,3422.0398,3319.2889,3407.9638
134737000,3401.6804,3244400,43589300,6852687200,96589776500,3410.4767,3422.0398,3319.2889,3407.9638
134742000,3400.8683,2313000,39914900,6855000200,96629691400,3410.4767,3422.0398,3319.2889,3407.9638
134747000,3400.6741,2973700,41186000,6857973900,96670877400,3410.4767,3422.0398,3319.2889,3407.9638
134752000,3400.3875,2634600,35466100,6860608500,96706343500,3410.4767,3422.0398,3319.2889,3407.9638
134757000,3400.2002,4428100,43011100,6865036600,96749354600,3410.4767,3422.0398,3319.2889,3407.9638
134802000,3399.7275,3887500,43494700,6868924100,96792849300,3410.4767,3422.0398,3319.2889,3407.9638
134807000,3399.3806,3089900,38659600,6872014000,96831508900,3410.4767,3422.0398,3319.2889,3407.9638
134812000,3399.1371,1942100,30238000,6873956100,96861746900,3410.4767,3422.0398,3319.2889,3407.9638
134817000,3398.8004,2239100,39698000,6876195200,96901444900,3410.4767,3422.0398,3319.2889,3407.9638
134822000,3399.3135,2389700,31366000,6878584900,96932810900,3410.4767,3422.0398,3319.2889,3407.9638
134827000,3398.577,1773000,22572200,6880357900,96955383100,3410.4767,3422.0398,3319.2889,3407.9638
134832000,3397.9025,2341500,38408800,6882699400,96993791900,3410.4767,3422.0398,3319.2889,3407.9638
134837000,3398.6145,2426800,32617600,6885126200,97026409500,3410.4767,3422.0398,3319.2889,3407.9638
134842000,3397.6683,1681300,22142800,6886807500,97048552300,3410.4767,3422.0398,3319.2889,3407.9638
134847000,3397.6582,2042400,29874200,6888849900,97078426500,3410.4767,3422.0398,3319.2889,3407.9638
134852000,3397.5962,1585400,23320700,6890435300,97101747200,3410.4767,3422.0398,3319.2889,3407.9638
134857000,3397.8334,1819100,25562800,6892254400,97127310000,3410.4767,3422.0398,3319.2889,3407.9638
134902000,3397.5137,2108100,30908100,6894362500,97158218100,3410.4767,3422.0398,3319.2889,3407.9638
134907000,3397.1988,2476900,30680800,6896839400,97188898900,3410.4767,3422.0398,3319.2889,3407.9638
134912000,3396.4001,1599900,25643400,6898439300,97214542300,3410.4767,3422.0398,3319.2889,3407.9638
134917000,3396.5626,3203600,32184400,6901642900,97246726700,3410.4767,3422.0398,3319.2889,3407.9638
134922000,3396.4736,1660100,25082900,6903303000,97271809600,3410.4767,3422.0398,3319.2889,3407.9638
134927000,3396.3175,2237300,24285200,6905540300,97296094800,3410.4767,3422.0398,3319.2889,3407.9638
134932000,3396.2521,1832400,29478300,6907372700,97325573100,3410.4767,3422.0398,3319.2889,3407.9638
134937000,3395.956,1780100,25722700,6909152800,97351295800,3410.4767,3422.0398,3319.2889,3407.9638
134942000,3395.9058,1642100,24283500,6910794900,97375579300,3410.4767,3422.0398,3319.2889,3407.9638
134947000,3396.5597,2076200,27865600,6912871100,97403444900,3410.4767,3422.0398,3319.2889,3407.9638
134952000,3396.1946,1470100,24664700,6914341200,97428109600,3410.4767,3422.0398,3319.2889,3407.9638
134957000,3395.8921,1673400,21924400,6916014600,97450034000,3410.4767,3422.0398,3319.2889,3407.9638
135002000,3395.9052,2920200,36207400,6918934800,97486241400,3410.4767,3422.0398,3319.2889,3407.9638
135007000,3395.7432,2538700,31977900,6921473500,97518219300,3410.4767,3422.0398,3319.2889,3407.9638
135012000,3395.0227,1294300,17839900,6922767800,97536059200,3410.4767,3422.0398,3319.2889,3407.9638
135017000,3394.8685,1547400,27484500,6924315200,97563543700,3410.4767,3422.0398,3319.2889,3407.9638
135023000,3395.307,3281900,36249000,6927597100,97599792700,3410.4767,3422.0398,3319.2889,3407.9638
135027000,3394.9934,1190700,17664000,6928787800,97617456700,3410.4767,3422.0398,3319.2889,3407.9638
135033000,3395.1668,1870500,30714800,6930658300,97648171500,3410.4767,3422.0398,3319.2889,3407.9638
135038000,3395.2354,1565100,25470900,6932223400,97673642400,3410.4767,3422.0398,3319.2889,3407.9638
135043000,3395.1149,1700000,25593200,6933923400,97699235600,3410.4767,3422.0398,3319.2889,3407.9638
135048000,3394.8673,1456100,19056900,6935379500,97718292500,3410.4767,3422.0398,3319.2889,3407.9638
135053000,3394.7505,1634800,21179700,6937014300,97739472200,3410.4767,3422.0398,3319.2889,3407.9638
135058000,3394.9414,1542600,24421800,6938556900,97763894000,3410.4767,3422.0398,3319.2889,3407.9638
135103000,3394.6733,1589000,20823200,6940145900,97784717200,3410.4767,3422.0398,3319.2889,3407.9638
135108000,3394.4738,2142200,33023300,6942288100,97817740500,3410.4767,3422.0398,3319.2889,3407.9638
135113000,3394.2637,1802200,24639700,6944090300,97842380200,3410.4767,3422.0398,3319.2889,3407.9638
135118000,3394.1737,2480900,22207200,6946571200,97864587400,3410.4767,3422.0398,3319.2889,3407.9638
135123000,3394.101,1833200,26616200,6948404400,97891203600,3410.4767,3422.0398,3319.2889,3407.9638
135128000,3394.2115,1770500,28286100,6950174900,97919489700,3410.4767,3422.0398,3319.2889,3407.9638
135133000,3393.9771,2470300,23388000,6952645200,97942877700,3410.4767,3422.0398,3319.2889,3407.9638
135138000,3393.8952,2106400,28272900,6954751600,97971150600,3410.4767,3422.0398,3319.2889,3407.9638
135143000,3394.0138,1831300,26283000,6956582900,97997433600,3410.4767,3422.0398,3319.2889,3407.9638
135148000,3393.2261,1359100,21561400,6957942000,98018995000,3410.4767,3422.0398,3319.2889,3407.9638
135153000,3393.7024,1616600,23853300,6959558600,98042848300,3410.4767,3422.0398,3319.2889,3407.9638
135158000,3393.8143,1826700,28498800,6961385300,98071347100,3410.4767,3422.0398,3319.2889,3407.9638
135203000,3393.4574,1294100,20631400,6962679400,98091978500,3410.4767,3422.0398,3319.2889,3407.9638
135208000,3393.1987,1753400,22501000,6964432800,98114479500,3410.4767,3422.0398,3319.2889,3407.9638
135213000,3392.3002,2589500,32156400,6967022300,98146635900,3410.4767,3422.0398,3319.2889,3407.9638
135218000,3392.3764,1903700,23150100,6968926000,98169786000,3410.4767,3422.0398,3319.2889,3407.9638
135223000,3392.4812,2475000,30928300,6971401000,98200714300,3410.4767,3422.0398,3319.2889,3407.9638
135228000,3392.3499,2032600,23633200,6973433600,98224347500,3410.4767,3422.0398,3319.2889,3407.9638
135233000,3392.1577,1404300,20742600,6974837900,98245090100,3410.4767,3422.0398,3319.2889,3407.9638
135238000,3392.2284,2429400,34214800,6977267300,98279304900,3410.4767,3422.0398,3319.2889,3407.9638
135243000,3391.9412,2673700,26541500,6979941000,98305846400,3410.4767,3422.0398,3319.2889,3407.9638
135248000,3391.8776,2191400,19586300,6982132400,98325432700,3410.4767,3422.0398,3319.2889,3407.9638
135253000,3391.8193,1818600,23972500,6983951000,98349405200,3410.4767,3422.0398,3319.2889,3407.9638
135258000,3391.6571,2048500,29679100,6985999500,98379084300,3410.4767,3422.0398,3319.2889,3407.9638
135303000,3391.3068,1822700,23507800,6987822200,98402592100,3410.4767,3422.0398,3319.2889,3407.9638
135308000,3390.8643,1494900,22020000,6989317100,98424612100,3410.4767,3422.0398,3319.2889,3407.9638
135313000,3391.1417,1842100,27792500,6991159200,98452404600,3410.4767,3422.0398,3319.2889,3407.9638
135318000,3390.9158,1723800,23281200,6992883000,98475685800,3410.4767,3422.0398,3319.2889,3407.9638
135323000,3391.1009,1750800,25287400,6994633800,98500973200,3410.4767,3422.0398,3319.2889,3407.9638
135328000,3391.5224,1690400,23817100,6996324200,98524790300,3410.4767,3422.0398,3319.2889,3407.9638
135333000,3391.1559,1570300,19276000,6997894500,98544066300,3410.4767,3422.0398,3319.2889,3407.9638
135338000,3391.3198,1529400,22861400,6999423900,98566927700,3410.4767,3422.0398,3319.2889,3407.9638
135343000,3390.9301,1742500,23835100,7001166400,98590762800,3410.4767,3422.0398,3319.2889,3407.9638
135348000,3390.9032,1607700,20014400,7002774100,98610777200,3410.4767,3422.0398,3319.2889,3407.9638
135353000,3390.822,1347000,19994800,7004121100,98630772000,3410.4767,3422.0398,3319.2889,3407.9638
135358000,3390.3132,1658700,23706800,7005779800,98654478800,3410.4767,3422.0398,3319.2889,3407.9638
135403000,3390.2307,1522600,22612700,7007302400,98677091500,3410.4767,3422.0398,3319.2889,3407.9638
135408000,3389.9508,1706900,26636900,7009009300,98703728400,3410.4767,3422.0398,3319.2889,3407.9638
135413000,3390.8521,2012500,26627100,7011021800,98730355500,3410.4767,3422.0398,3319.2889,3407.9638
135418000,3390.0056,1261200,18526200,7012283000,98748881700,3410.4767,3422.0398,3319.2889,3407.9638
135423000,3389.7954,1905900,24403500,7014188900,98773285200,3410.4767,3422.0398,3319.2889,3407.9638
135429000,3389.688,1627400,22135500,7015816300,98795420700,3410.4767,3422.0398,3319.2889,3407.9638
135434000,3389.9771,1574300,25053200,7017390600,98820473900,3410.4767,3422.0398,3319.2889,3407.9638
135438000,3389.8292,1538100,20109100,7018928700,98840583000,3410.4767,3422.0398,3319.2889,3407.9638
135444000,3390.1258,1738600,25151600,7020667300,98865734600,3410.4767,3422.0398,3319.2889,3407.9638
135449000,3389.7704,1398300,28618600,7022065600,98894353200,3410.4767,3422.0398,3319.2889,3407.9638
135454000,3390.3799,1594500,22091600,7023660100,98916444800,3410.4767,3422.0398,3319.2889,3407.9638
135459000,3391.3774,2051000,32217900,7025711100,98948662700,3410.4767,3422.0398,3319.2889,3407.9638
135504000,3391.909,3921700,55552600,7029632800,99004215300,3410.4767,3422.0398,3319.2889,3407.9638
135509000,3392.6104,2426200,36791700,7032059000,99041007000,3410.4767,3422.0398,3319.2889,3407.9638
135514000,3393.0497,3122700,43555800,7035181700,99084562800,3410.4767,3422.0398,3319.2889,3407.9638
135519000,3392.2917,2579600,37321800,7037761300,99121884600,3410.4767,3422.0398,3319.2889,3407.9638
135524000,3392.6092,1923200,29459600,7039684500,99151344200,3410.4767,3422.0398,3319.2889,3407.9638
135529000,3393.3555,1937300,30028100,7041621800,99181372300,3410.4767,3422.0398,3319.2889,3407.9638
135534000,3393.1317,2299900,25829600,7043921700,99207201900,3410.4767,3422.0398,3319.2889,3407.9638
135539000,3392.8717,1847300,28111300,7045769000,99235313200,3410.4767,3422.0398,3319.2889,3407.9638
135544000,3393.3496,2559000,33823000,7048328000,99269136200,3410.4767,3422.0398,3319.2889,3407.9638
135549000,3393.2135,1592500,32017100,7049920500,99301153300,3410.4767,3422.0398,3319.2889,3407.9638
135554000,3393.3081,1925200,27755800,7051845700,99328909100,3410.4767,3422.0398,3319.2889,3407.9638
135559000,3393.854,2094000,27211300,7053939700,99356120400,3410.4767,3422.0398,3319.2889,3407.9638
135604000,3393.9067,2339900,28120700,7056279600,99384241100,3410.4767,3422.0398,3319.2889,3407.9638
135609000,3393.4535,1665500,23866100,7057945100,99408107200,3410.4767,3422.0398,3319.2889,3407.9638
135614000,3393.4638,1860300,24786700,7059805400,99432893900,3410.4767,3422.0398,3319.2889,3407.9638
135619000,3393.688,2005000,25138500,7061810400,99458032400,3410.4767,3422.0398,3319.2889,3407.9638
135624000,3393.7735,2614400,29214900,7064424800,99487247300,3410.4767,3422.0398,3319.2889,3407.9638
135629000,3393.6264,1397400,25358500,7065822200,99512605800,3410.4767,3422.0398,3319.2889,3407.9638
135634000,3393.3872,1805100,26697700,7067627300,99539303500,3410.4767,3422.0398,3319.2889,3407.9638
135639000,3394.2236,1665700,24726500,7069293000,99564030000,3410.4767,3422.0398,3319.2889,3407.9638
135644000,3393.8012,2437800,30419000,7071730800,99594449000,3410.4767,3422.0398,3319.2889,3407.9638
135649000,3394.1366,2311200,31430100,7074042000,99625879100,3410.4767,3422.0398,3319.2889,3407.9638
135654000,3393.5085,1506500,21811400,7075548500,99647690500,3410.4767,3422.0398,3319.2889,3407.9638
135659000,3393.636,1314900,17753100,7076863400,99665443600,3410.4767,3422.0398,3319.2889,3407.9638
135704000,3392.9014,1938100,29497300,7078801500,99694940900,3410.4767,3422.0398,3319.2889,3407.9638
135709000,3392.6792,2018800,25647400,7080820300,99720588300,3410.4767,3422.0398,3319.2889,3407.9638
135714000,3392.5801,3007400,37693000,7083827700,99758281300,3410.4767,3422.0398,3319.2889,3407.9638
135719000,3392.5186,3246900,30337700,7087074600,99788619000,3410.4767,3422.0398,3319.2889,3407.9638
135724000,3392.3083,1582500,21854100,7088657100,99810473100,3410.4767,3422.0398,3319.2889,3407.9638
135729000,3391.5239,4715900,41869000,7093373000,99852342100,3410.4767,3422.0398,3319.2889,3407.9638
135734000,3391.478,3384400,41067900,7096757400,99893410000,3410.4767,3422.0398,3319.2889,3407.9638
135739000,3390.696,2267500,36060600,7099024900,99929470600,3410.4767,3422.0398,3319.2889,3407.9638
135744000,3390.7738,3130900,37056500,7102155800,99966527100,3410.4767,3422.0398,3319.2889,3407.9638
135749000,3390.3251,2466800,32080000,7104622600,99998607100,3410.4767,3422.0398,3319.2889,3407.9638
135754000,3390.4031,3497900,31566700,7108120500,100030173800,3410.4767,3422.0398,3319.2889,3407.9638
135759000,3389.8696,2826900,32178400,7110947400,100062352200,3410.4767,3422.0398,3319.2889,3407.9638
135804000,3389.6832,2396400,32945000,7113343800,100095297200,3410.4767,3422.0398,3319.2889,3407.9638
135809000,3389.3174,2258100,31484500,7115601900,100126781700,3410.4767,3422.0398,3319.2889,3407.9638
135814000,3389.1201,1893000,24828800,7117494900,100151610500,3410.4767,3422.0398,3319.2889,3407.9638
135819000,3388.6013,2218300,26360500,7119713200,100177971000,3410.4767,3422.0398,3319.2889,3407.9638
135825000,3389.0367,3561700,43528200,7123274900,100221499200,3410.4767,3422.0398,3319.2889,3407.9638
135829000,3389.128,1915400,26363300,7125190300,100247862500,3410.4767,3422.0398,3319.2889,3407.9638
135834000,3389.3506,2766600,46111000,7127956900,100293973500,3410.4767,3422.0398,3319.2889,3407.9638
135840000,3388.8982,2347800,32790500,7130304700,100326764000,3410.4767,3422.0398,3319.2889,3407.9638
135845000,3388.6419,1188700,25611800,7131493400,100352375800,3410.4767,3422.0398,3319.2889,3407.9638
135850000,3388.0205,2211100,26685700,7133704500,100379061500,3410.4767,3422.0398,3319.2889,3407.9638
135855000,3388.2455,1855500,26092100,7135560000,100405153600,3410.4767,3422.0398,3319.2889,3407.9638
135900000,3388.313,1332700,18602000,7136892700,100423755600,3410.4767,3422.0398,3319.2889,3407.9638
135905000,3387.3798,2123300,30039900,7139016000,100453795500,3410.4767,3422.0398,3319.2889,3407.9638
135910000,3387.5662,2145400,29671000,7141161400,100483466500,3410.4767,3422.0398,3319.2889,3407.9638
135915000,3387.6382,1398400,20897700,7142559800,100504364200,3410.4767,3422.0398,3319.2889,3407.9638
135920000,3387.5489,1760600,31417500,7144320400,100535781700,3410.4767,3422.0398,3319.2889,3407.9638
135925000,3387.545,1610700,25762500,7145931100,100561544200,3410.4767,3422.0398,3319.2889,3407.9638
135930000,3387.6821,1194900,15956900,7147126000,100577501100,3410.4767,3422.0398,3319.2889,3407.9638
135935000,3387.4626,1684300,24292600,7148810300,100601793700,3410.4767,3422.0398,3319.2889,3407.9638
135940000,3387.1061,1532700,23662200,7150343000,100625455900,3410.4767,3422.0398,3319.2889,3407.9638
135945000,3387.4607,1683900,27356800,7152026900,100652812700,3410.4767,3422.0398,3319.2889,3407.9638
135950000,3387.1222,1641400,22020900,7153668300,100674833600,3410.4767,3422.0398,3319.2889,3407.9638
135955000,3387.1981,1986200,28380300,7155654500,100703213900,3410.4767,3422.0398,3319.2889,3407.9638
140000000,3387.0665,1167900,18180000,7156822400,100721393900,3410.4767,3422.0398,3319.2889,3407.9638
140005000,3386.6442,2327800,32372500,7159150200,100753766400,3410.4767,3422.0398,3319.2889,3407.9638
140010000,3386.2556,1821700,26475800,7160971900,100780242200,3410.4767,3422.0398,3319.2889,3407.9638
140015000,3386.2412,1431700,23217800,7162403600,100803460000,3410.4767,3422.0398,3319.2889,3407.9638
140020000,3386.2679,1326800,23255100,7163730400,100826715100,3410.4767,3422.0398,3319.2889,3407.9638
140025000,3386.2316,2019200,26991700,7165749600,100853706800,3410.4767,3422.0398,3319.2889,3407.9638
140030000,3386.6985,1304600,23684300,7167054200,100877391100,3410.4767,3422.0398,3319.2889,3407.9638
140035000,3386.6925,2354100,33884200,7169408300,100911275300,3410.4767,3422.0398,3319.2889,3407.9638
140040000,3385.9722,1616800,24571200,7171025100,100935846500,3410.4767,3422.0398,3319.2889,3407.9638
140045000,3386.3026,1052600,17083600,7172077700,100952930100,3410.4767,3422.0398,3319.2889,3407.9638
140050000,3386.565,1413500,24289700,7173491200,100977219800,3410.4767,3422.0398,3319.2889,3407.9638
140055000,3386.5669,1515600,22934700,7175006800,101000154500,3410.4767,3422.0398,3319.2889,3407.9638
140100000,3386.1107,1797400,20611100,7176804200,101020765600,3410.4767,3422.0398,3319.2889,3407.9638
140105000,3386.2975,1850300,23500900,7178654500,101044266500,3410.4767,3422.0398,3319.2889,3407.9638
140110000,3386.6209,1875400,25000400,7180529900,101069266900,3410.4767,3422.0398,3319.2889,3407.9638
140115000,3386.331,1810000,23835800,7182339900,101093102700,3410.4767,3422.0398,3319.2889,3407.9638
140120000,3385.9115,2197000,30511600,7184536900,101123614300,3410.4767,3422.0398,3319.2889,3407.9638
140125000,3386.156,1551400,22512700,7186088300,101146127000,3410.4767,3422.0398,3319.2889,3407.9638
140130000,3386.2167,1159300,15737300,7187247600,101161864300,3410.4767,3422.0398,3319.2889,3407.9638
140135000,3386.0783,2168500,28347500,7189416100,101190211800,3410.4767,3422.0398,3319.2889,3407.9638
140140000,3385.9726,2350000,25733800,7191766100,101215945600,3410.4767,3422.0398,3319.2889,3407.9638
140145000,3386.0076,1111600,17407400,7192877700,101233353000,3410.4767,3422.0398,3319.2889,3407.9638
140150000,3385.9325,1547500,23496700,7194425200,101256849700,3410.4767,3422.0398,3319.2889,3407.9638
140155000,3385.7265,1747700,25280400,7196172900,101282130100,3410.4767,3422.0398,3319.2889,3407.9638
140200000,3385.8478,1219900,16217700,7197392800,101298347800,3410.4767,3422.0398,3319.2889,3407.9638
140205000,3385.2212,1859000,26017300,7199251800,101324365100,3410.4767,3422.0398,3319.2889,3407.9638
140210000,3385.3356,1632500,24194900,7200884300,101348560000,3410.4767,3422.0398,3319.2889,3407.9638
140215000,3385.3462,1502400,21030200,7202386700,101369590200,3410.4767,3422.0398,3319.2889,3407.9638
140220000,3384.6624,2170900,24916600,7204557600,101394506800,3410.4767,3422.0398,3319.2889,3407.9638
140225000,3384.4249,2092400,26041600,7206650000,101420548400,3410.4767,3422.0398,3319.2889,3407.9638
140230000,3384.2883,1362800,20853500,7208012800,101441401900,3410.4767,3422.0398,3319.2889,3407.9638
140235000,3384.1973,2412600,28412000,7210425400,101469813900,3410.4767,3422.0398,3319.2889,3407.9638
140241000,3383.6853,2313100,34497600,7212738500,101504311500,3410.4767,3422.0398,3319.2889,3407.9638
140245000,3383.6005,1019400,14987100,7213757900,101519298600,3410.4767,3422.0398,3319.2889,3407.9638
140251000,3383.4268,3627100,39133000,7217385000,101558431600,3410.4767,3422.0398,3319.2889,3407.9638
140256000,3382.704,2285500,33755700,7219670500,101592187300,3410.4767,3422.0398,3319.2889,3407.9638
140301000,3382.5465,2151300,28269500,7221821800,101620456800,3410.4767,3422.0398,3319.2889,3407.9638
140306000,3382.0747,1907100,26525600,7223728900,101646982400,3410.4767,3422.0398,3319.2889,3407.9638
140311000,3381.9052,1904400,24363400,7225633300,101671345800,3410.4767,3422.0398,3319.2889,3407.9638
140316000,3381.7702,1798300,28413700,7227431600,101699759500,3410.4767,3422.0398,3319.2889,3407.9638
140321000,3382.0238,1298100,19988200,7228729700,101719747700,3410.4767,3422.0398,3319.2889,3407.9638
140326000,3381.9309,1820200,25425800,7230549900,101745173500,3410.4767,3422.0398,3319.2889,3407.9638
140331000,3381.4786,1734700,21544400,7232284600,101766717900,3410.4767,3422.0398,3319.2889,3407.9638
140336000,3381.7341,1981300,29271200,7234265900,101795989100,3410.4767,3422.0398,3319.2889,3407.9638
140341000,3381.3062,2899500,34052000,7237165400,101830041100,3410.4767,3422.0398,3319.2889,3407.9638
140346000,3381.5274,2024400,31003700,7239189800,101861044800,3410.4767,3422.0398,3319.2889,3407.9638
140351000,3381.4113,1751400,23914300,7240941200,101884959100,3410.4767,3422.0398,3319.2889,3407.9638
140356000,3381.6095,2572800,30952200,7243514000,101915911300,3410.4767,3422.0398,3319.2889,3407.9638
140401000,3381.6943,2545200,30750400,7246059200,101946661700,3410.4767,3422.0398,3319.2889,3407.9638
140406000,3381.3309,2222300,26111600,7248281500,101972773300,3410.4767,3422.0398,3319.2889,3407.9638
140411000,3381.2817,2157300,28626900,7250438800,102001400200,3410.4767,3422.0398,3319.2889,3407.9638
140416000,3381.1751,1755600,25124500,7252194400,102026524700,3410.4767,3422.0398,3319.2889,3407.9638
140421000,3380.7275,1750800,24430800,7253945200,102050955500,3410.4767,3422.0398,3319.2889,3407.9638
140426000,3381.5282,1784700,24772600,7255729900,102075728100,3410.4767,3422.0398,3319.2889,3407.9638
140431000,3382.4829,2628600,32847300,7258358500,102108575400,3410.4767,3422.0398,3319.2889,3407.9638
140436000,3382.0479,2063900,23997300,7260422400,102132572700,3410.4767,3422.0398,3319.2889,3407.9638
140441000,3383.2111,3672400,40799400,7264094800,102173372100,3410.4767,3422.0398,3319.2889,3407.9638
140446000,3383.0439,3026800,48822800,7267121600,102222194900,3410.4767,3422.0398,3319.2889,3407.9638
140451000,3383.2109,3682500,43267000,7270804100,102265461900,3410.4767,3422.0398,3319.2889,3407.9638
140456000,3384.7354,3926500,49052600,7274730600,102314514500,3410.4767,3422.0398,3319.2889,3407.9638
140501000,3385.7758,5561400,62523200,7280292000,102377037700,3410.4767,3422.0398,3319.2889,3407.9638
140506000,3385.9157,2414400,38670700,7282706400,102415708400,3410.4767,3422.0398,3319.2889,3407.9638
140511000,3385.9137,3028300,41375300,7285734700,102457083700,3410.4767,3422.0398,3319.2889,3407.9638
140516000,3385.7551,3656900,56352700,7289391600,102513436400,3410.4767,3422.0398,3319.2889,3407.9638
140521000,3386.1161,2008200,25433000,7291399800,102538869400,3410.4767,3422.0398,3319.2889,3407.9638
140526000,3386.0153,2151500,34286000,7293551300,102573155400,3410.4767,3422.0398,3319.2889,3407.9638
140531000,3386.0413,2457900,34676000,7296009200,102607831400,3410.4767,3422.0398,3319.2889,3407.9638
140536000,3386.3338,1385800,21625800,7297395000,102629457200,3410.4767,3422.0398,3319.2889,3407.9638
140541000,3386.2878,2675700,31048200,7300070700,102660505400,3410.4767,3422.0398,3319.2889,3407.9638
140546000,3386.865,2840200,33853700,7302910900,102694359100,3410.4767,3422.0398,3319.2889,3407.9638
140551000,3387.0731,1632800,22077000,7304543700,102716436100,3410.4767,3422.0398,3319.2889,3407.9638
140556000,3387.3978,2774000,32161100,7307317700,102748597200,3410.4767,3422.0398,3319.2889,3407.9638
140601000,3387.3451,2063700,30537800,7309381400,102779135000,3410.4767,3422.0398,3319.2889,3407.9638
140606000,3386.8734,2071800,35211300,7311453200,102814346300,3410.4767,3422.0398,3319.2889,3407.9638
140611000,3387.0178,3478900,39413600,7314932100,102853759900,3410.4767,3422.0398,3319.2889,3407.9638
140616000,3387.1281,3041900,40909500,7317974000,102894669400,3410.4767,3422.0398,3319.2889,3407.9638
140621000,3387.5907,2848400,27782000,7320822400,102922451400,3410.4767,3422.0398,3319.2889,3407.9638
140626000,3387.2016,2907100,37635800,7323729500,102960087200,3410.4767,3422.0398,3319.2889,3407.9638
140631000,3387.5933,1909100,25019100,7325638600,102985106300,3410.4767,3422.0398,3319.2889,3407.9638
140637000,3387.3263,2311800,28419900,7327950400,103013526200,3410.4767,3422.0398,3319.2889,3407.9638
140641000,3387.8848,1254200,18602600,7329204600,103032128800,3410.4767,3422.0398,3319.2889,3407.9638
140646000,3387.7366,2051100,25808500,7331255700,103057937300,3410.4767,3422.0398,3319.2889,3407.9638
140651000,3387.9837,1659600,20929300,7332915300,103078866600,3410.4767,3422.0398,3319.2889,3407.9638
140656000,3387.9234,2111500,27719800,7335026800,103106586400,3410.4767,3422.0398,3319.2889,3407.9638
140702000,3388.4033,3843400,38096600,7338870200,103144683000,3410.4767,3422.0398,3319.2889,3407.9638
140707000,3388.5158,2149300,27165400,7341019500,103171848400,3410.4767,3422.0398,3319.2889,3407.9638
140712000,3388.63,1519000,23549700,7342538500,103195398100,3410.4767,3422.0398,3319.2889,3407.9638
140717000,3388.7491,1553700,25422200,7344092200,103220820300,3410.4767,3422.0398,3319.2889,3407.9638
140722000,3388.556,1989500,28047700,7346081700,103248868000,3410.4767,3422.0398,3319.2889,3407.9638
140727000,3388.7801,1820900,38716600,7347902600,103287584600,3410.4767,3422.0398,3319.2889,3407.9638
140732000,3388.8046,1843100,25636300,7349745700,103313220900,3410.4767,3422.0398,3319.2889,3407.9638
140737000,3388.7338,2146200,25009000,7351891900,103338229900,3410.4767,3422.0398,3319.2889,3407.9638
140742000,3389.0233,1491800,20634700,7353383700,103358864600,3410.4767,3422.0398,3319.2889,3407.9638
140747000,3389.206,2281000,27214200,7355664700,103386078800,3410.4767,3422.0398,3319.2889,3407.9638
140752000,3389.582,2556000,37341300,7358220700,103423420100,3410.4767,3422.0398,3319.2889,3407.9638
140757000,3389.5361,1722700,23337300,7359943400,103446757400,3410.4767,3422.0398,3319.2889,3407.9638
140802000,3390.0103,2581900,43060200,7362525300,103489817600,3410.4767,3422.0398,3319.2889,3407.9638
140807000,3390.5318,3439100,45256700,7365964400,103535074300,3410.4767,3422.0398,3319.2889,3407.9638
140812000,3390.9003,2233000,30590400,7368197400,103565664700,3410.4767,3422.0398,3319.2889,3407.9638
140817000,3391.3595,2300300,30851500,7370497700,103596516200,3410.4767,3422.0398,3319.2889,3407.9638
140822000,3391.0766,8931800,61650700,7379429500,103658166900,3410.4767,3422.0398,3319.2889,3407.9638
140827000,3391.0089,2617900,29697000,7382047400,103687863900,3410.4767,3422.0398,3319.2889,3407.9638
140832000,3390.9446,2123500,32264900,7384170900,103720128800,3410.4767,3422.0398,3319.2889,3407.9638
140837000,3391.3525,2730700,44888000,7386901600,103765016800,3410.4767,3422.0398,3319.2889,3407.9638
140842000,3391.7738,1655600,24987800,7388557200,103790004600,3410.4767,3422.0398,3319.2889,3407.9638
140847000,3391.9168,2303700,30799000,7390860900,103820803600,3410.4767,3422.0398,3319.2889,3407.9638
140852000,3392.5759,2336300,31040900,7393197200,103851844500,3410.4767,3422.0398,3319.2889,3407.9638
140857000,3392.751,2332700,35739500,7395529900,103887584000,3410.4767,3422.0398,3319.2889,3407.9638
140902000,3392.46,2463200,33564800,7397993100,103921148800,3410.4767,3422.0398,3319.2889,3407.9638
140907000,3392.0519,3767500,42697400,7401760600,103963846200,3410.4767,3422.0398,3319.2889,3407.9638
140912000,3392.2789,1612300,20602500,7403372900,103984448700,3410.4767,3422.0398,3319.2889,3407.9638
140917000,3392.1306,2486600,34144200,7405859500,104018592900,3410.4767,3422.0398,3319.2889,3407.9638
140922000,3392.1859,3456000,45232300,7409315500,104063825200,3410.4767,3422.0398,3319.2889,3407.9638
140927000,3392.5686,1393800,25941500,7410709300,104089766700,3410.4767,3422.0398,3319.2889,3407.9638
140932000,3392.6522,1954800,30529600,7412664100,104120296300,3410.4767,3422.0398,3319.2889,3407.9638
140937000,3392.3702,2284100,33060300,7414948200,104153356600,3410.4767,3422.0398,3319.2889,3407.9638
140942000,3392.3176,2880400,26483400,7417828600,104179840000,3410.4767,3422.0398,3319.2889,3407.9638
140947000,3392.6128,2436900,31753700,7420265500,104211593700,3410.4767,3422.0398,3319.2889,3407.9638
140952000,3393.2704,3535500,40582300,7423801000,104252176000,3410.4767,3422.0398,3319.2889,3407.9638
140957000,3393.0105,2876600,26092500,7426677600,104278268500,3410.4767,3422.0398,3319.2889,3407.9638
141002000,3393.4078,1920500,26252100,7428598100,104304520600,3410.4767,3422.0398,3319.2889,3407.9638
141007000,3393.0487,2485100,32594700,7431083200,104337115300,3410.4767,3422.0398,3319.2889,3407.9638
141012000,3392.8154,2903000,29640600,7433986200,104366755900,3410.4767,3422.0398,3319.2889,3407.9638
141017000,3392.647,2194300,29403400,7436180500,104396159300,3410.4767,3422.0398,3319.2889,3407.9638
141022000,3392.5061,2424600,33673700,7438605100,104429833000,3410.4767,3422.0398,3319.2889,3407.9638
141027000,3392.6496,1534400,24525900,7440139500,104454358900,3410.4767,3422.0398,3319.2889,3407.9638
141032000,3392.8651,3516900,47151800,7443656400,104501510700,3410.4767,3422.0398,3319.2889,3407.9638
141037000,3393.2133,2417800,34167700,7446074200,104535678400,3410.4767,3422.0398,3319.2889,3407.9638
141042000,3393.8719,1710900,25159600,7447785100,104560838000,3410.4767,3422.0398,3319.2889,3407.9638
141047000,3393.5351,3643100,49143900,7451428200,104609981900,3410.4767,3422.0398,3319.2889,3407.9638
141052000,3393.2117,2866500,31734400,7454294700,104641716300,3410.4767,3422.0398,3319.2889,3407.9638
141058000,3393.2461,2300100,34285300,7456594800,104676001600,3410.4767,3422.0398,3319.2889,3407.9638
141103000,3393.097,2984700,30002100,7459579500,104706003700,3410.4767,3422.0398,3319.2889,3407.9638
141108000,3393.3503,2757600,38552900,7462337100,104744556600,3410.4767,3422.0398,3319.2889,3407.9638
141113000,3393.5004,3131500,41509000,7465468600,104786065600,3410.4767,3422.0398,3319.2889,3407.9638
141118000,3393.495,2182900,26520600,7467651500,104812586200,3410.4767,3422.0398,3319.2889,3407.9638
141123000,3393.1587,3037000,46285500,7470688500,104858871700,3410.4767,3422.0398,3319.2889,3407.9638
141128000,3393.9068,3137400,44586700,7473825900,104903458400,3410.4767,3422.0398,3319.2889,3407.9638
141133000,3393.7509,3866100,51083600,7477692000,104954542000,3410.4767,3422.0398,3319.2889,3407.9638
141138000,3394.7697,4230300,51016600,7481922300,105005558600,3410.4767,3422.0398,3319.2889,3407.9638
141143000,3396.5027,5198300,70198500,7487120600,105075757100,3410.4767,3422.0398,3319.2889,3407.9638
141148000,3397.0428,5489000,75239600,7492609600,105150996700,3410.4767,3422.0398,3319.2889,3407.9638
141153000,3397.5518,5033500,69741300,7497643100,105220738000,3410.4767,3422.0398,3319.2889,3407.9638
141158000,3398.1416,6536200,75314300,7504179300,105296052300,3410.4767,3422.0398,3319.2889,3407.9638
141203000,3398.5302,4628500,47397700,7508807800,105343450000,3410.4767,3422.0398,3319.2889,3407.9638
141208000,3399.1948,8629700,70937600,7517437500,105414387600,3410.4767,3422.0398,3319.2889,3407.9638
141213000,3399.839,6224000,82251800,7523661500,105496639400,3410.4767,3422.0398,3319.2889,3407.9638
141218000,3399.6374,4864100,51923800,7528525600,105548563200,3410.4767,3422.0398,3319.2889,3407.9638
141223000,3400.2988,11283500,78048300,7539809100,105626611500,3410.4767,3422.0398,3319.2889,3407.9638
141228000,3400.7561,8416400,75175000,7548225500,105701786500,3410.4767,3422.0398,3319.2889,3407.9638
141233000,3401.2378,3850300,55715800,7552075800,105757502300,3410.4767,3422.0398,3319.2889,3407.9638
141238000,3402.1072,5262400,59385300,7557338200,105816887600,3410.4767,3422.0398,3319.2889,3407.9638
141243000,3402.1244,6712900,59833500,7564051100,105876721100,3410.4767,3422.0398,3319.2889,3407.9638
141248000,3401.9656,6725700,51498200,7570776800,105928219300,3410.4767,3422.0398,3319.2889,3407.9638
141253000,3402.5204,4731200,60231000,7575508000,105988450300,3410.4767,3422.0398,3319.2889,3407.9638
141258000,3403.1843,7222000,90527900,7582730000,106078978200,3410.4767,3422.0398,3319.2889,3407.9638
141303000,3403.324,4149100,51849900,7586879100,106130828100,3410.4767,3422.0398,3319.2889,3407.9638
141308000,3403.7079,4885200,55944600,7591764300,106186772700,3410.4767,3422.0398,3319.2889,3407.9638
141313000,3403.3335,5403100,60603500,7597167400,106247376200,3410.4767,3422.0398,3319.2889,3407.9638
141318000,3403.3897,3400300,40734700,7600567700,106288110900,3410.4767,3422.0398,3319.2889,3407.9638
141323000,3403.6549,5052200,53263800,7605619900,106341374700,3410.4767,3422.0398,3319.2889,3407.9638
141328000,3404.1304,6411100,78061200,7612031000,106419435900,3410.4767,3422.0398,3319.2889,3407.9638
141333000,3404.1226,3487500,44604200,7615518500,106464040100,3410.4767,3422.0398,3319.2889,3407.9638
141338000,3404.3275,3625100,43325100,7619143600,106507365200,3410.4767,3422.0398,3319.2889,3407.9638
141343000,3404.4728,4816400,58052900,7623960000,106565418100,3410.4767,3422.0398,3319.2889,3407.9638
141348000,3404.7814,3155000,36248300,7627115000,106601666400,3410.4767,3422.0398,3319.2889,3407.9638
141353000,3404.7658,4654900,55588500,7631769900,106657254900,3410.4767,3422.0398,3319.2889,3407.9638
141358000,3404.9001,5694100,65603900,7637464000,106722858800,3410.4767,3422.0398,3319.2889,3407.9638
141403000,3405.3324,3813100,46716100,7641277100,106769574900,3410.4767,3422.0398,3319.2889,3407.9638
141408000,3405.3091,3950700,51742200,7645227800,106821317100,3410.4767,3422.0398,3319.2889,3407.9638
141413000,3405.4755,6440400,63891300,7651668200,106885208400,3410.4767,3422.0398,3319.2889,3407.9638
141418000,3405.4234,3672800,38755300,7655341000,106923963700,3410.4767,3422.0398,3319.2889,3407.9638
141423000,3405.2885,3575400,43914800,7658916400,106967878500,3410.4767,3422.0398,3319.2889,3407.9638
141428000,3405.406,4477000,62412800,7663393400,107030291300,3410.4767,3422.0398,3319.2889,3407.9638
141433000,3405.7561,3511600,45992600,7666905000,107076283900,3410.4767,3422.0398,3319.2889,3407.9638
141438000,3406.0432,4139400,47703300,7671044400,107123987200,3410.4767,3422.0398,3319.2889,3407.9638
141443000,3406.1903,4874000,57714900,7675918400,107181702100,3410.4767,3422.0398,3319.2889,3407.9638
141448000,3406.4729,3709600,43611300,7679628000,107225313400,3410.4767,3422.0398,3319.2889,3407.9638
141453000,3406.3221,4624500,53487700,7684252500,107278801100,3410.4767,3422.0398,3319.2889,3407.9638
141458000,3406.3684,3655300,43552900,7687907800,107322354000,3410.4767,3422.0398,3319.2889,3407.9638
141504000,3406.856,6482600,74632700,7694390400,107396986700,3410.4767,3422.0398,3319.2889,3407.9638
141509000,3406.6221,3970000,44026800,7698360400,107441013500,3410.4767,3422.0398,3319.2889,3407.9638
141514000,3406.7908,5168900,46970600,7703529300,107487984100,3410.4767,3422.0398,3319.2889,3407.9638
141519000,3406.4447,5749400,65130700,7709278700,107553114800,3410.4767,3422.0398,3319.2889,3407.9638
141524000,3406.6781,3429300,38892100,7712708000,107592006900,3410.4767,3422.0398,3319.2889,3407.9638
141529000,3406.717,4444800,50402700,7717152800,107642409600,3410.4767,3422.0398,3319.2889,3407.9638
141534000,3406.9231,4927400,63171800,7722080200,107705581400,3410.4767,3422.0398,3319.2889,3407.9638
141539000,3406.8101,2962700,39465100,7725042900,107745046500,3410.4767,3422.0398,3319.2889,3407.9638
141544000,3406.7757,4210700,50397500,7729253600,107795444000,3410.4767,3422.0398,3319.2889,3407.9638
141549000,3406.4259,4097600,49030500,7733351200,107844474500,3410.4767,3422.0398,3319.2889,3407.9638
141554000,3406.5352,2613500,31606300,7735964700,107876080800,3410.4767,3422.0398,3319.2889,3407.9638
141559000,3406.7494,4022300,44574700,7739987000,107920655500,3410.4767,3422.0398,3319.2889,3407.9638
141604000,3407.0665,3694600,43452300,7743681600,107964107800,3410.4767,3422.0398,3319.2889,3407.9638
141609000,3406.8816,3192300,45566000,7746873900,108009673800,3410.4767,3422.0398,3319.2889,3407.9638
141614000,3406.6411,4363800,53657400,7751237700,108063331200,3410.4767,3422.0398,3319.2889,3407.9638
141619000,3406.6615,3550800,43615900,7754788500,108106947100,3410.4767,3422.0398,3319.2889,3407.9638
141624000,3406.3744,3356700,36871300,7758145200,108143818400,3410.4767,3422.0398,3319.2889,3407.9638
141629000,3406.4766,4127700,54279100,7762272900,108198097500,3410.4767,3422.0398,3319.2889,3407.9638
141634000,3406.6986,5101400,49208000,7767374300,108247305500,3410.4767,3422.0398,3319.2889,3407.9638
141639000,3406.9114,2250900,28645000,7769625200,108275950500,3410.4767,3422.0398,3319.2889,3407.9638
141644000,3406.7873,2710900,33257100,7772336100,108309207600,3410.4767,3422.0398,3319.2889,3407.9638
141649000,3406.3741,4943000,54824300,7777279100,108364031900,3410.4767,3422.0398,3319.2889,3407.9638
141654000,3406.7411,2627600,32233000,7779906700,108396264900,3410.4767,3422.0398,3319.2889,3407.9638
141659000,3406.578,2344600,29964800,7782251300,108426229700,3410.4767,3422.0398,3319.2889,3407.9638
141704000,3406.5814,4226000,45629200,7786477300,108471858900,3410.4767,3422.0398,3319.2889,3407.9638
141709000,3406.6745,2410500,30826900,7788887800,108502685800,3410.4767,3422.0398,3319.2889,3407.9638
141714000,3407.0243,3903900,42958900,7792791700,108545644700,3410.4767,3422.0398,3319.2889,3407.9638
141719000,3406.4901,4597200,51211100,7797388900,108596855800,3410.4767,3422.0398,3319.2889,3407.9638
141724000,3406.4629,2488400,28234100,7799877300,108625089900,3410.4767,3422.0398,3319.2889,3407.9638
141729000,3406.8063,2530600,31577400,7802407900,108656667300,3410.4767,3422.0398,3319.2889,3407.9638
141734000,3407.0271,4545500,53578500,7806953400,108710245800,3410.4767,3422.0398,3319.2889,3407.9638
141739000,3406.9053,2389600,26879800,7809343000,108737125600,3410.4767,3422.0398,3319.2889,3407.9638
141744000,3407.0437,3979000,40875600,7813322000,108778001200,3410.4767,3422.0398,3319.2889,3407.9638
141749000,3407.2363,3001700,42411900,7816323700,108820413100,3410.4767,3422.0398,3319.2889,3407.9638
141754000,3407.1474,2234900,31180500,7818558600,108851593600,3410.4767,3422.0398,3319.2889,3407.9638
141759000,3407.1112,3880700,49984800,7822439300,108901578400,3410.4767,3422.0398,3319.2889,3407.9638
141804000,3407.5106,2825100,41114300,7825264400,108942692700,3410.4767,3422.0398,3319.2889,3407.9638
141809000,3407.1357,1997500,28453100,7827261900,108971145800,3410.4767,3422.0398,3319.2889,3407.9638
141814000,3407.1358,3655700,48017100,7830917600,109019162900,3410.4767,3422.0398,3319.2889,3407.9638
141819000,3407.2784,2889300,39118100,7833806900,109058281000,3410.4767,3422.0398,3319.2889,3407.9638
141824000,3407.5223,3030900,33720200,7836837800,109092001200,3410.4767,3422.0398,3319.2889,3407.9638
141829000,3407.5368,4448000,50096300,7841285800,109142097500,3410.4767,3422.0398,3319.2889,3407.9638
141834000,3407.7818,3293500,40639700,7844579300,109182737200,3410.4767,3422.0398,3319.2889,3407.9638
141839000,3407.9415,2265200,32897500,7846844500,109215634700,3410.4767,3422.0398,3319.2889,3407.9638
141844000,3407.6501,2721000,38731800,7849565500,109254366500,3410.4767,3422.0398,3319.2889,3407.9638
141849000,3407.7944,3289200,43554200,7852854700,109297920700,3410.4767,3422.0398,3319.2889,3407.9638
141854000,3408.4739,2130200,27748600,7854984900,109325669300,3410.4767,3422.0398,3319.2889,3407.9638
141859000,3408.324,2986900,40889500,7857971800,109366558800,3410.4767,3422.0398,3319.2889,3407.9638
141904000,3408.1005,3844700,51241400,7861816500,109417800200,3410.4767,3422.0398,3319.2889,3407.9638
141909000,3408.2328,2316600,31512600,7864133100,109449312800,3410.4767,3422.0398,3319.2889,3407.9638
141914000,3408.2377,2517600,37406000,7866650700,109486718800,3410.4767,3422.0398,3319.2889,3407.9638
141920000,3408.8724,2510900,32187800,7869161600,109518906600,3410.4767,3422.0398,3319.2889,3407.9638
141925000,3408.8483,4372500,41514500,7873534100,109560421100,3410.4767,3422.0398,3319.2889,3407.9638
141930000,3408.6973,2274200,31562600,7875808300,109591983700,3410.4767,3422.0398,3319.2889,3407.9638
141935000,3409.3396,2277400,32248800,7878085700,109624232500,3410.4767,3422.0398,3319.2889,3407.9638
141940000,3408.9687,2935700,35482700,7881021400,109659715200,3410.4767,3422.0398,3319.2889,3407.9638
141945000,3409.0835,3065700,30318800,7884087100,109690034000,3410.4767,3422.0398,3319.2889,3407.9638
141950000,3409.3556,2766500,41584800,7886853600,109731618800,3410.4767,3422.0398,3319.2889,3407.9638
141955000,3409.1665,4173400,52576000,7891027000,109784194800,3410.4767,3422.0398,3319.2889,3407.9638
142000000,3409.3182,3432700,38752500,7894459700,109822947300,3410.4767,3422.0398,3319.2889,3407.9638
142005000,3409.2134,2502000,33023800,7896961700,109855971100,3410.4767,3422.0398,3319.2889,3407.9638
142010000,3409.3999,4858600,53579200,7901820300,109909550300,3410.4767,3422.0398,3319.2889,3407.9638
142015000,3409.1541,3590600,38023500,7905410900,109947573800,3410.4767,3422.0398,3319.2889,3407.9638
142020000,3408.9147,3580100,37260100,7908991000,109984833900,3410.4767,3422.0398,3319.2889,3407.9638
142025000,3409.2241,3165500,44922500,7912156500,110029756400,3410.4767,3422.0398,3319.2889,3407.9638
142030000,3409.4142,1814200,26608500,7913970700,110056364900,3410.4767,3422.0398,3319.2889,3407.9638
142035000,3409.6066,2393200,34674500,7916363900,110091039400,3410.4767,3422.0398,3319.2889,3407.9638
142040000,3409.5044,2424100,32237100,7918788000,110123276500,3410.4767,3422.0398,3319.2889,3407.9638
142045000,3409.4226,2197600,29306400,7920985600,110152582900,3410.4767,3422.0398,3319.2889,3407.9638
142050000,3409.5175,3169400,41543900,7924155000,110194126800,3410.4767,3422.0398,3319.2889,3407.9638
142055000,3409.2564,4048000,48634500,7928203000,110242761300,3410.4767,3422.0398,3319.2889,3407.9638
142100000,3409.6499,4477900,37797900,7932680900,110280559200,3410.4767,3422.0398,3319.2889,3407.9638
142105000,3409.7147,3388300,48053100,7936069200,110328612300,3410.4767,3422.0398,3319.2889,3407.9638
142110000,3409.3967,6802700,64642500,7942871900,110393254800,3410.4767,3422.0398,3319.2889,3407.9638
142115000,3409.5276,2573800,30250000,7945445700,110423504800,3410.4767,3422.0398,3319.2889,3407.9638
142120000,3409.7303,3602000,43762200,7949047700,110467267000,3410.4767,3422.0398,3319.2889,3407.9638
142125000,3409.2466,4262000,60016800,7953309700,110527283800,3410.4767,3422.0398,3319.2889,3407.9638
142130000,3409.3228,3002200,39385100,7956311900,110566668900,3410.4767,3422.0398,3319.2889,3407.9638
142135000,3409.4348,2992100,44729700,7959304000,110611398600,3410.4767,3422.0398,3319.2889,3407.9638
142140000,3409.0699,3901600,48310800,7963205600,110659709400,3410.4767,3422.0398,3319.2889,3407.9638
142145000,3409.062,3028200,38033900,7966233800,110697743300,3410.4767,3422.0398,3319.2889,3407.9638
142150000,3408.8178,3894200,53828000,7970128000,110751571300,3410.4767,3422.0398,3319.2889,3407.9638
142155000,3407.8818,3173200,46399700,7973301200,110797971000,3410.4767,3422.0398,3319.2889,3407.9638
142200000,3407.9149,3422200,49336900,7976723400,110847307900,3410.4767,3422.0398,3319.2889,3407.9638
142205000,3407.7628,4732600,59595100,7981456000,110906903000,3410.4767,3422.0398,3319.2889,3407.9638
142210000,3407.111,4198600,55153900,7985654600,110962056900,3410.4767,3422.0398,3319.2889,3407.9638
142215000,3407.2784,2089300,30672300,7987743900,110992729200,3410.4767,3422.0398,3319.2889,3407.9638
142220000,3406.8312,3218700,45876800,7990962600,111038606000,3410.4767,3422.0398,3319.2889,3407.9638
142225000,3406.2427,5476000,64407100,7996438600,111103013100,3410.4767,3422.0398,3319.2889,3407.9638
142230000,3406.1829,2928500,40103900,7999367100,111143117000,3410.4767,3422.0398,3319.2889,3407.9638
142235000,3405.5445,4288300,54153700,8003655400,111197270700,3410.4767,3422.0398,3319.2889,3407.9638
142240000,3404.4129,4778700,60109300,8008434100,111257380000,3410.4767,3422.0398,3319.2889,3407.9638
142245000,3404.0792,3542800,42756500,8011976900,111300136500,3410.4767,3422.0398,3319.2889,3407.9638
142250000,3403.6821,3788700,49175100,8015765600,111349311600,3410.4767,3422.0398,3319.2889,3407.9638
142255000,3403.0809,4584700,56545200,8020350300,111405856800,3410.4767,3422.0398,3319.2889,3407.9638
142300000,3402.9392,3583700,42463000,8023934000,111448319800,3410.4767,3422.0398,3319.2889,3407.9638
142305000,3402.32,5250100,55647200,8029184100,111503967000,3410.4767,3422.0398,3319.2889,3407.9638
142310000,3401.7088,4112000,49693500,8033296100,111553660500,3410.4767,3422.0398,3319.2889,3407.9638
142316000,3401.9832,3839800,47989100,8037135900,111601649600,3410.4767,3422.0398,3319.2889,3407.9638
142321000,3401.7049,3150400,37161200,8040286300,111638810800,3410.4767,3422.0398,3319.2889,3407.9638
142326000,3401.3369,3193300,45180300,8043479600,111683991100,3410.4767,3422.0398,3319.2889,3407.9638
142331000,3401.8237,2932400,37964400,8046412000,111721955500,3410.4767,3422.0398,3319.2889,3407.9638
142335000,3401.0888,1589800,22975900,8048001800,111744931400,3410.4767,3422.0398,3319.2889,3407.9638
142341000,3401.4063,3420600,45243300,8051422400,111790174700,3410.4767,3422.0398,3319.2889,3407.9638
142346000,3401.2598,4611500,43481000,8056033900,111833655700,3410.4767,3422.0398,3319.2889,3407.9638
142351000,3401.0651,2753500,29750900,8058787400,111863406600,3410.4767,3422.0398,3319.2889,3407.9638
142356000,3401.2342,3135600,37708400,8061923000,111901115000,3410.4767,3422.0398,3319.2889,3407.9638
142401000,3401.4196,3377400,37795000,8065300400,111938910000,3410.4767,3422.0398,3319.2889,3407.9638
142406000,3401.0648,2256300,30725100,8067556700,111969635100,3410.4767,3422.0398,3319.2889,3407.9638
142411000,3400.8114,2010500,29433000,8069567200,111999068100,3410.4767,3422.0398,3319.2889,3407.9638
142416000,3400.8235,3237200,41753500,8072804400,112040821600,3410.4767,3422.0398,3319.2889,3407.9638
142421000,3400.8576,1991400,24392800,8074795800,112065214400,3410.4767,3422.0398,3319.2889,3407.9638
142426000,3400.9381,2381700,38224700,8077177500,112103439100,3410.4767,3422.0398,3319.2889,3407.9638
142431000,3401.0355,2625300,38540200,8079802800,112141979300,3410.4767,3422.0398,3319.2889,3407.9638
142436000,3400.8508,1728300,23149900,8081531100,112165129200,3410.4767,3422.0398,3319.2889,3407.9638
142441000,3400.584,2433200,32066000,8083964300,112197195200,3410.4767,3422.0398,3319.2889,3407.9638
142446000,3401.0754,2764900,36584200,8086729200,112233779400,3410.4767,3422.0398,3319.2889,3407.9638
142451000,3400.8459,2463300,27547300,8089192500,112261326700,3410.4767,3422.0398,3319.2889,3407.9638
142456000,3401.0768,3573400,42136600,8092765900,112303463300,3410.4767,3422.0398,3319.2889,3407.9638
142501000,3401.234,3326600,34498600,8096092500,112337961900,3410.4767,3422.0398,3319.2889,3407.9638
142506000,3400.7839,2252700,24427900,8098345200,112362389800,3410.4767,3422.0398,3319.2889,3407.9638
142511000,3400.6548,2387600,30922000,8100732800,112393311800,3410.4767,3422.0398,3319.2889,3407.9638
142516000,3400.5616,2146200,34943900,8102879000,112428255700,3410.4767,3422.0398,3319.2889,3407.9638
142521000,3400.5836,1686300,23729400,8104565300,112451985100,3410.4767,3422.0398,3319.2889,3407.9638
142526000,3400.3506,2715900,35369600,8107281200,112487354700,3410.4767,3422.0398,3319.2889,3407.9638
142531000,3400.2459,2156000,35021800,8109437200,112522376500,3410.4767,3422.0398,3319.2889,3407.9638
142536000,3400.9383,1584900,21345100,8111022100,112543721600,3410.4767,3422.0398,3319.2889,3407.9638
142541000,3400.5552,1938000,27953400,8112960100,112571675000,3410.4767,3422.0398,3319.2889,3407.9638
142546000,3400.593,2694000,37967600,8115654100,112609642600,3410.4767,3422.0398,3319.2889,3407.9638
142551000,3400.6453,1564200,19160000,8117218300,112628802600,3410.4767,3422.0398,3319.2889,3407.9638
142556000,3400.7366,2687100,31675600,8119905400,112660478200,3410.4767,3422.0398,3319.2889,3407.9638
142601000,3400.6205,2254500,34961600,8122159900,112695439800,3410.4767,3422.0398,3319.2889,3407.9638
142606000,3400.3623,1768000,22014300,8123927900,112717454100,3410.4767,3422.0398,3319.2889,3407.9638
142611000,3400.3243,2282600,25648900,8126210500,112743103000,3410.4767,3422.0398,3319.2889,3407.9638
142616000,3400.6149,1500300,19879800,8127710800,112762982800,3410.4767,3422.0398,3319.2889,3407.9638
142621000,3400.2461,1864600,25092400,8129575400,112788075200,3410.4767,3422.0398,3319.2889,3407.9638
142626000,3400.5286,1981500,31568500,8131556900,112819643700,3410.4767,3422.0398,3319.2889,3407.9638
142631000,3400.4399,2437500,35750700,8133994400,112855394400,3410.4767,3422.0398,3319.2889,3407.9638
142636000,3400.5155,1954500,28669800,8135948900,112884064200,3410.4767,3422.0398,3319.2889,3407.9638
142641000,3400.3909,2114200,28335100,8138063100,112912399300,3410.4767,3422.0398,3319.2889,3407.9638
142646000,3400.5579,2152600,27085300,8140215700,112939484600,3410.4767,3422.0398,3319.2889,3407.9638
142651000,3400.3728,2625200,28558700,8142840900,112968043300,3410.4767,3422.0398,3319.2889,3407.9638
142656000,3400.4594,1883300,26915200,8144724200,112994958500,3410.4767,3422.0398,3319.2889,3407.9638
142701000,3400.9068,2591700,32556000,8147315900,113027514500,3410.4767,3422.0398,3319.2889,3407.9638
142706000,3400.4231,1253600,22260200,8148569500,113049774700,3410.4767,3422.0398,3319.2889,3407.9638
142711000,3400.6299,2583100,32968100,8151152600,113082742800,3410.4767,3422.0398,3319.2889,3407.9638
142716000,3400.5221,6507000,42118400,8157659600,113124861200,3410.4767,3422.0398,3319.2889,3407.9638
142721000,3400.3678,1704300,22356400,8159363900,113147217600,3410.4767,3422.0398,3319.2889,3407.9638
142726000,3399.7885,1960100,27623800,8161324000,113174841400,3410.4767,3422.0398,3319.2889,3407.9638
142731000,3399.6213,2272800,29904000,8163596800,113204745400,3410.4767,3422.0398,3319.2889,3407.9638
142737000,3399.7303,2540000,40624100,8166136800,113245369500,3410.4767,3422.0398,3319.2889,3407.9638
142742000,3399.4326,2691100,27755100,8168827900,113273124600,3410.4767,3422.0398,3319.2889,3407.9638
142747000,3399.6007,1501500,22737500,8170329400,113295862100,3410.4767,3422.0398,3319.2889,3407.9638
142752000,3399.5726,2934300,39390400,8173263700,113335252500,3410.4767,3422.0398,3319.2889,3407.9638
142757000,3399.3802,2013600,25547700,8175277300,113360800200,3410.4767,3422.0398,3319.2889,3407.9638
142802000,3399.5132,4338400,49795900,8179615700,113410596100,3410.4767,3422.0398,3319.2889,3407.9638
142807000,3399.3579,2989000,39906300,8182604700,113450502400,3410.4767,3422.0398,3319.2889,3407.9638
142812000,3399.5772,2607300,27990000,8185212000,113478492400,3410.4767,3422.0398,3319.2889,3407.9638
142817000,3399.4096,2033800,30076100,8187245800,113508568500,3410.4767,3422.0398,3319.2889,3407.9638
142822000,3398.9937,3422200,44668600,8190668000,113553237100,3410.4767,3422.0398,3319.2889,3407.9638
142827000,3399.9553,2187600,32865200,8192855600,113586102300,3410.4767,3422.0398,3319.2889,3407.9638
142832000,3399.9546,2920700,37362100,8195776300,113623464400,3410.4767,3422.0398,3319.2889,3407.9638
142837000,3399.5996,2670100,33519400,8198446400,113656983800,3410.4767,3422.0398,3319.2889,3407.9638
142842000,3399.8085,1898800,23891600,8200345200,113680875400,3410.4767,3422.0398,3319.2889,3407.9638
142847000,3399.7747,3349900,36321000,8203695100,113717196400,3410.4767,3422.0398,3319.2889,3407.9638
142852000,3399.8873,4024900,40783800,8207720000,113757980200,3410.4767,3422.0398,3319.2889,3407.9638
142857000,3399.9925,2126600,26303900,8209846600,113784284100,3410.4767,3422.0398,3319.2889,3407.9638
142902000,3399.8157,4810300,39991600,8214656900,113824275700,3410.4767,3422.0398,3319.2889,3407.9638
142907000,3399.7866,2739300,38745800,8217396200,113863021500,3410.4767,3422.0398,3319.2889,3407.9638
142912000,3399.5159,1631700,23681900,8219027900,113886703400,3410.4767,3422.0398,3319.2889,3407.9638
142917000,3399.7566,2925400,36580500,8221953300,113923283900,3410.4767,3422.0398,3319.2889,3407.9638
142922000,3399.818,2806500,37685100,8224759800,113960969000,3410.4767,3422.0398,3319.2889,3407.9638
142927000,3400.1154,2593400,32555700,8227353200,113993524700,3410.4767,3422.0398,3319.2889,3407.9638
142932000,3400.5017,3240000,37446800,8230593200,114030971500,3410.4767,3422.0398,3319.2889,3407.9638
142937000,3401.2929,2909300,36136700,8233502500,114067108200,3410.4767,3422.0398,3319.2889,3407.9638
142942000,3400.6957,2281300,31184200,8235783800,114098292400,3410.4767,3422.0398,3319.2889,3407.9638
142947000,3400.7687,3016000,46097000,8238799800,114144389400,3410.4767,3422.0398,3319.2889,3407.9638
142952000,3402.036,5333400,60463200,8244133200,114204852600,3410.4767,3422.0398,3319.2889,3407.9638
142957000,3402.7258,2829600,34877300,8246962800,114239729900,3410.4767,3422.0398,3319.2889,3407.9638
143002000,3402.1813,2941400,43811200,8249904200,114283541100,3410.4767,3422.0398,3319.2889,3407.9638
143007000,3402.1763,2610600,37787800,8252514800,114321328900,3410.4767,3422.0398,3319.2889,3407.9638
143012000,3402.2566,2926200,37948500,8255441000,114359277400,3410.4767,3422.0398,3319.2889,3407.9638
143017000,3402.7833,2831900,40758000,8258272900,114400035400,3410.4767,3422.0398,3319.2889,3407.9638
143022000,3402.5121,3522200,42848500,8261795100,114442883900,3410.4767,3422.0398,3319.2889,3407.9638
143027000,3402.6215,2695200,28095700,8264490300,114470979600,3410.4767,3422.0398,3319.2889,3407.9638
143032000,3402.4367,3041700,38391500,8267532000,114509371100,3410.4767,3422.0398,3319.2889,3407.9638
143037000,3402.6946,3126700,38741300,8270658700,114548112400,3410.4767,3422.0398,3319.2889,3407.9638
143042000,3402.9564,2325000,29834600,8272983700,114577947000,3410.4767,3422.0398,3319.2889,3407.9638
143047000,3403.1636,2208200,31606900,8275191900,114609553900,3410.4767,3422.0398,3319.2889,3407.9638
143052000,3402.8852,3369000,39525400,8278560900,114649079300,3410.4767,3422.0398,3319.2889,3407.9638
143057000,3403.1463,2305600,29693700,8280866500,114678773000,3410.4767,3422.0398,3319.2889,3407.9638
143102000,3402.9137,4353700,43579500,8285220200,114722352500,3410.4767,3422.0398,3319.2889,3407.9638
143107000,3403.1859,3495200,41124600,8288715400,114763477100,3410.4767,3422.0398,3319.2889,3407.9638
143112000,3403.2937,3090300,35068400,8291805700,114798545500,3410.4767,3422.0398,3319.2889,3407.9638
143117000,3403.2731,3658500,41383900,8295464200,114839929400,3410.4767,3422.0398,3319.2889,3407.9638
143122000,3403.6832,4660100,50847800,8300124300,114890777200,3410.4767,3422.0398,3319.2889,3407.9638
143127000,3403.7767,2842900,34502600,8302967200,114925279800,3410.4767,3422.0398,3319.2889,3407.9638
143132000,3403.7863,2938000,38290200,8305905200,114963570000,3410.4767,3422.0398,3319.2889,3407.9638
143137000,3404.1527,4449100,48402200,8310354300,115011972200,3410.4767,3422.0398,3319.2889,3407.9638
143142000,3404.3033,2694100,29428700,8313048400,115041400900,3410.4767,3422.0398,3319.2889,3407.9638
143148000,3404.4794,5844700,63867800,8318893100,115105268700,3410.4767,3422.0398,3319.2889,3407.9638
143153000,3404.4771,4006600,49923900,8322899700,115155192600,3410.4767,3422.0398,3319.2889,3407.9638
143158000,3405.1972,6284800,58786600,8329184500,115213979200,3410.4767,3422.0398,3319.2889,3407.9638
143203000,3405.5894,4200400,48789000,8333384900,115262768200,3410.4767,3422.0398,3319.2889,3407.9638
143208000,3405.6923,5469100,66033400,8338854000,115328801600,3410.4767,3422.0398,3319.2889,3407.9638
143213000,3405.9049,5724600,64039300,8344578600,115392840900,3410.4767,3422.0398,3319.2889,3407.9638
143218000,3405.9724,3018300,33639500,8347596900,115426480400,3410.4767,3422.0398,3319.2889,3407.9638
143223000,3406.065,3528700,48106500,8351125600,115474586900,3410.4767,3422.0398,3319.2889,3407.9638
143228000,3406.5519,5128100,56254900,8356253700,115530841800,3410.4767,3422.0398,3319.2889,3407.9638
143233000,3406.6573,3720300,41318800,8359974000,115572160600,3410.4767,3422.0398,3319.2889,3407.9638
143238000,3407.6438,5686800,61614000,8365660800,115633774600,3410.4767,3422.0398,3319.2889,3407.9638
143243000,3407.6112,4509400,52883200,8370170200,115686657800,3410.4767,3422.0398,3319.2889,3407.9638
143248000,3408.1487,3826900,44681000,8373997100,115731338800,3410.4767,3422.0398,3319.2889,3407.9638
143253000,3407.9463,3449700,50284400,8377446800,115781623200,3410.4767,3422.0398,3319.2889,3407.9638
143258000,3408.2858,4301400,53371200,8381748200,115834994400,3410.4767,3422.0398,3319.2889,3407.9638
143303000,3408.6719,4190700,50828800,8385938900,115885823200,3410.4767,3422.0398,3319.2889,3407.9638
143308000,3408.9492,9735200,73570300,8395674100,115959393500,3410.4767,3422.0398,3319.2889,3407.9638
143313000,3408.7108,6379400,70877500,8402053500,116030271000,3410.4767,3422.0398,3319.2889,3407.9638
143318000,3408.7391,3846700,50839300,8405900200,116081110300,3410.4767,3422.0398,3319.2889,3407.9638
143323000,3408.6644,4634300,53074800,8410534500,116134185100,3410.4767,3422.0398,3319.2889,3407.9638
143328000,3408.9749,5718300,63464700,8416252800,116197649800,3410.4767,3422.0398,3319.2889,3407.9638
143333000,3409.1646,3331700,40991000,8419584500,116238640800,3410.4767,3422.0398,3319.2889,3407.9638
143338000,3409.032,3832800,47776300,8423417300,116286417100,3410.4767,3422.0398,3319.2889,3407.9638
143343000,3409.2758,3907200,51371500,8427324500,116337788600,3410.4767,3422.0398,3319.2889,3407.9638
143348000,3409.3903,3389700,52691500,8430714200,116390480100,3410.4767,3422.0398,3319.2889,3407.9638
143353000,3409.1827,4332100,54230900,8435046300,116444711000,3410.4767,3422.0398,3319.2889,3407.9638
143358000,3409.6822,6582100,60809500,8441628400,116505520500,3410.4767,3422.0398,3319.2889,3407.9638
143403000,3409.4433,2453600,37966500,8444082000,116543487000,3410.4767,3422.0398,3319.2889,3407.9638
143408000,3409.8026,6317400,71351500,8450399400,116614838500,3410.4767,3422.0398,3319.2889,3407.9638
143413000,3409.1408,6280600,62873000,8456680000,116677711500,3410.4767,3422.0398,3319.2889,3407.9638
143418000,3409.6548,3618400,37607100,8460298400,116715318600,3410.4767,3422.0398,3319.2889,3407.9638
143423000,3409.7371,3405700,51804500,8463704100,116767123100,3410.4767,3422.0398,3319.2889,3407.9638
143428000,3409.7686,4247500,53032300,8467951600,116820155400,3410.4767,3422.0398,3319.2889,3407.9638
143433000,3409.5444,2990100,37665200,8470941700,116857820600,3410.4767,3422.0398,3319.2889,3407.9638
143438000,3409.74,3654400,45645300,8474596100,116903465900,3410.4767,3422.0398,3319.2889,3407.9638
143443000,3409.7449,2864300,38274000,8477460400,116941739900,3410.4767,3422.0398,3319.2889,3407.9638
143448000,3409.7536,3174000,41782700,8480634400,116983522600,3410.4767,3422.0398,3319.2889,3407.9638
143453000,3409.6318,2874300,41178300,8483508700,117024700900,3410.4767,3422.0398,3319.2889,3407.9638
143458000,3409.876,3567200,38577800,8487075900,117063278700,3410.4767,3422.0398,3319.2889,3407.9638
143503000,3409.2863,2321400,28788400,8489397300,117092067100,3410.4767,3422.0398,3319.2889,3407.9638
143508000,3409.807,2691900,36542900,8492089200,117128610000,3410.4767,3422.0398,3319.2889,3407.9638
143513000,3409.8063,4711900,49822700,8496801100,117178432700,3410.4767,3422.0398,3319.2889,3407.9638
143518000,3409.4503,4243600,41293400,8501044700,117219726100,3410.4767,3422.0398,3319.2889,3407.9638
143523000,3409.3674,4251100,51948100,8505295800,117271674200,3410.4767,3422.0398,3319.2889,3407.9638
143528000,3409.3964,3972900,49755200,8509268700,117321429400,3410.4767,3422.0398,3319.2889,3407.9638
143533000,3408.98,3661200,45831100,8512929900,117367260500,3410.4767,3422.0398,3319.2889,3407.9638
143538000,3408.517,5488200,58361100,8518418100,117425621600,3410.4767,3422.0398,3319.2889,3407.9638
143543000,3408.5728,4473700,53114800,8522891800,117478736400,3410.4767,3422.0398,3319.2889,3407.9638
143549000,3408.4591,3999000,44218100,8526890800,117522954500,3410.4767,3422.0398,3319.2889,3407.9638
143554000,3408.4122,2803100,28384000,8529693900,117551338500,3410.4767,3422.0398,3319.2889,3407.9638
143558000,3408.2847,2420300,36328000,8532114200,117587666500,3410.4767,3422.0398,3319.2889,3407.9638
143604000,3407.7116,4443400,52697600,8536557600,117640364100,3410.4767,3422.0398,3319.2889,3407.9638
143609000,3407.6289,2466800,36181200,8539024400,117676545300,3410.4767,3422.0398,3319.2889,3407.9638
143614000,3407.5571,3421200,44405800,8542445600,117720951100,3410.4767,3422.0398,3319.2889,3407.9638
143619000,3407.5147,3028100,41156300,8545473700,117762107400,3410.4767,3422.0398,3319.2889,3407.9638
143624000,3406.8089,2585500,37003300,8548059200,117799110700,3410.4767,3422.0398,3319.2889,3407.9638
143629000,3407.0907,2857100,39418500,8550916300,117838529200,3410.4767,3422.0398,3319.2889,3407.9638
143634000,3406.9862,4704600,47479600,8555620900,117886008800,3410.4767,3422.0398,3319.2889,3407.9638
143639000,3407.1489,2175300,28879600,8557796200,117914888400,3410.4767,3422.0398,3319.2889,3407.9638
143644000,3407.1032,2226700,32970500,8560022900,117947858900,3410.4767,3422.0398,3319.2889,3407.9638
143649000,3406.8489,2759000,38110500,8562781900,117985969400,3410.4767,3422.0398,3319.2889,3407.9638
143654000,3406.825,2257200,33592600,8565039100,118019562000,3410.4767,3422.0398,3319.2889,3407.9638
143659000,3406.9069,2579300,32962300,8567618400,118052524300,3410.4767,3422.0398,3319.2889,3407.9638
143704000,3406.6271,3474300,41293000,8571092700,118093817300,3410.4767,3422.0398,3319.2889,3407.9638
143709000,3406.4478,2266600,28976500,8573359300,118122793800,3410.4767,3422.0398,3319.2889,3407.9638
143714000,3405.9584,3286000,42824700,8576645300,118165618500,3410.4767,3422.0398,3319.2889,3407.9638
143719000,3405.8563,2765000,35818600,8579410300,118201437100,3410.4767,3422.0398,3319.2889,3407.9638
143724000,3405.6302,2249900,25657500,8581660200,118227094600,3410.4767,3422.0398,3319.2889,3407.9638
143729000,3405.8188,2908300,33266200,8584568500,118260360800,3410.4767,3422.0398,3319.2889,3407.9638
143734000,3405.7114,3439000,39208000,8588007500,118299568800,3410.4767,3422.0398,3319.2889,3407.9638
143739000,3405.6639,2219500,29224900,8590227000,118328793700,3410.4767,3422.0398,3319.2889,3407.9638
143744000,3405.5953,2480300,30345700,8592707300,118359139400,3410.4767,3422.0398,3319.2889,3407.9638
143749000,3405.53,3408800,40559200,8596116100,118399698600,3410.4767,3422.0398,3319.2889,3407.9638
143754000,3405.4836,2190300,37830800,8598306400,118437529400,3410.4767,3422.0398,3319.2889,3407.9638
143759000,3405.3202,2495000,34431000,8600801400,118471960400,3410.4767,3422.0398,3319.2889,3407.9638
143804000,3404.907,2593000,38775900,8603394400,118510736300,3410.4767,3422.0398,3319.2889,3407.9638
143809000,3404.5423,2529900,32476700,8605924300,118543213000,3410.4767,3422.0398,3319.2889,3407.9638
143814000,3404.7056,5200800,49273300,8611125100,118592486300,3410.4767,3422.0398,3319.2889,3407.9638
143819000,3404.4537,3129200,41366300,8614254300,118633852600,3410.4767,3422.0398,3319.2889,3407.9638
143824000,3404.1616,2304100,33449800,8616558400,118667302400,3410.4767,3422.0398,3319.2889,3407.9638
143829000,3404.025,2726600,29930300,8619285000,118697232700,3410.4767,3422.0398,3319.2889,3407.9638
143834000,3403.8943,3181900,40689100,8622466900,118737921800,3410.4767,3422.0398,3319.2889,3407.9638
143839000,3403.9594,2601700,39397900,8625068600,118777319700,3410.4767,3422.0398,3319.2889,3407.9638
143844000,3403.6832,2866400,43800600,8627935000,118821120300,3410.4767,3422.0398,3319.2889,3407.9638
143849000,3403.3162,4574900,50338500,8632509900,118871458800,3410.4767,3422.0398,3319.2889,3407.9638
143854000,3403.0291,3798100,43914200,8636308000,118915373000,3410.4767,3422.0398,3319.2889,3407.9638
143859000,3403.1142,3565600,43024500,8639873600,118958397500,3410.4767,3422.0398,3319.2889,3407.9638
143904000,3402.9445,3727800,47195400,8643601400,119005592900,3410.4767,3422.0398,3319.2889,3407.9638
143909000,3402.8592,1925400,31260700,8645526800,119036853600,3410.4767,3422.0398,3319.2889,3407.9638
143914000,3402.4193,2102500,34342600,8647629300,119071196200,3410.4767,3422.0398,3319.2889,3407.9638
143919000,3402.4618,2918700,40407400,8650548000,119111603600,3410.4767,3422.0398,3319.2889,3407.9638
143924000,3402.6291,2540400,34337300,8653088400,119145940900,3410.4767,3422.0398,3319.2889,3407.9638
143929000,3402.8779,3276500,41346100,8656364900,119187287000,3410.4767,3422.0398,3319.2889,3407.9638
143934000,3402.4272,4419900,47132300,8660784800,119234419300,3410.4767,3422.0398,3319.2889,3407.9638
143939000,3402.9568,2737100,34721500,8663521900,119269140800,3410.4767,3422.0398,3319.2889,3407.9638
143944000,3402.5528,2769000,38428300,8666290900,119307569100,3410.4767,3422.0398,3319.2889,3407.9638
143949000,3402.4405,3459000,47846400,8669749900,119355415500,3410.4767,3422.0398,3319.2889,3407.9638
143955000,3402.4943,3015100,39864000,8672765000,119395279500,3410.4767,3422.0398,3319.2889,3407.9638
144000000,3402.6228,1856500,24562300,8674621500,119419841800,3410.4767,3422.0398,3319.2889,3407.9638
144005000,3402.5361,2615400,40751600,8677236900,119460593400,3410.4767,3422.0398,3319.2889,3407.9638
144010000,3402.9351,3509300,38845800,8680746200,119499439200,3410.4767,3422.0398,3319.2889,3407.9638
144015000,3402.4167,2865000,35165000,8683611200,119534604200,3410.4767,3422.0398,3319.2889,3407.9638
144020000,3402.5048,3030000,37549900,8686641200,119572154100,3410.4767,3422.0398,3319.2889,3407.9638
144025000,3403.1635,3547100,41902600,8690188300,119614056700,3410.4767,3422.0398,3319.2889,3407.9638
144030000,3402.6593,1898800,22056900,8692087100,119636113600,3410.4767,3422.0398,3319.2889,3407.9638
144035000,3403.2262,2424400,28656300,8694511500,119664769900,3410.4767,3422.0398,3319.2889,3407.9638
144040000,3402.98,3426900,41528100,8697938400,119706298000,3410.4767,3422.0398,3319.2889,3407.9638
144045000,3402.9773,1998900,23552200,8699937300,119729850200,3410.4767,3422.0398,3319.2889,3407.9638
144050000,3403.2057,2961700,36139300,8702899000,119765989500,3410.4767,3422.0398,3319.2889,3407.9638
144055000,3403.2492,2844200,36935100,8705743200,119802924600,3410.4767,3422.0398,3319.2889,3407.9638
144100000,3402.8364,2187600,26014100,8707930800,119828938700,3410.4767,3422.0398,3319.2889,3407.9638
144105000,3402.8574,2346900,32242100,8710277700,119861180800,3410.4767,3422.0398,3319.2889,3407.9638
144110000,3402.7945,3087700,38541100,8713365400,119899721900,3410.4767,3422.0398,3319.2889,3407.9638
144115000,3402.9218,1971400,25640700,8715336800,119925362600,3410.4767,3422.0398,3319.2889,3407.9638
144120000,3402.936,1811300,29478500,8717148100,119954841100,3410.4767,3422.0398,3319.2889,3407.9638
144125000,3402.8069,2761200,35436700,8719909300,119990277800,3410.4767,3422.0398,3319.2889,3407.9638
144130000,3402.4907,2307400,32958300,8722216700,120023236100,3410.4767,3422.0398,3319.2889,3407.9638
144135000,3402.4454,2345600,32832900,8724562300,120056069000,3410.4767,3422.0398,3319.2889,3407.9638
144140000,3402.9463,2521400,38507700,8727083700,120094576700,3410.4767,3422.0398,3319.2889,3407.9638
144145000,3403.1969,1467800,22379400,8728551500,120116956100,3410.4767,3422.0398,3319.2889,3407.9638
144150000,3403.1722,3731500,55765900,8732283000,120172722000,3410.4767,3422.0398,3319.2889,3407.9638
144155000,3402.9918,2973400,41578500,8735256400,120214300500,3410.4767,3422.0398,3319.2889,3407.9638
144200000,3402.8227,2460500,31459300,8737716900,120245759800,3410.4767,3422.0398,3319.2889,3407.9638
144205000,3402.6763,2311800,35059700,8740028700,120280819500,3410.4767,3422.0398,3319.2889,3407.9638
144210000,3401.9004,3782800,52429400,8743811500,120333248900,3410.4767,3422.0398,3319.2889,3407.9638
144215000,3401.6766,3348300,40764800,8747159800,120374013700,3410.4767,3422.0398,3319.2889,3407.9638
144220000,3401.4327,2956600,42260100,8750116400,120416273800,3410.4767,3422.0398,3319.2889,3407.9638
144225000,3401.3844,3558500,45920000,8753674900,120462193800,3410.4767,3422.0398,3319.2889,3407.9638
144230000,3401.4272,2308200,29723400,8755983100,120491917200,3410.4767,3422.0398,3319.2889,3407.9638
144235000,3401.1236,3779400,44813500,8759762500,120536730700,3410.4767,3422.0398,3319.2889,3407.9638
144240000,3401.1675,3490800,47961600,8763253300,120584692300,3410.4767,3422.0398,3319.2889,3407.9638
144245000,3400.8842,1742500,23581900,8764995800,120608274200,3410.4767,3422.0398,3319.2889,3407.9638
144250000,3401.0838,2439400,35129500,8767435200,120643403700,3410.4767,3422.0398,3319.2889,3407.9638
144255000,3400.7369,3147100,48566200,8770582300,120691969900,3410.4767,3422.0398,3319.2889,3407.9638
144300000,3400.6949,2172300,28223600,8772754600,120720193500,3410.4767,3422.0398,3319.2889,3407.9638
144305000,3400.377,3626400,45952000,8776381000,120766145500,3410.4767,3422.0398,3319.2889,3407.9638
144310000,3400.4574,3306200,41777600,8779687200,120807923100,3410.4767,3422.0398,3319.2889,3407.9638
144315000,3400.0691,4065500,48914100,8783752700,120856837200,3410.4767,3422.0398,3319.2889,3407.9638
144320000,3399.7893,3809500,45072500,8787562200,120901909700,3410.4767,3422.0398,3319.2889,3407.9638
144325000,3399.2905,3699400,43155300,8791261600,120945065000,3410.4767,3422.0398,3319.2889,3407.9638
144330000,3399.3544,3272500,33897000,8794534100,120978962000,3410.4767,3422.0398,3319.2889,3407.9638
144335000,3398.5718,4862800,47776300,8799396900,121026738300,3410.4767,3422.0398,3319.2889,3407.9638
144340000,3398.8869,4436000,52084700,8803832900,121078823000,3410.4767,3422.0398,3319.2889,3407.9638
144345000,3398.674,2091900,27211200,8805924800,121106034200,3410.4767,3422.0398,3319.2889,3407.9638
144350000,3398.6688,2415100,40704300,8808339900,121146738500,3410.4767,3422.0398,3319.2889,3407.9638
144355000,3398.6638,3257700,37498600,8811597600,121184237100,3410.4767,3422.0398,3319.2889,3407.9638
144400000,3398.3098,2568400,31311400,8814166000,121215548500,3410.4767,3422.0398,3319.2889,3407.9638
144406000,3398.0586,3818200,48317700,8817984200,121263866200,3410.4767,3422.0398,3319.2889,3407.9638
144411000,3398.1684,2458700,31901400,8820442900,121295767600,3410.4767,3422.0398,3319.2889,3407.9638
144416000,3397.9689,3016300,39218500,8823459200,121334986100,3410.4767,3422.0398,3319.2889,3407.9638
144421000,3397.2442,2071200,29215500,8825530400,121364201600,3410.4767,3422.0398,3319.2889,3407.9638
144426000,3397.5858,3020400,38120800,8828550800,121402322400,3410.4767,3422.0398,3319.2889,3407.9638
144431000,3397.0397,3886800,52124500,8832437600,121454446900,3410.4767,3422.0398,3319.2889,3407.9638
144436000,3396.9775,3274500,38770900,8835712100,121493217800,3410.4767,3422.0398,3319.2889,3407.9638
144441000,3396.9111,3253000,34681900,8838965100,121527899700,3410.4767,3422.0398,3319.2889,3407.9638
144446000,3397.1707,2716200,39322700,8841681300,121567222400,3410.4767,3422.0398,3319.2889,3407.9638
144451000,3397.0041,2274900,33674400,8843956200,121600896800,3410.4767,3422.0398,3319.2889,3407.9638
144456000,3397.3695,3377100,46178500,8847333300,121647075300,3410.4767,3422.0398,3319.2889,3407.9638
144501000,3396.7733,3259400,42859200,8850592700,121689934500,3410.4767,3422.0398,3319.2889,3407.9638
144506000,3396.4433,1815000,29117700,8852407700,121719052200,3410.4767,3422.0398,3319.2889,3407.9638
144511000,3396.7899,2394600,33488500,8854802300,121752540700,3410.4767,3422.0398,3319.2889,3407.9638
144516000,3396.5054,3939100,42897600,8858741400,121795438300,3410.4767,3422.0398,3319.2889,3407.9638
144521000,3396.3434,2782500,35131700,8861523900,121830570000,3410.4767,3422.0398,3319.2889,3407.9638
144526000,3396.3223,2519800,33644300,8864043700,121864214300,3410.4767,3422.0398,3319.2889,3407.9638
144531000,3396.2058,2538100,31886300,8866581800,121896100600,3410.4767,3422.0398,3319.2889,3407.9638
144536000,3396.1936,2520400,33863100,8869102200,121929963700,3410.4767,3422.0398,3319.2889,3407.9638
144541000,3396.221,2899700,37404100,8872001900,121967367800,3410.4767,3422.0398,3319.2889,3407.9638
144546000,3396.1053,2827200,33125700,8874829100,122000493500,3410.4767,3422.0398,3319.2889,3407.9638
144551000,3396.3656,2331100,27462300,8877160200,122027955800,3410.4767,3422.0398,3319.2889,3407.9638
144556000,3395.8051,2681000,34366100,8879841200,122062321900,3410.4767,3422.0398,3319.2889,3407.9638
144601000,3395.8961,2328800,36993300,8882170000,122099315200,3410.4767,3422.0398,3319.2889,3407.9638
144606000,3395.8301,2788300,33399600,8884958300,122132714800,3410.4767,3422.0398,3319.2889,3407.9638
144611000,3395.9384,2205500,32054600,8887163800,122164769400,3410.4767,3422.0398,3319.2889,3407.9638
144616000,3395.5391,3143200,40449800,8890307000,122205219200,3410.4767,3422.0398,3319.2889,3407.9638
144621000,3395.7065,1880900,26155400,8892187900,122231374600,3410.4767,3422.0398,3319.2889,3407.9638
144626000,3395.5342,2252800,35877200,8894440700,122267251800,3410.4767,3422.0398,3319.2889,3407.9638
144631000,3395.3158,3634100,41112800,8898074800,122308364600,3410.4767,3422.0398,3319.2889,3407.9638
144636000,3395.6316,2841600,33126100,8900916400,122341490700,3410.4767,3422.0398,3319.2889,3407.9638
144641000,3395.3332,3198500,32526900,8904114900,122374017600,3410.4767,3422.0398,3319.2889,3407.9638
144646000,3395.6487,2300900,35153900,8906415800,122409171500,3410.4767,3422.0398,3319.2889,3407.9638
144651000,3395.6215,2410900,27233300,8908826700,122436404800,3410.4767,3422.0398,3319.2889,3407.9638
144656000,3395.7468,2300900,34417100,8911127600,122470821900,3410.4767,3422.0398,3319.2889,3407.9638
144701000,3395.7182,2444100,36225800,8913571700,122507047700,3410.4767,3422.0398,3319.2889,3407.9638
144706000,3395.4968,3115000,34065500,8916686700,122541113200,3410.4767,3422.0398,3319.2889,3407.9638
144711000,3395.3095,2919600,42696600,8919606300,122583809800,3410.4767,3422.0398,3319.2889,3407.9638
144716000,3395.9209,2935500,42721300,8922541800,122626531100,3410.4767,3422.0398,3319.2889,3407.9638
144721000,3395.1695,1665900,26557700,8924207700,122653088800,3410.4767,3422.0398,3319.2889,3407.9638
144726000,3395.3015,2840200,44352500,8927047900,122697441300,3410.4767,3422.0398,3319.2889,3407.9638
144731000,3395.6951,3079400,42567600,8930127300,122740008900,3410.4767,3422.0398,3319.2889,3407.9638
144736000,3396.2093,2067900,30030400,8932195200,122770039300,3410.4767,3422.0398,3319.2889,3407.9638
144741000,3396.0983,2085500,27060400,8934280700,122797099700,3410.4767,3422.0398,3319.2889,3407.9638
144746000,3395.7207,3107300,40423400,8937388000,122837523100,3410.4767,3422.0398,3319.2889,3407.9638
144751000,3396.3244,1920800,34284600,8939308800,122871807700,3410.4767,3422.0398,3319.2889,3407.9638
144756000,3396.512,2177100,39066600,8941485900,122910874300,3410.4767,3422.0398,3319.2889,3407.9638
144802000,3397.2093,4741500,58140700,8946227400,122969015000,3410.4767,3422.0398,3319.2889,3407.9638
144806000,3397.1344,2587800,33406700,8948815200,123002421700,3410.4767,3422.0398,3319.2889,3407.9638
144811000,3397.1797,4221100,42958400,8953036300,123045380100,3410.4767,3422.0398,3319.2889,3407.9638
144817000,3396.7749,3819000,44224900,8956855300,123089605000,3410.4767,3422.0398,3319.2889,3407.9638
144821000,3397.0164,2512500,30345300,8959367800,123119950300,3410.4767,3422.0398,3319.2889,3407.9638
144827000,3396.7306,3353300,45642100,8962721100,123165592400,3410.4767,3422.0398,3319.2889,3407.9638
144832000,3396.6734,2488300,31474500,8965209400,123197066900,3410.4767,3422.0398,3319.2889,3407.9638
144837000,3397.1579,3222200,42693100,8968431600,123239760000,3410.4767,3422.0398,3319.2889,3407.9638
144842000,3397.1205,1857300,24228600,8970288900,123263988600,3410.4767,3422.0398,3319.2889,3407.9638
144847000,3397.4396,2316700,34688900,8972605600,123298677500,3410.4767,3422.0398,3319.2889,3407.9638
144852000,3397.5223,3210700,39181500,8975816300,123337859000,3410.4767,3422.0398,3319.2889,3407.9638
144857000,3397.8901,2158900,22184300,8977975200,123360043300,3410.4767,3422.0398,3319.2889,3407.9638
144902000,3398.2877,2429400,35743200,8980404600,123395786500,3410.4767,3422.0398,3319.2889,3407.9638
144907000,3397.8731,2808800,37656400,8983213400,123433442900,3410.4767,3422.0398,3319.2889,3407.9638
144912000,3398.0169,1684900,23446000,8984898300,123456888900,3410.4767,3422.0398,3319.2889,3407.9638
144917000,3398.2243,2954700,41308500,8987853000,123498197400,3410.4767,3422.0398,3319.2889,3407.9638
144922000,3397.973,2644000,33549100,8990497000,123531746500,3410.4767,3422.0398,3319.2889,3407.9638
144927000,3398.1158,2567100,36397900,8993064100,123568144400,3410.4767,3422.0398,3319.2889,3407.9638
144932000,3398.5654,2875300,39937200,8995939400,123608081600,3410.4767,3422.0398,3319.2889,3407.9638
144937000,3398.6691,3754400,48261900,8999693800,123656343500,3410.4767,3422.0398,3319.2889,3407.9638
144942000,3398.4147,2047100,29811700,9001740900,123686155200,3410.4767,3422.0398,3319.2889,3407.9638
144947000,3398.8974,4293700,50021100,9006034600,123736176300,3410.4767,3422.0398,3319.2889,3407.9638
144952000,3398.9825,4253900,47582500,9010288500,123783758800,3410.4767,3422.0398,3319.2889,3407.9638
144957000,3399.1979,2549500,29985600,9012838000,123813744400,3410.4767,3422.0398,3319.2889,3407.9638
145002000,3399.5083,3905400,53167900,9016743400,123866912300,3410.4767,3422.0398,3319.2889,3407.9638
145007000,3399.4486,3449900,41774800,9020193300,123908687100,3410.4767,3422.0398,3319.2889,3407.9638
145012000,3399.7096,2962200,36498200,9023155500,123945185300,3410.4767,3422.0398,3319.2889,3407.9638
145017000,3399.9494,3884600,53009400,9027040100,123998194700,3410.4767,3422.0398,3319.2889,3407.9638
145022000,3400.2429,4841300,59477400,9031881400,124057672100,3410.4767,3422.0398,3319.2889,3407.9638
145027000,3400.601,3701200,42749400,9035582600,124100421500,3410.4767,3422.0398,3319.2889,3407.9638
145032000,3400.4381,3658500,47668100,9039241100,124148089600,3410.4767,3422.0398,3319.2889,3407.9638
145037000,3400.5562,4737200,61827000,9043978300,124209916600,3410.4767,3422.0398,3319.2889,3407.9638
145042000,3400.627,2550600,29580100,9046528900,124239496700,3410.4767,3422.0398,3319.2889,3407.9638
145047000,3400.7198,3355200,43298400,9049884100,124282795100,3410.4767,3422.0398,3319.2889,3407.9638
145052000,3401.11,3802300,47060800,9053686400,124329855900,3410.4767,3422.0398,3319.2889,3407.9638
145057000,3400.9423,5376400,71485300,9059062800,124401341200,3410.4767,3422.0398,3319.2889,3407.9638
145102000,3401.5703,7785800,102392500,9066848600,124503733700,3410.4767,3422.0398,3319.2889,3407.9638
145107000,3401.6272,11110700,140816100,9077959300,124644549800,3410.4767,3422.0398,3319.2889,3407.9638
145112000,3401.8592,3404100,43014700,9081363400,124687564500,3410.4767,3422.0398,3319.2889,3407.9638
145117000,3401.6206,3600900,50790200,9084964300,124738354700,3410.4767,3422.0398,3319.2889,3407.9638
145122000,3401.8882,4186700,47743300,9089151000,124786098000,3410.4767,3422.0398,3319.2889,3407.9638
145127000,3402.0003,3525200,34011600,9092676200,124820109600,3410.4767,3422.0398,3319.2889,3407.9638
145132000,3401.9163,5264400,56101300,9097940600,124876210900,3410.4767,3422.0398,3319.2889,3407.9638
145137000,3402.1928,4701400,56062700,9102642000,124932273600,3410.4767,3422.0398,3319.2889,3407.9638
145142000,3402.4887,4508000,51966700,9107150000,124984240300,3410.4767,3422.0398,3319.2889,3407.9638
145147000,3402.9988,4919300,60387000,9112069300,125044627300,3410.4767,3422.0398,3319.2889,3407.9638
145152000,3402.7551,5192100,59064500,9117261400,125103691800,3410.4767,3422.0398,3319.2889,3407.9638
145157000,3403.0095,4568300,61883700,9121829700,125165575500,3410.4767,3422.0398,3319.2889,3407.9638
145202000,3403.0007,3434500,47619600,9125264200,125213195100,3410.4767,3422.0398,3319.2889,3407.9638
145207000,3403.0453,4616700,55095600,9129880900,125268290700,3410.4767,3422.0398,3319.2889,3407.9638
145212000,3403.1361,2927800,36795500,9132808700,125305086200,3410.4767,3422.0398,3319.2889,3407.9638
145218000,3403.0867,3178800,42350300,9135987500,125347436500,3410.4767,3422.0398,3319.2889,3407.9638
145222000,3402.8166,4437300,48223300,9140424800,125395659800,3410.4767,3422.0398,3319.2889,3407.9638
145228000,3402.6388,5605800,56307300,9146030600,125451967100,3410.4767,3422.0398,3319.2889,3407.9638
145233000,3402.8198,2707500,40089200,9148738100,125492056300,3410.4767,3422.0398,3319.2889,3407.9638
145238000,3402.7071,3863100,49323000,9152601200,125541379300,3410.4767,3422.0398,3319.2889,3407.9638
145243000,3402.6933,3452900,42256400,9156054100,125583635700,3410.4767,3422.0398,3319.2889,3407.9638
145248000,3403.5221,2580200,33157300,9158634300,125616793000,3410.4767,3422.0398,3319.2889,3407.9638
145253000,3403.189,3810200,50304700,9162444500,125667097700,3410.4767,3422.0398,3319.2889,3407.9638
145258000,3403.3149,4481300,52914700,9166925800,125720012400,3410.4767,3422.0398,3319.2889,3407.9638
145303000,3402.8734,2600500,31805200,9169526300,125751817600,3410.4767,3422.0398,3319.2889,3407.9638
145308000,3403.3375,2801700,38117400,9172328000,125789935000,3410.4767,3422.0398,3319.2889,3407.9638
145313000,3403.1909,4416600,48915600,9176744600,125838850600,3410.4767,3422.0398,3319.2889,3407.9638
145318000,3403.2033,2744700,36895800,9179489300,125875746400,3410.4767,3422.0398,3319.2889,3407.9638
145323000,3403.0043,5262600,50790900,9184751900,125926537300,3410.4767,3422.0398,3319.2889,3407.9638
145328000,3403.0487,3068400,48540000,9187820300,125975077300,3410.4767,3422.0398,3319.2889,3407.9638
145333000,3403.5301,3369700,43990600,9191190000,126019067900,3410.4767,3422.0398,3319.2889,3407.9638
145338000,3403.4548,4326900,51913900,9195516900,126070981800,3410.4767,3422.0398,3319.2889,3407.9638
145343000,3403.5418,3387400,41265300,9198904300,126112247100,3410.4767,3422.0398,3319.2889,3407.9638
145348000,3403.7376,2746200,36406800,9201650500,126148653900,3410.4767,3422.0398,3319.2889,3407.9638
145353000,3404.2154,5852400,58370000,9207502900,126207023900,3410.4767,3422.0398,3319.2889,3407.9638
145358000,3404.3261,4044400,48863600,9211547300,126255887500,3410.4767,3422.0398,3319.2889,3407.9638
145403000,3404.4184,2956000,34056900,9214503300,126289944400,3410.4767,3422.0398,3319.2889,3407.9638
145408000,3403.9958,4378100,46898200,9218881400,126336842600,3410.4767,3422.0398,3319.2889,3407.9638
145413000,3403.5755,3608900,46166500,9222490300,126383009100,3410.4767,3422.0398,3319.2889,3407.9638
145418000,3404.3789,2577000,30139500,9225067300,126413148600,3410.4767,3422.0398,3319.2889,3407.9638
145423000,3404.2961,3512200,47460800,9228579500,126460609400,3410.4767,3422.0398,3319.2889,3407.9638
145428000,3404.9809,4424700,48798900,9233004200,126509408300,3410.4767,3422.0398,3319.2889,3407.9638
145433000,3405.1053,3217800,32972400,9236222000,126542380700,3410.4767,3422.0398,3319.2889,3407.9638
145438000,3404.7179,4597400,49930600,9240819400,126592311300,3410.4767,3422.0398,3319.2889,3407.9638
145443000,3404.7101,3744500,47303800,9244563900,126639615100,3410.4767,3422.0398,3319.2889,3407.9638
145448000,3405.0492,2291500,30320600,9246855400,126669935700,3410.4767,3422.0398,3319.2889,3407.9638
145453000,3405.4712,3507700,47391800,9250363100,126717327500,3410.4767,3422.0398,3319.2889,3407.9638
145458000,3405.328,4383500,59330000,9254746600,126776657500,3410.4767,3422.0398,3319.2889,3407.9638
145503000,3405.2656,4400400,42188200,9259147000,126818845700,3410.4767,3422.0398,3319.2889,3407.9638
145508000,3405.3346,4524100,50045900,9263671100,126868891600,3410.4767,3422.0398,3319.2889,3407.9638
145513000,3405.0953,4334700,46807400,9268005800,126915699000,3410.4767,3422.0398,3319.2889,3407.9638
145518000,3405.2029,3131000,38510200,9271136800,126954209200,3410.4767,3422.0398,3319.2889,3407.9638
145523000,3405.1923,3309800,40297000,9274446600,126994506200,3410.4767,3422.0398,3319.2889,3407.9638
145528000,3405.0366,5744200,64710600,9280190800,127059216800,3410.4767,3422.0398,3319.2889,3407.9638
145533000,3405.57,2759600,39888200,9282950400,127099105000,3410.4767,3422.0398,3319.2889,3407.9638
145538000,3405.5875,3459000,50330600,9286409400,127149435600,3410.4767,3422.0398,3319.2889,3407.9638
145543000,3406.1614,3801800,41268000,9290211200,127190703600,3410.4767,3422.0398,3319.2889,3407.9638
145548000,3406.047,2548600,30639500,9292759800,127221343100,3410.4767,3422.0398,3319.2889,3407.9638
145553000,3405.6076,4119400,40551000,9296879200,127261894100,3410.4767,3422.0398,3319.2889,3407.9638
145558000,3405.9463,6514700,57554900,9303393900,127319449000,3410.4767,3422.0398,3319.2889,3407.9638
145603000,3406.4898,3840600,46984500,9307234500,127366433500,3410.4767,3422.0398,3319.2889,3407.9638
145608000,3406.0619,4250500,58336600,9311485000,127424770100,3410.4767,3422.0398,3319.2889,3407.9638
145613000,3406.2625,5899500,54951800,9317384500,127479721900,3410.4767,3422.0398,3319.2889,3407.9638
145619000,3406.2664,6458700,55145200,9323843200,127534867100,3410.4767,3422.0398,3319.2889,3407.9638
145623000,3406.3269,2494200,32455200,9326337400,127567322300,3410.4767,3422.0398,3319.2889,3407.9638
145629000,3406.6261,5957600,62928900,9332295000,127630251200,3410.4767,3422.0398,3319.2889,3407.9638
145634000,3406.3859,6841800,73331600,9339136800,127703582800,3410.4767,3422.0398,3319.2889,3407.9638
145639000,3406.7834,3645300,47719300,9342782100,127751302100,3410.4767,3422.0398,3319.2889,3407.9638
145644000,3407.1921,4696300,56942200,9347478400,127808244300,3410.4767,3422.0398,3319.2889,3407.9638
145649000,3407.3836,4215300,60116500,9351693700,127868360800,3410.4767,3422.0398,3319.2889,3407.9638
145654000,3407.2572,3842900,52098400,9355536600,127920459200,3410.4767,3422.0398,3319.2889,3407.9638
145659000,3406.8604,4088200,47540000,9359624800,127967999200,3410.4767,3422.0398,3319.2889,3407.9638
145704000,3406.8947,4873000,58027000,9364497800,128026026200,3410.4767,3422.0398,3319.2889,3407.9638
145709000,3406.9912,2722000,33563800,9367219800,128059590000,3410.4767,3422.0398,3319.2889,3407.9638
145714000,3407.3806,3777800,32813400,9370997600,128092403400,3410.4767,3422.0398,3319.2889,3407.9638
145719000,3407.5774,2787500,29724900,9373785100,128122128300,3410.4767,3422.0398,3319.2889,3407.9638
145724000,3407.3005,2502900,37384800,9376288000,128159513100,3410.4767,3422.0398,3319.2889,3407.9638
145729000,3407.3477,1976600,27082300,9378264600,128186595400,3410.4767,3422.0398,3319.2889,3407.9638
145734000,3407.2688,2091000,21817900,9380355600,128208413300,3410.4767,3422.0398,3319.2889,3407.9638
145739000,3407.322,1762500,25674800,9382118100,128234088100,3410.4767,3422.0398,3319.2889,3407.9638
145744000,3407.5929,2615600,33419700,9384733700,128267507800,3410.4767,3422.0398,3319.2889,3407.9638
145749000,3407.9429,3242500,31637800,9387976200,128299145600,3410.4767,3422.0398,3319.2889,3407.9638
145754000,3408.0979,2440600,35507800,9390416800,128334653400,3410.4767,3422.0398,3319.2889,3407.9638
145759000,3408.0316,3062200,33026100,9393479000,128367679500,3410.4767,3422.0398,3319.2889,3407.9638
145804000,3408.1651,3963100,43376600,9397442100,128411056100,3410.4767,3422.0398,3319.2889,3407.9638
145809000,3408.0418,2458100,33905900,9399900200,128444962000,3410.4767,3422.0398,3319.2889,3407.9638
145814000,3407.9925,3249800,34162000,9403150000,128479124000,3410.4767,3422.0398,3319.2889,3407.9638
145819000,3407.9952,6227800,60225100,9409377800,128539349100,3410.4767,3422.0398,3319.2889,3407.9638
145824000,3408.1646,2362100,34783700,9411739900,128574132800,3410.4767,3422.0398,3319.2889,3407.9638
145829000,3408.1961,3049500,35982300,9414789400,128610115100,3410.4767,3422.0398,3319.2889,3407.9638
145834000,3408.1595,4059100,44685700,9418848500,128654800800,3410.4767,3422.0398,3319.2889,3407.9638
145839000,3407.8519,3710300,38182700,9422558800,128692983500,3410.4767,3422.0398,3319.2889,3407.9638
145844000,3408.5833,3578000,42776500,9426136800,128735760000,3410.4767,3422.0398,3319.2889,3407.9638
145849000,3408.4607,4056200,40788700,9430193000,128776548700,3410.4767,3422.0398,3319.2889,3407.9638
145854000,3408.6741,3794700,42243400,9433987700,128818792100,3410.4767,3422.0398,3319.2889,3407.9638
145859000,3408.8139,4224600,48005700,9438212300,128866797800,3410.4767,3422.0398,3319.2889,3407.9638
145904000,3408.6149,3765600,41842100,9441977900,128908639900,3410.4767,3422.0398,3319.2889,3407.9638
145909000,3408.7904,4365900,46024800,9446343800,128954664700,3410.4767,3422.0398,3319.2889,3407.9638
145914000,3408.6468,3069600,39799200,9449413400,128994463900,3410.4767,3422.0398,3319.2889,3407.9638
145919000,3408.2195,5147300,52664100,9454560700,129047128000,3410.4767,3422.0398,3319.2889,3407.9638
145924000,3408.5858,3441400,42682400,9458002100,129089810400,3410.4767,3422.0398,3319.2889,3407.9638
145929000,3408.5565,4233400,44819600,9462235500,129134630000,3410.4767,3422.0398,3319.2889,3407.9638
145934000,3408.3433,3326400,42998300,9465561900,129177628300,3410.4767,3422.0398,3319.2889,3407.9638
145939000,3408.7951,3191700,36376500,9468753600,129214004800,3410.4767,3422.0398,3319.2889,3407.9638
145944000,3408.8314,3349300,36486800,9472102900,129250491600,3410.4767,3422.0398,3319.2889,3407.9638
145949000,3408.6994,4368000,46936000,9476470900,129297427600,3410.4767,3422.0398,3319.2889,3407.9638
145954000,3408.727,2493100,31222000,9478964000,129328649600,3410.4767,3422.0398,3319.2889,3407.9638
145959000,3408.4188,4116400,36683100,9483080400,129365332700,3410.4767,3422.0398,3319.2889,3407.9638
150003000,3408.825,40196800,461628800,9523277200,129826961500,3410.4767,3422.0398,3319.2889,3407.9638
150003000,3408.8588,4592100,71057800,9527869300,129898019300,3410.4767,3422.0398,3319.2889,3407.9638
150039000,3409.2801,0,0,9527869300,129898019300,3410.4767,3422.0398,3319.2889,3407.9638
